case index 72 = {
los index, 0
num freq, 2201
num column, 15
Waveln,  combin,  path,  path thermal,  surface,  path multiple,  sing,  grnd,  drct,  total,  irrad,  irrad,  - nat log,  direct,  ToA,  bbody
  [nm],  path trans,  emission,   scat,   emission,   scat,  scat,  rflt,  rflt,   rad,   ref,  @obs,  path trans,  emiss,  irrad,  temp[K]
800, 0.426725, 6.73564e-23, 7.65137e-23, 0, 1.19506e-06, 2.68595e-06, 0, 0, 3.88101e-06, 0.000142746, 1.6856e-08, 0.851616, 0.897668, 0.000334517, 602.13
801, 0.425698, 7.33153e-23, 8.24146e-23, 0, 1.17918e-06, 2.65959e-06, 0, 0, 3.83877e-06, 0.000142236, 1.66607e-08, 0.854026, 0.897534, 0.000334128, 601.284
802, 0.425995, 7.91943e-23, 8.87706e-23, 0, 1.16942e-06, 2.64509e-06, 0, 0, 3.81452e-06, 0.000141919, 1.66299e-08, 0.853327, 0.8974, 0.000333161, 600.532
803, 0.427089, 8.51903e-23, 9.56131e-23, 0, 1.16614e-06, 2.64202e-06, 0, 0, 3.80816e-06, 0.000141701, 1.68752e-08, 0.850763, 0.897266, 0.000331807, 599.876
804, 0.429095, 9.11752e-23, 1.02983e-22, 0, 1.17549e-06, 2.66285e-06, 0, 0, 3.83834e-06, 0.000142044, 1.75927e-08, 0.846077, 0.897134, 0.000331053, 599.413
805, 0.432149, 9.70321e-23, 1.10917e-22, 0, 1.19686e-06, 2.70763e-06, 0, 0, 3.9045e-06, 0.000143067, 1.87028e-08, 0.838984, 0.897, 0.000331068, 599.136
806, 0.434756, 1.03557e-22, 1.19422e-22, 0, 1.21162e-06, 2.74009e-06, 0, 0, 3.9517e-06, 0.000143762, 1.96132e-08, 0.83297, 0.896867, 0.000330678, 598.759
807, 0.435681, 1.11497e-22, 1.28519e-22, 0, 1.20833e-06, 2.7384e-06, 0, 0, 3.94674e-06, 0.000143663, 1.99236e-08, 0.830845, 0.896733, 0.000329749, 598.116
808, 0.435223, 1.20903e-22, 1.38255e-22, 0, 1.19217e-06, 2.71276e-06, 0, 0, 3.90493e-06, 0.000143108, 1.9755e-08, 0.831897, 0.8966, 0.000328824, 597.287
809, 0.433709, 1.31842e-22, 1.48681e-22, 0, 1.16721e-06, 2.67041e-06, 0, 0, 3.83763e-06, 0.000142197, 1.92357e-08, 0.835381, 0.896466, 0.000327878, 596.324
810, 0.43135, 1.4451e-22, 1.59848e-22, 0, 1.1391e-06, 2.62215e-06, 0, 0, 3.76125e-06, 0.000141216, 1.85529e-08, 0.840837, 0.896333, 0.000327402, 595.31
811, 0.427316, 1.60107e-22, 1.71788e-22, 0, 1.10464e-06, 2.56055e-06, 0, 0, 3.6652e-06, 0.000139896, 1.7673e-08, 0.850231, 0.8962, 0.000327396, 594.184
812, 0.419722, 1.81587e-22, 1.84501e-22, 0, 1.05418e-06, 2.46427e-06, 0, 0, 3.51846e-06, 0.000137304, 1.6395e-08, 0.868163, 0.896067, 0.000327135, 592.763
813, 0.406639, 2.12929e-22, 1.97977e-22, 0, 9.84527e-07, 2.32518e-06, 0, 0, 3.30971e-06, 0.000132879, 1.46576e-08, 0.899831, 0.895933, 0.000326766, 590.946
814, 0.390099, 2.53626e-22, 2.12242e-22, 0, 9.06284e-07, 2.16486e-06, 0, 0, 3.07115e-06, 0.000127297, 1.27422e-08, 0.941356, 0.895799, 0.000326296, 588.87
815, 0.373833, 3.02109e-22, 2.27217e-22, 0, 8.36051e-07, 2.01801e-06, 0, 0, 2.85406e-06, 0.000121748, 1.11434e-08, 0.983947, 0.895666, 0.000325653, 586.835
816, 0.361378, 3.53151e-22, 2.43022e-22, 0, 7.86818e-07, 1.9132e-06, 0, 0, 2.70002e-06, 0.000117368, 1.0208e-08, 1.01783, 0.895533, 0.000324792, 585.155
817, 0.35812, 3.89777e-22, 2.60504e-22, 0, 7.68858e-07, 1.87551e-06, 0, 0, 2.64437e-06, 0.000115629, 1.00445e-08, 1.02689, 0.8954, 0.000323036, 584.154
818, 0.363596, 4.08283e-22, 2.8004e-22, 0, 7.75188e-07, 1.89083e-06, 0, 0, 2.66601e-06, 0.000116012, 1.03767e-08, 1.01171, 0.895266, 0.000319554, 583.716
819, 0.374382, 4.15527e-22, 3.01368e-22, 0, 8.04733e-07, 1.95507e-06, 0, 0, 2.75981e-06, 0.000118041, 1.1379e-08, 0.98248, 0.895133, 0.000316103, 583.792
820, 0.389943, 4.08952e-22, 3.24735e-22, 0, 8.65972e-07, 2.08575e-06, 0, 0, 2.95172e-06, 0.000122507, 1.35232e-08, 0.941756, 0.895, 0.000314951, 584.504
821, 0.400157, 4.16314e-22, 3.4946e-22, 0, 9.11307e-07, 2.18246e-06, 0, 0, 3.09377e-06, 0.000125854, 1.5221e-08, 0.915897, 0.894867, 0.000315153, 584.827
822, 0.386062, 4.95654e-22, 3.73781e-22, 0, 8.63041e-07, 2.0798e-06, 0, 0, 2.94284e-06, 0.00012205, 1.39874e-08, 0.951757, 0.894733, 0.00031684, 583.26
823, 0.366957, 5.90003e-22, 3.99458e-22, 0, 7.98152e-07, 1.94217e-06, 0, 0, 2.74032e-06, 0.00011708, 1.22364e-08, 1.00251, 0.8946, 0.000319504, 581.288
824, 0.379933, 5.8519e-22, 4.29972e-22, 0, 8.53318e-07, 2.06256e-06, 0, 0, 2.91588e-06, 0.000121573, 1.40898e-08, 0.967761, 0.894467, 0.000320181, 581.902
825, 0.403969, 5.48733e-22, 4.63463e-22, 0, 9.47961e-07, 2.26697e-06, 0, 0, 3.21493e-06, 0.000129014, 1.71803e-08, 0.906416, 0.894333, 0.000319479, 583.212
826, 0.411148, 5.68734e-22, 4.97686e-22, 0, 9.73654e-07, 2.32425e-06, 0, 0, 3.2979e-06, 0.000131237, 1.81001e-08, 0.888802, 0.894199, 0.00031925, 583.121
827, 0.405968, 6.35457e-22, 5.33114e-22, 0, 9.4902e-07, 2.27423e-06, 0, 0, 3.22325e-06, 0.00012964, 1.74003e-08, 0.90148, 0.894065, 0.000319346, 582.088
828, 0.398054, 7.18851e-22, 5.70613e-22, 0, 9.14361e-07, 2.20188e-06, 0, 0, 3.11624e-06, 0.000127008, 1.64666e-08, 0.921169, 0.893933, 0.00031907, 580.846
829, 0.398047, 7.71753e-22, 6.1168e-22, 0, 9.14233e-07, 2.20225e-06, 0, 0, 3.11648e-06, 0.000126789, 1.68723e-08, 0.921185, 0.8938, 0.000318535, 580.264
830, 0.404745, 7.95515e-22, 6.56544e-22, 0, 9.39975e-07, 2.25844e-06, 0, 0, 3.19842e-06, 0.000128642, 1.81729e-08, 0.904497, 0.893667, 0.000317855, 580.185
831, 0.41085, 8.25216e-22, 7.04301e-22, 0, 9.59384e-07, 2.30138e-06, 0, 0, 3.26076e-06, 0.000129988, 1.92121e-08, 0.889527, 0.893534, 0.000316452, 579.979
832, 0.415051, 8.66342e-22, 7.54975e-22, 0, 9.6618e-07, 2.31578e-06, 0, 0, 3.28196e-06, 0.000129993, 1.99317e-08, 0.879355, 0.893399, 0.000313355, 579.524
833, 0.421446, 8.92681e-22, 8.09448e-22, 0, 9.79253e-07, 2.34461e-06, 0, 0, 3.32386e-06, 0.000130704, 2.09129e-08, 0.864063, 0.893267, 0.000310289, 579.191
834, 0.429804, 9.07653e-22, 8.67865e-22, 0, 1.01097e-06, 2.41544e-06, 0, 0, 3.42641e-06, 0.000133325, 2.25906e-08, 0.844426, 0.893134, 0.000310262, 579.204
835, 0.437025, 9.33184e-22, 9.29946e-22, 0, 1.04677e-06, 2.49468e-06, 0, 0, 3.54144e-06, 0.000136135, 2.45156e-08, 0.827765, 0.893001, 0.000311552, 579.269
836, 0.441465, 9.77522e-22, 9.95876e-22, 0, 1.06753e-06, 2.54111e-06, 0, 0, 3.60865e-06, 0.000137597, 2.59043e-08, 0.817657, 0.892868, 0.00031173, 579.058
837, 0.444932, 1.02964e-21, 1.06613e-21, 0, 1.07953e-06, 2.56839e-06, 0, 0, 3.64792e-06, 0.000138248, 2.69676e-08, 0.809835, 0.892733, 0.000310724, 578.694
838, 0.44842, 1.08417e-21, 1.14109e-21, 0, 1.08676e-06, 2.58502e-06, 0, 0, 3.67178e-06, 0.000138383, 2.78822e-08, 0.802025, 0.892599, 0.000308536, 578.246
839, 0.451577, 1.14438e-21, 1.22109e-21, 0, 1.09448e-06, 2.60233e-06, 0, 0, 3.69681e-06, 0.000138498, 2.89169e-08, 0.795009, 0.892467, 0.000306587, 577.805
840, 0.453515, 1.21714e-21, 1.30641e-21, 0, 1.10282e-06, 2.62289e-06, 0, 0, 3.72571e-06, 0.000139133, 2.9894e-08, 0.790726, 0.892334, 0.000306734, 577.385
841, 0.454542, 1.30029e-21, 1.39737e-21, 0, 1.10457e-06, 2.62984e-06, 0, 0, 3.73441e-06, 0.000139387, 3.05855e-08, 0.788464, 0.892201, 0.000306686, 576.859
842, 0.456254, 1.38334e-21, 1.49444e-21, 0, 1.10852e-06, 2.63978e-06, 0, 0, 3.7483e-06, 0.000139391, 3.1545e-08, 0.784705, 0.892067, 0.000305564, 576.362
843, 0.458035, 1.47179e-21, 1.59802e-21, 0, 1.11153e-06, 2.64752e-06, 0, 0, 3.75906e-06, 0.000139241, 3.2457e-08, 0.78081, 0.891933, 0.000304026, 575.849
844, 0.459365, 1.56914e-21, 1.70845e-21, 0, 1.11275e-06, 2.65272e-06, 0, 0, 3.76547e-06, 0.000139177, 3.32344e-08, 0.77791, 0.8918, 0.000302978, 575.315
845, 0.461107, 1.66881e-21, 1.82625e-21, 0, 1.12443e-06, 2.68126e-06, 0, 0, 3.80569e-06, 0.000140065, 3.45359e-08, 0.774126, 0.891666, 0.000303751, 574.955
846, 0.462702, 1.77649e-21, 1.95182e-21, 0, 1.12974e-06, 2.69512e-06, 0, 0, 3.82485e-06, 0.000140266, 3.56316e-08, 0.770671, 0.891533, 0.000303158, 574.488
847, 0.463641, 1.8975e-21, 2.0856e-21, 0, 1.12443e-06, 2.68668e-06, 0, 0, 3.81111e-06, 0.000139719, 3.61704e-08, 0.768644, 0.8914, 0.000301373, 573.854
848, 0.464012, 2.03228e-21, 2.22809e-21, 0, 1.11742e-06, 2.6768e-06, 0, 0, 3.79421e-06, 0.000139463, 3.6436e-08, 0.767846, 0.891265, 0.000300581, 573.206
849, 0.464258, 2.17723e-21, 2.37988e-21, 0, 1.09111e-06, 2.62113e-06, 0, 0, 3.71224e-06, 0.000136895, 3.6023e-08, 0.767314, 0.891119, 0.000294906, 572.222
850, 0.464498, 2.33253e-21, 2.54154e-21, 0, 1.05866e-06, 2.5508e-06, 0, 0, 3.60946e-06, 0.000133551, 3.54262e-08, 0.766798, 0.890938, 0.000287572, 571.121
851, 0.464515, 2.50127e-21, 2.71363e-21, 0, 1.06137e-06, 2.56584e-06, 0, 0, 3.62721e-06, 0.000134772, 3.59523e-08, 0.766762, 0.890706, 0.000290185, 570.658
852, 0.464969, 2.6747e-21, 2.89696e-21, 0, 1.07438e-06, 2.60351e-06, 0, 0, 3.67789e-06, 0.000136903, 3.69453e-08, 0.765784, 0.890439, 0.000294467, 570.368
853, 0.465988, 2.85214e-21, 3.09223e-21, 0, 1.04298e-06, 2.53051e-06, 0, 0, 3.5735e-06, 0.000132876, 3.6546e-08, 0.763595, 0.89016, 0.000285178, 569.259
854, 0.466894, 3.04359e-21, 3.30003e-21, 0, 9.78803e-07, 2.37737e-06, 0, 0, 3.35617e-06, 0.000124684, 3.49389e-08, 0.761652, 0.88988, 0.000267055, 567.503
855, 0.467857, 3.2463e-21, 3.52121e-21, 0, 9.8431e-07, 2.39265e-06, 0, 0, 3.37696e-06, 0.000125278, 3.58569e-08, 0.759594, 0.8896, 0.00026773, 567.068
856, 0.468922, 3.46042e-21, 3.75674e-21, 0, 1.05708e-06, 2.57051e-06, 0, 0, 3.62759e-06, 0.000134311, 3.92487e-08, 0.757319, 0.88932, 0.000286384, 567.888
857, 0.469849, 3.69113e-21, 4.00738e-21, 0, 1.10381e-06, 2.68539e-06, 0, 0, 3.7892e-06, 0.000140104, 4.16619e-08, 0.755344, 0.889039, 0.000298178, 568.174
858, 0.470715, 3.93774e-21, 4.27392e-21, 0, 1.11421e-06, 2.71187e-06, 0, 0, 3.82608e-06, 0.00014129, 4.27474e-08, 0.753501, 0.888759, 0.000300162, 567.81
859, 0.471608, 4.1998e-21, 4.55747e-21, 0, 1.10917e-06, 2.70026e-06, 0, 0, 3.80943e-06, 0.000140458, 4.3276e-08, 0.751607, 0.88848, 0.000297836, 567.177
860, 0.472466, 4.47963e-21, 4.85917e-21, 0, 1.10177e-06, 2.6828e-06, 0, 0, 3.78457e-06, 0.000139335, 4.37009e-08, 0.74979, 0.8882, 0.000294918, 566.504
861, 0.473252, 4.77914e-21, 5.18008e-21, 0, 1.10365e-06, 2.68837e-06, 0, 0, 3.79202e-06, 0.000139458, 4.44691e-08, 0.748126, 0.88792, 0.000294682, 565.995
862, 0.473956, 5.09991e-21, 5.52124e-21, 0, 1.11124e-06, 2.70846e-06, 0, 0, 3.81971e-06, 0.000140398, 4.54369e-08, 0.746641, 0.88764, 0.000296225, 565.589
863, 0.474644, 5.44179e-21, 5.88383e-21, 0, 1.11563e-06, 2.72063e-06, 0, 0, 3.83625e-06, 0.000140934, 4.62698e-08, 0.74519, 0.88736, 0.000296925, 565.127
864, 0.475355, 5.8054e-21, 6.2693e-21, 0, 1.10739e-06, 2.70162e-06, 0, 0, 3.80901e-06, 0.000139835, 4.65771e-08, 0.743694, 0.88708, 0.000294178, 564.448
865, 0.476036, 6.19322e-21, 6.67907e-21, 0, 1.06548e-06, 2.60066e-06, 0, 0, 3.66614e-06, 0.000134522, 4.54175e-08, 0.742262, 0.8868, 0.000282615, 563.176
866, 0.476672, 6.60689e-21, 7.11448e-21, 0, 1.00009e-06, 2.44287e-06, 0, 0, 3.44296e-06, 0.00012631, 4.32248e-08, 0.740926, 0.88652, 0.000265004, 561.441
867, 0.477293, 7.04737e-21, 7.57713e-21, 0, 9.92993e-07, 2.42778e-06, 0, 0, 3.42077e-06, 0.000125487, 4.35658e-08, 0.739625, 0.886239, 0.000262902, 560.781
868, 0.477899, 7.51615e-21, 8.06867e-21, 0, 1.0424e-06, 2.55116e-06, 0, 0, 3.59356e-06, 0.000131839, 4.63759e-08, 0.738356, 0.88596, 0.000275853, 561.178
869, 0.478481, 8.01514e-21, 8.59073e-21, 0, 1.0762e-06, 2.63704e-06, 0, 0, 3.71324e-06, 0.000136285, 4.85288e-08, 0.737139, 0.885679, 0.000284818, 561.265
870, 0.479058, 8.54623e-21, 9.1453e-21, 0, 1.09472e-06, 2.68565e-06, 0, 0, 3.78037e-06, 0.000138813, 5.00405e-08, 0.735933, 0.885401, 0.000289755, 561.07
871, 0.479647, 9.11102e-21, 9.7344e-21, 0, 1.10641e-06, 2.71723e-06, 0, 0, 3.82364e-06, 0.000140448, 5.12576e-08, 0.734705, 0.885119, 0.000292812, 560.751
872, 0.480237, 9.7117e-21, 1.03598e-20, 0, 1.10861e-06, 2.72539e-06, 0, 0, 3.834e-06, 0.000140865, 5.20484e-08, 0.733475, 0.884839, 0.000293323, 560.269
873, 0.480801, 1.03517e-20, 1.10231e-20, 0, 1.1044e-06, 2.71807e-06, 0, 0, 3.82247e-06, 0.000140502, 5.25338e-08, 0.732302, 0.884562, 0.000292227, 559.679
874, 0.481333, 1.10334e-20, 1.17273e-20, 0, 1.09261e-06, 2.69256e-06, 0, 0, 3.78517e-06, 0.000139226, 5.2648e-08, 0.731196, 0.884296, 0.000289256, 558.961
875, 0.481852, 1.17584e-20, 1.24753e-20, 0, 1.07692e-06, 2.65767e-06, 0, 0, 3.73459e-06, 0.00013748, 5.25758e-08, 0.730118, 0.884067, 0.000285321, 558.175
876, 0.482343, 1.25307e-20, 1.32699e-20, 0, 1.07211e-06, 2.64992e-06, 0, 0, 3.72203e-06, 0.000137163, 5.30274e-08, 0.7291, 0.883896, 0.000284368, 557.583
877, 0.482762, 1.3357e-20, 1.41134e-20, 0, 1.07562e-06, 2.66312e-06, 0, 0, 3.73873e-06, 0.000137979, 5.38475e-08, 0.728231, 0.883763, 0.000285813, 557.139
878, 0.483092, 1.42417e-20, 1.50079e-20, 0, 1.07753e-06, 2.67299e-06, 0, 0, 3.75052e-06, 0.000138686, 5.45459e-08, 0.727549, 0.88364, 0.000287083, 556.672
879, 0.483447, 1.51782e-20, 1.59563e-20, 0, 1.07476e-06, 2.6715e-06, 0, 0, 3.74626e-06, 0.000138805, 5.50439e-08, 0.726814, 0.88352, 0.000287121, 556.125
880, 0.483757, 1.61757e-20, 1.69605e-20, 0, 1.05896e-06, 2.63832e-06, 0, 0, 3.69729e-06, 0.000137336, 5.48775e-08, 0.726174, 0.883401, 0.000283907, 555.352
881, 0.483885, 1.72495e-20, 1.80247e-20, 0, 1.04363e-06, 2.60793e-06, 0, 0, 3.65156e-06, 0.000136168, 5.46738e-08, 0.725908, 0.88328, 0.000281421, 554.594
882, 0.483975, 1.83902e-20, 1.91549e-20, 0, 1.04529e-06, 2.62072e-06, 0, 0, 3.66601e-06, 0.000137301, 5.53791e-08, 0.725721, 0.883161, 0.000283699, 554.146
883, 0.484291, 1.958e-20, 2.03544e-20, 0, 1.04792e-06, 2.63444e-06, 0, 0, 3.68236e-06, 0.000138307, 5.62672e-08, 0.72507, 0.88304, 0.000285577, 553.709
884, 0.48473, 2.08431e-20, 2.16255e-20, 0, 1.04345e-06, 2.62791e-06, 0, 0, 3.67136e-06, 0.000138086, 5.67969e-08, 0.724163, 0.882921, 0.000284851, 553.133
885, 0.484716, 2.22506e-20, 2.29718e-20, 0, 1.03285e-06, 2.60644e-06, 0, 0, 3.63928e-06, 0.0001373, 5.66987e-08, 0.724193, 0.882801, 0.000283247, 552.449
886, 0.484317, 2.37832e-20, 2.43976e-20, 0, 1.01528e-06, 2.56999e-06, 0, 0, 3.58527e-06, 0.000136017, 5.607e-08, 0.725015, 0.882679, 0.000280853, 551.651
887, 0.484373, 2.53459e-20, 2.59081e-20, 0, 1.0084e-06, 2.55958e-06, 0, 0, 3.56797e-06, 0.000135845, 5.63598e-08, 0.7249, 0.88256, 0.00028047, 551.044
888, 0.484865, 2.69581e-20, 2.75095e-20, 0, 1.0157e-06, 2.58174e-06, 0, 0, 3.59745e-06, 0.000137037, 5.75929e-08, 0.723885, 0.88244, 0.000282635, 550.683
889, 0.485609, 2.86381e-20, 2.92058e-20, 0, 1.0219e-06, 2.5997e-06, 0, 0, 3.6216e-06, 0.000137894, 5.86942e-08, 0.722352, 0.88232, 0.000283961, 550.294
890, 0.485962, 3.04926e-20, 3.10023e-20, 0, 1.01963e-06, 2.59797e-06, 0, 0, 3.6176e-06, 0.000137952, 5.90851e-08, 0.721626, 0.8822, 0.000283875, 549.76
891, 0.485129, 3.27073e-20, 3.29082e-20, 0, 1.00808e-06, 2.57539e-06, 0, 0, 3.58348e-06, 0.000137354, 5.85724e-08, 0.723341, 0.88208, 0.00028313, 549.071
892, 0.48148, 3.56992e-20, 3.49326e-20, 0, 9.79992e-07, 2.51645e-06, 0, 0, 3.49644e-06, 0.000135801, 5.62614e-08, 0.730891, 0.88196, 0.00028206, 548.102
893, 0.474096, 3.98431e-20, 3.70828e-20, 0, 9.35738e-07, 2.4222e-06, 0, 0, 3.35794e-06, 0.000133373, 5.22062e-08, 0.746346, 0.88184, 0.000281349, 546.841
894, 0.462795, 4.56418e-20, 3.93563e-20, 0, 8.81988e-07, 2.30516e-06, 0, 0, 3.18715e-06, 0.000130092, 4.74199e-08, 0.77047, 0.88172, 0.000281135, 545.367
895, 0.444727, 5.45504e-20, 4.17362e-20, 0, 8.112e-07, 2.14576e-06, 0, 0, 2.95696e-06, 0.000124959, 4.13054e-08, 0.810295, 0.8816, 0.000281003, 543.48
896, 0.422509, 6.62185e-20, 4.42027e-20, 0, 7.34376e-07, 1.96875e-06, 0, 0, 2.70313e-06, 0.000118662, 3.48507e-08, 0.861545, 0.881481, 0.000280842, 541.333
897, 0.404677, 7.79403e-20, 4.67488e-20, 0, 6.7693e-07, 1.83383e-06, 0, 0, 2.51075e-06, 0.000113496, 3.04595e-08, 0.904665, 0.88136, 0.00028042, 539.488
898, 0.389211, 9.08904e-20, 4.93398e-20, 0, 6.31048e-07, 1.72211e-06, 0, 0, 2.35316e-06, 0.000108804, 2.77306e-08, 0.943635, 0.881237, 0.000279513, 537.815
899, 0.373674, 1.04763e-19, 5.20789e-20, 0, 5.82948e-07, 1.60329e-06, 0, 0, 2.18623e-06, 0.000103584, 2.50104e-08, 0.984373, 0.881104, 0.000277336, 535.994
900, 0.371705, 1.11713e-19, 5.5205e-20, 0, 5.61875e-07, 1.55375e-06, 0, 0, 2.11563e-06, 0.000101492, 2.34254e-08, 0.989654, 0.880932, 0.000273516, 534.909
901, 0.379397, 1.14151e-19, 5.85955e-20, 0, 5.61627e-07, 1.55819e-06, 0, 0, 2.11981e-06, 0.000102131, 2.28605e-08, 0.969172, 0.880705, 0.000269796, 534.45
902, 0.391835, 1.14517e-19, 6.21315e-20, 0, 5.86839e-07, 1.62471e-06, 0, 0, 2.21155e-06, 0.000105451, 2.47302e-08, 0.936914, 0.880438, 0.000269431, 534.715
903, 0.414567, 1.07624e-19, 6.6085e-20, 0, 6.62113e-07, 1.81006e-06, 0, 0, 2.47217e-06, 0.000113099, 3.1567e-08, 0.880522, 0.880159, 0.000272738, 536.225
904, 0.438676, 9.88097e-20, 7.03738e-20, 0, 7.45784e-07, 2.01209e-06, 0, 0, 2.75787e-06, 0.000120709, 3.97643e-08, 0.823995, 0.87988, 0.000275097, 537.712
905, 0.445063, 1.01279e-19, 7.46823e-20, 0, 7.64106e-07, 2.05683e-06, 0, 0, 2.82094e-06, 0.000122222, 4.19711e-08, 0.809539, 0.8796, 0.000274532, 537.629
906, 0.43015, 1.18713e-19, 7.89686e-20, 0, 7.06165e-07, 1.91952e-06, 0, 0, 2.62568e-06, 0.000117149, 3.69277e-08, 0.843621, 0.87932, 0.000272243, 535.835
907, 0.405177, 1.44841e-19, 8.33548e-20, 0, 6.19779e-07, 1.71227e-06, 0, 0, 2.33205e-06, 0.000109405, 2.9566e-08, 0.90343, 0.87904, 0.000270271, 533.21
908, 0.389255, 1.65275e-19, 8.81583e-20, 0, 5.65248e-07, 1.57879e-06, 0, 0, 2.14404e-06, 0.00010394, 2.55661e-08, 0.943521, 0.878761, 0.000267845, 531.22
909, 0.387121, 1.75076e-19, 9.35155e-20, 0, 5.4879e-07, 1.53839e-06, 0, 0, 2.08718e-06, 0.000102092, 2.47624e-08, 0.949017, 0.87848, 0.000264774, 530.256
910, 0.391097, 1.8042e-19, 9.92469e-20, 0, 5.57642e-07, 1.56244e-06, 0, 0, 2.12008e-06, 0.00010336, 2.59967e-08, 0.938798, 0.8782, 0.000265019, 530.049
911, 0.398068, 1.84859e-19, 1.05157e-19, 0, 5.82152e-07, 1.6264e-06, 0, 0, 2.20856e-06, 0.000106561, 2.85615e-08, 0.921131, 0.87792, 0.000268163, 530.291
912, 0.398667, 1.96626e-19, 1.11254e-19, 0, 5.83441e-07, 1.63446e-06, 0, 0, 2.21789e-06, 0.000107721, 2.87579e-08, 0.91963, 0.87764, 0.00027054, 529.883
913, 0.387814, 2.19264e-19, 1.17697e-19, 0, 5.49275e-07, 1.55484e-06, 0, 0, 2.10412e-06, 0.000105286, 2.56871e-08, 0.947229, 0.87736, 0.000271625, 528.465
914, 0.383971, 2.35006e-19, 1.24595e-19, 0, 5.32776e-07, 1.51805e-06, 0, 0, 2.05083e-06, 0.00010425, 2.41426e-08, 0.957188, 0.87708, 0.000271554, 527.53
915, 0.386822, 2.45466e-19, 1.31905e-19, 0, 5.34657e-07, 1.52555e-06, 0, 0, 2.0602e-06, 0.000104743, 2.4389e-08, 0.949791, 0.876799, 0.00027083, 527.13
916, 0.3888, 2.57369e-19, 1.39597e-19, 0, 5.3496e-07, 1.52891e-06, 0, 0, 2.06387e-06, 0.00010505, 2.469e-08, 0.944691, 0.87652, 0.000270249, 526.683
917, 0.393518, 2.66727e-19, 1.47747e-19, 0, 5.42108e-07, 1.5504e-06, 0, 0, 2.0925e-06, 0.000106239, 2.54924e-08, 0.932629, 0.87624, 0.000270003, 526.448
918, 0.401921, 2.72326e-19, 1.56288e-19, 0, 5.6851e-07, 1.61631e-06, 0, 0, 2.18482e-06, 0.000108361, 2.86264e-08, 0.9115, 0.87596, 0.000269638, 526.734
919, 0.422942, 2.62e-19, 1.65243e-19, 0, 6.40784e-07, 1.79136e-06, 0, 0, 2.43215e-06, 0.000113754, 3.70117e-08, 0.860519, 0.875679, 0.000268974, 528.161
920, 0.443394, 2.50939e-19, 1.74686e-19, 0, 7.06953e-07, 1.95115e-06, 0, 0, 2.6581e-06, 0.000118722, 4.51046e-08, 0.813296, 0.8754, 0.000267587, 529.27
921, 0.45062, 2.55309e-19, 1.84751e-19, 0, 7.19036e-07, 1.98036e-06, 0, 0, 2.69939e-06, 0.000119417, 4.72939e-08, 0.79713, 0.875119, 0.000264526, 529.069
922, 0.450196, 2.70225e-19, 1.95389e-19, 0, 6.98588e-07, 1.92976e-06, 0, 0, 2.62835e-06, 0.000117135, 4.59719e-08, 0.798073, 0.874841, 0.00025979, 528.115
923, 0.448066, 2.88221e-19, 2.06651e-19, 0, 6.68282e-07, 1.85845e-06, 0, 0, 2.52674e-06, 0.00011479, 4.29848e-08, 0.802815, 0.874563, 0.000256187, 526.936
924, 0.442365, 3.12728e-19, 2.18575e-19, 0, 6.36429e-07, 1.78854e-06, 0, 0, 2.42497e-06, 0.000113559, 3.90039e-08, 0.81562, 0.874299, 0.000256923, 525.732
925, 0.44077, 3.33436e-19, 2.3096e-19, 0, 6.28451e-07, 1.77565e-06, 0, 0, 2.4041e-06, 0.000113944, 3.79188e-08, 0.819232, 0.874079, 0.000258803, 525.106
926, 0.44261, 3.51981e-19, 2.43904e-19, 0, 6.3241e-07, 1.79048e-06, 0, 0, 2.42288e-06, 0.00011487, 3.84339e-08, 0.815066, 0.873926, 0.000259889, 524.772
927, 0.430703, 4.02251e-19, 2.57642e-19, 0, 6.00415e-07, 1.71671e-06, 0, 0, 2.31713e-06, 0.000112772, 3.49557e-08, 0.842337, 0.873816, 0.000262121, 523.513
928, 0.397882, 5.04899e-19, 2.72039e-19, 0, 5.13094e-07, 1.5021e-06, 0, 0, 2.01519e-06, 0.000104954, 2.58753e-08, 0.9216, 0.87372, 0.000263891, 520.592
929, 0.358487, 6.44481e-19, 2.85823e-19, 0, 4.18277e-07, 1.26128e-06, 0, 0, 1.67955e-06, 9.47062e-05, 1.69889e-08, 1.02586, 0.873627, 0.000264161, 516.962
930, 0.316824, 8.36019e-19, 2.96193e-19, 0, 3.36908e-07, 1.04407e-06, 0, 0, 1.38098e-06, 8.36024e-05, 1.09554e-08, 1.14941, 0.873533, 0.000263805, 513.146
931, 0.26878, 1.09747e-18, 3.0203e-19, 0, 2.55402e-07, 8.17209e-07, 0, 0, 1.07261e-06, 7.08084e-05, 6.36318e-09, 1.31386, 0.873439, 0.000263343, 508.423
932, 0.218833, 1.38763e-18, 3.07676e-19, 0, 1.77786e-07, 5.94428e-07, 0, 0, 7.72213e-07, 5.75493e-05, 2.97765e-09, 1.51945, 0.873347, 0.000262867, 502.534
933, 0.177911, 1.65661e-18, 3.15696e-19, 0, 1.21649e-07, 4.27206e-07, 0, 0, 5.48856e-07, 4.66996e-05, 1.1794e-09, 1.72647, 0.873253, 0.000262386, 496.563
934, 0.15507, 1.88567e-18, 3.23571e-19, 0, 9.59104e-08, 3.4679e-07, 0, 0, 4.427e-07, 4.06147e-05, 5.97369e-10, 1.86388, 0.87316, 0.000261873, 492.706
935, 0.157047, 2.00193e-18, 3.37811e-19, 0, 9.72697e-08, 3.51724e-07, 0, 0, 4.48993e-07, 4.10344e-05, 5.50149e-10, 1.85121, 0.873067, 0.000261297, 492.486
936, 0.163532, 2.05701e-18, 3.61363e-19, 0, 9.91968e-08, 3.60712e-07, 0, 0, 4.59909e-07, 4.26478e-05, 5.10497e-10, 1.81074, 0.872972, 0.000260751, 492.422
937, 0.163596, 2.12771e-18, 3.87981e-19, 0, 9.63585e-08, 3.52691e-07, 0, 0, 4.4905e-07, 4.25909e-05, 5.57562e-10, 1.81036, 0.872879, 0.000260336, 491.605
938, 0.185492, 2.07816e-18, 4.19818e-19, 0, 1.23189e-07, 4.343e-07, 0, 0, 5.57489e-07, 4.81585e-05, 1.50498e-09, 1.68474, 0.872786, 0.000259829, 494.59
939, 0.239512, 1.82312e-18, 4.62e-19, 0, 1.86714e-07, 6.29659e-07, 0, 0, 8.16373e-07, 6.18034e-05, 3.46771e-09, 1.42915, 0.872693, 0.00025857, 500.303
940, 0.276881, 1.64727e-18, 5.03836e-19, 0, 2.20683e-07, 7.38405e-07, 0, 0, 9.59088e-07, 7.03887e-05, 4.26333e-09, 1.28417, 0.8726, 0.000255097, 502.502
941, 0.274756, 1.75305e-18, 5.31818e-19, 0, 2.03418e-07, 6.91464e-07, 0, 0, 8.94883e-07, 6.82434e-05, 3.30269e-09, 1.29187, 0.872506, 0.000249814, 500.915
942, 0.256574, 2.05611e-18, 5.45336e-19, 0, 1.80359e-07, 6.21275e-07, 0, 0, 8.01633e-07, 6.29482e-05, 2.47716e-09, 1.36034, 0.872414, 0.000247155, 498.673
943, 0.233457, 2.4419e-18, 5.54746e-19, 0, 1.62736e-07, 5.62679e-07, 0, 0, 7.25416e-07, 5.73187e-05, 2.20764e-09, 1.45476, 0.87232, 0.000247325, 496.61
944, 0.219022, 2.71332e-18, 5.77912e-19, 0, 1.53821e-07, 5.31893e-07, 0, 0, 6.85714e-07, 5.41228e-05, 2.25356e-09, 1.51858, 0.872226, 0.00024857, 495.262
945, 0.219255, 2.81389e-18, 6.17463e-19, 0, 1.55652e-07, 5.39656e-07, 0, 0, 6.95308e-07, 5.51239e-05, 2.33041e-09, 1.51752, 0.872134, 0.000251983, 495.047
946, 0.223785, 2.87766e-18, 6.61005e-19, 0, 1.58531e-07, 5.52257e-07, 0, 0, 7.10788e-07, 5.6889e-05, 2.30415e-09, 1.49707, 0.87204, 0.000254495, 494.963
947, 0.232355, 2.91694e-18, 7.05832e-19, 0, 1.68451e-07, 5.83391e-07, 0, 0, 7.51842e-07, 5.91551e-05, 2.74353e-09, 1.45949, 0.871947, 0.000254886, 495.431
948, 0.242991, 2.99033e-18, 7.4566e-19, 0, 1.84728e-07, 6.31192e-07, 0, 0, 8.1592e-07, 6.18806e-05, 3.67401e-09, 1.41473, 0.871854, 0.000254815, 496.317
949, 0.246793, 3.171e-18, 7.7926e-19, 0, 1.92749e-07, 6.5317e-07, 0, 0, 8.4592e-07, 6.28148e-05, 4.41749e-09, 1.3992, 0.87176, 0.00025456, 496.466
950, 0.249619, 3.32916e-18, 8.19227e-19, 0, 1.96687e-07, 6.64639e-07, 0, 0, 8.61326e-07, 6.34028e-05, 4.81755e-09, 1.38782, 0.871666, 0.000254047, 496.322
951, 0.261561, 3.3358e-18, 8.74396e-19, 0, 2.07427e-07, 7.00342e-07, 0, 0, 9.07769e-07, 6.62885e-05, 5.17759e-09, 1.34109, 0.871573, 0.000253472, 496.741
952, 0.25852, 3.51538e-18, 9.27589e-19, 0, 1.99132e-07, 6.77737e-07, 0, 0, 8.76869e-07, 6.53102e-05, 4.78716e-09, 1.35278, 0.87148, 0.000252629, 495.741
953, 0.261409, 3.65085e-18, 9.81319e-19, 0, 2.01735e-07, 6.85556e-07, 0, 0, 8.87291e-07, 6.54742e-05, 5.05116e-09, 1.34167, 0.871387, 0.000250467, 495.498
954, 0.276876, 3.67804e-18, 1.03824e-18, 0, 2.20419e-07, 7.41371e-07, 0, 0, 9.61791e-07, 6.83474e-05, 6.01962e-09, 1.28418, 0.871293, 0.000246394, 496.378
955, 0.278111, 3.88701e-18, 1.09343e-18, 0, 2.23947e-07, 7.49708e-07, 0, 0, 9.73655e-07, 6.8077e-05, 6.68348e-09, 1.27973, 0.8712, 0.000244158, 496.144
956, 0.278397, 4.08785e-18, 1.15408e-18, 0, 2.3448e-07, 7.76457e-07, 0, 0, 1.01094e-06, 6.87218e-05, 8.42445e-09, 1.27871, 0.871107, 0.000246554, 496.325
957, 0.293902, 4.07625e-18, 1.22294e-18, 0, 2.66512e-07, 8.66958e-07, 0, 0, 1.13347e-06, 7.33008e-05, 1.16277e-08, 1.22451, 0.871014, 0.000249303, 497.77
958, 0.304767, 4.11777e-18, 1.2966e-18, 0, 2.84028e-07, 9.17825e-07, 0, 0, 1.20185e-06, 7.61838e-05, 1.32531e-08, 1.18821, 0.870921, 0.00024998, 498.303
959, 0.296808, 4.39713e-18, 1.3716e-18, 0, 2.63933e-07, 8.63213e-07, 0, 0, 1.12715e-06, 7.39742e-05, 1.15354e-08, 1.21467, 0.870827, 0.000249417, 496.812
960, 0.302679, 4.46675e-18, 1.45192e-18, 0, 2.64921e-07, 8.69168e-07, 0, 0, 1.13409e-06, 7.50222e-05, 1.18053e-08, 1.19508, 0.870733, 0.000248276, 496.481
961, 0.32443, 4.36631e-18, 1.5328e-18, 0, 3.00151e-07, 9.70076e-07, 0, 0, 1.27023e-06, 8.01173e-05, 1.54075e-08, 1.12568, 0.870641, 0.000247051, 497.92
962, 0.337182, 4.42812e-18, 1.61295e-18, 0, 3.25257e-07, 1.03999e-06, 0, 0, 1.36525e-06, 8.31005e-05, 1.84171e-08, 1.08713, 0.870546, 0.000245996, 498.685
963, 0.346158, 4.51021e-18, 1.69873e-18, 0, 3.44914e-07, 1.09337e-06, 0, 0, 1.43828e-06, 8.53183e-05, 2.13779e-08, 1.06086, 0.870453, 0.000246002, 499.121
964, 0.355123, 4.58414e-18, 1.78988e-18, 0, 3.62074e-07, 1.1414e-06, 0, 0, 1.50347e-06, 8.74954e-05, 2.35838e-08, 1.03529, 0.87036, 0.000246353, 499.43
965, 0.362602, 4.64607e-18, 1.88799e-18, 0, 3.64039e-07, 1.15214e-06, 0, 0, 1.51618e-06, 8.88587e-05, 2.3205e-08, 1.01445, 0.870268, 0.000245469, 499.139
966, 0.372353, 4.66183e-18, 1.99039e-18, 0, 3.74051e-07, 1.1818e-06, 0, 0, 1.55585e-06, 9.07952e-05, 2.53711e-08, 0.987912, 0.870173, 0.000244447, 499.141
967, 0.395779, 4.47463e-18, 2.09067e-18, 0, 4.35142e-07, 1.3416e-06, 0, 0, 1.77675e-06, 9.66296e-05, 3.69484e-08, 0.926899, 0.870081, 0.000244436, 500.94
968, 0.431465, 4.04032e-18, 2.19491e-18, 0, 5.24428e-07, 1.57853e-06, 0, 0, 2.10296e-06, 0.000105541, 5.22243e-08, 0.840568, 0.869986, 0.000244464, 503.367
969, 0.455293, 3.77192e-18, 2.30839e-18, 0, 5.77262e-07, 1.72193e-06, 0, 0, 2.29919e-06, 0.000111355, 6.10078e-08, 0.786814, 0.869894, 0.000244342, 504.46
970, 0.463648, 3.81608e-18, 2.42626e-18, 0, 5.9897e-07, 1.77991e-06, 0, 0, 2.37888e-06, 0.000113376, 6.56692e-08, 0.768629, 0.8698, 0.000244433, 504.612
971, 0.464556, 4.04582e-18, 2.54771e-18, 0, 6.06557e-07, 1.79917e-06, 0, 0, 2.40573e-06, 0.000113581, 6.81665e-08, 0.766672, 0.869707, 0.000244478, 504.374
972, 0.457812, 4.4343e-18, 2.67935e-18, 0, 5.87261e-07, 1.75037e-06, 0, 0, 2.33763e-06, 0.000111766, 6.49955e-08, 0.781297, 0.869615, 0.000244112, 503.451
973, 0.441985, 5.04571e-18, 2.81982e-18, 0, 5.39572e-07, 1.6276e-06, 0, 0, 2.16717e-06, 0.000107533, 5.66017e-08, 0.81648, 0.86952, 0.000243269, 501.729
974, 0.427168, 5.73159e-18, 2.95931e-18, 0, 4.96701e-07, 1.51682e-06, 0, 0, 2.01352e-06, 0.00010357, 4.92322e-08, 0.850578, 0.869427, 0.000242472, 500.053
975, 0.422578, 6.20895e-18, 3.10303e-18, 0, 4.82056e-07, 1.48102e-06, 0, 0, 1.96308e-06, 0.000102393, 4.67737e-08, 0.861381, 0.869334, 0.000242338, 499.199
976, 0.427837, 6.33026e-18, 3.26349e-18, 0, 4.94237e-07, 1.51435e-06, 0, 0, 2.00859e-06, 0.00010369, 5.02274e-08, 0.849014, 0.869239, 0.000242382, 499.161
977, 0.443615, 6.11006e-18, 3.43359e-18, 0, 5.34215e-07, 1.61974e-06, 0, 0, 2.15395e-06, 0.0001074, 5.94922e-08, 0.812797, 0.869146, 0.000242121, 499.919
978, 0.454784, 6.10327e-18, 3.606e-18, 0, 5.60665e-07, 1.69138e-06, 0, 0, 2.25205e-06, 0.00010991, 6.51548e-08, 0.787932, 0.869053, 0.000241684, 500.251
979, 0.456584, 6.40969e-18, 3.78456e-18, 0, 5.64144e-07, 1.70239e-06, 0, 0, 2.26654e-06, 0.000110133, 6.64709e-08, 0.783982, 0.868961, 0.000241219, 499.936
980, 0.464322, 6.47223e-18, 3.97094e-18, 0, 5.85411e-07, 1.75781e-06, 0, 0, 2.34322e-06, 0.000111798, 7.2822e-08, 0.767176, 0.868867, 0.000240795, 500.079
981, 0.480583, 6.20136e-18, 4.16497e-18, 0, 6.27206e-07, 1.86691e-06, 0, 0, 2.49412e-06, 0.000115516, 8.40076e-08, 0.732754, 0.868773, 0.00024038, 500.721
982, 0.491665, 6.11245e-18, 4.36931e-18, 0, 6.55051e-07, 1.94006e-06, 0, 0, 2.59511e-06, 0.000117943, 9.21083e-08, 0.709957, 0.86868, 0.000239874, 500.977
983, 0.497192, 6.24186e-18, 4.58275e-18, 0, 6.72334e-07, 1.98449e-06, 0, 0, 2.65682e-06, 0.000118992, 9.83709e-08, 0.698778, 0.868586, 0.000239291, 500.957
984, 0.504081, 6.31849e-18, 4.80442e-18, 0, 6.92297e-07, 2.0366e-06, 0, 0, 2.7289e-06, 0.000120403, 1.05077e-07, 0.685017, 0.868494, 0.000238821, 500.994
985, 0.511145, 6.37861e-18, 5.03521e-18, 0, 7.11477e-07, 2.08721e-06, 0, 0, 2.79868e-06, 0.000121875, 1.11724e-07, 0.671102, 0.868399, 0.000238429, 501.006
986, 0.518928, 6.41356e-18, 5.27484e-18, 0, 7.36165e-07, 2.15042e-06, 0, 0, 2.88659e-06, 0.000123523, 1.20733e-07, 0.65599, 0.868307, 0.000238042, 501.117
987, 0.523629, 6.56875e-18, 5.52908e-18, 0, 7.50697e-07, 2.18817e-06, 0, 0, 2.93887e-06, 0.000124482, 1.27065e-07, 0.646971, 0.868214, 0.000237734, 501.005
988, 0.526389, 6.80138e-18, 5.79622e-18, 0, 7.58774e-07, 2.21003e-06, 0, 0, 2.9688e-06, 0.00012496, 1.31616e-07, 0.641715, 0.86812, 0.000237393, 500.76
989, 0.529157, 7.04367e-18, 6.07506e-18, 0, 7.65417e-07, 2.22916e-06, 0, 0, 2.99457e-06, 0.000125396, 1.35431e-07, 0.636469, 0.868026, 0.000236975, 500.489
990, 0.530359, 7.35904e-18, 6.36902e-18, 0, 7.64534e-07, 2.23002e-06, 0, 0, 2.99455e-06, 0.00012542, 1.36996e-07, 0.634201, 0.867933, 0.000236484, 500.07
991, 0.531874, 7.67427e-18, 6.67637e-18, 0, 7.67389e-07, 2.23855e-06, 0, 0, 3.00594e-06, 0.000125455, 1.40435e-07, 0.631348, 0.86784, 0.000235877, 499.718
992, 0.533219, 8.01751e-18, 6.99878e-18, 0, 7.70118e-07, 2.24591e-06, 0, 0, 3.01603e-06, 0.000125409, 1.43672e-07, 0.628822, 0.867746, 0.000235194, 499.358
993, 0.534133, 8.39343e-18, 7.33672e-18, 0, 7.70952e-07, 2.24868e-06, 0, 0, 3.01963e-06, 0.000125312, 1.45988e-07, 0.627111, 0.867653, 0.000234611, 498.962
994, 0.536184, 8.72721e-18, 7.68842e-18, 0, 7.7882e-07, 2.26856e-06, 0, 0, 3.04739e-06, 0.00012562, 1.50897e-07, 0.623278, 0.86756, 0.000234287, 498.704
995, 0.53817, 9.08092e-18, 8.05734e-18, 0, 7.85762e-07, 2.28602e-06, 0, 0, 3.07178e-06, 0.000125835, 1.5558e-07, 0.619581, 0.867467, 0.000233822, 498.426
996, 0.539187, 9.50099e-18, 8.44525e-18, 0, 7.86106e-07, 2.28704e-06, 0, 0, 3.07314e-06, 0.000125614, 1.5794e-07, 0.617692, 0.867374, 0.000232972, 498.02
997, 0.539712, 9.96667e-18, 8.85166e-18, 0, 7.83906e-07, 2.28183e-06, 0, 0, 3.06573e-06, 0.000125289, 1.59283e-07, 0.61672, 0.86728, 0.00023214, 497.565
998, 0.53995, 1.04706e-17, 9.27712e-18, 0, 7.78389e-07, 2.26797e-06, 0, 0, 3.04636e-06, 0.000124648, 1.59571e-07, 0.616279, 0.867188, 0.000230843, 497.043
999, 0.539992, 1.101e-17, 9.72296e-18, 0, 7.71489e-07, 2.25122e-06, 0, 0, 3.02271e-06, 0.000123969, 1.59281e-07, 0.6162, 0.867099, 0.00022955, 496.498
1000, 0.539916, 1.15842e-17, 1.01904e-17, 0, 7.69409e-07, 2.24909e-06, 0, 0, 3.0185e-06, 0.000124156, 1.59914e-07, 0.616341, 0.867022, 0.000229928, 496.063
1001, 0.539128, 1.22374e-17, 1.06806e-17, 0, 7.65792e-07, 2.24437e-06, 0, 0, 3.01016e-06, 0.000124548, 1.59571e-07, 0.617802, 0.866966, 0.000231006, 495.606
1002, 0.53832, 1.2917e-17, 1.11922e-17, 0, 7.58584e-07, 2.22948e-06, 0, 0, 2.98807e-06, 0.000124417, 1.58383e-07, 0.619303, 0.866921, 0.000231121, 495.071
1003, 0.539562, 1.34759e-17, 1.17209e-17, 0, 7.57749e-07, 2.22741e-06, 0, 0, 2.98516e-06, 0.000123982, 1.60627e-07, 0.616997, 0.86688, 0.000229791, 494.646
1004, 0.541301, 1.40287e-17, 1.2272e-17, 0, 7.52687e-07, 2.21136e-06, 0, 0, 2.96405e-06, 0.000122515, 1.625e-07, 0.613779, 0.86684, 0.000226348, 494.117
1005, 0.542305, 1.46616e-17, 1.28499e-17, 0, 7.43678e-07, 2.18595e-06, 0, 0, 2.92963e-06, 0.000120897, 1.62826e-07, 0.611926, 0.866801, 0.000222943, 493.511
1006, 0.543074, 1.53402e-17, 1.34545e-17, 0, 7.48596e-07, 2.2021e-06, 0, 0, 2.9507e-06, 0.000121691, 1.66027e-07, 0.610509, 0.86676, 0.00022408, 493.227
1007, 0.543289, 1.6102e-17, 1.40889e-17, 0, 7.57869e-07, 2.23269e-06, 0, 0, 2.99056e-06, 0.00012357, 1.6951e-07, 0.610114, 0.866719, 0.000227447, 493.05
1008, 0.542445, 1.69992e-17, 1.47564e-17, 0, 7.55187e-07, 2.23139e-06, 0, 0, 2.98657e-06, 0.000124247, 1.69064e-07, 0.611668, 0.86668, 0.00022905, 492.623
1009, 0.541413, 1.79513e-17, 1.54536e-17, 0, 7.46521e-07, 2.21331e-06, 0, 0, 2.95983e-06, 0.00012413, 1.66984e-07, 0.613574, 0.86664, 0.00022927, 492.066
1010, 0.542159, 1.87651e-17, 1.61741e-17, 0, 7.46604e-07, 2.21559e-06, 0, 0, 2.9622e-06, 0.000124187, 1.69014e-07, 0.612195, 0.866601, 0.000229062, 491.676
1011, 0.544185, 1.949e-17, 1.69228e-17, 0, 7.53602e-07, 2.23387e-06, 0, 0, 2.98747e-06, 0.000124396, 1.7432e-07, 0.608467, 0.86656, 0.000228595, 491.418
1012, 0.545561, 2.03171e-17, 1.77084e-17, 0, 7.56571e-07, 2.2419e-06, 0, 0, 2.99848e-06, 0.000124355, 1.78054e-07, 0.605941, 0.86652, 0.000227944, 491.079
1013, 0.546526, 2.1222e-17, 1.85296e-17, 0, 7.58181e-07, 2.24735e-06, 0, 0, 3.00553e-06, 0.000124401, 1.80944e-07, 0.604173, 0.86648, 0.000227624, 490.717
1014, 0.547141, 2.22102e-17, 1.93874e-17, 0, 7.58905e-07, 2.25161e-06, 0, 0, 3.01051e-06, 0.000124601, 1.8305e-07, 0.603049, 0.866441, 0.000227733, 490.345
1015, 0.547484, 2.32732e-17, 2.02842e-17, 0, 7.57799e-07, 2.25109e-06, 0, 0, 3.00889e-06, 0.000124669, 1.84483e-07, 0.602422, 0.866401, 0.000227713, 489.936
1016, 0.548075, 2.43513e-17, 2.12197e-17, 0, 7.57628e-07, 2.25233e-06, 0, 0, 3.00996e-06, 0.000124672, 1.86561e-07, 0.601344, 0.86636, 0.000227473, 489.543
1017, 0.548675, 2.54792e-17, 2.2195e-17, 0, 7.57135e-07, 2.25274e-06, 0, 0, 3.00988e-06, 0.000124638, 1.88487e-07, 0.600249, 0.86632, 0.000227162, 489.145
1018, 0.548951, 2.67055e-17, 2.32136e-17, 0, 7.54767e-07, 2.24849e-06, 0, 0, 3.00326e-06, 0.000124529, 1.89594e-07, 0.599746, 0.86628, 0.000226848, 488.71
1019, 0.548888, 2.80348e-17, 2.42823e-17, 0, 7.50384e-07, 2.23944e-06, 0, 0, 2.98983e-06, 0.000124356, 1.89772e-07, 0.599861, 0.86624, 0.000226561, 488.238
1020, 0.549345, 2.93363e-17, 2.53995e-17, 0, 7.48612e-07, 2.2369e-06, 0, 0, 2.98551e-06, 0.000124272, 1.9119e-07, 0.599028, 0.8662, 0.00022622, 487.817
1021, 0.550176, 3.06414e-17, 2.6563e-17, 0, 7.48384e-07, 2.23779e-06, 0, 0, 2.98617e-06, 0.000124167, 1.93452e-07, 0.597518, 0.866159, 0.000225688, 487.426
1022, 0.550362, 3.21215e-17, 2.77743e-17, 0, 7.4471e-07, 2.23005e-06, 0, 0, 2.97476e-06, 0.000123917, 1.94069e-07, 0.597179, 0.86612, 0.000225157, 486.967
1023, 0.54995, 3.37755e-17, 2.9039e-17, 0, 7.39044e-07, 2.21811e-06, 0, 0, 2.95715e-06, 0.00012375, 1.93398e-07, 0.597928, 0.866081, 0.000225023, 486.473
1024, 0.55018, 3.53687e-17, 3.03606e-17, 0, 7.37313e-07, 2.21611e-06, 0, 0, 2.95343e-06, 0.000123796, 1.94635e-07, 0.597511, 0.86604, 0.00022501, 486.059
1025, 0.551511, 3.6815e-17, 3.17282e-17, 0, 7.41137e-07, 2.22737e-06, 0, 0, 2.96851e-06, 0.000123989, 1.98844e-07, 0.595093, 0.866, 0.000224817, 485.753
1026, 0.55248, 3.84085e-17, 3.3145e-17, 0, 7.42461e-07, 2.23233e-06, 0, 0, 2.97479e-06, 0.000124039, 2.01835e-07, 0.593338, 0.865959, 0.000224513, 485.397
1027, 0.55277, 4.02148e-17, 3.46395e-17, 0, 7.39435e-07, 2.22632e-06, 0, 0, 2.96575e-06, 0.000123839, 2.02753e-07, 0.592813, 0.86592, 0.000224036, 484.955
1028, 0.55318, 4.20636e-17, 3.62272e-17, 0, 7.35588e-07, 2.21746e-06, 0, 0, 2.95305e-06, 0.000123414, 2.03672e-07, 0.592071, 0.86588, 0.000223104, 484.493
1029, 0.554022, 4.38865e-17, 3.78767e-17, 0, 7.34138e-07, 2.21438e-06, 0, 0, 2.94852e-06, 0.000123074, 2.05952e-07, 0.590551, 0.86584, 0.000222151, 484.077
1030, 0.554857, 4.57903e-17, 3.95544e-17, 0, 7.36168e-07, 2.22171e-06, 0, 0, 2.95788e-06, 0.000123309, 2.09262e-07, 0.589045, 0.8658, 0.000222237, 483.742
1031, 0.555418, 4.78455e-17, 4.12966e-17, 0, 7.37914e-07, 2.22909e-06, 0, 0, 2.96701e-06, 0.000123701, 2.12069e-07, 0.588035, 0.86576, 0.000222717, 483.406
1032, 0.55592, 4.99996e-17, 4.31284e-17, 0, 7.37758e-07, 2.23093e-06, 0, 0, 2.96868e-06, 0.00012382, 2.14278e-07, 0.58713, 0.86572, 0.000222729, 483.028
1033, 0.556451, 5.22379e-17, 4.50396e-17, 0, 7.36912e-07, 2.23052e-06, 0, 0, 2.96744e-06, 0.0001238, 2.16357e-07, 0.586176, 0.86568, 0.000222482, 482.634
1034, 0.556932, 5.45854e-17, 4.70318e-17, 0, 7.35508e-07, 2.22876e-06, 0, 0, 2.96427e-06, 0.000123742, 2.18201e-07, 0.585313, 0.86564, 0.000222186, 482.23
1035, 0.557336, 5.7053e-17, 4.91031e-17, 0, 7.32973e-07, 2.22428e-06, 0, 0, 2.95726e-06, 0.000123593, 2.19631e-07, 0.584588, 0.8656, 0.000221758, 481.806
1036, 0.557609, 5.96579e-17, 5.12633e-17, 0, 7.27481e-07, 2.21203e-06, 0, 0, 2.93952e-06, 0.000123116, 2.2006e-07, 0.584097, 0.86556, 0.000220795, 481.321
1037, 0.557865, 6.23795e-17, 5.35245e-17, 0, 7.20663e-07, 2.19588e-06, 0, 0, 2.91654e-06, 0.000122438, 2.20071e-07, 0.583639, 0.86552, 0.000219478, 480.806
1038, 0.558209, 6.52056e-17, 5.58809e-17, 0, 7.18804e-07, 2.19337e-06, 0, 0, 2.91217e-06, 0.000122432, 2.21557e-07, 0.583023, 0.86548, 0.000219331, 480.398
1039, 0.558576, 6.8152e-17, 5.83231e-17, 0, 7.20316e-07, 2.20061e-06, 0, 0, 2.92093e-06, 0.000122944, 2.24043e-07, 0.582365, 0.86544, 0.000220103, 480.066
1040, 0.558899, 7.1238e-17, 6.08699e-17, 0, 7.19775e-07, 2.20193e-06, 0, 0, 2.9217e-06, 0.000123161, 2.25847e-07, 0.581786, 0.8654, 0.000220364, 479.689
1041, 0.559199, 7.44673e-17, 6.35436e-17, 0, 7.17661e-07, 2.19839e-06, 0, 0, 2.91605e-06, 0.00012312, 2.27085e-07, 0.58125, 0.86536, 0.000220172, 479.276
1042, 0.55951, 7.78271e-17, 6.63297e-17, 0, 7.15351e-07, 2.1941e-06, 0, 0, 2.90945e-06, 0.000123031, 2.28293e-07, 0.580693, 0.865319, 0.00021989, 478.858
1043, 0.559823, 8.13237e-17, 6.92052e-17, 0, 7.12756e-07, 2.18912e-06, 0, 0, 2.90188e-06, 0.000122918, 2.29479e-07, 0.580135, 0.86528, 0.000219566, 478.435
1044, 0.560079, 8.49873e-17, 7.21767e-17, 0, 7.08671e-07, 2.18017e-06, 0, 0, 2.88884e-06, 0.000122634, 2.30145e-07, 0.579678, 0.86524, 0.000218958, 477.982
1045, 0.560266, 8.88318e-17, 7.52716e-17, 0, 7.01912e-07, 2.16353e-06, 0, 0, 2.86544e-06, 0.000121974, 2.29852e-07, 0.579343, 0.8652, 0.000217708, 477.469
1046, 0.560421, 9.28513e-17, 7.8507e-17, 0, 6.95669e-07, 2.14867e-06, 0, 0, 2.84434e-06, 0.000121449, 2.29688e-07, 0.579067, 0.86516, 0.00021671, 476.969
1047, 0.560524, 9.70614e-17, 8.18879e-17, 0, 6.935e-07, 2.14678e-06, 0, 0, 2.84028e-06, 0.000121712, 2.30811e-07, 0.578884, 0.86512, 0.000217139, 476.569
1048, 0.560463, 1.01496e-16, 8.54171e-17, 0, 6.90411e-07, 2.14367e-06, 0, 0, 2.83408e-06, 0.000122074, 2.31571e-07, 0.578992, 0.86508, 0.000217809, 476.157
1049, 0.560224, 1.06171e-16, 8.91019e-17, 0, 6.8339e-07, 2.13024e-06, 0, 0, 2.81363e-06, 0.000122042, 2.30967e-07, 0.579419, 0.86504, 0.000217846, 475.662
1050, 0.560045, 1.11052e-16, 9.29464e-17, 0, 6.76486e-07, 2.11585e-06, 0, 0, 2.79233e-06, 0.000121869, 2.30234e-07, 0.579738, 0.865, 0.000217606, 475.163
1051, 0.559942, 1.16161e-16, 9.69517e-17, 0, 6.70798e-07, 2.10339e-06, 0, 0, 2.77418e-06, 0.00012169, 2.29642e-07, 0.579923, 0.864961, 0.000217327, 474.681
1052, 0.55968, 1.21561e-16, 1.01124e-16, 0, 6.63789e-07, 2.08771e-06, 0, 0, 2.7515e-06, 0.000121473, 2.28394e-07, 0.58039, 0.86492, 0.000217041, 474.173
1053, 0.559269, 1.2726e-16, 1.05476e-16, 0, 6.55367e-07, 2.06872e-06, 0, 0, 2.72409e-06, 0.00012121, 2.26515e-07, 0.581124, 0.864881, 0.000216729, 473.637
1054, 0.558725, 1.3328e-16, 1.10005e-16, 0, 6.45843e-07, 2.04699e-06, 0, 0, 2.69284e-06, 0.000120906, 2.24065e-07, 0.582097, 0.86484, 0.000216395, 473.076
1055, 0.557989, 1.3966e-16, 1.1471e-16, 0, 6.34905e-07, 2.02185e-06, 0, 0, 2.65675e-06, 0.000120585, 2.20894e-07, 0.583416, 0.864799, 0.000216106, 472.484
1056, 0.55702, 1.46443e-16, 1.19606e-16, 0, 6.22069e-07, 1.99194e-06, 0, 0, 2.614e-06, 0.000120193, 2.16811e-07, 0.585155, 0.86476, 0.000215777, 471.849
1057, 0.555846, 1.53655e-16, 1.24681e-16, 0, 6.06673e-07, 1.95475e-06, 0, 0, 2.56142e-06, 0.000119519, 2.11592e-07, 0.587265, 0.864721, 0.000215018, 471.148
1058, 0.554593, 1.61258e-16, 1.2998e-16, 0, 5.88927e-07, 1.90998e-06, 0, 0, 2.49891e-06, 0.000118403, 2.05439e-07, 0.58952, 0.86468, 0.000213487, 470.378
1059, 0.553525, 1.69097e-16, 1.35522e-16, 0, 5.73349e-07, 1.8708e-06, 0, 0, 2.44415e-06, 0.000117449, 2.00296e-07, 0.591448, 0.86464, 0.000212178, 469.65
1060, 0.552773, 1.77107e-16, 1.41229e-16, 0, 5.63036e-07, 1.84657e-06, 0, 0, 2.40961e-06, 0.000117131, 1.97392e-07, 0.592807, 0.8646, 0.000211893, 469.053
1061, 0.552156, 1.85444e-16, 1.47101e-16, 0, 5.56031e-07, 1.83202e-06, 0, 0, 2.38805e-06, 0.000117262, 1.95742e-07, 0.593924, 0.864561, 0.000212369, 468.542
1062, 0.55143, 1.94261e-16, 1.53221e-16, 0, 5.49849e-07, 1.8207e-06, 0, 0, 2.37055e-06, 0.000117658, 1.94229e-07, 0.59524, 0.86452, 0.000213369, 468.058
1063, 0.550649, 2.03449e-16, 1.59645e-16, 0, 5.41632e-07, 1.80333e-06, 0, 0, 2.34496e-06, 0.000117742, 1.92104e-07, 0.596658, 0.86448, 0.000213824, 467.518
1064, 0.549931, 2.12978e-16, 1.66329e-16, 0, 5.32105e-07, 1.7808e-06, 0, 0, 2.31291e-06, 0.000117445, 1.89607e-07, 0.597962, 0.86444, 0.000213562, 466.933
1065, 0.549462, 2.22787e-16, 1.73211e-16, 0, 5.23076e-07, 1.75758e-06, 0, 0, 2.28066e-06, 0.000116826, 1.87331e-07, 0.598816, 0.8644, 0.00021262, 466.344
1066, 0.549591, 2.32544e-16, 1.80316e-16, 0, 5.17062e-07, 1.74094e-06, 0, 0, 2.258e-06, 0.000116071, 1.86764e-07, 0.59858, 0.86436, 0.000211201, 465.821
1067, 0.550237, 2.42357e-16, 1.87737e-16, 0, 5.15404e-07, 1.73585e-06, 0, 0, 2.25125e-06, 0.000115526, 1.88291e-07, 0.597405, 0.86432, 0.00020997, 465.412
1068, 0.55152, 2.52176e-16, 1.95478e-16, 0, 5.15605e-07, 1.73245e-06, 0, 0, 2.24805e-06, 0.000114389, 1.90923e-07, 0.595077, 0.864281, 0.000207435, 465.028
1069, 0.55354, 2.61955e-16, 2.03484e-16, 0, 5.21553e-07, 1.74201e-06, 0, 0, 2.26357e-06, 0.00011325, 1.96174e-07, 0.591421, 0.86424, 0.000204615, 464.779
1070, 0.556116, 2.71397e-16, 2.11736e-16, 0, 5.40761e-07, 1.79256e-06, 0, 0, 2.33332e-06, 0.000114319, 2.07281e-07, 0.586778, 0.8642, 0.000205565, 464.907
1071, 0.558684, 2.80981e-16, 2.20335e-16, 0, 5.63302e-07, 1.85516e-06, 0, 0, 2.41846e-06, 0.000116285, 2.20036e-07, 0.582172, 0.864161, 0.000208141, 465.124
1072, 0.560459, 2.91999e-16, 2.29341e-16, 0, 5.76894e-07, 1.89098e-06, 0, 0, 2.46787e-06, 0.00011703, 2.28602e-07, 0.578999, 0.86412, 0.000208822, 465.091
1073, 0.56181, 3.04055e-16, 2.38684e-16, 0, 5.85446e-07, 1.91097e-06, 0, 0, 2.49641e-06, 0.000116922, 2.35592e-07, 0.576592, 0.864079, 0.000208133, 464.918
1074, 0.562391, 3.17924e-16, 2.48449e-16, 0, 5.92528e-07, 1.92797e-06, 0, 0, 2.5205e-06, 0.000116937, 2.41726e-07, 0.575558, 0.864041, 0.000207948, 464.715
1075, 0.563391, 3.31061e-16, 2.5861e-16, 0, 5.99844e-07, 1.94669e-06, 0, 0, 2.54654e-06, 0.000117155, 2.4813e-07, 0.573781, 0.864, 0.000207971, 464.523
1076, 0.564664, 3.44095e-16, 2.69159e-16, 0, 6.07811e-07, 1.96858e-06, 0, 0, 2.57639e-06, 0.000117705, 2.54886e-07, 0.571524, 0.86396, 0.000208467, 464.354
1077, 0.563643, 3.62319e-16, 2.80228e-16, 0, 6.06507e-07, 1.96565e-06, 0, 0, 2.57216e-06, 0.000117726, 2.552e-07, 0.573334, 0.86392, 0.000208881, 463.972
1078, 0.56397, 3.77994e-16, 2.9148e-16, 0, 6.04895e-07, 1.96006e-06, 0, 0, 2.56495e-06, 0.000117173, 2.56655e-07, 0.572754, 0.86388, 0.000207794, 463.571
1079, 0.565265, 3.92771e-16, 3.03108e-16, 0, 6.07241e-07, 1.96539e-06, 0, 0, 2.57263e-06, 0.00011683, 2.61017e-07, 0.57046, 0.86384, 0.0002067, 463.264
1080, 0.563428, 4.15558e-16, 3.15583e-16, 0, 6.0294e-07, 1.95462e-06, 0, 0, 2.55756e-06, 0.000116572, 2.59503e-07, 0.573715, 0.8638, 0.000206834, 462.815
1081, 0.562804, 4.35129e-16, 3.28316e-16, 0, 5.99426e-07, 1.94548e-06, 0, 0, 2.5449e-06, 0.000116234, 2.59436e-07, 0.574824, 0.86376, 0.000206345, 462.381
1082, 0.564709, 4.49535e-16, 3.41172e-16, 0, 6.02106e-07, 1.95201e-06, 0, 0, 2.55412e-06, 0.000116017, 2.65095e-07, 0.571445, 0.863721, 0.000205294, 462.086
1083, 0.563245, 4.74478e-16, 3.55044e-16, 0, 5.94799e-07, 1.93194e-06, 0, 0, 2.52674e-06, 0.000115346, 2.62615e-07, 0.57404, 0.86368, 0.000204785, 461.561
1084, 0.560056, 5.04643e-16, 3.69723e-16, 0, 5.82393e-07, 1.9006e-06, 0, 0, 2.483e-06, 0.000114886, 2.54471e-07, 0.579718, 0.86364, 0.000205198, 460.929
1085, 0.556377, 5.39852e-16, 3.84822e-16, 0, 5.73021e-07, 1.87728e-06, 0, 0, 2.4503e-06, 0.000114537, 2.4884e-07, 0.586309, 0.863599, 0.000205916, 460.366
1086, 0.55111, 5.82161e-16, 4.0061e-16, 0, 5.60512e-07, 1.84225e-06, 0, 0, 2.40276e-06, 0.000113374, 2.42975e-07, 0.595821, 0.86356, 0.000205763, 459.703
1087, 0.553971, 5.95409e-16, 4.16215e-16, 0, 5.63469e-07, 1.8503e-06, 0, 0, 2.41377e-06, 0.000113325, 2.49065e-07, 0.590644, 0.863521, 0.000204607, 459.427
1088, 0.560088, 5.97905e-16, 4.32207e-16, 0, 5.7493e-07, 1.88468e-06, 0, 0, 2.4596e-06, 0.000114503, 2.5988e-07, 0.579662, 0.86348, 0.00020445, 459.378
1089, 0.558051, 6.31794e-16, 4.49942e-16, 0, 5.6847e-07, 1.86974e-06, 0, 0, 2.43821e-06, 0.000114562, 2.56449e-07, 0.583305, 0.863441, 0.000205305, 458.89
1090, 0.554037, 6.75502e-16, 4.68429e-16, 0, 5.58935e-07, 1.84485e-06, 0, 0, 2.40379e-06, 0.000113983, 2.51491e-07, 0.590524, 0.8634, 0.000205746, 458.315
1091, 0.554486, 7.05962e-16, 4.86636e-16, 0, 5.61335e-07, 1.85167e-06, 0, 0, 2.413e-06, 0.000113807, 2.56782e-07, 0.589713, 0.86336, 0.00020526, 458.029
1092, 0.550575, 7.57421e-16, 5.06097e-16, 0, 5.47582e-07, 1.81108e-06, 0, 0, 2.35866e-06, 0.000112034, 2.50881e-07, 0.596792, 0.86332, 0.000203518, 457.321
1093, 0.54497, 8.11602e-16, 5.27099e-16, 0, 5.16919e-07, 1.72217e-06, 0, 0, 2.23909e-06, 0.000108784, 2.321e-07, 0.607025, 0.86328, 0.000199782, 456.151
1094, 0.543776, 8.4553e-16, 5.48729e-16, 0, 4.941e-07, 1.65764e-06, 0, 0, 2.15174e-06, 0.000106617, 2.17422e-07, 0.609218, 0.86324, 0.00019634, 455.178
1095, 0.539127, 9.00928e-16, 5.71785e-16, 0, 4.80289e-07, 1.62215e-06, 0, 0, 2.10244e-06, 0.000106234, 2.07543e-07, 0.617803, 0.8632, 0.000197251, 454.47
1096, 0.536823, 9.48912e-16, 5.95206e-16, 0, 4.82686e-07, 1.6328e-06, 0, 0, 2.11548e-06, 0.000107305, 2.10419e-07, 0.622087, 0.86316, 0.000199936, 454.224
1097, 0.536535, 9.90188e-16, 6.18954e-16, 0, 4.83458e-07, 1.6369e-06, 0, 0, 2.12035e-06, 0.000107896, 2.13197e-07, 0.622623, 0.86312, 0.000201168, 453.918
1098, 0.526407, 1.08764e-15, 6.44786e-16, 0, 4.53601e-07, 1.55308e-06, 0, 0, 2.00668e-06, 0.00010596, 1.92039e-07, 0.64168, 0.863083, 0.000201477, 452.713
1099, 0.511084, 1.22417e-15, 6.72076e-16, 0, 4.16537e-07, 1.44892e-06, 0, 0, 1.86546e-06, 0.000103346, 1.64569e-07, 0.671222, 0.863059, 0.000202398, 451.234
1100, 0.501442, 1.3348e-15, 6.9949e-16, 0, 3.99184e-07, 1.39967e-06, 0, 0, 1.79886e-06, 0.000101971, 1.53597e-07, 0.690267, 0.863085, 0.000203415, 450.33
1101, 0.497763, 1.41253e-15, 7.27333e-16, 0, 3.9379e-07, 1.38359e-06, 0, 0, 1.77738e-06, 0.000101309, 1.52517e-07, 0.697631, 0.86318, 0.000203485, 449.805
1102, 0.492471, 1.50758e-15, 7.5627e-16, 0, 3.80813e-07, 1.34674e-06, 0, 0, 1.72755e-06, 0.000100046, 1.44051e-07, 0.708319, 0.863323, 0.000203035, 449.028
1103, 0.489246, 1.59777e-15, 7.85484e-16, 0, 3.73081e-07, 1.32623e-06, 0, 0, 1.69932e-06, 9.92756e-05, 1.38368e-07, 0.71489, 0.86348, 0.000202807, 448.437
1104, 0.486446, 1.69159e-15, 8.15999e-16, 0, 3.6982e-07, 1.31684e-06, 0, 0, 1.68666e-06, 9.86736e-05, 1.38139e-07, 0.72063, 0.86364, 0.0002028, 447.985
1105, 0.478638, 1.82453e-15, 8.48954e-16, 0, 3.54068e-07, 1.26978e-06, 0, 0, 1.62385e-06, 9.70057e-05, 1.30102e-07, 0.736811, 0.8638, 0.000202657, 447.066
1106, 0.470727, 1.96418e-15, 8.8286e-16, 0, 3.36463e-07, 1.21738e-06, 0, 0, 1.55385e-06, 9.52745e-05, 1.20704e-07, 0.753477, 0.86396, 0.000202396, 446.056
1107, 0.469128, 2.06871e-15, 9.16148e-16, 0, 3.33866e-07, 1.20994e-06, 0, 0, 1.5438e-06, 9.48188e-05, 1.20815e-07, 0.75688, 0.86412, 0.000202116, 445.623
1108, 0.462813, 2.23438e-15, 9.51176e-16, 0, 3.24367e-07, 1.18225e-06, 0, 0, 1.50662e-06, 9.34134e-05, 1.14436e-07, 0.770432, 0.86428, 0.000201833, 444.918
1109, 0.458823, 2.40558e-15, 9.8447e-16, 0, 3.18903e-07, 1.168e-06, 0, 0, 1.4869e-06, 9.24713e-05, 1.09697e-07, 0.779091, 0.86444, 0.000201542, 444.385
1110, 0.453591, 2.65227e-15, 1.01426e-15, 0, 3.1698e-07, 1.16192e-06, 0, 0, 1.4789e-06, 9.12829e-05, 1.0921e-07, 0.79056, 0.8646, 0.000201241, 443.971
1111, 0.435623, 3.04562e-15, 1.04669e-15, 0, 2.96478e-07, 1.09556e-06, 0, 0, 1.39204e-06, 8.75401e-05, 9.89107e-08, 0.830979, 0.864759, 0.000200947, 442.722
1112, 0.408869, 3.52879e-15, 1.08511e-15, 0, 2.62741e-07, 9.84756e-07, 0, 0, 1.2475e-06, 8.20584e-05, 8.28883e-08, 0.89436, 0.86492, 0.000200674, 440.74
1113, 0.365925, 4.25529e-15, 1.12409e-15, 0, 2.10621e-07, 8.10923e-07, 0, 0, 1.02154e-06, 7.33454e-05, 5.89712e-08, 1.00533, 0.865081, 0.000200404, 437.433
1114, 0.333647, 4.92506e-15, 1.1555e-15, 0, 1.71054e-07, 6.79253e-07, 0, 0, 8.50307e-07, 6.67788e-05, 4.04195e-08, 1.09767, 0.86524, 0.000200124, 434.409
1115, 0.297531, 5.85038e-15, 1.17008e-15, 0, 1.36722e-07, 5.59449e-07, 0, 0, 6.96172e-07, 5.94753e-05, 2.69029e-08, 1.21224, 0.8654, 0.00019984, 431.184
1116, 0.23925, 7.27872e-15, 1.1706e-15, 0, 9.30132e-08, 3.9908e-07, 0, 0, 4.92094e-07, 4.7761e-05, 1.31149e-08, 1.43024, 0.86556, 0.000199557, 425.924
1117, 0.210705, 8.15584e-15, 1.18976e-15, 0, 7.27333e-08, 3.23636e-07, 0, 0, 3.9637e-07, 4.19891e-05, 7.37943e-09, 1.5573, 0.86572, 0.000199272, 422.585
1118, 0.212496, 8.40551e-15, 1.23571e-15, 0, 7.01781e-08, 3.16447e-07, 0, 0, 3.86626e-07, 4.22856e-05, 6.36625e-09, 1.54883, 0.86588, 0.000198983, 421.924
1119, 0.197891, 9.00581e-15, 1.27557e-15, 0, 5.76929e-08, 2.69783e-07, 0, 0, 3.27476e-07, 3.93276e-05, 3.79452e-09, 1.62004, 0.86604, 0.000198691, 419.326
1120, 0.188309, 9.5074e-15, 1.31936e-15, 0, 4.74792e-08, 2.32564e-07, 0, 0, 2.80043e-07, 3.73652e-05, 1.61027e-09, 1.66967, 0.866201, 0.00019841, 416.885
1121, 0.180495, 1.02244e-14, 1.33886e-15, 0, 4.29631e-08, 2.14513e-07, 0, 0, 2.57476e-07, 3.57705e-05, 9.56523e-10, 1.71205, 0.86636, 0.000198137, 415.44
1122, 0.151889, 1.16796e-14, 1.31638e-15, 0, 3.4124e-08, 1.73293e-07, 0, 0, 2.07417e-07, 3.00613e-05, 6.02765e-10, 1.88461, 0.866519, 0.000197854, 412.245
1123, 0.146019, 1.22998e-14, 1.35166e-15, 0, 3.17352e-08, 1.62909e-07, 0, 0, 1.94644e-07, 2.88463e-05, 4.75355e-10, 1.92402, 0.866679, 0.000197462, 411.096
1124, 0.161755, 1.2129e-14, 1.44713e-15, 0, 3.55268e-08, 1.8175e-07, 0, 0, 2.17276e-07, 3.19117e-05, 6.07133e-10, 1.82167, 0.86684, 0.000196456, 412.245
1125, 0.152039, 1.28661e-14, 1.49655e-15, 0, 3.2237e-08, 1.66099e-07, 0, 0, 1.98336e-07, 2.99582e-05, 5.86147e-10, 1.88362, 0.866999, 0.000194545, 410.731
1126, 0.138955, 1.36657e-14, 1.55039e-15, 0, 2.75521e-08, 1.44442e-07, 0, 0, 1.71994e-07, 2.73326e-05, 4.27117e-10, 1.97361, 0.86716, 0.000193723, 408.554
1127, 0.143299, 1.37632e-14, 1.65588e-15, 0, 2.71333e-08, 1.44172e-07, 0, 0, 1.71305e-07, 2.81469e-05, 3.35202e-10, 1.94282, 0.867321, 0.000194886, 408.197
1128, 0.140409, 1.42549e-14, 1.73123e-15, 0, 2.46677e-08, 1.33877e-07, 0, 0, 1.58545e-07, 2.75422e-05, 2.70361e-10, 1.96319, 0.86748, 0.000195653, 406.886
1129, 0.14469, 1.46074e-14, 1.80251e-15, 0, 2.72496e-08, 1.43917e-07, 0, 0, 1.71167e-07, 2.83208e-05, 8.20885e-10, 1.93316, 0.86764, 0.000195498, 407.579
1130, 0.190683, 1.34442e-14, 1.93785e-15, 0, 4.80719e-08, 2.33032e-07, 0, 0, 2.81104e-07, 3.72425e-05, 3.12121e-09, 1.65714, 0.867799, 0.000195274, 413.843
1131, 0.258888, 1.14067e-14, 2.11356e-15, 0, 7.60334e-08, 3.55204e-07, 0, 0, 4.31238e-07, 5.05182e-05, 6.0192e-09, 1.35136, 0.867959, 0.00019509, 419.371
1132, 0.262583, 1.18918e-14, 2.18266e-15, 0, 7.52783e-08, 3.54357e-07, 0, 0, 4.29635e-07, 5.11979e-05, 5.65996e-09, 1.33719, 0.86812, 0.000194594, 419.01
1133, 0.189076, 1.59078e-14, 2.06612e-15, 0, 4.66854e-08, 2.28839e-07, 0, 0, 2.75524e-07, 3.68036e-05, 2.6324e-09, 1.66561, 0.868281, 0.000193876, 412.656
1134, 0.113408, 2.0651e-14, 1.86249e-15, 0, 2.24891e-08, 1.17504e-07, 0, 0, 1.39993e-07, 2.20244e-05, 6.94658e-10, 2.17677, 0.86844, 0.000193714, 403.473
1135, 0.109379, 2.17045e-14, 1.88191e-15, 0, 2.13884e-08, 1.12178e-07, 0, 0, 1.33567e-07, 2.12092e-05, 7.02651e-10, 2.21293, 0.8686, 0.000193934, 402.572
1136, 0.182304, 1.81798e-14, 2.22058e-15, 0, 4.38681e-08, 2.16518e-07, 0, 0, 2.60387e-07, 3.53129e-05, 2.58948e-09, 1.70208, 0.86876, 0.000193794, 410.989
1137, 0.262628, 1.44569e-14, 2.55668e-15, 0, 7.32573e-08, 3.47264e-07, 0, 0, 4.20522e-07, 5.08006e-05, 5.9879e-09, 1.33702, 0.86892, 0.000193042, 417.176
1138, 0.300847, 1.32815e-14, 2.72201e-15, 0, 9.46122e-08, 4.33147e-07, 0, 0, 5.2776e-07, 5.80376e-05, 1.08283e-08, 1.20115, 0.869079, 0.000191815, 420.015
1139, 0.316032, 1.33539e-14, 2.81762e-15, 0, 1.09348e-07, 4.86963e-07, 0, 0, 5.96311e-07, 6.06862e-05, 1.57128e-08, 1.15191, 0.86924, 0.000190976, 421.418
1140, 0.305477, 1.44911e-14, 2.89505e-15, 0, 1.0251e-07, 4.60151e-07, 0, 0, 5.62661e-07, 5.83087e-05, 1.38159e-08, 1.18588, 0.8694, 0.000190476, 420.295
1141, 0.283993, 1.59263e-14, 2.98085e-15, 0, 8.42779e-08, 3.91903e-07, 0, 0, 4.76181e-07, 5.40582e-05, 8.30502e-09, 1.25881, 0.86956, 0.000190387, 417.667
1142, 0.288421, 1.60429e-14, 3.12154e-15, 0, 8.36226e-08, 3.92433e-07, 0, 0, 4.76056e-07, 5.51196e-05, 7.51373e-09, 1.24333, 0.869721, 0.000191162, 417.358
1143, 0.282437, 1.70568e-14, 3.22278e-15, 0, 8.39138e-08, 3.90997e-07, 0, 0, 4.74911e-07, 5.41532e-05, 8.55816e-09, 1.2643, 0.86988, 0.000191748, 417.02
1144, 0.229302, 2.08744e-14, 3.21944e-15, 0, 6.09928e-08, 2.91981e-07, 0, 0, 3.52974e-07, 4.39844e-05, 5.72769e-09, 1.47272, 0.87004, 0.000191772, 412.658
1145, 0.180953, 2.43962e-14, 3.24257e-15, 0, 3.69614e-08, 1.91169e-07, 0, 0, 2.2813e-07, 3.46721e-05, 1.95217e-09, 1.70952, 0.8702, 0.000191565, 406.534
1146, 0.164264, 2.63131e-14, 3.3237e-15, 0, 3.06164e-08, 1.62972e-07, 0, 0, 1.93589e-07, 3.14257e-05, 1.28086e-09, 1.80628, 0.870359, 0.000191306, 404.09
1147, 0.181626, 2.63588e-14, 3.45142e-15, 0, 4.39475e-08, 2.15183e-07, 0, 0, 2.59131e-07, 3.46853e-05, 4.47237e-09, 1.7058, 0.87052, 0.000191038, 407.621
1148, 0.232794, 2.4094e-14, 3.66901e-15, 0, 6.98276e-08, 3.23624e-07, 0, 0, 3.93452e-07, 4.43957e-05, 9.25029e-09, 1.4576, 0.870679, 0.000190769, 412.928
1149, 0.254922, 2.3536e-14, 3.85221e-15, 0, 7.77752e-08, 3.60423e-07, 0, 0, 4.38198e-07, 4.85604e-05, 9.63127e-09, 1.3668, 0.870831, 0.000190491, 414.098
1150, 0.254099, 2.43228e-14, 4.00291e-15, 0, 7.34737e-08, 3.46797e-07, 0, 0, 4.20271e-07, 4.83267e-05, 7.66874e-09, 1.37003, 0.87096, 0.000190195, 413.226
1151, 0.26989, 2.41013e-14, 4.17105e-15, 0, 7.80507e-08, 3.69082e-07, 0, 0, 4.47133e-07, 5.12513e-05, 8.45847e-09, 1.30974, 0.871057, 0.000189911, 413.773
1152, 0.279325, 2.45914e-14, 4.29391e-15, 0, 8.30854e-08, 3.89516e-07, 0, 0, 4.72602e-07, 5.29783e-05, 1.0687e-08, 1.27538, 0.871132, 0.000189668, 414.233
1153, 0.281649, 2.51173e-14, 4.47783e-15, 0, 8.5737e-08, 3.98517e-07, 0, 0, 4.84254e-07, 5.33476e-05, 1.29985e-08, 1.26709, 0.871201, 0.000189418, 414.268
1154, 0.291087, 2.48231e-14, 4.72959e-15, 0, 9.18654e-08, 4.22056e-07, 0, 0, 5.13921e-07, 5.50514e-05, 1.63921e-08, 1.23413, 0.871267, 0.000189145, 414.788
1155, 0.319955, 2.36184e-14, 4.93521e-15, 0, 1.10135e-07, 4.94326e-07, 0, 0, 6.04462e-07, 6.04201e-05, 2.41359e-08, 1.13958, 0.871333, 0.000188878, 416.739
1156, 0.357366, 2.18838e-14, 5.13187e-15, 0, 1.36986e-07, 5.97239e-07, 0, 0, 7.34224e-07, 6.73943e-05, 3.74215e-08, 1.02899, 0.8714, 0.00018862, 419.166
1157, 0.384016, 2.07657e-14, 5.34168e-15, 0, 1.62666e-07, 6.90205e-07, 0, 0, 8.52871e-07, 7.23256e-05, 5.29135e-08, 0.95707, 0.871466, 0.000188364, 420.989
1158, 0.398523, 2.06284e-14, 5.52617e-15, 0, 1.8136e-07, 7.55249e-07, 0, 0, 9.3661e-07, 7.49496e-05, 6.50645e-08, 0.919991, 0.871533, 0.000188091, 422.025
1159, 0.406306, 2.08402e-14, 5.72285e-15, 0, 1.91222e-07, 7.89282e-07, 0, 0, 9.80503e-07, 7.63047e-05, 7.24496e-08, 0.900649, 0.8716, 0.000187818, 422.38
1160, 0.411967, 2.0917e-14, 5.95383e-15, 0, 1.97707e-07, 8.11389e-07, 0, 0, 1.00909e-06, 7.72513e-05, 8.10692e-08, 0.886813, 0.871667, 0.000187535, 422.491
1161, 0.433532, 1.97367e-14, 6.18008e-15, 0, 2.19087e-07, 8.86418e-07, 0, 0, 1.10551e-06, 8.10895e-05, 1.03915e-07, 0.835791, 0.871733, 0.000187095, 423.506
1162, 0.467462, 1.77229e-14, 6.37968e-15, 0, 2.53989e-07, 1.00778e-06, 0, 0, 1.26177e-06, 8.7135e-05, 1.40541e-07, 0.760436, 0.8718, 0.000186457, 425.125
1163, 0.494303, 1.62406e-14, 6.58422e-15, 0, 2.85418e-07, 1.11456e-06, 0, 0, 1.39998e-06, 9.19326e-05, 1.74931e-07, 0.704607, 0.871866, 0.000186, 426.344
1164, 0.499914, 1.62784e-14, 6.82762e-15, 0, 2.90505e-07, 1.13255e-06, 0, 0, 1.42306e-06, 9.28775e-05, 1.80245e-07, 0.693319, 0.871934, 0.000185813, 426.281
1165, 0.487278, 1.77799e-14, 7.09307e-15, 0, 2.71446e-07, 1.06856e-06, 0, 0, 1.34e-06, 9.01823e-05, 1.61083e-07, 0.718921, 0.872, 0.000185215, 425.096
1166, 0.481557, 1.88178e-14, 7.34687e-15, 0, 2.62382e-07, 1.0372e-06, 0, 0, 1.29958e-06, 8.86131e-05, 1.5257e-07, 0.73073, 0.872066, 0.000184282, 424.347
1167, 0.494653, 1.83011e-14, 7.58348e-15, 0, 2.79434e-07, 1.09362e-06, 0, 0, 1.37306e-06, 9.09319e-05, 1.72355e-07, 0.703898, 0.872134, 0.000183978, 424.849
1168, 0.511987, 1.74428e-14, 7.81593e-15, 0, 3.05714e-07, 1.17916e-06, 0, 0, 1.48487e-06, 9.4333e-05, 2.05873e-07, 0.669457, 0.8722, 0.000184205, 425.697
1169, 0.524886, 1.70234e-14, 8.05032e-15, 0, 3.26722e-07, 1.24687e-06, 0, 0, 1.57359e-06, 9.67797e-05, 2.34914e-07, 0.644574, 0.872267, 0.000184272, 426.251
1170, 0.531343, 1.71599e-14, 8.30142e-15, 0, 3.36541e-07, 1.27958e-06, 0, 0, 1.61612e-06, 9.80145e-05, 2.48718e-07, 0.632347, 0.872333, 0.000184384, 426.343
1171, 0.533824, 1.76856e-14, 8.56716e-15, 0, 3.42195e-07, 1.29851e-06, 0, 0, 1.64071e-06, 9.85484e-05, 2.56259e-07, 0.62769, 0.8724, 0.000184581, 426.265
1172, 0.529989, 1.88777e-14, 8.85548e-15, 0, 3.39624e-07, 1.28913e-06, 0, 0, 1.62875e-06, 9.77925e-05, 2.55606e-07, 0.634898, 0.872468, 0.00018451, 425.857
1173, 0.510701, 2.15719e-14, 9.19183e-15, 0, 3.13906e-07, 1.2016e-06, 0, 0, 1.51551e-06, 9.40069e-05, 2.31156e-07, 0.671971, 0.872533, 0.000184092, 424.495
1174, 0.496958, 2.37051e-14, 9.52482e-15, 0, 2.96343e-07, 1.13885e-06, 0, 0, 1.43519e-06, 9.07874e-05, 2.19048e-07, 0.699249, 0.8726, 0.000182878, 423.398
1175, 0.51615, 2.24607e-14, 9.79318e-15, 0, 3.23015e-07, 1.22377e-06, 0, 0, 1.54678e-06, 9.32278e-05, 2.57179e-07, 0.661357, 0.872667, 0.000180905, 424.198
1176, 0.539293, 2.09282e-14, 1.00577e-14, 0, 3.57792e-07, 1.33742e-06, 0, 0, 1.69522e-06, 9.71705e-05, 3.03533e-07, 0.617495, 0.872734, 0.000180086, 425.25
1177, 0.530258, 2.2948e-14, 1.04074e-14, 0, 3.47843e-07, 1.30518e-06, 0, 0, 1.65302e-06, 9.60774e-05, 2.93755e-07, 0.634391, 0.8728, 0.00018062, 424.579
1178, 0.516603, 2.53519e-14, 1.07807e-14, 0, 3.26648e-07, 1.23817e-06, 0, 0, 1.56482e-06, 9.39709e-05, 2.66506e-07, 0.660482, 0.872867, 0.000181256, 423.475
1179, 0.526266, 2.50513e-14, 1.11097e-14, 0, 3.35517e-07, 1.2722e-06, 0, 0, 1.60772e-06, 9.58917e-05, 2.73791e-07, 0.641948, 0.872933, 0.000181919, 423.575
1180, 0.531687, 2.53543e-14, 1.1464e-14, 0, 3.37381e-07, 1.28209e-06, 0, 0, 1.61947e-06, 9.68539e-05, 2.73749e-07, 0.6317, 0.873, 0.000182099, 423.385
1181, 0.512895, 2.90135e-14, 1.18738e-14, 0, 3.07774e-07, 1.18437e-06, 0, 0, 1.49215e-06, 9.31695e-05, 2.38112e-07, 0.667684, 0.873067, 0.000181675, 421.889
1182, 0.495853, 3.23804e-14, 1.22922e-14, 0, 2.80789e-07, 1.09311e-06, 0, 0, 1.3739e-06, 8.92735e-05, 2.08479e-07, 0.701475, 0.873133, 0.00018032, 420.392
1183, 0.510018, 3.1125e-14, 1.26867e-14, 0, 2.92902e-07, 1.13349e-06, 0, 0, 1.42639e-06, 9.08136e-05, 2.26032e-07, 0.673309, 0.8732, 0.000178524, 420.643
1184, 0.518548, 3.07883e-14, 1.3114e-14, 0, 3.01952e-07, 1.16482e-06, 0, 0, 1.46677e-06, 9.22914e-05, 2.38426e-07, 0.656722, 0.873267, 0.000178321, 420.755
1185, 0.522504, 3.10969e-14, 1.35465e-14, 0, 3.10803e-07, 1.19519e-06, 0, 0, 1.506e-06, 9.3685e-05, 2.52182e-07, 0.649122, 0.873333, 0.000179456, 420.846
1186, 0.533555, 3.04508e-14, 1.39626e-14, 0, 3.27485e-07, 1.25232e-06, 0, 0, 1.57981e-06, 9.6132e-05, 2.7527e-07, 0.628193, 0.8734, 0.000180231, 421.252
1187, 0.52006, 3.38944e-14, 1.44589e-14, 0, 3.05772e-07, 1.18222e-06, 0, 0, 1.488e-06, 9.37295e-05, 2.47957e-07, 0.653812, 0.873467, 0.00018027, 420.085
1188, 0.501874, 3.80561e-14, 1.49831e-14, 0, 2.78738e-07, 1.09269e-06, 0, 0, 1.37143e-06, 9.02134e-05, 2.16207e-07, 0.689407, 0.873533, 0.000179846, 418.609
1189, 0.517681, 3.64082e-14, 1.54249e-14, 0, 3.00288e-07, 1.16405e-06, 0, 0, 1.46434e-06, 9.26542e-05, 2.48498e-07, 0.658395, 0.8736, 0.000179146, 419.268
1190, 0.542198, 3.31374e-14, 1.58625e-14, 0, 3.3172e-07, 1.26962e-06, 0, 0, 1.60134e-06, 9.68979e-05, 2.92082e-07, 0.612124, 0.873666, 0.000178844, 420.279
1191, 0.553602, 3.20971e-14, 1.63472e-14, 0, 3.45906e-07, 1.31824e-06, 0, 0, 1.66414e-06, 9.91912e-05, 3.14144e-07, 0.591309, 0.873733, 0.000179229, 420.55
1192, 0.561071, 3.21126e-14, 1.68294e-14, 0, 3.59969e-07, 1.36422e-06, 0, 0, 1.72419e-06, 0.000100695, 3.3932e-07, 0.577907, 0.8738, 0.000179481, 420.778
1193, 0.561913, 3.34563e-14, 1.73553e-14, 0, 3.64755e-07, 1.37834e-06, 0, 0, 1.7431e-06, 0.000100736, 3.5082e-07, 0.576408, 0.873866, 0.00017928, 420.646
1194, 0.558856, 3.51238e-14, 1.79462e-14, 0, 3.58346e-07, 1.3566e-06, 0, 0, 1.71494e-06, 9.98284e-05, 3.44446e-07, 0.581864, 0.873934, 0.00017867, 420.117
1195, 0.555883, 3.65365e-14, 1.85743e-14, 0, 3.47014e-07, 1.32069e-06, 0, 0, 1.6677e-06, 9.88578e-05, 3.29255e-07, 0.587197, 0.874, 0.000177927, 419.418
1196, 0.555432, 3.78228e-14, 1.91786e-14, 0, 3.43843e-07, 1.31183e-06, 0, 0, 1.65567e-06, 9.86993e-05, 3.26559e-07, 0.588009, 0.874067, 0.000177759, 419.023
1197, 0.554054, 3.98565e-14, 1.97801e-14, 0, 3.46568e-07, 1.31951e-06, 0, 0, 1.66608e-06, 9.83483e-05, 3.35481e-07, 0.590493, 0.874134, 0.000177421, 418.825
1198, 0.541947, 4.41376e-14, 2.04841e-14, 0, 3.29946e-07, 1.26146e-06, 0, 0, 1.5914e-06, 9.52968e-05, 3.17177e-07, 0.612587, 0.8742, 0.000175591, 417.869
1199, 0.532654, 4.74714e-14, 2.1217e-14, 0, 3.11028e-07, 1.19821e-06, 0, 0, 1.50924e-06, 9.26967e-05, 2.92951e-07, 0.629883, 0.874267, 0.000173893, 416.812
1200, 0.538493, 4.74474e-14, 2.18726e-14, 0, 3.16015e-07, 1.21834e-06, 0, 0, 1.53436e-06, 9.4107e-05, 2.99724e-07, 0.618981, 0.874334, 0.000174788, 416.764
1201, 0.543409, 4.7991e-14, 2.25273e-14, 0, 3.24668e-07, 1.25009e-06, 0, 0, 1.57476e-06, 9.58416e-05, 3.13228e-07, 0.609894, 0.8744, 0.000176423, 416.854
1202, 0.541018, 5.05343e-14, 2.32121e-14, 0, 3.22475e-07, 1.24188e-06, 0, 0, 1.56435e-06, 9.53394e-05, 3.1781e-07, 0.614303, 0.874467, 0.000176288, 416.471
1203, 0.527744, 5.56761e-14, 2.39573e-14, 0, 2.97039e-07, 1.15516e-06, 0, 0, 1.4522e-06, 9.22123e-05, 2.93098e-07, 0.639144, 0.874533, 0.00017492, 415.111
1204, 0.520527, 5.90273e-14, 2.46815e-14, 0, 2.80379e-07, 1.10034e-06, 0, 0, 1.38072e-06, 9.08679e-05, 2.80137e-07, 0.652914, 0.8746, 0.000174798, 414.1
1205, 0.541546, 5.51397e-14, 2.53013e-14, 0, 3.10367e-07, 1.20556e-06, 0, 0, 1.51593e-06, 9.52642e-05, 3.29067e-07, 0.613328, 0.874667, 0.000175975, 415.16
1206, 0.561256, 5.1453e-14, 2.60182e-14, 0, 3.37984e-07, 1.30267e-06, 0, 0, 1.64065e-06, 9.90578e-05, 3.70339e-07, 0.577578, 0.874734, 0.000176506, 416.02
1207, 0.560771, 5.30446e-14, 2.69061e-14, 0, 3.34235e-07, 1.29056e-06, 0, 0, 1.62479e-06, 9.86708e-05, 3.64741e-07, 0.578443, 0.8748, 0.000176002, 415.594
1208, 0.55721, 5.61035e-14, 2.77945e-14, 0, 3.29559e-07, 1.27199e-06, 0, 0, 1.60155e-06, 9.72667e-05, 3.59996e-07, 0.584814, 0.874867, 0.000174714, 415.102
1209, 0.560607, 5.77016e-14, 2.86178e-14, 0, 3.37732e-07, 1.29794e-06, 0, 0, 1.63567e-06, 9.72993e-05, 3.76391e-07, 0.578735, 0.874934, 0.00017377, 415.123
1210, 0.565898, 5.84474e-14, 2.94711e-14, 0, 3.46974e-07, 1.32965e-06, 0, 0, 1.67663e-06, 9.8109e-05, 3.9478e-07, 0.569341, 0.875, 0.000173553, 415.198
1211, 0.563827, 6.08677e-14, 3.04675e-14, 0, 3.394e-07, 1.3077e-06, 0, 0, 1.6471e-06, 9.79418e-05, 3.80533e-07, 0.573009, 0.875067, 0.000173865, 414.658
1212, 0.562351, 6.27891e-14, 3.14893e-14, 0, 3.31231e-07, 1.28544e-06, 0, 0, 1.61667e-06, 9.8289e-05, 3.61804e-07, 0.575629, 0.875133, 0.000174856, 414.106
1213, 0.568608, 6.25931e-14, 3.24289e-14, 0, 3.38617e-07, 1.3126e-06, 0, 0, 1.65122e-06, 9.97533e-05, 3.7408e-07, 0.564565, 0.875199, 0.000175448, 414.129
1214, 0.569304, 6.45559e-14, 3.34443e-14, 0, 3.3913e-07, 1.31504e-06, 0, 0, 1.65417e-06, 9.98897e-05, 3.77454e-07, 0.56334, 0.875266, 0.00017546, 413.874
1215, 0.571609, 6.59837e-14, 3.44442e-14, 0, 3.44214e-07, 1.33183e-06, 0, 0, 1.67605e-06, 0.000100212, 3.91145e-07, 0.5593, 0.875333, 0.000175317, 413.782
1216, 0.581856, 6.46182e-14, 3.53576e-14, 0, 3.61988e-07, 1.39081e-06, 0, 0, 1.7528e-06, 0.000101916, 4.29912e-07, 0.541532, 0.8754, 0.00017516, 414.15
1217, 0.589411, 6.38239e-14, 3.63129e-14, 0, 3.71436e-07, 1.42361e-06, 0, 0, 1.79505e-06, 0.000103147, 4.57868e-07, 0.528632, 0.875467, 0.000175001, 414.214
1218, 0.590896, 6.45747e-14, 3.73539e-14, 0, 3.64318e-07, 1.40342e-06, 0, 0, 1.76774e-06, 0.000103313, 4.59324e-07, 0.526116, 0.875534, 0.000174841, 413.711
1219, 0.589136, 6.65955e-14, 3.85007e-14, 0, 3.51892e-07, 1.3652e-06, 0, 0, 1.71709e-06, 0.000102911, 4.45696e-07, 0.529098, 0.8756, 0.000174681, 413.011
1220, 0.58963, 6.89188e-14, 3.96934e-14, 0, 3.53953e-07, 1.37247e-06, 0, 0, 1.72642e-06, 0.000102904, 4.51673e-07, 0.528261, 0.875667, 0.000174524, 412.81
1221, 0.589375, 7.20085e-14, 4.09317e-14, 0, 3.57989e-07, 1.38545e-06, 0, 0, 1.74344e-06, 0.000102769, 4.60963e-07, 0.528693, 0.875733, 0.000174369, 412.673
1222, 0.587302, 7.53708e-14, 4.2215e-14, 0, 3.54845e-07, 1.37474e-06, 0, 0, 1.72958e-06, 0.000102316, 4.58415e-07, 0.532215, 0.8758, 0.000174213, 412.279
1223, 0.588746, 7.71221e-14, 4.34867e-14, 0, 3.55256e-07, 1.37668e-06, 0, 0, 1.73193e-06, 0.000102474, 4.61494e-07, 0.52976, 0.875866, 0.000174055, 412.02
1224, 0.593822, 7.75661e-14, 4.47418e-14, 0, 3.61995e-07, 1.40091e-06, 0, 0, 1.76291e-06, 0.000103257, 4.76025e-07, 0.521175, 0.875934, 0.000173888, 411.999
1225, 0.599222, 7.81177e-14, 4.60173e-14, 0, 3.70786e-07, 1.43212e-06, 0, 0, 1.80291e-06, 0.000104017, 4.9603e-07, 0.512124, 0.876, 0.00017359, 412.045
1226, 0.60028, 8.06157e-14, 4.74049e-14, 0, 3.70565e-07, 1.43307e-06, 0, 0, 1.80363e-06, 0.000103696, 4.99339e-07, 0.510359, 0.876066, 0.00017276, 411.774
1227, 0.600148, 8.34766e-14, 4.88469e-14, 0, 3.66258e-07, 1.42038e-06, 0, 0, 1.78664e-06, 0.000102956, 4.95331e-07, 0.510579, 0.876133, 0.000171586, 411.361
1228, 0.604826, 8.39863e-14, 5.02188e-14, 0, 3.74475e-07, 1.44906e-06, 0, 0, 1.82353e-06, 0.000103762, 5.17387e-07, 0.502814, 0.8762, 0.000171577, 411.379
1229, 0.609452, 8.45421e-14, 5.16273e-14, 0, 3.85712e-07, 1.48754e-06, 0, 0, 1.87325e-06, 0.000105109, 5.4563e-07, 0.495195, 0.876266, 0.000172468, 411.492
1230, 0.612485, 8.57657e-14, 5.31084e-14, 0, 3.91866e-07, 1.50913e-06, 0, 0, 1.90099e-06, 0.000105856, 5.64492e-07, 0.490231, 0.876333, 0.000172832, 411.429
1231, 0.615497, 8.6969e-14, 5.46361e-14, 0, 3.95781e-07, 1.52331e-06, 0, 0, 1.91909e-06, 0.000106305, 5.7899e-07, 0.485325, 0.876399, 0.000172716, 411.291
1232, 0.615737, 8.96676e-14, 5.62768e-14, 0, 3.92993e-07, 1.51582e-06, 0, 0, 1.90881e-06, 0.000106229, 5.77582e-07, 0.484936, 0.876466, 0.000172525, 410.938
1233, 0.614959, 9.29205e-14, 5.79798e-14, 0, 3.88469e-07, 1.50305e-06, 0, 0, 1.89152e-06, 0.000106021, 5.73211e-07, 0.4862, 0.876533, 0.000172404, 410.532
1234, 0.616878, 9.47405e-14, 5.96486e-14, 0, 3.90858e-07, 1.51275e-06, 0, 0, 1.90361e-06, 0.000106294, 5.86956e-07, 0.483083, 0.876599, 0.000172311, 410.349
1235, 0.61921, 9.64305e-14, 6.13543e-14, 0, 3.94032e-07, 1.52449e-06, 0, 0, 1.91852e-06, 0.000106617, 6.01778e-07, 0.479311, 0.876667, 0.000172183, 410.188
1236, 0.61955, 9.93412e-14, 6.31717e-14, 0, 3.92351e-07, 1.52004e-06, 0, 0, 1.91239e-06, 0.000106579, 6.03652e-07, 0.478762, 0.876733, 0.000172027, 409.869
1237, 0.619413, 1.02552e-13, 6.50582e-14, 0, 3.8915e-07, 1.51096e-06, 0, 0, 1.90011e-06, 0.000106434, 6.02347e-07, 0.478984, 0.8768, 0.000171831, 409.503
1238, 0.620031, 1.05348e-13, 6.69717e-14, 0, 3.87263e-07, 1.50616e-06, 0, 0, 1.89342e-06, 0.000106322, 6.05443e-07, 0.477986, 0.876867, 0.00017148, 409.179
1239, 0.620445, 1.08378e-13, 6.89439e-14, 0, 3.84312e-07, 1.49737e-06, 0, 0, 1.88169e-06, 0.000105999, 6.06236e-07, 0.477318, 0.876933, 0.000170844, 408.818
1240, 0.619931, 1.12109e-13, 7.10053e-14, 0, 3.79165e-07, 1.48198e-06, 0, 0, 1.86115e-06, 0.000105639, 6.00169e-07, 0.478147, 0.877, 0.000170406, 408.388
1241, 0.619241, 1.16028e-13, 7.31276e-14, 0, 3.74778e-07, 1.47035e-06, 0, 0, 1.84513e-06, 0.000105672, 5.94494e-07, 0.479261, 0.877067, 0.000170649, 407.993
1242, 0.619211, 1.19589e-13, 7.52789e-14, 0, 3.7227e-07, 1.46457e-06, 0, 0, 1.83684e-06, 0.000105805, 5.94615e-07, 0.479309, 0.877133, 0.00017087, 407.658
1243, 0.619137, 1.23294e-13, 7.74816e-14, 0, 3.68801e-07, 1.45501e-06, 0, 0, 1.82381e-06, 0.000105689, 5.93334e-07, 0.479429, 0.877201, 0.000170704, 407.285
1244, 0.618527, 1.27477e-13, 7.97712e-14, 0, 3.63643e-07, 1.44017e-06, 0, 0, 1.80381e-06, 0.00010549, 5.87268e-07, 0.480414, 0.877266, 0.00017055, 406.858
1245, 0.617766, 1.31854e-13, 8.21427e-14, 0, 3.58181e-07, 1.42463e-06, 0, 0, 1.78282e-06, 0.000105347, 5.80329e-07, 0.481646, 0.877333, 0.000170529, 406.421
1246, 0.616958, 1.36354e-13, 8.45876e-14, 0, 3.52354e-07, 1.40785e-06, 0, 0, 1.7602e-06, 0.000105154, 5.7308e-07, 0.482954, 0.8774, 0.000170439, 405.97
1247, 0.615822, 1.41202e-13, 8.71146e-14, 0, 3.45446e-07, 1.3874e-06, 0, 0, 1.73285e-06, 0.000104869, 5.63189e-07, 0.484797, 0.877467, 0.000170291, 405.478
1248, 0.61427, 1.46455e-13, 8.97192e-14, 0, 3.37388e-07, 1.36318e-06, 0, 0, 1.70057e-06, 0.000104527, 5.50375e-07, 0.48732, 0.877533, 0.000170164, 404.943
1249, 0.612533, 1.51928e-13, 9.23964e-14, 0, 3.28961e-07, 1.33765e-06, 0, 0, 1.66662e-06, 0.000104152, 5.37116e-07, 0.490152, 0.8776, 0.000170035, 404.389
1250, 0.61059, 1.57663e-13, 9.51486e-14, 0, 3.20173e-07, 1.31077e-06, 0, 0, 1.63095e-06, 0.00010372, 5.23447e-07, 0.49333, 0.877667, 0.000169867, 403.815
1251, 0.608185, 1.63911e-13, 9.79878e-14, 0, 3.10188e-07, 1.2797e-06, 0, 0, 1.58989e-06, 0.000103139, 5.06903e-07, 0.497277, 0.877734, 0.000169584, 403.188
1252, 0.605398, 1.70671e-13, 1.00916e-13, 0, 2.99236e-07, 1.245e-06, 0, 0, 1.54424e-06, 0.000102423, 4.8788e-07, 0.50187, 0.8778, 0.000169183, 402.512
1253, 0.602369, 1.77877e-13, 1.03941e-13, 0, 2.88184e-07, 1.21e-06, 0, 0, 1.49819e-06, 0.000101789, 4.6845e-07, 0.506884, 0.877866, 0.000168983, 401.821
1254, 0.598943, 1.85686e-13, 1.07086e-13, 0, 2.76582e-07, 1.1732e-06, 0, 0, 1.44979e-06, 0.000101189, 4.47484e-07, 0.512588, 0.877933, 0.000168947, 401.095
1255, 0.595109, 1.94085e-13, 1.1035e-13, 0, 2.63849e-07, 1.13196e-06, 0, 0, 1.39581e-06, 0.000100391, 4.24063e-07, 0.51901, 0.877999, 0.000168696, 400.3
1256, 0.590924, 2.03009e-13, 1.13717e-13, 0, 2.50258e-07, 1.08728e-06, 0, 0, 1.33754e-06, 9.94634e-05, 3.9929e-07, 0.526067, 0.878066, 0.000168325, 399.443
1257, 0.585955, 2.12846e-13, 1.17198e-13, 0, 2.35322e-07, 1.03752e-06, 0, 0, 1.27284e-06, 9.84734e-05, 3.71924e-07, 0.534513, 0.878134, 0.000168067, 398.491
1258, 0.579071, 2.24472e-13, 1.20855e-13, 0, 2.17722e-07, 9.77391e-07, 0, 0, 1.19511e-06, 9.72885e-05, 3.38862e-07, 0.546329, 0.8782, 0.000168019, 397.358
1259, 0.569139, 2.38892e-13, 1.24762e-13, 0, 1.97477e-07, 9.05584e-07, 0, 0, 1.10306e-06, 9.56243e-05, 3.00638e-07, 0.563631, 0.878267, 0.000168016, 395.994
1260, 0.55593, 2.56914e-13, 1.28947e-13, 0, 1.76203e-07, 8.27176e-07, 0, 0, 1.00338e-06, 9.32894e-05, 2.61102e-07, 0.587113, 0.878333, 0.000167796, 394.439
1261, 0.540344, 2.78876e-13, 1.33388e-13, 0, 1.5518e-07, 7.4718e-07, 0, 0, 9.0236e-07, 9.04613e-05, 2.22753e-07, 0.615549, 0.8784, 0.000167424, 392.741
1262, 0.524315, 3.0375e-13, 1.38001e-13, 0, 1.36012e-07, 6.72425e-07, 0, 0, 8.08436e-07, 8.77212e-05, 1.88011e-07, 0.645664, 0.878467, 0.000167349, 391.004
1263, 0.50968, 3.28809e-13, 1.4267e-13, 0, 1.20025e-07, 6.08381e-07, 0, 0, 7.28407e-07, 8.54049e-05, 1.59499e-07, 0.673972, 0.878533, 0.000167596, 389.355
1264, 0.498953, 3.50136e-13, 1.47245e-13, 0, 1.08625e-07, 5.61455e-07, 0, 0, 6.7008e-07, 8.36759e-05, 1.40223e-07, 0.695244, 0.8786, 0.000167709, 387.993
1265, 0.494281, 3.64906e-13, 1.51626e-13, 0, 1.02774e-07, 5.37378e-07, 0, 0, 6.40152e-07, 8.28463e-05, 1.3118e-07, 0.704651, 0.878667, 0.000167611, 387.135
1266, 0.493486, 3.75474e-13, 1.55946e-13, 0, 1.00475e-07, 5.28366e-07, 0, 0, 6.28841e-07, 8.25982e-05, 1.28127e-07, 0.70626, 0.878734, 0.000167384, 386.647
1267, 0.482653, 4.00373e-13, 1.60965e-13, 0, 9.51326e-08, 5.03061e-07, 0, 0, 5.98194e-07, 8.05382e-05, 1.20875e-07, 0.728458, 0.8788, 0.000166905, 385.738
1268, 0.445483, 4.61169e-13, 1.67558e-13, 0, 7.94247e-08, 4.26268e-07, 0, 0, 5.05694e-07, 7.40379e-05, 9.87123e-08, 0.808597, 0.878866, 0.00016635, 383.298
1269, 0.425551, 4.98667e-13, 1.73306e-13, 0, 7.1101e-08, 3.8498e-07, 0, 0, 4.56082e-07, 7.0712e-05, 8.78922e-08, 0.85437, 0.878933, 0.000166346, 381.715
1270, 0.466001, 4.55611e-13, 1.75807e-13, 0, 9.21241e-08, 4.81831e-07, 0, 0, 5.73955e-07, 7.76208e-05, 1.23312e-07, 0.763567, 0.879, 0.000166624, 384.441
1271, 0.515147, 4.03827e-13, 1.77909e-13, 0, 1.23244e-07, 6.20184e-07, 0, 0, 7.43429e-07, 8.58421e-05, 1.7768e-07, 0.663302, 0.879067, 0.00016665, 387.593
1272, 0.537884, 3.88259e-13, 1.8156e-13, 0, 1.453e-07, 7.10648e-07, 0, 0, 8.55948e-07, 8.95607e-05, 2.20831e-07, 0.620113, 0.879133, 0.000166511, 389.219
1273, 0.548111, 3.8827e-13, 1.86001e-13, 0, 1.61936e-07, 7.73438e-07, 0, 0, 9.35374e-07, 9.11697e-05, 2.5753e-07, 0.601277, 0.8792, 0.000166338, 390.157
1274, 0.556748, 3.89275e-13, 1.90627e-13, 0, 1.77895e-07, 8.32051e-07, 0, 0, 1.00995e-06, 9.25015e-05, 2.94894e-07, 0.585643, 0.879267, 0.00016615, 390.939
1275, 0.565783, 3.8908e-13, 1.95326e-13, 0, 1.943e-07, 8.91692e-07, 0, 0, 1.08599e-06, 9.38867e-05, 3.34234e-07, 0.569544, 0.879333, 0.000165946, 391.67
1276, 0.574272, 3.89969e-13, 2.00195e-13, 0, 2.10043e-07, 9.47967e-07, 0, 0, 1.15801e-06, 9.51631e-05, 3.71832e-07, 0.554653, 0.8794, 0.000165715, 392.291
1277, 0.582616, 3.91279e-13, 2.05195e-13, 0, 2.25875e-07, 1.00357e-06, 0, 0, 1.22945e-06, 9.63785e-05, 4.09957e-07, 0.540226, 0.879467, 0.000165429, 392.855
1278, 0.591226, 3.91892e-13, 2.10289e-13, 0, 2.41715e-07, 1.05882e-06, 0, 0, 1.30054e-06, 9.75578e-05, 4.48455e-07, 0.525557, 0.879533, 0.000165017, 393.373
1279, 0.59828, 3.95445e-13, 2.15675e-13, 0, 2.54424e-07, 1.10215e-06, 0, 0, 1.35658e-06, 9.82527e-05, 4.78051e-07, 0.513697, 0.879601, 0.00016424, 393.699
1280, 0.604508, 3.99859e-13, 2.21226e-13, 0, 2.64702e-07, 1.13453e-06, 0, 0, 1.39923e-06, 9.80271e-05, 5.05159e-07, 0.50334, 0.879666, 0.000162208, 393.872
1281, 0.611669, 4.01078e-13, 2.26737e-13, 0, 2.73688e-07, 1.1585e-06, 0, 0, 1.43218e-06, 9.64436e-05, 5.37068e-07, 0.491564, 0.879734, 0.00015776, 393.94
1282, 0.618175, 4.02663e-13, 2.32421e-13, 0, 2.82795e-07, 1.1835e-06, 0, 0, 1.46629e-06, 9.51185e-05, 5.70165e-07, 0.480984, 0.8798, 0.000153909, 394.012
1283, 0.622113, 4.09203e-13, 2.38537e-13, 0, 2.97483e-07, 1.2355e-06, 0, 0, 1.53298e-06, 9.6994e-05, 6.09057e-07, 0.474633, 0.879866, 0.000155893, 394.375
1284, 0.62444, 4.19002e-13, 2.44987e-13, 0, 3.13837e-07, 1.29624e-06, 0, 0, 1.61007e-06, 0.000100207, 6.48633e-07, 0.470901, 0.879933, 0.000160459, 394.803
1285, 0.627091, 4.27599e-13, 2.51506e-13, 0, 3.27219e-07, 1.34357e-06, 0, 0, 1.67079e-06, 0.000102149, 6.85471e-07, 0.466664, 0.88, 0.000162888, 395.065
1286, 0.628979, 4.38373e-13, 2.58303e-13, 0, 3.35187e-07, 1.37064e-06, 0, 0, 1.70583e-06, 0.00010291, 7.08961e-07, 0.463658, 0.880067, 0.000163613, 395.101
1287, 0.626879, 4.59699e-13, 2.65863e-13, 0, 3.33119e-07, 1.36306e-06, 0, 0, 1.69618e-06, 0.000102674, 7.00551e-07, 0.467001, 0.880133, 0.000163785, 394.769
1288, 0.622381, 4.87714e-13, 2.73945e-13, 0, 3.25432e-07, 1.33632e-06, 0, 0, 1.66175e-06, 0.000101934, 6.74948e-07, 0.474202, 0.8802, 0.000163781, 394.232
1289, 0.621959, 5.04093e-13, 2.8155e-13, 0, 3.25169e-07, 1.33547e-06, 0, 0, 1.66064e-06, 0.000101826, 6.76551e-07, 0.474882, 0.880267, 0.00016372, 393.97
1290, 0.626414, 5.07121e-13, 2.88587e-13, 0, 3.3459e-07, 1.36796e-06, 0, 0, 1.70256e-06, 0.000102494, 7.12481e-07, 0.467744, 0.880334, 0.000163622, 394.066
1291, 0.626774, 5.23185e-13, 2.96482e-13, 0, 3.36311e-07, 1.37392e-06, 0, 0, 1.71024e-06, 0.000102494, 7.21273e-07, 0.46717, 0.8804, 0.000163527, 393.877
1292, 0.624475, 5.47491e-13, 3.05061e-13, 0, 3.32465e-07, 1.3607e-06, 0, 0, 1.69317e-06, 0.000102083, 7.07603e-07, 0.470845, 0.880466, 0.000163471, 393.486
1293, 0.626832, 5.57227e-13, 3.13112e-13, 0, 3.37375e-07, 1.37719e-06, 0, 0, 1.71456e-06, 0.000102425, 7.25044e-07, 0.467077, 0.880534, 0.000163402, 393.41
1294, 0.627519, 5.73358e-13, 3.21662e-13, 0, 3.38923e-07, 1.38229e-06, 0, 0, 1.72122e-06, 0.000102462, 7.33086e-07, 0.465981, 0.8806, 0.00016328, 393.214
1295, 0.620309, 6.17653e-13, 3.31794e-13, 0, 3.25841e-07, 1.33723e-06, 0, 0, 1.66307e-06, 0.000101191, 6.906e-07, 0.477537, 0.880667, 0.000163128, 392.487
1296, 0.610316, 6.74033e-13, 3.4259e-13, 0, 3.09901e-07, 1.28117e-06, 0, 0, 1.59108e-06, 9.94806e-05, 6.39366e-07, 0.493778, 0.880734, 0.000162997, 391.625
1297, 0.605364, 7.13858e-13, 3.52607e-13, 0, 3.05023e-07, 1.26218e-06, 0, 0, 1.56721e-06, 9.8603e-05, 6.28645e-07, 0.501925, 0.8808, 0.00016288, 391.168
1298, 0.609481, 7.21178e-13, 3.61135e-13, 0, 3.15253e-07, 1.29607e-06, 0, 0, 1.61132e-06, 9.9199e-05, 6.69688e-07, 0.495148, 0.880869, 0.000162759, 391.303
1299, 0.610065, 7.48399e-13, 3.70436e-13, 0, 3.20786e-07, 1.31441e-06, 0, 0, 1.6352e-06, 9.9216e-05, 6.93071e-07, 0.49419, 0.880947, 0.00016263, 391.258
1300, 0.600414, 8.17339e-13, 3.81953e-13, 0, 3.08666e-07, 1.27189e-06, 0, 0, 1.58056e-06, 9.75618e-05, 6.55281e-07, 0.510136, 0.881057, 0.00016249, 390.541
1301, 0.597874, 8.5107e-13, 3.92745e-13, 0, 3.03932e-07, 1.25571e-06, 0, 0, 1.55965e-06, 9.70654e-05, 6.42595e-07, 0.514375, 0.881213, 0.000162353, 390.111
1302, 0.598922, 8.74937e-13, 4.0298e-13, 0, 3.06549e-07, 1.26412e-06, 0, 0, 1.57067e-06, 9.71569e-05, 6.58096e-07, 0.512623, 0.881402, 0.000162218, 389.961
1303, 0.583119, 9.87411e-13, 4.15945e-13, 0, 2.8972e-07, 1.20183e-06, 0, 0, 1.49155e-06, 9.45137e-05, 6.13743e-07, 0.539365, 0.8816, 0.000162077, 389.005
1304, 0.566063, 1.10193e-12, 4.29662e-13, 0, 2.69665e-07, 1.12851e-06, 0, 0, 1.39818e-06, 9.16603e-05, 5.58795e-07, 0.569049, 0.881801, 0.000161925, 387.875
1305, 0.570749, 1.10446e-12, 4.40498e-13, 0, 2.72319e-07, 1.13987e-06, 0, 0, 1.41219e-06, 9.23193e-05, 5.68655e-07, 0.560807, 0.882001, 0.000161756, 387.766
1306, 0.571574, 1.14144e-12, 4.51691e-13, 0, 2.70208e-07, 1.13505e-06, 0, 0, 1.40526e-06, 9.23616e-05, 5.58677e-07, 0.559362, 0.8822, 0.000161594, 387.454
1307, 0.563868, 1.2309e-12, 4.637e-13, 0, 2.5919e-07, 1.09746e-06, 0, 0, 1.35665e-06, 9.10405e-05, 5.21019e-07, 0.572935, 0.8824, 0.00016146, 386.731
1308, 0.56545, 1.26735e-12, 4.7454e-13, 0, 2.58384e-07, 1.09674e-06, 0, 0, 1.35513e-06, 9.12243e-05, 5.16528e-07, 0.570134, 0.8826, 0.000161333, 386.472
1309, 0.556625, 1.3612e-12, 4.88709e-13, 0, 2.45771e-07, 1.05163e-06, 0, 0, 1.2974e-06, 8.97243e-05, 4.79896e-07, 0.585864, 0.882799, 0.00016119, 385.639
1310, 0.541838, 1.48216e-12, 5.05037e-13, 0, 2.28303e-07, 9.87202e-07, 0, 0, 1.21551e-06, 8.72106e-05, 4.33906e-07, 0.612788, 0.883, 0.000160968, 384.516
1311, 0.550029, 1.45605e-12, 5.1809e-13, 0, 2.35631e-07, 1.01417e-06, 0, 0, 1.2498e-06, 8.81198e-05, 4.64923e-07, 0.597784, 0.8832, 0.000160306, 384.649
1312, 0.550255, 1.50461e-12, 5.31505e-13, 0, 2.3186e-07, 1.00107e-06, 0, 0, 1.23293e-06, 8.7348e-05, 4.57239e-07, 0.597373, 0.8834, 0.000159001, 384.224
1313, 0.521524, 1.76441e-12, 5.48273e-13, 0, 1.96593e-07, 8.72687e-07, 0, 0, 1.06928e-06, 8.23698e-05, 3.48094e-07, 0.651, 0.8836, 0.000158383, 382.076
1314, 0.501446, 1.93828e-12, 5.66433e-13, 0, 1.70464e-07, 7.78422e-07, 0, 0, 9.48888e-07, 7.94045e-05, 2.69576e-07, 0.690259, 0.8838, 0.000158662, 380.252
1315, 0.509856, 1.8934e-12, 5.82546e-13, 0, 1.74698e-07, 7.95984e-07, 0, 0, 9.70684e-07, 8.06531e-05, 2.89232e-07, 0.673626, 0.884, 0.000158312, 380.313
1316, 0.531201, 1.79567e-12, 5.93059e-13, 0, 2.0089e-07, 8.93207e-07, 0, 0, 1.0941e-06, 8.41381e-05, 3.77681e-07, 0.632615, 0.884199, 0.000158402, 381.663
1317, 0.53928, 1.8221e-12, 6.04153e-13, 0, 2.17079e-07, 9.51976e-07, 0, 0, 1.16906e-06, 8.58988e-05, 4.32296e-07, 0.61752, 0.884399, 0.00015928, 382.308
1318, 0.520563, 2.04742e-12, 6.22184e-13, 0, 2.01094e-07, 8.90802e-07, 0, 0, 1.0919e-06, 8.31541e-05, 3.85033e-07, 0.652844, 0.8846, 0.000159738, 381.158
1319, 0.486989, 2.39492e-12, 6.43415e-13, 0, 1.7052e-07, 7.73308e-07, 0, 0, 9.43832e-07, 7.77932e-05, 2.96253e-07, 0.719513, 0.8848, 0.000159737, 378.99
1320, 0.47325, 2.58053e-12, 6.61225e-13, 0, 1.5847e-07, 7.26156e-07, 0, 0, 8.84629e-07, 7.55345e-05, 2.63214e-07, 0.748131, 0.885, 0.00015961, 377.903
1321, 0.485607, 2.52176e-12, 6.78097e-13, 0, 1.64629e-07, 7.52564e-07, 0, 0, 9.17196e-07, 7.74353e-05, 2.7694e-07, 0.722355, 0.8852, 0.000159466, 378.14
1322, 0.487326, 2.56167e-12, 6.98348e-13, 0, 1.62133e-07, 7.45201e-07, 0, 0, 9.07336e-07, 7.76432e-05, 2.67749e-07, 0.718822, 0.8854, 0.000159321, 377.762
1323, 0.473754, 2.76887e-12, 7.18724e-13, 0, 1.51962e-07, 7.04757e-07, 0, 0, 8.56723e-07, 7.54118e-05, 2.41889e-07, 0.747067, 0.8856, 0.000159177, 376.775
1324, 0.482882, 2.75016e-12, 7.35735e-13, 0, 1.61282e-07, 7.40625e-07, 0, 0, 9.01911e-07, 7.67892e-05, 2.68505e-07, 0.727984, 0.8858, 0.000159031, 377.212
1325, 0.503989, 2.58251e-12, 7.54609e-13, 0, 1.76084e-07, 8.00404e-07, 0, 0, 9.76492e-07, 8.00724e-05, 3.05693e-07, 0.685201, 0.886, 0.000158882, 378.019
1326, 0.499073, 2.69051e-12, 7.77941e-13, 0, 1.68908e-07, 7.73738e-07, 0, 0, 9.42649e-07, 7.92225e-05, 2.82871e-07, 0.695003, 0.8862, 0.000158734, 377.32
1327, 0.465395, 3.16737e-12, 8.00518e-13, 0, 1.42895e-07, 6.70119e-07, 0, 0, 8.13018e-07, 7.38111e-05, 2.15773e-07, 0.764869, 0.8864, 0.000158588, 375.155
1328, 0.420381, 3.83491e-12, 8.19534e-13, 0, 1.11534e-07, 5.4326e-07, 0, 0, 6.548e-07, 6.66123e-05, 1.41162e-07, 0.866593, 0.8866, 0.000158446, 372.134
1329, 0.388647, 4.32498e-12, 8.41374e-13, 0, 8.90043e-08, 4.51893e-07, 0, 0, 5.40903e-07, 6.15286e-05, 9.11772e-08, 0.945084, 0.886799, 0.00015831, 369.477
1330, 0.366998, 4.67101e-12, 8.68253e-13, 0, 7.6234e-08, 3.97425e-07, 0, 0, 4.73664e-07, 5.80533e-05, 6.98401e-08, 1.0024, 0.887, 0.000158171, 367.581
1331, 0.32767, 5.3057e-12, 8.92203e-13, 0, 5.93575e-08, 3.19948e-07, 0, 0, 3.79312e-07, 5.1788e-05, 4.8002e-08, 1.11575, 0.8872, 0.000158029, 364.599
1332, 0.30878, 5.71737e-12, 9.12866e-13, 0, 5.13398e-08, 2.83279e-07, 0, 0, 3.34626e-07, 4.87517e-05, 3.58512e-08, 1.17513, 0.887401, 0.000157885, 362.838
1333, 0.326535, 5.62191e-12, 9.37334e-13, 0, 6.01952e-08, 3.2312e-07, 0, 0, 3.83321e-07, 5.1505e-05, 4.84296e-08, 1.11922, 0.8876, 0.000157742, 364.274
1334, 0.354508, 5.39395e-12, 9.58787e-13, 0, 7.4727e-08, 3.87398e-07, 0, 0, 4.62132e-07, 5.58657e-05, 7.3217e-08, 1.03703, 0.887799, 0.0001576, 366.359
1335, 0.381866, 5.23618e-12, 9.69756e-13, 0, 8.60436e-08, 4.4021e-07, 0, 0, 5.2626e-07, 6.01244e-05, 8.93584e-08, 0.962686, 0.888, 0.000157456, 367.755
1336, 0.382981, 5.4513e-12, 9.84028e-13, 0, 8.47329e-08, 4.36886e-07, 0, 0, 5.21625e-07, 6.0248e-05, 8.46835e-08, 0.959769, 0.8882, 0.000157306, 367.415
1337, 0.367318, 5.81146e-12, 1.01355e-12, 0, 7.54087e-08, 3.9666e-07, 0, 0, 4.72076e-07, 5.77323e-05, 7.01134e-08, 1.00153, 0.8884, 0.000157167, 365.941
1338, 0.367085, 5.92817e-12, 1.04368e-12, 0, 7.26172e-08, 3.86429e-07, 0, 0, 4.59053e-07, 5.76482e-05, 6.51177e-08, 1.00216, 0.888601, 0.000157047, 365.367
1339, 0.371121, 6.07584e-12, 1.06512e-12, 0, 7.50532e-08, 3.9764e-07, 0, 0, 4.727e-07, 5.82392e-05, 6.88036e-08, 0.991227, 0.8888, 0.000156924, 365.504
1340, 0.352462, 6.64275e-12, 1.08365e-12, 0, 6.93419e-08, 3.70225e-07, 0, 0, 4.39575e-07, 5.5265e-05, 6.12401e-08, 1.04281, 0.889, 0.000156787, 364.377
1341, 0.347071, 6.87392e-12, 1.11356e-12, 0, 6.44481e-08, 3.506e-07, 0, 0, 4.15056e-07, 5.43623e-05, 5.23009e-08, 1.05822, 0.8892, 0.000156639, 363.443
1342, 0.361744, 6.73233e-12, 1.14932e-12, 0, 6.70627e-08, 3.66428e-07, 0, 0, 4.33499e-07, 5.66048e-05, 5.35524e-08, 1.01682, 0.8894, 0.000156485, 363.754
1343, 0.331511, 7.65498e-12, 1.16111e-12, 0, 5.90718e-08, 3.26466e-07, 0, 0, 3.85547e-07, 5.18326e-05, 4.39716e-08, 1.1041, 0.889601, 0.000156335, 362.089
1344, 0.260021, 9.54537e-12, 1.15099e-12, 0, 3.99773e-08, 2.29753e-07, 0, 0, 2.69741e-07, 4.06213e-05, 2.32908e-08, 1.34699, 0.8898, 0.000156202, 357.548
1345, 0.22244, 1.06057e-11, 1.16627e-12, 0, 2.75137e-08, 1.68442e-07, 0, 0, 1.95968e-07, 3.47188e-05, 1.00985e-08, 1.5031, 0.89, 0.000156077, 353.553
1346, 0.201042, 1.14263e-11, 1.17665e-12, 0, 2.01347e-08, 1.31529e-07, 0, 0, 1.51677e-07, 3.13566e-05, 4.28905e-09, 1.60424, 0.8902, 0.000155946, 350.366
1347, 0.149427, 1.34815e-11, 1.1105e-12, 0, 1.20869e-08, 8.43408e-08, 0, 0, 9.64423e-08, 2.32916e-05, 1.27602e-09, 1.90095, 0.8904, 0.000155811, 345.027
1348, 0.0930736, 1.58134e-11, 1.02929e-12, 0, 5.96781e-09, 4.45345e-08, 0, 0, 5.05192e-08, 1.4495e-05, 2.29921e-10, 2.37436, 0.890601, 0.000155651, 337.757
1349, 0.0726196, 1.67868e-11, 1.03911e-12, 0, 3.75302e-09, 2.9816e-08, 0, 0, 3.35869e-08, 1.12946e-05, 3.17658e-11, 2.62252, 0.89081, 0.000155343, 333.241
1350, 0.060085, 1.77602e-11, 1.03556e-12, 0, 2.86905e-09, 2.33061e-08, 0, 0, 2.6194e-08, 9.33497e-06, 6.1826e-12, 2.81199, 0.891042, 0.000154865, 330.466
1351, 0.0356061, 1.94709e-11, 9.72564e-13, 0, 1.52922e-09, 1.2734e-08, 0, 0, 1.42836e-08, 5.52522e-06, 1.79052e-12, 3.33524, 0.89131, 0.000154673, 324.163
1352, 0.019263, 2.09642e-11, 9.12689e-13, 0, 6.91994e-10, 6.02761e-09, 0, 0, 6.74148e-09, 2.98649e-06, 3.05012e-13, 3.94957, 0.891601, 0.000154855, 316.72
1353, 0.0105683, 2.24411e-11, 8.25138e-13, 0, 3.39934e-10, 3.03024e-09, 0, 0, 3.39344e-09, 1.63812e-06, 2.25543e-14, 4.5499, 0.8919, 0.000154928, 310.183
1354, 0.0046852, 2.41501e-11, 6.84718e-13, 0, 1.40983e-10, 1.2565e-09, 0, 0, 1.42231e-09, 7.26003e-07, 6.99364e-16, 5.36335, 0.8922, 0.000154796, 302.318
1355, 0.00172453, 2.55494e-11, 5.84613e-13, 0, 4.92909e-11, 4.3101e-10, 0, 0, 5.06435e-10, 2.67045e-07, 9.25342e-18, 6.3628, 0.892501, 0.000154473, 293.503
1356, 0.000892373, 2.62172e-11, 6.05993e-13, 0, 2.50212e-11, 2.06092e-10, 0, 0, 2.57937e-10, 1.37975e-07, 6.13415e-20, 7.02163, 0.8928, 0.000154061, 287.946
1357, 0.000697368, 2.68633e-11, 6.28393e-13, 0, 1.9616e-11, 1.55456e-10, 0, 0, 2.02564e-10, 1.07739e-07, 3.77538e-22, 7.2682, 0.893101, 0.000153897, 285.888
1358, 0.00035873, 2.79045e-11, 5.81366e-13, 0, 1.04624e-11, 7.84136e-11, 0, 0, 1.17362e-10, 5.54014e-08, 2.45388e-24, 7.93294, 0.8934, 0.000153877, 281.561
1359, 0.000131286, 2.90246e-11, 5.18673e-13, 0, 4.20385e-12, 2.75491e-11, 0, 0, 6.12963e-11, 2.02587e-08, 8.68784e-27, 8.93813, 0.8937, 0.000153867, 276.606
1360, 5.32002e-05, 3.0179e-11, 4.46854e-13, 0, 1.87557e-12, 1.07248e-11, 0, 0, 4.32263e-11, 8.20075e-09, 1.38662e-29, 9.84145, 0.894, 0.0001539, 273.929
1361, 2.63782e-05, 3.14048e-11, 3.60061e-13, 0, 9.50036e-13, 5.21556e-12, 0, 0, 3.79304e-11, 4.05926e-09, 2.06622e-32, 10.543, 0.8943, 0.00015385, 272.831
1362, 4.30968e-05, 3.22704e-11, 3.49946e-13, 0, 1.40941e-12, 8.50344e-12, 0, 0, 4.25332e-11, 6.61598e-09, 1.38099e-34, 10.0521, 0.8946, 0.000153723, 273.465
1363, 8.07035e-05, 3.26216e-11, 4.53647e-13, 0, 2.60774e-12, 1.59094e-11, 0, 0, 5.15923e-11, 1.23853e-08, 6.74643e-37, 9.42473, 0.8949, 0.000153581, 274.663
1364, 7.65443e-05, 3.33258e-11, 4.90306e-13, 0, 2.51142e-12, 1.50035e-11, 0, 0, 5.13311e-11, 1.17442e-08, 3.40167e-39, 9.47764, 0.8952, 0.000153445, 274.452
1365, 6.28005e-05, 3.42155e-11, 4.90903e-13, 0, 2.10694e-12, 1.20965e-11, 0, 0, 4.89099e-11, 9.62461e-09, 6.87134e-40, 9.67555, 0.8955, 0.000153306, 273.932
1366, 7.56078e-05, 3.47635e-11, 5.67272e-13, 0, 2.55014e-12, 1.44358e-11, 0, 0, 5.23167e-11, 1.15783e-08, 9.60618e-41, 9.48995, 0.895801, 0.000153166, 274.238
1367, 5.89832e-05, 3.58092e-11, 5.47347e-13, 0, 2.00294e-12, 1.12586e-11, 0, 0, 4.96181e-11, 9.03133e-09, 5.54073e-42, 9.73826, 0.8961, 0.000153025, 273.686
1368, 2.30827e-05, 3.712e-11, 4.77499e-13, 0, 8.31327e-13, 4.37116e-12, 0, 0, 4.28e-11, 3.53334e-09, 2.29467e-36, 10.6764, 0.8964, 0.000152847, 272.465
1369, 9.27541e-06, 3.78865e-11, 5.25833e-13, 0, 4.21424e-13, 1.67468e-12, 0, 0, 4.05084e-11, 1.41761e-09, 2.91154e-35, 11.5881, 0.8967, 0.000152547, 271.904
1370, 8.0479e-06, 3.86708e-11, 5.73911e-13, 0, 3.8401e-13, 1.43872e-12, 0, 0, 4.10674e-11, 1.2277e-09, 1.66565e-33, 11.7301, 0.897, 0.000152202, 271.827
1371, 2.1676e-05, 3.9727e-11, 5.66492e-13, 0, 7.1453e-13, 4.23247e-12, 0, 0, 4.52405e-11, 3.29627e-09, 4.4266e-32, 10.7393, 0.8973, 0.000152069, 272.337
1372, 0.000117493, 4.03644e-11, 6.45288e-13, 0, 3.25712e-12, 2.37527e-11, 0, 0, 6.80195e-11, 1.7863e-08, 1.05344e-30, 9.04913, 0.897599, 0.000152034, 275.076
1373, 0.000390464, 4.04626e-11, 8.31917e-13, 0, 1.02524e-11, 7.98679e-11, 0, 0, 1.31415e-10, 5.93634e-08, 1.59928e-29, 7.84818, 0.8979, 0.000151908, 279.734
1374, 0.000850995, 4.06048e-11, 1.00592e-12, 0, 2.14733e-11, 1.75324e-10, 0, 0, 2.38408e-10, 1.29326e-07, 2.60819e-28, 7.0691, 0.8982, 0.000151702, 284.075
1375, 0.00142463, 4.10756e-11, 1.11254e-12, 0, 3.49752e-11, 2.95057e-10, 0, 0, 3.7222e-10, 2.16378e-07, 3.60373e-27, 6.55384, 0.8985, 0.000151506, 287.37
1376, 0.00191437, 4.18713e-11, 1.16432e-12, 0, 4.63254e-11, 3.99803e-10, 0, 0, 4.89164e-10, 2.90503e-07, 2.53791e-26, 6.25837, 0.8988, 0.000151423, 289.361
1377, 0.00262118, 4.26097e-11, 1.22777e-12, 0, 6.26504e-11, 5.54321e-10, 0, 0, 6.60809e-10, 3.97337e-07, 7.63303e-26, 5.94413, 0.8991, 0.000151399, 291.608
1378, 0.00279761, 4.36345e-11, 1.25551e-12, 0, 6.66787e-11, 5.93232e-10, 0, 0, 7.04801e-10, 4.23891e-07, 9.51833e-26, 5.87899, 0.8994, 0.000151357, 291.951
1379, 0.00165916, 4.56302e-11, 1.13776e-12, 0, 4.01124e-11, 3.47412e-10, 0, 0, 4.34292e-10, 2.51317e-07, 4.9004e-26, 6.40144, 0.8997, 0.000151252, 287.871
1380, 0.000628305, 4.81063e-11, 9.27772e-13, 0, 1.58162e-11, 1.27046e-10, 0, 0, 1.91897e-10, 9.51172e-08, 1.04103e-26, 7.37249, 0.9, 0.000151158, 281.35
1381, 0.00018633, 5.05268e-11, 7.19716e-13, 0, 4.98158e-12, 3.62604e-11, 0, 0, 9.24886e-11, 2.81915e-08, 9.12487e-28, 8.58799, 0.9003, 0.000151072, 275.742
1382, 3.99927e-05, 5.24569e-11, 6.0552e-13, 0, 1.21474e-12, 7.50184e-12, 0, 0, 6.1779e-11, 6.04679e-09, 3.30114e-29, 10.1268, 0.9006, 0.000150965, 272.657
1383, 1.0129e-05, 5.38905e-11, 5.93523e-13, 0, 3.88226e-13, 1.80003e-12, 0, 0, 5.66723e-11, 1.52836e-09, 4.99097e-31, 11.5001, 0.9009, 0.000150848, 271.871
1384, 2.39967e-05, 5.46571e-11, 7.25281e-13, 0, 7.6944e-13, 4.49362e-12, 0, 0, 6.06454e-11, 3.61036e-09, 1.85261e-30, 10.6376, 0.9012, 0.000150716, 272.182
1385, 0.000138563, 5.51318e-11, 9.12204e-13, 0, 3.64458e-12, 2.70521e-11, 0, 0, 8.67409e-11, 2.08331e-08, 1.2893e-28, 8.88418, 0.9015, 0.000150579, 274.584
1386, 0.000491683, 5.52643e-11, 1.15517e-12, 0, 1.21283e-11, 9.72597e-11, 0, 0, 1.65807e-10, 7.39047e-08, 3.66115e-27, 7.61768, 0.9018, 0.000150445, 279.194
1387, 0.0010147, 5.56783e-11, 1.33531e-12, 0, 2.43286e-11, 2.03221e-10, 0, 0, 2.84563e-10, 1.5244e-07, 4.36279e-26, 6.89316, 0.9021, 0.000150311, 283.134
1388, 0.00189299, 5.64365e-11, 1.43716e-12, 0, 4.42468e-11, 3.87744e-10, 0, 0, 4.89864e-10, 2.84102e-07, 2.28083e-25, 6.2696, 0.9024, 0.000150175, 287.216
1389, 0.00347607, 5.60762e-11, 1.74342e-12, 0, 7.99303e-11, 7.19662e-10, 0, 0, 8.57412e-10, 5.21318e-07, 6.51842e-25, 5.66185, 0.9027, 0.000150042, 291.561
1390, 0.0046677, 5.60295e-11, 2.01772e-12, 0, 1.06401e-10, 9.68598e-10, 0, 0, 1.13304e-09, 6.99583e-07, 1.50504e-24, 5.36709, 0.903, 0.000149902, 293.685
1391, 0.00458083, 5.79672e-11, 1.96343e-12, 0, 1.04069e-10, 9.55076e-10, 0, 0, 1.11907e-09, 6.86078e-07, 2.48933e-24, 5.38587, 0.903299, 0.00014975, 293.401
1392, 0.00316269, 6.12806e-11, 1.69234e-12, 0, 7.19743e-11, 6.5774e-10, 0, 0, 7.92688e-10, 4.73393e-07, 2.0171e-24, 5.75633, 0.9036, 0.000149606, 290.379
1393, 0.00172289, 6.37043e-11, 1.60104e-12, 0, 3.95449e-11, 3.46822e-10, 0, 0, 4.51672e-10, 2.57666e-07, 7.25694e-25, 6.36375, 0.9039, 0.000149473, 285.685
1394, 0.000965957, 6.60517e-11, 1.51115e-12, 0, 2.25472e-11, 1.86477e-10, 0, 0, 2.76587e-10, 1.44336e-07, 1.46488e-24, 6.94239, 0.904201, 0.000149342, 281.687
1395, 0.000564894, 6.96596e-11, 1.16822e-12, 0, 1.32672e-11, 1.11143e-10, 0, 0, 1.95238e-10, 8.42786e-08, 2.66206e-23, 7.47887, 0.9045, 0.000149214, 278.861
1396, 0.00149236, 7.12803e-11, 1.16926e-12, 0, 3.38985e-11, 3.17703e-10, 0, 0, 4.24051e-10, 2.22162e-07, 2.14016e-22, 6.50739, 0.9048, 0.00014909, 284.659
1397, 0.00480474, 6.91362e-11, 1.8195e-12, 0, 1.08316e-10, 1.03036e-09, 0, 0, 1.20963e-09, 7.15095e-07, 7.11386e-22, 5.33815, 0.9051, 0.00014896, 292.966
1398, 0.00751972, 6.73803e-11, 2.41915e-12, 0, 1.68774e-10, 1.60567e-09, 0, 0, 1.84425e-09, 1.11904e-06, 1.16841e-21, 4.89023, 0.905399, 0.000148823, 296.342
1399, 0.00576664, 7.0905e-11, 2.17355e-12, 0, 1.28824e-10, 1.22109e-09, 0, 0, 1.423e-09, 8.58001e-07, 7.12413e-21, 5.15567, 0.905692, 0.000148684, 293.966
1400, 0.00285375, 7.69444e-11, 1.50101e-12, 0, 6.47157e-11, 6.12866e-10, 0, 0, 7.56027e-10, 4.24244e-07, 9.02646e-20, 5.85912, 0.905966, 0.000148558, 288.568
1401, 0.00433869, 7.88277e-11, 1.48272e-12, 0, 1.03563e-10, 9.9523e-10, 0, 0, 1.1791e-09, 6.43723e-07, 5.09462e-19, 5.44018, 0.906212, 0.000148458, 292.036
1402, 0.00973631, 7.60678e-11, 2.22543e-12, 0, 2.32521e-10, 2.24111e-09, 0, 0, 2.55192e-09, 1.44411e-06, 1.18721e-18, 4.63189, 0.906439, 0.000148361, 298.41
1403, 0.0109592, 7.57178e-11, 2.64768e-12, 0, 2.58123e-10, 2.48642e-09, 0, 0, 2.82291e-09, 1.62526e-06, 1.14086e-18, 4.51357, 0.90666, 0.00014824, 299.106
1404, 0.0069581, 8.02037e-11, 2.32852e-12, 0, 1.59815e-10, 1.53639e-09, 0, 0, 1.77874e-09, 1.03141e-06, 4.5324e-19, 4.96785, 0.90688, 0.000148096, 294.95
1405, 0.0057893, 8.32659e-11, 2.18401e-12, 0, 1.30318e-10, 1.25523e-09, 0, 0, 1.471e-09, 8.57101e-07, 7.90419e-20, 5.15174, 0.9071, 0.000148, 293.168
1406, 0.00782008, 8.35918e-11, 2.45493e-12, 0, 1.75986e-10, 1.70162e-09, 0, 0, 1.96365e-09, 1.157e-06, 1.57852e-20, 4.85106, 0.90732, 0.000147949, 295.432
1407, 0.00872071, 8.50341e-11, 2.57284e-12, 0, 1.96468e-10, 1.90388e-09, 0, 0, 2.18796e-09, 1.28951e-06, 3.85582e-20, 4.74205, 0.90754, 0.000147877, 296.178
1408, 0.00903106, 8.67575e-11, 2.68004e-12, 0, 2.03721e-10, 1.97846e-09, 0, 0, 2.27162e-09, 1.3345e-06, 1.87957e-17, 4.70709, 0.90776, 0.000147783, 296.32
1409, 0.00804372, 8.95316e-11, 2.65971e-12, 0, 1.83537e-10, 1.77919e-09, 0, 0, 2.05492e-09, 1.18789e-06, 9.0441e-16, 4.82286, 0.90798, 0.000147685, 295.281
1410, 0.00945463, 9.06934e-11, 2.87187e-12, 0, 2.35991e-10, 2.2498e-09, 0, 0, 2.57935e-09, 1.39477e-06, 1.85897e-14, 4.66125, 0.9082, 0.000147587, 297.055
1411, 0.0195313, 8.81945e-11, 3.50493e-12, 0, 5.70154e-10, 5.28002e-09, 0, 0, 5.94188e-09, 2.87899e-06, 1.58524e-13, 3.93574, 0.90842, 0.000147487, 304.268
1412, 0.0381018, 8.50965e-11, 4.02917e-12, 0, 1.24898e-09, 1.12977e-08, 0, 0, 1.26358e-08, 5.61388e-06, 5.6206e-13, 3.26749, 0.908641, 0.000147387, 311.089
1413, 0.0470596, 8.63457e-11, 4.04105e-12, 0, 1.61714e-09, 1.44751e-08, 0, 0, 1.61827e-08, 6.93195e-06, 8.82085e-13, 3.05634, 0.908861, 0.000147283, 313.269
1414, 0.0341429, 9.38319e-11, 3.52059e-12, 0, 1.19261e-09, 1.06097e-08, 0, 0, 1.18997e-08, 5.02527e-06, 1.25836e-12, 3.3772, 0.909081, 0.000147159, 310.148
1415, 0.0339139, 9.59247e-11, 3.627e-12, 0, 1.25082e-09, 1.09318e-08, 0, 0, 1.22822e-08, 4.97515e-06, 3.97343e-12, 3.38393, 0.9093, 0.000146971, 310.261
1416, 0.0559662, 8.95987e-11, 4.61797e-12, 0, 2.08515e-09, 1.8179e-08, 0, 0, 2.03584e-08, 8.19586e-06, 8.06813e-12, 2.88301, 0.90952, 0.000146719, 314.932
1417, 0.0612456, 8.85386e-11, 5.10285e-12, 0, 2.15403e-09, 1.9089e-08, 0, 0, 2.13367e-08, 8.96837e-06, 6.9817e-12, 2.79286, 0.90974, 0.00014662, 315.203
1418, 0.0461807, 9.61298e-11, 4.6484e-12, 0, 1.47669e-09, 1.34743e-08, 0, 0, 1.50518e-08, 6.76879e-06, 2.53832e-12, 3.07519, 0.909961, 0.00014668, 311.639
1419, 0.0322186, 1.04788e-10, 4.04243e-12, 0, 9.8127e-10, 9.10297e-09, 0, 0, 1.01931e-08, 4.72513e-06, 8.64615e-13, 3.43521, 0.91018, 0.000146671, 307.768
1420, 0.0365083, 1.05588e-10, 4.29998e-12, 0, 1.20003e-09, 1.08741e-08, 0, 0, 1.21841e-08, 5.35008e-06, 5.47848e-12, 3.31022, 0.910399, 0.000146591, 309.259
1421, 0.064156, 9.84927e-11, 5.26727e-12, 0, 2.44258e-09, 2.12097e-08, 0, 0, 2.3756e-08, 9.39581e-06, 2.69456e-11, 2.74644, 0.91062, 0.000146503, 315.506
1422, 0.0877325, 9.46074e-11, 5.82224e-12, 0, 3.67637e-09, 3.11045e-08, 0, 0, 3.48813e-08, 1.28442e-05, 5.67391e-11, 2.43346, 0.910841, 0.000146411, 319.139
1423, 0.0840444, 9.93221e-11, 5.63688e-12, 0, 3.56403e-09, 3.00754e-08, 0, 0, 3.37443e-08, 1.22979e-05, 5.3488e-11, 2.47641, 0.91106, 0.000146311, 318.617
1424, 0.0840442, 1.01827e-10, 5.69367e-12, 0, 3.47204e-09, 2.95523e-08, 0, 0, 3.31318e-08, 1.22876e-05, 3.93428e-11, 2.47641, 0.91128, 0.000146198, 318.245
1425, 0.0978256, 9.98121e-11, 6.18881e-12, 0, 4.3039e-09, 3.59521e-08, 0, 0, 4.03621e-08, 1.42927e-05, 8.73089e-11, 2.32457, 0.911499, 0.000146064, 320.047
1426, 0.107102, 9.97009e-11, 6.5387e-12, 0, 5.26383e-09, 4.25357e-08, 0, 0, 4.79058e-08, 1.56389e-05, 1.94548e-10, 2.23398, 0.91172, 0.000145955, 321.605
1427, 0.0948611, 1.05076e-10, 6.55513e-12, 0, 4.80048e-09, 3.83636e-08, 0, 0, 4.32757e-08, 1.38452e-05, 2.17987e-10, 2.35534, 0.91194, 0.000145889, 320.377
1428, 0.0772038, 1.12053e-10, 6.42632e-12, 0, 3.86143e-09, 3.08284e-08, 0, 0, 3.48083e-08, 1.12585e-05, 2.17106e-10, 2.56131, 0.91216, 0.000145813, 317.988
1429, 0.106004, 1.07494e-10, 6.87221e-12, 0, 5.8648e-09, 4.54424e-08, 0, 0, 5.14216e-08, 1.5444e-05, 5.18331e-10, 2.24428, 0.91238, 0.000145713, 321.764
1430, 0.145863, 1.00031e-10, 7.47183e-12, 0, 8.7182e-09, 6.59021e-08, 0, 0, 7.47278e-08, 2.12436e-05, 9.99265e-10, 1.92508, 0.9126, 0.000145589, 325.463
1431, 0.124217, 1.0834e-10, 7.26447e-12, 0, 7.36213e-09, 5.53488e-08, 0, 0, 6.28265e-08, 1.80856e-05, 9.22242e-10, 2.08572, 0.91282, 0.000145465, 323.457
1432, 0.0800789, 1.21484e-10, 6.90689e-12, 0, 3.81288e-09, 2.9949e-08, 0, 0, 3.38903e-08, 1.16498e-05, 3.87063e-10, 2.52474, 0.91304, 0.000145388, 316.972
1433, 0.0793283, 1.21772e-10, 7.37665e-12, 0, 2.78342e-09, 2.38828e-08, 0, 0, 2.67953e-08, 1.15277e-05, 1.07083e-10, 2.53416, 0.91326, 0.000145294, 314.455
1434, 0.0915868, 1.19349e-10, 7.98076e-12, 0, 3.0953e-09, 2.70854e-08, 0, 0, 3.0308e-08, 1.33019e-05, 5.61102e-11, 2.39047, 0.91348, 0.000145197, 315.488
1435, 0.100844, 1.18527e-10, 8.42243e-12, 0, 3.49186e-09, 3.04241e-08, 0, 0, 3.40429e-08, 1.46404e-05, 4.97856e-11, 2.29418, 0.913701, 0.000145151, 316.459
1436, 0.101183, 1.21245e-10, 8.58812e-12, 0, 3.52376e-09, 3.0604e-08, 0, 0, 3.42576e-08, 1.46831e-05, 5.12792e-11, 2.29082, 0.91392, 0.000145096, 316.336
1437, 0.086839, 1.30581e-10, 8.23128e-12, 0, 3.03105e-09, 2.63283e-08, 0, 0, 2.94982e-08, 1.25886e-05, 6.92002e-11, 2.4437, 0.91414, 0.000144986, 314.665
1438, 0.0929731, 1.32795e-10, 8.32947e-12, 0, 3.50982e-09, 3.00184e-08, 0, 0, 3.36694e-08, 1.34442e-05, 1.55603e-10, 2.37545, 0.91436, 0.000144776, 315.793
1439, 0.115493, 1.27321e-10, 9.06665e-12, 0, 4.46703e-09, 3.80045e-08, 0, 0, 4.2608e-08, 1.66125e-05, 2.22782e-10, 2.15854, 0.91458, 0.000144249, 317.971
1440, 0.118243, 1.27355e-10, 9.5885e-12, 0, 4.23768e-09, 3.66529e-08, 0, 0, 4.10275e-08, 1.68508e-05, 1.64398e-10, 2.13501, 0.9148, 0.000143376, 317.404
1441, 0.105761, 1.32827e-10, 9.79654e-12, 0, 3.38497e-09, 3.01643e-08, 0, 0, 3.36919e-08, 1.49788e-05, 7.50228e-11, 2.24658, 0.91502, 0.00014285, 315.246
1442, 0.106352, 1.36145e-10, 9.93258e-12, 0, 3.40137e-09, 3.04405e-08, 0, 0, 3.39879e-08, 1.50671e-05, 5.06009e-11, 2.241, 0.915239, 0.000142627, 315.149
1443, 0.13123, 1.32632e-10, 1.03168e-11, 0, 4.72259e-09, 4.0997e-08, 0, 0, 4.58624e-08, 1.86018e-05, 9.72703e-11, 2.03081, 0.91546, 0.000142512, 317.975
1444, 0.143049, 1.3357e-10, 1.05152e-11, 0, 5.49341e-09, 4.6963e-08, 0, 0, 5.26004e-08, 2.0305e-05, 1.32343e-10, 1.94457, 0.91568, 0.000142756, 319.185
1445, 0.118491, 1.48331e-10, 9.89098e-12, 0, 4.62343e-09, 3.93842e-08, 0, 0, 4.41659e-08, 1.68725e-05, 1.74646e-10, 2.13292, 0.9159, 0.000143138, 317.223
1446, 0.10974, 1.55774e-10, 9.79348e-12, 0, 4.94786e-09, 4.01078e-08, 0, 0, 4.52212e-08, 1.57105e-05, 7.19522e-10, 2.20964, 0.91612, 0.000143505, 317.278
1447, 0.155548, 1.4092e-10, 1.11254e-11, 0, 9.05622e-09, 6.82122e-08, 0, 0, 7.74204e-08, 2.2335e-05, 2.35292e-09, 1.8608, 0.91634, 0.000143716, 322.625
1448, 0.208106, 1.2462e-10, 1.24047e-11, 0, 1.32967e-08, 9.80771e-08, 0, 0, 1.11511e-07, 2.99139e-05, 3.63699e-09, 1.56971, 0.916558, 0.000143793, 326.302
1449, 0.19729, 1.32592e-10, 1.23519e-11, 0, 1.20522e-08, 9.01239e-08, 0, 0, 1.02321e-07, 2.83721e-05, 2.81392e-09, 1.62308, 0.916768, 0.000143801, 325.195
1450, 0.133277, 1.62836e-10, 1.10212e-11, 0, 7.17119e-09, 5.54874e-08, 0, 0, 6.28324e-08, 1.91636e-05, 1.23494e-09, 2.01533, 0.916949, 0.000143739, 319.898
1451, 0.106555, 1.76985e-10, 1.06603e-11, 0, 4.9673e-09, 4.0057e-08, 0, 0, 4.5212e-08, 1.53028e-05, 5.99231e-10, 2.2391, 0.917088, 0.000143636, 316.356
1452, 0.151286, 1.59722e-10, 1.21529e-11, 0, 8.05139e-09, 6.20966e-08, 0, 0, 7.03198e-08, 2.16732e-05, 2.0516e-09, 1.88858, 0.917199, 0.000143453, 320.693
1453, 0.223657, 1.34695e-10, 1.37374e-11, 0, 1.49398e-08, 1.07627e-07, 0, 0, 1.22715e-07, 3.18439e-05, 6.39034e-09, 1.49764, 0.9173, 0.000142916, 326.39
1454, 0.263966, 1.23987e-10, 1.45161e-11, 0, 1.93505e-08, 1.35846e-07, 0, 0, 1.55335e-07, 3.7201e-05, 9.26672e-09, 1.33193, 0.9174, 0.000141877, 328.758
1455, 0.251389, 1.31142e-10, 1.47099e-11, 0, 1.76891e-08, 1.25642e-07, 0, 0, 1.43477e-07, 3.52683e-05, 7.6664e-09, 1.38075, 0.9175, 0.00014142, 327.704
1456, 0.256778, 1.31538e-10, 1.51373e-11, 0, 1.84022e-08, 1.30583e-07, 0, 0, 1.49132e-07, 3.63828e-05, 8.3342e-09, 1.35954, 0.9176, 0.00014212, 327.937
1457, 0.294036, 1.22429e-10, 1.57006e-11, 0, 2.3914e-08, 1.64218e-07, 0, 0, 1.8827e-07, 4.19909e-05, 1.40058e-08, 1.22405, 0.917701, 0.000142817, 330.304
1458, 0.329793, 1.14111e-10, 1.61686e-11, 0, 3.03464e-08, 2.01292e-07, 0, 0, 2.31768e-07, 4.71981e-05, 2.25065e-08, 1.10929, 0.9178, 0.000143095, 332.427
1459, 0.330077, 1.1661e-10, 1.65233e-11, 0, 3.12865e-08, 2.05249e-07, 0, 0, 2.36668e-07, 4.72914e-05, 2.53929e-08, 1.10843, 0.9179, 0.000143274, 332.472
1460, 0.278438, 1.37106e-10, 1.65027e-11, 0, 2.33406e-08, 1.57552e-07, 0, 0, 1.81046e-07, 3.99161e-05, 1.69674e-08, 1.27856, 0.918, 0.00014336, 329.308
1461, 0.244193, 1.51711e-10, 1.66547e-11, 0, 1.77591e-08, 1.24945e-07, 0, 0, 1.42873e-07, 3.49939e-05, 9.99412e-09, 1.4098, 0.9181, 0.000143305, 326.536
1462, 0.250631, 1.53814e-10, 1.696e-11, 0, 1.9492e-08, 1.35041e-07, 0, 0, 1.54704e-07, 3.58884e-05, 1.17152e-08, 1.38377, 0.9182, 0.000143174, 327.213
1463, 0.26376, 1.56153e-10, 1.69519e-11, 0, 2.29527e-08, 1.54316e-07, 0, 0, 1.77442e-07, 3.77068e-05, 1.65182e-08, 1.33272, 0.918301, 0.000142971, 328.524
1464, 0.285657, 1.54814e-10, 1.70034e-11, 0, 2.69286e-08, 1.7725e-07, 0, 0, 2.0435e-07, 4.07769e-05, 2.19419e-08, 1.25296, 0.918401, 0.000142817, 329.893
1465, 0.258935, 1.70685e-10, 1.68714e-11, 0, 2.31157e-08, 1.53907e-07, 0, 0, 1.7721e-07, 3.6966e-05, 1.82364e-08, 1.35118, 0.9185, 0.000142829, 328.136
1466, 0.187791, 2.00951e-10, 1.68141e-11, 0, 1.27738e-08, 9.10848e-08, 0, 0, 1.04076e-07, 2.68223e-05, 7.31761e-09, 1.67243, 0.9186, 0.000142851, 322.219
1467, 0.166892, 2.09216e-10, 1.74977e-11, 0, 8.74248e-09, 6.77349e-08, 0, 0, 7.6704e-08, 2.38265e-05, 2.31845e-09, 1.79041, 0.9187, 0.000142784, 318.841
1468, 0.198354, 1.97181e-10, 1.85715e-11, 0, 1.13282e-08, 8.60831e-08, 0, 0, 9.7627e-08, 2.83008e-05, 2.92041e-09, 1.6177, 0.9188, 0.000142692, 321.178
1469, 0.192977, 2.06223e-10, 1.86632e-11, 0, 1.14047e-08, 8.57148e-08, 0, 0, 9.73443e-08, 2.75242e-05, 3.29053e-09, 1.64518, 0.9189, 0.000142609, 320.964
1470, 0.142225, 2.39981e-10, 1.76706e-11, 0, 7.20267e-09, 5.6374e-08, 0, 0, 6.38343e-08, 2.02745e-05, 1.67175e-09, 1.95034, 0.919, 0.00014252, 316.406
1471, 0.117378, 2.59533e-10, 1.73123e-11, 0, 4.76054e-09, 4.00433e-08, 0, 0, 4.50807e-08, 1.67172e-05, 5.57101e-10, 2.14235, 0.9191, 0.000142426, 312.709
1472, 0.138828, 2.5247e-10, 1.81623e-11, 0, 6.33582e-09, 5.10322e-08, 0, 0, 5.76386e-08, 1.97521e-05, 2.35167e-09, 1.97452, 0.9192, 0.000142326, 315.006
1473, 0.1974, 2.26829e-10, 1.95717e-11, 0, 1.42295e-08, 9.88609e-08, 0, 0, 1.13337e-07, 2.80513e-05, 1.46029e-08, 1.62252, 0.9193, 0.000142196, 321.841
1474, 0.283708, 1.89334e-10, 2.11185e-11, 0, 2.95565e-08, 1.87024e-07, 0, 0, 2.16791e-07, 4.02821e-05, 4.2323e-08, 1.25981, 0.9194, 0.000142053, 328.683
1475, 0.31999, 1.76705e-10, 2.19906e-11, 0, 3.67718e-08, 2.2784e-07, 0, 0, 2.6481e-07, 4.54227e-05, 5.57716e-08, 1.13947, 0.9195, 0.00014194, 330.726
1476, 0.269656, 2.04243e-10, 2.20927e-11, 0, 2.65599e-08, 1.70912e-07, 0, 0, 1.97699e-07, 3.82484e-05, 3.45146e-08, 1.31061, 0.9196, 0.000141754, 327.296
1477, 0.224792, 2.30625e-10, 2.2052e-11, 0, 1.6955e-08, 1.17998e-07, 0, 0, 1.35205e-07, 3.17556e-05, 1.37041e-08, 1.49258, 0.9197, 0.000141379, 322.991
1478, 0.233693, 2.32488e-10, 2.23763e-11, 0, 1.73717e-08, 1.22284e-07, 0, 0, 1.3991e-07, 3.28081e-05, 1.13802e-08, 1.45375, 0.9198, 0.000140973, 323.175
1479, 0.246433, 2.31399e-10, 2.29676e-11, 0, 1.91212e-08, 1.33379e-07, 0, 0, 1.52754e-07, 3.45759e-05, 1.27492e-08, 1.40067, 0.9199, 0.000140954, 323.938
1480, 0.235441, 2.43561e-10, 2.31427e-11, 0, 1.83481e-08, 1.27953e-07, 0, 0, 1.46568e-07, 3.31557e-05, 1.20551e-08, 1.4463, 0.92, 0.000141218, 323.31
1481, 0.251371, 2.41398e-10, 2.35682e-11, 0, 2.17937e-08, 1.47426e-07, 0, 0, 1.69485e-07, 3.54752e-05, 1.83491e-08, 1.38083, 0.9201, 0.000141312, 324.697
1482, 0.298005, 2.18983e-10, 2.47878e-11, 0, 2.99151e-08, 1.93941e-07, 0, 0, 2.241e-07, 4.20643e-05, 3.51509e-08, 1.21064, 0.9202, 0.00014126, 327.573
1483, 0.342126, 1.9528e-10, 2.62603e-11, 0, 3.75928e-08, 2.36967e-07, 0, 0, 2.74782e-07, 4.82552e-05, 5.45059e-08, 1.07258, 0.9203, 0.000141117, 329.658
1484, 0.343827, 1.96551e-10, 2.7109e-11, 0, 3.77135e-08, 2.36924e-07, 0, 0, 2.74862e-07, 4.84537e-05, 5.79522e-08, 1.06762, 0.9204, 0.000140934, 329.476
1485, 0.320484, 2.1395e-10, 2.74988e-11, 0, 3.26603e-08, 2.09383e-07, 0, 0, 2.42285e-07, 4.51448e-05, 4.53509e-08, 1.13792, 0.9205, 0.000140763, 327.886
1486, 0.292497, 2.3381e-10, 2.79005e-11, 0, 2.62529e-08, 1.74444e-07, 0, 0, 2.00959e-07, 4.10707e-05, 2.93685e-08, 1.2293, 0.9206, 0.000140361, 325.642
1487, 0.280538, 2.44044e-10, 2.84615e-11, 0, 2.43309e-08, 1.6176e-07, 0, 0, 1.86364e-07, 3.88895e-05, 2.98865e-08, 1.27105, 0.9207, 0.000139083, 324.636
1488, 0.325605, 2.23513e-10, 2.91947e-11, 0, 3.62318e-08, 2.2305e-07, 0, 0, 2.59534e-07, 4.47136e-05, 7.25144e-08, 1.12207, 0.9208, 0.000137717, 328.101
1489, 0.400238, 1.89204e-10, 2.97035e-11, 0, 5.96293e-08, 3.41826e-07, 0, 0, 4.01674e-07, 5.54853e-05, 1.67503e-07, 0.915696, 0.9209, 0.000138449, 332.852
1490, 0.45829, 1.65583e-10, 2.994e-11, 0, 8.35195e-08, 4.5813e-07, 0, 0, 5.41845e-07, 6.42089e-05, 2.83068e-07, 0.780254, 0.921, 0.00013997, 336.133
1491, 0.468415, 1.64636e-10, 3.04994e-11, 0, 8.78797e-08, 4.79989e-07, 0, 0, 5.68063e-07, 6.58312e-05, 3.02496e-07, 0.7584, 0.9211, 0.000140521, 336.5
1492, 0.451646, 1.72195e-10, 3.16701e-11, 0, 7.81273e-08, 4.35002e-07, 0, 0, 5.13333e-07, 6.34805e-05, 2.51823e-07, 0.794857, 0.9212, 0.000140553, 335.13
1493, 0.463833, 1.64589e-10, 3.2728e-11, 0, 8.2913e-08, 4.56923e-07, 0, 0, 5.40033e-07, 6.51759e-05, 2.87767e-07, 0.768231, 0.9213, 0.00014052, 335.536
1494, 0.478293, 1.61102e-10, 3.32926e-11, 0, 9.00465e-08, 4.90281e-07, 0, 0, 5.80522e-07, 6.7186e-05, 3.31517e-07, 0.737533, 0.9214, 0.00014048, 336.197
1495, 0.472968, 1.70797e-10, 3.36515e-11, 0, 8.75995e-08, 4.79473e-07, 0, 0, 5.67278e-07, 6.63132e-05, 3.17226e-07, 0.748727, 0.9215, 0.000140291, 335.741
1496, 0.486234, 1.70393e-10, 3.37967e-11, 0, 9.65306e-08, 5.19502e-07, 0, 0, 6.16236e-07, 6.77336e-05, 3.82865e-07, 0.721066, 0.9216, 0.000139627, 336.527
1497, 0.519547, 1.56363e-10, 3.40969e-11, 0, 1.16248e-07, 6.08823e-07, 0, 0, 7.25261e-07, 7.19548e-05, 5.19236e-07, 0.654797, 0.9217, 0.00013893, 338.27
1498, 0.53824, 1.46756e-10, 3.49061e-11, 0, 1.2578e-07, 6.52341e-07, 0, 0, 7.78302e-07, 7.47355e-05, 5.82759e-07, 0.619451, 0.921796, 0.000139144, 338.926
1499, 0.554809, 1.37291e-10, 3.57273e-11, 0, 1.34616e-07, 6.89529e-07, 0, 0, 8.24318e-07, 7.71447e-05, 6.57495e-07, 0.589131, 0.921873, 0.000139265, 339.428
1500, 0.584476, 1.2269e-10, 3.61474e-11, 0, 1.55212e-07, 7.76281e-07, 0, 0, 9.31651e-07, 8.07954e-05, 8.35077e-07, 0.53704, 0.921881, 0.000138506, 340.717
1501, 0.600387, 1.18284e-10, 3.65511e-11, 0, 1.67689e-07, 8.30271e-07, 0, 0, 9.98114e-07, 8.2684e-05, 9.35782e-07, 0.510181, 0.921792, 0.000137942, 341.366
1502, 0.576819, 1.36449e-10, 3.74919e-11, 0, 1.5205e-07, 7.62251e-07, 0, 0, 9.14474e-07, 7.89373e-05, 8.13209e-07, 0.550227, 0.921637, 0.000137035, 340.119
1503, 0.522479, 1.71659e-10, 3.89475e-11, 0, 1.16413e-07, 6.03423e-07, 0, 0, 7.20047e-07, 7.03849e-05, 5.532e-07, 0.64917, 0.921459, 0.000134896, 337.072
1504, 0.490668, 1.93415e-10, 4.01068e-11, 0, 9.82598e-08, 5.20496e-07, 0, 0, 6.18989e-07, 6.53622e-05, 4.32458e-07, 0.711987, 0.92128, 0.000132935, 335.102
1505, 0.533206, 1.69627e-10, 4.03073e-11, 0, 1.27398e-07, 6.48479e-07, 0, 0, 7.76087e-07, 7.17587e-05, 6.66558e-07, 0.628848, 0.921099, 0.000133453, 337.594
1506, 0.603491, 1.29356e-10, 4.00967e-11, 0, 1.76178e-07, 8.62508e-07, 0, 0, 1.03886e-06, 8.27454e-05, 1.06351e-06, 0.505024, 0.92092, 0.000136206, 340.92
1507, 0.620451, 1.23249e-10, 4.05873e-11, 0, 1.90884e-07, 9.25648e-07, 0, 0, 1.11669e-06, 8.56834e-05, 1.19689e-06, 0.477308, 0.92074, 0.00013763, 341.615
1508, 0.58503, 1.49563e-10, 4.18957e-11, 0, 1.67707e-07, 8.23694e-07, 0, 0, 9.91592e-07, 8.04622e-05, 1.01844e-06, 0.536092, 0.92056, 0.000136893, 339.984
1509, 0.573895, 1.58747e-10, 4.28773e-11, 0, 1.59243e-07, 7.86862e-07, 0, 0, 9.46306e-07, 7.87288e-05, 9.56981e-07, 0.555309, 0.92038, 0.000136491, 339.233
1510, 0.610279, 1.35743e-10, 4.32085e-11, 0, 1.80053e-07, 8.80161e-07, 0, 0, 1.06039e-06, 8.40715e-05, 1.12398e-06, 0.493839, 0.9202, 0.000137388, 340.428
1511, 0.637125, 1.19439e-10, 4.36973e-11, 0, 1.94731e-07, 9.46298e-07, 0, 0, 1.14119e-06, 8.79139e-05, 1.24245e-06, 0.45079, 0.92002, 0.000137898, 341.138
1512, 0.635826, 1.23035e-10, 4.45865e-11, 0, 1.92301e-07, 9.36151e-07, 0, 0, 1.12862e-06, 8.7331e-05, 1.22609e-06, 0.45283, 0.91984, 0.000137261, 340.817
1513, 0.621257, 1.3524e-10, 4.57413e-11, 0, 1.77805e-07, 8.74336e-07, 0, 0, 1.05232e-06, 8.44627e-05, 1.10312e-06, 0.47601, 0.91966, 0.000135732, 339.78
1514, 0.620841, 1.37632e-10, 4.66182e-11, 0, 1.76583e-07, 8.6851e-07, 0, 0, 1.04528e-06, 8.40658e-05, 1.10857e-06, 0.47668, 0.91948, 0.000135119, 339.514
1515, 0.636422, 1.29963e-10, 4.71319e-11, 0, 1.93298e-07, 9.38855e-07, 0, 0, 1.13233e-06, 8.67457e-05, 1.281e-06, 0.451894, 0.9193, 0.000136115, 340.303
1516, 0.637667, 1.32265e-10, 4.80069e-11, 0, 1.9504e-07, 9.4772e-07, 0, 0, 1.14294e-06, 8.71843e-05, 1.30079e-06, 0.449939, 0.91912, 0.000136652, 340.233
1517, 0.627999, 1.41463e-10, 4.91658e-11, 0, 1.83653e-07, 9.01575e-07, 0, 0, 1.08542e-06, 8.56636e-05, 1.19149e-06, 0.465217, 0.91894, 0.000136354, 339.42
1518, 0.628029, 1.43908e-10, 5.01102e-11, 0, 1.80178e-07, 8.87336e-07, 0, 0, 1.06771e-06, 8.51214e-05, 1.16333e-06, 0.46517, 0.91876, 0.000135523, 339.037
1519, 0.636487, 1.40427e-10, 5.08663e-11, 0, 1.83353e-07, 8.99933e-07, 0, 0, 1.08348e-06, 8.52262e-05, 1.20484e-06, 0.451791, 0.91858, 0.000133943, 339.031
1520, 0.654348, 1.30138e-10, 5.13294e-11, 0, 1.99759e-07, 9.67927e-07, 0, 0, 1.16787e-06, 8.74655e-05, 1.3837e-06, 0.424116, 0.9184, 0.00013366, 339.76
1521, 0.673043, 1.19267e-10, 5.16999e-11, 0, 2.22163e-07, 1.06176e-06, 0, 0, 1.28409e-06, 9.1e-05, 1.62644e-06, 0.395945, 0.91822, 0.000135172, 340.738
1522, 0.683236, 1.14311e-10, 5.23057e-11, 0, 2.34434e-07, 1.11372e-06, 0, 0, 1.34832e-06, 9.3013e-05, 1.76534e-06, 0.380915, 0.91804, 0.000136128, 341.154
1523, 0.686384, 1.14428e-10, 5.31857e-11, 0, 2.36329e-07, 1.12314e-06, 0, 0, 1.35963e-06, 9.34652e-05, 1.79122e-06, 0.376318, 0.91786, 0.000136169, 341.073
1524, 0.681388, 1.20534e-10, 5.43938e-11, 0, 2.26527e-07, 1.08528e-06, 0, 0, 1.31199e-06, 9.24807e-05, 1.68715e-06, 0.383623, 0.917681, 0.000135713, 340.451
1525, 0.673408, 1.2868e-10, 5.57101e-11, 0, 2.10764e-07, 1.022e-06, 0, 0, 1.23295e-06, 9.04014e-05, 1.52402e-06, 0.395404, 0.9175, 0.000134215, 339.508
1526, 0.669592, 1.33856e-10, 5.68558e-11, 0, 2.01711e-07, 9.83326e-07, 0, 0, 1.18523e-06, 8.84264e-05, 1.449e-06, 0.401086, 0.91732, 0.000132009, 338.844
1527, 0.672433, 1.3434e-10, 5.77636e-11, 0, 2.06959e-07, 1.00407e-06, 0, 0, 1.21123e-06, 8.8782e-05, 1.5268e-06, 0.396853, 0.91714, 0.000131961, 338.926
1528, 0.679786, 1.31342e-10, 5.85555e-11, 0, 2.19052e-07, 1.05618e-06, 0, 0, 1.27542e-06, 9.10357e-05, 1.66374e-06, 0.385977, 0.91696, 0.000133872, 339.375
1529, 0.683761, 1.30736e-10, 5.95085e-11, 0, 2.22648e-07, 1.07455e-06, 0, 0, 1.29739e-06, 9.22692e-05, 1.70568e-06, 0.380146, 0.91678, 0.000134934, 339.401
1530, 0.683217, 1.33497e-10, 6.06128e-11, 0, 2.18709e-07, 1.06112e-06, 0, 0, 1.28003e-06, 9.2244e-05, 1.67255e-06, 0.380942, 0.9166, 0.000135014, 339.055
1531, 0.683495, 1.35327e-10, 6.16372e-11, 0, 2.1741e-07, 1.05605e-06, 0, 0, 1.27366e-06, 9.21492e-05, 1.68143e-06, 0.380536, 0.91642, 0.000134823, 338.812
1532, 0.688113, 1.32953e-10, 6.24475e-11, 0, 2.2115e-07, 1.0704e-06, 0, 0, 1.29175e-06, 9.2432e-05, 1.75814e-06, 0.373803, 0.91624, 0.000134331, 338.803
1533, 0.691585, 1.31045e-10, 6.33257e-11, 0, 2.20231e-07, 1.06426e-06, 0, 0, 1.28468e-06, 9.17845e-05, 1.7844e-06, 0.368769, 0.91606, 0.000132719, 338.555
1534, 0.689467, 1.34074e-10, 6.45056e-11, 0, 2.10541e-07, 1.02046e-06, 0, 0, 1.2312e-06, 8.96767e-05, 1.70391e-06, 0.371836, 0.91588, 0.000130086, 337.856
1535, 0.686626, 1.38746e-10, 6.5797e-11, 0, 2.04812e-07, 9.95963e-07, 0, 0, 1.20098e-06, 8.89511e-05, 1.64703e-06, 0.375966, 0.9157, 0.000129585, 337.374
1536, 0.687952, 1.41305e-10, 6.7001e-11, 0, 2.10772e-07, 1.02359e-06, 0, 0, 1.23457e-06, 9.05923e-05, 1.70371e-06, 0.374036, 0.91552, 0.000131697, 337.529
1537, 0.692358, 1.41994e-10, 6.8126e-11, 0, 2.21339e-07, 1.06933e-06, 0, 0, 1.29088e-06, 9.2233e-05, 1.81432e-06, 0.367652, 0.915339, 0.000133216, 337.892
1538, 0.695773, 1.42487e-10, 6.92494e-11, 0, 2.27462e-07, 1.09493e-06, 0, 0, 1.3226e-06, 9.29389e-05, 1.89053e-06, 0.362732, 0.91516, 0.000133576, 338.008
1539, 0.695696, 1.44469e-10, 7.04691e-11, 0, 2.2569e-07, 1.08742e-06, 0, 0, 1.31333e-06, 9.28981e-05, 1.88927e-06, 0.362843, 0.91498, 0.000133531, 337.742
1540, 0.694906, 1.4708e-10, 7.17277e-11, 0, 2.22935e-07, 1.07527e-06, 0, 0, 1.29843e-06, 9.26594e-05, 1.87433e-06, 0.363979, 0.9148, 0.000133341, 337.423
1541, 0.694802, 1.50277e-10, 7.30262e-11, 0, 2.21815e-07, 1.07036e-06, 0, 0, 1.2924e-06, 9.24107e-05, 1.86657e-06, 0.364128, 0.91462, 0.000133003, 337.187
1542, 0.695349, 1.53844e-10, 7.43873e-11, 0, 2.2122e-07, 1.06802e-06, 0, 0, 1.28947e-06, 9.19135e-05, 1.86134e-06, 0.363341, 0.91444, 0.000132178, 336.98
1543, 0.69726, 1.5646e-10, 7.57402e-11, 0, 2.21124e-07, 1.0657e-06, 0, 0, 1.28705e-06, 9.06083e-05, 1.87352e-06, 0.360597, 0.91426, 0.000129909, 336.778
1544, 0.699335, 1.58841e-10, 7.70996e-11, 0, 2.2115e-07, 1.06288e-06, 0, 0, 1.28426e-06, 8.90881e-05, 1.89051e-06, 0.357625, 0.91408, 0.000127292, 336.573
1545, 0.701964, 1.60246e-10, 7.84103e-11, 0, 2.26864e-07, 1.08683e-06, 0, 0, 1.31394e-06, 8.98549e-05, 1.95656e-06, 0.353873, 0.9139, 0.000127911, 336.673
1546, 0.704624, 1.61254e-10, 7.97452e-11, 0, 2.35487e-07, 1.12498e-06, 0, 0, 1.36071e-06, 9.20121e-05, 2.04648e-06, 0.350091, 0.91372, 0.000130546, 336.92
1547, 0.706806, 1.62555e-10, 8.11589e-11, 0, 2.41728e-07, 1.15151e-06, 0, 0, 1.39348e-06, 9.32496e-05, 2.12042e-06, 0.346999, 0.91354, 0.000131925, 337.032
1548, 0.708704, 1.64013e-10, 8.25393e-11, 0, 2.45832e-07, 1.16768e-06, 0, 0, 1.41376e-06, 9.3665e-05, 2.18094e-06, 0.344318, 0.913361, 0.000132163, 337.031
1549, 0.709665, 1.66397e-10, 8.38793e-11, 0, 2.47283e-07, 1.17316e-06, 0, 0, 1.42069e-06, 9.3736e-05, 2.21031e-06, 0.342962, 0.913184, 0.000132085, 336.912
1550, 0.709467, 1.70066e-10, 8.53511e-11, 0, 2.45992e-07, 1.16809e-06, 0, 0, 1.41434e-06, 9.35954e-05, 2.20252e-06, 0.343241, 0.913017, 0.000131923, 336.68
1551, 0.708631, 1.74523e-10, 8.70205e-11, 0, 2.4341e-07, 1.15804e-06, 0, 0, 1.40171e-06, 9.33504e-05, 2.17753e-06, 0.34442, 0.912864, 0.000131733, 336.392
1552, 0.708668, 1.78024e-10, 8.86595e-11, 0, 2.42763e-07, 1.15527e-06, 0, 0, 1.3983e-06, 9.32e-05, 2.18124e-06, 0.344367, 0.912721, 0.000131515, 336.185
1553, 0.710052, 1.79933e-10, 9.0088e-11, 0, 2.44218e-07, 1.16021e-06, 0, 0, 1.4047e-06, 9.30622e-05, 2.21762e-06, 0.342417, 0.91258, 0.000131065, 336.064
1554, 0.711175, 1.82165e-10, 9.14383e-11, 0, 2.43103e-07, 1.15383e-06, 0, 0, 1.3972e-06, 9.2214e-05, 2.22614e-06, 0.340837, 0.91244, 0.000129669, 335.821
1555, 0.712167, 1.84595e-10, 9.29126e-11, 0, 2.38543e-07, 1.13128e-06, 0, 0, 1.3701e-06, 9.00988e-05, 2.20228e-06, 0.339443, 0.9123, 0.000126523, 335.406
1556, 0.713238, 1.86973e-10, 9.45324e-11, 0, 2.35532e-07, 1.1159e-06, 0, 0, 1.35172e-06, 8.84772e-05, 2.1949e-06, 0.33794, 0.91216, 0.000124055, 335.066
1557, 0.713656, 1.90192e-10, 9.61787e-11, 0, 2.38979e-07, 1.13253e-06, 0, 0, 1.3718e-06, 8.97485e-05, 2.2405e-06, 0.337354, 0.91202, 0.000125759, 335.069
1558, 0.713506, 1.94166e-10, 9.77181e-11, 0, 2.43586e-07, 1.15593e-06, 0, 0, 1.39981e-06, 9.18811e-05, 2.29013e-06, 0.337564, 0.91188, 0.000128775, 335.138
1559, 0.713326, 1.98251e-10, 9.92538e-11, 0, 2.44769e-07, 1.16325e-06, 0, 0, 1.40831e-06, 9.27583e-05, 2.30709e-06, 0.337817, 0.91174, 0.000130036, 335.036
1560, 0.71335, 2.02173e-10, 1.00958e-10, 0, 2.44445e-07, 1.16275e-06, 0, 0, 1.4075e-06, 9.28859e-05, 2.31221e-06, 0.337782, 0.9116, 0.000130211, 334.853
1561, 0.713022, 2.06678e-10, 1.02853e-10, 0, 2.43106e-07, 1.15778e-06, 0, 0, 1.4012e-06, 9.28268e-05, 2.30384e-06, 0.338243, 0.91146, 0.000130188, 334.623
1562, 0.712114, 2.12062e-10, 1.04809e-10, 0, 2.40424e-07, 1.14758e-06, 0, 0, 1.38833e-06, 9.26678e-05, 2.27578e-06, 0.339517, 0.91132, 0.00013013, 334.336
1563, 0.711771, 2.16714e-10, 1.06584e-10, 0, 2.38696e-07, 1.14109e-06, 0, 0, 1.38011e-06, 9.25339e-05, 2.26272e-06, 0.34, 0.91118, 0.000130006, 334.088
1564, 0.712319, 2.20151e-10, 1.08227e-10, 0, 2.38764e-07, 1.14163e-06, 0, 0, 1.38072e-06, 9.2485e-05, 2.27809e-06, 0.339229, 0.91104, 0.000129837, 333.919
1565, 0.71285, 2.23577e-10, 1.09958e-10, 0, 2.38559e-07, 1.14164e-06, 0, 0, 1.38053e-06, 9.2414e-05, 2.29352e-06, 0.338485, 0.9109, 0.00012964, 333.743
1566, 0.712319, 2.28184e-10, 1.11845e-10, 0, 2.35489e-07, 1.13141e-06, 0, 0, 1.36724e-06, 9.21808e-05, 2.27648e-06, 0.33923, 0.910759, 0.000129408, 333.451
1567, 0.709203, 2.35192e-10, 1.13863e-10, 0, 2.26458e-07, 1.09802e-06, 0, 0, 1.32482e-06, 9.15291e-05, 2.19455e-06, 0.343613, 0.91062, 0.000129051, 332.896
1568, 0.700866, 2.46465e-10, 1.16096e-10, 0, 2.08379e-07, 1.02562e-06, 0, 0, 1.23436e-06, 8.98209e-05, 2.01688e-06, 0.355439, 0.91048, 0.000128113, 331.871
1569, 0.684554, 2.64547e-10, 1.18767e-10, 0, 1.81145e-07, 9.0899e-07, 0, 0, 1.09052e-06, 8.60854e-05, 1.7402e-06, 0.378988, 0.910341, 0.000125619, 330.218
1570, 0.661936, 2.89168e-10, 1.21904e-10, 0, 1.52472e-07, 7.80917e-07, 0, 0, 9.338e-07, 8.10466e-05, 1.44479e-06, 0.412586, 0.9102, 0.00012231, 328.212
1571, 0.6408, 3.14215e-10, 1.25112e-10, 0, 1.34561e-07, 7.00073e-07, 0, 0, 8.35073e-07, 7.82943e-05, 1.25823e-06, 0.445038, 0.91006, 0.000122208, 326.732
1572, 0.630117, 3.29945e-10, 1.27806e-10, 0, 1.31084e-07, 6.84613e-07, 0, 0, 8.16155e-07, 7.88519e-05, 1.22278e-06, 0.46185, 0.90992, 0.000125187, 326.295
1573, 0.634705, 3.29617e-10, 1.29608e-10, 0, 1.38698e-07, 7.17837e-07, 0, 0, 8.56995e-07, 8.07748e-05, 1.31086e-06, 0.454594, 0.90978, 0.000127276, 326.693
1574, 0.652681, 3.15756e-10, 1.30656e-10, 0, 1.54837e-07, 7.89042e-07, 0, 0, 9.44325e-07, 8.35024e-05, 1.49568e-06, 0.426667, 0.90964, 0.000127941, 327.658
1575, 0.670515, 3.035e-10, 1.31823e-10, 0, 1.7016e-07, 8.57207e-07, 0, 0, 1.0278e-06, 8.58838e-05, 1.67064e-06, 0.39971, 0.9095, 0.000128087, 328.485
1576, 0.671377, 3.09049e-10, 1.34065e-10, 0, 1.71053e-07, 8.60977e-07, 0, 0, 1.03247e-06, 8.59676e-05, 1.68429e-06, 0.398424, 0.90936, 0.000128045, 328.368
1577, 0.660011, 3.27896e-10, 1.37111e-10, 0, 1.61797e-07, 8.19725e-07, 0, 0, 9.81987e-07, 8.44133e-05, 1.58603e-06, 0.4155, 0.90922, 0.000127899, 327.606
1578, 0.652965, 3.43857e-10, 1.40007e-10, 0, 1.56602e-07, 7.97013e-07, 0, 0, 9.54099e-07, 8.33401e-05, 1.5328e-06, 0.426231, 0.90908, 0.000127649, 327.097
1579, 0.65565, 3.49069e-10, 1.4231e-10, 0, 1.59915e-07, 8.11962e-07, 0, 0, 9.72369e-07, 8.35411e-05, 1.57624e-06, 0.422128, 0.90894, 0.000127441, 327.15
1580, 0.66486, 3.45523e-10, 1.4415e-10, 0, 1.69117e-07, 8.52399e-07, 0, 0, 1.02201e-06, 8.46949e-05, 1.689e-06, 0.408179, 0.9088, 0.000127401, 327.566
1581, 0.676317, 3.38823e-10, 1.45867e-10, 0, 1.80337e-07, 9.00949e-07, 0, 0, 1.08177e-06, 8.61279e-05, 1.8248e-06, 0.391093, 0.90866, 0.000127353, 328.066
1582, 0.687349, 3.32912e-10, 1.47675e-10, 0, 1.9089e-07, 9.46381e-07, 0, 0, 1.13775e-06, 8.74334e-05, 1.95082e-06, 0.374913, 0.90852, 0.000127206, 328.494
1583, 0.696956, 3.28837e-10, 1.49605e-10, 0, 2.00169e-07, 9.86567e-07, 0, 0, 1.18721e-06, 8.85071e-05, 2.06323e-06, 0.361033, 0.90838, 0.000126994, 328.829
1584, 0.705116, 3.25807e-10, 1.51588e-10, 0, 2.09021e-07, 1.02453e-06, 0, 0, 1.23403e-06, 8.93132e-05, 2.17769e-06, 0.349393, 0.90824, 0.000126668, 329.12
1585, 0.710886, 3.25585e-10, 1.53761e-10, 0, 2.15798e-07, 1.05297e-06, 0, 0, 1.26924e-06, 8.96385e-05, 2.26889e-06, 0.341244, 0.9081, 0.000126098, 329.286
1586, 0.713741, 3.29494e-10, 1.56296e-10, 0, 2.18064e-07, 1.06147e-06, 0, 0, 1.28002e-06, 8.9177e-05, 2.30119e-06, 0.337235, 0.90796, 0.000124949, 329.217
1587, 0.71559, 3.33902e-10, 1.58914e-10, 0, 2.15938e-07, 1.04891e-06, 0, 0, 1.26534e-06, 8.73203e-05, 2.28711e-06, 0.334648, 0.90782, 0.000122043, 328.909
1588, 0.717879, 3.36309e-10, 1.61346e-10, 0, 2.11769e-07, 1.02513e-06, 0, 0, 1.2374e-06, 8.4337e-05, 2.26266e-06, 0.331454, 0.907681, 0.000117503, 328.474
1589, 0.719345, 3.40021e-10, 1.63876e-10, 0, 2.11952e-07, 1.02374e-06, 0, 0, 1.23619e-06, 8.36097e-05, 2.28213e-06, 0.329415, 0.90754, 0.000116242, 328.293
1590, 0.719408, 3.46654e-10, 1.66727e-10, 0, 2.18698e-07, 1.05658e-06, 0, 0, 1.27579e-06, 8.63787e-05, 2.36096e-06, 0.329326, 0.9074, 0.000120077, 328.499
1591, 0.719095, 3.5414e-10, 1.69736e-10, 0, 2.24552e-07, 1.08577e-06, 0, 0, 1.31085e-06, 8.90337e-05, 2.42775e-06, 0.329762, 0.90726, 0.000123816, 328.654
1592, 0.718996, 3.61133e-10, 1.72636e-10, 0, 2.26279e-07, 1.09502e-06, 0, 0, 1.32184e-06, 8.99911e-05, 2.45307e-06, 0.329899, 0.90712, 0.000125162, 328.584
1593, 0.719266, 3.67262e-10, 1.75344e-10, 0, 2.26503e-07, 1.09687e-06, 0, 0, 1.32392e-06, 9.01979e-05, 2.46699e-06, 0.329524, 0.90698, 0.000125402, 328.434
1594, 0.71927, 3.74077e-10, 1.78055e-10, 0, 2.25456e-07, 1.09351e-06, 0, 0, 1.31952e-06, 9.01331e-05, 2.46527e-06, 0.329519, 0.90684, 0.000125312, 328.226
1595, 0.719059, 3.81289e-10, 1.80883e-10, 0, 2.23083e-07, 1.08462e-06, 0, 0, 1.30827e-06, 8.97543e-05, 2.44948e-06, 0.329812, 0.9067, 0.000124822, 327.956
1596, 0.717956, 3.9021e-10, 1.83983e-10, 0, 2.18132e-07, 1.06539e-06, 0, 0, 1.28409e-06, 8.90655e-05, 2.40149e-06, 0.331346, 0.90656, 0.000124057, 327.565
1597, 0.714773, 4.02227e-10, 1.87315e-10, 0, 2.10203e-07, 1.03524e-06, 0, 0, 1.24603e-06, 8.86158e-05, 2.31538e-06, 0.33579, 0.90642, 0.000123985, 327.04
1598, 0.707962, 4.17988e-10, 1.90781e-10, 0, 1.98588e-07, 9.88879e-07, 0, 0, 1.18808e-06, 8.81359e-05, 2.19224e-06, 0.345364, 0.906282, 0.000124494, 326.308
1599, 0.6941, 4.43883e-10, 1.94814e-10, 0, 1.80648e-07, 9.11812e-07, 0, 0, 1.0931e-06, 8.65211e-05, 1.99152e-06, 0.365139, 0.906153, 0.000124623, 325.159
1600, 0.6733, 4.82871e-10, 1.99706e-10, 0, 1.59512e-07, 8.17741e-07, 0, 0, 9.77935e-07, 8.3749e-05, 1.74254e-06, 0.395564, 0.906056, 0.000124284, 323.69
1601, 0.65189, 5.267e-10, 2.04972e-10, 0, 1.41401e-07, 7.35601e-07, 0, 0, 8.77733e-07, 8.08049e-05, 1.52403e-06, 0.42788, 0.906005, 0.000123824, 322.27
1602, 0.638633, 5.58208e-10, 2.0959e-10, 0, 1.31393e-07, 6.88923e-07, 0, 0, 8.21083e-07, 7.89239e-05, 1.40632e-06, 0.448426, 0.905986, 0.000123532, 321.336
1603, 0.639624, 5.62825e-10, 2.12712e-10, 0, 1.32491e-07, 6.92285e-07, 0, 0, 8.25552e-07, 7.89584e-05, 1.432e-06, 0.446874, 0.905976, 0.00012346, 321.234
1604, 0.655246, 5.41167e-10, 2.1435e-10, 0, 1.45164e-07, 7.4798e-07, 0, 0, 8.939e-07, 8.08835e-05, 1.60408e-06, 0.422744, 0.905968, 0.000123458, 321.986
1605, 0.676325, 5.12894e-10, 2.15621e-10, 0, 1.62915e-07, 8.26077e-07, 0, 0, 9.89721e-07, 8.32225e-05, 1.8388e-06, 0.391082, 0.905959, 0.000123061, 323.002
1606, 0.684, 5.09903e-10, 2.18416e-10, 0, 1.68824e-07, 8.51866e-07, 0, 0, 1.02142e-06, 8.36662e-05, 1.9213e-06, 0.379798, 0.905952, 0.000122311, 323.205
1607, 0.67349, 5.39739e-10, 2.23191e-10, 0, 1.58407e-07, 8.06835e-07, 0, 0, 9.66004e-07, 8.21314e-05, 1.7928e-06, 0.395282, 0.905944, 0.000121947, 322.391
1608, 0.661161, 5.75332e-10, 2.28335e-10, 0, 1.46547e-07, 7.56094e-07, 0, 0, 9.03444e-07, 8.04149e-05, 1.64528e-06, 0.413757, 0.905936, 0.000121644, 321.452
1609, 0.657906, 5.949e-10, 2.32598e-10, 0, 1.41327e-07, 7.3304e-07, 0, 0, 8.75194e-07, 7.89019e-05, 1.58849e-06, 0.418692, 0.905928, 0.000120006, 320.921
1610, 0.66259, 5.98083e-10, 2.35983e-10, 0, 1.40317e-07, 7.26787e-07, 0, 0, 8.67938e-07, 7.71578e-05, 1.59087e-06, 0.411598, 0.90592, 0.000116602, 320.662
1611, 0.672179, 5.9029e-10, 2.38777e-10, 0, 1.43862e-07, 7.40818e-07, 0, 0, 8.85509e-07, 7.62513e-05, 1.651e-06, 0.39723, 0.905912, 0.000113556, 320.729
1612, 0.683985, 5.77679e-10, 2.41314e-10, 0, 1.55376e-07, 7.92893e-07, 0, 0, 9.49088e-07, 7.8299e-05, 1.80469e-06, 0.379819, 0.905904, 0.000114464, 321.366
1613, 0.69528, 5.66711e-10, 2.43985e-10, 0, 1.70604e-07, 8.63371e-07, 0, 0, 1.03478e-06, 8.20348e-05, 2.00029e-06, 0.36344, 0.905896, 0.000117943, 322.206
1614, 0.704704, 5.58808e-10, 2.46888e-10, 0, 1.8269e-07, 9.19334e-07, 0, 0, 1.10283e-06, 8.46622e-05, 2.1659e-06, 0.349978, 0.905888, 0.000120121, 322.785
1615, 0.711253, 5.56036e-10, 2.50136e-10, 0, 1.8972e-07, 9.52645e-07, 0, 0, 1.14317e-06, 8.59014e-05, 2.27374e-06, 0.340728, 0.90588, 0.000120772, 323.042
1616, 0.714828, 5.60033e-10, 2.53816e-10, 0, 1.92949e-07, 9.69002e-07, 0, 0, 1.16276e-06, 8.6399e-05, 2.32633e-06, 0.335713, 0.905872, 0.000120867, 323.077
1617, 0.717172, 5.66246e-10, 2.57681e-10, 0, 1.95627e-07, 9.81557e-07, 0, 0, 1.17801e-06, 8.66312e-05, 2.37076e-06, 0.33244, 0.905864, 0.000120796, 323.066
1618, 0.719287, 5.72131e-10, 2.61632e-10, 0, 1.98871e-07, 9.95017e-07, 0, 0, 1.19472e-06, 8.67868e-05, 2.42476e-06, 0.329495, 0.905856, 0.000120657, 323.068
1619, 0.721266, 5.77866e-10, 2.65656e-10, 0, 2.02355e-07, 1.0084e-06, 0, 0, 1.2116e-06, 8.68972e-05, 2.4821e-06, 0.326748, 0.905848, 0.000120479, 323.07
1620, 0.723292, 5.82573e-10, 2.6964e-10, 0, 2.05926e-07, 1.02198e-06, 0, 0, 1.22875e-06, 8.70005e-05, 2.54587e-06, 0.323942, 0.90584, 0.000120285, 323.071
1621, 0.724593, 5.89157e-10, 2.73777e-10, 0, 2.07797e-07, 1.02924e-06, 0, 0, 1.2379e-06, 8.70137e-05, 2.58685e-06, 0.322146, 0.905832, 0.000120087, 322.996
1622, 0.725233, 5.97925e-10, 2.78038e-10, 0, 2.08293e-07, 1.03109e-06, 0, 0, 1.24026e-06, 8.69467e-05, 2.60589e-06, 0.321263, 0.905824, 0.000119888, 322.855
1623, 0.72546, 6.08002e-10, 2.82315e-10, 0, 2.07868e-07, 1.02926e-06, 0, 0, 1.23802e-06, 8.68296e-05, 2.61082e-06, 0.320949, 0.905816, 0.000119689, 322.671
1624, 0.725346, 6.19457e-10, 2.86797e-10, 0, 2.06708e-07, 1.02451e-06, 0, 0, 1.23212e-06, 8.66696e-05, 2.60284e-06, 0.321107, 0.905808, 0.000119487, 322.452
1625, 0.725236, 6.30911e-10, 2.91471e-10, 0, 2.05486e-07, 1.01964e-06, 0, 0, 1.22605e-06, 8.65056e-05, 2.59534e-06, 0.321258, 0.9058, 0.000119279, 322.232
1626, 0.725156, 6.41335e-10, 2.96131e-10, 0, 2.03979e-07, 1.0141e-06, 0, 0, 1.21901e-06, 8.63455e-05, 2.59228e-06, 0.321369, 0.905792, 0.000119072, 322.003
1627, 0.724793, 6.52322e-10, 3.00795e-10, 0, 2.01745e-07, 1.0058e-06, 0, 0, 1.20849e-06, 8.61568e-05, 2.58139e-06, 0.321869, 0.905785, 0.000118871, 321.739
1628, 0.724244, 6.6452e-10, 3.05466e-10, 0, 1.99252e-07, 9.96388e-07, 0, 0, 1.19661e-06, 8.59458e-05, 2.56317e-06, 0.322628, 0.905776, 0.00011867, 321.462
1629, 0.723954, 6.76771e-10, 3.10207e-10, 0, 1.97837e-07, 9.90496e-07, 0, 0, 1.18932e-06, 8.57598e-05, 2.55528e-06, 0.323028, 0.905768, 0.00011846, 321.229
1630, 0.723053, 6.91302e-10, 3.15168e-10, 0, 1.95424e-07, 9.80183e-07, 0, 0, 1.17661e-06, 8.54945e-05, 2.52996e-06, 0.324273, 0.90576, 0.000118241, 320.942
1631, 0.722006, 7.07497e-10, 3.20188e-10, 0, 1.92503e-07, 9.68183e-07, 0, 0, 1.16171e-06, 8.52061e-05, 2.49272e-06, 0.325722, 0.905752, 0.000118013, 320.633
1632, 0.720815, 7.25019e-10, 3.25372e-10, 0, 1.88968e-07, 9.54282e-07, 0, 0, 1.1443e-06, 8.4884e-05, 2.44525e-06, 0.327373, 0.905743, 0.00011776, 320.296
1633, 0.719887, 7.39929e-10, 3.30595e-10, 0, 1.85782e-07, 9.42058e-07, 0, 0, 1.12891e-06, 8.45558e-05, 2.41406e-06, 0.328661, 0.905736, 0.000117456, 319.978
1634, 0.719988, 7.51177e-10, 3.35789e-10, 0, 1.86407e-07, 9.43531e-07, 0, 0, 1.13102e-06, 8.436e-05, 2.43899e-06, 0.328521, 0.905728, 0.000117168, 319.84
1635, 0.718695, 7.67367e-10, 3.41426e-10, 0, 1.85978e-07, 9.39375e-07, 0, 0, 1.12646e-06, 8.40524e-05, 2.44245e-06, 0.330318, 0.90572, 0.00011695, 319.633
1636, 0.717516, 7.82765e-10, 3.47016e-10, 0, 1.84411e-07, 9.31457e-07, 0, 0, 1.117e-06, 8.37263e-05, 2.43283e-06, 0.33196, 0.905712, 0.000116688, 319.375
1637, 0.715435, 8.01161e-10, 3.5279e-10, 0, 1.8103e-07, 9.1587e-07, 0, 0, 1.09805e-06, 8.31929e-05, 2.39599e-06, 0.334865, 0.905704, 0.000116277, 319.017
1638, 0.713004, 8.23433e-10, 3.58799e-10, 0, 1.76004e-07, 8.93672e-07, 0, 0, 1.07086e-06, 8.24002e-05, 2.32855e-06, 0.338268, 0.905696, 0.000115559, 318.568
1639, 0.710388, 8.48634e-10, 3.64964e-10, 0, 1.69238e-07, 8.63358e-07, 0, 0, 1.03381e-06, 8.09237e-05, 2.23284e-06, 0.341944, 0.905688, 0.000113898, 318.002
1640, 0.705601, 8.75905e-10, 3.7133e-10, 0, 1.58805e-07, 8.13216e-07, 0, 0, 9.73268e-07, 7.79846e-05, 2.09588e-06, 0.348705, 0.90568, 0.000110538, 317.15
1641, 0.705397, 8.86575e-10, 3.76777e-10, 0, 1.54697e-07, 7.90479e-07, 0, 0, 9.46439e-07, 7.58799e-05, 2.05529e-06, 0.348994, 0.905672, 0.000107639, 316.672
1642, 0.704927, 9.01167e-10, 3.82567e-10, 0, 1.56827e-07, 8.00376e-07, 0, 0, 9.58487e-07, 7.67001e-05, 2.0947e-06, 0.349662, 0.905664, 0.000108876, 316.658
1643, 0.703287, 9.21103e-10, 3.88755e-10, 0, 1.60471e-07, 8.20252e-07, 0, 0, 9.82033e-07, 7.88153e-05, 2.1563e-06, 0.35199, 0.905656, 0.000112096, 316.778
1644, 0.705994, 9.33059e-10, 3.94508e-10, 0, 1.66405e-07, 8.49489e-07, 0, 0, 1.01722e-06, 8.03866e-05, 2.2464e-06, 0.348149, 0.905648, 0.000113863, 317.024
1645, 0.704373, 9.64984e-10, 4.01476e-10, 0, 1.67056e-07, 8.54118e-07, 0, 0, 1.02254e-06, 8.05104e-05, 2.24919e-06, 0.350447, 0.90564, 0.000114301, 316.926
1646, 0.704499, 9.83109e-10, 4.07607e-10, 0, 1.66133e-07, 8.52264e-07, 0, 0, 1.01979e-06, 8.04834e-05, 2.24158e-06, 0.350268, 0.905632, 0.000114245, 316.738
1647, 0.707205, 9.81837e-10, 4.12648e-10, 0, 1.64366e-07, 8.47078e-07, 0, 0, 1.01284e-06, 8.06502e-05, 2.24173e-06, 0.346434, 0.905624, 0.000114042, 316.502
1648, 0.703473, 1.00347e-09, 4.1927e-10, 0, 1.56292e-07, 8.13979e-07, 0, 0, 9.71693e-07, 8.01149e-05, 2.14764e-06, 0.351725, 0.905615, 0.000113885, 315.87
1649, 0.702775, 1.02174e-09, 4.25851e-10, 0, 1.52863e-07, 8.00591e-07, 0, 0, 9.54902e-07, 7.99357e-05, 2.10892e-06, 0.352719, 0.905608, 0.000113739, 315.514
1650, 0.703126, 1.04263e-09, 4.32676e-10, 0, 1.53984e-07, 8.04522e-07, 0, 0, 9.59982e-07, 7.98272e-05, 2.12754e-06, 0.352219, 0.9056, 0.000113509, 315.418
1651, 0.702067, 1.07297e-09, 4.40296e-10, 0, 1.55735e-07, 8.09167e-07, 0, 0, 9.66415e-07, 7.95521e-05, 2.14647e-06, 0.353726, 0.905592, 0.000113277, 315.338
1652, 0.706888, 1.08366e-09, 4.47028e-10, 0, 1.62522e-07, 8.35804e-07, 0, 0, 9.99856e-07, 7.99492e-05, 2.23269e-06, 0.346883, 0.905584, 0.00011308, 315.57
1653, 0.70987, 1.09514e-09, 4.53806e-10, 0, 1.66793e-07, 8.52681e-07, 0, 0, 1.02102e-06, 8.0123e-05, 2.29368e-06, 0.342674, 0.905577, 0.000112865, 315.653
1654, 0.711603, 1.10245e-09, 4.60068e-10, 0, 1.67594e-07, 8.57701e-07, 0, 0, 1.02686e-06, 8.01449e-05, 2.32628e-06, 0.340236, 0.905568, 0.000112627, 315.562
1655, 0.716139, 1.0972e-09, 4.65345e-10, 0, 1.68392e-07, 8.65229e-07, 0, 0, 1.03518e-06, 8.04816e-05, 2.36312e-06, 0.333881, 0.90556, 0.000112384, 315.498
1656, 0.717351, 1.10973e-09, 4.71836e-10, 0, 1.67297e-07, 8.61847e-07, 0, 0, 1.03073e-06, 8.04403e-05, 2.35249e-06, 0.33219, 0.905552, 0.000112135, 315.293
1657, 0.719333, 1.12251e-09, 4.78887e-10, 0, 1.70088e-07, 8.71937e-07, 0, 0, 1.04363e-06, 8.04861e-05, 2.39167e-06, 0.329431, 0.905544, 0.000111891, 315.28
1658, 0.724264, 1.11971e-09, 4.85197e-10, 0, 1.76628e-07, 8.97929e-07, 0, 0, 1.07616e-06, 8.0863e-05, 2.50431e-06, 0.322599, 0.905537, 0.00011165, 315.476
1659, 0.726869, 1.12283e-09, 4.91697e-10, 0, 1.79842e-07, 9.10122e-07, 0, 0, 1.09158e-06, 8.09685e-05, 2.57588e-06, 0.319009, 0.905528, 0.000111394, 315.483
1660, 0.727138, 1.14418e-09, 4.99207e-10, 0, 1.79957e-07, 9.09602e-07, 0, 0, 1.0912e-06, 8.07848e-05, 2.58235e-06, 0.318639, 0.90552, 0.0001111, 315.324
1661, 0.725417, 1.18237e-09, 5.07597e-10, 0, 1.77104e-07, 8.97272e-07, 0, 0, 1.07607e-06, 8.03675e-05, 2.52637e-06, 0.321009, 0.905512, 0.000110788, 315.008
1662, 0.723099, 1.21674e-09, 5.15879e-10, 0, 1.73066e-07, 8.80529e-07, 0, 0, 1.05533e-06, 7.99325e-05, 2.464e-06, 0.32421, 0.905504, 0.000110542, 314.631
1663, 0.722338, 1.23594e-09, 5.23716e-10, 0, 1.72281e-07, 8.77044e-07, 0, 0, 1.05108e-06, 7.97064e-05, 2.47357e-06, 0.325263, 0.905496, 0.000110344, 314.43
1664, 0.711502, 1.2973e-09, 5.343e-10, 0, 1.64438e-07, 8.39673e-07, 0, 0, 1.00594e-06, 7.83627e-05, 2.37823e-06, 0.340376, 0.905488, 0.000110128, 313.775
1665, 0.679175, 1.45865e-09, 5.50764e-10, 0, 1.37791e-07, 7.16822e-07, 0, 0, 8.56623e-07, 7.46426e-05, 1.98223e-06, 0.386876, 0.90548, 0.000109886, 311.802
1666, 0.658352, 1.57741e-09, 5.6448e-10, 0, 1.17264e-07, 6.2542e-07, 0, 0, 7.44826e-07, 7.21807e-05, 1.6725e-06, 0.418015, 0.905472, 0.000109639, 310.084
1667, 0.679386, 1.50429e-09, 5.66547e-10, 0, 1.28842e-07, 6.84084e-07, 0, 0, 8.14997e-07, 7.4313e-05, 1.87056e-06, 0.386565, 0.905464, 0.000109397, 310.936
1668, 0.709349, 1.38966e-09, 5.66187e-10, 0, 1.50912e-07, 7.88937e-07, 0, 0, 9.41805e-07, 7.74197e-05, 2.2305e-06, 0.343408, 0.905456, 0.000109151, 312.411
1669, 0.723185, 1.35172e-09, 5.70754e-10, 0, 1.63551e-07, 8.4642e-07, 0, 0, 1.01189e-06, 7.87453e-05, 2.4325e-06, 0.324091, 0.905449, 0.00010889, 313.072
1670, 0.726932, 1.35525e-09, 5.78029e-10, 0, 1.67899e-07, 8.64324e-07, 0, 0, 1.03416e-06, 7.88835e-05, 2.51019e-06, 0.318923, 0.90544, 0.000108517, 313.166
1671, 0.727819, 1.36902e-09, 5.86056e-10, 0, 1.68373e-07, 8.64094e-07, 0, 0, 1.03442e-06, 7.84037e-05, 2.53128e-06, 0.317702, 0.905432, 0.00010773, 313.016
1672, 0.729448, 1.38054e-09, 5.94232e-10, 0, 1.69605e-07, 8.66869e-07, 0, 0, 1.03845e-06, 7.78513e-05, 2.5635e-06, 0.315467, 0.905424, 0.000106735, 312.907
1673, 0.729228, 1.40489e-09, 6.03409e-10, 0, 1.70014e-07, 8.67413e-07, 0, 0, 1.03944e-06, 7.77035e-05, 2.57505e-06, 0.315768, 0.905416, 0.000106557, 312.764
1674, 0.725515, 1.45117e-09, 6.14068e-10, 0, 1.66662e-07, 8.51739e-07, 0, 0, 1.02047e-06, 7.73151e-05, 2.5184e-06, 0.320874, 0.905408, 0.000106541, 312.402
1675, 0.72447, 1.4887e-09, 6.24305e-10, 0, 1.64367e-07, 8.40358e-07, 0, 0, 1.00684e-06, 7.6527e-05, 2.48249e-06, 0.322315, 0.9054, 0.000105569, 312.097
1676, 0.725392, 1.51474e-09, 6.33832e-10, 0, 1.64007e-07, 8.38308e-07, 0, 0, 1.00446e-06, 7.60742e-05, 2.48213e-06, 0.321043, 0.905392, 0.000104812, 311.918
1677, 0.722739, 1.55329e-09, 6.44032e-10, 0, 1.61402e-07, 8.27102e-07, 0, 0, 9.90702e-07, 7.59353e-05, 2.44599e-06, 0.324707, 0.905385, 0.000105053, 311.609
1678, 0.722823, 1.57514e-09, 6.53231e-10, 0, 1.61719e-07, 8.28639e-07, 0, 0, 9.92586e-07, 7.61023e-05, 2.46316e-06, 0.32459, 0.905376, 0.000105293, 311.479
1679, 0.727494, 1.56998e-09, 6.60966e-10, 0, 1.64507e-07, 8.39678e-07, 0, 0, 1.00642e-06, 7.58072e-05, 2.52869e-06, 0.318149, 0.905368, 0.0001042, 311.484
1680, 0.728138, 1.58344e-09, 6.69997e-10, 0, 1.60002e-07, 8.16607e-07, 0, 0, 9.78862e-07, 7.37379e-05, 2.4773e-06, 0.317265, 0.90536, 0.00010124, 311.018
1681, 0.727577, 1.60513e-09, 6.79558e-10, 0, 1.54806e-07, 7.91926e-07, 0, 0, 9.49016e-07, 7.19244e-05, 2.41633e-06, 0.318035, 0.905352, 9.88289e-05, 310.518
1682, 0.7295, 1.62419e-09, 6.88987e-10, 0, 1.58773e-07, 8.11625e-07, 0, 0, 9.72711e-07, 7.30552e-05, 2.49564e-06, 0.315396, 0.905344, 0.000100131, 310.644
1683, 0.72602, 1.69086e-09, 7.0121e-10, 0, 1.61312e-07, 8.25224e-07, 0, 0, 9.88928e-07, 7.46765e-05, 2.53235e-06, 0.320178, 0.905336, 0.000102867, 310.68
1684, 0.720956, 1.76263e-09, 7.13801e-10, 0, 1.59249e-07, 8.17457e-07, 0, 0, 9.79182e-07, 7.51182e-05, 2.49612e-06, 0.327177, 0.905327, 0.000104196, 310.417
1685, 0.725093, 1.75309e-09, 7.22e-10, 0, 1.61412e-07, 8.2889e-07, 0, 0, 9.92776e-07, 7.5673e-05, 2.55076e-06, 0.321456, 0.90532, 0.000104365, 310.422
1686, 0.728704, 1.74625e-09, 7.30651e-10, 0, 1.62021e-07, 8.32332e-07, 0, 0, 9.96829e-07, 7.58102e-05, 2.57512e-06, 0.316487, 0.905312, 0.000104038, 310.317
1687, 0.72647, 1.78693e-09, 7.4212e-10, 0, 1.58259e-07, 8.15219e-07, 0, 0, 9.76007e-07, 7.53575e-05, 2.5165e-06, 0.319558, 0.905304, 0.000103738, 309.929
1688, 0.727057, 1.81444e-09, 7.52734e-10, 0, 1.57921e-07, 8.14082e-07, 0, 0, 9.7457e-07, 7.52464e-05, 2.52194e-06, 0.318751, 0.905296, 0.000103494, 309.762
1689, 0.72567, 1.88478e-09, 7.65643e-10, 0, 1.56213e-07, 8.06583e-07, 0, 0, 9.65447e-07, 7.47462e-05, 2.49215e-06, 0.32066, 0.905289, 0.000102992, 309.506
1690, 0.714739, 2.05973e-09, 7.84224e-10, 0, 1.47008e-07, 7.65033e-07, 0, 0, 9.14885e-07, 7.35317e-05, 2.31178e-06, 0.335838, 0.90528, 0.00010288, 308.753
1691, 0.708038, 2.17409e-09, 7.99945e-10, 0, 1.40666e-07, 7.38106e-07, 0, 0, 8.81746e-07, 7.30932e-05, 2.19068e-06, 0.345257, 0.905272, 0.00010324, 308.191
1692, 0.715889, 2.10243e-09, 8.06129e-10, 0, 1.45127e-07, 7.60624e-07, 0, 0, 9.08659e-07, 7.39909e-05, 2.29622e-06, 0.33423, 0.905264, 0.00010336, 308.378
1693, 0.72431, 2.01283e-09, 8.11262e-10, 0, 1.5009e-07, 7.84194e-07, 0, 0, 9.37108e-07, 7.47582e-05, 2.42427e-06, 0.322536, 0.905256, 0.000103215, 308.573
1694, 0.72604, 2.01096e-09, 8.21069e-10, 0, 1.49799e-07, 7.83855e-07, 0, 0, 9.36486e-07, 7.47746e-05, 2.44376e-06, 0.32015, 0.905248, 0.00010299, 308.417
1695, 0.725354, 2.07082e-09, 8.33878e-10, 0, 1.50094e-07, 7.84848e-07, 0, 0, 9.37847e-07, 7.45111e-05, 2.45722e-06, 0.321096, 0.90524, 0.000102723, 308.284
1696, 0.715702, 2.2687e-09, 8.53535e-10, 0, 1.44691e-07, 7.58525e-07, 0, 0, 9.06338e-07, 7.33229e-05, 2.34325e-06, 0.334491, 0.905232, 0.000102445, 307.753
1697, 0.704394, 2.4665e-09, 8.73567e-10, 0, 1.35929e-07, 7.1833e-07, 0, 0, 8.57598e-07, 7.20033e-05, 2.17547e-06, 0.350417, 0.905224, 0.000102222, 306.989
1698, 0.711351, 2.39247e-09, 8.80756e-10, 0, 1.39599e-07, 7.36286e-07, 0, 0, 8.79158e-07, 7.25809e-05, 2.27052e-06, 0.34059, 0.905216, 0.000102038, 307.117
1699, 0.720021, 2.30303e-09, 8.87366e-10, 0, 1.43758e-07, 7.57383e-07, 0, 0, 9.04332e-07, 7.33373e-05, 2.36563e-06, 0.328475, 0.905208, 0.000101855, 307.284
1700, 0.716209, 2.39762e-09, 9.02325e-10, 0, 1.38394e-07, 7.35418e-07, 0, 0, 8.77111e-07, 7.28147e-05, 2.26854e-06, 0.333784, 0.9052, 0.000101665, 306.796
1701, 0.71349, 2.4674e-09, 9.15975e-10, 0, 1.34551e-07, 7.19749e-07, 0, 0, 8.57683e-07, 7.23923e-05, 2.21634e-06, 0.337587, 0.905192, 0.000101463, 306.399
1702, 0.718134, 2.4067e-09, 9.24446e-10, 0, 1.35248e-07, 7.24669e-07, 0, 0, 8.63247e-07, 7.27121e-05, 2.26617e-06, 0.331099, 0.905184, 0.000101253, 306.323
1703, 0.720839, 2.38145e-09, 9.35322e-10, 0, 1.34245e-07, 7.2159e-07, 0, 0, 8.59152e-07, 7.28148e-05, 2.26569e-06, 0.327339, 0.905176, 0.000101015, 306.123
1704, 0.720592, 2.41925e-09, 9.49213e-10, 0, 1.32175e-07, 7.1291e-07, 0, 0, 8.48452e-07, 7.25599e-05, 2.22881e-06, 0.327682, 0.905168, 0.000100697, 305.837
1705, 0.717482, 2.49895e-09, 9.65204e-10, 0, 1.27981e-07, 6.94444e-07, 0, 0, 8.2589e-07, 7.20302e-05, 2.155e-06, 0.332008, 0.90516, 0.000100396, 305.392
1706, 0.708647, 2.67938e-09, 9.86021e-10, 0, 1.2013e-07, 6.59057e-07, 0, 0, 7.82852e-07, 7.10477e-05, 2.0016e-06, 0.344397, 0.905152, 0.000100259, 304.656
1707, 0.695118, 2.97034e-09, 1.01071e-09, 0, 1.11846e-07, 6.20127e-07, 0, 0, 7.35954e-07, 6.96144e-05, 1.8341e-06, 0.363673, 0.905144, 0.000100147, 303.831
1708, 0.680929, 3.30706e-09, 1.03567e-09, 0, 1.07316e-07, 5.95469e-07, 0, 0, 7.07128e-07, 6.80542e-05, 1.7471e-06, 0.384298, 0.905136, 9.99468e-05, 303.249
1709, 0.68445, 3.32057e-09, 1.04748e-09, 0, 1.13671e-07, 6.2067e-07, 0, 0, 7.38708e-07, 6.81547e-05, 1.88279e-06, 0.37914, 0.905128, 9.95989e-05, 303.581
1710, 0.706176, 2.97276e-09, 1.04576e-09, 0, 1.26452e-07, 6.78562e-07, 0, 0, 8.09033e-07, 6.97093e-05, 2.15244e-06, 0.347891, 0.90512, 9.87589e-05, 304.433
1711, 0.722048, 2.73195e-09, 1.04849e-09, 0, 1.34381e-07, 7.15096e-07, 0, 0, 8.53258e-07, 7.05074e-05, 2.32398e-06, 0.325663, 0.905112, 9.76892e-05, 304.875
1712, 0.725479, 2.73449e-09, 1.06091e-09, 0, 1.36776e-07, 7.26744e-07, 0, 0, 8.67315e-07, 7.0893e-05, 2.37093e-06, 0.320924, 0.905104, 9.77423e-05, 304.91
1713, 0.711867, 3.08415e-09, 1.08772e-09, 0, 1.29666e-07, 6.94882e-07, 0, 0, 8.28719e-07, 7.01121e-05, 2.201e-06, 0.339864, 0.905096, 9.8503e-05, 304.261
1714, 0.689755, 3.62497e-09, 1.12232e-09, 0, 1.18681e-07, 6.4249e-07, 0, 0, 7.65919e-07, 6.81197e-05, 1.94181e-06, 0.371419, 0.905088, 9.87603e-05, 303.25
1715, 0.687007, 3.76512e-09, 1.14148e-09, 0, 1.20219e-07, 6.4627e-07, 0, 0, 7.71395e-07, 6.77635e-05, 1.96197e-06, 0.37541, 0.90508, 9.86395e-05, 303.183
1716, 0.701802, 3.51934e-09, 1.14562e-09, 0, 1.30654e-07, 6.92882e-07, 0, 0, 8.28201e-07, 6.90836e-05, 2.19805e-06, 0.354104, 0.905072, 9.84435e-05, 303.819
1717, 0.720324, 3.15872e-09, 1.14579e-09, 0, 1.40906e-07, 7.40467e-07, 0, 0, 8.85677e-07, 7.07587e-05, 2.45002e-06, 0.328055, 0.905064, 9.82377e-05, 304.414
1718, 0.733396, 2.90547e-09, 1.15043e-09, 0, 1.47337e-07, 7.7063e-07, 0, 0, 9.22022e-07, 7.18942e-05, 2.61668e-06, 0.31007, 0.905056, 9.80314e-05, 304.715
1719, 0.731534, 2.9959e-09, 1.16808e-09, 0, 1.45332e-07, 7.61888e-07, 0, 0, 9.11384e-07, 7.15652e-05, 2.58836e-06, 0.312612, 0.905048, 9.78251e-05, 304.441
1720, 0.707374, 3.62177e-09, 1.20388e-09, 0, 1.31804e-07, 6.99555e-07, 0, 0, 8.36185e-07, 6.90613e-05, 2.30822e-06, 0.346195, 0.90504, 9.76189e-05, 303.346
1721, 0.674058, 4.47554e-09, 1.24624e-09, 0, 1.14238e-07, 6.17669e-07, 0, 0, 7.37629e-07, 6.56636e-05, 1.94499e-06, 0.394439, 0.905032, 9.74076e-05, 301.829
1722, 0.668302, 4.64073e-09, 1.2668e-09, 0, 1.0755e-07, 5.88316e-07, 0, 0, 7.01773e-07, 6.49096e-05, 1.81311e-06, 0.403015, 0.905024, 9.71332e-05, 301.143
1723, 0.667705, 4.7017e-09, 1.2868e-09, 0, 1.02688e-07, 5.6774e-07, 0, 0, 6.76417e-07, 6.45781e-05, 1.70592e-06, 0.403909, 0.905016, 9.67314e-05, 300.601
1724, 0.654587, 5.0853e-09, 1.32066e-09, 0, 9.44089e-08, 5.28963e-07, 0, 0, 6.29777e-07, 6.3081e-05, 1.52043e-06, 0.42375, 0.905008, 9.63998e-05, 299.687
1725, 0.665144, 4.8395e-09, 1.33132e-09, 0, 9.81215e-08, 5.47272e-07, 0, 0, 6.51564e-07, 6.40543e-05, 1.61833e-06, 0.407752, 0.905, 9.6327e-05, 299.911
1726, 0.691911, 4.18098e-09, 1.32304e-09, 0, 1.0928e-07, 6.01588e-07, 0, 0, 7.16372e-07, 6.65619e-05, 1.89207e-06, 0.368297, 0.904992, 9.62135e-05, 300.794
1727, 0.704734, 3.90144e-09, 1.32797e-09, 0, 1.13644e-07, 6.2304e-07, 0, 0, 7.41914e-07, 6.75328e-05, 2.00067e-06, 0.349935, 0.904984, 9.58377e-05, 301.032
1728, 0.69992, 4.10023e-09, 1.35246e-09, 0, 1.10709e-07, 6.08679e-07, 0, 0, 7.2484e-07, 6.67979e-05, 1.92995e-06, 0.356789, 0.904976, 9.54509e-05, 300.637
1729, 0.69843, 4.22836e-09, 1.37254e-09, 0, 1.11339e-07, 6.11118e-07, 0, 0, 7.28057e-07, 6.65592e-05, 1.94922e-06, 0.35892, 0.904968, 9.53137e-05, 300.542
1730, 0.704457, 4.19532e-09, 1.38074e-09, 0, 1.15738e-07, 6.32346e-07, 0, 0, 7.5366e-07, 6.70303e-05, 2.07263e-06, 0.350328, 0.90496, 9.51512e-05, 300.775
1731, 0.681747, 5.0584e-09, 1.41341e-09, 0, 1.07995e-07, 5.93743e-07, 0, 0, 7.0821e-07, 6.45842e-05, 1.91137e-06, 0.383096, 0.904952, 9.47138e-05, 299.958
1732, 0.647664, 6.27805e-09, 1.45858e-09, 0, 9.63606e-08, 5.34029e-07, 0, 0, 6.38126e-07, 6.0802e-05, 1.64139e-06, 0.434383, 0.904944, 9.39271e-05, 298.693
1733, 0.66537, 5.81412e-09, 1.4649e-09, 0, 1.03009e-07, 5.64595e-07, 0, 0, 6.74882e-07, 6.17109e-05, 1.78339e-06, 0.407412, 0.904936, 9.28582e-05, 299.154
1734, 0.697349, 4.82602e-09, 1.46349e-09, 0, 1.12307e-07, 6.10213e-07, 0, 0, 7.28809e-07, 6.37881e-05, 2.00093e-06, 0.360469, 0.904928, 9.14273e-05, 299.843
1735, 0.680404, 5.37801e-09, 1.50766e-09, 0, 1.01704e-07, 5.58154e-07, 0, 0, 6.66743e-07, 6.0782e-05, 1.77345e-06, 0.385069, 0.90492, 8.89588e-05, 298.74
1736, 0.645648, 6.5293e-09, 1.56832e-09, 0, 8.52409e-08, 4.75522e-07, 0, 0, 5.68861e-07, 5.5683e-05, 1.40853e-06, 0.4375, 0.904912, 8.56138e-05, 296.901
1737, 0.65516, 6.30875e-09, 1.58148e-09, 0, 8.82673e-08, 4.89267e-07, 0, 0, 5.85425e-07, 5.6031e-05, 1.47802e-06, 0.422876, 0.904904, 8.47885e-05, 297.066
1738, 0.690004, 5.29414e-09, 1.56539e-09, 0, 1.03012e-07, 5.63595e-07, 0, 0, 6.73466e-07, 6.08228e-05, 1.802e-06, 0.371059, 0.904896, 8.76916e-05, 298.425
1739, 0.691824, 5.3658e-09, 1.5823e-09, 0, 1.05279e-07, 5.77267e-07, 0, 0, 6.89494e-07, 6.27387e-05, 1.83831e-06, 0.368423, 0.904888, 9.06236e-05, 298.538
1740, 0.660957, 6.55903e-09, 1.63119e-09, 0, 9.39876e-08, 5.2347e-07, 0, 0, 6.25648e-07, 6.07774e-05, 1.57078e-06, 0.414066, 0.90488, 9.19611e-05, 297.355
1741, 0.63649, 7.55183e-09, 1.67372e-09, 0, 8.55184e-08, 4.81632e-07, 0, 0, 5.76376e-07, 5.88388e-05, 1.38705e-06, 0.451786, 0.904872, 9.24048e-05, 296.34
1742, 0.655519, 6.97134e-09, 1.67853e-09, 0, 9.43044e-08, 5.23307e-07, 0, 0, 6.2626e-07, 6.06583e-05, 1.60002e-06, 0.422329, 0.904864, 9.25011e-05, 297.085
1743, 0.686654, 6.00064e-09, 1.66991e-09, 0, 1.07978e-07, 5.89437e-07, 0, 0, 7.05085e-07, 6.34648e-05, 1.91024e-06, 0.375924, 0.904856, 9.24285e-05, 298.217
1744, 0.681363, 6.38099e-09, 1.69332e-09, 0, 1.06815e-07, 5.83502e-07, 0, 0, 6.9839e-07, 6.27916e-05, 1.88032e-06, 0.38366, 0.904848, 9.21919e-05, 297.974
1745, 0.660364, 7.32935e-09, 1.73216e-09, 0, 9.86294e-08, 5.42903e-07, 0, 0, 6.50594e-07, 6.05283e-05, 1.70435e-06, 0.414964, 0.90484, 9.17472e-05, 297.074
1746, 0.609869, 9.48259e-09, 1.79434e-09, 0, 8.24115e-08, 4.60974e-07, 0, 0, 5.54662e-07, 5.57634e-05, 1.38018e-06, 0.494511, 0.904832, 9.15949e-05, 295.237
1747, 0.565903, 1.13078e-08, 1.85768e-09, 0, 6.95894e-08, 3.95816e-07, 0, 0, 4.78571e-07, 5.18976e-05, 1.13028e-06, 0.569332, 0.904824, 9.18544e-05, 293.546
1748, 0.618175, 9.21659e-09, 1.84509e-09, 0, 8.55939e-08, 4.77457e-07, 0, 0, 5.74113e-07, 5.68136e-05, 1.46792e-06, 0.480984, 0.904816, 9.19723e-05, 295.324
1749, 0.690861, 6.38512e-09, 1.80741e-09, 0, 1.07443e-07, 5.8882e-07, 0, 0, 7.04456e-07, 6.34732e-05, 1.92565e-06, 0.369816, 0.904808, 9.18937e-05, 297.369
1750, 0.69903, 6.23976e-09, 1.82162e-09, 0, 1.08505e-07, 5.94984e-07, 0, 0, 7.11551e-07, 6.40644e-05, 1.9347e-06, 0.358062, 0.9048, 9.16477e-05, 297.338
1751, 0.666389, 7.79344e-09, 1.87123e-09, 0, 9.60174e-08, 5.33179e-07, 0, 0, 6.38861e-07, 6.0837e-05, 1.64375e-06, 0.405881, 0.904792, 9.13188e-05, 296.045
1752, 0.662018, 8.05575e-09, 1.90011e-09, 0, 9.38875e-08, 5.2266e-07, 0, 0, 6.26504e-07, 6.03138e-05, 1.59973e-06, 0.412463, 0.904784, 9.11518e-05, 295.698
1753, 0.689074, 6.94197e-09, 1.90305e-09, 0, 1.03426e-07, 5.70041e-07, 0, 0, 6.82312e-07, 6.27544e-05, 1.83327e-06, 0.372407, 0.904776, 9.10904e-05, 296.471
1754, 0.681738, 7.44519e-09, 1.93214e-09, 0, 1.01088e-07, 5.59067e-07, 0, 0, 6.69532e-07, 6.20379e-05, 1.79177e-06, 0.38311, 0.904768, 9.0992e-05, 296.13
1755, 0.638873, 9.53654e-09, 1.99818e-09, 0, 8.45877e-08, 4.784e-07, 0, 0, 5.74523e-07, 5.79759e-05, 1.4068e-06, 0.448049, 0.90476, 9.07473e-05, 294.365
1756, 0.605189, 1.11775e-08, 2.06432e-09, 0, 7.15159e-08, 4.13773e-07, 0, 0, 4.9853e-07, 5.47871e-05, 1.10241e-06, 0.502215, 0.904752, 9.0563e-05, 292.736
1757, 0.595384, 1.17715e-08, 2.10289e-09, 0, 6.94639e-08, 4.02428e-07, 0, 0, 4.85766e-07, 5.39096e-05, 1.07668e-06, 0.518549, 0.904744, 9.05807e-05, 292.328
1758, 0.638786, 9.88112e-09, 2.08346e-09, 0, 8.60953e-08, 4.84368e-07, 0, 0, 5.82427e-07, 5.7815e-05, 1.48431e-06, 0.448186, 0.904736, 9.05331e-05, 294.097
1759, 0.693541, 7.42399e-09, 2.05524e-09, 0, 1.05695e-07, 5.81388e-07, 0, 0, 6.96562e-07, 6.26363e-05, 1.95149e-06, 0.365946, 0.904729, 9.03007e-05, 295.863
1760, 0.691899, 7.63377e-09, 2.08889e-09, 0, 1.04367e-07, 5.75073e-07, 0, 0, 6.89162e-07, 6.23332e-05, 1.9161e-06, 0.368316, 0.90472, 8.9983e-05, 295.611
1761, 0.654404, 9.54065e-09, 2.16461e-09, 0, 8.92408e-08, 5.01126e-07, 0, 0, 6.02072e-07, 5.88095e-05, 1.54771e-06, 0.42403, 0.904711, 8.97043e-05, 294.037
1762, 0.623915, 1.10821e-08, 2.2371e-09, 0, 7.60431e-08, 4.36699e-07, 0, 0, 5.26062e-07, 5.59054e-05, 1.23468e-06, 0.471742, 0.904705, 8.95156e-05, 292.479
1763, 0.620173, 1.13569e-08, 2.27401e-09, 0, 7.22459e-08, 4.18938e-07, 0, 0, 5.04815e-07, 5.53787e-05, 1.14602e-06, 0.477757, 0.904696, 8.93115e-05, 291.912
1764, 0.626204, 1.1462e-08, 2.27049e-09, 0, 7.48287e-08, 4.31861e-07, 0, 0, 5.20422e-07, 5.57626e-05, 1.21132e-06, 0.468079, 0.904688, 8.91012e-05, 292.094
1765, 0.570885, 1.51724e-08, 2.28917e-09, 0, 6.39593e-08, 3.73303e-07, 0, 0, 4.54724e-07, 5.08238e-05, 1.00729e-06, 0.560567, 0.90468, 8.90866e-05, 290.554
1766, 0.525663, 1.79899e-08, 2.33321e-09, 0, 5.26105e-08, 3.14116e-07, 0, 0, 3.8705e-07, 4.68181e-05, 7.77869e-07, 0.643095, 0.904672, 8.91172e-05, 288.76
1767, 0.584231, 1.4409e-08, 2.37033e-09, 0, 6.17081e-08, 3.66087e-07, 0, 0, 4.44575e-07, 5.19563e-05, 9.40967e-07, 0.537458, 0.904664, 8.89801e-05, 290.05
1768, 0.638984, 1.10231e-08, 2.41558e-09, 0, 7.04914e-08, 4.15889e-07, 0, 0, 4.99818e-07, 5.6729e-05, 1.10578e-06, 0.447875, 0.904656, 8.87996e-05, 291.13
1769, 0.624601, 1.17555e-08, 2.49297e-09, 0, 6.41636e-08, 3.83613e-07, 0, 0, 4.62025e-07, 5.53873e-05, 9.68354e-07, 0.470642, 0.904648, 8.86762e-05, 290.179
1770, 0.595912, 1.35497e-08, 2.55442e-09, 0, 5.68118e-08, 3.44126e-07, 0, 0, 4.17042e-07, 5.27704e-05, 8.24497e-07, 0.517662, 0.90464, 8.85545e-05, 288.988
1771, 0.61241, 1.29507e-08, 2.54786e-09, 0, 6.34045e-08, 3.77653e-07, 0, 0, 4.56556e-07, 5.4132e-05, 9.91477e-07, 0.490353, 0.904632, 8.84031e-05, 289.786
1772, 0.642602, 1.14881e-08, 2.53836e-09, 0, 7.24661e-08, 4.2528e-07, 0, 0, 5.11773e-07, 5.66993e-05, 1.20582e-06, 0.442229, 0.904624, 8.82357e-05, 290.837
1773, 0.612738, 1.34389e-08, 2.60935e-09, 0, 6.46719e-08, 3.84052e-07, 0, 0, 4.64772e-07, 5.39717e-05, 1.05369e-06, 0.489818, 0.904616, 8.80635e-05, 289.702
1774, 0.546579, 1.74954e-08, 2.72445e-09, 0, 4.66933e-08, 2.89133e-07, 0, 0, 3.56046e-07, 4.80495e-05, 6.85512e-07, 0.604077, 0.904608, 8.78907e-05, 286.839
1775, 0.511505, 1.97762e-08, 2.80358e-09, 0, 3.60883e-08, 2.34227e-07, 0, 0, 2.92895e-07, 4.48548e-05, 4.6257e-07, 0.670397, 0.904601, 8.76947e-05, 284.739
1776, 0.504646, 2.05711e-08, 2.84086e-09, 0, 3.48462e-08, 2.27149e-07, 0, 0, 2.85407e-07, 4.40706e-05, 4.30972e-07, 0.683897, 0.904592, 8.73894e-05, 284.349
1777, 0.516426, 2.02912e-08, 2.8545e-09, 0, 3.88109e-08, 2.4709e-07, 0, 0, 3.09047e-07, 4.48549e-05, 5.00367e-07, 0.660823, 0.904584, 8.69645e-05, 285.013
1778, 0.494235, 2.23616e-08, 2.88737e-09, 0, 3.7176e-08, 2.35494e-07, 0, 0, 2.97919e-07, 4.27811e-05, 4.78068e-07, 0.704745, 0.904576, 8.66359e-05, 284.513
1779, 0.471575, 2.43489e-08, 2.92805e-09, 0, 3.34029e-08, 2.13851e-07, 0, 0, 2.74531e-07, 4.07723e-05, 4.04787e-07, 0.751677, 0.904568, 8.64846e-05, 283.566
1780, 0.493094, 2.33762e-08, 2.93386e-09, 0, 3.55023e-08, 2.27169e-07, 0, 0, 2.88981e-07, 4.26166e-05, 4.22321e-07, 0.707055, 0.90456, 8.64125e-05, 283.946
1781, 0.490996, 2.41806e-08, 2.94416e-09, 0, 3.57321e-08, 2.28225e-07, 0, 0, 2.91082e-07, 4.23103e-05, 4.31459e-07, 0.71132, 0.904552, 8.62216e-05, 283.887
1782, 0.513975, 2.26782e-08, 2.98732e-09, 0, 3.94931e-08, 2.4938e-07, 0, 0, 3.14539e-07, 4.40601e-05, 4.99498e-07, 0.665581, 0.904544, 8.586e-05, 284.53
1783, 0.529235, 2.1715e-08, 3.04011e-09, 0, 4.02018e-08, 2.54744e-07, 0, 0, 3.19701e-07, 4.52673e-05, 5.06412e-07, 0.636322, 0.904536, 8.56608e-05, 284.562
1784, 0.443593, 2.90055e-08, 3.07259e-09, 0, 2.75262e-08, 1.82105e-07, 0, 0, 2.4171e-07, 3.79768e-05, 3.07915e-07, 0.812849, 0.904528, 8.57478e-05, 281.653
1785, 0.355379, 3.65384e-08, 3.11639e-09, 0, 1.55686e-08, 1.1278e-07, 0, 0, 1.68003e-07, 3.04673e-05, 1.2497e-07, 1.03457, 0.90452, 8.58224e-05, 277.991
1786, 0.363327, 3.59292e-08, 3.2095e-09, 0, 1.46432e-08, 1.09517e-07, 0, 0, 1.63299e-07, 3.11319e-05, 9.9349e-08, 1.01245, 0.904512, 8.57448e-05, 277.59
1787, 0.432075, 3.05679e-08, 3.26039e-09, 0, 2.30294e-08, 1.59565e-07, 0, 0, 2.16422e-07, 3.69792e-05, 2.22247e-07, 0.839156, 0.904504, 8.56322e-05, 280.181
1788, 0.516652, 2.43152e-08, 3.24281e-09, 0, 3.68279e-08, 2.3842e-07, 0, 0, 3.02806e-07, 4.41434e-05, 4.49893e-07, 0.660387, 0.904496, 8.54832e-05, 283.364
1789, 0.553894, 2.18159e-08, 3.23954e-09, 0, 4.41674e-08, 2.7908e-07, 0, 0, 3.48303e-07, 4.72183e-05, 5.92426e-07, 0.590781, 0.904488, 8.52725e-05, 284.636
1790, 0.493042, 2.6908e-08, 3.33026e-09, 0, 3.5335e-08, 2.26703e-07, 0, 0, 2.92276e-07, 4.19532e-05, 4.73153e-07, 0.70716, 0.90448, 8.50858e-05, 282.75
1791, 0.387964, 3.57328e-08, 3.4706e-09, 0, 1.95184e-08, 1.34403e-07, 0, 0, 1.93125e-07, 3.29579e-05, 2.20753e-07, 0.946843, 0.904472, 8.48912e-05, 278.559
1792, 0.321003, 4.21405e-08, 3.5438e-09, 0, 1.04393e-08, 8.08961e-08, 0, 0, 1.3702e-07, 2.72045e-05, 7.35855e-08, 1.13631, 0.904464, 8.46478e-05, 275.156
1793, 0.282973, 4.66014e-08, 3.54572e-09, 0, 6.86386e-09, 5.83481e-08, 0, 0, 1.15359e-07, 2.39361e-05, 2.65185e-08, 1.2624, 0.904456, 8.45264e-05, 273.416
1794, 0.279915, 4.75549e-08, 3.57431e-09, 0, 6.03548e-09, 5.35225e-08, 0, 0, 1.10687e-07, 2.3632e-05, 1.48934e-08, 1.27327, 0.904448, 8.44566e-05, 272.905
1795, 0.308289, 4.5672e-08, 3.61267e-09, 0, 7.13228e-09, 6.25067e-08, 0, 0, 1.18924e-07, 2.59485e-05, 1.72554e-08, 1.17672, 0.90444, 8.42555e-05, 273.447
1796, 0.320905, 4.58159e-08, 3.59706e-09, 0, 8.00894e-09, 6.90238e-08, 0, 0, 1.26446e-07, 2.69145e-05, 2.08809e-08, 1.13661, 0.904432, 8.3962e-05, 273.894
1797, 0.330552, 4.56993e-08, 3.62236e-09, 0, 8.73318e-09, 7.38131e-08, 0, 0, 1.31868e-07, 2.76547e-05, 2.5944e-08, 1.10699, 0.904424, 8.372e-05, 274.161
1798, 0.354396, 4.38231e-08, 3.68816e-09, 0, 1.04548e-08, 8.51171e-08, 0, 0, 1.43083e-07, 2.96428e-05, 3.9079e-08, 1.03734, 0.904416, 8.36327e-05, 274.803
1799, 0.318571, 4.9655e-08, 3.56269e-09, 0, 1.00877e-08, 8.02628e-08, 0, 0, 1.43568e-07, 2.6662e-05, 4.25146e-08, 1.14391, 0.904408, 8.36092e-05, 274.708
1800, 0.185567, 6.7374e-08, 3.19019e-09, 0, 5.52228e-09, 4.42676e-08, 0, 0, 1.20354e-07, 1.55297e-05, 2.31287e-08, 1.68434, 0.9044, 8.34881e-05, 272.928
1801, 0.0786773, 8.13154e-08, 2.96274e-09, 0, 1.58602e-09, 1.36511e-08, 0, 0, 9.95153e-08, 6.57003e-06, 5.65054e-09, 2.5424, 0.904392, 8.32751e-05, 271.043
1802, 0.0687867, 8.22451e-08, 3.12749e-09, 0, 6.39669e-10, 7.00727e-09, 0, 0, 9.30195e-08, 5.71421e-06, 6.85477e-10, 2.67674, 0.904384, 8.30075e-05, 270.299
1803, 0.118982, 7.53157e-08, 3.49202e-09, 0, 1.24953e-09, 1.35587e-08, 0, 0, 9.3616e-08, 9.86176e-06, 5.31882e-10, 2.12879, 0.904376, 8.27779e-05, 270.233
1804, 0.181835, 6.76716e-08, 3.77493e-09, 0, 2.40274e-09, 2.45253e-08, 0, 0, 9.83746e-08, 1.50454e-05, 1.4756e-09, 1.70466, 0.904369, 8.26072e-05, 270.563
1805, 0.190241, 6.92531e-08, 3.64031e-09, 0, 2.77349e-09, 2.75942e-08, 0, 0, 1.03261e-07, 1.57077e-05, 1.98537e-09, 1.65947, 0.90436, 8.22431e-05, 270.884
1806, 0.129488, 8.05459e-08, 3.22901e-09, 0, 1.75245e-09, 1.76989e-08, 0, 0, 1.03226e-07, 1.06609e-05, 1.19786e-09, 2.04417, 0.904352, 8.15205e-05, 270.756
1807, 0.103247, 8.42861e-08, 3.28103e-09, 0, 1.04177e-09, 1.13775e-08, 0, 0, 9.99864e-08, 8.44195e-06, 4.14326e-10, 2.27063, 0.904344, 8.11351e-05, 270.339
1808, 0.136485, 7.82109e-08, 3.7399e-09, 0, 1.26258e-09, 1.42417e-08, 0, 0, 9.74551e-08, 1.10902e-05, 2.70232e-10, 1.99154, 0.904336, 8.1362e-05, 269.98
1809, 0.152457, 7.59625e-08, 3.97371e-09, 0, 1.37138e-09, 1.5618e-08, 0, 0, 9.69257e-08, 1.23498e-05, 2.25439e-10, 1.88087, 0.904328, 8.14602e-05, 269.806
1810, 0.117043, 8.40697e-08, 3.66357e-09, 0, 9.75927e-10, 1.13324e-08, 0, 0, 1.00042e-07, 9.46879e-06, 1.12622e-10, 2.14521, 0.90432, 8.14755e-05, 269.972
1811, 0.0637098, 9.6101e-08, 3.14652e-09, 0, 4.58624e-10, 5.51764e-09, 0, 0, 1.05224e-07, 5.16389e-06, 3.51482e-11, 2.75342, 0.904312, 8.15673e-05, 270.312
1812, 0.0385233, 1.02176e-07, 2.96936e-09, 0, 2.13141e-10, 2.75549e-09, 0, 0, 1.08114e-07, 3.1277e-06, 6.42116e-12, 3.25649, 0.904304, 8.14407e-05, 270.437
1813, 0.0515793, 9.99571e-08, 3.2421e-09, 0, 2.76652e-10, 3.62689e-09, 0, 0, 1.07103e-07, 4.15928e-06, 1.15724e-12, 2.96464, 0.904296, 8.106e-05, 270.227
1814, 0.0772604, 9.53471e-08, 3.62494e-09, 0, 4.34564e-10, 5.63878e-09, 0, 0, 1.05045e-07, 6.20044e-06, 1.18621e-12, 2.56057, 0.904288, 8.04887e-05, 269.925
1815, 0.0639926, 1.00899e-07, 3.36532e-09, 0, 3.57824e-10, 4.64429e-09, 0, 0, 1.09267e-07, 5.10421e-06, 9.19379e-13, 2.74899, 0.90428, 7.95871e-05, 270.164
1816, 0.0361756, 1.08566e-07, 3.08441e-09, 0, 1.75378e-10, 2.32458e-09, 0, 0, 1.14151e-07, 2.75966e-06, 3.04635e-13, 3.31937, 0.904272, 7.77225e-05, 270.444
1817, 0.0373849, 1.07408e-07, 3.43792e-09, 0, 1.42197e-10, 1.95907e-09, 0, 0, 1.12947e-07, 2.60219e-06, 4.5378e-14, 3.28649, 0.904264, 7.46862e-05, 270.222
1818, 0.0412648, 1.07097e-07, 3.62983e-09, 0, 1.47892e-10, 2.05604e-09, 0, 0, 1.12931e-07, 2.80094e-06, 6.53568e-15, 3.18775, 0.904256, 7.31174e-05, 270.098
1819, 0.0272136, 1.14135e-07, 3.18961e-09, 0, 9.47786e-11, 1.328e-09, 0, 0, 1.18748e-07, 1.88891e-06, 2.14785e-15, 3.60404, 0.904248, 7.50322e-05, 270.438
1820, 0.01144, 1.24275e-07, 2.34466e-09, 0, 3.88985e-11, 5.50811e-10, 0, 0, 1.27209e-07, 8.35705e-07, 4.45218e-16, 4.47064, 0.90424, 7.76889e-05, 270.953
1821, 0.00489857, 1.31198e-07, 1.76243e-09, 0, 1.75691e-11, 2.48855e-10, 0, 0, 1.33227e-07, 3.79721e-07, 7.04693e-17, 5.31881, 0.904232, 7.89982e-05, 271.259
1822, 0.0133973, 1.28858e-07, 2.16798e-09, 0, 5.29371e-11, 7.4691e-10, 0, 0, 1.31825e-07, 1.07042e-06, 2.4141e-16, 4.3127, 0.904224, 7.9352e-05, 271.037
1823, 0.0388197, 1.17143e-07, 3.4916e-09, 0, 1.54967e-10, 2.1856e-09, 0, 0, 1.22976e-07, 3.10553e-06, 7.70833e-16, 3.24883, 0.904216, 7.95359e-05, 270.27
1824, 0.0540832, 1.09742e-07, 4.45717e-09, 0, 2.14884e-10, 3.03117e-09, 0, 0, 1.17445e-07, 4.32803e-06, 1.04476e-15, 2.91723, 0.904208, 7.98252e-05, 269.722
1825, 0.0359951, 1.18394e-07, 3.98132e-09, 0, 1.40482e-10, 1.98194e-09, 0, 0, 1.24498e-07, 2.88143e-06, 5.98873e-16, 3.32437, 0.9042, 7.9996e-05, 270.138
1826, 0.012166, 1.31888e-07, 2.94825e-09, 0, 4.57996e-11, 6.4251e-10, 0, 0, 1.35524e-07, 9.74071e-07, 1.4545e-16, 4.40911, 0.904191, 8.00179e-05, 270.803
1827, 0.00323239, 1.38225e-07, 2.57457e-09, 0, 1.12407e-11, 1.51489e-10, 0, 0, 1.40962e-07, 2.58664e-07, 1.49889e-17, 5.73453, 0.904184, 7.99721e-05, 271.047
1828, 0.00150522, 1.41837e-07, 2.39889e-09, 0, 4.95147e-12, 6.30472e-11, 0, 0, 1.44304e-07, 1.20343e-07, 6.56115e-19, 6.49881, 0.904176, 7.98964e-05, 271.143
1829, 0.000610527, 1.46482e-07, 2.03221e-09, 0, 2.0576e-12, 2.489e-11, 0, 0, 1.48542e-07, 4.87921e-08, 1.22077e-20, 7.40119, 0.904168, 7.98132e-05, 271.29
1830, 0.000167966, 1.49886e-07, 1.84765e-09, 0, 6.39365e-13, 6.54996e-12, 0, 0, 1.51741e-07, 1.34096e-08, 9.65624e-23, 8.69175, 0.904159, 7.97156e-05, 271.367
1831, 0.000100152, 1.51914e-07, 1.86768e-09, 0, 4.23229e-13, 3.68783e-12, 0, 0, 1.53786e-07, 7.9715e-09, 3.24675e-25, 9.20882, 0.904152, 7.95345e-05, 271.37
1832, 0.00021542, 1.52582e-07, 2.10905e-09, 0, 8.10639e-13, 8.06502e-12, 0, 0, 1.54699e-07, 1.71131e-08, 4.63938e-28, 8.44292, 0.904144, 7.92607e-05, 271.303
1833, 0.000452174, 1.53056e-07, 2.37416e-09, 0, 1.56588e-12, 1.72091e-11, 0, 0, 1.55449e-07, 3.58968e-08, 2.89979e-31, 7.70144, 0.904135, 7.91375e-05, 271.226
1834, 0.000517841, 1.55954e-07, 2.236e-09, 0, 1.74672e-12, 1.98093e-11, 0, 0, 1.58212e-07, 4.1101e-08, 1.00629e-32, 7.56584, 0.904128, 7.92027e-05, 271.268
1835, 0.000267105, 1.62047e-07, 1.57574e-09, 0, 8.98536e-13, 1.02224e-11, 0, 0, 1.63634e-07, 2.11985e-08, 4.99626e-33, 8.22787, 0.90412, 7.92046e-05, 271.463
1836, 5.88651e-05, 1.67308e-07, 1.06111e-09, 0, 1.99728e-13, 2.24946e-12, 0, 0, 1.68371e-07, 4.67154e-09, 1.02953e-33, 9.74026, 0.904112, 7.91162e-05, 271.609
1837, 5.88348e-06, 1.70093e-07, 9.74214e-10, 0, 2.24804e-14, 2.21707e-13, 0, 0, 1.71068e-07, 4.66664e-10, 8.74108e-35, 12.0434, 0.904104, 7.90067e-05, 271.636
1838, 1.73642e-06, 1.713e-07, 1.17572e-09, 0, 1.37734e-14, 5.67296e-14, 0, 0, 1.72476e-07, 1.36932e-10, 3.05879e-36, 13.2637, 0.904096, 7.88956e-05, 271.591
1839, 2.33967e-06, 1.72562e-07, 1.3715e-09, 0, 1.9995e-14, 7.46868e-14, 0, 0, 1.73934e-07, 1.84335e-10, 4.49651e-38, 12.9655, 0.904088, 7.87812e-05, 271.548
1840, 1.6405e-06, 1.75471e-07, 1.26458e-09, 0, 1.40393e-14, 5.24946e-14, 0, 0, 1.76736e-07, 1.29173e-10, 3.33306e-38, 13.3205, 0.90408, 7.86631e-05, 271.577
1841, 2.98931e-06, 1.78633e-07, 1.11284e-09, 0, 1.54686e-14, 1.02304e-13, 0, 0, 1.79745e-07, 2.3401e-10, 1.42929e-36, 12.7205, 0.904072, 7.85458e-05, 271.614
1842, 3.10537e-05, 1.80318e-07, 1.22849e-09, 0, 1.13349e-13, 1.10264e-12, 0, 0, 1.81548e-07, 2.42708e-09, 2.54701e-35, 10.3798, 0.904064, 7.84303e-05, 271.587
1843, 0.000201022, 1.78674e-07, 1.93261e-09, 0, 6.68132e-13, 7.21635e-12, 0, 0, 1.80614e-07, 1.57062e-08, 1.87431e-34, 8.5121, 0.904056, 7.83141e-05, 271.416
1844, 0.000618151, 1.74944e-07, 2.96207e-09, 0, 1.9934e-12, 2.22518e-11, 0, 0, 1.7793e-07, 4.82876e-08, 5.69741e-34, 7.38878, 0.904047, 7.8169e-05, 271.154
1845, 0.000861187, 1.74804e-07, 3.37545e-09, 0, 2.76142e-12, 3.09682e-11, 0, 0, 1.78213e-07, 6.72605e-08, 7.15743e-34, 7.0572, 0.90404, 7.78266e-05, 271.047
1846, 0.0005376, 1.82426e-07, 2.51493e-09, 0, 1.73383e-12, 1.92692e-11, 0, 0, 1.84962e-07, 4.19793e-08, 3.7186e-34, 7.5284, 0.904032, 7.70375e-05, 271.276
1847, 0.000150066, 1.92129e-07, 1.29373e-09, 0, 4.912e-13, 5.35237e-12, 0, 0, 1.93428e-07, 1.17153e-08, 7.99774e-35, 8.80443, 0.904024, 7.64061e-05, 271.578
1848, 2.07985e-05, 1.97085e-07, 8.88323e-10, 0, 7.36569e-14, 7.30256e-13, 0, 0, 1.97975e-07, 1.62191e-09, 7.13055e-36, 10.7806, 0.90402, 7.67968e-05, 271.677
1849, 1.7468e-05, 1.97455e-07, 1.30945e-09, 0, 7.18854e-14, 5.79723e-13, 0, 0, 1.98765e-07, 1.35122e-09, 2.64616e-37, 10.9551, 0.904042, 7.73574e-05, 271.593
1850, 8.44396e-05, 1.96359e-07, 1.97697e-09, 0, 3.05126e-13, 2.82885e-12, 0, 0, 1.98339e-07, 6.52409e-09, 7.39412e-39, 9.37947, 0.904147, 7.7397e-05, 271.452
1851, 0.000221906, 1.95026e-07, 2.64964e-09, 0, 7.74982e-13, 7.44784e-12, 0, 0, 1.97684e-07, 1.71444e-08, 9.00637e-39, 8.41326, 0.904374, 7.71904e-05, 271.299
1852, 0.000259406, 1.9667e-07, 2.81698e-09, 0, 9.08298e-13, 8.68921e-12, 0, 0, 1.99497e-07, 2.00429e-08, 1.00277e-38, 8.25712, 0.904684, 7.70145e-05, 271.265
1853, 0.000131914, 2.03703e-07, 2.07715e-09, 0, 4.70588e-13, 4.40014e-12, 0, 0, 2.05785e-07, 1.0192e-08, 4.62018e-39, 8.93336, 0.90502, 7.69218e-05, 271.438
1854, 3.58623e-05, 2.0892e-07, 1.67111e-09, 0, 1.40461e-13, 1.17527e-12, 0, 0, 2.10592e-07, 2.76687e-09, 8.78328e-40, 10.2358, 0.90536, 7.68875e-05, 271.537
1855, 2.14469e-05, 2.09692e-07, 2.05189e-09, 0, 1.03339e-13, 6.71939e-13, 0, 0, 2.11744e-07, 1.64716e-09, 6.88962e-41, 10.7499, 0.905701, 7.68243e-05, 271.468
1856, 2.24072e-05, 2.11992e-07, 2.14327e-09, 0, 1.10579e-13, 6.96885e-13, 0, 0, 2.14136e-07, 1.7192e-09, 2.43686e-42, 10.7061, 0.90604, 7.67377e-05, 271.454
1857, 2.43577e-05, 2.15255e-07, 2.06043e-09, 0, 1.159e-13, 7.57808e-13, 0, 0, 2.17317e-07, 1.86608e-09, 2.37055e-39, 10.6227, 0.90638, 7.66561e-05, 271.473
1858, 3.48293e-05, 2.16233e-07, 2.40129e-09, 0, 1.61373e-13, 1.0849e-12, 0, 0, 2.18636e-07, 2.66557e-09, 1.68016e-37, 10.2651, 0.90672, 7.65555e-05, 271.41
1859, 4.04442e-05, 2.19964e-07, 2.24758e-09, 0, 1.69163e-13, 1.28855e-12, 0, 0, 2.22213e-07, 3.08911e-09, 4.71307e-36, 10.1156, 0.90706, 7.64378e-05, 271.444
1860, 0.000122887, 2.25021e-07, 1.83137e-09, 0, 3.87228e-13, 4.11821e-12, 0, 0, 2.26857e-07, 9.349e-09, 5.50601e-35, 9.00425, 0.9074, 7.63124e-05, 271.521
1861, 0.00044708, 2.23447e-07, 2.56283e-09, 0, 1.33535e-12, 1.51233e-11, 0, 0, 2.26026e-07, 3.39905e-08, 2.67334e-34, 7.71277, 0.90774, 7.61723e-05, 271.366
1862, 0.000783065, 2.19498e-07, 3.73464e-09, 0, 2.32946e-12, 2.65378e-11, 0, 0, 2.23261e-07, 5.95183e-08, 5.54626e-34, 7.1523, 0.90808, 7.59991e-05, 271.128
1863, 0.000651947, 2.22395e-07, 3.80204e-09, 0, 1.9637e-12, 2.20641e-11, 0, 0, 2.26221e-07, 4.95221e-08, 8.25973e-34, 7.33555, 0.90842, 7.58249e-05, 271.134
1864, 0.000420007, 2.28679e-07, 3.29562e-09, 0, 1.27706e-12, 1.42444e-11, 0, 0, 2.3199e-07, 3.18169e-08, 3.62483e-33, 7.77524, 0.90876, 7.57123e-05, 271.254
1865, 0.000658902, 2.30221e-07, 3.52831e-09, 0, 1.91721e-12, 2.26366e-11, 0, 0, 2.33774e-07, 4.97616e-08, 1.33298e-32, 7.32494, 0.9091, 7.56153e-05, 271.207
1866, 0.000957962, 2.30611e-07, 3.94513e-09, 0, 2.74923e-12, 3.29593e-11, 0, 0, 2.34591e-07, 7.23122e-08, 2.12462e-32, 6.9507, 0.909441, 7.54775e-05, 271.12
1867, 0.000648472, 2.39164e-07, 3.04474e-09, 0, 1.86549e-12, 2.22542e-11, 0, 0, 2.42233e-07, 4.89435e-08, 1.40959e-32, 7.34089, 0.909781, 7.53071e-05, 271.306
1868, 0.000190322, 2.49975e-07, 1.79445e-09, 0, 5.52798e-13, 6.50551e-12, 0, 0, 2.51776e-07, 1.4363e-08, 3.88189e-33, 8.5668, 0.91012, 7.51112e-05, 271.556
1869, 2.40716e-05, 2.56121e-07, 1.32659e-09, 0, 7.11792e-14, 8.18616e-13, 0, 0, 2.57449e-07, 1.81641e-09, 4.43203e-34, 10.6345, 0.91046, 7.48792e-05, 271.65
1870, 1.31294e-06, 2.60701e-07, 1.09381e-09, 0, 4.05492e-15, 4.43616e-14, 0, 0, 2.61795e-07, 9.90601e-11, 2.09621e-35, 13.5432, 0.9108, 7.45888e-05, 271.691
1871, 3.19584e-08, 2.64649e-07, 9.73835e-10, 0, 1.5883e-16, 1.06312e-15, 0, 0, 2.65623e-07, 2.40939e-12, 4.10514e-37, 17.2588, 0.91114, 7.41959e-05, 271.711
1872, 1.96073e-09, 2.67454e-07, 1.0822e-09, 0, 8.98117e-17, 5.18359e-17, 0, 0, 2.68536e-07, 1.44201e-13, 3.3274e-39, 20.0499, 0.91148, 7.35823e-05, 271.696
1873, 2.47426e-09, 2.70642e-07, 1.12486e-09, 0, 1.04757e-16, 5.97908e-17, 0, 0, 2.71767e-07, 1.76194e-13, 1.11599e-41, 19.8173, 0.91182, 7.23587e-05, 271.691
1874, 1.5972e-08, 2.73242e-07, 1.29058e-09, 0, 1.82897e-16, 4.50862e-16, 0, 0, 2.74532e-07, 1.14578e-12, 1.88864e-37, 17.9524, 0.91216, 6.96502e-05, 271.669
1875, 5.84602e-07, 2.75031e-07, 1.62098e-09, 0, 1.80963e-15, 1.78296e-14, 0, 0, 2.76652e-07, 4.25413e-11, 1.00329e-34, 14.3523, 0.9125, 6.59584e-05, 271.624
1876, 1.28076e-05, 2.7757e-07, 1.80052e-09, 0, 3.40059e-14, 3.94966e-13, 0, 0, 2.79371e-07, 9.33156e-10, 4.79328e-33, 11.2655, 0.91284, 6.53214e-05, 271.599
1877, 0.000128323, 2.78502e-07, 2.23111e-09, 0, 3.30046e-13, 3.9918e-12, 0, 0, 2.80737e-07, 9.3561e-09, 1.02003e-31, 8.96096, 0.91318, 6.85051e-05, 271.526
1878, 0.000609962, 2.73964e-07, 3.55172e-09, 0, 1.54025e-12, 1.91733e-11, 0, 0, 2.77537e-07, 4.45124e-08, 9.4441e-31, 7.40211, 0.91352, 7.13604e-05, 271.297
1879, 0.00144767, 2.68283e-07, 5.0021e-09, 0, 3.60448e-12, 4.60138e-11, 0, 0, 2.73334e-07, 1.05755e-07, 4.68146e-30, 6.5378, 0.91386, 7.25975e-05, 271.032
1880, 0.00184345, 2.70403e-07, 5.20361e-09, 0, 4.52381e-12, 5.89815e-11, 0, 0, 2.7567e-07, 1.34825e-07, 2.24171e-29, 6.29611, 0.9142, 7.30752e-05, 270.995
1881, 0.00179891, 2.76216e-07, 4.86375e-09, 0, 4.28442e-12, 5.70232e-11, 0, 0, 2.81141e-07, 1.31814e-07, 9.48815e-29, 6.32057, 0.91454, 7.32832e-05, 271.065
1882, 0.00214232, 2.76743e-07, 5.34994e-09, 0, 4.98491e-12, 6.69268e-11, 0, 0, 2.82165e-07, 1.57205e-07, 2.01063e-28, 6.14587, 0.914881, 7.33669e-05, 270.982
1883, 0.0018626, 2.80981e-07, 5.31561e-09, 0, 4.36863e-12, 5.78857e-11, 0, 0, 2.86358e-07, 1.36714e-07, 1.81353e-28, 6.28578, 0.91522, 7.33606e-05, 271.005
1884, 0.000870543, 2.91145e-07, 4.4181e-09, 0, 2.12738e-12, 2.68522e-11, 0, 0, 2.95592e-07, 6.38667e-08, 1.09322e-28, 7.04639, 0.91556, 7.32594e-05, 271.192
1885, 0.000541904, 2.95036e-07, 4.48853e-09, 0, 1.42608e-12, 1.66955e-11, 0, 0, 2.99543e-07, 3.9679e-08, 1.04487e-27, 7.52042, 0.9159, 7.31584e-05, 271.201
1886, 0.00130506, 2.93429e-07, 5.30145e-09, 0, 3.24263e-12, 4.20322e-11, 0, 0, 2.98776e-07, 9.55017e-08, 1.06027e-26, 6.6415, 0.91624, 7.31679e-05, 271.058
1887, 0.00353595, 2.88653e-07, 6.41806e-09, 0, 8.38425e-12, 1.16892e-10, 0, 0, 2.95197e-07, 2.5866e-07, 4.5335e-26, 5.64477, 0.916579, 7.31849e-05, 270.824
1888, 0.00572093, 2.83816e-07, 7.55678e-09, 0, 1.33994e-11, 1.89861e-10, 0, 0, 2.91576e-07, 4.18392e-07, 8.07848e-26, 5.16362, 0.91692, 7.31374e-05, 270.588
1889, 0.00455745, 2.93336e-07, 6.80697e-09, 0, 1.06951e-11, 1.50449e-10, 0, 0, 3.00304e-07, 3.33238e-07, 5.99299e-26, 5.39099, 0.91726, 7.3059e-05, 270.753
1890, 0.00174269, 3.12324e-07, 4.76296e-09, 0, 4.14826e-12, 5.68814e-11, 0, 0, 3.17147e-07, 1.27396e-07, 1.84985e-26, 6.35232, 0.9176, 7.2971e-05, 271.162
1891, 0.000342706, 3.23665e-07, 3.82717e-09, 0, 8.67497e-13, 1.09163e-11, 0, 0, 3.27504e-07, 2.50407e-08, 2.45844e-27, 7.97864, 0.91794, 7.28596e-05, 271.354
1892, 9.01642e-05, 3.29194e-07, 3.6779e-09, 0, 2.58214e-13, 2.7826e-12, 0, 0, 3.32875e-07, 6.55986e-09, 2.86495e-27, 9.31388, 0.91828, 7.26867e-05, 271.394
1893, 0.000442983, 3.31566e-07, 3.93857e-09, 0, 1.0647e-12, 1.44835e-11, 0, 0, 3.3552e-07, 3.2112e-08, 3.72661e-26, 7.72198, 0.91862, 7.25071e-05, 271.353
1894, 0.00214916, 3.25976e-07, 5.30927e-09, 0, 4.98992e-12, 7.11427e-11, 0, 0, 3.31362e-07, 1.55756e-07, 2.10285e-25, 6.14268, 0.91896, 7.24595e-05, 271.115
1895, 0.00484819, 3.15506e-07, 7.34113e-09, 0, 1.11699e-11, 1.60733e-10, 0, 0, 3.23019e-07, 3.51305e-07, 4.91959e-25, 5.32915, 0.9193, 7.2462e-05, 270.751
1896, 0.00512078, 3.1533e-07, 8.03383e-09, 0, 1.18206e-11, 1.68497e-10, 0, 0, 3.23545e-07, 3.70966e-07, 4.77081e-25, 5.27445, 0.91964, 7.23991e-05, 270.649
1897, 0.0027426, 3.30708e-07, 6.56748e-09, 0, 6.40723e-12, 8.85453e-11, 0, 0, 3.37371e-07, 1.98601e-07, 1.91749e-25, 5.89885, 0.91998, 7.22864e-05, 270.936
1898, 0.000823444, 3.51115e-07, 4.21374e-09, 0, 1.96556e-12, 2.58812e-11, 0, 0, 3.55356e-07, 5.9597e-08, 3.19355e-26, 7.10202, 0.920318, 7.21207e-05, 271.322
1899, 0.00014085, 3.66359e-07, 2.50092e-09, 0, 3.46871e-13, 4.32313e-12, 0, 0, 3.68865e-07, 1.0189e-08, 2.20375e-27, 8.86782, 0.920646, 7.19153e-05, 271.568
1900, 1.98064e-05, 3.72865e-07, 2.18862e-09, 0, 6.1501e-14, 5.73746e-13, 0, 0, 3.75054e-07, 1.42793e-09, 6.30157e-29, 10.8295, 0.920941, 7.18034e-05, 271.612
1901, 2.58475e-05, 3.71719e-07, 3.22742e-09, 0, 1.00461e-13, 6.97201e-13, 0, 0, 3.74947e-07, 1.85396e-09, 7.4676e-31, 10.5633, 0.921186, 7.17733e-05, 271.492
1902, 3.77325e-05, 3.72056e-07, 4.00732e-09, 0, 1.46244e-13, 1.01556e-12, 0, 0, 3.76064e-07, 2.70512e-09, 3.66728e-33, 10.185, 0.921398, 7.16831e-05, 271.404
1903, 3.04731e-05, 3.77712e-07, 3.85299e-09, 0, 1.21061e-13, 8.15943e-13, 0, 0, 3.81565e-07, 2.18191e-09, 7.46648e-36, 10.3987, 0.9216, 7.15372e-05, 271.429
1904, 2.15375e-05, 3.8406e-07, 3.58622e-09, 0, 8.94817e-14, 5.71786e-13, 0, 0, 3.87647e-07, 1.53837e-09, 7.08967e-37, 10.7457, 0.9218, 7.1377e-05, 271.466
1905, 2.17019e-05, 3.93236e-07, 2.80192e-09, 0, 7.54899e-14, 5.95107e-13, 0, 0, 3.96039e-07, 1.54266e-09, 3.1492e-35, 10.7381, 0.921999, 7.1217e-05, 271.558
1906, 0.000102291, 3.99724e-07, 2.46507e-09, 0, 2.59409e-13, 2.93511e-12, 0, 0, 4.02192e-07, 7.23779e-09, 9.24787e-34, 9.18769, 0.922201, 7.10628e-05, 271.591
1907, 0.000448786, 3.94661e-07, 4.08908e-09, 0, 1.09462e-12, 1.29734e-11, 0, 0, 3.98764e-07, 3.17353e-08, 1.24359e-32, 7.70896, 0.9224, 7.09099e-05, 271.391
1908, 0.00100542, 3.84645e-07, 6.52797e-09, 0, 2.41429e-12, 2.92321e-11, 0, 0, 3.91205e-07, 7.10533e-08, 7.22571e-32, 6.90235, 0.9226, 7.0753e-05, 271.088
1909, 0.00126465, 3.84062e-07, 7.44374e-09, 0, 3.00361e-12, 3.69618e-11, 0, 0, 3.91545e-07, 8.92933e-08, 1.76343e-31, 6.67296, 0.9228, 7.05937e-05, 270.98
1910, 0.000944561, 3.95091e-07, 6.54597e-09, 0, 2.24588e-12, 2.76414e-11, 0, 0, 4.01666e-07, 6.66371e-08, 1.78686e-31, 6.96479, 0.923, 7.04359e-05, 271.112
1911, 0.000387012, 4.10858e-07, 4.91352e-09, 0, 9.40351e-13, 1.12737e-11, 0, 0, 4.15784e-07, 2.7287e-08, 7.48419e-32, 7.85706, 0.9232, 7.02722e-05, 271.333
1912, 8.50357e-05, 4.22398e-07, 3.93958e-09, 0, 2.23732e-13, 2.44038e-12, 0, 0, 4.2634e-07, 5.98911e-09, 1.18474e-29, 9.37244, 0.9234, 7.00748e-05, 271.462
1913, 4.86974e-05, 4.30145e-07, 3.51743e-09, 0, 1.28946e-13, 1.38042e-12, 0, 0, 4.33663e-07, 3.39788e-09, 4.51154e-26, 9.92988, 0.9236, 6.98617e-05, 271.513
1914, 0.000225338, 4.33529e-07, 3.77274e-09, 0, 5.32936e-13, 6.52216e-12, 0, 0, 4.37308e-07, 1.56789e-08, 2.31397e-24, 8.39791, 0.9238, 6.97253e-05, 271.478
1915, 0.000797339, 4.30203e-07, 5.12318e-09, 0, 1.81112e-12, 2.41246e-11, 0, 0, 4.35352e-07, 5.53848e-08, 4.90871e-23, 7.13423, 0.924, 6.96257e-05, 271.318
1916, 0.00296015, 4.26225e-07, 6.33796e-09, 0, 6.45523e-12, 9.54659e-11, 0, 0, 4.32665e-07, 2.05106e-07, 4.32508e-22, 5.82251, 0.9242, 6.94781e-05, 271.142
1917, 0.00920939, 4.12805e-07, 8.461e-09, 0, 1.98484e-11, 3.03671e-10, 0, 0, 4.2159e-07, 6.37481e-07, 1.58505e-21, 4.68753, 0.9244, 6.93184e-05, 270.772
1918, 0.0149145, 3.98516e-07, 1.08086e-08, 0, 3.20907e-11, 4.93041e-10, 0, 0, 4.0985e-07, 1.03202e-06, 2.42197e-21, 4.20542, 0.9246, 6.91747e-05, 270.381
1919, 0.0112788, 4.17142e-07, 9.20789e-09, 0, 2.42402e-11, 3.71296e-10, 0, 0, 4.26746e-07, 7.802e-07, 1.55841e-21, 4.48483, 0.9248, 6.90047e-05, 270.66
1920, 0.00459862, 4.50825e-07, 5.62641e-09, 0, 9.85811e-12, 1.49889e-10, 0, 0, 4.56612e-07, 3.17585e-07, 6.73607e-22, 5.382, 0.925, 6.88321e-05, 271.206
1921, 0.00485506, 4.54993e-07, 5.84263e-09, 0, 1.03757e-11, 1.58529e-10, 0, 0, 4.61005e-07, 3.33028e-07, 8.85679e-21, 5.32773, 0.925201, 6.87069e-05, 271.185
1922, 0.0116953, 4.31381e-07, 9.61224e-09, 0, 2.5104e-11, 3.8672e-10, 0, 0, 4.41405e-07, 8.00997e-07, 2.73055e-19, 4.44857, 0.9254, 6.85769e-05, 270.643
1923, 0.0165138, 4.2251e-07, 1.13253e-08, 0, 3.59657e-11, 5.55688e-10, 0, 0, 4.34427e-07, 1.12956e-06, 4.03432e-18, 4.10356, 0.9256, 6.83962e-05, 270.372
1924, 0.0193453, 4.32712e-07, 1.04049e-08, 0, 4.444e-11, 6.85814e-10, 0, 0, 4.43847e-07, 1.3178e-06, 2.50382e-17, 3.94531, 0.9258, 6.81965e-05, 270.467
1925, 0.0286757, 4.26899e-07, 1.12461e-08, 0, 6.87613e-11, 1.0596e-09, 0, 0, 4.39273e-07, 1.94724e-06, 6.45045e-17, 3.55171, 0.926, 6.80359e-05, 270.251
1926, 0.0293066, 4.29523e-07, 1.1723e-08, 0, 7.04487e-11, 1.08498e-09, 0, 0, 4.42402e-07, 1.98926e-06, 6.88986e-17, 3.52994, 0.9262, 6.79106e-05, 270.205
1927, 0.0155239, 4.59081e-07, 9.69785e-09, 0, 3.65673e-11, 5.61611e-10, 0, 0, 4.69377e-07, 1.05362e-06, 3.05042e-17, 4.16537, 0.9264, 6.77818e-05, 270.67
1928, 0.00726806, 4.77616e-07, 8.74086e-09, 0, 1.60288e-11, 2.44521e-10, 0, 0, 4.86617e-07, 4.91925e-07, 5.67457e-18, 4.92427, 0.9266, 6.76363e-05, 270.909
1929, 0.00873588, 4.75848e-07, 9.74876e-09, 0, 1.85804e-11, 2.85584e-10, 0, 0, 4.85901e-07, 5.89194e-07, 2.88568e-18, 4.74032, 0.9268, 6.7459e-05, 270.78
1930, 0.0104052, 4.78438e-07, 1.01646e-08, 0, 2.27608e-11, 3.50436e-10, 0, 0, 4.88976e-07, 7.00263e-07, 3.93482e-17, 4.56545, 0.927001, 6.72612e-05, 270.727
1931, 0.0139312, 4.83292e-07, 1.01086e-08, 0, 3.35446e-11, 5.13024e-10, 0, 0, 4.93948e-07, 9.32615e-07, 5.50305e-16, 4.27362, 0.9272, 6.70903e-05, 270.711
1932, 0.0275067, 4.68133e-07, 1.18673e-08, 0, 6.96565e-11, 1.06306e-09, 0, 0, 4.81133e-07, 1.83733e-06, 9.79261e-15, 3.59333, 0.9274, 6.69322e-05, 270.339
1933, 0.0418449, 4.52154e-07, 1.36505e-08, 0, 1.12449e-10, 1.69213e-09, 0, 0, 4.6761e-07, 2.79288e-06, 1.01738e-13, 3.17378, 0.9276, 6.68011e-05, 269.945
1934, 0.0586058, 4.42202e-07, 1.44677e-08, 0, 1.80851e-10, 2.6295e-09, 0, 0, 4.5948e-07, 3.90362e-06, 4.62458e-13, 2.83692, 0.9278, 6.66725e-05, 269.659
1935, 0.0771855, 4.29097e-07, 1.55867e-08, 0, 2.56777e-10, 3.66988e-09, 0, 0, 4.4861e-07, 5.13243e-06, 8.88482e-13, 2.56154, 0.928, 6.64835e-05, 269.311
1936, 0.0644809, 4.44866e-07, 1.54242e-08, 0, 2.08775e-10, 2.9977e-09, 0, 0, 4.63496e-07, 4.28004e-06, 7.1832e-13, 2.74139, 0.9282, 6.62055e-05, 269.516
1937, 0.0373946, 4.76661e-07, 1.43074e-08, 0, 1.04162e-10, 1.54204e-09, 0, 0, 4.92615e-07, 2.47247e-06, 2.44523e-13, 3.28623, 0.9284, 6.59414e-05, 269.999
1938, 0.0249003, 4.98755e-07, 1.32993e-08, 0, 5.80995e-11, 8.97239e-10, 0, 0, 5.1301e-07, 1.63969e-06, 9.24161e-14, 3.69287, 0.9286, 6.58058e-05, 270.283
1939, 0.0240667, 5.12545e-07, 1.24006e-08, 0, 5.81773e-11, 8.92185e-10, 0, 0, 5.25897e-07, 1.57786e-06, 1.94903e-12, 3.72693, 0.9288, 6.56544e-05, 270.413
1940, 0.0375235, 5.0463e-07, 1.31729e-08, 0, 1.19093e-10, 1.67855e-09, 0, 0, 5.196e-07, 2.44302e-06, 2.75057e-11, 3.28279, 0.929, 6.53806e-05, 270.181
1941, 0.0736926, 4.72849e-07, 1.52131e-08, 0, 3.377e-10, 4.28043e-09, 0, 0, 4.9268e-07, 4.75676e-06, 1.62706e-10, 2.60785, 0.9292, 6.49719e-05, 269.544
1942, 0.133657, 4.22698e-07, 1.75369e-08, 0, 7.12587e-10, 8.68839e-09, 0, 0, 4.49636e-07, 8.57193e-06, 4.03638e-10, 2.01248, 0.9294, 6.42943e-05, 268.538
1943, 0.149847, 4.08945e-07, 1.8732e-08, 0, 7.73766e-10, 9.46685e-09, 0, 0, 4.37917e-07, 9.55681e-06, 4.21612e-10, 1.89814, 0.9296, 6.29259e-05, 268.168
1944, 0.10004, 4.54342e-07, 1.7895e-08, 0, 4.29193e-10, 5.43973e-09, 0, 0, 4.78106e-07, 6.28593e-06, 1.91212e-10, 2.30218, 0.9298, 6.05796e-05, 268.91
1945, 0.0774623, 4.73283e-07, 1.80207e-08, 0, 2.40919e-10, 3.28768e-09, 0, 0, 4.94832e-07, 4.72992e-06, 7.07575e-11, 2.55796, 0.93, 5.89044e-05, 269.134
1946, 0.100593, 4.49351e-07, 1.96337e-08, 0, 3.17787e-10, 4.33482e-09, 0, 0, 4.73638e-07, 6.16617e-06, 1.05439e-10, 2.29668, 0.9302, 5.99367e-05, 268.593
1947, 0.107125, 4.46869e-07, 2.01706e-08, 0, 3.54202e-10, 4.79459e-09, 0, 0, 4.72188e-07, 6.67077e-06, 1.24877e-10, 2.23375, 0.9304, 6.20519e-05, 268.45
1948, 0.0937857, 4.63531e-07, 2.01151e-08, 0, 2.8908e-10, 4.01042e-09, 0, 0, 4.87945e-07, 5.92597e-06, 8.31752e-11, 2.36674, 0.930599, 6.32809e-05, 268.657
1949, 0.104044, 4.5567e-07, 2.09809e-08, 0, 3.30943e-10, 4.59626e-09, 0, 0, 4.81578e-07, 6.63446e-06, 1.38386e-10, 2.26294, 0.930788, 6.37426e-05, 268.416
1950, 0.140867, 4.23023e-07, 2.23869e-08, 0, 5.01068e-10, 6.7536e-09, 0, 0, 4.52665e-07, 9.00411e-06, 4.72986e-10, 1.95994, 0.930949, 6.38979e-05, 267.701
1951, 0.177409, 3.90969e-07, 2.34549e-08, 0, 6.49667e-10, 8.60382e-09, 0, 0, 4.23677e-07, 1.13423e-05, 9.91946e-10, 1.7293, 0.931068, 6.39277e-05, 266.948
1952, 0.174659, 3.97428e-07, 2.33936e-08, 0, 5.82762e-10, 7.81009e-09, 0, 0, 4.29215e-07, 1.11625e-05, 9.80797e-10, 1.74492, 0.931158, 6.38956e-05, 266.961
1953, 0.133325, 4.41204e-07, 2.24855e-08, 0, 3.51712e-10, 4.9485e-09, 0, 0, 4.68989e-07, 8.51388e-06, 4.3652e-10, 2.01496, 0.93124, 6.38313e-05, 267.709
1954, 0.0978093, 4.75472e-07, 2.21985e-08, 0, 1.88147e-10, 2.82858e-09, 0, 0, 5.00687e-07, 6.23761e-06, 9.99128e-11, 2.32474, 0.93132, 6.37468e-05, 268.234
1955, 0.0758092, 4.96883e-07, 2.24359e-08, 0, 1.12135e-10, 1.76298e-09, 0, 0, 5.21194e-07, 4.82745e-06, 2.03781e-11, 2.57954, 0.9314, 6.36491e-05, 268.514
1956, 0.0598298, 5.17913e-07, 2.24707e-08, 0, 7.26047e-11, 1.17338e-09, 0, 0, 5.4163e-07, 3.80303e-06, 5.60788e-12, 2.81625, 0.931481, 6.35419e-05, 268.779
1957, 0.0553952, 5.30515e-07, 2.25364e-08, 0, 6.62777e-11, 1.06524e-09, 0, 0, 5.54183e-07, 3.51332e-06, 1.36917e-11, 2.89326, 0.93156, 6.34276e-05, 268.892
1958, 0.0642804, 5.316e-07, 2.27482e-08, 0, 1.16024e-10, 1.6758e-09, 0, 0, 5.5614e-07, 4.0669e-06, 1.50339e-10, 2.7445, 0.93164, 6.33088e-05, 268.815
1959, 0.101166, 5.05371e-07, 2.33126e-08, 0, 3.13662e-10, 4.04168e-09, 0, 0, 5.33039e-07, 6.38444e-06, 7.71755e-10, 2.29099, 0.93172, 6.31862e-05, 268.286
1960, 0.164806, 4.50163e-07, 2.44296e-08, 0, 6.39844e-10, 7.94931e-09, 0, 0, 4.83182e-07, 1.03842e-05, 1.77745e-09, 1.80298, 0.9318, 6.30594e-05, 267.216
1961, 0.201425, 4.214e-07, 2.51061e-08, 0, 7.92908e-10, 9.90998e-09, 0, 0, 4.57209e-07, 1.26745e-05, 2.0332e-09, 1.60234, 0.931881, 6.29287e-05, 266.568
1962, 0.185268, 4.45165e-07, 2.48773e-08, 0, 6.48704e-10, 8.35966e-09, 0, 0, 4.79051e-07, 1.16404e-05, 1.36884e-09, 1.68595, 0.93196, 6.27968e-05, 266.909
1963, 0.145112, 4.87018e-07, 2.47381e-08, 0, 4.07263e-10, 5.48999e-09, 0, 0, 5.17654e-07, 9.09874e-06, 7.76191e-10, 1.93025, 0.93204, 6.26663e-05, 267.553
1964, 0.14533, 4.81929e-07, 2.57759e-08, 0, 3.90361e-10, 5.23862e-09, 0, 0, 5.13334e-07, 9.08481e-06, 1.42475e-09, 1.92875, 0.93212, 6.25385e-05, 267.36
1965, 0.197676, 4.31046e-07, 2.70539e-08, 0, 6.92684e-10, 8.71386e-09, 0, 0, 4.67507e-07, 1.23287e-05, 4.56273e-09, 1.62112, 0.9322, 6.2412e-05, 266.34
1966, 0.257841, 3.80264e-07, 2.76301e-08, 0, 1.15397e-09, 1.37533e-08, 0, 0, 4.22801e-07, 1.60518e-05, 1.06917e-08, 1.35541, 0.93228, 6.22838e-05, 265.259
1967, 0.297883, 3.50974e-07, 2.78568e-08, 0, 1.66683e-09, 1.87526e-08, 0, 0, 3.9925e-07, 1.85101e-05, 1.96934e-08, 1.21105, 0.93236, 6.21528e-05, 264.599
1968, 0.325298, 3.36659e-07, 2.7988e-08, 0, 2.62538e-09, 2.6678e-08, 0, 0, 3.9395e-07, 2.01702e-05, 4.23929e-08, 1.12301, 0.932441, 6.20207e-05, 264.361
1969, 0.364881, 3.12629e-07, 2.81081e-08, 0, 4.38766e-09, 4.06705e-08, 0, 0, 3.85795e-07, 2.25755e-05, 8.76861e-08, 1.00819, 0.93252, 6.18878e-05, 264.051
1970, 0.378795, 3.12646e-07, 2.80849e-08, 0, 5.43196e-09, 4.86575e-08, 0, 0, 3.94821e-07, 2.33893e-05, 1.13649e-07, 0.970761, 0.932601, 6.17471e-05, 264.162
1971, 0.339539, 3.60784e-07, 2.80293e-08, 0, 4.72813e-09, 4.25595e-08, 0, 0, 4.36101e-07, 2.0889e-05, 8.97794e-08, 1.08017, 0.93268, 6.15617e-05, 265.005
1972, 0.333665, 3.74345e-07, 2.83616e-08, 0, 4.90236e-09, 4.34274e-08, 0, 0, 4.51036e-07, 2.03903e-05, 8.1664e-08, 1.09762, 0.93276, 6.13031e-05, 265.22
1973, 0.382306, 3.32388e-07, 2.90214e-08, 0, 6.8729e-09, 5.80405e-08, 0, 0, 4.26323e-07, 2.32869e-05, 1.23754e-07, 0.961534, 0.93284, 6.11075e-05, 264.568
1974, 0.41647, 3.04394e-07, 2.94344e-08, 0, 9.0618e-09, 7.26692e-08, 0, 0, 4.1556e-07, 2.53659e-05, 1.89674e-07, 0.875942, 0.93292, 6.10361e-05, 264.213
1975, 0.457815, 2.74759e-07, 2.95241e-08, 0, 1.20666e-08, 9.21346e-08, 0, 0, 4.08485e-07, 2.78722e-05, 2.86477e-07, 0.781291, 0.933, 6.09671e-05, 263.939
1976, 0.515882, 2.33406e-07, 2.93257e-08, 0, 1.65021e-08, 1.20805e-07, 0, 0, 4.00039e-07, 3.13956e-05, 4.32002e-07, 0.661878, 0.93308, 6.0896e-05, 263.63
1977, 0.562993, 2.02162e-07, 2.89834e-08, 0, 2.06668e-08, 1.47086e-07, 0, 0, 3.98899e-07, 3.42173e-05, 5.6706e-07, 0.574488, 0.93316, 6.07688e-05, 263.494
1978, 0.559644, 2.14027e-07, 2.89541e-08, 0, 2.0805e-08, 1.47348e-07, 0, 0, 4.11134e-07, 3.39229e-05, 5.57291e-07, 0.580454, 0.93324, 6.05437e-05, 263.673
1979, 0.486515, 2.90745e-07, 2.89952e-08, 0, 1.65533e-08, 1.19166e-07, 0, 0, 4.55459e-07, 2.94127e-05, 4.12445e-07, 0.720487, 0.93332, 6.03595e-05, 264.546
1980, 0.422448, 3.58185e-07, 2.90975e-08, 0, 1.31235e-08, 9.64409e-08, 0, 0, 4.96846e-07, 2.54894e-05, 3.04911e-07, 0.861688, 0.9334, 6.03054e-05, 265.276
1981, 0.484037, 3.06064e-07, 2.93421e-08, 0, 1.69614e-08, 1.21954e-07, 0, 0, 4.74322e-07, 2.91426e-05, 4.15192e-07, 0.725593, 0.93348, 6.02385e-05, 264.718
1982, 0.575608, 2.2423e-07, 2.96753e-08, 0, 2.32821e-08, 1.62466e-07, 0, 0, 4.39654e-07, 3.45833e-05, 6.16359e-07, 0.552328, 0.93356, 6.01038e-05, 263.879
1983, 0.614197, 1.93598e-07, 2.9777e-08, 0, 2.83332e-08, 1.92001e-07, 0, 0, 4.43709e-07, 3.68377e-05, 8.12753e-07, 0.48744, 0.933641, 5.99851e-05, 263.858
1984, 0.637723, 1.80334e-07, 2.94741e-08, 0, 3.28231e-08, 2.17875e-07, 0, 0, 4.60506e-07, 3.81857e-05, 9.92893e-07, 0.449852, 0.93372, 5.98781e-05, 264.106
1985, 0.627755, 1.94946e-07, 2.95631e-08, 0, 3.24221e-08, 2.15178e-07, 0, 0, 4.7211e-07, 3.75117e-05, 9.80278e-07, 0.465606, 0.9338, 5.97433e-05, 264.237
1986, 0.577214, 2.44614e-07, 3.01044e-08, 0, 2.71959e-08, 1.83294e-07, 0, 0, 4.85208e-07, 3.44257e-05, 7.89636e-07, 0.549542, 0.93388, 5.96213e-05, 264.392
1987, 0.539174, 2.81491e-07, 3.06911e-08, 0, 2.26296e-08, 1.55726e-07, 0, 0, 4.90537e-07, 3.2095e-05, 6.18679e-07, 0.617716, 0.93396, 5.95158e-05, 264.388
1988, 0.573203, 2.50245e-07, 3.09236e-08, 0, 2.50319e-08, 1.70997e-07, 0, 0, 4.77199e-07, 3.40462e-05, 7.04279e-07, 0.556515, 0.93404, 5.93843e-05, 264.014
1989, 0.581928, 2.4348e-07, 3.13836e-08, 0, 2.6725e-08, 1.80292e-07, 0, 0, 4.8188e-07, 3.44944e-05, 7.92409e-07, 0.541408, 0.93412, 5.92076e-05, 263.999
1990, 0.534936, 2.88964e-07, 3.22498e-08, 0, 2.36893e-08, 1.59671e-07, 0, 0, 5.04574e-07, 3.16295e-05, 7.19456e-07, 0.625608, 0.9342, 5.90489e-05, 264.335
1991, 0.568614, 2.60659e-07, 3.20732e-08, 0, 2.76188e-08, 1.82902e-07, 0, 0, 5.03253e-07, 3.35296e-05, 8.8812e-07, 0.564554, 0.93428, 5.89532e-05, 264.201
1992, 0.652227, 1.86176e-07, 3.12596e-08, 0, 3.51765e-08, 2.29992e-07, 0, 0, 4.82604e-07, 3.83877e-05, 1.1763e-06, 0.427362, 0.93436, 5.88633e-05, 263.689
1993, 0.665013, 1.75491e-07, 3.13867e-08, 0, 3.47571e-08, 2.29209e-07, 0, 0, 4.70844e-07, 3.90817e-05, 1.15242e-06, 0.407948, 0.93444, 5.87625e-05, 263.343
1994, 0.611952, 2.21089e-07, 3.2649e-08, 0, 2.69878e-08, 1.84036e-07, 0, 0, 4.64761e-07, 3.58995e-05, 8.38951e-07, 0.491101, 0.93452, 5.86499e-05, 263.111
1995, 0.552551, 2.63906e-07, 3.43895e-08, 0, 1.85934e-08, 1.345e-07, 0, 0, 4.51389e-07, 3.23462e-05, 5.25399e-07, 0.59321, 0.9346, 5.85252e-05, 262.723
1996, 0.489079, 3.0533e-07, 3.62625e-08, 0, 1.1756e-08, 9.21111e-08, 0, 0, 4.4546e-07, 2.85693e-05, 3.09939e-07, 0.71523, 0.93468, 5.83945e-05, 262.489
1997, 0.405607, 3.7244e-07, 3.80796e-08, 0, 6.29916e-09, 5.50545e-08, 0, 0, 4.71873e-07, 2.36405e-05, 1.56752e-07, 0.902371, 0.93476, 5.82596e-05, 262.933
1998, 0.315091, 4.5889e-07, 3.94986e-08, 0, 2.78109e-09, 2.7848e-08, 0, 0, 5.29018e-07, 1.83247e-05, 6.24734e-08, 1.15489, 0.93484, 5.8134e-05, 263.927
1999, 0.240581, 5.34764e-07, 4.0334e-08, 0, 1.01453e-09, 1.20309e-08, 0, 0, 5.88144e-07, 1.39652e-05, 1.74299e-08, 1.4247, 0.934918, 5.80224e-05, 264.847
2000, 0.180542, 6.07102e-07, 4.03949e-08, 0, 3.52666e-10, 5.03321e-09, 0, 0, 6.52883e-07, 1.04632e-05, 3.3217e-09, 1.71179, 0.934994, 5.79092e-05, 265.761
2001, 0.124591, 6.92663e-07, 3.98039e-08, 0, 1.38019e-10, 2.21581e-09, 0, 0, 7.34821e-07, 7.20971e-06, 5.2258e-10, 2.08272, 0.935065, 5.77968e-05, 266.818
2002, 0.0814221, 7.71611e-07, 3.8986e-08, 0, 6.18414e-11, 1.04325e-09, 0, 0, 8.11702e-07, 4.70414e-06, 6.90993e-11, 2.50811, 0.935132, 5.77072e-05, 267.698
2003, 0.0605672, 8.15176e-07, 3.85851e-08, 0, 3.63953e-11, 6.26566e-10, 0, 0, 8.54424e-07, 3.49258e-06, 6.30394e-12, 2.804, 0.935198, 5.76324e-05, 268.101
2004, 0.0558332, 8.26783e-07, 3.89673e-08, 0, 3.06897e-11, 5.30952e-10, 0, 0, 8.66311e-07, 3.2139e-06, 9.10745e-13, 2.88539, 0.935265, 5.75411e-05, 268.131
2005, 0.058495, 8.26562e-07, 3.98826e-08, 0, 3.39414e-11, 5.79636e-10, 0, 0, 8.67058e-07, 3.36126e-06, 1.62302e-11, 2.83881, 0.935331, 5.74475e-05, 268.031
2006, 0.079614, 7.93788e-07, 4.12788e-08, 0, 6.29571e-11, 9.99171e-10, 0, 0, 8.36129e-07, 4.56646e-06, 3.09835e-10, 2.53057, 0.935396, 5.73785e-05, 267.559
2007, 0.127476, 7.10315e-07, 4.3119e-08, 0, 1.88036e-10, 2.53452e-09, 0, 0, 7.56157e-07, 7.30119e-06, 2.85982e-09, 2.05983, 0.935462, 5.73125e-05, 266.451
2008, 0.190402, 6.04536e-07, 4.49199e-08, 0, 5.17974e-10, 6.15104e-09, 0, 0, 6.56124e-07, 1.08921e-05, 1.15089e-08, 1.65862, 0.935528, 5.72346e-05, 264.946
2009, 0.228337, 5.50733e-07, 4.58943e-08, 0, 8.05231e-10, 9.17318e-09, 0, 0, 6.06606e-07, 1.30492e-05, 1.95648e-08, 1.47693, 0.935594, 5.71516e-05, 264.072
2010, 0.203685, 5.94731e-07, 4.6141e-08, 0, 6.07814e-10, 7.10976e-09, 0, 0, 6.48589e-07, 1.16282e-05, 1.39446e-08, 1.59118, 0.93566, 5.70679e-05, 264.618
2011, 0.157231, 6.71603e-07, 4.5967e-08, 0, 2.54969e-10, 3.36105e-09, 0, 0, 7.21186e-07, 8.96315e-06, 4.20148e-09, 1.85004, 0.935726, 5.69837e-05, 265.552
2012, 0.1339, 7.23073e-07, 4.55394e-08, 0, 1.12615e-10, 1.78081e-09, 0, 0, 7.70507e-07, 7.62008e-06, 5.69166e-10, 2.01066, 0.935792, 5.68942e-05, 266.098
2013, 0.129669, 7.50619e-07, 4.52613e-08, 0, 9.19577e-11, 1.54724e-09, 0, 0, 7.9752e-07, 7.36746e-06, 7.31222e-11, 2.04277, 0.935858, 5.67989e-05, 266.332
2014, 0.135819, 7.56763e-07, 4.54759e-08, 0, 1.01635e-10, 1.71631e-09, 0, 0, 8.04057e-07, 7.70512e-06, 7.79667e-11, 1.99643, 0.935924, 5.67146e-05, 266.305
2015, 0.145589, 7.51997e-07, 4.61273e-08, 0, 1.20089e-10, 2.01884e-09, 0, 0, 8.00264e-07, 8.24773e-06, 1.42524e-10, 1.92697, 0.93599, 5.66446e-05, 266.151
2016, 0.15043, 7.553e-07, 4.69619e-08, 0, 1.41096e-10, 2.33898e-09, 0, 0, 8.04742e-07, 8.50957e-06, 3.4102e-10, 1.89426, 0.936056, 5.65698e-05, 266.099
2017, 0.161632, 7.49409e-07, 4.77152e-08, 0, 1.9556e-10, 3.12677e-09, 0, 0, 8.00447e-07, 9.12806e-06, 1.0131e-09, 1.82243, 0.936122, 5.64882e-05, 265.938
2018, 0.191376, 7.12401e-07, 4.83777e-08, 0, 3.07817e-10, 4.72189e-09, 0, 0, 7.65809e-07, 1.07912e-05, 2.39201e-09, 1.65351, 0.936188, 5.64062e-05, 265.393
2019, 0.228619, 6.64742e-07, 4.9071e-08, 0, 4.85292e-10, 7.00694e-09, 0, 0, 7.21305e-07, 1.28733e-05, 5.54564e-09, 1.4757, 0.936254, 5.63245e-05, 264.697
2020, 0.265823, 6.22167e-07, 4.96281e-08, 0, 8.95739e-10, 1.13689e-08, 0, 0, 6.8406e-07, 1.49471e-05, 1.73722e-08, 1.32492, 0.93632, 5.62424e-05, 264.07
2021, 0.310808, 5.73234e-07, 4.97329e-08, 0, 1.95061e-09, 2.12635e-08, 0, 0, 6.46182e-07, 1.74512e-05, 5.41326e-08, 1.16858, 0.936386, 5.61619e-05, 263.407
2022, 0.365448, 5.14787e-07, 4.94126e-08, 0, 3.62041e-09, 3.60528e-08, 0, 0, 6.03873e-07, 2.0491e-05, 1.13342e-07, 1.00663, 0.936452, 5.6083e-05, 262.643
2023, 0.411475, 4.67799e-07, 4.92736e-08, 0, 5.10754e-09, 4.88429e-08, 0, 0, 5.71023e-07, 2.30406e-05, 1.62082e-07, 0.888007, 0.936518, 5.60039e-05, 261.996
2024, 0.454244, 4.21431e-07, 4.91031e-08, 0, 6.60897e-09, 6.14328e-08, 0, 0, 5.38576e-07, 2.53988e-05, 2.17615e-07, 0.78912, 0.936584, 5.59237e-05, 261.327
2025, 0.505513, 3.64616e-07, 4.83714e-08, 0, 9.09909e-09, 8.10388e-08, 0, 0, 5.03125e-07, 2.82246e-05, 3.32232e-07, 0.682181, 0.936651, 5.58432e-05, 260.569
2026, 0.553021, 3.16583e-07, 4.74724e-08, 0, 1.23498e-08, 1.04906e-07, 0, 0, 4.8131e-07, 3.08343e-05, 4.867e-07, 0.592359, 0.936716, 5.5762e-05, 260.042
2027, 0.571978, 3.04918e-07, 4.7462e-08, 0, 1.40991e-08, 1.16334e-07, 0, 0, 4.82813e-07, 3.18474e-05, 5.54167e-07, 0.558654, 0.936782, 5.56791e-05, 259.966
2028, 0.569408, 3.18694e-07, 4.81642e-08, 0, 1.45468e-08, 1.16862e-07, 0, 0, 4.98267e-07, 3.16562e-05, 5.48393e-07, 0.563158, 0.936848, 5.55949e-05, 260.162
2029, 0.592671, 2.99939e-07, 4.7807e-08, 0, 1.77579e-08, 1.3533e-07, 0, 0, 5.00835e-07, 3.28973e-05, 6.90084e-07, 0.523116, 0.936914, 5.55129e-05, 260.106
2030, 0.63637, 2.53844e-07, 4.66078e-08, 0, 2.22245e-08, 1.6336e-07, 0, 0, 4.86037e-07, 3.52734e-05, 9.04359e-07, 0.451975, 0.93698, 5.54349e-05, 259.716
2031, 0.665442, 2.23417e-07, 4.58711e-08, 0, 2.49762e-08, 1.80514e-07, 0, 0, 4.74779e-07, 3.68356e-05, 1.03961e-06, 0.407303, 0.937046, 5.5358e-05, 259.389
2032, 0.674174, 2.16999e-07, 4.58525e-08, 0, 2.63125e-08, 1.87559e-07, 0, 0, 4.76723e-07, 3.72682e-05, 1.1113e-06, 0.394267, 0.937112, 5.52797e-05, 259.323
2033, 0.670919, 2.24009e-07, 4.63173e-08, 0, 2.65656e-08, 1.8716e-07, 0, 0, 4.84052e-07, 3.7035e-05, 1.12942e-06, 0.399106, 0.937178, 5.52006e-05, 259.364
2034, 0.683279, 2.10477e-07, 4.61182e-08, 0, 2.86083e-08, 1.98273e-07, 0, 0, 4.83476e-07, 3.7661e-05, 1.24503e-06, 0.380853, 0.937244, 5.5121e-05, 259.248
2035, 0.705203, 1.84843e-07, 4.55009e-08, 0, 3.17292e-08, 2.16577e-07, 0, 0, 4.78649e-07, 3.88143e-05, 1.42499e-06, 0.34927, 0.93731, 5.5042e-05, 259.049
2036, 0.715178, 1.74414e-07, 4.54354e-08, 0, 3.34942e-08, 2.26543e-07, 0, 0, 4.79886e-07, 3.93086e-05, 1.53174e-06, 0.335224, 0.937376, 5.49638e-05, 258.97
2037, 0.712756, 1.80553e-07, 4.60264e-08, 0, 3.42247e-08, 2.3001e-07, 0, 0, 4.90814e-07, 3.91205e-05, 1.56008e-06, 0.338616, 0.937442, 5.48853e-05, 259.08
2038, 0.699762, 2.00127e-07, 4.71696e-08, 0, 3.38919e-08, 2.26777e-07, 0, 0, 5.07966e-07, 3.83532e-05, 1.51073e-06, 0.357015, 0.937508, 5.48066e-05, 259.303
2039, 0.675522, 2.30586e-07, 4.87337e-08, 0, 3.11923e-08, 2.09286e-07, 0, 0, 5.19798e-07, 3.69725e-05, 1.35397e-06, 0.392269, 0.937574, 5.47279e-05, 259.418
2040, 0.650556, 2.57895e-07, 5.02159e-08, 0, 2.69831e-08, 1.83274e-07, 0, 0, 5.18368e-07, 3.55537e-05, 1.13956e-06, 0.429928, 0.93764, 5.46493e-05, 259.288
2041, 0.65347, 2.48911e-07, 5.03869e-08, 0, 2.62795e-08, 1.78697e-07, 0, 0, 5.04275e-07, 3.56589e-05, 1.11023e-06, 0.425458, 0.937706, 5.45707e-05, 258.922
2042, 0.668884, 2.27417e-07, 5.00811e-08, 0, 2.75286e-08, 1.86116e-07, 0, 0, 4.91142e-07, 3.64484e-05, 1.17748e-06, 0.402144, 0.937772, 5.44924e-05, 258.568
2043, 0.666609, 2.33423e-07, 5.0815e-08, 0, 2.57906e-08, 1.76496e-07, 0, 0, 4.86525e-07, 3.62739e-05, 1.07637e-06, 0.405552, 0.937838, 5.44145e-05, 258.375
2044, 0.661063, 2.46283e-07, 5.17631e-08, 0, 2.35038e-08, 1.64406e-07, 0, 0, 4.85956e-07, 3.59198e-05, 9.55644e-07, 0.413906, 0.937904, 5.43366e-05, 258.261
2045, 0.669677, 2.40128e-07, 5.18836e-08, 0, 2.47079e-08, 1.73167e-07, 0, 0, 4.89887e-07, 3.63348e-05, 1.04572e-06, 0.40096, 0.93797, 5.42586e-05, 258.234
2046, 0.670882, 2.37616e-07, 5.21884e-08, 0, 2.60329e-08, 1.82046e-07, 0, 0, 4.97883e-07, 3.63498e-05, 1.15994e-06, 0.399162, 0.938036, 5.41804e-05, 258.284
2047, 0.641863, 2.67224e-07, 5.38669e-08, 0, 2.32802e-08, 1.65493e-07, 0, 0, 5.09864e-07, 3.47304e-05, 1.05224e-06, 0.443381, 0.938102, 5.41028e-05, 258.407
2048, 0.591227, 3.25896e-07, 5.65567e-08, 0, 1.77718e-08, 1.31331e-07, 0, 0, 5.31555e-07, 3.19463e-05, 7.85909e-07, 0.525555, 0.938169, 5.40257e-05, 258.7
2049, 0.534796, 4.01546e-07, 5.94533e-08, 0, 1.23709e-08, 9.65485e-08, 0, 0, 5.69919e-07, 2.88564e-05, 5.23304e-07, 0.625869, 0.938235, 5.39484e-05, 259.263
2050, 0.481846, 4.83314e-07, 6.20498e-08, 0, 8.14748e-09, 6.79186e-08, 0, 0, 6.2143e-07, 2.59615e-05, 3.23078e-07, 0.73013, 0.9383, 5.38704e-05, 259.99
2051, 0.440239, 5.54682e-07, 6.39162e-08, 0, 5.40345e-09, 4.84572e-08, 0, 0, 6.72459e-07, 2.36842e-05, 1.97322e-07, 0.820438, 0.938366, 5.37917e-05, 260.649
2052, 0.40816, 6.12394e-07, 6.52195e-08, 0, 3.72403e-09, 3.57168e-08, 0, 0, 7.17054e-07, 2.19261e-05, 1.25831e-07, 0.896095, 0.938432, 5.37131e-05, 261.169
2053, 0.381207, 6.63657e-07, 6.6389e-08, 0, 2.60299e-09, 2.66319e-08, 0, 0, 7.59281e-07, 2.04488e-05, 7.9828e-08, 0.964411, 0.938498, 5.36359e-05, 261.623
2054, 0.362426, 7.01013e-07, 6.73647e-08, 0, 1.98165e-09, 2.12875e-08, 0, 0, 7.91647e-07, 1.94127e-05, 5.53898e-08, 1.01493, 0.938564, 5.35595e-05, 261.928
2055, 0.356541, 7.17065e-07, 6.8058e-08, 0, 1.7943e-09, 1.95443e-08, 0, 0, 8.06462e-07, 1.90689e-05, 4.89713e-08, 1.03131, 0.93863, 5.34828e-05, 262.006
2056, 0.358536, 7.19768e-07, 6.88484e-08, 0, 1.89871e-09, 2.02063e-08, 0, 0, 8.10722e-07, 1.91472e-05, 5.2864e-08, 1.02573, 0.938696, 5.34061e-05, 261.954
2057, 0.376794, 6.93455e-07, 6.93115e-08, 0, 2.613e-09, 2.55489e-08, 0, 0, 7.90929e-07, 2.00913e-05, 8.0808e-08, 0.976058, 0.938762, 5.333e-05, 261.608
2058, 0.427171, 6.14637e-07, 6.85179e-08, 0, 4.88506e-09, 4.21514e-08, 0, 0, 7.30191e-07, 2.27434e-05, 1.75583e-07, 0.85057, 0.938828, 5.32551e-05, 260.725
2059, 0.497901, 5.07111e-07, 6.66864e-08, 0, 9.13352e-09, 7.1551e-08, 0, 0, 6.54482e-07, 2.64733e-05, 3.57485e-07, 0.697354, 0.938894, 5.31816e-05, 259.563
2060, 0.546859, 4.41082e-07, 6.55749e-08, 0, 1.28239e-08, 9.61755e-08, 0, 0, 6.15656e-07, 2.90407e-05, 5.11728e-07, 0.603564, 0.93896, 5.31078e-05, 258.872
2061, 0.536058, 4.67418e-07, 6.68134e-08, 0, 1.21457e-08, 9.16805e-08, 0, 0, 6.38057e-07, 2.84317e-05, 4.77292e-07, 0.623513, 0.939026, 5.30327e-05, 259.113
2062, 0.488899, 5.49071e-07, 6.92609e-08, 0, 8.4582e-09, 6.73583e-08, 0, 0, 6.94148e-07, 2.58945e-05, 3.20915e-07, 0.715599, 0.939092, 5.29568e-05, 259.823
2063, 0.451072, 6.20702e-07, 7.10288e-08, 0, 5.55007e-09, 4.80606e-08, 0, 0, 7.45341e-07, 2.38546e-05, 2.00318e-07, 0.796129, 0.939158, 5.28799e-05, 260.411
2064, 0.43594, 6.58094e-07, 7.18007e-08, 0, 4.46704e-09, 4.08947e-08, 0, 0, 7.75256e-07, 2.30197e-05, 1.57444e-07, 0.830252, 0.939224, 5.28035e-05, 260.691
2065, 0.430558, 6.79687e-07, 7.24511e-08, 0, 4.19051e-09, 3.90443e-08, 0, 0, 7.95373e-07, 2.27031e-05, 1.46389e-07, 0.842674, 0.93929, 5.2729e-05, 260.839
2066, 0.432486, 6.88097e-07, 7.3057e-08, 0, 4.31648e-09, 4.01889e-08, 0, 0, 8.05659e-07, 2.27721e-05, 1.5141e-07, 0.838205, 0.939356, 5.26555e-05, 260.861
2067, 0.447309, 6.72811e-07, 7.31612e-08, 0, 5.08965e-09, 4.64133e-08, 0, 0, 7.97475e-07, 2.35185e-05, 1.86467e-07, 0.804506, 0.939422, 5.25812e-05, 260.659
2068, 0.464839, 6.50383e-07, 7.33172e-08, 0, 6.02013e-09, 5.38167e-08, 0, 0, 7.83537e-07, 2.44048e-05, 2.27344e-07, 0.766064, 0.939488, 5.2505e-05, 260.385
2069, 0.476446, 6.34096e-07, 7.39974e-08, 0, 6.55952e-09, 5.80739e-08, 0, 0, 7.72726e-07, 2.49779e-05, 2.46376e-07, 0.741401, 0.939554, 5.24286e-05, 260.147
2070, 0.488542, 6.14036e-07, 7.46675e-08, 0, 7.33818e-09, 6.35217e-08, 0, 0, 7.59564e-07, 2.55756e-05, 2.76394e-07, 0.716331, 0.93962, 5.23544e-05, 259.878
2071, 0.509921, 5.77686e-07, 7.46288e-08, 0, 9.42105e-09, 7.74895e-08, 0, 0, 7.39226e-07, 2.66574e-05, 3.79829e-07, 0.673499, 0.939686, 5.2282e-05, 259.513
2072, 0.53744, 5.31417e-07, 7.4047e-08, 0, 1.23936e-08, 9.70938e-08, 0, 0, 7.14952e-07, 2.80572e-05, 5.3864e-07, 0.620939, 0.939752, 5.22095e-05, 259.088
2073, 0.559057, 4.92267e-07, 7.36772e-08, 0, 1.44545e-08, 1.10454e-07, 0, 0, 6.90853e-07, 2.91457e-05, 6.51632e-07, 0.581504, 0.939818, 5.21363e-05, 258.655
2074, 0.574725, 4.6213e-07, 7.35367e-08, 0, 1.57015e-08, 1.18247e-07, 0, 0, 6.69614e-07, 2.99206e-05, 7.18087e-07, 0.553863, 0.939883, 5.20629e-05, 258.253
2075, 0.592048, 4.35072e-07, 7.32497e-08, 0, 1.71518e-08, 1.27498e-07, 0, 0, 6.52972e-07, 3.07788e-05, 7.88083e-07, 0.524168, 0.93995, 5.19896e-05, 257.91
2076, 0.608843, 4.14285e-07, 7.30532e-08, 0, 1.79123e-08, 1.32844e-07, 0, 0, 6.38094e-07, 3.16076e-05, 8.13354e-07, 0.496195, 0.940016, 5.19162e-05, 257.588
2077, 0.620978, 4.08111e-07, 7.32128e-08, 0, 1.85914e-08, 1.36905e-07, 0, 0, 6.36821e-07, 3.2192e-05, 8.2994e-07, 0.47646, 0.940082, 5.18427e-05, 257.468
2078, 0.646678, 3.82465e-07, 7.23975e-08, 0, 2.22362e-08, 1.58717e-07, 0, 0, 6.35816e-07, 3.34749e-05, 1.02632e-06, 0.435906, 0.940148, 5.17693e-05, 257.352
2079, 0.691303, 3.21059e-07, 7.01517e-08, 0, 2.89807e-08, 1.99669e-07, 0, 0, 6.19861e-07, 3.57338e-05, 1.41961e-06, 0.369177, 0.940214, 5.16957e-05, 257.008
2080, 0.720532, 2.79314e-07, 6.88296e-08, 0, 3.31985e-08, 2.25376e-07, 0, 0, 6.06717e-07, 3.71941e-05, 1.67038e-06, 0.327765, 0.94028, 5.1622e-05, 256.703
2081, 0.720727, 2.79555e-07, 6.94489e-08, 0, 3.1759e-08, 2.17542e-07, 0, 0, 5.98305e-07, 3.71533e-05, 1.5843e-06, 0.327495, 0.940346, 5.15487e-05, 256.47
2082, 0.707247, 2.9859e-07, 7.09803e-08, 0, 2.80031e-08, 1.95745e-07, 0, 0, 5.93319e-07, 3.64074e-05, 1.36378e-06, 0.346375, 0.940412, 5.14759e-05, 256.29
2083, 0.693927, 3.19946e-07, 7.24982e-08, 0, 2.57569e-08, 1.82408e-07, 0, 0, 6.00609e-07, 3.56712e-05, 1.23973e-06, 0.365389, 0.940478, 5.14033e-05, 256.306
2084, 0.68121, 3.47435e-07, 7.40737e-08, 0, 2.47834e-08, 1.76362e-07, 0, 0, 6.22653e-07, 3.49677e-05, 1.18598e-06, 0.383885, 0.940544, 5.13304e-05, 256.549
2085, 0.678019, 3.61385e-07, 7.50881e-08, 0, 2.539e-08, 1.79456e-07, 0, 0, 6.41319e-07, 3.4752e-05, 1.21205e-06, 0.38858, 0.94061, 5.12562e-05, 256.731
2086, 0.693992, 3.3973e-07, 7.47418e-08, 0, 2.87921e-08, 1.99024e-07, 0, 0, 6.42287e-07, 3.55182e-05, 1.40341e-06, 0.365294, 0.940676, 5.1182e-05, 256.645
2087, 0.712857, 3.12969e-07, 7.41315e-08, 0, 3.28609e-08, 2.22444e-07, 0, 0, 6.42406e-07, 3.6433e-05, 1.64332e-06, 0.338475, 0.940742, 5.11101e-05, 256.546
2088, 0.721623, 3.0438e-07, 7.42277e-08, 0, 3.47736e-08, 2.33597e-07, 0, 0, 6.46978e-07, 3.68315e-05, 1.76039e-06, 0.326252, 0.940808, 5.104e-05, 256.514
2089, 0.722464, 3.09383e-07, 7.49263e-08, 0, 3.4746e-08, 2.33403e-07, 0, 0, 6.52458e-07, 3.68244e-05, 1.76033e-06, 0.325087, 0.940874, 5.09703e-05, 256.495
2090, 0.724479, 3.1194e-07, 7.55266e-08, 0, 3.51148e-08, 2.35159e-07, 0, 0, 6.57741e-07, 3.68756e-05, 1.78168e-06, 0.322302, 0.94094, 5.09e-05, 256.472
2091, 0.732748, 3.03004e-07, 7.56219e-08, 0, 3.6559e-08, 2.4372e-07, 0, 0, 6.58904e-07, 3.72442e-05, 1.86725e-06, 0.310954, 0.941006, 5.0829e-05, 256.389
2092, 0.736839, 3.03289e-07, 7.61104e-08, 0, 3.71145e-08, 2.47266e-07, 0, 0, 6.6378e-07, 3.74004e-05, 1.88859e-06, 0.305386, 0.941072, 5.07577e-05, 256.36
2093, 0.730492, 3.25043e-07, 7.74691e-08, 0, 3.61893e-08, 2.41629e-07, 0, 0, 6.80331e-07, 3.70262e-05, 1.81277e-06, 0.314037, 0.941138, 5.06858e-05, 256.496
2094, 0.730657, 3.3288e-07, 7.81979e-08, 0, 3.68948e-08, 2.45398e-07, 0, 0, 6.93371e-07, 3.69804e-05, 1.84984e-06, 0.313811, 0.941204, 5.06137e-05, 256.578
2095, 0.748376, 3.03584e-07, 7.74114e-08, 0, 4.09931e-08, 2.68921e-07, 0, 0, 6.90909e-07, 3.78231e-05, 2.10555e-06, 0.28985, 0.94127, 5.05423e-05, 256.444
2096, 0.762828, 2.80071e-07, 7.69424e-08, 0, 4.44445e-08, 2.88308e-07, 0, 0, 6.89766e-07, 3.8501e-05, 2.31631e-06, 0.270723, 0.941336, 5.0472e-05, 256.329
2097, 0.758344, 2.95343e-07, 7.81579e-08, 0, 4.39582e-08, 2.84702e-07, 0, 0, 7.02161e-07, 3.82231e-05, 2.27572e-06, 0.276618, 0.941402, 5.04018e-05, 256.4
2098, 0.736356, 3.47324e-07, 8.09153e-08, 0, 3.99037e-08, 2.6023e-07, 0, 0, 7.28374e-07, 3.70619e-05, 2.01171e-06, 0.306042, 0.941468, 5.03292e-05, 256.652
2099, 0.723752, 3.78669e-07, 8.28019e-08, 0, 3.75596e-08, 2.45882e-07, 0, 0, 7.44912e-07, 3.63703e-05, 1.85199e-06, 0.323307, 0.941534, 5.02532e-05, 256.768
2100, 0.729656, 3.70615e-07, 8.30534e-08, 0, 3.88426e-08, 2.52839e-07, 0, 0, 7.4535e-07, 3.66113e-05, 1.9158e-06, 0.315183, 0.9416, 5.01775e-05, 256.675
2101, 0.728109, 3.80816e-07, 8.39162e-08, 0, 3.95345e-08, 2.5599e-07, 0, 0, 7.60256e-07, 3.6468e-05, 1.95477e-06, 0.317305, 0.941666, 5.00877e-05, 256.766
2102, 0.733757, 3.73983e-07, 8.40508e-08, 0, 4.16634e-08, 2.67723e-07, 0, 0, 7.6742e-07, 3.66502e-05, 2.10173e-06, 0.309578, 0.941732, 4.9957e-05, 256.757
2103, 0.758303, 3.21809e-07, 8.25172e-08, 0, 4.63494e-08, 2.95274e-07, 0, 0, 7.4595e-07, 3.77972e-05, 2.42016e-06, 0.276672, 0.941798, 4.98516e-05, 256.385
2104, 0.773064, 2.90637e-07, 8.19762e-08, 0, 4.83663e-08, 3.07933e-07, 0, 0, 7.28912e-07, 3.85254e-05, 2.56071e-06, 0.257393, 0.941864, 4.98364e-05, 256.064
2105, 0.773555, 2.91566e-07, 8.27699e-08, 0, 4.73723e-08, 3.0313e-07, 0, 0, 7.24838e-07, 3.85411e-05, 2.49918e-06, 0.256759, 0.941931, 4.98235e-05, 255.911
2106, 0.77333, 2.93326e-07, 8.34749e-08, 0, 4.67551e-08, 3.00154e-07, 0, 0, 7.2371e-07, 3.84879e-05, 2.47712e-06, 0.25705, 0.941996, 4.97692e-05, 255.798
2107, 0.774499, 2.90481e-07, 8.39099e-08, 0, 4.68088e-08, 3.00738e-07, 0, 0, 7.21938e-07, 3.84931e-05, 2.51575e-06, 0.255539, 0.942062, 4.97007e-05, 255.676
2108, 0.773282, 2.9278e-07, 8.46181e-08, 0, 4.6273e-08, 2.97622e-07, 0, 0, 7.21293e-07, 3.83793e-05, 2.50807e-06, 0.257112, 0.942128, 4.96314e-05, 255.568
2109, 0.767383, 3.07385e-07, 8.5954e-08, 0, 4.44657e-08, 2.87104e-07, 0, 0, 7.24909e-07, 3.80337e-05, 2.39436e-06, 0.26477, 0.942194, 4.95622e-05, 255.518
2110, 0.760282, 3.27564e-07, 8.75482e-08, 0, 4.27142e-08, 2.76795e-07, 0, 0, 7.34622e-07, 3.76292e-05, 2.26878e-06, 0.274066, 0.94226, 4.9493e-05, 255.547
2111, 0.753519, 3.50201e-07, 8.91926e-08, 0, 4.18954e-08, 2.71311e-07, 0, 0, 7.52601e-07, 3.72427e-05, 2.19308e-06, 0.283001, 0.942326, 4.94244e-05, 255.68
2112, 0.751915, 3.62017e-07, 9.03468e-08, 0, 4.25129e-08, 2.73625e-07, 0, 0, 7.68502e-07, 3.71103e-05, 2.20427e-06, 0.285133, 0.942392, 4.9355e-05, 255.782
2113, 0.765216, 3.37637e-07, 8.98872e-08, 0, 4.65434e-08, 2.95303e-07, 0, 0, 7.6937e-07, 3.77115e-05, 2.45247e-06, 0.267597, 0.942458, 4.9284e-05, 255.695
2114, 0.778388, 3.11514e-07, 8.93567e-08, 0, 5.00284e-08, 3.14632e-07, 0, 0, 7.65532e-07, 3.83028e-05, 2.6829e-06, 0.25053, 0.942524, 4.92081e-05, 255.549
2115, 0.779088, 3.12807e-07, 9.01067e-08, 0, 4.9353e-08, 3.11708e-07, 0, 0, 7.63975e-07, 3.82702e-05, 2.64501e-06, 0.249632, 0.94259, 4.91194e-05, 255.431
2116, 0.774437, 3.26314e-07, 9.13887e-08, 0, 4.73586e-08, 3.01339e-07, 0, 0, 7.664e-07, 3.79695e-05, 2.52518e-06, 0.255618, 0.942656, 4.90243e-05, 255.363
2117, 0.765319, 3.53396e-07, 9.30967e-08, 0, 4.55228e-08, 2.90914e-07, 0, 0, 7.82929e-07, 3.74586e-05, 2.41646e-06, 0.267463, 0.942722, 4.8941e-05, 255.47
2118, 0.746184, 4.07977e-07, 9.59139e-08, 0, 4.18827e-08, 2.6972e-07, 0, 0, 8.15493e-07, 3.64522e-05, 2.17737e-06, 0.292783, 0.942788, 4.88481e-05, 255.764
2119, 0.736864, 4.35469e-07, 9.79095e-08, 0, 3.91435e-08, 2.54029e-07, 0, 0, 8.26551e-07, 3.59086e-05, 1.98527e-06, 0.305352, 0.942854, 4.87271e-05, 255.796
2120, 0.749138, 4.05874e-07, 9.77097e-08, 0, 4.0587e-08, 2.62466e-07, 0, 0, 8.06637e-07, 3.64405e-05, 2.07064e-06, 0.288832, 0.94292, 4.86363e-05, 255.463
2121, 0.768284, 3.60594e-07, 9.65087e-08, 0, 4.54816e-08, 2.89597e-07, 0, 0, 7.92182e-07, 3.73443e-05, 2.40335e-06, 0.263596, 0.942986, 4.86042e-05, 255.192
2122, 0.781053, 3.33164e-07, 9.58571e-08, 0, 5.00319e-08, 3.14104e-07, 0, 0, 7.93156e-07, 3.79445e-05, 2.72075e-06, 0.247112, 0.943052, 4.85813e-05, 255.106
2123, 0.778347, 3.4579e-07, 9.70884e-08, 0, 5.01788e-08, 3.14116e-07, 0, 0, 8.07173e-07, 3.78009e-05, 2.73334e-06, 0.250583, 0.943118, 4.85651e-05, 255.176
2124, 0.763938, 3.88519e-07, 9.98076e-08, 0, 4.65587e-08, 2.93441e-07, 0, 0, 8.28327e-07, 3.70669e-05, 2.48514e-06, 0.269268, 0.943184, 4.85204e-05, 255.328
2125, 0.762225, 3.97722e-07, 1.01e-07, 0, 4.61446e-08, 2.90828e-07, 0, 0, 8.35695e-07, 3.68959e-05, 2.45371e-06, 0.271514, 0.94325, 4.84092e-05, 255.315
2126, 0.769686, 3.84381e-07, 1.00954e-07, 0, 4.86803e-08, 3.04623e-07, 0, 0, 8.38638e-07, 3.71313e-05, 2.62431e-06, 0.261773, 0.943316, 4.82476e-05, 255.252
2127, 0.759101, 4.21254e-07, 1.02891e-07, 0, 4.72398e-08, 2.96122e-07, 0, 0, 8.67507e-07, 3.65631e-05, 2.53027e-06, 0.27562, 0.943381, 4.81729e-05, 255.48
2128, 0.753623, 4.41587e-07, 1.0426e-07, 0, 4.65252e-08, 2.91851e-07, 0, 0, 8.84223e-07, 3.63155e-05, 2.48471e-06, 0.282863, 0.943448, 4.81933e-05, 255.567
2129, 0.773732, 3.88079e-07, 1.02815e-07, 0, 5.1016e-08, 3.16836e-07, 0, 0, 8.58746e-07, 3.72585e-05, 2.78869e-06, 0.25653, 0.943514, 4.81578e-05, 255.188
2130, 0.791115, 3.42134e-07, 1.01753e-07, 0, 5.48815e-08, 3.38257e-07, 0, 0, 8.37027e-07, 3.80331e-05, 3.05459e-06, 0.234312, 0.94358, 4.80763e-05, 254.844
2131, 0.795954, 3.31896e-07, 1.02093e-07, 0, 5.60311e-08, 3.44576e-07, 0, 0, 8.34597e-07, 3.82288e-05, 3.13952e-06, 0.228214, 0.943645, 4.80289e-05, 254.719
2132, 0.79677, 3.3317e-07, 1.02882e-07, 0, 5.62577e-08, 3.45783e-07, 0, 0, 8.38092e-07, 3.82387e-05, 3.16051e-06, 0.22719, 0.943712, 4.79921e-05, 254.662
2133, 0.796883, 3.36581e-07, 1.03806e-07, 0, 5.62892e-08, 3.45783e-07, 0, 0, 8.4246e-07, 3.81972e-05, 3.1654e-06, 0.227047, 0.943778, 4.79332e-05, 254.615
2134, 0.79507, 3.45638e-07, 1.05038e-07, 0, 5.56866e-08, 3.4219e-07, 0, 0, 8.48552e-07, 3.80566e-05, 3.1237e-06, 0.229325, 0.943844, 4.78653e-05, 254.588
2135, 0.788639, 3.6781e-07, 1.06914e-07, 0, 5.33145e-08, 3.29201e-07, 0, 0, 8.57239e-07, 3.76881e-05, 2.95705e-06, 0.237447, 0.94391, 4.77882e-05, 254.589
2136, 0.784061, 3.83896e-07, 1.08444e-07, 0, 5.1271e-08, 3.18477e-07, 0, 0, 8.62087e-07, 3.73845e-05, 2.82191e-06, 0.243269, 0.943976, 4.76817e-05, 254.547
2137, 0.788465, 3.73775e-07, 1.08606e-07, 0, 5.23366e-08, 3.24768e-07, 0, 0, 8.59485e-07, 3.75151e-05, 2.91294e-06, 0.237667, 0.944042, 4.75817e-05, 254.421
2138, 0.793533, 3.62969e-07, 1.08778e-07, 0, 5.39519e-08, 3.33642e-07, 0, 0, 8.59342e-07, 3.77283e-05, 3.02902e-06, 0.23126, 0.944108, 4.75454e-05, 254.323
2139, 0.794902, 3.63561e-07, 1.09573e-07, 0, 5.44441e-08, 3.36144e-07, 0, 0, 8.63721e-07, 3.77751e-05, 3.05726e-06, 0.229537, 0.944174, 4.75219e-05, 254.275
2140, 0.796035, 3.6392e-07, 1.10304e-07, 0, 5.49197e-08, 3.38606e-07, 0, 0, 8.6775e-07, 3.77874e-05, 3.09921e-06, 0.228112, 0.94424, 4.74696e-05, 254.224
2141, 0.797162, 3.6271e-07, 1.10812e-07, 0, 5.51848e-08, 3.40563e-07, 0, 0, 8.6927e-07, 3.77895e-05, 3.14702e-06, 0.226698, 0.944306, 4.74051e-05, 254.144
2142, 0.79653, 3.65107e-07, 1.11301e-07, 0, 5.43241e-08, 3.37482e-07, 0, 0, 8.68213e-07, 3.77075e-05, 3.12972e-06, 0.227491, 0.944372, 4.73396e-05, 254.036
2143, 0.795439, 3.69891e-07, 1.11959e-07, 0, 5.33662e-08, 3.33499e-07, 0, 0, 8.68714e-07, 3.76037e-05, 3.0913e-06, 0.228861, 0.944438, 4.72741e-05, 253.946
2144, 0.795351, 3.75143e-07, 1.12918e-07, 0, 5.33341e-08, 3.32912e-07, 0, 0, 8.74307e-07, 3.75467e-05, 3.07993e-06, 0.228972, 0.944504, 4.72078e-05, 253.911
2145, 0.795379, 3.8035e-07, 1.14069e-07, 0, 5.33646e-08, 3.32409e-07, 0, 0, 8.80194e-07, 3.74948e-05, 3.06913e-06, 0.228937, 0.94457, 4.71408e-05, 253.88
2146, 0.794151, 3.86195e-07, 1.15262e-07, 0, 5.24263e-08, 3.27704e-07, 0, 0, 8.81588e-07, 3.73836e-05, 3.02059e-06, 0.230481, 0.944636, 4.70734e-05, 253.799
2147, 0.790686, 3.96729e-07, 1.16627e-07, 0, 5.02882e-08, 3.17256e-07, 0, 0, 8.80899e-07, 3.71673e-05, 2.90466e-06, 0.234854, 0.944702, 4.70059e-05, 253.696
2148, 0.78555, 4.12611e-07, 1.18246e-07, 0, 4.7608e-08, 3.03804e-07, 0, 0, 8.82269e-07, 3.68731e-05, 2.7458e-06, 0.241371, 0.944768, 4.69386e-05, 253.615
2149, 0.778414, 4.36799e-07, 1.20278e-07, 0, 4.47943e-08, 2.8903e-07, 0, 0, 8.90901e-07, 3.64849e-05, 2.56755e-06, 0.250497, 0.944834, 4.68699e-05, 253.613
2150, 0.764071, 4.89092e-07, 1.23591e-07, 0, 4.09358e-08, 2.67307e-07, 0, 0, 9.20926e-07, 3.57499e-05, 2.29822e-06, 0.269094, 0.9449, 4.6787e-05, 253.836
2151, 0.74206, 5.68871e-07, 1.28132e-07, 0, 3.55393e-08, 2.36241e-07, 0, 0, 9.68782e-07, 3.46309e-05, 1.91958e-06, 0.298326, 0.944966, 4.66692e-05, 254.229
2152, 0.731018, 6.11135e-07, 1.31037e-07, 0, 3.22328e-08, 2.174e-07, 0, 0, 9.91805e-07, 3.40301e-05, 1.6839e-06, 0.313318, 0.945032, 4.6558e-05, 254.36
2153, 0.739632, 5.88541e-07, 1.30978e-07, 0, 3.37524e-08, 2.26029e-07, 0, 0, 9.79301e-07, 3.44029e-05, 1.76809e-06, 0.301603, 0.945098, 4.65184e-05, 254.142
2154, 0.754406, 5.42393e-07, 1.29739e-07, 0, 3.70957e-08, 2.45149e-07, 0, 0, 9.54376e-07, 3.50727e-05, 1.9993e-06, 0.281824, 0.945164, 4.64925e-05, 253.797
2155, 0.768304, 4.95671e-07, 1.28374e-07, 0, 4.05634e-08, 2.65125e-07, 0, 0, 9.29734e-07, 3.56728e-05, 2.27336e-06, 0.263569, 0.94523, 4.6432e-05, 253.45
2156, 0.779671, 4.61893e-07, 1.27538e-07, 0, 4.42327e-08, 2.85531e-07, 0, 0, 9.19194e-07, 3.61395e-05, 2.55286e-06, 0.248883, 0.945296, 4.63533e-05, 253.245
2157, 0.783812, 4.56627e-07, 1.28069e-07, 0, 4.61522e-08, 2.95681e-07, 0, 0, 9.26529e-07, 3.62637e-05, 2.686e-06, 0.243585, 0.945362, 4.62656e-05, 253.226
2158, 0.777188, 4.88719e-07, 1.30447e-07, 0, 4.48187e-08, 2.87506e-07, 0, 0, 9.51491e-07, 3.58827e-05, 2.57544e-06, 0.252073, 0.945428, 4.61683e-05, 253.387
2159, 0.766061, 5.31742e-07, 1.33423e-07, 0, 4.16008e-08, 2.69183e-07, 0, 0, 9.75947e-07, 3.52848e-05, 2.34558e-06, 0.266493, 0.945494, 4.60586e-05, 253.537
2160, 0.76157, 5.39884e-07, 1.34852e-07, 0, 3.89519e-08, 2.5529e-07, 0, 0, 9.68978e-07, 3.49784e-05, 2.20198e-06, 0.272373, 0.94556, 4.59292e-05, 253.372
2161, 0.760934, 5.35816e-07, 1.35516e-07, 0, 3.76752e-08, 2.49238e-07, 0, 0, 9.58246e-07, 3.48247e-05, 2.16632e-06, 0.273209, 0.945626, 4.57639e-05, 253.17
2162, 0.749038, 5.9861e-07, 1.38442e-07, 0, 3.65814e-08, 2.42347e-07, 0, 0, 1.01598e-06, 3.4109e-05, 2.09255e-06, 0.288966, 0.945692, 4.55273e-05, 253.64
2163, 0.725667, 7.17324e-07, 1.43331e-07, 0, 3.47574e-08, 2.29586e-07, 0, 0, 1.125e-06, 3.27401e-05, 1.94584e-06, 0.320664, 0.945758, 4.51197e-05, 254.534
2164, 0.732114, 7.03363e-07, 1.4352e-07, 0, 3.62974e-08, 2.36989e-07, 0, 0, 1.12017e-06, 3.23609e-05, 2.05761e-06, 0.311819, 0.945824, 4.4264e-05, 254.397
2165, 0.763409, 5.74216e-07, 1.39846e-07, 0, 3.91285e-08, 2.53445e-07, 0, 0, 1.00664e-06, 3.25877e-05, 2.28474e-06, 0.269962, 0.94589, 4.27482e-05, 253.266
2166, 0.773775, 5.22064e-07, 1.3927e-07, 0, 3.78512e-08, 2.46966e-07, 0, 0, 9.46151e-07, 3.21891e-05, 2.23259e-06, 0.256475, 0.945956, 4.16219e-05, 252.575
2167, 0.765162, 5.54604e-07, 1.41738e-07, 0, 3.6109e-08, 2.37951e-07, 0, 0, 9.70402e-07, 3.23363e-05, 2.1179e-06, 0.267668, 0.946022, 4.22891e-05, 252.724
2168, 0.753026, 6.22035e-07, 1.45206e-07, 0, 3.65343e-08, 2.40312e-07, 0, 0, 1.04409e-06, 3.29122e-05, 2.11049e-06, 0.283655, 0.946088, 4.37292e-05, 253.335
2169, 0.754341, 6.35026e-07, 1.4652e-07, 0, 3.89364e-08, 2.53723e-07, 0, 0, 1.07421e-06, 3.36309e-05, 2.2483e-06, 0.281911, 0.946154, 4.45836e-05, 253.516
2170, 0.77352, 5.61187e-07, 1.44514e-07, 0, 4.31796e-08, 2.78247e-07, 0, 0, 1.02713e-06, 3.47533e-05, 2.5568e-06, 0.256804, 0.94622, 4.49238e-05, 252.988
2171, 0.784248, 5.12732e-07, 1.43645e-07, 0, 4.51371e-08, 2.89565e-07, 0, 0, 9.91079e-07, 3.53507e-05, 2.72044e-06, 0.24303, 0.946286, 4.50747e-05, 252.549
2172, 0.776371, 5.33405e-07, 1.45869e-07, 0, 4.25668e-08, 2.74916e-07, 0, 0, 9.96757e-07, 3.50434e-05, 2.55478e-06, 0.253125, 0.946352, 4.51379e-05, 252.51
2173, 0.762676, 5.93994e-07, 1.49699e-07, 0, 3.90903e-08, 2.54952e-07, 0, 0, 1.03774e-06, 3.44339e-05, 2.28687e-06, 0.270922, 0.946418, 4.51492e-05, 252.804
2174, 0.753845, 6.57308e-07, 1.5324e-07, 0, 3.78326e-08, 2.47438e-07, 0, 0, 1.09582e-06, 3.40275e-05, 2.15093e-06, 0.282568, 0.946484, 4.51389e-05, 253.237
2175, 0.75262, 6.82489e-07, 1.55173e-07, 0, 3.81032e-08, 2.48601e-07, 0, 0, 1.12437e-06, 3.39563e-05, 2.14678e-06, 0.284195, 0.94655, 4.51178e-05, 253.392
2176, 0.757741, 6.68167e-07, 1.55633e-07, 0, 3.9558e-08, 2.562e-07, 0, 0, 1.11956e-06, 3.41627e-05, 2.25547e-06, 0.277414, 0.946616, 4.50853e-05, 253.256
2177, 0.765908, 6.26954e-07, 1.54964e-07, 0, 4.14989e-08, 2.66841e-07, 0, 0, 1.09026e-06, 3.45001e-05, 2.42819e-06, 0.266693, 0.946682, 4.5045e-05, 252.905
2178, 0.764732, 6.17116e-07, 1.55801e-07, 0, 4.06969e-08, 2.62309e-07, 0, 0, 1.07592e-06, 3.44132e-05, 2.40923e-06, 0.268229, 0.946748, 4.49997e-05, 252.684
2179, 0.760075, 6.43964e-07, 1.5821e-07, 0, 3.94887e-08, 2.55374e-07, 0, 0, 1.09704e-06, 3.41655e-05, 2.31901e-06, 0.274338, 0.946814, 4.49505e-05, 252.778
2180, 0.772591, 6.16728e-07, 1.58056e-07, 0, 4.3088e-08, 2.75475e-07, 0, 0, 1.09335e-06, 3.46873e-05, 2.54692e-06, 0.258005, 0.94688, 4.48988e-05, 252.651
2181, 0.785046, 5.84162e-07, 1.57527e-07, 0, 4.68636e-08, 2.9623e-07, 0, 0, 1.08478e-06, 3.5206e-05, 2.79703e-06, 0.242013, 0.946946, 4.48458e-05, 252.482
2182, 0.76849, 6.74436e-07, 1.6176e-07, 0, 4.3925e-08, 2.79213e-07, 0, 0, 1.15933e-06, 3.44244e-05, 2.5809e-06, 0.263328, 0.947013, 4.47922e-05, 253.032
2183, 0.726876, 8.76245e-07, 1.70018e-07, 0, 3.57798e-08, 2.32844e-07, 0, 0, 1.31489e-06, 3.25217e-05, 2.01079e-06, 0.318999, 0.947078, 4.47384e-05, 254.166
2184, 0.69821, 1.01965e-06, 1.76039e-07, 0, 3.04697e-08, 2.02421e-07, 0, 0, 1.42858e-06, 3.11993e-05, 1.65006e-06, 0.359236, 0.947144, 4.46839e-05, 254.888
2185, 0.707622, 9.90394e-07, 1.76048e-07, 0, 3.23955e-08, 2.13375e-07, 0, 0, 1.41221e-06, 3.1578e-05, 1.78157e-06, 0.345845, 0.94721, 4.46282e-05, 254.68
2186, 0.741471, 8.35415e-07, 1.72281e-07, 0, 3.80489e-08, 2.45954e-07, 0, 0, 1.2917e-06, 3.30465e-05, 2.16235e-06, 0.299119, 0.947276, 4.45714e-05, 253.711
2187, 0.755824, 7.65121e-07, 1.72032e-07, 0, 3.93783e-08, 2.53887e-07, 0, 0, 1.23042e-06, 3.36447e-05, 2.24488e-06, 0.279947, 0.947342, 4.4514e-05, 253.143
2188, 0.756183, 7.61419e-07, 1.73502e-07, 0, 3.86556e-08, 2.50099e-07, 0, 0, 1.22368e-06, 3.36163e-05, 2.20695e-06, 0.279472, 0.947408, 4.44556e-05, 252.996
2189, 0.764872, 7.17923e-07, 1.72597e-07, 0, 4.05907e-08, 2.61311e-07, 0, 0, 1.19242e-06, 3.39564e-05, 2.37966e-06, 0.268047, 0.947474, 4.43957e-05, 252.651
2190, 0.770898, 6.95565e-07, 1.72545e-07, 0, 4.24576e-08, 2.71645e-07, 0, 0, 1.18221e-06, 3.41749e-05, 2.5313e-06, 0.260199, 0.94754, 4.4332e-05, 252.474
2191, 0.779277, 6.68291e-07, 1.72342e-07, 0, 4.49278e-08, 2.85327e-07, 0, 0, 1.17089e-06, 3.44958e-05, 2.71504e-06, 0.249389, 0.947606, 4.42679e-05, 252.288
2192, 0.791386, 6.18057e-07, 1.71163e-07, 0, 4.773e-08, 3.01448e-07, 0, 0, 1.1384e-06, 3.49881e-05, 2.93385e-06, 0.233969, 0.947673, 4.42119e-05, 251.922
2193, 0.788728, 6.36745e-07, 1.73031e-07, 0, 4.693e-08, 2.97231e-07, 0, 0, 1.15394e-06, 3.48194e-05, 2.88784e-06, 0.237333, 0.947738, 4.41441e-05, 251.961
2194, 0.766273, 7.5142e-07, 1.79052e-07, 0, 4.16822e-08, 2.6737e-07, 0, 0, 1.23952e-06, 3.37445e-05, 2.50976e-06, 0.266217, 0.947804, 4.40335e-05, 252.562
2195, 0.750204, 8.32257e-07, 1.83628e-07, 0, 3.73153e-08, 2.43041e-07, 0, 0, 1.29624e-06, 3.29553e-05, 2.19536e-06, 0.28741, 0.94787, 4.39295e-05, 252.905
2196, 0.754752, 8.16572e-07, 1.84002e-07, 0, 3.69997e-08, 2.42832e-07, 0, 0, 1.28041e-06, 3.31388e-05, 2.17136e-06, 0.281366, 0.947935, 4.39082e-05, 252.692
2197, 0.745019, 8.76384e-07, 1.86903e-07, 0, 3.47738e-08, 2.31128e-07, 0, 0, 1.32919e-06, 3.27139e-05, 2.03386e-06, 0.294345, 0.948002, 4.39084e-05, 252.964
2198, 0.707708, 1.04197e-06, 1.94424e-07, 0, 2.74038e-08, 1.88441e-07, 0, 0, 1.45223e-06, 3.10508e-05, 1.5851e-06, 0.345724, 0.948068, 4.3871e-05, 253.739
2199, 0.672567, 1.11932e-06, 2.00762e-07, 0, 1.89422e-08, 1.38279e-07, 0, 0, 1.4773e-06, 2.94701e-05, 1.08719e-06, 0.396654, 0.948134, 4.38147e-05, 253.814
2200, 0.663643, 1.06174e-06, 2.02184e-07, 0, 1.55068e-08, 1.17339e-07, 0, 0, 1.39677e-06, 2.90367e-05, 9.12739e-07, 0.410011, 0.9482, 4.37545e-05, 253.171
2201, 0.685956, 9.52373e-07, 1.99186e-07, 0, 1.75635e-08, 1.31804e-07, 0, 0, 1.30093e-06, 2.99679e-05, 1.08294e-06, 0.376941, 0.948265, 4.3691e-05, 252.383
2202, 0.712968, 8.73711e-07, 1.96238e-07, 0, 2.03445e-08, 1.51741e-07, 0, 0, 1.24203e-06, 3.11015e-05, 1.29049e-06, 0.338319, 0.948332, 4.36247e-05, 251.84
2203, 0.724451, 8.82974e-07, 1.96668e-07, 0, 2.29297e-08, 1.67902e-07, 0, 0, 1.27047e-06, 3.15518e-05, 1.44705e-06, 0.322341, 0.948398, 4.35533e-05, 251.968
2204, 0.719931, 9.75742e-07, 2.00241e-07, 0, 2.46095e-08, 1.76714e-07, 0, 0, 1.37731e-06, 3.12734e-05, 1.52091e-06, 0.3286, 0.948464, 4.34436e-05, 252.663
2205, 0.720914, 1.01095e-06, 2.02115e-07, 0, 2.66579e-08, 1.87288e-07, 0, 0, 1.42701e-06, 3.11288e-05, 1.64219e-06, 0.327235, 0.94853, 4.32045e-05, 252.918
2206, 0.743869, 9.19554e-07, 2.00192e-07, 0, 3.18324e-08, 2.15853e-07, 0, 0, 1.36743e-06, 3.19067e-05, 1.95557e-06, 0.295891, 0.948597, 4.29269e-05, 252.408
2207, 0.765372, 8.35663e-07, 1.98822e-07, 0, 3.68919e-08, 2.43558e-07, 0, 0, 1.31493e-06, 3.28123e-05, 2.24642e-06, 0.267393, 0.948662, 4.28902e-05, 251.934
2208, 0.780833, 7.68808e-07, 1.97362e-07, 0, 4.1028e-08, 2.66207e-07, 0, 0, 1.2734e-06, 3.34762e-05, 2.52833e-06, 0.247394, 0.948728, 4.28825e-05, 251.53
2209, 0.790421, 7.21915e-07, 1.96362e-07, 0, 4.36047e-08, 2.80446e-07, 0, 0, 1.24233e-06, 3.38197e-05, 2.73537e-06, 0.23519, 0.948794, 4.27929e-05, 251.198
2210, 0.790036, 7.2153e-07, 1.9737e-07, 0, 4.33805e-08, 2.79469e-07, 0, 0, 1.24175e-06, 3.38663e-05, 2.74535e-06, 0.235677, 0.94886, 4.28701e-05, 251.102
2211, 0.78915, 7.21552e-07, 1.982e-07, 0, 4.29102e-08, 2.77328e-07, 0, 0, 1.23999e-06, 3.39047e-05, 2.74352e-06, 0.236799, 0.948926, 4.29648e-05, 250.997
2212, 0.793462, 7.06577e-07, 1.98285e-07, 0, 4.41065e-08, 2.84344e-07, 0, 0, 1.23331e-06, 3.40771e-05, 2.84512e-06, 0.231349, 0.948992, 4.29478e-05, 250.853
2213, 0.794264, 7.19525e-07, 1.99989e-07, 0, 4.44606e-08, 2.86451e-07, 0, 0, 1.25043e-06, 3.40638e-05, 2.86102e-06, 0.23034, 0.949058, 4.28868e-05, 250.895
2214, 0.783196, 7.96122e-07, 2.04841e-07, 0, 4.18106e-08, 2.71324e-07, 0, 0, 1.3141e-06, 3.35374e-05, 2.6499e-06, 0.244372, 0.949124, 4.28194e-05, 251.285
2215, 0.762723, 9.15564e-07, 2.11375e-07, 0, 3.73723e-08, 2.45441e-07, 0, 0, 1.40975e-06, 3.26058e-05, 2.32193e-06, 0.270861, 0.94919, 4.27463e-05, 251.878
2216, 0.750493, 9.67064e-07, 2.1493e-07, 0, 3.46334e-08, 2.29266e-07, 0, 0, 1.44589e-06, 3.20214e-05, 2.15129e-06, 0.287024, 0.949256, 4.2665e-05, 252.034
2217, 0.763099, 8.86466e-07, 2.13074e-07, 0, 3.66342e-08, 2.41385e-07, 0, 0, 1.37756e-06, 3.25029e-05, 2.32862e-06, 0.270368, 0.949322, 4.25927e-05, 251.469
2218, 0.782679, 7.95437e-07, 2.10646e-07, 0, 4.01396e-08, 2.62904e-07, 0, 0, 1.30913e-06, 3.32948e-05, 2.58977e-06, 0.245032, 0.949388, 4.25393e-05, 250.883
2219, 0.789447, 7.73521e-07, 2.11214e-07, 0, 4.12179e-08, 2.69793e-07, 0, 0, 1.29575e-06, 3.35404e-05, 2.66587e-06, 0.236423, 0.949454, 4.24856e-05, 250.692
2220, 0.784437, 7.9193e-07, 2.13733e-07, 0, 3.97638e-08, 2.61322e-07, 0, 0, 1.30675e-06, 3.32793e-05, 2.57572e-06, 0.242789, 0.94952, 4.24234e-05, 250.683
2221, 0.773258, 8.26479e-07, 2.17004e-07, 0, 3.68588e-08, 2.44155e-07, 0, 0, 1.3245e-06, 3.27545e-05, 2.3949e-06, 0.257143, 0.949586, 4.23582e-05, 250.722
2222, 0.771368, 8.41039e-07, 2.19122e-07, 0, 3.62128e-08, 2.40332e-07, 0, 0, 1.3367e-06, 3.26226e-05, 2.34772e-06, 0.259589, 0.949652, 4.22925e-05, 250.72
2223, 0.780364, 8.30204e-07, 2.19707e-07, 0, 3.82137e-08, 2.52517e-07, 0, 0, 1.34064e-06, 3.29515e-05, 2.47647e-06, 0.247995, 0.949717, 4.22266e-05, 250.658
2224, 0.78234, 8.49291e-07, 2.21442e-07, 0, 3.88496e-08, 2.56696e-07, 0, 0, 1.36628e-06, 3.29842e-05, 2.52435e-06, 0.245465, 0.949784, 4.21605e-05, 250.751
2225, 0.773721, 9.0729e-07, 2.25159e-07, 0, 3.70834e-08, 2.46463e-07, 0, 0, 1.416e-06, 3.25703e-05, 2.40184e-06, 0.256544, 0.94985, 4.20946e-05, 251.008
2226, 0.76459, 9.36692e-07, 2.28325e-07, 0, 3.44761e-08, 2.31266e-07, 0, 0, 1.43076e-06, 3.21352e-05, 2.23426e-06, 0.268416, 0.949916, 4.20288e-05, 251.018
2227, 0.764324, 9.15796e-07, 2.29305e-07, 0, 3.35228e-08, 2.26022e-07, 0, 0, 1.40465e-06, 3.2073e-05, 2.19878e-06, 0.268763, 0.949982, 4.19631e-05, 250.748
2228, 0.775743, 8.69003e-07, 2.28467e-07, 0, 3.58165e-08, 2.39827e-07, 0, 0, 1.37311e-06, 3.25013e-05, 2.38168e-06, 0.253934, 0.950048, 4.18983e-05, 250.437
2229, 0.786296, 8.36189e-07, 2.28194e-07, 0, 3.848e-08, 2.55283e-07, 0, 0, 1.35815e-06, 3.28938e-05, 2.57833e-06, 0.240422, 0.950114, 4.18343e-05, 250.24
2230, 0.78322, 8.53527e-07, 2.30514e-07, 0, 3.76305e-08, 2.50584e-07, 0, 0, 1.37226e-06, 3.27162e-05, 2.5304e-06, 0.244342, 0.95018, 4.17704e-05, 250.249
2231, 0.766813, 9.19392e-07, 2.35366e-07, 0, 3.34745e-08, 2.26813e-07, 0, 0, 1.41505e-06, 3.19821e-05, 2.25172e-06, 0.265513, 0.950246, 4.1706e-05, 250.457
2232, 0.753785, 9.74525e-07, 2.39793e-07, 0, 3.05115e-08, 2.09188e-07, 0, 0, 1.45402e-06, 3.13889e-05, 2.04628e-06, 0.282648, 0.950312, 4.16413e-05, 250.631
2233, 0.757837, 9.7172e-07, 2.41142e-07, 0, 3.14034e-08, 2.14074e-07, 0, 0, 1.45834e-06, 3.15075e-05, 2.10174e-06, 0.277287, 0.950378, 4.15766e-05, 250.57
2234, 0.767954, 9.49879e-07, 2.41273e-07, 0, 3.34396e-08, 2.26114e-07, 0, 0, 1.45071e-06, 3.18789e-05, 2.23861e-06, 0.264025, 0.950444, 4.15122e-05, 250.428
2235, 0.768233, 9.67212e-07, 2.43269e-07, 0, 3.28979e-08, 2.23522e-07, 0, 0, 1.4669e-06, 3.18427e-05, 2.20431e-06, 0.263662, 0.95051, 4.14487e-05, 250.446
2236, 0.75895, 1.01565e-06, 2.47095e-07, 0, 2.99335e-08, 2.06939e-07, 0, 0, 1.49962e-06, 3.14104e-05, 2.00816e-06, 0.275819, 0.950576, 4.13858e-05, 250.571
2237, 0.75477, 1.02714e-06, 2.49509e-07, 0, 2.83577e-08, 1.9793e-07, 0, 0, 1.50294e-06, 3.11893e-05, 1.91366e-06, 0.281342, 0.950642, 4.13231e-05, 250.502
2238, 0.761692, 9.96898e-07, 2.49797e-07, 0, 3.01335e-08, 2.0787e-07, 0, 0, 1.4847e-06, 3.1428e-05, 2.04496e-06, 0.272214, 0.950708, 4.12617e-05, 250.293
2239, 0.768839, 9.77714e-07, 2.50409e-07, 0, 3.24621e-08, 2.21105e-07, 0, 0, 1.48169e-06, 3.16775e-05, 2.2092e-06, 0.262873, 0.950774, 4.12018e-05, 250.183
2240, 0.764218, 1.00617e-06, 2.53465e-07, 0, 3.14134e-08, 2.15148e-07, 0, 0, 1.5062e-06, 3.14414e-05, 2.14212e-06, 0.268902, 0.95084, 4.11413e-05, 250.253
2241, 0.758297, 1.03715e-06, 2.56613e-07, 0, 2.94172e-08, 2.03928e-07, 0, 0, 1.52711e-06, 3.11504e-05, 2.0102e-06, 0.27668, 0.950906, 4.10792e-05, 250.298
2242, 0.759647, 1.04315e-06, 2.58374e-07, 0, 2.9525e-08, 2.04533e-07, 0, 0, 1.53559e-06, 3.11582e-05, 2.01479e-06, 0.274901, 0.950972, 4.10168e-05, 250.262
2243, 0.75697, 1.07292e-06, 2.61374e-07, 0, 2.9219e-08, 2.02366e-07, 0, 0, 1.56588e-06, 3.10016e-05, 1.98162e-06, 0.278432, 0.951038, 4.09543e-05, 250.363
2244, 0.752161, 1.10868e-06, 2.64806e-07, 0, 2.8741e-08, 1.98864e-07, 0, 0, 1.60109e-06, 3.07571e-05, 1.94124e-06, 0.284805, 0.951104, 4.08915e-05, 250.491
2245, 0.75054, 1.12222e-06, 2.6714e-07, 0, 2.8388e-08, 1.9672e-07, 0, 0, 1.61447e-06, 3.0644e-05, 1.92823e-06, 0.286963, 0.95117, 4.08287e-05, 250.482
2246, 0.735744, 1.19534e-06, 2.72542e-07, 0, 2.4808e-08, 1.76051e-07, 0, 0, 1.66874e-06, 2.99948e-05, 1.69183e-06, 0.306873, 0.951236, 4.07661e-05, 250.717
2247, 0.726772, 1.24835e-06, 2.76673e-07, 0, 2.33965e-08, 1.67602e-07, 0, 0, 1.71602e-06, 2.95819e-05, 1.59504e-06, 0.319142, 0.951302, 4.07037e-05, 250.901
2248, 0.745795, 1.17051e-06, 2.73842e-07, 0, 2.73488e-08, 1.91572e-07, 0, 0, 1.66327e-06, 3.03085e-05, 1.88043e-06, 0.293304, 0.951368, 4.06415e-05, 250.505
2249, 0.76101, 1.10343e-06, 2.71853e-07, 0, 2.95964e-08, 2.05875e-07, 0, 0, 1.61075e-06, 3.08811e-05, 2.05152e-06, 0.273109, 0.951434, 4.05794e-05, 250.101
2250, 0.757363, 1.12359e-06, 2.7468e-07, 0, 2.80539e-08, 1.97292e-07, 0, 0, 1.62361e-06, 3.06867e-05, 1.95083e-06, 0.277912, 0.9515, 4.05173e-05, 250.09
2251, 0.754174, 1.14713e-06, 2.77571e-07, 0, 2.6684e-08, 1.89933e-07, 0, 0, 1.64132e-06, 3.05103e-05, 1.86277e-06, 0.282132, 0.951566, 4.04551e-05, 250.106
2252, 0.751565, 1.16914e-06, 2.80359e-07, 0, 2.58851e-08, 1.85374e-07, 0, 0, 1.66076e-06, 3.03586e-05, 1.81085e-06, 0.285598, 0.951632, 4.03931e-05, 250.132
2253, 0.739564, 1.23341e-06, 2.85389e-07, 0, 2.36691e-08, 1.71692e-07, 0, 0, 1.71416e-06, 2.98287e-05, 1.65281e-06, 0.301694, 0.951698, 4.03314e-05, 250.353
2254, 0.727985, 1.29866e-06, 2.90384e-07, 0, 2.15867e-08, 1.58829e-07, 0, 0, 1.76946e-06, 2.93162e-05, 1.5017e-06, 0.317475, 0.951764, 4.02697e-05, 250.576
2255, 0.723317, 1.33204e-06, 2.93802e-07, 0, 2.05902e-08, 1.52574e-07, 0, 0, 1.799e-06, 2.90836e-05, 1.4303e-06, 0.323908, 0.95183, 4.02081e-05, 250.649
2256, 0.715354, 1.3779e-06, 2.98024e-07, 0, 1.92831e-08, 1.44237e-07, 0, 0, 1.83944e-06, 2.87196e-05, 1.34277e-06, 0.334978, 0.951896, 4.01466e-05, 250.779
2257, 0.715136, 1.38781e-06, 3.00214e-07, 0, 1.9289e-08, 1.44295e-07, 0, 0, 1.8516e-06, 2.86657e-05, 1.35021e-06, 0.335283, 0.951962, 4.00852e-05, 250.755
2258, 0.732174, 1.31682e-06, 2.97971e-07, 0, 2.20244e-08, 1.61304e-07, 0, 0, 1.79812e-06, 2.93031e-05, 1.55052e-06, 0.311737, 0.952028, 4.00239e-05, 250.377
2259, 0.743799, 1.26979e-06, 2.9708e-07, 0, 2.38942e-08, 1.72798e-07, 0, 0, 1.76356e-06, 2.97243e-05, 1.69173e-06, 0.295985, 0.952094, 3.99627e-05, 250.097
2260, 0.728363, 1.3582e-06, 3.034e-07, 0, 2.14682e-08, 1.5766e-07, 0, 0, 1.84073e-06, 2.90648e-05, 1.52281e-06, 0.316955, 0.95216, 3.99015e-05, 250.429
2261, 0.698349, 1.53046e-06, 3.13927e-07, 0, 1.78551e-08, 1.34026e-07, 0, 0, 1.99627e-06, 2.78241e-05, 1.25333e-06, 0.359036, 0.952226, 3.98402e-05, 251.142
2262, 0.690871, 1.58899e-06, 3.1848e-07, 0, 1.8101e-08, 1.33893e-07, 0, 0, 2.05946e-06, 2.74816e-05, 1.25711e-06, 0.369802, 0.952292, 3.97789e-05, 251.362
2263, 0.705316, 1.52715e-06, 3.17012e-07, 0, 2.059e-08, 1.48819e-07, 0, 0, 2.01357e-06, 2.80121e-05, 1.43231e-06, 0.349109, 0.952358, 3.97165e-05, 251.049
2264, 0.71205, 1.50528e-06, 3.17658e-07, 0, 2.08175e-08, 1.51001e-07, 0, 0, 1.99475e-06, 2.82344e-05, 1.4563e-06, 0.339607, 0.952424, 3.96519e-05, 250.867
2265, 0.725197, 1.45022e-06, 3.1624e-07, 0, 2.21255e-08, 1.60279e-07, 0, 0, 1.94886e-06, 2.87096e-05, 1.5675e-06, 0.321312, 0.95249, 3.95897e-05, 250.548
2266, 0.746823, 1.34705e-06, 3.12212e-07, 0, 2.52277e-08, 1.80327e-07, 0, 0, 1.86481e-06, 2.9524e-05, 1.80576e-06, 0.291928, 0.952556, 3.95331e-05, 250.025
2267, 0.736774, 1.41631e-06, 3.17293e-07, 0, 2.35916e-08, 1.70302e-07, 0, 0, 1.9275e-06, 2.90869e-05, 1.69055e-06, 0.305474, 0.952623, 3.94757e-05, 250.262
2268, 0.698412, 1.65299e-06, 3.30812e-07, 0, 1.83664e-08, 1.3712e-07, 0, 0, 2.13929e-06, 2.75304e-05, 1.30725e-06, 0.358946, 0.952688, 3.94152e-05, 251.206
2269, 0.687621, 1.7324e-06, 3.3638e-07, 0, 1.74213e-08, 1.3065e-07, 0, 0, 2.21685e-06, 2.70599e-05, 1.234e-06, 0.374517, 0.952754, 3.93541e-05, 251.472
2270, 0.710949, 1.5974e-06, 3.31722e-07, 0, 2.09375e-08, 1.52307e-07, 0, 0, 2.10237e-06, 2.79343e-05, 1.4895e-06, 0.341154, 0.95282, 3.9294e-05, 250.856
2271, 0.726671, 1.50725e-06, 3.29475e-07, 0, 2.282e-08, 1.63844e-07, 0, 0, 2.02339e-06, 2.85106e-05, 1.62826e-06, 0.319281, 0.952886, 3.9235e-05, 250.387
2272, 0.725713, 1.52396e-06, 3.32367e-07, 0, 2.18713e-08, 1.58428e-07, 0, 0, 2.03663e-06, 2.8431e-05, 1.56541e-06, 0.320601, 0.952952, 3.91764e-05, 250.364
2273, 0.729055, 1.51952e-06, 3.33898e-07, 0, 2.25182e-08, 1.62397e-07, 0, 0, 2.03833e-06, 2.85186e-05, 1.61795e-06, 0.316007, 0.953018, 3.91178e-05, 250.283
2274, 0.725004, 1.56193e-06, 3.37539e-07, 0, 2.30604e-08, 1.6475e-07, 0, 0, 2.08728e-06, 2.83193e-05, 1.65594e-06, 0.321578, 0.953084, 3.90589e-05, 250.43
2275, 0.68872, 1.79584e-06, 3.50869e-07, 0, 1.92186e-08, 1.39649e-07, 0, 0, 2.30558e-06, 2.68627e-05, 1.37115e-06, 0.37292, 0.95315, 3.89998e-05, 251.331
2276, 0.666974, 1.93602e-06, 3.59816e-07, 0, 1.62161e-08, 1.20978e-07, 0, 0, 2.43303e-06, 2.5972e-05, 1.15265e-06, 0.405005, 0.953216, 3.89406e-05, 251.781
2277, 0.695008, 1.77369e-06, 3.53637e-07, 0, 1.86347e-08, 1.37545e-07, 0, 0, 2.28351e-06, 2.7021e-05, 1.33986e-06, 0.363832, 0.953282, 3.88827e-05, 251.059
2278, 0.736559, 1.53814e-06, 3.43433e-07, 0, 2.36007e-08, 1.6953e-07, 0, 0, 2.0747e-06, 2.8599e-05, 1.71637e-06, 0.305766, 0.953348, 3.88307e-05, 250.018
2279, 0.756341, 1.4457e-06, 3.40191e-07, 0, 2.69934e-08, 1.90334e-07, 0, 0, 2.00322e-06, 2.93393e-05, 1.96797e-06, 0.279263, 0.953414, 3.87914e-05, 249.583
2280, 0.744075, 1.5527e-06, 3.47048e-07, 0, 2.61281e-08, 1.84138e-07, 0, 0, 2.11002e-06, 2.88404e-05, 1.89591e-06, 0.295613, 0.95348, 3.87587e-05, 250.009
2281, 0.721649, 1.70924e-06, 3.56757e-07, 0, 2.30056e-08, 1.6459e-07, 0, 0, 2.25359e-06, 2.79401e-05, 1.66213e-06, 0.326216, 0.953546, 3.87155e-05, 250.574
2282, 0.699214, 1.85221e-06, 3.66205e-07, 0, 1.99267e-08, 1.45191e-07, 0, 0, 2.38354e-06, 2.70339e-05, 1.43908e-06, 0.357798, 0.953612, 3.86608e-05, 251.046
2283, 0.675597, 2.01353e-06, 3.76429e-07, 0, 1.72347e-08, 1.27561e-07, 0, 0, 2.53476e-06, 2.60802e-05, 1.23828e-06, 0.392158, 0.953678, 3.8602e-05, 251.574
2284, 0.681666, 1.99294e-06, 3.77258e-07, 0, 1.76575e-08, 1.30617e-07, 0, 0, 2.51847e-06, 2.62714e-05, 1.26914e-06, 0.383216, 0.953744, 3.85424e-05, 251.421
2285, 0.708551, 1.82687e-06, 3.70902e-07, 0, 2.02185e-08, 1.48025e-07, 0, 0, 2.36602e-06, 2.72647e-05, 1.46825e-06, 0.344534, 0.95381, 3.84825e-05, 250.708
2286, 0.733993, 1.66801e-06, 3.64978e-07, 0, 2.2483e-08, 1.63528e-07, 0, 0, 2.219e-06, 2.82002e-05, 1.64931e-06, 0.309255, 0.953876, 3.84226e-05, 249.981
2287, 0.747449, 1.58923e-06, 3.63097e-07, 0, 2.33282e-08, 1.69651e-07, 0, 0, 2.1453e-06, 2.86748e-05, 1.72039e-06, 0.291089, 0.953942, 3.83642e-05, 249.559
2288, 0.737438, 1.66771e-06, 3.69034e-07, 0, 2.21838e-08, 1.62156e-07, 0, 0, 2.22108e-06, 2.82507e-05, 1.63434e-06, 0.304573, 0.954008, 3.83073e-05, 249.816
2289, 0.700823, 1.93288e-06, 3.84144e-07, 0, 1.86597e-08, 1.38643e-07, 0, 0, 2.47433e-06, 2.68022e-05, 1.3628e-06, 0.355499, 0.954074, 3.82404e-05, 250.804
2290, 0.674103, 2.14661e-06, 3.96607e-07, 0, 1.5478e-08, 1.17922e-07, 0, 0, 2.67662e-06, 2.57048e-05, 1.11084e-06, 0.394373, 0.95414, 3.81351e-05, 251.505
2291, 0.682961, 2.13382e-06, 3.9777e-07, 0, 1.53501e-08, 1.17615e-07, 0, 0, 2.66455e-06, 2.59509e-05, 1.08179e-06, 0.381317, 0.954206, 3.80049e-05, 251.372
2292, 0.692921, 2.08315e-06, 3.97526e-07, 0, 1.59203e-08, 1.21232e-07, 0, 0, 2.61783e-06, 2.62468e-05, 1.12215e-06, 0.36684, 0.954272, 3.78817e-05, 251.106
2293, 0.694472, 2.06357e-06, 3.98966e-07, 0, 1.57846e-08, 1.20401e-07, 0, 0, 2.59872e-06, 2.61563e-05, 1.13556e-06, 0.364603, 0.954338, 3.76601e-05, 250.945
2294, 0.679509, 2.21116e-06, 4.07131e-07, 0, 1.39369e-08, 1.08397e-07, 0, 0, 2.74063e-06, 2.54371e-05, 1.00742e-06, 0.386385, 0.954404, 3.74306e-05, 251.392
2295, 0.652256, 2.47901e-06, 4.20184e-07, 0, 1.14114e-08, 9.1293e-08, 0, 0, 3.0019e-06, 2.43929e-05, 8.11018e-07, 0.427318, 0.95447, 3.74025e-05, 252.225
2296, 0.657755, 2.44522e-06, 4.20812e-07, 0, 1.22117e-08, 9.63677e-08, 0, 0, 2.97461e-06, 2.46397e-05, 8.74936e-07, 0.418922, 0.954536, 3.74591e-05, 252.045
2297, 0.685835, 2.19752e-06, 4.12974e-07, 0, 1.53423e-08, 1.16815e-07, 0, 0, 2.74265e-06, 2.57079e-05, 1.12103e-06, 0.377119, 0.954602, 3.74792e-05, 251.137
2298, 0.677031, 2.22702e-06, 4.184e-07, 0, 1.48364e-08, 1.12472e-07, 0, 0, 2.77273e-06, 2.53665e-05, 1.08265e-06, 0.390038, 0.954668, 3.74653e-05, 251.16
2299, 0.652203, 2.38683e-06, 4.29644e-07, 0, 1.20073e-08, 9.32857e-08, 0, 0, 2.92176e-06, 2.44105e-05, 8.64928e-07, 0.427399, 0.954734, 3.74341e-05, 251.601
2300, 0.650535, 2.38792e-06, 4.3244e-07, 0, 1.1065e-08, 8.73812e-08, 0, 0, 2.91881e-06, 2.43249e-05, 7.99105e-07, 0.429961, 0.9548, 3.7405e-05, 251.503
2301, 0.671711, 2.25083e-06, 4.27591e-07, 0, 1.24477e-08, 9.74228e-08, 0, 0, 2.78829e-06, 2.5098e-05, 9.13181e-07, 0.397927, 0.954866, 3.73748e-05, 250.954
2302, 0.690133, 2.15426e-06, 4.24431e-07, 0, 1.37993e-08, 1.0736e-07, 0, 0, 2.69985e-06, 2.57675e-05, 1.01963e-06, 0.37087, 0.954932, 3.734e-05, 250.543
2303, 0.678329, 2.26074e-06, 4.31838e-07, 0, 1.26101e-08, 9.95481e-08, 0, 0, 2.80474e-06, 2.53049e-05, 9.29241e-07, 0.388123, 0.954998, 3.73029e-05, 250.839
2304, 0.661922, 2.39323e-06, 4.40644e-07, 0, 1.16556e-08, 9.21617e-08, 0, 0, 2.93769e-06, 2.46599e-05, 8.48768e-07, 0.412607, 0.955064, 3.72555e-05, 251.219
2305, 0.672933, 2.33387e-06, 4.39516e-07, 0, 1.33927e-08, 1.02802e-07, 0, 0, 2.88958e-06, 2.50272e-05, 9.73164e-07, 0.396109, 0.95513, 3.71985e-05, 250.965
2306, 0.693622, 2.2194e-06, 4.35127e-07, 0, 1.5863e-08, 1.18984e-07, 0, 0, 2.78937e-06, 2.57588e-05, 1.16068e-06, 0.365829, 0.955196, 3.7147e-05, 250.523
2307, 0.704113, 2.18895e-06, 4.34661e-07, 0, 1.76609e-08, 1.30637e-07, 0, 0, 2.77191e-06, 2.61218e-05, 1.30253e-06, 0.350817, 0.955262, 3.71095e-05, 250.373
2308, 0.718522, 2.11086e-06, 4.32427e-07, 0, 1.96601e-08, 1.43669e-07, 0, 0, 2.70661e-06, 2.66355e-05, 1.45876e-06, 0.330558, 0.955328, 3.70772e-05, 250.047
2309, 0.740459, 1.97646e-06, 4.27888e-07, 0, 2.24626e-08, 1.61511e-07, 0, 0, 2.58832e-06, 2.74242e-05, 1.65827e-06, 0.300485, 0.955394, 3.70394e-05, 249.513
2310, 0.761723, 1.8632e-06, 4.24312e-07, 0, 2.64483e-08, 1.85477e-07, 0, 0, 2.49943e-06, 2.81792e-05, 1.93842e-06, 0.272173, 0.95546, 3.69954e-05, 249.078
2311, 0.776973, 1.78118e-06, 4.22434e-07, 0, 3.00203e-08, 2.06406e-07, 0, 0, 2.44004e-06, 2.87073e-05, 2.20254e-06, 0.25235, 0.955526, 3.69491e-05, 248.753
2312, 0.783145, 1.74132e-06, 4.22841e-07, 0, 3.17894e-08, 2.16438e-07, 0, 0, 2.41239e-06, 2.88986e-05, 2.35202e-06, 0.244438, 0.955592, 3.69026e-05, 248.553
2313, 0.790562, 1.68667e-06, 4.22428e-07, 0, 3.35092e-08, 2.26502e-07, 0, 0, 2.36911e-06, 2.91364e-05, 2.51089e-06, 0.235011, 0.955658, 3.68561e-05, 248.288
2314, 0.786635, 1.73884e-06, 4.27195e-07, 0, 3.30848e-08, 2.23843e-07, 0, 0, 2.42296e-06, 2.89564e-05, 2.48978e-06, 0.239991, 0.955724, 3.68067e-05, 248.425
2315, 0.734372, 2.19653e-06, 4.5152e-07, 0, 2.63672e-08, 1.8148e-07, 0, 0, 2.8559e-06, 2.69959e-05, 1.97675e-06, 0.30874, 0.95579, 3.67492e-05, 249.981
2316, 0.618557, 3.21454e-06, 5.01662e-07, 0, 1.45749e-08, 1.04738e-07, 0, 0, 3.83551e-06, 2.27031e-05, 1.08221e-06, 0.480366, 0.955856, 3.66907e-05, 252.895
2317, 0.517783, 4.11378e-06, 5.46263e-07, 0, 5.71293e-09, 4.58296e-08, 0, 0, 4.71158e-06, 1.89741e-05, 4.08908e-07, 0.658198, 0.955922, 3.66418e-05, 254.943
2318, 0.520594, 4.05913e-06, 5.4854e-07, 0, 3.80357e-09, 3.48029e-08, 0, 0, 4.64627e-06, 1.90468e-05, 2.63209e-07, 0.652785, 0.955988, 3.65901e-05, 254.71
2319, 0.589603, 3.42309e-06, 5.23382e-07, 0, 5.90107e-09, 5.25468e-08, 0, 0, 4.00492e-06, 2.1545e-05, 4.24119e-07, 0.528307, 0.956054, 3.65433e-05, 253.08
2320, 0.644424, 3.02216e-06, 5.04152e-07, 0, 8.78063e-09, 7.43611e-08, 0, 0, 3.60945e-06, 2.35204e-05, 6.35908e-07, 0.439398, 0.95612, 3.64972e-05, 251.924
2321, 0.654907, 3.228e-06, 5.04603e-07, 0, 1.05984e-08, 8.65869e-08, 0, 0, 3.82979e-06, 2.38194e-05, 7.49142e-07, 0.423262, 0.956186, 3.63571e-05, 252.446
2322, 0.641721, 3.71628e-06, 5.17415e-07, 0, 1.10571e-08, 8.86556e-08, 0, 0, 4.33341e-06, 2.31188e-05, 7.48824e-07, 0.443602, 0.956252, 3.60023e-05, 253.635
2323, 0.653843, 3.65703e-06, 5.1888e-07, 0, 1.25746e-08, 9.82501e-08, 0, 0, 4.28674e-06, 2.33035e-05, 8.47286e-07, 0.424888, 0.956318, 3.56295e-05, 253.436
2324, 0.695022, 3.01609e-06, 5.02577e-07, 0, 1.60275e-08, 1.21204e-07, 0, 0, 3.6559e-06, 2.47297e-05, 1.13443e-06, 0.363811, 0.956384, 3.55761e-05, 251.71
2325, 0.722002, 2.51407e-06, 4.8955e-07, 0, 1.81532e-08, 1.35385e-07, 0, 0, 3.15716e-06, 2.57722e-05, 1.34324e-06, 0.325727, 0.95645, 3.56996e-05, 250.132
2326, 0.731893, 2.34245e-06, 4.86044e-07, 0, 1.90811e-08, 1.41674e-07, 0, 0, 2.98925e-06, 2.61841e-05, 1.4472e-06, 0.312121, 0.956516, 3.57823e-05, 249.495
2327, 0.737485, 2.34982e-06, 4.87457e-07, 0, 2.05431e-08, 1.5118e-07, 0, 0, 3.009e-06, 2.64063e-05, 1.5659e-06, 0.30451, 0.956582, 3.58146e-05, 249.475
2328, 0.725324, 2.54842e-06, 4.97512e-07, 0, 2.02774e-08, 1.48779e-07, 0, 0, 3.21499e-06, 2.59728e-05, 1.53238e-06, 0.321137, 0.956648, 3.58241e-05, 250.058
2329, 0.717217, 2.64254e-06, 5.04968e-07, 0, 1.92463e-08, 1.41498e-07, 0, 0, 3.30825e-06, 2.56759e-05, 1.43895e-06, 0.332377, 0.956714, 3.58158e-05, 250.262
2330, 0.723608, 2.58965e-06, 5.06599e-07, 0, 1.92029e-08, 1.41109e-07, 0, 0, 3.25656e-06, 2.58949e-05, 1.41689e-06, 0.323506, 0.95678, 3.57943e-05, 250.017
2331, 0.713609, 2.69955e-06, 5.15461e-07, 0, 1.72928e-08, 1.28945e-07, 0, 0, 3.36124e-06, 2.55221e-05, 1.25807e-06, 0.33742, 0.956846, 3.57662e-05, 250.252
2332, 0.705321, 2.75239e-06, 5.21559e-07, 0, 1.53753e-08, 1.17136e-07, 0, 0, 3.40646e-06, 2.5205e-05, 1.12754e-06, 0.349103, 0.956912, 3.57333e-05, 250.302
2333, 0.713301, 2.66609e-06, 5.20317e-07, 0, 1.57129e-08, 1.20037e-07, 0, 0, 3.32216e-06, 2.54573e-05, 1.17437e-06, 0.337852, 0.956978, 3.56878e-05, 249.962
2334, 0.708485, 2.75513e-06, 5.26616e-07, 0, 1.50919e-08, 1.16047e-07, 0, 0, 3.41289e-06, 2.52048e-05, 1.13056e-06, 0.344627, 0.957044, 3.55865e-05, 250.15
2335, 0.697533, 2.91613e-06, 5.36418e-07, 0, 1.38255e-08, 1.07397e-07, 0, 0, 3.57377e-06, 2.46939e-05, 1.03052e-06, 0.360205, 0.95711, 3.54335e-05, 250.533
2336, 0.70269, 2.87308e-06, 5.37502e-07, 0, 1.42802e-08, 1.10484e-07, 0, 0, 3.53535e-06, 2.48415e-05, 1.07374e-06, 0.35284, 0.957176, 3.53825e-05, 250.337
2337, 0.704015, 2.8921e-06, 5.40896e-07, 0, 1.45458e-08, 1.1243e-07, 0, 0, 3.55998e-06, 2.48936e-05, 1.10048e-06, 0.350955, 0.957242, 3.53712e-05, 250.323
2338, 0.670447, 3.38058e-06, 5.63702e-07, 0, 1.18457e-08, 9.35657e-08, 0, 0, 4.04969e-06, 2.36135e-05, 8.76195e-07, 0.39981, 0.957308, 3.52343e-05, 251.556
2339, 0.61626, 4.17976e-06, 5.97359e-07, 0, 8.02069e-09, 6.65567e-08, 0, 0, 4.8517e-06, 2.16643e-05, 5.5742e-07, 0.484086, 0.957374, 3.51943e-05, 253.342
2340, 0.574474, 4.88645e-06, 6.23372e-07, 0, 5.86565e-09, 5.10034e-08, 0, 0, 5.5667e-06, 2.02683e-05, 3.7472e-07, 0.554301, 0.95744, 3.53143e-05, 254.698
2341, 0.572738, 5.13234e-06, 6.27685e-07, 0, 6.12552e-09, 5.29552e-08, 0, 0, 5.81911e-06, 2.02508e-05, 3.76139e-07, 0.557327, 0.957506, 3.53723e-05, 255.08
2342, 0.609618, 4.73977e-06, 6.10953e-07, 0, 8.46712e-09, 7.00766e-08, 0, 0, 5.42927e-06, 2.15436e-05, 5.47942e-07, 0.494923, 0.957572, 3.53508e-05, 254.262
2343, 0.645691, 4.0666e-06, 5.95146e-07, 0, 1.0252e-08, 8.30993e-08, 0, 0, 4.7551e-06, 2.27927e-05, 7.10168e-07, 0.437434, 0.957638, 3.53107e-05, 252.789
2344, 0.648004, 3.86523e-06, 5.98432e-07, 0, 9.74397e-09, 7.96118e-08, 0, 0, 4.55302e-06, 2.28487e-05, 6.98917e-07, 0.433858, 0.957704, 3.52684e-05, 252.252
2345, 0.631764, 4.06205e-06, 6.11692e-07, 0, 8.1943e-09, 6.88579e-08, 0, 0, 4.75079e-06, 2.22552e-05, 5.83499e-07, 0.45924, 0.95777, 3.52259e-05, 252.608
2346, 0.624343, 4.12791e-06, 6.19634e-07, 0, 7.66435e-09, 6.51499e-08, 0, 0, 4.82036e-06, 2.1976e-05, 5.30971e-07, 0.471055, 0.957836, 3.5183e-05, 252.674
2347, 0.610577, 4.28679e-06, 6.30951e-07, 0, 7.3401e-09, 6.23462e-08, 0, 0, 4.98743e-06, 2.14693e-05, 4.96243e-07, 0.49335, 0.957902, 3.51397e-05, 252.943
2348, 0.593512, 4.57234e-06, 6.4328e-07, 0, 6.78572e-09, 5.80078e-08, 0, 0, 5.28041e-06, 2.0841e-05, 4.57078e-07, 0.521697, 0.957968, 3.50955e-05, 253.455
2349, 0.582331, 4.99791e-06, 6.53027e-07, 0, 6.67349e-09, 5.72504e-08, 0, 0, 5.71486e-06, 2.04228e-05, 4.45312e-07, 0.540716, 0.958034, 3.50503e-05, 254.201
2350, 0.551412, 5.87285e-06, 6.74793e-07, 0, 6.00648e-09, 5.21236e-08, 0, 0, 6.60577e-06, 1.93062e-05, 3.75552e-07, 0.595274, 0.9581, 3.4985e-05, 255.652
2351, 0.51148, 7.04986e-06, 6.97336e-07, 0, 5.04483e-09, 4.4479e-08, 0, 0, 7.79672e-06, 1.78284e-05, 2.85206e-07, 0.670446, 0.958166, 3.48019e-05, 257.348
2352, 0.496817, 7.78497e-06, 7.02532e-07, 0, 4.78738e-09, 4.22556e-08, 0, 0, 8.53454e-06, 1.71402e-05, 2.61732e-07, 0.699534, 0.958232, 3.44086e-05, 258.243
2353, 0.539922, 6.824e-06, 6.84713e-07, 0, 6.2056e-09, 5.30262e-08, 0, 0, 7.56795e-06, 1.84483e-05, 3.83193e-07, 0.616331, 0.958298, 3.40804e-05, 256.853
2354, 0.609461, 5.07064e-06, 6.58279e-07, 0, 8.45192e-09, 7.02309e-08, 0, 0, 5.8076e-06, 2.08149e-05, 5.79444e-07, 0.495181, 0.958364, 3.40923e-05, 253.943
2355, 0.629818, 4.44413e-06, 6.55023e-07, 0, 9.23793e-09, 7.6026e-08, 0, 0, 5.18442e-06, 2.15726e-05, 6.57399e-07, 0.462324, 0.95843, 3.42264e-05, 252.665
2356, 0.615205, 4.711e-06, 6.69789e-07, 0, 9.20246e-09, 7.49661e-08, 0, 0, 5.46496e-06, 2.11063e-05, 6.46408e-07, 0.4858, 0.958496, 3.43014e-05, 253.132
2357, 0.611594, 4.97371e-06, 6.78716e-07, 0, 9.61448e-09, 7.71955e-08, 0, 0, 5.73924e-06, 2.09897e-05, 6.57657e-07, 0.491686, 0.958562, 3.4328e-05, 253.562
2358, 0.600287, 5.29296e-06, 6.89192e-07, 0, 1.02019e-08, 8.02365e-08, 0, 0, 6.07259e-06, 2.05989e-05, 7.1401e-07, 0.510348, 0.958628, 3.43301e-05, 254.072
2359, 0.625244, 4.97333e-06, 6.77726e-07, 0, 1.32388e-08, 1.00562e-07, 0, 0, 5.76486e-06, 2.14496e-05, 9.75223e-07, 0.469614, 0.958694, 3.43184e-05, 253.438
2360, 0.69266, 3.95592e-06, 6.4346e-07, 0, 1.74271e-08, 1.30006e-07, 0, 0, 4.74682e-06, 2.37608e-05, 1.30124e-06, 0.367216, 0.95876, 3.43015e-05, 251.324
2361, 0.71538, 3.58447e-06, 6.35158e-07, 0, 1.8145e-08, 1.35322e-07, 0, 0, 4.37309e-06, 2.45391e-05, 1.34393e-06, 0.334941, 0.958826, 3.42812e-05, 250.393
2362, 0.704622, 3.86223e-06, 6.47262e-07, 0, 1.69293e-08, 1.27052e-07, 0, 0, 4.65348e-06, 2.41539e-05, 1.2236e-06, 0.350094, 0.958892, 3.42577e-05, 250.949
2363, 0.684009, 4.52902e-06, 6.66415e-07, 0, 1.51354e-08, 1.15252e-07, 0, 0, 5.32583e-06, 2.34155e-05, 1.04905e-06, 0.379785, 0.958958, 3.42316e-05, 252.268
2364, 0.663599, 5.02022e-06, 6.82333e-07, 0, 1.3491e-08, 1.04358e-07, 0, 0, 5.8204e-06, 2.26861e-05, 9.22963e-07, 0.410078, 0.959024, 3.42041e-05, 253.114
2365, 0.679131, 4.57721e-06, 6.74121e-07, 0, 1.46625e-08, 1.12271e-07, 0, 0, 5.37826e-06, 2.31969e-05, 1.05605e-06, 0.386941, 0.95909, 3.41745e-05, 252.201
2366, 0.675792, 4.57143e-06, 6.78167e-07, 0, 1.5039e-08, 1.14329e-07, 0, 0, 5.37897e-06, 2.30687e-05, 1.10678e-06, 0.391871, 0.959156, 3.41451e-05, 252.118
2367, 0.621981, 5.6621e-06, 7.15901e-07, 0, 1.16134e-08, 9.03886e-08, 0, 0, 6.48001e-06, 2.12181e-05, 8.20973e-07, 0.474846, 0.959222, 3.41152e-05, 253.995
2368, 0.579025, 6.59413e-06, 7.50896e-07, 0, 8.09464e-09, 6.63662e-08, 0, 0, 7.41948e-06, 1.97369e-05, 5.19308e-07, 0.54641, 0.959288, 3.40852e-05, 255.354
2369, 0.534483, 7.51128e-06, 7.8319e-07, 0, 6.07381e-09, 5.18087e-08, 0, 0, 8.35234e-06, 1.81972e-05, 3.59111e-07, 0.626455, 0.959354, 3.40545e-05, 256.546
2370, 0.42841, 9.52336e-06, 8.41665e-07, 0, 3.77216e-09, 3.29489e-08, 0, 0, 1.04018e-05, 1.45675e-05, 2.17601e-07, 0.847675, 0.95942, 3.40245e-05, 258.861
2371, 0.345586, 1.11513e-05, 8.85473e-07, 0, 1.84633e-09, 1.70478e-08, 0, 0, 1.20557e-05, 1.17354e-05, 1.06557e-07, 1.06251, 0.959486, 3.39853e-05, 260.413
2372, 0.401981, 9.82525e-06, 8.61571e-07, 0, 2.28683e-09, 2.1146e-08, 0, 0, 1.07103e-05, 1.35956e-05, 1.43418e-07, 0.91135, 0.959552, 3.38805e-05, 259.012
2373, 0.531537, 7.04621e-06, 8.00056e-07, 0, 5.02013e-09, 4.34144e-08, 0, 0, 7.8947e-06, 1.77692e-05, 3.38755e-07, 0.631983, 0.959618, 3.35489e-05, 255.597
2374, 0.62471, 5.32165e-06, 7.5177e-07, 0, 8.01715e-09, 6.69318e-08, 0, 0, 6.14837e-06, 2.06148e-05, 5.63199e-07, 0.470468, 0.959684, 3.31072e-05, 252.847
2375, 0.638208, 5.37319e-06, 7.47228e-07, 0, 8.99377e-09, 7.44675e-08, 0, 0, 6.20388e-06, 2.11093e-05, 6.39281e-07, 0.449091, 0.95975, 3.31546e-05, 252.857
2376, 0.576387, 7.1176e-06, 7.87494e-07, 0, 7.19194e-09, 6.07419e-08, 0, 0, 7.97303e-06, 1.93054e-05, 4.89873e-07, 0.550977, 0.959816, 3.35375e-05, 255.448
2377, 0.5101, 9.16029e-06, 8.21588e-07, 0, 4.86574e-09, 4.32261e-08, 0, 0, 1.003e-05, 1.72001e-05, 2.80464e-07, 0.673149, 0.959882, 3.37028e-05, 257.86
2378, 0.504279, 9.93055e-06, 8.17626e-07, 0, 4.69042e-09, 4.22199e-08, 0, 0, 1.07951e-05, 1.70045e-05, 2.26318e-07, 0.684626, 0.959948, 3.36884e-05, 258.585
2379, 0.54877, 8.79907e-06, 8.08753e-07, 0, 5.93642e-09, 5.19069e-08, 0, 0, 9.66567e-06, 1.84724e-05, 2.99729e-07, 0.600075, 0.960014, 3.36448e-05, 257.284
2380, 0.597153, 7.13512e-06, 8.04592e-07, 0, 7.62783e-09, 6.42956e-08, 0, 0, 8.01163e-06, 2.00401e-05, 4.40922e-07, 0.515582, 0.96008, 3.35643e-05, 255.161
2381, 0.635136, 6.23962e-06, 7.89746e-07, 0, 1.00695e-08, 8.15702e-08, 0, 0, 7.12101e-06, 2.11354e-05, 6.43798e-07, 0.453916, 0.960146, 3.32672e-05, 253.814
2382, 0.614653, 7.19979e-06, 7.98352e-07, 0, 1.0028e-08, 8.04538e-08, 0, 0, 8.08862e-06, 2.00596e-05, 6.43499e-07, 0.486697, 0.960212, 3.25522e-05, 255.095
2383, 0.513674, 1.03096e-05, 8.42903e-07, 0, 6.4168e-09, 5.31598e-08, 0, 0, 1.12121e-05, 1.6423e-05, 3.77769e-07, 0.666166, 0.960278, 3.19872e-05, 258.577
2384, 0.460386, 1.20303e-05, 8.66774e-07, 0, 4.36142e-09, 3.80706e-08, 0, 0, 1.29395e-05, 1.48208e-05, 2.24829e-07, 0.775689, 0.960344, 3.22413e-05, 260.088
2385, 0.493967, 1.10271e-05, 8.63456e-07, 0, 4.96323e-09, 4.3253e-08, 0, 0, 1.19388e-05, 1.61697e-05, 2.53099e-07, 0.705286, 0.96041, 3.2702e-05, 259.104
2386, 0.517167, 1.00936e-05, 8.64681e-07, 0, 5.31806e-09, 4.61242e-08, 0, 0, 1.10098e-05, 1.70237e-05, 2.76556e-07, 0.659389, 0.960476, 3.28877e-05, 258.12
2387, 0.530403, 9.68264e-06, 8.58478e-07, 0, 5.73633e-09, 4.9357e-08, 0, 0, 1.05962e-05, 1.7484e-05, 3.06398e-07, 0.634118, 0.960542, 3.29317e-05, 257.613
2388, 0.555031, 9.36637e-06, 8.41281e-07, 0, 7.00628e-09, 5.90155e-08, 0, 0, 1.02737e-05, 1.82934e-05, 3.83532e-07, 0.588732, 0.960608, 3.29366e-05, 257.188
2389, 0.594568, 8.23855e-06, 8.30388e-07, 0, 8.54343e-09, 7.04697e-08, 0, 0, 9.14795e-06, 1.95698e-05, 4.9099e-07, 0.519921, 0.960674, 3.29123e-05, 255.836
2390, 0.58881, 8.25071e-06, 8.42074e-07, 0, 8.21736e-09, 6.78049e-08, 0, 0, 9.1688e-06, 1.93109e-05, 4.82059e-07, 0.529651, 0.96074, 3.28088e-05, 255.777
2391, 0.534577, 1.02418e-05, 8.62912e-07, 0, 6.46787e-09, 5.4444e-08, 0, 0, 1.11656e-05, 1.72804e-05, 3.60938e-07, 0.62628, 0.960806, 3.2425e-05, 257.851
2392, 0.546169, 1.01232e-05, 8.63762e-07, 0, 6.51597e-09, 5.50505e-08, 0, 0, 1.10485e-05, 1.72918e-05, 3.58315e-07, 0.604827, 0.960872, 3.18521e-05, 257.65
2393, 0.612746, 7.76422e-06, 8.53242e-07, 0, 8.3104e-09, 6.88293e-08, 0, 0, 8.6946e-06, 1.94887e-05, 5.01832e-07, 0.489805, 0.960938, 3.18686e-05, 254.949
2394, 0.636332, 6.72287e-06, 8.56347e-07, 0, 9.09108e-09, 7.46668e-08, 0, 0, 7.66297e-06, 2.06047e-05, 5.81867e-07, 0.452035, 0.961004, 3.23969e-05, 253.507
2395, 0.616907, 7.35706e-06, 8.69262e-07, 0, 8.37912e-09, 6.94157e-08, 0, 0, 8.30411e-06, 2.0162e-05, 5.34511e-07, 0.483038, 0.96107, 3.26838e-05, 254.285
2396, 0.562485, 9.50002e-06, 8.93727e-07, 0, 6.86976e-09, 5.78702e-08, 0, 0, 1.04585e-05, 1.8422e-05, 4.15739e-07, 0.575391, 0.961136, 3.27283e-05, 256.708
2397, 0.52906, 1.09861e-05, 9.16885e-07, 0, 6.15653e-09, 5.22213e-08, 0, 0, 1.19614e-05, 1.73114e-05, 3.44921e-07, 0.636654, 0.961202, 3.27032e-05, 258.106
2398, 0.582286, 9.28776e-06, 9.04587e-07, 0, 7.61474e-09, 6.35975e-08, 0, 0, 1.02636e-05, 1.90145e-05, 4.32495e-07, 0.540793, 0.961268, 3.26609e-05, 256.334
2399, 0.632193, 7.55757e-06, 8.87709e-07, 0, 9.0491e-09, 7.47523e-08, 0, 0, 8.52909e-06, 2.06352e-05, 5.41715e-07, 0.458561, 0.961334, 3.26293e-05, 254.239
2400, 0.629563, 7.70097e-06, 8.93634e-07, 0, 9.46823e-09, 7.75947e-08, 0, 0, 8.68167e-06, 2.05335e-05, 5.88392e-07, 0.462729, 0.9614, 3.25751e-05, 254.347
2401, 0.642673, 7.45956e-06, 8.89757e-07, 0, 1.05645e-08, 8.53165e-08, 0, 0, 8.4452e-06, 2.0863e-05, 6.75641e-07, 0.442119, 0.961466, 3.2438e-05, 253.965
2402, 0.665007, 6.90411e-06, 8.77626e-07, 0, 1.13186e-08, 9.0859e-08, 0, 0, 7.88392e-06, 2.12884e-05, 7.27003e-07, 0.407958, 0.961532, 3.20136e-05, 253.144
2403, 0.626676, 8.45984e-06, 8.88999e-07, 0, 9.5572e-09, 7.788e-08, 0, 0, 9.43627e-06, 1.96008e-05, 5.90684e-07, 0.467326, 0.961598, 3.13348e-05, 254.998
2404, 0.552216, 1.12944e-05, 9.19595e-07, 0, 6.65371e-09, 5.66488e-08, 0, 0, 1.22773e-05, 1.71767e-05, 3.67141e-07, 0.593816, 0.961664, 3.12685e-05, 257.805
2405, 0.527379, 1.21027e-05, 9.51221e-07, 0, 5.27153e-09, 4.70999e-08, 0, 0, 1.31063e-05, 1.67824e-05, 2.52021e-07, 0.639836, 0.96173, 3.18729e-05, 258.448
2406, 0.50201, 1.2956e-05, 9.85597e-07, 0, 4.49141e-09, 4.10184e-08, 0, 0, 1.39871e-05, 1.6208e-05, 1.99451e-07, 0.689136, 0.961796, 3.22669e-05, 259.092
2407, 0.46105, 1.46091e-05, 1.00753e-06, 0, 3.98111e-09, 3.61214e-08, 0, 0, 1.56567e-05, 1.49186e-05, 1.80503e-07, 0.774249, 0.961862, 3.23374e-05, 260.28
2408, 0.497011, 1.34183e-05, 9.93142e-07, 0, 5.40172e-09, 4.67944e-08, 0, 0, 1.44637e-05, 1.60609e-05, 2.80223e-07, 0.699142, 0.961928, 3.23179e-05, 259.3
2409, 0.541334, 1.19364e-05, 9.76958e-07, 0, 6.69313e-09, 5.6977e-08, 0, 0, 1.2977e-05, 1.74823e-05, 3.60129e-07, 0.613718, 0.961994, 3.22897e-05, 258.001
2410, 0.539755, 1.22066e-05, 9.86565e-07, 0, 6.68212e-09, 5.68167e-08, 0, 0, 1.32567e-05, 1.74142e-05, 3.44964e-07, 0.61664, 0.96206, 3.22456e-05, 258.155
2411, 0.551392, 1.19365e-05, 1.00006e-06, 0, 6.93286e-09, 5.87368e-08, 0, 0, 1.30022e-05, 1.77579e-05, 3.40086e-07, 0.595309, 0.962126, 3.21975e-05, 257.855
2412, 0.559637, 1.16832e-05, 1.01423e-06, 0, 6.92026e-09, 5.8852e-08, 0, 0, 1.27632e-05, 1.79905e-05, 3.28376e-07, 0.580466, 0.962192, 3.21303e-05, 257.565
2413, 0.535028, 1.26969e-05, 1.02932e-06, 0, 6.19075e-09, 5.30853e-08, 0, 0, 1.37855e-05, 1.71285e-05, 2.88634e-07, 0.625436, 0.962258, 3.19073e-05, 258.341
2414, 0.457207, 1.59622e-05, 1.04734e-06, 0, 4.16048e-09, 3.69871e-08, 0, 0, 1.70507e-05, 1.4495e-05, 1.77327e-07, 0.782619, 0.962324, 3.14417e-05, 260.658
2415, 0.379289, 1.95805e-05, 1.03708e-06, 0, 2.31277e-09, 2.24157e-08, 0, 0, 2.06423e-05, 1.18472e-05, 7.35009e-08, 0.969456, 0.96239, 3.07757e-05, 262.77
2416, 0.354858, 2.09952e-05, 1.0145e-06, 0, 1.80334e-09, 1.85048e-08, 0, 0, 2.203e-05, 1.09386e-05, 4.45852e-08, 1.03604, 0.962456, 3.01778e-05, 263.441
2417, 0.38962, 1.95295e-05, 1.02412e-06, 0, 2.11218e-09, 2.15826e-08, 0, 0, 2.05773e-05, 1.20374e-05, 5.43317e-08, 0.942583, 0.962522, 3.03815e-05, 262.564
2418, 0.356032, 2.13196e-05, 1.01934e-06, 0, 1.96188e-09, 1.99998e-08, 0, 0, 2.23608e-05, 1.11163e-05, 5.2097e-08, 1.03273, 0.962588, 3.1117e-05, 263.445
2419, 0.307615, 2.38935e-05, 9.99691e-07, 0, 1.91691e-09, 1.88118e-08, 0, 0, 2.49139e-05, 9.68985e-06, 6.27002e-08, 1.17891, 0.962654, 3.1517e-05, 264.628
2420, 0.419055, 1.89435e-05, 1.01602e-06, 0, 3.69543e-09, 3.38322e-08, 0, 0, 1.99971e-05, 1.32462e-05, 1.52996e-07, 0.869754, 0.96272, 3.16037e-05, 261.98
2421, 0.562556, 1.2464e-05, 1.04071e-06, 0, 5.99059e-09, 5.31973e-08, 0, 0, 1.35639e-05, 1.77965e-05, 2.71865e-07, 0.575265, 0.962786, 3.16206e-05, 257.491
2422, 0.600252, 1.07423e-05, 1.0572e-06, 0, 6.66338e-09, 5.88268e-08, 0, 0, 1.1865e-05, 1.89781e-05, 3.15182e-07, 0.510405, 0.962852, 3.16041e-05, 255.923
2423, 0.568984, 1.20521e-05, 1.0765e-06, 0, 5.87492e-09, 5.25907e-08, 0, 0, 1.31871e-05, 1.79599e-05, 2.77744e-07, 0.563902, 0.962918, 3.15741e-05, 257.01
2424, 0.515651, 1.42155e-05, 1.10892e-06, 0, 4.30575e-09, 4.01682e-08, 0, 0, 1.53689e-05, 1.62526e-05, 1.89098e-07, 0.662325, 0.962984, 3.15587e-05, 258.641
2425, 0.497091, 1.49211e-05, 1.12948e-06, 0, 3.32475e-09, 3.26825e-08, 0, 0, 1.60866e-05, 1.56475e-05, 1.30129e-07, 0.698982, 0.96305, 3.15289e-05, 259.073
2426, 0.512323, 1.45422e-05, 1.11586e-06, 0, 3.92707e-09, 3.72527e-08, 0, 0, 1.56993e-05, 1.6109e-05, 1.70212e-07, 0.6688, 0.963116, 3.14874e-05, 258.715
2427, 0.575217, 1.21769e-05, 1.07764e-06, 0, 6.27697e-09, 5.51427e-08, 0, 0, 1.33159e-05, 1.80727e-05, 3.28931e-07, 0.553007, 0.963182, 3.14474e-05, 256.787
2428, 0.657632, 8.8389e-06, 1.04422e-06, 0, 8.8781e-09, 7.51609e-08, 0, 0, 9.96716e-06, 2.0618e-05, 5.02601e-07, 0.419109, 0.963248, 3.13643e-05, 253.522
2429, 0.690491, 7.56603e-06, 1.04264e-06, 0, 9.56951e-09, 8.07242e-08, 0, 0, 8.69896e-06, 2.14906e-05, 5.35488e-07, 0.370353, 0.963314, 3.11282e-05, 251.973
2430, 0.692003, 7.59894e-06, 1.05406e-06, 0, 9.25258e-09, 7.82604e-08, 0, 0, 8.74051e-06, 2.10956e-05, 5.00209e-07, 0.368165, 0.96338, 3.0497e-05, 251.943
2431, 0.678973, 8.29492e-06, 1.06782e-06, 0, 8.89754e-09, 7.50531e-08, 0, 0, 9.4467e-06, 2.01726e-05, 4.7161e-07, 0.387174, 0.963446, 2.97637e-05, 252.697
2432, 0.60729, 1.14893e-05, 1.1148e-06, 0, 7.09e-09, 6.06383e-08, 0, 0, 1.26719e-05, 1.80375e-05, 3.5554e-07, 0.498749, 0.963512, 2.99057e-05, 255.823
2433, 0.47334, 1.75237e-05, 1.17874e-06, 0, 3.93465e-09, 3.54659e-08, 0, 0, 1.87419e-05, 1.43766e-05, 1.7046e-07, 0.747942, 0.963578, 3.06379e-05, 260.144
2434, 0.330831, 2.47929e-05, 1.1683e-06, 0, 1.57411e-09, 1.59306e-08, 0, 0, 2.59787e-05, 1.02243e-05, 4.79838e-08, 1.10615, 0.963644, 3.10579e-05, 263.851
2435, 0.196918, 3.28019e-05, 1.04963e-06, 0, 6.02031e-10, 6.87488e-09, 0, 0, 3.3859e-05, 6.12249e-06, 1.08844e-08, 1.62497, 0.96371, 3.11723e-05, 266.923
2436, 0.177488, 3.45205e-05, 9.94165e-07, 0, 7.25511e-10, 7.73819e-09, 0, 0, 3.55231e-05, 5.52613e-06, 1.89498e-08, 1.72885, 0.963776, 3.11777e-05, 267.418
2437, 0.345096, 2.54465e-05, 1.08482e-06, 0, 2.32745e-09, 2.24384e-08, 0, 0, 2.65561e-05, 1.07397e-05, 8.33022e-08, 1.06393, 0.963842, 3.11417e-05, 263.857
2438, 0.551824, 1.46956e-05, 1.1482e-06, 0, 5.3474e-09, 4.81152e-08, 0, 0, 1.58973e-05, 1.71663e-05, 2.31337e-07, 0.594526, 0.963908, 3.11129e-05, 257.86
2439, 0.664448, 9.43823e-06, 1.1328e-06, 0, 8.40249e-09, 7.22021e-08, 0, 0, 1.06516e-05, 2.06588e-05, 4.14853e-07, 0.408799, 0.963974, 3.10929e-05, 253.344
2440, 0.697987, 8.09509e-06, 1.11461e-06, 0, 9.96404e-09, 8.40362e-08, 0, 0, 9.3037e-06, 2.16727e-05, 5.25907e-07, 0.359555, 0.96404, 3.10512e-05, 251.799
2441, 0.684974, 8.75148e-06, 1.13145e-06, 0, 9.72591e-09, 8.20174e-08, 0, 0, 9.97468e-06, 2.12322e-05, 5.13594e-07, 0.378374, 0.964106, 3.0997e-05, 252.469
2442, 0.625656, 1.13783e-05, 1.19094e-06, 0, 7.84152e-09, 6.72372e-08, 0, 0, 1.26444e-05, 1.93764e-05, 3.88559e-07, 0.468955, 0.964172, 3.09687e-05, 254.978
2443, 0.563641, 1.40873e-05, 1.25444e-06, 0, 5.52178e-09, 4.9467e-08, 0, 0, 1.53967e-05, 1.74335e-05, 2.36952e-07, 0.573338, 0.964238, 3.09291e-05, 257.088
2444, 0.523635, 1.61828e-05, 1.27202e-06, 0, 3.99689e-09, 3.78754e-08, 0, 0, 1.74967e-05, 1.61487e-05, 1.41619e-07, 0.646961, 0.964304, 3.08185e-05, 258.448
2445, 0.407242, 2.28117e-05, 1.24577e-06, 0, 2.40628e-09, 2.39973e-08, 0, 0, 2.40839e-05, 1.25228e-05, 7.16529e-08, 0.898346, 0.96437, 3.0627e-05, 262.042
2446, 0.244337, 3.20061e-05, 1.21095e-06, 0, 9.20117e-10, 9.88341e-09, 0, 0, 3.32279e-05, 7.45674e-06, 2.18533e-08, 1.40921, 0.964436, 3.03122e-05, 265.768
2447, 0.196559, 3.44307e-05, 1.24773e-06, 0, 4.23126e-10, 5.08466e-09, 0, 0, 3.56839e-05, 5.79127e-06, 6.50179e-09, 1.62679, 0.964502, 2.9816e-05, 266.543
2448, 0.280115, 2.95877e-05, 1.31454e-06, 0, 7.55089e-10, 8.73903e-09, 0, 0, 3.09117e-05, 7.91966e-06, 1.12371e-08, 1.27256, 0.964568, 2.90859e-05, 264.735
2449, 0.337277, 2.68116e-05, 1.32028e-06, 0, 1.06479e-09, 1.20247e-08, 0, 0, 2.81449e-05, 9.39193e-06, 1.6345e-08, 1.08685, 0.964634, 2.86764e-05, 263.538
2450, 0.253465, 3.23584e-05, 1.25706e-06, 0, 7.56425e-10, 8.634e-09, 0, 0, 3.36249e-05, 7.13628e-06, 1.10243e-08, 1.37253, 0.9647, 2.9191e-05, 265.574
2451, 0.184041, 3.68158e-05, 1.21813e-06, 0, 4.85287e-10, 5.72805e-09, 0, 0, 3.80402e-05, 5.42446e-06, 6.14463e-09, 1.6926, 0.964766, 2.99237e-05, 266.98
2452, 0.262056, 3.20675e-05, 1.29136e-06, 0, 8.10068e-10, 9.39966e-09, 0, 0, 3.33691e-05, 7.94391e-06, 1.0544e-08, 1.3392, 0.964832, 3.02764e-05, 265.315
2453, 0.340861, 2.71686e-05, 1.37916e-06, 0, 1.12728e-09, 1.28872e-08, 0, 0, 2.85618e-05, 1.03573e-05, 1.57729e-08, 1.07628, 0.964898, 3.03663e-05, 263.379
2454, 0.331019, 2.79621e-05, 1.38102e-06, 0, 1.18307e-09, 1.30669e-08, 0, 0, 2.93574e-05, 1.00527e-05, 2.18032e-08, 1.10558, 0.964964, 3.03693e-05, 263.621
2455, 0.386216, 2.53113e-05, 1.35299e-06, 0, 2.02131e-09, 2.04721e-08, 0, 0, 2.66868e-05, 1.17246e-05, 5.48851e-08, 0.95136, 0.96503, 3.03654e-05, 262.412
2456, 0.522535, 1.78751e-05, 1.34584e-06, 0, 3.70491e-09, 3.56458e-08, 0, 0, 1.92603e-05, 1.58528e-05, 1.20868e-07, 0.649063, 0.965096, 3.0349e-05, 258.553
2457, 0.614562, 1.29633e-05, 1.3357e-06, 0, 5.24505e-09, 4.88302e-08, 0, 0, 1.4353e-05, 1.86317e-05, 1.94198e-07, 0.486845, 0.965162, 3.03222e-05, 255.159
2458, 0.642186, 1.16431e-05, 1.33046e-06, 0, 5.97488e-09, 5.47263e-08, 0, 0, 1.30342e-05, 1.94613e-05, 2.33769e-07, 0.442877, 0.965228, 3.03009e-05, 254.011
2459, 0.633224, 1.21383e-05, 1.35203e-06, 0, 5.69478e-09, 5.23845e-08, 0, 0, 1.35484e-05, 1.9173e-05, 2.1571e-07, 0.456931, 0.965294, 3.02669e-05, 254.357
2460, 0.605108, 1.37011e-05, 1.38096e-06, 0, 4.99242e-09, 4.65688e-08, 0, 0, 1.51336e-05, 1.83037e-05, 1.75707e-07, 0.502348, 0.96536, 3.02354e-05, 255.505
2461, 0.517865, 1.88242e-05, 1.39915e-06, 0, 3.5959e-09, 3.44968e-08, 0, 0, 2.02614e-05, 1.56551e-05, 1.15269e-07, 0.658041, 0.965426, 3.02092e-05, 258.723
2462, 0.363361, 2.83204e-05, 1.37293e-06, 0, 1.73722e-09, 1.78093e-08, 0, 0, 2.97129e-05, 1.0976e-05, 4.61547e-08, 1.01236, 0.965492, 3.01674e-05, 263.099
2463, 0.28415, 3.32519e-05, 1.37082e-06, 0, 8.71357e-10, 9.90209e-09, 0, 0, 3.46335e-05, 8.57117e-06, 1.53635e-08, 1.25825, 0.965558, 3.0129e-05, 264.844
2464, 0.357697, 2.84822e-05, 1.44704e-06, 0, 1.37698e-09, 1.4937e-08, 0, 0, 2.99456e-05, 1.07639e-05, 2.69439e-08, 1.02807, 0.965624, 3.00886e-05, 263.026
2465, 0.47693, 2.13288e-05, 1.4839e-06, 0, 2.51873e-09, 2.57416e-08, 0, 0, 2.2841e-05, 1.43173e-05, 5.94774e-08, 0.740387, 0.96569, 3.00267e-05, 259.774
2466, 0.527123, 1.85808e-05, 1.48493e-06, 0, 3.02122e-09, 3.05079e-08, 0, 0, 2.00993e-05, 1.57916e-05, 7.32728e-08, 0.640322, 0.965756, 2.99516e-05, 258.222
2467, 0.47787, 2.16637e-05, 1.50107e-06, 0, 2.37928e-09, 2.46756e-08, 0, 0, 2.31918e-05, 1.42425e-05, 5.22836e-08, 0.738416, 0.965822, 2.97826e-05, 259.786
2468, 0.424307, 2.47356e-05, 1.5394e-06, 0, 1.55835e-09, 1.72518e-08, 0, 0, 2.62938e-05, 1.24122e-05, 2.67545e-08, 0.857298, 0.965888, 2.93297e-05, 261.165
2469, 0.440095, 2.34888e-05, 1.58376e-06, 0, 1.32602e-09, 1.54178e-08, 0, 0, 2.50893e-05, 1.24611e-05, 1.80192e-08, 0.820765, 0.965954, 2.85146e-05, 260.536
2470, 0.419803, 2.49276e-05, 1.5913e-06, 0, 1.11156e-09, 1.32291e-08, 0, 0, 2.65332e-05, 1.16328e-05, 1.34709e-08, 0.86797, 0.96602, 2.80206e-05, 261.107
2471, 0.287005, 3.48743e-05, 1.44853e-06, 0, 5.91262e-10, 7.39249e-09, 0, 0, 3.63309e-05, 7.97969e-06, 5.77651e-09, 1.24826, 0.966086, 2.85e-05, 264.755
2472, 0.147088, 4.65414e-05, 1.17412e-06, 0, 2.12138e-10, 2.89435e-09, 0, 0, 4.77187e-05, 4.19983e-06, 1.32515e-09, 1.91673, 0.966152, 2.92227e-05, 267.995
2473, 0.14911, 4.66998e-05, 1.1783e-06, 0, 2.10582e-10, 2.96228e-09, 0, 0, 4.78813e-05, 4.41174e-06, 8.67024e-10, 1.90307, 0.966218, 2.95885e-05, 267.954
2474, 0.273816, 3.63283e-05, 1.47897e-06, 0, 5.02441e-10, 6.67821e-09, 0, 0, 3.78144e-05, 8.14497e-06, 2.98149e-09, 1.2953, 0.966284, 2.96991e-05, 264.989
2475, 0.381978, 2.8036e-05, 1.66563e-06, 0, 9.31871e-10, 1.15212e-08, 0, 0, 2.97141e-05, 1.13491e-05, 8.75407e-09, 0.962393, 0.96635, 2.96865e-05, 262.028
2476, 0.432894, 2.48307e-05, 1.69295e-06, 0, 1.35426e-09, 1.57499e-08, 0, 0, 2.65407e-05, 1.28505e-05, 1.6885e-08, 0.837263, 0.966416, 2.96639e-05, 260.619
2477, 0.424889, 2.55278e-05, 1.7052e-06, 0, 1.35183e-09, 1.562e-08, 0, 0, 2.725e-05, 1.26034e-05, 1.74291e-08, 0.855927, 0.966482, 2.96502e-05, 260.846
2478, 0.363063, 2.97121e-05, 1.72394e-06, 0, 8.99163e-10, 1.1017e-08, 0, 0, 3.1448e-05, 1.07189e-05, 9.27002e-09, 1.01318, 0.966548, 2.95101e-05, 262.453
2479, 0.275047, 3.6187e-05, 1.69184e-06, 0, 4.75332e-10, 6.41115e-09, 0, 0, 3.78857e-05, 8.05265e-06, 2.93907e-09, 1.29081, 0.966614, 2.93098e-05, 264.599
2480, 0.172632, 4.42942e-05, 1.59117e-06, 0, 2.06354e-10, 3.04233e-09, 0, 0, 4.58886e-05, 5.03321e-06, 7.07849e-10, 1.75659, 0.96668, 2.92842e-05, 266.849
2481, 0.117782, 4.87694e-05, 1.53398e-06, 0, 8.11139e-11, 1.38032e-09, 0, 0, 5.03049e-05, 3.44325e-06, 1.29914e-10, 2.13892, 0.966746, 2.93427e-05, 267.898
2482, 0.136067, 4.7066e-05, 1.60661e-06, 0, 6.87307e-11, 1.322e-09, 0, 0, 4.8674e-05, 3.98443e-06, 2.33591e-11, 1.99461, 0.966812, 2.9335e-05, 267.408
2483, 0.137739, 4.74702e-05, 1.59109e-06, 0, 6.80574e-11, 1.32289e-09, 0, 0, 4.90627e-05, 4.03424e-06, 1.23887e-11, 1.98239, 0.966878, 2.93168e-05, 267.423
2484, 0.10843, 5.1252e-05, 1.45187e-06, 0, 5.23689e-11, 1.01288e-09, 0, 0, 5.27049e-05, 3.17428e-06, 7.31458e-12, 2.22165, 0.966944, 2.93212e-05, 268.227
2485, 0.128309, 4.9553e-05, 1.53232e-06, 0, 6.5887e-11, 1.24596e-09, 0, 0, 5.10866e-05, 3.75152e-06, 7.15786e-12, 2.05331, 0.96701, 2.93023e-05, 267.757
2486, 0.146989, 4.77203e-05, 1.64365e-06, 0, 7.79245e-11, 1.46192e-09, 0, 0, 4.93655e-05, 4.29565e-06, 8.31024e-12, 1.9174, 0.967076, 2.92623e-05, 267.251
2487, 0.100735, 5.31996e-05, 1.46354e-06, 0, 5.09387e-11, 9.64005e-10, 0, 0, 5.46641e-05, 2.94275e-06, 5.13434e-12, 2.29526, 0.967142, 2.9227e-05, 268.432
2488, 0.067437, 5.75318e-05, 1.30035e-06, 0, 3.26006e-11, 6.24237e-10, 0, 0, 5.88328e-05, 1.96747e-06, 4.614e-12, 2.69656, 0.967208, 2.91923e-05, 269.268
2489, 0.0999531, 5.41763e-05, 1.46302e-06, 0, 5.59073e-11, 1.04547e-09, 0, 0, 5.56404e-05, 2.91352e-06, 1.23455e-11, 2.30305, 0.967274, 2.91547e-05, 268.487
2490, 0.139364, 4.97636e-05, 1.68853e-06, 0, 8.18926e-11, 1.52273e-09, 0, 0, 5.14538e-05, 4.05816e-06, 1.83266e-11, 1.97067, 0.96734, 2.9101e-05, 267.432
2491, 0.1269, 5.0881e-05, 1.71368e-06, 0, 6.77344e-11, 1.28657e-09, 0, 0, 5.2596e-05, 3.68551e-06, 1.17995e-11, 2.06435, 0.967406, 2.90046e-05, 267.622
2492, 0.085756, 5.51101e-05, 1.62781e-06, 0, 3.60185e-11, 7.17092e-10, 0, 0, 5.67387e-05, 2.47896e-06, 3.35935e-12, 2.45625, 0.967472, 2.88563e-05, 268.483
2493, 0.0574481, 5.83725e-05, 1.55054e-06, 0, 1.80592e-11, 3.80817e-10, 0, 0, 5.99234e-05, 1.6503e-06, 4.45222e-13, 2.85687, 0.967538, 2.85168e-05, 269.083
2494, 0.0431764, 6.16094e-05, 1.35188e-06, 0, 1.2629e-11, 2.7012e-10, 0, 0, 6.29615e-05, 1.22825e-06, 1.43679e-13, 3.14246, 0.967604, 2.77699e-05, 269.622
2495, 0.0556063, 6.17419e-05, 1.27164e-06, 0, 2.11758e-11, 4.28166e-10, 0, 0, 6.30141e-05, 1.56205e-06, 1.79429e-12, 2.88946, 0.96767, 2.70677e-05, 269.55
2496, 0.109582, 5.55866e-05, 1.55256e-06, 0, 5.51458e-11, 1.04548e-09, 0, 0, 5.71403e-05, 3.0939e-06, 1.61114e-11, 2.21108, 0.967736, 2.73128e-05, 268.24
2497, 0.175701, 4.86081e-05, 1.82096e-06, 0, 1.16788e-10, 2.06287e-09, 0, 0, 5.04312e-05, 5.00854e-06, 8.03098e-11, 1.73897, 0.967802, 2.80921e-05, 266.608
2498, 0.224837, 4.45412e-05, 1.90489e-06, 0, 1.8912e-10, 3.15261e-09, 0, 0, 4.64495e-05, 6.44712e-06, 2.07177e-10, 1.49238, 0.967867, 2.85717e-05, 265.516
2499, 0.250279, 4.26783e-05, 1.94156e-06, 0, 2.32813e-10, 3.7914e-09, 0, 0, 4.46239e-05, 7.19105e-06, 2.91232e-10, 1.38518, 0.967928, 2.87258e-05, 264.944
2500, 0.262415, 4.16739e-05, 1.98996e-06, 0, 2.42305e-10, 3.9578e-09, 0, 0, 4.36681e-05, 7.5423e-06, 2.79436e-10, 1.33783, 0.967974, 2.87562e-05, 264.599
2501, 0.241857, 4.38592e-05, 1.96933e-06, 0, 2.06833e-10, 3.44215e-09, 0, 0, 4.58322e-05, 6.95509e-06, 1.95295e-10, 1.41941, 0.968, 2.87755e-05, 265.107
2502, 0.162736, 5.23053e-05, 1.77099e-06, 0, 1.17588e-10, 2.03136e-09, 0, 0, 5.40785e-05, 4.68473e-06, 8.00834e-11, 1.81563, 0.968011, 2.87834e-05, 267.062
2503, 0.0813598, 6.13434e-05, 1.53504e-06, 0, 4.28984e-11, 7.93005e-10, 0, 0, 6.28793e-05, 2.34118e-06, 1.67394e-11, 2.50887, 0.968018, 2.875e-05, 268.863
2504, 0.05089, 6.46153e-05, 1.50039e-06, 0, 1.72468e-11, 3.55749e-10, 0, 0, 6.61161e-05, 1.45931e-06, 1.8018e-12, 2.97809, 0.968024, 2.87125e-05, 269.413
2505, 0.0502848, 6.5532e-05, 1.46099e-06, 0, 1.84214e-11, 3.75028e-10, 0, 0, 6.69934e-05, 1.44034e-06, 1.39389e-12, 2.99005, 0.96803, 2.87043e-05, 269.497
2506, 0.0831437, 6.33973e-05, 1.44938e-06, 0, 4.69911e-11, 8.70285e-10, 0, 0, 6.48476e-05, 2.37725e-06, 8.50556e-12, 2.48719, 0.968036, 2.86902e-05, 269.004
2507, 0.15895, 5.53033e-05, 1.70849e-06, 0, 1.05278e-10, 1.887e-09, 0, 0, 5.70138e-05, 4.53845e-06, 2.42204e-11, 1.83917, 0.968042, 2.86364e-05, 267.309
2508, 0.187611, 5.16694e-05, 1.90595e-06, 0, 1.24691e-10, 2.22734e-09, 0, 0, 5.35778e-05, 5.35701e-06, 3.02643e-11, 1.67339, 0.968048, 2.85961e-05, 266.456
2509, 0.132162, 5.75662e-05, 1.81382e-06, 0, 7.70001e-11, 1.40858e-09, 0, 0, 5.93815e-05, 3.77734e-06, 1.65517e-11, 2.02372, 0.968054, 2.85952e-05, 267.653
2510, 0.071219, 6.52838e-05, 1.56412e-06, 0, 3.06855e-11, 5.99004e-10, 0, 0, 6.68486e-05, 2.03792e-06, 3.94665e-12, 2.642, 0.96806, 2.85554e-05, 269.059
2511, 0.0373215, 7.0585e-05, 1.34596e-06, 0, 1.18802e-11, 2.49107e-10, 0, 0, 7.19312e-05, 1.06549e-06, 4.10022e-13, 3.28818, 0.968066, 2.84336e-05, 269.906
2512, 0.0338868, 7.09555e-05, 1.40945e-06, 0, 9.86647e-12, 2.11806e-10, 0, 0, 7.23652e-05, 9.59405e-07, 2.65487e-14, 3.38473, 0.968073, 2.83135e-05, 269.9
2513, 0.0558216, 6.78329e-05, 1.60767e-06, 0, 1.7863e-11, 3.79342e-10, 0, 0, 6.9441e-05, 1.57707e-06, 2.69032e-14, 2.8856, 0.968078, 2.82597e-05, 269.294
2514, 0.0655606, 6.79327e-05, 1.54204e-06, 0, 2.20293e-11, 4.65304e-10, 0, 0, 6.94752e-05, 1.85237e-06, 3.66916e-14, 2.72478, 0.968084, 2.82313e-05, 269.219
2515, 0.0385191, 7.45443e-05, 1.10045e-06, 0, 1.30454e-11, 2.75446e-10, 0, 0, 7.5645e-05, 1.08805e-06, 2.11421e-14, 3.2566, 0.96809, 2.82155e-05, 270.218
2516, 0.0108887, 8.07124e-05, 7.21961e-07, 0, 3.58179e-12, 7.57689e-11, 0, 0, 8.14344e-05, 3.07287e-07, 5.07496e-15, 4.52003, 0.968096, 2.82303e-05, 271.081
2517, 0.0045028, 8.16991e-05, 7.44405e-07, 0, 1.1431e-12, 2.45988e-11, 0, 0, 8.24436e-05, 1.26603e-07, 5.08072e-16, 5.40306, 0.968102, 2.82238e-05, 271.157
2518, 0.00927874, 7.92366e-05, 1.07632e-06, 0, 2.14209e-12, 4.68518e-11, 0, 0, 8.0313e-05, 2.60884e-07, 3.4569e-17, 4.68003, 0.968108, 2.81713e-05, 270.738
2519, 0.0177191, 7.67164e-05, 1.36372e-06, 0, 4.32904e-12, 9.49617e-11, 0, 0, 7.80802e-05, 4.98176e-07, 1.3781e-16, 4.03311, 0.968114, 2.81188e-05, 270.295
2520, 0.0355164, 7.35438e-05, 1.59665e-06, 0, 9.40429e-12, 2.06204e-10, 0, 0, 7.51407e-05, 9.9709e-07, 5.90521e-16, 3.33776, 0.96812, 2.80817e-05, 269.724
2521, 0.0553844, 7.02878e-05, 1.81061e-06, 0, 1.51552e-11, 3.32394e-10, 0, 0, 7.20988e-05, 1.55242e-06, 1.06826e-15, 2.89346, 0.968126, 2.803e-05, 269.116
2522, 0.0486117, 7.22001e-05, 1.73112e-06, 0, 1.31923e-11, 2.89753e-10, 0, 0, 7.39315e-05, 1.35978e-06, 8.17531e-16, 3.02389, 0.968132, 2.79312e-05, 269.354
2523, 0.0254155, 7.75955e-05, 1.42964e-06, 0, 6.5358e-12, 1.4385e-10, 0, 0, 7.90253e-05, 7.08218e-07, 2.65963e-16, 3.6724, 0.968138, 2.77327e-05, 270.122
2524, 0.010243, 8.19494e-05, 1.15648e-06, 0, 2.41171e-12, 5.28176e-11, 0, 0, 8.31059e-05, 2.83267e-07, 3.69364e-17, 4.58116, 0.968144, 2.72992e-05, 270.686
2525, 0.004016, 8.41272e-05, 1.05084e-06, 0, 8.74568e-13, 1.84456e-11, 0, 0, 8.5178e-05, 1.08736e-07, 2.19641e-18, 5.51747, 0.96815, 2.65224e-05, 270.921
2526, 0.00188367, 8.54246e-05, 9.96635e-07, 0, 3.90604e-13, 7.6597e-12, 0, 0, 8.64213e-05, 4.90736e-08, 5.60066e-20, 6.27453, 0.968156, 2.59569e-05, 271.026
2527, 0.00113489, 8.64201e-05, 9.55698e-07, 0, 2.38616e-13, 4.34284e-12, 0, 0, 8.73758e-05, 2.95438e-08, 6.12754e-22, 6.78122, 0.968162, 2.63396e-05, 271.086
2528, 0.00101798, 8.69012e-05, 9.72295e-07, 0, 2.2238e-13, 3.90053e-12, 0, 0, 8.78735e-05, 2.7557e-08, 2.88881e-24, 6.88994, 0.968168, 2.70926e-05, 271.078
2529, 0.00076735, 8.82287e-05, 8.68662e-07, 0, 1.70516e-13, 2.94401e-12, 0, 0, 8.90974e-05, 2.1095e-08, 6.02821e-27, 7.17257, 0.968174, 2.75175e-05, 271.175
2530, 0.000313144, 9.03858e-05, 6.50002e-07, 0, 7.10092e-14, 1.19401e-12, 0, 0, 9.10358e-05, 8.64417e-09, 6.21487e-30, 8.06885, 0.96818, 2.7674e-05, 271.371
2531, 6.7354e-05, 9.21815e-05, 4.75315e-07, 0, 1.62937e-14, 2.53948e-13, 0, 0, 9.26568e-05, 1.86284e-09, 4.15256e-33, 9.60555, 0.968186, 2.77223e-05, 271.518
2532, 5.2827e-05, 9.32085e-05, 4.06673e-07, 0, 1.3262e-14, 2.03122e-13, 0, 0, 9.36151e-05, 1.4676e-09, 4.60112e-36, 9.84849, 0.968192, 2.77162e-05, 271.57
2533, 0.000212561, 9.28769e-05, 5.41465e-07, 0, 5.18434e-14, 8.23963e-13, 0, 0, 9.34183e-05, 5.90814e-09, 2.69904e-37, 8.45628, 0.968198, 2.77033e-05, 271.461
2534, 0.000415347, 9.20102e-05, 7.58663e-07, 0, 1.01066e-13, 1.61023e-12, 0, 0, 9.27689e-05, 1.15435e-08, 4.21019e-37, 7.7864, 0.968204, 2.77156e-05, 271.289
2535, 0.00034741, 9.29868e-05, 7.05749e-07, 0, 8.4833e-14, 1.34522e-12, 0, 0, 9.36926e-05, 9.65391e-09, 9.41711e-37, 7.965, 0.96821, 2.77086e-05, 271.336
2536, 0.000141868, 9.48712e-05, 5.20029e-07, 0, 3.52415e-14, 5.45194e-13, 0, 0, 9.53913e-05, 3.94011e-09, 3.75617e-35, 8.86061, 0.968216, 2.76649e-05, 271.488
2537, 0.00011991, 9.50523e-05, 5.91567e-07, 0, 2.99186e-14, 4.4914e-13, 0, 0, 9.56439e-05, 3.32018e-09, 9.77675e-34, 9.02877, 0.968222, 2.76298e-05, 271.441
2538, 0.000352768, 9.42356e-05, 8.02841e-07, 0, 8.02282e-14, 1.3285e-12, 0, 0, 9.50384e-05, 9.73312e-09, 1.05597e-32, 7.9497, 0.968228, 2.76235e-05, 271.277
2539, 0.00094657, 9.34728e-05, 9.82352e-07, 0, 1.99693e-13, 3.59157e-12, 0, 0, 9.44552e-05, 2.60545e-08, 4.7181e-32, 6.96267, 0.968234, 2.76018e-05, 271.116
2540, 0.00148909, 9.3228e-05, 1.08631e-06, 0, 3.05407e-13, 5.66052e-12, 0, 0, 9.43143e-05, 4.09474e-08, 8.71965e-32, 6.50959, 0.96824, 2.75535e-05, 271.016
2541, 0.00109974, 9.53595e-05, 8.76182e-07, 0, 2.23639e-13, 4.17713e-12, 0, 0, 9.62357e-05, 3.02201e-08, 6.66578e-32, 6.81268, 0.968246, 2.75244e-05, 271.196
2542, 0.000357243, 9.86337e-05, 5.05318e-07, 0, 7.25176e-14, 1.35411e-12, 0, 0, 9.9139e-05, 9.8085e-09, 2.10786e-32, 7.9371, 0.968252, 2.75159e-05, 271.502
2543, 5.0149e-05, 0.000100771, 2.83738e-07, 0, 1.02015e-14, 1.8954e-13, 0, 0, 0.000101054, 1.37553e-09, 2.75739e-33, 9.90051, 0.968258, 2.74847e-05, 271.67
2544, 3.04458e-06, 0.000101766, 2.28445e-07, 0, 6.41795e-16, 1.14458e-14, 0, 0, 0.000101994, 8.34138e-11, 1.49254e-34, 12.7021, 0.968264, 2.74254e-05, 271.709
2545, 2.13139e-07, 0.000101933, 3.06626e-07, 0, 1.40652e-16, 6.87477e-16, 0, 0, 0.000102239, 5.80766e-12, 3.34444e-36, 15.3613, 0.96827, 2.73844e-05, 271.66
2546, 2.95595e-07, 0.000101811, 4.32552e-07, 0, 2.68532e-16, 8.64571e-16, 0, 0, 0.000102243, 8.02599e-12, 3.10358e-38, 15.0343, 0.968276, 2.7309e-05, 271.579
2547, 2.71231e-07, 0.000102646, 4.00992e-07, 0, 2.47601e-16, 7.91806e-16, 0, 0, 0.000103047, 7.35678e-12, 1.19304e-40, 15.1203, 0.968282, 2.72003e-05, 271.6
2548, 1.20341e-07, 0.00010392, 2.98136e-07, 0, 1.18623e-16, 3.50392e-16, 0, 0, 0.000104218, 3.26256e-12, 1.89175e-43, 15.9329, 0.968288, 2.71654e-05, 271.667
2549, 6.50699e-08, 0.000104284, 3.47121e-07, 0, 8.3679e-17, 1.88271e-16, 0, 0, 0.000104631, 1.76825e-12, 0, 16.5478, 0.968294, 2.7198e-05, 271.638
2550, 5.68648e-08, 0.000104644, 3.97579e-07, 0, 7.94514e-17, 1.64197e-16, 0, 0, 0.000105042, 1.54726e-12, 0, 16.6826, 0.9683, 2.71996e-05, 271.608
2551, 2.98022e-08, 0.000105711, 3.31321e-07, 0, 3.99227e-17, 8.62126e-17, 0, 0, 0.000106043, 8.10703e-13, 0, 17.3287, 0.968306, 2.7147e-05, 271.651
2552, 5.83797e-08, 0.000106706, 2.76548e-07, 0, 4.34976e-17, 1.72427e-16, 0, 0, 0.000106982, 1.58119e-12, 0, 16.6563, 0.968312, 2.71035e-05, 271.686
2553, 4.96799e-07, 0.000107072, 3.23966e-07, 0, 2.82045e-16, 1.48589e-15, 0, 0, 0.000107396, 1.34145e-11, 0, 14.5151, 0.968318, 2.70945e-05, 271.656
2554, 3.06694e-06, 0.000106424, 5.36668e-07, 0, 1.39026e-15, 9.27362e-15, 0, 0, 0.000106961, 8.2553e-11, 0, 12.6948, 0.968324, 2.7077e-05, 271.522
2555, 1.15274e-05, 0.000105439, 8.00705e-07, 0, 4.52203e-15, 3.50253e-14, 0, 0, 0.00010624, 3.09606e-10, 0, 11.3708, 0.96833, 2.70225e-05, 271.353
2556, 2.21126e-05, 0.000105005, 9.73443e-07, 0, 8.23328e-15, 6.71769e-14, 0, 0, 0.000105978, 5.93201e-10, 0, 10.7194, 0.968336, 2.69472e-05, 271.24
2557, 1.98486e-05, 0.000105695, 9.74192e-07, 0, 7.40556e-15, 6.0118e-14, 0, 0, 0.000106669, 5.32155e-10, 0, 10.8274, 0.968342, 2.68965e-05, 271.244
2558, 8.20852e-06, 0.000107495, 8.03582e-07, 0, 3.21083e-15, 2.47264e-14, 0, 0, 0.000108299, 2.20052e-10, 0, 11.7103, 0.968348, 2.68831e-05, 271.362
2559, 1.60478e-06, 0.000109898, 5.30605e-07, 0, 7.02665e-16, 4.79051e-15, 0, 0, 0.000110428, 4.30355e-11, 0, 13.3425, 0.968354, 2.68433e-05, 271.537
2560, 1.57682e-07, 0.000112286, 2.52663e-07, 0, 8.49827e-17, 4.63957e-16, 0, 0, 0.000112539, 4.23165e-12, 0, 15.6627, 0.96836, 2.67313e-05, 271.705
2561, 8.3971e-09, 0.000113933, 9.47588e-08, 0, 6.06031e-18, 2.42212e-17, 0, 0, 0.000114028, 2.25535e-13, 0, 18.5954, 0.968366, 2.65492e-05, 271.797
2562, 2.49626e-10, 0.000114864, 5.6399e-08, 0, 2.47296e-19, 7.04443e-19, 0, 0, 0.000114921, 6.70796e-15, 0, 22.1111, 0.968372, 2.62069e-05, 271.819
2563, 3.98123e-12, 0.00011554, 6.16836e-08, 0, 5.42003e-21, 1.10012e-20, 0, 0, 0.000115601, 1.0698e-16, 0, 26.2494, 0.968378, 2.55086e-05, 271.816
2564, 6.29615e-14, 0.000116156, 7.73447e-08, 0, 1.92225e-21, 1.59269e-22, 0, 0, 0.000116234, 1.67756e-18, 0, 30.3963, 0.968384, 2.48047e-05, 271.808
2565, 2.41374e-13, 0.000116527, 1.34997e-07, 0, 1.44528e-20, 5.65729e-22, 0, 0, 0.000116662, 6.37844e-18, 0, 29.0524, 0.96839, 2.49603e-05, 271.776
2566, 7.87178e-13, 0.00011655, 2.51798e-07, 0, 4.70435e-20, 1.84537e-21, 0, 0, 0.000116801, 2.08047e-17, 0, 27.8703, 0.968396, 2.57043e-05, 271.711
2567, 1.0742e-12, 0.000116949, 3.05815e-07, 0, 6.43856e-20, 2.51876e-21, 0, 0, 0.000117255, 2.83951e-17, 0, 27.5594, 0.968402, 2.62267e-05, 271.682
2568, 6.13272e-13, 0.000118151, 2.25607e-07, 0, 3.70685e-20, 1.43816e-21, 0, 0, 0.000118376, 1.62134e-17, 0, 28.12, 0.968408, 2.64353e-05, 271.728
2569, 1.46505e-13, 0.000119458, 1.28088e-07, 0, 8.98127e-21, 3.43579e-22, 0, 0, 0.000119586, 3.87378e-18, 0, 29.5517, 0.968414, 2.6475e-05, 271.781
2570, 1.46451e-14, 0.000120233, 1.20906e-07, 0, 9.1685e-22, 3.43446e-23, 0, 0, 0.000120354, 3.87289e-19, 0, 31.8547, 0.96842, 2.64549e-05, 271.786
2571, 6.12683e-16, 0.000120605, 1.82465e-07, 0, 4.12035e-23, 1.43667e-24, 0, 0, 0.000120788, 1.62044e-20, 0, 35.0287, 0.968426, 2.64687e-05, 271.753
2572, 1.0749e-17, 0.000121274, 1.94392e-07, 0, 2.66256e-24, 2.51951e-26, 0, 0, 0.000121469, 2.84328e-22, 0, 39.0717, 0.968432, 2.65055e-05, 271.747
2573, 8.87038e-20, 0.000122383, 1.32356e-07, 0, 8.80337e-25, 2.05283e-28, 0, 0, 0.000122516, 2.34798e-24, 0, 43.869, 0.968438, 2.65022e-05, 271.781
2574, 2.16157e-21, 0.000123356, 9.41226e-08, 0, 1.65712e-25, 4.56989e-30, 0, 0, 0.00012345, 5.7451e-26, 0, 47.5835, 0.968444, 2.6475e-05, 271.801
2575, 3.27382e-22, 0.000124062, 1.01887e-07, 0, 2.05049e-26, 6.75573e-31, 0, 0, 0.000124164, 8.67852e-27, 0, 49.4709, 0.96845, 2.64559e-05, 271.797
2576, 3.89132e-21, 0.000124798, 1.04828e-07, 0, 1.45934e-25, 7.94714e-30, 0, 0, 0.000124903, 1.02881e-25, 0, 46.9955, 0.968456, 2.64439e-05, 271.796
2577, 3.74222e-20, 0.000125482, 1.17238e-07, 0, 1.2665e-24, 7.6409e-29, 0, 0, 0.000125599, 9.89525e-25, 0, 44.732, 0.968462, 2.64118e-05, 271.79
2578, 1.54989e-19, 0.000125836, 1.85859e-07, 0, 4.82072e-24, 3.16379e-28, 0, 0, 0.000126022, 4.09865e-24, 0, 43.3109, 0.968468, 2.63754e-05, 271.754
2579, 2.73854e-19, 0.000126295, 2.37589e-07, 0, 7.98126e-24, 5.58873e-28, 0, 0, 0.000126533, 7.2425e-24, 0, 42.7417, 0.968474, 2.63644e-05, 271.728
2580, 2.04828e-19, 0.000127322, 1.94375e-07, 0, 5.70051e-24, 4.17903e-28, 0, 0, 0.000127517, 5.41725e-24, 0, 43.0321, 0.96848, 2.63268e-05, 271.751
2581, 6.44256e-20, 0.000128527, 1.21964e-07, 0, 1.74058e-24, 1.31415e-28, 0, 0, 0.000128649, 1.70396e-24, 0, 44.1888, 0.968486, 2.62383e-05, 271.789
2582, 8.47828e-21, 0.000129482, 9.22464e-08, 0, 2.25316e-25, 1.72903e-29, 0, 0, 0.000129574, 2.24241e-25, 0, 46.2168, 0.968492, 2.61644e-05, 271.804
2583, 4.65146e-22, 0.000130383, 7.20566e-08, 0, 1.22842e-26, 9.4843e-31, 0, 0, 0.000130455, 1.23027e-26, 0, 49.1197, 0.968498, 2.61375e-05, 271.814
2584, 1.06147e-23, 0.000131255, 5.75863e-08, 0, 2.80734e-28, 2.16398e-32, 0, 0, 0.000131312, 2.80751e-28, 0, 52.8998, 0.968504, 2.60955e-05, 271.822
2585, 1.006e-25, 0.000131921, 7.85977e-08, 0, 2.68044e-30, 2.05058e-34, 0, 0, 0.000131999, 2.66079e-30, 0, 57.5586, 0.96851, 2.60637e-05, 271.811
2586, 3.95522e-28, 0.00013264, 9.12527e-08, 0, 1.08729e-32, 8.06091e-37, 0, 0, 0.000132731, 1.04612e-32, 0, 63.0973, 0.968516, 2.60789e-05, 271.805
2587, 6.46367e-31, 0.000133576, 6.79582e-08, 0, 4.28186e-33, 1.31343e-39, 0, 0, 0.000133644, 1.70948e-35, 0, 69.5139, 0.968522, 2.61032e-05, 271.817
2588, 3.10877e-32, 0.000134453, 5.52902e-08, 0, 6.99608e-32, 8.85621e-43, 0, 0, 0.000134509, 8.06933e-37, 0, 72.5485, 0.968528, 2.60899e-05, 271.823
2589, 2.13347e-31, 0.000135138, 7.58737e-08, 0, 4.8166e-31, 0, 0, 0, 0.000135214, 5.53524e-36, 0, 70.6224, 0.968534, 2.60441e-05, 271.813
2590, 6.13577e-31, 0.000135681, 1.20806e-07, 0, 1.37374e-30, 0, 0, 0, 0.000135802, 1.59163e-35, 0, 69.566, 0.96854, 2.60016e-05, 271.792
2591, 7.29135e-31, 0.000136344, 1.46274e-07, 0, 1.62327e-30, 0, 0, 0, 0.00013649, 1.89106e-35, 0, 69.3934, 0.968546, 2.59827e-05, 271.78
2592, 3.58001e-31, 0.000137349, 1.14922e-07, 0, 7.95246e-31, 0, 0, 0, 0.000137464, 9.2834e-36, 0, 70.1048, 0.968552, 2.59779e-05, 271.795
2593, 7.26321e-32, 0.000138471, 6.46462e-08, 0, 1.61788e-31, 9.80909e-45, 0, 0, 0.000138536, 1.8831e-36, 0, 71.6999, 0.968558, 2.59568e-05, 271.819
2594, 1.90559e-32, 0.000139494, 3.17286e-08, 0, 1.50669e-32, 2.17075e-41, 0, 0, 0.000139525, 4.92889e-37, 0, 73.0379, 0.968564, 2.5906e-05, 271.835
2595, 8.22174e-31, 0.000140396, 1.97876e-08, 0, 8.04151e-32, 1.37769e-39, 0, 0, 0.000140416, 2.12445e-35, 0, 69.2734, 0.96857, 2.58594e-05, 271.841
2596, 2.15065e-29, 0.00014116, 3.18564e-08, 0, 1.99232e-30, 3.60581e-38, 0, 0, 0.000141191, 5.55695e-34, 0, 66.0092, 0.968576, 2.58464e-05, 271.835
2597, 2.35261e-28, 0.000141771, 7.00507e-08, 0, 2.09631e-29, 3.94279e-37, 0, 0, 0.000141842, 6.07851e-33, 0, 63.6169, 0.968582, 2.58376e-05, 271.817
2598, 1.07448e-27, 0.000142232, 1.34058e-07, 0, 9.29452e-29, 1.79893e-36, 0, 0, 0.000142366, 2.77599e-32, 0, 62.098, 0.968588, 2.58032e-05, 271.788
2599, 2.04873e-27, 0.000142745, 1.89841e-07, 0, 1.73607e-28, 3.42478e-36, 0, 0, 0.000142935, 5.29267e-32, 0, 61.4526, 0.968594, 2.57524e-05, 271.762
2600, 1.63066e-27, 0.000143649, 1.81324e-07, 0, 1.36747e-28, 2.72029e-36, 0, 0, 0.00014383, 4.21228e-32, 0, 61.6808, 0.9686, 2.57098e-05, 271.766
2601, 5.41722e-28, 0.000144843, 1.25122e-07, 0, 4.55922e-29, 9.01271e-37, 0, 0, 0.000144968, 1.39923e-32, 0, 62.7828, 0.968606, 2.56874e-05, 271.793
2602, 7.51122e-29, 0.000145947, 8.45073e-08, 0, 6.49347e-30, 1.24503e-37, 0, 0, 0.000146032, 1.93989e-33, 0, 64.7586, 0.968612, 2.56671e-05, 271.812
2603, 4.34911e-30, 0.000146941, 6.31449e-08, 0, 4.02842e-31, 7.16839e-39, 0, 0, 0.000147004, 1.12309e-34, 0, 67.6076, 0.968618, 2.56204e-05, 271.822
2604, 1.05349e-31, 0.000147942, 4.11456e-08, 0, 1.12636e-32, 1.71974e-40, 0, 0, 0.000147983, 2.72007e-36, 0, 71.328, 0.968624, 2.55539e-05, 271.832
2605, 1.07201e-33, 0.000148883, 2.99119e-08, 0, 1.48293e-34, 1.71799e-42, 0, 0, 0.000148913, 2.76732e-38, 0, 75.9158, 0.96863, 2.55057e-05, 271.837
2606, 4.62339e-36, 0.000149739, 3.3776e-08, 0, 9.66815e-37, 7.00649e-45, 0, 0, 0.000149772, 1.19316e-40, 0, 81.3619, 0.968636, 2.54713e-05, 271.835
2607, 2.8858e-38, 0.00015054, 4.73102e-08, 0, 1.63911e-36, 0, 0, 0, 0.000150588, 5.59118e-43, 0, 86.4384, 0.968642, 2.54078e-05, 271.829
2608, 7.27625e-37, 0.000151314, 6.6185e-08, 0, 5.45549e-35, 0, 0, 0, 0.000151381, 1.21465e-41, 0, 83.211, 0.968648, 2.53103e-05, 271.821
2609, 1.08021e-35, 0.000152115, 8.12127e-08, 0, 7.64996e-34, 0, 0, 0, 0.000152197, 1.79177e-40, 0, 80.5133, 0.968654, 2.5172e-05, 271.814
2610, 6.63888e-35, 0.000152896, 1.00263e-07, 0, 4.50335e-33, 0, 0, 0, 0.000152996, 1.08954e-39, 0, 78.6975, 0.96866, 2.49211e-05, 271.806
2611, 1.68732e-34, 0.000153623, 1.29033e-07, 0, 1.10917e-32, 0, 0, 0, 0.000153752, 2.73034e-39, 0, 77.7648, 0.968666, 2.43646e-05, 271.794
2612, 1.77229e-34, 0.000154566, 1.22648e-07, 0, 1.1397e-32, 0, 0, 0, 0.000154689, 2.81964e-39, 0, 77.7156, 0.968672, 2.35962e-05, 271.797
2613, 7.68947e-35, 0.000155646, 9.45076e-08, 0, 4.87381e-33, 0, 0, 0, 0.00015574, 1.19996e-39, 0, 78.5506, 0.968678, 2.34437e-05, 271.809
2614, 1.37762e-35, 0.000156598, 8.8135e-08, 0, 8.6574e-34, 0, 0, 0, 0.000156686, 2.10439e-40, 0, 80.2701, 0.968684, 2.40754e-05, 271.812
2615, 1.01893e-36, 0.000157565, 8.00837e-08, 0, 6.37879e-35, 0, 0, 0, 0.000157645, 1.52097e-41, 0, 82.8743, 0.96869, 2.46486e-05, 271.816
2616, 3.1117e-38, 0.000158653, 5.28674e-08, 0, 1.949e-36, 0, 0, 0, 0.000158705, 4.54021e-43, 0, 86.3631, 0.968696, 2.48727e-05, 271.828
2617, 4.00776e-40, 0.00015969, 3.46024e-08, 0, 2.67927e-38, 0, 0, 0, 0.000159725, 5.60519e-45, 0, 90.7152, 0.968702, 2.49352e-05, 271.835
2618, 1.56017e-34, 0.000160579, 4.18342e-08, 0, 5.43144e-35, 2.10195e-43, 0, 0, 0.000160621, 3.8211e-39, 0, 77.8431, 0.968708, 2.49442e-05, 271.832
2619, 1.27852e-32, 0.000161455, 5.19979e-08, 0, 4.21791e-33, 1.71911e-41, 0, 0, 0.000161507, 3.12129e-37, 0, 73.437, 0.968714, 2.49144e-05, 271.828
2620, 4.8317e-31, 0.00016239, 5.29915e-08, 0, 1.46541e-31, 6.65118e-40, 0, 0, 0.000162443, 1.17908e-35, 0, 69.8049, 0.96872, 2.48673e-05, 271.828
2621, 7.74034e-30, 0.000163159, 8.19674e-08, 0, 2.1937e-30, 1.08449e-38, 0, 0, 0.000163241, 1.88845e-34, 0, 67.0311, 0.968726, 2.48194e-05, 271.816
2622, 5.24172e-29, 0.000163648, 1.57562e-07, 0, 1.41395e-29, 7.43475e-38, 0, 0, 0.000163806, 1.2787e-33, 0, 65.1183, 0.968732, 2.47263e-05, 271.784
2623, 1.49867e-28, 0.000164148, 2.32029e-07, 0, 3.92116e-29, 2.14191e-37, 0, 0, 0.00016438, 3.65584e-33, 0, 64.0678, 0.968738, 2.44956e-05, 271.753
2624, 1.8074e-28, 0.000165008, 2.48153e-07, 0, 4.67217e-29, 2.59222e-37, 0, 0, 0.000165257, 4.40904e-33, 0, 63.8805, 0.968744, 2.39772e-05, 271.747
2625, 9.18799e-29, 0.000166308, 1.93525e-07, 0, 2.38779e-29, 1.31748e-37, 0, 0, 0.000166501, 2.24144e-33, 0, 64.5571, 0.96875, 2.31842e-05, 271.77
2626, 1.96786e-29, 0.000167763, 1.14074e-07, 0, 5.22487e-30, 2.81109e-38, 0, 0, 0.000167877, 4.8008e-34, 0, 66.098, 0.968756, 2.28353e-05, 271.803
2627, 1.77508e-30, 0.000168952, 7.89822e-08, 0, 4.88722e-31, 2.51713e-39, 0, 0, 0.000169031, 4.33044e-35, 0, 68.5037, 0.968762, 2.33782e-05, 271.818
2628, 6.74305e-32, 0.000169874, 8.83112e-08, 0, 1.95208e-32, 9.45652e-41, 0, 0, 0.000169963, 1.64488e-36, 0, 71.7742, 0.968768, 2.40587e-05, 271.814
2629, 1.07866e-33, 0.00017092, 7.82605e-08, 0, 3.3278e-34, 1.49238e-42, 0, 0, 0.000170998, 2.63085e-38, 0, 75.9096, 0.968774, 2.4391e-05, 271.819
2630, 2.17094e-31, 0.000172093, 4.79274e-08, 0, 1.68485e-33, 3.3755e-40, 0, 0, 0.000172141, 5.35171e-36, 0, 70.605, 0.96878, 2.45214e-05, 271.831
2631, 1.59891e-25, 0.000173107, 4.45199e-08, 0, 7.53483e-30, 2.61144e-34, 0, 0, 0.000173152, 3.93883e-30, 0, 57.0953, 0.968786, 2.45949e-05, 271.832
2632, 1.26704e-21, 0.00017397, 6.67413e-08, 0, 2.03066e-27, 2.15913e-30, 0, 0, 0.000174036, 3.11691e-26, 0, 48.1176, 0.968792, 2.46304e-05, 271.824
2633, 1.03029e-19, 0.000174876, 8.25597e-08, 0, 1.22981e-25, 1.75671e-28, 0, 0, 0.000174958, 2.53271e-24, 0, 43.7193, 0.968798, 2.46215e-05, 271.817
2634, 3.87257e-18, 0.000175655, 1.19361e-07, 0, 3.751e-24, 6.61393e-27, 0, 0, 0.000175775, 9.51423e-23, 0, 40.0926, 0.968804, 2.45952e-05, 271.803
2635, 6.55105e-17, 0.000176003, 2.26401e-07, 0, 5.41382e-23, 1.12035e-25, 0, 0, 0.000176229, 1.60856e-21, 0, 37.2643, 0.96881, 2.45822e-05, 271.76
2636, 5.00306e-16, 0.000176154, 3.65007e-07, 0, 3.64546e-22, 8.56506e-25, 0, 0, 0.000176519, 1.22782e-20, 0, 35.2313, 0.968816, 2.45805e-05, 271.705
2637, 1.73308e-15, 0.000176497, 4.72758e-07, 0, 1.14923e-21, 2.96916e-24, 0, 0, 0.00017697, 4.25141e-20, 0, 33.9889, 0.968822, 2.45719e-05, 271.662
2638, 2.81961e-15, 0.000177279, 5.1121e-07, 0, 1.76881e-21, 4.83268e-24, 0, 0, 0.00017779, 6.91426e-20, 0, 33.5022, 0.968828, 2.45418e-05, 271.647
2639, 2.46976e-15, 0.00017849, 4.82625e-07, 0, 1.54784e-21, 4.23304e-24, 0, 0, 0.000178973, 6.05338e-20, 0, 33.6347, 0.968834, 2.44983e-05, 271.66
2640, 1.45995e-15, 0.000180009, 4.06048e-07, 0, 9.55316e-22, 2.50133e-24, 0, 0, 0.000180415, 3.57579e-20, 0, 34.1604, 0.96884, 2.44727e-05, 271.691
2641, 5.70869e-16, 0.000181812, 2.8496e-07, 0, 3.86059e-22, 9.7781e-25, 0, 0, 0.000182097, 1.39742e-20, 0, 35.0994, 0.968846, 2.44656e-05, 271.74
2642, 1.1524e-16, 0.000183263, 2.20565e-07, 0, 7.95079e-23, 1.97385e-25, 0, 0, 0.000183484, 2.82015e-21, 0, 36.6995, 0.968852, 2.44459e-05, 271.765
2643, 1.03742e-17, 0.000184053, 2.62596e-07, 0, 8.39229e-24, 1.77683e-26, 0, 0, 0.000184315, 2.53835e-22, 0, 39.1072, 0.968858, 2.44131e-05, 271.749
2644, 4.32125e-19, 0.000184993, 2.81394e-07, 0, 1.512e-24, 7.36479e-28, 0, 0, 0.000185275, 1.05664e-23, 0, 42.2856, 0.968864, 2.43789e-05, 271.743
2645, 7.06829e-19, 0.000186478, 2.13822e-07, 0, 1.70298e-24, 1.15608e-27, 0, 0, 0.000186692, 1.71677e-23, 0, 41.7935, 0.96887, 2.43548e-05, 271.769
2646, 1.18418e-17, 0.000187781, 1.75949e-07, 0, 1.84101e-23, 1.93898e-26, 0, 0, 0.000187957, 2.87573e-22, 0, 38.9749, 0.968876, 2.43308e-05, 271.784
2647, 8.82879e-17, 0.000188243, 2.72643e-07, 0, 1.24777e-22, 1.44703e-25, 0, 0, 0.000188516, 2.14395e-21, 0, 36.9659, 0.968882, 2.42974e-05, 271.747
2648, 2.86387e-16, 0.000188296, 4.34785e-07, 0, 3.81437e-22, 4.69704e-25, 0, 0, 0.000188731, 6.95437e-21, 0, 35.7892, 0.968888, 2.42722e-05, 271.686
2649, 4.0295e-16, 0.000188888, 5.1225e-07, 0, 5.22914e-22, 6.61123e-25, 0, 0, 0.0001894, 9.78471e-21, 0, 35.4477, 0.968894, 2.42488e-05, 271.657
2650, 2.4531e-16, 0.000190333, 4.56022e-07, 0, 3.22179e-22, 4.02502e-25, 0, 0, 0.000190789, 5.95661e-21, 0, 35.944, 0.9689, 2.42127e-05, 271.679
2651, 6.4549e-17, 0.000192357, 3.08824e-07, 0, 9.04295e-23, 1.05878e-25, 0, 0, 0.000192666, 1.56728e-21, 0, 37.2791, 0.968906, 2.41603e-05, 271.735
2652, 7.35759e-18, 0.000194356, 1.66034e-07, 0, 1.19824e-23, 1.20589e-26, 0, 0, 0.000194522, 1.78627e-22, 0, 39.4508, 0.968912, 2.41196e-05, 271.789
2653, 3.66806e-19, 0.000195734, 1.22745e-07, 0, 7.95037e-25, 6.0022e-28, 0, 0, 0.000195856, 8.90389e-24, 0, 42.4495, 0.968918, 2.41056e-05, 271.805
2654, 8.19359e-21, 0.000196708, 1.44447e-07, 0, 2.7681e-26, 1.33666e-29, 0, 0, 0.000196852, 1.98853e-25, 0, 46.2509, 0.968924, 2.40651e-05, 271.798
2655, 8.5835e-23, 0.000197819, 1.45013e-07, 0, 4.97682e-28, 1.39288e-31, 0, 0, 0.000197964, 2.08275e-27, 0, 50.8096, 0.96893, 2.40072e-05, 271.798
2656, 4.46802e-25, 0.000198884, 1.53666e-07, 0, 5.01699e-30, 7.19696e-34, 0, 0, 0.000199038, 1.08399e-29, 0, 56.0677, 0.968936, 2.39823e-05, 271.795
2657, 1.19072e-27, 0.000199781, 1.89967e-07, 0, 1.53396e-30, 1.90123e-36, 0, 0, 0.000199971, 2.88864e-32, 0, 61.9952, 0.968942, 2.39751e-05, 271.782
2658, 2.85145e-30, 0.000200896, 1.92489e-07, 0, 1.36955e-30, 2.49342e-39, 0, 0, 0.000201088, 6.87815e-35, 0, 68.0297, 0.968948, 2.3953e-05, 271.781
2659, 4.75706e-31, 0.000202343, 1.42931e-07, 0, 5.14399e-31, 1.52461e-42, 0, 0, 0.000202486, 1.13919e-35, 0, 69.8205, 0.968954, 2.39167e-05, 271.799
2660, 7.25407e-32, 0.000203773, 9.6964e-08, 0, 8.09793e-32, 0, 0, 0, 0.00020387, 1.73667e-36, 0, 71.7012, 0.96896, 2.38838e-05, 271.816
2661, 4.57891e-33, 0.000204967, 8.95224e-08, 0, 5.42936e-33, 0, 0, 0, 0.000205056, 1.09585e-37, 0, 74.4638, 0.968966, 2.38641e-05, 271.819
2662, 1.19545e-34, 0.000206106, 9.16925e-08, 0, 1.59847e-34, 0, 0, 0, 0.000206197, 2.85959e-39, 0, 78.1094, 0.968972, 2.3848e-05, 271.818
2663, 1.29377e-36, 0.000207296, 8.6564e-08, 0, 2.16545e-36, 0, 0, 0, 0.000207382, 3.09225e-41, 0, 82.6355, 0.968977, 2.38138e-05, 271.82
2664, 5.83e-39, 0.000208609, 6.26075e-08, 0, 1.41406e-38, 0, 0, 0, 0.000208672, 1.4013e-43, 0, 88.0378, 0.968984, 2.3765e-05, 271.828
2665, 1.10422e-41, 0.000209958, 3.39241e-08, 0, 4.50433e-41, 0, 0, 0, 0.000209992, 0, 0, 94.3068, 0.96899, 2.37222e-05, 271.838
2666, 8.40779e-45, 0.000211203, 2.25879e-08, 0, 7.00649e-44, 0, 0, 0, 0.000211226, 0, 0, 99.99, 0.968996, 2.36967e-05, 271.842
2667, 0, 0.000212366, 2.53848e-08, 0, 0, 0, 0, 0, 0.000212391, 0, 0, 99.99, 0.969002, 2.36763e-05, 271.841
2668, 0, 0.000213491, 3.49414e-08, 0, 0, 0, 0, 0, 0.000213526, 0, 0, 99.99, 0.969008, 2.36334e-05, 271.838
2669, 0, 0.000214665, 3.76477e-08, 0, 0, 0, 0, 0, 0.000214703, 0, 0, 99.99, 0.969014, 2.35599e-05, 271.837
2670, 0, 0.000215902, 3.12767e-08, 0, 0, 0, 0, 0, 0.000215933, 0, 0, 99.99, 0.96902, 2.34777e-05, 271.84
2671, 0, 0.000217067, 3.71356e-08, 0, 0, 0, 0, 0, 0.000217104, 0, 0, 99.99, 0.969026, 2.33858e-05, 271.838
2672, 0, 0.000218164, 5.48342e-08, 0, 0, 0, 0, 0, 0.000218218, 0, 0, 99.99, 0.969032, 2.32334e-05, 271.832
2673, 0, 0.000219311, 6.52411e-08, 0, 0, 0, 0, 0, 0.000219377, 0, 0, 99.99, 0.969038, 2.2884e-05, 271.828
2674, 0, 0.000220528, 6.55576e-08, 0, 0, 0, 0, 0, 0.000220594, 0, 0, 99.99, 0.969044, 2.22192e-05, 271.828
2675, 0, 0.000221832, 5.30552e-08, 0, 0, 0, 0, 0, 0.000221885, 0, 0, 99.99, 0.96905, 2.17037e-05, 271.833
2676, 0, 0.00022317, 3.6101e-08, 0, 0, 0, 0, 0, 0.000223206, 0, 0, 99.99, 0.969056, 2.19972e-05, 271.838
2677, 0, 0.000224462, 2.727e-08, 0, 0, 0, 0, 0, 0.00022449, 0, 0, 99.99, 0.969062, 2.26434e-05, 271.841
2678, 0, 0.000225692, 2.92585e-08, 0, 0, 0, 0, 0, 0.000225721, 0, 0, 99.99, 0.969068, 2.30164e-05, 271.841
2679, 0, 0.000226896, 3.61182e-08, 0, 0, 0, 0, 0, 0.000226932, 0, 0, 99.99, 0.969074, 2.31449e-05, 271.838
2680, 0, 0.000228035, 5.42235e-08, 0, 0, 0, 0, 0, 0.000228089, 0, 0, 99.99, 0.96908, 2.31842e-05, 271.833
2681, 0, 0.0002291, 8.47944e-08, 0, 0, 0, 0, 0, 0.000229184, 0, 0, 99.99, 0.969086, 2.32043e-05, 271.823
2682, 0, 0.000230292, 9.6233e-08, 0, 0, 0, 0, 0, 0.000230388, 0, 0, 99.99, 0.969092, 2.32118e-05, 271.819
2683, 0, 0.000231671, 7.92328e-08, 0, 0, 0, 0, 0, 0.000231751, 0, 0, 99.99, 0.969098, 2.32056e-05, 271.825
2684, 0, 0.000233015, 6.87422e-08, 0, 0, 0, 0, 0, 0.000233084, 0, 0, 99.99, 0.969104, 2.31958e-05, 271.828
2685, 0, 0.000234262, 7.43653e-08, 0, 1.4013e-44, 0, 0, 0, 0.000234336, 0, 0, 99.99, 0.96911, 2.3181e-05, 271.827
2686, 0, 0.00023551, 8.07073e-08, 0, 7.8753e-43, 0, 0, 0, 0.000235591, 0, 0, 99.99, 0.969116, 2.31596e-05, 271.825
2687, 0, 0.00023669, 9.85675e-08, 0, 2.01465e-41, 0, 0, 0, 0.000236788, 0, 0, 99.99, 0.969122, 2.31252e-05, 271.819
2688, 0, 0.000237839, 1.22216e-07, 0, 2.43949e-40, 0, 0, 0, 0.000237961, 0, 0, 99.99, 0.969128, 2.30931e-05, 271.812
2689, 9.80909e-45, 0.000238999, 1.44896e-07, 0, 1.49595e-39, 0, 0, 0, 0.000239144, 0, 0, 99.99, 0.969134, 2.3084e-05, 271.805
2690, 3.50325e-44, 0.000240091, 1.79108e-07, 0, 4.667e-39, 0, 0, 0, 0.00024027, 0, 0, 99.99, 0.96914, 2.30653e-05, 271.794
2691, 5.74532e-44, 0.000241333, 1.90994e-07, 0, 6.98364e-39, 0, 0, 0, 0.000241524, 0, 0, 99.5654, 0.969146, 2.30258e-05, 271.791
2692, 3.92364e-44, 0.000242876, 1.57162e-07, 0, 4.69273e-39, 0, 0, 0, 0.000243033, 0, 0, 99.9467, 0.969152, 2.29864e-05, 271.802
2693, 1.12104e-44, 0.000244598, 9.6338e-08, 0, 1.3581e-39, 0, 0, 0, 0.000244694, 0, 0, 99.99, 0.969158, 2.29619e-05, 271.821
2694, 1.4013e-45, 0.000246227, 5.09626e-08, 0, 1.66271e-40, 0, 0, 0, 0.000246278, 0, 0, 99.99, 0.969163, 2.29446e-05, 271.835
2695, 5.60519e-44, 0.000247607, 4.52693e-08, 0, 1.29371e-40, 0, 0, 0, 0.000247652, 0, 0, 99.59, 0.96917, 2.29184e-05, 271.836
2696, 2.18462e-42, 0.000248767, 7.4537e-08, 0, 4.74976e-39, 0, 0, 0, 0.000248842, 0, 0, 95.9271, 0.969176, 2.28866e-05, 271.827
2697, 3.58971e-41, 0.000249805, 1.23738e-07, 0, 7.76752e-38, 0, 0, 0, 0.000249928, 0, 0, 93.1279, 0.969182, 2.2866e-05, 271.813
2698, 2.72779e-39, 0.00025094, 1.58698e-07, 0, 5.32906e-37, 0, 0, 0, 0.000251099, 5.74532e-44, 0, 88.7973, 0.969188, 2.28542e-05, 271.802
2699, 2.06869e-37, 0.000252206, 1.74411e-07, 0, 2.16174e-36, 0, 0, 0, 0.00025238, 4.5276e-42, 0, 84.4687, 0.969194, 2.28293e-05, 271.798
2700, 7.66765e-36, 0.000253663, 1.61542e-07, 0, 2.77393e-35, 0, 0, 0, 0.000253824, 1.67734e-40, 0, 80.8561, 0.9692, 2.27922e-05, 271.802
2701, 1.17401e-34, 0.000255236, 1.31792e-07, 0, 4.00381e-34, 0, 0, 0, 0.000255368, 2.55772e-39, 0, 78.1275, 0.969206, 2.27561e-05, 271.811
2702, 7.41723e-34, 0.000256473, 1.5493e-07, 0, 2.53066e-33, 0, 0, 0, 0.000256628, 1.60855e-38, 0, 76.2841, 0.969212, 2.27291e-05, 271.804
2703, 1.93338e-33, 0.000257444, 2.19882e-07, 0, 6.62004e-33, 0, 0, 0, 0.000257664, 4.17191e-38, 0, 75.326, 0.969218, 2.27147e-05, 271.785
2704, 2.0793e-33, 0.000258618, 2.54641e-07, 0, 7.16017e-33, 0, 0, 0, 0.000258873, 4.46229e-38, 0, 75.2533, 0.969224, 2.26967e-05, 271.775
2705, 9.22733e-34, 0.000260114, 2.40815e-07, 0, 3.21367e-33, 0, 0, 0, 0.000260355, 1.96835e-38, 0, 76.0657, 0.96923, 2.26583e-05, 271.78
2706, 1.69024e-34, 0.000261741, 2.07942e-07, 0, 6.12863e-34, 0, 0, 0, 0.000261949, 3.58065e-39, 0, 77.763, 0.969236, 2.26021e-05, 271.79
2707, 1.28152e-35, 0.000263453, 1.62865e-07, 0, 5.81499e-35, 0, 0, 0, 0.000263616, 2.68633e-40, 0, 80.3424, 0.969242, 2.25534e-05, 271.803
2708, 4.11274e-37, 0.000265222, 1.09854e-07, 0, 4.78085e-36, 0, 0, 0, 0.000265332, 8.31531e-42, 0, 83.7816, 0.969248, 2.25428e-05, 271.819
2709, 9.58125e-37, 0.000266942, 6.51304e-08, 0, 5.60928e-37, 0, 0, 0, 0.000267007, 2.14497e-41, 0, 82.9358, 0.969254, 2.25507e-05, 271.832
2710, 7.56026e-34, 0.000268506, 4.55105e-08, 0, 7.09431e-35, 3.26503e-43, 0, 0, 0.000268552, 1.69564e-38, 0, 76.265, 0.96926, 2.25341e-05, 271.837
2711, 3.72409e-32, 0.000269876, 5.7199e-08, 0, 3.37711e-33, 1.62509e-41, 0, 0, 0.000269933, 8.35168e-37, 0, 72.3679, 0.969266, 2.24965e-05, 271.834
2712, 7.94958e-31, 0.000270958, 1.14406e-07, 0, 6.94838e-32, 3.50713e-40, 0, 0, 0.000271073, 1.7825e-35, 0, 69.307, 0.969272, 2.24606e-05, 271.818
2713, 7.61333e-30, 0.000271863, 2.00044e-07, 0, 6.28634e-31, 3.41635e-39, 0, 0, 0.000272063, 1.70664e-34, 0, 67.0477, 0.969278, 2.24402e-05, 271.794
2714, 3.44955e-29, 0.000272834, 2.76251e-07, 0, 2.63309e-30, 1.58371e-38, 0, 0, 0.00027311, 7.72953e-34, 0, 65.5367, 0.969284, 2.24225e-05, 271.773
2715, 7.67646e-29, 0.000273945, 3.31643e-07, 0, 5.395e-30, 3.60634e-38, 0, 0, 0.000274277, 1.71935e-33, 0, 64.7368, 0.96929, 2.23953e-05, 271.758
2716, 8.2794e-29, 0.000275539, 3.1364e-07, 0, 5.48895e-30, 3.95298e-38, 0, 0, 0.000275853, 1.8538e-33, 0, 64.6612, 0.969296, 2.23602e-05, 271.764
2717, 4.11346e-29, 0.000277673, 2.13378e-07, 0, 2.66498e-30, 1.97874e-38, 0, 0, 0.000277886, 9.20857e-34, 0, 65.3607, 0.969302, 2.23255e-05, 271.792
2718, 8.96102e-30, 0.000279722, 1.27018e-07, 0, 5.8332e-31, 4.31448e-39, 0, 0, 0.000279849, 2.00589e-34, 0, 66.8847, 0.969308, 2.22986e-05, 271.816
2719, 8.29929e-31, 0.000281494, 8.43915e-08, 0, 5.52425e-32, 3.98208e-40, 0, 0, 0.000281578, 1.85772e-35, 0, 69.264, 0.969314, 2.22719e-05, 271.827
2720, 3.21806e-32, 0.000283208, 5.15921e-08, 0, 2.21553e-33, 1.534e-41, 0, 0, 0.00028326, 7.2033e-37, 0, 72.5139, 0.96932, 2.22369e-05, 271.836
2721, 5.18947e-34, 0.000284738, 4.86229e-08, 0, 3.7283e-35, 2.43826e-43, 0, 0, 0.000284786, 1.16161e-38, 0, 76.6413, 0.969326, 2.22016e-05, 271.837
2722, 1.25531e-34, 0.000286045, 8.14598e-08, 0, 1.40357e-35, 9.52883e-44, 0, 0, 0.000286127, 2.75569e-39, 0, 78.0605, 0.969332, 2.21819e-05, 271.829
2723, 7.93432e-26, 0.000287487, 9.43199e-08, 0, 9.2404e-31, 7.90391e-35, 0, 0, 0.000287581, 1.74938e-30, 0, 57.796, 0.969338, 2.2168e-05, 271.825
2724, 3.44934e-23, 0.000289172, 7.01997e-08, 0, 1.40018e-28, 3.00852e-32, 0, 0, 0.000289242, 7.59361e-28, 0, 51.7213, 0.969344, 2.21408e-05, 271.832
2725, 2.01938e-21, 0.000290684, 7.41754e-08, 0, 7.24829e-27, 1.75232e-30, 0, 0, 0.000290758, 4.44461e-26, 0, 47.6515, 0.96935, 2.21119e-05, 271.831
2726, 5.84714e-20, 0.00029166, 1.62619e-07, 0, 1.70438e-25, 5.1416e-29, 0, 0, 0.000291823, 1.28647e-24, 0, 44.2857, 0.969356, 2.20952e-05, 271.808
2727, 8.76019e-19, 0.000292145, 3.28037e-07, 0, 1.86873e-24, 7.82413e-28, 0, 0, 0.000292473, 1.92656e-23, 0, 41.5789, 0.969362, 2.20726e-05, 271.765
2728, 7.49256e-18, 0.000292508, 5.12528e-07, 0, 1.07974e-23, 6.84316e-27, 0, 0, 0.00029302, 1.64728e-22, 0, 39.4326, 0.969368, 2.20385e-05, 271.717
2729, 3.41459e-17, 0.000293101, 6.61522e-07, 0, 3.63228e-23, 3.18465e-26, 0, 0, 0.000293763, 7.5065e-22, 0, 37.9159, 0.969374, 2.20021e-05, 271.679
2730, 7.30721e-17, 0.000294359, 7.09693e-07, 0, 6.73595e-23, 6.92892e-26, 0, 0, 0.000295068, 1.60642e-21, 0, 37.1551, 0.96938, 2.19678e-05, 271.667
2731, 6.79976e-17, 0.000296387, 6.4104e-07, 0, 6.03429e-23, 6.53412e-26, 0, 0, 0.000297028, 1.49494e-21, 0, 37.2271, 0.969386, 2.19378e-05, 271.686
2732, 2.66935e-17, 0.000298687, 5.32093e-07, 0, 2.41151e-23, 2.5938e-26, 0, 0, 0.000299219, 5.86883e-22, 0, 38.1621, 0.969392, 2.19121e-05, 271.715
2733, 4.38353e-18, 0.00030091, 4.35313e-07, 0, 4.22142e-24, 4.29852e-27, 0, 0, 0.000301346, 9.63771e-23, 0, 39.9687, 0.969398, 2.18858e-05, 271.741
2734, 3.01718e-19, 0.000303355, 3.0451e-07, 0, 3.334e-25, 2.97744e-28, 0, 0, 0.00030366, 6.63331e-24, 0, 42.6448, 0.969404, 2.1863e-05, 271.774
2735, 8.79794e-21, 0.000305584, 2.08104e-07, 0, 1.33931e-26, 8.69462e-30, 0, 0, 0.000305792, 1.93395e-25, 0, 46.1798, 0.96941, 2.1846e-05, 271.799
2736, 1.11267e-22, 0.000307036, 2.33827e-07, 0, 3.78911e-28, 1.0915e-31, 0, 0, 0.00030727, 2.44505e-27, 0, 50.5501, 0.969416, 2.18212e-05, 271.793
2737, 6.41999e-25, 0.00030853, 2.53702e-07, 0, 9.394e-30, 6.15967e-34, 0, 0, 0.000308784, 1.40985e-29, 0, 55.7052, 0.969422, 2.1787e-05, 271.788
2738, 1.92692e-27, 0.000310671, 1.73454e-07, 0, 1.55511e-31, 1.7739e-36, 0, 0, 0.000310845, 4.2269e-32, 0, 61.5139, 0.969428, 2.17551e-05, 271.808
2739, 4.1013e-30, 0.000312907, 7.9338e-08, 0, 3.92463e-33, 3.60324e-39, 0, 0, 0.000312986, 8.98382e-35, 0, 67.6662, 0.969434, 2.17289e-05, 271.831
2740, 1.59374e-30, 0.000314794, 4.09693e-08, 0, 2.59599e-32, 8.42227e-40, 0, 0, 0.000314835, 3.44594e-35, 0, 68.6115, 0.969439, 2.17085e-05, 271.84
2741, 1.19064e-25, 0.000316414, 4.56537e-08, 0, 1.28716e-30, 6.52265e-35, 0, 0, 0.00031646, 2.56375e-30, 0, 57.3901, 0.969446, 2.1688e-05, 271.839
2742, 4.26318e-24, 0.000317758, 9.48909e-08, 0, 3.45665e-29, 2.323e-33, 0, 0, 0.000317852, 9.1808e-29, 0, 53.812, 0.969452, 2.16585e-05, 271.828
2743, 1.92129e-22, 0.000318693, 2.09188e-07, 0, 1.32769e-27, 1.04871e-31, 0, 0, 0.000318902, 4.13752e-27, 0, 50.0039, 0.969458, 2.16199e-05, 271.801
2744, 3.55408e-21, 0.000319726, 3.09204e-07, 0, 2.421e-26, 1.94322e-30, 0, 0, 0.000320035, 7.65376e-26, 0, 47.0862, 0.969464, 2.15874e-05, 271.777
2745, 2.71384e-20, 0.000321298, 3.25862e-07, 0, 1.85008e-25, 1.48616e-29, 0, 0, 0.000321624, 5.84429e-25, 0, 45.0533, 0.96947, 2.15657e-05, 271.773
2746, 8.55224e-20, 0.000322697, 3.70317e-07, 0, 5.84952e-25, 4.6904e-29, 0, 0, 0.000323067, 1.84174e-24, 0, 43.9055, 0.969476, 2.15452e-05, 271.763
2747, 1.1123e-19, 0.000323968, 4.36194e-07, 0, 7.64634e-25, 6.10885e-29, 0, 0, 0.000324404, 2.39536e-24, 0, 43.6427, 0.969482, 2.15142e-05, 271.748
2748, 5.97085e-20, 0.000325786, 4.18228e-07, 0, 4.13912e-25, 3.28349e-29, 0, 0, 0.000326205, 1.28583e-24, 0, 44.2648, 0.969488, 2.1472e-05, 271.753
2749, 1.32379e-20, 0.000327626, 3.98173e-07, 0, 9.46503e-26, 7.28711e-30, 0, 0, 0.000328024, 2.85079e-25, 0, 45.7712, 0.969494, 2.14301e-05, 271.758
2750, 1.22809e-21, 0.000329315, 4.02411e-07, 0, 1.23102e-26, 6.73997e-31, 0, 0, 0.000329717, 2.64451e-26, 0, 48.1488, 0.9695, 2.13962e-05, 271.758
2751, 5.9822e-23, 0.000331535, 3.24769e-07, 0, 3.1588e-27, 3.07398e-32, 0, 0, 0.00033186, 1.28671e-27, 0, 51.1707, 0.969506, 2.1364e-05, 271.776
2752, 5.2082e-24, 0.000333889, 2.27528e-07, 0, 9.02879e-28, 2.15056e-33, 0, 0, 0.000334117, 1.11663e-28, 0, 53.6118, 0.969512, 2.13228e-05, 271.799
2753, 5.94621e-25, 0.000335882, 1.87726e-07, 0, 1.17968e-28, 2.3278e-34, 0, 0, 0.00033607, 1.27401e-29, 0, 55.7819, 0.969518, 2.12628e-05, 271.808
2754, 3.19738e-26, 0.000337946, 1.37497e-07, 0, 6.40369e-30, 1.24594e-35, 0, 0, 0.000338084, 6.85031e-31, 0, 58.7049, 0.969524, 2.11727e-05, 271.819
2755, 7.14779e-28, 0.000340081, 7.70527e-08, 0, 1.43706e-31, 2.78059e-37, 0, 0, 0.000340159, 1.53139e-32, 0, 62.5056, 0.96953, 2.10306e-05, 271.833
2756, 6.60054e-30, 0.00034188, 7.11692e-08, 0, 1.33447e-33, 2.56376e-39, 0, 0, 0.000341951, 1.41414e-34, 0, 67.1904, 0.969536, 2.07454e-05, 271.834
2757, 2.51725e-32, 0.00034331, 1.24594e-07, 0, 1.73907e-35, 9.76285e-42, 0, 0, 0.000343435, 5.39305e-37, 0, 72.7596, 0.969542, 2.01922e-05, 271.823
2758, 4.01776e-35, 0.000344563, 2.0727e-07, 0, 4.62641e-35, 1.4013e-44, 0, 0, 0.00034477, 8.49359e-40, 0, 79.1998, 0.969548, 1.96858e-05, 271.805
2759, 8.53434e-37, 0.000345958, 2.68547e-07, 0, 7.18917e-35, 0, 0, 0, 0.000346227, 5.52112e-43, 0, 83.0516, 0.969554, 1.98509e-05, 271.792
2760, 5.29818e-37, 0.000347789, 2.62445e-07, 0, 4.60942e-35, 0, 0, 0, 0.000348051, 0, 0, 83.5283, 0.96956, 2.04144e-05, 271.793
2761, 1.39878e-37, 0.000349928, 2.0877e-07, 0, 1.21921e-35, 0, 0, 0, 0.000350137, 0, 0, 84.86, 0.969566, 2.07793e-05, 271.805
2762, 1.52309e-38, 0.00035217, 1.39864e-07, 0, 1.33034e-36, 0, 0, 0, 0.00035231, 0, 0, 87.0775, 0.969572, 2.09154e-05, 271.82
2763, 6.84141e-40, 0.000354217, 1.03179e-07, 0, 5.99302e-38, 0, 0, 0, 0.00035432, 0, 0, 90.1804, 0.969578, 2.09633e-05, 271.828
2764, 1.26832e-41, 0.000355935, 1.19642e-07, 0, 1.30201e-39, 0, 0, 0, 0.000356055, 0, 0, 94.1683, 0.969584, 2.09839e-05, 271.825
2765, 3.90962e-43, 0.000357556, 1.52824e-07, 0, 9.17132e-40, 0, 0, 0, 0.000357709, 0, 0, 97.6477, 0.96959, 2.09871e-05, 271.818
2766, 1.03962e-41, 0.000359409, 1.50436e-07, 0, 1.83225e-38, 0, 0, 0, 0.000359559, 0, 0, 94.3671, 0.969596, 2.09799e-05, 271.819
2767, 1.52052e-40, 0.000361347, 1.35783e-07, 0, 2.61669e-37, 0, 0, 0, 0.000361483, 0, 0, 91.6843, 0.969602, 2.09652e-05, 271.822
2768, 5.66932e-39, 0.000363061, 1.57897e-07, 0, 1.59302e-36, 0, 0, 0, 0.000363219, 9.24857e-44, 0, 88.0658, 0.969608, 2.0949e-05, 271.817
2769, 2.71384e-31, 0.000364607, 2.07979e-07, 0, 2.0408e-34, 7.47284e-41, 0, 0, 0.000364815, 5.65059e-36, 0, 70.3818, 0.969614, 2.09353e-05, 271.807
2770, 2.71073e-29, 0.000366495, 2.04901e-07, 0, 1.84498e-32, 7.80682e-39, 0, 0, 0.0003667, 5.63789e-34, 0, 65.7777, 0.96962, 2.09142e-05, 271.808
2771, 1.20754e-27, 0.000368609, 1.67445e-07, 0, 8.07533e-31, 3.47809e-37, 0, 0, 0.000368776, 2.51142e-32, 0, 61.9812, 0.969626, 2.08854e-05, 271.816
2772, 2.21734e-26, 0.000370307, 1.96997e-07, 0, 1.4657e-29, 6.38915e-36, 0, 0, 0.000370504, 4.61145e-31, 0, 59.0709, 0.969632, 2.08635e-05, 271.81
2773, 1.68124e-25, 0.000371433, 3.18145e-07, 0, 1.10086e-28, 4.84632e-35, 0, 0, 0.000371751, 3.49639e-30, 0, 57.0451, 0.969638, 2.08499e-05, 271.786
2774, 5.26177e-25, 0.000372557, 4.40814e-07, 0, 3.41898e-28, 1.51736e-34, 0, 0, 0.000372998, 1.09424e-29, 0, 55.9042, 0.969644, 2.08306e-05, 271.761
2775, 6.79672e-25, 0.000374456, 4.42452e-07, 0, 4.38947e-28, 1.96079e-34, 0, 0, 0.000374898, 1.41341e-29, 0, 55.6482, 0.96965, 2.08033e-05, 271.761
2776, 3.62314e-25, 0.000377054, 3.35304e-07, 0, 2.32906e-28, 1.04566e-34, 0, 0, 0.000377389, 7.53433e-30, 0, 56.2773, 0.969656, 2.07771e-05, 271.783
2777, 7.96978e-26, 0.000379638, 2.31377e-07, 0, 5.10663e-29, 2.30101e-35, 0, 0, 0.000379869, 1.65728e-30, 0, 57.7916, 0.969662, 2.0755e-05, 271.804
2778, 7.23345e-27, 0.000381752, 2.0288e-07, 0, 4.64016e-30, 2.0892e-36, 0, 0, 0.000381955, 1.50414e-31, 0, 60.1911, 0.969668, 2.07367e-05, 271.81
2779, 1.65881e-26, 0.0003834, 2.49528e-07, 0, 5.91549e-31, 6.05256e-36, 0, 0, 0.00038365, 3.4106e-31, 0, 59.3611, 0.969674, 2.07179e-05, 271.801
2780, 9.46537e-25, 0.000385102, 2.88856e-07, 0, 2.13134e-29, 3.46386e-34, 0, 0, 0.000385391, 1.94575e-29, 0, 55.317, 0.96968, 2.0693e-05, 271.794
2781, 2.39285e-23, 0.000387278, 2.5443e-07, 0, 5.34545e-28, 8.7615e-33, 0, 0, 0.000387532, 4.91892e-28, 0, 52.087, 0.969685, 2.06626e-05, 271.801
2782, 2.4933e-22, 0.000389327, 2.41304e-07, 0, 5.55098e-27, 9.13411e-32, 0, 0, 0.000389569, 5.12545e-27, 0, 49.7433, 0.969692, 2.06341e-05, 271.804
2783, 1.07111e-21, 0.000390697, 3.36814e-07, 0, 2.37871e-26, 3.92594e-31, 0, 0, 0.000391034, 2.20189e-26, 0, 48.2856, 0.969698, 2.06127e-05, 271.785
2784, 1.89705e-21, 0.000391817, 4.73141e-07, 0, 4.20661e-26, 6.95656e-31, 0, 0, 0.00039229, 3.89981e-26, 0, 47.714, 0.969704, 2.05956e-05, 271.759
2785, 1.38574e-21, 0.000393901, 4.58833e-07, 0, 3.07159e-26, 5.08435e-31, 0, 0, 0.00039436, 2.84872e-26, 0, 48.028, 0.96971, 2.05749e-05, 271.762
2786, 2.71234e-19, 0.000396899, 3.00806e-07, 0, 1.24029e-26, 1.2811e-28, 0, 0, 0.0003972, 5.53877e-24, 0, 42.7513, 0.969716, 2.05456e-05, 271.793
2787, 1.35441e-17, 0.000399686, 1.77232e-07, 0, 1.6308e-25, 6.40155e-27, 0, 0, 0.000399863, 2.76401e-22, 0, 38.8406, 0.969722, 2.05126e-05, 271.817
2788, 5.8214e-16, 0.000401566, 1.98903e-07, 0, 6.80037e-24, 2.74071e-25, 0, 0, 0.000401764, 1.18803e-20, 0, 35.0798, 0.969728, 2.04853e-05, 271.813
2789, 1.06663e-14, 0.00040262, 3.52787e-07, 0, 1.24985e-22, 5.01899e-24, 0, 0, 0.000402973, 2.17671e-19, 0, 32.1717, 0.969734, 2.04648e-05, 271.784
2790, 8.88298e-14, 0.000403583, 5.21385e-07, 0, 9.90736e-22, 4.23153e-23, 0, 0, 0.000404104, 1.81233e-18, 0, 30.0521, 0.96974, 2.04433e-05, 271.752
2791, 5.39739e-13, 0.000404395, 7.12863e-07, 0, 3.8272e-21, 2.73477e-22, 0, 0, 0.000405108, 1.09991e-17, 0, 28.2477, 0.969746, 2.04177e-05, 271.716
2792, 4.38998e-12, 0.000405224, 9.02952e-07, 0, 1.23795e-20, 2.35131e-21, 0, 0, 0.000406127, 8.93654e-17, 0, 26.1517, 0.969752, 2.03901e-05, 271.681
2793, 2.45113e-11, 0.000406999, 9.47172e-07, 0, 4.71749e-20, 1.32803e-20, 0, 0, 0.000407946, 4.98863e-16, 0, 24.4319, 0.969758, 2.03618e-05, 271.673
2794, 6.13405e-11, 0.000408834, 9.82673e-07, 0, 1.10974e-19, 3.33289e-20, 0, 0, 0.000409816, 1.24832e-15, 0, 23.5146, 0.969764, 2.034e-05, 271.667
2795, 6.73619e-11, 0.000410816, 9.97003e-07, 0, 1.2489e-19, 3.66114e-20, 0, 0, 0.000411813, 1.37044e-15, 0, 23.4209, 0.96977, 2.03236e-05, 271.665
2796, 5.60009e-11, 0.000413313, 9.33291e-07, 0, 8.99677e-20, 3.0488e-20, 0, 0, 0.000414246, 1.13635e-15, 0, 23.6057, 0.969776, 2.03024e-05, 271.678
2797, 3.13505e-10, 0.000415927, 8.52708e-07, 0, 1.82601e-19, 1.7461e-19, 0, 0, 0.00041678, 6.34215e-15, 0, 21.8832, 0.969782, 2.02773e-05, 271.694
2798, 1.95356e-09, 0.0004174, 9.48895e-07, 0, 9.18586e-19, 1.09894e-18, 0, 0, 0.000418349, 3.95132e-14, 0, 20.0536, 0.969788, 2.02526e-05, 271.676
2799, 5.30178e-09, 0.000417318, 1.28546e-06, 0, 2.43356e-18, 3.00364e-18, 0, 0, 0.000418603, 1.0723e-13, 0, 19.0552, 0.969794, 2.02291e-05, 271.614
2800, 6.00069e-09, 0.000419299, 1.30734e-06, 0, 2.73666e-18, 3.42112e-18, 0, 0, 0.000420606, 1.21361e-13, 0, 18.9314, 0.9698, 2.02048e-05, 271.611
2801, 2.82263e-09, 0.000424066, 9.01681e-07, 0, 1.28605e-18, 1.61867e-18, 0, 0, 0.000424968, 5.7084e-14, 0, 19.6856, 0.969806, 2.01748e-05, 271.688
2802, 5.51089e-10, 0.000428918, 4.79033e-07, 0, 2.51777e-19, 3.17775e-19, 0, 0, 0.000429397, 1.11446e-14, 0, 21.3191, 0.969812, 2.01459e-05, 271.765
2803, 4.46224e-11, 0.000432619, 2.33755e-07, 0, 2.05006e-20, 2.58665e-20, 0, 0, 0.000432852, 9.0236e-16, 0, 23.8328, 0.969818, 2.01241e-05, 271.809
2804, 1.49807e-12, 0.000435035, 1.9263e-07, 0, 6.96338e-22, 8.72813e-22, 0, 0, 0.000435228, 3.02931e-17, 0, 27.2268, 0.969824, 2.01021e-05, 271.817
2805, 2.31957e-13, 0.000436646, 2.81307e-07, 0, 1.29901e-22, 1.40614e-22, 0, 0, 0.000436927, 4.63695e-18, 0, 29.0922, 0.96983, 2.00777e-05, 271.802
2806, 1.06142e-11, 0.00043793, 4.22858e-07, 0, 4.05655e-21, 6.42697e-21, 0, 0, 0.000438353, 2.11938e-16, 0, 25.2688, 0.969836, 2.00512e-05, 271.777
2807, 2.54642e-10, 0.000438878, 6.17839e-07, 0, 8.33751e-20, 1.57756e-19, 0, 0, 0.000439496, 5.08248e-15, 0, 22.0912, 0.969842, 2.00242e-05, 271.744
2808, 3.69165e-09, 0.000439513, 8.6006e-07, 0, 8.69581e-19, 2.49452e-18, 0, 0, 0.000440373, 7.35851e-14, 0, 19.4172, 0.969848, 2.00013e-05, 271.701
2809, 5.50293e-08, 0.000439063, 1.26612e-06, 0, 6.96986e-18, 4.14923e-17, 0, 0, 0.000440329, 1.0952e-12, 0, 16.7154, 0.969854, 1.99768e-05, 271.629
2810, 5.87766e-07, 0.000437949, 1.77138e-06, 0, 5.56188e-17, 4.5966e-16, 0, 0, 0.000439721, 1.16931e-11, 0, 14.3469, 0.96986, 1.99468e-05, 271.538
2811, 2.92973e-06, 0.000437738, 2.12864e-06, 0, 2.62576e-16, 2.31741e-15, 0, 0, 0.000439867, 5.8282e-11, 0, 12.7406, 0.969866, 1.99169e-05, 271.472
2812, 6.17665e-06, 0.000437906, 2.42443e-06, 0, 5.50451e-16, 4.91895e-15, 0, 0, 0.00044033, 1.22876e-10, 0, 11.9947, 0.969872, 1.98926e-05, 271.416
2813, 5.43038e-06, 0.000441769, 2.18189e-06, 0, 4.86133e-16, 4.34849e-15, 0, 0, 0.000443951, 1.08031e-10, 0, 12.1235, 0.969878, 1.98711e-05, 271.463
2814, 1.98751e-06, 0.000449225, 1.40486e-06, 0, 1.79816e-16, 1.59909e-15, 0, 0, 0.00045063, 3.95397e-11, 0, 13.1286, 0.969884, 1.98468e-05, 271.607
2815, 3.05393e-07, 0.000454192, 9.98288e-07, 0, 2.87944e-17, 2.46415e-16, 0, 0, 0.00045519, 6.07529e-12, 0, 15.0017, 0.96989, 1.98217e-05, 271.682
2816, 3.10843e-08, 0.000454756, 1.2625e-06, 0, 6.01886e-18, 2.37037e-17, 0, 0, 0.000456018, 6.17125e-13, 0, 17.2866, 0.969896, 1.97978e-05, 271.637
2817, 2.30201e-08, 0.000454846, 1.59796e-06, 0, 8.05373e-18, 1.58615e-17, 0, 0, 0.000456444, 4.55529e-13, 0, 17.5869, 0.969902, 1.97744e-05, 271.58
2818, 1.81716e-08, 0.000458563, 1.37631e-06, 0, 6.50516e-18, 1.2513e-17, 0, 0, 0.000459939, 3.59522e-13, 0, 17.8234, 0.969908, 1.97505e-05, 271.619
2819, 8.91246e-09, 0.000463744, 9.3169e-07, 0, 2.4621e-18, 6.85937e-18, 0, 0, 0.000464676, 1.75877e-13, 4.06377e-44, 18.5358, 0.969914, 1.97258e-05, 271.697
2820, 1.16774e-07, 0.000467543, 6.99251e-07, 0, 8.74225e-18, 1.12734e-16, 0, 0, 0.000468243, 2.29096e-12, 2.0487e-42, 15.963, 0.96992, 1.96992e-05, 271.737
2821, 2.14636e-06, 0.000469932, 6.79117e-07, 0, 1.4845e-16, 2.10676e-15, 0, 0, 0.000470611, 4.21042e-11, 1.42188e-40, 13.0517, 0.969926, 1.96721e-05, 271.739
2822, 1.7156e-05, 0.000468354, 1.2449e-06, 0, 1.15279e-15, 1.70408e-14, 0, 0, 0.000469599, 3.36524e-10, 5.85785e-39, 10.9732, 0.969932, 1.96484e-05, 271.637
2823, 6.07297e-05, 0.000461312, 2.60474e-06, 0, 4.02893e-15, 6.11583e-14, 0, 0, 0.000463916, 1.19107e-09, 1.53923e-37, 9.70908, 0.969938, 1.9629e-05, 271.391
2824, 0.000114368, 0.000455741, 3.74895e-06, 0, 7.50781e-15, 1.19071e-13, 0, 0, 0.00045949, 2.24151e-09, 1.88754e-33, 9.07609, 0.969944, 1.96092e-05, 271.182
2825, 0.000189593, 0.000455636, 4.09173e-06, 0, 1.19167e-14, 2.07909e-13, 0, 0, 0.000459728, 3.7106e-09, 8.70848e-32, 8.57063, 0.96995, 1.9583e-05, 271.119
2826, 0.000286277, 0.000457949, 4.06157e-06, 0, 1.71562e-14, 3.18906e-13, 0, 0, 0.000462011, 5.59793e-09, 4.03663e-30, 8.15855, 0.969956, 1.95518e-05, 271.12
2827, 0.000327913, 0.000463549, 3.57531e-06, 0, 1.88129e-14, 3.75881e-13, 0, 0, 0.000467125, 6.40164e-09, 7.66015e-29, 8.02276, 0.969962, 1.95235e-05, 271.208
2828, 0.000739034, 0.000464313, 3.70539e-06, 0, 4.07157e-14, 9.44209e-13, 0, 0, 0.000468018, 1.43897e-08, 6.00126e-28, 7.21017, 0.969968, 1.94987e-05, 271.166
2829, 0.00195656, 0.000454458, 5.16345e-06, 0, 1.06282e-13, 2.5848e-12, 0, 0, 0.000459622, 3.80759e-08, 1.9408e-27, 6.23657, 0.969974, 1.94759e-05, 270.834
2830, 0.0027814, 0.000448684, 6.10106e-06, 0, 1.47902e-13, 3.60519e-12, 0, 0, 0.000454785, 5.41155e-08, 2.59092e-27, 5.8848, 0.96998, 1.9456e-05, 270.611
2831, 0.0019688, 0.000459912, 5.00968e-06, 0, 1.02328e-13, 2.44077e-12, 0, 0, 0.000464922, 3.82936e-08, 1.42777e-27, 6.23033, 0.969986, 1.94339e-05, 270.859
2832, 0.000704335, 0.000479715, 2.85702e-06, 0, 3.63748e-14, 8.35767e-13, 0, 0, 0.000482572, 1.36947e-08, 3.24776e-28, 7.25826, 0.969992, 1.94064e-05, 271.328
2833, 0.000125902, 0.000493234, 1.42342e-06, 0, 6.62616e-15, 1.46267e-13, 0, 0, 0.000494658, 2.44722e-09, 3.04952e-29, 8.98001, 0.969998, 1.9379e-05, 271.616
2834, 1.07452e-05, 0.000499764, 8.48118e-07, 0, 5.86456e-16, 1.25123e-14, 0, 0, 0.000500612, 2.08816e-10, 1.18225e-30, 11.4411, 0.970004, 1.93573e-05, 271.72
2835, 4.17183e-07, 0.000502394, 8.25376e-07, 0, 2.41189e-17, 4.92729e-16, 0, 0, 0.000503219, 8.10614e-12, 1.89309e-32, 14.6897, 0.97001, 1.93352e-05, 271.725
2836, 2.61821e-08, 0.000503075, 1.1053e-06, 0, 2.86589e-18, 3.26488e-17, 0, 0, 0.00050418, 5.04288e-13, 1.25235e-34, 17.4582, 0.970016, 1.93103e-05, 271.683
2837, 5.95922e-07, 0.000504996, 1.19001e-06, 0, 4.6703e-17, 7.55221e-16, 0, 0, 0.000506186, 1.14378e-11, 3.42348e-37, 14.3332, 0.970022, 1.92848e-05, 271.671
2838, 8.04322e-06, 0.000507502, 1.17246e-06, 0, 6.06764e-16, 1.01783e-14, 0, 0, 0.000508675, 1.5437e-10, 2.88754e-30, 11.7307, 0.970028, 1.92592e-05, 271.672
2839, 4.57533e-05, 0.00050574, 1.78718e-06, 0, 3.40047e-15, 5.76089e-14, 0, 0, 0.000507528, 8.78077e-10, 7.13715e-27, 9.99225, 0.970034, 1.92349e-05, 271.569
2840, 0.000123911, 0.000500678, 2.88483e-06, 0, 8.63569e-15, 1.52125e-13, 0, 0, 0.000503563, 2.37705e-09, 1.04562e-24, 8.99595, 0.97004, 1.92093e-05, 271.385
2841, 0.000373543, 0.00049881, 3.46886e-06, 0, 1.91442e-14, 4.26636e-13, 0, 0, 0.000502279, 7.15218e-09, 4.11602e-23, 7.89248, 0.970046, 1.91832e-05, 271.278
2842, 0.00201954, 0.000493733, 4.21571e-06, 0, 8.83031e-14, 2.33573e-12, 0, 0, 0.000497949, 3.86246e-08, 6.75758e-22, 6.20488, 0.970052, 1.91615e-05, 271.082
2843, 0.00740489, 0.000475532, 6.16858e-06, 0, 3.27671e-13, 8.99505e-12, 0, 0, 0.000481701, 1.41568e-07, 4.60561e-21, 4.90561, 0.970058, 1.9141e-05, 270.532
2844, 0.0142559, 0.000457813, 7.91811e-06, 0, 6.46287e-13, 1.80316e-11, 0, 0, 0.000465731, 2.72478e-07, 1.30197e-20, 4.25059, 0.970064, 1.91181e-05, 269.975
2845, 0.0135961, 0.00046563, 7.38622e-06, 0, 6.25195e-13, 1.75756e-11, 0, 0, 0.000473016, 2.59824e-07, 1.52628e-20, 4.29798, 0.97007, 1.90938e-05, 270.13
2846, 0.00607563, 0.000493106, 5.15043e-06, 0, 2.80955e-13, 7.89114e-12, 0, 0, 0.000498257, 1.16095e-07, 7.41929e-21, 5.10347, 0.970076, 1.90661e-05, 270.812
2847, 0.00122789, 0.000514418, 3.30399e-06, 0, 5.73238e-14, 1.58227e-12, 0, 0, 0.000517722, 2.34607e-08, 1.49556e-21, 6.70245, 0.970082, 1.90394e-05, 271.3
2848, 0.000124132, 0.00052507, 2.32409e-06, 0, 6.22081e-15, 1.55557e-13, 0, 0, 0.000527393, 2.36963e-09, 1.25025e-22, 8.99416, 0.970088, 1.90183e-05, 271.5
2849, 0.000107786, 0.000528761, 2.13207e-06, 0, 6.0806e-15, 1.25399e-13, 0, 0, 0.000530893, 2.04334e-09, 4.33604e-24, 9.13536, 0.970094, 1.89955e-05, 271.526
2850, 0.000408215, 0.000523715, 3.13091e-06, 0, 2.26716e-14, 4.79153e-13, 0, 0, 0.000526846, 7.73567e-09, 6.24089e-26, 7.80372, 0.9701, 1.89679e-05, 271.345
2851, 0.00069287, 0.000517946, 4.26771e-06, 0, 3.84375e-14, 8.20512e-13, 0, 0, 0.000522214, 1.31297e-08, 3.72862e-28, 7.27467, 0.970106, 1.89425e-05, 271.147
2852, 0.000499724, 0.000524977, 3.70238e-06, 0, 2.7929e-14, 5.95249e-13, 0, 0, 0.000528679, 9.4695e-09, 9.2985e-31, 7.60146, 0.970112, 1.89204e-05, 271.257
2853, 0.000153581, 0.000538793, 2.17283e-06, 0, 8.72856e-15, 1.83245e-13, 0, 0, 0.000540965, 2.91018e-09, 2.58885e-33, 8.78128, 0.970118, 1.88948e-05, 271.523
2854, 2.5327e-05, 0.000548125, 1.21103e-06, 0, 1.46926e-15, 2.94245e-14, 0, 0, 0.000549337, 4.79109e-10, 9.81199e-33, 10.5836, 0.970124, 1.88658e-05, 271.678
2855, 5.8498e-05, 0.000549686, 1.35072e-06, 0, 3.21927e-15, 6.48797e-14, 0, 0, 0.000551037, 1.09918e-09, 3.58473e-31, 9.74652, 0.97013, 1.88381e-05, 271.653
2856, 0.000347269, 0.000542526, 2.69966e-06, 0, 1.84297e-14, 3.98784e-13, 0, 0, 0.000545226, 6.52119e-09, 5.5765e-30, 7.96541, 0.970136, 1.88142e-05, 271.429
2857, 0.00116094, 0.000529873, 4.68578e-06, 0, 5.93663e-14, 1.35255e-12, 0, 0, 0.000534559, 2.17926e-08, 1.60555e-28, 6.75853, 0.970142, 1.87939e-05, 271.071
2858, 0.00203836, 0.000522108, 5.95046e-06, 0, 1.01744e-13, 2.38703e-12, 0, 0, 0.000528059, 3.82527e-08, 9.61679e-23, 6.19561, 0.970148, 1.87733e-05, 270.823
2859, 0.00182876, 0.000529464, 5.3699e-06, 0, 9.08345e-14, 2.16573e-12, 0, 0, 0.000534834, 3.43058e-08, 7.3347e-21, 6.30412, 0.970154, 1.87485e-05, 270.94
2860, 0.00152919, 0.000541309, 4.21501e-06, 0, 7.55646e-14, 1.89751e-12, 0, 0, 0.000545524, 2.86042e-08, 2.01245e-19, 6.48302, 0.97016, 1.87197e-05, 271.159
2861, 0.00487354, 0.000534387, 5.00461e-06, 0, 2.28909e-13, 6.1629e-12, 0, 0, 0.000539392, 9.09136e-08, 2.28364e-18, 5.32394, 0.970166, 1.86899e-05, 270.925
2862, 0.0147973, 0.000507245, 7.51291e-06, 0, 6.73459e-13, 1.85941e-11, 0, 0, 0.000514758, 2.75893e-07, 1.07066e-17, 4.21331, 0.970172, 1.86612e-05, 270.175
2863, 0.024798, 0.000485259, 9.3443e-06, 0, 1.11283e-12, 3.1056e-11, 0, 0, 0.000494603, 4.62153e-07, 2.07416e-17, 3.69699, 0.970178, 1.86351e-05, 269.528
2864, 0.0242848, 0.000487624, 9.44782e-06, 0, 1.08595e-12, 3.03366e-11, 0, 0, 0.000497072, 4.52178e-07, 1.6613e-17, 3.71791, 0.970184, 1.86077e-05, 269.531
2865, 0.0192533, 0.00050048, 8.8113e-06, 0, 8.69637e-13, 2.42326e-11, 0, 0, 0.000509291, 3.57902e-07, 5.52045e-18, 3.95008, 0.97019, 1.85744e-05, 269.814
2866, 0.0130084, 0.00052157, 7.29465e-06, 0, 5.9729e-13, 1.65874e-11, 0, 0, 0.000528865, 2.4155e-07, 7.79733e-19, 4.34216, 0.970196, 1.85341e-05, 270.293
2867, 0.00526028, 0.000546414, 5.52574e-06, 0, 2.46695e-13, 6.69875e-12, 0, 0, 0.00055194, 9.76049e-08, 5.44951e-20, 5.24757, 0.970202, 1.8488e-05, 270.846
2868, 0.00151478, 0.000557089, 5.08496e-06, 0, 7.74527e-14, 1.87126e-12, 0, 0, 0.000562174, 2.80076e-08, 3.08438e-21, 6.49249, 0.970208, 1.84329e-05, 271.046
2869, 0.00103297, 0.000558578, 5.37619e-06, 0, 5.91797e-14, 1.28299e-12, 0, 0, 0.000563954, 1.8947e-08, 2.10535e-22, 6.87532, 0.970214, 1.83538e-05, 271.024
2870, 0.00106104, 0.000561727, 5.32666e-06, 0, 6.21797e-14, 1.34848e-12, 0, 0, 0.000567054, 1.93984e-08, 3.32911e-21, 6.8485, 0.97022, 1.82145e-05, 271.035
2871, 0.000721927, 0.000573183, 4.17197e-06, 0, 4.29052e-14, 9.3953e-13, 0, 0, 0.000577355, 1.31502e-08, 1.53114e-19, 7.23359, 0.970226, 1.79137e-05, 271.23
2872, 0.0014682, 0.000582793, 3.12269e-06, 0, 8.25046e-14, 2.19312e-12, 0, 0, 0.000585916, 2.63818e-08, 3.01701e-18, 6.52372, 0.970232, 1.74032e-05, 271.378
2873, 0.00939883, 0.000569229, 4.3193e-06, 0, 5.28643e-13, 1.46858e-11, 0, 0, 0.000573548, 1.68851e-07, 2.54676e-17, 4.66717, 0.970238, 1.7094e-05, 270.995
2874, 0.0326141, 0.000523983, 7.83721e-06, 0, 1.84067e-12, 5.13612e-11, 0, 0, 0.000531821, 5.87075e-07, 9.38848e-17, 3.42301, 0.970244, 1.73822e-05, 269.824
2875, 0.0566797, 0.00047935, 1.10436e-05, 0, 3.15967e-12, 8.82997e-11, 0, 0, 0.000490394, 1.02258e-06, 1.5502e-16, 2.87034, 0.97025, 1.78406e-05, 268.581
2876, 0.0526714, 0.000482924, 1.12577e-05, 0, 2.86705e-12, 8.00556e-11, 0, 0, 0.000494182, 9.52495e-07, 1.18577e-16, 2.94368, 0.970256, 1.80829e-05, 268.624
2877, 0.0284272, 0.000526799, 8.83941e-06, 0, 1.52821e-12, 4.23935e-11, 0, 0, 0.000535638, 5.15186e-07, 6.3321e-17, 3.56041, 0.970262, 1.81714e-05, 269.722
2878, 0.0162483, 0.000554223, 7.281e-06, 0, 9.78213e-13, 2.69011e-11, 0, 0, 0.000561504, 2.95453e-07, 1.93135e-16, 4.11977, 0.970268, 1.82038e-05, 270.341
2879, 0.0296727, 0.000536841, 8.50285e-06, 0, 1.976e-12, 5.49731e-11, 0, 0, 0.000545344, 5.4057e-07, 6.68056e-16, 3.51753, 0.970274, 1.82126e-05, 269.847
2880, 0.0488299, 0.000508797, 1.02675e-05, 0, 3.16831e-12, 8.88898e-11, 0, 0, 0.000519064, 8.89402e-07, 1.01409e-15, 3.01941, 0.97028, 1.82091e-05, 269.061
2881, 0.0495434, 0.000505523, 1.07169e-05, 0, 2.96076e-12, 8.35258e-11, 0, 0, 0.00051624, 9.01369e-07, 6.68827e-16, 3.00491, 0.970286, 1.8193e-05, 268.913
2882, 0.0403855, 0.000515223, 1.06052e-05, 0, 2.15551e-12, 6.08364e-11, 0, 0, 0.000525828, 7.33105e-07, 2.0521e-16, 3.20928, 0.970292, 1.81688e-05, 269.112
2883, 0.029243, 0.000533902, 9.8218e-06, 0, 1.4661e-12, 4.10888e-11, 0, 0, 0.000543724, 5.30096e-07, 7.21232e-17, 3.53211, 0.970298, 1.8156e-05, 269.53
2884, 0.022727, 0.00055575, 8.40119e-06, 0, 1.2907e-12, 3.57625e-11, 0, 0, 0.000564151, 4.11969e-07, 2.59541e-16, 3.7842, 0.970304, 1.81517e-05, 270
2885, 0.0328725, 0.000548642, 8.72383e-06, 0, 2.15028e-12, 5.95191e-11, 0, 0, 0.000557366, 5.95727e-07, 6.99598e-16, 3.41512, 0.97031, 1.81381e-05, 269.755
2886, 0.0406352, 0.000535136, 9.87136e-06, 0, 2.61835e-12, 7.26033e-11, 0, 0, 0.000545007, 7.36201e-07, 7.94845e-16, 3.20312, 0.970316, 1.81187e-05, 269.36
2887, 0.0273299, 0.000560294, 8.5028e-06, 0, 1.67329e-12, 4.63854e-11, 0, 0, 0.000568797, 4.95022e-07, 4.0265e-16, 3.59978, 0.970322, 1.80989e-05, 269.915
2888, 0.0119771, 0.000598965, 5.80455e-06, 0, 7.39178e-13, 2.03401e-11, 0, 0, 0.00060477, 2.16702e-07, 5.78042e-16, 4.42476, 0.970328, 1.80798e-05, 270.746
2889, 0.0158918, 0.000600591, 5.67495e-06, 0, 1.21773e-12, 3.30627e-11, 0, 0, 0.000606266, 2.86539e-07, 3.79208e-15, 4.14195, 0.970334, 1.80618e-05, 270.714
2890, 0.0396666, 0.000562325, 8.37391e-06, 0, 3.21248e-12, 8.71164e-11, 0, 0, 0.000570699, 7.14763e-07, 1.19732e-14, 3.22725, 0.97034, 1.80406e-05, 269.759
2891, 0.0544061, 0.000535431, 1.05624e-05, 0, 4.43165e-12, 1.20194e-10, 0, 0, 0.000545994, 9.8009e-07, 2.29128e-14, 2.91128, 0.970346, 1.80183e-05, 269.046
2892, 0.0498895, 0.000540032, 1.08737e-05, 0, 4.19869e-12, 1.12687e-10, 0, 0, 0.000550906, 8.97924e-07, 1.5351e-13, 2.99794, 0.970352, 1.79977e-05, 269.108
2893, 0.0618122, 0.000535949, 1.07222e-05, 0, 6.72506e-12, 1.70526e-10, 0, 0, 0.000546671, 1.1104e-06, 1.31057e-12, 2.78365, 0.970358, 1.79761e-05, 268.928
2894, 0.118553, 0.000486408, 1.17465e-05, 0, 1.62436e-11, 3.94016e-10, 0, 0, 0.000498155, 2.12683e-06, 5.80714e-12, 2.13239, 0.970364, 1.79539e-05, 267.516
2895, 0.189955, 0.000418087, 1.35842e-05, 0, 2.87053e-11, 6.82652e-10, 0, 0, 0.000431672, 3.40478e-06, 1.34084e-11, 1.66097, 0.97037, 1.79319e-05, 265.403
2896, 0.223426, 0.000386445, 1.45877e-05, 0, 3.447e-11, 8.1653e-10, 0, 0, 0.000401033, 4.00092e-06, 1.69802e-11, 1.49867, 0.970376, 1.79096e-05, 264.296
2897, 0.208962, 0.000398973, 1.47385e-05, 0, 3.01708e-11, 7.25225e-10, 0, 0, 0.000413712, 3.73866e-06, 1.20414e-11, 1.5656, 0.970382, 1.78885e-05, 264.667
2898, 0.148361, 0.000457243, 1.37006e-05, 0, 1.87615e-11, 4.63607e-10, 0, 0, 0.000470944, 2.65267e-06, 4.72508e-12, 1.90811, 0.970388, 1.78694e-05, 266.44
2899, 0.0709753, 0.000548156, 1.04134e-05, 0, 7.60546e-12, 1.9399e-10, 0, 0, 0.00055857, 1.26836e-06, 9.99331e-13, 2.64542, 0.970394, 1.78497e-05, 268.835
2900, 0.0208296, 0.000627297, 6.02075e-06, 0, 1.87879e-12, 4.93226e-11, 0, 0, 0.000633318, 3.72072e-07, 1.09529e-13, 3.87138, 0.9704, 1.78257e-05, 270.609
2901, 0.00412437, 0.000660076, 4.08988e-06, 0, 3.10728e-13, 8.24209e-12, 0, 0, 0.000664166, 7.35819e-08, 5.94017e-15, 5.49084, 0.970407, 1.78002e-05, 271.245
2902, 0.00360707, 0.000652401, 5.59631e-06, 0, 2.18741e-13, 5.65637e-12, 0, 0, 0.000657998, 6.40745e-08, 1.53767e-16, 5.62486, 0.970412, 1.77792e-05, 271.038
2903, 0.00700395, 0.000637099, 7.54119e-06, 0, 4.12107e-13, 1.07631e-11, 0, 0, 0.00064464, 1.24336e-07, 1.86316e-18, 4.96128, 0.970418, 1.77594e-05, 270.667
2904, 0.00706574, 0.000642486, 7.20515e-06, 0, 4.16087e-13, 1.08949e-11, 0, 0, 0.000649691, 1.25379e-07, 2.81719e-18, 4.9525, 0.970424, 1.77398e-05, 270.715
2905, 0.00584749, 0.000651529, 6.64846e-06, 0, 3.64089e-13, 9.53688e-12, 0, 0, 0.000658177, 1.03599e-07, 1.70738e-16, 5.14174, 0.97043, 1.77214e-05, 270.839
2906, 0.0104693, 0.000637969, 8.34544e-06, 0, 7.26049e-13, 1.93266e-11, 0, 0, 0.000646315, 1.85125e-07, 7.20917e-15, 4.55931, 0.970436, 1.77014e-05, 270.502
2907, 0.0233971, 0.000613152, 1.04705e-05, 0, 1.93263e-12, 5.10205e-11, 0, 0, 0.000623623, 4.13265e-07, 1.59388e-13, 3.75514, 0.970442, 1.7679e-05, 269.908
2908, 0.0465129, 0.000587202, 1.17221e-05, 0, 5.43356e-12, 1.35761e-10, 0, 0, 0.000598924, 8.20523e-07, 2.29561e-12, 3.06803, 0.970448, 1.7655e-05, 269.247
2909, 0.0923395, 0.000546553, 1.2727e-05, 0, 1.60157e-11, 3.68332e-10, 0, 0, 0.00055928, 1.62664e-06, 1.98793e-11, 2.38228, 0.970454, 1.76315e-05, 268.18
2910, 0.165093, 0.000484085, 1.39176e-05, 0, 4.0198e-11, 8.50941e-10, 0, 0, 0.000498004, 2.90436e-06, 8.5719e-11, 1.80124, 0.97046, 1.76054e-05, 266.436
2911, 0.222748, 0.0004378, 1.4589e-05, 0, 6.55268e-11, 1.32634e-09, 0, 0, 0.000452391, 3.91432e-06, 1.67109e-10, 1.50171, 0.970466, 1.75771e-05, 264.997
2912, 0.190775, 0.000470388, 1.39188e-05, 0, 5.59487e-11, 1.12641e-09, 0, 0, 0.000484308, 3.35022e-06, 1.43018e-10, 1.65666, 0.970472, 1.75541e-05, 265.903
2913, 0.100661, 0.000557469, 1.20571e-05, 0, 2.37741e-11, 4.94139e-10, 0, 0, 0.000569527, 1.76665e-06, 5.32852e-11, 2.29599, 0.970478, 1.75369e-05, 268.175
2914, 0.0554287, 0.000606592, 1.06856e-05, 0, 7.64654e-12, 1.78415e-10, 0, 0, 0.000617278, 9.69162e-07, 8.65706e-12, 2.89266, 0.970484, 1.75119e-05, 269.286
2915, 0.0787481, 0.000584045, 1.14551e-05, 0, 8.85387e-12, 2.24222e-10, 0, 0, 0.0005955, 1.36974e-06, 8.64886e-13, 2.5415, 0.97049, 1.74695e-05, 268.692
2916, 0.113917, 0.000546126, 1.2963e-05, 0, 1.37244e-11, 3.43798e-10, 0, 0, 0.000559089, 1.98064e-06, 1.48844e-12, 2.17229, 0.970496, 1.74375e-05, 267.705
2917, 0.122142, 0.000541141, 1.31995e-05, 0, 1.86998e-11, 4.38728e-10, 0, 0, 0.000554341, 2.1267e-06, 1.07665e-11, 2.10257, 0.970502, 1.74382e-05, 267.515
2918, 0.166726, 0.000502988, 1.4058e-05, 0, 3.7445e-11, 8.07123e-10, 0, 0, 0.000517046, 2.90535e-06, 4.40333e-11, 1.7914, 0.970508, 1.74383e-05, 266.441
2919, 0.227027, 0.000450936, 1.51261e-05, 0, 5.91475e-11, 1.2409e-09, 0, 0, 0.000466064, 3.95483e-06, 8.10765e-11, 1.48269, 0.970514, 1.74224e-05, 264.889
2920, 0.193879, 0.000489589, 1.406e-05, 0, 4.93597e-11, 1.03932e-09, 0, 0, 0.00050365, 3.37572e-06, 6.58335e-11, 1.64052, 0.97052, 1.73993e-05, 265.931
2921, 0.0933372, 0.000602229, 1.04971e-05, 0, 2.05954e-11, 4.44451e-10, 0, 0, 0.000612727, 1.62429e-06, 2.36011e-11, 2.37154, 0.970526, 1.73742e-05, 268.708
2922, 0.0249762, 0.000694884, 6.31438e-06, 0, 4.34938e-12, 9.79785e-11, 0, 0, 0.000701198, 4.34412e-07, 3.75281e-12, 3.68983, 0.970532, 1.73496e-05, 270.632
2923, 0.00479725, 0.000732322, 4.12645e-06, 0, 6.0154e-13, 1.44041e-11, 0, 0, 0.000736448, 8.32779e-08, 3.05151e-13, 5.33971, 0.970539, 1.73306e-05, 271.296
2924, 0.0110885, 0.00072235, 5.11419e-06, 0, 1.45571e-12, 3.45033e-11, 0, 0, 0.000727464, 1.91545e-07, 1.03014e-12, 4.50185, 0.970544, 1.73142e-05, 271.046
2925, 0.0530936, 0.000659111, 8.96091e-06, 0, 9.25663e-12, 2.0648e-10, 0, 0, 0.000668072, 9.16518e-07, 1.25183e-11, 2.9357, 0.97055, 1.72948e-05, 269.713
2926, 0.14589, 0.000548679, 1.34131e-05, 0, 3.4671e-11, 7.23196e-10, 0, 0, 0.000562093, 2.51634e-06, 8.25091e-11, 1.9249, 0.970556, 1.72714e-05, 267.116
2927, 0.249481, 0.000447672, 1.59097e-05, 0, 8.08647e-11, 1.57771e-09, 0, 0, 0.000463584, 4.2981e-06, 3.18552e-10, 1.38837, 0.970562, 1.72428e-05, 264.283
2928, 0.297944, 0.000411012, 1.62347e-05, 0, 1.23302e-10, 2.28166e-09, 0, 0, 0.000427249, 5.1273e-06, 6.86891e-10, 1.21085, 0.970568, 1.72149e-05, 263.063
2929, 0.26773, 0.000445533, 1.55134e-05, 0, 1.26119e-10, 2.25833e-09, 0, 0, 0.000461049, 4.60433e-06, 9.14971e-10, 1.31778, 0.970574, 1.71971e-05, 264.073
2930, 0.248318, 0.000468908, 1.50074e-05, 0, 1.45484e-10, 2.45359e-09, 0, 0, 0.000483918, 4.26666e-06, 1.71895e-09, 1.39305, 0.97058, 1.71837e-05, 264.697
2931, 0.325369, 0.000408025, 1.53918e-05, 0, 2.50746e-10, 3.9993e-09, 0, 0, 0.000423421, 5.58467e-06, 3.87987e-09, 1.12279, 0.970586, 1.7168e-05, 262.739
2932, 0.372721, 0.000370497, 1.56964e-05, 0, 2.97962e-10, 4.71837e-09, 0, 0, 0.000386198, 6.39221e-06, 4.73798e-09, 0.986926, 0.970592, 1.71479e-05, 261.386
2933, 0.318299, 0.000417241, 1.54641e-05, 0, 2.09133e-10, 3.42835e-09, 0, 0, 0.000432708, 5.45133e-06, 2.84825e-09, 1.14476, 0.970598, 1.71223e-05, 262.913
2934, 0.290065, 0.000441258, 1.54945e-05, 0, 1.49173e-10, 2.5909e-09, 0, 0, 0.000456756, 4.95683e-06, 1.33601e-09, 1.23765, 0.970604, 1.70941e-05, 263.612
2935, 0.31814, 0.000418011, 1.59123e-05, 0, 1.66469e-10, 2.90259e-09, 0, 0, 0.000433926, 5.42946e-06, 1.28171e-09, 1.14526, 0.97061, 1.70709e-05, 262.822
2936, 0.321089, 0.000419193, 1.58497e-05, 0, 1.76535e-10, 3.04268e-09, 0, 0, 0.000435046, 5.47627e-06, 1.44111e-09, 1.13604, 0.970616, 1.7054e-05, 262.792
2937, 0.240467, 0.000499164, 1.45087e-05, 0, 1.22081e-10, 2.12243e-09, 0, 0, 0.000513675, 4.09897e-06, 9.80442e-10, 1.42517, 0.970622, 1.70373e-05, 265.089
2938, 0.118904, 0.000617251, 1.27293e-05, 0, 4.5618e-11, 8.26495e-10, 0, 0, 0.000629981, 2.02532e-06, 3.20558e-10, 2.12944, 0.970628, 1.70187e-05, 267.983
2939, 0.0657289, 0.000665534, 1.25972e-05, 0, 1.31518e-11, 2.74416e-10, 0, 0, 0.000678132, 1.11719e-06, 4.88101e-11, 2.72222, 0.970634, 1.69986e-05, 269.001
2940, 0.0952355, 0.000631952, 1.3974e-05, 0, 1.66616e-11, 3.7885e-10, 0, 0, 0.000645926, 1.61562e-06, 1.18601e-11, 2.3514, 0.97064, 1.69783e-05, 268.218
2941, 0.141544, 0.00058314, 1.54389e-05, 0, 2.68222e-11, 6.05866e-10, 0, 0, 0.000598579, 2.39979e-06, 1.48439e-11, 1.95514, 0.970646, 1.6958e-05, 267.037
2942, 0.123546, 0.000608071, 1.47451e-05, 0, 2.24212e-11, 5.10225e-10, 0, 0, 0.000622816, 2.09379e-06, 1.08037e-11, 2.09114, 0.970652, 1.6938e-05, 267.551
2943, 0.0688064, 0.000681376, 1.21347e-05, 0, 1.05749e-11, 2.4762e-10, 0, 0, 0.000693511, 1.16476e-06, 3.64254e-12, 2.67646, 0.970658, 1.69166e-05, 269.068
2944, 0.0685846, 0.000686954, 1.18705e-05, 0, 9.0574e-12, 2.20863e-10, 0, 0, 0.000698825, 1.15724e-06, 1.04648e-12, 2.67969, 0.970664, 1.68926e-05, 269.114
2945, 0.120693, 0.000621153, 1.44834e-05, 0, 1.61988e-11, 3.95951e-10, 0, 0, 0.000635637, 2.03437e-06, 1.25113e-12, 2.11451, 0.97067, 1.68683e-05, 267.651
2946, 0.127287, 0.000617368, 1.45376e-05, 0, 1.67269e-11, 4.10229e-10, 0, 0, 0.000631906, 2.14495e-06, 1.44041e-12, 2.06131, 0.970676, 1.68481e-05, 267.499
2947, 0.079807, 0.000690512, 1.13422e-05, 0, 1.10068e-11, 2.63562e-10, 0, 0, 0.000701855, 1.34374e-06, 4.70503e-12, 2.52814, 0.970682, 1.68317e-05, 268.98
2948, 0.0898914, 0.000688629, 1.10421e-05, 0, 1.96383e-11, 4.16701e-10, 0, 0, 0.000699671, 1.5097e-06, 3.8981e-11, 2.40915, 0.970688, 1.68146e-05, 268.868
2949, 0.194499, 0.000567672, 1.4765e-05, 0, 5.66924e-11, 1.12297e-09, 0, 0, 0.000582438, 3.26283e-06, 2.09844e-10, 1.63733, 0.970694, 1.67936e-05, 266.113
2950, 0.305031, 0.000448206, 1.76258e-05, 0, 1.10299e-10, 2.06893e-09, 0, 0, 0.000465834, 5.11351e-06, 6.12919e-10, 1.18734, 0.9707, 1.67713e-05, 262.844
2951, 0.332388, 0.00042162, 1.82138e-05, 0, 1.3199e-10, 2.41368e-09, 0, 0, 0.000439836, 5.56853e-06, 8.6426e-10, 1.10145, 0.970706, 1.67519e-05, 261.968
2952, 0.25284, 0.000504838, 1.69825e-05, 0, 8.82387e-11, 1.64402e-09, 0, 0, 0.000521822, 4.23355e-06, 5.52056e-10, 1.375, 0.970712, 1.67339e-05, 264.331
2953, 0.125837, 0.000652325, 1.34888e-05, 0, 3.19984e-11, 6.33625e-10, 0, 0, 0.000665815, 2.10594e-06, 1.56362e-10, 2.07277, 0.970718, 1.67141e-05, 267.806
2954, 0.0439491, 0.000758678, 1.03463e-05, 0, 7.92154e-12, 1.6938e-10, 0, 0, 0.000769024, 7.34609e-07, 2.37504e-11, 3.12472, 0.970724, 1.66928e-05, 269.878
2955, 0.0493973, 0.000754057, 1.07859e-05, 0, 1.24365e-11, 2.49754e-10, 0, 0, 0.000764844, 8.22418e-07, 4.39083e-11, 3.00786, 0.97073, 1.66723e-05, 269.73
2956, 0.13815, 0.000649756, 1.38399e-05, 0, 4.43545e-11, 8.59328e-10, 0, 0, 0.000663597, 2.29794e-06, 1.86659e-10, 1.97941, 0.970736, 1.66525e-05, 267.559
2957, 0.232224, 0.00054427, 1.64828e-05, 0, 7.95694e-11, 1.52895e-09, 0, 0, 0.000560755, 3.86111e-06, 3.5248e-10, 1.46005, 0.970742, 1.66325e-05, 265.04
2958, 0.237272, 0.000535867, 1.7281e-05, 0, 7.46011e-11, 1.46413e-09, 0, 0, 0.00055315, 3.9422e-06, 2.97337e-10, 1.43855, 0.970748, 1.6612e-05, 264.778
2959, 0.207613, 0.000564635, 1.73862e-05, 0, 5.31232e-11, 1.10058e-09, 0, 0, 0.000582023, 3.44416e-06, 1.47922e-10, 1.57208, 0.970754, 1.65878e-05, 265.448
2960, 0.213503, 0.000558669, 1.76787e-05, 0, 5.30124e-11, 1.1065e-09, 0, 0, 0.000576349, 3.53493e-06, 1.54151e-10, 1.5441, 0.97076, 1.65613e-05, 265.241
2961, 0.241169, 0.000529624, 1.82341e-05, 0, 6.63116e-11, 1.33588e-09, 0, 0, 0.00054786, 3.98853e-06, 2.78058e-10, 1.42226, 0.970766, 1.65423e-05, 264.444
2962, 0.245091, 0.000525741, 1.84958e-05, 0, 7.47301e-11, 1.44007e-09, 0, 0, 0.000544238, 4.05098e-06, 5.92709e-10, 1.40613, 0.970772, 1.65288e-05, 264.284
2963, 0.254741, 0.000524411, 1.81318e-05, 0, 1.25853e-10, 2.1224e-09, 0, 0, 0.000542545, 4.20528e-06, 2.33987e-09, 1.36751, 0.970778, 1.6512e-05, 264.174
2964, 0.341892, 0.000451324, 1.79226e-05, 0, 2.69658e-10, 4.20502e-09, 0, 0, 0.000469251, 5.63639e-06, 6.36991e-09, 1.07326, 0.970784, 1.64927e-05, 262.04
2965, 0.406675, 0.000395136, 1.8e-05, 0, 3.53659e-10, 5.46278e-09, 0, 0, 0.000413142, 6.69936e-06, 8.47242e-09, 0.899741, 0.97079, 1.64736e-05, 260.187
2966, 0.333611, 0.000465461, 1.79554e-05, 0, 2.45393e-10, 3.88277e-09, 0, 0, 0.000483421, 5.49206e-06, 5.4199e-09, 1.09778, 0.970796, 1.64548e-05, 262.333
2967, 0.199511, 0.000601074, 1.70005e-05, 0, 9.33303e-11, 1.58256e-09, 0, 0, 0.000618076, 3.2817e-06, 1.66705e-09, 1.61189, 0.970802, 1.64351e-05, 265.801
2968, 0.0929779, 0.000727787, 1.45338e-05, 0, 2.2252e-11, 4.32639e-10, 0, 0, 0.000742322, 1.52806e-06, 2.43863e-10, 2.37539, 0.970808, 1.64126e-05, 268.431
2969, 0.0330839, 0.000814687, 1.17725e-05, 0, 4.13722e-12, 9.45553e-11, 0, 0, 0.000826459, 5.43178e-07, 1.69393e-11, 3.40871, 0.970814, 1.63848e-05, 269.971
2970, 0.0102948, 0.000861256, 9.49004e-06, 0, 7.57152e-13, 1.93647e-11, 0, 0, 0.000870746, 1.68732e-07, 5.84468e-13, 4.57611, 0.97082, 1.63572e-05, 270.692
2971, 0.00414438, 0.000885847, 7.76904e-06, 0, 2.18482e-13, 5.81697e-12, 0, 0, 0.000893616, 6.77459e-08, 1.12457e-14, 5.486, 0.970826, 1.63404e-05, 271.019
2972, 0.00624321, 0.000883679, 8.18638e-06, 0, 2.88576e-13, 7.91878e-12, 0, 0, 0.000891865, 1.01853e-07, 1.3704e-16, 5.07626, 0.970832, 1.63287e-05, 270.924
2973, 0.0117521, 0.000864537, 1.02406e-05, 0, 5.49706e-13, 1.51847e-11, 0, 0, 0.000874777, 1.91642e-07, 4.04204e-16, 4.44373, 0.970838, 1.63141e-05, 270.565
2974, 0.0154297, 0.000857834, 1.10877e-05, 0, 8.1571e-13, 2.24375e-11, 0, 0, 0.000868922, 2.51363e-07, 1.50748e-14, 4.17146, 0.970844, 1.62976e-05, 270.398
2975, 0.024638, 0.000846487, 1.17681e-05, 0, 1.78139e-12, 4.68772e-11, 0, 0, 0.000858255, 4.00704e-07, 2.35647e-13, 3.70347, 0.97085, 1.6279e-05, 270.146
2976, 0.0535975, 0.000805386, 1.34874e-05, 0, 5.66065e-12, 1.39597e-10, 0, 0, 0.000818873, 8.70497e-07, 1.53722e-12, 2.92625, 0.970856, 1.62593e-05, 269.374
2977, 0.104693, 0.000737329, 1.56368e-05, 0, 1.32221e-11, 3.18064e-10, 0, 0, 0.000752966, 1.69919e-06, 4.18683e-12, 2.25673, 0.970862, 1.62395e-05, 268.055
2978, 0.116658, 0.000725742, 1.60713e-05, 0, 1.52446e-11, 3.65926e-10, 0, 0, 0.000741814, 1.89277e-06, 4.7704e-12, 2.14851, 0.970868, 1.6218e-05, 267.769
2979, 0.0681367, 0.000798699, 1.40544e-05, 0, 8.28363e-12, 2.01167e-10, 0, 0, 0.000812754, 1.10488e-06, 2.61544e-12, 2.68624, 0.970874, 1.61959e-05, 269.066
2980, 0.0395046, 0.000837692, 1.3429e-05, 0, 4.16974e-12, 9.99046e-11, 0, 0, 0.000851121, 6.39161e-07, 8.60454e-12, 3.23134, 0.97088, 1.61765e-05, 269.694
2981, 0.0642365, 0.000799996, 1.51513e-05, 0, 1.22901e-11, 2.47569e-10, 0, 0, 0.000815148, 1.03691e-06, 8.03044e-11, 2.74518, 0.970886, 1.6159e-05, 268.98
2982, 0.14181, 0.000705794, 1.71287e-05, 0, 4.2788e-11, 8.02486e-10, 0, 0, 0.000722923, 2.28677e-06, 3.37755e-10, 1.95327, 0.970892, 1.61405e-05, 267.127
2983, 0.230798, 0.00060345, 1.87493e-05, 0, 8.04774e-11, 1.48405e-09, 0, 0, 0.000622201, 3.71943e-06, 6.68861e-10, 1.46621, 0.970898, 1.61214e-05, 264.862
2984, 0.272288, 0.00055537, 1.97698e-05, 0, 1.01528e-10, 1.84922e-09, 0, 0, 0.000575142, 4.3841e-06, 1.0046e-09, 1.3009, 0.970904, 1.61028e-05, 263.659
2985, 0.304566, 0.000520639, 2.03944e-05, 0, 1.4004e-10, 2.43139e-09, 0, 0, 0.000541037, 4.89783e-06, 2.03397e-09, 1.18887, 0.97091, 1.60838e-05, 262.716
2986, 0.336623, 0.000490358, 2.06482e-05, 0, 2.08687e-10, 3.39261e-09, 0, 0, 0.000511009, 5.40662e-06, 4.30462e-09, 1.08879, 0.970916, 1.60634e-05, 261.837
2987, 0.369716, 0.000463893, 2.04756e-05, 0, 3.14176e-10, 4.78653e-09, 0, 0, 0.000484374, 5.93014e-06, 8.74689e-09, 0.99502, 0.970922, 1.60423e-05, 261.014
2988, 0.411709, 0.000431987, 1.99596e-05, 0, 4.58168e-10, 6.65967e-09, 0, 0, 0.000451954, 6.59529e-06, 1.62978e-08, 0.887439, 0.970928, 1.60218e-05, 259.974
2989, 0.465552, 0.000387921, 1.94034e-05, 0, 6.60515e-10, 9.24325e-09, 0, 0, 0.000407335, 7.44872e-06, 2.89586e-08, 0.764531, 0.970934, 1.60024e-05, 258.46
2990, 0.498714, 0.000360499, 1.92062e-05, 0, 7.86005e-10, 1.08177e-08, 0, 0, 0.000379717, 7.97181e-06, 3.73197e-08, 0.695723, 0.97094, 1.59835e-05, 257.426
2991, 0.42125, 0.000438906, 1.95249e-05, 0, 5.6977e-10, 7.98252e-09, 0, 0, 0.00045844, 6.72805e-06, 2.59603e-08, 0.864528, 0.970946, 1.59645e-05, 259.984
2992, 0.303114, 0.000557516, 1.98861e-05, 0, 2.46765e-10, 3.75642e-09, 0, 0, 0.000577406, 4.83558e-06, 8.9238e-09, 1.19365, 0.970952, 1.59463e-05, 263.203
2993, 0.253485, 0.00060745, 2.00318e-05, 0, 1.05719e-10, 1.90286e-09, 0, 0, 0.000627484, 4.03815e-06, 1.75989e-09, 1.37245, 0.970958, 1.59285e-05, 264.343
2994, 0.244804, 0.000614273, 2.02486e-05, 0, 7.2977e-11, 1.44765e-09, 0, 0, 0.000634523, 3.89493e-06, 4.82038e-10, 1.4073, 0.970964, 1.59097e-05, 264.441
2995, 0.230793, 0.000633443, 2.01187e-05, 0, 6.01038e-11, 1.2294e-09, 0, 0, 0.000653563, 3.66794e-06, 2.52181e-10, 1.46623, 0.97097, 1.58908e-05, 264.808
2996, 0.178155, 0.000711888, 1.82484e-05, 0, 4.3091e-11, 8.90523e-10, 0, 0, 0.000730138, 2.829e-06, 1.30924e-10, 1.7251, 0.970976, 1.58721e-05, 266.371
2997, 0.116853, 0.00079723, 1.65044e-05, 0, 2.26146e-11, 4.82898e-10, 0, 0, 0.000813735, 1.85311e-06, 6.59924e-11, 2.14684, 0.970982, 1.58535e-05, 267.917
2998, 0.120978, 0.00079197, 1.7086e-05, 0, 3.09958e-11, 5.98545e-10, 0, 0, 0.000809057, 1.91382e-06, 2.96229e-10, 2.11214, 0.970988, 1.58336e-05, 267.767
2999, 0.207606, 0.00069316, 1.84547e-05, 0, 1.1203e-10, 1.87707e-09, 0, 0, 0.000711617, 3.27714e-06, 1.85246e-09, 1.57211, 0.970992, 1.58091e-05, 265.799
3000, 0.353203, 0.00052979, 2.0089e-05, 0, 2.91553e-10, 4.55598e-09, 0, 0, 0.000549884, 5.57031e-06, 6.50626e-09, 1.04071, 0.970989, 1.57845e-05, 261.992
}
