case index 0 = {
los index, 0
num freq, 9701
num column, 15
Waveln,  combin,  path,  path thermal,  surface,  path multiple,  sing,  grnd,  drct,  total,  irrad,  irrad,  - nat log,  direct,  ToA,  bbody
  [nm],  path trans,  emission,   scat,   emission,   scat,  scat,  rflt,  rflt,   rad,   ref,  @obs,  path trans,  emiss,  irrad,  temp[K]
300, 1.08808e-09, 0, 0, 0, 6.89024e-13, 7.77778e-17, 0, 0, 6.89102e-13, 2.31521e-14, 5.5414e-26, 20.6389, 0.970999, 2.06618e-05, 952.927
301, 2.00545e-09, 0, 0, 0, 1.6186e-12, 1.94554e-16, 0, 0, 1.61879e-12, 4.59008e-14, 2.14443e-25, 20.0274, 0.970968, 2.16094e-05, 966.492
302, 3.44979e-09, 0, 0, 0, 3.64401e-12, 4.58454e-16, 0, 0, 3.64447e-12, 8.57991e-14, 7.08185e-25, 19.485, 0.970941, 2.35076e-05, 979.706
303, 5.57341e-09, 0, 0, 0, 7.38835e-12, 9.60343e-16, 0, 0, 7.38929e-12, 1.44359e-13, 1.93663e-24, 19.0053, 0.970909, 2.53559e-05, 991.227
304, 8.54004e-09, 0, 0, 0, 1.36222e-11, 1.81853e-15, 0, 0, 1.3624e-11, 2.15915e-13, 4.69394e-24, 18.5785, 0.970879, 2.56322e-05, 1001.1
305, 1.25359e-08, 0, 0, 0, 2.4633e-11, 3.36452e-15, 0, 0, 2.46364e-11, 3.10063e-13, 1.08304e-23, 18.1947, 0.970849, 2.48687e-05, 1010.85
306, 1.75968e-08, 0, 0, 0, 4.57917e-11, 6.37579e-15, 0, 0, 4.57981e-11, 4.58491e-13, 2.47944e-23, 17.8555, 0.970819, 2.53688e-05, 1021.48
307, 2.39175e-08, 0, 0, 0, 8.57678e-11, 1.21319e-14, 0, 0, 8.578e-11, 7.0005e-13, 5.48245e-23, 17.5487, 0.970792, 2.80623e-05, 1032.61
308, 3.13367e-08, 0, 0, 0, 1.50873e-10, 2.16546e-14, 0, 0, 1.50895e-10, 1.03987e-12, 1.10665e-22, 17.2785, 0.970759, 3.20571e-05, 1042.61
309, 3.99491e-08, 0, 0, 0, 2.48346e-10, 3.61625e-14, 0, 0, 2.48381e-10, 1.45775e-12, 2.07379e-22, 17.0357, 0.970729, 3.56808e-05, 1051.32
310, 4.98132e-08, 0, 0, 0, 3.96795e-10, 5.86855e-14, 0, 0, 3.96854e-10, 2.00572e-12, 3.74352e-22, 16.815, 0.970701, 3.92717e-05, 1059.53
311, 6.04706e-08, 0, 0, 0, 6.12594e-10, 9.19963e-14, 0, 0, 6.12685e-10, 2.73621e-12, 6.43332e-22, 16.6211, 0.97067, 4.43165e-05, 1067.1
312, 7.24264e-08, 0, 0, 0, 8.6608e-10, 1.31899e-13, 0, 0, 8.6621e-10, 3.45837e-12, 1.0021e-21, 16.4407, 0.970641, 4.75138e-05, 1072.65
313, 8.52166e-08, 0, 0, 0, 1.12091e-09, 1.73514e-13, 0, 0, 1.12109e-09, 4.04551e-12, 1.43113e-21, 16.2781, 0.970611, 4.74462e-05, 1076.08
314, 9.87236e-08, 0, 0, 0, 1.42945e-09, 2.25437e-13, 0, 0, 1.42968e-09, 4.71309e-12, 2.018e-21, 16.1309, 0.970581, 4.75433e-05, 1079.21
315, 1.12907e-07, 0, 0, 0, 1.80558e-09, 2.90123e-13, 0, 0, 1.80587e-09, 5.52819e-12, 2.79651e-21, 15.9967, 0.970549, 4.88182e-05, 1082.14
316, 1.27213e-07, 0, 0, 0, 2.22669e-09, 3.65099e-13, 0, 0, 2.22706e-09, 6.41326e-12, 3.78219e-21, 15.8774, 0.970521, 5.02262e-05, 1084.51
317, 1.42066e-07, 0, 0, 0, 2.73033e-09, 4.56907e-13, 0, 0, 2.73078e-09, 7.46542e-12, 5.06788e-21, 15.767, 0.970491, 5.23683e-05, 1086.78
318, 1.58034e-07, 0, 0, 0, 3.24579e-09, 5.53913e-13, 0, 0, 3.24634e-09, 8.44773e-12, 6.56297e-21, 15.6605, 0.97046, 5.34825e-05, 1088.29
319, 1.74594e-07, 0, 0, 0, 3.79682e-09, 6.6179e-13, 0, 0, 3.79748e-09, 9.4497e-12, 8.38215e-21, 15.5608, 0.970431, 5.39719e-05, 1089.4
320, 1.90968e-07, 0, 0, 0, 4.51354e-09, 8.04565e-13, 0, 0, 4.51435e-09, 1.08641e-11, 1.08682e-20, 15.4712, 0.970398, 5.65251e-05, 1090.97
321, 2.07918e-07, 0, 0, 0, 5.21063e-09, 9.48024e-13, 0, 0, 5.21159e-09, 1.22282e-11, 1.35478e-20, 15.3861, 0.970367, 5.87087e-05, 1091.79
322, 2.23101e-07, 0, 0, 0, 5.50177e-09, 1.02515e-12, 0, 0, 5.5028e-09, 1.28257e-11, 1.54885e-20, 15.3156, 0.97034, 5.7624e-05, 1090.26
323, 2.39947e-07, 0, 0, 0, 5.9265e-09, 1.13422e-12, 0, 0, 5.92765e-09, 1.36426e-11, 1.8288e-20, 15.2428, 0.970311, 5.67534e-05, 1089.27
324, 2.57934e-07, 0, 0, 0, 6.94749e-09, 1.36426e-12, 0, 0, 6.94884e-09, 1.58143e-11, 2.33757e-20, 15.1706, 0.970281, 6.08781e-05, 1090.56
325, 2.73399e-07, 0, 0, 0, 8.19395e-09, 1.65211e-12, 0, 0, 8.19558e-09, 1.87437e-11, 2.99016e-20, 15.1123, 0.970249, 6.80389e-05, 1092.05
326, 2.91112e-07, 0, 0, 0, 9.46316e-09, 1.95348e-12, 0, 0, 9.4651e-09, 2.15615e-11, 3.72784e-20, 15.0496, 0.970219, 7.36517e-05, 1093
327, 3.08641e-07, 0, 0, 0, 1.01726e-08, 2.14957e-12, 0, 0, 1.01747e-08, 2.324e-11, 4.30937e-20, 14.9911, 0.97019, 7.51553e-05, 1092.03
328, 3.24666e-07, 0, 0, 0, 1.04401e-08, 2.26852e-12, 0, 0, 1.04424e-08, 2.41744e-11, 4.80069e-20, 14.9405, 0.970158, 7.42966e-05, 1089.82
329, 3.43901e-07, 0, 0, 0, 1.11399e-08, 2.48476e-12, 0, 0, 1.11424e-08, 2.58893e-11, 5.55385e-20, 14.8829, 0.97013, 7.50562e-05, 1088.67
330, 3.61859e-07, 0, 0, 0, 1.15301e-08, 2.63669e-12, 0, 0, 1.15327e-08, 2.71139e-11, 6.18201e-20, 14.832, 0.9701, 7.49281e-05, 1086.72
331, 3.77887e-07, 0, 0, 0, 1.12645e-08, 2.65049e-12, 0, 0, 1.12672e-08, 2.71042e-11, 6.53384e-20, 14.7887, 0.970069, 7.18674e-05, 1083.21
332, 3.97216e-07, 0, 0, 0, 1.13627e-08, 2.75002e-12, 0, 0, 1.13655e-08, 2.77001e-11, 7.15654e-20, 14.7388, 0.970042, 6.97633e-05, 1080.59
333, 4.16637e-07, 0, 0, 0, 1.18885e-08, 2.95579e-12, 0, 0, 1.18915e-08, 2.93819e-11, 8.09412e-20, 14.6911, 0.970012, 7.04346e-05, 1078.97
334, 4.35242e-07, 0, 0, 0, 1.22965e-08, 3.141e-12, 0, 0, 1.22996e-08, 3.09788e-11, 9.02747e-20, 14.6474, 0.969979, 7.11908e-05, 1077.05
335, 4.56648e-07, 0, 0, 0, 1.20005e-08, 3.14186e-12, 0, 0, 1.20036e-08, 3.0649e-11, 9.45561e-20, 14.5994, 0.969949, 6.74874e-05, 1073.59
336, 4.78023e-07, 0, 0, 0, 1.06318e-08, 2.86131e-12, 0, 0, 1.06346e-08, 2.76861e-11, 9.05312e-20, 14.5536, 0.969918, 5.83489e-05, 1067.56
337, 4.98156e-07, 0, 0, 0, 9.73402e-09, 2.71796e-12, 0, 0, 9.73673e-09, 2.62227e-11, 9.15353e-20, 14.5124, 0.969889, 5.26483e-05, 1062.45
338, 5.21214e-07, 0, 0, 0, 1.04324e-08, 3.01888e-12, 0, 0, 1.04354e-08, 2.8931e-11, 1.08147e-19, 14.4671, 0.969858, 5.51961e-05, 1061.53
339, 5.46796e-07, 0, 0, 0, 1.18677e-08, 3.54134e-12, 0, 0, 1.18712e-08, 3.36693e-11, 1.33945e-19, 14.4192, 0.96983, 6.12758e-05, 1062.2
340, 5.72283e-07, 0, 0, 0, 1.28444e-08, 3.94753e-12, 0, 0, 1.28483e-08, 3.73799e-11, 1.5705e-19, 14.3736, 0.969799, 6.52938e-05, 1061.57
341, 5.99437e-07, 0, 0, 0, 1.29503e-08, 4.11045e-12, 0, 0, 1.29544e-08, 3.87284e-11, 1.72926e-19, 14.3273, 0.969772, 6.46879e-05, 1059.07
342, 6.28512e-07, 0, 0, 0, 1.35377e-08, 4.45389e-12, 0, 0, 1.35422e-08, 4.16886e-11, 1.99378e-19, 14.2799, 0.969739, 6.6131e-05, 1057.54
343, 6.57404e-07, 0, 0, 0, 1.46008e-08, 4.96303e-12, 0, 0, 1.46058e-08, 4.63136e-11, 2.34712e-19, 14.235, 0.969709, 7.03092e-05, 1056.86
344, 6.86899e-07, 0, 0, 0, 1.49852e-08, 5.2616e-12, 0, 0, 1.49904e-08, 4.90118e-11, 2.62873e-19, 14.1911, 0.969681, 7.13491e-05, 1054.86
345, 7.19169e-07, 0, 0, 0, 1.55074e-08, 5.63675e-12, 0, 0, 1.5513e-08, 5.22568e-11, 2.99101e-19, 14.1452, 0.969649, 7.24938e-05, 1053.1
346, 7.53439e-07, 0, 0, 0, 1.69381e-08, 6.36812e-12, 0, 0, 1.69445e-08, 5.8696e-11, 3.58473e-19, 14.0986, 0.969619, 7.75503e-05, 1052.79
347, 7.88068e-07, 0, 0, 0, 1.885e-08, 7.31629e-12, 0, 0, 1.88573e-08, 6.71602e-11, 4.35084e-19, 14.0537, 0.969589, 8.48768e-05, 1053
348, 8.23438e-07, 0, 0, 0, 2.01787e-08, 8.07003e-12, 0, 0, 2.01868e-08, 7.38439e-11, 5.05123e-19, 14.0098, 0.969558, 8.95976e-05, 1052.18
349, 8.60182e-07, 0, 0, 0, 2.02162e-08, 8.33154e-12, 0, 0, 2.02245e-08, 7.59825e-11, 5.4906e-19, 13.9661, 0.96953, 8.84977e-05, 1049.59
350, 8.97814e-07, 0, 0, 0, 1.95361e-08, 8.30585e-12, 0, 0, 1.95445e-08, 7.55174e-11, 5.77169e-19, 13.9233, 0.9695, 8.43419e-05, 1046.07
351, 9.36078e-07, 0, 0, 0, 1.85022e-08, 8.1156e-12, 0, 0, 1.85103e-08, 7.36135e-11, 5.94574e-19, 13.8816, 0.969471, 7.88959e-05, 1042.02
352, 9.7573e-07, 0, 0, 0, 1.8057e-08, 8.20023e-12, 0, 0, 1.80652e-08, 7.41789e-11, 6.37398e-19, 13.8401, 0.969439, 7.59393e-05, 1038.8
353, 1.01727e-06, 0, 0, 0, 2.00623e-08, 9.43814e-12, 0, 0, 2.00718e-08, 8.50964e-11, 7.78712e-19, 13.7984, 0.96941, 8.30902e-05, 1039.01
354, 1.06019e-06, 0, 0, 0, 2.32392e-08, 1.12583e-11, 0, 0, 2.32504e-08, 1.01243e-10, 9.75961e-19, 13.7571, 0.969379, 9.50501e-05, 1040.35
355, 1.10413e-06, 0, 0, 0, 2.46034e-08, 1.22422e-11, 0, 0, 2.46156e-08, 1.09861e-10, 1.11019e-18, 13.7165, 0.969351, 9.95606e-05, 1039.32
356, 1.14901e-06, 0, 0, 0, 2.32951e-08, 1.19138e-11, 0, 0, 2.3307e-08, 1.06707e-10, 1.13148e-18, 13.6766, 0.969318, 9.33027e-05, 1035.32
357, 1.19494e-06, 0, 0, 0, 2.13134e-08, 1.12536e-11, 0, 0, 2.13246e-08, 1.00598e-10, 1.12736e-18, 13.6374, 0.969291, 8.44289e-05, 1030.44
358, 1.24231e-06, 0, 0, 0, 2.13688e-08, 1.1676e-11, 0, 0, 2.13804e-08, 1.04158e-10, 1.2377e-18, 13.5985, 0.969258, 8.36676e-05, 1028
359, 1.29131e-06, 0, 0, 0, 2.32078e-08, 1.30826e-11, 0, 0, 2.32209e-08, 1.16477e-10, 1.4598e-18, 13.5599, 0.969229, 8.98944e-05, 1027.68
360, 1.34228e-06, 0, 0, 0, 2.47266e-08, 1.43294e-11, 0, 0, 2.4741e-08, 1.27338e-10, 1.67449e-18, 13.5211, 0.9692, 9.48053e-05, 1026.86
361, 1.39623e-06, 0, 0, 0, 2.46977e-08, 1.47142e-11, 0, 0, 2.47124e-08, 1.30423e-10, 1.80404e-18, 13.4817, 0.969172, 9.35346e-05, 1024.35
362, 1.45375e-06, 0, 0, 0, 2.48885e-08, 1.52852e-11, 0, 0, 2.49037e-08, 1.34988e-10, 1.97842e-18, 13.4414, 0.969142, 9.27371e-05, 1022.09
363, 1.51391e-06, 0, 0, 0, 2.68649e-08, 1.7002e-11, 0, 0, 2.68819e-08, 1.49578e-10, 2.32205e-18, 13.4008, 0.969112, 9.84227e-05, 1021.64
364, 1.57532e-06, 0, 0, 0, 2.98871e-08, 1.94607e-11, 0, 0, 2.99066e-08, 1.70666e-10, 2.79505e-18, 13.3611, 0.969082, 0.000107884, 1022.01
365, 1.63765e-06, 0, 0, 0, 3.31767e-08, 2.22088e-11, 0, 0, 3.31989e-08, 1.94235e-10, 3.34722e-18, 13.3222, 0.969049, 0.000118187, 1022.34
366, 1.70133e-06, 0, 0, 0, 3.55097e-08, 2.43952e-11, 0, 0, 3.55341e-08, 2.12819e-10, 3.84529e-18, 13.2841, 0.969019, 0.000124981, 1021.71
367, 1.76669e-06, 0, 0, 0, 3.54553e-08, 2.49978e-11, 0, 0, 3.54802e-08, 2.17548e-10, 4.1211e-18, 13.2464, 0.968989, 0.000123338, 1019.25
368, 1.83396e-06, 0, 0, 0, 3.46943e-08, 2.51647e-11, 0, 0, 3.47195e-08, 2.18455e-10, 4.35677e-18, 13.209, 0.96896, 0.0001192, 1016.26
369, 1.90335e-06, 0, 0, 0, 3.52046e-08, 2.62707e-11, 0, 0, 3.5231e-08, 2.27496e-10, 4.77559e-18, 13.1719, 0.968929, 0.00011946, 1014.25
370, 1.9747e-06, 0, 0, 0, 3.5611e-08, 2.72808e-11, 0, 0, 3.56383e-08, 2.35716e-10, 5.18808e-18, 13.1351, 0.968902, 0.000119467, 1012.17
371, 2.04786e-06, 0, 0, 0, 3.47036e-08, 2.7288e-11, 0, 0, 3.47309e-08, 2.35277e-10, 5.42776e-18, 13.0987, 0.968869, 0.000115133, 1009.12
372, 2.1232e-06, 0, 0, 0, 3.28778e-08, 2.65321e-11, 0, 0, 3.29043e-08, 2.28281e-10, 5.51864e-18, 13.0626, 0.96884, 0.000107874, 1005.35
373, 2.20122e-06, 0, 0, 0, 3.04316e-08, 2.52194e-11, 0, 0, 3.04569e-08, 2.16492e-10, 5.49256e-18, 13.0265, 0.968811, 9.86952e-05, 1000.99
374, 2.28165e-06, 0, 0, 0, 2.92164e-08, 2.49239e-11, 0, 0, 2.92412e-08, 2.13429e-10, 5.7072e-18, 12.9906, 0.96878, 9.35637e-05, 997.606
375, 2.36375e-06, 0, 0, 0, 3.09166e-08, 2.71524e-11, 0, 0, 3.09438e-08, 2.32e-10, 6.53547e-18, 12.9553, 0.968751, 9.78126e-05, 996.755
376, 2.44737e-06, 0, 0, 0, 3.47739e-08, 3.13755e-11, 0, 0, 3.48052e-08, 2.67568e-10, 7.90802e-18, 12.9205, 0.968721, 0.000108825, 997.498
377, 2.53293e-06, 0, 0, 0, 3.95489e-08, 3.66104e-11, 0, 0, 3.95854e-08, 3.11629e-10, 9.6374e-18, 12.8861, 0.96869, 0.000122514, 998.549
378, 2.62041e-06, 0, 0, 0, 4.3024e-08, 4.07749e-11, 0, 0, 4.30646e-08, 3.46549e-10, 1.1168e-17, 12.8522, 0.968658, 0.000132101, 998.456
379, 2.71014e-06, 0, 0, 0, 4.28464e-08, 4.15804e-11, 0, 0, 4.28881e-08, 3.52925e-10, 1.18573e-17, 12.8185, 0.968632, 0.000130432, 996.06
380, 2.80365e-06, 0, 0, 0, 4.15663e-08, 4.13935e-11, 0, 0, 4.16076e-08, 3.50729e-10, 1.23406e-17, 12.7846, 0.968599, 0.000125243, 992.992
381, 2.90207e-06, 0, 0, 0, 4.05238e-08, 4.13444e-11, 0, 0, 4.0565e-08, 3.4952e-10, 1.28586e-17, 12.7501, 0.96857, 0.000120717, 990.069
382, 3.00486e-06, 0, 0, 0, 3.74156e-08, 3.90579e-11, 0, 0, 3.74547e-08, 3.29331e-10, 1.26561e-17, 12.7153, 0.968539, 0.000110113, 985.754
383, 3.11061e-06, 0, 0, 0, 3.42448e-08, 3.66936e-11, 0, 0, 3.42816e-08, 3.08496e-10, 1.24619e-17, 12.6807, 0.968509, 9.93997e-05, 981.243
384, 3.21832e-06, 0, 0, 0, 3.50602e-08, 3.86239e-11, 0, 0, 3.50989e-08, 3.2383e-10, 1.37785e-17, 12.6467, 0.968479, 0.000100358, 979.625
385, 3.32801e-06, 0, 0, 0, 3.83009e-08, 4.32137e-11, 0, 0, 3.83441e-08, 3.61501e-10, 1.60756e-17, 12.6131, 0.968448, 0.000108374, 979.68
386, 3.44e-06, 0, 0, 0, 3.99704e-08, 4.61229e-11, 0, 0, 4.00165e-08, 3.85036e-10, 1.785e-17, 12.58, 0.96842, 0.000111902, 978.57
387, 3.55455e-06, 0, 0, 0, 4.03173e-08, 4.7633e-11, 0, 0, 4.03649e-08, 3.96831e-10, 1.92142e-17, 12.5473, 0.968387, 0.000111654, 976.596
388, 3.67216e-06, 0, 0, 0, 4.13185e-08, 5.00513e-11, 0, 0, 4.13685e-08, 4.16123e-10, 2.10966e-17, 12.5147, 0.96836, 0.000113143, 975.04
389, 3.79315e-06, 0, 0, 0, 4.51386e-08, 5.60825e-11, 0, 0, 4.51948e-08, 4.65297e-10, 2.47119e-17, 12.4823, 0.96833, 0.000122192, 975.132
390, 3.91737e-06, 0, 0, 0, 5.07772e-08, 6.45595e-11, 0, 0, 5.08418e-08, 5.34608e-10, 2.96179e-17, 12.4501, 0.9683, 0.000136018, 975.993
391, 4.04478e-06, 0, 0, 0, 5.37561e-08, 6.97596e-11, 0, 0, 5.38258e-08, 5.7669e-10, 3.31696e-17, 12.4181, 0.968267, 0.000142657, 975.3
392, 4.17589e-06, 0, 0, 0, 4.92459e-08, 6.51263e-11, 0, 0, 4.9311e-08, 5.37517e-10, 3.20159e-17, 12.3862, 0.968239, 0.000129551, 970.886
393, 4.31112e-06, 0, 0, 0, 4.11975e-08, 5.58224e-11, 0, 0, 4.12533e-08, 4.59725e-10, 2.86618e-17, 12.3543, 0.968209, 0.000107152, 964.19
394, 4.44982e-06, 0, 0, 0, 4.23735e-08, 5.91791e-11, 0, 0, 4.24326e-08, 4.86103e-10, 3.20455e-17, 12.3226, 0.968179, 0.000108659, 962.78
395, 4.59135e-06, 0, 0, 0, 4.97651e-08, 7.09804e-11, 0, 0, 4.9836e-08, 5.82081e-10, 3.98665e-17, 12.2913, 0.968151, 0.000126389, 964.757
396, 4.73566e-06, 0, 0, 0, 4.9902e-08, 7.25079e-11, 0, 0, 4.99746e-08, 5.93739e-10, 4.20909e-17, 12.2604, 0.968117, 0.000125683, 962.715
397, 4.88301e-06, 0, 0, 0, 5.02116e-08, 7.49525e-11, 0, 0, 5.02866e-08, 6.12423e-10, 4.56525e-17, 12.2297, 0.96809, 0.000124919, 960.77
398, 5.03388e-06, 0, 0, 0, 6.28752e-08, 9.62617e-11, 0, 0, 6.29715e-08, 7.84957e-10, 6.12866e-17, 12.1993, 0.96806, 0.000154601, 964.43
399, 5.18901e-06, 0, 0, 0, 7.73723e-08, 1.2072e-10, 0, 0, 7.74932e-08, 9.82896e-10, 7.94747e-17, 12.169, 0.968032, 0.000188579, 967.696
400, 5.34823e-06, 0, 0, 0, 8.48277e-08, 1.35011e-10, 0, 0, 8.49627e-08, 1.09751e-09, 9.20926e-17, 12.1387, 0.968001, 0.000204853, 967.993
401, 5.51205e-06, 0, 0, 0, 8.97382e-08, 1.45938e-10, 0, 0, 8.98841e-08, 1.18411e-09, 1.0344e-16, 12.1086, 0.967971, 0.000214488, 967.371
402, 5.68094e-06, 0, 0, 0, 9.47457e-08, 1.57408e-10, 0, 0, 9.49031e-08, 1.27461e-09, 1.159e-16, 12.0784, 0.967941, 0.000224072, 966.706
403, 5.85377e-06, 0, 0, 0, 9.85005e-08, 1.671e-10, 0, 0, 9.86675e-08, 1.35061e-09, 1.27704e-16, 12.0484, 0.967909, 0.000230602, 965.647
404, 6.02983e-06, 0, 0, 0, 9.96578e-08, 1.72596e-10, 0, 0, 9.98303e-08, 1.39281e-09, 1.36861e-16, 12.0188, 0.967881, 0.000231071, 963.886
405, 6.20974e-06, 0, 0, 0, 9.88052e-08, 1.74717e-10, 0, 0, 9.898e-08, 1.40757e-09, 1.43787e-16, 11.9894, 0.967851, 0.000226858, 961.605
406, 6.39423e-06, 0, 0, 0, 9.70212e-08, 1.75162e-10, 0, 0, 9.71964e-08, 1.40852e-09, 1.49615e-16, 11.9601, 0.967822, 0.000220494, 959.085
407, 6.58241e-06, 0, 0, 0, 9.64498e-08, 1.77909e-10, 0, 0, 9.66276e-08, 1.42803e-09, 1.57924e-16, 11.9311, 0.96779, 0.000216931, 956.896
408, 6.77372e-06, 0, 0, 0, 9.87474e-08, 1.85994e-10, 0, 0, 9.89332e-08, 1.49079e-09, 1.71377e-16, 11.9025, 0.96776, 0.000219995, 955.478
409, 6.97015e-06, 0, 0, 0, 9.89208e-08, 1.90003e-10, 0, 0, 9.91108e-08, 1.52083e-09, 1.81322e-16, 11.8739, 0.96773, 0.00021841, 953.505
410, 7.17249e-06, 0, 0, 0, 9.66143e-08, 1.89446e-10, 0, 0, 9.68036e-08, 1.51377e-09, 1.87646e-16, 11.8453, 0.9677, 0.000211195, 950.888
411, 7.3798e-06, 0, 0, 0, 9.84669e-08, 1.97273e-10, 0, 0, 9.86642e-08, 1.57329e-09, 2.03099e-16, 11.8168, 0.967672, 0.000212945, 949.378
412, 7.59081e-06, 0, 0, 0, 1.0373e-07, 2.12042e-10, 0, 0, 1.03942e-07, 1.68826e-09, 2.26344e-16, 11.7886, 0.967641, 0.000222128, 948.727
413, 7.80554e-06, 0, 0, 0, 1.07899e-07, 2.24929e-10, 0, 0, 1.08124e-07, 1.78833e-09, 2.48722e-16, 11.7607, 0.967611, 0.000228947, 947.759
414, 8.02676e-06, 0, 0, 0, 1.11276e-07, 2.36627e-10, 0, 0, 1.11513e-07, 1.87825e-09, 2.71218e-16, 11.7327, 0.967581, 0.000233832, 946.576
415, 8.2544e-06, 0, 0, 0, 1.15107e-07, 2.49648e-10, 0, 0, 1.15356e-07, 1.97789e-09, 2.96508e-16, 11.7048, 0.967549, 0.000239443, 945.479
416, 8.48606e-06, 0, 0, 0, 1.17858e-07, 2.60533e-10, 0, 0, 1.18118e-07, 2.06053e-09, 3.2026e-16, 11.6771, 0.96752, 0.000242807, 944.126
417, 8.72126e-06, 0, 0, 0, 1.17417e-07, 2.64509e-10, 0, 0, 1.17681e-07, 2.08887e-09, 3.36465e-16, 11.6497, 0.967492, 0.000239682, 942.076
418, 8.96144e-06, 0, 0, 0, 1.16248e-07, 2.67064e-10, 0, 0, 1.16515e-07, 2.1061e-09, 3.52023e-16, 11.6226, 0.967461, 0.000235091, 939.874
419, 9.2073e-06, 0, 0, 0, 1.17252e-07, 2.74697e-10, 0, 0, 1.17527e-07, 2.16327e-09, 3.75181e-16, 11.5955, 0.967431, 0.000234907, 938.159
420, 9.45828e-06, 0, 0, 0, 1.1951e-07, 2.85413e-10, 0, 0, 1.19796e-07, 2.24449e-09, 4.03663e-16, 11.5686, 0.967399, 0.000237211, 936.72
421, 9.71409e-06, 0, 0, 0, 1.22059e-07, 2.97e-10, 0, 0, 1.22356e-07, 2.33232e-09, 4.34573e-16, 11.5419, 0.96737, 0.000240059, 935.341
422, 9.97509e-06, 0, 0, 0, 1.22402e-07, 3.03338e-10, 0, 0, 1.22705e-07, 2.37884e-09, 4.58924e-16, 11.5154, 0.967339, 0.000238581, 933.5
423, 1.02415e-05, 0, 0, 0, 1.22657e-07, 3.09832e-10, 0, 0, 1.22967e-07, 2.42652e-09, 4.85381e-16, 11.4891, 0.967311, 0.000236887, 931.65
424, 1.0514e-05, 0, 0, 0, 1.257e-07, 3.2355e-10, 0, 0, 1.26023e-07, 2.53061e-09, 5.24557e-16, 11.4628, 0.96728, 0.000240564, 930.38
425, 1.07943e-05, 0, 0, 0, 1.28257e-07, 3.36162e-10, 0, 0, 1.28594e-07, 2.62515e-09, 5.63344e-16, 11.4365, 0.967252, 0.000243184, 929.006
426, 1.10812e-05, 0, 0, 0, 1.28371e-07, 3.42506e-10, 0, 0, 1.28713e-07, 2.67027e-09, 5.92996e-16, 11.4103, 0.967221, 0.000241116, 927.148
427, 1.1372e-05, 0, 0, 0, 1.25292e-07, 3.40277e-10, 0, 0, 1.25632e-07, 2.64933e-09, 6.08599e-16, 11.3844, 0.967188, 0.000233263, 924.66
428, 1.16698e-05, 0, 0, 0, 1.20198e-07, 3.32329e-10, 0, 0, 1.20531e-07, 2.58398e-09, 6.14188e-16, 11.3585, 0.967161, 0.000221798, 921.747
429, 1.1976e-05, 0, 0, 0, 1.13415e-07, 3.1916e-10, 0, 0, 1.13734e-07, 2.47774e-09, 6.09337e-16, 11.3326, 0.96713, 0.000207345, 918.43
430, 1.22855e-05, 0, 0, 0, 1.07575e-07, 3.08481e-10, 0, 0, 1.07884e-07, 2.39128e-09, 6.09777e-16, 11.3071, 0.9671, 0.00019479, 915.263
431, 1.25992e-05, 0, 0, 0, 1.1282e-07, 3.30157e-10, 0, 0, 1.13151e-07, 2.55564e-09, 6.77443e-16, 11.2819, 0.967072, 0.000202241, 914.623
432, 1.29209e-05, 0, 0, 0, 1.27999e-07, 3.81217e-10, 0, 0, 1.2838e-07, 2.9469e-09, 8.07809e-16, 11.2567, 0.967039, 0.000227406, 915.966
433, 1.32483e-05, 0, 0, 0, 1.37111e-07, 4.14899e-10, 0, 0, 1.37527e-07, 3.20389e-09, 9.05333e-16, 11.2316, 0.967011, 0.000241701, 915.876
434, 1.35799e-05, 0, 0, 0, 1.38423e-07, 4.26051e-10, 0, 0, 1.38849e-07, 3.28693e-09, 9.59355e-16, 11.2069, 0.966979, 0.000242071, 914.298
435, 1.39187e-05, 0, 0, 0, 1.41408e-07, 4.43138e-10, 0, 0, 1.41851e-07, 3.41465e-09, 1.03158e-15, 11.1823, 0.966951, 0.000245105, 913.025
436, 1.42686e-05, 0, 0, 0, 1.48799e-07, 4.74389e-10, 0, 0, 1.49273e-07, 3.64954e-09, 1.14008e-15, 11.1575, 0.96692, 0.000255489, 912.506
437, 1.46273e-05, 0, 0, 0, 1.52894e-07, 4.9532e-10, 0, 0, 1.53389e-07, 3.8043e-09, 1.22641e-15, 11.1326, 0.966889, 0.000260141, 911.392
438, 1.49874e-05, 0, 0, 0, 1.50467e-07, 4.95593e-10, 0, 0, 1.50963e-07, 3.80206e-09, 1.26542e-15, 11.1083, 0.966861, 0.000253881, 909.198
439, 1.53491e-05, 0, 0, 0, 1.49843e-07, 5.0233e-10, 0, 0, 1.50345e-07, 3.85093e-09, 1.32521e-15, 11.0845, 0.966829, 0.000250832, 907.311
440, 1.5722e-05, 0, 0, 0, 1.54332e-07, 5.26359e-10, 0, 0, 1.54858e-07, 4.03067e-09, 1.43347e-15, 11.0605, 0.966801, 0.000256177, 906.277
441, 1.61065e-05, 0, 0, 0, 1.60988e-07, 5.5841e-10, 0, 0, 1.61546e-07, 4.26947e-09, 1.56903e-15, 11.0363, 0.966769, 0.000264798, 905.568
442, 1.6495e-05, 0, 0, 0, 1.68933e-07, 5.9575e-10, 0, 0, 1.69529e-07, 4.54912e-09, 1.72567e-15, 11.0125, 0.966741, 0.000275535, 905.016
443, 1.68876e-05, 0, 0, 0, 1.7322e-07, 6.20695e-10, 0, 0, 1.73841e-07, 4.73559e-09, 1.85166e-15, 10.9889, 0.96671, 0.000280423, 903.889
444, 1.72876e-05, 0, 0, 0, 1.72211e-07, 6.2711e-10, 0, 0, 1.72838e-07, 4.78125e-09, 1.92786e-15, 10.9655, 0.96668, 0.000276721, 901.991
445, 1.76959e-05, 0, 0, 0, 1.70634e-07, 6.3176e-10, 0, 0, 1.71266e-07, 4.81241e-09, 2.00325e-15, 10.9422, 0.96665, 0.000271998, 900.017
446, 1.81175e-05, 0, 0, 0, 1.74819e-07, 6.58315e-10, 0, 0, 1.75478e-07, 5.0075e-09, 2.1549e-15, 10.9186, 0.966621, 0.000276101, 898.888
447, 1.85489e-05, 0, 0, 0, 1.85551e-07, 7.10092e-10, 0, 0, 1.8626e-07, 5.3937e-09, 2.3962e-15, 10.8951, 0.96659, 0.000290395, 898.652
448, 1.8985e-05, 0, 0, 0, 1.93875e-07, 7.5342e-10, 0, 0, 1.94628e-07, 5.71704e-09, 2.61738e-15, 10.8719, 0.96656, 0.000300976, 898.028
449, 1.94336e-05, 0, 0, 0, 1.98427e-07, 7.83338e-10, 0, 0, 1.99212e-07, 5.93648e-09, 2.80404e-15, 10.8485, 0.96653, 0.000305348, 896.892
450, 1.98946e-05, 0, 0, 0, 2.04316e-07, 8.1937e-10, 0, 0, 2.05136e-07, 6.19944e-09, 3.02214e-15, 10.8251, 0.966501, 0.000311446, 895.913
451, 2.0359e-05, 0, 0, 0, 2.08273e-07, 8.4794e-10, 0, 0, 2.09122e-07, 6.40673e-09, 3.2184e-15, 10.802, 0.96647, 0.000314717, 894.688
452, 2.08273e-05, 0, 0, 0, 2.06942e-07, 8.55403e-10, 0, 0, 2.07798e-07, 6.45553e-09, 3.3415e-15, 10.7792, 0.966441, 0.000310116, 892.827
453, 2.13044e-05, 0, 0, 0, 2.06076e-07, 8.65344e-10, 0, 0, 2.06941e-07, 6.52273e-09, 3.48282e-15, 10.7566, 0.96641, 0.000306176, 891.029
454, 2.17914e-05, 0, 0, 0, 2.09633e-07, 8.94138e-10, 0, 0, 2.10527e-07, 6.73153e-09, 3.70674e-15, 10.734, 0.966382, 0.000308796, 889.771
455, 2.22846e-05, 0, 0, 0, 2.14472e-07, 9.2887e-10, 0, 0, 2.15401e-07, 6.9855e-09, 3.96382e-15, 10.7116, 0.966351, 0.000313352, 888.661
456, 2.27826e-05, 0, 0, 0, 2.18987e-07, 9.62817e-10, 0, 0, 2.1995e-07, 7.23426e-09, 4.22744e-15, 10.6895, 0.96632, 0.00031747, 887.508
457, 2.3286e-05, 0, 0, 0, 2.20044e-07, 9.81826e-10, 0, 0, 2.21025e-07, 7.37177e-09, 4.43278e-15, 10.6677, 0.966291, 0.000316677, 885.961
458, 2.37946e-05, 0, 0, 0, 2.18115e-07, 9.88052e-10, 0, 0, 2.19103e-07, 7.41484e-09, 4.59043e-15, 10.6461, 0.96626, 0.0003117, 884.081
459, 2.43137e-05, 0, 0, 0, 2.20261e-07, 1.01336e-09, 0, 0, 2.21275e-07, 7.60088e-09, 4.84833e-15, 10.6245, 0.966233, 0.000312489, 882.671
460, 2.48454e-05, 0, 0, 0, 2.27032e-07, 1.06037e-09, 0, 0, 2.28092e-07, 7.94813e-09, 5.22031e-15, 10.6028, 0.966201, 0.000319713, 881.777
461, 2.53872e-05, 0, 0, 0, 2.33203e-07, 1.10522e-09, 0, 0, 2.34309e-07, 8.27811e-09, 5.59447e-15, 10.5813, 0.966169, 0.000325977, 880.801
462, 2.5941e-05, 0, 0, 0, 2.36467e-07, 1.13708e-09, 0, 0, 2.37604e-07, 8.50887e-09, 5.91724e-15, 10.5597, 0.96614, 0.000327998, 879.511
463, 2.65054e-05, 0, 0, 0, 2.38341e-07, 1.16294e-09, 0, 0, 2.39503e-07, 8.69404e-09, 6.22276e-15, 10.5382, 0.966111, 0.000328015, 878.077
464, 2.70822e-05, 0, 0, 0, 2.39982e-07, 1.18808e-09, 0, 0, 2.4117e-07, 8.87236e-09, 6.5363e-15, 10.5166, 0.966078, 0.000327624, 876.624
465, 2.76759e-05, 0, 0, 0, 2.41908e-07, 1.21504e-09, 0, 0, 2.43122e-07, 9.0602e-09, 6.87242e-15, 10.4949, 0.966049, 0.000327356, 875.205
466, 2.82764e-05, 0, 0, 0, 2.44972e-07, 1.24821e-09, 0, 0, 2.4622e-07, 9.29407e-09, 7.25623e-15, 10.4735, 0.96602, 0.000328647, 873.906
467, 2.88725e-05, 0, 0, 0, 2.47472e-07, 1.27899e-09, 0, 0, 2.48751e-07, 9.51543e-09, 7.63864e-15, 10.4526, 0.96599, 0.000329563, 872.552
468, 2.94707e-05, 0, 0, 0, 2.49152e-07, 1.30625e-09, 0, 0, 2.50458e-07, 9.71379e-09, 8.01589e-15, 10.4321, 0.96596, 0.000329596, 871.12
469, 3.008e-05, 0, 0, 0, 2.51592e-07, 1.33802e-09, 0, 0, 2.5293e-07, 9.94456e-09, 8.43514e-15, 10.4117, 0.96593, 0.000330582, 869.768
470, 3.06976e-05, 0, 0, 0, 2.53426e-07, 1.36692e-09, 0, 0, 2.54794e-07, 1.01535e-08, 8.84939e-15, 10.3913, 0.965898, 0.000330764, 868.361
471, 3.13195e-05, 0, 0, 0, 2.55975e-07, 1.40039e-09, 0, 0, 2.57376e-07, 1.03974e-08, 9.31183e-15, 10.3713, 0.96587, 0.000331908, 867.027
472, 3.19441e-05, 0, 0, 0, 2.60975e-07, 1.4479e-09, 0, 0, 2.62423e-07, 1.07471e-08, 9.88401e-15, 10.3515, 0.965839, 0.00033634, 865.928
473, 3.25686e-05, 0, 0, 0, 2.64387e-07, 1.48723e-09, 0, 0, 2.65873e-07, 1.10398e-08, 1.0417e-14, 10.3322, 0.965811, 0.00033895, 864.679
474, 3.31877e-05, 0, 0, 0, 2.66411e-07, 1.51985e-09, 0, 0, 2.67931e-07, 1.12884e-08, 1.09251e-14, 10.3133, 0.96578, 0.000340095, 863.303
475, 3.38025e-05, 0, 0, 0, 2.69609e-07, 1.55996e-09, 0, 0, 2.7117e-07, 1.15967e-08, 1.15042e-14, 10.295, 0.96575, 0.00034301, 862.039
476, 3.44254e-05, 0, 0, 0, 2.7235e-07, 1.59795e-09, 0, 0, 2.73948e-07, 1.18894e-08, 1.20858e-14, 10.2767, 0.965721, 0.000345336, 860.735
477, 3.50803e-05, 0, 0, 0, 2.73634e-07, 1.62757e-09, 0, 0, 2.75262e-07, 1.21146e-08, 1.26274e-14, 10.2579, 0.965691, 0.000345384, 859.305
478, 3.57872e-05, 0, 0, 0, 2.72258e-07, 1.64108e-09, 0, 0, 2.73898e-07, 1.22104e-08, 1.30695e-14, 10.2379, 0.965662, 0.000341324, 857.642
479, 3.65407e-05, 0, 0, 0, 2.71256e-07, 1.65698e-09, 0, 0, 2.72913e-07, 1.23153e-08, 1.3562e-14, 10.2171, 0.965629, 0.000337065, 856.019
480, 3.7323e-05, 0, 0, 0, 2.75297e-07, 1.70393e-09, 0, 0, 2.77001e-07, 1.2645e-08, 1.4334e-14, 10.1959, 0.965601, 0.000338705, 854.852
481, 3.81211e-05, 0, 0, 0, 2.81063e-07, 1.76189e-09, 0, 0, 2.82825e-07, 1.30525e-08, 1.52196e-14, 10.1747, 0.96557, 0.000342338, 853.835
482, 3.89297e-05, 0, 0, 0, 2.84523e-07, 1.80623e-09, 0, 0, 2.86329e-07, 1.33566e-08, 1.60144e-14, 10.1538, 0.965539, 0.000343112, 852.616
483, 3.97487e-05, 0, 0, 0, 2.85839e-07, 1.83776e-09, 0, 0, 2.87676e-07, 1.35641e-08, 1.67201e-14, 10.1329, 0.965511, 0.000341314, 851.218
484, 4.05721e-05, 0, 0, 0, 2.85053e-07, 1.85612e-09, 0, 0, 2.86908e-07, 1.36756e-08, 1.73227e-14, 10.1124, 0.965481, 0.0003372, 849.645
485, 4.13965e-05, 0, 0, 0, 2.79814e-07, 1.84492e-09, 0, 0, 2.81658e-07, 1.35729e-08, 1.76505e-14, 10.0923, 0.965451, 0.000328168, 847.696
486, 4.22247e-05, 0, 0, 0, 2.69403e-07, 1.79894e-09, 0, 0, 2.71201e-07, 1.32171e-08, 1.76485e-14, 10.0725, 0.965418, 0.000313333, 845.287
487, 4.30548e-05, 0, 0, 0, 2.64365e-07, 1.78885e-09, 0, 0, 2.66153e-07, 1.31284e-08, 1.80154e-14, 10.053, 0.965389, 0.000304956, 843.346
488, 4.38809e-05, 0, 0, 0, 2.71415e-07, 1.86118e-09, 0, 0, 2.73276e-07, 1.36509e-08, 1.92406e-14, 10.034, 0.965359, 0.000310825, 842.5
489, 4.4712e-05, 0, 0, 0, 2.87335e-07, 1.99574e-09, 0, 0, 2.89331e-07, 1.46326e-08, 2.11562e-14, 10.0153, 0.965331, 0.000326908, 842.399
490, 4.55656e-05, 0, 0, 0, 3.00447e-07, 2.1122e-09, 0, 0, 3.02559e-07, 1.54764e-08, 2.29304e-14, 9.99636, 0.965301, 0.000339513, 842.004
491, 4.64394e-05, 0, 0, 0, 3.03178e-07, 2.15715e-09, 0, 0, 3.05335e-07, 1.57918e-08, 2.39814e-14, 9.97736, 0.965271, 0.000340132, 840.755
492, 4.73203e-05, 0, 0, 0, 3.0298e-07, 2.18299e-09, 0, 0, 3.05162e-07, 1.59689e-08, 2.48785e-14, 9.95857, 0.965241, 0.000337452, 839.278
493, 4.82049e-05, 0, 0, 0, 3.09384e-07, 2.2575e-09, 0, 0, 3.11642e-07, 1.6506e-08, 2.63764e-14, 9.94005, 0.96521, 0.000342259, 838.325
494, 4.90988e-05, 0, 0, 0, 3.17333e-07, 2.34401e-09, 0, 0, 3.19677e-07, 1.71332e-08, 2.80555e-14, 9.92168, 0.965178, 0.000348854, 837.485
495, 5.00061e-05, 0, 0, 0, 3.22277e-07, 2.40973e-09, 0, 0, 3.24686e-07, 1.76084e-08, 2.95442e-14, 9.90337, 0.965152, 0.000352086, 836.41
496, 5.09234e-05, 0, 0, 0, 3.24508e-07, 2.45592e-09, 0, 0, 3.26965e-07, 1.79412e-08, 3.08368e-14, 9.88519, 0.965121, 0.000352357, 835.135
497, 5.18508e-05, 0, 0, 0, 3.22584e-07, 2.47086e-09, 0, 0, 3.25055e-07, 1.80463e-08, 3.1768e-14, 9.86714, 0.965089, 0.000348166, 833.556
498, 5.27879e-05, 0, 0, 0, 3.18168e-07, 2.46669e-09, 0, 0, 3.20635e-07, 1.8013e-08, 3.24793e-14, 9.84923, 0.96506, 0.000341375, 831.795
499, 5.37246e-05, 0, 0, 0, 3.13744e-07, 2.46218e-09, 0, 0, 3.16207e-07, 1.79828e-08, 3.32034e-14, 9.83164, 0.965025, 0.000334838, 830.036
500, 5.46499e-05, 0, 0, 0, 3.10589e-07, 2.4673e-09, 0, 0, 3.13057e-07, 1.80313e-08, 3.4071e-14, 9.81456, 0.964978, 0.000330017, 828.376
501, 5.55595e-05, 0, 0, 0, 3.09025e-07, 2.48499e-09, 0, 0, 3.11509e-07, 1.81795e-08, 3.513e-14, 9.79806, 0.964916, 0.000327231, 826.842
502, 5.64509e-05, 0, 0, 0, 3.12506e-07, 2.54443e-09, 0, 0, 3.1505e-07, 1.86406e-08, 3.6822e-14, 9.78214, 0.964842, 0.000330095, 825.701
503, 5.73302e-05, 0, 0, 0, 3.22373e-07, 2.65713e-09, 0, 0, 3.25029e-07, 1.94957e-08, 3.93264e-14, 9.76668, 0.964759, 0.000339914, 825.037
504, 5.82581e-05, 0, 0, 0, 3.29905e-07, 2.75139e-09, 0, 0, 3.32656e-07, 2.02055e-08, 4.16349e-14, 9.75063, 0.964681, 0.000346791, 824.188
505, 5.92883e-05, 0, 0, 0, 3.34151e-07, 2.81919e-09, 0, 0, 3.36971e-07, 2.06981e-08, 4.36684e-14, 9.7331, 0.964601, 0.000349083, 823.098
506, 6.03708e-05, 0, 0, 0, 3.38118e-07, 2.88518e-09, 0, 0, 3.41002e-07, 2.11616e-08, 4.57432e-14, 9.71501, 0.964519, 0.000350497, 821.989
507, 6.14711e-05, 0, 0, 0, 3.40157e-07, 2.93555e-09, 0, 0, 3.43093e-07, 2.15047e-08, 4.76209e-14, 9.69694, 0.964441, 0.000349823, 820.747
508, 6.26056e-05, 0, 0, 0, 3.42894e-07, 2.99309e-09, 0, 0, 3.45887e-07, 2.18967e-08, 4.97003e-14, 9.67866, 0.96436, 0.000349705, 819.558
509, 6.37714e-05, 0, 0, 0, 3.48219e-07, 3.07395e-09, 0, 0, 3.51294e-07, 2.24575e-08, 5.22481e-14, 9.6602, 0.96428, 0.000352108, 818.548
510, 6.4948e-05, 0, 0, 0, 3.51686e-07, 3.13902e-09, 0, 0, 3.54825e-07, 2.29043e-08, 5.45926e-14, 9.64192, 0.964201, 0.000352683, 817.412
511, 6.61228e-05, 0, 0, 0, 3.52297e-07, 3.17951e-09, 0, 0, 3.55476e-07, 2.31752e-08, 5.65758e-14, 9.624, 0.964118, 0.000350536, 816.088
512, 6.72914e-05, 0, 0, 0, 3.51517e-07, 3.20776e-09, 0, 0, 3.54725e-07, 2.33627e-08, 5.83827e-14, 9.60648, 0.964041, 0.000347264, 814.675
513, 6.84604e-05, 0, 0, 0, 3.50396e-07, 3.2335e-09, 0, 0, 3.5363e-07, 2.35372e-08, 6.02037e-14, 9.58926, 0.963961, 0.000343838, 813.244
514, 6.96368e-05, 0, 0, 0, 3.5314e-07, 3.29556e-09, 0, 0, 3.56436e-07, 2.39789e-08, 6.27654e-14, 9.57222, 0.96388, 0.000344309, 812.078
515, 7.08203e-05, 0, 0, 0, 3.53891e-07, 3.33833e-09, 0, 0, 3.5723e-07, 2.42826e-08, 6.49733e-14, 9.55537, 0.963799, 0.000342997, 810.782
516, 7.20121e-05, 0, 0, 0, 3.41877e-07, 3.25904e-09, 0, 0, 3.45136e-07, 2.36998e-08, 6.47851e-14, 9.53868, 0.963719, 0.000329475, 808.63
517, 7.32137e-05, 0, 0, 0, 3.24877e-07, 3.13186e-09, 0, 0, 3.2801e-07, 2.27703e-08, 6.36781e-14, 9.52213, 0.963639, 0.000311237, 806.102
518, 7.44232e-05, 0, 0, 0, 3.25942e-07, 3.17945e-09, 0, 0, 3.29123e-07, 2.31147e-08, 6.61996e-14, 9.50574, 0.963561, 0.000310388, 804.851
519, 7.56456e-05, 0, 0, 0, 3.45998e-07, 3.41329e-09, 0, 0, 3.49411e-07, 2.48153e-08, 7.26937e-14, 9.48945, 0.96348, 0.000327659, 804.92
520, 7.6883e-05, 0, 0, 0, 3.67814e-07, 3.6672e-09, 0, 0, 3.71481e-07, 2.66624e-08, 7.97837e-14, 9.47323, 0.9634, 0.000346515, 805.029
521, 7.81275e-05, 0, 0, 0, 3.81968e-07, 3.8489e-09, 0, 0, 3.85816e-07, 2.79874e-08, 8.55351e-14, 9.45717, 0.963321, 0.000358065, 804.596
522, 7.93701e-05, 0, 0, 0, 3.91186e-07, 3.98411e-09, 0, 0, 3.9517e-07, 2.89818e-08, 9.04456e-14, 9.44139, 0.963241, 0.00036506, 803.84
523, 8.06044e-05, 0, 0, 0, 3.9568e-07, 4.07336e-09, 0, 0, 3.99753e-07, 2.96522e-08, 9.44573e-14, 9.42596, 0.96316, 0.000367849, 802.797
524, 8.18318e-05, 0, 0, 0, 3.97615e-07, 4.13769e-09, 0, 0, 4.01753e-07, 3.01514e-08, 9.80118e-14, 9.41084, 0.963064, 0.00036846, 801.606
525, 8.30616e-05, 0, 0, 0, 3.95932e-07, 4.16396e-09, 0, 0, 4.00097e-07, 3.03795e-08, 1.00723e-13, 9.39593, 0.962932, 0.00036584, 800.205
526, 8.43061e-05, 0, 0, 0, 3.87935e-07, 4.12293e-09, 0, 0, 3.92058e-07, 3.01158e-08, 1.01845e-13, 9.38106, 0.962743, 0.000357374, 798.433
527, 8.55723e-05, 0, 0, 0, 3.83698e-07, 4.1228e-09, 0, 0, 3.87821e-07, 3.01473e-08, 1.04094e-13, 9.36615, 0.962517, 0.000352267, 796.886
528, 8.68623e-05, 0, 0, 0, 3.9351e-07, 4.27432e-09, 0, 0, 3.97784e-07, 3.1285e-08, 1.10284e-13, 9.35119, 0.962281, 0.000359976, 796.187
529, 8.81746e-05, 0, 0, 0, 4.0538e-07, 4.44893e-09, 0, 0, 4.09829e-07, 3.25895e-08, 1.17187e-13, 9.33619, 0.962039, 0.000369489, 795.595
530, 8.95082e-05, 0, 0, 0, 4.11529e-07, 4.563e-09, 0, 0, 4.16092e-07, 3.34479e-08, 1.22697e-13, 9.32118, 0.9618, 0.000373642, 794.666
531, 9.08681e-05, 0, 0, 0, 4.14435e-07, 4.64219e-09, 0, 0, 4.19078e-07, 3.40451e-08, 1.27417e-13, 9.3061, 0.961561, 0.000374688, 793.555
532, 9.22676e-05, 0, 0, 0, 4.11725e-07, 4.65841e-09, 0, 0, 4.16384e-07, 3.41706e-08, 1.30502e-13, 9.29082, 0.96132, 0.000370452, 792.132
533, 9.37198e-05, 0, 0, 0, 4.09482e-07, 4.68103e-09, 0, 0, 4.14162e-07, 3.4329e-08, 1.33944e-13, 9.2752, 0.96108, 0.000366294, 790.74
534, 9.52276e-05, 0, 0, 0, 4.168e-07, 4.81379e-09, 0, 0, 4.21614e-07, 3.52793e-08, 1.40696e-13, 9.25924, 0.960839, 0.000370348, 789.889
535, 9.67769e-05, 0, 0, 0, 4.26252e-07, 4.97148e-09, 0, 0, 4.31223e-07, 3.64011e-08, 1.48305e-13, 9.2431, 0.960599, 0.000376085, 789.15
536, 9.83441e-05, 0, 0, 0, 4.26516e-07, 5.02246e-09, 0, 0, 4.31539e-07, 3.67396e-08, 1.5285e-13, 9.22704, 0.960359, 0.00037371, 787.911
537, 9.99104e-05, 0, 0, 0, 4.20828e-07, 5.00493e-09, 0, 0, 4.25833e-07, 3.6584e-08, 1.55486e-13, 9.21124, 0.960121, 0.000366261, 786.352
538, 0.000101465, 0, 0, 0, 4.22475e-07, 5.0755e-09, 0, 0, 4.27551e-07, 3.70848e-08, 1.60987e-13, 9.1958, 0.959881, 0.00036546, 785.197
539, 0.000103003, 0, 0, 0, 4.25497e-07, 5.16201e-09, 0, 0, 4.3066e-07, 3.77136e-08, 1.67019e-13, 9.18075, 0.95964, 0.000366166, 784.121
540, 0.000104517, 0, 0, 0, 4.23611e-07, 5.18999e-09, 0, 0, 4.288e-07, 3.79254e-08, 1.71268e-13, 9.16616, 0.959401, 0.00036291, 782.783
541, 0.000106013, 0, 0, 0, 4.24506e-07, 5.25335e-09, 0, 0, 4.2976e-07, 3.84072e-08, 1.76847e-13, 9.15195, 0.959161, 0.000362253, 781.6
542, 0.000107545, 0, 0, 0, 4.29738e-07, 5.37046e-09, 0, 0, 4.35108e-07, 3.9283e-08, 1.84414e-13, 9.1376, 0.958921, 0.000365231, 780.654
543, 0.000109131, 0, 0, 0, 4.34025e-07, 5.47664e-09, 0, 0, 4.39501e-07, 4.00725e-08, 1.91854e-13, 9.12296, 0.95868, 0.00036717, 779.658
544, 0.000110743, 0, 0, 0, 4.40347e-07, 5.61082e-09, 0, 0, 4.45958e-07, 4.10634e-08, 2.00557e-13, 9.10829, 0.958439, 0.000370705, 778.77
545, 0.000112371, 0, 0, 0, 4.50262e-07, 5.7926e-09, 0, 0, 4.56054e-07, 4.24004e-08, 2.11194e-13, 9.0937, 0.9582, 0.000377222, 778.064
546, 0.000114027, 0, 0, 0, 4.56993e-07, 5.93468e-09, 0, 0, 4.62927e-07, 4.34415e-08, 2.20605e-13, 9.07908, 0.95796, 0.000380964, 777.192
547, 0.000115741, 0, 0, 0, 4.57822e-07, 6.00153e-09, 0, 0, 4.63824e-07, 4.39229e-08, 2.27533e-13, 9.06416, 0.957721, 0.000379526, 776.025
548, 0.00011751, 0, 0, 0, 4.59368e-07, 6.0797e-09, 0, 0, 4.65447e-07, 4.44827e-08, 2.35219e-13, 9.04898, 0.957482, 0.000378526, 774.898
549, 0.000119349, 0, 0, 0, 4.64233e-07, 6.20523e-09, 0, 0, 4.70439e-07, 4.53902e-08, 2.45101e-13, 9.03345, 0.957249, 0.000380276, 773.938
550, 0.000121319, 0, 0, 0, 4.69341e-07, 6.34048e-09, 0, 0, 4.75682e-07, 4.63738e-08, 2.5599e-13, 9.01709, 0.957046, 0.00038221, 772.992
551, 0.000123425, 0, 0, 0, 4.74741e-07, 6.48644e-09, 0, 0, 4.81226e-07, 4.74455e-08, 2.68041e-13, 8.99988, 0.956877, 0.000384365, 772.061
552, 0.000125602, 0, 0, 0, 4.78465e-07, 6.61312e-09, 0, 0, 4.85078e-07, 4.83875e-08, 2.79806e-13, 8.98239, 0.956735, 0.000385255, 771.051
553, 0.000127811, 0, 0, 0, 4.79775e-07, 6.70919e-09, 0, 0, 4.86484e-07, 4.91142e-08, 2.9074e-13, 8.96496, 0.9566, 0.000384281, 769.929
554, 0.000130049, 0, 0, 0, 4.8263e-07, 6.82877e-09, 0, 0, 4.8946e-07, 5.00174e-08, 3.03092e-13, 8.9476, 0.956466, 0.000384594, 768.883
555, 0.000132313, 0, 0, 0, 4.84414e-07, 6.93426e-09, 0, 0, 4.91348e-07, 5.0823e-08, 3.15156e-13, 8.93034, 0.956334, 0.00038414, 767.791
556, 0.000134595, 0, 0, 0, 4.84005e-07, 7.00981e-09, 0, 0, 4.91016e-07, 5.14201e-08, 3.26242e-13, 8.91324, 0.9562, 0.000382086, 766.599
557, 0.000136887, 0, 0, 0, 4.80573e-07, 7.04139e-09, 0, 0, 4.87615e-07, 5.17068e-08, 3.3551e-13, 8.89635, 0.956067, 0.000377853, 765.269
558, 0.000139192, 0, 0, 0, 4.71501e-07, 6.98926e-09, 0, 0, 4.78489e-07, 5.13897e-08, 3.4095e-13, 8.87966, 0.955933, 0.000369382, 763.673
559, 0.000141507, 0, 0, 0, 4.64179e-07, 6.96388e-09, 0, 0, 4.71143e-07, 5.12797e-08, 3.48048e-13, 8.86316, 0.9558, 0.000362418, 762.16
560, 0.000143828, 0, 0, 0, 4.72516e-07, 7.17563e-09, 0, 0, 4.79691e-07, 5.29275e-08, 3.67511e-13, 8.84689, 0.955666, 0.000367781, 761.406
561, 0.000146153, 0, 0, 0, 4.89295e-07, 7.51646e-09, 0, 0, 4.96811e-07, 5.55364e-08, 3.9397e-13, 8.83085, 0.955534, 0.000379816, 761.041
562, 0.000148494, 0, 0, 0, 4.97344e-07, 7.72684e-09, 0, 0, 5.05071e-07, 5.7191e-08, 4.14289e-13, 8.81496, 0.955401, 0.000385103, 760.26
563, 0.000150865, 0, 0, 0, 5.00494e-07, 7.86578e-09, 0, 0, 5.08359e-07, 5.83241e-08, 4.31591e-13, 8.79913, 0.955267, 0.000386572, 759.256
564, 0.000153271, 0, 0, 0, 5.0347e-07, 8.00388e-09, 0, 0, 5.11476e-07, 5.94501e-08, 4.49377e-13, 8.7833, 0.955133, 0.000387858, 758.248
565, 0.000155711, 0, 0, 0, 5.05664e-07, 8.13124e-09, 0, 0, 5.13794e-07, 6.0491e-08, 4.67059e-13, 8.76751, 0.955001, 0.00038847, 757.207
566, 0.000158149, 0, 0, 0, 5.08942e-07, 8.27807e-09, 0, 0, 5.17219e-07, 6.1681e-08, 4.86341e-13, 8.75197, 0.954868, 0.000389981, 756.218
567, 0.000160521, 0, 0, 0, 5.1194e-07, 8.42208e-09, 0, 0, 5.20362e-07, 6.28766e-08, 5.05734e-13, 8.73709, 0.954732, 0.000391696, 755.218
568, 0.000162784, 0, 0, 0, 5.10188e-07, 8.48991e-09, 0, 0, 5.18678e-07, 6.3543e-08, 5.20727e-13, 8.72309, 0.954599, 0.000390399, 754.014
569, 0.000165062, 0, 0, 0, 5.05629e-07, 8.51165e-09, 0, 0, 5.1414e-07, 6.38754e-08, 5.33336e-13, 8.70919, 0.954466, 0.000387048, 752.689
570, 0.000167535, 0, 0, 0, 5.00644e-07, 8.52359e-09, 0, 0, 5.09166e-07, 6.4099e-08, 5.46003e-13, 8.69432, 0.954333, 0.000382696, 751.348
571, 0.000170121, 0, 0, 0, 4.99736e-07, 8.60532e-09, 0, 0, 5.08342e-07, 6.48279e-08, 5.63916e-13, 8.679, 0.954201, 0.000381055, 750.191
572, 0.000172667, 0, 0, 0, 5.09449e-07, 8.87243e-09, 0, 0, 5.18321e-07, 6.69629e-08, 5.9444e-13, 8.66414, 0.954064, 0.000387692, 749.509
573, 0.000175268, 0, 0, 0, 5.19817e-07, 9.15279e-09, 0, 0, 5.28969e-07, 6.9184e-08, 6.26491e-13, 8.64919, 0.953934, 0.000394675, 748.85
574, 0.000178003, 0, 0, 0, 5.23634e-07, 9.32055e-09, 0, 0, 5.32955e-07, 7.05239e-08, 6.51897e-13, 8.63371, 0.953802, 0.000396213, 747.907
575, 0.000180879, 0, 0, 0, 5.2389e-07, 9.42675e-09, 0, 0, 5.33317e-07, 7.13624e-08, 6.74002e-13, 8.61768, 0.953666, 0.000394552, 746.816
576, 0.000183898, 0, 0, 0, 5.26829e-07, 9.58257e-09, 0, 0, 5.36412e-07, 7.2538e-08, 7.00657e-13, 8.60113, 0.953534, 0.000394405, 745.841
577, 0.000187059, 0, 0, 0, 5.33923e-07, 9.81473e-09, 0, 0, 5.43737e-07, 7.42523e-08, 7.33834e-13, 8.58409, 0.953399, 0.000396897, 745.044
578, 0.000190426, 0, 0, 0, 5.40143e-07, 1.00317e-08, 0, 0, 5.50174e-07, 7.57938e-08, 7.67096e-13, 8.56625, 0.953267, 0.000398033, 744.209
579, 0.000194051, 0, 0, 0, 5.44364e-07, 1.02124e-08, 0, 0, 5.54577e-07, 7.69856e-08, 7.99069e-13, 8.54739, 0.953133, 0.000396769, 743.293
580, 0.000197904, 0, 0, 0, 5.49396e-07, 1.04093e-08, 0, 0, 5.59807e-07, 7.82279e-08, 8.33742e-13, 8.52773, 0.953001, 0.000395297, 742.412
581, 0.000201876, 0, 0, 0, 5.57678e-07, 1.06706e-08, 0, 0, 5.68348e-07, 7.99184e-08, 8.74913e-13, 8.50786, 0.952867, 0.000395835, 741.661
582, 0.000205842, 0, 0, 0, 5.6909e-07, 1.09963e-08, 0, 0, 5.80086e-07, 8.21047e-08, 9.22646e-13, 8.4884, 0.952732, 0.000398797, 741.032
583, 0.000209738, 0, 0, 0, 5.79416e-07, 1.1306e-08, 0, 0, 5.90722e-07, 8.42121e-08, 9.7021e-13, 8.46965, 0.9526, 0.000401482, 740.354
584, 0.000213552, 0, 0, 0, 5.8444e-07, 1.15168e-08, 0, 0, 5.95956e-07, 8.56265e-08, 1.01034e-12, 8.45163, 0.952467, 0.000401009, 739.473
585, 0.000217264, 0, 0, 0, 5.84875e-07, 1.16408e-08, 0, 0, 5.96516e-07, 8.64413e-08, 1.04369e-12, 8.4344, 0.952332, 0.000397928, 738.419
586, 0.000220768, 0, 0, 0, 5.86011e-07, 1.17829e-08, 0, 0, 5.97794e-07, 8.74539e-08, 1.07901e-12, 8.4184, 0.952199, 0.000396144, 737.396
587, 0.000223743, 0, 0, 0, 5.86727e-07, 1.19202e-08, 0, 0, 5.98648e-07, 8.8563e-08, 1.11269e-12, 8.40501, 0.952067, 0.000395818, 736.359
588, 0.000225893, 0, 0, 0, 5.73927e-07, 1.17855e-08, 0, 0, 5.85713e-07, 8.78403e-08, 1.11843e-12, 8.39545, 0.951934, 0.000388895, 734.813
589, 0.00022794, 0, 0, 0, 5.53212e-07, 1.1489e-08, 0, 0, 5.64703e-07, 8.59679e-08, 1.10909e-12, 8.38643, 0.951801, 0.000377165, 732.948
590, 0.000231042, 0, 0, 0, 5.54924e-07, 1.16524e-08, 0, 0, 5.66576e-07, 8.73446e-08, 1.14859e-12, 8.37291, 0.951667, 0.000377916, 731.965
591, 0.000234856, 0, 0, 0, 5.75721e-07, 1.22087e-08, 0, 0, 5.8793e-07, 9.15142e-08, 1.22991e-12, 8.35654, 0.951533, 0.00038956, 731.725
592, 0.000238666, 0, 0, 0, 5.88861e-07, 1.26056e-08, 0, 0, 6.01465e-07, 9.44971e-08, 1.29714e-12, 8.34044, 0.951399, 0.000395997, 731.175
593, 0.0002426, 0, 0, 0, 5.93647e-07, 1.28295e-08, 0, 0, 6.06475e-07, 9.61771e-08, 1.34925e-12, 8.3241, 0.951268, 0.000396556, 730.31
594, 0.000246241, 0, 0, 0, 5.97318e-07, 1.30361e-08, 0, 0, 6.10355e-07, 9.78136e-08, 1.4e-12, 8.3092, 0.951133, 0.000397304, 729.406
595, 0.000250052, 0, 0, 0, 6.02227e-07, 1.32721e-08, 0, 0, 6.155e-07, 9.96566e-08, 1.45616e-12, 8.29384, 0.951, 0.000398595, 728.549
596, 0.000254533, 0, 0, 0, 6.10411e-07, 1.35782e-08, 0, 0, 6.2399e-07, 1.01893e-07, 1.52428e-12, 8.27608, 0.950865, 0.000400315, 727.811
597, 0.00025896, 0, 0, 0, 6.18966e-07, 1.38958e-08, 0, 0, 6.32863e-07, 1.04238e-07, 1.59528e-12, 8.25884, 0.950733, 0.000402512, 727.085
598, 0.000263332, 0, 0, 0, 6.25594e-07, 1.41747e-08, 0, 0, 6.39769e-07, 1.06311e-07, 1.66353e-12, 8.24209, 0.9506, 0.000403714, 726.291
599, 0.000267795, 0, 0, 0, 6.30387e-07, 1.44148e-08, 0, 0, 6.44803e-07, 1.08073e-07, 1.72927e-12, 8.22529, 0.950468, 0.000403586, 725.433
600, 0.000272278, 0, 0, 0, 6.32866e-07, 1.46041e-08, 0, 0, 6.4747e-07, 1.09447e-07, 1.79035e-12, 8.20869, 0.950333, 0.000402016, 724.497
601, 0.000276744, 0, 0, 0, 6.32514e-07, 1.47298e-08, 0, 0, 6.47242e-07, 1.10339e-07, 1.84451e-12, 8.19242, 0.950201, 0.000398777, 723.466
602, 0.000281173, 0, 0, 0, 6.32285e-07, 1.48617e-08, 0, 0, 6.47147e-07, 1.11277e-07, 1.90051e-12, 8.17654, 0.950066, 0.000395782, 722.442
603, 0.000285636, 0, 0, 0, 6.3927e-07, 1.51672e-08, 0, 0, 6.54438e-07, 1.135e-07, 1.9804e-12, 8.16079, 0.949934, 0.000397288, 721.67
604, 0.000290163, 0, 0, 0, 6.49799e-07, 1.55595e-08, 0, 0, 6.65358e-07, 1.16352e-07, 2.0732e-12, 8.14507, 0.949799, 0.000400943, 721.017
605, 0.000294746, 0, 0, 0, 6.54999e-07, 1.58278e-08, 0, 0, 6.70826e-07, 1.18261e-07, 2.15143e-12, 8.1294, 0.949666, 0.000401253, 720.184
606, 0.000299396, 0, 0, 0, 6.57053e-07, 1.60239e-08, 0, 0, 6.73078e-07, 1.19607e-07, 2.22205e-12, 8.11374, 0.949534, 0.000399518, 719.248
607, 0.000304133, 0, 0, 0, 6.61169e-07, 1.62725e-08, 0, 0, 6.77443e-07, 1.2132e-07, 2.30189e-12, 8.09805, 0.9494, 0.000398907, 718.383
608, 0.000308962, 0, 0, 0, 6.65275e-07, 1.65224e-08, 0, 0, 6.81796e-07, 1.23023e-07, 2.38376e-12, 8.08229, 0.949268, 0.000398208, 717.52
609, 0.000313872, 0, 0, 0, 6.66935e-07, 1.67136e-08, 0, 0, 6.8365e-07, 1.24276e-07, 2.4592e-12, 8.06652, 0.949132, 0.000395991, 716.58
610, 0.00031884, 0, 0, 0, 6.6817e-07, 1.68961e-08, 0, 0, 6.85064e-07, 1.25454e-07, 2.53537e-12, 8.05082, 0.948999, 0.000393504, 715.628
611, 0.000323841, 0, 0, 0, 6.71975e-07, 1.71457e-08, 0, 0, 6.89121e-07, 1.27133e-07, 2.62363e-12, 8.03526, 0.948866, 0.000392583, 714.763
612, 0.000328884, 0, 0, 0, 6.76569e-07, 1.74173e-08, 0, 0, 6.93985e-07, 1.28982e-07, 2.71734e-12, 8.01981, 0.948732, 0.000392196, 713.924
613, 0.000333983, 0, 0, 0, 6.80197e-07, 1.76676e-08, 0, 0, 6.97865e-07, 1.30675e-07, 2.8103e-12, 8.00442, 0.948599, 0.000391276, 713.057
614, 0.000339137, 0, 0, 0, 6.84673e-07, 1.79432e-08, 0, 0, 7.02616e-07, 1.32557e-07, 2.90991e-12, 7.98911, 0.948465, 0.00039087, 712.219
615, 0.000344321, 0, 0, 0, 6.85627e-07, 1.8126e-08, 0, 0, 7.03752e-07, 1.33766e-07, 2.9958e-12, 7.97394, 0.948333, 0.000388581, 711.272
616, 0.000349519, 0, 0, 0, 6.7656e-07, 1.80438e-08, 0, 0, 6.94604e-07, 1.33033e-07, 3.03935e-12, 7.95895, 0.9482, 0.000380751, 710.01
617, 0.000354732, 0, 0, 0, 6.77003e-07, 1.82209e-08, 0, 0, 6.95224e-07, 1.34222e-07, 3.13022e-12, 7.94415, 0.948066, 0.000378303, 709.054
618, 0.00035997, 0, 0, 0, 6.96849e-07, 1.89228e-08, 0, 0, 7.15771e-07, 1.39289e-07, 3.31372e-12, 7.92949, 0.947931, 0.000386789, 708.709
619, 0.000365209, 0, 0, 0, 7.13751e-07, 1.95494e-08, 0, 0, 7.333e-07, 1.43823e-07, 3.48728e-12, 7.91504, 0.947799, 0.000393746, 708.26
620, 0.000370429, 0, 0, 0, 7.2198e-07, 1.99469e-08, 0, 0, 7.41927e-07, 1.46692e-07, 3.62456e-12, 7.90085, 0.947666, 0.00039599, 707.544
621, 0.00037564, 0, 0, 0, 7.26093e-07, 2.02348e-08, 0, 0, 7.46328e-07, 1.48775e-07, 3.74507e-12, 7.88688, 0.947534, 0.000396071, 706.706
622, 0.000380861, 0, 0, 0, 7.27147e-07, 2.04409e-08, 0, 0, 7.47588e-07, 1.50272e-07, 3.8533e-12, 7.87308, 0.9474, 0.000394583, 705.779
623, 0.0003861, 0, 0, 0, 7.28222e-07, 2.06502e-08, 0, 0, 7.48872e-07, 1.51811e-07, 3.96476e-12, 7.85941, 0.947267, 0.000393213, 704.856
624, 0.000391355, 0, 0, 0, 7.26988e-07, 2.07942e-08, 0, 0, 7.47782e-07, 1.52886e-07, 4.06534e-12, 7.8459, 0.947134, 0.000390716, 703.867
625, 0.000396486, 0, 0, 0, 7.2089e-07, 2.07998e-08, 0, 0, 7.4169e-07, 1.52987e-07, 4.14005e-12, 7.83287, 0.946999, 0.000385923, 702.738
626, 0.000400563, 0, 0, 0, 7.18551e-07, 2.09163e-08, 0, 0, 7.39467e-07, 1.54197e-07, 4.23589e-12, 7.82264, 0.946868, 0.000384951, 701.722
627, 0.000401852, 0, 0, 0, 7.20181e-07, 2.11474e-08, 0, 0, 7.41328e-07, 1.57033e-07, 4.34814e-12, 7.81943, 0.946734, 0.000390802, 700.827
628, 0.000402576, 0, 0, 0, 7.1899e-07, 2.12954e-08, 0, 0, 7.40287e-07, 1.59451e-07, 4.44493e-12, 7.81763, 0.946599, 0.00039615, 699.852
629, 0.000407869, 0, 0, 0, 7.2495e-07, 2.16544e-08, 0, 0, 7.46605e-07, 1.62177e-07, 4.60348e-12, 7.80457, 0.946467, 0.000397705, 699.091
630, 0.000416386, 0, 0, 0, 7.37055e-07, 2.21981e-08, 0, 0, 7.59254e-07, 1.65353e-07, 4.81469e-12, 7.7839, 0.946334, 0.000397212, 698.509
631, 0.000425437, 0, 0, 0, 7.47634e-07, 2.27039e-08, 0, 0, 7.70338e-07, 1.68118e-07, 5.02314e-12, 7.76239, 0.9462, 0.000395284, 697.881
632, 0.000434252, 0, 0, 0, 7.56134e-07, 2.31518e-08, 0, 0, 7.79285e-07, 1.70509e-07, 5.22328e-12, 7.74189, 0.946067, 0.000392747, 697.192
633, 0.000442509, 0, 0, 0, 7.64116e-07, 2.3583e-08, 0, 0, 7.87698e-07, 1.72904e-07, 5.4253e-12, 7.72305, 0.945933, 0.000390793, 696.489
634, 0.000450198, 0, 0, 0, 7.72605e-07, 2.40326e-08, 0, 0, 7.96638e-07, 1.75596e-07, 5.63685e-12, 7.70582, 0.945801, 0.000390039, 695.799
635, 0.000457534, 0, 0, 0, 7.84886e-07, 2.4607e-08, 0, 0, 8.09493e-07, 1.79315e-07, 5.88248e-12, 7.68966, 0.945667, 0.00039186, 695.213
636, 0.000464796, 0, 0, 0, 7.98705e-07, 2.5236e-08, 0, 0, 8.2394e-07, 1.83469e-07, 6.14663e-12, 7.67391, 0.945535, 0.000394683, 694.664
637, 0.00047207, 0, 0, 0, 8.10352e-07, 2.58032e-08, 0, 0, 8.36156e-07, 1.8718e-07, 6.40199e-12, 7.65838, 0.9454, 0.000396492, 694.055
638, 0.00047938, 0, 0, 0, 8.17785e-07, 2.62419e-08, 0, 0, 8.44028e-07, 1.89964e-07, 6.6313e-12, 7.64302, 0.945266, 0.000396296, 693.334
639, 0.000486691, 0, 0, 0, 8.20259e-07, 2.65263e-08, 0, 0, 8.46786e-07, 1.9165e-07, 6.82644e-12, 7.62788, 0.945134, 0.000393835, 692.485
640, 0.000493966, 0, 0, 0, 8.22569e-07, 2.68095e-08, 0, 0, 8.4938e-07, 1.93353e-07, 7.02585e-12, 7.61304, 0.945001, 0.000391457, 691.635
641, 0.000501211, 0, 0, 0, 8.27143e-07, 2.71681e-08, 0, 0, 8.54309e-07, 1.95629e-07, 7.24858e-12, 7.59848, 0.944866, 0.000390333, 690.845
642, 0.000508437, 0, 0, 0, 8.30067e-07, 2.74758e-08, 0, 0, 8.57543e-07, 1.97568e-07, 7.46177e-12, 7.58417, 0.944734, 0.000388613, 690.014
643, 0.000515618, 0, 0, 0, 8.32507e-07, 2.77723e-08, 0, 0, 8.60281e-07, 1.99464e-07, 7.67637e-12, 7.57014, 0.9446, 0.000386871, 689.174
644, 0.000522638, 0, 0, 0, 8.36739e-07, 2.81349e-08, 0, 0, 8.64876e-07, 2.01897e-07, 7.91258e-12, 7.55662, 0.944466, 0.000386307, 688.382
645, 0.000529084, 0, 0, 0, 8.41853e-07, 2.85353e-08, 0, 0, 8.70387e-07, 2.04763e-07, 8.15762e-12, 7.54436, 0.944333, 0.000387031, 687.614
646, 0.000534296, 0, 0, 0, 8.40871e-07, 2.87402e-08, 0, 0, 8.69611e-07, 2.06531e-07, 8.33771e-12, 7.53456, 0.9442, 0.000386625, 686.694
647, 0.000538422, 0, 0, 0, 8.36479e-07, 2.8838e-08, 0, 0, 8.65317e-07, 2.07779e-07, 8.48132e-12, 7.52687, 0.944066, 0.000386019, 685.692
648, 0.000543551, 0, 0, 0, 8.35167e-07, 2.90322e-08, 0, 0, 8.64199e-07, 2.09504e-07, 8.66734e-12, 7.51739, 0.943933, 0.000385617, 684.769
649, 0.000551568, 0, 0, 0, 8.34815e-07, 2.92377e-08, 0, 0, 8.64053e-07, 2.10681e-07, 8.88876e-12, 7.50275, 0.943799, 0.000382202, 683.873
650, 0.000560978, 0, 0, 0, 8.4401e-07, 2.97733e-08, 0, 0, 8.73782e-07, 2.13911e-07, 9.23284e-12, 7.48583, 0.943668, 0.000381391, 683.22
651, 0.000568823, 1.08487e-35, 8.50443e-34, 0, 8.63534e-07, 3.06902e-08, 0, 0, 8.94224e-07, 2.20231e-07, 9.68571e-12, 7.47194, 0.943533, 0.00038714, 682.82
652, 0.000576135, 8.2018e-34, 5.08044e-32, 0, 8.78179e-07, 3.14468e-08, 0, 0, 9.09625e-07, 2.25544e-07, 1.00913e-11, 7.45917, 0.943401, 0.000391475, 682.294
653, 0.000585041, 4.29502e-32, 1.32115e-30, 0, 8.88179e-07, 3.20333e-08, 0, 0, 9.20212e-07, 2.29301e-07, 1.04679e-11, 7.44383, 0.943267, 0.000391969, 681.655
654, 0.00059347, 9.82691e-31, 1.52918e-29, 0, 8.86796e-07, 3.22136e-08, 0, 0, 9.1901e-07, 2.30281e-07, 1.07093e-11, 7.42952, 0.943134, 0.000388147, 680.746
655, 0.000601021, 1.00632e-29, 8.2664e-29, 0, 8.63704e-07, 3.16062e-08, 0, 0, 8.9531e-07, 2.25852e-07, 1.06769e-11, 7.41688, 0.943, 0.00037607, 679.318
656, 0.000609286, 4.86457e-29, 2.28562e-28, 0, 8.34316e-07, 3.07613e-08, 0, 0, 8.65079e-07, 2.19582e-07, 1.05741e-11, 7.40322, 0.942866, 0.000360597, 677.723
657, 0.000618235, 1.22724e-28, 3.79803e-28, 0, 8.44969e-07, 3.13929e-08, 0, 0, 8.7636e-07, 2.23692e-07, 1.09971e-11, 7.38864, 0.942732, 0.000361654, 677.122
658, 0.000627491, 1.92894e-28, 4.74854e-28, 0, 8.87416e-07, 3.32041e-08, 0, 0, 9.20622e-07, 2.3616e-07, 1.18422e-11, 7.37378, 0.942601, 0.000376145, 677.284
659, 0.000636914, 2.41886e-28, 5.40474e-28, 0, 9.15161e-07, 3.44778e-08, 0, 0, 9.49638e-07, 2.44785e-07, 1.25124e-11, 7.35888, 0.942467, 0.000384267, 677.066
660, 0.00064616, 2.96902e-28, 6.05847e-28, 0, 9.30543e-07, 3.5306e-08, 0, 0, 9.65851e-07, 2.50281e-07, 1.30395e-11, 7.34446, 0.942333, 0.000387294, 676.555
661, 0.000655167, 3.6751e-28, 6.78336e-28, 0, 9.45389e-07, 3.61251e-08, 0, 0, 9.81511e-07, 2.55765e-07, 1.35731e-11, 7.33062, 0.9422, 0.000390346, 676.028
662, 0.000663973, 4.34616e-28, 7.61745e-28, 0, 9.54939e-07, 3.67491e-08, 0, 0, 9.91687e-07, 2.59927e-07, 1.40402e-11, 7.31727, 0.942065, 0.000391483, 675.381
663, 0.000672628, 4.93336e-28, 8.72349e-28, 0, 9.56863e-07, 3.70873e-08, 0, 0, 9.93951e-07, 2.62119e-07, 1.44049e-11, 7.30432, 0.941934, 0.000389731, 674.569
664, 0.000681286, 5.53122e-28, 1.04152e-27, 0, 9.59334e-07, 3.74537e-08, 0, 0, 9.96787e-07, 2.64524e-07, 1.47901e-11, 7.29153, 0.9418, 0.000388276, 673.77
665, 0.00069005, 6.19055e-28, 1.25858e-27, 0, 9.67817e-07, 3.8058e-08, 0, 0, 1.00587e-06, 2.68598e-07, 1.52785e-11, 7.27875, 0.941666, 0.000389226, 673.105
666, 0.000698916, 6.92529e-28, 1.46574e-27, 0, 9.7581e-07, 3.86454e-08, 0, 0, 1.01446e-06, 2.72539e-07, 1.57689e-11, 7.26598, 0.941534, 0.000389948, 672.429
667, 0.000707859, 7.74448e-28, 1.65409e-27, 0, 9.80521e-07, 3.91077e-08, 0, 0, 1.01963e-06, 2.75589e-07, 1.62189e-11, 7.25327, 0.9414, 0.000389338, 671.684
668, 0.000716885, 8.65827e-28, 1.84979e-27, 0, 9.86415e-07, 3.96227e-08, 0, 0, 1.02604e-06, 2.79008e-07, 1.67022e-11, 7.2406, 0.941266, 0.00038919, 670.966
669, 0.000725988, 9.6773e-28, 2.0659e-27, 0, 9.9376e-07, 4.02003e-08, 0, 0, 1.03396e-06, 2.8287e-07, 1.72219e-11, 7.22798, 0.941134, 0.000389633, 670.28
670, 0.000735151, 1.0812e-27, 2.30637e-27, 0, 9.98482e-07, 4.06752e-08, 0, 0, 1.03916e-06, 2.86014e-07, 1.77072e-11, 7.21544, 0.941, 0.000389075, 669.54
671, 0.000744364, 1.20745e-27, 2.57418e-27, 0, 9.99337e-07, 4.09954e-08, 0, 0, 1.04033e-06, 2.88073e-07, 1.81337e-11, 7.20298, 0.940866, 0.000387041, 668.721
672, 0.000753647, 1.34795e-27, 2.87333e-27, 0, 1.0005e-06, 4.13328e-08, 0, 0, 1.04184e-06, 2.90253e-07, 1.85788e-11, 7.19059, 0.940733, 0.00038514, 667.912
673, 0.000763013, 1.50429e-27, 3.20852e-27, 0, 1.00902e-06, 4.19783e-08, 0, 0, 1.05099e-06, 2.94601e-07, 1.9174e-11, 7.17824, 0.940601, 0.000386077, 667.256
674, 0.000772445, 1.67818e-27, 3.58188e-27, 0, 1.01775e-06, 4.26354e-08, 0, 0, 1.06038e-06, 2.99037e-07, 1.97841e-11, 7.16595, 0.940467, 0.000387132, 666.606
675, 0.000781924, 1.87155e-27, 3.99455e-27, 0, 1.02173e-06, 4.30983e-08, 0, 0, 1.06483e-06, 3.02114e-07, 2.03166e-11, 7.15375, 0.940335, 0.000386384, 665.859
676, 0.000791453, 2.0865e-27, 4.45116e-27, 0, 1.02707e-06, 4.36232e-08, 0, 0, 1.07069e-06, 3.05626e-07, 2.08905e-11, 7.14164, 0.940199, 0.000386153, 665.142
677, 0.000801061, 2.32537e-27, 4.95775e-27, 0, 1.03505e-06, 4.42651e-08, 0, 0, 1.07932e-06, 3.09959e-07, 2.15332e-11, 7.12957, 0.940066, 0.000386919, 664.48
678, 0.000810753, 2.59073e-27, 5.52011e-27, 0, 1.04458e-06, 4.49793e-08, 0, 0, 1.08956e-06, 3.14803e-07, 2.22255e-11, 7.11755, 0.939933, 0.000388267, 663.849
679, 0.000820519, 2.88543e-27, 6.14424e-27, 0, 1.05254e-06, 4.5632e-08, 0, 0, 1.09817e-06, 3.1923e-07, 2.29018e-11, 7.10557, 0.9398, 0.000389056, 663.188
680, 0.000830335, 3.21261e-27, 6.83667e-27, 0, 1.05743e-06, 4.61572e-08, 0, 0, 1.10359e-06, 3.22781e-07, 2.3528e-11, 7.09368, 0.939666, 0.000388745, 662.467
681, 0.000840174, 3.57575e-27, 7.6047e-27, 0, 1.06079e-06, 4.66201e-08, 0, 0, 1.10741e-06, 3.25912e-07, 2.41345e-11, 7.0819, 0.939533, 0.000387919, 661.719
682, 0.00085003, 3.97865e-27, 8.45635e-27, 0, 1.06482e-06, 4.71153e-08, 0, 0, 1.11194e-06, 3.2928e-07, 2.47689e-11, 7.07024, 0.939398, 0.00038738, 660.985
683, 0.000859908, 4.42562e-27, 9.40031e-27, 0, 1.06848e-06, 4.75963e-08, 0, 0, 1.11607e-06, 3.32559e-07, 2.54071e-11, 7.05868, 0.939267, 0.00038675, 660.245
684, 0.000868756, 4.92316e-27, 1.04456e-26, 0, 1.06947e-06, 4.79626e-08, 0, 0, 1.11743e-06, 3.35164e-07, 2.59909e-11, 7.04845, 0.939133, 0.00038581, 659.456
685, 0.000866837, 5.49376e-27, 1.15969e-26, 0, 1.05507e-06, 4.76436e-08, 0, 0, 1.10271e-06, 3.34267e-07, 2.61546e-11, 7.05066, 0.939, 0.000385651, 658.371
686, 0.000827054, 6.19258e-27, 1.2849e-26, 0, 9.80826e-07, 4.46329e-08, 0, 0, 1.02546e-06, 3.19329e-07, 2.4641e-11, 7.09764, 0.938866, 0.000386213, 656.067
687, 0.000760123, 7.00702e-27, 1.42214e-26, 0, 8.60904e-07, 3.95338e-08, 0, 0, 9.00438e-07, 2.94131e-07, 2.17972e-11, 7.18203, 0.938734, 0.000386977, 652.607
688, 0.000743303, 7.80572e-27, 1.57761e-26, 0, 8.19628e-07, 3.79368e-08, 0, 0, 8.57566e-07, 2.88341e-07, 2.10898e-11, 7.20441, 0.9386, 0.000387618, 650.816
689, 0.000775005, 8.61094e-27, 1.75226e-26, 0, 8.57441e-07, 3.9932e-08, 0, 0, 8.97372e-07, 3.00805e-07, 2.26319e-11, 7.16264, 0.938468, 0.000387789, 650.938
690, 0.000811793, 9.49731e-27, 1.94555e-26, 0, 9.038e-07, 4.23862e-08, 0, 0, 9.46185e-07, 3.14138e-07, 2.45346e-11, 7.11627, 0.938333, 0.000386984, 651.217
691, 0.000853525, 1.04481e-26, 2.16051e-26, 0, 9.55829e-07, 4.51463e-08, 0, 0, 1.00098e-06, 3.28436e-07, 2.66979e-11, 7.06614, 0.938201, 0.000385082, 651.568
692, 0.000891784, 1.15026e-26, 2.39804e-26, 0, 1.00393e-06, 4.77424e-08, 0, 0, 1.05167e-06, 3.42655e-07, 2.87375e-11, 7.02229, 0.938067, 0.00038443, 651.782
693, 0.000916073, 1.27146e-26, 2.65884e-26, 0, 1.03162e-06, 4.94046e-08, 0, 0, 1.08103e-06, 3.5293e-07, 3.01172e-11, 6.99541, 0.937932, 0.000385364, 651.551
694, 0.000930843, 1.40892e-26, 2.9456e-26, 0, 1.04132e-06, 5.02209e-08, 0, 0, 1.09154e-06, 3.58488e-07, 3.09989e-11, 6.97942, 0.937801, 0.000385241, 650.957
695, 0.000947213, 1.56072e-26, 3.26194e-26, 0, 1.05514e-06, 5.12221e-08, 0, 0, 1.10636e-06, 3.64485e-07, 3.21731e-11, 6.96199, 0.937666, 0.000384899, 650.443
696, 0.000969747, 1.72658e-26, 3.61135e-26, 0, 1.0802e-06, 5.27628e-08, 0, 0, 1.13296e-06, 3.73094e-07, 3.38692e-11, 6.93848, 0.937533, 0.000384816, 650.141
697, 0.000993532, 1.90946e-26, 3.99687e-26, 0, 1.10008e-06, 5.40808e-08, 0, 0, 1.15416e-06, 3.80174e-07, 3.54723e-11, 6.91424, 0.937399, 0.000382759, 649.734
698, 0.00100814, 2.11484e-26, 4.42134e-26, 0, 1.10178e-06, 5.45823e-08, 0, 0, 1.15636e-06, 3.83453e-07, 3.64087e-11, 6.89965, 0.937258, 0.000380452, 648.988
699, 0.0010144, 2.34458e-26, 4.88874e-26, 0, 1.09234e-06, 5.45905e-08, 0, 0, 1.14693e-06, 3.84944e-07, 3.68916e-11, 6.89346, 0.937064, 0.0003796, 648.039
700, 0.0010232, 2.59698e-26, 5.40424e-26, 0, 1.08111e-06, 5.44914e-08, 0, 0, 1.1356e-06, 3.85205e-07, 3.7358e-11, 6.88482, 0.936701, 0.000376606, 647.056
701, 0.0010363, 2.87389e-26, 5.97265e-26, 0, 1.07928e-06, 5.48334e-08, 0, 0, 1.13411e-06, 3.8759e-07, 3.82375e-11, 6.87209, 0.93609, 0.000373937, 646.252
702, 0.00105094, 3.17885e-26, 6.59895e-26, 0, 1.09257e-06, 5.593e-08, 0, 0, 1.1485e-06, 3.94871e-07, 3.97129e-11, 6.85807, 0.935312, 0.000375472, 645.733
703, 0.00106796, 3.51387e-26, 7.289e-26, 0, 1.11294e-06, 5.73857e-08, 0, 0, 1.17033e-06, 4.04315e-07, 4.15186e-11, 6.842, 0.93448, 0.000378438, 645.342
704, 0.00108565, 3.88285e-26, 8.04892e-26, 0, 1.1297e-06, 5.86697e-08, 0, 0, 1.18837e-06, 4.12539e-07, 4.32391e-11, 6.82557, 0.933639, 0.000379968, 644.881
705, 0.00110129, 4.29069e-26, 8.88524e-26, 0, 1.13924e-06, 5.96092e-08, 0, 0, 1.19885e-06, 4.18814e-07, 4.46952e-11, 6.81127, 0.932801, 0.000380278, 644.289
706, 0.00111659, 4.74018e-26, 9.80556e-26, 0, 1.14614e-06, 6.04209e-08, 0, 0, 1.20656e-06, 4.24256e-07, 4.60861e-11, 6.79747, 0.93196, 0.000379946, 643.651
707, 0.0011328, 5.2348e-26, 1.08181e-25, 0, 1.15321e-06, 6.12405e-08, 0, 0, 1.21445e-06, 4.29545e-07, 4.75405e-11, 6.78306, 0.93112, 0.000379205, 643.016
708, 0.00114876, 5.77985e-26, 1.19316e-25, 0, 1.15961e-06, 6.20325e-08, 0, 0, 1.22164e-06, 4.34687e-07, 4.90035e-11, 6.76907, 0.930279, 0.000378423, 642.371
709, 0.00116414, 6.38055e-26, 1.31557e-25, 0, 1.16499e-06, 6.27812e-08, 0, 0, 1.22777e-06, 4.39674e-07, 5.04498e-11, 6.75577, 0.929439, 0.000377707, 641.71
710, 0.00117897, 7.04222e-26, 1.45012e-25, 0, 1.16848e-06, 6.3437e-08, 0, 0, 1.23192e-06, 4.44169e-07, 5.18316e-11, 6.74312, 0.9286, 0.000376779, 641.018
711, 0.00119374, 7.7704e-26, 1.59798e-25, 0, 1.16908e-06, 6.39395e-08, 0, 0, 1.23302e-06, 4.4763e-07, 5.3114e-11, 6.73066, 0.92776, 0.000375019, 640.277
712, 0.00120826, 8.57197e-26, 1.76042e-25, 0, 1.17243e-06, 6.46009e-08, 0, 0, 1.23703e-06, 4.52285e-07, 5.45516e-11, 6.71858, 0.92692, 0.000374325, 639.585
713, 0.00122145, 9.45548e-26, 1.93877e-25, 0, 1.1776e-06, 6.53796e-08, 0, 0, 1.24298e-06, 4.58115e-07, 5.60742e-11, 6.70771, 0.926081, 0.000375029, 638.927
714, 0.00123253, 1.04306e-25, 2.13451e-25, 0, 1.17955e-06, 6.60008e-08, 0, 0, 1.24555e-06, 4.63352e-07, 5.74251e-11, 6.69869, 0.925241, 0.000375914, 638.216
715, 0.00123779, 1.15154e-25, 2.34909e-25, 0, 1.1719e-06, 6.61126e-08, 0, 0, 1.23801e-06, 4.66048e-07, 5.82038e-11, 6.69443, 0.9244, 0.000376516, 637.342
716, 0.00122432, 1.27546e-25, 2.58342e-25, 0, 1.13683e-06, 6.47356e-08, 0, 0, 1.20156e-06, 4.61093e-07, 5.72895e-11, 6.70537, 0.923559, 0.000376622, 635.991
717, 0.00118248, 1.4203e-25, 2.83807e-25, 0, 1.06473e-06, 6.13045e-08, 0, 0, 1.12604e-06, 4.45031e-07, 5.40961e-11, 6.74014, 0.92272, 0.000376376, 633.941
718, 0.00113501, 1.5841e-25, 3.11548e-25, 0, 9.88631e-07, 5.75613e-08, 0, 0, 1.04619e-06, 4.25778e-07, 5.07066e-11, 6.78111, 0.92188, 0.000375254, 631.729
719, 0.00111588, 1.75546e-25, 3.42193e-25, 0, 9.48648e-07, 5.57511e-08, 0, 0, 1.0044e-06, 4.1621e-07, 4.95226e-11, 6.79811, 0.921039, 0.000373283, 630.179
720, 0.00114232, 1.92507e-25, 3.76344e-25, 0, 9.64542e-07, 5.70688e-08, 0, 0, 1.02161e-06, 4.24261e-07, 5.17998e-11, 6.77469, 0.9202, 0.000371554, 629.779
721, 0.00120813, 2.09613e-25, 4.14187e-25, 0, 1.03175e-06, 6.12887e-08, 0, 0, 1.09304e-06, 4.48092e-07, 5.74586e-11, 6.71868, 0.91936, 0.000370684, 630.386
722, 0.00126285, 2.29007e-25, 4.5547e-25, 0, 1.0872e-06, 6.48611e-08, 0, 0, 1.15206e-06, 4.68587e-07, 6.24e-11, 6.67438, 0.918521, 0.000370833, 630.699
723, 0.00126246, 2.52828e-25, 4.99974e-25, 0, 1.07559e-06, 6.46481e-08, 0, 0, 1.14024e-06, 4.68967e-07, 6.28615e-11, 6.67469, 0.917688, 0.000371489, 629.759
724, 0.0012427, 2.79603e-25, 5.4855e-25, 0, 1.0357e-06, 6.28337e-08, 0, 0, 1.09853e-06, 4.60692e-07, 6.14425e-11, 6.69046, 0.916895, 0.000370911, 628.286
725, 0.00124934, 3.07285e-25, 6.02232e-25, 0, 1.02192e-06, 6.25221e-08, 0, 0, 1.08444e-06, 4.60716e-07, 6.18398e-11, 6.68514, 0.916237, 0.000369057, 627.3
726, 0.0012726, 3.36893e-25, 6.61158e-25, 0, 1.03093e-06, 6.35252e-08, 0, 0, 1.09445e-06, 4.67964e-07, 6.38465e-11, 6.66669, 0.915775, 0.000367911, 626.754
727, 0.00129264, 3.69793e-25, 7.25461e-25, 0, 1.043e-06, 6.47051e-08, 0, 0, 1.1077e-06, 4.76093e-07, 6.61271e-11, 6.65107, 0.915447, 0.000368389, 626.267
728, 0.00131367, 4.05607e-25, 7.95875e-25, 0, 1.05486e-06, 6.58801e-08, 0, 0, 1.12074e-06, 4.84003e-07, 6.84927e-11, 6.63493, 0.915161, 0.000368514, 625.775
729, 0.00133991, 4.44328e-25, 8.73032e-25, 0, 1.06906e-06, 6.72055e-08, 0, 0, 1.13627e-06, 4.92564e-07, 7.11174e-11, 6.61515, 0.914882, 0.000367642, 625.325
730, 0.00136579, 4.86703e-25, 9.57386e-25, 0, 1.08515e-06, 6.86703e-08, 0, 0, 1.15382e-06, 5.0234e-07, 7.39265e-11, 6.59602, 0.914599, 0.000367783, 624.907
731, 0.00139627, 5.32711e-25, 1.04964e-24, 0, 1.10851e-06, 7.05828e-08, 0, 0, 1.1791e-06, 5.14461e-07, 7.74518e-11, 6.57395, 0.914319, 0.000368469, 624.617
732, 0.00143809, 5.82216e-25, 1.1506e-24, 0, 1.14541e-06, 7.33099e-08, 0, 0, 1.21872e-06, 5.30096e-07, 8.23427e-11, 6.54444, 0.914041, 0.000368633, 624.555
733, 0.00148332, 6.3622e-25, 1.26088e-24, 0, 1.18571e-06, 7.62475e-08, 0, 0, 1.26196e-06, 5.46195e-07, 8.77363e-11, 6.51347, 0.913759, 0.000368226, 624.53
734, 0.00151828, 6.96136e-25, 1.38113e-24, 0, 1.21028e-06, 7.82493e-08, 0, 0, 1.28853e-06, 5.57341e-07, 9.18977e-11, 6.49018, 0.91348, 0.000367075, 624.228
735, 0.00154147, 7.62589e-25, 1.51224e-24, 0, 1.21658e-06, 7.91583e-08, 0, 0, 1.29574e-06, 5.62998e-07, 9.45097e-11, 6.47502, 0.913199, 0.000365235, 623.625
736, 0.00155939, 8.35654e-25, 1.65527e-24, 0, 1.21751e-06, 7.97582e-08, 0, 0, 1.29726e-06, 5.67444e-07, 9.6672e-11, 6.46346, 0.91292, 0.000363913, 622.936
737, 0.00158009, 9.15226e-25, 1.8114e-24, 0, 1.2271e-06, 8.09111e-08, 0, 0, 1.30801e-06, 5.751e-07, 9.96887e-11, 6.45027, 0.912639, 0.000363995, 622.389
738, 0.00160426, 1.00183e-24, 1.98181e-24, 0, 1.24026e-06, 8.22822e-08, 0, 0, 1.32255e-06, 5.83563e-07, 1.03152e-10, 6.43509, 0.91236, 0.000363803, 621.899
739, 0.00162774, 1.09648e-24, 2.16766e-24, 0, 1.2488e-06, 8.33616e-08, 0, 0, 1.33216e-06, 5.90138e-07, 1.06294e-10, 6.42056, 0.91208, 0.000362601, 621.336
740, 0.00165103, 1.1998e-24, 2.37034e-24, 0, 1.25682e-06, 8.44157e-08, 0, 0, 1.34124e-06, 5.96584e-07, 1.09474e-10, 6.40635, 0.911799, 0.000361378, 620.765
741, 0.00167387, 1.31262e-24, 2.59132e-24, 0, 1.26433e-06, 8.54456e-08, 0, 0, 1.34978e-06, 6.02982e-07, 1.12666e-10, 6.39262, 0.91152, 0.000360247, 620.186
742, 0.00169498, 1.43597e-24, 2.83212e-24, 0, 1.2721e-06, 8.65171e-08, 0, 0, 1.35861e-06, 6.10093e-07, 1.15914e-10, 6.38008, 0.91124, 0.000359927, 619.613
743, 0.00171526, 1.57067e-24, 3.0945e-24, 0, 1.28325e-06, 8.78372e-08, 0, 0, 1.37109e-06, 6.19196e-07, 1.19526e-10, 6.36819, 0.91096, 0.000360974, 619.093
744, 0.00173503, 1.7177e-24, 3.38034e-24, 0, 1.29179e-06, 8.89911e-08, 0, 0, 1.38078e-06, 6.2728e-07, 1.22948e-10, 6.35673, 0.91068, 0.000361538, 618.533
745, 0.00175415, 1.87816e-24, 3.69165e-24, 0, 1.29613e-06, 8.98691e-08, 0, 0, 1.38599e-06, 6.33595e-07, 1.2602e-10, 6.34577, 0.910399, 0.000361204, 617.91
746, 0.00177299, 2.05316e-24, 4.03064e-24, 0, 1.29926e-06, 9.06711e-08, 0, 0, 1.38993e-06, 6.39455e-07, 1.2902e-10, 6.33509, 0.91012, 0.000360672, 617.271
747, 0.00179189, 2.24395e-24, 4.39967e-24, 0, 1.30201e-06, 9.14518e-08, 0, 0, 1.39346e-06, 6.45168e-07, 1.32038e-10, 6.32448, 0.909839, 0.000360056, 616.627
748, 0.001811, 2.45188e-24, 4.80131e-24, 0, 1.30519e-06, 9.22681e-08, 0, 0, 1.39746e-06, 6.51108e-07, 1.35164e-10, 6.31387, 0.909558, 0.000359533, 615.991
749, 0.0018303, 2.67846e-24, 5.23831e-24, 0, 1.30958e-06, 9.31766e-08, 0, 0, 1.40275e-06, 6.5767e-07, 1.38483e-10, 6.30327, 0.909275, 0.000359324, 615.375
750, 0.00184973, 2.92528e-24, 5.7137e-24, 0, 1.31452e-06, 9.4131e-08, 0, 0, 1.40866e-06, 6.64527e-07, 1.41923e-10, 6.29271, 0.908983, 0.000359257, 614.768
751, 0.00186935, 3.19406e-24, 6.23073e-24, 0, 1.31921e-06, 9.50703e-08, 0, 0, 1.41428e-06, 6.71242e-07, 1.45398e-10, 6.28216, 0.908676, 0.000359081, 614.159
752, 0.0018892, 3.48667e-24, 6.79289e-24, 0, 1.32348e-06, 9.59841e-08, 0, 0, 1.41946e-06, 6.77751e-07, 1.48901e-10, 6.2716, 0.908359, 0.000358754, 613.545
753, 0.00190924, 3.80519e-24, 7.40401e-24, 0, 1.32709e-06, 9.68567e-08, 0, 0, 1.42395e-06, 6.83972e-07, 1.52406e-10, 6.26105, 0.908039, 0.00035825, 612.923
754, 0.00192938, 4.15182e-24, 8.06818e-24, 0, 1.33003e-06, 9.76875e-08, 0, 0, 1.42772e-06, 6.89922e-07, 1.5591e-10, 6.25056, 0.90772, 0.000357596, 612.293
755, 0.00194958, 4.52897e-24, 8.78984e-24, 0, 1.33293e-06, 9.85194e-08, 0, 0, 1.43144e-06, 6.95913e-07, 1.59478e-10, 6.24014, 0.907399, 0.000356961, 611.663
756, 0.00196925, 4.93996e-24, 9.57349e-24, 0, 1.3354e-06, 9.93239e-08, 0, 0, 1.43472e-06, 7.01788e-07, 1.6305e-10, 6.2301, 0.907079, 0.000356379, 611.028
757, 0.00197833, 5.40331e-24, 1.04174e-23, 0, 1.32748e-06, 9.93662e-08, 0, 0, 1.42685e-06, 7.03078e-07, 1.65293e-10, 6.2255, 0.906759, 0.0003554, 610.243
758, 0.00190394, 6.0496e-24, 1.12688e-23, 0, 1.25111e-06, 9.43204e-08, 0, 0, 1.34543e-06, 6.73574e-07, 1.58336e-10, 6.26383, 0.906441, 0.000353835, 608.419
759, 0.00157108, 7.23501e-24, 1.19641e-23, 0, 9.80673e-07, 7.46315e-08, 0, 0, 1.05531e-06, 5.54184e-07, 1.24931e-10, 6.456, 0.90612, 0.000353082, 603.05
760, 0.00103624, 8.91492e-24, 1.25228e-23, 0, 5.67242e-07, 4.37272e-08, 0, 0, 6.1097e-07, 3.65785e-07, 7.12381e-11, 6.87215, 0.905799, 0.000353404, 592.085
761, 0.000782526, 1.0085e-23, 1.34437e-23, 0, 3.54842e-07, 2.76166e-08, 0, 0, 3.82459e-07, 2.76602e-07, 4.30886e-11, 7.15298, 0.90548, 0.000353412, 582.887
762, 0.000892428, 1.05779e-23, 1.48236e-23, 0, 3.97208e-07, 3.09289e-08, 0, 0, 4.28137e-07, 3.15373e-07, 4.84559e-11, 7.02156, 0.905161, 0.000353218, 584.273
763, 0.00100005, 1.12612e-23, 1.62384e-23, 0, 4.49153e-07, 3.5236e-08, 0, 0, 4.84388e-07, 3.52993e-07, 5.58689e-11, 6.90771, 0.90484, 0.000352956, 585.864
764, 0.00111337, 1.20112e-23, 1.7768e-23, 0, 5.18993e-07, 4.12749e-08, 0, 0, 5.60268e-07, 3.91517e-07, 6.77526e-11, 6.80037, 0.90452, 0.000351958, 587.875
765, 0.00134911, 1.2454e-23, 1.96179e-23, 0, 6.8254e-07, 5.48046e-08, 0, 0, 7.37344e-07, 4.70592e-07, 9.48248e-11, 6.60831, 0.904199, 0.000348992, 592.306
766, 0.00163259, 1.27897e-23, 2.16931e-23, 0, 8.88146e-07, 7.16064e-08, 0, 0, 9.59752e-07, 5.65327e-07, 1.29535e-10, 6.41759, 0.903879, 0.000344883, 596.609
767, 0.00187419, 1.32852e-23, 2.38656e-23, 0, 1.07043e-06, 8.64512e-08, 0, 0, 1.15688e-06, 6.47613e-07, 1.61639e-10, 6.27958, 0.90356, 0.000343455, 599.513
768, 0.00204474, 1.40423e-23, 2.61011e-23, 0, 1.19728e-06, 9.684e-08, 0, 0, 1.29412e-06, 7.05705e-07, 1.85549e-10, 6.19248, 0.90324, 0.000344253, 601.011
769, 0.00215437, 1.50538e-23, 2.84267e-23, 0, 1.27449e-06, 1.03314e-07, 0, 0, 1.3778e-06, 7.43275e-07, 2.01792e-10, 6.14026, 0.90292, 0.000344959, 601.564
770, 0.00222411, 1.62702e-23, 3.08921e-23, 0, 1.31721e-06, 1.07116e-07, 0, 0, 1.42432e-06, 7.66211e-07, 2.1265e-10, 6.1084, 0.902601, 0.000344586, 601.551
771, 0.00226985, 1.76471e-23, 3.35401e-23, 0, 1.33894e-06, 1.09338e-07, 0, 0, 1.44828e-06, 7.79919e-07, 2.20322e-10, 6.08804, 0.90228, 0.000343644, 601.219
772, 0.00230152, 1.91631e-23, 3.64002e-23, 0, 1.35398e-06, 1.11128e-07, 0, 0, 1.46511e-06, 7.91797e-07, 2.27125e-10, 6.07418, 0.90196, 0.000344032, 600.789
773, 0.00232698, 2.08136e-23, 3.94936e-23, 0, 1.36712e-06, 1.12827e-07, 0, 0, 1.47995e-06, 8.03782e-07, 2.33776e-10, 6.06318, 0.901641, 0.000345413, 600.333
774, 0.00235077, 2.26033e-23, 4.28402e-23, 0, 1.37186e-06, 1.13858e-07, 0, 0, 1.48572e-06, 8.11292e-07, 2.3911e-10, 6.05301, 0.901338, 0.000345133, 599.757
775, 0.00237405, 2.45421e-23, 4.64603e-23, 0, 1.37243e-06, 1.14558e-07, 0, 0, 1.48699e-06, 8.16598e-07, 2.43842e-10, 6.04316, 0.901079, 0.000343975, 599.125
776, 0.00239706, 2.66418e-23, 5.03755e-23, 0, 1.37626e-06, 1.15541e-07, 0, 0, 1.4918e-06, 8.23995e-07, 2.49235e-10, 6.03351, 0.900885, 0.000343755, 598.54
777, 0.00242001, 2.89151e-23, 5.46084e-23, 0, 1.37712e-06, 1.16281e-07, 0, 0, 1.4934e-06, 8.29701e-07, 2.54166e-10, 6.02398, 0.900735, 0.000342865, 597.914
778, 0.00244306, 3.1376e-23, 5.91838e-23, 0, 1.37659e-06, 1.16914e-07, 0, 0, 1.49351e-06, 8.3465e-07, 2.58959e-10, 6.0145, 0.900601, 0.000341649, 597.271
779, 0.00246629, 3.4039e-23, 6.41294e-23, 0, 1.38096e-06, 1.1797e-07, 0, 0, 1.49893e-06, 8.42598e-07, 2.64782e-10, 6.00504, 0.900467, 0.000341639, 596.698
780, 0.00248975, 3.69198e-23, 6.94736e-23, 0, 1.3896e-06, 1.19395e-07, 0, 0, 1.50899e-06, 8.53131e-07, 2.71526e-10, 5.99557, 0.900333, 0.000342644, 596.186
781, 0.00251342, 4.00357e-23, 7.52469e-23, 0, 1.39704e-06, 1.20721e-07, 0, 0, 1.51776e-06, 8.62905e-07, 2.78136e-10, 5.98611, 0.900199, 0.000343318, 595.657
782, 0.00253719, 4.34055e-23, 8.14824e-23, 0, 1.39928e-06, 1.21605e-07, 0, 0, 1.52089e-06, 8.69507e-07, 2.83815e-10, 5.9767, 0.900066, 0.000342719, 595.058
783, 0.00256091, 4.70501e-23, 8.82156e-23, 0, 1.39696e-06, 1.22098e-07, 0, 0, 1.51906e-06, 8.73355e-07, 2.88651e-10, 5.96739, 0.899934, 0.000341053, 594.398
784, 0.00258432, 5.09918e-23, 9.5484e-23, 0, 1.39631e-06, 1.22747e-07, 0, 0, 1.51906e-06, 8.78429e-07, 2.93914e-10, 5.95829, 0.8998, 0.00033991, 593.762
785, 0.00260682, 5.52563e-23, 1.03329e-22, 0, 1.40087e-06, 1.23862e-07, 0, 0, 1.52473e-06, 8.87083e-07, 3.00297e-10, 5.94962, 0.899667, 0.000340286, 593.2
786, 0.00262692, 5.98749e-23, 1.11795e-22, 0, 1.40244e-06, 1.2473e-07, 0, 0, 1.52717e-06, 8.94525e-07, 3.05967e-10, 5.94195, 0.899534, 0.000340525, 592.598
787, 0.00264432, 6.48768e-23, 1.20928e-22, 0, 1.39789e-06, 1.25071e-07, 0, 0, 1.52296e-06, 8.98817e-07, 3.10237e-10, 5.93534, 0.899401, 0.000339912, 591.914
788, 0.00265973, 7.02913e-23, 1.30779e-22, 0, 1.39136e-06, 1.25244e-07, 0, 0, 1.5166e-06, 9.02326e-07, 3.1404e-10, 5.92953, 0.899267, 0.000339258, 591.204
789, 0.00267273, 7.61535e-23, 1.41401e-22, 0, 1.38393e-06, 1.25344e-07, 0, 0, 1.50927e-06, 9.05768e-07, 3.17592e-10, 5.92466, 0.899133, 0.000338891, 590.484
790, 0.00268966, 8.24621e-23, 1.52856e-22, 0, 1.37801e-06, 1.25551e-07, 0, 0, 1.50356e-06, 9.09174e-07, 3.21761e-10, 5.91834, 0.899, 0.000338046, 589.785
791, 0.00271545, 8.92243e-23, 1.65212e-22, 0, 1.37362e-06, 1.25839e-07, 0, 0, 1.49946e-06, 9.11424e-07, 3.26725e-10, 5.9088, 0.898867, 0.000335714, 589.108
792, 0.00274527, 9.64986e-23, 1.78531e-22, 0, 1.36895e-06, 1.26076e-07, 0, 0, 1.49503e-06, 9.12532e-07, 3.31859e-10, 5.89788, 0.898732, 0.000332501, 588.428
793, 0.00277921, 1.04319e-22, 1.92889e-22, 0, 1.37037e-06, 1.26854e-07, 0, 0, 1.49722e-06, 9.16723e-07, 3.38774e-10, 5.88559, 0.8986, 0.000329943, 587.834
794, 0.00281393, 1.12752e-22, 2.08359e-22, 0, 1.37714e-06, 1.28129e-07, 0, 0, 1.50527e-06, 9.2444e-07, 3.47124e-10, 5.87317, 0.898466, 0.000328581, 587.316
795, 0.00283512, 1.21951e-22, 2.25013e-22, 0, 1.38432e-06, 1.29532e-07, 0, 0, 1.51385e-06, 9.35897e-07, 3.54994e-10, 5.86567, 0.898333, 0.000330134, 586.805
796, 0.00284648, 1.3194e-22, 2.42941e-22, 0, 1.38911e-06, 1.30776e-07, 0, 0, 1.51988e-06, 9.48242e-07, 3.6189e-10, 5.86167, 0.898199, 0.000333145, 586.263
797, 0.00287051, 1.42599e-22, 2.62258e-22, 0, 1.39673e-06, 1.32226e-07, 0, 0, 1.52895e-06, 9.59517e-07, 3.70395e-10, 5.85327, 0.898066, 0.000334283, 585.759
798, 0.00290519, 1.54004e-22, 2.83065e-22, 0, 1.40909e-06, 1.34069e-07, 0, 0, 1.54315e-06, 9.71479e-07, 3.80888e-10, 5.84126, 0.897935, 0.000334402, 585.32
799, 0.00293212, 1.66376e-22, 3.05451e-22, 0, 1.41468e-06, 1.35319e-07, 0, 0, 1.55e-06, 9.80793e-07, 3.89277e-10, 5.83203, 0.8978, 0.000334502, 584.79
800, 0.0029499, 1.79799e-22, 3.2953e-22, 0, 1.41172e-06, 1.35808e-07, 0, 0, 1.54753e-06, 9.86502e-07, 3.94944e-10, 5.82598, 0.897666, 0.000334423, 584.148
801, 0.00296861, 1.94244e-22, 3.5544e-22, 0, 1.40805e-06, 1.36225e-07, 0, 0, 1.54427e-06, 9.91589e-07, 4.00516e-10, 5.81966, 0.897533, 0.000334034, 583.497
802, 0.00299381, 2.09726e-22, 3.83322e-22, 0, 1.40697e-06, 1.36862e-07, 0, 0, 1.54383e-06, 9.97075e-07, 4.07202e-10, 5.81121, 0.8974, 0.000333067, 582.882
803, 0.00302287, 2.26354e-22, 4.13312e-22, 0, 1.4074e-06, 1.37624e-07, 0, 0, 1.54502e-06, 1.00265e-06, 4.14684e-10, 5.80155, 0.897267, 0.000331714, 582.289
804, 0.00305639, 2.44194e-22, 4.45566e-22, 0, 1.41412e-06, 1.38975e-07, 0, 0, 1.55309e-06, 1.01149e-06, 4.2453e-10, 5.79052, 0.897133, 0.000330959, 581.781
805, 0.00309514, 2.63319e-22, 4.80248e-22, 0, 1.4283e-06, 1.41036e-07, 0, 0, 1.56933e-06, 1.02439e-06, 4.37137e-10, 5.77792, 0.897, 0.000330975, 581.372
806, 0.00313198, 2.8393e-22, 5.17524e-22, 0, 1.43886e-06, 1.42761e-07, 0, 0, 1.58162e-06, 1.03535e-06, 4.48681e-10, 5.76609, 0.896867, 0.000330585, 580.916
807, 0.00316097, 3.06229e-22, 5.57574e-22, 0, 1.44035e-06, 1.43648e-07, 0, 0, 1.584e-06, 1.042e-06, 4.57095e-10, 5.75688, 0.896733, 0.000329656, 580.341
808, 0.00318345, 3.30332e-22, 6.00598e-22, 0, 1.43636e-06, 1.44032e-07, 0, 0, 1.5804e-06, 1.04646e-06, 4.63466e-10, 5.74979, 0.8966, 0.000328731, 579.697
809, 0.00320082, 3.56366e-22, 6.46806e-22, 0, 1.42816e-06, 1.44023e-07, 0, 0, 1.57219e-06, 1.04912e-06, 4.68181e-10, 5.74435, 0.896466, 0.000327785, 578.999
810, 0.00321384, 3.84487e-22, 6.96422e-22, 0, 1.41888e-06, 1.43922e-07, 0, 0, 1.56281e-06, 1.05187e-06, 4.72259e-10, 5.74029, 0.896333, 0.000327309, 578.288
811, 0.00321783, 4.15009e-22, 7.49665e-22, 0, 1.40551e-06, 1.43426e-07, 0, 0, 1.54894e-06, 1.05318e-06, 4.74392e-10, 5.73905, 0.8962, 0.000327303, 577.523
812, 0.00320135, 4.48551e-22, 8.06712e-22, 0, 1.37811e-06, 1.4154e-07, 0, 0, 1.51965e-06, 1.04696e-06, 4.70785e-10, 5.74418, 0.896067, 0.000327042, 576.569
813, 0.00315151, 4.85958e-22, 8.677e-22, 0, 1.33095e-06, 1.37663e-07, 0, 0, 1.46861e-06, 1.02953e-06, 4.59061e-10, 5.75987, 0.895933, 0.000326674, 575.335
814, 0.00307807, 5.27485e-22, 9.32836e-22, 0, 1.27166e-06, 1.32504e-07, 0, 0, 1.40416e-06, 1.00412e-06, 4.42293e-10, 5.78345, 0.895799, 0.000326205, 573.906
815, 0.00299989, 5.73544e-22, 1.00216e-21, 0, 1.2137e-06, 1.27364e-07, 0, 0, 1.34107e-06, 9.76684e-07, 4.261e-10, 5.80918, 0.895666, 0.000325561, 572.461
816, 0.00293885, 6.23632e-22, 1.07606e-21, 0, 1.16951e-06, 1.23512e-07, 0, 0, 1.29302e-06, 9.54179e-07, 4.15691e-10, 5.82974, 0.895533, 0.000324701, 571.198
817, 0.00293643, 6.73961e-22, 1.15618e-21, 0, 1.15381e-06, 1.22508e-07, 0, 0, 1.27632e-06, 9.47837e-07, 4.16916e-10, 5.83056, 0.8954, 0.000322945, 570.371
818, 0.00299263, 7.23493e-22, 1.24344e-21, 0, 1.16092e-06, 1.23804e-07, 0, 0, 1.28472e-06, 9.54717e-07, 4.27798e-10, 5.8116, 0.895266, 0.000319464, 569.908
819, 0.00308297, 7.74211e-22, 1.33765e-21, 0, 1.18623e-06, 1.26974e-07, 0, 0, 1.3132e-06, 9.72193e-07, 4.47054e-10, 5.78186, 0.895133, 0.000316014, 569.73
820, 0.00320554, 8.25735e-22, 1.43946e-21, 0, 1.23757e-06, 1.32883e-07, 0, 0, 1.37046e-06, 1.00734e-06, 4.78047e-10, 5.74288, 0.895, 0.000314863, 569.937
821, 0.00329487, 8.83494e-22, 1.5481e-21, 0, 1.27615e-06, 1.37511e-07, 0, 0, 1.41366e-06, 1.03651e-06, 5.03165e-10, 5.71539, 0.894867, 0.000315065, 569.93
822, 0.00322484, 9.59231e-22, 1.66108e-21, 0, 1.2361e-06, 1.34026e-07, 0, 0, 1.37012e-06, 1.01983e-06, 4.91998e-10, 5.73687, 0.894733, 0.000316751, 568.771
823, 0.00312227, 1.04238e-21, 1.7816e-21, 0, 1.18316e-06, 1.29259e-07, 0, 0, 1.31242e-06, 9.9628e-07, 4.75193e-10, 5.76919, 0.8946, 0.000319414, 567.398
824, 0.00323268, 1.11132e-21, 1.91567e-21, 0, 1.23473e-06, 1.35396e-07, 0, 0, 1.37013e-06, 1.03424e-06, 5.08226e-10, 5.73444, 0.894467, 0.000320091, 567.614
825, 0.00341582, 1.17946e-21, 2.06062e-21, 0, 1.31922e-06, 1.44937e-07, 0, 0, 1.46415e-06, 1.09065e-06, 5.5736e-10, 5.67934, 0.894333, 0.000319389, 568.265
826, 0.00348825, 1.26357e-21, 2.21325e-21, 0, 1.34582e-06, 1.4844e-07, 0, 0, 1.49426e-06, 1.11316e-06, 5.78933e-10, 5.65836, 0.894199, 0.00031916, 568.066
827, 0.00347915, 1.3621e-21, 2.37477e-21, 0, 1.32994e-06, 1.4749e-07, 0, 0, 1.47743e-06, 1.1107e-06, 5.79766e-10, 5.66097, 0.894065, 0.000319256, 567.281
828, 0.00345082, 1.47016e-21, 2.54699e-21, 0, 1.30296e-06, 1.45353e-07, 0, 0, 1.44831e-06, 1.10074e-06, 5.75367e-10, 5.66914, 0.893933, 0.00031898, 566.34
829, 0.00347604, 1.57918e-21, 2.7329e-21, 0, 1.30301e-06, 1.46097e-07, 0, 0, 1.44911e-06, 1.10689e-06, 5.85177e-10, 5.66186, 0.8938, 0.000318445, 565.778
830, 0.00354802, 1.68952e-21, 2.93348e-21, 0, 1.32599e-06, 1.493e-07, 0, 0, 1.47529e-06, 1.12735e-06, 6.06996e-10, 5.64137, 0.893667, 0.000317766, 565.538
831, 0.00361597, 1.80867e-21, 3.14781e-21, 0, 1.34362e-06, 1.5192e-07, 0, 0, 1.49554e-06, 1.14371e-06, 6.26396e-10, 5.62239, 0.893534, 0.000316363, 565.22
832, 0.00367059, 1.93831e-21, 3.3765e-21, 0, 1.34709e-06, 1.52979e-07, 0, 0, 1.50007e-06, 1.14929e-06, 6.39197e-10, 5.6074, 0.893399, 0.000313267, 564.707
833, 0.00374203, 2.07397e-21, 3.62176e-21, 0, 1.35815e-06, 1.54897e-07, 0, 0, 1.51304e-06, 1.16023e-06, 6.56586e-10, 5.58813, 0.893267, 0.000310201, 564.298
834, 0.00382757, 2.21702e-21, 3.8844e-21, 0, 1.3896e-06, 1.59123e-07, 0, 0, 1.54873e-06, 1.18705e-06, 6.84936e-10, 5.56553, 0.893134, 0.000310175, 564.162
835, 0.00390388, 2.37223e-21, 4.16463e-21, 0, 1.42335e-06, 1.63627e-07, 0, 0, 1.58698e-06, 1.2158e-06, 7.14958e-10, 5.54578, 0.893001, 0.000311464, 564.047
836, 0.00396115, 2.54133e-21, 4.46361e-21, 0, 1.44247e-06, 1.66516e-07, 0, 0, 1.60898e-06, 1.23432e-06, 7.37521e-10, 5.53122, 0.892868, 0.000311642, 563.737
837, 0.00401185, 2.72315e-21, 4.78299e-21, 0, 1.45292e-06, 1.68432e-07, 0, 0, 1.62135e-06, 1.24615e-06, 7.55993e-10, 5.5185, 0.892733, 0.000310636, 563.315
838, 0.00406287, 2.91757e-21, 5.12432e-21, 0, 1.45798e-06, 1.69728e-07, 0, 0, 1.62771e-06, 1.25328e-06, 7.72074e-10, 5.50587, 0.892599, 0.000308449, 562.825
839, 0.00411187, 3.12587e-21, 5.48896e-21, 0, 1.46281e-06, 1.71013e-07, 0, 0, 1.63382e-06, 1.26057e-06, 7.88303e-10, 5.49388, 0.892467, 0.000306501, 562.333
840, 0.00415328, 3.34985e-21, 5.87839e-21, 0, 1.47252e-06, 1.72911e-07, 0, 0, 1.64544e-06, 1.27376e-06, 8.06849e-10, 5.48386, 0.892334, 0.000306647, 561.904
841, 0.00418922, 3.59011e-21, 6.29432e-21, 0, 1.47771e-06, 1.74309e-07, 0, 0, 1.65202e-06, 1.28429e-06, 8.22723e-10, 5.47524, 0.892201, 0.0003066, 561.419
842, 0.00422967, 3.84621e-21, 6.73854e-21, 0, 1.48079e-06, 1.7544e-07, 0, 0, 1.65623e-06, 1.29188e-06, 8.38166e-10, 5.46563, 0.892067, 0.000305479, 560.909
843, 0.00427089, 4.11993e-21, 7.21287e-21, 0, 1.48233e-06, 1.76385e-07, 0, 0, 1.65872e-06, 1.29795e-06, 8.52969e-10, 5.45593, 0.891933, 0.00030394, 560.38
844, 0.00430962, 4.41288e-21, 7.71924e-21, 0, 1.48454e-06, 1.77439e-07, 0, 0, 1.66198e-06, 1.30535e-06, 8.68304e-10, 5.44691, 0.8918, 0.000302892, 559.861
845, 0.00435117, 4.72535e-21, 8.25977e-21, 0, 1.49718e-06, 1.79733e-07, 0, 0, 1.67692e-06, 1.32135e-06, 8.90259e-10, 5.43731, 0.891666, 0.000303666, 559.472
846, 0.00439194, 5.05935e-21, 8.83667e-21, 0, 1.50235e-06, 1.81131e-07, 0, 0, 1.68348e-06, 1.33097e-06, 9.07787e-10, 5.42798, 0.891533, 0.000303072, 558.991
847, 0.00442877, 5.41694e-21, 9.45227e-21, 0, 1.49907e-06, 1.81547e-07, 0, 0, 1.68061e-06, 1.33424e-06, 9.20218e-10, 5.41963, 0.8914, 0.000301288, 558.408
848, 0.00446224, 5.7996e-21, 1.01091e-20, 0, 1.49849e-06, 1.82305e-07, 0, 0, 1.6808e-06, 1.34075e-06, 9.34035e-10, 5.4121, 0.891265, 0.000300496, 557.86
849, 0.00449511, 6.20839e-21, 1.08096e-20, 0, 1.47288e-06, 1.79992e-07, 0, 0, 1.65287e-06, 1.32483e-06, 9.31824e-10, 5.40477, 0.891119, 0.000294823, 557.004
850, 0.00452801, 6.64495e-21, 1.15568e-20, 0, 1.43892e-06, 1.76666e-07, 0, 0, 1.61559e-06, 1.30149e-06, 9.24585e-10, 5.39747, 0.890938, 0.00028749, 556.039
851, 0.0045596, 7.1114e-21, 1.23536e-20, 0, 1.45402e-06, 1.79375e-07, 0, 0, 1.6334e-06, 1.32284e-06, 9.48984e-10, 5.39052, 0.890706, 0.000290103, 555.693
852, 0.00459429, 7.60839e-21, 1.32032e-20, 0, 1.47917e-06, 1.83278e-07, 0, 0, 1.66245e-06, 1.35235e-06, 9.79897e-10, 5.38294, 0.890439, 0.000294384, 555.47
853, 0.00463291, 8.13778e-21, 1.41088e-20, 0, 1.43807e-06, 1.78916e-07, 0, 0, 1.61698e-06, 1.32012e-06, 9.66716e-10, 5.37457, 0.89016, 0.000285098, 554.42
854, 0.00467106, 8.70294e-21, 1.50741e-20, 0, 1.35181e-06, 1.68936e-07, 0, 0, 1.52074e-06, 1.24659e-06, 9.23139e-10, 5.36637, 0.88988, 0.00026698, 552.763
855, 0.0047098, 9.30565e-21, 1.61028e-20, 0, 1.36095e-06, 1.70909e-07, 0, 0, 1.53186e-06, 1.26124e-06, 9.45516e-10, 5.35811, 0.8896, 0.000267655, 552.354
856, 0.00474939, 9.94819e-21, 1.7199e-20, 0, 1.4618e-06, 1.84378e-07, 0, 0, 1.64618e-06, 1.36056e-06, 1.03152e-09, 5.34974, 0.88932, 0.000286303, 553.122
857, 0.00478825, 1.06337e-20, 1.83669e-20, 0, 1.52744e-06, 1.93454e-07, 0, 0, 1.72089e-06, 1.4276e-06, 1.09363e-09, 5.34159, 0.889039, 0.000298093, 553.391
858, 0.00482694, 1.13648e-20, 1.96109e-20, 0, 1.54302e-06, 1.96257e-07, 0, 0, 1.73928e-06, 1.44842e-06, 1.12132e-09, 5.33354, 0.888759, 0.000300077, 553.046
859, 0.004866, 1.21442e-20, 2.09358e-20, 0, 1.53664e-06, 1.96284e-07, 0, 0, 1.73293e-06, 1.44871e-06, 1.13362e-09, 5.32548, 0.88848, 0.000297752, 552.442
860, 0.00490498, 1.29752e-20, 2.23466e-20, 0, 1.52707e-06, 1.95909e-07, 0, 0, 1.72298e-06, 1.44607e-06, 1.1438e-09, 5.3175, 0.8882, 0.000294836, 551.801
861, 0.00494368, 1.38609e-20, 2.38488e-20, 0, 1.53107e-06, 1.97283e-07, 0, 0, 1.72836e-06, 1.45644e-06, 1.16437e-09, 5.30964, 0.88792, 0.000294599, 551.322
862, 0.00498206, 1.48052e-20, 2.54478e-20, 0, 1.54396e-06, 1.99812e-07, 0, 0, 1.74377e-06, 1.47545e-06, 1.19193e-09, 5.30191, 0.88764, 0.000296141, 550.949
863, 0.00502063, 1.58112e-20, 2.71496e-20, 0, 1.55243e-06, 2.01774e-07, 0, 0, 1.7542e-06, 1.49032e-06, 1.21639e-09, 5.2942, 0.88736, 0.000296842, 550.525
864, 0.00505961, 1.6883e-20, 2.89605e-20, 0, 1.54287e-06, 2.01377e-07, 0, 0, 1.74425e-06, 1.48774e-06, 1.22666e-09, 5.28647, 0.88708, 0.000294095, 549.889
865, 0.00509853, 1.80246e-20, 3.08876e-20, 0, 1.48663e-06, 1.94833e-07, 0, 0, 1.68146e-06, 1.43977e-06, 1.19881e-09, 5.2788, 0.8868, 0.000282535, 548.694
866, 0.00513723, 1.92404e-20, 3.29378e-20, 0, 1.39819e-06, 1.84037e-07, 0, 0, 1.58222e-06, 1.36042e-06, 1.14445e-09, 5.27124, 0.88652, 0.000264929, 547.067
867, 0.00517597, 2.05351e-20, 3.51187e-20, 0, 1.39155e-06, 1.84021e-07, 0, 0, 1.57557e-06, 1.36078e-06, 1.15748e-09, 5.26373, 0.886239, 0.000262827, 546.464
868, 0.00521483, 2.19135e-20, 3.74381e-20, 0, 1.46437e-06, 1.94488e-07, 0, 0, 1.65886e-06, 1.43868e-06, 1.23625e-09, 5.25625, 0.88596, 0.000275775, 546.866
869, 0.0052538, 2.33807e-20, 3.99042e-20, 0, 1.51607e-06, 2.02191e-07, 0, 0, 1.71826e-06, 1.49623e-06, 1.29826e-09, 5.2488, 0.885679, 0.000284738, 546.976
870, 0.00529299, 2.49425e-20, 4.25263e-20, 0, 1.54661e-06, 2.07136e-07, 0, 0, 1.75375e-06, 1.53343e-06, 1.34378e-09, 5.24137, 0.885401, 0.000289673, 546.82
871, 0.00533247, 2.66043e-20, 4.53137e-20, 0, 1.56729e-06, 2.10786e-07, 0, 0, 1.77808e-06, 1.56105e-06, 1.38152e-09, 5.23394, 0.885119, 0.000292729, 546.545
872, 0.0053721, 2.83725e-20, 4.82766e-20, 0, 1.57444e-06, 2.1263e-07, 0, 0, 1.78707e-06, 1.5753e-06, 1.40793e-09, 5.22654, 0.884839, 0.000293241, 546.113
873, 0.00541172, 3.02537e-20, 5.14253e-20, 0, 1.57284e-06, 2.13304e-07, 0, 0, 1.78615e-06, 1.58092e-06, 1.42687e-09, 5.21919, 0.884562, 0.000292145, 545.582
874, 0.00545133, 3.22549e-20, 5.4771e-20, 0, 1.56095e-06, 2.12576e-07, 0, 0, 1.77353e-06, 1.57621e-06, 1.43649e-09, 5.2119, 0.884296, 0.000289174, 544.933
875, 0.00549103, 3.43832e-20, 5.83259e-20, 0, 1.54376e-06, 2.11122e-07, 0, 0, 1.75488e-06, 1.56613e-06, 1.44134e-09, 5.20464, 0.884067, 0.00028524, 544.223
876, 0.00553068, 3.66465e-20, 6.21024e-20, 0, 1.54256e-06, 2.11856e-07, 0, 0, 1.75441e-06, 1.57234e-06, 1.46132e-09, 5.19744, 0.883896, 0.000284288, 543.699
877, 0.00556997, 3.90535e-20, 6.61136e-20, 0, 1.55403e-06, 2.1433e-07, 0, 0, 1.76836e-06, 1.59158e-06, 1.49335e-09, 5.19037, 0.883763, 0.000285732, 543.325
878, 0.0056088, 4.16131e-20, 7.03725e-20, 0, 1.56423e-06, 2.16642e-07, 0, 0, 1.78087e-06, 1.60977e-06, 1.52457e-09, 5.18342, 0.88364, 0.000287002, 542.935
879, 0.00564797, 4.43332e-20, 7.48946e-20, 0, 1.56777e-06, 2.18035e-07, 0, 0, 1.7858e-06, 1.62111e-06, 1.54961e-09, 5.17646, 0.88352, 0.00028704, 542.469
880, 0.00568688, 4.72241e-20, 7.96955e-20, 0, 1.55328e-06, 2.16916e-07, 0, 0, 1.77019e-06, 1.61387e-06, 1.55688e-09, 5.16959, 0.883401, 0.000283826, 541.797
881, 0.00572453, 5.02978e-20, 8.47922e-20, 0, 1.54205e-06, 2.16274e-07, 0, 0, 1.75832e-06, 1.6105e-06, 1.5678e-09, 5.16299, 0.88328, 0.000281341, 541.163
882, 0.00576212, 5.35633e-20, 9.02015e-20, 0, 1.5568e-06, 2.19282e-07, 0, 0, 1.77609e-06, 1.63436e-06, 1.60544e-09, 5.15645, 0.883161, 0.00028362, 540.832
883, 0.00580171, 5.70293e-20, 9.59413e-20, 0, 1.5703e-06, 2.22097e-07, 0, 0, 1.79239e-06, 1.65642e-06, 1.64218e-09, 5.1496, 0.88304, 0.000285496, 540.485
884, 0.0058425, 6.07105e-20, 1.02031e-19, 0, 1.57006e-06, 2.2297e-07, 0, 0, 1.79303e-06, 1.6638e-06, 1.66507e-09, 5.1426, 0.882921, 0.00028477, 539.981
885, 0.00587979, 6.46287e-20, 1.08491e-19, 0, 1.56314e-06, 2.22905e-07, 0, 0, 1.78604e-06, 1.66492e-06, 1.68044e-09, 5.13623, 0.882801, 0.000283167, 539.402
886, 0.00591409, 6.8794e-20, 1.15344e-19, 0, 1.55019e-06, 2.21996e-07, 0, 0, 1.77219e-06, 1.6604e-06, 1.68913e-09, 5.13042, 0.882679, 0.000280774, 538.755
887, 0.00595214, 7.32073e-20, 1.22612e-19, 0, 1.5502e-06, 2.22933e-07, 0, 0, 1.77314e-06, 1.66893e-06, 1.71298e-09, 5.124, 0.88256, 0.00028039, 538.258
888, 0.00599394, 7.7886e-20, 1.3032e-19, 0, 1.56621e-06, 2.26143e-07, 0, 0, 1.79236e-06, 1.69369e-06, 1.75505e-09, 5.11701, 0.88244, 0.000282555, 537.945
889, 0.0060381, 8.2847e-20, 1.38492e-19, 0, 1.57857e-06, 2.28824e-07, 0, 0, 1.8074e-06, 1.71412e-06, 1.79354e-09, 5.10967, 0.88232, 0.000283881, 537.589
890, 0.00607911, 8.81214e-20, 1.47154e-19, 0, 1.58154e-06, 2.30173e-07, 0, 0, 1.81171e-06, 1.7252e-06, 1.82141e-09, 5.1029, 0.8822, 0.000283795, 537.128
891, 0.00610991, 9.37529e-20, 1.56336e-19, 0, 1.57629e-06, 2.30372e-07, 0, 0, 1.80666e-06, 1.72937e-06, 1.83883e-09, 5.09784, 0.88208, 0.00028305, 536.576
892, 0.00611592, 9.982e-20, 1.66062e-19, 0, 1.55861e-06, 2.28844e-07, 0, 0, 1.78745e-06, 1.72448e-06, 1.83882e-09, 5.09686, 0.88196, 0.00028198, 535.884
893, 0.00608763, 1.06404e-19, 1.76357e-19, 0, 1.52921e-06, 2.25702e-07, 0, 0, 1.75491e-06, 1.71213e-06, 1.82126e-09, 5.1015, 0.88184, 0.000281269, 535.057
894, 0.00601861, 1.13634e-19, 1.87229e-19, 0, 1.48906e-06, 2.21008e-07, 0, 0, 1.71007e-06, 1.69142e-06, 1.78757e-09, 5.1129, 0.88172, 0.000281055, 534.098
895, 0.00587449, 1.21828e-19, 1.98651e-19, 0, 1.42649e-06, 2.13011e-07, 0, 0, 1.6395e-06, 1.65018e-06, 1.72237e-09, 5.13714, 0.8816, 0.000280924, 532.855
896, 0.00567781, 1.31011e-19, 2.10625e-19, 0, 1.3506e-06, 2.02954e-07, 0, 0, 1.55355e-06, 1.59416e-06, 1.63886e-09, 5.17119, 0.881481, 0.000280763, 531.41
897, 0.00551839, 1.408e-19, 2.23212e-19, 0, 1.28934e-06, 1.94863e-07, 0, 0, 1.48421e-06, 1.5472e-06, 1.57558e-09, 5.19967, 0.88136, 0.000280341, 530.115
898, 0.0053755, 1.51536e-19, 2.36347e-19, 0, 1.23431e-06, 1.87519e-07, 0, 0, 1.42183e-06, 1.50219e-06, 1.52039e-09, 5.2259, 0.881237, 0.000279435, 528.871
899, 0.00523047, 1.62961e-19, 2.50234e-19, 0, 1.17313e-06, 1.79182e-07, 0, 0, 1.35231e-06, 1.44938e-06, 1.45665e-09, 5.25325, 0.881104, 0.000277258, 527.507
900, 0.00524207, 1.73197e-19, 2.65476e-19, 0, 1.15003e-06, 1.76411e-07, 0, 0, 1.32644e-06, 1.431e-06, 1.44638e-09, 5.25104, 0.880932, 0.00027344, 526.682
901, 0.00536449, 1.82985e-19, 2.81862e-19, 0, 1.15961e-06, 1.78495e-07, 0, 0, 1.3381e-06, 1.44411e-06, 1.48074e-09, 5.22795, 0.880705, 0.00026972, 526.345
902, 0.00553731, 1.93083e-19, 2.99174e-19, 0, 1.20171e-06, 1.85507e-07, 0, 0, 1.38722e-06, 1.49025e-06, 1.56255e-09, 5.19625, 0.880438, 0.000269355, 526.484
903, 0.00582676, 2.01975e-19, 3.1803e-19, 0, 1.29713e-06, 2.00536e-07, 0, 0, 1.49767e-06, 1.58927e-06, 1.72601e-09, 5.14529, 0.880159, 0.000272661, 527.331
904, 0.0061335, 2.10845e-19, 3.38214e-19, 0, 1.39306e-06, 2.15638e-07, 0, 0, 1.6087e-06, 1.68721e-06, 1.89472e-09, 5.09399, 0.87988, 0.00027502, 528.094
905, 0.0062422, 2.22833e-19, 3.58924e-19, 0, 1.41404e-06, 2.19547e-07, 0, 0, 1.63359e-06, 1.71348e-06, 1.95118e-09, 5.07642, 0.8796, 0.000274455, 527.876
906, 0.0061131, 2.3878e-19, 3.80028e-19, 0, 1.35275e-06, 2.11135e-07, 0, 0, 1.56389e-06, 1.66398e-06, 1.87852e-09, 5.09732, 0.87932, 0.000272167, 526.628
907, 0.00586848, 2.57378e-19, 4.01917e-19, 0, 1.25774e-06, 1.97626e-07, 0, 0, 1.45537e-06, 1.58417e-06, 1.75015e-09, 5.13816, 0.87904, 0.000270195, 524.891
908, 0.005725, 2.7539e-19, 4.25517e-19, 0, 1.19168e-06, 1.88381e-07, 0, 0, 1.38006e-06, 1.52899e-06, 1.66786e-09, 5.16291, 0.878761, 0.000267769, 523.488
909, 0.00574308, 2.91694e-19, 4.51213e-19, 0, 1.17059e-06, 1.85892e-07, 0, 0, 1.35648e-06, 1.51516e-06, 1.65755e-09, 5.15976, 0.87848, 0.000264699, 522.71
910, 0.00583124, 3.07863e-19, 4.78644e-19, 0, 1.18701e-06, 1.892e-07, 0, 0, 1.37622e-06, 1.54148e-06, 1.70572e-09, 5.14453, 0.8782, 0.000264945, 522.479
911, 0.00594857, 3.251e-19, 5.07436e-19, 0, 1.22703e-06, 1.9618e-07, 0, 0, 1.42321e-06, 1.59263e-06, 1.7918e-09, 5.1246, 0.87792, 0.000268087, 522.581
912, 0.00599121, 3.44956e-19, 5.3744e-19, 0, 1.24149e-06, 1.99227e-07, 0, 0, 1.44071e-06, 1.61896e-06, 1.83492e-09, 5.11746, 0.87764, 0.000270464, 522.314
913, 0.0059034, 3.67743e-19, 5.68923e-19, 0, 1.21092e-06, 1.95342e-07, 0, 0, 1.40626e-06, 1.60247e-06, 1.80241e-09, 5.13223, 0.87736, 0.000271549, 521.418
914, 0.00589725, 3.90112e-19, 6.02577e-19, 0, 1.19881e-06, 1.94275e-07, 0, 0, 1.39308e-06, 1.60073e-06, 1.80461e-09, 5.13327, 0.87708, 0.000271477, 520.78
915, 0.00596714, 4.12589e-19, 6.3834e-19, 0, 1.20642e-06, 1.9619e-07, 0, 0, 1.40261e-06, 1.61534e-06, 1.84172e-09, 5.12149, 0.876799, 0.000270753, 520.422
916, 0.00602757, 4.36602e-19, 6.76029e-19, 0, 1.21178e-06, 1.97784e-07, 0, 0, 1.40956e-06, 1.62818e-06, 1.87491e-09, 5.11141, 0.87652, 0.000270173, 520.033
917, 0.00612241, 4.61378e-19, 7.15936e-19, 0, 1.22826e-06, 2.01164e-07, 0, 0, 1.42942e-06, 1.65245e-06, 1.92737e-09, 5.0958, 0.87624, 0.000269927, 519.801
918, 0.00625413, 4.86895e-19, 7.58132e-19, 0, 1.25846e-06, 2.06642e-07, 0, 0, 1.46511e-06, 1.68571e-06, 2.01049e-09, 5.07451, 0.87596, 0.000269562, 519.753
919, 0.00652924, 5.11004e-19, 8.03052e-19, 0, 1.33245e-06, 2.18937e-07, 0, 0, 1.55139e-06, 1.75559e-06, 2.18167e-09, 5.03147, 0.875679, 0.000268899, 520.269
920, 0.00680336, 5.36452e-19, 8.50472e-19, 0, 1.40044e-06, 2.3033e-07, 0, 0, 1.63077e-06, 1.82074e-06, 2.34321e-09, 4.99034, 0.8754, 0.000267512, 520.661
921, 0.00693184, 5.6605e-19, 9.00248e-19, 0, 1.41223e-06, 2.32921e-07, 0, 0, 1.64515e-06, 1.83541e-06, 2.39754e-09, 4.97163, 0.875119, 0.000264451, 520.342
922, 0.00697177, 5.99182e-19, 9.52546e-19, 0, 1.38603e-06, 2.29481e-07, 0, 0, 1.61552e-06, 1.81245e-06, 2.38034e-09, 4.96589, 0.874841, 0.000259717, 519.557
923, 0.006995, 6.34531e-19, 1.00772e-18, 0, 1.35758e-06, 2.25769e-07, 0, 0, 1.58335e-06, 1.79138e-06, 2.35481e-09, 4.96256, 0.874563, 0.000256115, 518.74
924, 0.00697793, 6.72764e-19, 1.06587e-18, 0, 1.34076e-06, 2.2409e-07, 0, 0, 1.56485e-06, 1.79125e-06, 2.34494e-09, 4.965, 0.874299, 0.000256851, 518.07
925, 0.0070012, 7.12529e-19, 1.12715e-18, 0, 1.34597e-06, 2.25882e-07, 0, 0, 1.57185e-06, 1.80999e-06, 2.38129e-09, 4.96167, 0.874079, 0.00025873, 517.679
926, 0.00706115, 7.54167e-19, 1.19172e-18, 0, 1.35943e-06, 2.28952e-07, 0, 0, 1.58838e-06, 1.83287e-06, 2.43685e-09, 4.95315, 0.873926, 0.000259816, 517.394
927, 0.0069549, 8.03682e-19, 1.25913e-18, 0, 1.33239e-06, 2.25564e-07, 0, 0, 1.55796e-06, 1.82119e-06, 2.4032e-09, 4.96831, 0.873816, 0.000262047, 516.596
928, 0.00658763, 8.65491e-19, 1.32866e-18, 0, 1.23142e-06, 2.1016e-07, 0, 0, 1.44158e-06, 1.73746e-06, 2.21184e-09, 5.02256, 0.87372, 0.000263817, 514.801
929, 0.00611504, 9.40489e-19, 1.3984e-18, 0, 1.10214e-06, 1.89861e-07, 0, 0, 1.292e-06, 1.61501e-06, 1.9643e-09, 5.097, 0.873627, 0.000264087, 512.474
930, 0.00556336, 1.04066e-18, 1.46167e-18, 0, 9.65958e-07, 1.67916e-07, 0, 0, 1.13388e-06, 1.46754e-06, 1.70808e-09, 5.19155, 0.873533, 0.000263731, 509.812
931, 0.00488086, 1.17445e-18, 1.5146e-18, 0, 8.10509e-07, 1.42298e-07, 0, 0, 9.52806e-07, 1.28537e-06, 1.4138e-09, 5.32243, 0.873439, 0.000263269, 506.45
932, 0.00416085, 1.3216e-18, 1.56756e-18, 0, 6.4892e-07, 1.15338e-07, 0, 0, 7.64258e-07, 1.09381e-06, 1.10353e-09, 5.48204, 0.873347, 0.000262794, 502.365
933, 0.00356867, 1.46794e-18, 1.62538e-18, 0, 5.16989e-07, 9.3129e-08, 0, 0, 6.10118e-07, 9.36372e-07, 8.51475e-10, 5.63556, 0.873253, 0.000262312, 498.261
934, 0.00321625, 1.61884e-18, 1.68242e-18, 0, 4.4509e-07, 8.08938e-08, 0, 0, 5.25984e-07, 8.42095e-07, 7.25333e-10, 5.73954, 0.87316, 0.000261799, 495.438
935, 0.00324338, 1.72939e-18, 1.76446e-18, 0, 4.51422e-07, 8.21406e-08, 0, 0, 5.33563e-07, 8.47144e-07, 7.53385e-10, 5.73114, 0.873067, 0.000261223, 495.221
936, 0.00338582, 1.7978e-18, 1.87906e-18, 0, 4.69062e-07, 8.55623e-08, 0, 0, 5.54625e-07, 8.82584e-07, 7.9169e-10, 5.68816, 0.872972, 0.000260677, 495.394
937, 0.00344311, 1.86934e-18, 2.0015e-18, 0, 4.66632e-07, 8.55621e-08, 0, 0, 5.52194e-07, 8.96058e-07, 7.89928e-10, 5.67138, 0.872879, 0.000260263, 494.881
938, 0.00381774, 1.90834e-18, 2.14337e-18, 0, 5.35283e-07, 9.7915e-08, 0, 0, 6.33198e-07, 9.91077e-07, 9.49673e-10, 5.5681, 0.872786, 0.000259756, 496.63
939, 0.00469044, 1.87613e-18, 2.32407e-18, 0, 7.03079e-07, 1.27654e-07, 0, 0, 8.30733e-07, 1.21041e-06, 1.3262e-09, 5.36223, 0.872693, 0.000258498, 500.588
940, 0.00533, 1.86929e-18, 2.50481e-18, 0, 8.07002e-07, 1.46389e-07, 0, 0, 9.53389e-07, 1.35527e-06, 1.56018e-09, 5.2344, 0.8726, 0.000255024, 502.403
941, 0.00534678, 1.97692e-18, 2.64347e-18, 0, 7.80108e-07, 1.4221e-07, 0, 0, 9.22318e-07, 1.32906e-06, 1.51207e-09, 5.23126, 0.872506, 0.000249744, 501.412
942, 0.00506073, 2.18637e-18, 2.74045e-18, 0, 7.18399e-07, 1.31658e-07, 0, 0, 8.50058e-07, 1.24283e-06, 1.39779e-09, 5.28624, 0.872414, 0.000247085, 499.629
943, 0.00467219, 2.43741e-18, 2.82771e-18, 0, 6.54412e-07, 1.20516e-07, 0, 0, 7.74928e-07, 1.14717e-06, 1.28196e-09, 5.36613, 0.87232, 0.000247255, 497.68
944, 0.00445102, 2.62314e-18, 2.9626e-18, 0, 6.1808e-07, 1.14423e-07, 0, 0, 7.32503e-07, 1.09899e-06, 1.22102e-09, 5.41462, 0.872226, 0.0002485, 496.327
945, 0.00449388, 2.72327e-18, 3.15446e-18, 0, 6.29726e-07, 1.17081e-07, 0, 0, 7.46807e-07, 1.12888e-06, 1.25826e-09, 5.40504, 0.872134, 0.000251912, 496.199
946, 0.00460927, 2.8154e-18, 3.3614e-18, 0, 6.5002e-07, 1.21275e-07, 0, 0, 7.71294e-07, 1.17129e-06, 1.31437e-09, 5.37969, 0.87204, 0.000254423, 496.282
947, 0.00478381, 2.91559e-18, 3.5732e-18, 0, 6.78071e-07, 1.26774e-07, 0, 0, 8.04846e-07, 1.21772e-06, 1.39629e-09, 5.34252, 0.871947, 0.000254814, 496.534
948, 0.00497083, 3.05757e-18, 3.77251e-18, 0, 7.13602e-07, 1.33509e-07, 0, 0, 8.47112e-07, 1.26563e-06, 1.50314e-09, 5.30417, 0.871854, 0.000254743, 496.927
949, 0.00504071, 3.25707e-18, 3.95715e-18, 0, 7.2713e-07, 1.36284e-07, 0, 0, 8.63414e-07, 1.28264e-06, 1.55762e-09, 5.29021, 0.87176, 0.000254488, 496.799
950, 0.00510996, 3.44111e-18, 4.167e-18, 0, 7.35762e-07, 1.3831e-07, 0, 0, 8.74073e-07, 1.29758e-06, 1.5998e-09, 5.27656, 0.871666, 0.000253975, 496.562
951, 0.00535256, 3.55693e-18, 4.42669e-18, 0, 7.71783e-07, 1.4545e-07, 0, 0, 9.17233e-07, 1.35613e-06, 1.70422e-09, 5.23018, 0.871573, 0.0002534, 496.91
952, 0.00535731, 3.72726e-18, 4.68433e-18, 0, 7.59113e-07, 1.43777e-07, 0, 0, 9.02891e-07, 1.35299e-06, 1.68216e-09, 5.22929, 0.87148, 0.000252558, 496.217
953, 0.00543525, 3.90017e-18, 4.95416e-18, 0, 7.63313e-07, 1.45053e-07, 0, 0, 9.08367e-07, 1.36084e-06, 1.71704e-09, 5.21485, 0.871387, 0.000250396, 495.88
954, 0.00570027, 4.05857e-18, 5.24198e-18, 0, 8.03203e-07, 1.52672e-07, 0, 0, 9.55874e-07, 1.40585e-06, 1.85176e-09, 5.16724, 0.871293, 0.000246324, 496.277
955, 0.00573477, 4.27634e-18, 5.52794e-18, 0, 8.02773e-07, 1.52948e-07, 0, 0, 9.55721e-07, 1.40219e-06, 1.87987e-09, 5.16121, 0.8712, 0.000244089, 495.84
956, 0.00575717, 4.4905e-18, 5.83742e-18, 0, 8.13274e-07, 1.55356e-07, 0, 0, 9.68632e-07, 1.42017e-06, 1.93692e-09, 5.15731, 0.871107, 0.000246485, 495.626
957, 0.00603397, 4.65954e-18, 6.17774e-18, 0, 8.73545e-07, 1.6696e-07, 0, 0, 1.0405e-06, 1.50432e-06, 2.13028e-09, 5.11035, 0.871014, 0.000249233, 496.364
958, 0.00624724, 4.84559e-18, 6.53557e-18, 0, 9.11018e-07, 1.74387e-07, 0, 0, 1.0854e-06, 1.56119e-06, 2.25788e-09, 5.07562, 0.870921, 0.00024991, 496.624
959, 0.00617437, 5.09627e-18, 6.8984e-18, 0, 8.81348e-07, 1.69607e-07, 0, 0, 1.05096e-06, 1.53862e-06, 2.19159e-09, 5.08735, 0.870827, 0.000249347, 495.663
960, 0.006325, 5.31549e-18, 7.28578e-18, 0, 8.94386e-07, 1.72738e-07, 0, 0, 1.06712e-06, 1.5678e-06, 2.2531e-09, 5.06325, 0.870733, 0.000248207, 495.482
961, 0.00670694, 5.52174e-18, 7.69081e-18, 0, 9.62968e-07, 1.85996e-07, 0, 0, 1.14896e-06, 1.65577e-06, 2.48555e-09, 5.00461, 0.870641, 0.000246981, 496.264
962, 0.00693625, 5.78392e-18, 8.10287e-18, 0, 1.00501e-06, 1.94303e-07, 0, 0, 1.19931e-06, 1.70796e-06, 2.64467e-09, 4.97099, 0.870546, 0.000245927, 496.54
963, 0.00711028, 6.05897e-18, 8.53797e-18, 0, 1.03608e-06, 2.00606e-07, 0, 0, 1.23669e-06, 1.751e-06, 2.77565e-09, 4.94621, 0.870453, 0.000245933, 496.616
964, 0.00728586, 6.34256e-18, 8.99754e-18, 0, 1.06637e-06, 2.06812e-07, 0, 0, 1.27318e-06, 1.79438e-06, 2.90547e-09, 4.92182, 0.87036, 0.000246284, 496.666
965, 0.00745792, 6.63296e-18, 9.48341e-18, 0, 1.08441e-06, 2.10922e-07, 0, 0, 1.29534e-06, 1.82765e-06, 2.991e-09, 4.89848, 0.870268, 0.0002454, 496.522
966, 0.00766881, 6.92975e-18, 9.99399e-18, 0, 1.11029e-06, 2.16525e-07, 0, 0, 1.32681e-06, 1.87055e-06, 3.10456e-09, 4.87059, 0.870173, 0.000244378, 496.491
967, 0.00806243, 7.2145e-18, 1.05274e-17, 0, 1.19255e-06, 2.3248e-07, 0, 0, 1.42503e-06, 1.96857e-06, 3.42304e-09, 4.82054, 0.870081, 0.000244368, 497.247
968, 0.00864406, 7.46758e-18, 1.10938e-17, 0, 1.31754e-06, 2.56445e-07, 0, 0, 1.57398e-06, 2.11378e-06, 3.89193e-09, 4.75088, 0.869986, 0.000244396, 498.476
969, 0.0090606, 7.76332e-18, 1.16876e-17, 0, 1.39878e-06, 2.72455e-07, 0, 0, 1.67124e-06, 2.2151e-06, 4.21228e-09, 4.70382, 0.869894, 0.000244273, 499.051
970, 0.00923205, 8.14151e-18, 1.22996e-17, 0, 1.42896e-06, 2.78921e-07, 0, 0, 1.70788e-06, 2.25673e-06, 4.36488e-09, 4.68507, 0.8698, 0.000244364, 498.987
971, 0.0092792, 8.5803e-18, 1.29331e-17, 0, 1.43518e-06, 2.80848e-07, 0, 0, 1.71602e-06, 2.26803e-06, 4.43945e-09, 4.67998, 0.869707, 0.000244409, 498.639
972, 0.00921905, 9.06298e-18, 1.35986e-17, 0, 1.41209e-06, 2.77346e-07, 0, 0, 1.68943e-06, 2.24993e-06, 4.40526e-09, 4.68648, 0.869615, 0.000244043, 497.951
973, 0.00902678, 9.60681e-18, 1.42931e-17, 0, 1.3542e-06, 2.6733e-07, 0, 0, 1.62154e-06, 2.1954e-06, 4.24149e-09, 4.70756, 0.86952, 0.0002432, 496.839
974, 0.00883782, 1.02046e-17, 1.50085e-17, 0, 1.30085e-06, 2.58101e-07, 0, 0, 1.55895e-06, 2.14214e-06, 4.09518e-09, 4.72872, 0.869427, 0.000242404, 495.759
975, 0.00880325, 1.07881e-17, 1.57631e-17, 0, 1.2865e-06, 2.56239e-07, 0, 0, 1.54274e-06, 2.13249e-06, 4.08895e-09, 4.73264, 0.869334, 0.00024227, 495.162
976, 0.00893896, 1.13001e-17, 1.65827e-17, 0, 1.30572e-06, 2.60795e-07, 0, 0, 1.56651e-06, 2.16586e-06, 4.20583e-09, 4.71734, 0.869239, 0.000242314, 494.994
977, 0.00924572, 1.17614e-17, 1.7457e-17, 0, 1.35894e-06, 2.71814e-07, 0, 0, 1.63076e-06, 2.23779e-06, 4.45566e-09, 4.68359, 0.869146, 0.000242053, 495.241
978, 0.00946935, 1.23049e-17, 1.83579e-17, 0, 1.39639e-06, 2.7981e-07, 0, 0, 1.6762e-06, 2.28786e-06, 4.64848e-09, 4.6597, 0.869053, 0.000241616, 495.278
979, 0.00953983, 1.29434e-17, 1.92899e-17, 0, 1.40228e-06, 2.81819e-07, 0, 0, 1.6841e-06, 2.30045e-06, 4.72429e-09, 4.65228, 0.868961, 0.000241151, 494.935
980, 0.00970954, 1.35614e-17, 2.02745e-17, 0, 1.42825e-06, 2.87708e-07, 0, 0, 1.71595e-06, 2.33719e-06, 4.88369e-09, 4.63465, 0.868867, 0.000240727, 494.828
981, 0.0100226, 1.4144e-17, 2.13151e-17, 0, 1.48246e-06, 2.9907e-07, 0, 0, 1.78153e-06, 2.40842e-06, 5.15635e-09, 4.60291, 0.868773, 0.000240313, 495.034
982, 0.0102545, 1.47921e-17, 2.24017e-17, 0, 1.51863e-06, 3.06986e-07, 0, 0, 1.82561e-06, 2.45912e-06, 5.35854e-09, 4.58004, 0.86868, 0.000239806, 495.023
983, 0.010391, 1.55189e-17, 2.35329e-17, 0, 1.53649e-06, 3.11349e-07, 0, 0, 1.84784e-06, 2.486e-06, 5.49425e-09, 4.56682, 0.868586, 0.000239223, 494.807
984, 0.0105478, 1.62733e-17, 2.47178e-17, 0, 1.55954e-06, 3.1673e-07, 0, 0, 1.87627e-06, 2.51855e-06, 5.65474e-09, 4.55184, 0.868494, 0.000238754, 494.645
985, 0.0107081, 1.70619e-17, 2.5959e-17, 0, 1.58324e-06, 3.22271e-07, 0, 0, 1.90552e-06, 2.55242e-06, 5.82045e-09, 4.53676, 0.868399, 0.000238362, 494.486
986, 0.0108779, 1.78861e-17, 2.72586e-17, 0, 1.60993e-06, 3.28388e-07, 0, 0, 1.93832e-06, 2.5886e-06, 6.00286e-09, 4.52102, 0.868307, 0.000237975, 494.355
987, 0.0110026, 1.87689e-17, 2.86204e-17, 0, 1.62633e-06, 3.32554e-07, 0, 0, 1.95888e-06, 2.6149e-06, 6.14098e-09, 4.50963, 0.868214, 0.000237667, 494.116
988, 0.0110981, 1.97062e-17, 3.00465e-17, 0, 1.63577e-06, 3.35393e-07, 0, 0, 1.97116e-06, 2.63382e-06, 6.25142e-09, 4.50098, 0.86812, 0.000237326, 493.805
989, 0.011194, 2.0689e-17, 3.154e-17, 0, 1.64467e-06, 3.38131e-07, 0, 0, 1.9828e-06, 2.65189e-06, 6.36123e-09, 4.49238, 0.868026, 0.000236908, 493.489
990, 0.0112676, 2.17283e-17, 3.3105e-17, 0, 1.64724e-06, 3.39659e-07, 0, 0, 1.9869e-06, 2.6638e-06, 6.44317e-09, 4.48582, 0.867933, 0.000236417, 493.11
991, 0.0113453, 2.28159e-17, 3.47437e-17, 0, 1.65034e-06, 3.41266e-07, 0, 0, 1.9916e-06, 2.67528e-06, 6.52993e-09, 4.47895, 0.86784, 0.000235811, 492.736
992, 0.0114206, 2.39577e-17, 3.64598e-17, 0, 1.65236e-06, 3.42655e-07, 0, 0, 1.99502e-06, 2.68523e-06, 6.61214e-09, 4.47234, 0.867746, 0.000235128, 492.352
993, 0.0114901, 2.51567e-17, 3.82569e-17, 0, 1.6535e-06, 3.43895e-07, 0, 0, 1.99739e-06, 2.69489e-06, 6.69028e-09, 4.46627, 0.867653, 0.000234545, 491.96
994, 0.0115764, 2.64045e-17, 4.0138e-17, 0, 1.6607e-06, 3.46335e-07, 0, 0, 2.00703e-06, 2.7114e-06, 6.79815e-09, 4.45879, 0.86756, 0.000234221, 491.63
995, 0.0116621, 2.77127e-17, 4.21075e-17, 0, 1.66661e-06, 3.48514e-07, 0, 0, 2.01512e-06, 2.72601e-06, 6.90125e-09, 4.45141, 0.867467, 0.000233756, 491.287
996, 0.011734, 2.90902e-17, 4.41695e-17, 0, 1.66613e-06, 3.49417e-07, 0, 0, 2.01554e-06, 2.73285e-06, 6.97538e-09, 4.44527, 0.867374, 0.000232906, 490.881
997, 0.011799, 3.05369e-17, 4.63279e-17, 0, 1.66393e-06, 3.49988e-07, 0, 0, 2.01392e-06, 2.73819e-06, 7.04111e-09, 4.43974, 0.86728, 0.000232075, 490.459
998, 0.0118601, 3.20547e-17, 4.85867e-17, 0, 1.65735e-06, 3.49641e-07, 0, 0, 2.00699e-06, 2.73702e-06, 7.08726e-09, 4.43457, 0.867188, 0.000230778, 489.993
999, 0.0119187, 3.36459e-17, 5.09509e-17, 0, 1.65011e-06, 3.49173e-07, 0, 0, 1.99928e-06, 2.73532e-06, 7.13075e-09, 4.42965, 0.867099, 0.000229485, 489.522
1000, 0.0119755, 3.53136e-17, 5.34252e-17, 0, 1.65429e-06, 3.51135e-07, 0, 0, 2.00543e-06, 2.75302e-06, 7.2238e-09, 4.42489, 0.867022, 0.000229863, 489.167
1001, 0.0120217, 3.70673e-17, 5.60146e-17, 0, 1.66069e-06, 3.53597e-07, 0, 0, 2.01428e-06, 2.77643e-06, 7.32386e-09, 4.42104, 0.866966, 0.000230941, 488.835
1002, 0.0120677, 3.89027e-17, 5.87236e-17, 0, 1.66008e-06, 3.54577e-07, 0, 0, 2.01466e-06, 2.78828e-06, 7.39394e-09, 4.41722, 0.866921, 0.000231056, 488.433
1003, 0.0121448, 4.08028e-17, 6.15551e-17, 0, 1.65679e-06, 3.54859e-07, 0, 0, 2.01165e-06, 2.78975e-06, 7.45995e-09, 4.41086, 0.86688, 0.000229726, 488.004
1004, 0.0122296, 4.27876e-17, 6.45165e-17, 0, 1.63999e-06, 3.52203e-07, 0, 0, 1.9922e-06, 2.76695e-06, 7.46616e-09, 4.4039, 0.86684, 0.000226284, 487.439
1005, 0.0123037, 4.48729e-17, 6.76148e-17, 0, 1.62068e-06, 3.49053e-07, 0, 0, 1.96974e-06, 2.74205e-06, 7.45935e-09, 4.39785, 0.866801, 0.00022288, 486.849
1006, 0.0123747, 4.70578e-17, 7.08548e-17, 0, 1.63358e-06, 3.52861e-07, 0, 0, 1.98644e-06, 2.77236e-06, 7.60138e-09, 4.3921, 0.86676, 0.000224017, 486.587
1007, 0.0124376, 4.93516e-17, 7.42433e-17, 0, 1.66063e-06, 3.59759e-07, 0, 0, 2.02039e-06, 2.82829e-06, 7.80762e-09, 4.38703, 0.866719, 0.000227383, 486.466
1008, 0.0124845, 5.17659e-17, 7.77875e-17, 0, 1.67082e-06, 3.63088e-07, 0, 0, 2.03391e-06, 2.85883e-06, 7.93239e-09, 4.38326, 0.86668, 0.000228986, 486.176
1009, 0.0125286, 5.42938e-17, 8.14928e-17, 0, 1.67019e-06, 3.64089e-07, 0, 0, 2.03428e-06, 2.87162e-06, 8.00674e-09, 4.37974, 0.86664, 0.000229205, 485.78
1010, 0.0125998, 5.69132e-17, 8.53642e-17, 0, 1.67317e-06, 3.65772e-07, 0, 0, 2.03894e-06, 2.88529e-06, 8.10614e-09, 4.37407, 0.866601, 0.000228997, 485.418
1011, 0.0126907, 5.96358e-17, 8.94091e-17, 0, 1.6791e-06, 3.68017e-07, 0, 0, 2.04711e-06, 2.90014e-06, 8.22533e-09, 4.36689, 0.86656, 0.00022853, 485.086
1012, 0.0127718, 6.24935e-17, 9.36372e-17, 0, 1.68121e-06, 3.69469e-07, 0, 0, 2.05068e-06, 2.91036e-06, 8.32434e-09, 4.36052, 0.86652, 0.00022788, 484.717
1013, 0.012847, 6.5488e-17, 9.80565e-17, 0, 1.68421e-06, 3.71153e-07, 0, 0, 2.05536e-06, 2.92343e-06, 8.42766e-09, 4.35465, 0.86648, 0.00022756, 484.358
1014, 0.0129171, 6.86256e-17, 1.02675e-16, 0, 1.68905e-06, 3.7327e-07, 0, 0, 2.06232e-06, 2.94081e-06, 8.53971e-09, 4.3492, 0.866441, 0.000227668, 484.018
1015, 0.0129834, 7.19109e-17, 1.07502e-16, 0, 1.69191e-06, 3.74971e-07, 0, 0, 2.06688e-06, 2.95564e-06, 8.64193e-09, 4.34408, 0.866401, 0.000227649, 483.658
1016, 0.0130539, 7.53418e-17, 1.12544e-16, 0, 1.69409e-06, 3.76514e-07, 0, 0, 2.07061e-06, 2.96855e-06, 8.74299e-09, 4.33867, 0.86636, 0.000227409, 483.293
1017, 0.0131249, 7.89289e-17, 1.17809e-16, 0, 1.69577e-06, 3.77949e-07, 0, 0, 2.07372e-06, 2.98062e-06, 8.84251e-09, 4.33324, 0.86632, 0.000227098, 482.924
1018, 0.0131911, 8.26858e-17, 1.2331e-16, 0, 1.69619e-06, 3.79126e-07, 0, 0, 2.07531e-06, 2.99152e-06, 8.93511e-09, 4.32821, 0.86628, 0.000226784, 482.543
1019, 0.0132523, 8.66197e-17, 1.29058e-16, 0, 1.69549e-06, 3.80078e-07, 0, 0, 2.07557e-06, 3.00158e-06, 9.02142e-09, 4.32359, 0.86624, 0.000226497, 482.152
1020, 0.013322, 9.07194e-17, 1.3506e-16, 0, 1.69634e-06, 3.81354e-07, 0, 0, 2.0777e-06, 3.01282e-06, 9.11927e-09, 4.31834, 0.8662, 0.000226157, 481.777
1021, 0.0133978, 9.49964e-17, 1.41326e-16, 0, 1.69716e-06, 3.82594e-07, 0, 0, 2.07975e-06, 3.0228e-06, 9.21884e-09, 4.31267, 0.866159, 0.000225624, 481.402
1022, 0.013463, 9.94824e-17, 1.47871e-16, 0, 1.69555e-06, 3.83317e-07, 0, 0, 2.07886e-06, 3.03038e-06, 9.30256e-09, 4.30781, 0.86612, 0.000225093, 481.005
1023, 0.0135184, 1.04185e-16, 1.54706e-16, 0, 1.69464e-06, 3.84235e-07, 0, 0, 2.07888e-06, 3.04108e-06, 9.38798e-09, 4.3037, 0.866081, 0.000224959, 480.615
1024, 0.0135846, 1.0908e-16, 1.61838e-16, 0, 1.69708e-06, 3.85877e-07, 0, 0, 2.08296e-06, 3.0558e-06, 9.49598e-09, 4.29882, 0.86604, 0.000224947, 480.258
1025, 0.0136692, 1.14163e-16, 1.6928e-16, 0, 1.70233e-06, 3.88091e-07, 0, 0, 2.09042e-06, 3.07217e-06, 9.62594e-09, 4.29261, 0.866, 0.000224754, 479.928
1026, 0.0137482, 1.19485e-16, 1.77046e-16, 0, 1.70534e-06, 3.89826e-07, 0, 0, 2.09517e-06, 3.08574e-06, 9.74275e-09, 4.28685, 0.865959, 0.00022445, 479.578
1027, 0.0138163, 1.25064e-16, 1.85156e-16, 0, 1.70446e-06, 3.90717e-07, 0, 0, 2.09518e-06, 3.09442e-06, 9.83519e-09, 4.2819, 0.86592, 0.000223972, 479.19
1028, 0.0138869, 1.30887e-16, 1.93625e-16, 0, 1.70054e-06, 3.90905e-07, 0, 0, 2.09144e-06, 3.09722e-06, 9.91155e-09, 4.27681, 0.86588, 0.000223041, 478.775
1029, 0.0139648, 1.36952e-16, 2.02458e-16, 0, 1.69807e-06, 3.91403e-07, 0, 0, 2.08948e-06, 3.10135e-06, 9.99958e-09, 4.27121, 0.86584, 0.000222088, 478.374
1030, 0.0140428, 1.43286e-16, 2.11667e-16, 0, 1.70355e-06, 3.93729e-07, 0, 0, 2.09728e-06, 3.11996e-06, 1.01351e-08, 4.26565, 0.8658, 0.000222174, 478.05
1031, 0.014116, 1.49908e-16, 2.21278e-16, 0, 1.711e-06, 3.96522e-07, 0, 0, 2.10752e-06, 3.14301e-06, 1.02814e-08, 4.26045, 0.86576, 0.000222655, 477.745
1032, 0.0141883, 1.56823e-16, 2.31312e-16, 0, 1.71463e-06, 3.98435e-07, 0, 0, 2.11306e-06, 3.15925e-06, 1.04055e-08, 4.25534, 0.86572, 0.000222666, 477.404
1033, 0.0142614, 1.64041e-16, 2.41776e-16, 0, 1.71637e-06, 3.99914e-07, 0, 0, 2.11628e-06, 3.17199e-06, 1.05196e-08, 4.2502, 0.86568, 0.00022242, 477.046
1034, 0.0143339, 1.71578e-16, 2.5269e-16, 0, 1.71753e-06, 4.01264e-07, 0, 0, 2.11879e-06, 3.18387e-06, 1.06312e-08, 4.24513, 0.86564, 0.000222123, 476.683
1035, 0.0144055, 1.79447e-16, 2.64075e-16, 0, 1.71733e-06, 4.02312e-07, 0, 0, 2.11964e-06, 3.19358e-06, 1.07352e-08, 4.24014, 0.8656, 0.000221695, 476.308
1036, 0.0144752, 1.87664e-16, 2.75947e-16, 0, 1.71241e-06, 4.02272e-07, 0, 0, 2.11469e-06, 3.19504e-06, 1.081e-08, 4.23532, 0.86556, 0.000220732, 475.889
1037, 0.0145449, 1.9624e-16, 2.88323e-16, 0, 1.70467e-06, 4.01569e-07, 0, 0, 2.10624e-06, 3.19131e-06, 1.08679e-08, 4.23051, 0.86552, 0.000219417, 475.443
1038, 0.0146165, 2.05188e-16, 3.01225e-16, 0, 1.70644e-06, 4.0309e-07, 0, 0, 2.10953e-06, 3.20499e-06, 1.09873e-08, 4.2256, 0.86548, 0.000219269, 475.089
1039, 0.0146888, 2.14524e-16, 3.14674e-16, 0, 1.71546e-06, 4.06319e-07, 0, 0, 2.12178e-06, 3.23218e-06, 1.1154e-08, 4.22067, 0.86544, 0.00022004, 474.804
1040, 0.0147604, 2.24267e-16, 3.28696e-16, 0, 1.72031e-06, 4.08567e-07, 0, 0, 2.12888e-06, 3.25172e-06, 1.12945e-08, 4.21581, 0.8654, 0.000220302, 474.48
1041, 0.0148313, 2.34432e-16, 3.43319e-16, 0, 1.72155e-06, 4.09957e-07, 0, 0, 2.13151e-06, 3.2645e-06, 1.14121e-08, 4.21101, 0.86536, 0.00022011, 474.123
1042, 0.0149026, 2.45034e-16, 3.58566e-16, 0, 1.72214e-06, 4.11188e-07, 0, 0, 2.13333e-06, 3.27599e-06, 1.1526e-08, 4.20622, 0.865319, 0.000219828, 473.76
1043, 0.0149741, 2.56091e-16, 3.74456e-16, 0, 1.72237e-06, 4.12331e-07, 0, 0, 2.1347e-06, 3.28685e-06, 1.16385e-08, 4.20143, 0.86528, 0.000219504, 473.394
1044, 0.015045, 2.67626e-16, 3.9101e-16, 0, 1.72012e-06, 4.12885e-07, 0, 0, 2.133e-06, 3.29322e-06, 1.17349e-08, 4.19671, 0.86524, 0.000218897, 473.005
1045, 0.0151149, 2.79659e-16, 4.08256e-16, 0, 1.71251e-06, 4.12159e-07, 0, 0, 2.12467e-06, 3.28959e-06, 1.1795e-08, 4.19207, 0.8652, 0.000217647, 472.567
1046, 0.0151846, 2.92208e-16, 4.26223e-16, 0, 1.70674e-06, 4.11882e-07, 0, 0, 2.11862e-06, 3.2897e-06, 1.18688e-08, 4.18747, 0.86516, 0.000216649, 472.146
1047, 0.0152536, 3.05297e-16, 4.44944e-16, 0, 1.71198e-06, 4.1427e-07, 0, 0, 2.12625e-06, 3.31129e-06, 1.20202e-08, 4.18294, 0.86512, 0.000217078, 471.831
1048, 0.01532, 3.18949e-16, 4.64451e-16, 0, 1.71838e-06, 4.16959e-07, 0, 0, 2.13534e-06, 3.33593e-06, 1.21806e-08, 4.1786, 0.86508, 0.000217748, 471.527
1049, 0.0153833, 3.33188e-16, 4.84772e-16, 0, 1.71898e-06, 4.18264e-07, 0, 0, 2.13724e-06, 3.35022e-06, 1.23011e-08, 4.17447, 0.86504, 0.000217784, 471.169
1050, 0.0154476, 3.48033e-16, 5.05938e-16, 0, 1.71773e-06, 4.19104e-07, 0, 0, 2.13683e-06, 3.36054e-06, 1.24088e-08, 4.1703, 0.865, 0.000217545, 470.794
1051, 0.0155133, 3.63508e-16, 5.27987e-16, 0, 1.71657e-06, 4.19941e-07, 0, 0, 2.13651e-06, 3.37048e-06, 1.25164e-08, 4.16606, 0.864961, 0.000217266, 470.421
1052, 0.015576, 3.79645e-16, 5.50951e-16, 0, 1.71471e-06, 4.20605e-07, 0, 0, 2.13531e-06, 3.37965e-06, 1.26185e-08, 4.16202, 0.86492, 0.000216979, 470.042
1053, 0.0156361, 3.96473e-16, 5.74864e-16, 0, 1.71199e-06, 4.21072e-07, 0, 0, 2.13306e-06, 3.3878e-06, 1.27145e-08, 4.15818, 0.864881, 0.000216667, 469.655
1054, 0.0156939, 4.14019e-16, 5.99765e-16, 0, 1.70855e-06, 4.21367e-07, 0, 0, 2.12991e-06, 3.3951e-06, 1.28054e-08, 4.15448, 0.86484, 0.000216334, 469.262
1055, 0.0157484, 4.32317e-16, 6.25691e-16, 0, 1.70464e-06, 4.21556e-07, 0, 0, 2.1262e-06, 3.40234e-06, 1.28925e-08, 4.15102, 0.864799, 0.000216045, 468.866
1056, 0.0157987, 4.51399e-16, 6.52683e-16, 0, 1.69946e-06, 4.21434e-07, 0, 0, 2.12089e-06, 3.40802e-06, 1.29694e-08, 4.14783, 0.86476, 0.000215716, 468.458
1057, 0.0158454, 4.71303e-16, 6.80778e-16, 0, 1.69006e-06, 4.20271e-07, 0, 0, 2.11033e-06, 3.40604e-06, 1.30132e-08, 4.14488, 0.864721, 0.000214957, 468.01
1058, 0.0158908, 4.92059e-16, 7.10014e-16, 0, 1.67428e-06, 4.17522e-07, 0, 0, 2.0918e-06, 3.39147e-06, 1.30075e-08, 4.14202, 0.86468, 0.000213427, 467.502
1059, 0.0159399, 5.13702e-16, 7.40417e-16, 0, 1.66083e-06, 4.15362e-07, 0, 0, 2.0762e-06, 3.38114e-06, 1.30222e-08, 4.13893, 0.86464, 0.000212118, 467.016
1060, 0.0159953, 5.3627e-16, 7.72018e-16, 0, 1.6565e-06, 4.15481e-07, 0, 0, 2.07198e-06, 3.3884e-06, 1.31115e-08, 4.13546, 0.8646, 0.000211834, 466.619
1061, 0.0160536, 5.5981e-16, 8.0487e-16, 0, 1.65853e-06, 4.17217e-07, 0, 0, 2.07575e-06, 3.40842e-06, 1.32541e-08, 4.13182, 0.864561, 0.000212309, 466.284
1062, 0.01611, 5.84363e-16, 8.39039e-16, 0, 1.66416e-06, 4.19886e-07, 0, 0, 2.08405e-06, 3.4365e-06, 1.34268e-08, 4.12831, 0.86452, 0.000213309, 465.984
1063, 0.0161656, 6.09938e-16, 8.74582e-16, 0, 1.66523e-06, 4.21418e-07, 0, 0, 2.08665e-06, 3.45562e-06, 1.35646e-08, 4.12487, 0.86448, 0.000213764, 465.641
1064, 0.0162225, 6.36569e-16, 9.11549e-16, 0, 1.66098e-06, 4.21588e-07, 0, 0, 2.08257e-06, 3.4635e-06, 1.36603e-08, 4.12135, 0.86444, 0.000213502, 465.247
1065, 0.0162846, 6.64289e-16, 9.49988e-16, 0, 1.65251e-06, 4.20656e-07, 0, 0, 2.07316e-06, 3.46134e-06, 1.37217e-08, 4.11754, 0.8644, 0.00021256, 464.813
1066, 0.0163585, 6.93094e-16, 9.89946e-16, 0, 1.64274e-06, 4.19361e-07, 0, 0, 2.0621e-06, 3.45381e-06, 1.37756e-08, 4.11301, 0.86436, 0.000211142, 464.367
1067, 0.0164427, 7.23044e-16, 1.03149e-15, 0, 1.63649e-06, 4.18939e-07, 0, 0, 2.05542e-06, 3.45125e-06, 1.38608e-08, 4.10787, 0.86432, 0.000209911, 463.955
1068, 0.0165397, 7.54179e-16, 1.07468e-15, 0, 1.62258e-06, 4.16507e-07, 0, 0, 2.03909e-06, 3.42937e-06, 1.38813e-08, 4.10199, 0.864281, 0.000207377, 463.468
1069, 0.0166515, 7.86539e-16, 1.11957e-15, 0, 1.60966e-06, 4.14279e-07, 0, 0, 2.02394e-06, 3.40583e-06, 1.39131e-08, 4.09525, 0.86424, 0.000204557, 462.99
1070, 0.0167745, 8.20125e-16, 1.16622e-15, 0, 1.62865e-06, 4.20227e-07, 0, 0, 2.04888e-06, 3.4475e-06, 1.4226e-08, 4.08789, 0.8642, 0.000205507, 462.827
1071, 0.0168977, 8.5505e-16, 1.21471e-15, 0, 1.66024e-06, 4.29427e-07, 0, 0, 2.08967e-06, 3.51628e-06, 1.46515e-08, 4.08058, 0.864161, 0.000208083, 462.783
1072, 0.0170055, 8.91552e-16, 1.26515e-15, 0, 1.67374e-06, 4.3403e-07, 0, 0, 2.10777e-06, 3.54995e-06, 1.49171e-08, 4.07422, 0.86412, 0.000208763, 462.563
1073, 0.0171046, 9.29641e-16, 1.31758e-15, 0, 1.67481e-06, 4.3545e-07, 0, 0, 2.11026e-06, 3.55879e-06, 1.5075e-08, 4.06841, 0.864079, 0.000208074, 462.225
1074, 0.0171878, 9.69484e-16, 1.37209e-15, 0, 1.67713e-06, 4.37252e-07, 0, 0, 2.11438e-06, 3.57294e-06, 1.52428e-08, 4.06355, 0.864041, 0.00020789, 461.9
1075, 0.0172812, 1.01074e-15, 1.4287e-15, 0, 1.6824e-06, 4.39814e-07, 0, 0, 2.12221e-06, 3.59269e-06, 1.54428e-08, 4.05814, 0.864, 0.000207912, 461.603
1076, 0.0173811, 1.05356e-15, 1.48751e-15, 0, 1.69236e-06, 4.43599e-07, 0, 0, 2.13596e-06, 3.62223e-06, 1.56905e-08, 4.05237, 0.86396, 0.000208408, 461.351
1077, 0.0174333, 1.0988e-15, 1.54871e-15, 0, 1.69332e-06, 4.45161e-07, 0, 0, 2.13848e-06, 3.64027e-06, 1.58402e-08, 4.04937, 0.86392, 0.000208823, 461.015
1078, 0.0175143, 1.14539e-15, 1.61226e-15, 0, 1.68676e-06, 4.44673e-07, 0, 0, 2.13143e-06, 3.63785e-06, 1.59314e-08, 4.04474, 0.86388, 0.000207735, 460.609
1079, 0.0176139, 1.19365e-15, 1.67824e-15, 0, 1.68395e-06, 4.45084e-07, 0, 0, 2.12903e-06, 3.63951e-06, 1.6067e-08, 4.03907, 0.86384, 0.000206642, 460.238
1080, 0.017646, 1.24497e-15, 1.74694e-15, 0, 1.68068e-06, 4.45526e-07, 0, 0, 2.12621e-06, 3.64953e-06, 1.61778e-08, 4.03725, 0.8638, 0.000206776, 459.864
1081, 0.0177075, 1.29764e-15, 1.81824e-15, 0, 1.67664e-06, 4.45706e-07, 0, 0, 2.12235e-06, 3.6549e-06, 1.62886e-08, 4.03377, 0.86376, 0.000206287, 459.483
1082, 0.0178228, 1.35153e-15, 1.89214e-15, 0, 1.67557e-06, 4.46532e-07, 0, 0, 2.1221e-06, 3.6596e-06, 1.64435e-08, 4.02728, 0.863721, 0.000205236, 459.13
1083, 0.0178625, 1.40915e-15, 1.96908e-15, 0, 1.66607e-06, 4.45297e-07, 0, 0, 2.11136e-06, 3.65693e-06, 1.64916e-08, 4.02505, 0.86368, 0.000204727, 458.699
1084, 0.0178665, 1.4697e-15, 2.04914e-15, 0, 1.65854e-06, 4.44712e-07, 0, 0, 2.10325e-06, 3.66439e-06, 1.65489e-08, 4.02483, 0.86364, 0.00020514, 458.288
1085, 0.0178525, 1.53348e-15, 2.13218e-15, 0, 1.65298e-06, 4.44587e-07, 0, 0, 2.09756e-06, 3.67445e-06, 1.66287e-08, 4.02561, 0.863599, 0.000205858, 457.895
1086, 0.0177981, 1.60083e-15, 2.21837e-15, 0, 1.63536e-06, 4.41233e-07, 0, 0, 2.07659e-06, 3.66047e-06, 1.6582e-08, 4.02866, 0.86356, 0.000205705, 457.388
1087, 0.0179427, 1.66548e-15, 2.3077e-15, 0, 1.63673e-06, 4.42732e-07, 0, 0, 2.07946e-06, 3.6695e-06, 1.67721e-08, 4.02057, 0.863521, 0.00020455, 457.061
1088, 0.0181683, 1.73065e-15, 2.40043e-15, 0, 1.65675e-06, 4.49166e-07, 0, 0, 2.10592e-06, 3.7133e-06, 1.71669e-08, 4.00808, 0.86348, 0.000204393, 456.913
1089, 0.0181985, 1.80365e-15, 2.49697e-15, 0, 1.6572e-06, 4.5063e-07, 0, 0, 2.10783e-06, 3.73504e-06, 1.73132e-08, 4.00642, 0.863441, 0.000205247, 456.581
1090, 0.0181746, 1.88123e-15, 2.59707e-15, 0, 1.64831e-06, 4.49585e-07, 0, 0, 2.0979e-06, 3.73811e-06, 1.73604e-08, 4.00773, 0.8634, 0.000205688, 456.16
1091, 0.0182498, 1.95974e-15, 2.70056e-15, 0, 1.64782e-06, 4.50557e-07, 0, 0, 2.09837e-06, 3.74464e-06, 1.75278e-08, 4.0036, 0.86336, 0.000205202, 455.817
1092, 0.0182221, 2.04461e-15, 2.80817e-15, 0, 1.62189e-06, 4.44764e-07, 0, 0, 2.06665e-06, 3.70679e-06, 1.73883e-08, 4.00512, 0.86332, 0.00020346, 455.232
1093, 0.0181703, 2.13208e-15, 2.92049e-15, 0, 1.57235e-06, 4.32694e-07, 0, 0, 2.00505e-06, 3.62639e-06, 1.69677e-08, 4.00797, 0.86328, 0.000199725, 454.413
1094, 0.0182344, 2.21857e-15, 3.0373e-15, 0, 1.53963e-06, 4.25077e-07, 0, 0, 1.96471e-06, 3.57543e-06, 1.67441e-08, 4.00445, 0.86324, 0.000196285, 453.75
1095, 0.0182056, 2.31215e-15, 3.15853e-15, 0, 1.53218e-06, 4.24453e-07, 0, 0, 1.95663e-06, 3.58767e-06, 1.6784e-08, 4.00603, 0.8632, 0.000197195, 453.343
1096, 0.0182256, 2.4083e-15, 3.28389e-15, 0, 1.54765e-06, 4.29977e-07, 0, 0, 1.97762e-06, 3.64247e-06, 1.71015e-08, 4.00493, 0.86316, 0.00019988, 453.168
1097, 0.0182974, 2.50669e-15, 3.4138e-15, 0, 1.55638e-06, 4.33589e-07, 0, 0, 1.98997e-06, 3.67895e-06, 1.73469e-08, 4.001, 0.86312, 0.000201111, 452.923
1098, 0.0181289, 2.61798e-15, 3.5491e-15, 0, 1.52358e-06, 4.26143e-07, 0, 0, 1.94972e-06, 3.64917e-06, 1.70539e-08, 4.01025, 0.863083, 0.000201421, 452.263
1099, 0.0178151, 2.74037e-15, 3.68932e-15, 0, 1.48001e-06, 4.15794e-07, 0, 0, 1.89581e-06, 3.60248e-06, 1.66171e-08, 4.02771, 0.863059, 0.000202341, 451.485
1100, 0.0176363, 2.86218e-15, 3.83449e-15, 0, 1.45765e-06, 4.10982e-07, 0, 0, 1.86863e-06, 3.58579e-06, 1.64619e-08, 4.03779, 0.863085, 0.000203358, 450.921
1101, 0.0176157, 2.98154e-15, 3.98528e-15, 0, 1.44766e-06, 4.09383e-07, 0, 0, 1.85704e-06, 3.58402e-06, 1.64746e-08, 4.03897, 0.86318, 0.000203428, 450.485
1102, 0.0175526, 3.10834e-15, 4.14156e-15, 0, 1.42821e-06, 4.0523e-07, 0, 0, 1.83345e-06, 3.56415e-06, 1.63631e-08, 4.04256, 0.863323, 0.000202978, 449.949
1103, 0.0175312, 3.23946e-15, 4.30308e-15, 0, 1.41738e-06, 4.03376e-07, 0, 0, 1.82076e-06, 3.55575e-06, 1.63735e-08, 4.04377, 0.86348, 0.00020275, 449.503
1104, 0.0175162, 3.37559e-15, 4.4707e-15, 0, 1.40933e-06, 4.02211e-07, 0, 0, 1.81154e-06, 3.55184e-06, 1.6421e-08, 4.04463, 0.86364, 0.000202743, 449.088
1105, 0.0173817, 3.5227e-15, 4.6449e-15, 0, 1.38295e-06, 3.9614e-07, 0, 0, 1.77909e-06, 3.52167e-06, 1.62039e-08, 4.05234, 0.8638, 0.0002026, 448.472
1106, 0.0172459, 3.67621e-15, 4.82512e-15, 0, 1.35538e-06, 3.89761e-07, 0, 0, 1.74514e-06, 3.48953e-06, 1.59644e-08, 4.06018, 0.86396, 0.000202339, 447.839
1107, 0.0172632, 3.82945e-15, 5.01108e-15, 0, 1.34985e-06, 3.89281e-07, 0, 0, 1.73913e-06, 3.48819e-06, 1.60373e-08, 4.05918, 0.86412, 0.000202059, 447.451
1108, 0.0171393, 4.00119e-15, 5.20262e-15, 0, 1.33e-06, 3.84826e-07, 0, 0, 1.71482e-06, 3.45836e-06, 1.5913e-08, 4.06638, 0.86428, 0.000201777, 446.9
1109, 0.0170596, 4.18727e-15, 5.39575e-15, 0, 1.31837e-06, 3.82654e-07, 0, 0, 1.70102e-06, 3.43723e-06, 1.59173e-08, 4.07104, 0.86444, 0.000201485, 446.442
1110, 0.0169014, 4.40975e-15, 5.58494e-15, 0, 1.30457e-06, 3.79692e-07, 0, 0, 1.68426e-06, 3.40036e-06, 1.59064e-08, 4.08036, 0.8646, 0.000201184, 445.957
1111, 0.0163799, 4.67e-15, 5.77866e-15, 0, 1.24973e-06, 3.65182e-07, 0, 0, 1.61491e-06, 3.29064e-06, 1.53127e-08, 4.1117, 0.864759, 0.00020089, 444.981
1112, 0.0156297, 4.94562e-15, 5.98541e-15, 0, 1.1653e-06, 3.4221e-07, 0, 0, 1.5075e-06, 3.13584e-06, 1.42682e-08, 4.15859, 0.86492, 0.000200618, 443.6
1113, 0.0143899, 5.29346e-15, 6.18618e-15, 0, 1.03003e-06, 3.04731e-07, 0, 0, 1.33477e-06, 2.88336e-06, 1.24931e-08, 4.24123, 0.865081, 0.000200348, 441.428
1114, 0.013451, 5.67619e-15, 6.36613e-15, 0, 9.28409e-07, 2.76653e-07, 0, 0, 1.20506e-06, 2.69135e-06, 1.11785e-08, 4.3087, 0.86524, 0.000200068, 439.565
1115, 0.0122861, 6.19139e-15, 6.50009e-15, 0, 8.18908e-07, 2.45628e-07, 0, 0, 1.06454e-06, 2.45511e-06, 9.77662e-09, 4.39929, 0.8654, 0.000199784, 437.391
1116, 0.0103063, 6.87501e-15, 6.59828e-15, 0, 6.46991e-07, 1.96042e-07, 0, 0, 8.43033e-07, 2.05668e-06, 7.56342e-09, 4.575, 0.86556, 0.0001995, 433.636
1117, 0.00935335, 7.3897e-15, 6.75349e-15, 0, 5.63048e-07, 1.72056e-07, 0, 0, 7.35104e-07, 1.86337e-06, 6.51504e-09, 4.67202, 0.86572, 0.000199215, 431.325
1118, 0.00951575, 7.70004e-15, 6.98002e-15, 0, 5.65449e-07, 1.73408e-07, 0, 0, 7.38857e-07, 1.89299e-06, 6.55658e-09, 4.65481, 0.86588, 0.000198927, 431.078
1119, 0.00911276, 8.12722e-15, 7.18708e-15, 0, 5.19435e-07, 1.60437e-07, 0, 0, 6.79872e-07, 1.81037e-06, 5.93491e-09, 4.69808, 0.86604, 0.000198635, 429.56
1120, 0.00887664, 8.53571e-15, 7.4094e-15, 0, 4.87857e-07, 1.51766e-07, 0, 0, 6.39624e-07, 1.7608e-06, 5.50914e-09, 4.72433, 0.866201, 0.000198354, 428.367
1121, 0.00857458, 9.10801e-15, 7.56095e-15, 0, 4.65585e-07, 1.45309e-07, 0, 0, 6.10895e-07, 1.69878e-06, 5.2635e-09, 4.75895, 0.86636, 0.000198082, 427.393
1122, 0.00739329, 1.0021e-14, 7.58913e-15, 0, 3.88413e-07, 1.21912e-07, 0, 0, 5.10325e-07, 1.46277e-06, 4.35984e-09, 4.90718, 0.866519, 0.000197798, 424.532
1123, 0.00718129, 1.05033e-14, 7.82948e-15, 0, 3.71838e-07, 1.17207e-07, 0, 0, 4.89045e-07, 1.41828e-06, 4.20108e-09, 4.93628, 0.866679, 0.000197406, 423.62
1124, 0.00789761, 1.05543e-14, 8.29009e-15, 0, 4.12469e-07, 1.30127e-07, 0, 0, 5.42595e-07, 1.55753e-06, 4.72531e-09, 4.8412, 0.86684, 0.000196401, 424.765
1125, 0.00757337, 1.10277e-14, 8.59259e-15, 0, 3.8418e-07, 1.21773e-07, 0, 0, 5.05952e-07, 1.49149e-06, 4.37027e-09, 4.88312, 0.866999, 0.00019449, 423.467
1126, 0.00711529, 1.15142e-14, 8.91384e-15, 0, 3.46937e-07, 1.10671e-07, 0, 0, 4.57607e-07, 1.39876e-06, 3.9088e-09, 4.94551, 0.86716, 0.000193668, 421.75
1127, 0.00741444, 1.16487e-14, 9.4095e-15, 0, 3.55944e-07, 1.13949e-07, 0, 0, 4.69893e-07, 1.45567e-06, 4.01218e-09, 4.90433, 0.867321, 0.000194831, 421.807
1128, 0.00741803, 1.20464e-14, 9.78825e-15, 0, 3.45009e-07, 1.11117e-07, 0, 0, 4.56126e-07, 1.45454e-06, 3.83852e-09, 4.90384, 0.86748, 0.000195598, 421.081
1129, 0.00761994, 1.24281e-14, 1.01819e-14, 0, 3.565e-07, 1.14941e-07, 0, 0, 4.71442e-07, 1.49115e-06, 4.05366e-09, 4.87699, 0.86764, 0.000195443, 421.229
1130, 0.00935675, 1.21773e-14, 1.08422e-14, 0, 4.87226e-07, 1.5512e-07, 0, 0, 6.42347e-07, 1.82722e-06, 6.0561e-09, 4.67166, 0.867799, 0.000195219, 425.266
1131, 0.0119775, 1.15693e-14, 1.16589e-14, 0, 6.79119e-07, 2.14299e-07, 0, 0, 8.93418e-07, 2.33653e-06, 8.92063e-09, 4.42473, 0.867959, 0.000195035, 429.689
1132, 0.0121621, 1.2037e-14, 1.20783e-14, 0, 6.88038e-07, 2.17545e-07, 0, 0, 9.05583e-07, 2.36975e-06, 9.06698e-09, 4.40943, 0.86812, 0.000194539, 429.57
1133, 0.00923161, 1.41754e-14, 1.18141e-14, 0, 4.84565e-07, 1.54925e-07, 0, 0, 6.3949e-07, 1.79459e-06, 6.17581e-09, 4.68512, 0.868281, 0.000193822, 424.265
1134, 0.00601674, 1.69626e-14, 1.12033e-14, 0, 2.81015e-07, 9.14376e-08, 0, 0, 3.72452e-07, 1.1668e-06, 3.39322e-09, 5.11321, 0.86844, 0.00019366, 416.431
1135, 0.00581226, 1.79721e-14, 1.13777e-14, 0, 2.70848e-07, 8.84157e-08, 0, 0, 3.59263e-07, 1.12643e-06, 3.34435e-09, 5.14779, 0.8686, 0.00019388, 415.633
1136, 0.00897116, 1.64528e-14, 1.27649e-14, 0, 4.65799e-07, 1.50167e-07, 0, 0, 6.15965e-07, 1.73731e-06, 6.19255e-09, 4.71374, 0.86876, 0.000193739, 422.802
1137, 0.0123269, 1.48501e-14, 1.42179e-14, 0, 6.85055e-07, 2.19188e-07, 0, 0, 9.04244e-07, 2.38323e-06, 9.51493e-09, 4.39597, 0.86892, 0.000192987, 427.978
1138, 0.013803, 1.46249e-14, 1.50643e-14, 0, 7.93944e-07, 2.53156e-07, 0, 0, 1.0471e-06, 2.66054e-06, 1.1347e-08, 4.28287, 0.869079, 0.000191761, 429.798
1139, 0.0143197, 1.50522e-14, 1.56429e-14, 0, 8.39169e-07, 2.67206e-07, 0, 0, 1.10637e-06, 2.74724e-06, 1.22638e-08, 4.24612, 0.86924, 0.000190922, 430.291
1140, 0.013961, 1.58757e-14, 1.61151e-14, 0, 8.05506e-07, 2.57311e-07, 0, 0, 1.06282e-06, 2.66256e-06, 1.18023e-08, 4.27149, 0.8694, 0.000190422, 429.39
1141, 0.0132892, 1.68052e-14, 1.65806e-14, 0, 7.39226e-07, 2.37734e-07, 0, 0, 9.76961e-07, 2.52818e-06, 1.07219e-08, 4.3208, 0.86956, 0.000190333, 427.851
1142, 0.0135743, 1.71811e-14, 1.72929e-14, 0, 7.52576e-07, 2.42763e-07, 0, 0, 9.95339e-07, 2.59328e-06, 1.099e-08, 4.29958, 0.869721, 0.000191108, 427.811
1143, 0.0133682, 1.79722e-14, 1.78694e-14, 0, 7.39657e-07, 2.39081e-07, 0, 0, 9.78737e-07, 2.56242e-06, 1.08794e-08, 4.31488, 0.86988, 0.000191694, 427.256
1144, 0.0113467, 1.99673e-14, 1.80095e-14, 0, 5.90537e-07, 1.92717e-07, 0, 0, 7.83254e-07, 2.17575e-06, 8.46583e-09, 4.47883, 0.87004, 0.000191719, 423.741
1145, 0.0095594, 2.17849e-14, 1.82734e-14, 0, 4.51749e-07, 1.49795e-07, 0, 0, 6.01544e-07, 1.83102e-06, 6.15902e-09, 4.65023, 0.8702, 0.000191511, 419.7
1146, 0.00892192, 2.29175e-14, 1.88469e-14, 0, 4.05153e-07, 1.3542e-07, 0, 0, 5.40573e-07, 1.70639e-06, 5.46206e-09, 4.71924, 0.870359, 0.000191252, 417.903
1147, 0.00952256, 2.34144e-14, 1.96494e-14, 0, 4.58344e-07, 1.5215e-07, 0, 0, 6.10495e-07, 1.8182e-06, 6.569e-09, 4.65409, 0.87052, 0.000190985, 419.297
1148, 0.0115027, 2.3053e-14, 2.07736e-14, 0, 6.04791e-07, 1.9867e-07, 0, 0, 8.03461e-07, 2.19318e-06, 9.23964e-09, 4.46517, 0.870679, 0.000190716, 422.876
1149, 0.0124149, 2.33145e-14, 2.17338e-14, 0, 6.66207e-07, 2.18611e-07, 0, 0, 8.84818e-07, 2.36422e-06, 1.03676e-08, 4.38886, 0.870831, 0.000190437, 423.95
1150, 0.0124654, 2.40836e-14, 2.25634e-14, 0, 6.61478e-07, 2.17938e-07, 0, 0, 8.79416e-07, 2.37005e-06, 1.0333e-08, 4.3848, 0.87096, 0.000190141, 423.556
1151, 0.0131708, 2.46182e-14, 2.34547e-14, 0, 7.03744e-07, 2.32326e-07, 0, 0, 9.36069e-07, 2.50034e-06, 1.11247e-08, 4.32975, 0.871057, 0.000189858, 424.147
1152, 0.0135708, 2.55899e-14, 2.41737e-14, 0, 7.30172e-07, 2.4134e-07, 0, 0, 9.71511e-07, 2.57313e-06, 1.16883e-08, 4.29984, 0.871132, 0.000189614, 424.376
1153, 0.0137275, 2.6264e-14, 2.51674e-14, 0, 7.36011e-07, 2.43749e-07, 0, 0, 9.7976e-07, 2.59937e-06, 1.19078e-08, 4.28835, 0.871201, 0.000189365, 424.192
1154, 0.0141881, 2.64e-14, 2.64879e-14, 0, 7.61596e-07, 2.52585e-07, 0, 0, 1.01418e-06, 2.68256e-06, 1.25001e-08, 4.25535, 0.871267, 0.000189092, 424.385
1155, 0.0153028, 2.65866e-14, 2.76846e-14, 0, 8.45341e-07, 2.79826e-07, 0, 0, 1.12517e-06, 2.88905e-06, 1.42555e-08, 4.17972, 0.871333, 0.000188824, 425.585
1156, 0.0167118, 2.67757e-14, 2.88481e-14, 0, 9.55006e-07, 3.15206e-07, 0, 0, 1.27021e-06, 3.15081e-06, 1.6562e-08, 4.09164, 0.8714, 0.000188567, 427.049
1157, 0.0177263, 2.71094e-14, 3.00497e-14, 0, 1.03465e-06, 3.41023e-07, 0, 0, 1.37567e-06, 3.3377e-06, 1.83279e-08, 4.03271, 0.871466, 0.00018831, 427.915
1158, 0.0182808, 2.78556e-14, 3.11481e-14, 0, 1.07953e-06, 3.55888e-07, 0, 0, 1.43542e-06, 3.43714e-06, 1.94282e-08, 4.00191, 0.871533, 0.000188038, 428.235
1159, 0.018617, 2.87055e-14, 3.22757e-14, 0, 1.10292e-06, 3.64078e-07, 0, 0, 1.46699e-06, 3.49536e-06, 2.00816e-08, 3.98368, 0.8716, 0.000187765, 428.251
1160, 0.0189031, 2.9415e-14, 3.35435e-14, 0, 1.1185e-06, 3.69841e-07, 0, 0, 1.48834e-06, 3.54373e-06, 2.05919e-08, 3.96843, 0.871667, 0.000187482, 428.159
1161, 0.0197623, 2.98753e-14, 3.48654e-14, 0, 1.17994e-06, 3.90166e-07, 0, 0, 1.57011e-06, 3.6955e-06, 2.2099e-08, 3.92398, 0.871733, 0.000187042, 428.645
1162, 0.0210449, 3.02799e-14, 3.61659e-14, 0, 1.2774e-06, 4.21857e-07, 0, 0, 1.69925e-06, 3.9217e-06, 2.44103e-08, 3.8611, 0.8718, 0.000186405, 429.514
1163, 0.0220581, 3.08398e-14, 3.74964e-14, 0, 1.35607e-06, 4.47532e-07, 0, 0, 1.8036e-06, 4.10111e-06, 2.63552e-08, 3.81408, 0.871866, 0.000185948, 430.099
1164, 0.0223496, 3.17276e-14, 3.88746e-14, 0, 1.37149e-06, 4.53371e-07, 0, 0, 1.82486e-06, 4.15106e-06, 2.6888e-08, 3.80095, 0.871934, 0.000185761, 429.968
1165, 0.022012, 3.30024e-14, 4.02523e-14, 0, 1.32761e-06, 4.40472e-07, 0, 0, 1.76808e-06, 4.07335e-06, 2.61003e-08, 3.81617, 0.872, 0.000185163, 429.192
1166, 0.021896, 3.42513e-14, 4.16513e-14, 0, 1.30343e-06, 4.33712e-07, 0, 0, 1.73714e-06, 4.02943e-06, 2.57875e-08, 3.82145, 0.872066, 0.00018423, 428.624
1167, 0.022433, 3.52044e-14, 4.31087e-14, 0, 1.34249e-06, 4.47074e-07, 0, 0, 1.78956e-06, 4.12351e-06, 2.69053e-08, 3.79722, 0.872134, 0.000183926, 428.764
1168, 0.0231142, 3.61339e-14, 4.4607e-14, 0, 1.39911e-06, 4.66089e-07, 0, 0, 1.8652e-06, 4.2573e-06, 2.84315e-08, 3.76731, 0.8722, 0.000184153, 429.078
1169, 0.0236228, 3.72193e-14, 4.61341e-14, 0, 1.44101e-06, 4.80373e-07, 0, 0, 1.92139e-06, 4.35369e-06, 2.96583e-08, 3.74554, 0.872267, 0.00018422, 429.219
1170, 0.0239054, 3.84616e-14, 4.77073e-14, 0, 1.4629e-06, 4.88287e-07, 0, 0, 1.95118e-06, 4.40795e-06, 3.04268e-08, 3.73365, 0.872333, 0.000184332, 429.146
1171, 0.0240462, 3.98274e-14, 4.93287e-14, 0, 1.47366e-06, 4.92677e-07, 0, 0, 1.96634e-06, 4.43771e-06, 3.09397e-08, 3.72778, 0.8724, 0.000184529, 428.96
1172, 0.0239717, 4.13719e-14, 5.10006e-14, 0, 1.46304e-06, 4.90221e-07, 0, 0, 1.95326e-06, 4.4219e-06, 3.09372e-08, 3.73088, 0.872468, 0.000184458, 428.558
1173, 0.0233814, 4.32493e-14, 5.27337e-14, 0, 1.40084e-06, 4.71209e-07, 0, 0, 1.87205e-06, 4.30274e-06, 2.96672e-08, 3.75581, 0.872533, 0.00018404, 427.622
1174, 0.022981, 4.50546e-14, 5.45254e-14, 0, 1.3492e-06, 4.55443e-07, 0, 0, 1.80464e-06, 4.19807e-06, 2.86848e-08, 3.77309, 0.8726, 0.000182826, 426.776
1175, 0.0237197, 4.62232e-14, 5.63755e-14, 0, 1.39375e-06, 4.70606e-07, 0, 0, 1.86436e-06, 4.28454e-06, 3.00969e-08, 3.74145, 0.872667, 0.000180854, 426.96
1176, 0.0245886, 4.73955e-14, 5.82753e-14, 0, 1.46248e-06, 4.93698e-07, 0, 0, 1.95618e-06, 4.42916e-06, 3.20745e-08, 3.70547, 0.872734, 0.000180035, 427.377
1177, 0.0243338, 4.93395e-14, 6.02332e-14, 0, 1.44452e-06, 4.8888e-07, 0, 0, 1.93339e-06, 4.40649e-06, 3.18449e-08, 3.71589, 0.8728, 0.000180569, 426.902
1178, 0.0239292, 5.14044e-14, 6.22582e-14, 0, 1.40912e-06, 4.78526e-07, 0, 0, 1.88765e-06, 4.35005e-06, 3.11932e-08, 3.73266, 0.872867, 0.000181205, 426.246
1179, 0.0243563, 5.29715e-14, 6.43476e-14, 0, 1.44155e-06, 4.90304e-07, 0, 0, 1.93185e-06, 4.43603e-06, 3.22578e-08, 3.71496, 0.872933, 0.000181868, 426.292
1180, 0.0246394, 5.47175e-14, 6.65011e-14, 0, 1.45759e-06, 4.96687e-07, 0, 0, 1.95428e-06, 4.48683e-06, 3.28913e-08, 3.70341, 0.873, 0.000182048, 426.166
1181, 0.0240317, 5.72668e-14, 6.8682e-14, 0, 1.39648e-06, 4.77603e-07, 0, 0, 1.87408e-06, 4.36421e-06, 3.1563e-08, 3.72838, 0.873067, 0.000181624, 425.245
1182, 0.0234867, 5.97982e-14, 7.09438e-14, 0, 1.33299e-06, 4.57612e-07, 0, 0, 1.7906e-06, 4.22872e-06, 3.02097e-08, 3.75132, 0.873133, 0.000180269, 424.273
1183, 0.0241159, 6.12867e-14, 7.33816e-14, 0, 1.35996e-06, 4.67447e-07, 0, 0, 1.82741e-06, 4.29537e-06, 3.11835e-08, 3.72488, 0.8732, 0.000178474, 424.278
1184, 0.0245335, 6.3015e-14, 7.59016e-14, 0, 1.38481e-06, 4.76656e-07, 0, 0, 1.86146e-06, 4.36714e-06, 3.20548e-08, 3.70772, 0.873267, 0.000178271, 424.256
1185, 0.024768, 6.49825e-14, 7.84682e-14, 0, 1.40799e-06, 4.85486e-07, 0, 0, 1.89348e-06, 4.44048e-06, 3.28996e-08, 3.6982, 0.873333, 0.000179405, 424.213
1186, 0.0252603, 6.68435e-14, 8.10964e-14, 0, 1.44898e-06, 5.00216e-07, 0, 0, 1.94919e-06, 4.55024e-06, 3.42299e-08, 3.67852, 0.8734, 0.00018018, 424.348
1187, 0.0248477, 6.96632e-14, 8.37712e-14, 0, 1.40839e-06, 4.8778e-07, 0, 0, 1.89617e-06, 4.47718e-06, 3.33677e-08, 3.69499, 0.873467, 0.000180219, 423.644
1188, 0.0242586, 7.2694e-14, 8.65336e-14, 0, 1.35014e-06, 4.69426e-07, 0, 0, 1.81957e-06, 4.35974e-06, 3.20624e-08, 3.71898, 0.873533, 0.000179796, 422.74
1189, 0.02493, 7.45255e-14, 8.94319e-14, 0, 1.39323e-06, 4.84815e-07, 0, 0, 1.87804e-06, 4.4616e-06, 3.35421e-08, 3.69168, 0.8736, 0.000179095, 422.914
1190, 0.0259434, 7.60682e-14, 9.24349e-14, 0, 1.46514e-06, 5.09965e-07, 0, 0, 1.97511e-06, 4.636e-06, 3.57846e-08, 3.65184, 0.873666, 0.000178793, 423.366
1191, 0.0264724, 7.81856e-14, 9.55014e-14, 0, 1.50319e-06, 5.23947e-07, 0, 0, 2.02713e-06, 4.74228e-06, 3.70932e-08, 3.63165, 0.873733, 0.000179179, 423.459
1192, 0.0268123, 8.0676e-14, 9.86145e-14, 0, 1.53031e-06, 5.34099e-07, 0, 0, 2.06441e-06, 4.81071e-06, 3.81575e-08, 3.6189, 0.8738, 0.000179431, 423.436
1193, 0.0269002, 8.35206e-14, 1.01825e-13, 0, 1.53349e-06, 5.36122e-07, 0, 0, 2.06961e-06, 4.82115e-06, 3.85626e-08, 3.61562, 0.873866, 0.00017923, 423.181
1194, 0.0268896, 8.64321e-14, 1.05183e-13, 0, 1.51885e-06, 5.32307e-07, 0, 0, 2.05115e-06, 4.80213e-06, 3.84347e-08, 3.61602, 0.873934, 0.000178619, 422.756
1195, 0.0269124, 8.93214e-14, 1.08676e-13, 0, 1.50168e-06, 5.27765e-07, 0, 0, 2.02944e-06, 4.78538e-06, 3.8211e-08, 3.61517, 0.874, 0.000177877, 422.306
1196, 0.0269911, 9.23352e-14, 1.12238e-13, 0, 1.49951e-06, 5.28178e-07, 0, 0, 2.02769e-06, 4.79541e-06, 3.84467e-08, 3.61225, 0.874067, 0.000177709, 422.002
1197, 0.026989, 9.56527e-14, 1.15875e-13, 0, 1.49655e-06, 5.28009e-07, 0, 0, 2.02456e-06, 4.78851e-06, 3.87007e-08, 3.61233, 0.874134, 0.000177371, 421.689
1198, 0.0266094, 9.94598e-14, 1.19666e-13, 0, 1.44795e-06, 5.12245e-07, 0, 0, 1.9602e-06, 4.67506e-06, 3.76148e-08, 3.62649, 0.8742, 0.000175541, 420.921
1199, 0.0263726, 1.03117e-13, 1.23599e-13, 0, 1.40502e-06, 4.98649e-07, 0, 0, 1.90367e-06, 4.58651e-06, 3.66525e-08, 3.63543, 0.874267, 0.000173844, 420.201
1200, 0.0266986, 1.06224e-13, 1.2762e-13, 0, 1.42788e-06, 5.07755e-07, 0, 0, 1.93563e-06, 4.66464e-06, 3.75794e-08, 3.62314, 0.874334, 0.000174739, 420.157
1201, 0.0269636, 1.09592e-13, 1.31736e-13, 0, 1.4566e-06, 5.18792e-07, 0, 0, 1.97539e-06, 4.75468e-06, 3.86889e-08, 3.61327, 0.8744, 0.000176373, 420.168
1202, 0.0269306, 1.13525e-13, 1.35951e-13, 0, 1.4494e-06, 5.17168e-07, 0, 0, 1.96657e-06, 4.74465e-06, 3.88008e-08, 3.61449, 0.874467, 0.000176238, 419.813
1203, 0.0264853, 1.18124e-13, 1.40285e-13, 0, 1.3965e-06, 4.99547e-07, 0, 0, 1.89605e-06, 4.62724e-06, 3.75704e-08, 3.63117, 0.874533, 0.000174871, 418.989
1204, 0.0262766, 1.22459e-13, 1.44751e-13, 0, 1.3726e-06, 4.92069e-07, 0, 0, 1.86467e-06, 4.587e-06, 3.72091e-08, 3.63908, 0.8746, 0.000174749, 418.457
1205, 0.0271613, 1.25371e-13, 1.49362e-13, 0, 1.44812e-06, 5.19379e-07, 0, 0, 1.9675e-06, 4.77701e-06, 3.98339e-08, 3.60596, 0.874667, 0.000175925, 418.958
1206, 0.0280307, 1.28322e-13, 1.54185e-13, 0, 1.51357e-06, 5.43407e-07, 0, 0, 2.05698e-06, 4.94589e-06, 4.2112e-08, 3.57445, 0.874734, 0.000176456, 419.326
1207, 0.0281405, 1.32421e-13, 1.59202e-13, 0, 1.5069e-06, 5.42319e-07, 0, 0, 2.04922e-06, 4.95033e-06, 4.21721e-08, 3.57055, 0.8748, 0.000175952, 418.984
1208, 0.0280934, 1.37051e-13, 1.64305e-13, 0, 1.48548e-06, 5.35895e-07, 0, 0, 2.02137e-06, 4.90363e-06, 4.18379e-08, 3.57222, 0.874867, 0.000174665, 418.497
1209, 0.0282817, 1.41609e-13, 1.69494e-13, 0, 1.49017e-06, 5.38532e-07, 0, 0, 2.0287e-06, 4.90868e-06, 4.23543e-08, 3.56554, 0.874934, 0.000173721, 418.265
1210, 0.0285628, 1.46076e-13, 1.74867e-13, 0, 1.50635e-06, 5.45326e-07, 0, 0, 2.05167e-06, 4.9518e-06, 4.32004e-08, 3.55565, 0.875, 0.000173505, 418.146
1211, 0.0286088, 1.50881e-13, 1.8049e-13, 0, 1.50231e-06, 5.45344e-07, 0, 0, 2.04766e-06, 4.96947e-06, 4.33223e-08, 3.55404, 0.875067, 0.000173816, 417.832
1212, 0.0286934, 1.55704e-13, 1.86284e-13, 0, 1.50559e-06, 5.48084e-07, 0, 0, 2.05368e-06, 5.0144e-06, 4.36553e-08, 3.55109, 0.875133, 0.000174807, 417.591
1213, 0.0290466, 1.60334e-13, 1.92179e-13, 0, 1.5303e-06, 5.58076e-07, 0, 0, 2.08838e-06, 5.09448e-06, 4.47431e-08, 3.53885, 0.875199, 0.000175399, 417.554
1214, 0.0291725, 1.65543e-13, 1.98267e-13, 0, 1.53326e-06, 5.60294e-07, 0, 0, 2.09355e-06, 5.11714e-06, 4.51449e-08, 3.53453, 0.875266, 0.00017541, 417.307
1215, 0.0293419, 1.70847e-13, 2.045e-13, 0, 1.54052e-06, 5.63914e-07, 0, 0, 2.10443e-06, 5.14262e-06, 4.57542e-08, 3.52874, 0.875333, 0.000175268, 417.1
1216, 0.0298026, 1.75827e-13, 2.10851e-13, 0, 1.57243e-06, 5.7609e-07, 0, 0, 2.14852e-06, 5.21866e-06, 4.72386e-08, 3.51316, 0.8754, 0.00017511, 417.122
1217, 0.0301734, 1.81055e-13, 2.1741e-13, 0, 1.59476e-06, 5.84917e-07, 0, 0, 2.17967e-06, 5.27883e-06, 4.8404e-08, 3.5008, 0.875467, 0.000174952, 417.051
1218, 0.0303324, 1.86696e-13, 2.24209e-13, 0, 1.59619e-06, 5.86395e-07, 0, 0, 2.18258e-06, 5.30184e-06, 4.88562e-08, 3.49554, 0.875534, 0.000174792, 416.789
1219, 0.0303777, 1.92706e-13, 2.31249e-13, 0, 1.58744e-06, 5.84408e-07, 0, 0, 2.17185e-06, 5.30489e-06, 4.89316e-08, 3.49405, 0.8756, 0.000174632, 416.435
1220, 0.0304899, 1.9897e-13, 2.38486e-13, 0, 1.58889e-06, 5.86152e-07, 0, 0, 2.17504e-06, 5.3197e-06, 4.93385e-08, 3.49036, 0.875667, 0.000174475, 416.175
1221, 0.0305644, 2.05567e-13, 2.4594e-13, 0, 1.58902e-06, 5.87386e-07, 0, 0, 2.17641e-06, 5.32797e-06, 4.96918e-08, 3.48792, 0.875733, 0.00017432, 415.904
1222, 0.0305787, 2.1238e-13, 2.53628e-13, 0, 1.58212e-06, 5.86062e-07, 0, 0, 2.16818e-06, 5.32568e-06, 4.98068e-08, 3.48745, 0.8758, 0.000174164, 415.568
1223, 0.0307351, 2.19081e-13, 2.61511e-13, 0, 1.58552e-06, 5.88473e-07, 0, 0, 2.17399e-06, 5.34806e-06, 5.02927e-08, 3.48235, 0.875866, 0.000174006, 415.327
1224, 0.0310289, 2.25755e-13, 2.69588e-13, 0, 1.60063e-06, 5.95123e-07, 0, 0, 2.19575e-06, 5.39395e-06, 5.1203e-08, 3.47284, 0.875934, 0.000173838, 415.194
1225, 0.0313262, 2.32672e-13, 2.77888e-13, 0, 1.61621e-06, 6.01898e-07, 0, 0, 2.21811e-06, 5.43625e-06, 5.21542e-08, 3.4633, 0.876, 0.000173542, 415.063
1226, 0.0314592, 2.40131e-13, 2.86479e-13, 0, 1.61286e-06, 6.01856e-07, 0, 0, 2.21472e-06, 5.4329e-06, 5.24373e-08, 3.45906, 0.876066, 0.000172712, 414.762
1227, 0.031551, 2.47858e-13, 2.95331e-13, 0, 1.60209e-06, 5.99138e-07, 0, 0, 2.20123e-06, 5.41129e-06, 5.24712e-08, 3.45615, 0.876133, 0.000171538, 414.394
1228, 0.0318236, 2.55408e-13, 3.04372e-13, 0, 1.61777e-06, 6.05976e-07, 0, 0, 2.22375e-06, 5.45828e-06, 5.34636e-08, 3.44755, 0.8762, 0.000171529, 414.265
1229, 0.0320949, 2.63189e-13, 3.13672e-13, 0, 1.64193e-06, 6.15943e-07, 0, 0, 2.25788e-06, 5.5338e-06, 5.47375e-08, 3.43906, 0.876266, 0.00017242, 414.211
1230, 0.0323073, 2.71312e-13, 3.23261e-13, 0, 1.65581e-06, 6.2217e-07, 0, 0, 2.27798e-06, 5.58214e-06, 5.5657e-08, 3.43246, 0.876333, 0.000172783, 414.064
1231, 0.0325195, 2.79668e-13, 3.33128e-13, 0, 1.66487e-06, 6.26602e-07, 0, 0, 2.29147e-06, 5.61501e-06, 5.64207e-08, 3.42591, 0.876399, 0.000172668, 413.873
1232, 0.0326319, 2.88505e-13, 3.4333e-13, 0, 1.66412e-06, 6.27553e-07, 0, 0, 2.29167e-06, 5.62818e-06, 5.67959e-08, 3.42247, 0.876466, 0.000172476, 413.598
1233, 0.0327065, 2.97686e-13, 3.53839e-13, 0, 1.66076e-06, 6.27605e-07, 0, 0, 2.28837e-06, 5.63712e-06, 5.70731e-08, 3.42018, 0.876533, 0.000172355, 413.301
1234, 0.0328777, 3.06901e-13, 3.64594e-13, 0, 1.66655e-06, 6.30912e-07, 0, 0, 2.29746e-06, 5.66357e-06, 5.77347e-08, 3.41496, 0.876599, 0.000172263, 413.083
1235, 0.033065, 3.16359e-13, 3.75651e-13, 0, 1.67337e-06, 6.34557e-07, 0, 0, 2.30793e-06, 5.69159e-06, 5.8438e-08, 3.40928, 0.876667, 0.000172135, 412.875
1236, 0.0331814, 3.26282e-13, 3.87066e-13, 0, 1.67342e-06, 6.3578e-07, 0, 0, 2.3092e-06, 5.70647e-06, 5.88594e-08, 3.40577, 0.876733, 0.000171979, 412.608
1237, 0.0332809, 3.36532e-13, 3.98816e-13, 0, 1.67142e-06, 6.36279e-07, 0, 0, 2.3077e-06, 5.71704e-06, 5.92052e-08, 3.40277, 0.8768, 0.000171782, 412.324
1238, 0.0334079, 3.47005e-13, 4.10884e-13, 0, 1.67034e-06, 6.37064e-07, 0, 0, 2.3074e-06, 5.72708e-06, 5.96049e-08, 3.39896, 0.876867, 0.000171431, 412.048
1239, 0.0335274, 3.57809e-13, 4.23296e-13, 0, 1.66583e-06, 6.36548e-07, 0, 0, 2.30238e-06, 5.72626e-06, 5.98758e-08, 3.39539, 0.876933, 0.000170796, 411.743
1240, 0.0336132, 3.69024e-13, 4.36086e-13, 0, 1.66017e-06, 6.35668e-07, 0, 0, 2.29583e-06, 5.72625e-06, 6.00822e-08, 3.39284, 0.877, 0.000170358, 411.428
1241, 0.0336926, 3.80579e-13, 4.49246e-13, 0, 1.66053e-06, 6.37107e-07, 0, 0, 2.29764e-06, 5.74802e-06, 6.05039e-08, 3.39048, 0.877067, 0.000170601, 411.167
1242, 0.0337959, 3.92399e-13, 4.62761e-13, 0, 1.66286e-06, 6.3923e-07, 0, 0, 2.30209e-06, 5.77307e-06, 6.10158e-08, 3.38742, 0.877133, 0.000170822, 410.922
1243, 0.0338977, 4.04573e-13, 4.76652e-13, 0, 1.66126e-06, 6.39841e-07, 0, 0, 2.3011e-06, 5.78484e-06, 6.13852e-08, 3.38441, 0.877201, 0.000170656, 410.644
1244, 0.0339806, 4.17158e-13, 4.90951e-13, 0, 1.65795e-06, 6.39843e-07, 0, 0, 2.29779e-06, 5.79374e-06, 6.16813e-08, 3.38197, 0.877266, 0.000170502, 410.352
1245, 0.0340581, 4.30121e-13, 5.05663e-13, 0, 1.65537e-06, 6.40143e-07, 0, 0, 2.29552e-06, 5.80624e-06, 6.20042e-08, 3.37969, 0.877333, 0.000170481, 410.066
1246, 0.0341339, 4.43461e-13, 5.20791e-13, 0, 1.6519e-06, 6.40099e-07, 0, 0, 2.292e-06, 5.81609e-06, 6.22967e-08, 3.37746, 0.8774, 0.000170391, 409.773
1247, 0.0341978, 4.57221e-13, 5.3635e-13, 0, 1.64671e-06, 6.39411e-07, 0, 0, 2.28612e-06, 5.82192e-06, 6.25191e-08, 3.3756, 0.877467, 0.000170243, 409.465
1248, 0.0342462, 4.7142e-13, 5.52352e-13, 0, 1.64028e-06, 6.38249e-07, 0, 0, 2.27853e-06, 5.82581e-06, 6.26856e-08, 3.37418, 0.877533, 0.000170116, 409.147
1249, 0.0342872, 4.86039e-13, 5.68804e-13, 0, 1.63317e-06, 6.36808e-07, 0, 0, 2.26997e-06, 5.82835e-06, 6.2824e-08, 3.37298, 0.8776, 0.000169987, 408.823
1250, 0.0343189, 5.01094e-13, 5.85721e-13, 0, 1.62499e-06, 6.34927e-07, 0, 0, 2.25992e-06, 5.82799e-06, 6.29166e-08, 3.37206, 0.877667, 0.000169819, 408.49
1251, 0.0343313, 5.16635e-13, 6.03127e-13, 0, 1.61418e-06, 6.32009e-07, 0, 0, 2.24619e-06, 5.82036e-06, 6.28935e-08, 3.3717, 0.877734, 0.000169536, 408.133
1252, 0.0343271, 5.32672e-13, 6.21034e-13, 0, 1.60105e-06, 6.28161e-07, 0, 0, 2.22922e-06, 5.8059e-06, 6.27665e-08, 3.37182, 0.8778, 0.000169136, 407.755
1253, 0.0343119, 5.49211e-13, 6.39453e-13, 0, 1.58905e-06, 6.24749e-07, 0, 0, 2.2138e-06, 5.79644e-06, 6.26766e-08, 3.37226, 0.877866, 0.000168935, 407.387
1254, 0.0342797, 5.66285e-13, 6.584e-13, 0, 1.57729e-06, 6.21447e-07, 0, 0, 2.19874e-06, 5.78974e-06, 6.25861e-08, 3.3732, 0.877933, 0.000168899, 407.021
1255, 0.0342305, 5.83905e-13, 6.77886e-13, 0, 1.56213e-06, 6.16807e-07, 0, 0, 2.17894e-06, 5.77282e-06, 6.23504e-08, 3.37464, 0.877999, 0.000168649, 406.624
1256, 0.0341667, 6.02072e-13, 6.97924e-13, 0, 1.54457e-06, 6.11232e-07, 0, 0, 2.1558e-06, 5.74928e-06, 6.20128e-08, 3.3765, 0.878066, 0.000168278, 406.204
1257, 0.0340716, 6.20857e-13, 7.1854e-13, 0, 1.52529e-06, 6.05016e-07, 0, 0, 2.1303e-06, 5.72441e-06, 6.15908e-08, 3.37929, 0.878134, 0.00016802, 405.767
1258, 0.0338994, 6.40402e-13, 7.39788e-13, 0, 1.5014e-06, 5.97021e-07, 0, 0, 2.09842e-06, 5.69385e-06, 6.09448e-08, 3.38436, 0.8782, 0.000167971, 405.284
1259, 0.0335959, 6.60874e-13, 7.61742e-13, 0, 1.46814e-06, 5.85256e-07, 0, 0, 2.05339e-06, 5.64302e-06, 5.98599e-08, 3.39335, 0.878267, 0.000167969, 404.708
1260, 0.0331355, 6.8243e-13, 7.84446e-13, 0, 1.42337e-06, 5.68723e-07, 0, 0, 1.99209e-06, 5.55863e-06, 5.82421e-08, 3.40715, 0.878333, 0.000167749, 404.01
1261, 0.032544, 7.05186e-13, 8.07904e-13, 0, 1.37087e-06, 5.4894e-07, 0, 0, 1.91981e-06, 5.44675e-06, 5.62589e-08, 3.42516, 0.8784, 0.000167377, 403.219
1262, 0.0319089, 7.29041e-13, 8.32054e-13, 0, 1.32033e-06, 5.2986e-07, 0, 0, 1.8502e-06, 5.33735e-06, 5.43332e-08, 3.44487, 0.878467, 0.000167301, 402.431
1263, 0.0313283, 7.53548e-13, 8.56811e-13, 0, 1.27711e-06, 5.13555e-07, 0, 0, 1.79067e-06, 5.24832e-06, 5.27007e-08, 3.46323, 0.878533, 0.000167549, 401.705
1264, 0.0309271, 7.78029e-13, 8.82063e-13, 0, 1.24475e-06, 5.01371e-07, 0, 0, 1.74612e-06, 5.18514e-06, 5.15438e-08, 3.47612, 0.8786, 0.000167662, 401.087
1265, 0.0308096, 8.01991e-13, 9.07727e-13, 0, 1.22921e-06, 4.95857e-07, 0, 0, 1.72507e-06, 5.16252e-06, 5.11576e-08, 3.47993, 0.878667, 0.000167563, 400.654
1266, 0.0308773, 8.25819e-13, 9.3392e-13, 0, 1.22457e-06, 4.94752e-07, 0, 0, 1.71932e-06, 5.16669e-06, 5.12726e-08, 3.47774, 0.878734, 0.000167337, 400.346
1267, 0.0304322, 8.52771e-13, 9.61332e-13, 0, 1.18928e-06, 4.81176e-07, 0, 0, 1.67046e-06, 5.07682e-06, 4.99936e-08, 3.49226, 0.8788, 0.000166858, 399.68
1268, 0.0286622, 8.86646e-13, 9.90745e-13, 0, 1.077e-06, 4.36216e-07, 0, 0, 1.51322e-06, 4.76312e-06, 4.51906e-08, 3.55218, 0.878866, 0.000166303, 398.035
1269, 0.0277802, 9.17105e-13, 1.02004e-12, 0, 1.01833e-06, 4.13467e-07, 0, 0, 1.4318e-06, 4.61597e-06, 4.28691e-08, 3.58343, 0.878933, 0.000166299, 397.006
1270, 0.0299016, 9.34223e-13, 1.04714e-12, 0, 1.13926e-06, 4.64076e-07, 0, 0, 1.60334e-06, 4.97963e-06, 4.88669e-08, 3.50984, 0.879, 0.000166577, 398.327
1271, 0.0323757, 9.5071e-13, 1.07461e-12, 0, 1.28794e-06, 5.25452e-07, 0, 0, 1.81339e-06, 5.39355e-06, 5.6192e-08, 3.43035, 0.879067, 0.000166603, 399.799
1272, 0.0335056, 9.7429e-13, 1.10414e-12, 0, 1.3594e-06, 5.55045e-07, 0, 0, 1.91445e-06, 5.57734e-06, 5.99762e-08, 3.39604, 0.879133, 0.000166464, 400.307
1273, 0.0340328, 1.00126e-12, 1.13508e-12, 0, 1.39299e-06, 5.69346e-07, 0, 0, 1.96234e-06, 5.65925e-06, 6.20359e-08, 3.38043, 0.8792, 0.000166291, 400.399
1274, 0.0344999, 1.02912e-12, 1.1669e-12, 0, 1.42097e-06, 5.81537e-07, 0, 0, 2.00251e-06, 5.73044e-06, 6.38616e-08, 3.3668, 0.879267, 0.000166104, 400.427
1275, 0.034998, 1.05754e-12, 1.1995e-12, 0, 1.44956e-06, 5.94109e-07, 0, 0, 2.04367e-06, 5.80598e-06, 6.57413e-08, 3.35246, 0.879333, 0.000165899, 400.458
1276, 0.0354816, 1.08693e-12, 1.23299e-12, 0, 1.47589e-06, 6.05899e-07, 0, 0, 2.0818e-06, 5.87804e-06, 6.75156e-08, 3.33874, 0.8794, 0.000165669, 400.463
1277, 0.0359618, 1.11722e-12, 1.26736e-12, 0, 1.50118e-06, 6.17353e-07, 0, 0, 2.11853e-06, 5.94728e-06, 6.92586e-08, 3.3253, 0.879467, 0.000165383, 400.453
1278, 0.0364499, 1.14824e-12, 1.30262e-12, 0, 1.52611e-06, 6.28679e-07, 0, 0, 2.15479e-06, 6.0129e-06, 7.10174e-08, 3.31182, 0.879533, 0.00016497, 400.437
1279, 0.0368678, 1.18057e-12, 1.33892e-12, 0, 1.54266e-06, 6.36666e-07, 0, 0, 2.17933e-06, 6.05295e-06, 7.23632e-08, 3.30042, 0.879601, 0.000164194, 400.341
1280, 0.0372433, 1.21392e-12, 1.37622e-12, 0, 1.54439e-06, 6.38476e-07, 0, 0, 2.18287e-06, 6.03786e-06, 7.30099e-08, 3.29028, 0.879666, 0.000162162, 400.107
1281, 0.0376505, 1.24764e-12, 1.41439e-12, 0, 1.52525e-06, 6.31412e-07, 0, 0, 2.15667e-06, 5.93522e-06, 7.27094e-08, 3.27941, 0.879734, 0.000157716, 399.679
1282, 0.0380287, 1.28231e-12, 1.45358e-12, 0, 1.50974e-06, 6.2582e-07, 0, 0, 2.13557e-06, 5.85014e-06, 7.25869e-08, 3.26941, 0.8798, 0.000153865, 399.283
1283, 0.0383011, 1.3187e-12, 1.49402e-12, 0, 1.54339e-06, 6.40789e-07, 0, 0, 2.18419e-06, 5.97021e-06, 7.47787e-08, 3.26228, 0.879866, 0.000155849, 399.347
1284, 0.0385076, 1.35656e-12, 1.53565e-12, 0, 1.59721e-06, 6.64247e-07, 0, 0, 2.26146e-06, 6.17805e-06, 7.79162e-08, 3.2569, 0.879933, 0.000160414, 399.586
1285, 0.0387272, 1.39522e-12, 1.57831e-12, 0, 1.631e-06, 6.79369e-07, 0, 0, 2.31037e-06, 6.30672e-06, 8.01245e-08, 3.25121, 0.88, 0.000162842, 399.635
1286, 0.0389156, 1.43525e-12, 1.62217e-12, 0, 1.6455e-06, 6.86572e-07, 0, 0, 2.33207e-06, 6.3654e-06, 8.13871e-08, 3.24636, 0.880067, 0.000163567, 399.513
1287, 0.0389376, 1.478e-12, 1.66759e-12, 0, 1.64158e-06, 6.86421e-07, 0, 0, 2.32801e-06, 6.3756e-06, 8.16291e-08, 3.2458, 0.880133, 0.000163739, 399.233
1288, 0.038858, 1.5229e-12, 1.71441e-12, 0, 1.62813e-06, 6.82462e-07, 0, 0, 2.31059e-06, 6.36238e-06, 8.13334e-08, 3.24784, 0.8802, 0.000163735, 398.872
1289, 0.0389508, 1.56699e-12, 1.76195e-12, 0, 1.62696e-06, 6.83301e-07, 0, 0, 2.31027e-06, 6.37514e-06, 8.17911e-08, 3.24546, 0.880267, 0.000163674, 398.616
1290, 0.0392491, 1.61004e-12, 1.81019e-12, 0, 1.641e-06, 6.90107e-07, 0, 0, 2.33111e-06, 6.42013e-06, 8.3168e-08, 3.23783, 0.880334, 0.000163576, 398.49
1291, 0.0393713, 1.65638e-12, 1.86016e-12, 0, 1.64213e-06, 6.91809e-07, 0, 0, 2.33394e-06, 6.4364e-06, 8.37661e-08, 3.23472, 0.8804, 0.000163481, 398.253
1292, 0.0393839, 1.7052e-12, 1.91174e-12, 0, 1.63521e-06, 6.90387e-07, 0, 0, 2.3256e-06, 6.43629e-06, 8.38626e-08, 3.2344, 0.880466, 0.000163425, 397.949
1293, 0.0395988, 1.7528e-12, 1.96413e-12, 0, 1.64282e-06, 6.94705e-07, 0, 0, 2.33752e-06, 6.46868e-06, 8.48427e-08, 3.22896, 0.880534, 0.000163356, 397.769
1294, 0.0397383, 1.80272e-12, 2.01811e-12, 0, 1.64456e-06, 6.96612e-07, 0, 0, 2.34118e-06, 6.48665e-06, 8.54728e-08, 3.22544, 0.8806, 0.000163234, 397.539
1295, 0.0395312, 1.85864e-12, 2.07447e-12, 0, 1.62123e-06, 6.88492e-07, 0, 0, 2.30972e-06, 6.44687e-06, 8.45606e-08, 3.23066, 0.880667, 0.000163082, 397.095
1296, 0.0391929, 1.91804e-12, 2.13257e-12, 0, 1.58983e-06, 6.77081e-07, 0, 0, 2.26691e-06, 6.38654e-06, 8.31584e-08, 3.23926, 0.880734, 0.000162951, 396.578
1297, 0.0390656, 1.97615e-12, 2.19141e-12, 0, 1.57474e-06, 6.72089e-07, 0, 0, 2.24684e-06, 6.36124e-06, 8.27939e-08, 3.24251, 0.8808, 0.000162834, 396.201
1298, 0.039337, 2.03029e-12, 2.25048e-12, 0, 1.58786e-06, 6.78404e-07, 0, 0, 2.26627e-06, 6.40066e-06, 8.41976e-08, 3.23559, 0.880869, 0.000162713, 396.072
1299, 0.0394303, 2.08989e-12, 2.31137e-12, 0, 1.59082e-06, 6.80595e-07, 0, 0, 2.27142e-06, 6.41078e-06, 8.49714e-08, 3.23322, 0.880947, 0.000162584, 395.853
1300, 0.0390639, 2.15812e-12, 2.37524e-12, 0, 1.56193e-06, 6.69965e-07, 0, 0, 2.2319e-06, 6.3457e-06, 8.37374e-08, 3.24256, 0.881057, 0.000162444, 395.355
1301, 0.039058, 2.2207e-12, 2.44004e-12, 0, 1.55331e-06, 6.67678e-07, 0, 0, 2.22099e-06, 6.33931e-06, 8.37321e-08, 3.24271, 0.881213, 0.000162307, 395.037
1302, 0.0392043, 2.2838e-12, 2.50569e-12, 0, 1.55595e-06, 6.69858e-07, 0, 0, 2.22581e-06, 6.35788e-06, 8.44339e-08, 3.23897, 0.881402, 0.000162172, 394.818
1303, 0.0385061, 2.36668e-12, 2.57441e-12, 0, 1.50916e-06, 6.51557e-07, 0, 0, 2.16072e-06, 6.23935e-06, 8.2076e-08, 3.25694, 0.8816, 0.000162031, 394.151
1304, 0.0377639, 2.45048e-12, 2.64556e-12, 0, 1.45793e-06, 6.31444e-07, 0, 0, 2.08938e-06, 6.11319e-06, 7.94312e-08, 3.2764, 0.881801, 0.000161879, 393.431
1305, 0.0381078, 2.51277e-12, 2.71675e-12, 0, 1.4702e-06, 6.37679e-07, 0, 0, 2.10789e-06, 6.16227e-06, 8.07211e-08, 3.26734, 0.882001, 0.000161711, 393.307
1306, 0.0382226, 2.58596e-12, 2.7889e-12, 0, 1.47219e-06, 6.39604e-07, 0, 0, 2.1118e-06, 6.17472e-06, 8.13563e-08, 3.26433, 0.8822, 0.000161548, 393.086
1307, 0.0379, 2.67462e-12, 2.86162e-12, 0, 1.44979e-06, 6.31437e-07, 0, 0, 2.08123e-06, 6.11752e-06, 8.04811e-08, 3.27281, 0.8824, 0.000161415, 392.634
1308, 0.038063, 2.75455e-12, 2.93496e-12, 0, 1.45389e-06, 6.34291e-07, 0, 0, 2.08819e-06, 6.13899e-06, 8.12589e-08, 3.26851, 0.8826, 0.000161287, 392.434
1309, 0.0377191, 2.84375e-12, 3.01414e-12, 0, 1.42674e-06, 6.23996e-07, 0, 0, 2.05074e-06, 6.07831e-06, 7.9977e-08, 3.27759, 0.882799, 0.000161145, 391.935
1310, 0.0370889, 2.93641e-12, 3.09836e-12, 0, 1.38127e-06, 6.06028e-07, 0, 0, 1.9873e-06, 5.96798e-06, 7.7537e-08, 3.29444, 0.883, 0.000160922, 391.251
1311, 0.0376492, 2.99893e-12, 3.18316e-12, 0, 1.3981e-06, 6.14181e-07, 0, 0, 2.01229e-06, 6.03082e-06, 7.91517e-08, 3.27944, 0.8832, 0.000160261, 391.179
1312, 0.0377552, 3.085e-12, 3.2671e-12, 0, 1.38607e-06, 6.09974e-07, 0, 0, 1.99605e-06, 5.99386e-06, 7.89143e-08, 3.27663, 0.8834, 0.000158956, 390.822
1313, 0.0363184, 3.22564e-12, 3.3507e-12, 0, 1.29768e-06, 5.73564e-07, 0, 0, 1.87125e-06, 5.73846e-06, 7.36651e-08, 3.31543, 0.8836, 0.000158338, 389.68
1314, 0.0354153, 3.34038e-12, 3.44158e-12, 0, 1.24225e-06, 5.51287e-07, 0, 0, 1.79354e-06, 5.60883e-06, 7.04325e-08, 3.34061, 0.8838, 0.000158617, 388.85
1315, 0.0360516, 3.39937e-12, 3.53939e-12, 0, 1.26292e-06, 5.61168e-07, 0, 0, 1.8241e-06, 5.70143e-06, 7.22202e-08, 3.3228, 0.884, 0.000158268, 388.84
1316, 0.037229, 3.46143e-12, 3.63103e-12, 0, 1.32739e-06, 5.893e-07, 0, 0, 1.91669e-06, 5.89425e-06, 7.70491e-08, 3.29067, 0.884199, 0.000158358, 389.282
1317, 0.0376448, 3.56116e-12, 3.72063e-12, 0, 1.36152e-06, 6.04575e-07, 0, 0, 1.9661e-06, 5.99407e-06, 7.98524e-08, 3.27956, 0.884399, 0.000159235, 389.392
1318, 0.0367009, 3.70206e-12, 3.81725e-12, 0, 1.31342e-06, 5.85046e-07, 0, 0, 1.89847e-06, 5.86082e-06, 7.70699e-08, 3.30495, 0.8846, 0.000159693, 388.664
1319, 0.0349647, 3.87292e-12, 3.91676e-12, 0, 1.21868e-06, 5.45386e-07, 0, 0, 1.76408e-06, 5.58374e-06, 7.11942e-08, 3.35342, 0.8848, 0.000159692, 387.409
1320, 0.0342817, 4.01117e-12, 4.01684e-12, 0, 1.17938e-06, 5.29232e-07, 0, 0, 1.70862e-06, 5.4701e-06, 6.90684e-08, 3.37314, 0.885, 0.000159565, 386.729
1321, 0.0350897, 4.08464e-12, 4.12604e-12, 0, 1.21215e-06, 5.44316e-07, 0, 0, 1.75647e-06, 5.59387e-06, 7.1654e-08, 3.34985, 0.8852, 0.000159421, 386.867
1322, 0.0353465, 4.1793e-12, 4.24064e-12, 0, 1.21462e-06, 5.46586e-07, 0, 0, 1.76122e-06, 5.62994e-06, 7.2114e-08, 3.34256, 0.8854, 0.000159277, 386.664
1323, 0.0347008, 4.32559e-12, 4.35123e-12, 0, 1.17598e-06, 5.31089e-07, 0, 0, 1.70708e-06, 5.52206e-06, 6.99015e-08, 3.36099, 0.8856, 0.000159132, 385.995
1324, 0.0352974, 4.42095e-12, 4.46467e-12, 0, 1.20176e-06, 5.43276e-07, 0, 0, 1.74504e-06, 5.61157e-06, 7.2179e-08, 3.34395, 0.8858, 0.000158986, 386.057
1325, 0.0366211, 4.47159e-12, 4.58897e-12, 0, 1.25929e-06, 5.69099e-07, 0, 0, 1.8284e-06, 5.81663e-06, 7.6536e-08, 3.30713, 0.886, 0.000158837, 386.458
1326, 0.0364912, 4.59182e-12, 4.7148e-12, 0, 1.24334e-06, 5.63025e-07, 0, 0, 1.80638e-06, 5.79089e-06, 7.57624e-08, 3.31068, 0.8862, 0.000158689, 386.052
1327, 0.0346321, 4.8241e-12, 4.82887e-12, 0, 1.1492e-06, 5.2272e-07, 0, 0, 1.67193e-06, 5.49098e-06, 6.96612e-08, 3.36297, 0.8864, 0.000158543, 384.754
1328, 0.0320347, 5.12797e-12, 4.92989e-12, 0, 1.02536e-06, 4.69203e-07, 0, 0, 1.49457e-06, 5.0746e-06, 6.15546e-08, 3.44094, 0.8866, 0.000158401, 382.991
1329, 0.0302845, 5.37716e-12, 5.04398e-12, 0, 9.36439e-07, 4.31138e-07, 0, 0, 1.36759e-06, 4.79308e-06, 5.57586e-08, 3.49712, 0.886799, 0.000158265, 381.556
1330, 0.0291458, 5.56915e-12, 5.17928e-12, 0, 8.74976e-07, 4.0477e-07, 0, 0, 1.27976e-06, 4.60901e-06, 5.18703e-08, 3.53544, 0.887, 0.000158127, 380.429
1331, 0.0268091, 5.85594e-12, 5.30295e-12, 0, 7.68612e-07, 3.57716e-07, 0, 0, 1.12634e-06, 4.23583e-06, 4.50514e-08, 3.61901, 0.8872, 0.000157985, 378.494
1332, 0.0256631, 6.09587e-12, 5.42768e-12, 0, 7.18535e-07, 3.35739e-07, 0, 0, 1.05429e-06, 4.05069e-06, 4.20129e-08, 3.6627, 0.887401, 0.000157841, 377.386
1333, 0.026778, 6.17879e-12, 5.5826e-12, 0, 7.67262e-07, 3.5798e-07, 0, 0, 1.12525e-06, 4.22264e-06, 4.56761e-08, 3.62017, 0.8876, 0.000157698, 378.013
1334, 0.0285067, 6.24209e-12, 5.73393e-12, 0, 8.43648e-07, 3.92656e-07, 0, 0, 1.23632e-06, 4.4911e-06, 5.13343e-08, 3.55762, 0.887799, 0.000157556, 379.029
1335, 0.0301867, 6.3848e-12, 5.84523e-12, 0, 9.17674e-07, 4.26623e-07, 0, 0, 1.34431e-06, 4.75156e-06, 5.68069e-08, 3.50035, 0.888, 0.000157411, 379.913
1336, 0.0302761, 6.62561e-12, 5.95689e-12, 0, 9.2081e-07, 4.28871e-07, 0, 0, 1.34969e-06, 4.76139e-06, 5.73184e-08, 3.4974, 0.8882, 0.000157262, 379.732
1337, 0.0294395, 6.83859e-12, 6.12068e-12, 0, 8.76824e-07, 4.1006e-07, 0, 0, 1.2869e-06, 4.62565e-06, 5.44551e-08, 3.52542, 0.8884, 0.000157122, 378.862
1338, 0.0295549, 6.98146e-12, 6.29887e-12, 0, 8.74146e-07, 4.09848e-07, 0, 0, 1.28401e-06, 4.64007e-06, 5.45465e-08, 3.5215, 0.888601, 0.000157003, 378.598
1339, 0.0298135, 7.17617e-12, 6.45177e-12, 0, 8.86078e-07, 4.15894e-07, 0, 0, 1.30199e-06, 4.67722e-06, 5.58293e-08, 3.5128, 0.8888, 0.00015688, 378.551
1340, 0.028632, 7.5139e-12, 6.58117e-12, 0, 8.38375e-07, 3.95041e-07, 0, 0, 1.23343e-06, 4.48806e-06, 5.28664e-08, 3.55323, 0.889, 0.000156743, 377.598
1341, 0.028494, 7.72702e-12, 6.74502e-12, 0, 8.21366e-07, 3.88978e-07, 0, 0, 1.21036e-06, 4.46179e-06, 5.18185e-08, 3.55806, 0.8892, 0.000156595, 377.116
1342, 0.02967, 7.81679e-12, 6.9384e-12, 0, 8.56792e-07, 4.06816e-07, 0, 0, 1.26362e-06, 4.6414e-06, 5.4469e-08, 3.51762, 0.8894, 0.000156441, 377.455
1343, 0.0276134, 8.30505e-12, 7.04381e-12, 0, 7.80864e-07, 3.72263e-07, 0, 0, 1.15314e-06, 4.31614e-06, 4.95218e-08, 3.58945, 0.889601, 0.000156291, 376.012
1344, 0.022656, 9.16574e-12, 7.06166e-12, 0, 6.0107e-07, 2.89222e-07, 0, 0, 8.90309e-07, 3.53827e-06, 3.73224e-08, 3.78733, 0.8898, 0.000156158, 372.4
1345, 0.0202585, 9.71416e-12, 7.16017e-12, 0, 5.02842e-07, 2.44754e-07, 0, 0, 7.47612e-07, 3.16101e-06, 3.0373e-08, 3.89918, 0.89, 0.000156033, 369.923
1346, 0.0189557, 1.02693e-11, 7.21526e-12, 0, 4.45195e-07, 2.18937e-07, 0, 0, 6.64149e-07, 2.95556e-06, 2.61508e-08, 3.96565, 0.8902, 0.000155902, 368.189
1347, 0.0149006, 1.15637e-11, 6.96767e-12, 0, 3.2194e-07, 1.60292e-07, 0, 0, 4.82251e-07, 2.32176e-06, 1.81779e-08, 4.20636, 0.8904, 0.000155768, 363.95
1348, 0.0102594, 1.29842e-11, 6.69092e-12, 0, 1.91949e-07, 9.73965e-08, 0, 0, 2.89365e-07, 1.59709e-06, 1.01302e-08, 4.57956, 0.890601, 0.000155607, 357.503
1349, 0.00871671, 1.35307e-11, 6.8119e-12, 0, 1.43531e-07, 7.42024e-08, 0, 0, 2.17754e-07, 1.35488e-06, 7.0567e-09, 4.74251, 0.89081, 0.000155299, 353.911
1350, 0.00753993, 1.41426e-11, 6.89762e-12, 0, 1.16524e-07, 6.07271e-08, 0, 0, 1.77272e-07, 1.16999e-06, 5.55638e-09, 4.88754, 0.891042, 0.000154821, 351.295
1351, 0.00504746, 1.52922e-11, 6.73669e-12, 0, 6.61319e-08, 3.51578e-08, 0, 0, 1.01312e-07, 7.81871e-07, 2.9023e-09, 5.28887, 0.89131, 0.000154629, 344.719
1352, 0.00328531, 1.64265e-11, 6.5506e-12, 0, 3.33013e-08, 1.83636e-08, 0, 0, 5.16879e-08, 5.0875e-07, 1.23083e-09, 5.71829, 0.891601, 0.000154811, 337.16
1353, 0.00210459, 1.77666e-11, 6.21633e-12, 0, 1.73028e-08, 9.82453e-09, 0, 0, 2.71513e-08, 3.26038e-07, 5.48202e-10, 6.16364, 0.8919, 0.000154885, 330.214
1354, 0.00110213, 1.95766e-11, 5.58143e-12, 0, 7.2672e-09, 4.24051e-09, 0, 0, 1.15329e-08, 1.7071e-07, 1.94984e-10, 6.81051, 0.8922, 0.000154752, 321.46
1355, 0.000500408, 2.10837e-11, 5.11962e-12, 0, 2.52244e-09, 1.51925e-09, 0, 0, 4.0679e-09, 7.74475e-08, 5.42311e-11, 7.60009, 0.892501, 0.00015443, 311.439
1356, 0.00034584, 2.15397e-11, 5.31666e-12, 0, 1.21555e-09, 7.62942e-10, 0, 0, 2.00535e-09, 5.34455e-08, 1.87146e-11, 7.96953, 0.8928, 0.000154018, 304.917
1357, 0.000308498, 2.19999e-11, 5.51512e-12, 0, 9.19132e-10, 5.88881e-10, 0, 0, 1.53553e-09, 4.76424e-08, 1.1527e-11, 8.0838, 0.893101, 0.000153853, 302.404
1358, 0.000186286, 2.30939e-11, 5.32106e-12, 0, 4.68365e-10, 3.0546e-10, 0, 0, 8.02241e-10, 2.87542e-08, 5.0923e-12, 8.58823, 0.8934, 0.000153833, 296.718
1359, 9.35672e-05, 2.4402e-11, 4.98592e-12, 0, 1.69704e-10, 1.15251e-10, 0, 0, 3.14343e-10, 1.44293e-08, 1.25905e-12, 9.27683, 0.8937, 0.000153823, 288.948
1360, 4.93611e-05, 2.59092e-11, 4.50992e-12, 0, 6.88488e-11, 4.853e-11, 0, 0, 1.47798e-10, 7.60538e-09, 2.97022e-13, 9.91635, 0.894, 0.000153856, 282.936
1361, 2.6333e-05, 2.76784e-11, 3.85245e-12, 0, 3.39861e-11, 2.41303e-11, 0, 0, 8.96474e-11, 4.05179e-09, 1.24175e-13, 10.5447, 0.8943, 0.000153806, 279.025
1362, 3.59986e-05, 2.86641e-11, 3.73676e-12, 0, 5.31406e-11, 3.71056e-11, 0, 0, 1.22647e-10, 5.52567e-09, 2.45771e-13, 10.232, 0.8946, 0.00015368, 281.173
1363, 6.59857e-05, 2.83366e-11, 4.54771e-12, 0, 9.89133e-11, 6.89415e-11, 0, 0, 2.00739e-10, 1.01241e-08, 4.68862e-13, 9.62607, 0.8949, 0.000153538, 284.729
1364, 6.54052e-05, 2.87383e-11, 4.87926e-12, 0, 9.41002e-11, 6.58271e-11, 0, 0, 1.93545e-10, 1.00322e-08, 4.2678e-13, 9.63491, 0.8952, 0.000153402, 284.268
1365, 5.81748e-05, 2.96076e-11, 4.89519e-12, 0, 7.72582e-11, 5.45092e-11, 0, 0, 1.6627e-10, 8.91287e-09, 3.14186e-13, 9.75206, 0.8955, 0.000153263, 282.93
1366, 7.20256e-05, 2.96188e-11, 5.5188e-12, 0, 9.28332e-11, 6.57759e-11, 0, 0, 1.93747e-10, 1.10266e-08, 3.58486e-13, 9.53849, 0.895801, 0.000153122, 283.916
1367, 5.70332e-05, 3.06497e-11, 5.47101e-12, 0, 7.26322e-11, 5.15263e-11, 0, 0, 1.60279e-10, 8.72995e-09, 2.77027e-13, 9.77188, 0.8961, 0.000152982, 282.293
1368, 2.54511e-05, 3.22693e-11, 5.03492e-12, 0, 2.91063e-11, 2.07792e-11, 0, 0, 8.71897e-11, 3.8936e-09, 1.00133e-13, 10.5788, 0.8964, 0.000152804, 277.581
1369, 1.61513e-05, 3.26073e-11, 5.49201e-12, 0, 1.28822e-11, 9.43612e-12, 0, 0, 6.04176e-11, 2.46681e-09, 2.37739e-14, 11.0335, 0.8967, 0.000152504, 274.745
1370, 1.54092e-05, 3.29832e-11, 5.93483e-12, 0, 1.15606e-11, 8.48761e-12, 0, 0, 5.89662e-11, 2.3507e-09, 2.36257e-14, 11.0805, 0.897, 0.000152159, 274.397
1371, 2.06824e-05, 3.40524e-11, 5.90609e-12, 0, 2.81366e-11, 1.95225e-11, 0, 0, 8.76176e-11, 3.14433e-09, 2.19459e-13, 10.7862, 0.8973, 0.000152026, 277.09
1372, 7.10018e-05, 3.42611e-11, 6.46584e-12, 0, 1.47684e-10, 9.93574e-11, 0, 0, 2.87768e-10, 1.07832e-08, 1.58952e-12, 9.55281, 0.897599, 0.000151991, 285.892
1373, 0.00019839, 3.34051e-11, 7.7463e-12, 0, 4.90255e-10, 3.24914e-10, 0, 0, 8.5632e-10, 3.01408e-08, 6.00017e-12, 8.52528, 0.8979, 0.000151865, 294.468
1374, 0.000378476, 3.28168e-11, 8.83805e-12, 0, 1.07329e-09, 7.00439e-10, 0, 0, 1.81538e-09, 5.74938e-08, 1.49158e-11, 7.87936, 0.8982, 0.000151659, 300.632
1375, 0.000573315, 3.30258e-11, 9.39324e-12, 0, 1.80831e-09, 1.16514e-09, 0, 0, 3.01587e-09, 8.70506e-08, 2.78309e-11, 7.46408, 0.8985, 0.000151463, 304.889
1376, 0.000714254, 3.37451e-11, 9.64104e-12, 0, 2.46181e-09, 1.56892e-09, 0, 0, 4.07411e-09, 1.08366e-07, 4.21737e-11, 7.24427, 0.8988, 0.00015138, 307.393
1377, 0.000892421, 3.43828e-11, 9.95246e-12, 0, 3.43424e-09, 2.16084e-09, 0, 0, 5.63942e-09, 1.35255e-07, 6.63914e-11, 7.02157, 0.8991, 0.000151356, 310.168
1378, 0.00093306, 3.53493e-11, 1.00902e-11, 0, 3.68238e-09, 2.30929e-09, 0, 0, 6.03711e-09, 1.41328e-07, 7.35033e-11, 6.97704, 0.8994, 0.000151315, 310.605
1379, 0.000614741, 3.75803e-11, 9.49055e-12, 0, 2.15525e-09, 1.36599e-09, 0, 0, 3.56831e-09, 9.30595e-08, 4.02147e-11, 7.39431, 0.8997, 0.000151209, 305.631
1380, 0.000298128, 4.08041e-11, 8.24308e-12, 0, 7.87176e-10, 5.14523e-10, 0, 0, 1.35074e-09, 4.50969e-08, 1.15967e-11, 8.11799, 0.9, 0.000151115, 296.99
1381, 0.000114933, 4.40903e-11, 6.94863e-12, 0, 2.26372e-10, 1.53252e-10, 0, 0, 4.30662e-10, 1.73759e-08, 2.35752e-12, 9.07116, 0.9003, 0.000151029, 287.445
1382, 3.55914e-05, 4.64762e-11, 6.25777e-12, 0, 4.90833e-11, 3.44146e-11, 0, 0, 1.36232e-10, 5.37644e-09, 3.5111e-13, 10.2434, 0.9006, 0.000150923, 278.423
1383, 1.49253e-05, 4.77848e-11, 6.31138e-12, 0, 1.32968e-11, 9.79319e-12, 0, 0, 7.71862e-11, 2.2509e-09, 4.92693e-14, 11.1125, 0.9009, 0.000150806, 274.084
1384, 2.4894e-05, 4.7459e-11, 7.51115e-12, 0, 3.08995e-11, 2.20693e-11, 0, 0, 1.07939e-10, 3.74678e-09, 2.50303e-13, 10.6009, 0.9012, 0.000150673, 276.354
1385, 8.63642e-05, 4.67396e-11, 8.96133e-12, 0, 1.72862e-10, 1.18652e-10, 0, 0, 3.47215e-10, 1.29856e-08, 2.07684e-12, 9.35694, 0.9015, 0.000150536, 285.035
1386, 0.000248715, 4.57157e-11, 1.05752e-11, 0, 6.10657e-10, 4.1239e-10, 0, 0, 1.07934e-09, 3.73787e-08, 8.30115e-12, 8.2992, 0.9018, 0.000150403, 294.007
1387, 0.000454475, 4.55565e-11, 1.15888e-11, 0, 1.27328e-09, 8.47588e-10, 0, 0, 2.17801e-09, 6.82665e-08, 1.99048e-11, 7.69637, 0.9021, 0.000150269, 299.787
1388, 0.00072207, 4.63896e-11, 1.19208e-11, 0, 2.43942e-09, 1.58813e-09, 0, 0, 4.08587e-09, 1.08355e-07, 4.71367e-11, 7.23339, 0.9024, 0.000150133, 305.151
1389, 0.00119914, 4.51527e-11, 1.36262e-11, 0, 4.54217e-09, 2.92193e-09, 0, 0, 7.52287e-09, 1.798e-07, 9.67633e-11, 6.72615, 0.9027, 0.00015, 310.545
1390, 0.00154736, 4.4006e-11, 1.53637e-11, 0, 6.13535e-09, 3.93117e-09, 0, 0, 1.01259e-08, 2.31858e-07, 1.35877e-10, 6.47121, 0.903, 0.00014986, 313.145
1391, 0.00147272, 4.59855e-11, 1.51563e-11, 0, 6.07958e-09, 3.88244e-09, 0, 0, 1.00232e-08, 2.20515e-07, 1.40615e-10, 6.52064, 0.903299, 0.000149708, 312.857
1392, 0.00104036, 5.00696e-11, 1.36537e-11, 0, 4.19725e-09, 2.68599e-09, 0, 0, 6.94697e-09, 1.55664e-07, 9.69435e-11, 6.86819, 0.9036, 0.000149563, 309.237
1393, 0.00067328, 5.2282e-11, 1.34252e-11, 0, 2.20691e-09, 1.44105e-09, 0, 0, 3.71367e-09, 1.00639e-07, 4.35651e-11, 7.30335, 0.9039, 0.000149431, 303.363
1394, 0.000459426, 5.45654e-11, 1.31436e-11, 0, 1.18301e-09, 7.93687e-10, 0, 0, 2.0444e-09, 6.8617e-08, 1.80623e-11, 7.68553, 0.904201, 0.000149299, 297.953
1395, 0.000258204, 5.9638e-11, 1.09969e-11, 0, 7.12716e-10, 4.72062e-10, 0, 0, 1.25541e-09, 3.85228e-08, 1.35549e-11, 8.26176, 0.9045, 0.000149172, 293.637
1396, 0.000433582, 6.15041e-11, 1.08951e-11, 0, 2.07e-09, 1.29856e-09, 0, 0, 3.44096e-09, 6.45391e-08, 6.17584e-11, 7.74343, 0.9048, 0.000149048, 302.13
1397, 0.00129107, 5.71413e-11, 1.4773e-11, 0, 6.71713e-09, 4.1919e-09, 0, 0, 1.09809e-08, 1.92098e-07, 2.06724e-10, 6.65229, 0.9051, 0.000148918, 312.58
1398, 0.00203422, 5.3237e-11, 1.84088e-11, 0, 1.0457e-08, 6.53993e-09, 0, 0, 1.70686e-08, 3.02626e-07, 3.17286e-10, 6.19764, 0.905399, 0.000148781, 316.63
1399, 0.00160864, 5.72364e-11, 1.71776e-11, 0, 7.93975e-09, 4.9882e-09, 0, 0, 1.30024e-08, 2.39267e-07, 2.34021e-10, 6.43237, 0.905692, 0.000148642, 313.811
1400, 0.000780762, 6.53693e-11, 1.33497e-11, 0, 3.99431e-09, 2.4962e-09, 0, 0, 6.56923e-09, 1.1605e-07, 1.27037e-10, 7.15524, 0.905966, 0.000148517, 307.22
1401, 0.000964234, 6.74655e-11, 1.3249e-11, 0, 6.55699e-09, 3.98131e-09, 0, 0, 1.0619e-08, 1.43034e-07, 2.66888e-10, 6.94418, 0.906212, 0.000148416, 311.506
1402, 0.0021105, 6.24269e-11, 1.76185e-11, 0, 1.47878e-08, 8.96439e-09, 0, 0, 2.38322e-08, 3.12941e-07, 6.11167e-10, 6.16083, 0.906439, 0.00014832, 319.144
1403, 0.0024757, 6.02966e-11, 2.03298e-11, 0, 1.64076e-08, 1.00101e-08, 0, 0, 2.64983e-08, 3.67026e-07, 6.54776e-10, 6.00123, 0.90666, 0.000148198, 320.007
1404, 0.00170594, 6.51388e-11, 1.87955e-11, 0, 1.01362e-08, 6.27034e-09, 0, 0, 1.64904e-08, 2.52785e-07, 3.74645e-10, 6.37364, 0.90688, 0.000148055, 315.15
1405, 0.00149663, 6.87684e-11, 1.78747e-11, 0, 8.27964e-09, 5.19721e-09, 0, 0, 1.35635e-08, 2.21511e-07, 2.85276e-10, 6.50454, 0.9071, 0.000147958, 313.079
1406, 0.00198841, 6.86953e-11, 1.92014e-11, 0, 1.12265e-08, 7.05026e-09, 0, 0, 1.83647e-08, 2.94111e-07, 3.89917e-10, 6.22042, 0.90732, 0.000147907, 315.816
1407, 0.00218833, 6.99056e-11, 1.98314e-11, 0, 1.25603e-08, 7.88153e-09, 0, 0, 2.05315e-08, 3.23497e-07, 4.43878e-10, 6.12462, 0.90754, 0.000147835, 316.717
1408, 0.00224079, 7.09862e-11, 2.06659e-11, 0, 1.30643e-08, 8.19556e-09, 0, 0, 2.13515e-08, 3.31032e-07, 4.71847e-10, 6.10093, 0.90776, 0.000147741, 316.911
1409, 0.00198201, 7.30933e-11, 2.09916e-11, 0, 1.17461e-08, 7.35852e-09, 0, 0, 1.91987e-08, 2.92629e-07, 4.40458e-10, 6.22364, 0.90798, 0.000147643, 315.68
1410, 0.00213809, 7.31606e-11, 2.25437e-11, 0, 1.45778e-08, 8.95875e-09, 0, 0, 2.36322e-08, 3.15365e-07, 6.55744e-10, 6.14784, 0.9082, 0.000147545, 317.531
1411, 0.00364554, 6.96175e-11, 2.60491e-11, 0, 3.28053e-08, 1.95012e-08, 0, 0, 5.24022e-08, 5.37289e-07, 1.84618e-09, 5.61425, 0.90842, 0.000147445, 325.406
1412, 0.00608098, 6.73452e-11, 2.8459e-11, 0, 6.78599e-08, 3.94081e-08, 0, 0, 1.07364e-07, 8.95783e-07, 4.33388e-09, 5.10259, 0.908641, 0.000147346, 332.831
1413, 0.0070551, 6.98438e-11, 2.82272e-11, 0, 8.57109e-08, 4.93165e-08, 0, 0, 1.35125e-07, 1.03895e-06, 5.72937e-09, 4.954, 0.908861, 0.000147241, 335.152
1414, 0.00515889, 7.70339e-11, 2.5857e-11, 0, 6.23385e-08, 3.58585e-08, 0, 0, 9.82999e-08, 7.59068e-07, 4.21455e-09, 5.26703, 0.909081, 0.000147118, 331.482
1415, 0.00504347, 7.83609e-11, 2.67957e-11, 0, 6.25848e-08, 3.59287e-08, 0, 0, 9.86187e-08, 7.39618e-07, 4.39629e-09, 5.28966, 0.9093, 0.000146929, 331.321
1416, 0.00811848, 7.18838e-11, 3.18159e-11, 0, 1.0356e-07, 5.9441e-08, 0, 0, 1.63105e-07, 1.18827e-06, 7.35548e-09, 4.81361, 0.90952, 0.000146678, 336.645
1417, 0.00919566, 7.02866e-11, 3.43008e-11, 0, 1.11229e-07, 6.44418e-08, 0, 0, 1.75775e-07, 1.34597e-06, 7.62389e-09, 4.68902, 0.90974, 0.000146579, 337.283
1418, 0.00732173, 7.70331e-11, 3.24118e-11, 0, 8.1654e-08, 4.79723e-08, 0, 0, 1.29736e-07, 1.07286e-06, 5.28893e-09, 4.91691, 0.909961, 0.000146638, 333.717
1419, 0.00524723, 8.49421e-11, 2.99422e-11, 0, 5.63859e-08, 3.33691e-08, 0, 0, 8.98698e-08, 7.69344e-07, 3.5749e-09, 5.25006, 0.91018, 0.00014663, 329.541
1420, 0.00573364, 8.52685e-11, 3.15202e-11, 0, 6.53188e-08, 3.83845e-08, 0, 0, 1.0382e-07, 8.40042e-07, 4.39116e-09, 5.1614, 0.910399, 0.00014655, 330.899
1421, 0.00922586, 7.93818e-11, 3.6084e-11, 0, 1.19504e-07, 6.9052e-08, 0, 0, 1.88671e-07, 1.35085e-06, 8.79618e-09, 4.68574, 0.91062, 0.000146462, 337.285
1422, 0.0119252, 7.71149e-11, 3.86512e-11, 0, 1.67725e-07, 9.59536e-08, 0, 0, 2.63794e-07, 1.74541e-06, 1.30108e-08, 4.42911, 0.910841, 0.000146369, 340.893
1423, 0.0113675, 8.17147e-11, 3.79351e-11, 0, 1.61277e-07, 9.22597e-08, 0, 0, 2.53656e-07, 1.66288e-06, 1.26415e-08, 4.477, 0.91106, 0.00014627, 340.245
1424, 0.0114206, 8.4275e-11, 3.8301e-11, 0, 1.60782e-07, 9.21919e-08, 0, 0, 2.53097e-07, 1.66927e-06, 1.26055e-08, 4.47234, 0.91128, 0.000146157, 340.021
1425, 0.0130052, 8.26054e-11, 4.09419e-11, 0, 1.89469e-07, 1.08261e-07, 0, 0, 2.97854e-07, 1.89961e-06, 1.52584e-08, 4.34241, 0.911499, 0.000146023, 341.695
1426, 0.0138581, 8.21653e-11, 4.31367e-11, 0, 2.11312e-07, 1.20058e-07, 0, 0, 3.31496e-07, 2.02301e-06, 1.76572e-08, 4.27888, 0.91172, 0.000145914, 342.737
1427, 0.0124495, 8.52931e-11, 4.38532e-11, 0, 1.87104e-07, 1.06352e-07, 0, 0, 2.93585e-07, 1.81646e-06, 1.57326e-08, 4.38607, 0.91194, 0.000145848, 341.131
1428, 0.0105109, 8.99023e-11, 4.38257e-11, 0, 1.50693e-07, 8.60925e-08, 0, 0, 2.36919e-07, 1.53236e-06, 1.2617e-08, 4.55534, 0.91216, 0.000145772, 338.476
1429, 0.0134922, 8.86613e-11, 4.57498e-11, 0, 2.12324e-07, 1.20002e-07, 0, 0, 3.3246e-07, 1.96522e-06, 1.87666e-08, 4.30565, 0.91238, 0.000145672, 342.174
1430, 0.0175253, 8.60359e-11, 4.81336e-11, 0, 2.97909e-07, 1.66482e-07, 0, 0, 4.64524e-07, 2.55153e-06, 2.73698e-08, 4.04411, 0.9126, 0.000145548, 345.908
1431, 0.0150628, 9.19659e-11, 4.75124e-11, 0, 2.52397e-07, 1.40598e-07, 0, 0, 3.93134e-07, 2.19208e-06, 2.33209e-08, 4.19553, 0.91282, 0.000145424, 343.736
1432, 0.0106327, 9.98446e-11, 4.64812e-11, 0, 1.55269e-07, 8.73282e-08, 0, 0, 2.42743e-07, 1.54602e-06, 1.36671e-08, 4.54382, 0.91304, 0.000145347, 337.965
1433, 0.0111024, 9.94938e-11, 4.891e-11, 0, 1.48032e-07, 8.4252e-08, 0, 0, 2.32433e-07, 1.6127e-06, 1.23757e-08, 4.50059, 0.91326, 0.000145253, 337.276
1434, 0.0127863, 9.77334e-11, 5.1869e-11, 0, 1.70962e-07, 9.76737e-08, 0, 0, 2.68785e-07, 1.85638e-06, 1.42522e-08, 4.35938, 0.91348, 0.000145156, 338.734
1435, 0.0139069, 9.74764e-11, 5.4104e-11, 0, 1.89282e-07, 1.08088e-07, 0, 0, 2.97521e-07, 2.01836e-06, 1.59517e-08, 4.27537, 0.913701, 0.00014511, 339.703
1436, 0.0138562, 9.96897e-11, 5.53243e-11, 0, 1.90146e-07, 1.08343e-07, 0, 0, 2.98643e-07, 2.01014e-06, 1.61983e-08, 4.27902, 0.91392, 0.000145055, 339.55
1437, 0.0120258, 1.0683e-10, 5.43236e-11, 0, 1.62628e-07, 9.29178e-08, 0, 0, 2.55707e-07, 1.74284e-06, 1.39477e-08, 4.4207, 0.91414, 0.000144945, 337.578
1438, 0.012594, 1.09696e-10, 5.50123e-11, 0, 1.76651e-07, 1.01162e-07, 0, 0, 2.77978e-07, 1.82069e-06, 1.56816e-08, 4.37454, 0.91436, 0.000144735, 338.335
1439, 0.0152802, 1.06643e-10, 5.85182e-11, 0, 2.20741e-07, 1.26448e-07, 0, 0, 3.47355e-07, 2.1972e-06, 1.99905e-08, 4.18119, 0.91458, 0.000144208, 340.707
1440, 0.0159477, 1.0624e-10, 6.12638e-11, 0, 2.21246e-07, 1.27288e-07, 0, 0, 3.48702e-07, 2.27246e-06, 1.97272e-08, 4.13844, 0.9148, 0.000143335, 340.556
1441, 0.0149453, 1.09496e-10, 6.24659e-11, 0, 1.91854e-07, 1.11404e-07, 0, 0, 3.0343e-07, 2.1177e-06, 1.64755e-08, 4.20336, 0.91502, 0.000142809, 338.754
1442, 0.0150971, 1.12804e-10, 6.32414e-11, 0, 1.92909e-07, 1.12412e-07, 0, 0, 3.05497e-07, 2.13877e-06, 1.65787e-08, 4.19325, 0.915239, 0.000142587, 338.637
1443, 0.017613, 1.1266e-10, 6.52357e-11, 0, 2.45504e-07, 1.41972e-07, 0, 0, 3.87653e-07, 2.49609e-06, 2.22319e-08, 4.03912, 0.91546, 0.000142472, 341.2
1444, 0.0186909, 1.14792e-10, 6.65315e-11, 0, 2.72164e-07, 1.56994e-07, 0, 0, 4.29339e-07, 2.65391e-06, 2.52801e-08, 3.97972, 0.91568, 0.000142715, 342.201
1445, 0.0157569, 1.25926e-10, 6.40865e-11, 0, 2.25494e-07, 1.30631e-07, 0, 0, 3.56314e-07, 2.24519e-06, 2.08695e-08, 4.15048, 0.9159, 0.000143098, 339.828
1446, 0.0146323, 1.31689e-10, 6.41624e-11, 0, 2.11713e-07, 1.22545e-07, 0, 0, 3.34454e-07, 2.09528e-06, 1.99645e-08, 4.22453, 0.91612, 0.000143464, 338.901
1447, 0.0194797, 1.22264e-10, 7.09261e-11, 0, 3.1227e-07, 1.78584e-07, 0, 0, 4.91047e-07, 2.79661e-06, 3.13349e-08, 3.93838, 0.91634, 0.000143675, 343.196
1448, 0.0249709, 1.13256e-10, 7.71157e-11, 0, 4.26663e-07, 2.42454e-07, 0, 0, 6.69308e-07, 3.58843e-06, 4.42114e-08, 3.69005, 0.916558, 0.000143753, 346.707
1449, 0.0238453, 1.19059e-10, 7.74445e-11, 0, 4.02597e-07, 2.29239e-07, 0, 0, 6.32032e-07, 3.42818e-06, 4.15458e-08, 3.73617, 0.916768, 0.000143761, 345.818
1450, 0.016871, 1.38212e-10, 7.2647e-11, 0, 2.66072e-07, 1.52758e-07, 0, 0, 4.19041e-07, 2.42506e-06, 2.66887e-08, 4.08216, 0.916949, 0.000143699, 340.743
1451, 0.014053, 1.47678e-10, 7.16663e-11, 0, 2.08304e-07, 1.20717e-07, 0, 0, 3.2924e-07, 2.01766e-06, 2.03704e-08, 4.26492, 0.917088, 0.000143595, 337.751
1452, 0.0192153, 1.38324e-10, 7.8018e-11, 0, 3.00862e-07, 1.73392e-07, 0, 0, 4.7447e-07, 2.75282e-06, 3.0504e-08, 3.95205, 0.917199, 0.000143412, 341.813
1453, 0.0267483, 1.26198e-10, 8.49246e-11, 0, 4.56727e-07, 2.60481e-07, 0, 0, 7.17419e-07, 3.8106e-06, 4.88144e-08, 3.62128, 0.9173, 0.000142875, 346.562
1454, 0.0306788, 1.22406e-10, 8.87706e-11, 0, 5.42258e-07, 3.07982e-07, 0, 0, 8.50451e-07, 4.32863e-06, 5.94355e-08, 3.48418, 0.9174, 0.000141837, 348.44
1455, 0.0295921, 1.27036e-10, 9.01267e-11, 0, 5.11488e-07, 2.9164e-07, 0, 0, 8.03345e-07, 4.15759e-06, 5.5872e-08, 3.52025, 0.9175, 0.000141381, 347.545
1456, 0.0302442, 1.28343e-10, 9.26167e-11, 0, 5.28494e-07, 3.02113e-07, 0, 0, 8.30828e-07, 4.28653e-06, 5.8183e-08, 3.49845, 0.9176, 0.00014208, 347.759
1457, 0.0336584, 1.26028e-10, 9.59425e-11, 0, 6.20345e-07, 3.53234e-07, 0, 0, 9.738e-07, 4.80513e-06, 7.02029e-08, 3.39149, 0.917701, 0.000142776, 349.516
1458, 0.0368054, 1.24791e-10, 9.87094e-11, 0, 7.07832e-07, 4.01107e-07, 0, 0, 1.10916e-06, 5.26572e-06, 8.21238e-08, 3.30211, 0.9178, 0.000143055, 350.936
1459, 0.036874, 1.27706e-10, 1.00656e-10, 0, 7.09774e-07, 4.02016e-07, 0, 0, 1.11202e-06, 5.2816e-06, 8.28489e-08, 3.30025, 0.9179, 0.000143233, 350.77
1460, 0.0322934, 1.37877e-10, 1.00985e-10, 0, 5.87858e-07, 3.3521e-07, 0, 0, 9.23307e-07, 4.62812e-06, 6.72397e-08, 3.43289, 0.918, 0.00014332, 348.268
1461, 0.0292731, 1.45081e-10, 1.0239e-10, 0, 5.06971e-07, 2.91337e-07, 0, 0, 7.98556e-07, 4.19371e-06, 5.69845e-08, 3.53109, 0.9181, 0.000143264, 346.295
1462, 0.0296855, 1.47737e-10, 1.04741e-10, 0, 5.25153e-07, 3.01496e-07, 0, 0, 8.26902e-07, 4.24966e-06, 6.01113e-08, 3.5171, 0.9182, 0.000143133, 346.525
1463, 0.030435, 1.52416e-10, 1.05771e-10, 0, 5.61184e-07, 3.20809e-07, 0, 0, 8.82251e-07, 4.35031e-06, 6.59688e-08, 3.49216, 0.918301, 0.000142931, 347.122
1464, 0.0322297, 1.56091e-10, 1.06794e-10, 0, 6.14863e-07, 3.50434e-07, 0, 0, 9.6556e-07, 4.60014e-06, 7.37159e-08, 3.43487, 0.918401, 0.000142777, 348.036
1465, 0.0298258, 1.65896e-10, 1.06846e-10, 0, 5.52078e-07, 3.15947e-07, 0, 0, 8.68298e-07, 4.25729e-06, 6.55092e-08, 3.51238, 0.9185, 0.000142789, 346.537
1466, 0.023494, 1.79272e-10, 1.07286e-10, 0, 3.83786e-07, 2.23008e-07, 0, 0, 6.07081e-07, 3.35488e-06, 4.31699e-08, 3.75101, 0.9186, 0.000142811, 342.023
1467, 0.0219878, 1.82609e-10, 1.10651e-10, 0, 3.30723e-07, 1.94568e-07, 0, 0, 5.25584e-07, 3.13829e-06, 3.5904e-08, 3.81727, 0.9187, 0.000142744, 340.121
1468, 0.0253143, 1.78348e-10, 1.15522e-10, 0, 3.99787e-07, 2.34235e-07, 0, 0, 6.34316e-07, 3.61085e-06, 4.48382e-08, 3.67638, 0.9188, 0.000142651, 342.161
1469, 0.0245825, 1.85284e-10, 1.16701e-10, 0, 3.90112e-07, 2.28403e-07, 0, 0, 6.18816e-07, 3.5051e-06, 4.41632e-08, 3.70572, 0.9189, 0.000142568, 341.674
1470, 0.0190744, 2.0496e-10, 1.13801e-10, 0, 2.80334e-07, 1.65577e-07, 0, 0, 4.4623e-07, 2.71819e-06, 3.07294e-08, 3.95941, 0.919, 0.00014248, 337.63
1471, 0.0164287, 2.17118e-10, 1.1351e-10, 0, 2.25845e-07, 1.34799e-07, 0, 0, 3.60975e-07, 2.33912e-06, 2.39909e-08, 4.10873, 0.9191, 0.000142386, 334.99
1472, 0.0188627, 2.1545e-10, 1.17823e-10, 0, 2.71203e-07, 1.61431e-07, 0, 0, 4.32966e-07, 2.68318e-06, 2.97182e-08, 3.97057, 0.9192, 0.000142286, 336.9
1473, 0.0248154, 2.05419e-10, 1.24547e-10, 0, 4.03658e-07, 2.36875e-07, 0, 0, 6.40863e-07, 3.52582e-06, 4.77204e-08, 3.69629, 0.9193, 0.000142156, 341.325
1474, 0.0330386, 1.909e-10, 1.32311e-10, 0, 6.06301e-07, 3.50876e-07, 0, 0, 9.575e-07, 4.68993e-06, 7.65032e-08, 3.41008, 0.9194, 0.000142013, 345.989
1475, 0.0364254, 1.87302e-10, 1.37293e-10, 0, 6.9303e-07, 3.99573e-07, 0, 0, 1.09293e-06, 5.16901e-06, 8.92487e-08, 3.31249, 0.9195, 0.0001419, 347.425
1476, 0.0318994, 2.00217e-10, 1.38434e-10, 0, 5.72454e-07, 3.32558e-07, 0, 0, 9.05351e-07, 4.52311e-06, 7.22317e-08, 3.44517, 0.9196, 0.000141715, 344.918
1477, 0.027821, 2.14036e-10, 1.38767e-10, 0, 4.64005e-07, 2.72399e-07, 0, 0, 7.36757e-07, 3.93057e-06, 5.69734e-08, 3.58196, 0.9197, 0.000141339, 342.23
1478, 0.0285936, 2.18311e-10, 1.41226e-10, 0, 4.82867e-07, 2.83445e-07, 0, 0, 7.66671e-07, 4.0175e-06, 6.01134e-08, 3.55457, 0.9198, 0.000140934, 342.518
1479, 0.0298046, 2.2002e-10, 1.45057e-10, 0, 5.12717e-07, 3.00652e-07, 0, 0, 8.13734e-07, 4.18508e-06, 6.46805e-08, 3.51309, 0.9199, 0.000140914, 343.047
1480, 0.0287205, 2.28406e-10, 1.46805e-10, 0, 4.90907e-07, 2.8853e-07, 0, 0, 7.79812e-07, 4.04605e-06, 6.20453e-08, 3.55014, 0.92, 0.000141178, 342.342
1481, 0.0301837, 2.31608e-10, 1.49509e-10, 0, 5.30997e-07, 3.11525e-07, 0, 0, 8.42904e-07, 4.25973e-06, 6.84316e-08, 3.50045, 0.9201, 0.000141272, 343.091
1482, 0.0347302, 2.24312e-10, 1.55843e-10, 0, 6.39531e-07, 3.73438e-07, 0, 0, 1.01335e-06, 4.90158e-06, 8.46371e-08, 3.36015, 0.9202, 0.00014122, 345.146
1483, 0.0391647, 2.15091e-10, 1.63419e-10, 0, 7.39681e-07, 4.30606e-07, 0, 0, 1.17067e-06, 5.52296e-06, 9.96101e-08, 3.23998, 0.9203, 0.000141077, 346.733
1484, 0.0395563, 2.16697e-10, 1.68304e-10, 0, 7.40761e-07, 4.31882e-07, 0, 0, 1.17303e-06, 5.57318e-06, 9.9963e-08, 3.23003, 0.9204, 0.000140894, 346.567
1485, 0.0375075, 2.25796e-10, 1.71115e-10, 0, 6.84961e-07, 4.0128e-07, 0, 0, 1.08664e-06, 5.28165e-06, 9.18557e-08, 3.28321, 0.9205, 0.000140724, 345.43
1486, 0.035067, 2.36102e-10, 1.73625e-10, 0, 6.15793e-07, 3.62868e-07, 0, 0, 9.79071e-07, 4.92165e-06, 8.16397e-08, 3.3505, 0.9206, 0.000140321, 343.961
1487, 0.0340969, 2.42847e-10, 1.76895e-10, 0, 5.79464e-07, 3.42457e-07, 0, 0, 9.22341e-07, 4.72522e-06, 7.672e-08, 3.37855, 0.9207, 0.000139044, 343.043
1488, 0.0382463, 2.39324e-10, 1.81551e-10, 0, 6.80876e-07, 3.99939e-07, 0, 0, 1.08124e-06, 5.24649e-06, 9.33135e-08, 3.26371, 0.9208, 0.000137678, 344.797
1489, 0.0448468, 2.32654e-10, 1.85878e-10, 0, 8.69291e-07, 5.06765e-07, 0, 0, 1.37647e-06, 6.20777e-06, 1.23872e-07, 3.1045, 0.9209, 0.00013841, 347.599
1490, 0.0497224, 2.3036e-10, 1.89375e-10, 0, 1.02603e-06, 5.95334e-07, 0, 0, 1.62179e-06, 6.96118e-06, 1.50138e-07, 3.0013, 0.921, 0.000139931, 349.47
1491, 0.0505783, 2.33775e-10, 1.93351e-10, 0, 1.05594e-06, 6.12545e-07, 0, 0, 1.66891e-06, 7.10585e-06, 1.55803e-07, 2.98423, 0.9211, 0.000140482, 349.64
1492, 0.0495159, 2.37429e-10, 1.98829e-10, 0, 1.00993e-06, 5.8764e-07, 0, 0, 1.598e-06, 6.95765e-06, 1.4853e-07, 3.00546, 0.9212, 0.000140514, 348.899
1493, 0.0508848, 2.36752e-10, 2.04568e-10, 0, 1.03776e-06, 6.04008e-07, 0, 0, 1.64222e-06, 7.14815e-06, 1.5373e-07, 2.97819, 0.9213, 0.00014048, 349.053
1494, 0.0521367, 2.39534e-10, 2.08884e-10, 0, 1.07548e-06, 6.25751e-07, 0, 0, 1.70168e-06, 7.32173e-06, 1.60914e-07, 2.95389, 0.9214, 0.00014044, 349.312
1495, 0.0515704, 2.47548e-10, 2.12229e-10, 0, 1.0626e-06, 6.1909e-07, 0, 0, 1.68215e-06, 7.2296e-06, 1.59779e-07, 2.96481, 0.9215, 0.000140252, 348.974
1496, 0.0525099, 2.53301e-10, 2.15347e-10, 0, 1.09329e-06, 6.36622e-07, 0, 0, 1.73038e-06, 7.31685e-06, 1.66556e-07, 2.94675, 0.9216, 0.000139587, 349.141
1497, 0.0552707, 2.54155e-10, 2.19363e-10, 0, 1.1741e-06, 6.82424e-07, 0, 0, 1.857e-06, 7.65817e-06, 1.81914e-07, 2.89551, 0.9217, 0.000138891, 349.847
1498, 0.057072, 2.54753e-10, 2.24469e-10, 0, 1.2234e-06, 7.11062e-07, 0, 0, 1.93494e-06, 7.92642e-06, 1.91168e-07, 2.86344, 0.921796, 0.000139104, 350.18
1499, 0.0587294, 2.55681e-10, 2.29499e-10, 0, 1.26489e-06, 7.35146e-07, 0, 0, 2.00052e-06, 8.16718e-06, 1.99093e-07, 2.83481, 0.921873, 0.000139226, 350.415
1500, 0.0612822, 2.56427e-10, 2.3387e-10, 0, 1.33392e-06, 7.7434e-07, 0, 0, 2.10875e-06, 8.47341e-06, 2.12535e-07, 2.79227, 0.921881, 0.000138467, 350.899
1501, 0.0625842, 2.60488e-10, 2.38058e-10, 0, 1.37253e-06, 7.9676e-07, 0, 0, 2.16978e-06, 8.62006e-06, 2.20721e-07, 2.77124, 0.921792, 0.000137904, 351.075
1502, 0.0606986, 2.6995e-10, 2.42909e-10, 0, 1.3056e-06, 7.59866e-07, 0, 0, 2.06598e-06, 8.30583e-06, 2.0983e-07, 2.80183, 0.921637, 0.000136997, 350.255
1503, 0.0563795, 2.8311e-10, 2.48547e-10, 0, 1.14885e-06, 6.72033e-07, 0, 0, 1.82141e-06, 7.59245e-06, 1.82733e-07, 2.87565, 0.921459, 0.000134858, 348.459
1504, 0.053884, 2.9311e-10, 2.5399e-10, 0, 1.05814e-06, 6.2125e-07, 0, 0, 1.67993e-06, 7.16659e-06, 1.6772e-07, 2.92092, 0.92128, 0.000132898, 347.247
1505, 0.0574804, 2.92316e-10, 2.58428e-10, 0, 1.17732e-06, 6.89223e-07, 0, 0, 1.86709e-06, 7.71235e-06, 1.9052e-07, 2.85631, 0.921099, 0.000133416, 348.394
1506, 0.0633185, 2.87939e-10, 2.62388e-10, 0, 1.37998e-06, 8.04725e-07, 0, 0, 2.18526e-06, 8.66371e-06, 2.28241e-07, 2.75958, 0.92092, 0.000136167, 350.214
1507, 0.0647595, 2.9198e-10, 2.67156e-10, 0, 1.43461e-06, 8.36619e-07, 0, 0, 2.27179e-06, 8.93271e-06, 2.39088e-07, 2.73707, 0.92074, 0.000137591, 350.523
1508, 0.0619804, 3.03564e-10, 2.72976e-10, 0, 1.33803e-06, 7.83017e-07, 0, 0, 2.12162e-06, 8.51116e-06, 2.22285e-07, 2.78094, 0.92056, 0.000136855, 349.456
1509, 0.0612213, 3.11044e-10, 2.78541e-10, 0, 1.30559e-06, 7.6566e-07, 0, 0, 2.07184e-06, 8.38457e-06, 2.1743e-07, 2.79326, 0.92038, 0.000136452, 348.963
1510, 0.0644015, 3.10898e-10, 2.83428e-10, 0, 1.40299e-06, 8.21994e-07, 0, 0, 2.22558e-06, 8.86343e-06, 2.3649e-07, 2.74262, 0.9202, 0.000137349, 349.69
1511, 0.0668011, 3.1247e-10, 2.88555e-10, 0, 1.473e-06, 8.62869e-07, 0, 0, 2.33647e-06, 9.21357e-06, 2.50483e-07, 2.70604, 0.92002, 0.000137859, 350.126
1512, 0.0668489, 3.18951e-10, 2.94243e-10, 0, 1.46275e-06, 8.58034e-07, 0, 0, 2.32139e-06, 9.17765e-06, 2.49684e-07, 2.70532, 0.91984, 0.000137222, 349.854
1513, 0.0658642, 3.27412e-10, 3.00348e-10, 0, 1.40939e-06, 8.28814e-07, 0, 0, 2.23883e-06, 8.94866e-06, 2.40725e-07, 2.72016, 0.91966, 0.000135694, 349.2
1514, 0.0659906, 3.33853e-10, 3.06193e-10, 0, 1.40219e-06, 8.25785e-07, 0, 0, 2.22861e-06, 8.92907e-06, 2.40617e-07, 2.71824, 0.91948, 0.000135081, 348.953
1515, 0.0672949, 3.38411e-10, 3.11672e-10, 0, 1.45375e-06, 8.55929e-07, 0, 0, 2.31032e-06, 9.16717e-06, 2.51838e-07, 2.69867, 0.9193, 0.000136077, 349.227
1516, 0.0674914, 3.45168e-10, 3.17667e-10, 0, 1.4622e-06, 8.61745e-07, 0, 0, 2.32461e-06, 9.22365e-06, 2.54595e-07, 2.69576, 0.91912, 0.000136613, 349.118
1517, 0.0669024, 3.53363e-10, 3.24119e-10, 0, 1.43245e-06, 8.46087e-07, 0, 0, 2.27921e-06, 9.12194e-06, 2.49828e-07, 2.70452, 0.91894, 0.000136316, 348.677
1518, 0.0670848, 3.60259e-10, 3.30396e-10, 0, 1.42252e-06, 8.41558e-07, 0, 0, 2.26477e-06, 9.08903e-06, 2.49075e-07, 2.7018, 0.91876, 0.000135485, 348.408
1519, 0.0679075, 3.66093e-10, 3.36496e-10, 0, 1.42695e-06, 8.44849e-07, 0, 0, 2.2725e-06, 9.09043e-06, 2.51449e-07, 2.68961, 0.91858, 0.000133905, 348.265
1520, 0.0694016, 3.70775e-10, 3.42344e-10, 0, 1.47205e-06, 8.71226e-07, 0, 0, 2.34399e-06, 9.2737e-06, 2.61986e-07, 2.66785, 0.9184, 0.000133622, 348.475
1521, 0.0709261, 3.75538e-10, 3.48236e-10, 0, 1.54003e-06, 9.10938e-07, 0, 0, 2.45169e-06, 9.58631e-06, 2.76867e-07, 2.64612, 0.91822, 0.000135134, 348.865
1522, 0.0718163, 3.81595e-10, 3.54513e-10, 0, 1.57865e-06, 9.34039e-07, 0, 0, 2.51343e-06, 9.77387e-06, 2.85908e-07, 2.63364, 0.91804, 0.000136089, 348.998
1523, 0.0721888, 3.88761e-10, 3.6116e-10, 0, 1.5877e-06, 9.40306e-07, 0, 0, 2.52875e-06, 9.82714e-06, 2.89078e-07, 2.62847, 0.91786, 0.00013613, 348.889
1524, 0.0719711, 3.97181e-10, 3.68256e-10, 0, 1.5683e-06, 9.30515e-07, 0, 0, 2.49958e-06, 9.76505e-06, 2.86378e-07, 2.63149, 0.917681, 0.000135675, 348.553
1525, 0.0715441, 4.06086e-10, 3.75599e-10, 0, 1.52857e-06, 9.08879e-07, 0, 0, 2.43823e-06, 9.60061e-06, 2.79671e-07, 2.63744, 0.9175, 0.000134177, 348.048
1526, 0.0714111, 4.1458e-10, 3.82896e-10, 0, 1.49307e-06, 8.89185e-07, 0, 0, 2.38306e-06, 9.42633e-06, 2.74126e-07, 2.6393, 0.91732, 0.000131971, 347.568
1527, 0.0717463, 4.22383e-10, 3.90042e-10, 0, 1.50099e-06, 8.94648e-07, 0, 0, 2.39645e-06, 9.46854e-06, 2.77207e-07, 2.63462, 0.91714, 0.000131924, 347.454
1528, 0.0724176, 4.29673e-10, 3.97128e-10, 0, 1.54299e-06, 9.20153e-07, 0, 0, 2.46398e-06, 9.69446e-06, 2.86938e-07, 2.62531, 0.91696, 0.000133834, 347.625
1529, 0.0728578, 4.37518e-10, 4.04485e-10, 0, 1.56537e-06, 9.34437e-07, 0, 0, 2.50065e-06, 9.82875e-06, 2.9272e-07, 2.61925, 0.91678, 0.000134896, 347.629
1530, 0.0729708, 4.46129e-10, 4.12156e-10, 0, 1.564e-06, 9.34925e-07, 0, 0, 2.49978e-06, 9.84927e-06, 2.93734e-07, 2.6177, 0.9166, 0.000134976, 347.44
1531, 0.0731345, 4.54733e-10, 4.19881e-10, 0, 1.56224e-06, 9.34798e-07, 0, 0, 2.49791e-06, 9.85727e-06, 2.94821e-07, 2.61545, 0.91642, 0.000134785, 347.245
1532, 0.0736107, 4.6272e-10, 4.27491e-10, 0, 1.56896e-06, 9.39094e-07, 0, 0, 2.50894e-06, 9.88505e-06, 2.97959e-07, 2.60897, 0.91624, 0.000134293, 347.117
1533, 0.0740076, 4.70934e-10, 4.35267e-10, 0, 1.55879e-06, 9.33331e-07, 0, 0, 2.49303e-06, 9.8189e-06, 2.97759e-07, 2.60359, 0.91606, 0.000132682, 346.85
1534, 0.0740017, 4.80205e-10, 4.43451e-10, 0, 1.52097e-06, 9.11596e-07, 0, 0, 2.43349e-06, 9.62258e-06, 2.91706e-07, 2.60367, 0.91588, 0.000130049, 346.357
1535, 0.0739428, 4.89951e-10, 4.51857e-10, 0, 1.50699e-06, 9.0444e-07, 0, 0, 2.41238e-06, 9.5776e-06, 2.90117e-07, 2.60446, 0.9157, 0.000129549, 346.061
1536, 0.0741829, 4.99501e-10, 4.60264e-10, 0, 1.53647e-06, 9.23244e-07, 0, 0, 2.46067e-06, 9.76666e-06, 2.97203e-07, 2.60122, 0.91552, 0.00013166, 346.131
1537, 0.0746438, 5.08894e-10, 4.68679e-10, 0, 1.56821e-06, 9.43236e-07, 0, 0, 2.51242e-06, 9.94109e-06, 3.04969e-07, 2.59503, 0.915339, 0.000133179, 346.214
1538, 0.0750342, 5.184e-10, 4.77241e-10, 0, 1.58284e-06, 9.5285e-07, 0, 0, 2.53669e-06, 1.002e-05, 3.09439e-07, 2.58981, 0.91516, 0.000133538, 346.153
1539, 0.0751736, 5.28315e-10, 4.86082e-10, 0, 1.58167e-06, 9.53037e-07, 0, 0, 2.53572e-06, 1.00353e-05, 3.10651e-07, 2.58795, 0.91498, 0.000133494, 345.965
1540, 0.0752617, 5.38515e-10, 4.95107e-10, 0, 1.57675e-06, 9.51005e-07, 0, 0, 2.52879e-06, 1.00326e-05, 3.11064e-07, 2.58678, 0.9148, 0.000133303, 345.747
1541, 0.0754009, 5.49013e-10, 5.04274e-10, 0, 1.57275e-06, 9.49646e-07, 0, 0, 2.52345e-06, 1.00256e-05, 3.11608e-07, 2.58494, 0.91462, 0.000132965, 345.537
1542, 0.0755898, 5.59773e-10, 5.1357e-10, 0, 1.56541e-06, 9.46377e-07, 0, 0, 2.51286e-06, 9.98852e-06, 3.11472e-07, 2.58243, 0.91444, 0.000132141, 345.301
1543, 0.075877, 5.70555e-10, 5.22953e-10, 0, 1.54539e-06, 9.35289e-07, 0, 0, 2.48177e-06, 9.85586e-06, 3.08924e-07, 2.57864, 0.91426, 0.000129873, 344.959
1544, 0.0761753, 5.81485e-10, 5.32498e-10, 0, 1.52183e-06, 9.21985e-07, 0, 0, 2.44493e-06, 9.69849e-06, 3.05709e-07, 2.57472, 0.91408, 0.000127256, 344.587
1545, 0.0765145, 5.92418e-10, 5.42162e-10, 0, 1.53727e-06, 9.32221e-07, 0, 0, 2.47063e-06, 9.78945e-06, 3.10393e-07, 2.57028, 0.9139, 0.000127875, 344.538
1546, 0.076857, 6.03463e-10, 5.51971e-10, 0, 1.57619e-06, 9.5665e-07, 0, 0, 2.53399e-06, 1.00328e-05, 3.19825e-07, 2.56581, 0.91372, 0.000130509, 344.679
1547, 0.0771647, 6.14757e-10, 5.6195e-10, 0, 1.59914e-06, 9.71425e-07, 0, 0, 2.57174e-06, 1.01775e-05, 3.26066e-07, 2.56181, 0.91354, 0.000131888, 344.687
1548, 0.0774514, 6.26278e-10, 5.72071e-10, 0, 1.60788e-06, 9.77572e-07, 0, 0, 2.58665e-06, 1.02334e-05, 3.2946e-07, 2.5581, 0.913361, 0.000132126, 344.579
1549, 0.0776709, 6.38158e-10, 5.82415e-10, 0, 1.61009e-06, 9.79834e-07, 0, 0, 2.59114e-06, 1.02562e-05, 3.31443e-07, 2.55527, 0.913184, 0.000132048, 344.42
1550, 0.0778066, 6.50465e-10, 5.93043e-10, 0, 1.60792e-06, 9.79547e-07, 0, 0, 2.58871e-06, 1.02616e-05, 3.32395e-07, 2.55353, 0.913017, 0.000131886, 344.227
1551, 0.0778956, 6.63118e-10, 6.03917e-10, 0, 1.60355e-06, 9.77997e-07, 0, 0, 2.58281e-06, 1.02585e-05, 3.32819e-07, 2.55239, 0.912864, 0.000131696, 344.017
1552, 0.0780477, 6.75813e-10, 6.14911e-10, 0, 1.60136e-06, 9.77674e-07, 0, 0, 2.58033e-06, 1.02615e-05, 3.33797e-07, 2.55044, 0.912721, 0.000131478, 343.824
1553, 0.0782977, 6.88436e-10, 6.25965e-10, 0, 1.60018e-06, 9.77783e-07, 0, 0, 2.57927e-06, 1.0259e-05, 3.35131e-07, 2.54724, 0.91258, 0.000131028, 343.639
1554, 0.0785297, 7.01329e-10, 6.37191e-10, 0, 1.58655e-06, 9.70308e-07, 0, 0, 2.5582e-06, 1.01794e-05, 3.33808e-07, 2.54428, 0.91244, 0.000129632, 343.354
1555, 0.0787525, 7.14481e-10, 6.48596e-10, 0, 1.55103e-06, 9.4946e-07, 0, 0, 2.50186e-06, 9.96008e-06, 3.27832e-07, 2.54145, 0.9123, 0.000126487, 342.891
1556, 0.0789812, 7.27849e-10, 6.60196e-10, 0, 1.52407e-06, 9.33855e-07, 0, 0, 2.45931e-06, 9.7949e-06, 3.23686e-07, 2.53855, 0.91216, 0.00012402, 342.494
1557, 0.079163, 7.41591e-10, 6.72055e-10, 0, 1.54652e-06, 9.48604e-07, 0, 0, 2.49654e-06, 9.9532e-06, 3.29975e-07, 2.53625, 0.91202, 0.000125724, 342.505
1558, 0.0793036, 7.55696e-10, 6.84156e-10, 0, 1.58343e-06, 9.7228e-07, 0, 0, 2.55715e-06, 1.02098e-05, 3.39286e-07, 2.53447, 0.91188, 0.000128738, 342.631
1559, 0.0794422, 7.70055e-10, 6.96451e-10, 0, 1.59868e-06, 9.827e-07, 0, 0, 2.58284e-06, 1.03276e-05, 3.44e-07, 2.53273, 0.91174, 0.00013, 342.579
1560, 0.0795954, 7.84626e-10, 7.0892e-10, 0, 1.60117e-06, 9.85266e-07, 0, 0, 2.58793e-06, 1.03613e-05, 3.46021e-07, 2.5308, 0.9116, 0.000130174, 342.425
1561, 0.0797221, 7.99539e-10, 7.21642e-10, 0, 1.60024e-06, 9.8575e-07, 0, 0, 2.58751e-06, 1.03759e-05, 3.47261e-07, 2.52921, 0.91146, 0.000130151, 342.244
1562, 0.0798063, 8.14849e-10, 7.34648e-10, 0, 1.59721e-06, 9.84997e-07, 0, 0, 2.58376e-06, 1.03823e-05, 3.47974e-07, 2.52815, 0.91132, 0.000130094, 342.047
1563, 0.0799323, 8.30278e-10, 7.47797e-10, 0, 1.59496e-06, 9.84666e-07, 0, 0, 2.58121e-06, 1.03887e-05, 3.48928e-07, 2.52658, 0.91118, 0.000129969, 341.857
1564, 0.0801243, 8.45746e-10, 7.61056e-10, 0, 1.59473e-06, 9.85493e-07, 0, 0, 2.58183e-06, 1.04001e-05, 3.50443e-07, 2.52418, 0.91104, 0.0001298, 341.682
1565, 0.0803149, 8.61471e-10, 7.74546e-10, 0, 1.59402e-06, 9.86087e-07, 0, 0, 2.58174e-06, 1.04091e-05, 3.51891e-07, 2.5218, 0.9109, 0.000129604, 341.503
1566, 0.0804259, 8.77657e-10, 7.88335e-10, 0, 1.58957e-06, 9.84536e-07, 0, 0, 2.57578e-06, 1.04049e-05, 3.52459e-07, 2.52042, 0.910759, 0.000129372, 341.296
1567, 0.0803414, 8.94506e-10, 8.02531e-10, 0, 1.57572e-06, 9.7729e-07, 0, 0, 2.55471e-06, 1.03656e-05, 3.50769e-07, 2.52147, 0.91062, 0.000129015, 341.015
1568, 0.0798493, 9.12316e-10, 8.17312e-10, 0, 1.53977e-06, 9.56182e-07, 0, 0, 2.49768e-06, 1.0229e-05, 3.43759e-07, 2.52761, 0.91048, 0.000128076, 340.552
1569, 0.0787016, 9.31515e-10, 8.32854e-10, 0, 1.46448e-06, 9.09965e-07, 0, 0, 2.3762e-06, 9.89059e-06, 3.27261e-07, 2.54209, 0.910341, 0.000125583, 339.747
1570, 0.0769745, 9.52102e-10, 8.49141e-10, 0, 1.36524e-06, 8.47777e-07, 0, 0, 2.21482e-06, 9.41866e-06, 3.04699e-07, 2.56428, 0.9102, 0.000122276, 338.688
1571, 0.0752842, 9.73094e-10, 8.65697e-10, 0, 1.30788e-06, 8.10864e-07, 0, 0, 2.12059e-06, 9.19623e-06, 2.91342e-07, 2.58649, 0.91006, 0.000122173, 337.969
1572, 0.0744444, 9.92833e-10, 8.81759e-10, 0, 1.31287e-06, 8.1302e-07, 0, 0, 2.12777e-06, 9.31436e-06, 2.92631e-07, 2.5977, 0.90992, 0.000125152, 337.836
1573, 0.0749524, 1.01013e-09, 8.96806e-10, 0, 1.34832e-06, 8.35467e-07, 0, 0, 2.18569e-06, 9.53638e-06, 3.02116e-07, 2.5909, 0.90978, 0.00012724, 337.996
1574, 0.0766609, 1.02544e-09, 9.11013e-10, 0, 1.4039e-06, 8.72159e-07, 0, 0, 2.27799e-06, 9.80518e-06, 3.17543e-07, 2.56836, 0.90964, 0.000127905, 338.338
1575, 0.0783579, 1.04136e-09, 9.25551e-10, 0, 1.45388e-06, 9.05824e-07, 0, 0, 2.36167e-06, 1.00338e-05, 3.3185e-07, 2.54647, 0.9095, 0.000128051, 338.615
1576, 0.0785739, 1.06057e-09, 9.41734e-10, 0, 1.45613e-06, 9.08169e-07, 0, 0, 2.3663e-06, 1.00582e-05, 3.33763e-07, 2.54372, 0.90936, 0.000128009, 338.465
1577, 0.0777147, 1.08234e-09, 9.5923e-10, 0, 1.42448e-06, 8.88177e-07, 0, 0, 2.3147e-06, 9.9367e-06, 3.26803e-07, 2.55471, 0.90922, 0.000127863, 338.013
1578, 0.0772195, 1.10398e-09, 9.76745e-10, 0, 1.40379e-06, 8.75649e-07, 0, 0, 2.28152e-06, 9.85329e-06, 3.22791e-07, 2.5611, 0.90908, 0.000127613, 337.658
1579, 0.0775822, 1.12413e-09, 9.93666e-10, 0, 1.4097e-06, 8.8067e-07, 0, 0, 2.29249e-06, 9.883e-06, 3.25827e-07, 2.55642, 0.90894, 0.000127405, 337.544
1580, 0.0785318, 1.14309e-09, 1.01016e-09, 0, 1.43478e-06, 8.98132e-07, 0, 0, 2.33507e-06, 1.00014e-05, 3.33927e-07, 2.54425, 0.9088, 0.000127365, 337.6
1581, 0.0796839, 1.16183e-09, 1.02667e-09, 0, 1.46562e-06, 9.19398e-07, 0, 0, 2.3872e-06, 1.01448e-05, 3.43622e-07, 2.52969, 0.90866, 0.000127317, 337.703
1582, 0.0807918, 1.18107e-09, 1.04353e-09, 0, 1.49425e-06, 9.39311e-07, 0, 0, 2.43579e-06, 1.02742e-05, 3.52805e-07, 2.51588, 0.90852, 0.00012717, 337.781
1583, 0.0817594, 1.20097e-09, 1.06081e-09, 0, 1.51866e-06, 9.56376e-07, 0, 0, 2.4773e-06, 1.03798e-05, 3.60889e-07, 2.50397, 0.90838, 0.000126958, 337.82
1584, 0.0825837, 1.22139e-09, 1.07847e-09, 0, 1.53822e-06, 9.69996e-07, 0, 0, 2.51051e-06, 1.04575e-05, 3.6772e-07, 2.49394, 0.90824, 0.000126633, 337.813
1585, 0.0832012, 1.24263e-09, 1.09658e-09, 0, 1.54836e-06, 9.77432e-07, 0, 0, 2.52813e-06, 1.04882e-05, 3.72095e-07, 2.48649, 0.9081, 0.000126062, 337.728
1586, 0.0835817, 1.26495e-09, 1.11526e-09, 0, 1.54305e-06, 9.75084e-07, 0, 0, 2.52051e-06, 1.04399e-05, 3.72487e-07, 2.48193, 0.90796, 0.000124914, 337.516
1587, 0.0838799, 1.28769e-09, 1.13431e-09, 0, 1.51266e-06, 9.56773e-07, 0, 0, 2.47185e-06, 1.02324e-05, 3.66723e-07, 2.47837, 0.90782, 0.000122009, 337.099
1588, 0.0842114, 1.31042e-09, 1.15352e-09, 0, 1.46276e-06, 9.2595e-07, 0, 0, 2.39118e-06, 9.89037e-06, 3.5628e-07, 2.47443, 0.907681, 0.00011747, 336.511
1589, 0.0844791, 1.33374e-09, 1.17318e-09, 0, 1.45141e-06, 9.19571e-07, 0, 0, 2.37348e-06, 9.81693e-06, 3.55179e-07, 2.47125, 0.90754, 0.000116209, 336.245
1590, 0.0846382, 1.35796e-09, 1.19343e-09, 0, 1.49984e-06, 9.51208e-07, 0, 0, 2.4536e-06, 1.01606e-05, 3.68567e-07, 2.46937, 0.9074, 0.000120043, 336.488
1591, 0.0847673, 1.38272e-09, 1.21403e-09, 0, 1.54605e-06, 9.81478e-07, 0, 0, 2.53012e-06, 1.04929e-05, 3.81397e-07, 2.46785, 0.90726, 0.000123781, 336.7
1592, 0.0849128, 1.40777e-09, 1.23486e-09, 0, 1.56286e-06, 9.93122e-07, 0, 0, 2.55862e-06, 1.0625e-05, 3.87084e-07, 2.46613, 0.90712, 0.000125127, 336.669
1593, 0.0850871, 1.43306e-09, 1.25593e-09, 0, 1.5668e-06, 9.96603e-07, 0, 0, 2.56609e-06, 1.06671e-05, 3.89689e-07, 2.46408, 0.90698, 0.000125367, 336.533
1594, 0.0852407, 1.45888e-09, 1.27735e-09, 0, 1.5658e-06, 9.97005e-07, 0, 0, 2.56554e-06, 1.06786e-05, 3.91059e-07, 2.46228, 0.90684, 0.000125277, 336.359
1595, 0.0853775, 1.48517e-09, 1.29913e-09, 0, 1.55911e-06, 9.9383e-07, 0, 0, 2.55573e-06, 1.06539e-05, 3.91007e-07, 2.46067, 0.9067, 0.000124787, 336.139
1596, 0.0854445, 1.51217e-09, 1.32139e-09, 0, 1.54633e-06, 9.86821e-07, 0, 0, 2.53598e-06, 1.05967e-05, 3.89351e-07, 2.45989, 0.90656, 0.000124022, 335.871
1597, 0.0853461, 1.5401e-09, 1.34425e-09, 0, 1.53602e-06, 9.8142e-07, 0, 0, 2.52033e-06, 1.05783e-05, 3.88164e-07, 2.46104, 0.90642, 0.00012395, 335.622
1598, 0.0849449, 1.56903e-09, 1.36782e-09, 0, 1.52233e-06, 9.736e-07, 0, 0, 2.49887e-06, 1.05722e-05, 3.85868e-07, 2.46575, 0.906282, 0.000124459, 335.344
1599, 0.0839273, 1.60007e-09, 1.39258e-09, 0, 1.4847e-06, 9.499e-07, 0, 0, 2.43759e-06, 1.04581e-05, 3.76859e-07, 2.4778, 0.906153, 0.000124588, 334.864
1600, 0.0822551, 1.63383e-09, 1.4187e-09, 0, 1.42469e-06, 9.11039e-07, 0, 0, 2.33878e-06, 1.02263e-05, 3.61364e-07, 2.49793, 0.906056, 0.000124249, 334.179
1601, 0.0804548, 1.66896e-09, 1.4455e-09, 0, 1.36368e-06, 8.70916e-07, 0, 0, 2.23771e-06, 9.96713e-06, 3.45285e-07, 2.52006, 0.906005, 0.000123789, 333.461
1602, 0.0793461, 1.70247e-09, 1.47169e-09, 0, 1.3259e-06, 8.45857e-07, 0, 0, 2.17494e-06, 9.80187e-06, 3.35688e-07, 2.53394, 0.905986, 0.000123497, 332.94
1603, 0.0795511, 1.73176e-09, 1.49615e-09, 0, 1.32736e-06, 8.46924e-07, 0, 0, 2.17751e-06, 9.81764e-06, 3.37418e-07, 2.53136, 0.905976, 0.000123426, 332.786
1604, 0.0811274, 1.757e-09, 1.51884e-09, 0, 1.36798e-06, 8.74676e-07, 0, 0, 2.24593e-06, 1.00118e-05, 3.50726e-07, 2.51173, 0.905968, 0.000123423, 332.999
1605, 0.083197, 1.78167e-09, 1.54126e-09, 0, 1.4191e-06, 9.10209e-07, 0, 0, 2.33263e-06, 1.02346e-05, 3.67477e-07, 2.48654, 0.905959, 0.000123026, 333.299
1606, 0.0840379, 1.81116e-09, 1.5661e-09, 0, 1.43117e-06, 9.19626e-07, 0, 0, 2.35417e-06, 1.0276e-05, 3.72838e-07, 2.47649, 0.905952, 0.000122277, 333.243
1607, 0.083228, 1.84672e-09, 1.59405e-09, 0, 1.39965e-06, 8.99335e-07, 0, 0, 2.30242e-06, 1.01464e-05, 3.6501e-07, 2.48617, 0.905944, 0.000121913, 332.799
1608, 0.0822399, 1.88381e-09, 1.62284e-09, 0, 1.36441e-06, 8.76604e-07, 0, 0, 2.24452e-06, 9.99991e-06, 3.56022e-07, 2.49811, 0.905936, 0.00012161, 332.316
1609, 0.0820786, 1.91868e-09, 1.65071e-09, 0, 1.3375e-06, 8.60109e-07, 0, 0, 2.20117e-06, 9.842e-06, 3.50124e-07, 2.50008, 0.905928, 0.000119972, 331.908
1610, 0.0826637, 1.95123e-09, 1.67765e-09, 0, 1.31029e-06, 8.44086e-07, 0, 0, 2.15801e-06, 9.62598e-06, 3.44885e-07, 2.49297, 0.90592, 0.000116569, 331.496
1611, 0.0837063, 1.98238e-09, 1.70409e-09, 0, 1.2997e-06, 8.39096e-07, 0, 0, 2.14249e-06, 9.49519e-06, 3.44485e-07, 2.48044, 0.905912, 0.000113524, 331.24
1612, 0.0849409, 2.01324e-09, 1.73054e-09, 0, 1.34109e-06, 8.67769e-07, 0, 0, 2.21261e-06, 9.72111e-06, 3.58137e-07, 2.4658, 0.905904, 0.000114432, 331.468
1613, 0.0861123, 2.04495e-09, 1.75753e-09, 0, 1.41166e-06, 9.1524e-07, 0, 0, 2.3307e-06, 1.01568e-05, 3.79572e-07, 2.4521, 0.905896, 0.000117909, 331.942
1614, 0.0870976, 2.07773e-09, 1.78525e-09, 0, 1.46265e-06, 9.49789e-07, 0, 0, 2.4163e-06, 1.04606e-05, 3.95698e-07, 2.44073, 0.905888, 0.000120087, 332.221
1615, 0.0878191, 2.11192e-09, 1.81382e-09, 0, 1.48835e-06, 9.67722e-07, 0, 0, 2.46e-06, 1.06033e-05, 4.04852e-07, 2.43248, 0.90588, 0.000120738, 332.275
1616, 0.0882802, 2.14784e-09, 1.84333e-09, 0, 1.49965e-06, 9.76217e-07, 0, 0, 2.47986e-06, 1.06671e-05, 4.09858e-07, 2.42724, 0.905872, 0.000120833, 332.208
1617, 0.0886315, 2.1847e-09, 1.87346e-09, 0, 1.50571e-06, 9.81179e-07, 0, 0, 2.49095e-06, 1.07033e-05, 4.13346e-07, 2.42327, 0.905864, 0.000120762, 332.096
1618, 0.0889607, 2.22205e-09, 1.90403e-09, 0, 1.51029e-06, 9.85043e-07, 0, 0, 2.49946e-06, 1.07307e-05, 4.16421e-07, 2.41956, 0.905856, 0.000120623, 331.971
1619, 0.0892783, 2.25996e-09, 1.93501e-09, 0, 1.51399e-06, 9.88266e-07, 0, 0, 2.50645e-06, 1.07531e-05, 4.19253e-07, 2.416, 0.905848, 0.000120446, 331.839
1620, 0.0896001, 2.29825e-09, 1.96637e-09, 0, 1.5175e-06, 9.91335e-07, 0, 0, 2.5131e-06, 1.07744e-05, 4.22085e-07, 2.4124, 0.90584, 0.000120251, 331.705
1621, 0.0898625, 2.33747e-09, 1.99841e-09, 0, 1.51881e-06, 9.93064e-07, 0, 0, 2.51621e-06, 1.07882e-05, 4.24278e-07, 2.40947, 0.905832, 0.000120053, 331.554
1622, 0.0900711, 2.37768e-09, 2.03109e-09, 0, 1.51824e-06, 9.93628e-07, 0, 0, 2.51628e-06, 1.07954e-05, 4.25886e-07, 2.40716, 0.905824, 0.000119855, 331.388
1623, 0.0902463, 2.41873e-09, 2.06431e-09, 0, 1.51651e-06, 9.93429e-07, 0, 0, 2.51442e-06, 1.07984e-05, 4.27117e-07, 2.40521, 0.905816, 0.000119655, 331.213
1624, 0.0903941, 2.46065e-09, 2.09817e-09, 0, 1.51381e-06, 9.9261e-07, 0, 0, 2.51098e-06, 1.07979e-05, 4.28027e-07, 2.40358, 0.905808, 0.000119454, 331.03
1625, 0.0905422, 2.50319e-09, 2.13256e-09, 0, 1.51101e-06, 9.91731e-07, 0, 0, 2.50737e-06, 1.07967e-05, 4.28919e-07, 2.40194, 0.9058, 0.000119246, 330.847
1626, 0.0906927, 2.54616e-09, 2.1673e-09, 0, 1.50812e-06, 9.90777e-07, 0, 0, 2.50361e-06, 1.07958e-05, 4.29835e-07, 2.40028, 0.905792, 0.000119038, 330.663
1627, 0.0908203, 2.58987e-09, 2.20254e-09, 0, 1.50445e-06, 9.89297e-07, 0, 0, 2.49854e-06, 1.07928e-05, 4.30513e-07, 2.39887, 0.905785, 0.000118837, 330.472
1628, 0.090932, 2.63448e-09, 2.23845e-09, 0, 1.50031e-06, 9.8753e-07, 0, 0, 2.49271e-06, 1.07878e-05, 4.31022e-07, 2.39764, 0.905776, 0.000118636, 330.279
1629, 0.0910646, 2.67978e-09, 2.27493e-09, 0, 1.49694e-06, 9.86234e-07, 0, 0, 2.48813e-06, 1.07845e-05, 4.31739e-07, 2.39619, 0.905768, 0.000118427, 330.091
1630, 0.0911461, 2.72615e-09, 2.31206e-09, 0, 1.49177e-06, 9.83767e-07, 0, 0, 2.48057e-06, 1.07741e-05, 4.31863e-07, 2.39529, 0.90576, 0.000118207, 329.889
1631, 0.091216, 2.77353e-09, 2.34977e-09, 0, 1.48613e-06, 9.81043e-07, 0, 0, 2.4723e-06, 1.07616e-05, 4.31804e-07, 2.39452, 0.905752, 0.000117979, 329.683
1632, 0.0912734, 2.82185e-09, 2.38814e-09, 0, 1.47978e-06, 9.77895e-07, 0, 0, 2.46289e-06, 1.07454e-05, 4.31503e-07, 2.3939, 0.905743, 0.000117727, 329.472
1633, 0.0913508, 2.87038e-09, 2.4269e-09, 0, 1.47331e-06, 9.74639e-07, 0, 0, 2.45324e-06, 1.07267e-05, 4.31275e-07, 2.39305, 0.905736, 0.000117423, 329.26
1634, 0.091509, 2.91899e-09, 2.46597e-09, 0, 1.47009e-06, 9.73383e-07, 0, 0, 2.44886e-06, 1.07189e-05, 4.32112e-07, 2.39132, 0.905728, 0.000117135, 329.074
1635, 0.091547, 2.96919e-09, 2.50606e-09, 0, 1.46406e-06, 9.70264e-07, 0, 0, 2.4398e-06, 1.07035e-05, 4.3198e-07, 2.3909, 0.90572, 0.000116917, 328.864
1636, 0.0915982, 3.01997e-09, 2.54662e-09, 0, 1.45766e-06, 9.66859e-07, 0, 0, 2.43008e-06, 1.06854e-05, 4.3173e-07, 2.39034, 0.905712, 0.000116655, 328.652
1637, 0.0915714, 3.07201e-09, 2.58795e-09, 0, 1.44699e-06, 9.60591e-07, 0, 0, 2.41324e-06, 1.06449e-05, 4.30101e-07, 2.39064, 0.905704, 0.000116245, 328.403
1638, 0.0915184, 3.12555e-09, 2.63014e-09, 0, 1.43164e-06, 9.51341e-07, 0, 0, 2.38874e-06, 1.05731e-05, 4.26987e-07, 2.39122, 0.905696, 0.000115526, 328.115
1639, 0.0914482, 3.18044e-09, 2.67309e-09, 0, 1.40446e-06, 9.34302e-07, 0, 0, 2.34461e-06, 1.04134e-05, 4.20257e-07, 2.39198, 0.905688, 0.000113866, 327.724
1640, 0.0911772, 3.23636e-09, 2.71693e-09, 0, 1.35021e-06, 8.99067e-07, 0, 0, 2.25522e-06, 1.0074e-05, 4.05309e-07, 2.39495, 0.90568, 0.000110507, 327.087
1641, 0.0913028, 3.29015e-09, 2.76002e-09, 0, 1.31351e-06, 8.75266e-07, 0, 0, 2.19482e-06, 9.8204e-06, 3.95965e-07, 2.39357, 0.905672, 0.000107609, 326.594
1642, 0.0913907, 3.3455e-09, 2.804e-09, 0, 1.32796e-06, 8.8556e-07, 0, 0, 2.21967e-06, 9.94336e-06, 4.01998e-07, 2.39261, 0.905664, 0.000108845, 326.569
1643, 0.0913771, 3.40261e-09, 2.8491e-09, 0, 1.36424e-06, 9.10561e-07, 0, 0, 2.28106e-06, 1.02387e-05, 4.14602e-07, 2.39276, 0.905656, 0.000112064, 326.74
1644, 0.0917535, 3.4593e-09, 2.89407e-09, 0, 1.3943e-06, 9.31528e-07, 0, 0, 2.33218e-06, 1.04445e-05, 4.25538e-07, 2.38865, 0.905648, 0.000113831, 326.848
1645, 0.0917132, 3.52045e-09, 2.94121e-09, 0, 1.39731e-06, 9.34479e-07, 0, 0, 2.33825e-06, 1.04799e-05, 4.27888e-07, 2.38909, 0.90564, 0.000114269, 326.718
1646, 0.0918767, 3.5798e-09, 2.98794e-09, 0, 1.39715e-06, 9.354e-07, 0, 0, 2.33911e-06, 1.04932e-05, 4.29514e-07, 2.38731, 0.905632, 0.000114213, 326.562
1647, 0.0923252, 3.63633e-09, 3.03393e-09, 0, 1.39995e-06, 9.38258e-07, 0, 0, 2.34488e-06, 1.05258e-05, 4.32318e-07, 2.38244, 0.905624, 0.00011401, 326.43
1648, 0.092168, 3.69774e-09, 3.08255e-09, 0, 1.38687e-06, 9.30407e-07, 0, 0, 2.32406e-06, 1.04936e-05, 4.29785e-07, 2.38414, 0.905615, 0.000113853, 326.161
1649, 0.0922696, 3.75964e-09, 3.13142e-09, 0, 1.38287e-06, 9.28665e-07, 0, 0, 2.31843e-06, 1.0492e-05, 4.30178e-07, 2.38304, 0.905608, 0.000113707, 325.97
1650, 0.0924291, 3.82307e-09, 3.18106e-09, 0, 1.38222e-06, 9.28973e-07, 0, 0, 2.3182e-06, 1.04902e-05, 4.31567e-07, 2.38131, 0.9056, 0.000113477, 325.808
1651, 0.0924549, 3.88918e-09, 3.23209e-09, 0, 1.37842e-06, 9.27143e-07, 0, 0, 2.31269e-06, 1.04726e-05, 4.31803e-07, 2.38103, 0.905592, 0.000113245, 325.619
1652, 0.0930637, 3.95281e-09, 3.28212e-09, 0, 1.38922e-06, 9.35256e-07, 0, 0, 2.33171e-06, 1.05222e-05, 4.36906e-07, 2.37447, 0.905584, 0.000113048, 325.558
1653, 0.0934857, 4.01731e-09, 3.33313e-09, 0, 1.39479e-06, 9.39651e-07, 0, 0, 2.34179e-06, 1.05486e-05, 4.40343e-07, 2.36995, 0.905577, 0.000112833, 325.451
1654, 0.0937929, 4.08183e-09, 3.38465e-09, 0, 1.39619e-06, 9.41384e-07, 0, 0, 2.34504e-06, 1.05605e-05, 4.42709e-07, 2.36667, 0.905568, 0.000112595, 325.307
1655, 0.0944023, 4.1451e-09, 3.43575e-09, 0, 1.40364e-06, 9.47645e-07, 0, 0, 2.35886e-06, 1.06062e-05, 4.4733e-07, 2.36019, 0.90556, 0.000112352, 325.219
1656, 0.0946985, 4.21255e-09, 3.48896e-09, 0, 1.40302e-06, 9.48401e-07, 0, 0, 2.35912e-06, 1.0616e-05, 4.49006e-07, 2.35706, 0.905552, 0.000112104, 325.061
1657, 0.0950399, 4.28113e-09, 3.54302e-09, 0, 1.4054e-06, 9.50911e-07, 0, 0, 2.36414e-06, 1.0631e-05, 4.51614e-07, 2.35346, 0.905544, 0.00011186, 324.927
1658, 0.0956446, 4.34791e-09, 3.5967e-09, 0, 1.41542e-06, 9.58375e-07, 0, 0, 2.38174e-06, 1.06756e-05, 4.56962e-07, 2.34712, 0.905537, 0.000111619, 324.858
1659, 0.0960377, 4.41666e-09, 3.65158e-09, 0, 1.41893e-06, 9.61393e-07, 0, 0, 2.38839e-06, 1.06949e-05, 4.6011e-07, 2.34301, 0.905528, 0.000111363, 324.733
1660, 0.096222, 4.48986e-09, 3.70842e-09, 0, 1.41622e-06, 9.60428e-07, 0, 0, 2.38485e-06, 1.06872e-05, 4.60933e-07, 2.3411, 0.90552, 0.000111068, 324.556
1661, 0.0962299, 4.56727e-09, 3.76714e-09, 0, 1.40835e-06, 9.56219e-07, 0, 0, 2.3729e-06, 1.06581e-05, 4.59793e-07, 2.34102, 0.905512, 0.000110757, 324.336
1662, 0.0961808, 4.64489e-09, 3.82657e-09, 0, 1.39937e-06, 9.51194e-07, 0, 0, 2.35904e-06, 1.0629e-05, 4.58379e-07, 2.34153, 0.905504, 0.000110511, 324.106
1663, 0.0962553, 4.72066e-09, 3.88601e-09, 0, 1.39502e-06, 9.48989e-07, 0, 0, 2.35261e-06, 1.06183e-05, 4.58745e-07, 2.34075, 0.905496, 0.000110313, 323.915
1664, 0.0953489, 4.80476e-09, 3.95014e-09, 0, 1.36555e-06, 9.29341e-07, 0, 0, 2.30364e-06, 1.04982e-05, 4.50124e-07, 2.35021, 0.905488, 0.000110097, 323.502
1665, 0.0923914, 4.90749e-09, 4.0236e-09, 0, 1.28208e-06, 8.72813e-07, 0, 0, 2.16382e-06, 1.01506e-05, 4.22104e-07, 2.38172, 0.90548, 0.000109856, 322.588
1666, 0.0905794, 5.0041e-09, 4.09388e-09, 0, 1.22636e-06, 8.35907e-07, 0, 0, 2.07137e-06, 9.92813e-06, 4.04013e-07, 2.40153, 0.905472, 0.000109608, 321.906
1667, 0.0928025, 5.06824e-09, 4.14827e-09, 0, 1.27424e-06, 8.70137e-07, 0, 0, 2.15359e-06, 1.01485e-05, 4.2315e-07, 2.37728, 0.905464, 0.000109366, 322.216
1668, 0.095838, 5.12642e-09, 4.1998e-09, 0, 1.34558e-06, 9.2004e-07, 0, 0, 2.27495e-06, 1.04572e-05, 4.50656e-07, 2.3451, 0.905456, 0.00010912, 322.719
1669, 0.0972989, 5.19934e-09, 4.25878e-09, 0, 1.37761e-06, 9.42823e-07, 0, 0, 2.32989e-06, 1.05916e-05, 4.63996e-07, 2.32997, 0.905449, 0.000108859, 322.851
1670, 0.0977994, 5.28049e-09, 4.32242e-09, 0, 1.38265e-06, 9.47072e-07, 0, 0, 2.33933e-06, 1.06097e-05, 4.6775e-07, 2.32484, 0.90544, 0.000108487, 322.742
1671, 0.0980358, 5.36448e-09, 4.38802e-09, 0, 1.37484e-06, 9.42477e-07, 0, 0, 2.32707e-06, 1.05578e-05, 4.67e-07, 2.32242, 0.905432, 0.000107699, 322.522
1672, 0.098339, 5.44929e-09, 4.45446e-09, 0, 1.36639e-06, 9.37368e-07, 0, 0, 2.31367e-06, 1.04926e-05, 4.66032e-07, 2.31933, 0.905424, 0.000106705, 322.295
1673, 0.0984703, 5.53763e-09, 4.52283e-09, 0, 1.36402e-06, 9.36457e-07, 0, 0, 2.31053e-06, 1.04897e-05, 4.66931e-07, 2.318, 0.905416, 0.000106527, 322.122
1674, 0.0982812, 5.63119e-09, 4.59371e-09, 0, 1.35528e-06, 9.3131e-07, 0, 0, 2.29681e-06, 1.04695e-05, 4.65362e-07, 2.31992, 0.905408, 0.000106511, 321.894
1675, 0.0983457, 5.7247e-09, 4.66457e-09, 0, 1.34131e-06, 9.22644e-07, 0, 0, 2.27434e-06, 1.03832e-05, 4.62159e-07, 2.31927, 0.9054, 0.000105539, 321.62
1676, 0.0985899, 5.8174e-09, 4.73556e-09, 0, 1.33425e-06, 9.18697e-07, 0, 0, 2.2635e-06, 1.03344e-05, 4.61456e-07, 2.31679, 0.905392, 0.000104782, 321.406
1677, 0.0984913, 5.91336e-09, 4.80875e-09, 0, 1.33016e-06, 9.16738e-07, 0, 0, 2.25762e-06, 1.03447e-05, 4.61567e-07, 2.31779, 0.905385, 0.000105023, 321.219
1678, 0.0986553, 6.00763e-09, 4.8815e-09, 0, 1.33312e-06, 9.19574e-07, 0, 0, 2.26358e-06, 1.03842e-05, 4.6437e-07, 2.31612, 0.905376, 0.000105263, 321.095
1679, 0.0992579, 6.09832e-09, 4.95309e-09, 0, 1.33073e-06, 9.18597e-07, 0, 0, 2.26038e-06, 1.03396e-05, 4.65625e-07, 2.31003, 0.905368, 0.000104171, 320.923
1680, 0.0994791, 6.19344e-09, 5.02734e-09, 0, 1.29456e-06, 8.94263e-07, 0, 0, 2.20004e-06, 1.00698e-05, 4.54759e-07, 2.30781, 0.90536, 0.000101211, 320.443
1681, 0.0995835, 6.29148e-09, 5.10318e-09, 0, 1.26211e-06, 8.72584e-07, 0, 0, 2.14609e-06, 9.84058e-06, 4.45131e-07, 2.30676, 0.905352, 9.88011e-05, 319.99
1682, 0.0999143, 6.39092e-09, 5.17962e-09, 0, 1.28335e-06, 8.8811e-07, 0, 0, 2.18303e-06, 1.0003e-05, 4.54527e-07, 2.30344, 0.905344, 0.000100102, 320.04
1683, 0.0997195, 6.50086e-09, 5.26075e-09, 0, 1.31077e-06, 9.08016e-07, 0, 0, 2.23055e-06, 1.02546e-05, 4.65608e-07, 2.30539, 0.905336, 0.000102838, 320.143
1684, 0.0993828, 6.6129e-09, 5.3433e-09, 0, 1.31624e-06, 9.12759e-07, 0, 0, 2.24096e-06, 1.03522e-05, 4.6887e-07, 2.30878, 0.905327, 0.000104167, 320.045
1685, 0.0999531, 6.71069e-09, 5.42069e-09, 0, 1.32779e-06, 9.21536e-07, 0, 0, 2.26146e-06, 1.04285e-05, 4.75088e-07, 2.30305, 0.90532, 0.000104335, 319.999
1686, 0.100482, 6.81026e-09, 5.49942e-09, 0, 1.33147e-06, 9.24836e-07, 0, 0, 2.26861e-06, 1.04507e-05, 4.78393e-07, 2.29777, 0.905312, 0.000104009, 319.883
1687, 0.100443, 6.92027e-09, 5.58291e-09, 0, 1.32186e-06, 9.18988e-07, 0, 0, 2.25335e-06, 1.04163e-05, 4.76481e-07, 2.29816, 0.905304, 0.000103709, 319.648
1688, 0.10066, 7.02982e-09, 5.6662e-09, 0, 1.32042e-06, 9.18791e-07, 0, 0, 2.2519e-06, 1.04147e-05, 4.77763e-07, 2.296, 0.905296, 0.000103465, 319.486
1689, 0.100681, 7.15e-09, 5.75319e-09, 0, 1.31183e-06, 9.13918e-07, 0, 0, 2.23866e-06, 1.03671e-05, 4.76095e-07, 2.2958, 0.905289, 0.000102963, 319.262
1690, 0.0997883, 7.29233e-09, 5.84884e-09, 0, 1.28585e-06, 8.97467e-07, 0, 0, 2.19646e-06, 1.02632e-05, 4.67103e-07, 2.3047, 0.90528, 0.000102851, 318.881
1691, 0.0993116, 7.42352e-09, 5.94195e-09, 0, 1.27489e-06, 8.91233e-07, 0, 0, 2.17949e-06, 1.02496e-05, 4.64091e-07, 2.30949, 0.905272, 0.000103211, 318.635
1692, 0.100237, 7.51871e-09, 6.02345e-09, 0, 1.29378e-06, 9.04795e-07, 0, 0, 2.21212e-06, 1.03573e-05, 4.73664e-07, 2.30021, 0.905264, 0.00010333, 318.66
1693, 0.101212, 7.61186e-09, 6.10468e-09, 0, 1.31044e-06, 9.16562e-07, 0, 0, 2.24072e-06, 1.04435e-05, 4.82621e-07, 2.29054, 0.905256, 0.000103185, 318.66
1694, 0.101541, 7.7244e-09, 6.19313e-09, 0, 1.31102e-06, 9.176e-07, 0, 0, 2.24254e-06, 1.04547e-05, 4.84933e-07, 2.28729, 0.905248, 0.000102961, 318.517
1695, 0.101622, 7.85186e-09, 6.28644e-09, 0, 1.3068e-06, 9.15667e-07, 0, 0, 2.2366e-06, 1.0436e-05, 4.85035e-07, 2.28649, 0.90524, 0.000102694, 318.333
1696, 0.100826, 8.00926e-09, 6.38993e-09, 0, 1.28294e-06, 9.00631e-07, 0, 0, 2.19797e-06, 1.03264e-05, 4.76702e-07, 2.29436, 0.905232, 0.000102416, 317.972
1697, 0.0998768, 8.16785e-09, 6.49524e-09, 0, 1.25518e-06, 8.82785e-07, 0, 0, 2.15263e-06, 1.02066e-05, 4.66891e-07, 2.30382, 0.905224, 0.000102193, 317.572
1698, 0.100715, 8.27247e-09, 6.58402e-09, 0, 1.26797e-06, 8.92025e-07, 0, 0, 2.17485e-06, 1.02734e-05, 4.74342e-07, 2.29546, 0.905216, 0.000102009, 317.542
1699, 0.101727, 8.37554e-09, 6.67283e-09, 0, 1.2846e-06, 9.03957e-07, 0, 0, 2.20361e-06, 1.03584e-05, 4.8326e-07, 2.28546, 0.905208, 0.000101827, 317.546
1700, 0.101508, 8.51852e-09, 6.7747e-09, 0, 1.27363e-06, 8.97322e-07, 0, 0, 2.18624e-06, 1.0317e-05, 4.80463e-07, 2.28762, 0.9052, 0.000101636, 317.301
1701, 0.10139, 8.65814e-09, 6.87629e-09, 0, 1.26484e-06, 8.92023e-07, 0, 0, 2.1724e-06, 1.02844e-05, 4.7874e-07, 2.28878, 0.905192, 0.000101434, 317.073
1702, 0.102026, 8.77122e-09, 6.97138e-09, 0, 1.27136e-06, 8.96924e-07, 0, 0, 2.18402e-06, 1.03273e-05, 4.83602e-07, 2.28253, 0.905184, 0.000101225, 316.986
1703, 0.102481, 8.89297e-09, 7.07025e-09, 0, 1.27328e-06, 8.98804e-07, 0, 0, 2.18804e-06, 1.0349e-05, 4.86365e-07, 2.27808, 0.905176, 0.000100986, 316.856
1704, 0.102629, 9.03038e-09, 7.17426e-09, 0, 1.2684e-06, 8.96207e-07, 0, 0, 2.18081e-06, 1.03313e-05, 4.86181e-07, 2.27663, 0.905168, 0.000100669, 316.666
1705, 0.102491, 9.17846e-09, 7.28239e-09, 0, 1.25739e-06, 8.89429e-07, 0, 0, 2.16328e-06, 1.02866e-05, 4.83383e-07, 2.27798, 0.90516, 0.000100367, 316.419
1706, 0.101784, 9.34931e-09, 7.39833e-09, 0, 1.23614e-06, 8.75831e-07, 0, 0, 2.12872e-06, 1.02019e-05, 4.75932e-07, 2.2849, 0.905152, 0.000100231, 316.077
1707, 0.100555, 9.54754e-09, 7.52166e-09, 0, 1.20634e-06, 8.56399e-07, 0, 0, 2.0798e-06, 1.00675e-05, 4.64682e-07, 2.29705, 0.905144, 0.000100118, 315.652
1708, 0.0991801, 9.76089e-09, 7.64776e-09, 0, 1.17571e-06, 8.3622e-07, 0, 0, 2.02934e-06, 9.90967e-06, 4.53237e-07, 2.31082, 0.905136, 9.99186e-05, 315.212
1709, 0.0996357, 9.90585e-09, 7.7554e-09, 0, 1.18046e-06, 8.40088e-07, 0, 0, 2.03821e-06, 9.91912e-06, 4.57357e-07, 2.30623, 0.905128, 9.95708e-05, 315.113
1710, 0.102034, 9.97157e-09, 7.84332e-09, 0, 1.21563e-06, 8.64598e-07, 0, 0, 2.09804e-06, 1.00705e-05, 4.74996e-07, 2.28245, 0.90512, 9.87311e-05, 315.305
1711, 0.103833, 1.00625e-08, 7.9393e-09, 0, 1.23537e-06, 8.78527e-07, 0, 0, 2.1319e-06, 1.01375e-05, 4.85978e-07, 2.26497, 0.905112, 9.76617e-05, 315.344
1712, 0.104325, 1.02098e-08, 8.05123e-09, 0, 1.24403e-06, 8.85261e-07, 0, 0, 2.14755e-06, 1.01925e-05, 4.91409e-07, 2.26024, 0.905104, 9.77147e-05, 315.281
1713, 0.103026, 1.04372e-08, 8.18491e-09, 0, 1.22654e-06, 8.74443e-07, 0, 0, 2.1196e-06, 1.01447e-05, 4.8473e-07, 2.27277, 0.905096, 9.84752e-05, 314.977
1714, 0.100807, 1.07108e-08, 8.33064e-09, 0, 1.1856e-06, 8.47401e-07, 0, 0, 2.05205e-06, 9.95283e-06, 4.67915e-07, 2.29455, 0.905088, 9.87325e-05, 314.446
1715, 0.100625, 1.08961e-08, 8.45496e-09, 0, 1.18002e-06, 8.44248e-07, 0, 0, 2.04362e-06, 9.92249e-06, 4.67195e-07, 2.29636, 0.90508, 9.86117e-05, 314.248
1716, 0.102318, 1.09954e-08, 8.55886e-09, 0, 1.20889e-06, 8.64575e-07, 0, 0, 2.09302e-06, 1.00692e-05, 4.82054e-07, 2.27967, 0.905072, 9.84158e-05, 314.38
1717, 0.104457, 1.1068e-08, 8.65857e-09, 0, 1.24392e-06, 8.89165e-07, 0, 0, 2.15281e-06, 1.02582e-05, 4.99757e-07, 2.25898, 0.905064, 9.821e-05, 314.564
1718, 0.106034, 1.1166e-08, 8.76631e-09, 0, 1.26738e-06, 9.05899e-07, 0, 0, 2.19321e-06, 1.03915e-05, 5.12263e-07, 2.24399, 0.905056, 9.80037e-05, 314.635
1719, 0.105991, 1.13465e-08, 8.89469e-09, 0, 1.26086e-06, 9.02106e-07, 0, 0, 2.18321e-06, 1.0366e-05, 5.11281e-07, 2.2444, 0.905048, 9.77976e-05, 314.432
1720, 0.103481, 1.16566e-08, 9.05327e-09, 0, 1.21018e-06, 8.67774e-07, 0, 0, 2.09867e-06, 1.00997e-05, 4.90416e-07, 2.26837, 0.90504, 9.75914e-05, 313.818
1721, 0.099931, 1.20252e-08, 9.22446e-09, 0, 1.14156e-06, 8.20917e-07, 0, 0, 1.98373e-06, 9.73183e-06, 4.61502e-07, 2.30328, 0.905032, 9.73802e-05, 313.008
1722, 0.0994915, 1.223e-08, 9.36118e-09, 0, 1.12552e-06, 8.10512e-07, 0, 0, 1.95762e-06, 9.66058e-06, 4.56162e-07, 2.30768, 0.905024, 9.71059e-05, 312.706
1723, 0.0996876, 1.24071e-08, 9.49646e-09, 0, 1.11787e-06, 8.06173e-07, 0, 0, 1.94595e-06, 9.63894e-06, 4.54163e-07, 2.30571, 0.905016, 9.67042e-05, 312.488
1724, 0.0985373, 1.26559e-08, 9.65468e-09, 0, 1.08691e-06, 7.8589e-07, 0, 0, 1.89511e-06, 9.49384e-06, 4.41288e-07, 2.31732, 0.905008, 9.63726e-05, 312.032
1725, 0.0999636, 1.27606e-08, 9.77993e-09, 0, 1.10564e-06, 7.99646e-07, 0, 0, 1.92783e-06, 9.62458e-06, 4.51395e-07, 2.30295, 0.905, 9.62999e-05, 312.084
1726, 0.103066, 1.27815e-08, 9.87894e-09, 0, 1.15614e-06, 8.34918e-07, 0, 0, 2.01372e-06, 9.91248e-06, 4.76603e-07, 2.27239, 0.904992, 9.61864e-05, 312.447
1727, 0.104617, 1.28952e-08, 9.99951e-09, 0, 1.1763e-06, 8.49259e-07, 0, 0, 2.04846e-06, 1.00226e-05, 4.87918e-07, 2.25745, 0.904984, 9.58107e-05, 312.5
1728, 0.104264, 1.31183e-08, 1.01507e-08, 0, 1.16203e-06, 8.40032e-07, 0, 0, 2.02533e-06, 9.94817e-06, 4.83012e-07, 2.26083, 0.904976, 9.5424e-05, 312.22
1729, 0.104227, 1.33321e-08, 1.02975e-08, 0, 1.15828e-06, 8.38186e-07, 0, 0, 2.0201e-06, 9.93029e-06, 4.83094e-07, 2.26119, 0.904968, 9.52868e-05, 312.043
1730, 0.104894, 1.3528e-08, 1.04282e-08, 0, 1.16999e-06, 8.46856e-07, 0, 0, 2.0408e-06, 9.97809e-06, 4.90807e-07, 2.2548, 0.90496, 9.51244e-05, 312.016
1731, 0.102219, 1.39641e-08, 1.05951e-08, 0, 1.12426e-06, 8.15389e-07, 0, 0, 1.9642e-06, 9.68027e-06, 4.71766e-07, 2.28064, 0.904952, 9.46871e-05, 311.423
1732, 0.0982613, 1.44923e-08, 1.07798e-08, 0, 1.05271e-06, 7.65956e-07, 0, 0, 1.84394e-06, 9.22283e-06, 4.40608e-07, 2.32012, 0.904944, 9.39006e-05, 310.541
1733, 0.100486, 1.45604e-08, 1.09102e-08, 0, 1.07304e-06, 7.80658e-07, 0, 0, 1.87917e-06, 9.31897e-06, 4.52267e-07, 2.29774, 0.904936, 9.2832e-05, 310.615
1734, 0.104513, 1.44704e-08, 1.1035e-08, 0, 1.11524e-06, 8.10443e-07, 0, 0, 1.95119e-06, 9.55519e-06, 4.74108e-07, 2.25844, 0.904928, 9.14015e-05, 310.907
1735, 0.102878, 1.47749e-08, 1.12312e-08, 0, 1.05808e-06, 7.70366e-07, 0, 0, 1.85445e-06, 9.17721e-06, 4.49601e-07, 2.27421, 0.90492, 8.89337e-05, 310.171
1736, 0.0991466, 1.52416e-08, 1.14517e-08, 0, 9.61543e-07, 7.02543e-07, 0, 0, 1.69078e-06, 8.53153e-06, 4.0695e-07, 2.31116, 0.904912, 8.55896e-05, 308.957
1737, 0.100413, 1.53891e-08, 1.15963e-08, 0, 9.70014e-07, 7.09036e-07, 0, 0, 1.70604e-06, 8.56656e-06, 4.13046e-07, 2.29846, 0.904904, 8.47646e-05, 308.916
1738, 0.104508, 1.5357e-08, 1.16965e-08, 0, 1.06087e-06, 7.74252e-07, 0, 0, 1.86217e-06, 9.19835e-06, 4.56442e-07, 2.25849, 0.904896, 8.7667e-05, 309.783
1739, 0.104788, 1.55981e-08, 1.18521e-08, 0, 1.09424e-06, 7.99116e-07, 0, 0, 1.9208e-06, 9.49875e-06, 4.72253e-07, 2.25582, 0.904888, 9.0598e-05, 309.998
1740, 0.101281, 1.61355e-08, 1.20552e-08, 0, 1.05304e-06, 7.71232e-07, 0, 0, 1.85246e-06, 9.31109e-06, 4.53142e-07, 2.28986, 0.90488, 9.19353e-05, 309.433
1741, 0.0985216, 1.66315e-08, 1.22463e-08, 0, 1.01398e-06, 7.44603e-07, 0, 0, 1.78747e-06, 9.10482e-06, 4.35638e-07, 2.31748, 0.904872, 9.23787e-05, 308.876
1742, 0.10092, 1.66929e-08, 1.23896e-08, 0, 1.05037e-06, 7.70969e-07, 0, 0, 1.85042e-06, 9.33576e-06, 4.5487e-07, 2.29343, 0.904864, 9.24751e-05, 309.132
1743, 0.104656, 1.66563e-08, 1.25191e-08, 0, 1.10764e-06, 8.11908e-07, 0, 0, 1.94872e-06, 9.67046e-06, 4.84494e-07, 2.25708, 0.904856, 9.24024e-05, 309.588
1744, 0.104028, 1.69999e-08, 1.26939e-08, 0, 1.09623e-06, 8.04299e-07, 0, 0, 1.93022e-06, 9.58487e-06, 4.80957e-07, 2.26309, 0.904848, 9.2166e-05, 309.333
1745, 0.101594, 1.75089e-08, 1.28852e-08, 0, 1.05273e-06, 7.73908e-07, 0, 0, 1.85703e-06, 9.31112e-06, 4.61761e-07, 2.28677, 0.90484, 9.17214e-05, 308.741
1746, 0.0955484, 1.83746e-08, 1.31067e-08, 0, 9.59843e-07, 7.08304e-07, 0, 0, 1.69963e-06, 8.73722e-06, 4.18429e-07, 2.34812, 0.904832, 9.15691e-05, 307.577
1747, 0.0903715, 1.91082e-08, 1.3347e-08, 0, 8.8375e-07, 6.54873e-07, 0, 0, 1.57108e-06, 8.28838e-06, 3.8306e-07, 2.40383, 0.904824, 9.18285e-05, 306.534
1748, 0.0970438, 1.87011e-08, 1.34922e-08, 0, 9.78781e-07, 7.23517e-07, 0, 0, 1.73449e-06, 8.91769e-06, 4.3077e-07, 2.33259, 0.904816, 9.19464e-05, 307.524
1749, 0.106102, 1.81298e-08, 1.3591e-08, 0, 1.10876e-06, 8.16892e-07, 0, 0, 1.95737e-06, 9.74575e-06, 4.95695e-07, 2.24335, 0.904808, 9.18678e-05, 308.776
1750, 0.107204, 1.83557e-08, 1.37529e-08, 0, 1.12079e-06, 8.26043e-07, 0, 0, 1.97894e-06, 9.82204e-06, 5.03071e-07, 2.23302, 0.9048, 9.16219e-05, 308.759
1751, 0.103299, 1.90784e-08, 1.39615e-08, 0, 1.05822e-06, 7.82007e-07, 0, 0, 1.87327e-06, 9.42818e-06, 4.73891e-07, 2.27012, 0.904792, 9.12931e-05, 307.981
1752, 0.10294, 1.93968e-08, 1.4159e-08, 0, 1.04793e-06, 7.7538e-07, 0, 0, 1.85687e-06, 9.37662e-06, 4.70625e-07, 2.27361, 0.904784, 9.11261e-05, 307.737
1753, 0.106471, 1.9296e-08, 1.4337e-08, 0, 1.0956e-06, 8.1016e-07, 0, 0, 1.93939e-06, 9.694e-06, 4.96082e-07, 2.23988, 0.904776, 9.10647e-05, 308.097
1754, 0.105671, 1.97014e-08, 1.45392e-08, 0, 1.08221e-06, 8.01314e-07, 0, 0, 1.91776e-06, 9.61284e-06, 4.91147e-07, 2.24743, 0.904768, 9.09663e-05, 307.824
1755, 0.100535, 2.05722e-08, 1.47843e-08, 0, 1.00277e-06, 7.45363e-07, 0, 0, 1.78349e-06, 9.1201e-06, 4.52936e-07, 2.29725, 0.90476, 9.07217e-05, 306.846
1756, 0.096596, 2.12779e-08, 1.50449e-08, 0, 9.39771e-07, 7.01056e-07, 0, 0, 1.67715e-06, 8.74256e-06, 4.22605e-07, 2.33722, 0.904752, 9.05375e-05, 306
1757, 0.0955079, 2.16974e-08, 1.52731e-08, 0, 9.22888e-07, 6.89531e-07, 0, 0, 1.64939e-06, 8.64602e-06, 4.15738e-07, 2.34855, 0.904744, 9.05552e-05, 305.667
1758, 0.100963, 2.14257e-08, 1.54191e-08, 0, 1.00044e-06, 7.45579e-07, 0, 0, 1.78286e-06, 9.13585e-06, 4.57046e-07, 2.293, 0.904736, 9.05076e-05, 306.416
1759, 0.10786, 2.09828e-08, 1.55576e-08, 0, 1.09585e-06, 8.14378e-07, 0, 0, 1.94677e-06, 9.73839e-06, 5.07436e-07, 2.22692, 0.904729, 9.02753e-05, 307.287
1760, 0.107823, 2.12945e-08, 1.5785e-08, 0, 1.09021e-06, 8.1087e-07, 0, 0, 1.93816e-06, 9.70935e-06, 5.06195e-07, 2.22727, 0.90472, 8.99577e-05, 307.094
1761, 0.103413, 2.20791e-08, 1.60746e-08, 0, 1.02061e-06, 7.61662e-07, 0, 0, 1.82043e-06, 9.2883e-06, 4.72001e-07, 2.26902, 0.904711, 8.9679e-05, 306.231
1762, 0.0999397, 2.27494e-08, 1.63634e-08, 0, 9.62427e-07, 7.20669e-07, 0, 0, 1.72221e-06, 8.95115e-06, 4.43362e-07, 2.30319, 0.904705, 8.94905e-05, 305.455
1763, 0.0997208, 2.31043e-08, 1.65901e-08, 0, 9.51283e-07, 7.13307e-07, 0, 0, 1.70428e-06, 8.90262e-06, 4.39047e-07, 2.30538, 0.904696, 8.92863e-05, 305.194
1764, 0.10033, 2.35905e-08, 1.67048e-08, 0, 9.60706e-07, 7.20111e-07, 0, 0, 1.72111e-06, 8.93294e-06, 4.46142e-07, 2.29929, 0.904688, 8.90762e-05, 305.166
1765, 0.0926768, 2.53822e-08, 1.67626e-08, 0, 8.69685e-07, 6.53557e-07, 0, 0, 1.56539e-06, 8.24954e-06, 4.02636e-07, 2.37864, 0.90468, 8.90614e-05, 303.947
1766, 0.0868051, 2.67209e-08, 1.69175e-08, 0, 7.93281e-07, 5.98619e-07, 0, 0, 1.43554e-06, 7.72998e-06, 3.655e-07, 2.44409, 0.904672, 8.90921e-05, 302.829
1767, 0.0952992, 2.55984e-08, 1.72762e-08, 0, 8.86677e-07, 6.6873e-07, 0, 0, 1.59828e-06, 8.47346e-06, 4.13152e-07, 2.35073, 0.904664, 8.8955e-05, 303.902
1768, 0.103265, 2.45014e-08, 1.76701e-08, 0, 9.73355e-07, 7.33667e-07, 0, 0, 1.74919e-06, 9.16565e-06, 4.57558e-07, 2.27046, 0.904656, 8.87745e-05, 304.789
1769, 0.101913, 2.48625e-08, 1.80234e-08, 0, 9.44768e-07, 7.13684e-07, 0, 0, 1.70134e-06, 9.03472e-06, 4.43239e-07, 2.28364, 0.904648, 8.86513e-05, 304.333
1770, 0.0983184, 2.56957e-08, 1.83131e-08, 0, 8.94684e-07, 6.77327e-07, 0, 0, 1.61602e-06, 8.70409e-06, 4.187e-07, 2.31954, 0.90464, 8.85295e-05, 303.609
1771, 0.100267, 2.59099e-08, 1.84916e-08, 0, 9.23869e-07, 6.98651e-07, 0, 0, 1.66692e-06, 8.86054e-06, 4.36539e-07, 2.29992, 0.904632, 8.83782e-05, 303.821
1772, 0.104171, 2.58302e-08, 1.86723e-08, 0, 9.74872e-07, 7.36391e-07, 0, 0, 1.75577e-06, 9.18885e-06, 4.65377e-07, 2.26172, 0.904624, 8.82109e-05, 304.273
1773, 0.100528, 2.67055e-08, 1.89827e-08, 0, 9.21556e-07, 6.98092e-07, 0, 0, 1.66534e-06, 8.85187e-06, 4.38637e-07, 2.29732, 0.904616, 8.80386e-05, 303.532
1774, 0.0922552, 2.81915e-08, 1.93623e-08, 0, 8.05811e-07, 6.14096e-07, 0, 0, 1.46746e-06, 8.10738e-06, 3.7876e-07, 2.3832, 0.904608, 8.7866e-05, 301.964
1775, 0.0880423, 2.91882e-08, 1.96706e-08, 0, 7.42996e-07, 5.69086e-07, 0, 0, 1.36094e-06, 7.71847e-06, 3.4664e-07, 2.42994, 0.904601, 8.76699e-05, 300.981
1776, 0.087294, 2.98175e-08, 1.99005e-08, 0, 7.28925e-07, 5.59402e-07, 0, 0, 1.33804e-06, 7.62259e-06, 3.40532e-07, 2.43847, 0.904592, 8.73648e-05, 300.653
1777, 0.088782, 3.01417e-08, 2.01064e-08, 0, 7.46425e-07, 5.72204e-07, 0, 0, 1.36888e-06, 7.7114e-06, 3.5144e-07, 2.42157, 0.904584, 8.694e-05, 300.77
1778, 0.0855858, 3.12785e-08, 2.0311e-08, 0, 7.104e-07, 5.45143e-07, 0, 0, 1.30713e-06, 7.40696e-06, 3.34514e-07, 2.45824, 0.904576, 8.66114e-05, 300.117
1779, 0.0825261, 3.237e-08, 2.05269e-08, 0, 6.73612e-07, 5.18178e-07, 0, 0, 1.24469e-06, 7.13201e-06, 3.16585e-07, 2.49464, 0.904568, 8.64603e-05, 299.436
1780, 0.0854673, 3.24974e-08, 2.07217e-08, 0, 7.08319e-07, 5.44493e-07, 0, 0, 1.30603e-06, 7.38276e-06, 3.35795e-07, 2.45962, 0.90456, 8.63882e-05, 299.833
1781, 0.0850018, 3.32601e-08, 2.09066e-08, 0, 7.04592e-07, 5.42083e-07, 0, 0, 1.30084e-06, 7.32234e-06, 3.35609e-07, 2.46508, 0.904552, 8.61973e-05, 299.652
1782, 0.0884353, 3.30049e-08, 2.12445e-08, 0, 7.37149e-07, 5.67054e-07, 0, 0, 1.35845e-06, 7.58034e-06, 3.53996e-07, 2.42548, 0.904544, 8.58358e-05, 299.997
1783, 0.0909751, 3.29769e-08, 2.15527e-08, 0, 7.5725e-07, 5.82899e-07, 0, 0, 1.39468e-06, 7.78126e-06, 3.64902e-07, 2.39717, 0.904536, 8.56366e-05, 300.154
1784, 0.0788844, 3.62434e-08, 2.15556e-08, 0, 6.22911e-07, 4.83157e-07, 0, 0, 1.16387e-06, 6.75369e-06, 2.95489e-07, 2.53977, 0.904528, 8.57236e-05, 298.011
1785, 0.0663661, 3.94626e-08, 2.16596e-08, 0, 4.86211e-07, 3.81828e-07, 0, 0, 9.29161e-07, 5.68899e-06, 2.25118e-07, 2.71257, 0.90452, 8.57982e-05, 295.416
1786, 0.0681265, 3.92439e-08, 2.21966e-08, 0, 4.96101e-07, 3.91096e-07, 0, 0, 9.48638e-07, 5.8362e-06, 2.30141e-07, 2.68639, 0.904512, 8.57206e-05, 295.506
1787, 0.078274, 3.74652e-08, 2.26973e-08, 0, 6.0211e-07, 4.71354e-07, 0, 0, 1.13363e-06, 6.69778e-06, 2.8656e-07, 2.54754, 0.904504, 8.56081e-05, 297.314
1788, 0.0898815, 3.5676e-08, 2.30305e-08, 0, 7.3707e-07, 5.71535e-07, 0, 0, 1.36731e-06, 7.67822e-06, 3.60843e-07, 2.40926, 0.904496, 8.54592e-05, 299.25
1789, 0.094768, 3.52332e-08, 2.33359e-08, 0, 7.96476e-07, 6.14993e-07, 0, 0, 1.47004e-06, 8.07703e-06, 3.95382e-07, 2.35632, 0.904488, 8.52484e-05, 299.922
1790, 0.0864713, 3.7274e-08, 2.37089e-08, 0, 6.97245e-07, 5.40713e-07, 0, 0, 1.29894e-06, 7.35575e-06, 3.433e-07, 2.44794, 0.90448, 8.50618e-05, 298.408
1791, 0.0722796, 4.055e-08, 2.41015e-08, 0, 5.28023e-07, 4.15111e-07, 0, 0, 1.00779e-06, 6.13735e-06, 2.52091e-07, 2.62721, 0.904472, 8.48673e-05, 295.488
1792, 0.0630661, 4.32909e-08, 2.4303e-08, 0, 4.22116e-07, 3.36719e-07, 0, 0, 8.26429e-07, 5.34138e-06, 1.95024e-07, 2.76357, 0.904464, 8.46239e-05, 293.213
1793, 0.0574147, 4.56974e-08, 2.42992e-08, 0, 3.6437e-07, 2.9298e-07, 0, 0, 7.27347e-07, 4.85403e-06, 1.64847e-07, 2.85745, 0.904456, 8.45026e-05, 291.719
1794, 0.0571464, 4.66526e-08, 2.44543e-08, 0, 3.5798e-07, 2.88451e-07, 0, 0, 7.17538e-07, 4.82353e-06, 1.61565e-07, 2.86214, 0.904448, 8.44328e-05, 291.442
1795, 0.0616067, 4.6465e-08, 2.47228e-08, 0, 3.98379e-07, 3.20576e-07, 0, 0, 7.90143e-07, 5.185e-06, 1.8282e-07, 2.78698, 0.90444, 8.42317e-05, 292.333
1796, 0.0631435, 4.72807e-08, 2.48226e-08, 0, 4.18119e-07, 3.36235e-07, 0, 0, 8.26457e-07, 5.29519e-06, 1.94463e-07, 2.76235, 0.904432, 8.39383e-05, 292.68
1797, 0.0643861, 4.77439e-08, 2.5114e-08, 0, 4.32596e-07, 3.46759e-07, 0, 0, 8.52213e-07, 5.38519e-06, 2.03179e-07, 2.74286, 0.904424, 8.36965e-05, 292.875
1798, 0.0678803, 4.73121e-08, 2.56102e-08, 0, 4.68291e-07, 3.72858e-07, 0, 0, 9.14072e-07, 5.67565e-06, 2.23017e-07, 2.69001, 0.904416, 8.36091e-05, 293.494
1799, 0.060991, 5.09357e-08, 2.52291e-08, 0, 4.22859e-07, 3.35771e-07, 0, 0, 8.34796e-07, 5.10245e-06, 2.02729e-07, 2.79703, 0.904408, 8.35857e-05, 292.388
1800, 0.0378413, 6.05921e-08, 2.36164e-08, 0, 2.41089e-07, 1.92823e-07, 0, 0, 5.1812e-07, 3.16484e-06, 1.134e-07, 3.27435, 0.9044, 8.34645e-05, 287.246
1801, 0.0198341, 6.80146e-08, 2.25873e-08, 0, 9.26876e-08, 7.66934e-08, 0, 0, 2.59983e-07, 1.65434e-06, 3.94099e-08, 3.92035, 0.904392, 8.32517e-05, 280.171
1802, 0.0193397, 6.81025e-08, 2.33768e-08, 0, 7.43423e-08, 6.37242e-08, 0, 0, 2.29546e-07, 1.60595e-06, 2.84684e-08, 3.9456, 0.904384, 8.29841e-05, 278.825
1803, 0.0294244, 6.39861e-08, 2.51215e-08, 0, 1.36402e-07, 1.14668e-07, 0, 0, 3.40178e-07, 2.43841e-06, 5.66594e-08, 3.52593, 0.904376, 8.27545e-05, 282.58
1804, 0.0409176, 6.02182e-08, 2.64752e-08, 0, 2.18038e-07, 1.80323e-07, 0, 0, 4.85055e-07, 3.38518e-06, 9.59225e-08, 3.1962, 0.904369, 8.2584e-05, 286.045
1805, 0.0414399, 6.27289e-08, 2.5826e-08, 0, 2.31708e-07, 1.90486e-07, 0, 0, 5.10749e-07, 3.42103e-06, 1.04156e-07, 3.18351, 0.90436, 8.22199e-05, 286.445
1806, 0.0294674, 7.05646e-08, 2.39411e-08, 0, 1.54351e-07, 1.27717e-07, 0, 0, 3.76574e-07, 2.42547e-06, 6.80704e-08, 3.52447, 0.904352, 8.14975e-05, 283.213
1807, 0.0254832, 7.23555e-08, 2.43209e-08, 0, 1.16473e-07, 9.7989e-08, 0, 0, 3.11138e-07, 2.08499e-06, 4.86983e-08, 3.66973, 0.904344, 8.11123e-05, 281.176
1808, 0.0331965, 6.78652e-08, 2.65666e-08, 0, 1.53131e-07, 1.28895e-07, 0, 0, 3.76458e-07, 2.70061e-06, 6.42649e-08, 3.40531, 0.904336, 8.1339e-05, 282.953
1809, 0.0368738, 6.64272e-08, 2.76896e-08, 0, 1.70652e-07, 1.43591e-07, 0, 0, 4.0836e-07, 2.98925e-06, 7.17765e-08, 3.30026, 0.904328, 8.14373e-05, 283.644
1810, 0.0293227, 7.25043e-08, 2.62728e-08, 0, 1.28666e-07, 1.0874e-07, 0, 0, 3.36183e-07, 2.37376e-06, 5.31201e-08, 3.52939, 0.90432, 8.14525e-05, 281.562
1811, 0.0177353, 8.136e-08, 2.39546e-08, 0, 6.69068e-08, 5.74284e-08, 0, 0, 2.2965e-07, 1.43893e-06, 2.60256e-08, 4.0322, 0.904312, 8.15443e-05, 277.686
1812, 0.0123825, 8.56821e-08, 2.32609e-08, 0, 3.75825e-08, 3.3104e-08, 0, 0, 1.79629e-07, 1.00608e-06, 1.31479e-08, 4.39147, 0.904304, 8.14178e-05, 275.196
1813, 0.0156693, 8.38942e-08, 2.4667e-08, 0, 5.1092e-08, 4.45613e-08, 0, 0, 2.04214e-07, 1.26489e-06, 1.86373e-08, 4.15605, 0.904296, 8.10371e-05, 276.299
1814, 0.0217331, 8.04253e-08, 2.66402e-08, 0, 7.86094e-08, 6.7858e-08, 0, 0, 2.53533e-07, 1.74496e-06, 2.99704e-08, 3.82892, 0.904288, 8.04661e-05, 278.269
1815, 0.018136, 8.52363e-08, 2.55224e-08, 0, 6.4715e-08, 5.59368e-08, 0, 0, 2.31411e-07, 1.44541e-06, 2.46489e-08, 4.00986, 0.90428, 7.95647e-05, 277.255
1816, 0.0116493, 9.07774e-08, 2.44732e-08, 0, 3.32234e-08, 2.92746e-08, 0, 0, 1.77749e-07, 8.8768e-07, 1.17868e-08, 4.45251, 0.904272, 7.77006e-05, 274.595
1817, 0.0130344, 8.8557e-08, 2.65143e-08, 0, 2.94197e-08, 2.64801e-08, 0, 0, 1.70971e-07, 9.17593e-07, 9.4721e-09, 4.34016, 0.904264, 7.46651e-05, 274.1
1818, 0.0144968, 8.8131e-08, 2.75017e-08, 0, 3.12364e-08, 2.81962e-08, 0, 0, 1.75065e-07, 9.97971e-07, 9.85279e-09, 4.23383, 0.904256, 7.30968e-05, 274.2
1819, 0.0103472, 9.52285e-08, 2.51648e-08, 0, 2.02507e-08, 1.85112e-08, 0, 0, 1.59155e-07, 7.3142e-07, 5.9808e-09, 4.57104, 0.904248, 7.50111e-05, 273.174
1820, 0.00493455, 1.07014e-07, 2.03049e-08, 0, 8.43098e-09, 7.8713e-09, 0, 0, 1.43621e-07, 3.65987e-07, 2.21465e-09, 5.31149, 0.90424, 7.7667e-05, 272.084
1821, 0.00215227, 1.15386e-07, 1.70298e-08, 0, 3.85227e-09, 3.59058e-09, 0, 0, 1.39858e-07, 1.6716e-07, 1.03387e-09, 6.14123, 0.904232, 7.89758e-05, 271.712
1822, 0.00485437, 1.12092e-07, 1.96054e-08, 0, 1.17312e-08, 1.06342e-08, 0, 0, 1.54063e-07, 3.87622e-07, 3.66609e-09, 5.32788, 0.904224, 7.93296e-05, 272.495
1823, 0.0134864, 9.84412e-08, 2.69762e-08, 0, 3.44334e-08, 3.10484e-08, 0, 0, 1.90899e-07, 1.07856e-06, 1.10004e-08, 4.30607, 0.904216, 7.95135e-05, 274.402
1824, 0.0188497, 8.91475e-08, 3.24549e-08, 0, 4.78747e-08, 4.31345e-08, 0, 0, 2.12612e-07, 1.50803e-06, 1.52961e-08, 3.97126, 0.904208, 7.98027e-05, 275.309
1825, 0.0132001, 9.66839e-08, 3.04106e-08, 0, 3.13442e-08, 2.83499e-08, 0, 0, 1.86789e-07, 1.05638e-06, 9.80421e-09, 4.32753, 0.9042, 7.99734e-05, 273.946
1826, 0.00524732, 1.10742e-07, 2.50007e-08, 0, 1.01089e-08, 9.2771e-09, 0, 0, 1.55129e-07, 4.19965e-07, 2.95548e-09, 5.25004, 0.904191, 7.99954e-05, 272.066
1827, 0.00216603, 1.16821e-07, 2.33368e-08, 0, 2.29493e-09, 2.23208e-09, 0, 0, 1.44685e-07, 1.73229e-07, 5.01663e-10, 6.13486, 0.904184, 7.99496e-05, 271.29
1828, 0.00137663, 1.20484e-07, 2.26322e-08, 0, 9.07983e-10, 9.46203e-10, 0, 0, 1.4497e-07, 1.10017e-07, 1.18925e-10, 6.58812, 0.904176, 7.98739e-05, 271.186
1829, 0.000657404, 1.2656e-07, 2.04325e-08, 0, 3.53583e-10, 3.76619e-10, 0, 0, 1.47722e-07, 5.25089e-08, 3.87804e-11, 7.32721, 0.904168, 7.97907e-05, 271.239
1830, 0.000271195, 1.306e-07, 1.93835e-08, 0, 9.16059e-11, 1.01917e-10, 0, 0, 1.50177e-07, 2.16315e-08, 7.48052e-12, 8.21267, 0.904159, 7.96932e-05, 271.27
1831, 0.00021783, 1.32336e-07, 1.96432e-08, 0, 5.06497e-11, 5.9205e-11, 0, 0, 1.5209e-07, 1.73357e-08, 2.46589e-12, 8.4318, 0.904152, 7.95121e-05, 271.266
1832, 0.000364747, 1.31331e-07, 2.15662e-08, 0, 1.1108e-10, 1.25615e-10, 0, 0, 1.53133e-07, 2.89797e-08, 7.42317e-12, 7.91631, 0.904144, 7.92384e-05, 271.208
1833, 0.000617918, 1.30031e-07, 2.3649e-08, 0, 2.38356e-10, 2.63132e-10, 0, 0, 1.54181e-07, 4.90504e-08, 1.91932e-11, 7.38915, 0.904135, 7.91151e-05, 271.149
1834, 0.000656944, 1.33953e-07, 2.25193e-08, 0, 2.74955e-10, 3.01458e-10, 0, 0, 1.57049e-07, 5.21291e-08, 2.32438e-11, 7.32791, 0.904128, 7.91804e-05, 271.199
1835, 0.000336462, 1.44787e-07, 1.7152e-08, 0, 1.41958e-10, 1.55607e-10, 0, 0, 1.62237e-07, 2.6695e-08, 1.20409e-11, 7.99702, 0.90412, 7.91823e-05, 271.382
1836, 7.61924e-05, 1.53911e-07, 1.28454e-08, 0, 3.12522e-11, 3.434e-11, 0, 0, 1.66822e-07, 6.04443e-09, 2.61389e-12, 9.48225, 0.904112, 7.9094e-05, 271.522
1837, 1.07521e-05, 1.57309e-07, 1.2144e-08, 0, 3.14114e-12, 3.51246e-12, 0, 0, 1.69459e-07, 8.511e-10, 2.37848e-13, 11.4404, 0.904104, 7.89845e-05, 271.547
1838, 1.20922e-05, 1.56551e-07, 1.41448e-08, 0, 9.84733e-13, 1.26417e-12, 0, 0, 1.70698e-07, 9.52664e-10, 1.29755e-14, 11.3229, 0.904096, 7.88735e-05, 271.493
1839, 1.80997e-05, 1.55916e-07, 1.60819e-08, 0, 1.33886e-12, 1.7497e-12, 0, 0, 1.72001e-07, 1.42556e-09, 6.32764e-15, 10.9196, 0.904088, 7.8759e-05, 271.443
1840, 1.27898e-05, 1.59859e-07, 1.50258e-08, 0, 9.49192e-13, 1.23358e-12, 0, 0, 1.74887e-07, 1.00691e-09, 5.94916e-15, 11.2669, 0.90408, 7.86409e-05, 271.478
1841, 1.11155e-05, 1.64582e-07, 1.34564e-08, 0, 1.55559e-12, 1.85999e-12, 0, 0, 1.78042e-07, 8.71584e-10, 6.8844e-14, 11.4072, 0.904072, 7.85237e-05, 271.525
1842, 5.74477e-05, 1.65638e-07, 1.42452e-08, 0, 1.56096e-11, 1.76694e-11, 0, 0, 1.79917e-07, 4.49132e-09, 1.09266e-12, 9.76464, 0.904064, 7.84082e-05, 271.502
1843, 0.000293301, 1.58385e-07, 2.03601e-08, 0, 1.01325e-10, 1.12697e-10, 0, 0, 1.78959e-07, 2.29143e-08, 7.90769e-12, 8.13431, 0.904056, 7.8292e-05, 271.33
1844, 0.000830651, 1.47227e-07, 2.87721e-08, 0, 3.11774e-10, 3.448e-10, 0, 0, 1.76656e-07, 6.48696e-08, 2.5083e-11, 7.0933, 0.904047, 7.8147e-05, 271.086
1845, 0.0011423, 1.44562e-07, 3.18294e-08, 0, 4.33304e-10, 4.78924e-10, 0, 0, 1.77304e-07, 8.91804e-08, 3.47813e-11, 6.77471, 0.90404, 7.78047e-05, 270.999
1846, 0.000728233, 1.58436e-07, 2.47715e-08, 0, 2.69153e-10, 2.98128e-10, 0, 0, 1.83775e-07, 5.68353e-08, 2.11478e-11, 7.22489, 0.904032, 7.70158e-05, 271.216
1847, 0.000213043, 1.77532e-07, 1.43912e-08, 0, 7.46263e-11, 8.3012e-11, 0, 0, 1.9208e-07, 1.66204e-08, 5.65156e-12, 8.45402, 0.904024, 7.63846e-05, 271.512
1848, 3.6869e-05, 1.8553e-07, 1.10015e-08, 0, 1.02303e-11, 1.15742e-11, 0, 0, 1.96554e-07, 2.8705e-09, 6.89842e-13, 10.2081, 0.90402, 7.67752e-05, 271.609
1849, 4.55526e-05, 1.81477e-07, 1.54201e-08, 0, 8.20735e-12, 9.72701e-12, 0, 0, 1.96915e-07, 3.52297e-09, 3.65005e-13, 9.99664, 0.904042, 7.73356e-05, 271.505
1850, 0.000168659, 1.74297e-07, 2.176e-08, 0, 3.91638e-11, 4.54402e-11, 0, 0, 1.96142e-07, 1.30207e-08, 2.03887e-12, 8.68763, 0.904147, 7.73752e-05, 271.346
1851, 0.000410436, 1.68096e-07, 2.724e-08, 0, 1.0244e-10, 1.18208e-10, 0, 0, 1.95557e-07, 3.1679e-08, 5.518e-12, 7.79829, 0.904374, 7.71687e-05, 271.197
1852, 0.000483412, 1.68887e-07, 2.83429e-08, 0, 1.19306e-10, 1.37778e-10, 0, 0, 1.97487e-07, 3.73189e-08, 6.35005e-12, 7.63464, 0.904684, 7.69928e-05, 271.169
1853, 0.000257242, 1.81496e-07, 2.21597e-08, 0, 6.04144e-11, 7.0037e-11, 0, 0, 2.03786e-07, 1.98598e-08, 3.10071e-12, 8.26549, 0.90502, 7.69002e-05, 271.346
1854, 8.65576e-05, 1.89182e-07, 1.91909e-08, 0, 1.62976e-11, 1.92921e-11, 0, 0, 2.08408e-07, 6.6677e-09, 6.96695e-13, 9.3547, 0.90536, 7.68658e-05, 271.438
1855, 7.75795e-05, 1.86046e-07, 2.31101e-08, 0, 9.63112e-12, 1.20345e-11, 0, 0, 2.09177e-07, 5.95166e-09, 2.02982e-13, 9.46421, 0.905701, 7.68027e-05, 271.352
1856, 8.48039e-05, 1.87583e-07, 2.3923e-08, 0, 1.00487e-11, 1.26577e-11, 0, 0, 2.11528e-07, 6.5026e-09, 1.8138e-13, 9.37517, 0.90604, 7.67161e-05, 271.337
1857, 8.76132e-05, 1.9177e-07, 2.30146e-08, 0, 1.0878e-11, 1.36385e-11, 0, 0, 2.1481e-07, 6.71003e-09, 2.20854e-13, 9.34258, 0.90638, 7.66345e-05, 271.363
1858, 0.000120559, 1.89816e-07, 2.61138e-08, 0, 1.55328e-11, 1.93867e-11, 0, 0, 2.15965e-07, 9.22444e-09, 3.50947e-13, 9.02337, 0.90672, 7.65339e-05, 271.294
1859, 0.00011716, 1.95078e-07, 2.45635e-08, 0, 1.84927e-11, 2.24219e-11, 0, 0, 2.19682e-07, 8.95452e-09, 7.4698e-13, 9.05197, 0.90706, 7.64162e-05, 271.335
1860, 0.000194075, 2.0452e-07, 2.02106e-08, 0, 5.91751e-11, 6.73639e-11, 0, 0, 2.24857e-07, 1.47714e-08, 4.60424e-12, 8.54727, 0.9074, 7.62909e-05, 271.437
1861, 0.000610701, 1.98079e-07, 2.5896e-08, 0, 2.17681e-10, 2.45133e-10, 0, 0, 2.24437e-07, 4.64187e-08, 1.84492e-11, 7.4009, 0.90774, 7.61508e-05, 271.299
1862, 0.00105657, 1.85238e-07, 3.57587e-08, 0, 3.82538e-10, 4.30286e-10, 0, 0, 2.2181e-07, 8.02698e-08, 3.29792e-11, 6.85273, 0.90808, 7.59776e-05, 271.066
1863, 0.000911667, 1.86679e-07, 3.69795e-08, 0, 3.18133e-10, 3.59342e-10, 0, 0, 2.24336e-07, 6.91991e-08, 2.70486e-11, 7.00024, 0.90842, 7.58036e-05, 271.054
1864, 0.000604023, 1.95828e-07, 3.3407e-08, 0, 2.06667e-10, 2.35161e-10, 0, 0, 2.29677e-07, 4.57328e-08, 1.79949e-11, 7.4119, 0.90876, 7.56909e-05, 271.158
1865, 0.000837025, 1.95977e-07, 3.5127e-08, 0, 3.33012e-10, 3.75859e-10, 0, 0, 2.31813e-07, 6.32014e-08, 3.29455e-11, 7.08566, 0.9091, 7.5594e-05, 271.127
1866, 0.00117192, 1.94278e-07, 3.78873e-08, 0, 4.86012e-10, 5.46484e-10, 0, 0, 2.33198e-07, 8.84371e-08, 4.92178e-11, 6.74911, 0.909441, 7.54562e-05, 271.063
1867, 0.00080338, 2.09846e-07, 3.01654e-08, 0, 3.27935e-10, 3.68847e-10, 0, 0, 2.40708e-07, 6.06141e-08, 3.28718e-11, 7.12668, 0.909781, 7.52858e-05, 271.246
1868, 0.000244178, 2.29499e-07, 2.00961e-08, 0, 9.57306e-11, 1.07923e-10, 0, 0, 2.49799e-07, 1.84199e-08, 9.37771e-12, 8.31761, 0.91012, 7.509e-05, 271.481
1869, 3.27769e-05, 2.38447e-07, 1.67061e-08, 0, 1.20319e-11, 1.36207e-11, 0, 0, 2.55179e-07, 2.47208e-09, 1.13849e-12, 10.3258, 0.91046, 7.48582e-05, 271.565
1870, 2.05016e-06, 2.45205e-07, 1.44585e-08, 0, 6.55162e-13, 7.46087e-13, 0, 0, 2.59665e-07, 1.54518e-10, 5.87633e-14, 13.0976, 0.9108, 7.45678e-05, 271.612
1871, 1.48173e-07, 2.50653e-07, 1.3022e-08, 0, 1.87588e-14, 2.12984e-14, 0, 0, 2.63675e-07, 1.10341e-11, 1.28897e-15, 15.7249, 0.91114, 7.41751e-05, 271.64
1872, 1.43214e-07, 2.52254e-07, 1.42026e-08, 0, 5.29262e-15, 5.68521e-15, 0, 0, 2.66457e-07, 1.05056e-11, 1.2134e-17, 15.7589, 0.91148, 7.35615e-05, 271.621
1873, 1.73008e-07, 2.54901e-07, 1.47145e-08, 0, 6.07695e-15, 6.65943e-15, 0, 0, 2.69615e-07, 1.24124e-11, 6.96495e-19, 15.5699, 0.91182, 7.23382e-05, 271.615
1874, 2.80142e-07, 2.55319e-07, 1.67719e-08, 0, 1.40405e-14, 1.59394e-14, 0, 0, 2.7209e-07, 1.94309e-11, 5.09215e-16, 15.088, 0.91216, 6.96306e-05, 271.583
1875, 1.29445e-06, 2.53037e-07, 2.06764e-08, 0, 2.86241e-13, 3.22328e-13, 0, 0, 2.73714e-07, 9.21621e-11, 2.77268e-14, 13.5574, 0.9125, 6.59398e-05, 271.521
1876, 1.79875e-05, 2.53924e-07, 2.23921e-08, 0, 6.1071e-12, 6.81714e-12, 0, 0, 2.76329e-07, 1.30667e-09, 6.49129e-13, 10.9258, 0.91284, 6.5303e-05, 271.493
1877, 0.00016086, 2.52174e-07, 2.55839e-08, 0, 6.16625e-11, 6.83448e-11, 0, 0, 2.77888e-07, 1.17164e-08, 6.89909e-12, 8.73498, 0.91318, 6.84858e-05, 271.428
1878, 0.000707576, 2.3858e-07, 3.60236e-08, 0, 2.97234e-10, 3.27047e-10, 0, 0, 2.75228e-07, 5.15976e-08, 3.521e-11, 7.25367, 0.91352, 7.13403e-05, 271.217
1879, 0.00156888, 2.2377e-07, 4.69727e-08, 0, 7.17541e-10, 7.8382e-10, 0, 0, 2.72244e-07, 1.14538e-07, 9.0159e-11, 6.4574, 0.91386, 7.2577e-05, 270.994
1880, 0.0018883, 2.2499e-07, 4.82929e-08, 0, 9.28833e-10, 1.00837e-09, 0, 0, 2.7522e-07, 1.38036e-07, 1.23204e-10, 6.27208, 0.9142, 7.30546e-05, 270.979
1881, 0.00175835, 2.32773e-07, 4.58876e-08, 0, 9.20895e-10, 9.93742e-10, 0, 0, 2.80575e-07, 1.28793e-07, 1.30243e-10, 6.34338, 0.91454, 7.32626e-05, 271.046
1882, 0.00206699, 2.30539e-07, 4.93576e-08, 0, 1.10334e-09, 1.18687e-09, 0, 0, 2.82187e-07, 1.51633e-07, 1.61843e-10, 6.18166, 0.914881, 7.33463e-05, 270.982
1883, 0.00186943, 2.34776e-07, 4.91908e-08, 0, 9.51671e-10, 1.02645e-09, 0, 0, 2.85945e-07, 1.37163e-07, 1.37034e-10, 6.28212, 0.91522, 7.33399e-05, 270.991
1884, 0.000996673, 2.49386e-07, 4.31688e-08, 0, 4.3304e-10, 4.73135e-10, 0, 0, 2.93461e-07, 7.30476e-08, 5.71195e-11, 6.91109, 0.91556, 7.32388e-05, 271.122
1885, 0.000746095, 2.5165e-07, 4.44648e-08, 0, 2.59411e-10, 2.90832e-10, 0, 0, 2.96665e-07, 5.4558e-08, 2.93757e-11, 7.20066, 0.9159, 7.31378e-05, 271.108
1886, 0.00138814, 2.45461e-07, 5.02846e-08, 0, 6.74393e-10, 7.30563e-10, 0, 0, 2.9715e-07, 1.01537e-07, 1.03275e-10, 6.57979, 0.91624, 7.31472e-05, 271.006
1887, 0.00298808, 2.36634e-07, 5.6939e-08, 0, 1.92544e-09, 2.03557e-09, 0, 0, 2.97534e-07, 2.18535e-07, 3.45696e-10, 5.81312, 0.916579, 7.31643e-05, 270.9
1888, 0.00456451, 2.27524e-07, 6.38113e-08, 0, 3.14581e-09, 3.31027e-09, 0, 0, 2.97791e-07, 3.33721e-07, 5.81216e-10, 5.38944, 0.91692, 7.31168e-05, 270.79
1889, 0.00373947, 2.40669e-07, 5.87744e-08, 0, 2.48445e-09, 2.62344e-09, 0, 0, 3.04551e-07, 2.73328e-07, 4.49557e-10, 5.58881, 0.91726, 7.30384e-05, 270.889
1890, 0.00156675, 2.68954e-07, 4.55296e-08, 0, 9.30519e-10, 9.91427e-10, 0, 0, 3.16406e-07, 1.14479e-07, 1.59216e-10, 6.45875, 0.9176, 7.29504e-05, 271.139
1891, 0.000403374, 2.83057e-07, 4.05155e-08, 0, 1.75469e-10, 1.91022e-10, 0, 0, 3.23939e-07, 2.94455e-08, 2.64286e-11, 7.81565, 0.91794, 7.28391e-05, 271.249
1892, 0.000157182, 2.88082e-07, 4.03937e-08, 0, 4.44756e-11, 4.98706e-11, 0, 0, 3.2857e-07, 1.14351e-08, 6.02032e-12, 8.75811, 0.91828, 7.26662e-05, 271.268
1893, 0.000417865, 2.88994e-07, 4.22839e-08, 0, 2.4217e-10, 2.56908e-10, 0, 0, 3.31778e-07, 3.02919e-08, 4.64265e-11, 7.78035, 0.91862, 7.24866e-05, 271.244
1894, 0.00170381, 2.76951e-07, 5.12878e-08, 0, 1.20128e-09, 1.26032e-09, 0, 0, 3.30701e-07, 1.23455e-07, 2.43776e-10, 6.37489, 0.91896, 7.2439e-05, 271.095
1895, 0.00370487, 2.57041e-07, 6.459e-08, 0, 2.7185e-09, 2.84583e-09, 0, 0, 3.27195e-07, 2.68381e-07, 5.57049e-10, 5.59811, 0.9193, 7.24415e-05, 270.875
1896, 0.00406306, 2.52785e-07, 6.96002e-08, 0, 2.83077e-09, 2.97595e-09, 0, 0, 3.28192e-07, 2.94224e-07, 5.6284e-10, 5.50582, 0.91964, 7.23787e-05, 270.787
1897, 0.00243684, 2.74741e-07, 6.00697e-08, 0, 1.46107e-09, 1.55568e-09, 0, 0, 3.37827e-07, 1.76371e-07, 2.65529e-10, 6.01705, 0.91998, 7.2266e-05, 270.949
1898, 0.000853754, 3.08733e-07, 4.30369e-08, 0, 4.15907e-10, 4.51722e-10, 0, 0, 3.52638e-07, 6.17585e-08, 6.46978e-11, 7.06587, 0.920318, 7.21004e-05, 271.248
1899, 0.000170835, 3.3621e-07, 2.91202e-08, 0, 6.79217e-11, 7.52495e-11, 0, 0, 3.65473e-07, 1.23504e-08, 8.90274e-12, 8.67481, 0.920646, 7.1895e-05, 271.478
1900, 4.63119e-05, 3.45176e-07, 2.6408e-08, 0, 8.87131e-12, 1.05099e-11, 0, 0, 3.71604e-07, 3.33079e-09, 7.4693e-13, 9.98011, 0.920941, 7.17832e-05, 271.522
1901, 9.51527e-05, 3.34448e-07, 3.6288e-08, 0, 1.05983e-11, 1.36942e-11, 0, 0, 3.70761e-07, 6.82297e-09, 2.93388e-13, 9.26003, 0.921186, 7.17531e-05, 271.383
1902, 0.000138365, 3.2773e-07, 4.36082e-08, 0, 1.53924e-11, 1.99251e-11, 0, 0, 3.71373e-07, 9.91655e-09, 4.01911e-13, 8.88562, 0.921398, 7.16629e-05, 271.282
1903, 0.000117248, 3.34649e-07, 4.22556e-08, 0, 1.24608e-11, 1.62209e-11, 0, 0, 3.76934e-07, 8.39082e-09, 3.00818e-13, 9.05122, 0.9216, 7.1517e-05, 271.31
1904, 9.01622e-05, 3.43059e-07, 4.00103e-08, 0, 8.87531e-12, 1.16639e-11, 0, 0, 3.83089e-07, 6.43789e-09, 1.92447e-13, 9.3139, 0.9218, 7.13568e-05, 271.35
1905, 6.74382e-05, 3.59574e-07, 3.24727e-08, 0, 9.23205e-12, 1.15475e-11, 0, 0, 3.92068e-07, 4.802e-09, 5.01034e-13, 9.6043, 0.921999, 7.1197e-05, 271.459
1906, 0.000160832, 3.70256e-07, 2.85041e-08, 0, 4.52373e-11, 5.28264e-11, 0, 0, 3.98858e-07, 1.13839e-08, 4.3405e-12, 8.73515, 0.922201, 7.10427e-05, 271.51
1907, 0.000632625, 3.53587e-07, 4.16217e-08, 0, 2.0065e-10, 2.32119e-10, 0, 0, 3.95642e-07, 4.47286e-08, 2.07355e-11, 7.36563, 0.9224, 7.089e-05, 271.314
1908, 0.00134967, 3.25762e-07, 6.16103e-08, 0, 4.5477e-10, 5.23162e-10, 0, 0, 3.88351e-07, 9.53645e-08, 4.98867e-11, 6.60789, 0.9226, 7.07331e-05, 271.016
1909, 0.00163764, 3.18046e-07, 6.94489e-08, 0, 5.78681e-10, 6.62917e-10, 0, 0, 3.88736e-07, 1.15601e-07, 6.70407e-11, 6.4145, 0.9228, 7.05739e-05, 270.91
1910, 0.00122787, 3.33982e-07, 6.32403e-08, 0, 4.34015e-10, 4.97332e-10, 0, 0, 3.98153e-07, 8.65916e-08, 5.11726e-11, 6.70247, 0.923, 7.04161e-05, 271.026
1911, 0.000539836, 3.59702e-07, 5.12295e-08, 0, 1.76791e-10, 2.03916e-10, 0, 0, 4.11312e-07, 3.80392e-08, 2.01498e-11, 7.52424, 0.9232, 7.02524e-05, 271.227
1912, 0.000149814, 3.76998e-07, 4.4211e-08, 0, 3.8269e-11, 4.50147e-11, 0, 0, 4.21292e-07, 1.05385e-08, 3.8842e-12, 8.80612, 0.9234, 7.0055e-05, 271.346
1913, 9.08071e-05, 3.88167e-07, 4.05276e-08, 0, 2.18929e-11, 2.602e-11, 0, 0, 4.28743e-07, 6.34191e-09, 2.218e-12, 9.30677, 0.9236, 6.9842e-05, 271.401
1914, 0.000305319, 3.91035e-07, 4.16833e-08, 0, 1.04402e-10, 1.20748e-10, 0, 0, 4.32943e-07, 2.12467e-08, 1.32932e-11, 8.09415, 0.9238, 6.97056e-05, 271.38
1915, 0.000853498, 3.78768e-07, 5.21603e-08, 0, 4.05474e-10, 4.48684e-10, 0, 0, 4.31782e-07, 5.93206e-08, 7.66795e-11, 7.06617, 0.924, 6.96061e-05, 271.238
1916, 0.00212191, 3.68962e-07, 6.04564e-08, 0, 1.71044e-09, 1.79209e-09, 0, 0, 4.32921e-07, 1.47101e-07, 4.53698e-10, 6.15544, 0.9242, 6.94585e-05, 271.147
1917, 0.0055203, 3.49105e-07, 7.29474e-08, 0, 5.5472e-09, 5.71934e-09, 0, 0, 4.33319e-07, 3.82076e-07, 1.59644e-09, 5.19932, 0.9244, 6.92989e-05, 271.041
1918, 0.00874301, 3.26495e-07, 8.7274e-08, 0, 9.02235e-09, 9.29272e-09, 0, 0, 4.32085e-07, 6.04801e-07, 2.61244e-09, 4.7395, 0.9246, 6.91552e-05, 270.897
1919, 0.00677404, 3.52426e-07, 7.63921e-08, 0, 6.77231e-09, 6.99842e-09, 0, 0, 4.42588e-07, 4.68411e-07, 1.92903e-09, 4.99466, 0.9248, 6.89852e-05, 271.016
1920, 0.00291647, 4.03198e-07, 5.19287e-08, 0, 2.71586e-09, 2.82827e-09, 0, 0, 4.6067e-07, 2.01328e-07, 7.50021e-10, 5.83738, 0.925, 6.88127e-05, 271.293
1921, 0.00303629, 4.05747e-07, 5.38087e-08, 0, 2.88374e-09, 3.01636e-09, 0, 0, 4.65456e-07, 2.0825e-07, 8.22759e-10, 5.79712, 0.925201, 6.86875e-05, 271.279
1922, 0.0069122, 3.6351e-07, 7.99981e-08, 0, 7.09114e-09, 7.37801e-09, 0, 0, 4.57978e-07, 4.73333e-07, 2.11676e-09, 4.97447, 0.9254, 6.85576e-05, 271.005
1923, 0.00928315, 3.47871e-07, 9.11228e-08, 0, 1.02622e-08, 1.05985e-08, 0, 0, 4.59855e-07, 6.34989e-07, 3.24114e-09, 4.67955, 0.9256, 6.83769e-05, 270.929
1924, 0.00956978, 3.64574e-07, 8.44725e-08, 0, 1.28579e-08, 1.29928e-08, 0, 0, 4.74897e-07, 6.5224e-07, 4.71671e-09, 4.64915, 0.9258, 6.81773e-05, 271.13
1925, 0.0126482, 3.58796e-07, 8.93096e-08, 0, 2.00585e-08, 1.99534e-08, 0, 0, 4.88118e-07, 8.59045e-07, 8.10374e-09, 4.37024, 0.926, 6.80168e-05, 271.285
1926, 0.0129666, 3.58183e-07, 9.31907e-08, 0, 2.05173e-08, 2.04291e-08, 0, 0, 4.9232e-07, 8.80081e-07, 8.31639e-09, 4.34538, 0.9262, 6.78915e-05, 271.254
1927, 0.00753452, 3.89012e-07, 8.2763e-08, 0, 1.05375e-08, 1.06127e-08, 0, 0, 4.92925e-07, 5.11207e-07, 4.07299e-09, 4.88826, 0.9264, 6.77627e-05, 271.151
1928, 0.00434965, 4.06853e-07, 7.83198e-08, 0, 4.50199e-09, 4.68084e-09, 0, 0, 4.94355e-07, 2.94252e-07, 1.47799e-09, 5.43766, 0.9266, 6.76172e-05, 271.064
1929, 0.00533313, 4.00664e-07, 8.48822e-08, 0, 5.26019e-09, 5.52226e-09, 0, 0, 4.96328e-07, 3.59659e-07, 1.62228e-09, 5.23382, 0.9268, 6.744e-05, 270.988
1930, 0.00592425, 4.00519e-07, 8.85106e-08, 0, 6.50193e-09, 6.74346e-09, 0, 0, 5.02275e-07, 3.98727e-07, 2.19452e-09, 5.1287, 0.927001, 6.72423e-05, 270.991
1931, 0.00660239, 4.05584e-07, 8.91155e-08, 0, 9.60788e-09, 9.66546e-09, 0, 0, 5.13972e-07, 4.42053e-07, 3.98597e-09, 5.02032, 0.9272, 6.70714e-05, 271.103
1932, 0.0113875, 3.89672e-07, 9.85096e-08, 0, 1.9962e-08, 1.9779e-08, 0, 0, 5.27922e-07, 7.60218e-07, 9.01285e-09, 4.47523, 0.9274, 6.69133e-05, 271.252
1933, 0.0163793, 3.7392e-07, 1.07502e-07, 0, 3.12179e-08, 3.06613e-08, 0, 0, 5.43301e-07, 1.09281e-06, 1.48184e-08, 4.11174, 0.9276, 6.67823e-05, 271.422
1934, 0.0207235, 3.68067e-07, 1.11431e-07, 0, 4.64091e-08, 4.47198e-08, 0, 0, 5.70627e-07, 1.38022e-06, 2.43695e-08, 3.87649, 0.9278, 6.66537e-05, 271.793
1935, 0.0256412, 3.58208e-07, 1.17337e-07, 0, 6.31533e-08, 6.02771e-08, 0, 0, 5.98976e-07, 1.70425e-06, 3.48708e-08, 3.66356, 0.928, 6.64647e-05, 272.161
1936, 0.0224739, 3.68734e-07, 1.17345e-07, 0, 5.17098e-08, 4.96942e-08, 0, 0, 5.87483e-07, 1.48989e-06, 2.79518e-08, 3.7954, 0.9282, 6.61869e-05, 271.853
1937, 0.0152819, 3.92476e-07, 1.12788e-07, 0, 2.75568e-08, 2.71872e-08, 0, 0, 5.60008e-07, 1.00846e-06, 1.33032e-08, 4.18109, 0.9284, 6.59228e-05, 271.263
1938, 0.0115411, 4.12265e-07, 1.08202e-07, 0, 1.68339e-08, 1.70962e-08, 0, 0, 5.54397e-07, 7.59212e-07, 7.05568e-09, 4.46184, 0.9286, 6.57873e-05, 271.049
1939, 0.0106354, 4.2919e-07, 1.03137e-07, 0, 1.66693e-08, 1.68489e-08, 0, 0, 5.65846e-07, 6.97405e-07, 7.4488e-09, 4.54357, 0.9288, 6.56359e-05, 271.137
1940, 0.0142302, 4.2425e-07, 1.07187e-07, 0, 2.83538e-08, 2.78256e-08, 0, 0, 5.87617e-07, 9.27397e-07, 1.50295e-08, 4.25239, 0.929, 6.53622e-05, 271.397
1941, 0.0232956, 3.99638e-07, 1.18411e-07, 0, 6.1497e-08, 5.80871e-08, 0, 0, 6.37633e-07, 1.50573e-06, 3.82048e-08, 3.75949, 0.9292, 6.49536e-05, 272.096
1942, 0.0375159, 3.67024e-07, 1.30007e-07, 0, 1.17058e-07, 1.08305e-07, 0, 0, 7.22395e-07, 2.40606e-06, 7.78255e-08, 3.28299, 0.9294, 6.42762e-05, 273.234
1943, 0.0417937, 3.56691e-07, 1.36328e-07, 0, 1.3019e-07, 1.20155e-07, 0, 0, 7.43364e-07, 2.66e-06, 8.66336e-08, 3.17501, 0.9296, 6.29081e-05, 273.408
1944, 0.0303062, 3.82959e-07, 1.34076e-07, 0, 8.19124e-08, 7.63187e-08, 0, 0, 6.75266e-07, 1.89306e-06, 5.23704e-08, 3.4964, 0.9298, 6.05625e-05, 272.327
1945, 0.0255099, 3.92582e-07, 1.35865e-07, 0, 5.81135e-08, 5.49215e-08, 0, 0, 6.41481e-07, 1.54806e-06, 3.55267e-08, 3.66869, 0.93, 5.88878e-05, 271.699
1946, 0.0320138, 3.75897e-07, 1.43604e-07, 0, 7.65964e-08, 7.21538e-08, 0, 0, 6.68251e-07, 1.95532e-06, 4.80693e-08, 3.44159, 0.9302, 5.99198e-05, 271.994
1947, 0.0339901, 3.75508e-07, 1.46122e-07, 0, 8.29795e-08, 7.82385e-08, 0, 0, 6.82847e-07, 2.11503e-06, 5.23589e-08, 3.38169, 0.9304, 6.20345e-05, 272.096
1948, 0.0308586, 3.86221e-07, 1.46568e-07, 0, 7.21389e-08, 6.85097e-08, 0, 0, 6.73437e-07, 1.95012e-06, 4.47498e-08, 3.47834, 0.930599, 6.32631e-05, 271.843
1949, 0.0330828, 3.80432e-07, 1.51788e-07, 0, 8.24444e-08, 7.77947e-08, 0, 0, 6.92459e-07, 2.1087e-06, 5.30613e-08, 3.40874, 0.930788, 6.37247e-05, 272.008
1950, 0.0412823, 3.62044e-07, 1.58843e-07, 0, 1.16807e-07, 1.08559e-07, 0, 0, 7.46253e-07, 2.63777e-06, 7.97034e-08, 3.18732, 0.930949, 6.38799e-05, 272.646
1951, 0.0493347, 3.47307e-07, 1.63536e-07, 0, 1.5009e-07, 1.3791e-07, 0, 0, 7.98842e-07, 3.15317e-06, 1.05963e-07, 3.00913, 0.931068, 6.39097e-05, 273.22
1952, 0.048604, 3.55215e-07, 1.63219e-07, 0, 1.46205e-07, 1.33979e-07, 0, 0, 7.98618e-07, 3.10526e-06, 1.0347e-07, 3.02405, 0.931158, 6.38776e-05, 273.103
1953, 0.0390902, 3.82885e-07, 1.59603e-07, 0, 1.07151e-07, 9.85761e-08, 0, 0, 7.48216e-07, 2.49528e-06, 7.38838e-08, 3.24188, 0.93124, 6.38133e-05, 272.331
1954, 0.0309166, 4.0189e-07, 1.5948e-07, 0, 7.40252e-08, 6.81903e-08, 0, 0, 7.03586e-07, 1.97086e-06, 4.91606e-08, 3.47646, 0.93132, 6.37288e-05, 271.6
1955, 0.0258611, 4.11497e-07, 1.62438e-07, 0, 5.37674e-08, 4.93902e-08, 0, 0, 6.77092e-07, 1.6461e-06, 3.41953e-08, 3.65502, 0.9314, 6.36312e-05, 271.103
1956, 0.0220547, 4.22268e-07, 1.64509e-07, 0, 3.97044e-08, 3.64141e-08, 0, 0, 6.62897e-07, 1.40133e-06, 2.37975e-08, 3.81423, 0.931481, 6.35239e-05, 270.778
1957, 0.0209255, 4.30065e-07, 1.66227e-07, 0, 3.60904e-08, 3.30504e-08, 0, 0, 6.65432e-07, 1.32684e-06, 2.10226e-08, 3.86679, 0.93156, 6.34098e-05, 270.704
1958, 0.022694, 4.32998e-07, 1.68092e-07, 0, 4.5091e-08, 4.10767e-08, 0, 0, 6.87257e-07, 1.43578e-06, 2.79744e-08, 3.78565, 0.93164, 6.3291e-05, 270.913
1959, 0.030789, 4.24199e-07, 1.70317e-07, 0, 8.01096e-08, 7.20744e-08, 0, 0, 7.467e-07, 1.94311e-06, 5.51445e-08, 3.4806, 0.93172, 6.31684e-05, 271.631
1960, 0.0453846, 4.01418e-07, 1.73891e-07, 0, 1.38744e-07, 1.2412e-07, 0, 0, 8.38173e-07, 2.85919e-06, 1.00189e-07, 3.09258, 0.9318, 6.30416e-05, 272.683
1961, 0.0541096, 3.91267e-07, 1.76133e-07, 0, 1.71603e-07, 1.53843e-07, 0, 0, 8.92846e-07, 3.40383e-06, 1.2518e-07, 2.91674, 0.931881, 6.2911e-05, 273.212
1962, 0.0509253, 4.0636e-07, 1.75799e-07, 0, 1.5512e-07, 1.39891e-07, 0, 0, 8.7717e-07, 3.19839e-06, 1.11982e-07, 2.9774, 0.93196, 6.27791e-05, 272.918
1963, 0.0422888, 4.26948e-07, 1.76998e-07, 0, 1.1626e-07, 1.0538e-07, 0, 0, 8.25587e-07, 2.65047e-06, 8.16128e-08, 3.16323, 0.93204, 6.26486e-05, 272.191
1964, 0.0423626, 4.21767e-07, 1.83195e-07, 0, 1.15324e-07, 1.03647e-07, 0, 0, 8.23933e-07, 2.64775e-06, 8.20215e-08, 3.16149, 0.93212, 6.25209e-05, 272.058
1965, 0.0533118, 3.9775e-07, 1.89823e-07, 0, 1.6473e-07, 1.46417e-07, 0, 0, 8.9872e-07, 3.32461e-06, 1.23952e-07, 2.9316, 0.9322, 6.23944e-05, 272.826
1966, 0.0655182, 3.78736e-07, 1.93039e-07, 0, 2.23046e-07, 1.97416e-07, 0, 0, 9.92237e-07, 4.07808e-06, 1.7451e-07, 2.72543, 0.93228, 6.22662e-05, 273.722
1967, 0.0735406, 3.70512e-07, 1.94596e-07, 0, 2.62756e-07, 2.32689e-07, 0, 0, 1.06055e-06, 4.56864e-06, 2.09949e-07, 2.60992, 0.93236, 6.21353e-05, 274.292
1968, 0.0786864, 3.6827e-07, 1.96127e-07, 0, 2.92743e-07, 2.59925e-07, 0, 0, 1.11706e-06, 4.87792e-06, 2.38185e-07, 2.54228, 0.932441, 6.20032e-05, 274.714
1969, 0.0856721, 3.61875e-07, 1.98092e-07, 0, 3.37741e-07, 2.99997e-07, 0, 0, 1.1977e-06, 5.29948e-06, 2.81409e-07, 2.45723, 0.93252, 6.18703e-05, 275.322
1970, 0.0879755, 3.6637e-07, 1.98936e-07, 0, 3.5515e-07, 3.16431e-07, 0, 0, 1.23689e-06, 5.43071e-06, 2.989e-07, 2.4307, 0.932601, 6.17297e-05, 275.543
1971, 0.0807205, 3.90574e-07, 1.9891e-07, 0, 3.14784e-07, 2.83204e-07, 0, 0, 1.18747e-06, 4.96543e-06, 2.61999e-07, 2.51676, 0.93268, 6.15444e-05, 275.006
1972, 0.0798496, 3.98151e-07, 2.01166e-07, 0, 3.07825e-07, 2.78541e-07, 0, 0, 1.18568e-06, 4.88192e-06, 2.55701e-07, 2.52761, 0.93276, 6.12858e-05, 274.877
1973, 0.0892931, 3.81547e-07, 2.05331e-07, 0, 3.57661e-07, 3.2246e-07, 0, 0, 1.267e-06, 5.44153e-06, 3.02256e-07, 2.41583, 0.93284, 6.10902e-05, 275.453
1974, 0.095932, 3.72172e-07, 2.08322e-07, 0, 3.93756e-07, 3.54129e-07, 0, 0, 1.32838e-06, 5.8443e-06, 3.36592e-07, 2.34412, 0.93292, 6.10189e-05, 275.832
1975, 0.103715, 3.6408e-07, 2.10052e-07, 0, 4.38428e-07, 3.93404e-07, 0, 0, 1.40597e-06, 6.3147e-06, 3.79006e-07, 2.26611, 0.933, 6.09499e-05, 276.313
1976, 0.114221, 3.52694e-07, 2.1111e-07, 0, 5.02468e-07, 4.49204e-07, 0, 0, 1.51548e-06, 6.95039e-06, 4.40499e-07, 2.16962, 0.93308, 6.08788e-05, 276.988
1977, 0.122473, 3.46149e-07, 2.11705e-07, 0, 5.54858e-07, 4.94512e-07, 0, 0, 1.60722e-06, 7.44109e-06, 4.91792e-07, 2.09987, 0.93316, 6.07517e-05, 277.495
1978, 0.12166, 3.55674e-07, 2.12707e-07, 0, 5.51193e-07, 4.91385e-07, 0, 0, 1.61096e-06, 7.37004e-06, 4.89404e-07, 2.10652, 0.93324, 6.05266e-05, 277.406
1979, 0.1076, 3.90993e-07, 2.13498e-07, 0, 4.74516e-07, 4.2455e-07, 0, 0, 1.50356e-06, 6.50007e-06, 4.188e-07, 2.22934, 0.93332, 6.03425e-05, 276.564
1980, 0.0951569, 4.21903e-07, 2.149e-07, 0, 4.08507e-07, 3.66966e-07, 0, 0, 1.41228e-06, 5.73842e-06, 3.58774e-07, 2.35223, 0.9334, 6.02884e-05, 275.794
1981, 0.106672, 4.03807e-07, 2.17702e-07, 0, 4.73779e-07, 4.24592e-07, 0, 0, 1.51988e-06, 6.42085e-06, 4.21792e-07, 2.238, 0.93348, 6.02215e-05, 276.452
1982, 0.124085, 3.73583e-07, 2.20754e-07, 0, 5.69563e-07, 5.09007e-07, 0, 0, 1.67291e-06, 7.45344e-06, 5.13179e-07, 2.08679, 0.93356, 6.00869e-05, 277.352
1983, 0.131079, 3.65012e-07, 2.22951e-07, 0, 6.11712e-07, 5.45839e-07, 0, 0, 1.74551e-06, 7.8597e-06, 5.55603e-07, 2.03195, 0.933641, 5.99682e-05, 277.689
1984, 0.134636, 3.65349e-07, 2.24039e-07, 0, 6.3995e-07, 5.69939e-07, 0, 0, 1.79928e-06, 8.05945e-06, 5.86491e-07, 2.00518, 0.93372, 5.98612e-05, 277.899
1985, 0.13256, 3.75305e-07, 2.25828e-07, 0, 6.29341e-07, 5.60574e-07, 0, 0, 1.79105e-06, 7.91851e-06, 5.78339e-07, 2.02072, 0.9338, 5.97265e-05, 277.737
1986, 0.123574, 3.97681e-07, 2.2832e-07, 0, 5.72814e-07, 5.11622e-07, 0, 0, 1.71044e-06, 7.36747e-06, 5.24272e-07, 2.09091, 0.93388, 5.96044e-05, 277.135
1987, 0.117039, 4.14921e-07, 2.3089e-07, 0, 5.2916e-07, 4.74189e-07, 0, 0, 1.64916e-06, 6.96459e-06, 4.8251e-07, 2.14525, 0.93396, 5.9499e-05, 276.636
1988, 0.123581, 4.06104e-07, 2.33155e-07, 0, 5.63693e-07, 5.04894e-07, 0, 0, 1.70785e-06, 7.33779e-06, 5.17643e-07, 2.09086, 0.93404, 5.93676e-05, 276.893
1989, 0.125571, 4.05768e-07, 2.36098e-07, 0, 5.71667e-07, 5.12096e-07, 0, 0, 1.72563e-06, 7.43946e-06, 5.26527e-07, 2.07488, 0.93412, 5.91909e-05, 276.89
1990, 0.117546, 4.24608e-07, 2.39832e-07, 0, 5.19208e-07, 4.66532e-07, 0, 0, 1.65018e-06, 6.94622e-06, 4.75615e-07, 2.14093, 0.9342, 5.90322e-05, 276.305
1991, 0.123339, 4.18722e-07, 2.41365e-07, 0, 5.55234e-07, 4.97921e-07, 0, 0, 1.71324e-06, 7.27056e-06, 5.14286e-07, 2.09282, 0.93428, 5.89366e-05, 276.589
1992, 0.137796, 3.975e-07, 2.41394e-07, 0, 6.45591e-07, 5.7665e-07, 0, 0, 1.86113e-06, 8.10806e-06, 6.07919e-07, 1.98198, 0.93436, 5.88467e-05, 277.356
1993, 0.140236, 3.97948e-07, 2.43202e-07, 0, 6.57173e-07, 5.87251e-07, 0, 0, 1.88557e-06, 8.23888e-06, 6.21461e-07, 1.96443, 0.93444, 5.87459e-05, 277.383
1994, 0.131739, 4.15933e-07, 2.47526e-07, 0, 5.94534e-07, 5.33886e-07, 0, 0, 1.79188e-06, 7.72566e-06, 5.59201e-07, 2.02693, 0.93452, 5.86334e-05, 276.728
1995, 0.122435, 4.30376e-07, 2.53484e-07, 0, 5.2308e-07, 4.72964e-07, 0, 0, 1.6799e-06, 7.16475e-06, 4.89022e-07, 2.10018, 0.9346, 5.85087e-05, 275.933
1996, 0.112049, 4.43613e-07, 2.60152e-07, 0, 4.48121e-07, 4.08581e-07, 0, 0, 1.56047e-06, 6.54281e-06, 4.17796e-07, 2.18882, 0.93468, 5.8378e-05, 275.045
1997, 0.0970813, 4.6745e-07, 2.66862e-07, 0, 3.56085e-07, 3.28464e-07, 0, 0, 1.41886e-06, 5.65615e-06, 3.30854e-07, 2.33221, 0.93476, 5.82432e-05, 273.939
1998, 0.0798032, 5.00791e-07, 2.72803e-07, 0, 2.61493e-07, 2.44327e-07, 0, 0, 1.27941e-06, 4.63934e-06, 2.40562e-07, 2.52819, 0.93484, 5.81176e-05, 272.755
1999, 0.065129, 5.33144e-07, 2.76856e-07, 0, 1.85702e-07, 1.74869e-07, 0, 0, 1.17057e-06, 3.77913e-06, 1.67486e-07, 2.73139, 0.934918, 5.80061e-05, 271.729
2000, 0.0525293, 5.68447e-07, 2.78121e-07, 0, 1.28624e-07, 1.21043e-07, 0, 0, 1.09624e-06, 3.04301e-06, 1.12674e-07, 2.94638, 0.934994, 5.78929e-05, 270.948
2001, 0.0397557, 6.12448e-07, 2.77215e-07, 0, 8.09118e-08, 7.56972e-08, 0, 0, 1.04627e-06, 2.29945e-06, 6.76098e-08, 3.225, 0.935065, 5.77805e-05, 270.363
2002, 0.0292209, 6.55169e-07, 2.75467e-07, 0, 4.70828e-08, 4.35959e-08, 0, 0, 1.02131e-06, 1.6874e-06, 3.64567e-08, 3.53287, 0.935132, 5.7691e-05, 270.008
2003, 0.0239319, 6.82077e-07, 2.7466e-07, 0, 3.13233e-08, 2.84694e-08, 0, 0, 1.01653e-06, 1.37947e-06, 2.22179e-08, 3.73254, 0.935198, 5.76162e-05, 269.851
2004, 0.0228082, 6.91803e-07, 2.76579e-07, 0, 2.75156e-08, 2.45096e-08, 0, 0, 1.02041e-06, 1.31241e-06, 1.86526e-08, 3.78064, 0.935265, 5.75248e-05, 269.78
2005, 0.0234078, 6.9213e-07, 2.81812e-07, 0, 2.97868e-08, 2.62461e-08, 0, 0, 1.02998e-06, 1.34467e-06, 2.05317e-08, 3.75468, 0.935331, 5.74313e-05, 269.766
2006, 0.0286133, 6.76024e-07, 2.8932e-07, 0, 4.56959e-08, 4.01903e-08, 0, 0, 1.05123e-06, 1.64097e-06, 3.40787e-08, 3.55388, 0.935396, 5.73623e-05, 269.864
2007, 0.0404837, 6.38357e-07, 2.97263e-07, 0, 8.19813e-08, 7.24299e-08, 0, 0, 1.09003e-06, 2.31842e-06, 6.59964e-08, 3.20686, 0.935462, 5.72963e-05, 270.123
2008, 0.0553652, 5.92732e-07, 3.04458e-07, 0, 1.32962e-07, 1.18243e-07, 0, 0, 1.14839e-06, 3.16666e-06, 1.13287e-07, 2.8938, 0.935528, 5.72184e-05, 270.546
2009, 0.063821, 5.72174e-07, 3.09252e-07, 0, 1.65739e-07, 1.47904e-07, 0, 0, 1.19507e-06, 3.6463e-06, 1.44849e-07, 2.75167, 0.935594, 5.71355e-05, 270.844
2010, 0.0583362, 5.94859e-07, 3.11795e-07, 0, 1.44337e-07, 1.28438e-07, 0, 0, 1.17943e-06, 3.32912e-06, 1.24552e-07, 2.84153, 0.93566, 5.70519e-05, 270.6
2011, 0.0482797, 6.33744e-07, 3.12327e-07, 0, 1.03049e-07, 9.08807e-08, 0, 0, 1.14e-06, 2.75114e-06, 8.49091e-08, 3.03074, 0.935726, 5.69676e-05, 270.143
2012, 0.0431754, 6.64005e-07, 3.11703e-07, 0, 8.25038e-08, 7.24101e-08, 0, 0, 1.13062e-06, 2.45626e-06, 6.53555e-08, 3.14248, 0.935792, 5.68782e-05, 269.95
2013, 0.0421911, 6.83467e-07, 3.11845e-07, 0, 7.91142e-08, 6.98518e-08, 0, 0, 1.14428e-06, 2.39651e-06, 6.23962e-08, 3.16555, 0.935858, 5.67829e-05, 269.964
2014, 0.0436964, 6.91598e-07, 3.13742e-07, 0, 8.42123e-08, 7.52099e-08, 0, 0, 1.16476e-06, 2.47829e-06, 6.75241e-08, 3.13049, 0.935924, 5.66986e-05, 270.036
2015, 0.0461044, 6.92792e-07, 3.17371e-07, 0, 9.22467e-08, 8.34066e-08, 0, 0, 1.18582e-06, 2.61114e-06, 7.55244e-08, 3.07685, 0.93599, 5.66286e-05, 270.11
2016, 0.0473726, 6.95395e-07, 3.22365e-07, 0, 9.66904e-08, 8.8556e-08, 0, 0, 1.20301e-06, 2.67906e-06, 8.04069e-08, 3.04971, 0.936056, 5.65538e-05, 270.149
2017, 0.0497863, 6.94582e-07, 3.27366e-07, 0, 1.07257e-07, 9.9387e-08, 0, 0, 1.22859e-06, 2.81105e-06, 9.19384e-08, 3.00002, 0.936122, 5.64722e-05, 270.255
2018, 0.0561395, 6.82475e-07, 3.31658e-07, 0, 1.33394e-07, 1.24475e-07, 0, 0, 1.272e-06, 3.16492e-06, 1.18956e-07, 2.87992, 0.936188, 5.63903e-05, 270.503
2019, 0.0643095, 6.65965e-07, 3.35984e-07, 0, 1.65422e-07, 1.55236e-07, 0, 0, 1.32261e-06, 3.6204e-06, 1.51517e-07, 2.74405, 0.936254, 5.63086e-05, 270.795
2020, 0.0722685, 6.5181e-07, 3.40175e-07, 0, 1.98889e-07, 1.87307e-07, 0, 0, 1.37818e-06, 4.06272e-06, 1.86078e-07, 2.62737, 0.93632, 5.62266e-05, 271.111
2021, 0.0810118, 6.3724e-07, 3.4328e-07, 0, 2.4304e-07, 2.28572e-07, 0, 0, 1.45213e-06, 4.54769e-06, 2.3344e-07, 2.51316, 0.936386, 5.61461e-05, 271.542
2022, 0.0912262, 6.21137e-07, 3.4508e-07, 0, 2.98056e-07, 2.79548e-07, 0, 0, 1.54382e-06, 5.11396e-06, 2.93151e-07, 2.39441, 0.936452, 5.60672e-05, 272.069
2023, 0.10009, 6.0917e-07, 3.46953e-07, 0, 3.43639e-07, 3.22292e-07, 0, 0, 1.62205e-06, 5.60316e-06, 3.42139e-07, 2.30168, 0.936518, 5.59881e-05, 272.475
2024, 0.108372, 5.98036e-07, 3.48476e-07, 0, 3.85366e-07, 3.61331e-07, 0, 0, 1.69321e-06, 6.05807e-06, 3.87343e-07, 2.22218, 0.936584, 5.5908e-05, 272.815
2025, 0.117797, 5.85277e-07, 3.4868e-07, 0, 4.36852e-07, 4.08484e-07, 0, 0, 1.77929e-06, 6.57543e-06, 4.44357e-07, 2.13879, 0.936651, 5.58274e-05, 273.226
2026, 0.126215, 5.76459e-07, 3.48715e-07, 0, 4.86361e-07, 4.53099e-07, 0, 0, 1.86464e-06, 7.03545e-06, 4.99208e-07, 2.06977, 0.936716, 5.57462e-05, 273.61
2027, 0.129772, 5.78254e-07, 3.50907e-07, 0, 5.06405e-07, 4.70898e-07, 0, 0, 1.90646e-06, 7.22351e-06, 5.19795e-07, 2.04198, 0.936782, 5.56634e-05, 273.735
2028, 0.129762, 5.87199e-07, 3.54807e-07, 0, 5.03451e-07, 4.67944e-07, 0, 0, 1.9134e-06, 7.21202e-06, 5.13783e-07, 2.04206, 0.936848, 5.55792e-05, 273.665
2029, 0.133845, 5.87727e-07, 3.56419e-07, 0, 5.28205e-07, 4.89408e-07, 0, 0, 1.96176e-06, 7.42745e-06, 5.40173e-07, 2.01107, 0.936914, 5.54972e-05, 273.82
2030, 0.141158, 5.81114e-07, 3.56178e-07, 0, 5.74417e-07, 5.29845e-07, 0, 0, 2.04155e-06, 7.82223e-06, 5.92141e-07, 1.95788, 0.93698, 5.54192e-05, 274.133
2031, 0.145968, 5.78849e-07, 3.57106e-07, 0, 6.04898e-07, 5.56221e-07, 0, 0, 2.09707e-06, 8.07789e-06, 6.27061e-07, 1.92437, 0.937046, 5.53423e-05, 274.309
2032, 0.147383, 5.83056e-07, 3.59783e-07, 0, 6.13962e-07, 5.63497e-07, 0, 0, 2.1203e-06, 8.14501e-06, 6.37878e-07, 1.91472, 0.937112, 5.52641e-05, 274.317
2033, 0.146907, 5.90662e-07, 3.63528e-07, 0, 6.0996e-07, 5.59219e-07, 0, 0, 2.12337e-06, 8.10702e-06, 6.3351e-07, 1.91796, 0.937178, 5.51851e-05, 274.223
2034, 0.14889, 5.92924e-07, 3.65865e-07, 0, 6.22863e-07, 5.69856e-07, 0, 0, 2.15151e-06, 8.20436e-06, 6.49162e-07, 1.90455, 0.937244, 5.51055e-05, 274.255
2035, 0.15236, 5.92129e-07, 3.67361e-07, 0, 6.46229e-07, 5.89811e-07, 0, 0, 2.19553e-06, 8.38361e-06, 6.77433e-07, 1.88151, 0.93731, 5.50265e-05, 274.361
2036, 0.15397, 5.95229e-07, 3.70017e-07, 0, 6.56559e-07, 5.98526e-07, 0, 0, 2.22033e-06, 8.46033e-06, 6.90479e-07, 1.871, 0.937376, 5.49482e-05, 274.372
2037, 0.153634, 6.02479e-07, 3.73981e-07, 0, 6.53688e-07, 5.95861e-07, 0, 0, 2.22601e-06, 8.43001e-06, 6.87719e-07, 1.87318, 0.937442, 5.48698e-05, 274.291
2038, 0.151641, 6.13064e-07, 3.79049e-07, 0, 6.39498e-07, 5.83233e-07, 0, 0, 2.21485e-06, 8.30882e-06, 6.71277e-07, 1.88624, 0.937508, 5.47912e-05, 274.129
2039, 0.147947, 6.26422e-07, 3.85001e-07, 0, 6.12138e-07, 5.58635e-07, 0, 0, 2.1822e-06, 8.09495e-06, 6.39342e-07, 1.9109, 0.937574, 5.47125e-05, 273.863
2040, 0.14422, 6.38996e-07, 3.90779e-07, 0, 5.82736e-07, 5.31975e-07, 0, 0, 2.14449e-06, 7.87946e-06, 6.05399e-07, 1.93642, 0.93764, 5.46339e-05, 273.569
2041, 0.144818, 6.42466e-07, 3.93859e-07, 0, 5.8371e-07, 5.32096e-07, 0, 0, 2.15213e-06, 7.90038e-06, 6.07881e-07, 1.93228, 0.937706, 5.45553e-05, 273.499
2042, 0.147367, 6.42883e-07, 3.95982e-07, 0, 5.98745e-07, 5.45137e-07, 0, 0, 2.18275e-06, 8.02797e-06, 6.27123e-07, 1.91483, 0.937772, 5.44771e-05, 273.541
2043, 0.147299, 6.5021e-07, 4.00193e-07, 0, 5.94177e-07, 5.42083e-07, 0, 0, 2.18666e-06, 8.01303e-06, 6.23071e-07, 1.91529, 0.937838, 5.43992e-05, 273.452
2044, 0.14675, 6.59393e-07, 4.04914e-07, 0, 5.86123e-07, 5.36838e-07, 0, 0, 2.18727e-06, 7.97159e-06, 6.15632e-07, 1.91903, 0.937904, 5.43213e-05, 273.347
2045, 0.148177, 6.64103e-07, 4.08183e-07, 0, 5.94807e-07, 5.46166e-07, 0, 0, 2.21326e-06, 8.03748e-06, 6.29303e-07, 1.90934, 0.93797, 5.42433e-05, 273.365
2046, 0.148184, 6.69656e-07, 4.11992e-07, 0, 5.96119e-07, 5.47835e-07, 0, 0, 2.2256e-06, 8.02663e-06, 6.3479e-07, 1.9093, 0.938036, 5.41652e-05, 273.316
2047, 0.143203, 6.82986e-07, 4.18704e-07, 0, 5.6453e-07, 5.19167e-07, 0, 0, 2.18539e-06, 7.74613e-06, 6.01198e-07, 1.94349, 0.938102, 5.40875e-05, 273.015
2048, 0.134471, 7.03987e-07, 4.27786e-07, 0, 5.10316e-07, 4.69782e-07, 0, 0, 2.11187e-06, 7.26369e-06, 5.40666e-07, 2.00641, 0.938169, 5.40105e-05, 272.546
2049, 0.124471, 7.3061e-07, 4.37772e-07, 0, 4.51412e-07, 4.16066e-07, 0, 0, 2.03586e-06, 6.714e-06, 4.74445e-07, 2.08368, 0.938235, 5.39332e-05, 272.052
2050, 0.114837, 7.60633e-07, 4.47438e-07, 0, 3.97302e-07, 3.66642e-07, 0, 0, 1.97201e-06, 6.18534e-06, 4.1349e-07, 2.16424, 0.9383, 5.38552e-05, 271.609
2051, 0.107031, 7.89554e-07, 4.55509e-07, 0, 3.55488e-07, 3.27982e-07, 0, 0, 1.92853e-06, 5.75634e-06, 3.66525e-07, 2.23463, 0.938366, 5.37765e-05, 271.268
2052, 0.100951, 8.1565e-07, 4.62087e-07, 0, 3.23178e-07, 2.97462e-07, 0, 0, 1.89838e-06, 5.42131e-06, 3.30075e-07, 2.29312, 0.938432, 5.36979e-05, 270.997
2053, 0.0958914, 8.39915e-07, 4.68139e-07, 0, 2.96053e-07, 2.71691e-07, 0, 0, 1.8758e-06, 5.1422e-06, 2.99067e-07, 2.34454, 0.938498, 5.36208e-05, 270.765
2054, 0.0923499, 8.59497e-07, 4.73638e-07, 0, 2.77223e-07, 2.5343e-07, 0, 0, 1.86379e-06, 4.94508e-06, 2.77423e-07, 2.38217, 0.938564, 5.35444e-05, 270.591
2055, 0.0911934, 8.71667e-07, 4.7849e-07, 0, 2.71187e-07, 2.46938e-07, 0, 0, 1.86828e-06, 4.87591e-06, 2.70378e-07, 2.39477, 0.93863, 5.34677e-05, 270.51
2056, 0.0916371, 8.77857e-07, 4.83614e-07, 0, 2.72942e-07, 2.48043e-07, 0, 0, 1.88246e-06, 4.89243e-06, 2.7203e-07, 2.38992, 0.938696, 5.3391e-05, 270.483
2057, 0.0952478, 8.73897e-07, 4.87684e-07, 0, 2.90285e-07, 2.63671e-07, 0, 0, 1.91554e-06, 5.07752e-06, 2.91058e-07, 2.35127, 0.938762, 5.3315e-05, 270.559
2058, 0.104791, 8.54551e-07, 4.88202e-07, 0, 3.39192e-07, 3.08309e-07, 0, 0, 1.99025e-06, 5.57801e-06, 3.46155e-07, 2.25579, 0.938828, 5.32401e-05, 270.854
2059, 0.118091, 8.28119e-07, 4.85898e-07, 0, 4.08866e-07, 3.72507e-07, 0, 0, 2.09539e-06, 6.27738e-06, 4.25763e-07, 2.1363, 0.938894, 5.31666e-05, 271.289
2060, 0.127396, 8.1513e-07, 4.85627e-07, 0, 4.5749e-07, 4.18163e-07, 0, 0, 2.17641e-06, 6.76345e-06, 4.81951e-07, 2.06046, 0.93896, 5.30928e-05, 271.583
2061, 0.125513, 8.29459e-07, 4.91892e-07, 0, 4.4643e-07, 4.08677e-07, 0, 0, 2.17646e-06, 6.655e-06, 4.70132e-07, 2.07535, 0.939026, 5.30177e-05, 271.477
2062, 0.116662, 8.61105e-07, 5.0181e-07, 0, 3.98949e-07, 3.64989e-07, 0, 0, 2.12685e-06, 6.17706e-06, 4.16949e-07, 2.14847, 0.939092, 5.29418e-05, 271.128
2063, 0.109464, 8.91663e-07, 5.10117e-07, 0, 3.60888e-07, 3.30096e-07, 0, 0, 2.09276e-06, 5.78719e-06, 3.74979e-07, 2.21216, 0.939158, 5.2865e-05, 270.852
2064, 0.106516, 9.12838e-07, 5.15637e-07, 0, 3.45503e-07, 3.16391e-07, 0, 0, 2.09037e-06, 5.62295e-06, 3.5924e-07, 2.23946, 0.939224, 5.27886e-05, 270.734
2065, 0.105598, 9.28302e-07, 5.20473e-07, 0, 3.39629e-07, 3.12004e-07, 0, 0, 2.10041e-06, 5.56653e-06, 3.54105e-07, 2.24812, 0.93929, 5.27141e-05, 270.679
2066, 0.106154, 9.3863e-07, 5.25067e-07, 0, 3.40906e-07, 3.14628e-07, 0, 0, 2.11923e-06, 5.58788e-06, 3.5725e-07, 2.24286, 0.939356, 5.26407e-05, 270.667
2067, 0.108957, 9.41485e-07, 5.28581e-07, 0, 3.55216e-07, 3.29242e-07, 0, 0, 2.15452e-06, 5.72719e-06, 3.76218e-07, 2.2168, 0.939422, 5.25664e-05, 270.735
2068, 0.112325, 9.41307e-07, 5.32212e-07, 0, 3.71963e-07, 3.4624e-07, 0, 0, 2.19172e-06, 5.89565e-06, 3.98111e-07, 2.18636, 0.939488, 5.24903e-05, 270.81
2069, 0.114901, 9.41676e-07, 5.36846e-07, 0, 3.81862e-07, 3.57134e-07, 0, 0, 2.21752e-06, 6.02207e-06, 4.11326e-07, 2.16368, 0.939554, 5.24138e-05, 270.828
2070, 0.117629, 9.4076e-07, 5.41333e-07, 0, 3.92071e-07, 3.68091e-07, 0, 0, 2.24225e-06, 6.1563e-06, 4.24637e-07, 2.14022, 0.93962, 5.23396e-05, 270.84
2071, 0.121769, 9.36178e-07, 5.44318e-07, 0, 4.12532e-07, 3.8794e-07, 0, 0, 2.28097e-06, 6.3641e-06, 4.50712e-07, 2.10563, 0.939686, 5.22673e-05, 270.915
2072, 0.12682, 9.29841e-07, 5.46182e-07, 0, 4.397e-07, 4.13466e-07, 0, 0, 2.32919e-06, 6.61895e-06, 4.85054e-07, 2.06498, 0.939752, 5.21948e-05, 271.031
2073, 0.131011, 9.25796e-07, 5.4839e-07, 0, 4.59783e-07, 4.32018e-07, 0, 0, 2.36599e-06, 6.8282e-06, 5.10038e-07, 2.03247, 0.939818, 5.21217e-05, 271.092
2074, 0.134294, 9.2462e-07, 5.51058e-07, 0, 4.73058e-07, 4.44052e-07, 0, 0, 2.39279e-06, 6.98948e-06, 5.26229e-07, 2.00773, 0.939883, 5.20483e-05, 271.106
2075, 0.137723, 9.25145e-07, 5.53604e-07, 0, 4.8874e-07, 4.5848e-07, 0, 0, 2.42597e-06, 7.15785e-06, 5.45405e-07, 1.98251, 0.93995, 5.1975e-05, 271.147
2076, 0.141027, 9.27841e-07, 5.56461e-07, 0, 5.04019e-07, 4.729e-07, 0, 0, 2.46122e-06, 7.31931e-06, 5.63831e-07, 1.9588, 0.940016, 5.19016e-05, 271.195
2077, 0.143446, 9.34773e-07, 5.60373e-07, 0, 5.15298e-07, 4.83882e-07, 0, 0, 2.49433e-06, 7.43432e-06, 5.7718e-07, 1.9418, 0.940082, 5.18281e-05, 271.231
2078, 0.147796, 9.37368e-07, 5.62616e-07, 0, 5.42199e-07, 5.0901e-07, 0, 0, 2.55119e-06, 7.64862e-06, 6.10676e-07, 1.91192, 0.940148, 5.17547e-05, 271.366
2079, 0.155027, 9.31174e-07, 5.6202e-07, 0, 5.8947e-07, 5.52483e-07, 0, 0, 2.63515e-06, 8.01139e-06, 6.70638e-07, 1.86416, 0.940214, 5.16811e-05, 271.606
2080, 0.159795, 9.29632e-07, 5.63287e-07, 0, 6.19888e-07, 5.80538e-07, 0, 0, 2.69334e-06, 8.24642e-06, 7.10007e-07, 1.83386, 0.94028, 5.16074e-05, 271.734
2081, 0.16004, 9.38066e-07, 5.68359e-07, 0, 6.18296e-07, 5.7934e-07, 0, 0, 2.70406e-06, 8.24762e-06, 7.09129e-07, 1.83233, 0.940346, 5.15342e-05, 271.671
2082, 0.158142, 9.50927e-07, 5.75245e-07, 0, 6.01648e-07, 5.64262e-07, 0, 0, 2.69208e-06, 8.1384e-06, 6.89358e-07, 1.84426, 0.940412, 5.14614e-05, 271.519
2083, 0.156156, 9.64605e-07, 5.82328e-07, 0, 5.86086e-07, 5.5015e-07, 0, 0, 2.68317e-06, 8.02481e-06, 6.71191e-07, 1.8569, 0.940478, 5.13888e-05, 271.379
2084, 0.154156, 9.80221e-07, 5.89766e-07, 0, 5.7244e-07, 5.38e-07, 0, 0, 2.68043e-06, 7.91082e-06, 6.55355e-07, 1.86979, 0.940544, 5.13159e-05, 271.263
2085, 0.153685, 9.92625e-07, 5.96028e-07, 0, 5.6916e-07, 5.35511e-07, 0, 0, 2.69332e-06, 7.87501e-06, 6.52483e-07, 1.87285, 0.94061, 5.12417e-05, 271.21
2086, 0.156311, 9.96208e-07, 5.99403e-07, 0, 5.85749e-07, 5.5119e-07, 0, 0, 2.73255e-06, 7.99776e-06, 6.75042e-07, 1.85591, 0.940676, 5.11676e-05, 271.26
2087, 0.159376, 9.98734e-07, 6.0236e-07, 0, 6.05414e-07, 5.69735e-07, 0, 0, 2.77624e-06, 8.14324e-06, 7.01845e-07, 1.83649, 0.940742, 5.10956e-05, 271.325
2088, 0.160855, 1.00587e-06, 6.06848e-07, 0, 6.14189e-07, 5.78391e-07, 0, 0, 2.80529e-06, 8.20768e-06, 7.14707e-07, 1.82725, 0.940808, 5.10256e-05, 271.331
2089, 0.161126, 1.01632e-06, 6.12538e-07, 0, 6.14212e-07, 5.79033e-07, 0, 0, 2.8221e-06, 8.21033e-06, 7.16117e-07, 1.82557, 0.940874, 5.0956e-05, 271.291
2090, 0.161563, 1.02628e-06, 6.18063e-07, 0, 6.15539e-07, 5.80802e-07, 0, 0, 2.84069e-06, 8.22119e-06, 7.19256e-07, 1.82286, 0.94094, 5.08857e-05, 271.257
2091, 0.162943, 1.03364e-06, 6.22627e-07, 0, 6.237e-07, 5.8872e-07, 0, 0, 2.86868e-06, 8.2798e-06, 7.31288e-07, 1.81435, 0.941006, 5.08147e-05, 271.257
2092, 0.163674, 1.04332e-06, 6.27993e-07, 0, 6.27586e-07, 5.92662e-07, 0, 0, 2.89156e-06, 8.3054e-06, 7.37351e-07, 1.80988, 0.941072, 5.07434e-05, 271.238
2093, 0.162766, 1.05832e-06, 6.35191e-07, 0, 6.20643e-07, 5.86646e-07, 0, 0, 2.9008e-06, 8.24767e-06, 7.28958e-07, 1.81544, 0.941138, 5.06715e-05, 271.168
2094, 0.162853, 1.07003e-06, 6.41246e-07, 0, 6.20664e-07, 5.86846e-07, 0, 0, 2.91879e-06, 8.24015e-06, 7.29886e-07, 1.81491, 0.941204, 5.05994e-05, 271.131
2095, 0.165689, 1.07269e-06, 6.44266e-07, 0, 6.39072e-07, 6.03716e-07, 0, 0, 2.95975e-06, 8.37168e-06, 7.55248e-07, 1.79765, 0.94127, 5.05281e-05, 271.176
2096, 0.168028, 1.07679e-06, 6.47879e-07, 0, 6.5383e-07, 6.17321e-07, 0, 0, 2.99582e-06, 8.47824e-06, 7.75878e-07, 1.78362, 0.941336, 5.04578e-05, 271.202
2097, 0.167435, 1.09039e-06, 6.54819e-07, 0, 6.48391e-07, 6.12664e-07, 0, 0, 3.00627e-06, 8.43681e-06, 7.6976e-07, 1.78716, 0.941402, 5.03876e-05, 271.135
2098, 0.164124, 1.11306e-06, 6.64853e-07, 0, 6.24382e-07, 5.91162e-07, 0, 0, 2.99346e-06, 8.25814e-06, 7.38972e-07, 1.80713, 0.941468, 5.03151e-05, 270.986
2099, 0.162279, 1.13073e-06, 6.73204e-07, 0, 6.10187e-07, 5.78541e-07, 0, 0, 2.99267e-06, 8.15262e-06, 7.21293e-07, 1.81844, 0.941534, 5.0239e-05, 270.879
2100, 0.163303, 1.13884e-06, 6.78349e-07, 0, 6.1557e-07, 5.83659e-07, 0, 0, 3.01642e-06, 8.19168e-06, 7.29693e-07, 1.81215, 0.9416, 5.01634e-05, 270.86
2101, 0.163067, 1.15185e-06, 6.85003e-07, 0, 6.13512e-07, 5.81942e-07, 0, 0, 3.03231e-06, 8.16513e-06, 7.28458e-07, 1.8136, 0.941666, 5.00736e-05, 270.813
2102, 0.163965, 1.16076e-06, 6.90282e-07, 0, 6.18278e-07, 5.86496e-07, 0, 0, 3.05581e-06, 8.18791e-06, 7.36734e-07, 1.8081, 0.941732, 4.99429e-05, 270.793
2103, 0.167956, 1.15812e-06, 6.91975e-07, 0, 6.42226e-07, 6.08671e-07, 0, 0, 3.10099e-06, 8.36965e-06, 7.70603e-07, 1.78405, 0.941798, 4.98376e-05, 270.847
2104, 0.170461, 1.16057e-06, 6.95508e-07, 0, 6.56866e-07, 6.22418e-07, 0, 0, 3.13536e-06, 8.49256e-06, 7.91614e-07, 1.76925, 0.941864, 4.98224e-05, 270.862
2105, 0.170713, 1.17108e-06, 7.01731e-07, 0, 6.56735e-07, 6.22648e-07, 0, 0, 3.1522e-06, 8.5031e-06, 7.92718e-07, 1.76777, 0.941931, 4.98095e-05, 270.816
2106, 0.170809, 1.18207e-06, 7.08015e-07, 0, 6.5547e-07, 6.21736e-07, 0, 0, 3.16729e-06, 8.49859e-06, 7.92655e-07, 1.76721, 0.941996, 4.97552e-05, 270.764
2107, 0.1711, 1.19209e-06, 7.13941e-07, 0, 6.55481e-07, 6.21899e-07, 0, 0, 3.18341e-06, 8.50135e-06, 7.9462e-07, 1.76551, 0.942062, 4.96867e-05, 270.715
2108, 0.171037, 1.20339e-06, 7.20384e-07, 0, 6.52898e-07, 6.19704e-07, 0, 0, 3.19637e-06, 8.48644e-06, 7.92995e-07, 1.76588, 0.942128, 4.96174e-05, 270.656
2109, 0.170279, 1.21765e-06, 7.27957e-07, 0, 6.45387e-07, 6.13117e-07, 0, 0, 3.20411e-06, 8.43707e-06, 7.84322e-07, 1.77032, 0.942194, 4.95482e-05, 270.579
2110, 0.169321, 1.23339e-06, 7.36017e-07, 0, 6.369e-07, 6.05711e-07, 0, 0, 3.21202e-06, 8.37791e-06, 7.74085e-07, 1.77596, 0.94226, 4.94791e-05, 270.503
2111, 0.168372, 1.24995e-06, 7.44263e-07, 0, 6.29264e-07, 5.99105e-07, 0, 0, 3.22258e-06, 8.31939e-06, 7.64887e-07, 1.78158, 0.942326, 4.94104e-05, 270.435
2112, 0.168218, 1.26402e-06, 7.51614e-07, 0, 6.27158e-07, 5.97596e-07, 0, 0, 3.24039e-06, 8.29998e-06, 7.63177e-07, 1.78249, 0.942392, 4.93411e-05, 270.392
2113, 0.17036, 1.26957e-06, 7.5592e-07, 0, 6.40578e-07, 6.10225e-07, 0, 0, 3.27629e-06, 8.39345e-06, 7.82957e-07, 1.76984, 0.942458, 4.92701e-05, 270.407
2114, 0.172487, 1.27477e-06, 7.60151e-07, 0, 6.53564e-07, 6.22399e-07, 0, 0, 3.31088e-06, 8.48531e-06, 8.02376e-07, 1.75743, 0.942524, 4.91942e-05, 270.418
2115, 0.172735, 1.28645e-06, 7.66826e-07, 0, 6.52862e-07, 6.22108e-07, 0, 0, 3.32825e-06, 8.4825e-06, 8.03039e-07, 1.756, 0.94259, 4.91056e-05, 270.371
2116, 0.172155, 1.30118e-06, 7.74613e-07, 0, 6.46432e-07, 6.1655e-07, 0, 0, 3.33877e-06, 8.43789e-06, 7.95886e-07, 1.75936, 0.942656, 4.90105e-05, 270.303
2117, 0.170797, 1.31966e-06, 7.83509e-07, 0, 6.36069e-07, 6.0726e-07, 0, 0, 3.3465e-06, 8.35709e-06, 7.83304e-07, 1.76728, 0.942722, 4.89272e-05, 270.225
2118, 0.167835, 1.34512e-06, 7.94713e-07, 0, 6.15581e-07, 5.8866e-07, 0, 0, 3.34407e-06, 8.19646e-06, 7.56622e-07, 1.78477, 0.942788, 4.88343e-05, 270.115
2119, 0.166544, 1.36345e-06, 8.03876e-07, 0, 6.04173e-07, 5.78579e-07, 0, 0, 3.35007e-06, 8.11335e-06, 7.42249e-07, 1.79249, 0.942854, 4.87133e-05, 270.033
2120, 0.168722, 1.3675e-06, 8.08438e-07, 0, 6.14846e-07, 5.88873e-07, 0, 0, 3.37966e-06, 8.20445e-06, 7.5829e-07, 1.7795, 0.94292, 4.86226e-05, 270.025
2121, 0.171834, 1.36844e-06, 8.11561e-07, 0, 6.34058e-07, 6.06815e-07, 0, 0, 3.42087e-06, 8.34984e-06, 7.86517e-07, 1.76123, 0.942986, 4.85905e-05, 270.053
2122, 0.173865, 1.37419e-06, 8.16091e-07, 0, 6.47337e-07, 6.19218e-07, 0, 0, 3.45684e-06, 8.44422e-06, 8.06706e-07, 1.74947, 0.943052, 4.85676e-05, 270.064
2123, 0.173543, 1.38953e-06, 8.2409e-07, 0, 6.4449e-07, 6.16926e-07, 0, 0, 3.47503e-06, 8.4258e-06, 8.04111e-07, 1.75133, 0.943118, 4.85514e-05, 270.018
2124, 0.17146, 1.412e-06, 8.3479e-07, 0, 6.28814e-07, 6.02934e-07, 0, 0, 3.47854e-06, 8.31701e-06, 7.83386e-07, 1.76341, 0.943184, 4.85067e-05, 269.927
2125, 0.171312, 1.42667e-06, 8.42638e-07, 0, 6.25542e-07, 6.00244e-07, 0, 0, 3.4951e-06, 8.29029e-06, 7.80366e-07, 1.76427, 0.94325, 4.83955e-05, 269.877
2126, 0.172494, 1.43645e-06, 8.48484e-07, 0, 6.31627e-07, 6.05983e-07, 0, 0, 3.52254e-06, 8.3194e-06, 7.90827e-07, 1.75739, 0.943316, 4.82341e-05, 269.859
2127, 0.170814, 1.45871e-06, 8.58603e-07, 0, 6.20585e-07, 5.95966e-07, 0, 0, 3.53387e-06, 8.22549e-06, 7.77075e-07, 1.76718, 0.943381, 4.81593e-05, 269.792
2128, 0.170021, 1.47666e-06, 8.67473e-07, 0, 6.15537e-07, 5.91632e-07, 0, 0, 3.5513e-06, 8.19088e-06, 7.71484e-07, 1.77184, 0.943448, 4.81797e-05, 269.744
2129, 0.173365, 1.47612e-06, 8.70312e-07, 0, 6.35178e-07, 6.10145e-07, 0, 0, 3.59175e-06, 8.34606e-06, 8.00614e-07, 1.75236, 0.943514, 4.81442e-05, 269.764
2130, 0.176272, 1.47757e-06, 8.73885e-07, 0, 6.51445e-07, 6.25503e-07, 0, 0, 3.6284e-06, 8.47197e-06, 8.25117e-07, 1.73573, 0.94358, 4.80628e-05, 269.772
2131, 0.177163, 1.48806e-06, 8.80499e-07, 0, 6.55594e-07, 6.29673e-07, 0, 0, 3.65382e-06, 8.50653e-06, 8.32569e-07, 1.73069, 0.943645, 4.80153e-05, 269.746
2132, 0.17741, 1.50152e-06, 8.88143e-07, 0, 6.55839e-07, 6.3025e-07, 0, 0, 3.67575e-06, 8.51186e-06, 8.34509e-07, 1.72929, 0.943712, 4.79785e-05, 269.709
2133, 0.177548, 1.51562e-06, 8.96019e-07, 0, 6.55084e-07, 6.29875e-07, 0, 0, 3.6966e-06, 8.50804e-06, 8.35025e-07, 1.72851, 0.943778, 4.79196e-05, 269.669
2134, 0.177398, 1.53114e-06, 9.04425e-07, 0, 6.52209e-07, 6.27516e-07, 0, 0, 3.71529e-06, 8.48886e-06, 8.32414e-07, 1.72936, 0.943844, 4.78518e-05, 269.622
2135, 0.176558, 1.54981e-06, 9.14056e-07, 0, 6.44298e-07, 6.20545e-07, 0, 0, 3.72871e-06, 8.43505e-06, 8.22497e-07, 1.73411, 0.94391, 4.77747e-05, 269.56
2136, 0.175997, 1.56716e-06, 9.23182e-07, 0, 6.37829e-07, 6.14905e-07, 0, 0, 3.74308e-06, 8.38933e-06, 8.14876e-07, 1.73729, 0.943976, 4.76682e-05, 269.501
2137, 0.176783, 1.57853e-06, 9.29992e-07, 0, 6.40892e-07, 6.18012e-07, 0, 0, 3.76743e-06, 8.40905e-06, 8.21219e-07, 1.73283, 0.944042, 4.75683e-05, 269.47
2138, 0.177668, 1.58988e-06, 9.36811e-07, 0, 6.45646e-07, 6.2272e-07, 0, 0, 3.79506e-06, 8.44485e-06, 8.29741e-07, 1.72784, 0.944108, 4.7532e-05, 269.448
2139, 0.177998, 1.60401e-06, 9.44717e-07, 0, 6.46738e-07, 6.24082e-07, 0, 0, 3.81954e-06, 8.45638e-06, 8.32791e-07, 1.72598, 0.944174, 4.75085e-05, 269.416
2140, 0.178287, 1.6182e-06, 9.52662e-07, 0, 6.47137e-07, 6.24771e-07, 0, 0, 3.84277e-06, 8.46078e-06, 8.35028e-07, 1.72436, 0.94424, 4.74562e-05, 269.381
2141, 0.178573, 1.63212e-06, 9.60528e-07, 0, 6.47235e-07, 6.25168e-07, 0, 0, 3.86506e-06, 8.46289e-06, 8.37055e-07, 1.72276, 0.944306, 4.73917e-05, 269.343
2142, 0.178602, 1.64696e-06, 9.68768e-07, 0, 6.45319e-07, 6.23723e-07, 0, 0, 3.88477e-06, 8.4526e-06, 8.36281e-07, 1.72259, 0.944372, 4.73263e-05, 269.297
2143, 0.178565, 1.66247e-06, 9.77285e-07, 0, 6.42997e-07, 6.21904e-07, 0, 0, 3.90465e-06, 8.43913e-06, 8.34769e-07, 1.7228, 0.944438, 4.72608e-05, 269.252
2144, 0.178676, 1.67825e-06, 9.85904e-07, 0, 6.41974e-07, 6.21295e-07, 0, 0, 3.92743e-06, 8.4325e-06, 8.34807e-07, 1.72218, 0.944504, 4.71944e-05, 269.214
2145, 0.178802, 1.69414e-06, 9.94624e-07, 0, 6.41058e-07, 6.20784e-07, 0, 0, 3.95061e-06, 8.42649e-06, 8.34983e-07, 1.72148, 0.94457, 4.71275e-05, 269.177
2146, 0.178741, 1.71025e-06, 1.00353e-06, 0, 6.38575e-07, 6.18751e-07, 0, 0, 3.9711e-06, 8.41161e-06, 8.33097e-07, 1.72182, 0.944636, 4.70602e-05, 269.133
2147, 0.178348, 1.72752e-06, 1.01294e-06, 0, 6.33594e-07, 6.14353e-07, 0, 0, 3.98841e-06, 8.38111e-06, 8.27634e-07, 1.72402, 0.944702, 4.69927e-05, 269.08
2148, 0.177704, 1.74615e-06, 1.02287e-06, 0, 6.26905e-07, 6.08387e-07, 0, 0, 4.00431e-06, 8.33891e-06, 8.19615e-07, 1.72763, 0.944768, 4.69254e-05, 269.023
2149, 0.17674, 1.76694e-06, 1.03357e-06, 0, 6.18325e-07, 6.00697e-07, 0, 0, 4.01953e-06, 8.28158e-06, 8.08733e-07, 1.73307, 0.944834, 4.68567e-05, 268.964
2150, 0.174629, 1.79469e-06, 1.04674e-06, 0, 6.02647e-07, 5.86459e-07, 0, 0, 4.03054e-06, 8.16826e-06, 7.87215e-07, 1.74509, 0.9449, 4.67738e-05, 268.893
2151, 0.171313, 1.82918e-06, 1.06239e-06, 0, 5.78935e-07, 5.64734e-07, 0, 0, 4.03525e-06, 7.99268e-06, 7.53793e-07, 1.76426, 0.944966, 4.6656e-05, 268.806
2152, 0.16975, 1.8546e-06, 1.07486e-06, 0, 5.66099e-07, 5.53144e-07, 0, 0, 4.0487e-06, 7.90025e-06, 7.36243e-07, 1.77343, 0.945032, 4.65449e-05, 268.742
2153, 0.171257, 1.86462e-06, 1.08165e-06, 0, 5.74038e-07, 5.60925e-07, 0, 0, 4.08123e-06, 7.96381e-06, 7.49124e-07, 1.76459, 0.945098, 4.65052e-05, 268.729
2154, 0.173685, 1.8693e-06, 1.08643e-06, 0, 5.8838e-07, 5.74561e-07, 0, 0, 4.11867e-06, 8.07252e-06, 7.71909e-07, 1.75051, 0.945164, 4.64794e-05, 268.728
2155, 0.175939, 1.87412e-06, 1.09126e-06, 0, 6.01317e-07, 5.8678e-07, 0, 0, 4.15347e-06, 8.16674e-06, 7.93179e-07, 1.73762, 0.94523, 4.6419e-05, 268.719
2156, 0.177782, 1.88231e-06, 1.0972e-06, 0, 6.11827e-07, 5.96815e-07, 0, 0, 4.18815e-06, 8.23833e-06, 8.10683e-07, 1.7272, 0.945296, 4.63402e-05, 268.709
2157, 0.17852, 1.89739e-06, 1.10565e-06, 0, 6.15164e-07, 6.00253e-07, 0, 0, 4.21845e-06, 8.257e-06, 8.17154e-07, 1.72306, 0.945362, 4.62525e-05, 268.688
2158, 0.177605, 1.92138e-06, 1.1175e-06, 0, 6.07463e-07, 5.93412e-07, 0, 0, 4.23976e-06, 8.19758e-06, 8.06997e-07, 1.7282, 0.945428, 4.61553e-05, 268.643
2159, 0.176004, 1.94792e-06, 1.13054e-06, 0, 5.94683e-07, 5.81754e-07, 0, 0, 4.2549e-06, 8.10437e-06, 7.89495e-07, 1.73725, 0.945494, 4.60456e-05, 268.582
2160, 0.175457, 1.96603e-06, 1.14078e-06, 0, 5.87568e-07, 5.75145e-07, 0, 0, 4.26952e-06, 8.05632e-06, 7.81151e-07, 1.74036, 0.94556, 4.59163e-05, 268.52
2161, 0.175455, 1.9818e-06, 1.14983e-06, 0, 5.84172e-07, 5.71898e-07, 0, 0, 4.2877e-06, 8.02745e-06, 7.78587e-07, 1.74037, 0.945626, 4.5751e-05, 268.467
2162, 0.17345, 2.01564e-06, 1.16397e-06, 0, 5.71054e-07, 5.59689e-07, 0, 0, 4.31036e-06, 7.89573e-06, 7.60984e-07, 1.75187, 0.945692, 4.55144e-05, 268.425
2163, 0.169465, 2.06441e-06, 1.18252e-06, 0, 5.45859e-07, 5.36057e-07, 0, 0, 4.32885e-06, 7.64375e-06, 7.25453e-07, 1.77511, 0.945758, 4.5107e-05, 268.372
2164, 0.170583, 2.0782e-06, 1.19063e-06, 0, 5.41061e-07, 5.31458e-07, 0, 0, 4.34135e-06, 7.54072e-06, 7.21229e-07, 1.76853, 0.945824, 4.42515e-05, 268.304
2165, 0.176016, 2.06131e-06, 1.1899e-06, 0, 5.49017e-07, 5.38627e-07, 0, 0, 4.33885e-06, 7.51402e-06, 7.37301e-07, 1.73718, 0.94589, 4.27362e-05, 268.199
2166, 0.178007, 2.06415e-06, 1.19581e-06, 0, 5.42557e-07, 5.32255e-07, 0, 0, 4.33477e-06, 7.40399e-06, 7.3138e-07, 1.72593, 0.945956, 4.16101e-05, 268.09
2167, 0.176762, 2.0894e-06, 1.20852e-06, 0, 5.42986e-07, 5.33209e-07, 0, 0, 4.37411e-06, 7.46953e-06, 7.32223e-07, 1.73295, 0.946022, 4.22771e-05, 268.089
2168, 0.174798, 2.12451e-06, 1.22369e-06, 0, 5.5148e-07, 5.42293e-07, 0, 0, 4.44197e-06, 7.63884e-06, 7.43067e-07, 1.74412, 0.946088, 4.37169e-05, 268.157
2169, 0.175051, 2.146e-06, 1.23435e-06, 0, 5.64649e-07, 5.55604e-07, 0, 0, 4.5006e-06, 7.80216e-06, 7.62198e-07, 1.74268, 0.946154, 4.4571e-05, 268.201
2170, 0.178312, 2.14527e-06, 1.23808e-06, 0, 5.86815e-07, 5.77093e-07, 0, 0, 4.54726e-06, 8.00884e-06, 7.96484e-07, 1.72422, 0.94622, 4.49111e-05, 268.214
2171, 0.180217, 2.15078e-06, 1.24427e-06, 0, 5.9814e-07, 5.8806e-07, 0, 0, 4.58124e-06, 8.12111e-06, 8.15076e-07, 1.71359, 0.946286, 4.5062e-05, 268.196
2172, 0.179133, 2.17336e-06, 1.25657e-06, 0, 5.90392e-07, 5.80823e-07, 0, 0, 4.60114e-06, 8.08334e-06, 8.0499e-07, 1.71963, 0.946352, 4.51252e-05, 268.145
2173, 0.177099, 2.20623e-06, 1.27202e-06, 0, 5.77134e-07, 5.68666e-07, 0, 0, 4.62404e-06, 7.99356e-06, 7.85918e-07, 1.73105, 0.946418, 4.51365e-05, 268.1
2174, 0.175787, 2.24057e-06, 1.2873e-06, 0, 5.69386e-07, 5.62074e-07, 0, 0, 4.65933e-06, 7.93255e-06, 7.74569e-07, 1.73848, 0.946484, 4.51262e-05, 268.084
2175, 0.1757, 2.26555e-06, 1.29957e-06, 0, 5.68479e-07, 5.61772e-07, 0, 0, 4.69538e-06, 7.92493e-06, 7.74008e-07, 1.73898, 0.94655, 4.51051e-05, 268.07
2176, 0.176644, 2.28072e-06, 1.30879e-06, 0, 5.72937e-07, 5.66264e-07, 0, 0, 4.72871e-06, 7.96178e-06, 7.82216e-07, 1.73362, 0.946616, 4.50726e-05, 268.048
2177, 0.178051, 2.2894e-06, 1.31585e-06, 0, 5.79779e-07, 5.72679e-07, 0, 0, 4.75771e-06, 8.01801e-06, 7.94782e-07, 1.72569, 0.946682, 4.50323e-05, 268.016
2178, 0.177972, 2.30569e-06, 1.32585e-06, 0, 5.77238e-07, 5.70006e-07, 0, 0, 4.77879e-06, 8.00649e-06, 7.93058e-07, 1.72613, 0.946748, 4.4987e-05, 267.966
2179, 0.177347, 2.33144e-06, 1.33881e-06, 0, 5.72091e-07, 5.6538e-07, 0, 0, 4.80772e-06, 7.96954e-06, 7.86488e-07, 1.72965, 0.946814, 4.49378e-05, 267.934
2180, 0.179448, 2.3447e-06, 1.34675e-06, 0, 5.84194e-07, 5.77594e-07, 0, 0, 4.85325e-06, 8.05453e-06, 8.06153e-07, 1.71787, 0.94688, 4.48861e-05, 267.938
2181, 0.181493, 2.3571e-06, 1.35426e-06, 0, 5.96171e-07, 5.8947e-07, 0, 0, 4.897e-06, 8.13691e-06, 8.25922e-07, 1.70654, 0.946946, 4.48332e-05, 267.938
2182, 0.178734, 2.40106e-06, 1.37215e-06, 0, 5.80659e-07, 5.74889e-07, 0, 0, 4.92876e-06, 8.00397e-06, 8.03535e-07, 1.72186, 0.947013, 4.47796e-05, 267.911
2183, 0.171754, 2.47442e-06, 1.39915e-06, 0, 5.41833e-07, 5.37866e-07, 0, 0, 4.95327e-06, 7.68226e-06, 7.45451e-07, 1.76169, 0.947078, 4.47258e-05, 267.867
2184, 0.166964, 2.53283e-06, 1.42136e-06, 0, 5.14922e-07, 5.12286e-07, 0, 0, 4.9814e-06, 7.4586e-06, 7.05596e-07, 1.78998, 0.947144, 4.46713e-05, 267.831
2185, 0.168676, 2.54546e-06, 1.42983e-06, 0, 5.22957e-07, 5.20468e-07, 0, 0, 5.01871e-06, 7.52525e-06, 7.19154e-07, 1.77978, 0.94721, 4.46156e-05, 267.814
2186, 0.174701, 2.52304e-06, 1.42908e-06, 0, 5.52567e-07, 5.49416e-07, 0, 0, 5.05411e-06, 7.78414e-06, 7.65725e-07, 1.74468, 0.947276, 4.45588e-05, 267.793
2187, 0.177526, 2.52198e-06, 1.43578e-06, 0, 5.63709e-07, 5.60595e-07, 0, 0, 5.08206e-06, 7.90014e-06, 7.83734e-07, 1.72864, 0.947342, 4.45014e-05, 267.756
2188, 0.177815, 2.54028e-06, 1.44745e-06, 0, 5.62501e-07, 5.59736e-07, 0, 0, 5.10997e-06, 7.90261e-06, 7.83402e-07, 1.72701, 0.947408, 4.44431e-05, 267.718
2189, 0.179301, 2.55038e-06, 1.45521e-06, 0, 5.6964e-07, 5.66632e-07, 0, 0, 5.14186e-06, 7.95783e-06, 7.96809e-07, 1.71869, 0.947474, 4.43832e-05, 267.689
2190, 0.180337, 2.56614e-06, 1.46455e-06, 0, 5.74627e-07, 5.71565e-07, 0, 0, 5.17689e-06, 7.99233e-06, 8.06487e-07, 1.71293, 0.94754, 4.43195e-05, 267.665
2191, 0.181776, 2.58079e-06, 1.47343e-06, 0, 5.81944e-07, 5.78897e-07, 0, 0, 5.21507e-06, 8.0444e-06, 8.19526e-07, 1.70498, 0.947606, 4.42554e-05, 267.648
2192, 0.183842, 2.58974e-06, 1.4806e-06, 0, 5.92551e-07, 5.89396e-07, 0, 0, 5.25229e-06, 8.12562e-06, 8.37965e-07, 1.69368, 0.947673, 4.41994e-05, 267.628
2193, 0.183529, 2.6157e-06, 1.49402e-06, 0, 5.89006e-07, 5.86329e-07, 0, 0, 5.28504e-06, 8.09969e-06, 8.3403e-07, 1.69538, 0.947738, 4.41317e-05, 267.599
2194, 0.180015, 2.66538e-06, 1.51585e-06, 0, 5.66362e-07, 5.649e-07, 0, 0, 5.31249e-06, 7.92486e-06, 7.9975e-07, 1.71472, 0.947804, 4.40211e-05, 267.559
2195, 0.177559, 2.70671e-06, 1.53486e-06, 0, 5.4956e-07, 5.49108e-07, 0, 0, 5.34024e-06, 7.79772e-06, 7.74792e-07, 1.72845, 0.94787, 4.39171e-05, 267.518
2196, 0.178436, 2.72479e-06, 1.54541e-06, 0, 5.53136e-07, 5.53019e-07, 0, 0, 5.37636e-06, 7.83243e-06, 7.82027e-07, 1.72352, 0.947935, 4.38958e-05, 267.495
2197, 0.176804, 2.7636e-06, 1.56206e-06, 0, 5.44409e-07, 5.44831e-07, 0, 0, 5.4149e-06, 7.76124e-06, 7.70125e-07, 1.73271, 0.948002, 4.3896e-05, 267.476
2198, 0.170609, 2.82852e-06, 1.58856e-06, 0, 5.08902e-07, 5.10155e-07, 0, 0, 5.43614e-06, 7.48319e-06, 7.16922e-07, 1.76838, 0.948068, 4.38586e-05, 267.422
2199, 0.165128, 2.86582e-06, 1.61045e-06, 0, 4.71995e-07, 4.73418e-07, 0, 0, 5.42168e-06, 7.23326e-06, 6.62528e-07, 1.80104, 0.948134, 4.38023e-05, 267.296
2200, 0.164056, 2.86815e-06, 1.62132e-06, 0, 4.59058e-07, 4.59967e-07, 0, 0, 5.40849e-06, 7.17604e-06, 6.45774e-07, 1.80755, 0.9482, 4.37421e-05, 267.173
2201, 0.167989, 2.86268e-06, 1.62462e-06, 0, 4.77892e-07, 4.78617e-07, 0, 0, 5.44381e-06, 7.33716e-06, 6.77109e-07, 1.78386, 0.948265, 4.36787e-05, 267.147
2202, 0.172641, 2.86754e-06, 1.62897e-06, 0, 5.02443e-07, 5.03459e-07, 0, 0, 5.50241e-06, 7.52903e-06, 7.16267e-07, 1.75654, 0.948332, 4.36124e-05, 267.168
2203, 0.174557, 2.89533e-06, 1.64065e-06, 0, 5.13886e-07, 5.15489e-07, 0, 0, 5.56536e-06, 7.60032e-06, 7.34406e-07, 1.74551, 0.948398, 4.35411e-05, 267.196
2204, 0.173634, 2.94545e-06, 1.65934e-06, 0, 5.11008e-07, 5.13505e-07, 0, 0, 5.6293e-06, 7.54069e-06, 7.30254e-07, 1.7508, 0.948464, 4.34314e-05, 267.224
2205, 0.173706, 2.97997e-06, 1.67404e-06, 0, 5.10327e-07, 5.13328e-07, 0, 0, 5.67766e-06, 7.49977e-06, 7.30688e-07, 1.75039, 0.94853, 4.31923e-05, 267.221
2206, 0.177694, 2.97972e-06, 1.67908e-06, 0, 5.28204e-07, 5.3119e-07, 0, 0, 5.71819e-06, 7.62152e-06, 7.60122e-07, 1.72769, 0.948597, 4.29148e-05, 267.203
2207, 0.181486, 2.98111e-06, 1.68493e-06, 0, 5.47914e-07, 5.50926e-07, 0, 0, 5.76488e-06, 7.77942e-06, 7.91723e-07, 1.70657, 0.948662, 4.28781e-05, 267.195
2208, 0.18415, 2.98827e-06, 1.69205e-06, 0, 5.62363e-07, 5.65221e-07, 0, 0, 5.8079e-06, 7.89331e-06, 8.15968e-07, 1.69201, 0.948728, 4.28705e-05, 267.181
2209, 0.185802, 3.00101e-06, 1.70106e-06, 0, 5.70009e-07, 5.72751e-07, 0, 0, 5.84483e-06, 7.94801e-06, 8.30166e-07, 1.68308, 0.948794, 4.27809e-05, 267.154
2210, 0.185857, 3.02511e-06, 1.71446e-06, 0, 5.70308e-07, 5.73298e-07, 0, 0, 5.88317e-06, 7.96508e-06, 8.32315e-07, 1.68278, 0.94886, 4.2858e-05, 267.13
2211, 0.185835, 3.04944e-06, 1.72791e-06, 0, 5.70328e-07, 5.73547e-07, 0, 0, 5.92123e-06, 7.98198e-06, 8.34046e-07, 1.68289, 0.948926, 4.29527e-05, 267.104
2212, 0.186635, 3.07062e-06, 1.73977e-06, 0, 5.74136e-07, 5.77517e-07, 0, 0, 5.96205e-06, 8.01327e-06, 8.41778e-07, 1.6786, 0.948992, 4.29357e-05, 267.083
2213, 0.186874, 3.09891e-06, 1.75411e-06, 0, 5.74303e-07, 5.78083e-07, 0, 0, 6.0054e-06, 8.01221e-06, 8.4328e-07, 1.67732, 0.949058, 4.28747e-05, 267.067
2214, 0.185184, 3.14307e-06, 1.77422e-06, 0, 5.63372e-07, 5.67843e-07, 0, 0, 6.04851e-06, 7.92748e-06, 8.26596e-07, 1.6864, 0.949124, 4.28074e-05, 267.05
2215, 0.181893, 3.19854e-06, 1.79818e-06, 0, 5.43773e-07, 5.48899e-07, 0, 0, 6.08939e-06, 7.77343e-06, 7.96171e-07, 1.70434, 0.94919, 4.27342e-05, 267.028
2216, 0.179942, 3.23692e-06, 1.81677e-06, 0, 5.31143e-07, 5.36385e-07, 0, 0, 6.12121e-06, 7.67531e-06, 7.77889e-07, 1.71512, 0.949256, 4.2653e-05, 266.989
2217, 0.182179, 3.24158e-06, 1.82412e-06, 0, 5.40993e-07, 5.46092e-07, 0, 0, 6.15279e-06, 7.75735e-06, 7.96022e-07, 1.70277, 0.949322, 4.25807e-05, 266.95
2218, 0.185591, 3.24423e-06, 1.83009e-06, 0, 5.5794e-07, 5.63255e-07, 0, 0, 6.19551e-06, 7.89269e-06, 8.2501e-07, 1.68421, 0.949388, 4.25273e-05, 266.93
2219, 0.186853, 3.26464e-06, 1.8421e-06, 0, 5.6333e-07, 5.69018e-07, 0, 0, 6.23909e-06, 7.93635e-06, 8.35158e-07, 1.67743, 0.949454, 4.24736e-05, 266.912
2220, 0.186157, 3.29481e-06, 1.8583e-06, 0, 5.57402e-07, 5.63278e-07, 0, 0, 6.27378e-06, 7.8953e-06, 8.27332e-07, 1.68117, 0.94952, 4.24115e-05, 266.877
2221, 0.184444, 3.32869e-06, 1.87643e-06, 0, 5.45413e-07, 5.5131e-07, 0, 0, 6.30184e-06, 7.81061e-06, 8.09934e-07, 1.69041, 0.949586, 4.23462e-05, 266.831
2222, 0.184262, 3.35874e-06, 1.89212e-06, 0, 5.42616e-07, 5.4877e-07, 0, 0, 6.34225e-06, 7.79061e-06, 8.06844e-07, 1.6914, 0.949652, 4.22806e-05, 266.806
2223, 0.185857, 3.38388e-06, 1.90479e-06, 0, 5.50552e-07, 5.57271e-07, 0, 0, 6.3965e-06, 7.84581e-06, 8.20753e-07, 1.68278, 0.949717, 4.22147e-05, 266.804
2224, 0.186274, 3.41658e-06, 1.92042e-06, 0, 5.51947e-07, 5.59243e-07, 0, 0, 6.44819e-06, 7.85125e-06, 8.24298e-07, 1.68054, 0.949784, 4.21486e-05, 266.797
2225, 0.184955, 3.45831e-06, 1.94016e-06, 0, 5.43235e-07, 5.51041e-07, 0, 0, 6.49274e-06, 7.78351e-06, 8.11594e-07, 1.68764, 0.94985, 4.20827e-05, 266.778
2226, 0.183606, 3.49172e-06, 1.95834e-06, 0, 5.33185e-07, 5.41155e-07, 0, 0, 6.52441e-06, 7.71462e-06, 7.97232e-07, 1.69496, 0.949916, 4.20169e-05, 266.736
2227, 0.183728, 3.5129e-06, 1.97217e-06, 0, 5.31123e-07, 5.39063e-07, 0, 0, 6.55526e-06, 7.70754e-06, 7.96039e-07, 1.6943, 0.949982, 4.19513e-05, 266.693
2228, 0.185727, 3.52957e-06, 1.98264e-06, 0, 5.40729e-07, 5.48848e-07, 0, 0, 6.60178e-06, 7.77927e-06, 8.13262e-07, 1.68348, 0.950048, 4.18865e-05, 266.676
2229, 0.187557, 3.55031e-06, 1.99422e-06, 0, 5.49897e-07, 5.58309e-07, 0, 0, 6.65273e-06, 7.84402e-06, 8.2957e-07, 1.67367, 0.950114, 4.18225e-05, 266.666
2230, 0.187153, 3.58246e-06, 2.01121e-06, 0, 5.46082e-07, 5.54671e-07, 0, 0, 6.69442e-06, 7.81539e-06, 8.2487e-07, 1.67583, 0.95018, 4.17587e-05, 266.64
2231, 0.184551, 3.62554e-06, 2.03356e-06, 0, 5.29642e-07, 5.38186e-07, 0, 0, 6.72693e-06, 7.69494e-06, 7.99616e-07, 1.68983, 0.950246, 4.16943e-05, 266.598
2232, 0.182512, 3.66654e-06, 2.05481e-06, 0, 5.1641e-07, 5.24985e-07, 0, 0, 6.76274e-06, 7.59795e-06, 7.79543e-07, 1.70094, 0.950312, 4.16296e-05, 266.562
2233, 0.183324, 3.69508e-06, 2.06964e-06, 0, 5.19236e-07, 5.28285e-07, 0, 0, 6.81224e-06, 7.61971e-06, 7.85615e-07, 1.6965, 0.950378, 4.15649e-05, 266.548
2234, 0.185146, 3.71977e-06, 2.0823e-06, 0, 5.27834e-07, 5.37525e-07, 0, 0, 6.86743e-06, 7.68353e-06, 8.01032e-07, 1.68661, 0.950444, 4.15005e-05, 266.542
2235, 0.185348, 3.7537e-06, 2.09913e-06, 0, 5.27148e-07, 5.37338e-07, 0, 0, 6.91731e-06, 7.68035e-06, 8.01198e-07, 1.68552, 0.95051, 4.1437e-05, 266.527
2236, 0.183973, 3.79456e-06, 2.11972e-06, 0, 5.17299e-07, 5.27781e-07, 0, 0, 6.95936e-06, 7.61183e-06, 7.86505e-07, 1.69297, 0.950576, 4.13741e-05, 266.5
2237, 0.18342, 3.82634e-06, 2.13735e-06, 0, 5.12031e-07, 5.2258e-07, 0, 0, 6.9983e-06, 7.57732e-06, 7.79572e-07, 1.69598, 0.950642, 4.13115e-05, 266.467
2238, 0.184659, 3.84899e-06, 2.15062e-06, 0, 5.17506e-07, 5.28214e-07, 0, 0, 7.04534e-06, 7.61705e-06, 7.90163e-07, 1.68925, 0.950708, 4.125e-05, 266.447
2239, 0.185909, 3.87493e-06, 2.16466e-06, 0, 5.23603e-07, 5.34653e-07, 0, 0, 7.09785e-06, 7.65761e-06, 8.01677e-07, 1.6825, 0.950774, 4.11902e-05, 266.434
2240, 0.185253, 3.91175e-06, 2.18384e-06, 0, 5.18492e-07, 5.29756e-07, 0, 0, 7.14384e-06, 7.61948e-06, 7.94742e-07, 1.68603, 0.95084, 4.11297e-05, 266.411
2241, 0.184426, 3.94928e-06, 2.20339e-06, 0, 5.11856e-07, 5.23345e-07, 0, 0, 7.18787e-06, 7.57393e-06, 7.853e-07, 1.69051, 0.950906, 4.10677e-05, 266.385
2242, 0.184783, 3.98173e-06, 2.22007e-06, 0, 5.12204e-07, 5.24068e-07, 0, 0, 7.23808e-06, 7.57704e-06, 7.87253e-07, 1.68857, 0.950972, 4.10052e-05, 266.368
2243, 0.184443, 4.02002e-06, 2.2392e-06, 0, 5.09165e-07, 5.21318e-07, 0, 0, 7.28971e-06, 7.55165e-06, 7.83399e-07, 1.69042, 0.951038, 4.09428e-05, 266.352
2244, 0.183726, 4.05975e-06, 2.25937e-06, 0, 5.04169e-07, 5.16489e-07, 0, 0, 7.33977e-06, 7.51072e-06, 7.76393e-07, 1.69431, 0.951104, 4.088e-05, 266.334
2245, 0.183557, 4.09442e-06, 2.27765e-06, 0, 5.0171e-07, 5.14268e-07, 0, 0, 7.38805e-06, 7.49234e-06, 7.73905e-07, 1.69523, 0.95117, 4.08172e-05, 266.312
2246, 0.181202, 4.1428e-06, 2.30229e-06, 0, 4.87154e-07, 4.99756e-07, 0, 0, 7.432e-06, 7.38506e-06, 7.51276e-07, 1.70814, 0.951236, 4.07546e-05, 266.284
2247, 0.179758, 4.18701e-06, 2.32465e-06, 0, 4.78521e-07, 4.91139e-07, 0, 0, 7.48132e-06, 7.31466e-06, 7.38271e-07, 1.71615, 0.951302, 4.06922e-05, 266.263
2248, 0.183034, 4.20159e-06, 2.33324e-06, 0, 4.95083e-07, 5.08265e-07, 0, 0, 7.53818e-06, 7.4364e-06, 7.67338e-07, 1.69808, 0.951368, 4.063e-05, 266.253
2249, 0.185753, 4.21857e-06, 2.34332e-06, 0, 5.07538e-07, 5.21338e-07, 0, 0, 7.59077e-06, 7.53555e-06, 7.89732e-07, 1.68334, 0.951434, 4.05679e-05, 266.237
2250, 0.185305, 4.25568e-06, 2.36283e-06, 0, 5.0288e-07, 5.16928e-07, 0, 0, 7.63831e-06, 7.506e-06, 7.83511e-07, 1.68575, 0.9515, 4.05058e-05, 266.212
2251, 0.184911, 4.29413e-06, 2.38257e-06, 0, 4.98855e-07, 5.13156e-07, 0, 0, 7.68872e-06, 7.47849e-06, 7.78254e-07, 1.68788, 0.951566, 4.04437e-05, 266.191
2252, 0.184584, 4.33266e-06, 2.40225e-06, 0, 4.95574e-07, 5.10096e-07, 0, 0, 7.74058e-06, 7.4539e-06, 7.74222e-07, 1.68965, 0.951632, 4.03818e-05, 266.172
2253, 0.18264, 4.38096e-06, 2.42658e-06, 0, 4.8412e-07, 4.98491e-07, 0, 0, 7.79015e-06, 7.36422e-06, 7.56325e-07, 1.70024, 0.951698, 4.03201e-05, 266.15
2254, 0.18077, 4.42976e-06, 2.45095e-06, 0, 4.73162e-07, 4.87365e-07, 0, 0, 7.84123e-06, 7.27758e-06, 7.39115e-07, 1.71053, 0.951764, 4.02584e-05, 266.129
2255, 0.180126, 4.47152e-06, 2.472e-06, 0, 4.68065e-07, 4.82398e-07, 0, 0, 7.89398e-06, 7.24052e-06, 7.31823e-07, 1.7141, 0.95183, 4.01968e-05, 266.109
2256, 0.178891, 4.51632e-06, 2.49474e-06, 0, 4.60069e-07, 4.74427e-07, 0, 0, 7.94556e-06, 7.17992e-06, 7.19781e-07, 1.72098, 0.951896, 4.01353e-05, 266.088
2257, 0.178949, 4.55343e-06, 2.51357e-06, 0, 4.59012e-07, 4.73653e-07, 0, 0, 7.99967e-06, 7.17105e-06, 7.19591e-07, 1.72066, 0.951962, 4.00739e-05, 266.07
2258, 0.181975, 4.57255e-06, 2.52367e-06, 0, 4.73095e-07, 4.88562e-07, 0, 0, 8.05787e-06, 7.28108e-06, 7.45032e-07, 1.70388, 0.952028, 4.00126e-05, 266.058
2259, 0.184059, 4.59718e-06, 2.53677e-06, 0, 4.82404e-07, 4.98454e-07, 0, 0, 8.11481e-06, 7.35342e-06, 7.62337e-07, 1.6925, 0.952094, 3.99514e-05, 266.043
2260, 0.181421, 4.65287e-06, 2.56468e-06, 0, 4.68308e-07, 4.84001e-07, 0, 0, 8.16986e-06, 7.23727e-06, 7.39686e-07, 1.70694, 0.95216, 3.98903e-05, 266.025
2261, 0.176112, 4.72842e-06, 2.60151e-06, 0, 4.42432e-07, 4.57003e-07, 0, 0, 8.22936e-06, 7.0147e-06, 6.96366e-07, 1.73663, 0.952226, 3.9829e-05, 266.012
2262, 0.174759, 4.7782e-06, 2.62606e-06, 0, 4.36017e-07, 4.50082e-07, 0, 0, 8.29036e-06, 6.94966e-06, 6.85923e-07, 1.74435, 0.952292, 3.97677e-05, 266.001
2263, 0.177435, 4.8002e-06, 2.63775e-06, 0, 4.47503e-07, 4.62129e-07, 0, 0, 8.34758e-06, 7.045e-06, 7.06484e-07, 1.72915, 0.952358, 3.97053e-05, 265.985
2264, 0.178845, 4.83152e-06, 2.65384e-06, 0, 4.51859e-07, 4.67141e-07, 0, 0, 8.40436e-06, 7.08956e-06, 7.15365e-07, 1.72124, 0.952424, 3.96407e-05, 265.968
2265, 0.181324, 4.85572e-06, 2.66638e-06, 0, 4.61948e-07, 4.78271e-07, 0, 0, 8.46232e-06, 7.1764e-06, 7.34577e-07, 1.70747, 0.95249, 3.95785e-05, 265.951
2266, 0.185232, 4.86934e-06, 2.67376e-06, 0, 4.79628e-07, 4.97289e-07, 0, 0, 8.52002e-06, 7.32067e-06, 7.6705e-07, 1.68615, 0.952556, 3.95219e-05, 265.934
2267, 0.183588, 4.92312e-06, 2.69962e-06, 0, 4.70348e-07, 4.88103e-07, 0, 0, 8.58119e-06, 7.24562e-06, 7.52757e-07, 1.69506, 0.952623, 3.94645e-05, 265.921
2268, 0.176916, 5.01641e-06, 2.74308e-06, 0, 4.37451e-07, 4.54131e-07, 0, 0, 8.65108e-06, 6.9716e-06, 6.97184e-07, 1.73208, 0.952688, 3.94041e-05, 265.919
2269, 0.175063, 5.07313e-06, 2.77033e-06, 0, 4.2793e-07, 4.44417e-07, 0, 0, 8.71581e-06, 6.88735e-06, 6.81914e-07, 1.74261, 0.952754, 3.9343e-05, 265.909
2270, 0.179258, 5.07904e-06, 2.77614e-06, 0, 4.46628e-07, 4.64057e-07, 0, 0, 8.76587e-06, 7.04146e-06, 7.15827e-07, 1.71893, 0.95282, 3.92829e-05, 265.88
2271, 0.182173, 5.09565e-06, 2.78688e-06, 0, 4.58595e-07, 4.76718e-07, 0, 0, 8.81784e-06, 7.14546e-06, 7.38068e-07, 1.7028, 0.952886, 3.92239e-05, 265.854
2272, 0.182179, 5.13787e-06, 2.80857e-06, 0, 4.56519e-07, 4.74837e-07, 0, 0, 8.87781e-06, 7.13514e-06, 7.35793e-07, 1.70276, 0.952952, 3.91654e-05, 265.837
2273, 0.182844, 5.17589e-06, 2.8279e-06, 0, 4.58627e-07, 4.77212e-07, 0, 0, 8.93963e-06, 7.15038e-06, 7.4073e-07, 1.69912, 0.953018, 3.91068e-05, 265.822
2274, 0.182036, 5.22531e-06, 2.85231e-06, 0, 4.55434e-07, 4.73508e-07, 0, 0, 9.00656e-06, 7.10838e-06, 7.35739e-07, 1.70355, 0.953084, 3.90479e-05, 265.813
2275, 0.17539, 5.31947e-06, 2.89749e-06, 0, 4.25976e-07, 4.41848e-07, 0, 0, 9.08478e-06, 6.83874e-06, 6.843e-07, 1.74074, 0.95315, 3.89888e-05, 265.817
2276, 0.171569, 5.39156e-06, 2.93261e-06, 0, 4.07462e-07, 4.22341e-07, 0, 0, 9.15397e-06, 6.67905e-06, 6.52791e-07, 1.76277, 0.953216, 3.89297e-05, 265.81
2277, 0.176926, 5.39335e-06, 2.93504e-06, 0, 4.2861e-07, 4.45475e-07, 0, 0, 9.20248e-06, 6.8769e-06, 6.9194e-07, 1.73202, 0.953282, 3.88717e-05, 265.777
2278, 0.184608, 5.37912e-06, 2.92967e-06, 0, 4.61291e-07, 4.80908e-07, 0, 0, 9.25099e-06, 7.16605e-06, 7.51777e-07, 1.68952, 0.953348, 3.88197e-05, 265.743
2279, 0.188173, 5.39914e-06, 2.93986e-06, 0, 4.77356e-07, 4.98402e-07, 0, 0, 9.31477e-06, 7.2974e-06, 7.8191e-07, 1.67039, 0.953414, 3.87805e-05, 265.728
2280, 0.185883, 5.46603e-06, 2.97163e-06, 0, 4.67723e-07, 4.88355e-07, 0, 0, 9.39374e-06, 7.20273e-06, 7.66021e-07, 1.68264, 0.95348, 3.87478e-05, 265.73
2281, 0.181881, 5.54392e-06, 3.0091e-06, 0, 4.49049e-07, 4.68697e-07, 0, 0, 9.47077e-06, 7.03982e-06, 7.33981e-07, 1.7044, 0.953546, 3.87046e-05, 265.73
2282, 0.177983, 5.61799e-06, 3.04558e-06, 0, 4.29799e-07, 4.48303e-07, 0, 0, 9.54167e-06, 6.87934e-06, 7.00716e-07, 1.72607, 0.953612, 3.86499e-05, 265.721
2283, 0.173767, 5.69731e-06, 3.08397e-06, 0, 4.09877e-07, 4.27251e-07, 0, 0, 9.61841e-06, 6.706e-06, 6.66335e-07, 1.75004, 0.953678, 3.85911e-05, 265.719
2284, 0.174956, 5.7348e-06, 3.10272e-06, 0, 4.13796e-07, 4.31932e-07, 0, 0, 9.68325e-06, 6.74101e-06, 6.75005e-07, 1.74322, 0.953744, 3.85315e-05, 265.703
2285, 0.180085, 5.73774e-06, 3.10603e-06, 0, 4.34219e-07, 4.5423e-07, 0, 0, 9.73222e-06, 6.92777e-06, 7.13312e-07, 1.71433, 0.95381, 3.84716e-05, 265.668
2286, 0.185022, 5.74257e-06, 3.11019e-06, 0, 4.53255e-07, 4.75065e-07, 0, 0, 9.78107e-06, 7.10669e-06, 7.4912e-07, 1.68728, 0.953876, 3.84117e-05, 265.632
2287, 0.187728, 5.7668e-06, 3.12316e-06, 0, 4.62634e-07, 4.85633e-07, 0, 0, 9.83823e-06, 7.19991e-06, 7.67651e-07, 1.67276, 0.953942, 3.83534e-05, 265.606
2288, 0.185991, 5.82844e-06, 3.15331e-06, 0, 4.53869e-07, 4.76616e-07, 0, 0, 9.91224e-06, 7.12308e-06, 7.53428e-07, 1.68206, 0.954008, 3.82965e-05, 265.598
2289, 0.179257, 5.93449e-06, 3.20356e-06, 0, 4.24412e-07, 4.45339e-07, 0, 0, 1.00078e-05, 6.85335e-06, 7.01718e-07, 1.71894, 0.954074, 3.82296e-05, 265.614
2290, 0.174504, 6.02919e-06, 3.24753e-06, 0, 4.01873e-07, 4.21752e-07, 0, 0, 1.01003e-05, 6.65238e-06, 6.6217e-07, 1.74581, 0.95414, 3.81244e-05, 265.626
2291, 0.176555, 6.07129e-06, 3.26627e-06, 0, 4.06465e-07, 4.27549e-07, 0, 0, 1.01716e-05, 6.70703e-06, 6.71176e-07, 1.73412, 0.954206, 3.79941e-05, 265.614
2292, 0.178707, 6.10361e-06, 3.28261e-06, 0, 4.12213e-07, 4.34162e-07, 0, 0, 1.02326e-05, 6.76734e-06, 6.82673e-07, 1.72201, 0.954272, 3.7871e-05, 265.589
2293, 0.179131, 6.14302e-06, 3.3038e-06, 0, 4.10603e-07, 4.32534e-07, 0, 0, 1.029e-05, 6.74449e-06, 6.81759e-07, 1.71964, 0.954338, 3.76495e-05, 265.561
2294, 0.176538, 6.22588e-06, 3.33995e-06, 0, 3.9634e-07, 4.17872e-07, 0, 0, 1.038e-05, 6.60639e-06, 6.57769e-07, 1.73422, 0.954404, 3.742e-05, 265.568
2295, 0.171691, 6.34011e-06, 3.38689e-06, 0, 3.7495e-07, 3.95911e-07, 0, 0, 1.04979e-05, 6.41916e-06, 6.20406e-07, 1.76206, 0.95447, 3.73919e-05, 265.603
2296, 0.172781, 6.37743e-06, 3.40648e-06, 0, 3.79683e-07, 4.01155e-07, 0, 0, 1.05647e-05, 6.4704e-06, 6.30346e-07, 1.75573, 0.954536, 3.74486e-05, 265.584
2297, 0.177922, 6.35916e-06, 3.40744e-06, 0, 4.0152e-07, 4.23912e-07, 0, 0, 1.0592e-05, 6.66704e-06, 6.70996e-07, 1.72641, 0.954602, 3.74686e-05, 265.521
2298, 0.176359, 6.40822e-06, 3.43695e-06, 0, 3.94222e-07, 4.15579e-07, 0, 0, 1.0655e-05, 6.60572e-06, 6.58424e-07, 1.73523, 0.954668, 3.74547e-05, 265.497
2299, 0.171971, 6.49054e-06, 3.47876e-06, 0, 3.739e-07, 3.93609e-07, 0, 0, 1.07368e-05, 6.43497e-06, 6.22142e-07, 1.76043, 0.954734, 3.74236e-05, 265.492
2300, 0.1719, 6.53693e-06, 3.5027e-06, 0, 3.71361e-07, 3.91129e-07, 0, 0, 1.08021e-05, 6.42654e-06, 6.18928e-07, 1.76084, 0.9548, 3.73945e-05, 265.47
2301, 0.17598, 6.55226e-06, 3.51106e-06, 0, 3.86862e-07, 4.08364e-07, 0, 0, 1.08585e-05, 6.57408e-06, 6.49051e-07, 1.73739, 0.954866, 3.73643e-05, 265.437
2302, 0.179461, 6.57767e-06, 3.52368e-06, 0, 4.00725e-07, 4.23639e-07, 0, 0, 1.09257e-05, 6.69885e-06, 6.75525e-07, 1.7178, 0.954932, 3.73295e-05, 265.416
2303, 0.177381, 6.65026e-06, 3.55887e-06, 0, 3.91289e-07, 4.13525e-07, 0, 0, 1.10139e-05, 6.61524e-06, 6.58945e-07, 1.72946, 0.954998, 3.72924e-05, 265.416
2304, 0.174367, 6.72962e-06, 3.59714e-06, 0, 3.78535e-07, 3.99727e-07, 0, 0, 1.1105e-05, 6.49424e-06, 6.36462e-07, 1.7466, 0.955064, 3.7245e-05, 265.418
2305, 0.176367, 6.76509e-06, 3.61449e-06, 0, 3.86814e-07, 4.08761e-07, 0, 0, 1.11752e-05, 6.55782e-06, 6.52981e-07, 1.73519, 0.95513, 3.7188e-05, 265.398
2306, 0.180104, 6.78851e-06, 3.62562e-06, 0, 4.02755e-07, 4.25992e-07, 0, 0, 1.12429e-05, 6.68712e-06, 6.83355e-07, 1.71422, 0.955196, 3.71365e-05, 265.376
2307, 0.181851, 6.83227e-06, 3.64598e-06, 0, 4.11498e-07, 4.35214e-07, 0, 0, 1.1325e-05, 6.74509e-06, 7.00138e-07, 1.70457, 0.955262, 3.70991e-05, 265.367
2308, 0.184519, 6.86435e-06, 3.66142e-06, 0, 4.22655e-07, 4.47529e-07, 0, 0, 1.1396e-05, 6.83848e-06, 7.22139e-07, 1.69001, 0.955328, 3.70668e-05, 265.348
2309, 0.188772, 6.88335e-06, 3.67033e-06, 0, 4.39006e-07, 4.6605e-07, 0, 0, 1.14587e-05, 6.98963e-06, 7.5427e-07, 1.66722, 0.955394, 3.7029e-05, 265.319
2310, 0.192721, 6.90828e-06, 3.68168e-06, 0, 4.55496e-07, 4.84385e-07, 0, 0, 1.15298e-05, 7.12756e-06, 7.8626e-07, 1.64651, 0.95546, 3.6985e-05, 265.299
2311, 0.195445, 6.94032e-06, 3.69761e-06, 0, 4.67534e-07, 4.9738e-07, 0, 0, 1.16028e-05, 7.21927e-06, 8.0976e-07, 1.63248, 0.955526, 3.69387e-05, 265.28
2312, 0.196567, 6.98178e-06, 3.71898e-06, 0, 4.72024e-07, 5.02137e-07, 0, 0, 1.16749e-05, 7.25154e-06, 8.19516e-07, 1.62675, 0.955592, 3.68922e-05, 265.259
2313, 0.197948, 7.02025e-06, 3.7389e-06, 0, 4.77233e-07, 5.07918e-07, 0, 0, 1.17443e-05, 7.29341e-06, 8.31198e-07, 1.61975, 0.955658, 3.68457e-05, 265.236
2314, 0.197346, 7.08472e-06, 3.76955e-06, 0, 4.73426e-07, 5.04353e-07, 0, 0, 1.18321e-05, 7.26212e-06, 8.25986e-07, 1.62279, 0.955724, 3.67963e-05, 265.23
2315, 0.187893, 7.24616e-06, 3.84317e-06, 0, 4.32393e-07, 4.60846e-07, 0, 0, 1.19826e-05, 6.90445e-06, 7.5107e-07, 1.67188, 0.95579, 3.67389e-05, 265.283
2316, 0.166237, 7.54384e-06, 3.97646e-06, 0, 3.44842e-07, 3.66848e-07, 0, 0, 1.2232e-05, 6.09902e-06, 5.89382e-07, 1.79434, 0.955856, 3.66803e-05, 265.426
2317, 0.147199, 7.81315e-06, 4.09791e-06, 0, 2.6975e-07, 2.85904e-07, 0, 0, 1.24667e-05, 5.39234e-06, 4.50592e-07, 1.91597, 0.955922, 3.66315e-05, 265.552
2318, 0.148436, 7.84821e-06, 4.11973e-06, 0, 2.6882e-07, 2.85526e-07, 0, 0, 1.25223e-05, 5.42929e-06, 4.49818e-07, 1.9076, 0.955988, 3.65797e-05, 265.512
2319, 0.162376, 7.74426e-06, 4.07939e-06, 0, 3.15914e-07, 3.37327e-07, 0, 0, 1.24769e-05, 5.93178e-06, 5.38696e-07, 1.81784, 0.956054, 3.6533e-05, 265.381
2320, 0.172955, 7.71e-06, 4.05765e-06, 0, 3.55412e-07, 3.80734e-07, 0, 0, 1.25038e-05, 6.3107e-06, 6.13372e-07, 1.75472, 0.95612, 3.64869e-05, 265.316
2321, 0.174615, 7.84679e-06, 4.08571e-06, 0, 3.64612e-07, 3.91872e-07, 0, 0, 1.2689e-05, 6.34829e-06, 6.31125e-07, 1.74517, 0.956186, 3.63468e-05, 265.393
2322, 0.171904, 8.0524e-06, 4.14153e-06, 0, 3.54789e-07, 3.82918e-07, 0, 0, 1.29316e-05, 6.18967e-06, 6.12949e-07, 1.76082, 0.956252, 3.59922e-05, 265.518
2323, 0.174395, 8.08316e-06, 4.16509e-06, 0, 3.60178e-07, 3.89118e-07, 0, 0, 1.29975e-05, 6.2128e-06, 6.23702e-07, 1.74643, 0.956318, 3.56194e-05, 265.486
2324, 0.182312, 7.95014e-06, 4.14592e-06, 0, 3.87741e-07, 4.17474e-07, 0, 0, 1.29013e-05, 6.48459e-06, 6.7731e-07, 1.70204, 0.956384, 3.55661e-05, 265.312
2325, 0.187431, 7.86291e-06, 4.13653e-06, 0, 4.06901e-07, 4.36713e-07, 0, 0, 1.28431e-05, 6.68871e-06, 7.15665e-07, 1.67435, 0.95645, 3.56895e-05, 265.171
2326, 0.189307, 7.87195e-06, 4.15091e-06, 0, 4.14401e-07, 4.44556e-07, 0, 0, 1.28818e-05, 6.77101e-06, 7.31984e-07, 1.66438, 0.956516, 3.57722e-05, 265.116
2327, 0.190173, 7.93328e-06, 4.17786e-06, 0, 4.1981e-07, 4.5081e-07, 0, 0, 1.29818e-05, 6.80779e-06, 7.43975e-07, 1.65982, 0.956582, 3.58045e-05, 265.114
2328, 0.187685, 8.04247e-06, 4.22382e-06, 0, 4.12195e-07, 4.42868e-07, 0, 0, 1.31214e-05, 6.71952e-06, 7.3065e-07, 1.67299, 0.956648, 3.5814e-05, 265.146
2329, 0.186363, 8.1218e-06, 4.26117e-06, 0, 4.05761e-07, 4.36202e-07, 0, 0, 1.32249e-05, 6.67052e-06, 7.19445e-07, 1.68006, 0.956714, 3.58057e-05, 265.146
2330, 0.188042, 8.16351e-06, 4.28349e-06, 0, 4.09109e-07, 4.40361e-07, 0, 0, 1.32965e-05, 6.72771e-06, 7.26476e-07, 1.67109, 0.95678, 3.57842e-05, 265.118
2331, 0.186629, 8.24572e-06, 4.32266e-06, 0, 4.00362e-07, 4.31385e-07, 0, 0, 1.34001e-05, 6.67285e-06, 7.10369e-07, 1.67863, 0.956846, 3.57562e-05, 265.117
2332, 0.185362, 8.31419e-06, 4.3581e-06, 0, 3.92797e-07, 4.23335e-07, 0, 0, 1.34884e-05, 6.62191e-06, 6.97389e-07, 1.68545, 0.956912, 3.57232e-05, 265.103
2333, 0.186918, 8.35086e-06, 4.37898e-06, 0, 3.97758e-07, 4.2875e-07, 0, 0, 1.35564e-05, 6.66893e-06, 7.08566e-07, 1.67709, 0.956978, 3.56778e-05, 265.071
2334, 0.186149, 8.43243e-06, 4.41607e-06, 0, 3.92756e-07, 4.23723e-07, 0, 0, 1.3665e-05, 6.62109e-06, 7.00223e-07, 1.68121, 0.957044, 3.55765e-05, 265.072
2335, 0.18432, 8.53206e-06, 4.46033e-06, 0, 3.82457e-07, 4.1308e-07, 0, 0, 1.37879e-05, 6.52526e-06, 6.8158e-07, 1.69108, 0.95711, 3.54235e-05, 265.085
2336, 0.185371, 8.58056e-06, 4.48579e-06, 0, 3.85484e-07, 4.16481e-07, 0, 0, 1.38683e-05, 6.5532e-06, 6.88781e-07, 1.6854, 0.957176, 3.53725e-05, 265.063
2337, 0.18568, 8.64558e-06, 4.51681e-06, 0, 3.86698e-07, 4.17984e-07, 0, 0, 1.39671e-05, 6.56434e-06, 6.92331e-07, 1.68373, 0.957242, 3.53612e-05, 265.055
2338, 0.17955, 8.83122e-06, 4.59132e-06, 0, 3.61477e-07, 3.91219e-07, 0, 0, 1.41752e-05, 6.32267e-06, 6.43855e-07, 1.7173, 0.957308, 3.52243e-05, 265.134
2339, 0.169282, 9.10208e-06, 4.69309e-06, 0, 3.23406e-07, 3.50483e-07, 0, 0, 1.44691e-05, 5.95124e-06, 5.69899e-07, 1.77619, 0.957374, 3.51844e-05, 265.28
2340, 0.160992, 9.36159e-06, 4.78124e-06, 0, 2.97017e-07, 3.22342e-07, 0, 0, 1.47622e-05, 5.67991e-06, 5.19063e-07, 1.8264, 0.95744, 3.53043e-05, 265.421
2341, 0.160492, 9.51605e-06, 4.81853e-06, 0, 2.9778e-07, 3.24178e-07, 0, 0, 1.49565e-05, 5.67355e-06, 5.21614e-07, 1.82951, 0.957506, 3.53624e-05, 265.482
2342, 0.167608, 9.49308e-06, 4.80326e-06, 0, 3.23437e-07, 3.52542e-07, 0, 0, 1.49723e-05, 5.92189e-06, 5.73062e-07, 1.78613, 0.957572, 3.53408e-05, 265.405
2343, 0.174928, 9.35502e-06, 4.78525e-06, 0, 3.46191e-07, 3.76574e-07, 0, 0, 1.4863e-05, 6.17362e-06, 6.19065e-07, 1.74338, 0.957638, 3.53007e-05, 265.232
2344, 0.175896, 9.33645e-06, 4.81216e-06, 0, 3.45293e-07, 3.75315e-07, 0, 0, 1.48692e-05, 6.20079e-06, 6.18668e-07, 1.73786, 0.957704, 3.52585e-05, 265.148
2345, 0.173107, 9.44196e-06, 4.8651e-06, 0, 3.32761e-07, 3.62118e-07, 0, 0, 1.50019e-05, 6.09629e-06, 5.95241e-07, 1.75384, 0.95777, 3.52159e-05, 265.161
2346, 0.171764, 9.51565e-06, 4.90601e-06, 0, 3.27193e-07, 3.55964e-07, 0, 0, 1.51048e-05, 6.04342e-06, 5.85136e-07, 1.76163, 0.957836, 3.51731e-05, 265.151
2347, 0.169042, 9.61494e-06, 4.95599e-06, 0, 3.1782e-07, 3.45316e-07, 0, 0, 1.52341e-05, 5.94123e-06, 5.67309e-07, 1.77761, 0.957902, 3.51298e-05, 265.16
2348, 0.165592, 9.761e-06, 5.01158e-06, 0, 3.06382e-07, 3.32797e-07, 0, 0, 1.54118e-05, 5.81221e-06, 5.45958e-07, 1.79823, 0.957968, 3.50856e-05, 265.205
2349, 0.162874, 9.96945e-06, 5.06708e-06, 0, 3.00675e-07, 3.27246e-07, 0, 0, 1.56644e-05, 5.70968e-06, 5.3595e-07, 1.81478, 0.958034, 3.50404e-05, 265.303
2350, 0.155902, 1.03156e-05, 5.15393e-06, 0, 2.83147e-07, 3.0928e-07, 0, 0, 1.6062e-05, 5.45614e-06, 5.02356e-07, 1.85853, 0.9581, 3.49751e-05, 265.503
2351, 0.147136, 1.07894e-05, 5.24255e-06, 0, 2.59049e-07, 2.84522e-07, 0, 0, 1.65755e-05, 5.12654e-06, 4.55789e-07, 1.9164, 0.958166, 3.47921e-05, 265.777
2352, 0.14376, 1.11542e-05, 5.28583e-06, 0, 2.48892e-07, 2.74446e-07, 0, 0, 1.69634e-05, 4.95793e-06, 4.36612e-07, 1.93961, 0.958232, 3.43989e-05, 265.956
2353, 0.152955, 1.091e-05, 5.25905e-06, 0, 2.72227e-07, 2.98642e-07, 0, 0, 1.67399e-05, 5.22402e-06, 4.83413e-07, 1.87761, 0.958298, 3.40708e-05, 265.714
2354, 0.167946, 1.03684e-05, 5.20656e-06, 0, 3.12883e-07, 3.41215e-07, 0, 0, 1.62291e-05, 5.73262e-06, 5.64757e-07, 1.78411, 0.958364, 3.40827e-05, 265.268
2355, 0.172437, 1.02005e-05, 5.21965e-06, 0, 3.25246e-07, 3.53896e-07, 0, 0, 1.60993e-05, 5.90339e-06, 5.90335e-07, 1.75772, 0.95843, 3.42167e-05, 265.088
2356, 0.16955, 1.03295e-05, 5.28179e-06, 0, 3.16726e-07, 3.44839e-07, 0, 0, 1.62728e-05, 5.81468e-06, 5.74103e-07, 1.77461, 0.958496, 3.42917e-05, 265.123
2357, 0.168973, 1.04775e-05, 5.33083e-06, 0, 3.15068e-07, 3.44208e-07, 0, 0, 1.64676e-05, 5.79786e-06, 5.71718e-07, 1.77801, 0.958562, 3.43183e-05, 265.172
2358, 0.166367, 1.06436e-05, 5.38868e-06, 0, 3.08975e-07, 3.37959e-07, 0, 0, 1.66792e-05, 5.7082e-06, 5.61754e-07, 1.79356, 0.958628, 3.43204e-05, 265.231
2359, 0.170773, 1.06341e-05, 5.39253e-06, 0, 3.26962e-07, 3.57548e-07, 0, 0, 1.67111e-05, 5.85765e-06, 6.001e-07, 1.76742, 0.958694, 3.43087e-05, 265.165
2360, 0.184279, 1.04312e-05, 5.33233e-06, 0, 3.71105e-07, 4.0626e-07, 0, 0, 1.65409e-05, 6.31974e-06, 6.89695e-07, 1.6913, 0.95876, 3.42918e-05, 264.959
2361, 0.189134, 1.0397e-05, 5.33316e-06, 0, 3.85061e-07, 4.21896e-07, 0, 0, 1.65371e-05, 6.48516e-06, 7.18466e-07, 1.6653, 0.958826, 3.42715e-05, 264.869
2362, 0.187297, 1.05475e-05, 5.38682e-06, 0, 3.77405e-07, 4.14155e-07, 0, 0, 1.67259e-05, 6.41781e-06, 7.03507e-07, 1.67506, 0.958892, 3.4248e-05, 264.912
2363, 0.183492, 1.08253e-05, 5.46222e-06, 0, 3.63875e-07, 4.00627e-07, 0, 0, 1.70521e-05, 6.27961e-06, 6.76088e-07, 1.69558, 0.958958, 3.4222e-05, 265.047
2364, 0.179586, 1.10471e-05, 5.53051e-06, 0, 3.5006e-07, 3.86022e-07, 0, 0, 1.73137e-05, 6.13836e-06, 6.48997e-07, 1.7171, 0.959024, 3.41944e-05, 265.135
2365, 0.182721, 1.09848e-05, 5.53592e-06, 0, 3.59076e-07, 3.95281e-07, 0, 0, 1.7275e-05, 6.24009e-06, 6.69394e-07, 1.69979, 0.95909, 3.41648e-05, 265.021
2366, 0.181975, 1.10543e-05, 5.57323e-06, 0, 3.56676e-07, 3.92289e-07, 0, 0, 1.73765e-05, 6.21044e-06, 6.66181e-07, 1.70388, 0.959156, 3.41354e-05, 265.001
2367, 0.171319, 1.14427e-05, 5.6946e-06, 0, 3.21806e-07, 3.54476e-07, 0, 0, 1.78136e-05, 5.84258e-06, 5.95571e-07, 1.76423, 0.959222, 3.41056e-05, 265.201
2368, 0.16307, 1.17745e-05, 5.8071e-06, 0, 2.93429e-07, 3.24254e-07, 0, 0, 1.81993e-05, 5.55657e-06, 5.37817e-07, 1.81357, 0.959288, 3.40756e-05, 265.361
2369, 0.153372, 1.21106e-05, 5.92325e-06, 0, 2.66175e-07, 2.94599e-07, 0, 0, 1.85947e-05, 5.22028e-06, 4.85379e-07, 1.87489, 0.959354, 3.40449e-05, 265.523
2370, 0.129259, 1.28004e-05, 6.12405e-06, 0, 2.03712e-07, 2.24543e-07, 0, 0, 1.93527e-05, 4.39442e-06, 3.65621e-07, 2.04593, 0.95942, 3.40149e-05, 265.9
2371, 0.111018, 1.33952e-05, 6.27738e-06, 0, 1.53684e-07, 1.68256e-07, 0, 0, 1.99945e-05, 3.76936e-06, 2.68318e-07, 2.19806, 0.959486, 3.39757e-05, 266.193
2372, 0.124928, 1.30419e-05, 6.21698e-06, 0, 1.82335e-07, 1.99927e-07, 0, 0, 1.96412e-05, 4.22603e-06, 3.23483e-07, 2.08002, 0.959552, 3.38709e-05, 265.897
2373, 0.154239, 1.22313e-05, 6.05467e-06, 0, 2.53713e-07, 2.79558e-07, 0, 0, 1.88192e-05, 5.16013e-06, 4.65371e-07, 1.86925, 0.959618, 3.35395e-05, 265.312
2374, 0.174048, 1.17962e-05, 5.95171e-06, 0, 3.06107e-07, 3.38279e-07, 0, 0, 1.83923e-05, 5.74742e-06, 5.72746e-07, 1.74842, 0.959684, 3.30979e-05, 264.959
2375, 0.176588, 1.19168e-05, 5.97603e-06, 0, 3.16525e-07, 3.50688e-07, 0, 0, 1.856e-05, 5.84317e-06, 5.95216e-07, 1.73394, 0.95975, 3.31452e-05, 264.977
2376, 0.163519, 1.2566e-05, 6.11552e-06, 0, 2.8458e-07, 3.16839e-07, 0, 0, 1.9283e-05, 5.47738e-06, 5.30069e-07, 1.81083, 0.959816, 3.35281e-05, 265.333
2377, 0.149095, 1.34064e-05, 6.21993e-06, 0, 2.48188e-07, 2.78067e-07, 0, 0, 2.01526e-05, 5.02521e-06, 4.55468e-07, 1.90317, 0.959882, 3.36933e-05, 265.76
2378, 0.147029, 1.38866e-05, 6.21633e-06, 0, 2.47198e-07, 2.77827e-07, 0, 0, 2.0628e-05, 4.95508e-06, 4.52992e-07, 1.91713, 0.959948, 3.36789e-05, 265.945
2379, 0.157015, 1.35253e-05, 6.21907e-06, 0, 2.72799e-07, 3.05829e-07, 0, 0, 2.0323e-05, 5.283e-06, 5.04223e-07, 1.85142, 0.960014, 3.36353e-05, 265.684
2380, 0.168365, 1.28903e-05, 6.24751e-06, 0, 2.98601e-07, 3.33517e-07, 0, 0, 1.977e-05, 5.64879e-06, 5.57314e-07, 1.78162, 0.96008, 3.35548e-05, 265.275
2381, 0.176271, 1.26485e-05, 6.24893e-06, 0, 3.1953e-07, 3.56562e-07, 0, 0, 1.95736e-05, 5.86371e-06, 6.0299e-07, 1.73573, 0.960146, 3.32578e-05, 265.072
2382, 0.171047, 1.31172e-05, 6.31017e-06, 0, 3.04014e-07, 3.39853e-07, 0, 0, 2.00712e-05, 5.57678e-06, 5.73866e-07, 1.76582, 0.960212, 3.2543e-05, 265.277
2383, 0.148345, 1.43658e-05, 6.46426e-06, 0, 2.42521e-07, 2.72657e-07, 0, 0, 2.13452e-05, 4.74059e-06, 4.49729e-07, 1.90822, 0.960278, 3.19782e-05, 265.909
2384, 0.136617, 1.51113e-05, 6.55318e-06, 0, 2.14189e-07, 2.42464e-07, 0, 0, 2.21211e-05, 4.39793e-06, 3.92501e-07, 1.99057, 0.960344, 3.22322e-05, 266.241
2385, 0.144823, 1.47921e-05, 6.56417e-06, 0, 2.3532e-07, 2.6629e-07, 0, 0, 2.18578e-05, 4.73862e-06, 4.35267e-07, 1.93224, 0.96041, 3.26928e-05, 266.013
2386, 0.150609, 1.44855e-05, 6.59015e-06, 0, 2.48035e-07, 2.79731e-07, 0, 0, 2.16034e-05, 4.95556e-06, 4.61198e-07, 1.89307, 0.960476, 3.28784e-05, 265.789
2387, 0.153468, 1.44538e-05, 6.59138e-06, 0, 2.55836e-07, 2.87809e-07, 0, 0, 2.15889e-05, 5.05623e-06, 4.78013e-07, 1.87426, 0.960542, 3.29224e-05, 265.695
2388, 0.158227, 1.45102e-05, 6.56648e-06, 0, 2.71839e-07, 3.05856e-07, 0, 0, 2.16543e-05, 5.21248e-06, 5.12347e-07, 1.84373, 0.960608, 3.29273e-05, 265.643
2389, 0.166999, 1.41666e-05, 6.56748e-06, 0, 2.9411e-07, 3.30308e-07, 0, 0, 2.13585e-05, 5.49475e-06, 5.59454e-07, 1.78977, 0.960674, 3.2903e-05, 265.396
2390, 0.166085, 1.42274e-05, 6.6222e-06, 0, 2.8863e-07, 3.23708e-07, 0, 0, 2.1462e-05, 5.44536e-06, 5.48963e-07, 1.79525, 0.96074, 3.27995e-05, 265.366
2391, 0.153652, 1.51306e-05, 6.69058e-06, 0, 2.55054e-07, 2.87231e-07, 0, 0, 2.23634e-05, 4.96712e-06, 4.81302e-07, 1.87307, 0.960806, 3.24159e-05, 265.761
2392, 0.156304, 1.51757e-05, 6.72145e-06, 0, 2.56378e-07, 2.89332e-07, 0, 0, 2.24429e-05, 4.95077e-06, 4.8572e-07, 1.85595, 0.960872, 3.18431e-05, 265.716
2393, 0.172066, 1.42598e-05, 6.74313e-06, 0, 2.92301e-07, 3.28667e-07, 0, 0, 2.16239e-05, 5.47167e-06, 5.60688e-07, 1.75988, 0.960938, 3.18596e-05, 265.194
2394, 0.178055, 1.38696e-05, 6.79612e-06, 0, 3.09026e-07, 3.46898e-07, 0, 0, 2.13216e-05, 5.76425e-06, 5.95749e-07, 1.72566, 0.961004, 3.23877e-05, 264.943
2395, 0.17381, 1.41896e-05, 6.86551e-06, 0, 3.00575e-07, 3.37928e-07, 0, 0, 2.16936e-05, 5.67919e-06, 5.79262e-07, 1.74979, 0.96107, 3.26746e-05, 265.059
2396, 0.161054, 1.51155e-05, 6.97129e-06, 0, 2.72048e-07, 3.07286e-07, 0, 0, 2.26661e-05, 5.27299e-06, 5.21175e-07, 1.82602, 0.961136, 3.27191e-05, 265.487
2397, 0.153281, 1.57492e-05, 7.07484e-06, 0, 2.54539e-07, 2.88944e-07, 0, 0, 2.33675e-05, 5.0143e-06, 4.85078e-07, 1.87548, 0.961202, 3.2694e-05, 265.758
2398, 0.165602, 1.51701e-05, 7.06597e-06, 0, 2.83399e-07, 3.21062e-07, 0, 0, 2.28405e-05, 5.40706e-06, 5.45665e-07, 1.79817, 0.961268, 3.26517e-05, 265.404
2399, 0.17701, 1.4604e-05, 7.0473e-06, 0, 3.10523e-07, 3.50621e-07, 0, 0, 2.23125e-05, 5.77634e-06, 6.03673e-07, 1.73155, 0.961334, 3.26201e-05, 265.044
2400, 0.176308, 1.4734e-05, 7.10578e-06, 0, 3.09296e-07, 3.49195e-07, 0, 0, 2.24983e-05, 5.74814e-06, 6.02798e-07, 1.73552, 0.9614, 3.25659e-05, 265.055
2401, 0.179057, 1.47506e-05, 7.12766e-06, 0, 3.16061e-07, 3.57142e-07, 0, 0, 2.25515e-05, 5.81087e-06, 6.18866e-07, 1.72005, 0.961466, 3.24288e-05, 264.996
2402, 0.183889, 1.4692e-05, 7.11246e-06, 0, 3.24357e-07, 3.66663e-07, 0, 0, 2.24954e-05, 5.88531e-06, 6.38278e-07, 1.69342, 0.961532, 3.20046e-05, 264.881
2403, 0.174845, 1.5462e-05, 7.1607e-06, 0, 2.96772e-07, 3.36296e-07, 0, 0, 2.32558e-05, 5.46882e-06, 5.82102e-07, 1.74385, 0.961598, 3.1326e-05, 265.185
2404, 0.157736, 1.6698e-05, 7.26562e-06, 0, 2.55769e-07, 2.91496e-07, 0, 0, 2.45108e-05, 4.91033e-06, 4.9625e-07, 1.84683, 0.961664, 3.12597e-05, 265.718
2405, 0.153053, 1.70002e-05, 7.38419e-06, 0, 2.46952e-07, 2.82528e-07, 0, 0, 2.49139e-05, 4.87178e-06, 4.75841e-07, 1.87697, 0.96173, 3.18639e-05, 265.825
2406, 0.148253, 1.72917e-05, 7.5225e-06, 0, 2.35696e-07, 2.70512e-07, 0, 0, 2.53204e-05, 4.78537e-06, 4.50597e-07, 1.90883, 0.961796, 3.22578e-05, 265.93
2407, 0.138779, 1.80111e-05, 7.62989e-06, 0, 2.14426e-07, 2.47137e-07, 0, 0, 2.61026e-05, 4.48951e-06, 4.06875e-07, 1.97487, 0.961862, 3.23282e-05, 266.204
2408, 0.146635, 1.76664e-05, 7.62948e-06, 0, 2.34349e-07, 2.69226e-07, 0, 0, 2.57994e-05, 4.73793e-06, 4.51292e-07, 1.91981, 0.961928, 3.23088e-05, 265.98
2409, 0.156413, 1.72104e-05, 7.62034e-06, 0, 2.58814e-07, 2.96212e-07, 0, 0, 2.53857e-05, 5.05008e-06, 5.04627e-07, 1.85526, 0.961994, 3.22806e-05, 265.703
2410, 0.156023, 1.73945e-05, 7.68274e-06, 0, 2.5819e-07, 2.95755e-07, 0, 0, 2.56312e-05, 5.03197e-06, 5.03436e-07, 1.85775, 0.96206, 3.22366e-05, 265.731
2411, 0.15932, 1.73122e-05, 7.74881e-06, 0, 2.64011e-07, 3.02973e-07, 0, 0, 2.5628e-05, 5.12922e-06, 5.14784e-07, 1.83684, 0.962126, 3.21884e-05, 265.644
2412, 0.161965, 1.72405e-05, 7.81321e-06, 0, 2.67352e-07, 3.07275e-07, 0, 0, 2.56283e-05, 5.20463e-06, 5.21241e-07, 1.82037, 0.962192, 3.21212e-05, 265.558
2413, 0.156544, 1.77496e-05, 7.87341e-06, 0, 2.52639e-07, 2.90883e-07, 0, 0, 2.61666e-05, 5.00734e-06, 4.90552e-07, 1.85442, 0.962258, 3.18983e-05, 265.719
2414, 0.138085, 1.92794e-05, 7.9265e-06, 0, 2.09189e-07, 2.42253e-07, 0, 0, 2.76573e-05, 4.37064e-06, 3.99629e-07, 1.97988, 0.962324, 3.14329e-05, 266.291
2415, 0.118287, 2.11735e-05, 7.86752e-06, 0, 1.67124e-07, 1.94976e-07, 0, 0, 2.94032e-05, 3.68553e-06, 3.13496e-07, 2.13464, 0.96239, 3.07671e-05, 266.935
2416, 0.111188, 2.21364e-05, 7.77991e-06, 0, 1.53797e-07, 1.79763e-07, 0, 0, 3.02499e-05, 3.41414e-06, 2.88685e-07, 2.19653, 0.962456, 3.01693e-05, 267.189
2417, 0.120263, 2.15343e-05, 7.84499e-06, 0, 1.70731e-07, 1.99127e-07, 0, 0, 2.97492e-05, 3.70321e-06, 3.24247e-07, 2.11807, 0.962522, 3.03729e-05, 266.904
2418, 0.111089, 2.25005e-05, 7.86691e-06, 0, 1.5705e-07, 1.83495e-07, 0, 0, 3.07079e-05, 3.46424e-06, 2.97919e-07, 2.19742, 0.962588, 3.11083e-05, 267.198
2419, 0.0973207, 2.39196e-05, 7.84144e-06, 0, 1.36521e-07, 1.59783e-07, 0, 0, 3.20573e-05, 3.06469e-06, 2.5922e-07, 2.32974, 0.962654, 3.15081e-05, 267.629
2420, 0.12567, 2.16478e-05, 7.97493e-06, 0, 1.92497e-07, 2.23355e-07, 0, 0, 3.00386e-05, 3.97114e-06, 3.75884e-07, 2.0741, 0.96272, 3.15948e-05, 266.763
2421, 0.162513, 1.86236e-05, 8.14063e-06, 0, 2.63868e-07, 3.04397e-07, 0, 0, 2.73324e-05, 5.13959e-06, 5.24089e-07, 1.81699, 0.962786, 3.16117e-05, 265.552
2422, 0.172309, 1.78422e-05, 8.25446e-06, 0, 2.82271e-07, 3.2524e-07, 0, 0, 2.67042e-05, 5.44643e-06, 5.6335e-07, 1.75847, 0.962852, 3.15952e-05, 265.192
2423, 0.164877, 1.8441e-05, 8.36239e-06, 0, 2.65285e-07, 3.06018e-07, 0, 0, 2.73747e-05, 5.20322e-06, 5.28364e-07, 1.80256, 0.962918, 3.15652e-05, 265.4
2424, 0.152674, 1.93636e-05, 8.49678e-06, 0, 2.36093e-07, 2.73223e-07, 0, 0, 2.83697e-05, 4.81154e-06, 4.65934e-07, 1.87945, 0.962984, 3.15498e-05, 265.74
2425, 0.149181, 1.97182e-05, 8.56823e-06, 0, 2.24459e-07, 2.60488e-07, 0, 0, 2.87714e-05, 4.69582e-06, 4.40124e-07, 1.9026, 0.96305, 3.152e-05, 265.822
2426, 0.152464, 1.97748e-05, 8.54308e-06, 0, 2.32723e-07, 2.69952e-07, 0, 0, 2.88206e-05, 4.79367e-06, 4.59394e-07, 1.88083, 0.963116, 3.14785e-05, 265.757
2427, 0.166294, 1.90534e-05, 8.46839e-06, 0, 2.67089e-07, 3.08442e-07, 0, 0, 2.80974e-05, 5.22391e-06, 5.37195e-07, 1.794, 0.963182, 3.14385e-05, 265.37
2428, 0.18519, 1.78615e-05, 8.41177e-06, 0, 3.10422e-07, 3.57095e-07, 0, 0, 2.69408e-05, 5.80464e-06, 6.33766e-07, 1.68638, 0.963248, 3.13555e-05, 264.787
2429, 0.19305, 1.74333e-05, 8.43831e-06, 0, 3.2518e-07, 3.73972e-07, 0, 0, 2.65707e-05, 6.00682e-06, 6.66624e-07, 1.64481, 0.963314, 3.11195e-05, 264.539
2430, 0.19367, 1.75233e-05, 8.50093e-06, 0, 3.1908e-07, 3.67303e-07, 0, 0, 2.67106e-05, 5.90293e-06, 6.54259e-07, 1.6416, 0.96338, 3.04884e-05, 264.516
2431, 0.190729, 1.78918e-05, 8.57522e-06, 0, 3.04732e-07, 3.51178e-07, 0, 0, 2.71229e-05, 5.66734e-06, 6.24209e-07, 1.6569, 0.963446, 2.97553e-05, 264.613
2432, 0.174578, 1.92071e-05, 8.73996e-06, 0, 2.68416e-07, 3.10695e-07, 0, 0, 2.85261e-05, 5.19154e-06, 5.43543e-07, 1.74538, 0.963512, 2.98973e-05, 265.126
2433, 0.143586, 2.17393e-05, 8.93492e-06, 0, 2.06127e-07, 2.40979e-07, 0, 0, 3.11213e-05, 4.3687e-06, 4.05501e-07, 1.94082, 0.963578, 3.06293e-05, 266.08
2434, 0.107132, 2.53933e-05, 8.82568e-06, 0, 1.40342e-07, 1.66042e-07, 0, 0, 3.45253e-05, 3.31356e-06, 2.66353e-07, 2.23369, 0.963644, 3.10492e-05, 267.244
2435, 0.0680953, 3.0184e-05, 8.28594e-06, 0, 8.12808e-08, 9.70667e-08, 0, 0, 3.86483e-05, 2.11769e-06, 1.50239e-07, 2.68685, 0.96371, 3.11635e-05, 268.528
2436, 0.0605914, 3.15165e-05, 8.10193e-06, 0, 7.46119e-08, 8.88225e-08, 0, 0, 3.97819e-05, 1.88635e-06, 1.41203e-07, 2.8036, 0.963776, 3.11689e-05, 268.796
2437, 0.1066, 2.67303e-05, 8.60174e-06, 0, 1.52827e-07, 1.79568e-07, 0, 0, 3.56645e-05, 3.31662e-06, 3.02766e-07, 2.23867, 0.963842, 3.1133e-05, 267.381
2438, 0.161235, 2.13928e-05, 8.98504e-06, 0, 2.5236e-07, 2.94092e-07, 0, 0, 3.09243e-05, 5.01432e-06, 5.12837e-07, 1.8249, 0.963908, 3.11041e-05, 265.581
2439, 0.188481, 1.91642e-05, 9.03405e-06, 0, 3.10171e-07, 3.59675e-07, 0, 0, 2.88681e-05, 5.85858e-06, 6.40775e-07, 1.66876, 0.963974, 3.10841e-05, 264.677
2440, 0.195752, 1.87816e-05, 9.03707e-06, 0, 3.2835e-07, 3.80048e-07, 0, 0, 2.8527e-05, 6.0765e-06, 6.83913e-07, 1.6309, 0.96404, 3.10424e-05, 264.452
2441, 0.192853, 1.91167e-05, 9.13082e-06, 0, 3.21072e-07, 3.71956e-07, 0, 0, 2.89406e-05, 5.9762e-06, 6.68804e-07, 1.64583, 0.964106, 3.09883e-05, 264.539
2442, 0.179994, 2.00934e-05, 9.35292e-06, 0, 2.88959e-07, 3.36058e-07, 0, 0, 3.00713e-05, 5.57263e-06, 5.96451e-07, 1.71483, 0.964172, 3.096e-05, 264.91
2443, 0.166837, 2.10981e-05, 9.57282e-06, 0, 2.54722e-07, 2.97944e-07, 0, 0, 3.12236e-05, 5.15866e-06, 5.18495e-07, 1.79074, 0.964238, 3.09204e-05, 265.275
2444, 0.157804, 2.21663e-05, 9.59547e-06, 0, 2.32637e-07, 2.73436e-07, 0, 0, 3.22678e-05, 4.86523e-06, 4.68742e-07, 1.8464, 0.964304, 3.08098e-05, 265.584
2445, 0.127656, 2.5674e-05, 9.40006e-06, 0, 1.76128e-07, 2.0857e-07, 0, 0, 3.54588e-05, 3.9236e-06, 3.48043e-07, 2.05842, 0.96437, 3.06183e-05, 266.635
2446, 0.0847655, 3.03863e-05, 9.20365e-06, 0, 9.86667e-08, 1.18767e-07, 0, 0, 3.98074e-05, 2.5842e-06, 1.85047e-07, 2.46787, 0.964436, 3.03037e-05, 267.955
2447, 0.0732337, 3.13223e-05, 9.43737e-06, 0, 7.25384e-08, 8.84907e-08, 0, 0, 4.09207e-05, 2.16543e-06, 1.29518e-07, 2.6141, 0.964502, 2.98076e-05, 268.207
2448, 0.0964978, 2.86848e-05, 9.82238e-06, 0, 1.04049e-07, 1.2536e-07, 0, 0, 3.87366e-05, 2.74666e-06, 1.94797e-07, 2.33823, 0.964568, 2.90777e-05, 267.454
2449, 0.111053, 2.7524e-05, 9.88977e-06, 0, 1.27166e-07, 1.52194e-07, 0, 0, 3.76931e-05, 3.1101e-06, 2.44531e-07, 2.19774, 0.964634, 2.86683e-05, 267.037
2450, 0.0866303, 3.07288e-05, 9.64188e-06, 0, 9.50626e-08, 1.14334e-07, 0, 0, 4.05801e-05, 2.45694e-06, 1.80478e-07, 2.44611, 0.9647, 2.91828e-05, 267.852
2451, 0.0670564, 3.3287e-05, 9.46453e-06, 0, 7.00565e-08, 8.51696e-08, 0, 0, 4.29068e-05, 1.9837e-06, 1.29995e-07, 2.70222, 0.964766, 2.99152e-05, 268.45
2452, 0.0899836, 3.07456e-05, 9.77638e-06, 0, 1.05821e-07, 1.27925e-07, 0, 0, 4.07557e-05, 2.72677e-06, 2.02195e-07, 2.40813, 0.964832, 3.02679e-05, 267.736
2453, 0.113284, 2.79582e-05, 1.02107e-05, 0, 1.39831e-07, 1.68355e-07, 0, 0, 3.8477e-05, 3.44133e-06, 2.70145e-07, 2.17785, 0.964898, 3.03577e-05, 266.951
2454, 0.11049, 2.84459e-05, 1.02741e-05, 0, 1.35345e-07, 1.62819e-07, 0, 0, 3.90182e-05, 3.3551e-06, 2.61199e-07, 2.20283, 0.964964, 3.03607e-05, 267.036
2455, 0.123486, 2.76055e-05, 1.01942e-05, 0, 1.6265e-07, 1.94035e-07, 0, 0, 3.81565e-05, 3.7483e-06, 3.23525e-07, 2.09162, 0.96503, 3.03569e-05, 266.681
2456, 0.157853, 2.43914e-05, 1.0233e-05, 0, 2.27686e-07, 2.69325e-07, 0, 0, 3.51214e-05, 4.78814e-06, 4.67768e-07, 1.84609, 0.965096, 3.03405e-05, 265.595
2457, 0.18053, 2.23381e-05, 1.02757e-05, 0, 2.72365e-07, 3.2088e-07, 0, 0, 3.32071e-05, 5.47183e-06, 5.68942e-07, 1.71186, 0.965162, 3.03137e-05, 264.839
2458, 0.186984, 2.19186e-05, 1.03117e-05, 0, 2.86352e-07, 3.36932e-07, 0, 0, 3.28535e-05, 5.66466e-06, 6.02252e-07, 1.67673, 0.965228, 3.02924e-05, 264.627
2459, 0.185314, 2.21813e-05, 1.0411e-05, 0, 2.81139e-07, 3.31231e-07, 0, 0, 3.32046e-05, 5.60872e-06, 5.90431e-07, 1.6857, 0.965294, 3.02584e-05, 264.671
2460, 0.179189, 2.2896e-05, 1.05186e-05, 0, 2.66304e-07, 3.14657e-07, 0, 0, 3.39956e-05, 5.418e-06, 5.56116e-07, 1.71931, 0.96536, 3.02268e-05, 264.87
2461, 0.157885, 2.53757e-05, 1.05285e-05, 0, 2.23573e-07, 2.65694e-07, 0, 0, 3.63934e-05, 4.7709e-06, 4.6017e-07, 1.84589, 0.965426, 3.02007e-05, 265.607
2462, 0.117975, 3.02651e-05, 1.02944e-05, 0, 1.50571e-07, 1.80939e-07, 0, 0, 4.0891e-05, 3.56183e-06, 3.00038e-07, 2.13728, 0.965492, 3.01588e-05, 266.937
2463, 0.0974436, 3.27702e-05, 1.02703e-05, 0, 1.13367e-07, 1.37696e-07, 0, 0, 4.32916e-05, 2.93779e-06, 2.19042e-07, 2.32848, 0.965558, 3.01205e-05, 267.55
2464, 0.117937, 3.00583e-05, 1.07425e-05, 0, 1.46042e-07, 1.7633e-07, 0, 0, 4.11232e-05, 3.54809e-06, 2.89122e-07, 2.13761, 0.965624, 3.00801e-05, 266.838
2465, 0.149025, 2.65751e-05, 1.10317e-05, 0, 2.01054e-07, 2.40647e-07, 0, 0, 3.80485e-05, 4.47286e-06, 4.10678e-07, 1.90364, 0.96569, 3.00182e-05, 265.811
2466, 0.161737, 2.54777e-05, 1.10788e-05, 0, 2.2426e-07, 2.67776e-07, 0, 0, 3.70485e-05, 4.84397e-06, 4.63115e-07, 1.82178, 0.965756, 2.99432e-05, 265.406
2467, 0.149606, 2.69737e-05, 1.11516e-05, 0, 1.99638e-07, 2.39408e-07, 0, 0, 3.85643e-05, 4.45689e-06, 4.08347e-07, 1.89975, 0.965822, 2.97742e-05, 265.807
2468, 0.13722, 2.82999e-05, 1.13103e-05, 0, 1.69916e-07, 2.05354e-07, 0, 0, 3.99855e-05, 4.01429e-06, 3.41406e-07, 1.98617, 0.965888, 2.93214e-05, 266.163
2469, 0.142923, 2.76058e-05, 1.14933e-05, 0, 1.69381e-07, 2.05164e-07, 0, 0, 3.94736e-05, 4.05095e-06, 3.39081e-07, 1.94545, 0.965954, 2.85066e-05, 265.924
2470, 0.137973, 2.84539e-05, 1.1503e-05, 0, 1.56634e-07, 1.89976e-07, 0, 0, 4.03036e-05, 3.83037e-06, 3.11043e-07, 1.9807, 0.96602, 2.80127e-05, 266.093
2471, 0.099404, 3.45153e-05, 1.07551e-05, 0, 1.03955e-07, 1.27009e-07, 0, 0, 4.55013e-05, 2.77485e-06, 2.00284e-07, 2.30856, 0.966086, 2.8492e-05, 267.493
2472, 0.0553989, 4.25231e-05, 9.335e-06, 0, 5.20495e-08, 6.44125e-08, 0, 0, 5.19745e-05, 1.58831e-06, 9.57047e-08, 2.8932, 0.966152, 2.92145e-05, 269.053
2473, 0.0559133, 4.27444e-05, 9.3897e-06, 0, 5.49094e-08, 6.81328e-08, 0, 0, 5.22571e-05, 1.65403e-06, 1.01709e-07, 2.88395, 0.966218, 2.95802e-05, 269.037
2474, 0.0962952, 3.55001e-05, 1.09873e-05, 0, 1.05219e-07, 1.2961e-07, 0, 0, 4.67222e-05, 2.86317e-06, 2.02397e-07, 2.34034, 0.966284, 2.96907e-05, 267.568
2475, 0.129033, 3.02219e-05, 1.19995e-05, 0, 1.50573e-07, 1.84398e-07, 0, 0, 4.25564e-05, 3.83207e-06, 2.97677e-07, 2.04768, 0.96635, 2.96782e-05, 266.34
2476, 0.142307, 2.8673e-05, 1.22089e-05, 0, 1.73933e-07, 2.11848e-07, 0, 0, 4.12677e-05, 4.22246e-06, 3.50983e-07, 1.94977, 0.966416, 2.96555e-05, 265.883
2477, 0.1401, 2.90808e-05, 1.23116e-05, 0, 1.70343e-07, 2.07577e-07, 0, 0, 4.17703e-05, 4.15399e-06, 3.44156e-07, 1.9654, 0.966482, 2.96418e-05, 265.947
2478, 0.124276, 3.10157e-05, 1.24521e-05, 0, 1.4134e-07, 1.73815e-07, 0, 0, 4.3783e-05, 3.6671e-06, 2.80067e-07, 2.08525, 0.966548, 2.95018e-05, 266.439
2479, 0.0997067, 3.43765e-05, 1.2403e-05, 0, 1.02463e-07, 1.27493e-07, 0, 0, 4.70094e-05, 2.91823e-06, 1.9685e-07, 2.30552, 0.966614, 2.93016e-05, 267.228
2480, 0.068832, 3.90702e-05, 1.20439e-05, 0, 6.04896e-08, 7.61938e-08, 0, 0, 5.12507e-05, 2.00802e-06, 1.10438e-07, 2.67609, 0.96668, 2.92759e-05, 268.212
2481, 0.0523099, 4.18396e-05, 1.17909e-05, 0, 3.82471e-08, 4.88636e-08, 0, 0, 5.37176e-05, 1.5305e-06, 6.47901e-08, 2.95057, 0.966746, 2.93345e-05, 268.713
2482, 0.0597752, 4.07749e-05, 1.20467e-05, 0, 4.38999e-08, 5.61365e-08, 0, 0, 5.29217e-05, 1.75078e-06, 7.3806e-08, 2.81716, 0.966812, 2.93267e-05, 268.444
2483, 0.060242, 4.14195e-05, 1.1892e-05, 0, 4.45009e-08, 5.68996e-08, 0, 0, 5.34129e-05, 1.76411e-06, 7.49071e-08, 2.80938, 0.966878, 2.93086e-05, 268.476
2484, 0.0487971, 4.46395e-05, 1.11746e-05, 0, 3.45755e-08, 4.43467e-08, 0, 0, 5.5893e-05, 1.42816e-06, 5.7297e-08, 3.02008, 0.966944, 2.93129e-05, 268.958
2485, 0.0560888, 4.33484e-05, 1.16144e-05, 0, 4.16037e-08, 5.32104e-08, 0, 0, 5.50576e-05, 1.63976e-06, 6.99281e-08, 2.88082, 0.96701, 2.9294e-05, 268.687
2486, 0.0633216, 4.16415e-05, 1.22972e-05, 0, 4.80654e-08, 6.14171e-08, 0, 0, 5.40482e-05, 1.85026e-06, 8.14943e-08, 2.75953, 0.967076, 2.9254e-05, 268.374
2487, 0.0455656, 4.58544e-05, 1.15229e-05, 0, 3.22222e-08, 4.14385e-08, 0, 0, 5.7451e-05, 1.33075e-06, 5.35427e-08, 3.0886, 0.967142, 2.92188e-05, 269.053
2488, 0.0323744, 4.94434e-05, 1.07653e-05, 0, 2.09499e-08, 2.73385e-08, 0, 0, 6.0257e-05, 9.44277e-07, 3.40047e-08, 3.43039, 0.967208, 2.91841e-05, 269.568
2489, 0.0450279, 4.66146e-05, 1.16588e-05, 0, 3.2212e-08, 4.20688e-08, 0, 0, 5.83477e-05, 1.31208e-06, 5.46305e-08, 3.10047, 0.967274, 2.91465e-05, 269.081
2490, 0.0608673, 4.27956e-05, 1.28442e-05, 0, 4.56312e-08, 5.95547e-08, 0, 0, 5.5745e-05, 1.77144e-06, 7.87573e-08, 2.79906, 0.96734, 2.90928e-05, 268.428
2491, 0.0574963, 4.33482e-05, 1.29904e-05, 0, 4.05024e-08, 5.31322e-08, 0, 0, 5.64322e-05, 1.66848e-06, 6.83085e-08, 2.85604, 0.967406, 2.89964e-05, 268.498
2492, 0.043101, 4.62796e-05, 1.26272e-05, 0, 2.54812e-08, 3.37601e-08, 0, 0, 5.8966e-05, 1.24479e-06, 3.99912e-08, 3.14421, 0.967472, 2.88481e-05, 268.964
2493, 0.0327021, 4.86719e-05, 1.23069e-05, 0, 1.55313e-08, 2.08566e-08, 0, 0, 6.10152e-05, 9.38802e-07, 2.18532e-08, 3.42031, 0.967538, 2.85088e-05, 269.31
2494, 0.0253967, 5.23063e-05, 1.11448e-05, 0, 1.13201e-08, 1.52843e-08, 0, 0, 6.34777e-05, 7.22301e-07, 1.54667e-08, 3.67314, 0.967604, 2.77621e-05, 269.725
2495, 0.0285277, 5.34347e-05, 1.05869e-05, 0, 1.5848e-08, 2.10689e-08, 0, 0, 6.40585e-05, 8.00212e-07, 2.45507e-08, 3.55688, 0.96767, 2.70601e-05, 269.757
2496, 0.0496771, 4.82557e-05, 1.20974e-05, 0, 3.37957e-08, 4.43351e-08, 0, 0, 6.04312e-05, 1.39901e-06, 5.71854e-08, 3.00221, 0.967736, 2.73051e-05, 268.941
2497, 0.073565, 4.2873e-05, 1.35079e-05, 0, 5.74754e-08, 7.45272e-08, 0, 0, 5.65129e-05, 2.09346e-06, 1.03109e-07, 2.60959, 0.967802, 2.80841e-05, 268.02
2498, 0.0887164, 4.05376e-05, 1.39162e-05, 0, 7.68588e-08, 9.86005e-08, 0, 0, 5.46292e-05, 2.5419e-06, 1.43701e-07, 2.42231, 0.967867, 2.85636e-05, 267.516
2499, 0.0961905, 3.96164e-05, 1.41051e-05, 0, 8.71567e-08, 1.11211e-07, 0, 0, 5.39199e-05, 2.7627e-06, 1.65723e-07, 2.34143, 0.967928, 2.87177e-05, 267.272
2500, 0.100494, 3.90008e-05, 1.43394e-05, 0, 9.14386e-08, 1.16598e-07, 0, 0, 5.35482e-05, 2.88764e-06, 1.74085e-07, 2.29766, 0.967974, 2.87481e-05, 267.104
2501, 0.09433, 4.04405e-05, 1.42488e-05, 0, 8.32782e-08, 1.0652e-07, 0, 0, 5.48791e-05, 2.71231e-06, 1.56747e-07, 2.36096, 0.968, 2.87674e-05, 267.326
2502, 0.0677579, 4.6302e-05, 1.33135e-05, 0, 5.40838e-08, 6.98306e-08, 0, 0, 5.97393e-05, 1.95029e-06, 9.82349e-08, 2.69181, 0.968011, 2.87753e-05, 268.302
2503, 0.039397, 5.27532e-05, 1.22146e-05, 0, 2.48223e-08, 3.28068e-08, 0, 0, 6.50254e-05, 1.13294e-06, 4.12918e-08, 3.23407, 0.968018, 2.87419e-05, 269.286
2504, 0.029373, 5.46834e-05, 1.21951e-05, 0, 1.36993e-08, 1.88434e-08, 0, 0, 6.69111e-05, 8.41908e-07, 1.96449e-08, 3.52768, 0.968024, 2.87044e-05, 269.564
2505, 0.0284657, 5.56935e-05, 1.20147e-05, 0, 1.37624e-08, 1.89892e-08, 0, 0, 6.7741e-05, 8.15442e-07, 2.03774e-08, 3.55906, 0.96803, 2.86962e-05, 269.638
2506, 0.0381896, 5.52134e-05, 1.18142e-05, 0, 2.58912e-08, 3.44152e-08, 0, 0, 6.70879e-05, 1.09242e-06, 4.52889e-08, 3.26519, 0.968036, 2.86821e-05, 269.433
2507, 0.0651185, 4.9516e-05, 1.30539e-05, 0, 5.20911e-08, 6.79986e-08, 0, 0, 6.269e-05, 1.85943e-06, 9.63702e-08, 2.73155, 0.968042, 2.86283e-05, 268.496
2508, 0.0767226, 4.6254e-05, 1.41557e-05, 0, 6.13915e-08, 7.99984e-08, 0, 0, 6.05511e-05, 2.19043e-06, 1.13572e-07, 2.56756, 0.968048, 2.85881e-05, 267.979
2509, 0.0584626, 4.98926e-05, 1.3865e-05, 0, 4.14679e-08, 5.46048e-08, 0, 0, 6.38536e-05, 1.67068e-06, 7.35593e-08, 2.83937, 0.968054, 2.85872e-05, 268.563
2510, 0.0362316, 5.60101e-05, 1.25576e-05, 0, 2.0521e-08, 2.76261e-08, 0, 0, 6.86158e-05, 1.03638e-06, 3.30974e-08, 3.31782, 0.96806, 2.85474e-05, 269.389
2511, 0.0221539, 6.07533e-05, 1.13975e-05, 0, 9.76653e-09, 1.35033e-08, 0, 0, 7.21741e-05, 6.31758e-07, 1.40507e-08, 3.80974, 0.968066, 2.84256e-05, 269.948
2512, 0.0212598, 6.04114e-05, 1.1956e-05, 0, 8.4995e-09, 1.19427e-08, 0, 0, 7.23878e-05, 6.01623e-07, 1.18089e-08, 3.85094, 0.968073, 2.83055e-05, 269.904
2513, 0.0310537, 5.73341e-05, 1.31011e-05, 0, 1.48477e-08, 2.04997e-08, 0, 0, 7.04705e-05, 8.77017e-07, 2.24584e-08, 3.47204, 0.968078, 2.82518e-05, 269.481
2514, 0.0340147, 5.84364e-05, 1.25438e-05, 0, 1.80069e-08, 2.46352e-08, 0, 0, 7.10229e-05, 9.60567e-07, 2.83125e-08, 3.38096, 0.968084, 2.82233e-05, 269.498
2515, 0.019861, 6.60969e-05, 9.88329e-06, 0, 1.06331e-08, 1.45448e-08, 0, 0, 7.60053e-05, 5.60503e-07, 1.68183e-08, 3.919, 0.96809, 2.82075e-05, 270.279
2516, 0.0060978, 7.29776e-05, 7.59963e-06, 0, 2.93289e-09, 4.04973e-09, 0, 0, 8.05841e-05, 1.71761e-07, 4.52373e-09, 5.09983, 0.968096, 2.82223e-05, 270.946
2517, 0.00384724, 7.35094e-05, 7.7736e-06, 0, 9.74217e-10, 1.45419e-09, 0, 0, 8.12854e-05, 1.08016e-07, 1.12084e-09, 5.5604, 0.968102, 2.82158e-05, 270.975
2518, 0.00831454, 6.91339e-05, 1.0069e-05, 0, 1.88844e-09, 2.88914e-09, 0, 0, 7.92078e-05, 2.33634e-07, 1.92639e-09, 4.78975, 0.968108, 2.81634e-05, 270.561
2519, 0.0138961, 6.52129e-05, 1.20253e-05, 0, 3.86989e-09, 5.73623e-09, 0, 0, 7.72478e-05, 3.90599e-07, 4.57225e-09, 4.27615, 0.968114, 2.81109e-05, 270.158
2520, 0.0229328, 6.18104e-05, 1.33553e-05, 0, 8.46594e-09, 1.2084e-08, 0, 0, 7.51862e-05, 6.43774e-07, 1.1621e-08, 3.77519, 0.96812, 2.80738e-05, 269.731
2521, 0.0327464, 5.86214e-05, 1.44935e-05, 0, 1.36462e-08, 1.9251e-08, 0, 0, 7.31478e-05, 9.17587e-07, 1.96695e-08, 3.41896, 0.968126, 2.80221e-05, 269.3
2522, 0.029383, 6.04809e-05, 1.40994e-05, 0, 1.18591e-08, 1.68308e-08, 0, 0, 7.4609e-05, 8.21364e-07, 1.69085e-08, 3.52734, 0.968132, 2.79233e-05, 269.47
2523, 0.0174937, 6.61505e-05, 1.23958e-05, 0, 5.85241e-09, 8.50849e-09, 0, 0, 7.85608e-05, 4.86909e-07, 7.72565e-09, 4.04591, 0.968138, 2.77249e-05, 270.047
2524, 0.00870885, 7.11713e-05, 1.07744e-05, 0, 2.12465e-09, 3.21172e-09, 0, 0, 8.1951e-05, 2.40076e-07, 2.39694e-09, 4.74342, 0.968144, 2.72915e-05, 270.506
2525, 0.00454043, 7.33201e-05, 1.03511e-05, 0, 7.21554e-10, 1.13968e-09, 0, 0, 8.3673e-05, 1.21679e-07, 6.51707e-10, 5.39473, 0.96815, 2.6515e-05, 270.692
2526, 0.00283996, 7.46111e-05, 1.01618e-05, 0, 2.86024e-10, 4.75008e-10, 0, 0, 8.47737e-05, 7.32953e-08, 1.91995e-10, 5.86396, 0.968156, 2.59496e-05, 270.778
2527, 0.00209975, 7.57547e-05, 9.93583e-06, 0, 1.56209e-10, 2.7e-10, 0, 0, 8.5691e-05, 5.47263e-08, 7.90631e-11, 6.16594, 0.968162, 2.63322e-05, 270.835
2528, 0.00204615, 7.60742e-05, 1.00861e-05, 0, 1.37917e-10, 2.40976e-10, 0, 0, 8.61607e-05, 5.54371e-08, 5.9511e-11, 6.19179, 0.968168, 2.7085e-05, 270.824
2529, 0.0015892, 7.82538e-05, 9.22228e-06, 0, 1.0316e-10, 1.79613e-10, 0, 0, 8.74764e-05, 4.367e-08, 4.24453e-11, 6.44452, 0.968174, 2.75098e-05, 270.937
2530, 0.000689627, 8.22169e-05, 7.39711e-06, 0, 4.14855e-11, 7.21015e-11, 0, 0, 8.96141e-05, 1.90202e-08, 1.64383e-11, 7.27936, 0.96818, 2.76662e-05, 271.168
2531, 0.000179213, 8.56563e-05, 5.79794e-06, 0, 8.732e-12, 1.53489e-11, 0, 0, 9.14543e-05, 4.95229e-09, 3.20987e-12, 8.62694, 0.968186, 2.77145e-05, 271.349
2532, 0.000148142, 8.74774e-05, 5.06338e-06, 0, 6.82452e-12, 1.26443e-11, 0, 0, 9.25408e-05, 4.11216e-09, 2.16541e-12, 8.81734, 0.968192, 2.77084e-05, 271.421
2533, 0.000544916, 8.59308e-05, 6.25415e-06, 0, 2.76434e-11, 5.12722e-11, 0, 0, 9.2185e-05, 1.51374e-08, 8.88955e-12, 7.51488, 0.968198, 2.76955e-05, 271.289
2534, 0.00105757, 8.29992e-05, 8.25105e-06, 0, 5.40121e-11, 1.00082e-10, 0, 0, 9.12504e-05, 2.93772e-08, 1.74296e-11, 6.85178, 0.968204, 2.77078e-05, 271.076
2535, 0.000894056, 8.44267e-05, 7.80024e-06, 0, 4.50851e-11, 8.35757e-11, 0, 0, 9.2227e-05, 2.48314e-08, 1.44767e-11, 7.01974, 0.96821, 2.77008e-05, 271.132
2536, 0.000386745, 8.80062e-05, 6.14043e-06, 0, 1.82066e-11, 3.38899e-11, 0, 0, 9.41467e-05, 1.07333e-08, 5.65885e-12, 7.85774, 0.968216, 2.76571e-05, 271.318
2537, 0.000349461, 8.726e-05, 6.97193e-06, 0, 1.49521e-11, 2.77732e-11, 0, 0, 9.4232e-05, 9.67352e-09, 4.61332e-12, 7.95912, 0.968222, 2.7622e-05, 271.248
2538, 0.000832822, 8.43327e-05, 8.98797e-06, 0, 4.5515e-11, 8.1346e-11, 0, 0, 9.33208e-05, 2.29931e-08, 1.80006e-11, 7.09069, 0.968228, 2.76157e-05, 271.041
2539, 0.00183476, 8.22505e-05, 1.03728e-05, 0, 1.26195e-10, 2.18886e-10, 0, 0, 9.26236e-05, 5.0509e-08, 5.84947e-11, 6.30084, 0.968234, 2.7594e-05, 270.862
2540, 0.00267201, 8.13885e-05, 1.10758e-05, 0, 2.00937e-10, 3.44697e-10, 0, 0, 9.24649e-05, 7.34445e-08, 9.80204e-11, 5.92492, 0.96824, 2.75457e-05, 270.759
2541, 0.00193513, 8.53265e-05, 9.27356e-06, 0, 1.48806e-10, 2.54423e-10, 0, 0, 9.46004e-05, 5.31387e-08, 7.35324e-11, 6.24758, 0.968246, 2.75166e-05, 270.974
2542, 0.00062974, 9.19497e-05, 5.97516e-06, 0, 4.82761e-11, 8.24946e-11, 0, 0, 9.7925e-05, 1.72756e-08, 2.38349e-11, 7.3702, 0.968252, 2.75081e-05, 271.341
2543, 8.97103e-05, 9.6395e-05, 3.78785e-06, 0, 6.75102e-12, 1.15468e-11, 0, 0, 0.000100183, 2.45835e-09, 3.30413e-12, 9.31893, 0.968258, 2.74769e-05, 271.557
2544, 6.28295e-06, 9.80231e-05, 3.20039e-06, 0, 4.07531e-13, 7.00169e-13, 0, 0, 0.000101224, 1.71861e-10, 1.94937e-13, 11.9777, 0.968264, 2.74177e-05, 271.61
2545, 3.93169e-06, 9.71304e-05, 4.14038e-06, 0, 2.81223e-14, 5.75274e-14, 0, 0, 0.000101271, 1.06852e-10, 5.02273e-15, 12.4464, 0.96827, 2.73767e-05, 271.535
2546, 8.14249e-06, 9.53641e-05, 5.61425e-06, 0, 3.86364e-14, 8.6345e-14, 0, 0, 0.000100978, 2.20969e-10, 3.73805e-16, 11.7184, 0.968276, 2.73014e-05, 271.417
2547, 7.53506e-06, 9.67007e-05, 5.18393e-06, 0, 3.55496e-14, 7.95053e-14, 0, 0, 0.000101885, 2.0425e-10, 2.95501e-16, 11.7959, 0.968282, 2.71926e-05, 271.452
2548, 3.70429e-06, 9.93773e-05, 3.93827e-06, 0, 1.66411e-14, 3.71692e-14, 0, 0, 0.000103316, 1.00402e-10, 1.20226e-16, 12.506, 0.968288, 2.71578e-05, 271.553
2549, 2.79372e-06, 9.901e-05, 4.57415e-06, 0, 1.09147e-14, 2.43005e-14, 0, 0, 0.000103584, 7.59364e-11, 4.11771e-17, 12.7881, 0.968294, 2.71904e-05, 271.506
2550, 2.69694e-06, 9.86007e-05, 5.24024e-06, 0, 1.01599e-14, 2.26004e-14, 0, 0, 0.000103841, 7.33757e-11, 2.8266e-17, 12.8234, 0.9683, 2.71919e-05, 271.458
2551, 1.34695e-06, 0.000100508, 4.48078e-06, 0, 5.17498e-15, 1.15182e-14, 0, 0, 0.000104989, 3.66449e-11, 1.87675e-17, 13.5177, 0.968306, 2.71393e-05, 271.521
2552, 1.28826e-06, 0.00010226, 3.80929e-06, 0, 7.06291e-15, 1.59349e-14, 0, 0, 0.00010607, 3.49371e-11, 1.34389e-16, 13.5622, 0.968312, 2.70958e-05, 271.574
2553, 7.60225e-06, 0.000102114, 4.28843e-06, 0, 5.34198e-14, 1.18705e-13, 0, 0, 0.000106402, 2.05655e-10, 1.94075e-15, 11.7871, 0.968318, 2.70869e-05, 271.534
2554, 3.38437e-05, 9.8787e-05, 6.7026e-06, 0, 3.07315e-13, 6.65338e-13, 0, 0, 0.00010549, 9.12817e-10, 1.71587e-14, 10.2938, 0.968324, 2.70693e-05, 271.341
2555, 0.000101324, 9.46303e-05, 9.59144e-06, 0, 1.11098e-12, 2.36271e-12, 0, 0, 0.000104222, 2.72473e-09, 7.58201e-14, 9.19719, 0.96833, 2.70149e-05, 271.102
2556, 0.000178699, 9.23473e-05, 1.13252e-05, 0, 2.10039e-12, 4.43476e-12, 0, 0, 0.000103672, 4.79672e-09, 1.52367e-13, 8.62981, 0.968336, 2.69396e-05, 270.953
2557, 0.000161688, 9.29566e-05, 1.13843e-05, 0, 1.87952e-12, 3.96512e-12, 0, 0, 0.000104341, 4.33656e-09, 1.35233e-13, 8.72984, 0.968342, 2.68889e-05, 270.956
2558, 7.28024e-05, 9.64662e-05, 9.75276e-06, 0, 7.82204e-13, 1.65633e-12, 0, 0, 0.000106219, 1.95246e-09, 5.27865e-14, 9.52776, 0.968348, 2.68755e-05, 271.108
2559, 1.72085e-05, 0.000102156, 6.75677e-06, 0, 1.5666e-13, 3.3442e-13, 0, 0, 0.000108912, 4.61761e-10, 9.13855e-15, 10.9701, 0.968354, 2.68357e-05, 271.356
2560, 2.33461e-06, 0.000108352, 3.38735e-06, 0, 1.63845e-14, 3.53355e-14, 0, 0, 0.000111739, 6.26944e-11, 7.17785e-16, 12.9677, 0.96836, 2.67237e-05, 271.611
2561, 1.87962e-07, 0.000112321, 1.36361e-06, 0, 9.86191e-16, 2.13497e-15, 0, 0, 0.000113684, 5.04948e-12, 2.67248e-17, 15.487, 0.968366, 2.65417e-05, 271.757
2562, 8.45106e-09, 0.000113827, 8.64337e-07, 0, 3.50706e-17, 7.50317e-17, 0, 0, 0.000114692, 2.26979e-13, 5.01912e-19, 18.589, 0.968372, 2.61995e-05, 271.793
2563, 1.98288e-10, 0.000114398, 9.50412e-07, 0, 7.02638e-19, 1.45102e-18, 0, 0, 0.000115348, 5.32125e-15, 4.97749e-21, 22.3413, 0.968378, 2.55014e-05, 271.788
2564, 6.91425e-11, 0.000114754, 1.17139e-06, 0, 2.31176e-19, 2.42539e-19, 0, 0, 0.000115925, 1.82674e-15, 2.58058e-23, 23.3949, 0.968384, 2.47977e-05, 271.773
2565, 5.19681e-10, 0.000114197, 1.96232e-06, 0, 1.73529e-18, 1.77475e-18, 0, 0, 0.00011616, 1.37263e-14, 3.87706e-25, 21.3778, 0.96839, 2.49533e-05, 271.719
2566, 1.69226e-09, 0.000112347, 3.56155e-06, 0, 5.64526e-18, 5.78115e-18, 0, 0, 0.000115909, 4.47074e-14, 1.04941e-24, 20.1972, 0.968396, 2.56971e-05, 271.611
2567, 2.31447e-09, 0.000111879, 4.3023e-06, 0, 7.72496e-18, 7.90646e-18, 0, 0, 0.000116181, 6.11582e-14, 1.42781e-24, 19.8841, 0.968402, 2.62193e-05, 271.561
2568, 1.33005e-09, 0.000114343, 3.21957e-06, 0, 4.44834e-18, 4.54164e-18, 0, 0, 0.000117562, 3.51526e-14, 8.10199e-25, 20.438, 0.968408, 2.64278e-05, 271.637
2569, 3.21268e-10, 0.000117211, 1.88585e-06, 0, 1.07844e-18, 1.09609e-18, 0, 0, 0.000119097, 8.49251e-15, 1.91771e-25, 21.8587, 0.968414, 2.64676e-05, 271.727
2570, 3.26327e-11, 0.00011808, 1.80067e-06, 0, 1.1022e-19, 1.11188e-19, 0, 0, 0.000119881, 8.62774e-16, 1.89368e-26, 24.1457, 0.96842, 2.64474e-05, 271.734
2571, 1.4128e-12, 0.000117397, 2.68917e-06, 0, 4.98654e-21, 4.79035e-21, 0, 0, 0.000120086, 3.73611e-17, 7.80327e-28, 27.2854, 0.968426, 2.64613e-05, 271.676
2572, 4.55294e-14, 0.00011786, 2.86208e-06, 0, 3.47811e-22, 1.38515e-22, 0, 0, 0.000120722, 1.20653e-18, 1.34214e-29, 30.7204, 0.968432, 2.6498e-05, 271.666
2573, 9.37722e-15, 0.000120025, 1.97111e-06, 0, 1.17967e-22, 2.46565e-23, 0, 0, 0.000121996, 2.49121e-19, 9.63576e-32, 32.3005, 0.968438, 2.64947e-05, 271.725
2574, 1.73792e-15, 0.00012164, 1.42811e-06, 0, 2.21893e-23, 4.54441e-24, 0, 0, 0.000123068, 4.61797e-20, 2.88929e-34, 33.9861, 0.968444, 2.64675e-05, 271.76
2575, 2.26195e-16, 0.000122197, 1.54976e-06, 0, 2.73859e-24, 5.8807e-25, 0, 0, 0.000123747, 5.99663e-21, 4.47307e-37, 36.0251, 0.96845, 2.64485e-05, 271.753
2576, 1.8096e-15, 0.000122891, 1.58709e-06, 0, 1.94441e-23, 4.67475e-24, 0, 0, 0.000124478, 4.78115e-20, 1.63071e-36, 33.9457, 0.968456, 2.64364e-05, 271.751
2577, 1.61072e-14, 0.00012338, 1.75214e-06, 0, 1.68811e-22, 4.17087e-23, 0, 0, 0.000125132, 4.25662e-19, 1.69395e-35, 31.7595, 0.968462, 2.64044e-05, 271.741
2578, 6.26376e-14, 0.00012256, 2.73817e-06, 0, 6.42879e-22, 1.62517e-22, 0, 0, 0.000125299, 1.65562e-18, 7.43118e-35, 30.4014, 0.968468, 2.6368e-05, 271.678
2579, 1.05486e-13, 0.000122109, 3.49772e-06, 0, 1.06496e-21, 2.74093e-22, 0, 0, 0.000125607, 2.78856e-18, 1.36757e-34, 29.8802, 0.968474, 2.6357e-05, 271.631
2580, 7.62821e-14, 0.000123857, 2.8882e-06, 0, 7.61061e-22, 1.98403e-22, 0, 0, 0.000126745, 2.01672e-18, 1.05084e-34, 30.2043, 0.96848, 2.63194e-05, 271.671
2581, 2.34826e-14, 0.000126313, 1.83905e-06, 0, 2.325e-22, 6.11098e-23, 0, 0, 0.000128152, 6.20857e-19, 3.35998e-35, 31.3825, 0.968486, 2.62309e-05, 271.737
2582, 3.05398e-15, 0.000127786, 1.40599e-06, 0, 3.01109e-23, 7.94918e-24, 0, 0, 0.000129192, 8.07464e-20, 4.4597e-36, 33.4223, 0.968492, 2.6157e-05, 271.765
2583, 1.66817e-16, 0.00012905, 1.10385e-06, 0, 1.64234e-24, 4.3419e-25, 0, 0, 0.000130154, 4.41065e-21, 2.45352e-37, 36.3296, 0.968498, 2.61302e-05, 271.784
2584, 3.81142e-18, 0.000130184, 8.85179e-07, 0, 3.75479e-26, 9.91805e-27, 0, 0, 0.000131069, 1.00774e-22, 5.59044e-39, 40.1085, 0.968504, 2.60882e-05, 271.797
2585, 3.6321e-20, 0.000130467, 1.20283e-06, 0, 3.58651e-28, 9.44792e-29, 0, 0, 0.00013167, 9.60322e-25, 5.27295e-41, 44.7619, 0.96851, 2.60563e-05, 271.778
2586, 1.44245e-22, 0.000130954, 1.39511e-06, 0, 1.4575e-30, 3.74937e-31, 0, 0, 0.000132349, 3.81369e-27, 2.0459e-43, 50.2905, 0.968516, 2.60715e-05, 271.767
2587, 6.37712e-24, 0.00013231, 1.04593e-06, 0, 6.25477e-31, 1.33945e-32, 0, 0, 0.000133356, 1.65719e-28, 0, 53.4093, 0.968522, 2.60958e-05, 271.788
2588, 1.02157e-22, 0.000133412, 8.58105e-07, 0, 1.02133e-29, 2.12643e-31, 0, 0, 0.00013427, 2.65226e-27, 0, 50.6355, 0.968528, 2.60826e-05, 271.8
2589, 7.0513e-22, 0.000133722, 1.16787e-06, 0, 7.02221e-29, 1.46786e-30, 0, 0, 0.00013489, 1.83031e-26, 0, 48.7037, 0.968534, 2.60368e-05, 271.782
2590, 2.01427e-21, 0.000133448, 1.84397e-06, 0, 2.00028e-28, 4.19323e-30, 0, 0, 0.000135292, 5.22739e-26, 0, 47.654, 0.96854, 2.59942e-05, 271.742
2591, 2.3814e-21, 0.000133629, 2.23893e-06, 0, 2.36088e-28, 4.95749e-30, 0, 0, 0.000135868, 6.17899e-26, 0, 47.4866, 0.968546, 2.59753e-05, 271.719
2592, 1.16554e-21, 0.000135192, 1.77483e-06, 0, 1.15546e-28, 2.4262e-30, 0, 0, 0.000136966, 3.02368e-26, 0, 48.2011, 0.968552, 2.59706e-05, 271.747
2593, 2.36317e-22, 0.000137244, 1.00788e-06, 0, 2.34904e-29, 4.91842e-31, 0, 0, 0.000138251, 6.12965e-27, 0, 49.7969, 0.968558, 2.59494e-05, 271.792
2594, 2.36684e-23, 0.000138887, 4.98005e-07, 0, 2.18708e-30, 4.92368e-32, 0, 0, 0.000139385, 6.13397e-28, 0, 52.0979, 0.968564, 2.58987e-05, 271.822
2595, 2.30337e-22, 0.000140016, 3.11197e-07, 0, 1.16827e-29, 4.79151e-31, 0, 0, 0.000140327, 5.94785e-27, 0, 49.8225, 0.96857, 2.58521e-05, 271.832
2596, 5.82915e-21, 0.000140555, 4.9618e-07, 0, 2.89901e-28, 1.21321e-29, 0, 0, 0.000141051, 1.50527e-25, 0, 46.5914, 0.968576, 2.58391e-05, 271.822
2597, 6.22569e-20, 0.000140468, 1.07385e-06, 0, 3.05566e-27, 1.29606e-28, 0, 0, 0.000141541, 1.60766e-24, 0, 44.223, 0.968582, 2.58303e-05, 271.789
2598, 2.79291e-19, 0.000139786, 2.02129e-06, 0, 1.35737e-26, 5.81425e-28, 0, 0, 0.000141807, 7.21179e-24, 0, 42.722, 0.968588, 2.57959e-05, 271.735
2599, 5.26098e-19, 0.000139317, 2.83815e-06, 0, 2.54046e-26, 1.09495e-27, 0, 0, 0.000142155, 1.35835e-23, 0, 42.0888, 0.968594, 2.57451e-05, 271.689
2600, 4.16227e-19, 0.000140369, 2.71385e-06, 0, 2.00524e-26, 8.6585e-28, 0, 0, 0.000143083, 1.07452e-23, 0, 42.3231, 0.9686, 2.57026e-05, 271.697
2601, 1.3853e-19, 0.000142551, 1.89125e-06, 0, 6.69935e-27, 2.87943e-28, 0, 0, 0.000144443, 3.57558e-24, 0, 43.4232, 0.968606, 2.56802e-05, 271.744
2602, 1.94827e-20, 0.000144372, 1.29584e-06, 0, 9.55988e-28, 4.04447e-29, 0, 0, 0.000145668, 5.02732e-25, 0, 45.3848, 0.968612, 2.56598e-05, 271.778
2603, 1.17007e-21, 0.000145751, 9.767e-07, 0, 5.94046e-29, 2.42394e-30, 0, 0, 0.000146727, 3.01805e-26, 0, 48.1972, 0.968618, 2.56131e-05, 271.796
2604, 3.06519e-23, 0.000147159, 6.41685e-07, 0, 1.6631e-30, 6.32788e-32, 0, 0, 0.0001478, 7.90149e-28, 0, 51.8393, 0.968624, 2.55467e-05, 271.815
2605, 3.62873e-25, 0.000148308, 4.69848e-07, 0, 2.192e-32, 7.44999e-34, 0, 0, 0.000148778, 9.34596e-30, 0, 56.2757, 0.96863, 2.54985e-05, 271.825
2606, 2.04155e-27, 0.000149091, 5.29613e-07, 0, 1.43233e-34, 4.15567e-36, 0, 0, 0.00014962, 5.25045e-32, 0, 61.4561, 0.968636, 2.54641e-05, 271.821
2607, 1.23456e-27, 0.000149639, 7.37687e-07, 0, 2.50017e-34, 2.1675e-36, 0, 0, 0.000150376, 3.02273e-32, 0, 61.9591, 0.968642, 2.54006e-05, 271.81
2608, 4.21878e-26, 0.000150062, 1.02551e-06, 0, 8.35679e-33, 7.39914e-35, 0, 0, 0.000151087, 1.03206e-30, 0, 58.4277, 0.968648, 2.53032e-05, 271.795
2609, 6.05274e-25, 0.000150587, 1.25216e-06, 0, 1.17548e-31, 1.06133e-33, 0, 0, 0.000151839, 1.47994e-29, 0, 55.7641, 0.968654, 2.51649e-05, 271.783
2610, 3.62618e-24, 0.000151027, 1.53382e-06, 0, 6.93424e-31, 6.35783e-33, 0, 0, 0.000152561, 8.86252e-29, 0, 53.9739, 0.96866, 2.49141e-05, 271.768
2611, 9.04678e-24, 0.000151234, 1.96159e-06, 0, 1.70993e-30, 1.58619e-32, 0, 0, 0.000153196, 2.2103e-28, 0, 53.0596, 0.968666, 2.43578e-05, 271.745
2612, 9.37926e-24, 0.00015229, 1.86809e-06, 0, 1.75778e-30, 1.64463e-32, 0, 0, 0.000154158, 2.29087e-28, 0, 53.0235, 0.968672, 2.35895e-05, 271.751
2613, 4.03411e-24, 0.000153873, 1.45189e-06, 0, 7.51575e-31, 7.07467e-33, 0, 0, 0.000155325, 9.85093e-29, 0, 53.8673, 0.968678, 2.34371e-05, 271.773
2614, 7.18903e-25, 0.000154935, 1.36019e-06, 0, 1.33419e-31, 1.26097e-33, 0, 0, 0.000156295, 1.75514e-29, 0, 55.5921, 0.968684, 2.40686e-05, 271.779
2615, 5.30321e-26, 0.00015605, 1.23807e-06, 0, 9.82061e-33, 9.30378e-35, 0, 0, 0.000157288, 1.29451e-30, 0, 58.1989, 0.96869, 2.46417e-05, 271.785
2616, 1.6188e-27, 0.000157646, 8.21376e-07, 0, 2.99683e-34, 2.84044e-36, 0, 0, 0.000158468, 3.95086e-32, 0, 61.6881, 0.968696, 2.48657e-05, 271.807
2617, 2.16125e-29, 0.000159026, 5.41047e-07, 0, 4.09406e-36, 3.78698e-38, 0, 0, 0.000159567, 5.27606e-34, 0, 66.0043, 0.968702, 2.49281e-05, 271.822
2618, 1.28789e-25, 0.000159775, 6.5444e-07, 0, 7.70052e-33, 2.35475e-34, 0, 0, 0.00016043, 3.15708e-30, 0, 57.3116, 0.968708, 2.49372e-05, 271.816
2619, 1.02499e-23, 0.000160457, 8.12131e-07, 0, 6.01458e-31, 1.86779e-32, 0, 0, 0.000161269, 2.5065e-28, 0, 52.9348, 0.968714, 2.49073e-05, 271.808
2620, 3.65198e-22, 0.000161379, 8.23501e-07, 0, 2.09282e-29, 6.65401e-31, 0, 0, 0.000162203, 8.92364e-27, 0, 49.3616, 0.96872, 2.48603e-05, 271.808
2621, 5.58432e-21, 0.000161625, 1.2535e-06, 0, 3.13767e-28, 1.01738e-29, 0, 0, 0.000162879, 1.36371e-25, 0, 46.6343, 0.968726, 2.48124e-05, 271.786
2622, 3.65815e-20, 0.000160751, 2.37467e-06, 0, 2.02516e-27, 6.6637e-29, 0, 0, 0.000163126, 8.92911e-25, 0, 44.7547, 0.968732, 2.47194e-05, 271.728
2623, 1.02528e-19, 0.000159928, 3.46562e-06, 0, 5.62248e-27, 1.8673e-28, 0, 0, 0.000163393, 2.50169e-24, 0, 43.7241, 0.968738, 2.44887e-05, 271.672
2624, 1.2276e-19, 0.000160504, 3.69995e-06, 0, 6.70502e-27, 2.23512e-28, 0, 0, 0.000164204, 2.99451e-24, 0, 43.5441, 0.968744, 2.39705e-05, 271.661
2625, 6.26925e-20, 0.000162767, 2.9031e-06, 0, 3.4286e-27, 1.14099e-28, 0, 0, 0.000165671, 1.52891e-24, 0, 44.216, 0.96875, 2.31777e-05, 271.703
2626, 1.36362e-20, 0.000165644, 1.7323e-06, 0, 7.50439e-28, 2.48029e-29, 0, 0, 0.000167377, 3.32468e-25, 0, 45.7416, 0.968756, 2.28289e-05, 271.763
2627, 1.26165e-21, 0.00016746, 1.21529e-06, 0, 7.01968e-29, 2.29299e-30, 0, 0, 0.000168676, 3.07515e-26, 0, 48.1219, 0.968762, 2.33716e-05, 271.79
2628, 4.96131e-23, 0.000168201, 1.36168e-06, 0, 2.80339e-30, 9.00763e-32, 0, 0, 0.000169563, 1.20882e-27, 0, 51.3578, 0.968768, 2.40519e-05, 271.783
2629, 8.28771e-25, 0.000169435, 1.20807e-06, 0, 4.77751e-32, 1.50274e-33, 0, 0, 0.000170643, 2.01834e-29, 0, 55.4499, 0.968774, 2.43841e-05, 271.791
2630, 9.25493e-24, 0.000171177, 7.43849e-07, 0, 2.36227e-31, 1.73958e-32, 0, 0, 0.000171921, 2.28029e-28, 0, 53.0369, 0.96878, 2.45144e-05, 271.814
2631, 1.14201e-19, 0.000172253, 6.9323e-07, 0, 1.02722e-27, 2.3408e-28, 0, 0, 0.000172946, 2.81165e-24, 2.29925e-41, 43.6163, 0.968786, 2.45879e-05, 271.816
2632, 5.35251e-17, 0.000172693, 1.03628e-06, 0, 2.70894e-25, 1.18694e-25, 0, 0, 0.000173729, 1.31675e-21, 2.11092e-35, 37.4664, 0.968792, 2.46235e-05, 271.8
2633, 3.57303e-15, 0.000173304, 1.27575e-06, 0, 1.63095e-23, 8.00731e-24, 0, 0, 0.00017458, 8.78576e-20, 2.10754e-33, 33.2654, 0.968798, 2.46145e-05, 271.788
2634, 1.16149e-13, 0.000173439, 1.80671e-06, 0, 4.9489e-22, 2.62339e-22, 0, 0, 0.000175245, 2.85453e-18, 9.02999e-32, 29.7839, 0.968804, 2.45883e-05, 271.762
2635, 1.74714e-12, 0.000171934, 3.33639e-06, 0, 7.11503e-21, 3.96857e-21, 0, 0, 0.000175271, 4.29143e-17, 1.71691e-30, 27.073, 0.96881, 2.45752e-05, 271.687
2636, 1.21173e-11, 0.000169768, 5.26416e-06, 0, 4.77727e-20, 2.7646e-20, 0, 0, 0.000175032, 2.97454e-16, 1.44381e-29, 25.1364, 0.968816, 2.45736e-05, 271.591
2637, 3.90292e-11, 0.000168398, 6.70343e-06, 0, 1.50319e-19, 8.93492e-20, 0, 0, 0.000175101, 9.57552e-16, 5.36911e-29, 23.9667, 0.968822, 2.45649e-05, 271.519
2638, 6.0881e-11, 0.000168596, 7.19774e-06, 0, 2.31173e-19, 1.3966e-19, 0, 0, 0.000175794, 1.49285e-15, 9.09069e-29, 23.5221, 0.968828, 2.45348e-05, 271.495
2639, 5.34474e-11, 0.000170258, 6.81701e-06, 0, 2.02384e-19, 1.22606e-19, 0, 0, 0.000177075, 1.3096e-15, 7.91783e-29, 23.6523, 0.968834, 2.44913e-05, 271.516
2640, 3.28345e-11, 0.000172998, 5.79054e-06, 0, 1.25062e-19, 7.52027e-20, 0, 0, 0.000178788, 8.03792e-16, 4.46238e-29, 24.1395, 0.96884, 2.44658e-05, 271.569
2641, 1.32162e-11, 0.000176785, 4.13351e-06, 0, 5.05845e-20, 3.02423e-20, 0, 0, 0.000180918, 3.23344e-16, 1.68129e-29, 25.0496, 0.968846, 2.44587e-05, 271.652
2642, 2.70717e-12, 0.0001793, 3.24521e-06, 0, 1.0426e-20, 6.19232e-21, 0, 0, 0.000182545, 6.62163e-17, 3.35016e-30, 26.6351, 0.968852, 2.4439e-05, 271.696
2643, 2.62831e-13, 0.000179355, 3.84861e-06, 0, 1.10832e-21, 5.96056e-22, 0, 0, 0.000183203, 6.42605e-18, 2.99669e-31, 28.9673, 0.968858, 2.44062e-05, 271.667
2644, 2.8473e-14, 0.000179956, 4.12561e-06, 0, 2.05989e-22, 5.96597e-23, 0, 0, 0.000184081, 6.93979e-19, 1.15542e-32, 31.1898, 0.968864, 2.4372e-05, 271.655
2645, 4.31049e-14, 0.000182604, 3.16482e-06, 0, 2.29195e-22, 9.11271e-23, 0, 0, 0.000185769, 1.0472e-18, 7.03381e-33, 30.7751, 0.96887, 2.43479e-05, 271.702
2646, 5.57521e-13, 0.00018458, 2.61187e-06, 0, 2.45148e-21, 1.19727e-21, 0, 0, 0.000187192, 1.35378e-17, 1.25881e-31, 28.2153, 0.968876, 2.43239e-05, 271.728
2647, 3.87633e-12, 0.00018342, 3.95497e-06, 0, 1.65875e-20, 8.35445e-21, 0, 0, 0.000187375, 9.41134e-17, 9.8883e-31, 26.2761, 0.968882, 2.42906e-05, 271.665
2648, 1.20316e-11, 0.000180779, 6.19155e-06, 0, 5.06591e-20, 2.59922e-20, 0, 0, 0.00018697, 2.9208e-16, 3.31441e-30, 25.1435, 0.968888, 2.42654e-05, 271.558
2649, 1.65985e-11, 0.00018009, 7.25491e-06, 0, 6.94305e-20, 3.58981e-20, 0, 0, 0.000187345, 4.02901e-16, 4.73361e-30, 24.8217, 0.968894, 2.4242e-05, 271.509
2650, 1.01778e-11, 0.000182434, 6.50124e-06, 0, 4.2803e-20, 2.20021e-20, 0, 0, 0.000188935, 2.47013e-16, 2.87759e-30, 25.3108, 0.9689, 2.42058e-05, 271.546
2651, 2.79549e-12, 0.000186902, 4.47137e-06, 0, 1.20363e-20, 6.02682e-21, 0, 0, 0.000191373, 6.78328e-17, 7.44012e-31, 26.603, 0.968906, 2.41534e-05, 271.644
2652, 3.52517e-13, 0.000191326, 2.46666e-06, 0, 1.60093e-21, 7.55119e-22, 0, 0, 0.000193793, 8.55185e-18, 8.17692e-32, 28.6737, 0.968912, 2.41128e-05, 271.738
2653, 2.14416e-14, 0.000193413, 1.87473e-06, 0, 1.06863e-22, 4.53901e-23, 0, 0, 0.000195288, 5.20043e-19, 3.81951e-33, 31.4734, 0.968918, 2.40988e-05, 271.766
2654, 6.6724e-16, 0.000193966, 2.21246e-06, 0, 3.74651e-24, 1.38952e-24, 0, 0, 0.000196178, 1.6181e-20, 7.58892e-35, 34.9434, 0.968924, 2.40584e-05, 271.751
2655, 1.08192e-17, 0.000195078, 2.21329e-06, 0, 6.77431e-26, 2.21705e-26, 0, 0, 0.000197292, 2.62368e-22, 6.43196e-37, 39.0652, 0.96893, 2.40004e-05, 271.751
2656, 8.88366e-20, 0.000196, 2.33201e-06, 0, 6.94167e-28, 1.79317e-28, 0, 0, 0.000198332, 2.15389e-24, 2.34369e-39, 43.8675, 0.968936, 2.39755e-05, 271.746
2657, 3.74026e-21, 0.000196229, 2.87279e-06, 0, 2.28413e-28, 6.25573e-30, 0, 0, 0.000199102, 8.96704e-26, 3.73726e-42, 47.0351, 0.968942, 2.39683e-05, 271.723
2658, 3.07116e-21, 0.000197285, 2.91745e-06, 0, 2.03947e-28, 5.03697e-30, 0, 0, 0.000200202, 7.3535e-26, 0, 47.2322, 0.968948, 2.39462e-05, 271.721
2659, 1.14445e-21, 0.000199644, 2.17755e-06, 0, 7.65286e-29, 1.87655e-30, 0, 0, 0.000201821, 2.73974e-26, 0, 48.2194, 0.968954, 2.391e-05, 271.755
2660, 1.77294e-22, 0.000201923, 1.48954e-06, 0, 1.20339e-29, 2.90586e-31, 0, 0, 0.000203413, 4.24364e-27, 0, 50.0842, 0.96896, 2.38771e-05, 271.785
2661, 1.15026e-23, 0.000203247, 1.38287e-06, 0, 8.05718e-31, 1.88356e-32, 0, 0, 0.00020463, 2.75287e-28, 0, 52.8195, 0.968966, 2.38574e-05, 271.79
2662, 3.1756e-25, 0.00020434, 1.4185e-06, 0, 2.36826e-32, 5.19023e-34, 0, 0, 0.000205759, 7.59983e-30, 0, 56.4091, 0.968972, 2.38413e-05, 271.789
2663, 3.84412e-27, 0.000205626, 1.34064e-06, 0, 3.20267e-34, 6.26005e-36, 0, 0, 0.000206967, 9.20122e-32, 0, 60.8233, 0.968977, 2.38071e-05, 271.793
2664, 2.13661e-29, 0.000207398, 9.72012e-07, 0, 2.08837e-36, 3.45854e-38, 0, 0, 0.00020837, 5.11643e-34, 0, 66.0157, 0.968984, 2.37583e-05, 271.809
2665, 5.71335e-32, 0.000209297, 5.29664e-07, 0, 6.64782e-39, 9.17612e-41, 0, 0, 0.000209826, 1.3691e-36, 0, 71.9399, 0.96899, 2.37155e-05, 271.828
2666, 7.44864e-35, 0.00021076, 3.54734e-07, 0, 9.98846e-42, 1.17709e-43, 0, 0, 0.000211114, 1.78621e-39, 0, 78.5824, 0.968996, 2.369e-05, 271.835
2667, 4.58363e-38, 0.000211867, 3.98703e-07, 0, 7.00649e-45, 0, 0, 0, 0.000212266, 1.10142e-42, 0, 85.9757, 0.969002, 2.36696e-05, 271.833
2668, 1.26663e-41, 0.000212805, 5.47988e-07, 0, 0, 0, 0, 0, 0.000213354, 0, 0, 94.1696, 0.969008, 2.36268e-05, 271.827
2669, 0, 0.000213927, 5.90225e-07, 0, 0, 0, 0, 0, 0.000214517, 0, 0, 99.99, 0.969014, 2.35532e-05, 271.825
2670, 0, 0.000215288, 4.90581e-07, 0, 0, 0, 0, 0, 0.000215778, 0, 0, 99.99, 0.96902, 2.34711e-05, 271.83
2671, 0, 0.000216338, 5.81762e-07, 0, 0, 0, 0, 0, 0.00021692, 0, 0, 99.99, 0.969026, 2.33793e-05, 271.826
2672, 0, 0.000217088, 8.5842e-07, 0, 0, 0, 0, 0, 0.000217946, 0, 0, 99.99, 0.969032, 2.32269e-05, 271.815
2673, 0, 0.000218029, 1.02272e-06, 0, 0, 0, 0, 0, 0.000219051, 0, 0, 99.99, 0.969038, 2.28775e-05, 271.808
2674, 0, 0.000219238, 1.02805e-06, 0, 0, 0, 0, 0, 0.000220266, 0, 0, 99.99, 0.969044, 2.22129e-05, 271.808
2675, 0, 0.000220789, 8.31368e-07, 0, 0, 0, 0, 0, 0.000221621, 0, 0, 99.99, 0.96905, 2.16976e-05, 271.816
2676, 0, 0.00022246, 5.66232e-07, 0, 0, 0, 0, 0, 0.000223026, 0, 0, 99.99, 0.969056, 2.1991e-05, 271.827
2677, 0, 0.000223923, 4.29155e-07, 0, 0, 0, 0, 0, 0.000224352, 0, 0, 99.99, 0.969062, 2.26371e-05, 271.833
2678, 1.68156e-44, 0.000225112, 4.6121e-07, 0, 0, 0, 0, 0, 0.000225573, 0, 0, 99.99, 0.969068, 2.30099e-05, 271.831
2679, 2.66247e-43, 0.000226181, 5.68642e-07, 0, 0, 0, 0, 0, 0.000226749, 0, 0, 98.0319, 0.969074, 2.31384e-05, 271.827
2680, 1.78245e-42, 0.000226965, 8.50203e-07, 0, 0, 0, 0, 0, 0.000227815, 0, 0, 96.1306, 0.96908, 2.31777e-05, 271.816
2681, 4.91435e-42, 0.00022744, 1.32103e-06, 0, 0, 0, 0, 0, 0.000228761, 0, 0, 95.1164, 0.969086, 2.31978e-05, 271.797
2682, 5.90227e-42, 0.000228415, 1.49467e-06, 0, 0, 0, 0, 0, 0.00022991, 0, 0, 94.9332, 0.969092, 2.32053e-05, 271.791
2683, 4.32969e-40, 0.000230121, 1.23367e-06, 0, 0, 0, 0, 0, 0.000231355, 0, 0, 90.6379, 0.969098, 2.31991e-05, 271.801
2684, 1.7554e-38, 0.000231667, 1.07222e-06, 0, 0, 0, 0, 0, 0.000232739, 0, 0, 86.9355, 0.969104, 2.31893e-05, 271.808
2685, 7.6803e-36, 0.000232811, 1.15479e-06, 0, 5.13296e-42, 0, 0, 0, 0.000233965, 1.70446e-40, 0, 80.8544, 0.96911, 2.31745e-05, 271.805
2686, 4.22108e-34, 0.000233945, 1.24619e-06, 0, 2.85288e-40, 0, 0, 0, 0.000235191, 9.66627e-39, 0, 76.8478, 0.969116, 2.31531e-05, 271.801
2687, 1.08453e-32, 0.00023479, 1.51458e-06, 0, 7.12484e-39, 4.62428e-44, 0, 0, 0.000236304, 2.48756e-37, 0, 73.6016, 0.969122, 2.31186e-05, 271.791
2688, 1.33411e-31, 0.000235477, 1.88062e-06, 0, 8.30455e-38, 1.20932e-42, 0, 0, 0.000237357, 3.04461e-36, 0, 71.0919, 0.969128, 2.30866e-05, 271.777
2689, 8.39023e-31, 0.000236175, 2.24241e-06, 0, 4.87289e-37, 1.29578e-41, 0, 0, 0.000238417, 1.90132e-35, 0, 69.2531, 0.969134, 2.30775e-05, 271.763
2690, 2.6899e-30, 0.000236599, 2.77113e-06, 0, 1.47073e-36, 5.71996e-41, 0, 0, 0.00023937, 6.05727e-35, 0, 68.0881, 0.96914, 2.30588e-05, 271.742
2691, 4.11627e-30, 0.000237627, 2.94355e-06, 0, 2.16662e-36, 1.04009e-40, 0, 0, 0.000240571, 9.22824e-35, 0, 67.6626, 0.969146, 2.30193e-05, 271.736
2692, 2.81133e-30, 0.00023983, 2.42011e-06, 0, 1.45018e-36, 7.7908e-41, 0, 0, 0.00024225, 6.28347e-35, 0, 68.0439, 0.969152, 2.29799e-05, 271.757
2693, 8.23081e-31, 0.00024272, 1.49072e-06, 0, 4.20186e-37, 2.40393e-41, 0, 0, 0.00024421, 1.83519e-35, 0, 69.2723, 0.969158, 2.29554e-05, 271.793
2694, 1.01961e-31, 0.000245223, 7.9504e-07, 0, 5.15912e-38, 3.3421e-42, 0, 0, 0.000246018, 2.26868e-36, 0, 71.3607, 0.969163, 2.29381e-05, 271.82
2695, 1.99973e-31, 0.000246715, 7.06097e-07, 0, 4.19478e-38, 8.77928e-41, 0, 0, 0.000247421, 4.53625e-36, 0, 70.6871, 0.96917, 2.29119e-05, 271.823
2696, 7.65068e-30, 0.000247311, 1.15417e-06, 0, 1.54231e-36, 3.44323e-39, 0, 0, 0.000248465, 1.73649e-34, 0, 67.0428, 0.969176, 2.28802e-05, 271.807
2697, 1.25076e-28, 0.000247393, 1.91138e-06, 0, 2.51719e-35, 5.63209e-38, 0, 0, 0.000249305, 2.83887e-33, 0, 64.2486, 0.969182, 2.28595e-05, 271.778
2698, 8.93075e-28, 0.000247846, 2.45099e-06, 0, 1.72018e-34, 4.04899e-37, 0, 0, 0.000250297, 2.02712e-32, 0, 62.2829, 0.969188, 2.28478e-05, 271.758
2699, 6.50955e-27, 0.000248821, 2.68333e-06, 0, 6.74782e-34, 3.10436e-36, 0, 0, 0.000251504, 1.47848e-31, 0, 60.2965, 0.969194, 2.28229e-05, 271.75
2700, 1.57584e-25, 0.000250546, 2.47444e-06, 0, 8.10334e-33, 7.729e-35, 0, 0, 0.00025302, 3.58047e-30, 0, 57.1098, 0.9692, 2.27857e-05, 271.758
2701, 2.37792e-24, 0.000252701, 2.01487e-06, 0, 1.16315e-31, 1.16666e-33, 0, 0, 0.000254716, 5.40302e-29, 0, 54.3958, 0.969206, 2.27497e-05, 271.776
2702, 1.50561e-23, 0.000253525, 2.34894e-06, 0, 7.3569e-31, 7.37931e-33, 0, 0, 0.000255874, 3.42102e-28, 0, 52.5503, 0.969212, 2.27227e-05, 271.764
2703, 3.93795e-23, 0.000253313, 3.30067e-06, 0, 1.92621e-30, 1.92797e-32, 0, 0, 0.000256614, 8.94778e-28, 0, 51.5888, 0.969218, 2.27083e-05, 271.729
2704, 4.25412e-23, 0.000253859, 3.80673e-06, 0, 2.08527e-30, 2.08046e-32, 0, 0, 0.000257666, 9.66622e-28, 0, 51.5116, 0.969224, 2.26903e-05, 271.711
2705, 1.90097e-23, 0.000255602, 3.60842e-06, 0, 9.3695e-31, 9.28629e-33, 0, 0, 0.000259211, 4.31936e-28, 0, 52.3171, 0.96923, 2.26519e-05, 271.719
2706, 3.54753e-24, 0.000257815, 3.13605e-06, 0, 1.79085e-31, 1.73157e-33, 0, 0, 0.000260951, 8.06026e-29, 0, 53.9958, 0.969236, 2.25958e-05, 271.737
2707, 2.96643e-25, 0.000260342, 2.48e-06, 0, 1.71388e-32, 1.4509e-34, 0, 0, 0.000262821, 6.73767e-30, 0, 56.4773, 0.969242, 2.2547e-05, 271.761
2708, 1.62406e-26, 0.000263095, 1.69093e-06, 0, 1.43599e-33, 8.06175e-36, 0, 0, 0.000264786, 3.68347e-31, 0, 59.3823, 0.969248, 2.25364e-05, 271.79
2709, 2.52014e-27, 0.000265667, 1.01189e-06, 0, 1.62117e-34, 1.57717e-36, 0, 0, 0.000266679, 5.67271e-32, 0, 61.2455, 0.969254, 2.25444e-05, 271.814
2710, 6.08963e-25, 0.00026761, 7.10675e-07, 0, 1.69337e-32, 5.2803e-34, 0, 0, 0.000268321, 1.36543e-29, 0, 55.758, 0.96926, 2.25278e-05, 271.825
2711, 2.9178e-23, 0.000268762, 8.85842e-07, 0, 8.05216e-31, 2.53496e-32, 0, 0, 0.000269647, 6.54191e-28, 0, 51.8886, 0.969266, 2.24901e-05, 271.819
2712, 6.04564e-22, 0.00026877, 1.74697e-06, 0, 1.65419e-29, 5.25816e-31, 0, 0, 0.000270517, 1.3553e-26, 0, 48.8575, 0.969272, 2.24543e-05, 271.79
2713, 5.52285e-21, 0.000268087, 3.02233e-06, 0, 1.49385e-28, 4.81149e-30, 0, 0, 0.00027111, 1.23781e-25, 0, 46.6454, 0.969278, 2.24339e-05, 271.746
2714, 2.34174e-20, 0.000267686, 4.1318e-06, 0, 6.24284e-28, 2.04637e-29, 0, 0, 0.000271818, 5.24641e-25, 0, 45.2008, 0.969284, 2.24162e-05, 271.707
2715, 4.8525e-20, 0.000267823, 4.92441e-06, 0, 1.27573e-27, 4.26191e-29, 0, 0, 0.000272748, 1.08665e-24, 0, 44.4722, 0.96929, 2.2389e-05, 271.68
2716, 4.96218e-20, 0.000269747, 4.65923e-06, 0, 1.29471e-27, 4.3865e-29, 0, 0, 0.000274407, 1.11079e-24, 0, 44.4499, 0.969296, 2.23539e-05, 271.691
2717, 2.4024e-20, 0.000273682, 3.20235e-06, 0, 6.27408e-28, 2.13778e-29, 0, 0, 0.000276885, 5.37658e-25, 0, 45.1752, 0.969302, 2.23192e-05, 271.742
2718, 5.21211e-21, 0.000277292, 1.94221e-06, 0, 1.37155e-28, 4.66619e-30, 0, 0, 0.000279234, 1.16636e-25, 0, 46.7033, 0.969308, 2.22923e-05, 271.785
2719, 4.87385e-22, 0.000279855, 1.30624e-06, 0, 1.29789e-29, 4.3871e-31, 0, 0, 0.000281162, 1.09065e-26, 0, 49.073, 0.969314, 2.22657e-05, 271.807
2720, 1.9249e-23, 0.0002822, 8.0264e-07, 0, 5.20312e-31, 1.74121e-32, 0, 0, 0.000283003, 4.30753e-28, 0, 52.3046, 0.96932, 2.22307e-05, 271.824
2721, 3.18267e-25, 0.000283786, 7.58075e-07, 0, 8.75481e-33, 2.89203e-34, 0, 0, 0.000284544, 7.12235e-30, 0, 56.4069, 0.969326, 2.21953e-05, 271.825
2722, 8.11509e-26, 0.000284451, 1.27019e-06, 0, 2.65176e-33, 9.72946e-35, 0, 0, 0.000285721, 1.7819e-30, 0, 57.7735, 0.969332, 2.21756e-05, 271.809
2723, 3.00159e-20, 0.000285636, 1.47365e-06, 0, 1.49382e-28, 4.36944e-29, 0, 0, 0.00028711, 6.61608e-25, 2.30528e-41, 44.9526, 0.969338, 2.21617e-05, 271.802
2724, 6.01611e-18, 0.000287794, 1.09757e-06, 0, 2.43719e-26, 8.40672e-27, 0, 0, 0.000288891, 1.32442e-22, 6.52211e-38, 39.6521, 0.969344, 2.21346e-05, 271.815
2725, 3.21703e-16, 0.000289257, 1.14205e-06, 0, 1.26688e-24, 4.47639e-25, 0, 0, 0.000290399, 7.08075e-21, 4.49577e-36, 35.6729, 0.96935, 2.21057e-05, 271.813
2726, 7.84141e-15, 0.000288622, 2.44629e-06, 0, 2.97257e-23, 1.09156e-23, 0, 0, 0.000291068, 1.72527e-19, 1.88414e-34, 32.4794, 0.969356, 2.2089e-05, 271.772
2727, 9.03601e-14, 0.000286155, 4.846e-06, 0, 3.24148e-22, 1.26103e-22, 0, 0, 0.000291001, 1.98714e-18, 4.08682e-33, 30.035, 0.969362, 2.20664e-05, 271.694
2728, 5.57149e-13, 0.000283365, 7.4328e-06, 0, 1.84767e-21, 7.85027e-22, 0, 0, 0.000290798, 1.22462e-17, 4.64661e-32, 28.2159, 0.969368, 2.20323e-05, 271.611
2729, 1.97658e-12, 0.000281523, 9.45174e-06, 0, 6.08799e-21, 2.82958e-21, 0, 0, 0.000290975, 4.34319e-17, 2.45082e-31, 26.9497, 0.969374, 2.19959e-05, 271.545
2730, 3.73541e-12, 0.000281997, 1.01023e-05, 0, 1.10693e-20, 5.42998e-21, 0, 0, 0.000292099, 8.20736e-17, 5.58058e-31, 26.3132, 0.96938, 2.19616e-05, 271.525
2731, 3.32583e-12, 0.000285072, 9.22038e-06, 0, 9.77467e-21, 4.88966e-21, 0, 0, 0.000294292, 7.30753e-17, 5.32942e-31, 26.4293, 0.969386, 2.19317e-05, 271.556
2732, 1.30413e-12, 0.000289104, 7.77613e-06, 0, 3.87175e-21, 1.93092e-21, 0, 0, 0.000296881, 2.86539e-17, 2.11329e-31, 27.3655, 0.969392, 2.19059e-05, 271.605
2733, 2.21736e-13, 0.000293, 6.4116e-06, 0, 6.76186e-22, 3.28913e-22, 0, 0, 0.000299411, 4.87121e-18, 3.46836e-32, 29.1373, 0.969398, 2.18797e-05, 271.65
2734, 1.66722e-14, 0.000297775, 4.51732e-06, 0, 5.38268e-23, 2.45741e-23, 0, 0, 0.000302293, 3.66138e-19, 2.3544e-33, 31.725, 0.969404, 2.18568e-05, 271.711
2735, 5.93248e-16, 0.000301707, 3.12976e-06, 0, 2.21536e-24, 8.56695e-25, 0, 0, 0.000304837, 1.3019e-20, 6.61518e-35, 35.0609, 0.96941, 2.18398e-05, 271.755
2736, 1.21571e-17, 0.000302664, 3.52836e-06, 0, 6.50446e-26, 1.6841e-26, 0, 0, 0.000306192, 2.66456e-22, 7.70771e-37, 38.9486, 0.969416, 2.1815e-05, 271.743
2737, 2.01361e-19, 0.00030379, 3.82677e-06, 0, 1.64843e-27, 2.66464e-28, 0, 0, 0.000307617, 4.40766e-24, 3.73799e-39, 43.0492, 0.969422, 2.17809e-05, 271.735
2738, 2.59042e-21, 0.000307408, 2.63119e-06, 0, 2.74309e-29, 3.35719e-30, 0, 0, 0.000310039, 5.66737e-26, 7.60204e-42, 47.4025, 0.969428, 2.1749e-05, 271.771
2739, 2.69143e-23, 0.000311391, 1.21877e-06, 0, 6.99703e-31, 3.24058e-32, 0, 0, 0.00031261, 5.87167e-28, 5.60519e-45, 51.9694, 0.969434, 2.17228e-05, 271.814
2740, 2.78019e-22, 0.000313996, 6.39446e-07, 0, 5.54588e-30, 2.54878e-31, 0, 0, 0.000314636, 6.00998e-27, 0, 49.6344, 0.969439, 2.17023e-05, 271.831
2741, 4.57802e-20, 0.000315528, 7.11306e-07, 0, 2.60783e-28, 4.41843e-29, 0, 0, 0.000316239, 9.86066e-25, 7.01994e-41, 44.5304, 0.969446, 2.16819e-05, 271.829
2742, 1.66234e-18, 0.00031596, 1.44936e-06, 0, 6.93151e-27, 1.58475e-27, 0, 0, 0.000317409, 3.57939e-23, 2.34645e-39, 40.9383, 0.969452, 2.16523e-05, 271.808
2743, 7.19397e-17, 0.000314798, 3.15114e-06, 0, 2.62415e-25, 6.89088e-26, 0, 0, 0.000317949, 1.54879e-21, 1.06064e-37, 37.1707, 0.969458, 2.16138e-05, 271.758
2744, 1.32304e-15, 0.00031397, 4.65534e-06, 0, 4.76639e-24, 1.27074e-24, 0, 0, 0.000318625, 2.84833e-20, 1.96481e-36, 34.2588, 0.969464, 2.15813e-05, 271.715
2745, 1.00837e-14, 0.000315211, 4.91885e-06, 0, 3.63303e-23, 9.70738e-24, 0, 0, 0.00032013, 2.17086e-19, 1.50175e-35, 32.2279, 0.96947, 2.15596e-05, 271.708
2746, 3.17586e-14, 0.000315932, 5.49555e-06, 0, 1.14608e-22, 3.06368e-23, 0, 0, 0.000321428, 6.83713e-19, 4.73492e-35, 31.0806, 0.969476, 2.15391e-05, 271.692
2747, 4.13325e-14, 0.000316157, 6.37624e-06, 0, 1.49508e-22, 3.99441e-23, 0, 0, 0.000322533, 8.89817e-19, 6.15846e-35, 30.8171, 0.969482, 2.15082e-05, 271.667
2748, 2.22513e-14, 0.000318283, 6.12491e-06, 0, 8.08025e-23, 2.15304e-23, 0, 0, 0.000324408, 4.79025e-19, 3.3043e-35, 31.4364, 0.969488, 2.14659e-05, 271.675
2749, 5.01976e-15, 0.000320445, 5.85676e-06, 0, 1.85077e-23, 4.84107e-24, 0, 0, 0.000326302, 1.08057e-19, 7.31372e-36, 32.9254, 0.969494, 2.1424e-05, 271.684
2750, 5.86593e-16, 0.000322063, 5.91692e-06, 0, 2.50629e-24, 5.28318e-25, 0, 0, 0.00032798, 1.26137e-20, 6.67812e-37, 35.0722, 0.9695, 2.13901e-05, 271.683
2751, 1.17536e-16, 0.000325631, 4.80988e-06, 0, 6.99561e-25, 8.30415e-26, 0, 0, 0.00033044, 2.51936e-21, 2.51619e-38, 36.6798, 0.969506, 2.13579e-05, 271.716
2752, 3.21506e-17, 0.000329659, 3.43128e-06, 0, 2.03005e-25, 2.13091e-26, 0, 0, 0.00033309, 6.88653e-22, 3.91342e-40, 37.9761, 0.969512, 2.13168e-05, 271.755
2753, 4.19771e-18, 0.000332338, 2.86721e-06, 0, 2.65907e-26, 2.76862e-27, 0, 0, 0.000335205, 8.99093e-23, 2.51253e-42, 40.012, 0.969518, 2.12568e-05, 271.772
2754, 2.28163e-19, 0.000335333, 2.11169e-06, 0, 1.446e-27, 1.5029e-28, 0, 0, 0.000337445, 4.88691e-24, 7.00649e-45, 42.9242, 0.969524, 2.11667e-05, 271.793
2755, 5.12552e-21, 0.000338603, 1.19272e-06, 0, 3.25059e-29, 3.37227e-30, 0, 0, 0.000339796, 1.0978e-25, 0, 46.7201, 0.96953, 2.10246e-05, 271.818
2756, 4.75839e-23, 0.000340509, 1.10544e-06, 0, 3.02428e-31, 3.12697e-32, 0, 0, 0.000341615, 1.01916e-27, 0, 51.3995, 0.969536, 2.07395e-05, 271.82
2757, 2.19075e-25, 0.000340941, 1.91654e-06, 0, 4.46085e-33, 1.34049e-34, 0, 0, 0.000342857, 4.64318e-30, 0, 56.7804, 0.969542, 2.01865e-05, 271.799
2758, 1.37952e-25, 0.000340683, 3.14844e-06, 0, 1.24367e-32, 5.38145e-35, 0, 0, 0.000343831, 2.77028e-30, 0, 57.2429, 0.969548, 1.96803e-05, 271.766
2759, 2.13919e-25, 0.00034097, 4.05452e-06, 0, 1.9328e-32, 8.33214e-35, 0, 0, 0.000345024, 4.29557e-30, 0, 56.8042, 0.969554, 1.98453e-05, 271.742
2760, 1.37119e-25, 0.000342901, 3.97194e-06, 0, 1.23934e-32, 5.3402e-35, 0, 0, 0.000346872, 2.75362e-30, 0, 57.249, 0.96956, 2.04086e-05, 271.745
2761, 3.62547e-26, 0.000346009, 3.18032e-06, 0, 3.2784e-33, 1.41181e-35, 0, 0, 0.000349189, 7.28126e-31, 0, 58.5792, 0.969566, 2.07735e-05, 271.767
2762, 3.95405e-27, 0.000349514, 2.15102e-06, 0, 3.57763e-34, 1.53957e-36, 0, 0, 0.000351665, 7.94181e-32, 0, 60.7951, 0.969572, 2.09095e-05, 271.794
2763, 1.7794e-28, 0.000352232, 1.60347e-06, 0, 1.61246e-35, 6.92668e-38, 0, 0, 0.000353836, 3.57428e-33, 0, 63.8961, 0.969578, 2.09574e-05, 271.809
2764, 3.41335e-30, 0.000353621, 1.86764e-06, 0, 3.74707e-37, 1.28908e-39, 0, 0, 0.000355488, 6.8654e-35, 0, 67.8499, 0.969584, 2.0978e-05, 271.802
2765, 8.69906e-31, 0.000354581, 2.39632e-06, 0, 2.83998e-37, 3.79493e-40, 0, 0, 0.000356978, 1.81728e-35, 0, 69.2169, 0.96959, 2.09812e-05, 271.789
2766, 2.20166e-29, 0.000356473, 2.36408e-06, 0, 4.5002e-36, 1.30117e-38, 0, 0, 0.000358837, 4.60899e-34, 0, 65.9858, 0.969596, 2.0974e-05, 271.79
2767, 3.1617e-28, 0.000358729, 2.11548e-06, 0, 6.33259e-35, 1.89666e-37, 0, 0, 0.000360844, 6.61917e-33, 0, 63.3213, 0.969602, 2.09593e-05, 271.797
2768, 1.98409e-27, 0.000360076, 2.4233e-06, 0, 3.84374e-34, 1.18374e-36, 0, 0, 0.0003625, 4.15322e-32, 0, 61.4846, 0.969608, 2.09431e-05, 271.789
2769, 6.46442e-24, 0.000360719, 3.16408e-06, 0, 4.83279e-32, 2.84461e-33, 0, 0, 0.000363883, 1.34565e-28, 0, 53.3957, 0.969614, 2.09294e-05, 271.771
2770, 5.69753e-22, 0.000362661, 3.12083e-06, 0, 4.14993e-30, 2.62921e-31, 0, 0, 0.000365782, 1.18489e-26, 0, 48.9168, 0.96962, 2.09083e-05, 271.772
2771, 2.51111e-20, 0.000365451, 2.56645e-06, 0, 1.81465e-28, 1.15891e-29, 0, 0, 0.000368018, 5.22204e-25, 0, 45.131, 0.969626, 2.08795e-05, 271.787
2772, 4.57441e-19, 0.000366641, 2.98824e-06, 0, 3.2903e-27, 2.11207e-28, 0, 0, 0.000369629, 9.51246e-24, 0, 42.2286, 0.969632, 2.08576e-05, 271.776
2773, 3.44497e-18, 0.000365657, 4.73313e-06, 0, 2.46898e-26, 1.59131e-27, 0, 0, 0.00037039, 7.16354e-23, 0, 40.2096, 0.969638, 2.0844e-05, 271.733
2774, 1.07205e-17, 0.000364656, 6.49153e-06, 0, 7.66114e-26, 4.95429e-27, 0, 0, 0.000371147, 2.22917e-22, 0, 39.0744, 0.969644, 2.08247e-05, 271.69
2775, 1.37831e-17, 0.000366503, 6.52985e-06, 0, 9.82724e-26, 6.37257e-27, 0, 0, 0.000373033, 2.86592e-22, 0, 38.8231, 0.96965, 2.07974e-05, 271.69
2776, 7.32008e-18, 0.000370902, 5.02901e-06, 0, 5.20998e-26, 3.38596e-27, 0, 0, 0.000375932, 1.52202e-22, 0, 39.4559, 0.969656, 2.07712e-05, 271.728
2777, 1.60567e-18, 0.000375283, 3.54268e-06, 0, 1.1414e-26, 7.43051e-28, 0, 0, 0.000378826, 3.3385e-23, 0, 40.973, 0.969662, 2.07492e-05, 271.765
2778, 1.45574e-19, 0.00037789, 3.1357e-06, 0, 1.03665e-27, 6.73968e-29, 0, 0, 0.000381026, 3.02669e-24, 0, 43.3736, 0.969668, 2.07309e-05, 271.775
2779, 2.48854e-20, 0.000378726, 3.80867e-06, 0, 1.22368e-28, 1.42e-29, 0, 0, 0.000382535, 5.12779e-25, 1.02995e-42, 45.14, 0.969674, 2.0712e-05, 271.76
2780, 1.10735e-18, 0.000379769, 4.361e-06, 0, 4.1297e-27, 6.6843e-28, 0, 0, 0.00038413, 2.27562e-23, 5.95075e-41, 41.3446, 0.96968, 2.06872e-05, 271.747
2781, 2.78629e-17, 0.000382558, 3.8567e-06, 0, 1.03402e-25, 1.68291e-26, 0, 0, 0.000386415, 5.72589e-22, 1.5099e-39, 38.1192, 0.969685, 2.06568e-05, 271.759
2782, 2.89285e-16, 0.00038485, 3.66013e-06, 0, 1.07314e-24, 1.74794e-25, 0, 0, 0.00038851, 5.94496e-21, 1.5788e-38, 35.7791, 0.969692, 2.06283e-05, 271.765
2783, 1.23896e-15, 0.000384624, 4.9948e-06, 0, 4.59633e-24, 7.48834e-25, 0, 0, 0.000389619, 2.54615e-20, 6.80491e-38, 34.3245, 0.969698, 2.06069e-05, 271.733
2784, 2.18899e-15, 0.000383448, 6.91164e-06, 0, 8.12512e-24, 1.32329e-24, 0, 0, 0.00039036, 4.4986e-20, 1.20898e-37, 33.7553, 0.969704, 2.05898e-05, 271.689
2785, 1.59605e-15, 0.000385751, 6.72568e-06, 0, 5.93111e-24, 9.64966e-25, 0, 0, 0.000392477, 3.28011e-20, 8.86323e-38, 34.0712, 0.96971, 2.05691e-05, 271.694
2786, 9.49877e-16, 0.000391446, 4.48272e-06, 0, 2.2376e-24, 6.9996e-25, 0, 0, 0.000395929, 1.9458e-20, 2.54118e-31, 34.5902, 0.969716, 2.05398e-05, 271.747
2787, 2.52481e-14, 0.000396391, 2.69547e-06, 0, 2.32578e-23, 2.18218e-23, 0, 0, 0.000399086, 5.15118e-19, 1.25146e-29, 31.31, 0.969722, 2.05068e-05, 271.789
2788, 1.08244e-12, 0.000397911, 2.99787e-06, 0, 9.58107e-22, 9.29858e-22, 0, 0, 0.000400909, 2.20835e-17, 5.33126e-28, 27.5518, 0.969728, 2.04795e-05, 271.782
2789, 1.99532e-11, 0.000396335, 5.18985e-06, 0, 1.75899e-20, 1.71118e-20, 0, 0, 0.000401525, 4.07066e-16, 1.04714e-26, 24.6376, 0.969734, 2.0459e-05, 271.732
2790, 1.58105e-10, 0.000394559, 7.4987e-06, 0, 1.39681e-19, 1.36649e-19, 0, 0, 0.000402058, 3.22523e-15, 1.70928e-25, 22.5678, 0.96974, 2.04376e-05, 271.68
2791, 6.18206e-10, 0.000392525, 9.94997e-06, 0, 5.41689e-19, 5.69026e-19, 0, 0, 0.000402475, 1.26054e-14, 3.74012e-24, 21.2042, 0.969746, 2.04119e-05, 271.623
2792, 2.13525e-09, 0.000390536, 1.23792e-05, 0, 1.75132e-18, 2.36037e-18, 0, 0, 0.000402915, 4.3483e-14, 5.21838e-23, 19.9647, 0.969752, 2.03843e-05, 271.567
2793, 8.56508e-09, 0.000391667, 1.29388e-05, 0, 6.63179e-18, 1.04659e-17, 0, 0, 0.000404606, 1.74288e-13, 3.17197e-22, 18.5756, 0.969758, 2.0356e-05, 271.555
2794, 2.03351e-08, 0.00039306, 1.33406e-05, 0, 1.5546e-17, 2.52999e-17, 0, 0, 0.0004064, 4.137e-13, 8.0353e-22, 17.7109, 0.969764, 2.03343e-05, 271.547
2795, 2.27964e-08, 0.000394879, 1.34941e-05, 0, 1.74444e-17, 2.82291e-17, 0, 0, 0.000408373, 4.63562e-13, 9.31039e-22, 17.5967, 0.96977, 2.03179e-05, 271.545
2796, 1.61837e-08, 0.000398299, 1.26963e-05, 0, 1.23889e-17, 2.01061e-17, 0, 0, 0.000410995, 3.28502e-13, 3.37677e-21, 17.9393, 0.969776, 2.02966e-05, 271.565
2797, 3.21951e-08, 0.000402021, 1.17235e-05, 0, 2.34261e-17, 5.13164e-17, 0, 0, 0.000413745, 6.51418e-13, 4.79076e-20, 17.2515, 0.969782, 2.02716e-05, 271.589
2798, 1.59394e-07, 0.000402118, 1.29202e-05, 0, 1.15069e-16, 2.81777e-16, 0, 0, 0.000415038, 3.22324e-12, 3.19531e-19, 15.6519, 0.969788, 2.02469e-05, 271.562
2799, 4.16908e-07, 0.000397409, 1.69873e-05, 0, 3.03898e-16, 7.57549e-16, 0, 0, 0.000414396, 8.42999e-12, 8.85226e-19, 14.6904, 0.969794, 2.02234e-05, 271.469
2800, 4.63864e-07, 0.000399038, 1.7287e-05, 0, 3.41227e-16, 8.57757e-16, 0, 0, 0.000416325, 9.37899e-12, 1.01584e-18, 14.5837, 0.9698, 2.01991e-05, 271.464
2801, 2.16007e-07, 0.000409455, 1.23406e-05, 0, 1.60132e-16, 4.04797e-16, 0, 0, 0.000421796, 4.36731e-12, 4.8263e-19, 15.348, 0.969806, 2.01691e-05, 271.58
2802, 4.19526e-08, 0.000420712, 6.8484e-06, 0, 3.1306e-17, 7.94394e-17, 0, 0, 0.000427561, 8.48178e-13, 9.49056e-20, 16.9867, 0.969812, 2.01402e-05, 271.704
2803, 3.39163e-09, 0.000428403, 3.48236e-06, 0, 2.54537e-18, 6.47447e-18, 0, 0, 0.000431885, 6.85676e-14, 7.72277e-21, 19.502, 0.969818, 2.01184e-05, 271.777
2804, 1.14257e-10, 0.000431469, 2.93155e-06, 0, 8.63651e-20, 2.19352e-19, 0, 0, 0.000434401, 2.30976e-15, 2.6008e-22, 22.8926, 0.969824, 2.00964e-05, 271.789
2805, 1.69521e-11, 0.000431502, 4.24047e-06, 0, 1.65719e-20, 3.25444e-20, 0, 0, 0.000435742, 3.38688e-16, 5.75272e-23, 24.8006, 0.96983, 2.00721e-05, 271.763
2806, 5.899e-10, 0.000430374, 6.25818e-06, 0, 5.01292e-19, 1.22565e-18, 0, 0, 0.000436632, 1.17727e-14, 2.70257e-21, 21.2511, 0.969836, 2.00456e-05, 271.721
2807, 1.23678e-08, 0.000428206, 8.90418e-06, 0, 1.05517e-17, 2.73134e-17, 0, 0, 0.00043711, 2.46807e-13, 1.47884e-19, 18.2082, 0.969842, 2.00185e-05, 271.665
2808, 1.22261e-07, 0.000425371, 1.19317e-05, 0, 1.29263e-16, 3.45882e-16, 0, 0, 0.000437303, 2.43883e-12, 6.48171e-18, 15.9171, 0.969848, 1.99957e-05, 271.601
2809, 7.75918e-07, 0.000419702, 1.66187e-05, 0, 1.53782e-15, 4.32654e-15, 0, 0, 0.000436321, 1.54571e-11, 1.81379e-16, 14.0692, 0.969854, 1.99712e-05, 271.497
2810, 4.93286e-06, 0.00041232, 2.23036e-05, 0, 1.5268e-14, 4.39267e-14, 0, 0, 0.000434624, 9.81355e-11, 2.24487e-15, 12.2196, 0.96986, 1.99411e-05, 271.37
2811, 2.17537e-05, 0.000408319, 2.59074e-05, 0, 7.54805e-14, 2.18628e-13, 0, 0, 0.000434227, 4.32627e-10, 1.16279e-14, 10.7357, 0.969866, 1.99113e-05, 271.286
2812, 4.47522e-05, 0.000405714, 2.86535e-05, 0, 1.5955e-13, 4.63972e-13, 0, 0, 0.000434368, 8.89989e-10, 2.5013e-14, 10.0144, 0.969872, 1.9887e-05, 271.22
2813, 3.91803e-05, 0.000412319, 2.61018e-05, 0, 1.40877e-13, 4.11186e-13, 0, 0, 0.000438421, 7.7919e-10, 2.23151e-14, 10.1473, 0.969878, 1.98655e-05, 271.283
2814, 1.44302e-05, 0.000428699, 1.78302e-05, 0, 5.18211e-14, 1.51829e-13, 0, 0, 0.000446529, 2.8698e-10, 8.25232e-15, 11.1462, 0.969884, 1.98412e-05, 271.476
2815, 2.36199e-06, 0.000438526, 1.33809e-05, 0, 8.06306e-15, 2.36875e-14, 0, 0, 0.000451906, 4.69608e-11, 1.26518e-15, 12.956, 0.96989, 1.98161e-05, 271.577
2816, 7.22878e-07, 0.000435534, 1.65424e-05, 0, 1.05605e-15, 2.98027e-15, 0, 0, 0.000452076, 1.43145e-11, 8.31781e-17, 14.14, 0.969896, 1.97922e-05, 271.512
2817, 1.0979e-06, 0.000431296, 2.04326e-05, 0, 1.05129e-15, 2.84847e-15, 0, 0, 0.000451729, 2.17164e-11, 7.67006e-18, 13.7221, 0.969902, 1.97688e-05, 271.43
2818, 8.85316e-07, 0.000437954, 1.78137e-05, 0, 8.38809e-16, 2.27103e-15, 0, 0, 0.000455768, 1.75103e-11, 4.65973e-18, 13.9373, 0.969908, 1.9745e-05, 271.488
2819, 3.18061e-07, 0.00044891, 1.26381e-05, 0, 3.70206e-16, 9.9704e-16, 0, 0, 0.000461548, 6.28844e-12, 3.15532e-17, 14.961, 0.969914, 1.97202e-05, 271.599
2820, 5.20065e-07, 0.000455864, 9.84393e-06, 0, 3.58783e-15, 9.57887e-15, 0, 0, 0.000465708, 1.02082e-11, 1.43623e-15, 14.4693, 0.96992, 1.96936e-05, 271.658
2821, 7.88448e-06, 0.000458977, 9.30966e-06, 0, 6.65102e-14, 1.7811e-13, 0, 0, 0.000468287, 1.54639e-10, 2.86919e-14, 11.7506, 0.969926, 1.96666e-05, 271.667
2822, 5.83554e-05, 0.000451641, 1.48736e-05, 0, 5.3719e-13, 1.44169e-12, 0, 0, 0.000466515, 1.14442e-09, 2.4036e-13, 9.74896, 0.969932, 1.96429e-05, 271.542
2823, 0.000196553, 0.000430508, 2.84084e-05, 0, 1.92768e-12, 5.15912e-12, 0, 0, 0.000458916, 3.85401e-09, 8.77032e-13, 8.53458, 0.969938, 1.96235e-05, 271.234
2824, 0.000346039, 0.000412915, 3.9902e-05, 0, 3.79364e-12, 9.86943e-12, 0, 0, 0.000452818, 6.78108e-09, 1.75073e-12, 7.96896, 0.969944, 1.96036e-05, 270.971
2825, 0.000490275, 0.00040919, 4.3368e-05, 0, 6.83278e-12, 1.66976e-11, 0, 0, 0.000452558, 9.59401e-09, 3.29609e-12, 7.62054, 0.96995, 1.95775e-05, 270.892
2826, 0.000657305, 0.000412711, 4.2514e-05, 0, 1.07222e-11, 2.53658e-11, 0, 0, 0.000455225, 1.28485e-08, 5.43732e-12, 7.32736, 0.969956, 1.95463e-05, 270.906
2827, 0.000664504, 0.000423833, 3.73892e-05, 0, 1.30041e-11, 3.00623e-11, 0, 0, 0.000461222, 1.29709e-08, 8.21637e-12, 7.31647, 0.969962, 1.9518e-05, 271.025
2828, 0.00108156, 0.000425226, 3.7519e-05, 0, 3.3708e-11, 7.43989e-11, 0, 0, 0.000462745, 2.10569e-08, 2.97031e-11, 6.82935, 0.969968, 1.94932e-05, 271.002
2829, 0.0024743, 0.000406096, 4.85706e-05, 0, 9.2861e-11, 2.01559e-10, 0, 0, 0.000454667, 4.81377e-08, 8.80279e-11, 6.0018, 0.969974, 1.94704e-05, 270.678
2830, 0.00347599, 0.000395033, 5.52849e-05, 0, 1.303e-10, 2.82702e-10, 0, 0, 0.000450319, 6.76069e-08, 1.23217e-10, 5.66187, 0.96998, 1.94505e-05, 270.469
2831, 0.00260631, 0.000413982, 4.65622e-05, 0, 8.85855e-11, 1.93968e-10, 0, 0, 0.000460545, 5.06743e-08, 8.00293e-11, 5.94982, 0.969986, 1.94285e-05, 270.723
2832, 0.00101784, 0.000448631, 2.96333e-05, 0, 3.01897e-11, 6.71083e-11, 0, 0, 0.000478264, 1.9783e-08, 2.51462e-11, 6.89007, 0.969992, 1.94009e-05, 271.198
2833, 0.00019798, 0.000473464, 1.75019e-05, 0, 5.19952e-12, 1.17389e-11, 0, 0, 0.000490966, 3.84694e-09, 3.93784e-12, 8.52734, 0.969998, 1.93735e-05, 271.508
2834, 1.81248e-05, 0.000486089, 1.16545e-05, 0, 4.35049e-13, 9.9425e-13, 0, 0, 0.000497743, 3.52122e-10, 3.02393e-13, 10.9182, 0.970004, 1.93518e-05, 271.636
2835, 7.81872e-07, 0.000488893, 1.14702e-05, 0, 1.67805e-14, 3.86877e-14, 0, 0, 0.000500364, 1.51835e-11, 1.0847e-14, 14.0616, 0.97001, 1.93298e-05, 271.643
2836, 1.58043e-07, 0.000485566, 1.49888e-05, 0, 1.05816e-15, 2.50385e-15, 0, 0, 0.000500555, 3.04522e-12, 3.89692e-16, 15.6604, 0.970016, 1.93048e-05, 271.578
2837, 1.76111e-06, 0.000486318, 1.60277e-05, 0, 2.17225e-14, 5.15719e-14, 0, 0, 0.000502345, 3.38115e-11, 7.1129e-15, 13.2496, 0.970022, 1.92794e-05, 271.56
2838, 2.1663e-05, 0.000489759, 1.53636e-05, 0, 2.92022e-13, 6.92024e-13, 0, 0, 0.000505123, 4.15754e-10, 9.7238e-14, 10.7399, 0.970028, 1.92538e-05, 271.57
2839, 0.000120198, 0.000481954, 2.1292e-05, 0, 1.66412e-12, 3.93217e-12, 0, 0, 0.000503246, 2.30663e-09, 5.73676e-13, 9.02637, 0.970034, 1.92295e-05, 271.446
2840, 0.000299856, 0.000465573, 3.22256e-05, 0, 4.67707e-12, 1.07841e-11, 0, 0, 0.000497799, 5.75305e-09, 2.23733e-12, 8.11221, 0.97004, 1.92038e-05, 271.218
2841, 0.000542059, 0.000458521, 3.75788e-05, 0, 1.69514e-11, 3.53322e-11, 0, 0, 0.0004961, 1.03857e-08, 1.74019e-11, 7.52013, 0.970046, 1.91777e-05, 271.098
2842, 0.00181272, 0.000450924, 4.21955e-05, 0, 1.02677e-10, 2.0413e-10, 0, 0, 0.00049312, 3.46706e-08, 1.34011e-10, 6.31293, 0.970052, 1.91561e-05, 270.941
2843, 0.00569648, 0.000426413, 5.43694e-05, 0, 3.95619e-10, 7.78074e-10, 0, 0, 0.000480783, 1.08888e-07, 5.61153e-10, 5.16791, 0.970058, 1.91356e-05, 270.504
2844, 0.0101014, 0.000404362, 6.49956e-05, 0, 7.89982e-10, 1.54606e-09, 0, 0, 0.00046936, 1.93024e-07, 1.18615e-09, 4.59508, 0.970064, 1.91127e-05, 270.087
2845, 0.00924515, 0.000413543, 6.21369e-05, 0, 7.7053e-10, 1.50422e-09, 0, 0, 0.000475682, 1.76623e-07, 1.19735e-09, 4.68366, 0.97007, 1.90885e-05, 270.211
2846, 0.00414663, 0.000446865, 4.87414e-05, 0, 3.47065e-10, 6.76815e-10, 0, 0, 0.000495607, 7.92056e-08, 5.4735e-10, 5.48546, 0.970076, 1.90607e-05, 270.735
2847, 0.000910119, 0.000476021, 3.61441e-05, 0, 6.96461e-11, 1.35969e-10, 0, 0, 0.000512165, 1.73796e-08, 1.09475e-10, 7.00194, 0.970082, 1.9034e-05, 271.142
2848, 0.000134394, 0.000494061, 2.78145e-05, 0, 6.62172e-12, 1.31594e-11, 0, 0, 0.000521875, 2.56172e-09, 9.6521e-12, 8.91474, 0.970088, 1.90129e-05, 271.346
2849, 0.000188668, 0.000500937, 2.51116e-05, 0, 4.21874e-12, 9.33545e-12, 0, 0, 0.000526049, 3.5756e-09, 2.70548e-12, 8.57552, 0.970094, 1.89901e-05, 271.393
2850, 0.000673593, 0.00048881, 3.30461e-05, 0, 1.59421e-11, 3.53076e-11, 0, 0, 0.000521857, 1.27607e-08, 9.73343e-12, 7.30288, 0.9701, 1.89625e-05, 271.206
2851, 0.00111768, 0.000473013, 4.33374e-05, 0, 2.72409e-11, 6.02295e-11, 0, 0, 0.00051635, 2.11728e-08, 1.67968e-11, 6.7965, 0.970106, 1.89372e-05, 270.982
2852, 0.000810782, 0.000483307, 3.93196e-05, 0, 1.96844e-11, 4.3532e-11, 0, 0, 0.000522627, 1.53586e-08, 1.21193e-11, 7.11751, 0.970112, 1.89151e-05, 271.089
2853, 0.000259315, 0.000510499, 2.55574e-05, 0, 6.0256e-12, 1.33567e-11, 0, 0, 0.000536056, 4.91179e-09, 3.65639e-12, 8.25747, 0.970118, 1.88895e-05, 271.389
2854, 4.80912e-05, 0.000529969, 1.58046e-05, 0, 9.61671e-13, 2.16286e-12, 0, 0, 0.000545774, 9.09176e-10, 5.50624e-13, 9.94241, 0.970124, 1.88605e-05, 271.582
2855, 0.000109443, 0.000530805, 1.67502e-05, 0, 2.12986e-12, 4.88628e-12, 0, 0, 0.000547555, 2.05626e-09, 1.26052e-12, 9.1201, 0.97013, 1.88328e-05, 271.561
2856, 0.000545721, 0.000511685, 2.904e-05, 0, 1.32134e-11, 2.95556e-11, 0, 0, 0.000540724, 1.02473e-08, 9.06411e-12, 7.5134, 0.970136, 1.88089e-05, 271.308
2857, 0.00158367, 0.000483821, 4.57202e-05, 0, 4.55616e-11, 9.96358e-11, 0, 0, 0.000529542, 2.97246e-08, 3.4442e-11, 6.44801, 0.970142, 1.87886e-05, 270.933
2858, 0.00256144, 0.000467884, 5.5503e-05, 0, 8.15971e-11, 1.75739e-10, 0, 0, 0.000523387, 4.8061e-08, 6.50928e-11, 5.96718, 0.970148, 1.8768e-05, 270.694
2859, 0.00219876, 0.000478795, 5.12289e-05, 0, 7.47756e-11, 1.59459e-10, 0, 0, 0.000530025, 4.12399e-08, 6.243e-11, 6.11986, 0.970154, 1.87432e-05, 270.808
2860, 0.00153042, 0.000498031, 4.2535e-05, 0, 7.03097e-11, 1.44581e-10, 0, 0, 0.000540567, 2.86363e-08, 7.9028e-11, 6.48221, 0.97016, 1.87144e-05, 271.026
2861, 0.00352064, 0.000489692, 4.72417e-05, 0, 2.56979e-10, 5.02295e-10, 0, 0, 0.000536935, 6.56726e-08, 3.87335e-10, 5.64911, 0.970166, 1.86846e-05, 270.858
2862, 0.00917367, 0.000456831, 6.28335e-05, 0, 8.23744e-10, 1.57154e-09, 0, 0, 0.000519667, 1.71006e-07, 1.38479e-09, 4.69142, 0.970172, 1.86559e-05, 270.313
2863, 0.01426, 0.000433285, 7.36091e-05, 0, 1.41687e-09, 2.67328e-09, 0, 0, 0.000506898, 2.65675e-07, 2.49532e-09, 4.2503, 0.970178, 1.86298e-05, 269.883
2864, 0.0140542, 0.000434649, 7.44779e-05, 0, 1.37761e-09, 2.60375e-09, 0, 0, 0.000509131, 2.61574e-07, 2.38983e-09, 4.26483, 0.970184, 1.86025e-05, 269.878
2865, 0.011754, 0.000447126, 7.07582e-05, 0, 1.05912e-09, 2.02494e-09, 0, 0, 0.000517887, 2.18404e-07, 1.71818e-09, 4.44356, 0.97019, 1.85692e-05, 270.057
2866, 0.00829311, 0.000472054, 6.09459e-05, 0, 7.02813e-10, 1.35539e-09, 0, 0, 0.000533002, 1.53923e-07, 1.09111e-09, 4.79233, 0.970196, 1.85289e-05, 270.406
2867, 0.0037813, 0.000499644, 5.05364e-05, 0, 2.76716e-10, 5.38933e-10, 0, 0, 0.000550181, 7.00946e-08, 4.13332e-10, 5.57769, 0.970202, 1.84828e-05, 270.8
2868, 0.00167441, 0.000507332, 4.96682e-05, 0, 6.96922e-11, 1.42712e-10, 0, 0, 0.000557, 3.0898e-08, 8.3108e-11, 6.39229, 0.970208, 1.84277e-05, 270.911
2869, 0.00153037, 0.000504754, 5.306e-05, 0, 4.03862e-11, 9.0261e-11, 0, 0, 0.000557814, 2.80636e-08, 2.79635e-11, 6.48224, 0.970214, 1.83486e-05, 270.863
2870, 0.00157419, 0.000508115, 5.27495e-05, 0, 4.11581e-11, 9.31597e-11, 0, 0, 0.000560865, 2.87697e-08, 2.61713e-11, 6.45402, 0.97022, 1.82093e-05, 270.874
2871, 0.00104431, 0.000528654, 4.2957e-05, 0, 2.90121e-11, 6.46487e-11, 0, 0, 0.000571611, 1.90266e-08, 2.26281e-11, 6.8644, 0.970226, 1.79087e-05, 271.083
2872, 0.00102415, 0.000547606, 3.37144e-05, 0, 8.0737e-11, 1.58905e-10, 0, 0, 0.00058132, 1.84043e-08, 1.39228e-10, 6.8839, 0.970232, 1.73983e-05, 271.262
2873, 0.00473439, 0.000532764, 4.11415e-05, 0, 5.54808e-10, 1.06483e-09, 0, 0, 0.000573908, 8.48757e-08, 1.04834e-09, 5.3529, 0.970238, 1.70892e-05, 271.005
2874, 0.0154722, 0.000483706, 6.30285e-05, 0, 1.94982e-09, 3.71832e-09, 0, 0, 0.00054674, 2.78196e-07, 3.74337e-09, 4.16871, 0.970244, 1.73773e-05, 270.227
2875, 0.0265921, 0.000440041, 8.13389e-05, 0, 3.37849e-09, 6.42206e-09, 0, 0, 0.00052139, 4.79535e-07, 6.47762e-09, 3.62714, 0.97025, 1.78356e-05, 269.467
2876, 0.0255667, 0.000441295, 8.25821e-05, 0, 3.07699e-09, 5.85179e-09, 0, 0, 0.000523886, 4.62309e-07, 5.75898e-09, 3.66647, 0.970256, 1.80778e-05, 269.468
2877, 0.0149808, 0.000480293, 6.95503e-05, 0, 1.60409e-09, 3.06816e-09, 0, 0, 0.000549848, 2.71527e-07, 2.85272e-09, 4.20098, 0.970262, 1.81663e-05, 270.104
2878, 0.00886103, 0.000505221, 6.1639e-05, 0, 9.36805e-10, 1.8012e-09, 0, 0, 0.000566862, 1.61092e-07, 1.69394e-09, 4.72609, 0.970268, 1.81986e-05, 270.48
2879, 0.0138551, 0.000488928, 6.92443e-05, 0, 1.85161e-09, 3.53627e-09, 0, 0, 0.000558178, 2.52324e-07, 3.67635e-09, 4.2791, 0.970274, 1.82074e-05, 270.186
2880, 0.0217726, 0.000465111, 7.88416e-05, 0, 3.06214e-09, 5.843e-09, 0, 0, 0.000543962, 3.9644e-07, 6.13858e-09, 3.8271, 0.97028, 1.8204e-05, 269.741
2881, 0.0227833, 0.000462108, 8.10681e-05, 0, 3.00391e-09, 5.73845e-09, 0, 0, 0.000543185, 4.14358e-07, 5.84916e-09, 3.78173, 0.970286, 1.81879e-05, 269.652
2882, 0.0199173, 0.000468367, 8.06463e-05, 0, 2.30295e-09, 4.39556e-09, 0, 0, 0.000549019, 3.61474e-07, 4.214e-09, 3.91617, 0.970292, 1.81637e-05, 269.739
2883, 0.0154703, 0.000483569, 7.6734e-05, 0, 1.58556e-09, 3.02436e-09, 0, 0, 0.000560307, 2.80445e-07, 2.73492e-09, 4.16884, 0.970298, 1.81509e-05, 269.968
2884, 0.0118218, 0.000506069, 6.88217e-05, 0, 1.27396e-09, 2.44287e-09, 0, 0, 0.000574894, 2.14296e-07, 2.27784e-09, 4.43781, 0.970304, 1.81466e-05, 270.276
2885, 0.0152284, 0.000502848, 7.03881e-05, 0, 1.98502e-09, 3.81241e-09, 0, 0, 0.000573242, 2.75918e-07, 3.84402e-09, 4.18459, 0.97031, 1.8133e-05, 270.165
2886, 0.0188773, 0.000489672, 7.67737e-05, 0, 2.44063e-09, 4.69985e-09, 0, 0, 0.000566453, 3.41896e-07, 4.68588e-09, 3.9698, 0.970316, 1.81136e-05, 269.923
2887, 0.0136638, 0.000513815, 6.83683e-05, 0, 1.57955e-09, 3.06787e-09, 0, 0, 0.000582188, 2.47399e-07, 2.87337e-09, 4.293, 0.970322, 1.80938e-05, 270.255
2888, 0.00637048, 0.000555399, 5.20125e-05, 0, 6.74251e-10, 1.32225e-09, 0, 0, 0.000607413, 1.15236e-07, 1.18352e-09, 5.05608, 0.970328, 1.80747e-05, 270.81
2889, 0.00705549, 0.000558752, 5.1641e-05, 0, 9.82866e-10, 1.90159e-09, 0, 0, 0.000610396, 1.27211e-07, 2.02288e-09, 4.95395, 0.970334, 1.80567e-05, 270.814
2890, 0.0163214, 0.000521537, 6.79544e-05, 0, 2.52198e-09, 4.85896e-09, 0, 0, 0.000589499, 2.94029e-07, 5.38217e-09, 4.11528, 0.97034, 1.80355e-05, 270.234
2891, 0.0225406, 0.000493104, 8.12843e-05, 0, 3.44443e-09, 6.65072e-09, 0, 0, 0.000574399, 4.05932e-07, 7.30654e-09, 3.79244, 0.970346, 1.80132e-05, 269.786
2892, 0.0212631, 0.000492378, 8.43054e-05, 0, 3.12326e-09, 6.04764e-09, 0, 0, 0.000576692, 3.826e-07, 6.53525e-09, 3.85078, 0.970352, 1.79926e-05, 269.776
2893, 0.023895, 0.000494306, 8.3639e-05, 0, 4.0755e-09, 7.75554e-09, 0, 0, 0.000577957, 4.29227e-07, 9.22868e-09, 3.73409, 0.970358, 1.7971e-05, 269.74
2894, 0.0394714, 0.000472942, 8.75182e-05, 0, 8.32024e-09, 1.55145e-08, 0, 0, 0.000560485, 7.08004e-07, 2.05451e-08, 3.23218, 0.970364, 1.79489e-05, 269.224
2895, 0.0594522, 0.000438558, 9.55736e-05, 0, 1.36264e-08, 2.52353e-08, 0, 0, 0.00053417, 1.06539e-06, 3.47672e-08, 2.82258, 0.97037, 1.79269e-05, 268.457
2896, 0.0688659, 0.000422314, 0.000100272, 0, 1.60676e-08, 2.97433e-08, 0, 0, 0.000522632, 1.23286e-06, 4.12936e-08, 2.67559, 0.970376, 1.79045e-05, 268.073
2897, 0.0658095, 0.000427101, 0.000101121, 0, 1.48059e-08, 2.75182e-08, 0, 0, 0.000528264, 1.17705e-06, 3.73811e-08, 2.72099, 0.970382, 1.78835e-05, 268.16
2898, 0.0499646, 0.000456509, 9.63342e-05, 0, 1.01616e-08, 1.9059e-08, 0, 0, 0.000552873, 8.93011e-07, 2.45289e-08, 2.99644, 0.970388, 1.78644e-05, 268.754
2899, 0.0267648, 0.000517831, 7.87439e-05, 0, 4.60899e-09, 8.77211e-09, 0, 0, 0.000596588, 4.78094e-07, 1.03381e-08, 3.62067, 0.970394, 1.78447e-05, 269.798
2900, 0.00906342, 0.000588798, 5.24303e-05, 0, 1.26368e-09, 2.45172e-09, 0, 0, 0.000641232, 1.61824e-07, 2.56078e-09, 4.70351, 0.9704, 1.78206e-05, 270.792
2901, 0.00234816, 0.000620716, 4.08354e-05, 0, 2.23936e-10, 4.48621e-10, 0, 0, 0.000661552, 4.18549e-08, 3.82169e-10, 6.05412, 0.970407, 1.77952e-05, 271.186
2902, 0.0028777, 0.000602352, 5.27414e-05, 0, 1.57967e-10, 3.36939e-10, 0, 0, 0.000655094, 5.11008e-08, 1.75762e-10, 5.85076, 0.970412, 1.77742e-05, 270.973
2903, 0.00541495, 0.000578508, 6.61181e-05, 0, 3.03129e-10, 6.474e-10, 0, 0, 0.000644627, 9.60992e-08, 3.2614e-10, 5.21859, 0.970418, 1.77544e-05, 270.667
2904, 0.00539646, 0.00058682, 6.31349e-05, 0, 3.06449e-10, 6.5324e-10, 0, 0, 0.000649956, 9.5725e-08, 3.3234e-10, 5.22201, 0.970424, 1.77348e-05, 270.721
2905, 0.00431917, 0.000597475, 5.97957e-05, 0, 2.61692e-10, 5.50646e-10, 0, 0, 0.000657272, 7.65065e-08, 3.1469e-10, 5.44469, 0.97043, 1.77164e-05, 270.819
2906, 0.00637676, 0.000576197, 7.22968e-05, 0, 5.18532e-10, 1.054e-09, 0, 0, 0.000648496, 1.12757e-07, 7.99081e-10, 5.0551, 0.970436, 1.76964e-05, 270.552
2907, 0.0116251, 0.000548732, 8.59056e-05, 0, 1.27213e-09, 2.53092e-09, 0, 0, 0.000634641, 2.05325e-07, 2.32662e-09, 4.45459, 0.970442, 1.7674e-05, 270.166
2908, 0.0191587, 0.000531717, 9.22011e-05, 0, 2.79998e-09, 5.49001e-09, 0, 0, 0.000623926, 3.37964e-07, 5.9928e-09, 3.955, 0.970448, 1.76501e-05, 269.847
2909, 0.0317156, 0.0005133, 9.63173e-05, 0, 6.0888e-09, 1.17422e-08, 0, 0, 0.000609635, 5.58663e-07, 1.47041e-08, 3.45095, 0.970454, 1.76265e-05, 269.439
2910, 0.0501888, 0.00048686, 0.000101179, 0, 1.1502e-08, 2.18056e-08, 0, 0, 0.000588072, 8.82832e-07, 2.97015e-08, 2.99196, 0.97046, 1.76005e-05, 268.844
2911, 0.0638938, 0.000469824, 0.000103805, 0, 1.59155e-08, 2.98288e-08, 0, 0, 0.000573675, 1.12257e-06, 4.2319e-08, 2.75053, 0.970466, 1.75721e-05, 268.415
2912, 0.0558236, 0.000488397, 0.000100253, 0, 1.34921e-08, 2.52698e-08, 0, 0, 0.000588689, 9.80053e-07, 3.54782e-08, 2.88556, 0.970472, 1.75491e-05, 268.725
2913, 0.0331736, 0.000534107, 9.08924e-05, 0, 6.71898e-09, 1.27359e-08, 0, 0, 0.000625019, 5.82016e-07, 1.6519e-08, 3.406, 0.970478, 1.75319e-05, 269.536
2914, 0.0211757, 0.000564667, 8.33044e-05, 0, 3.35683e-09, 6.49162e-09, 0, 0, 0.000647981, 3.70339e-07, 7.25086e-09, 3.8549, 0.970484, 1.7507e-05, 270
2915, 0.0278844, 0.000554203, 8.64543e-05, 0, 4.82594e-09, 9.28234e-09, 0, 0, 0.000640671, 4.85321e-07, 1.06147e-08, 3.57969, 0.97049, 1.74646e-05, 269.766
2916, 0.0382577, 0.00053157, 9.40283e-05, 0, 7.1269e-09, 1.36607e-08, 0, 0, 0.000625619, 6.65325e-07, 1.61392e-08, 3.26341, 0.970496, 1.74326e-05, 269.349
2917, 0.0401379, 0.00053011, 9.54741e-05, 0, 7.77265e-09, 1.4897e-08, 0, 0, 0.000625607, 6.9885e-07, 1.81508e-08, 3.21544, 0.970502, 1.74332e-05, 269.281
2918, 0.0505398, 0.000512873, 0.000100249, 0, 1.11274e-08, 2.11588e-08, 0, 0, 0.000613154, 8.80555e-07, 2.78669e-08, 2.98499, 0.970508, 1.74334e-05, 268.919
2919, 0.0647812, 0.000489409, 0.000106116, 0, 1.55899e-08, 2.94427e-08, 0, 0, 0.00059557, 1.12821e-06, 4.04422e-08, 2.73674, 0.970514, 1.74174e-05, 268.426
2920, 0.0558475, 0.000512794, 0.000100929, 0, 1.32459e-08, 2.50416e-08, 0, 0, 0.000613761, 9.72034e-07, 3.41779e-08, 2.88513, 0.97052, 1.73944e-05, 268.799
2921, 0.0290039, 0.000582389, 8.17412e-05, 0, 6.16687e-09, 1.17696e-08, 0, 0, 0.000664148, 5.04507e-07, 1.53024e-08, 3.54032, 0.970526, 1.73693e-05, 269.894
2922, 0.00886727, 0.000653675, 5.73147e-05, 0, 1.55889e-09, 3.02748e-09, 0, 0, 0.000710994, 1.54151e-07, 3.60084e-09, 4.72539, 0.970532, 1.73447e-05, 270.839
2923, 0.00209228, 0.000689747, 4.35864e-05, 0, 2.74204e-10, 5.44598e-10, 0, 0, 0.000733333, 3.63024e-08, 5.66907e-10, 6.1695, 0.970539, 1.73257e-05, 271.233
2924, 0.00434551, 0.000678516, 5.02047e-05, 0, 6.41723e-10, 1.25096e-09, 0, 0, 0.000728723, 7.50674e-08, 1.3861e-09, 5.43861, 0.970544, 1.73093e-05, 271.072
2925, 0.0176211, 0.000622981, 7.40241e-05, 0, 3.26083e-09, 6.26172e-09, 0, 0, 0.000697015, 3.04167e-07, 7.63313e-09, 4.03866, 0.97055, 1.72899e-05, 270.342
2926, 0.0432942, 0.000550845, 9.85305e-05, 0, 9.40656e-09, 1.78751e-08, 0, 0, 0.000649402, 7.46699e-07, 2.35153e-08, 3.13974, 0.970556, 1.72665e-05, 269.228
2927, 0.0683448, 0.0005008, 0.000111485, 0, 1.67268e-08, 3.15464e-08, 0, 0, 0.000612333, 1.17733e-06, 4.40667e-08, 2.68319, 0.970562, 1.72379e-05, 268.298
2928, 0.0781498, 0.000488762, 0.000113823, 0, 2.04438e-08, 3.84107e-08, 0, 0, 0.000602644, 1.34463e-06, 5.55634e-08, 2.54913, 0.970568, 1.72101e-05, 267.998
2929, 0.0703429, 0.000507278, 0.000110795, 0, 1.84024e-08, 3.46321e-08, 0, 0, 0.000618126, 1.20944e-06, 5.0245e-08, 2.65437, 0.970574, 1.71923e-05, 268.302
2930, 0.0649782, 0.000520758, 0.000108809, 0, 1.71011e-08, 3.2194e-08, 0, 0, 0.000629616, 1.11624e-06, 4.70339e-08, 2.7337, 0.97058, 1.71789e-05, 268.506
2931, 0.0801366, 0.000500924, 0.000111762, 0, 2.29733e-08, 4.28813e-08, 0, 0, 0.000612752, 1.37517e-06, 6.53136e-08, 2.52402, 0.970586, 1.71631e-05, 268.041
2932, 0.0896658, 0.000489348, 0.000113753, 0, 2.64564e-08, 4.91948e-08, 0, 0, 0.000603177, 1.53731e-06, 7.58487e-08, 2.41167, 0.970592, 1.7143e-05, 267.745
2933, 0.0786413, 0.000508683, 0.000112, 0, 2.21071e-08, 4.12203e-08, 0, 0, 0.000620747, 1.34639e-06, 6.20785e-08, 2.54286, 0.970598, 1.71175e-05, 268.098
2934, 0.0730678, 0.00051858, 0.000111912, 0, 1.97362e-08, 3.69402e-08, 0, 0, 0.000630549, 1.24835e-06, 5.44068e-08, 2.61637, 0.970604, 1.70893e-05, 268.262
2935, 0.0790062, 0.000510323, 0.00011439, 0, 2.16966e-08, 4.06413e-08, 0, 0, 0.000624776, 1.34806e-06, 6.01685e-08, 2.53823, 0.97061, 1.70661e-05, 268.06
2936, 0.0793432, 0.000513953, 0.000114039, 0, 2.18922e-08, 4.10281e-08, 0, 0, 0.000628055, 1.35287e-06, 6.08254e-08, 2.53397, 0.970616, 1.70492e-05, 268.071
2937, 0.0613708, 0.000553114, 0.000106324, 0, 1.61043e-08, 3.02737e-08, 0, 0, 0.000659484, 1.04577e-06, 4.39598e-08, 2.79082, 0.970622, 1.70325e-05, 268.722
2938, 0.0342524, 0.000607015, 9.67232e-05, 0, 7.51776e-09, 1.43045e-08, 0, 0, 0.000703761, 5.83134e-07, 1.93128e-08, 3.374, 0.970628, 1.70139e-05, 269.617
2939, 0.0229993, 0.000624374, 9.66765e-05, 0, 3.718e-09, 7.31159e-09, 0, 0, 0.000721061, 3.90772e-07, 8.34867e-09, 3.77229, 0.970634, 1.69938e-05, 269.911
2940, 0.0311014, 0.000604458, 0.000104045, 0, 5.51146e-09, 1.08824e-08, 0, 0, 0.000708519, 5.27551e-07, 1.27348e-08, 3.4705, 0.97064, 1.69735e-05, 269.584
2941, 0.0429238, 0.000580151, 0.000111179, 0, 8.43735e-09, 1.6531e-08, 0, 0, 0.000691355, 7.27565e-07, 2.02108e-08, 3.14833, 0.970646, 1.69533e-05, 269.154
2942, 0.0381206, 0.000596643, 0.000107401, 0, 7.29395e-09, 1.42987e-08, 0, 0, 0.000704065, 6.45823e-07, 1.72635e-08, 3.267, 0.970652, 1.69332e-05, 269.358
2943, 0.0230682, 0.000644732, 9.34643e-05, 0, 3.90115e-09, 7.71232e-09, 0, 0, 0.000738208, 3.90358e-07, 8.77848e-09, 3.7693, 0.970658, 1.69118e-05, 269.996
2944, 0.022571, 0.000651591, 9.20234e-05, 0, 3.84523e-09, 7.59055e-09, 0, 0, 0.000743625, 3.80798e-07, 8.58175e-09, 3.79109, 0.970664, 1.68878e-05, 270.038
2945, 0.0371508, 0.000611821, 0.000105444, 0, 6.87733e-09, 1.34911e-08, 0, 0, 0.000717285, 6.26046e-07, 1.57154e-08, 3.29277, 0.97067, 1.68636e-05, 269.435
2946, 0.0391479, 0.000614458, 0.000104344, 0, 7.21908e-09, 1.41673e-08, 0, 0, 0.000718823, 6.59478e-07, 1.64123e-08, 3.24041, 0.970676, 1.68433e-05, 269.401
2947, 0.0251494, 0.000668836, 8.6298e-05, 0, 4.48044e-09, 8.81048e-09, 0, 0, 0.000755148, 4.23332e-07, 1.01262e-08, 3.68292, 0.970682, 1.68269e-05, 270.069
2948, 0.0259491, 0.000672837, 8.57142e-05, 0, 5.26862e-09, 1.02202e-08, 0, 0, 0.000758567, 4.35776e-07, 1.29125e-08, 3.65162, 0.970688, 1.68099e-05, 270.07
2949, 0.0510957, 0.00060508, 0.000107186, 0, 1.18131e-08, 2.2636e-08, 0, 0, 0.000712301, 8.57024e-07, 3.05417e-08, 2.97405, 0.970694, 1.67889e-05, 269.067
2950, 0.07643, 0.0005471, 0.000122892, 0, 1.88667e-08, 3.58923e-08, 0, 0, 0.000670046, 1.28098e-06, 5.018e-08, 2.57138, 0.9707, 1.67666e-05, 268.096
2951, 0.0822886, 0.000536985, 0.000126116, 0, 2.06223e-08, 3.9133e-08, 0, 0, 0.000663161, 1.37819e-06, 5.53316e-08, 2.49752, 0.970706, 1.67471e-05, 267.879
2952, 0.0650929, 0.000575298, 0.000119212, 0, 1.53253e-08, 2.92011e-08, 0, 0, 0.000694554, 1.08952e-06, 4.01353e-08, 2.73194, 0.970712, 1.67291e-05, 268.495
2953, 0.0352519, 0.000651758, 0.000100898, 0, 7.29442e-09, 1.40257e-08, 0, 0, 0.000752677, 5.89706e-07, 1.81287e-08, 3.34524, 0.970718, 1.67094e-05, 269.623
2954, 0.0142841, 0.000712082, 8.54205e-05, 0, 2.3965e-09, 4.67639e-09, 0, 0, 0.00079751, 2.38635e-07, 5.5472e-09, 4.24861, 0.970724, 1.66881e-05, 270.423
2955, 0.015467, 0.000708273, 8.8843e-05, 0, 2.75088e-09, 5.37342e-09, 0, 0, 0.000797124, 2.57513e-07, 6.67122e-09, 4.16905, 0.97073, 1.66676e-05, 270.349
2956, 0.0368516, 0.000653399, 0.000105285, 0, 8.12833e-09, 1.56799e-08, 0, 0, 0.000758708, 6.12885e-07, 2.10659e-08, 3.30086, 0.970736, 1.66478e-05, 269.544
2957, 0.0587383, 0.000602668, 0.000119095, 0, 1.38793e-08, 2.66869e-08, 0, 0, 0.000721803, 9.76378e-07, 3.66617e-08, 2.83466, 0.970742, 1.66278e-05, 268.736
2958, 0.0606651, 0.000596071, 0.000123345, 0, 1.40231e-08, 2.71033e-08, 0, 0, 0.000719457, 1.00762e-06, 3.66905e-08, 2.80239, 0.970748, 1.66074e-05, 268.622
2959, 0.0549052, 0.000606321, 0.000123905, 0, 1.19632e-08, 2.33627e-08, 0, 0, 0.000730261, 9.10574e-07, 3.06029e-08, 2.90215, 0.970754, 1.65831e-05, 268.778
2960, 0.0562795, 0.000605383, 0.000125216, 0, 1.22107e-08, 2.38585e-08, 0, 0, 0.000730635, 9.31611e-07, 3.12754e-08, 2.87743, 0.97076, 1.65566e-05, 268.719
2961, 0.0621068, 0.000595956, 0.000127719, 0, 1.38431e-08, 2.6827e-08, 0, 0, 0.000723715, 1.02691e-06, 3.59108e-08, 2.7789, 0.970766, 1.65377e-05, 268.512
2962, 0.0628819, 0.000595695, 0.000129106, 0, 1.40165e-08, 2.70621e-08, 0, 0, 0.000724841, 1.03907e-06, 3.64172e-08, 2.7665, 0.970772, 1.65241e-05, 268.47
2963, 0.0635123, 0.000600158, 0.000128457, 0, 1.48047e-08, 2.84712e-08, 0, 0, 0.000728658, 1.04827e-06, 3.9497e-08, 2.75652, 0.970778, 1.65073e-05, 268.482
2964, 0.0784876, 0.000581937, 0.000129717, 0, 2.07531e-08, 3.95083e-08, 0, 0, 0.000711715, 1.2937e-06, 5.85104e-08, 2.54482, 0.970784, 1.6488e-05, 268.068
2965, 0.0899909, 0.000567036, 0.000131549, 0, 2.50608e-08, 4.75048e-08, 0, 0, 0.000698656, 1.48205e-06, 7.19729e-08, 2.40805, 0.97079, 1.6469e-05, 267.729
2966, 0.0765209, 0.00059148, 0.000130167, 0, 2.01029e-08, 3.82734e-08, 0, 0, 0.000721706, 1.25925e-06, 5.64251e-08, 2.57019, 0.970796, 1.64501e-05, 268.144
2967, 0.0506448, 0.000642572, 0.000123614, 0, 1.13409e-08, 2.18842e-08, 0, 0, 0.000766219, 8.32666e-07, 2.9833e-08, 2.98292, 0.970802, 1.64304e-05, 268.968
2968, 0.0273561, 0.000702891, 0.00011061, 0, 4.88784e-09, 9.62643e-09, 0, 0, 0.000813515, 4.49345e-07, 1.16927e-08, 3.59882, 0.970808, 1.6408e-05, 269.799
2969, 0.0122591, 0.00075461, 9.62694e-05, 0, 1.56681e-09, 3.18111e-09, 0, 0, 0.000850884, 2.01115e-07, 3.25564e-09, 4.40148, 0.970814, 1.63802e-05, 270.409
2970, 0.00523274, 0.000791421, 8.3867e-05, 0, 4.16958e-10, 8.86013e-10, 0, 0, 0.00087529, 8.56857e-08, 6.69696e-10, 5.25282, 0.97082, 1.63526e-05, 270.771
2971, 0.00252811, 0.000817381, 7.40029e-05, 0, 1.47244e-10, 3.20771e-10, 0, 0, 0.000891384, 4.13094e-08, 1.83222e-10, 5.98028, 0.970826, 1.63358e-05, 270.981
2972, 0.00335237, 0.000815695, 7.64595e-05, 0, 2.23204e-10, 4.75652e-10, 0, 0, 0.000892155, 5.46801e-08, 2.95431e-10, 5.69809, 0.970832, 1.63241e-05, 270.929
2973, 0.00604949, 0.000793339, 8.88261e-05, 0, 4.2616e-10, 9.07232e-10, 0, 0, 0.000882166, 9.8625e-08, 5.80069e-10, 5.10778, 0.970838, 1.63095e-05, 270.693
2974, 0.00757371, 0.00078609, 9.39198e-05, 0, 5.82641e-10, 1.24465e-09, 0, 0, 0.000880012, 1.23364e-07, 8.44602e-10, 4.88307, 0.970844, 1.6293e-05, 270.59
2975, 0.0103428, 0.000780308, 9.71193e-05, 0, 1.02437e-09, 2.15355e-09, 0, 0, 0.00087743, 1.6821e-07, 1.78121e-09, 4.57147, 0.97085, 1.62744e-05, 270.48
2976, 0.0179129, 0.000756965, 0.000105998, 0, 2.49012e-09, 5.06664e-09, 0, 0, 0.000862971, 2.90924e-07, 5.26805e-09, 4.02223, 0.970856, 1.62547e-05, 270.164
2977, 0.0305084, 0.000723497, 0.000116217, 0, 5.13822e-09, 1.02938e-08, 0, 0, 0.00083973, 4.95063e-07, 1.17538e-08, 3.48975, 0.970862, 1.62349e-05, 269.687
2978, 0.0333036, 0.00072052, 0.000117818, 0, 5.77823e-09, 1.1557e-08, 0, 0, 0.000838355, 5.40169e-07, 1.33562e-08, 3.40209, 0.970868, 1.62135e-05, 269.597
2979, 0.0209852, 0.000760677, 0.000108257, 0, 3.28636e-09, 6.62348e-09, 0, 0, 0.000868944, 3.40108e-07, 7.34799e-09, 3.86394, 0.970874, 1.61913e-05, 270.072
2980, 0.0141577, 0.000779042, 0.000106029, 0, 1.75694e-09, 3.60363e-09, 0, 0, 0.000885076, 2.28967e-07, 3.55885e-09, 4.2575, 0.97088, 1.61719e-05, 270.284
2981, 0.0203208, 0.000755872, 0.000115841, 0, 3.00475e-09, 6.02611e-09, 0, 0, 0.000871721, 3.28024e-07, 6.7666e-09, 3.89611, 0.970886, 1.61545e-05, 269.989
2982, 0.0368661, 0.000715496, 0.000126648, 0, 7.24213e-09, 1.41885e-08, 0, 0, 0.000842165, 5.94425e-07, 1.83607e-08, 3.30046, 0.970892, 1.6136e-05, 269.404
2983, 0.0554159, 0.000677087, 0.000134735, 0, 1.21466e-08, 2.36583e-08, 0, 0, 0.000811858, 8.92835e-07, 3.18806e-08, 2.89289, 0.970898, 1.61169e-05, 268.789
2984, 0.0642469, 0.000659051, 0.00013953, 0, 1.4375e-08, 2.80166e-08, 0, 0, 0.000798623, 1.03415e-06, 3.80162e-08, 2.74502, 0.970904, 1.60982e-05, 268.478
2985, 0.0704298, 0.000647459, 0.000142978, 0, 1.62045e-08, 3.1565e-08, 0, 0, 0.000790485, 1.13232e-06, 4.35587e-08, 2.65314, 0.97091, 1.60793e-05, 268.26
2986, 0.0758695, 0.000639484, 0.000145209, 0, 1.81514e-08, 3.52833e-08, 0, 0, 0.000784746, 1.21827e-06, 4.98236e-08, 2.57874, 0.970916, 1.60589e-05, 268.087
2987, 0.0808612, 0.00063557, 0.000145799, 0, 2.02359e-08, 3.92219e-08, 0, 0, 0.000781429, 1.29669e-06, 5.66645e-08, 2.51502, 0.970922, 1.60378e-05, 267.959
2988, 0.086873, 0.000632246, 0.000145413, 0, 2.29167e-08, 4.42677e-08, 0, 0, 0.000777726, 1.39133e-06, 6.5488e-08, 2.44331, 0.970928, 1.60173e-05, 267.823
2989, 0.0947386, 0.000625459, 0.000145354, 0, 2.63375e-08, 5.07052e-08, 0, 0, 0.000770889, 1.51543e-06, 7.68475e-08, 2.35663, 0.970934, 1.59978e-05, 267.627
2990, 0.0997921, 0.000621571, 0.00014579, 0, 2.83707e-08, 5.4573e-08, 0, 0, 0.000767444, 1.59468e-06, 8.35138e-08, 2.30467, 0.97094, 1.5979e-05, 267.496
2991, 0.0871519, 0.000645982, 0.000144878, 0, 2.3478e-08, 4.54456e-08, 0, 0, 0.000790928, 1.39143e-06, 6.76881e-08, 2.4401, 0.970946, 1.596e-05, 267.88
2992, 0.0677564, 0.000682098, 0.000142982, 0, 1.60985e-08, 3.1628e-08, 0, 0, 0.000825128, 1.0805e-06, 4.39696e-08, 2.69184, 0.970952, 1.59418e-05, 268.448
2993, 0.0595791, 0.000699639, 0.000141982, 0, 1.29172e-08, 2.56575e-08, 0, 0, 0.00084166, 9.4883e-07, 3.37965e-08, 2.82045, 0.970958, 1.5924e-05, 268.681
2994, 0.0583286, 0.000703983, 0.000142407, 0, 1.22176e-08, 2.42868e-08, 0, 0, 0.000846426, 9.27761e-07, 3.15474e-08, 2.84166, 0.970964, 1.59052e-05, 268.701
2995, 0.0557584, 0.000714585, 0.000140935, 0, 1.13689e-08, 2.26252e-08, 0, 0, 0.000855554, 8.85897e-07, 2.89186e-08, 2.88673, 0.97097, 1.58863e-05, 268.798
2996, 0.0445127, 0.000756508, 0.000129981, 0, 8.64423e-09, 1.73002e-08, 0, 0, 0.000886514, 7.06594e-07, 2.14111e-08, 3.11198, 0.970976, 1.58676e-05, 269.269
2997, 0.0317587, 0.000798775, 0.00012002, 0, 5.42655e-09, 1.10187e-08, 0, 0, 0.000918811, 5.03457e-07, 1.26214e-08, 3.44959, 0.970982, 1.58491e-05, 269.746
2998, 0.0329983, 0.000794947, 0.000123552, 0, 5.5989e-09, 1.14127e-08, 0, 0, 0.000918516, 5.22003e-07, 1.29984e-08, 3.4113, 0.970988, 1.58291e-05, 269.676
2999, 0.0493004, 0.00075775, 0.00013274, 0, 1.03794e-08, 2.07108e-08, 0, 0, 0.000890521, 7.78268e-07, 2.68331e-08, 3.00982, 0.970992, 1.58046e-05, 269.143
3000, 0.0756824, 0.000699606, 0.000144816, 0, 1.85917e-08, 3.65228e-08, 0, 0, 0.000844477, 1.19339e-06, 5.11932e-08, 2.58121, 0.970989, 1.578e-05, 268.28
3001, 0.0940997, 0.00066136, 0.000152635, 0, 2.47344e-08, 4.82124e-08, 0, 0, 0.000814068, 1.4832e-06, 6.99367e-08, 2.3634, 0.970977, 1.57645e-05, 267.666
3002, 0.0919675, 0.000668139, 0.000153124, 0, 2.41851e-08, 4.70917e-08, 0, 0, 0.000821334, 1.44893e-06, 6.83747e-08, 2.38632, 0.97096, 1.5752e-05, 267.735
3003, 0.0741008, 0.000705936, 0.000149862, 0, 1.79873e-08, 3.52702e-08, 0, 0, 0.000855851, 1.16642e-06, 4.91349e-08, 2.60233, 0.97094, 1.5735e-05, 268.287
3004, 0.055128, 0.000752568, 0.000142872, 0, 1.18597e-08, 2.35139e-08, 0, 0, 0.000895475, 8.66721e-07, 3.05508e-08, 2.8981, 0.97092, 1.57149e-05, 268.905
3005, 0.0355331, 0.000814614, 0.000128685, 0, 6.9952e-09, 1.39697e-08, 0, 0, 0.00094332, 5.58052e-07, 1.72573e-08, 3.33729, 0.9709, 1.56951e-05, 269.628
3006, 0.022472, 0.000856257, 0.000120053, 0, 3.94478e-09, 7.94142e-09, 0, 0, 0.000976322, 3.52331e-07, 9.23017e-09, 3.79549, 0.97088, 1.56752e-05, 270.087
3007, 0.0236554, 0.000847143, 0.000126175, 0, 3.78777e-09, 7.66754e-09, 0, 0, 0.000973329, 3.70251e-07, 8.4088e-09, 3.74417, 0.97086, 1.5651e-05, 269.976
3008, 0.0271737, 0.00083096, 0.00013395, 0, 4.2701e-09, 8.59525e-09, 0, 0, 0.000964922, 4.24794e-07, 9.4702e-09, 3.6055, 0.97084, 1.56266e-05, 269.779
3009, 0.0373446, 0.000806581, 0.000140418, 0, 7.14322e-09, 1.40085e-08, 0, 0, 0.00094702, 5.82869e-07, 1.76734e-08, 3.28757, 0.97082, 1.56112e-05, 269.43
3010, 0.063197, 0.000750294, 0.000150659, 0, 1.50908e-08, 2.90693e-08, 0, 0, 0.000900997, 9.85383e-07, 4.07545e-08, 2.7615, 0.9708, 1.55995e-05, 268.612
3011, 0.0870071, 0.000699987, 0.0001597, 0, 2.29167e-08, 4.38584e-08, 0, 0, 0.000859754, 1.35572e-06, 6.40144e-08, 2.44177, 0.97078, 1.55845e-05, 267.842
3012, 0.0886398, 0.000697593, 0.000162147, 0, 2.37019e-08, 4.53013e-08, 0, 0, 0.000859809, 1.38011e-06, 6.65591e-08, 2.42317, 0.97076, 1.55672e-05, 267.779
3013, 0.0718046, 0.000732609, 0.000160356, 0, 1.80284e-08, 3.4598e-08, 0, 0, 0.000893018, 1.11687e-06, 4.94853e-08, 2.63381, 0.97074, 1.55487e-05, 268.285
3014, 0.060413, 0.000758064, 0.000158888, 0, 1.38707e-08, 2.68064e-08, 0, 0, 0.000916993, 9.38202e-07, 3.6561e-08, 2.80655, 0.97072, 1.55297e-05, 268.621
3015, 0.0681071, 0.00074504, 0.000161288, 0, 1.59012e-08, 3.06588e-08, 0, 0, 0.000906375, 1.05615e-06, 4.1851e-08, 2.68667, 0.9707, 1.55104e-05, 268.381
3016, 0.0704165, 0.000743681, 0.000162023, 0, 1.62881e-08, 3.13471e-08, 0, 0, 0.000905751, 1.09104e-06, 4.25868e-08, 2.65333, 0.97068, 1.54905e-05, 268.307
3017, 0.0488788, 0.00080887, 0.000148323, 0, 1.01952e-08, 1.97151e-08, 0, 0, 0.000957222, 7.56808e-07, 2.55878e-08, 3.01841, 0.97066, 1.54707e-05, 269.079
3018, 0.0234744, 0.000893937, 0.000127921, 0, 3.92449e-09, 7.68974e-09, 0, 0, 0.00102187, 3.63066e-07, 9.02189e-09, 3.75185, 0.97064, 1.54518e-05, 270.011
3019, 0.0158777, 0.000913536, 0.000127065, 0, 1.89052e-09, 3.81823e-09, 0, 0, 0.00104061, 2.4496e-07, 3.59856e-09, 4.14284, 0.97062, 1.54322e-05, 270.225
3020, 0.0193183, 0.000895633, 0.000136143, 0, 2.14586e-09, 4.39304e-09, 0, 0, 0.00103178, 2.97671e-07, 3.77703e-09, 3.9467, 0.9706, 1.54134e-05, 270.031
3021, 0.0181494, 0.000915685, 0.000128577, 0, 2.01136e-09, 4.12186e-09, 0, 0, 0.00104427, 2.79508e-07, 3.52728e-09, 4.00912, 0.97058, 1.53962e-05, 270.151
3022, 0.0159775, 0.000953511, 0.000112303, 0, 2.2773e-09, 4.51132e-09, 0, 0, 0.00106582, 2.45631e-07, 4.77831e-09, 4.13657, 0.97056, 1.53777e-05, 270.4
3023, 0.0308091, 0.000913908, 0.000122854, 0, 6.46956e-09, 1.23699e-08, 0, 0, 0.00103678, 4.72613e-07, 1.60439e-08, 3.47994, 0.97054, 1.53583e-05, 269.913
3024, 0.0639594, 0.00080425, 0.000154508, 0, 1.5482e-08, 2.92813e-08, 0, 0, 0.000958803, 9.80385e-07, 4.04715e-08, 2.74951, 0.97052, 1.53395e-05, 268.657
3025, 0.0891624, 0.000733179, 0.000172299, 0, 2.30983e-08, 4.34367e-08, 0, 0, 0.000905545, 1.36574e-06, 6.20448e-08, 2.4173, 0.9705, 1.53202e-05, 267.729
3026, 0.0883268, 0.000737771, 0.000173272, 0, 2.30367e-08, 4.32647e-08, 0, 0, 0.000911109, 1.35165e-06, 6.20863e-08, 2.42671, 0.97048, 1.52993e-05, 267.758
3027, 0.0750102, 0.000773192, 0.00016922, 0, 1.89564e-08, 3.56528e-08, 0, 0, 0.000942466, 1.14621e-06, 5.04773e-08, 2.59013, 0.97046, 1.52782e-05, 268.206
3028, 0.0758828, 0.000773942, 0.000170532, 0, 1.95081e-08, 3.66107e-08, 0, 0, 0.00094453, 1.15768e-06, 5.23086e-08, 2.57856, 0.97044, 1.52585e-05, 268.175
3029, 0.0793848, 0.00076518, 0.000174475, 0, 2.05838e-08, 3.85937e-08, 0, 0, 0.000939714, 1.20983e-06, 5.53683e-08, 2.53345, 0.97042, 1.52388e-05, 268.034
3030, 0.0691723, 0.000788577, 0.000173881, 0, 1.67055e-08, 3.14952e-08, 0, 0, 0.000962506, 1.05292e-06, 4.35663e-08, 2.67115, 0.9704, 1.52169e-05, 268.334
3031, 0.0545623, 0.000836094, 0.000164559, 0, 1.20153e-08, 2.28265e-08, 0, 0, 0.00100069, 8.29432e-07, 2.99095e-08, 2.90841, 0.97038, 1.51921e-05, 268.861
3032, 0.0358352, 0.00090727, 0.000146782, 0, 7.29161e-09, 1.39232e-08, 0, 0, 0.00105407, 5.43938e-07, 1.74793e-08, 3.32883, 0.97036, 1.51645e-05, 269.592
3033, 0.0304011, 0.00092365, 0.000145636, 0, 5.70311e-09, 1.08862e-08, 0, 0, 0.0010693, 4.59773e-07, 1.31287e-08, 3.49328, 0.97034, 1.51337e-05, 269.748
3034, 0.042852, 0.000873917, 0.000162753, 0, 8.26438e-09, 1.56867e-08, 0, 0, 0.00103669, 6.46591e-07, 1.91547e-08, 3.15, 0.97032, 1.50967e-05, 269.21
3035, 0.0421159, 0.000878603, 0.000163655, 0, 8.07678e-09, 1.5319e-08, 0, 0, 0.00104228, 6.34791e-07, 1.8735e-08, 3.16733, 0.9703, 1.50452e-05, 269.229
3036, 0.0234824, 0.000958468, 0.000141404, 0, 3.99793e-09, 7.6271e-09, 0, 0, 0.00109988, 3.53072e-07, 8.95487e-09, 3.7515, 0.97028, 1.49579e-05, 269.99
3037, 0.0102963, 0.00102516, 0.000120825, 0, 1.28159e-09, 2.48887e-09, 0, 0, 0.00114599, 1.51244e-07, 2.55542e-09, 4.57597, 0.97026, 1.47709e-05, 270.559
3038, 0.012407, 0.00101453, 0.000127281, 0, 1.40776e-09, 2.74721e-09, 0, 0, 0.00114181, 1.71611e-07, 2.61993e-09, 4.38949, 0.97024, 1.44144e-05, 270.439
3039, 0.0231051, 0.0009604, 0.00014867, 0, 2.95617e-09, 5.72187e-09, 0, 0, 0.00110908, 3.18026e-07, 5.73114e-09, 3.7677, 0.97022, 1.41133e-05, 269.927
3040, 0.0284842, 0.000947681, 0.000152806, 0, 4.16871e-09, 7.98118e-09, 0, 0, 0.0011005, 4.00801e-07, 8.60494e-09, 3.55841, 0.9702, 1.42413e-05, 269.745
3041, 0.0367577, 0.000935661, 0.000153706, 0, 6.98412e-09, 1.3114e-08, 0, 0, 0.00108939, 5.36933e-07, 1.61751e-08, 3.30341, 0.97018, 1.45843e-05, 269.525
3042, 0.0582448, 0.000864474, 0.000173519, 0, 1.29079e-08, 2.40277e-08, 0, 0, 0.00103803, 8.64165e-07, 3.16136e-08, 2.8431, 0.97016, 1.4793e-05, 268.723
3043, 0.070823, 0.000819129, 0.0001884, 0, 1.62667e-08, 3.02709e-08, 0, 0, 0.00100758, 1.0541e-06, 4.03691e-08, 2.64757, 0.97014, 1.48741e-05, 268.205
3044, 0.0603743, 0.000851795, 0.000184493, 0, 1.34161e-08, 2.50845e-08, 0, 0, 0.00103633, 8.99664e-07, 3.29415e-08, 2.80719, 0.97012, 1.49031e-05, 268.571
3045, 0.0405518, 0.000918374, 0.000171711, 0, 8.1196e-09, 1.53095e-08, 0, 0, 0.00109011, 6.04593e-07, 1.91693e-08, 3.20518, 0.9701, 1.49097e-05, 269.282
3046, 0.0373612, 0.000933081, 0.000169386, 0, 7.12636e-09, 1.33954e-08, 0, 0, 0.00110249, 5.56938e-07, 1.62794e-08, 3.28712, 0.97008, 1.49051e-05, 269.392
3047, 0.0451825, 0.000910245, 0.000176058, 0, 9.02945e-09, 1.68321e-08, 0, 0, 0.00108633, 6.73321e-07, 2.08211e-08, 3.09704, 0.97006, 1.48934e-05, 269.102
3048, 0.0361728, 0.000944432, 0.000169868, 0, 6.97016e-09, 1.29935e-08, 0, 0, 0.00111432, 5.38869e-07, 1.5907e-08, 3.31945, 0.97004, 1.48768e-05, 269.43
3049, 0.0218578, 0.000989611, 0.000163471, 0, 3.36213e-09, 6.35334e-09, 0, 0, 0.00115309, 3.2529e-07, 7.07003e-09, 3.8232, 0.97002, 1.48659e-05, 269.894
3050, 0.0208912, 0.000985267, 0.000169596, 0, 2.59125e-09, 4.99516e-09, 0, 0, 0.00115487, 3.1049e-07, 4.76534e-09, 3.86843, 0.97, 1.48599e-05, 269.854
3051, 0.0199461, 0.0010095, 0.000159687, 0, 2.43626e-09, 4.71097e-09, 0, 0, 0.0011692, 2.963e-07, 4.37124e-09, 3.91472, 0.96998, 1.48491e-05, 269.982
3052, 0.0115345, 0.00107269, 0.000136976, 0, 1.25332e-09, 2.44083e-09, 0, 0, 0.00120967, 1.71258e-07, 2.15782e-09, 4.46242, 0.96996, 1.48328e-05, 270.445
3053, 0.00582017, 0.00110101, 0.000131171, 0, 4.02585e-10, 8.08185e-10, 0, 0, 0.00123218, 8.62984e-08, 5.67465e-10, 5.14643, 0.96994, 1.48145e-05, 270.669
3054, 0.00429195, 0.00111866, 0.00012589, 0, 2.0079e-10, 4.15837e-10, 0, 0, 0.00124455, 6.35354e-08, 2.0381e-10, 5.45101, 0.96992, 1.47984e-05, 270.761
3055, 0.00553267, 0.00111524, 0.000129177, 0, 3.40232e-10, 6.81507e-10, 0, 0, 0.00124442, 8.173e-08, 4.35274e-10, 5.19708, 0.9699, 1.47832e-05, 270.696
3056, 0.011085, 0.00106507, 0.000154554, 0, 1.16684e-09, 2.23285e-09, 0, 0, 0.00121963, 1.63441e-07, 2.14018e-09, 4.50216, 0.96988, 1.476e-05, 270.32
3057, 0.0249972, 0.00100262, 0.000177068, 0, 4.51278e-09, 8.31556e-09, 0, 0, 0.0011797, 3.68126e-07, 1.03871e-08, 3.68899, 0.96986, 1.47318e-05, 269.742
3058, 0.0541245, 0.000918889, 0.000193425, 0, 1.29744e-08, 2.3481e-08, 0, 0, 0.00111235, 7.9678e-07, 3.2617e-08, 2.91647, 0.96984, 1.47185e-05, 268.773
3059, 0.0847577, 0.000838854, 0.000205805, 0, 2.25968e-08, 4.05796e-08, 0, 0, 0.00104472, 1.24727e-06, 5.87124e-08, 2.46796, 0.96982, 1.47146e-05, 267.751
3060, 0.0887031, 0.000829956, 0.000208914, 0, 2.37267e-08, 4.25467e-08, 0, 0, 0.00103894, 1.30461e-06, 6.16849e-08, 2.42246, 0.9698, 1.47035e-05, 267.604
3061, 0.0639563, 0.000899522, 0.00020118, 0, 1.55188e-08, 2.79768e-08, 0, 0, 0.00110074, 9.39952e-07, 3.89799e-08, 2.74956, 0.96978, 1.46847e-05, 268.424
3062, 0.0372333, 0.000983029, 0.000188141, 0, 7.1549e-09, 1.31004e-08, 0, 0, 0.00117119, 5.46335e-07, 1.6379e-08, 3.29055, 0.96976, 1.46577e-05, 269.315
3063, 0.0295471, 0.00100781, 0.000185834, 0, 4.50389e-09, 8.40196e-09, 0, 0, 0.00119366, 4.32319e-07, 9.06544e-09, 3.52177, 0.96974, 1.46308e-05, 269.546
3064, 0.0372732, 0.000977807, 0.000196385, 0, 6.21343e-09, 1.15115e-08, 0, 0, 0.00117421, 5.44681e-07, 1.2983e-08, 3.28948, 0.96972, 1.46184e-05, 269.23
3065, 0.0488282, 0.000944473, 0.000204428, 0, 9.41268e-09, 1.72331e-08, 0, 0, 0.00114893, 7.13222e-07, 2.09958e-08, 3.01945, 0.9697, 1.46118e-05, 268.832
3066, 0.0495475, 0.000958107, 0.000198937, 0, 9.95588e-09, 1.81403e-08, 0, 0, 0.00115707, 7.23405e-07, 2.25946e-08, 3.00482, 0.96968, 1.46006e-05, 268.878
3067, 0.041379, 0.000997348, 0.000189574, 0, 7.88802e-09, 1.43872e-08, 0, 0, 0.00118694, 6.03574e-07, 1.74801e-08, 3.18498, 0.96966, 1.45867e-05, 269.208
3068, 0.0419797, 0.000992801, 0.000194438, 0, 7.81636e-09, 1.42722e-08, 0, 0, 0.00118726, 6.11589e-07, 1.70197e-08, 3.17057, 0.96964, 1.45699e-05, 269.15
3069, 0.03721, 0.00101486, 0.00019139, 0, 6.77611e-09, 1.24054e-08, 0, 0, 0.00120627, 5.41746e-07, 1.46286e-08, 3.29118, 0.96962, 1.45511e-05, 269.333
3070, 0.0246118, 0.00107068, 0.000178744, 0, 3.8021e-09, 7.05294e-09, 0, 0, 0.00124944, 3.57949e-07, 7.67705e-09, 3.70453, 0.9696, 1.45329e-05, 269.816
3071, 0.0215714, 0.00107938, 0.000180505, 0, 2.68186e-09, 5.07347e-09, 0, 0, 0.0012599, 3.13225e-07, 4.71998e-09, 3.83639, 0.96958, 1.45178e-05, 269.883
3072, 0.0210714, 0.00109492, 0.000175294, 0, 2.63188e-09, 4.9597e-09, 0, 0, 0.00127022, 3.05654e-07, 4.61416e-09, 3.85984, 0.96956, 1.45025e-05, 269.947
3073, 0.0234781, 0.00110835, 0.000167722, 0, 3.76122e-09, 6.88775e-09, 0, 0, 0.00127608, 3.3992e-07, 7.71179e-09, 3.75169, 0.96954, 1.44851e-05, 269.956
3074, 0.0441588, 0.00102535, 0.000191823, 0, 9.18928e-09, 1.64979e-08, 0, 0, 0.0012172, 6.38436e-07, 2.11186e-08, 3.11996, 0.96952, 1.44684e-05, 269.16
3075, 0.0732684, 0.000915823, 0.000220647, 0, 1.76104e-08, 3.13079e-08, 0, 0, 0.00113652, 1.05851e-06, 4.29243e-08, 2.61363, 0.9695, 1.44529e-05, 268.041
3076, 0.0922237, 0.000862084, 0.000230803, 0, 2.42679e-08, 4.28327e-08, 0, 0, 0.00109295, 1.33117e-06, 6.14201e-08, 2.38354, 0.96948, 1.44364e-05, 267.38
3077, 0.0968296, 0.000853708, 0.000232865, 0, 2.6085e-08, 4.59204e-08, 0, 0, 0.00108664, 1.39612e-06, 6.66087e-08, 2.3348, 0.96946, 1.44181e-05, 267.229
3078, 0.0903407, 0.000872803, 0.000233085, 0, 2.36058e-08, 4.16345e-08, 0, 0, 0.00110595, 1.30098e-06, 5.94732e-08, 2.40417, 0.96944, 1.43988e-05, 267.436
3079, 0.0714831, 0.000929549, 0.000227713, 0, 1.71696e-08, 3.04645e-08, 0, 0, 0.00115731, 1.02836e-06, 4.18942e-08, 2.63829, 0.96942, 1.43813e-05, 268.071
3080, 0.0430487, 0.0010416, 0.000203321, 0, 8.71316e-09, 1.56443e-08, 0, 0, 0.00124495, 6.18866e-07, 1.99002e-08, 3.14542, 0.9694, 1.43671e-05, 269.136
3081, 0.019632, 0.00117562, 0.000160366, 0, 3.06029e-09, 5.59095e-09, 0, 0, 0.00133599, 2.82018e-07, 6.22792e-09, 3.9306, 0.96938, 1.43529e-05, 270.172
3082, 0.0134804, 0.00121114, 0.000151358, 0, 1.59801e-09, 2.96981e-09, 0, 0, 0.0013625, 1.93189e-07, 2.76441e-09, 4.30652, 0.96936, 1.43368e-05, 270.417
3083, 0.0224517, 0.00112808, 0.000190198, 0, 2.85566e-09, 5.2783e-09, 0, 0, 0.00131828, 3.21214e-07, 5.05151e-09, 3.79639, 0.96934, 1.43179e-05, 269.839
3084, 0.031255, 0.00106486, 0.000217987, 0, 4.34737e-09, 7.98529e-09, 0, 0, 0.00128286, 4.46618e-07, 7.99987e-09, 3.46558, 0.96932, 1.42914e-05, 269.353
3085, 0.0317577, 0.0010737, 0.000215772, 0, 4.56147e-09, 8.34576e-09, 0, 0, 0.00128949, 4.53055e-07, 8.50396e-09, 3.44962, 0.9693, 1.42554e-05, 269.371
3086, 0.0324193, 0.00109334, 0.000207045, 0, 5.14393e-09, 9.30661e-09, 0, 0, 0.0013004, 4.61913e-07, 1.01413e-08, 3.429, 0.96928, 1.42273e-05, 269.44
3087, 0.0419032, 0.0010621, 0.000215192, 0, 7.63444e-09, 1.36465e-08, 0, 0, 0.00127731, 5.96811e-07, 1.60576e-08, 3.17239, 0.96926, 1.42244e-05, 269.099
3088, 0.0445569, 0.00104997, 0.000221635, 0, 8.22186e-09, 1.46619e-08, 0, 0, 0.00127162, 6.34386e-07, 1.74145e-08, 3.11099, 0.96924, 1.42271e-05, 268.968
3089, 0.033307, 0.00111058, 0.000205723, 0, 5.64527e-09, 1.01005e-08, 0, 0, 0.00131632, 4.73597e-07, 1.15571e-08, 3.40199, 0.96922, 1.4215e-05, 269.443
3090, 0.0328366, 0.00112046, 0.000203879, 0, 5.47724e-09, 9.79037e-09, 0, 0, 0.00132436, 4.65526e-07, 1.10499e-08, 3.41621, 0.9692, 1.41914e-05, 269.476
3091, 0.0431815, 0.00106587, 0.000223803, 0, 7.52907e-09, 1.34202e-08, 0, 0, 0.0012897, 6.11442e-07, 1.53947e-08, 3.14234, 0.96918, 1.417e-05, 269.002
3092, 0.0386533, 0.00108994, 0.000220038, 0, 6.51849e-09, 1.16453e-08, 0, 0, 0.00131, 5.47243e-07, 1.31416e-08, 3.25312, 0.96916, 1.41591e-05, 269.183
3093, 0.0236237, 0.00117134, 0.000198709, 0, 3.44792e-09, 6.21451e-09, 0, 0, 0.00137006, 3.34339e-07, 6.53828e-09, 3.74551, 0.96914, 1.41499e-05, 269.821
3094, 0.018427, 0.00118932, 0.000199336, 0, 2.15422e-09, 3.946e-09, 0, 0, 0.00138866, 2.60462e-07, 3.61203e-09, 3.99394, 0.96912, 1.41359e-05, 269.97
3095, 0.0179124, 0.00119236, 0.00020177, 0, 1.94569e-09, 3.59444e-09, 0, 0, 0.00139414, 2.52963e-07, 3.10301e-09, 4.02226, 0.9691, 1.41205e-05, 269.97
3096, 0.0160817, 0.00121581, 0.000194646, 0, 1.74877e-09, 3.23883e-09, 0, 0, 0.00141046, 2.26831e-07, 2.78927e-09, 4.13007, 0.96908, 1.41045e-05, 270.09
3097, 0.0183921, 0.00120651, 0.000200042, 0, 2.12496e-09, 3.91893e-09, 0, 0, 0.00140656, 2.59077e-07, 3.47855e-09, 3.99584, 0.96906, 1.40857e-05, 269.985
3098, 0.0208823, 0.00120127, 0.000202866, 0, 2.67933e-09, 4.89039e-09, 0, 0, 0.00140414, 2.93815e-07, 4.71614e-09, 3.86885, 0.96904, 1.4064e-05, 269.896
3099, 0.0298508, 0.00116393, 0.000215018, 0, 5.20125e-09, 9.22872e-09, 0, 0, 0.00137896, 4.19288e-07, 1.09928e-08, 3.51154, 0.96902, 1.40468e-05, 269.551
3100, 0.0541489, 0.00106415, 0.000241113, 0, 1.23372e-08, 2.14303e-08, 0, 0, 0.0013053, 7.59744e-07, 2.90626e-08, 2.91602, 0.969, 1.40359e-05, 268.633
3101, 0.078263, 0.000983237, 0.000256383, 0, 1.97412e-08, 3.40083e-08, 0, 0, 0.00123967, 1.09734e-06, 4.80325e-08, 2.54768, 0.96898, 1.40235e-05, 267.772
3102, 0.0753214, 0.00100043, 0.000253599, 0, 1.85285e-08, 3.19163e-08, 0, 0, 0.00125408, 1.05547e-06, 4.46215e-08, 2.58599, 0.96896, 1.4008e-05, 267.889
3103, 0.0478102, 0.00111136, 0.000232824, 0, 1.02349e-08, 1.77493e-08, 0, 0, 0.00134421, 6.69508e-07, 2.34801e-08, 3.04052, 0.96894, 1.39908e-05, 268.906
3104, 0.0226032, 0.00123205, 0.000204212, 0, 3.6064e-09, 6.3594e-09, 0, 0, 0.00143627, 3.16214e-07, 7.39414e-09, 3.78966, 0.96892, 1.3971e-05, 269.881
3105, 0.0105682, 0.00132395, 0.000173339, 0, 1.1616e-09, 2.10546e-09, 0, 0, 0.0014973, 1.47617e-07, 1.93521e-09, 4.5499, 0.9689, 1.39506e-05, 270.475
3106, 0.0103473, 0.00134683, 0.000164058, 0, 1.21783e-09, 2.2006e-09, 0, 0, 0.00151089, 1.44111e-07, 2.01344e-09, 4.57103, 0.96888, 1.39345e-05, 270.556
3107, 0.0211226, 0.0012625, 0.000199286, 0, 2.83076e-09, 5.07093e-09, 0, 0, 0.0014618, 2.93855e-07, 4.93296e-09, 3.85741, 0.96886, 1.39215e-05, 269.973
3108, 0.02805, 0.00119713, 0.000229784, 0, 3.76067e-09, 6.73316e-09, 0, 0, 0.00142692, 3.90097e-07, 6.55425e-09, 3.57377, 0.96884, 1.3908e-05, 269.532
3109, 0.0227034, 0.00122221, 0.000227384, 0, 2.7203e-09, 4.9007e-09, 0, 0, 0.0014496, 3.15556e-07, 4.51642e-09, 3.78524, 0.96882, 1.38939e-05, 269.719
3110, 0.0151124, 0.00128385, 0.00020724, 0, 1.49502e-09, 2.72472e-09, 0, 0, 0.00149109, 2.09844e-07, 2.25038e-09, 4.19224, 0.9688, 1.3879e-05, 270.101
3111, 0.0126239, 0.00133418, 0.000185527, 0, 1.3595e-09, 2.4479e-09, 0, 0, 0.00151971, 1.74951e-07, 2.18776e-09, 4.37217, 0.96878, 1.38633e-05, 270.34
3112, 0.0230726, 0.00127359, 0.000207451, 0, 3.25914e-09, 5.75565e-09, 0, 0, 0.00148105, 3.19202e-07, 5.92569e-09, 3.76911, 0.96876, 1.38471e-05, 269.872
3113, 0.0381026, 0.00116756, 0.00024846, 0, 5.85602e-09, 1.02966e-08, 0, 0, 0.00141604, 5.26861e-07, 1.09672e-08, 3.26747, 0.96874, 1.38277e-05, 269.105
3114, 0.0357052, 0.00118593, 0.000245582, 0, 5.47673e-09, 9.63127e-09, 0, 0, 0.00143153, 4.9339e-07, 1.02648e-08, 3.33246, 0.96872, 1.3789e-05, 269.215
3115, 0.0227284, 0.00128874, 0.000210869, 0, 3.40203e-09, 5.97745e-09, 0, 0, 0.00149962, 3.12922e-07, 6.44241e-09, 3.78414, 0.9687, 1.37167e-05, 269.884
3116, 0.028119, 0.00127706, 0.00021284, 0, 5.10651e-09, 8.82306e-09, 0, 0, 0.00148991, 3.84819e-07, 1.08359e-08, 3.57131, 0.96868, 1.3659e-05, 269.721
3117, 0.0563141, 0.00113511, 0.000254005, 0, 1.25565e-08, 2.13805e-08, 0, 0, 0.00138915, 7.71799e-07, 2.90579e-08, 2.87681, 0.96866, 1.3672e-05, 268.561
3118, 0.0880643, 0.00101248, 0.000279466, 0, 2.31951e-08, 3.90063e-08, 0, 0, 0.001292, 1.20874e-06, 5.74859e-08, 2.42969, 0.96864, 1.37122e-05, 267.372
3119, 0.110768, 0.000952366, 0.000283761, 0, 3.28073e-08, 5.46858e-08, 0, 0, 0.00123621, 1.51987e-06, 8.50909e-08, 2.20032, 0.96862, 1.37207e-05, 266.629
3120, 0.120464, 0.000933858, 0.0002837, 0, 3.75193e-08, 6.2301e-08, 0, 0, 0.00121766, 1.65014e-06, 9.92187e-08, 2.11641, 0.9686, 1.36987e-05, 266.335
3121, 0.119227, 0.0009411, 0.000284839, 0, 3.70438e-08, 6.15417e-08, 0, 0, 0.00122604, 1.63002e-06, 9.79073e-08, 2.12672, 0.96858, 1.36712e-05, 266.38
3122, 0.113286, 0.000959008, 0.000286619, 0, 3.42249e-08, 5.70033e-08, 0, 0, 0.00124572, 1.54779e-06, 8.94315e-08, 2.17784, 0.96856, 1.36626e-05, 266.565
3123, 0.0993888, 0.00100364, 0.000285375, 0, 2.85733e-08, 4.77402e-08, 0, 0, 0.0012891, 1.35816e-06, 7.32542e-08, 2.30872, 0.96854, 1.36626e-05, 267.033
3124, 0.0682553, 0.00111704, 0.000272502, 0, 1.77789e-08, 2.98526e-08, 0, 0, 0.00138959, 9.32581e-07, 4.40604e-08, 2.6845, 0.96852, 1.36542e-05, 268.139
3125, 0.0329416, 0.00126603, 0.000247011, 0, 7.01929e-09, 1.18982e-08, 0, 0, 0.00151306, 4.49834e-07, 1.63486e-08, 3.41302, 0.9685, 1.36396e-05, 269.413
3126, 0.0132431, 0.00138281, 0.000215196, 0, 1.8197e-09, 3.1581e-09, 0, 0, 0.00159801, 1.80636e-07, 3.64088e-09, 4.32428, 0.96848, 1.36237e-05, 270.216
3127, 0.0063521, 0.00145848, 0.000186782, 0, 5.7114e-10, 1.01828e-09, 0, 0, 0.00164527, 8.64865e-08, 9.27206e-10, 5.05897, 0.96846, 1.36049e-05, 270.618
3128, 0.0092977, 0.00145265, 0.000189714, 0, 1.52906e-09, 2.60472e-09, 0, 0, 0.00164237, 1.26115e-07, 3.28429e-09, 4.67799, 0.96844, 1.35785e-05, 270.529
3129, 0.0308112, 0.00133698, 0.000224417, 0, 7.05325e-09, 1.1822e-08, 0, 0, 0.00156142, 4.17134e-07, 1.66161e-08, 3.47988, 0.96842, 1.35512e-05, 269.666
3130, 0.0704897, 0.00115281, 0.000268676, 0, 1.87891e-08, 3.12195e-08, 0, 0, 0.00142153, 9.53314e-07, 4.66353e-08, 2.65229, 0.9684, 1.35324e-05, 268.129
3131, 0.103825, 0.00102182, 0.000293746, 0, 3.04089e-08, 5.02542e-08, 0, 0, 0.00131564, 1.40349e-06, 7.82435e-08, 2.26505, 0.96838, 1.35213e-05, 266.864
3132, 0.114967, 0.000985833, 0.000300214, 0, 3.5071e-08, 5.78972e-08, 0, 0, 0.00128614, 1.55403e-06, 9.20464e-08, 2.16311, 0.96836, 1.35178e-05, 266.452
3133, 0.117792, 0.000981875, 0.000301475, 0, 3.6796e-08, 6.07152e-08, 0, 0, 0.00128345, 1.5914e-06, 9.79478e-08, 2.13884, 0.96834, 1.3511e-05, 266.359
3134, 0.125838, 0.000966853, 0.000301104, 0, 4.10478e-08, 6.73606e-08, 0, 0, 0.00126807, 1.69786e-06, 1.10852e-07, 2.07276, 0.96832, 1.34942e-05, 266.113
3135, 0.13308, 0.000953789, 0.000300936, 0, 4.48085e-08, 7.30831e-08, 0, 0, 0.00125484, 1.79243e-06, 1.21796e-07, 2.01681, 0.9683, 1.34701e-05, 265.891
3136, 0.131531, 0.000961307, 0.000302459, 0, 4.38581e-08, 7.14034e-08, 0, 0, 0.00126388, 1.76917e-06, 1.18301e-07, 2.02851, 0.96828, 1.34505e-05, 265.941
3137, 0.115963, 0.00101126, 0.000301886, 0, 3.63743e-08, 5.94038e-08, 0, 0, 0.00131324, 1.55895e-06, 9.55848e-08, 2.15449, 0.96826, 1.3441e-05, 266.473
3138, 0.0821423, 0.00114776, 0.000281971, 0, 2.30952e-08, 3.79721e-08, 0, 0, 0.00142979, 1.10403e-06, 5.8126e-08, 2.4993, 0.96824, 1.34297e-05, 267.736
3139, 0.0440511, 0.00133647, 0.000240064, 0, 1.04558e-08, 1.73787e-08, 0, 0, 0.00157657, 5.91637e-07, 2.47083e-08, 3.12241, 0.96822, 1.34133e-05, 269.212
3140, 0.0333976, 0.0013827, 0.000234214, 0, 6.61145e-09, 1.11691e-08, 0, 0, 0.00161693, 4.47559e-07, 1.45625e-08, 3.39927, 0.9682, 1.34003e-05, 269.551
3141, 0.0508789, 0.00125873, 0.000278443, 0, 1.05437e-08, 1.77932e-08, 0, 0, 0.00153721, 6.80903e-07, 2.37062e-08, 2.97831, 0.96818, 1.33893e-05, 268.691
3142, 0.0704583, 0.00115095, 0.000310882, 0, 1.63119e-08, 2.72404e-08, 0, 0, 0.00146187, 9.42183e-07, 3.82376e-08, 2.65273, 0.96816, 1.33765e-05, 267.841
3143, 0.083241, 0.00110913, 0.000318169, 0, 2.10884e-08, 3.48964e-08, 0, 0, 0.00142736, 1.11219e-06, 5.07322e-08, 2.48602, 0.96814, 1.33623e-05, 267.407
3144, 0.0758544, 0.00115156, 0.000311144, 0, 1.90989e-08, 3.15554e-08, 0, 0, 0.00146276, 1.01283e-06, 4.56533e-08, 2.57894, 0.96812, 1.33465e-05, 267.73
3145, 0.0453477, 0.00130935, 0.000277123, 0, 1.02297e-08, 1.69801e-08, 0, 0, 0.0015865, 6.05121e-07, 2.36059e-08, 3.0934, 0.9681, 1.33283e-05, 268.948
3146, 0.0204316, 0.00147808, 0.000227037, 0, 3.6634e-09, 6.15154e-09, 0, 0, 0.00170512, 2.72217e-07, 7.81112e-09, 3.89067, 0.96808, 1.3307e-05, 270.032
3147, 0.0235112, 0.0014692, 0.000230133, 0, 4.13294e-09, 6.96365e-09, 0, 0, 0.00169934, 3.12198e-07, 8.56516e-09, 3.75028, 0.96806, 1.32866e-05, 269.918
3148, 0.0482295, 0.00130316, 0.000285335, 0, 9.89473e-09, 1.65518e-08, 0, 0, 0.00158852, 6.39918e-07, 2.18407e-08, 3.03179, 0.96804, 1.32736e-05, 268.787
3149, 0.0711324, 0.0011766, 0.00032083, 0, 1.66967e-08, 2.76942e-08, 0, 0, 0.00149748, 9.43382e-07, 3.94926e-08, 2.64321, 0.96802, 1.3265e-05, 267.797
3150, 0.0887156, 0.0011177, 0.000327964, 0, 2.42092e-08, 3.96565e-08, 0, 0, 0.00144573, 1.17559e-06, 6.12207e-08, 2.42232, 0.968, 1.32542e-05, 267.186
3151, 0.106893, 0.00107148, 0.000328072, 0, 3.25033e-08, 5.26895e-08, 0, 0, 0.00139964, 1.41505e-06, 8.51505e-08, 2.23593, 0.96798, 1.32405e-05, 266.621
3152, 0.119813, 0.00104179, 0.000327525, 0, 3.85062e-08, 6.20291e-08, 0, 0, 0.00136941, 1.58451e-06, 1.02535e-07, 2.12182, 0.96796, 1.32258e-05, 266.222
3153, 0.117415, 0.00105909, 0.000326088, 0, 3.78696e-08, 6.09254e-08, 0, 0, 0.00138528, 1.5514e-06, 1.00858e-07, 2.14204, 0.96794, 1.32108e-05, 266.341
3154, 0.0922617, 0.00115137, 0.00032159, 0, 2.79132e-08, 4.51062e-08, 0, 0, 0.00147303, 1.21799e-06, 7.25933e-08, 2.38313, 0.96792, 1.31957e-05, 267.239
3155, 0.0669719, 0.00124385, 0.000317074, 0, 1.79625e-08, 2.92724e-08, 0, 0, 0.00156097, 8.82958e-07, 4.44871e-08, 2.70348, 0.9679, 1.31798e-05, 268.09
3156, 0.0611703, 0.00126201, 0.000319297, 0, 1.48126e-08, 2.43376e-08, 0, 0, 0.00158135, 8.05066e-07, 3.52089e-08, 2.79409, 0.96788, 1.31613e-05, 268.235
3157, 0.0677665, 0.00122575, 0.000328345, 0, 1.59156e-08, 2.63243e-08, 0, 0, 0.00155414, 8.90412e-07, 3.82486e-08, 2.69169, 0.96786, 1.31423e-05, 267.901
3158, 0.0850585, 0.00115211, 0.000339275, 0, 2.16727e-08, 3.57058e-08, 0, 0, 0.00149145, 1.11639e-06, 5.49658e-08, 2.46442, 0.96784, 1.31282e-05, 267.194
3159, 0.101926, 0.0010988, 0.00034368, 0, 2.86807e-08, 4.66992e-08, 0, 0, 0.00144256, 1.33664e-06, 7.49874e-08, 2.2835, 0.96782, 1.31152e-05, 266.613
3160, 0.108185, 0.00109184, 0.000343538, 0, 3.26253e-08, 5.24871e-08, 0, 0, 0.00143547, 1.41716e-06, 8.63642e-08, 2.22391, 0.9678, 1.30999e-05, 266.477
3161, 0.120366, 0.00107176, 0.000340176, 0, 4.04697e-08, 6.43329e-08, 0, 0, 0.00141204, 1.57494e-06, 1.10622e-07, 2.11722, 0.96778, 1.30866e-05, 266.161
3162, 0.143038, 0.00102113, 0.000334777, 0, 5.32582e-08, 8.40104e-08, 0, 0, 0.00135604, 1.86982e-06, 1.50252e-07, 1.94465, 0.96776, 1.30743e-05, 265.473
3163, 0.158382, 0.000986969, 0.000331551, 0, 6.20849e-08, 9.75059e-08, 0, 0, 0.00131868, 2.06833e-06, 1.78125e-07, 1.84275, 0.96774, 1.30601e-05, 264.982
3164, 0.162958, 0.000978189, 0.000331395, 0, 6.49647e-08, 1.01814e-07, 0, 0, 0.00130975, 2.12589e-06, 1.87809e-07, 1.81426, 0.96772, 1.30456e-05, 264.817
3165, 0.157574, 0.0009892, 0.000334948, 0, 6.16597e-08, 9.68283e-08, 0, 0, 0.00132431, 2.05361e-06, 1.78424e-07, 1.84786, 0.9677, 1.30316e-05, 264.929
3166, 0.143061, 0.00101693, 0.000342067, 0, 5.30106e-08, 8.38128e-08, 0, 0, 0.00135913, 1.86249e-06, 1.53022e-07, 1.94449, 0.96768, 1.30172e-05, 265.271
3167, 0.135218, 0.00103402, 0.000346594, 0, 4.84254e-08, 7.68457e-08, 0, 0, 0.00138074, 1.75813e-06, 1.39438e-07, 2.00087, 0.96766, 1.30024e-05, 265.456
3168, 0.142964, 0.00102529, 0.00034531, 0, 5.24822e-08, 8.28256e-08, 0, 0, 0.00137074, 1.85658e-06, 1.50424e-07, 1.94516, 0.96764, 1.29876e-05, 265.284
3169, 0.150701, 0.00101734, 0.000344063, 0, 5.64958e-08, 8.87005e-08, 0, 0, 0.00136155, 1.9549e-06, 1.60931e-07, 1.89246, 0.96762, 1.29725e-05, 265.12
3170, 0.151505, 0.00102342, 0.000344628, 0, 5.71472e-08, 8.95657e-08, 0, 0, 0.00136819, 1.96302e-06, 1.62259e-07, 1.88714, 0.9676, 1.29563e-05, 265.136
3171, 0.138359, 0.00106791, 0.00034745, 0, 5.05233e-08, 7.94136e-08, 0, 0, 0.00141549, 1.79062e-06, 1.41795e-07, 1.9779, 0.96758, 1.29394e-05, 265.605
3172, 0.111277, 0.0011575, 0.000350141, 0, 3.71026e-08, 5.87859e-08, 0, 0, 0.00150774, 1.43855e-06, 1.00862e-07, 2.19573, 0.96756, 1.29249e-05, 266.531
3173, 0.0969967, 0.00120936, 0.000349925, 0, 3.03626e-08, 4.83371e-08, 0, 0, 0.00155936, 1.25238e-06, 8.07727e-08, 2.33308, 0.96754, 1.29124e-05, 266.999
3174, 0.106159, 0.00117089, 0.000353736, 0, 3.45107e-08, 5.47753e-08, 0, 0, 0.00152471, 1.36913e-06, 9.42723e-08, 2.24282, 0.96752, 1.28989e-05, 266.587
3175, 0.112433, 0.00112866, 0.000362379, 0, 3.72761e-08, 5.91864e-08, 0, 0, 0.00149113, 1.44858e-06, 1.04308e-07, 2.1854, 0.9675, 1.28843e-05, 266.179
3176, 0.119459, 0.00110594, 0.000365007, 0, 4.07985e-08, 6.4614e-08, 0, 0, 0.00147106, 1.53702e-06, 1.15421e-07, 2.12478, 0.96748, 1.28688e-05, 265.908
3177, 0.138836, 0.00106719, 0.000360355, 0, 5.01491e-08, 7.87636e-08, 0, 0, 0.00142768, 1.78369e-06, 1.42341e-07, 1.97446, 0.96746, 1.28504e-05, 265.383
3178, 0.152047, 0.00104224, 0.000357301, 0, 5.65275e-08, 8.82688e-08, 0, 0, 0.00139968, 1.95017e-06, 1.60489e-07, 1.88356, 0.96744, 1.28275e-05, 265.016
3179, 0.153513, 0.00104636, 0.000357479, 0, 5.73423e-08, 8.93461e-08, 0, 0, 0.00140399, 1.96636e-06, 1.62206e-07, 1.87397, 0.96742, 1.28093e-05, 265.005
3180, 0.140109, 0.00110047, 0.000356996, 0, 5.08524e-08, 7.9326e-08, 0, 0, 0.00145759, 1.79376e-06, 1.41827e-07, 1.96534, 0.9674, 1.2801e-05, 265.529
3181, 0.108717, 0.00122483, 0.000350531, 0, 3.63026e-08, 5.69394e-08, 0, 0, 0.00157545, 1.39096e-06, 9.81866e-08, 2.219, 0.96738, 1.27905e-05, 266.687
3182, 0.0870391, 0.00130716, 0.000348049, 0, 2.62998e-08, 4.16137e-08, 0, 0, 0.00165527, 1.11135e-06, 6.88606e-08, 2.4414, 0.96736, 1.27711e-05, 267.407
3183, 0.090232, 0.00126914, 0.00036271, 0, 2.69845e-08, 4.28951e-08, 0, 0, 0.00163192, 1.14995e-06, 7.14453e-08, 2.40537, 0.96734, 1.27516e-05, 267.123
3184, 0.0909768, 0.00123629, 0.000378132, 0, 2.72561e-08, 4.34544e-08, 0, 0, 0.0016145, 1.15863e-06, 7.35586e-08, 2.39715, 0.96732, 1.27412e-05, 266.895
3185, 0.1008, 0.0012042, 0.000381181, 0, 3.15133e-08, 4.99675e-08, 0, 0, 0.00158546, 1.28316e-06, 8.60417e-08, 2.29462, 0.9673, 1.2735e-05, 266.55
3186, 0.125758, 0.00113825, 0.000378044, 0, 4.20255e-08, 6.59371e-08, 0, 0, 0.0015164, 1.59984e-06, 1.15348e-07, 2.0734, 0.96728, 1.27245e-05, 265.793
3187, 0.136068, 0.0011124, 0.000378551, 0, 4.56686e-08, 7.13558e-08, 0, 0, 0.00149107, 1.72945e-06, 1.24244e-07, 1.9946, 0.96726, 1.27099e-05, 265.471
3188, 0.125908, 0.00114599, 0.000383871, 0, 3.96472e-08, 6.21459e-08, 0, 0, 0.00152996, 1.59859e-06, 1.04697e-07, 2.0722, 0.96724, 1.26942e-05, 265.814
3189, 0.101542, 0.00123778, 0.000384657, 0, 2.85816e-08, 4.5159e-08, 0, 0, 0.00162251, 1.28801e-06, 7.20308e-08, 2.28728, 0.96722, 1.268e-05, 266.678
3190, 0.0641002, 0.00142846, 0.000356327, 0, 1.54625e-08, 2.46823e-08, 0, 0, 0.00178483, 8.12559e-07, 3.68278e-08, 2.74731, 0.9672, 1.26666e-05, 268.131
3191, 0.027926, 0.00168051, 0.000290999, 0, 5.39128e-09, 8.72334e-09, 0, 0, 0.00197152, 3.53789e-07, 1.19353e-08, 3.5782, 0.96718, 1.26508e-05, 269.666
3192, 0.0130814, 0.00178564, 0.000265603, 0, 1.93154e-09, 3.18584e-09, 0, 0, 0.00205125, 1.65342e-07, 4.03327e-09, 4.33657, 0.96716, 1.26333e-05, 270.248
3193, 0.0249972, 0.00165355, 0.000319969, 0, 4.84592e-09, 7.87996e-09, 0, 0, 0.00197353, 3.15184e-07, 1.11354e-08, 3.68899, 0.96714, 1.26195e-05, 269.565
3194, 0.0570631, 0.00144468, 0.000376351, 0, 1.33606e-08, 2.14588e-08, 0, 0, 0.00182107, 7.19056e-07, 3.17711e-08, 2.8636, 0.96712, 1.26088e-05, 268.215
3195, 0.0818161, 0.00132692, 0.000397228, 0, 2.03782e-08, 3.25499e-08, 0, 0, 0.0017242, 1.03047e-06, 4.88805e-08, 2.50328, 0.9671, 1.25964e-05, 267.286
3196, 0.0721087, 0.00138404, 0.000390117, 0, 1.71613e-08, 2.74488e-08, 0, 0, 0.0017742, 9.07723e-07, 4.04966e-08, 2.62958, 0.96708, 1.25822e-05, 267.682
3197, 0.0406598, 0.00158894, 0.000344036, 0, 8.17749e-09, 1.32038e-08, 0, 0, 0.001933, 5.11536e-07, 1.82891e-08, 3.20252, 0.96706, 1.25669e-05, 268.994
3198, 0.016091, 0.00180707, 0.00027736, 0, 2.42073e-09, 3.98341e-09, 0, 0, 0.00208443, 2.02234e-07, 4.85262e-09, 4.12949, 0.96704, 1.25506e-05, 270.153
3199, 0.0107244, 0.00185164, 0.000269759, 0, 1.22557e-09, 2.0723e-09, 0, 0, 0.0021214, 1.34323e-07, 2.07373e-09, 4.53523, 0.96702, 1.25337e-05, 270.379
3200, 0.0190679, 0.00174733, 0.000316299, 0, 2.30229e-09, 3.89639e-09, 0, 0, 0.00206364, 2.38508e-07, 3.84954e-09, 3.95975, 0.967, 1.25183e-05, 269.872
3201, 0.0222607, 0.00174073, 0.000316244, 0, 2.73298e-09, 4.62187e-09, 0, 0, 0.00205699, 2.78438e-07, 4.56792e-09, 3.80493, 0.96698, 1.25071e-05, 269.761
3202, 0.0141797, 0.0018799, 0.000257362, 0, 1.65175e-09, 2.80166e-09, 0, 0, 0.00213726, 1.77292e-07, 2.69961e-09, 4.25594, 0.96696, 1.24963e-05, 270.323
3203, 0.0125504, 0.00189335, 0.000258484, 0, 1.35546e-09, 2.30787e-09, 0, 0, 0.00215184, 1.56576e-07, 2.12816e-09, 4.378, 0.96694, 1.24832e-05, 270.375
3204, 0.0211606, 0.00175631, 0.000323891, 0, 2.34533e-09, 3.98228e-09, 0, 0, 0.00208021, 2.63725e-07, 3.69678e-09, 3.85562, 0.96692, 1.24692e-05, 269.766
3205, 0.0220166, 0.00175868, 0.000325221, 0, 2.44963e-09, 4.15594e-09, 0, 0, 0.00208391, 2.74312e-07, 3.85906e-09, 3.81596, 0.9669, 1.24552e-05, 269.736
3206, 0.012449, 0.00190992, 0.000264467, 0, 1.28665e-09, 2.19351e-09, 0, 0, 0.00217439, 1.55013e-07, 1.96179e-09, 4.38612, 0.96688, 1.24411e-05, 270.368
3207, 0.00773175, 0.00195461, 0.000255598, 0, 6.13938e-10, 1.07031e-09, 0, 0, 0.00221021, 9.60817e-08, 8.03636e-10, 4.86242, 0.96686, 1.24263e-05, 270.575
3208, 0.0077173, 0.0019284, 0.000277079, 0, 5.3324e-10, 9.42548e-10, 0, 0, 0.00220548, 9.57995e-08, 6.23989e-10, 4.86429, 0.96684, 1.24123e-05, 270.481
3209, 0.00488955, 0.00198779, 0.000254241, 0, 3.15707e-10, 5.59455e-10, 0, 0, 0.00224203, 6.06791e-08, 3.61751e-10, 5.32066, 0.96682, 1.23994e-05, 270.691
3210, 0.00219018, 0.0020285, 0.00024223, 0, 1.03203e-10, 1.84627e-10, 0, 0, 0.00227073, 2.71452e-08, 1.13476e-10, 6.12377, 0.9668, 1.23864e-05, 270.84
3211, 0.00260593, 0.00198871, 0.000269776, 0, 1.26614e-10, 2.22849e-10, 0, 0, 0.00225849, 3.22112e-08, 1.71574e-10, 5.94997, 0.96678, 1.23726e-05, 270.693
3212, 0.00653304, 0.00192838, 0.000299743, 0, 5.8576e-10, 9.91866e-10, 0, 0, 0.00222812, 8.06433e-08, 9.73798e-10, 5.03088, 0.96676, 1.23585e-05, 270.413
3213, 0.0153209, 0.00186346, 0.000320985, 0, 1.95329e-09, 3.24639e-09, 0, 0, 0.00218445, 1.88973e-07, 3.5221e-09, 4.17854, 0.96674, 1.23444e-05, 270.031
3214, 0.0236263, 0.00180057, 0.00034383, 0, 3.40568e-09, 5.62425e-09, 0, 0, 0.0021444, 2.91283e-07, 6.31486e-09, 3.74539, 0.96672, 1.23304e-05, 269.672
3215, 0.0228669, 0.00180132, 0.000351427, 0, 3.34014e-09, 5.50081e-09, 0, 0, 0.00215276, 2.81706e-07, 6.26856e-09, 3.77806, 0.9667, 1.23156e-05, 269.676
3216, 0.0226262, 0.00179852, 0.00035789, 0, 3.27162e-09, 5.37407e-09, 0, 0, 0.00215642, 2.78341e-07, 6.21576e-09, 3.78865, 0.96668, 1.23007e-05, 269.645
3217, 0.0250345, 0.00178598, 0.000363381, 0, 3.60096e-09, 5.91425e-09, 0, 0, 0.00214937, 3.07645e-07, 6.84105e-09, 3.6875, 0.96666, 1.22878e-05, 269.533
3218, 0.0287661, 0.0017756, 0.000364495, 0, 4.38296e-09, 7.13959e-09, 0, 0, 0.0021401, 3.53005e-07, 8.57374e-09, 3.54856, 0.96664, 1.22757e-05, 269.405
3219, 0.0416591, 0.00167639, 0.000393184, 0, 7.12086e-09, 1.14569e-08, 0, 0, 0.0020696, 5.10638e-07, 1.47265e-08, 3.17824, 0.96662, 1.22624e-05, 268.804
3220, 0.0462556, 0.00162946, 0.000410852, 0, 8.18083e-09, 1.30843e-08, 0, 0, 0.00204034, 5.66683e-07, 1.7428e-08, 3.07357, 0.9666, 1.22481e-05, 268.515
3221, 0.0301179, 0.00176385, 0.000377038, 0, 5.00201e-09, 7.98692e-09, 0, 0, 0.0021409, 3.68808e-07, 1.07173e-08, 3.50264, 0.96658, 1.22327e-05, 269.235
3222, 0.0120018, 0.00196086, 0.00031555, 0, 1.57885e-09, 2.5353e-09, 0, 0, 0.00227642, 1.46862e-07, 3.26477e-09, 4.4227, 0.96656, 1.22177e-05, 270.177
3223, 0.00366892, 0.00210034, 0.000263812, 0, 2.87612e-10, 4.73195e-10, 0, 0, 0.00236415, 4.48429e-08, 5.16227e-10, 5.60786, 0.96654, 1.2205e-05, 270.738
3224, 0.00139555, 0.00216634, 0.000237513, 0, 5.96338e-11, 1.03001e-10, 0, 0, 0.00240385, 1.70219e-08, 7.93929e-11, 6.57447, 0.96652, 1.21927e-05, 270.953
3225, 0.00260514, 0.00216977, 0.000237224, 0, 2.32012e-10, 3.8683e-10, 0, 0, 0.002407, 3.16745e-08, 3.78254e-10, 5.95027, 0.9665, 1.21795e-05, 270.916
3226, 0.0106485, 0.00206812, 0.000280647, 0, 1.31168e-09, 2.15754e-09, 0, 0, 0.00234877, 1.29355e-07, 2.28355e-09, 4.54234, 0.96648, 1.21658e-05, 270.455
3227, 0.0261506, 0.00187536, 0.000358286, 0, 3.55449e-09, 5.81674e-09, 0, 0, 0.00223366, 3.17553e-07, 6.34509e-09, 3.64388, 0.96646, 1.21499e-05, 269.575
3228, 0.0319852, 0.00181133, 0.000386456, 0, 4.46962e-09, 7.30231e-09, 0, 0, 0.00219779, 3.8825e-07, 8.03612e-09, 3.44248, 0.96644, 1.21289e-05, 269.253
3229, 0.0190529, 0.00199701, 0.000316851, 0, 2.60187e-09, 4.25627e-09, 0, 0, 0.00231387, 2.31154e-07, 4.64078e-09, 3.96054, 0.96642, 1.21092e-05, 270.035
3230, 0.00616306, 0.00218702, 0.000243838, 0, 7.65506e-10, 1.25521e-09, 0, 0, 0.00243086, 7.4689e-08, 1.34909e-09, 5.08918, 0.9664, 1.20994e-05, 270.786
3231, 0.00591716, 0.00216487, 0.000263523, 0, 8.92623e-10, 1.41711e-09, 0, 0, 0.00242839, 7.14123e-08, 1.8983e-09, 5.1299, 0.96638, 1.20904e-05, 270.711
3232, 0.0228229, 0.00197232, 0.000338665, 0, 4.87909e-09, 7.60171e-09, 0, 0, 0.002311, 2.75053e-07, 1.14247e-08, 3.77999, 0.96636, 1.20734e-05, 269.84
3233, 0.0617439, 0.00169033, 0.000408803, 0, 1.59286e-08, 2.45448e-08, 0, 0, 0.00209917, 7.43825e-07, 3.93677e-08, 2.78476, 0.96634, 1.20569e-05, 268.218
3234, 0.105802, 0.00143421, 0.00045123, 0, 3.08515e-08, 4.70842e-08, 0, 0, 0.00188552, 1.2744e-06, 7.94966e-08, 2.24619, 0.96632, 1.2048e-05, 266.437
3235, 0.130108, 0.0013103, 0.000464111, 0, 4.05582e-08, 6.13787e-08, 0, 0, 0.00177452, 1.56658e-06, 1.07367e-07, 2.03939, 0.9663, 1.20409e-05, 265.414
3236, 0.133277, 0.00128802, 0.000467321, 0, 4.18329e-08, 6.29449e-08, 0, 0, 0.00175545, 1.60341e-06, 1.11754e-07, 2.01533, 0.96628, 1.20297e-05, 265.186
3237, 0.124051, 0.00133122, 0.000468299, 0, 3.76379e-08, 5.66726e-08, 0, 0, 0.00179961, 1.4909e-06, 9.97574e-08, 2.08706, 0.96626, 1.20155e-05, 265.522
3238, 0.0982448, 0.00147435, 0.000458048, 0, 2.76109e-08, 4.18845e-08, 0, 0, 0.00193247, 1.17961e-06, 7.13975e-08, 2.32029, 0.96624, 1.19992e-05, 266.599
3239, 0.0594838, 0.00169616, 0.00043141, 0, 1.4211e-08, 2.17659e-08, 0, 0, 0.00212761, 7.13494e-07, 3.51113e-08, 2.82205, 0.96622, 1.19846e-05, 268.089
3240, 0.0380324, 0.00182118, 0.000412389, 0, 7.23979e-09, 1.10846e-08, 0, 0, 0.00223358, 4.55453e-07, 1.69192e-08, 3.26932, 0.9662, 1.19744e-05, 268.82
3241, 0.0514606, 0.00172855, 0.000431458, 0, 1.05431e-08, 1.59831e-08, 0, 0, 0.00216003, 6.15314e-07, 2.50897e-08, 2.96694, 0.96618, 1.19641e-05, 268.218
3242, 0.0712587, 0.00160549, 0.000459478, 0, 1.56552e-08, 2.38195e-08, 0, 0, 0.00206501, 8.51552e-07, 3.73974e-08, 2.64144, 0.96616, 1.19515e-05, 267.433
3243, 0.0593627, 0.00172145, 0.000437065, 0, 1.25698e-08, 1.92946e-08, 0, 0, 0.00215855, 7.09109e-07, 2.93102e-08, 2.82409, 0.96614, 1.19374e-05, 268.092
3244, 0.0291121, 0.00198022, 0.000378611, 0, 5.29244e-09, 8.23745e-09, 0, 0, 0.00235884, 3.47556e-07, 1.17044e-08, 3.5366, 0.96612, 1.1921e-05, 269.479
3245, 0.0113315, 0.0021378, 0.000342308, 0, 1.31878e-09, 2.11752e-09, 0, 0, 0.00248011, 1.35084e-07, 2.52697e-09, 4.48016, 0.9661, 1.19043e-05, 270.244
3246, 0.00703574, 0.0021902, 0.000328783, 0, 4.14274e-10, 7.0902e-10, 0, 0, 0.00251899, 8.37149e-08, 5.15628e-10, 4.95675, 0.96608, 1.18923e-05, 270.443
3247, 0.00612647, 0.00222267, 0.000317083, 0, 2.97257e-10, 5.17963e-10, 0, 0, 0.00253975, 7.28155e-08, 2.96857e-10, 5.09514, 0.96606, 1.18832e-05, 270.521
3248, 0.00636003, 0.00221154, 0.000327994, 0, 3.501e-10, 5.85988e-10, 0, 0, 0.00253953, 7.54933e-08, 4.50821e-10, 5.05772, 0.96604, 1.1872e-05, 270.461
3249, 0.0100108, 0.00215233, 0.000355044, 0, 1.22043e-09, 1.85461e-09, 0, 0, 0.00250738, 1.18593e-07, 2.65541e-09, 4.60409, 0.96602, 1.1859e-05, 270.193
3250, 0.0286229, 0.00198592, 0.000399484, 0, 6.2393e-09, 9.26689e-09, 0, 0, 0.00238542, 3.38581e-07, 1.55879e-08, 3.55355, 0.966, 1.18455e-05, 269.316
3251, 0.0719149, 0.00169247, 0.000453987, 0, 1.96593e-08, 2.9146e-08, 0, 0, 0.0021465, 8.50162e-07, 5.13521e-08, 2.63227, 0.96598, 1.18322e-05, 267.541
3252, 0.118941, 0.00143528, 0.000485752, 0, 3.67425e-08, 5.44326e-08, 0, 0, 0.00192113, 1.4052e-06, 9.88554e-08, 2.12913, 0.96596, 1.18189e-05, 265.701
3253, 0.14348, 0.00132467, 0.000492497, 0, 4.71407e-08, 6.97721e-08, 0, 0, 0.00181729, 1.69364e-06, 1.29322e-07, 1.94156, 0.96594, 1.18054e-05, 264.76
3254, 0.151146, 0.00129995, 0.00049262, 0, 5.11725e-08, 7.57094e-08, 0, 0, 0.0017927, 1.78231e-06, 1.41927e-07, 1.88951, 0.96592, 1.17924e-05, 264.488
3255, 0.153846, 0.00129947, 0.000493391, 0, 5.29845e-08, 7.84086e-08, 0, 0, 0.00179299, 1.81234e-06, 1.4741e-07, 1.87181, 0.9659, 1.17802e-05, 264.433
3256, 0.148987, 0.00131993, 0.000498306, 0, 5.00127e-08, 7.41097e-08, 0, 0, 0.00181836, 1.75337e-06, 1.37851e-07, 1.9039, 0.96588, 1.17676e-05, 264.599
3257, 0.132684, 0.00137908, 0.000507418, 0, 4.0867e-08, 6.07572e-08, 0, 0, 0.0018866, 1.55998e-06, 1.09678e-07, 2.01978, 0.96586, 1.17545e-05, 265.127
3258, 0.102941, 0.00152262, 0.000506215, 0, 2.75134e-08, 4.11188e-08, 0, 0, 0.0020289, 1.20922e-06, 7.04031e-08, 2.2736, 0.96584, 1.17414e-05, 266.232
3259, 0.0615243, 0.00182043, 0.0004538, 0, 1.37707e-08, 2.0718e-08, 0, 0, 0.00227426, 7.22217e-07, 3.30539e-08, 2.78832, 0.96582, 1.17285e-05, 268.02
3260, 0.0243365, 0.00218778, 0.000354448, 0, 4.43366e-09, 6.72138e-09, 0, 0, 0.00254224, 2.85521e-07, 9.90921e-09, 3.71578, 0.9658, 1.17156e-05, 269.787
3261, 0.00725674, 0.00235729, 0.00031568, 0, 8.65041e-10, 1.33698e-09, 0, 0, 0.00267297, 8.50304e-08, 1.72078e-09, 4.92582, 0.96578, 1.17028e-05, 270.559
3262, 0.0051168, 0.00234821, 0.000335825, 0, 3.65016e-10, 5.95934e-10, 0, 0, 0.00268403, 5.97812e-08, 5.89235e-10, 5.27523, 0.96576, 1.16897e-05, 270.57
3263, 0.011849, 0.0023065, 0.000345156, 0, 1.69171e-09, 2.66343e-09, 0, 0, 0.00265166, 1.38124e-07, 3.45448e-09, 4.43551, 0.96574, 1.16762e-05, 270.311
3264, 0.0355739, 0.00209238, 0.000406078, 0, 6.95685e-09, 1.07696e-08, 0, 0, 0.00249847, 4.14352e-07, 1.54764e-08, 3.33614, 0.96572, 1.16623e-05, 269.271
3265, 0.0702227, 0.00178166, 0.000493597, 0, 1.57076e-08, 2.41139e-08, 0, 0, 0.00227529, 8.17618e-07, 3.64783e-08, 2.65608, 0.9657, 1.16492e-05, 267.684
3266, 0.0843512, 0.00166947, 0.000524256, 0, 1.96057e-08, 3.00202e-08, 0, 0, 0.00219377, 9.81676e-07, 4.61405e-08, 2.47277, 0.96568, 1.16371e-05, 267.035
3267, 0.0671991, 0.00180101, 0.000500907, 0, 1.45233e-08, 2.23013e-08, 0, 0, 0.00230196, 7.81522e-07, 3.33833e-08, 2.7001, 0.96566, 1.16245e-05, 267.759
3268, 0.0475683, 0.00194639, 0.000473578, 0, 8.63284e-09, 1.32607e-08, 0, 0, 0.00241999, 5.52512e-07, 1.86316e-08, 3.04559, 0.96564, 1.16115e-05, 268.519
3269, 0.0416342, 0.00197199, 0.000474576, 0, 6.72858e-09, 1.01998e-08, 0, 0, 0.00244659, 4.82995e-07, 1.39656e-08, 3.17883, 0.96562, 1.15981e-05, 268.641
3270, 0.029092, 0.0021063, 0.000439394, 0, 4.50651e-09, 6.75198e-09, 0, 0, 0.0025457, 3.37327e-07, 9.33109e-09, 3.53729, 0.9656, 1.15847e-05, 269.236
3271, 0.0129108, 0.00234175, 0.000363138, 0, 1.96406e-09, 2.93601e-09, 0, 0, 0.00270489, 1.4955e-07, 4.1418e-09, 4.34969, 0.96558, 1.15721e-05, 270.182
3272, 0.0171577, 0.00235819, 0.000348217, 0, 3.45382e-09, 5.2104e-09, 0, 0, 0.00270641, 1.98067e-07, 8.18266e-09, 4.06531, 0.96556, 1.15599e-05, 270.134
3273, 0.0507968, 0.00204316, 0.000430658, 0, 1.21671e-08, 1.82119e-08, 0, 0, 0.00247385, 5.85903e-07, 3.05309e-08, 2.97992, 0.96554, 1.15473e-05, 268.594
3274, 0.0969173, 0.00166362, 0.000511842, 0, 2.61019e-08, 3.87589e-08, 0, 0, 0.00217552, 1.11723e-06, 6.83034e-08, 2.3339, 0.96552, 1.1534e-05, 266.445
3275, 0.126201, 0.00147262, 0.000538668, 0, 3.66765e-08, 5.41803e-08, 0, 0, 0.00201138, 1.45365e-06, 9.85333e-08, 2.06988, 0.9655, 1.15204e-05, 265.127
3276, 0.132327, 0.00144452, 0.000544352, 0, 3.93057e-08, 5.79965e-08, 0, 0, 0.00198897, 1.52267e-06, 1.0616e-07, 2.02248, 0.96548, 1.15065e-05, 264.892
3277, 0.122345, 0.00150594, 0.000546763, 0, 3.52331e-08, 5.21494e-08, 0, 0, 0.00205279, 1.40638e-06, 9.393e-08, 2.10091, 0.96546, 1.14932e-05, 265.341
3278, 0.0943841, 0.00170053, 0.000525719, 0, 2.48088e-08, 3.69921e-08, 0, 0, 0.00222631, 1.08412e-06, 6.39575e-08, 2.36038, 0.96544, 1.14811e-05, 266.592
3279, 0.054742, 0.00205299, 0.000448532, 0, 1.24858e-08, 1.87904e-08, 0, 0, 0.00250155, 6.28285e-07, 3.05279e-08, 2.90512, 0.96542, 1.14682e-05, 268.436
3280, 0.0350652, 0.00226922, 0.000388408, 0, 7.78085e-09, 1.16003e-08, 0, 0, 0.00265764, 4.01247e-07, 1.89861e-08, 3.35055, 0.9654, 1.14515e-05, 269.377
3281, 0.0628145, 0.00204137, 0.00044187, 0, 1.75752e-08, 2.5751e-08, 0, 0, 0.00248328, 7.16845e-07, 4.65134e-08, 2.76757, 0.96538, 1.14315e-05, 268.202
3282, 0.117462, 0.00164416, 0.000517303, 0, 3.81875e-08, 5.5726e-08, 0, 0, 0.00216155, 1.34011e-06, 1.05737e-07, 2.14164, 0.96536, 1.1416e-05, 265.889
3283, 0.157408, 0.00142123, 0.00053818, 0, 5.63992e-08, 8.20599e-08, 0, 0, 0.00195955, 1.79535e-06, 1.61147e-07, 1.84891, 0.96534, 1.14073e-05, 264.259
3284, 0.172177, 0.00135786, 0.000537396, 0, 6.44225e-08, 9.35625e-08, 0, 0, 0.00189541, 1.96188e-06, 1.87241e-07, 1.75923, 0.96532, 1.13951e-05, 263.674
3285, 0.174058, 0.00135153, 0.000538378, 0, 6.54325e-08, 9.49782e-08, 0, 0, 0.00189006, 1.98035e-06, 1.91255e-07, 1.74836, 0.9653, 1.13782e-05, 263.573
3286, 0.175191, 0.00134988, 0.000539207, 0, 6.62013e-08, 9.5968e-08, 0, 0, 0.00188925, 1.99051e-06, 1.94243e-07, 1.74188, 0.96528, 1.13628e-05, 263.51
3287, 0.178495, 0.00134254, 0.000538286, 0, 6.85961e-08, 9.91959e-08, 0, 0, 0.001881, 2.02578e-06, 2.02351e-07, 1.7232, 0.96526, 1.13499e-05, 263.385
3288, 0.180869, 0.00133852, 0.000537886, 0, 7.03905e-08, 1.01526e-07, 0, 0, 0.00187657, 2.05083e-06, 2.08353e-07, 1.70998, 0.96524, 1.13387e-05, 263.291
3289, 0.17362, 0.00136722, 0.000542767, 0, 6.6336e-08, 9.54499e-08, 0, 0, 0.00191015, 1.96694e-06, 1.95461e-07, 1.75089, 0.96522, 1.13265e-05, 263.517
3290, 0.147929, 0.00146775, 0.000555834, 0, 5.26087e-08, 7.55195e-08, 0, 0, 0.00202372, 1.67391e-06, 1.5221e-07, 1.91102, 0.9652, 1.13078e-05, 264.381
3291, 0.11812, 0.00159171, 0.000571043, 0, 3.67847e-08, 5.28486e-08, 0, 0, 0.00216285, 1.33365e-06, 1.02206e-07, 2.13605, 0.96518, 1.12812e-05, 265.391
3292, 0.104713, 0.00167524, 0.0005742, 0, 2.90048e-08, 4.2172e-08, 0, 0, 0.00224951, 1.17872e-06, 7.6757e-08, 2.25653, 0.96516, 1.12482e-05, 265.97
3293, 0.0837175, 0.00186342, 0.000547861, 0, 2.12922e-08, 3.14623e-08, 0, 0, 0.00241133, 9.40124e-07, 5.43094e-08, 2.48031, 0.96514, 1.12072e-05, 267.042
3294, 0.047035, 0.00217552, 0.000494882, 0, 1.01158e-08, 1.52144e-08, 0, 0, 0.00267042, 5.26424e-07, 2.44612e-08, 3.05686, 0.96512, 1.1142e-05, 268.662
3295, 0.0228072, 0.00240004, 0.000449236, 0, 3.28388e-09, 5.10214e-09, 0, 0, 0.00284928, 2.50527e-07, 6.89522e-09, 3.78068, 0.9651, 1.09927e-05, 269.681
3296, 0.018846, 0.00243354, 0.000448469, 0, 1.78584e-09, 2.89142e-09, 0, 0, 0.00288202, 1.96259e-07, 2.93816e-09, 3.97146, 0.96508, 1.07293e-05, 269.815
3297, 0.0197219, 0.00243973, 0.000447765, 0, 1.77438e-09, 2.88914e-09, 0, 0, 0.0028875, 1.99825e-07, 2.79313e-09, 3.92603, 0.96506, 1.05702e-05, 269.79
3298, 0.0125822, 0.00262722, 0.000367176, 0, 1.13529e-09, 1.84376e-09, 0, 0, 0.0029944, 1.27606e-07, 1.80454e-09, 4.37547, 0.96504, 1.07213e-05, 270.341
3299, 0.00843376, 0.00273608, 0.000323056, 0, 9.88634e-10, 1.53306e-09, 0, 0, 0.00305914, 9.04651e-08, 1.86042e-09, 4.77551, 0.96502, 1.09587e-05, 270.643
3300, 0.0205058, 0.00252047, 0.000412012, 0, 3.24208e-09, 4.84228e-09, 0, 0, 0.00293249, 2.27946e-07, 6.9428e-09, 3.88705, 0.965, 1.10826e-05, 269.879
3301, 0.046924, 0.00215287, 0.000536645, 0, 9.1097e-09, 1.33866e-08, 0, 0, 0.00268954, 5.22699e-07, 2.12788e-08, 3.05923, 0.96498, 1.11254e-05, 268.385
3302, 0.0783984, 0.00187806, 0.000595386, 0, 1.83663e-08, 2.68419e-08, 0, 0, 0.00247349, 8.73552e-07, 4.57041e-08, 2.54595, 0.96496, 1.11389e-05, 266.953
3303, 0.0939434, 0.00181458, 0.000593974, 0, 2.36922e-08, 3.47605e-08, 0, 0, 0.00240861, 1.04681e-06, 5.9965e-08, 2.36506, 0.96494, 1.11396e-05, 266.463
3304, 0.0749247, 0.00201877, 0.000550599, 0, 1.81214e-08, 2.68136e-08, 0, 0, 0.00256941, 8.34739e-07, 4.50887e-08, 2.59127, 0.96492, 1.11311e-05, 267.464
3305, 0.0580823, 0.00217706, 0.000520588, 0, 1.32017e-08, 1.96666e-08, 0, 0, 0.00269768, 6.46563e-07, 3.24204e-08, 2.8459, 0.9649, 1.11213e-05, 268.211
3306, 0.078775, 0.00200169, 0.000557995, 0, 1.98198e-08, 2.93352e-08, 0, 0, 0.00255974, 8.76097e-07, 5.07498e-08, 2.54116, 0.96488, 1.11179e-05, 267.29
3307, 0.0985166, 0.0018387, 0.00059338, 0, 2.63708e-08, 3.88852e-08, 0, 0, 0.00243215, 1.09513e-06, 6.88485e-08, 2.31753, 0.96486, 1.11143e-05, 266.397
3308, 0.0825327, 0.00193429, 0.000590669, 0, 2.08454e-08, 3.07677e-08, 0, 0, 0.00252502, 9.16877e-07, 5.37948e-08, 2.49456, 0.96484, 1.11057e-05, 266.954
3309, 0.0644579, 0.00198359, 0.000600741, 0, 1.3238e-08, 1.9457e-08, 0, 0, 0.00258437, 7.15159e-07, 3.29265e-08, 2.74174, 0.96482, 1.10945e-05, 267.279
3310, 0.071209, 0.00184924, 0.000630995, 0, 1.34076e-08, 1.93071e-08, 0, 0, 0.00248027, 7.89084e-07, 3.34814e-08, 2.64214, 0.9648, 1.10833e-05, 266.55
3311, 0.0778788, 0.0018291, 0.000626644, 0, 1.54786e-08, 2.20304e-08, 0, 0, 0.00245578, 8.62488e-07, 3.93127e-08, 2.5526, 0.96478, 1.10722e-05, 266.332
3312, 0.0554692, 0.00214212, 0.000551896, 0, 1.09813e-08, 1.55532e-08, 0, 0, 0.00269404, 6.14105e-07, 2.76946e-08, 2.89193, 0.96476, 1.10576e-05, 267.796
3313, 0.0214015, 0.00261265, 0.000429322, 0, 3.93485e-09, 5.54837e-09, 0, 0, 0.00304198, 2.36883e-07, 9.70899e-09, 3.8443, 0.96474, 1.10407e-05, 269.76
3314, 0.00411794, 0.00288966, 0.000351278, 0, 6.73185e-10, 9.44293e-10, 0, 0, 0.00324094, 4.55708e-08, 1.61301e-09, 5.4924, 0.96472, 1.10292e-05, 270.77
3315, 0.000454297, 0.00294579, 0.000342433, 0, 5.41943e-11, 7.58286e-11, 0, 0, 0.00328822, 5.021e-09, 1.2489e-10, 7.69676, 0.9647, 1.10218e-05, 270.958
3316, 0.000370469, 0.00290176, 0.000374633, 0, 5.83266e-12, 9.49729e-12, 0, 0, 0.0032764, 4.07232e-09, 8.88135e-12, 7.90074, 0.96468, 1.10107e-05, 270.841
3317, 0.000843611, 0.00281028, 0.000431908, 0, 9.65865e-12, 1.70684e-11, 0, 0, 0.00324219, 9.26799e-09, 1.10026e-11, 7.07782, 0.96466, 1.09955e-05, 270.608
3318, 0.00115364, 0.00279611, 0.000444912, 0, 1.69516e-11, 3.05782e-11, 0, 0, 0.00324102, 1.2666e-08, 2.0141e-11, 6.76484, 0.96464, 1.09837e-05, 270.545
3319, 0.00185952, 0.00284903, 0.000416659, 0, 5.54431e-11, 9.96076e-11, 0, 0, 0.00326568, 2.03747e-08, 7.62428e-11, 6.28744, 0.96462, 1.09759e-05, 270.617
3320, 0.004178, 0.00279433, 0.000444366, 0, 1.781e-10, 3.14418e-10, 0, 0, 0.0032387, 4.57078e-08, 2.64962e-10, 5.47792, 0.9646, 1.0965e-05, 270.421
3321, 0.00734706, 0.00269961, 0.000492435, 0, 4.47739e-10, 7.47481e-10, 0, 0, 0.00319205, 8.03273e-08, 7.89614e-10, 4.91345, 0.96458, 1.0953e-05, 270.121
3322, 0.0143769, 0.0026067, 0.000517374, 0, 1.44675e-09, 2.24507e-09, 0, 0, 0.00312407, 1.57155e-07, 3.17687e-09, 4.24213, 0.96456, 1.09436e-05, 269.703
3323, 0.0331103, 0.0023242, 0.000590941, 0, 4.56396e-09, 6.85823e-09, 0, 0, 0.00291515, 3.61785e-07, 1.13215e-08, 3.40791, 0.96454, 1.09353e-05, 268.489
3324, 0.0607306, 0.00197759, 0.000665902, 0, 1.03737e-08, 1.53447e-08, 0, 0, 0.00264352, 6.63154e-07, 2.73798e-08, 2.80131, 0.96452, 1.09252e-05, 266.815
3325, 0.0844595, 0.00179819, 0.000683728, 0, 1.7032e-08, 2.49643e-08, 0, 0, 0.00248196, 9.21552e-07, 4.62248e-08, 2.47148, 0.9645, 1.09138e-05, 265.727
3326, 0.0904885, 0.00184615, 0.000662518, 0, 2.00725e-08, 2.94119e-08, 0, 0, 0.00250872, 9.86582e-07, 5.47911e-08, 2.40253, 0.96448, 1.09019e-05, 265.846
3327, 0.0688237, 0.00213321, 0.000612832, 0, 1.50739e-08, 2.22972e-08, 0, 0, 0.00274608, 7.49883e-07, 4.04685e-08, 2.67621, 0.96446, 1.08901e-05, 267.276
3328, 0.0411868, 0.00245249, 0.000557664, 0, 8.3929e-09, 1.25757e-08, 0, 0, 0.00301017, 4.48256e-07, 2.1842e-08, 3.18964, 0.96444, 1.08776e-05, 268.746
3329, 0.0493661, 0.00244902, 0.000548769, 0, 1.34628e-08, 1.97459e-08, 0, 0, 0.00299782, 5.36059e-07, 3.75205e-08, 3.00849, 0.96442, 1.08637e-05, 268.622
3330, 0.102463, 0.00207011, 0.000589678, 0, 3.47605e-08, 5.01601e-08, 0, 0, 0.00265987, 1.1115e-06, 1.01703e-07, 2.27826, 0.9644, 1.0852e-05, 266.584
3331, 0.15879, 0.00168014, 0.000622755, 0, 5.89077e-08, 8.42427e-08, 0, 0, 0.00230304, 1.7213e-06, 1.76436e-07, 1.84017, 0.96438, 1.08422e-05, 264.18
3332, 0.18319, 0.00152448, 0.000629823, 0, 7.09564e-08, 1.00685e-07, 0, 0, 0.00215448, 1.98383e-06, 2.15398e-07, 1.69723, 0.96436, 1.08299e-05, 263.052
3333, 0.174812, 0.00155585, 0.000636026, 0, 6.73524e-08, 9.4867e-08, 0, 0, 0.00219204, 1.89085e-06, 2.04733e-07, 1.74405, 0.96434, 1.08158e-05, 263.275
3334, 0.150077, 0.00166512, 0.000649571, 0, 5.46501e-08, 7.64894e-08, 0, 0, 0.00231482, 1.62092e-06, 1.6435e-07, 1.89661, 0.96432, 1.08017e-05, 264.098
3335, 0.151522, 0.0016594, 0.000651067, 0, 5.50422e-08, 7.69606e-08, 0, 0, 0.0023106, 1.6334e-06, 1.65618e-07, 1.88703, 0.9643, 1.07856e-05, 264.013
3336, 0.175959, 0.00156774, 0.000639012, 0, 6.81176e-08, 9.565e-08, 0, 0, 0.00220691, 1.89443e-06, 2.07507e-07, 1.7375, 0.96428, 1.07693e-05, 263.219
3337, 0.172496, 0.00163767, 0.000631712, 0, 6.7246e-08, 9.50321e-08, 0, 0, 0.00226955, 1.85562e-06, 2.0425e-07, 1.75738, 0.96426, 1.07553e-05, 263.614
3338, 0.128047, 0.00194391, 0.000625013, 0, 4.56564e-08, 6.53079e-08, 0, 0, 0.00256903, 1.37633e-06, 1.34797e-07, 2.05536, 0.96424, 1.07425e-05, 265.572
3339, 0.0789799, 0.0022838, 0.000611033, 0, 2.29249e-08, 3.35694e-08, 0, 0, 0.00289489, 8.48053e-07, 6.32682e-08, 2.53856, 0.96422, 1.07317e-05, 267.486
3340, 0.0616346, 0.00239602, 0.000614141, 0, 1.48706e-08, 2.22651e-08, 0, 0, 0.0030102, 6.60745e-07, 3.81479e-08, 2.78653, 0.9642, 1.07227e-05, 268.08
3341, 0.0698936, 0.00231318, 0.000638179, 0, 1.73931e-08, 2.58923e-08, 0, 0, 0.0029514, 7.48259e-07, 4.50939e-08, 2.66078, 0.96418, 1.07145e-05, 267.696
3342, 0.0878268, 0.00218642, 0.000651699, 0, 2.51665e-08, 3.66205e-08, 0, 0, 0.00283819, 9.39379e-07, 6.89752e-08, 2.43239, 0.96416, 1.07062e-05, 266.992
3343, 0.121279, 0.00196612, 0.000658689, 0, 4.0339e-08, 5.74616e-08, 0, 0, 0.00262491, 1.29619e-06, 1.1634e-07, 2.10966, 0.96414, 1.06948e-05, 265.65
3344, 0.131251, 0.00188853, 0.00066275, 0, 4.49137e-08, 6.34114e-08, 0, 0, 0.00255139, 1.40191e-06, 1.31345e-07, 2.03065, 0.96412, 1.06813e-05, 265.13
3345, 0.0895486, 0.00218411, 0.000643669, 0, 2.78621e-08, 3.92652e-08, 0, 0, 0.00282784, 9.55839e-07, 8.02482e-08, 2.41297, 0.9641, 1.06689e-05, 266.766
3346, 0.0494529, 0.00251517, 0.000610977, 0, 1.2284e-08, 1.75045e-08, 0, 0, 0.00312617, 5.27158e-07, 3.34892e-08, 3.00674, 0.96408, 1.06568e-05, 268.381
3347, 0.0602096, 0.00248014, 0.000606443, 0, 1.69625e-08, 2.43512e-08, 0, 0, 0.00308662, 6.40929e-07, 4.73589e-08, 2.80992, 0.96406, 1.0649e-05, 268.113
3348, 0.115406, 0.00210284, 0.000633481, 0, 4.05525e-08, 5.75906e-08, 0, 0, 0.00273642, 1.22793e-06, 1.19334e-07, 2.1593, 0.96404, 1.06443e-05, 266.059
3349, 0.162584, 0.00177442, 0.000659288, 0, 6.20065e-08, 8.75414e-08, 0, 0, 0.00243386, 1.72904e-06, 1.86279e-07, 1.81656, 0.96402, 1.06362e-05, 264.088
3350, 0.160934, 0.00177409, 0.000672687, 0, 6.09489e-08, 8.60658e-08, 0, 0, 0.00244693, 1.71025e-06, 1.82738e-07, 1.82676, 0.964, 1.06255e-05, 264.121
3351, 0.144239, 0.00187132, 0.000682393, 0, 5.20938e-08, 7.38247e-08, 0, 0, 0.00255384, 1.53105e-06, 1.54148e-07, 1.93628, 0.96398, 1.06143e-05, 264.762
3352, 0.150518, 0.00182216, 0.000688781, 0, 5.42031e-08, 7.6784e-08, 0, 0, 0.00251108, 1.59574e-06, 1.60796e-07, 1.89367, 0.96396, 1.06028e-05, 264.432
3353, 0.15157, 0.00180839, 0.000692879, 0, 5.39901e-08, 7.64658e-08, 0, 0, 0.0025014, 1.60542e-06, 1.60513e-07, 1.88671, 0.96394, 1.05911e-05, 264.315
3354, 0.125652, 0.00198233, 0.00069063, 0, 4.12526e-08, 5.87288e-08, 0, 0, 0.00267306, 1.32979e-06, 1.20407e-07, 2.07424, 0.96392, 1.05797e-05, 265.345
3355, 0.0898851, 0.00223189, 0.00068128, 0, 2.48515e-08, 3.56787e-08, 0, 0, 0.00291323, 9.50355e-07, 6.8989e-08, 2.40922, 0.9639, 1.05683e-05, 266.71
3356, 0.0630232, 0.00242446, 0.000670584, 0, 1.45401e-08, 2.0831e-08, 0, 0, 0.00309508, 6.65661e-07, 3.81149e-08, 2.76425, 0.96388, 1.0556e-05, 267.663
3357, 0.0484185, 0.00256016, 0.000656691, 0, 1.1075e-08, 1.57361e-08, 0, 0, 0.00321688, 5.1065e-07, 2.93523e-08, 3.02787, 0.96386, 1.05439e-05, 268.255
3358, 0.0712489, 0.00243198, 0.000659147, 0, 2.13087e-08, 3.01891e-08, 0, 0, 0.00309118, 7.50002e-07, 6.10269e-08, 2.64158, 0.96384, 1.05334e-05, 267.533
3359, 0.12511, 0.00205996, 0.000679425, 0, 4.31001e-08, 6.08397e-08, 0, 0, 0.00273949, 1.3159e-06, 1.27503e-07, 2.07857, 0.96382, 1.05228e-05, 265.476
3360, 0.146916, 0.00191953, 0.000686928, 0, 5.20368e-08, 7.35376e-08, 0, 0, 0.00260659, 1.54433e-06, 1.54984e-07, 1.9179, 0.9638, 1.05113e-05, 264.605
3361, 0.119486, 0.00213024, 0.000682098, 0, 3.95197e-08, 5.64362e-08, 0, 0, 0.00281243, 1.25503e-06, 1.1522e-07, 2.12456, 0.96378, 1.05003e-05, 265.8
3362, 0.0909814, 0.00234363, 0.000677867, 0, 2.62496e-08, 3.81396e-08, 0, 0, 0.00302156, 9.54552e-07, 7.27146e-08, 2.3971, 0.96376, 1.04898e-05, 266.934
3363, 0.0882987, 0.00238448, 0.000669984, 0, 2.54983e-08, 3.69105e-08, 0, 0, 0.00305452, 9.25043e-07, 7.06338e-08, 2.42703, 0.96374, 1.04787e-05, 267.06
3364, 0.120477, 0.00215287, 0.000679061, 0, 4.04236e-08, 5.72386e-08, 0, 0, 0.00283203, 1.26028e-06, 1.18533e-07, 2.1163, 0.96372, 1.04665e-05, 265.751
3365, 0.164568, 0.00181086, 0.000699069, 0, 6.04051e-08, 8.43525e-08, 0, 0, 0.00251007, 1.71973e-06, 1.8291e-07, 1.80443, 0.9637, 1.04533e-05, 263.719
3366, 0.176451, 0.00170581, 0.000710481, 0, 6.57921e-08, 9.14057e-08, 0, 0, 0.00241645, 1.84226e-06, 2.0118e-07, 1.73471, 0.96368, 1.04405e-05, 263.048
3367, 0.144105, 0.00191113, 0.000722215, 0, 5.09677e-08, 7.0935e-08, 0, 0, 0.00263346, 1.50335e-06, 1.54486e-07, 1.93721, 0.96366, 1.04295e-05, 264.393
3368, 0.0931936, 0.00225238, 0.000730714, 0, 2.90216e-08, 4.06066e-08, 0, 0, 0.00298316, 9.71371e-07, 8.55054e-08, 2.37308, 0.96364, 1.04202e-05, 266.394
3369, 0.0814269, 0.0023399, 0.000737028, 0, 2.37328e-08, 3.34799e-08, 0, 0, 0.00307698, 8.47453e-07, 6.82238e-08, 2.50805, 0.96362, 1.04106e-05, 266.855
3370, 0.107235, 0.00218455, 0.000738375, 0, 3.29276e-08, 4.66954e-08, 0, 0, 0.002923, 1.11489e-06, 9.50071e-08, 2.23274, 0.9636, 1.03996e-05, 265.947
3371, 0.119744, 0.00213798, 0.000725075, 0, 3.7708e-08, 5.35286e-08, 0, 0, 0.00286315, 1.24321e-06, 1.0969e-07, 2.1224, 0.96358, 1.03847e-05, 265.551
3372, 0.137795, 0.00203297, 0.000715272, 0, 4.71412e-08, 6.62964e-08, 0, 0, 0.00274835, 1.42642e-06, 1.41974e-07, 1.98199, 0.96356, 1.03599e-05, 264.822
3373, 0.178197, 0.00177179, 0.000711578, 0, 6.84623e-08, 9.53277e-08, 0, 0, 0.00248353, 1.83996e-06, 2.13539e-07, 1.72486, 0.96354, 1.03309e-05, 263.113
3374, 0.205175, 0.00162327, 0.000705192, 0, 8.45117e-08, 1.17151e-07, 0, 0, 0.00232866, 2.11728e-06, 2.68012e-07, 1.58389, 0.96352, 1.03202e-05, 262.019
3375, 0.19574, 0.00170213, 0.000710394, 0, 8.09999e-08, 1.1233e-07, 0, 0, 0.00241272, 2.02156e-06, 2.56797e-07, 1.63097, 0.9635, 1.03276e-05, 262.537
3376, 0.159812, 0.00192838, 0.000729649, 0, 6.20909e-08, 8.65112e-08, 0, 0, 0.00265818, 1.65066e-06, 1.93672e-07, 1.83376, 0.96348, 1.03276e-05, 264.059
3377, 0.148539, 0.00198544, 0.000739782, 0, 5.47328e-08, 7.62674e-08, 0, 0, 0.00272535, 1.531e-06, 1.68777e-07, 1.90691, 0.96346, 1.03118e-05, 264.414
3378, 0.162743, 0.00188429, 0.00073374, 0, 6.06235e-08, 8.39056e-08, 0, 0, 0.00261818, 1.67357e-06, 1.88353e-07, 1.81558, 0.96344, 1.02904e-05, 263.703
3379, 0.137695, 0.00206912, 0.000723511, 0, 4.95145e-08, 6.82356e-08, 0, 0, 0.00279275, 1.41481e-06, 1.53475e-07, 1.98271, 0.96342, 1.0281e-05, 264.707
3380, 0.0890694, 0.00242769, 0.000718027, 0, 2.79931e-08, 3.86387e-08, 0, 0, 0.00314579, 9.14928e-07, 8.44631e-08, 2.41834, 0.9634, 1.02768e-05, 266.627
3381, 0.0845758, 0.00242973, 0.000743661, 0, 2.35531e-08, 3.30376e-08, 0, 0, 0.00317345, 8.67648e-07, 6.8208e-08, 2.47011, 0.96338, 1.02593e-05, 266.719
3382, 0.111362, 0.00220962, 0.000776989, 0, 3.25424e-08, 4.62057e-08, 0, 0, 0.00298669, 1.14159e-06, 9.44048e-08, 2.19497, 0.96336, 1.02411e-05, 265.654
3383, 0.130077, 0.00210313, 0.000779566, 0, 4.11058e-08, 5.84342e-08, 0, 0, 0.00288279, 1.33313e-06, 1.21494e-07, 2.03963, 0.96334, 1.0239e-05, 265.014
3384, 0.137704, 0.00207798, 0.000767581, 0, 4.59464e-08, 6.48499e-08, 0, 0, 0.00284567, 1.41066e-06, 1.38233e-07, 1.98265, 0.96332, 1.02409e-05, 264.747
3385, 0.142733, 0.00203587, 0.000762229, 0, 4.91289e-08, 6.84764e-08, 0, 0, 0.00279821, 1.46077e-06, 1.49906e-07, 1.94678, 0.9633, 1.02348e-05, 264.416
3386, 0.168653, 0.00185987, 0.000753406, 0, 6.40123e-08, 8.79717e-08, 0, 0, 0.00261343, 1.72385e-06, 2.01419e-07, 1.77991, 0.96328, 1.02243e-05, 263.243
3387, 0.208549, 0.00164641, 0.000729632, 0, 8.84492e-08, 1.20858e-07, 0, 0, 0.00237625, 2.12903e-06, 2.86316e-07, 1.56758, 0.96326, 1.02113e-05, 261.647
3388, 0.230721, 0.0015494, 0.000713187, 0, 1.02604e-07, 1.40055e-07, 0, 0, 0.00226283, 2.35235e-06, 3.35889e-07, 1.46655, 0.96324, 1.01966e-05, 260.808
3389, 0.227533, 0.00156853, 0.000718303, 0, 1.00041e-07, 1.36582e-07, 0, 0, 0.00228707, 2.31765e-06, 3.27164e-07, 1.48046, 0.96322, 1.01855e-05, 260.926
3390, 0.194527, 0.00174597, 0.000742677, 0, 8.04242e-08, 1.09923e-07, 0, 0, 0.00248884, 1.98049e-06, 2.60533e-07, 1.63718, 0.9632, 1.01778e-05, 262.235
3391, 0.131612, 0.00214232, 0.000771162, 0, 4.8642e-08, 6.66076e-08, 0, 0, 0.0029136, 1.33912e-06, 1.54737e-07, 2.02789, 0.96318, 1.01664e-05, 264.759
3392, 0.0918814, 0.00242388, 0.000784038, 0, 3.06343e-08, 4.20553e-08, 0, 0, 0.00320799, 9.33075e-07, 9.54877e-08, 2.38726, 0.96316, 1.01519e-05, 266.305
3393, 0.11828, 0.00224359, 0.000786888, 0, 4.16444e-08, 5.73282e-08, 0, 0, 0.00303058, 1.19882e-06, 1.30451e-07, 2.1347, 0.96314, 1.01389e-05, 265.304
3394, 0.162397, 0.0019474, 0.000784822, 0, 6.10836e-08, 8.42092e-08, 0, 0, 0.00273236, 1.644e-06, 1.93332e-07, 1.81771, 0.96312, 1.01258e-05, 263.542
3395, 0.193838, 0.0017697, 0.000769745, 0, 7.78893e-08, 1.07157e-07, 0, 0, 0.00253963, 1.95929e-06, 2.50209e-07, 1.64073, 0.9631, 1.011e-05, 262.296
3396, 0.216215, 0.00164924, 0.000750317, 0, 9.08863e-08, 1.24491e-07, 0, 0, 0.00239977, 2.18262e-06, 2.95626e-07, 1.53148, 0.96308, 1.00949e-05, 261.326
3397, 0.223879, 0.00159956, 0.000743191, 0, 9.52303e-08, 1.2994e-07, 0, 0, 0.00234297, 2.25812e-06, 3.11447e-07, 1.49665, 0.96306, 1.00838e-05, 260.887
3398, 0.229307, 0.0015831, 0.000738914, 0, 9.96474e-08, 1.35833e-07, 0, 0, 0.00232225, 2.3114e-06, 3.27553e-07, 1.47269, 0.96304, 1.00772e-05, 260.692
3399, 0.237274, 0.00156962, 0.000732731, 0, 1.06156e-07, 1.44859e-07, 0, 0, 0.0023026, 2.39011e-06, 3.50801e-07, 1.43854, 0.96302, 1.0072e-05, 260.502
3400, 0.238383, 0.00157789, 0.000734366, 0, 1.06937e-07, 1.46159e-07, 0, 0, 0.00231251, 2.39995e-06, 3.53644e-07, 1.43388, 0.963, 1.00673e-05, 260.518
3401, 0.227827, 0.00163555, 0.000747299, 0, 9.95115e-08, 1.36358e-07, 0, 0, 0.00238308, 2.29245e-06, 3.27743e-07, 1.47917, 0.96298, 1.00613e-05, 260.948
3402, 0.19309, 0.00183324, 0.000775072, 0, 7.98911e-08, 1.09789e-07, 0, 0, 0.0026085, 1.94164e-06, 2.61166e-07, 1.6446, 0.96296, 1.00524e-05, 262.358
3403, 0.125725, 0.00224417, 0.000819656, 0, 4.70648e-08, 6.48857e-08, 0, 0, 0.00306394, 1.26339e-06, 1.51889e-07, 2.07366, 0.96294, 1.0042e-05, 264.95
3404, 0.0738104, 0.00257457, 0.000856753, 0, 2.28021e-08, 3.16214e-08, 0, 0, 0.00343138, 7.40642e-07, 7.07195e-08, 2.60626, 0.96292, 1.0031e-05, 266.79
3405, 0.0831446, 0.00250916, 0.000862207, 0, 2.3544e-08, 3.27761e-08, 0, 0, 0.00337142, 8.3249e-07, 6.94122e-08, 2.48717, 0.9629, 1.00184e-05, 266.44
3406, 0.11057, 0.00234427, 0.000850098, 0, 3.20854e-08, 4.48451e-08, 0, 0, 0.00319444, 1.10519e-06, 9.38227e-08, 2.2021, 0.96288, 1.00004e-05, 265.484
3407, 0.118405, 0.00234718, 0.000839331, 0, 3.52758e-08, 4.98064e-08, 0, 0, 0.00318659, 1.18103e-06, 1.03595e-07, 2.13364, 0.96286, 9.98001e-06, 265.389
3408, 0.118812, 0.00238737, 0.000834508, 0, 3.64647e-08, 5.18347e-08, 0, 0, 0.00322197, 1.18413e-06, 1.08428e-07, 2.13021, 0.96284, 9.9716e-06, 265.52
3409, 0.127446, 0.00232904, 0.000830123, 0, 4.10609e-08, 5.79023e-08, 0, 0, 0.00315926, 1.27038e-06, 1.2495e-07, 2.06006, 0.96282, 9.97145e-06, 265.139
3410, 0.159951, 0.00207186, 0.000819617, 0, 5.63918e-08, 7.81614e-08, 0, 0, 0.00289161, 1.59369e-06, 1.76912e-07, 1.83289, 0.9628, 9.96633e-06, 263.619
3411, 0.18958, 0.0018642, 0.00081014, 0, 7.17134e-08, 9.8773e-08, 0, 0, 0.00267451, 1.88743e-06, 2.29086e-07, 1.66294, 0.96278, 9.9568e-06, 262.287
3412, 0.19421, 0.0018668, 0.000813949, 0, 7.54708e-08, 1.04462e-07, 0, 0, 0.00268093, 1.93158e-06, 2.4228e-07, 1.63881, 0.96276, 9.94566e-06, 262.273
3413, 0.192894, 0.00189708, 0.000817069, 0, 7.58345e-08, 1.05315e-07, 0, 0, 0.00271433, 1.91606e-06, 2.44964e-07, 1.64562, 0.96274, 9.93371e-06, 262.422
3414, 0.185482, 0.0019292, 0.00082296, 0, 7.30773e-08, 1.01268e-07, 0, 0, 0.00275233, 1.84059e-06, 2.38497e-07, 1.6848, 0.96272, 9.9225e-06, 262.597
3415, 0.140396, 0.0021785, 0.000862045, 0, 5.17398e-08, 7.17482e-08, 0, 0, 0.00304066, 1.39227e-06, 1.68855e-07, 1.96329, 0.9627, 9.91283e-06, 264.184
3416, 0.0989075, 0.00244281, 0.000893089, 0, 3.31118e-08, 4.60972e-08, 0, 0, 0.00333598, 9.79617e-07, 1.07518e-07, 2.31357, 0.96268, 9.90275e-06, 265.675
3417, 0.128372, 0.00229948, 0.000864665, 0, 4.82998e-08, 6.69604e-08, 0, 0, 0.00316426, 1.26933e-06, 1.59398e-07, 2.05282, 0.96266, 9.89204e-06, 264.739
3418, 0.194986, 0.00191841, 0.000811183, 0, 8.14828e-08, 1.12369e-07, 0, 0, 0.00272979, 1.92635e-06, 2.71935e-07, 1.63483, 0.96264, 9.88202e-06, 262.251
3419, 0.233152, 0.00170232, 0.000780663, 0, 1.01704e-07, 1.39731e-07, 0, 0, 0.00248322, 2.30151e-06, 3.41038e-07, 1.45607, 0.96262, 9.8721e-06, 260.66
3420, 0.242855, 0.0016515, 0.000772817, 0, 1.07379e-07, 1.47159e-07, 0, 0, 0.00242457, 2.39502e-06, 3.60816e-07, 1.41529, 0.9626, 9.86207e-06, 260.222
3421, 0.243455, 0.00165174, 0.000774375, 0, 1.07558e-07, 1.47286e-07, 0, 0, 0.00242637, 2.39854e-06, 3.61316e-07, 1.41282, 0.96258, 9.85202e-06, 260.182
3422, 0.241101, 0.00166555, 0.000780097, 0, 1.05389e-07, 1.44358e-07, 0, 0, 0.0024459, 2.37292e-06, 3.53242e-07, 1.42254, 0.96256, 9.84188e-06, 260.258
3423, 0.237083, 0.00168093, 0.000787117, 0, 1.01888e-07, 1.39536e-07, 0, 0, 0.00246829, 2.331e-06, 3.40777e-07, 1.43934, 0.96254, 9.83175e-06, 260.353
3424, 0.229534, 0.00170694, 0.000797994, 0, 9.62692e-08, 1.31694e-07, 0, 0, 0.00250516, 2.25454e-06, 3.21026e-07, 1.4717, 0.96252, 9.82166e-06, 260.539
3425, 0.211195, 0.00178018, 0.00082256, 0, 8.4088e-08, 1.14843e-07, 0, 0, 0.00260294, 2.07243e-06, 2.77627e-07, 1.55497, 0.9625, 9.81147e-06, 261.107
3426, 0.1804, 0.00193222, 0.000860222, 0, 6.56873e-08, 8.98305e-08, 0, 0, 0.0027926, 1.76856e-06, 2.13445e-07, 1.71258, 0.96248, 9.80121e-06, 262.201
3427, 0.138819, 0.00217974, 0.000906952, 0, 4.54036e-08, 6.27276e-08, 0, 0, 0.0030868, 1.35969e-06, 1.46287e-07, 1.97458, 0.96246, 9.79091e-06, 263.798
3428, 0.104253, 0.00238784, 0.000947954, 0, 3.12037e-08, 4.35866e-08, 0, 0, 0.00333587, 1.01982e-06, 1.00793e-07, 2.26094, 0.96244, 9.78061e-06, 265.038
3429, 0.1236, 0.00229103, 0.000930223, 0, 4.31232e-08, 5.97054e-08, 0, 0, 0.00322135, 1.20703e-06, 1.42722e-07, 2.0907, 0.96242, 9.77035e-06, 264.401
3430, 0.18691, 0.00197102, 0.000860595, 0, 7.61802e-08, 1.04787e-07, 0, 0, 0.0028318, 1.82354e-06, 2.56213e-07, 1.67713, 0.9624, 9.7601e-06, 262.219
3431, 0.231195, 0.00175931, 0.000811294, 0, 9.97696e-08, 1.36973e-07, 0, 0, 0.00257085, 2.25382e-06, 3.37369e-07, 1.46449, 0.96238, 9.74982e-06, 260.591
3432, 0.24205, 0.00172145, 0.000801558, 0, 1.05797e-07, 1.45328e-07, 0, 0, 0.00252326, 2.35743e-06, 3.57709e-07, 1.41861, 0.96236, 9.73949e-06, 260.237
3433, 0.236608, 0.00177123, 0.000811937, 0, 1.02294e-07, 1.40961e-07, 0, 0, 0.00258341, 2.30211e-06, 3.44248e-07, 1.44135, 0.96234, 9.72918e-06, 260.565
3434, 0.227518, 0.00182884, 0.000825517, 0, 9.5985e-08, 1.32597e-07, 0, 0, 0.00265458, 2.21132e-06, 3.21065e-07, 1.48053, 0.96232, 9.71902e-06, 260.954
3435, 0.225486, 0.00182033, 0.000829434, 0, 9.3403e-08, 1.28712e-07, 0, 0, 0.00264999, 2.18921e-06, 3.12033e-07, 1.4895, 0.9623, 9.70892e-06, 260.874
3436, 0.227764, 0.00178559, 0.000828522, 0, 9.36637e-08, 1.2861e-07, 0, 0, 0.00261434, 2.20901e-06, 3.13439e-07, 1.47944, 0.96228, 9.6988e-06, 260.602
3437, 0.229105, 0.00177797, 0.000829528, 0, 9.43819e-08, 1.29537e-07, 0, 0, 0.00260772, 2.21971e-06, 3.16599e-07, 1.47358, 0.96226, 9.68861e-06, 260.508
3438, 0.221121, 0.00182933, 0.000843352, 0, 9.02955e-08, 1.24275e-07, 0, 0, 0.0026729, 2.14028e-06, 3.03305e-07, 1.50904, 0.96224, 9.67827e-06, 260.857
3439, 0.189315, 0.00200202, 0.000888358, 0, 7.28506e-08, 1.01115e-07, 0, 0, 0.00289055, 1.83076e-06, 2.43924e-07, 1.66434, 0.96222, 9.66787e-06, 262.084
3440, 0.147575, 0.00221678, 0.000945523, 0, 5.01286e-08, 7.05448e-08, 0, 0, 0.00316243, 1.42558e-06, 1.66234e-07, 1.91342, 0.9622, 9.65781e-06, 263.515
3441, 0.14159, 0.00224411, 0.000956946, 0, 4.68772e-08, 6.61124e-08, 0, 0, 0.00320116, 1.3658e-06, 1.55383e-07, 1.95482, 0.96218, 9.6479e-06, 263.665
3442, 0.178434, 0.00207093, 0.000912656, 0, 6.69654e-08, 9.34422e-08, 0, 0, 0.00298375, 1.71917e-06, 2.24621e-07, 1.72354, 0.96216, 9.63767e-06, 262.449
3443, 0.216831, 0.00189932, 0.000864609, 0, 8.83893e-08, 1.22456e-07, 0, 0, 0.00276414, 2.08714e-06, 2.98268e-07, 1.52864, 0.96214, 9.62716e-06, 261.143
3444, 0.234638, 0.00182246, 0.000842936, 0, 9.90338e-08, 1.36617e-07, 0, 0, 0.00266563, 2.25638e-06, 3.35036e-07, 1.44971, 0.96212, 9.61676e-06, 260.5
3445, 0.23127, 0.00183837, 0.000850188, 0, 9.65144e-08, 1.32834e-07, 0, 0, 0.00268879, 2.2219e-06, 3.24988e-07, 1.46417, 0.9621, 9.60685e-06, 260.588
3446, 0.219905, 0.00188368, 0.000867456, 0, 8.85362e-08, 1.21553e-07, 0, 0, 0.00275135, 2.11049e-06, 2.95536e-07, 1.51456, 0.96208, 9.59701e-06, 260.911
3447, 0.219615, 0.001875, 0.000868288, 0, 8.80542e-08, 1.20563e-07, 0, 0, 0.0027435, 2.10508e-06, 2.94224e-07, 1.51588, 0.96206, 9.58561e-06, 260.812
3448, 0.223265, 0.00184951, 0.000863664, 0, 8.99528e-08, 1.23016e-07, 0, 0, 0.00271339, 2.13698e-06, 3.0201e-07, 1.4994, 0.96204, 9.57196e-06, 260.58
3449, 0.228122, 0.00183313, 0.000858803, 0, 9.27458e-08, 1.26995e-07, 0, 0, 0.00269216, 2.18063e-06, 3.13067e-07, 1.47788, 0.96202, 9.55975e-06, 260.401
3450, 0.230952, 0.00183836, 0.000858299, 0, 9.4961e-08, 1.30514e-07, 0, 0, 0.00269688, 2.20597e-06, 3.22557e-07, 1.46555, 0.962, 9.55173e-06, 260.377
3451, 0.215989, 0.00192092, 0.000883382, 0, 8.59513e-08, 1.19045e-07, 0, 0, 0.0028045, 2.06141e-06, 2.92586e-07, 1.53253, 0.96198, 9.54312e-06, 260.963
3452, 0.187905, 0.00205604, 0.000927577, 0, 6.88427e-08, 9.65919e-08, 0, 0, 0.00298378, 1.79104e-06, 2.33873e-07, 1.67182, 0.96196, 9.53109e-06, 261.927
3453, 0.165528, 0.00216615, 0.000963052, 0, 5.60156e-08, 7.94856e-08, 0, 0, 0.00312934, 1.57557e-06, 1.89316e-07, 1.79862, 0.96194, 9.51987e-06, 262.661
3454, 0.15922, 0.00223205, 0.000972843, 0, 5.34965e-08, 7.59728e-08, 0, 0, 0.00320502, 1.514e-06, 1.79158e-07, 1.83747, 0.96192, 9.51123e-06, 263.005
3455, 0.169837, 0.00224823, 0.000956477, 0, 6.01555e-08, 8.49149e-08, 0, 0, 0.00320485, 1.61324e-06, 1.99496e-07, 1.77292, 0.9619, 9.50122e-06, 262.952
3456, 0.19465, 0.00215848, 0.000923772, 0, 7.45465e-08, 1.04327e-07, 0, 0, 0.00308243, 1.8463e-06, 2.48461e-07, 1.63655, 0.96188, 9.48798e-06, 262.255
3457, 0.227617, 0.00197283, 0.000883279, 0, 9.43623e-08, 1.30926e-07, 0, 0, 0.00285634, 2.15612e-06, 3.19912e-07, 1.48009, 0.96186, 9.47452e-06, 260.951
3458, 0.246934, 0.00185868, 0.000860092, 0, 1.06487e-07, 1.47093e-07, 0, 0, 0.00271902, 2.33648e-06, 3.64734e-07, 1.39863, 0.96184, 9.46262e-06, 260.096
3459, 0.248496, 0.00185344, 0.000860879, 0, 1.07278e-07, 1.48169e-07, 0, 0, 0.00271458, 2.34925e-06, 3.67873e-07, 1.39233, 0.96182, 9.454e-06, 260.017
3460, 0.24465, 0.00187534, 0.000868793, 0, 1.04201e-07, 1.44019e-07, 0, 0, 0.00274438, 2.31124e-06, 3.56703e-07, 1.40793, 0.9618, 9.44732e-06, 260.143
3461, 0.242828, 0.00187331, 0.000872298, 0, 1.02282e-07, 1.41044e-07, 0, 0, 0.00274585, 2.29281e-06, 3.49872e-07, 1.4154, 0.96178, 9.44232e-06, 260.1
3462, 0.241533, 0.00186586, 0.000874396, 0, 1.00929e-07, 1.38793e-07, 0, 0, 0.0027405, 2.27936e-06, 3.45515e-07, 1.42075, 0.96176, 9.43698e-06, 260.017
3463, 0.234737, 0.00189219, 0.000886258, 0, 9.61073e-08, 1.32374e-07, 0, 0, 0.00277868, 2.21333e-06, 3.29354e-07, 1.44929, 0.96174, 9.42834e-06, 260.191
3464, 0.21465, 0.0019773, 0.000919122, 0, 8.24356e-08, 1.14242e-07, 0, 0, 0.00289662, 2.02171e-06, 2.81651e-07, 1.53875, 0.96172, 9.4173e-06, 260.818
3465, 0.187722, 0.00208845, 0.000961874, 0, 6.45216e-08, 9.01108e-08, 0, 0, 0.00305048, 1.76594e-06, 2.18258e-07, 1.67279, 0.9617, 9.40628e-06, 261.617
3466, 0.177122, 0.00213406, 0.000979968, 0, 5.76017e-08, 8.06372e-08, 0, 0, 0.00311416, 1.66418e-06, 1.93551e-07, 1.73092, 0.96168, 9.39658e-06, 261.906
3467, 0.195665, 0.00206691, 0.00095515, 0, 6.96105e-08, 9.6754e-08, 0, 0, 0.00302222, 1.83581e-06, 2.3582e-07, 1.63135, 0.96166, 9.3851e-06, 261.36
3468, 0.225388, 0.00195854, 0.000913804, 0, 8.93829e-08, 1.23349e-07, 0, 0, 0.00287255, 2.11136e-06, 3.05905e-07, 1.48993, 0.96164, 9.37016e-06, 260.475
3469, 0.245976, 0.0018889, 0.000886184, 0, 1.03784e-07, 1.42937e-07, 0, 0, 0.00277533, 2.30217e-06, 3.58091e-07, 1.40252, 0.96162, 9.36019e-06, 259.862
3470, 0.253041, 0.001874, 0.000879224, 0, 1.08831e-07, 1.5004e-07, 0, 0, 0.00275349, 2.36761e-06, 3.7682e-07, 1.3742, 0.9616, 9.35664e-06, 259.682
3471, 0.247077, 0.00191546, 0.000892556, 0, 1.04142e-07, 1.43892e-07, 0, 0, 0.00280827, 2.31047e-06, 3.59098e-07, 1.39806, 0.96158, 9.35073e-06, 259.951
3472, 0.23175, 0.00200147, 0.000921232, 0, 9.25372e-08, 1.28322e-07, 0, 0, 0.00292292, 2.16509e-06, 3.15176e-07, 1.4621, 0.96156, 9.34159e-06, 260.554
3473, 0.220709, 0.00205008, 0.000941042, 0, 8.39648e-08, 1.16514e-07, 0, 0, 0.00299133, 2.05965e-06, 2.82779e-07, 1.51091, 0.96154, 9.3317e-06, 260.882
3474, 0.221673, 0.00202377, 0.000938411, 0, 8.4275e-08, 1.16375e-07, 0, 0, 0.00296238, 2.06641e-06, 2.84364e-07, 1.50655, 0.96152, 9.32198e-06, 260.671
3475, 0.226248, 0.00199359, 0.000931489, 0, 8.73829e-08, 1.20446e-07, 0, 0, 0.00292529, 2.10691e-06, 2.9709e-07, 1.48612, 0.9615, 9.31238e-06, 260.413
3476, 0.224489, 0.00200553, 0.000937124, 0, 8.59214e-08, 1.18922e-07, 0, 0, 0.00294286, 2.08847e-06, 2.936e-07, 1.49393, 0.96148, 9.30283e-06, 260.459
3477, 0.215813, 0.00204521, 0.000953591, 0, 7.9314e-08, 1.10478e-07, 0, 0, 0.00299899, 2.00575e-06, 2.71329e-07, 1.53334, 0.96146, 9.29349e-06, 260.718
3478, 0.210259, 0.00206974, 0.000964679, 0, 7.48089e-08, 1.04676e-07, 0, 0, 0.0030346, 1.95205e-06, 2.56275e-07, 1.55942, 0.96144, 9.28404e-06, 260.861
3479, 0.215708, 0.00205498, 0.000959151, 0, 7.84555e-08, 1.09763e-07, 0, 0, 0.00301432, 2.00026e-06, 2.70167e-07, 1.53383, 0.96142, 9.27364e-06, 260.699
3480, 0.227327, 0.00201825, 0.000943977, 0, 8.66595e-08, 1.2076e-07, 0, 0, 0.00296243, 2.10409e-06, 2.99558e-07, 1.48137, 0.9614, 9.2565e-06, 260.363
3481, 0.236977, 0.00199039, 0.000931941, 0, 9.32043e-08, 1.29367e-07, 0, 0, 0.00292256, 2.18099e-06, 3.2235e-07, 1.43979, 0.96138, 9.20184e-06, 260.09
3482, 0.240281, 0.00199097, 0.0009309, 0, 9.44472e-08, 1.30962e-07, 0, 0, 0.00292209, 2.18287e-06, 3.26073e-07, 1.42595, 0.96136, 9.07608e-06, 260.036
3483, 0.242034, 0.00199349, 0.000931553, 0, 9.50871e-08, 1.31824e-07, 0, 0, 0.00292527, 2.18024e-06, 3.28421e-07, 1.41868, 0.96134, 8.99465e-06, 260.003
3484, 0.247373, 0.00197167, 0.000923982, 0, 1.00378e-07, 1.38829e-07, 0, 0, 0.0028959, 2.2476e-06, 3.48474e-07, 1.39686, 0.96132, 9.07526e-06, 259.786
3485, 0.246568, 0.0019699, 0.000925146, 0, 1.00891e-07, 1.39232e-07, 0, 0, 0.00289529, 2.26271e-06, 3.50529e-07, 1.40012, 0.9613, 9.17407e-06, 259.732
3486, 0.238287, 0.00200375, 0.000939791, 0, 9.44764e-08, 1.30382e-07, 0, 0, 0.00294376, 2.19257e-06, 3.26387e-07, 1.43428, 0.96128, 9.20097e-06, 259.952
3487, 0.230436, 0.00204415, 0.000955834, 0, 8.84504e-08, 1.22201e-07, 0, 0, 0.0030002, 2.11934e-06, 3.03611e-07, 1.46778, 0.96126, 9.19672e-06, 260.212
3488, 0.222536, 0.002081, 0.000971367, 0, 8.27056e-08, 1.1425e-07, 0, 0, 0.00305256, 2.04471e-06, 2.82115e-07, 1.50267, 0.96124, 9.1878e-06, 260.446
3489, 0.216502, 0.00210873, 0.00098364, 0, 7.79902e-08, 1.07902e-07, 0, 0, 0.00309256, 1.98726e-06, 2.65086e-07, 1.53016, 0.96122, 9.17872e-06, 260.609
3490, 0.216031, 0.00212595, 0.000989112, 0, 7.71622e-08, 1.07463e-07, 0, 0, 0.00311525, 1.98086e-06, 2.63222e-07, 1.53233, 0.9612, 9.16948e-06, 260.678
3491, 0.221959, 0.00212332, 0.000985337, 0, 8.13274e-08, 1.13945e-07, 0, 0, 0.00310885, 2.03307e-06, 2.79881e-07, 1.50526, 0.96118, 9.16006e-06, 260.593
3492, 0.229986, 0.00209793, 0.000975845, 0, 8.71658e-08, 1.22127e-07, 0, 0, 0.00307398, 2.10442e-06, 3.02375e-07, 1.46974, 0.96116, 9.15052e-06, 260.356
3493, 0.233997, 0.00207488, 0.00096977, 0, 8.9874e-08, 1.2534e-07, 0, 0, 0.00304487, 2.13892e-06, 3.1227e-07, 1.45245, 0.96114, 9.14094e-06, 260.149
3494, 0.238773, 0.00205221, 0.000962451, 0, 9.33801e-08, 1.29485e-07, 0, 0, 0.00301489, 2.18023e-06, 3.24449e-07, 1.43224, 0.96112, 9.13134e-06, 259.936
3495, 0.248086, 0.00202257, 0.000950167, 0, 1.00735e-07, 1.39365e-07, 0, 0, 0.00297298, 2.26285e-06, 3.51767e-07, 1.39398, 0.9611, 9.12169e-06, 259.655
3496, 0.25502, 0.00200503, 0.000942406, 0, 1.06223e-07, 1.46986e-07, 0, 0, 0.00294769, 2.32367e-06, 3.72743e-07, 1.36641, 0.96108, 9.11182e-06, 259.465
3497, 0.253449, 0.00201796, 0.000947812, 0, 1.04707e-07, 1.44995e-07, 0, 0, 0.00296603, 2.30673e-06, 3.67164e-07, 1.37259, 0.96106, 9.10106e-06, 259.515
3498, 0.246016, 0.00205039, 0.000961984, 0, 9.84209e-08, 1.36348e-07, 0, 0, 0.00301261, 2.23501e-06, 3.43351e-07, 1.40236, 0.96104, 9.0846e-06, 259.72
3499, 0.241108, 0.00206964, 0.000971248, 0, 9.40936e-08, 1.30165e-07, 0, 0, 0.00304112, 2.17793e-06, 3.2703e-07, 1.42251, 0.961023, 9.0358e-06, 259.824
3500, 0.242657, 0.00207207, 0.000972117, 0, 9.42117e-08, 1.30214e-07, 0, 0, 0.00304442, 2.15943e-06, 3.27608e-07, 1.41611, 0.961014, 8.90962e-06, 259.791
3501, 0.244498, 0.00208605, 0.000975644, 0, 9.43574e-08, 1.3088e-07, 0, 0, 0.00306192, 2.14633e-06, 3.28591e-07, 1.40855, 0.961015, 8.79338e-06, 259.834
3502, 0.239888, 0.00212199, 0.000988931, 0, 9.13607e-08, 1.27324e-07, 0, 0, 0.00311114, 2.12033e-06, 3.17608e-07, 1.42758, 0.961024, 8.85247e-06, 260.045
3503, 0.231704, 0.00215299, 0.00100355, 0, 8.66679e-08, 1.20841e-07, 0, 0, 0.00315675, 2.07811e-06, 3.00311e-07, 1.4623, 0.961036, 8.97506e-06, 260.234
3504, 0.233252, 0.00213938, 0.00100074, 0, 8.8621e-08, 1.23344e-07, 0, 0, 0.00314033, 2.10427e-06, 3.08723e-07, 1.45563, 0.961048, 9.02256e-06, 260.098
3505, 0.246439, 0.00209116, 0.00098132, 0, 9.8599e-08, 1.37191e-07, 0, 0, 0.00307271, 2.2238e-06, 3.47332e-07, 1.40064, 0.96106, 9.02424e-06, 259.689
3506, 0.255241, 0.00206849, 0.000970965, 0, 1.0502e-07, 1.46154e-07, 0, 0, 0.00303971, 2.30118e-06, 3.71404e-07, 1.36555, 0.961072, 9.01577e-06, 259.461
3507, 0.255168, 0.00208237, 0.000975641, 0, 1.04645e-07, 1.4568e-07, 0, 0, 0.00305826, 2.2977e-06, 3.69125e-07, 1.36583, 0.961084, 9.00431e-06, 259.51
3508, 0.253187, 0.0020989, 0.000982196, 0, 1.02899e-07, 1.43222e-07, 0, 0, 0.00308134, 2.27691e-06, 3.62027e-07, 1.37363, 0.961096, 8.99275e-06, 259.583
3509, 0.252129, 0.00210524, 0.000985596, 0, 1.02035e-07, 1.41853e-07, 0, 0, 0.00309108, 2.26516e-06, 3.58761e-07, 1.37781, 0.961108, 8.98407e-06, 259.584
3510, 0.248259, 0.00212467, 0.000994422, 0, 9.9241e-08, 1.3782e-07, 0, 0, 0.00311933, 2.2284e-06, 3.47913e-07, 1.39328, 0.96112, 8.97609e-06, 259.683
3511, 0.244012, 0.00214373, 0.0010035, 0, 9.65939e-08, 1.3386e-07, 0, 0, 0.00314746, 2.18774e-06, 3.37704e-07, 1.41054, 0.961132, 8.96597e-06, 259.781
3512, 0.245706, 0.00214135, 0.00100293, 0, 9.79431e-08, 1.35684e-07, 0, 0, 0.00314452, 2.20024e-06, 3.43271e-07, 1.40362, 0.961144, 8.95528e-06, 259.715
3513, 0.24817, 0.00215154, 0.00100452, 0, 9.90126e-08, 1.37729e-07, 0, 0, 0.0031563, 2.2201e-06, 3.47567e-07, 1.39364, 0.961156, 8.94604e-06, 259.726
3514, 0.244144, 0.00219368, 0.00101817, 0, 9.5334e-08, 1.33286e-07, 0, 0, 0.00321207, 2.1825e-06, 3.33336e-07, 1.41, 0.961168, 8.93926e-06, 259.964
3515, 0.243114, 0.00220945, 0.00102373, 0, 9.4383e-08, 1.32249e-07, 0, 0, 0.0032334, 2.17168e-06, 3.3009e-07, 1.41422, 0.96118, 8.93288e-06, 260.023
3516, 0.247901, 0.00218794, 0.00101682, 0, 9.79136e-08, 1.37145e-07, 0, 0, 0.003205, 2.21241e-06, 3.44573e-07, 1.39473, 0.961192, 8.9248e-06, 259.827
3517, 0.251877, 0.00216914, 0.00101146, 0, 1.00688e-07, 1.40937e-07, 0, 0, 0.00318084, 2.24535e-06, 3.55973e-07, 1.37882, 0.961204, 8.91459e-06, 259.652
3518, 0.252151, 0.00217169, 0.00101381, 0, 1.00593e-07, 1.40742e-07, 0, 0, 0.00318573, 2.24439e-06, 3.5578e-07, 1.37773, 0.961216, 8.90098e-06, 259.627
3519, 0.249876, 0.00218617, 0.0010207, 0, 9.83379e-08, 1.37541e-07, 0, 0, 0.0032071, 2.21792e-06, 3.47185e-07, 1.38679, 0.961228, 8.87653e-06, 259.686
3520, 0.249762, 0.00218461, 0.0010219, 0, 9.71336e-08, 1.35699e-07, 0, 0, 0.00320674, 2.19926e-06, 3.43155e-07, 1.38725, 0.96124, 8.80882e-06, 259.634
3521, 0.252053, 0.00217576, 0.00101919, 0, 9.70881e-08, 1.35486e-07, 0, 0, 0.00319518, 2.18066e-06, 3.43796e-07, 1.37812, 0.961252, 8.66098e-06, 259.524
3522, 0.251506, 0.0021956, 0.00102506, 0, 9.57953e-08, 1.33806e-07, 0, 0, 0.00322089, 2.14847e-06, 3.3871e-07, 1.38029, 0.961264, 8.55709e-06, 259.606
3523, 0.247937, 0.00223269, 0.00103748, 0, 9.44268e-08, 1.32178e-07, 0, 0, 0.0032704, 2.14076e-06, 3.32433e-07, 1.39458, 0.961276, 8.64654e-06, 259.808
3524, 0.250638, 0.00222129, 0.00103419, 0, 9.80259e-08, 1.37076e-07, 0, 0, 0.00325571, 2.19886e-06, 3.46238e-07, 1.38374, 0.961288, 8.77583e-06, 259.683
3525, 0.255124, 0.00218942, 0.00102463, 0, 1.01883e-07, 1.42072e-07, 0, 0, 0.0032143, 2.25108e-06, 3.62071e-07, 1.36601, 0.9613, 8.82359e-06, 259.422
3526, 0.249338, 0.00221562, 0.00103601, 0, 9.75411e-08, 1.35959e-07, 0, 0, 0.00325186, 2.2015e-06, 3.45896e-07, 1.38895, 0.961312, 8.82911e-06, 259.563
3527, 0.237525, 0.00228393, 0.00106158, 0, 8.88606e-08, 1.24123e-07, 0, 0, 0.00334571, 2.09599e-06, 3.12403e-07, 1.43748, 0.961324, 8.82393e-06, 259.984
3528, 0.234683, 0.00231121, 0.00107154, 0, 8.68208e-08, 1.21488e-07, 0, 0, 0.00338295, 2.06893e-06, 3.04405e-07, 1.44952, 0.961336, 8.81604e-06, 260.117
3529, 0.242312, 0.00228167, 0.00106098, 0, 9.24825e-08, 1.29328e-07, 0, 0, 0.00334287, 2.13409e-06, 3.26399e-07, 1.41753, 0.961348, 8.80752e-06, 259.869
3530, 0.246504, 0.00226456, 0.00105548, 0, 9.57061e-08, 1.33714e-07, 0, 0, 0.00332027, 2.16894e-06, 3.39273e-07, 1.40038, 0.96136, 8.79876e-06, 259.707
3531, 0.242349, 0.00228694, 0.00106481, 0, 9.26805e-08, 1.29458e-07, 0, 0, 0.00335197, 2.13027e-06, 3.27999e-07, 1.41737, 0.961372, 8.78988e-06, 259.814
3532, 0.238313, 0.00231103, 0.00107411, 0, 8.95488e-08, 1.25108e-07, 0, 0, 0.00338536, 2.09265e-06, 3.16303e-07, 1.43417, 0.961384, 8.78097e-06, 259.928
3533, 0.233537, 0.00234481, 0.00108582, 0, 8.63725e-08, 1.20699e-07, 0, 0, 0.00343084, 2.04865e-06, 3.04222e-07, 1.45442, 0.961396, 8.77205e-06, 260.099
3534, 0.227162, 0.00237769, 0.00109979, 0, 8.24434e-08, 1.14988e-07, 0, 0, 0.00347768, 1.99073e-06, 2.88958e-07, 1.48209, 0.961408, 8.76308e-06, 260.275
3535, 0.213407, 0.00243605, 0.00112625, 0, 7.38337e-08, 1.02532e-07, 0, 0, 0.00356248, 1.86835e-06, 2.55646e-07, 1.54455, 0.96142, 8.75404e-06, 260.626
3536, 0.203064, 0.00250331, 0.00115101, 0, 6.70541e-08, 9.32212e-08, 0, 0, 0.00365448, 1.77574e-06, 2.29165e-07, 1.59423, 0.961432, 8.74486e-06, 261.002
3537, 0.216142, 0.00246437, 0.00113353, 0, 7.5015e-08, 1.04799e-07, 0, 0, 0.00359808, 1.88788e-06, 2.59658e-07, 1.53182, 0.961444, 8.73539e-06, 260.692
3538, 0.22677, 0.00240035, 0.00111295, 0, 8.16986e-08, 1.13895e-07, 0, 0, 0.00351349, 1.97874e-06, 2.8607e-07, 1.48382, 0.961456, 8.72577e-06, 260.245
3539, 0.213977, 0.00245274, 0.00113609, 0, 7.29364e-08, 1.01416e-07, 0, 0, 0.003589, 1.86529e-06, 2.52709e-07, 1.54189, 0.961468, 8.71646e-06, 260.55
3540, 0.199031, 0.00255529, 0.00117076, 0, 6.26428e-08, 8.73808e-08, 0, 0, 0.0037262, 1.73304e-06, 2.12628e-07, 1.6143, 0.96148, 8.70705e-06, 261.128
3541, 0.19919, 0.00257467, 0.00117599, 0, 6.25817e-08, 8.74471e-08, 0, 0, 0.00375081, 1.73215e-06, 2.12293e-07, 1.61349, 0.961492, 8.69649e-06, 261.188
3542, 0.208191, 0.00252304, 0.00116061, 0, 6.82153e-08, 9.51799e-08, 0, 0, 0.00368382, 1.8077e-06, 2.34447e-07, 1.5693, 0.961504, 8.68349e-06, 260.836
3543, 0.213404, 0.00250342, 0.00115476, 0, 7.12128e-08, 9.95426e-08, 0, 0, 0.00365835, 1.84805e-06, 2.46432e-07, 1.54457, 0.961516, 8.66097e-06, 260.67
3544, 0.21842, 0.00249014, 0.00114954, 0, 7.35746e-08, 1.03128e-07, 0, 0, 0.00363986, 1.87641e-06, 2.56233e-07, 1.52133, 0.961528, 8.59537e-06, 260.535
3545, 0.223695, 0.0024603, 0.00114038, 0, 7.49174e-08, 1.0501e-07, 0, 0, 0.00360086, 1.88686e-06, 2.62405e-07, 1.49747, 0.96154, 8.44467e-06, 260.305
3546, 0.224301, 0.00246527, 0.00114135, 0, 7.39283e-08, 1.03623e-07, 0, 0, 0.00360679, 1.8641e-06, 2.58867e-07, 1.49477, 0.961552, 8.3248e-06, 260.283
3547, 0.2246, 0.0024752, 0.00114412, 0, 7.56493e-08, 1.05848e-07, 0, 0, 0.00361949, 1.88556e-06, 2.64887e-07, 1.49344, 0.961564, 8.40381e-06, 260.291
3548, 0.23122, 0.0024402, 0.00113339, 0, 8.21779e-08, 1.14699e-07, 0, 0, 0.00357379, 1.97582e-06, 2.90185e-07, 1.46439, 0.961576, 8.54508e-06, 260.03
3549, 0.237643, 0.00242289, 0.00112606, 0, 8.7031e-08, 1.21756e-07, 0, 0, 0.00354916, 2.04482e-06, 3.0957e-07, 1.43699, 0.961588, 8.60409e-06, 259.865
3550, 0.237881, 0.00244313, 0.00113174, 0, 8.68299e-08, 1.21914e-07, 0, 0, 0.00357508, 2.04866e-06, 3.09039e-07, 1.43599, 0.9616, 8.61216e-06, 259.936
3551, 0.238311, 0.00245541, 0.00113565, 0, 8.68188e-08, 1.2209e-07, 0, 0, 0.00359126, 2.05137e-06, 3.0878e-07, 1.43418, 0.961612, 8.60793e-06, 259.962
3552, 0.232679, 0.0025078, 0.00115231, 0, 8.3133e-08, 1.17151e-07, 0, 0, 0.00366031, 2.00136e-06, 2.94018e-07, 1.4581, 0.961624, 8.60098e-06, 260.23
3553, 0.221026, 0.00258927, 0.00117953, 0, 7.56901e-08, 1.06902e-07, 0, 0, 0.00376898, 1.89943e-06, 2.65078e-07, 1.50948, 0.961636, 8.59316e-06, 260.67
3554, 0.210694, 0.00265617, 0.00120236, 0, 6.91251e-08, 9.77681e-08, 0, 0, 0.00385869, 1.80887e-06, 2.40081e-07, 1.55735, 0.961648, 8.585e-06, 261.016
3555, 0.212011, 0.00265802, 0.00120318, 0, 6.96825e-08, 9.86605e-08, 0, 0, 0.00386137, 1.81822e-06, 2.42661e-07, 1.55112, 0.96166, 8.57652e-06, 260.978
3556, 0.226619, 0.00257481, 0.00117743, 0, 7.84512e-08, 1.10949e-07, 0, 0, 0.00375244, 1.94144e-06, 2.76809e-07, 1.48448, 0.961672, 8.56767e-06, 260.447
3557, 0.237978, 0.00250505, 0.00115712, 0, 8.51624e-08, 1.20267e-07, 0, 0, 0.00366237, 2.0368e-06, 3.02941e-07, 1.43558, 0.961684, 8.559e-06, 259.991
3558, 0.239753, 0.00249441, 0.00115539, 0, 8.61028e-08, 1.21478e-07, 0, 0, 0.00365001, 2.05007e-06, 3.06861e-07, 1.42815, 0.961696, 8.55069e-06, 259.885
3559, 0.235021, 0.0025231, 0.0011666, 0, 8.31805e-08, 1.17214e-07, 0, 0, 0.0036899, 2.00765e-06, 2.95743e-07, 1.44808, 0.961708, 8.54224e-06, 260.017
3560, 0.234898, 0.00252009, 0.00116744, 0, 8.33648e-08, 1.17182e-07, 0, 0, 0.00368773, 2.00443e-06, 2.96973e-07, 1.44861, 0.96172, 8.53354e-06, 259.958
3561, 0.248126, 0.00244495, 0.0011417, 0, 9.24622e-08, 1.29689e-07, 0, 0, 0.00358687, 2.11505e-06, 3.33423e-07, 1.39382, 0.961732, 8.52476e-06, 259.445
3562, 0.260076, 0.0023846, 0.00111995, 0, 1.00598e-07, 1.41038e-07, 0, 0, 0.00350479, 2.21473e-06, 3.66013e-07, 1.34678, 0.961744, 8.51595e-06, 259.011
3563, 0.260273, 0.00238174, 0.00112072, 0, 1.00385e-07, 1.40672e-07, 0, 0, 0.00350271, 2.21417e-06, 3.65661e-07, 1.34602, 0.961756, 8.50683e-06, 258.952
3564, 0.250443, 0.00242151, 0.00113994, 0, 9.283e-08, 1.2995e-07, 0, 0, 0.00356168, 2.12815e-06, 3.36358e-07, 1.38453, 0.961768, 8.49697e-06, 259.18
3565, 0.239556, 0.00247352, 0.0011627, 0, 8.47642e-08, 1.18614e-07, 0, 0, 0.00363642, 2.03327e-06, 3.04897e-07, 1.42897, 0.96178, 8.48722e-06, 259.476
3566, 0.229683, 0.00254669, 0.0011877, 0, 7.85884e-08, 1.10164e-07, 0, 0, 0.00373458, 1.94748e-06, 2.80613e-07, 1.47106, 0.961792, 8.47854e-06, 259.872
3567, 0.217081, 0.0026667, 0.0012219, 0, 7.18739e-08, 1.01204e-07, 0, 0, 0.00388878, 1.83871e-06, 2.53986e-07, 1.52749, 0.961804, 8.46974e-06, 260.502
3568, 0.208343, 0.00278877, 0.00124808, 0, 6.81388e-08, 9.65619e-08, 0, 0, 0.00403701, 1.7626e-06, 2.3932e-07, 1.56857, 0.961816, 8.4599e-06, 261.083
3569, 0.202972, 0.00288351, 0.00126273, 0, 6.65327e-08, 9.46803e-08, 0, 0, 0.00414641, 1.71444e-06, 2.33859e-07, 1.59469, 0.961828, 8.44731e-06, 261.486
3570, 0.209973, 0.00283166, 0.00124869, 0, 7.0146e-08, 9.96773e-08, 0, 0, 0.00408052, 1.76958e-06, 2.48716e-07, 1.56078, 0.96184, 8.43005e-06, 261.165
3571, 0.224921, 0.00266861, 0.00121701, 0, 7.61105e-08, 1.07705e-07, 0, 0, 0.0038858, 1.8898e-06, 2.7245e-07, 1.49201, 0.961852, 8.40263e-06, 260.291
3572, 0.226955, 0.00260472, 0.00121188, 0, 7.46004e-08, 1.05339e-07, 0, 0, 0.00381678, 1.8933e-06, 2.67394e-07, 1.483, 0.961864, 8.33235e-06, 259.941
3573, 0.217408, 0.00265373, 0.00123352, 0, 6.70777e-08, 9.47863e-08, 0, 0, 0.00388742, 1.78526e-06, 2.39041e-07, 1.52598, 0.961876, 8.17798e-06, 260.199
3574, 0.204464, 0.00274735, 0.00126562, 0, 5.83339e-08, 8.26922e-08, 0, 0, 0.00401311, 1.65569e-06, 2.05327e-07, 1.58736, 0.961888, 8.05664e-06, 260.686
3575, 0.202087, 0.00279488, 0.00127855, 0, 5.73556e-08, 8.1528e-08, 0, 0, 0.00407357, 1.64968e-06, 2.00468e-07, 1.59906, 0.9619, 8.13667e-06, 260.89
3576, 0.21256, 0.00276281, 0.00126349, 0, 6.51158e-08, 9.24943e-08, 0, 0, 0.00402646, 1.76314e-06, 2.29715e-07, 1.54853, 0.961912, 8.28386e-06, 260.644
3577, 0.231061, 0.00265141, 0.00122552, 0, 7.74564e-08, 1.09581e-07, 0, 0, 0.00387711, 1.92995e-06, 2.78368e-07, 1.46508, 0.961924, 8.35012e-06, 259.958
3578, 0.246297, 0.00254584, 0.00119187, 0, 8.73585e-08, 1.2313e-07, 0, 0, 0.00373793, 2.0601e-06, 3.18153e-07, 1.40122, 0.961936, 8.36403e-06, 259.296
3579, 0.250614, 0.00251788, 0.00118391, 0, 9.04262e-08, 1.27237e-07, 0, 0, 0.00370201, 2.09605e-06, 3.30664e-07, 1.38384, 0.961948, 8.36356e-06, 259.086
3580, 0.243414, 0.00257242, 0.00120309, 0, 8.65043e-08, 1.21679e-07, 0, 0, 0.00377572, 2.03456e-06, 3.15046e-07, 1.41299, 0.96196, 8.35804e-06, 259.366
3581, 0.226301, 0.00270586, 0.00124602, 0, 7.67615e-08, 1.08161e-07, 0, 0, 0.00395207, 1.88995e-06, 2.76194e-07, 1.48589, 0.961972, 8.3509e-06, 260.083
3582, 0.218633, 0.00278728, 0.00126972, 0, 7.21348e-08, 1.02036e-07, 0, 0, 0.00405717, 1.824e-06, 2.57769e-07, 1.52036, 0.961984, 8.34298e-06, 260.477
3583, 0.227807, 0.0027448, 0.00125517, 0, 7.69815e-08, 1.09062e-07, 0, 0, 0.00400016, 1.89842e-06, 2.76931e-07, 1.47926, 0.961996, 8.33389e-06, 260.189
3584, 0.226274, 0.00276708, 0.00126302, 0, 7.55458e-08, 1.07157e-07, 0, 0, 0.00403028, 1.88384e-06, 2.71185e-07, 1.48601, 0.962008, 8.32531e-06, 260.266
3585, 0.21641, 0.00283295, 0.00128744, 0, 6.9225e-08, 9.82493e-08, 0, 0, 0.00412055, 1.80018e-06, 2.46125e-07, 1.53058, 0.96202, 8.31824e-06, 260.592
3586, 0.21621, 0.00282201, 0.00128883, 0, 6.89154e-08, 9.75453e-08, 0, 0, 0.00411101, 1.79673e-06, 2.45033e-07, 1.53151, 0.962032, 8.30966e-06, 260.503
3587, 0.217927, 0.00282836, 0.00128953, 0, 7.06289e-08, 9.99398e-08, 0, 0, 0.00411806, 1.80872e-06, 2.52069e-07, 1.5236, 0.962044, 8.29832e-06, 260.483
3588, 0.222743, 0.00282722, 0.0012861, 0, 7.3832e-08, 1.04709e-07, 0, 0, 0.0041135, 1.8459e-06, 2.64732e-07, 1.50174, 0.962056, 8.28644e-06, 260.415
3589, 0.231028, 0.00278492, 0.00127354, 0, 7.80655e-08, 1.10899e-07, 0, 0, 0.00405865, 1.91182e-06, 2.81354e-07, 1.46522, 0.962068, 8.27551e-06, 260.14
3590, 0.234364, 0.00275467, 0.00126709, 0, 7.9066e-08, 1.12398e-07, 0, 0, 0.00402195, 1.93769e-06, 2.85949e-07, 1.45088, 0.96208, 8.26829e-06, 259.937
3591, 0.235376, 0.00273007, 0.00126353, 0, 7.87329e-08, 1.1192e-07, 0, 0, 0.00399379, 1.94473e-06, 2.85745e-07, 1.44657, 0.962092, 8.26232e-06, 259.77
3592, 0.22797, 0.00279163, 0.00128585, 0, 7.38661e-08, 1.05331e-07, 0, 0, 0.00407765, 1.88207e-06, 2.66653e-07, 1.47854, 0.962104, 8.25567e-06, 260.072
3593, 0.221344, 0.0028734, 0.00131049, 0, 7.04044e-08, 1.00772e-07, 0, 0, 0.00418407, 1.82617e-06, 2.52437e-07, 1.50804, 0.962116, 8.25068e-06, 260.458
3594, 0.233161, 0.00280774, 0.00128689, 0, 7.85103e-08, 1.11944e-07, 0, 0, 0.00409482, 1.92214e-06, 2.84794e-07, 1.45603, 0.962128, 8.24463e-06, 260.045
3595, 0.248535, 0.0026992, 0.00125113, 0, 8.83831e-08, 1.25427e-07, 0, 0, 0.00395054, 2.04701e-06, 3.24693e-07, 1.39217, 0.96214, 8.23657e-06, 259.392
3596, 0.245778, 0.00273545, 0.00126061, 0, 8.70851e-08, 1.23597e-07, 0, 0, 0.00399627, 2.0223e-06, 3.19605e-07, 1.40333, 0.962152, 8.22766e-06, 259.536
3597, 0.236365, 0.00282756, 0.00128743, 0, 8.17736e-08, 1.16292e-07, 0, 0, 0.00411519, 1.94269e-06, 2.98237e-07, 1.44238, 0.962164, 8.21877e-06, 259.982
3598, 0.24191, 0.00278757, 0.00127688, 0, 8.48711e-08, 1.20569e-07, 0, 0, 0.00406466, 1.98602e-06, 3.10856e-07, 1.41919, 0.962176, 8.21005e-06, 259.725
3599, 0.247665, 0.00274175, 0.00126559, 0, 8.78811e-08, 1.24712e-07, 0, 0, 0.00400754, 2.03109e-06, 3.23211e-07, 1.39568, 0.962188, 8.20041e-06, 259.438
3600, 0.239317, 0.00282047, 0.00128968, 0, 8.30078e-08, 1.17999e-07, 0, 0, 0.00411035, 1.96026e-06, 3.03797e-07, 1.42997, 0.9622, 8.18978e-06, 259.816
3601, 0.239091, 0.00283615, 0.0012939, 0, 8.31584e-08, 1.18213e-07, 0, 0, 0.00413026, 1.95577e-06, 3.04598e-07, 1.43091, 0.962212, 8.17967e-06, 259.849
3602, 0.254964, 0.00271406, 0.00125754, 0, 9.26103e-08, 1.31228e-07, 0, 0, 0.00397182, 2.08274e-06, 3.43034e-07, 1.36663, 0.962224, 8.16918e-06, 259.141
3603, 0.265347, 0.00262921, 0.00123367, 0, 9.85559e-08, 1.39342e-07, 0, 0, 0.00386312, 2.16368e-06, 3.67518e-07, 1.32672, 0.962236, 8.15398e-06, 258.627
3604, 0.2623, 0.00263762, 0.00124126, 0, 9.58318e-08, 1.35402e-07, 0, 0, 0.00387911, 2.13133e-06, 3.57089e-07, 1.33827, 0.962248, 8.12264e-06, 258.647
3605, 0.250185, 0.00270849, 0.00126999, 0, 8.70749e-08, 1.23064e-07, 0, 0, 0.00397869, 2.01432e-06, 3.22524e-07, 1.38556, 0.96226, 8.03719e-06, 259.024
3606, 0.230907, 0.00284866, 0.00131802, 0, 7.45928e-08, 1.05539e-07, 0, 0, 0.00416686, 1.82595e-06, 2.73159e-07, 1.46574, 0.962272, 7.8723e-06, 259.755
3607, 0.212981, 0.0029877, 0.00136406, 0, 6.43134e-08, 9.10554e-08, 0, 0, 0.00435192, 1.6641e-06, 2.32338e-07, 1.54655, 0.962284, 7.77337e-06, 260.443
3608, 0.219259, 0.00295372, 0.00135421, 0, 6.87532e-08, 9.73212e-08, 0, 0, 0.00430809, 1.73485e-06, 2.49482e-07, 1.5175, 0.962296, 7.87628e-06, 260.223
3609, 0.238661, 0.0028468, 0.00131765, 0, 8.03909e-08, 1.14055e-07, 0, 0, 0.00416465, 1.91742e-06, 2.95113e-07, 1.43271, 0.962308, 8.01854e-06, 259.6
3610, 0.244081, 0.00284325, 0.00131465, 0, 8.33694e-08, 1.18732e-07, 0, 0, 0.00415811, 1.97225e-06, 3.06489e-07, 1.41025, 0.96232, 8.07816e-06, 259.525
3611, 0.239326, 0.00288978, 0.00133096, 0, 8.0118e-08, 1.14373e-07, 0, 0, 0.00422094, 1.93623e-06, 2.93405e-07, 1.42993, 0.962332, 8.09022e-06, 259.73
3612, 0.232432, 0.00294713, 0.00134984, 0, 7.59511e-08, 1.08552e-07, 0, 0, 0.00429715, 1.88021e-06, 2.76936e-07, 1.45916, 0.962344, 8.08917e-06, 259.985
3613, 0.227406, 0.00301052, 0.00136546, 0, 7.38533e-08, 1.05675e-07, 0, 0, 0.00437617, 1.83845e-06, 2.68856e-07, 1.48102, 0.962356, 8.08443e-06, 260.246
3614, 0.233957, 0.00298371, 0.00135361, 0, 7.85385e-08, 1.12277e-07, 0, 0, 0.00433751, 1.88984e-06, 2.88032e-07, 1.45262, 0.962368, 8.07821e-06, 260.047
3615, 0.249925, 0.00286443, 0.00131772, 0, 8.80142e-08, 1.25456e-07, 0, 0, 0.00418236, 2.01709e-06, 3.26443e-07, 1.38659, 0.96238, 8.07113e-06, 259.381
3616, 0.251797, 0.00285757, 0.00131705, 0, 8.89886e-08, 1.26817e-07, 0, 0, 0.00417484, 2.03043e-06, 3.30486e-07, 1.37913, 0.962392, 8.06343e-06, 259.303
3617, 0.243328, 0.00293641, 0.00134192, 0, 8.39302e-08, 1.19812e-07, 0, 0, 0.00427854, 1.96023e-06, 3.10256e-07, 1.41334, 0.962404, 8.05571e-06, 259.67
3618, 0.24968, 0.00288679, 0.00132756, 0, 8.76548e-08, 1.24904e-07, 0, 0, 0.00421456, 2.00942e-06, 3.25857e-07, 1.38758, 0.962416, 8.0484e-06, 259.366
3619, 0.262887, 0.0027751, 0.00129524, 0, 9.5244e-08, 1.35335e-07, 0, 0, 0.00407057, 2.11379e-06, 3.57251e-07, 1.33603, 0.962428, 8.04098e-06, 258.731
3620, 0.267896, 0.00273298, 0.00128444, 0, 9.79336e-08, 1.39037e-07, 0, 0, 0.00401765, 2.15206e-06, 3.68745e-07, 1.31716, 0.96244, 8.03323e-06, 258.463
3621, 0.269738, 0.0027241, 0.00128239, 0, 9.90985e-08, 1.40634e-07, 0, 0, 0.00400673, 2.16469e-06, 3.73922e-07, 1.31031, 0.962452, 8.02526e-06, 258.369
3622, 0.271884, 0.00271889, 0.00128053, 0, 1.00616e-07, 1.42722e-07, 0, 0, 0.00399966, 2.17958e-06, 3.80284e-07, 1.30238, 0.962464, 8.01662e-06, 258.291
3623, 0.271643, 0.00273029, 0.00128524, 0, 1.00255e-07, 1.42235e-07, 0, 0, 0.00401577, 2.17465e-06, 3.7876e-07, 1.30327, 0.962476, 8.00547e-06, 258.31
3624, 0.266513, 0.0027696, 0.0013018, 0, 9.64091e-08, 1.36845e-07, 0, 0, 0.00407163, 2.13023e-06, 3.62837e-07, 1.32233, 0.962488, 7.99289e-06, 258.495
3625, 0.255535, 0.0028381, 0.00133085, 0, 8.88487e-08, 1.26086e-07, 0, 0, 0.00416916, 2.04066e-06, 3.31827e-07, 1.3644, 0.9625, 7.98585e-06, 258.846
3626, 0.240641, 0.00293606, 0.00136863, 0, 7.93866e-08, 1.12614e-07, 0, 0, 0.00430489, 1.921e-06, 2.935e-07, 1.42445, 0.962512, 7.98268e-06, 259.339
3627, 0.228352, 0.00304337, 0.00140312, 0, 7.27834e-08, 1.03383e-07, 0, 0, 0.00444667, 1.82161e-06, 2.67223e-07, 1.47687, 0.962524, 7.97709e-06, 259.842
3628, 0.234195, 0.00303575, 0.00139531, 0, 7.74224e-08, 1.10137e-07, 0, 0, 0.00443125, 1.86626e-06, 2.865e-07, 1.4516, 0.962536, 7.96953e-06, 259.734
3629, 0.2557, 0.00290533, 0.00134802, 0, 9.06234e-08, 1.28899e-07, 0, 0, 0.00425357, 2.03561e-06, 3.40186e-07, 1.36375, 0.962548, 7.96156e-06, 258.992
3630, 0.262807, 0.00287525, 0.00133619, 0, 9.47251e-08, 1.34847e-07, 0, 0, 0.00421167, 2.09024e-06, 3.56782e-07, 1.33634, 0.96256, 7.95315e-06, 258.777
3631, 0.249331, 0.0030032, 0.00137767, 0, 8.62871e-08, 1.23267e-07, 0, 0, 0.00438108, 1.9809e-06, 3.22154e-07, 1.38898, 0.962572, 7.94389e-06, 259.396
3632, 0.241171, 0.00307963, 0.00140478, 0, 8.07615e-08, 1.15719e-07, 0, 0, 0.0044846, 1.91371e-06, 2.99354e-07, 1.42225, 0.962584, 7.93487e-06, 259.746
3633, 0.246666, 0.00303784, 0.0013947, 0, 8.34793e-08, 1.19595e-07, 0, 0, 0.00443274, 1.95533e-06, 3.10405e-07, 1.39972, 0.962596, 7.92716e-06, 259.5
3634, 0.246295, 0.00304545, 0.00139908, 0, 8.30746e-08, 1.19055e-07, 0, 0, 0.00444473, 1.95038e-06, 3.09118e-07, 1.40122, 0.962608, 7.91889e-06, 259.497
3635, 0.247524, 0.00303248, 0.00139668, 0, 8.35319e-08, 1.19581e-07, 0, 0, 0.00442936, 1.95724e-06, 3.11641e-07, 1.39625, 0.96262, 7.90786e-06, 259.391
3636, 0.258438, 0.00293422, 0.00136695, 0, 8.97442e-08, 1.2802e-07, 0, 0, 0.00430139, 2.04046e-06, 3.37757e-07, 1.3531, 0.962632, 7.89592e-06, 258.845
3637, 0.268117, 0.00285877, 0.00134259, 0, 9.57886e-08, 1.36313e-07, 0, 0, 0.00420159, 2.11427e-06, 3.63107e-07, 1.31633, 0.962644, 7.88569e-06, 258.401
3638, 0.272594, 0.00283857, 0.00133509, 0, 9.88717e-08, 1.4066e-07, 0, 0, 0.0041739, 2.14751e-06, 3.76003e-07, 1.29977, 0.962656, 7.87796e-06, 258.241
3639, 0.271749, 0.00285752, 0.0013425, 0, 9.81121e-08, 1.39729e-07, 0, 0, 0.00420026, 2.1389e-06, 3.72873e-07, 1.30288, 0.962668, 7.87078e-06, 258.3
3640, 0.270729, 0.00287139, 0.00134869, 0, 9.71346e-08, 1.38404e-07, 0, 0, 0.00422031, 2.12831e-06, 3.69054e-07, 1.30664, 0.96268, 7.86144e-06, 258.332
3641, 0.273187, 0.00285839, 0.00134437, 0, 9.87277e-08, 1.40573e-07, 0, 0, 0.004203, 2.14469e-06, 3.76075e-07, 1.2976, 0.962692, 7.85072e-06, 258.215
3642, 0.27522, 0.00285292, 0.00134253, 0, 1.0002e-07, 1.4237e-07, 0, 0, 0.00419569, 2.15648e-06, 3.81625e-07, 1.29019, 0.962704, 7.83542e-06, 258.138
3643, 0.27469, 0.00286893, 0.00134889, 0, 9.92622e-08, 1.41372e-07, 0, 0, 0.00421806, 2.14328e-06, 3.78504e-07, 1.29211, 0.962716, 7.80146e-06, 258.18
3644, 0.271035, 0.0028995, 0.00136209, 0, 9.57539e-08, 1.36427e-07, 0, 0, 0.00426181, 2.09176e-06, 3.64329e-07, 1.30551, 0.962728, 7.71104e-06, 258.307
3645, 0.261706, 0.00294859, 0.00138547, 0, 8.80666e-08, 1.25257e-07, 0, 0, 0.00433427, 1.97951e-06, 3.33413e-07, 1.34054, 0.96274, 7.54633e-06, 258.544
3646, 0.245431, 0.00302721, 0.00142304, 0, 7.71254e-08, 1.09272e-07, 0, 0, 0.00445044, 1.83353e-06, 2.89125e-07, 1.40474, 0.962752, 7.45771e-06, 258.945
3647, 0.234185, 0.00308695, 0.00145051, 0, 7.16538e-08, 1.01327e-07, 0, 0, 0.00453763, 1.77249e-06, 2.67064e-07, 1.45164, 0.962764, 7.56518e-06, 259.227
3648, 0.243369, 0.00305305, 0.00143397, 0, 7.91225e-08, 1.12203e-07, 0, 0, 0.00448721, 1.87611e-06, 2.97703e-07, 1.41318, 0.962777, 7.70362e-06, 258.989
3649, 0.260347, 0.00299223, 0.00140294, 0, 9.00039e-08, 1.28171e-07, 0, 0, 0.00439538, 2.02154e-06, 3.41815e-07, 1.34574, 0.962788, 7.7626e-06, 258.591
3650, 0.260508, 0.00303945, 0.00141494, 0, 8.97606e-08, 1.28395e-07, 0, 0, 0.00445461, 2.02599e-06, 3.40159e-07, 1.34512, 0.9628, 7.7768e-06, 258.77
3651, 0.251422, 0.00313135, 0.00144739, 0, 8.36766e-08, 1.20183e-07, 0, 0, 0.00457894, 1.95548e-06, 3.148e-07, 1.38062, 0.962812, 7.77769e-06, 259.191
3652, 0.252787, 0.00312555, 0.00144709, 0, 8.41533e-08, 1.2093e-07, 0, 0, 0.00457284, 1.96519e-06, 3.16846e-07, 1.37521, 0.962824, 7.77427e-06, 259.121
3653, 0.260406, 0.00306739, 0.00142811, 0, 8.8727e-08, 1.27325e-07, 0, 0, 0.00449571, 2.02303e-06, 3.36091e-07, 1.34551, 0.962836, 7.76892e-06, 258.784
3654, 0.265926, 0.00302871, 0.00141519, 0, 9.2199e-08, 1.32146e-07, 0, 0, 0.00444412, 2.0642e-06, 3.50868e-07, 1.32454, 0.962848, 7.76241e-06, 258.54
3655, 0.270683, 0.0029973, 0.00140417, 0, 9.53685e-08, 1.36485e-07, 0, 0, 0.0044017, 2.09922e-06, 3.64447e-07, 1.30681, 0.96286, 7.75544e-06, 258.33
3656, 0.275779, 0.00296257, 0.00139155, 0, 9.88886e-08, 1.41267e-07, 0, 0, 0.00435436, 2.13679e-06, 3.79635e-07, 1.28816, 0.962872, 7.74832e-06, 258.099
3657, 0.278968, 0.00294215, 0.0013844, 0, 1.01035e-07, 1.44165e-07, 0, 0, 0.00432679, 2.15918e-06, 3.89092e-07, 1.27666, 0.962884, 7.73993e-06, 257.944
3658, 0.279003, 0.00294831, 0.00138735, 0, 1.00864e-07, 1.43945e-07, 0, 0, 0.0043359, 2.15668e-06, 3.88675e-07, 1.27653, 0.962896, 7.72994e-06, 257.932
3659, 0.277106, 0.00297427, 0.00139743, 0, 9.93557e-08, 1.41948e-07, 0, 0, 0.00437193, 2.13919e-06, 3.82356e-07, 1.28335, 0.962908, 7.71978e-06, 258.025
3660, 0.274027, 0.00301361, 0.00141207, 0, 9.71781e-08, 1.39031e-07, 0, 0, 0.00442592, 2.11281e-06, 3.73054e-07, 1.29453, 0.96292, 7.71034e-06, 258.186
3661, 0.268094, 0.00307667, 0.00143557, 0, 9.31597e-08, 1.33554e-07, 0, 0, 0.00451247, 2.06521e-06, 3.56044e-07, 1.31642, 0.962932, 7.70345e-06, 258.467
3662, 0.262731, 0.00312999, 0.00145638, 0, 8.93408e-08, 1.28333e-07, 0, 0, 0.00458659, 2.02205e-06, 3.40011e-07, 1.33663, 0.962944, 7.69661e-06, 258.697
3663, 0.263169, 0.00312751, 0.00145746, 0, 8.92914e-08, 1.28256e-07, 0, 0, 0.00458518, 2.024e-06, 3.40143e-07, 1.33496, 0.962956, 7.69129e-06, 258.644
3664, 0.268272, 0.0030866, 0.00144364, 0, 9.25987e-08, 1.32779e-07, 0, 0, 0.00453046, 2.06242e-06, 3.54589e-07, 1.31575, 0.962968, 7.68805e-06, 258.393
3665, 0.271526, 0.0030624, 0.0014356, 0, 9.49769e-08, 1.35975e-07, 0, 0, 0.00449823, 2.08607e-06, 3.65044e-07, 1.3037, 0.96298, 7.68271e-06, 258.224
3666, 0.260514, 0.00313992, 0.0014668, 0, 8.86857e-08, 1.26907e-07, 0, 0, 0.00460694, 1.99973e-06, 3.39439e-07, 1.3451, 0.962992, 7.67537e-06, 258.583
3667, 0.23319, 0.00334617, 0.00154404, 0, 7.28312e-08, 1.04381e-07, 0, 0, 0.00489038, 1.78825e-06, 2.74236e-07, 1.4559, 0.963004, 7.66759e-06, 259.557
3668, 0.2182, 0.00349649, 0.00159475, 0, 6.37137e-08, 9.18042e-08, 0, 0, 0.00509139, 1.67142e-06, 2.36091e-07, 1.52235, 0.963016, 7.66011e-06, 260.203
3669, 0.233012, 0.00342371, 0.00156441, 0, 7.14964e-08, 1.03246e-07, 0, 0, 0.00498829, 1.78304e-06, 2.67393e-07, 1.45666, 0.963028, 7.65286e-06, 259.803
3670, 0.243089, 0.00338005, 0.00154308, 0, 7.73098e-08, 1.11661e-07, 0, 0, 0.00492332, 1.85858e-06, 2.91097e-07, 1.41433, 0.96304, 7.64549e-06, 259.53
3671, 0.222511, 0.00361371, 0.00160814, 0, 6.66157e-08, 9.67418e-08, 0, 0, 0.00522202, 1.6998e-06, 2.46832e-07, 1.50278, 0.963052, 7.63799e-06, 260.499
3672, 0.194071, 0.00392533, 0.00169311, 0, 5.20785e-08, 7.63604e-08, 0, 0, 0.00561856, 1.48103e-06, 1.86886e-07, 1.63953, 0.963064, 7.63045e-06, 261.725
3673, 0.181315, 0.00408505, 0.00172817, 0, 4.6399e-08, 6.83596e-08, 0, 0, 0.00581334, 1.38219e-06, 1.63948e-07, 1.70752, 0.963076, 7.62289e-06, 262.274
3674, 0.177328, 0.0041491, 0.00173842, 0, 4.52788e-08, 6.67299e-08, 0, 0, 0.00588763, 1.35044e-06, 1.60303e-07, 1.72976, 0.963088, 7.61524e-06, 262.45
3675, 0.170355, 0.00423089, 0.00176151, 0, 4.22298e-08, 6.23416e-08, 0, 0, 0.0059925, 1.29605e-06, 1.48975e-07, 1.76987, 0.9631, 7.6075e-06, 262.713
3676, 0.174697, 0.00419294, 0.00175476, 0, 4.42912e-08, 6.52324e-08, 0, 0, 0.00594781, 1.32751e-06, 1.57815e-07, 1.7447, 0.963112, 7.59982e-06, 262.534
3677, 0.204132, 0.00388753, 0.00167985, 0, 5.79877e-08, 8.47023e-08, 0, 0, 0.00556753, 1.54954e-06, 2.13007e-07, 1.58899, 0.963124, 7.59218e-06, 261.328
3678, 0.227377, 0.0036422, 0.00162191, 0, 6.86227e-08, 9.98308e-08, 0, 0, 0.00526428, 1.72444e-06, 2.55923e-07, 1.48114, 0.963136, 7.58452e-06, 260.307
3679, 0.235906, 0.00355231, 0.00160241, 0, 7.23146e-08, 1.0509e-07, 0, 0, 0.0051549, 1.78739e-06, 2.71079e-07, 1.44432, 0.963148, 7.5769e-06, 259.897
3680, 0.240948, 0.00350059, 0.00159281, 0, 7.42136e-08, 1.07854e-07, 0, 0, 0.00509358, 1.82376e-06, 2.78898e-07, 1.42317, 0.96316, 7.56921e-06, 259.643
3681, 0.241577, 0.00349991, 0.00159778, 0, 7.38854e-08, 1.07527e-07, 0, 0, 0.00509787, 1.82665e-06, 2.77358e-07, 1.42057, 0.963172, 7.56134e-06, 259.61
3682, 0.240352, 0.00352066, 0.00160673, 0, 7.29638e-08, 1.06305e-07, 0, 0, 0.00512758, 1.81544e-06, 2.73668e-07, 1.42565, 0.963184, 7.55325e-06, 259.663
3683, 0.243166, 0.00349788, 0.00160008, 0, 7.46642e-08, 1.08645e-07, 0, 0, 0.00509814, 1.8346e-06, 2.81567e-07, 1.41401, 0.963196, 7.5449e-06, 259.517
3684, 0.254057, 0.00339767, 0.00156683, 0, 8.13402e-08, 1.17846e-07, 0, 0, 0.0049647, 1.91451e-06, 3.10509e-07, 1.3702, 0.963208, 7.53628e-06, 259.014
3685, 0.265581, 0.00328864, 0.00153115, 0, 8.8436e-08, 1.27557e-07, 0, 0, 0.00482001, 1.99903e-06, 3.41046e-07, 1.32583, 0.96322, 7.52725e-06, 258.46
3686, 0.264013, 0.00327746, 0.00153316, 0, 8.73359e-08, 1.25638e-07, 0, 0, 0.00481084, 1.98481e-06, 3.37142e-07, 1.33176, 0.963232, 7.51741e-06, 258.38
3687, 0.251158, 0.00335205, 0.00156842, 0, 7.89182e-08, 1.13429e-07, 0, 0, 0.00492067, 1.88538e-06, 3.02429e-07, 1.38167, 0.963244, 7.50616e-06, 258.72
3688, 0.246319, 0.00339636, 0.00158692, 0, 7.53674e-08, 1.08502e-07, 0, 0, 0.00498346, 1.84532e-06, 2.87686e-07, 1.40113, 0.963256, 7.49206e-06, 258.891
3689, 0.256434, 0.00335706, 0.00156759, 0, 8.13841e-08, 1.17376e-07, 0, 0, 0.00492485, 1.91539e-06, 3.12696e-07, 1.36088, 0.963268, 7.47045e-06, 258.641
3690, 0.265795, 0.00331792, 0.0015488, 0, 8.68568e-08, 1.25356e-07, 0, 0, 0.00486693, 1.97362e-06, 3.35663e-07, 1.32503, 0.96328, 7.42353e-06, 258.391
3691, 0.264681, 0.00334843, 0.00155826, 0, 8.51636e-08, 1.23053e-07, 0, 0, 0.0049069, 1.93815e-06, 3.28994e-07, 1.32923, 0.963292, 7.3091e-06, 258.484
3692, 0.259224, 0.00341487, 0.00158096, 0, 8.05527e-08, 1.16577e-07, 0, 0, 0.00499603, 1.86015e-06, 3.10174e-07, 1.35006, 0.963304, 7.14725e-06, 258.746
3693, 0.260236, 0.00341931, 0.00158274, 0, 8.09474e-08, 1.17155e-07, 0, 0, 0.00500225, 1.86018e-06, 3.12004e-07, 1.34617, 0.963316, 7.1182e-06, 258.721
3694, 0.266638, 0.00336576, 0.00156578, 0, 8.58482e-08, 1.241e-07, 0, 0, 0.00493175, 1.93822e-06, 3.3245e-07, 1.32186, 0.963328, 7.25406e-06, 258.431
3695, 0.271372, 0.00332519, 0.00155296, 0, 8.98003e-08, 1.29663e-07, 0, 0, 0.00487837, 2.00071e-06, 3.49227e-07, 1.30427, 0.96334, 7.36932e-06, 258.197
3696, 0.27549, 0.00328613, 0.00153995, 0, 9.28882e-08, 1.3389e-07, 0, 0, 0.00482631, 2.04177e-06, 3.62951e-07, 1.2892, 0.963352, 7.41091e-06, 257.967
3697, 0.27796, 0.00326002, 0.00153197, 0, 9.45109e-08, 1.36055e-07, 0, 0, 0.00479222, 2.06283e-06, 3.70571e-07, 1.28028, 0.963364, 7.42129e-06, 257.799
3698, 0.279738, 0.00325209, 0.00152948, 0, 9.56742e-08, 1.37694e-07, 0, 0, 0.0047818, 2.0762e-06, 3.75842e-07, 1.2739, 0.963376, 7.42199e-06, 257.716
3699, 0.28106, 0.0032553, 0.0015306, 0, 9.65371e-08, 1.39e-07, 0, 0, 0.00478614, 2.08507e-06, 3.79611e-07, 1.26919, 0.963388, 7.41859e-06, 257.685
3700, 0.280611, 0.00327085, 0.00153717, 0, 9.6125e-08, 1.38523e-07, 0, 0, 0.00480826, 2.08046e-06, 3.77989e-07, 1.27079, 0.9634, 7.414e-06, 257.717
3701, 0.281475, 0.00327354, 0.00153858, 0, 9.66777e-08, 1.39322e-07, 0, 0, 0.00481235, 2.08549e-06, 3.80543e-07, 1.26771, 0.963412, 7.40915e-06, 257.685
3702, 0.284148, 0.0032597, 0.00153316, 0, 9.85174e-08, 1.41853e-07, 0, 0, 0.0047931, 2.10385e-06, 3.88635e-07, 1.25826, 0.963424, 7.40408e-06, 257.57
3703, 0.284994, 0.00326153, 0.00153406, 0, 9.90108e-08, 1.42542e-07, 0, 0, 0.00479583, 2.10828e-06, 3.90901e-07, 1.25529, 0.963436, 7.39755e-06, 257.533
3704, 0.282968, 0.0032886, 0.00154525, 0, 9.74225e-08, 1.4039e-07, 0, 0, 0.00483409, 2.09096e-06, 3.84147e-07, 1.26242, 0.963448, 7.38917e-06, 257.622
3705, 0.27967, 0.00332175, 0.00155977, 0, 9.49197e-08, 1.3693e-07, 0, 0, 0.00488175, 2.06416e-06, 3.73618e-07, 1.27415, 0.96346, 7.38046e-06, 257.743
3706, 0.275391, 0.00335163, 0.00157466, 0, 9.17161e-08, 1.32367e-07, 0, 0, 0.00492651, 2.0299e-06, 3.60482e-07, 1.28956, 0.963472, 7.37086e-06, 257.853
3707, 0.271283, 0.0033781, 0.00158811, 0, 8.86953e-08, 1.28014e-07, 0, 0, 0.00496642, 1.99646e-06, 3.48227e-07, 1.30459, 0.963484, 7.3595e-06, 257.945
3708, 0.26623, 0.00342762, 0.00160746, 0, 8.55694e-08, 1.23579e-07, 0, 0, 0.00503529, 1.95663e-06, 3.35102e-07, 1.32339, 0.963496, 7.34971e-06, 258.135
3709, 0.254759, 0.00355137, 0.00165087, 0, 7.90223e-08, 1.1441e-07, 0, 0, 0.00520244, 1.87151e-06, 3.06911e-07, 1.36744, 0.963508, 7.34642e-06, 258.65
3710, 0.24646, 0.00366546, 0.00168744, 0, 7.43987e-08, 1.08111e-07, 0, 0, 0.00535309, 1.81048e-06, 2.86625e-07, 1.40056, 0.96352, 7.3461e-06, 259.097
3711, 0.253373, 0.0036286, 0.00167218, 0, 7.83569e-08, 1.13894e-07, 0, 0, 0.00530098, 1.86036e-06, 3.03285e-07, 1.37289, 0.963532, 7.34268e-06, 258.881
3712, 0.259389, 0.00358514, 0.00165582, 0, 8.18715e-08, 1.18885e-07, 0, 0, 0.00524116, 1.90293e-06, 3.18524e-07, 1.34943, 0.963544, 7.33616e-06, 258.639
3713, 0.251739, 0.0036827, 0.00168488, 0, 7.8087e-08, 1.13542e-07, 0, 0, 0.00536777, 1.84499e-06, 3.0268e-07, 1.37936, 0.963556, 7.32874e-06, 259.005
3714, 0.250173, 0.00370435, 0.00169186, 0, 7.74061e-08, 1.12519e-07, 0, 0, 0.0053964, 1.8316e-06, 3.00395e-07, 1.3856, 0.963568, 7.32163e-06, 259.051
3715, 0.26273, 0.00356227, 0.0016499, 0, 8.39118e-08, 1.2158e-07, 0, 0, 0.00521238, 1.92174e-06, 3.28929e-07, 1.33663, 0.96358, 7.31492e-06, 258.405
3716, 0.270069, 0.00349372, 0.00162975, 0, 8.77984e-08, 1.27068e-07, 0, 0, 0.00512368, 1.9737e-06, 3.45729e-07, 1.30908, 0.963592, 7.30813e-06, 258.063
3717, 0.264988, 0.00357639, 0.00165631, 0, 8.51032e-08, 1.23449e-07, 0, 0, 0.00523291, 1.93475e-06, 3.33839e-07, 1.32807, 0.963604, 7.30106e-06, 258.38
3718, 0.2622, 0.00362551, 0.00167251, 0, 8.35608e-08, 1.21402e-07, 0, 0, 0.00529822, 1.91242e-06, 3.27209e-07, 1.33865, 0.963616, 7.29387e-06, 258.548
3719, 0.271988, 0.00353095, 0.00164188, 0, 8.90657e-08, 1.29133e-07, 0, 0, 0.00517305, 1.98175e-06, 3.51251e-07, 1.302, 0.963628, 7.28653e-06, 258.089
3720, 0.281194, 0.00344252, 0.00161329, 0, 9.42911e-08, 1.36439e-07, 0, 0, 0.00505604, 2.04649e-06, 3.74102e-07, 1.26871, 0.96364, 7.27802e-06, 257.649
3721, 0.283984, 0.00342278, 0.00160765, 0, 9.57711e-08, 1.38511e-07, 0, 0, 0.00503065, 2.06324e-06, 3.80737e-07, 1.25884, 0.963652, 7.26522e-06, 257.517
3722, 0.283954, 0.00343139, 0.00161181, 0, 9.54841e-08, 1.38133e-07, 0, 0, 0.00504343, 2.05872e-06, 3.79727e-07, 1.25894, 0.963664, 7.24989e-06, 257.514
3723, 0.283501, 0.00344047, 0.00161643, 0, 9.4986e-08, 1.3745e-07, 0, 0, 0.00505714, 2.05328e-06, 3.77937e-07, 1.26054, 0.963676, 7.24231e-06, 257.515
3724, 0.282975, 0.00344511, 0.00161997, 0, 9.44507e-08, 1.36672e-07, 0, 0, 0.0050653, 2.0485e-06, 3.76176e-07, 1.2624, 0.963688, 7.23897e-06, 257.496
3725, 0.281724, 0.00345569, 0.0016261, 0, 9.34035e-08, 1.35156e-07, 0, 0, 0.00508202, 2.03771e-06, 3.72138e-07, 1.26683, 0.9637, 7.23285e-06, 257.507
3726, 0.279424, 0.00347601, 0.00163621, 0, 9.16989e-08, 1.3272e-07, 0, 0, 0.00511244, 2.02004e-06, 3.65139e-07, 1.27502, 0.963712, 7.22923e-06, 257.563
3727, 0.277023, 0.00350202, 0.00164759, 0, 8.99886e-08, 1.30323e-07, 0, 0, 0.00514983, 2.00175e-06, 3.57984e-07, 1.28365, 0.963724, 7.22587e-06, 257.642
3728, 0.273834, 0.00355256, 0.00166408, 0, 8.81944e-08, 1.27872e-07, 0, 0, 0.00521685, 1.97697e-06, 3.50155e-07, 1.29523, 0.963736, 7.21943e-06, 257.819
3729, 0.263157, 0.00369937, 0.00170793, 0, 8.28259e-08, 1.20411e-07, 0, 0, 0.00540751, 1.8979e-06, 3.26825e-07, 1.335, 0.963748, 7.21147e-06, 258.392
3730, 0.248772, 0.00387858, 0.0017626, 0, 7.5426e-08, 1.1002e-07, 0, 0, 0.00564136, 1.79196e-06, 2.95178e-07, 1.39122, 0.96376, 7.20298e-06, 259.081
3731, 0.253871, 0.00382923, 0.00174856, 0, 7.80039e-08, 1.13671e-07, 0, 0, 0.00557798, 1.826e-06, 3.06569e-07, 1.37093, 0.963772, 7.19338e-06, 258.838
3732, 0.268474, 0.00367164, 0.00170174, 0, 8.54402e-08, 1.24166e-07, 0, 0, 0.00537359, 1.92794e-06, 3.38657e-07, 1.315, 0.963784, 7.18134e-06, 258.145
3733, 0.263552, 0.00372716, 0.00172156, 0, 8.23625e-08, 1.19781e-07, 0, 0, 0.00544892, 1.88905e-06, 3.25484e-07, 1.3335, 0.963796, 7.16602e-06, 258.34
3734, 0.245334, 0.00394791, 0.00179015, 0, 7.25399e-08, 1.05954e-07, 0, 0, 0.00573824, 1.75352e-06, 2.83138e-07, 1.40514, 0.963808, 7.14519e-06, 259.193
3735, 0.239744, 0.00403385, 0.00181864, 0, 6.92002e-08, 1.01406e-07, 0, 0, 0.00585266, 1.70773e-06, 2.68446e-07, 1.42818, 0.96382, 7.12322e-06, 259.492
3736, 0.247222, 0.0039517, 0.00179991, 0, 7.22012e-08, 1.05782e-07, 0, 0, 0.00575179, 1.75731e-06, 2.81268e-07, 1.39747, 0.963832, 7.10966e-06, 259.142
3737, 0.254267, 0.00387256, 0.00177942, 0, 7.53436e-08, 1.10239e-07, 0, 0, 0.00565217, 1.80321e-06, 2.95104e-07, 1.36937, 0.963844, 7.09334e-06, 258.792
3738, 0.260024, 0.00381905, 0.00176249, 0, 7.80082e-08, 1.13962e-07, 0, 0, 0.00558173, 1.83059e-06, 3.07143e-07, 1.34698, 0.963856, 7.04383e-06, 258.528
3739, 0.268695, 0.00373411, 0.0017335, 0, 8.15603e-08, 1.18876e-07, 0, 0, 0.00546781, 1.8589e-06, 3.23557e-07, 1.31418, 0.963868, 6.92519e-06, 258.124
3740, 0.270639, 0.0037266, 0.00172947, 0, 8.11363e-08, 1.18176e-07, 0, 0, 0.00545627, 1.83201e-06, 3.2272e-07, 1.30697, 0.96388, 6.77706e-06, 258.042
3741, 0.259147, 0.00387587, 0.00177631, 0, 7.5255e-08, 1.09899e-07, 0, 0, 0.00565237, 1.74926e-06, 2.97303e-07, 1.35036, 0.963892, 6.76433e-06, 258.609
3742, 0.255299, 0.00393117, 0.00179464, 0, 7.49599e-08, 1.09591e-07, 0, 0, 0.00572599, 1.7592e-06, 2.95675e-07, 1.36532, 0.963904, 6.89473e-06, 258.788
3743, 0.268929, 0.00377762, 0.00174807, 0, 8.33166e-08, 1.21466e-07, 0, 0, 0.00552589, 1.88439e-06, 3.31972e-07, 1.31331, 0.963916, 7.00376e-06, 258.124
3744, 0.280501, 0.00364879, 0.00170884, 0, 8.98617e-08, 1.30733e-07, 0, 0, 0.00535784, 1.97652e-06, 3.60791e-07, 1.27118, 0.963928, 7.04532e-06, 257.544
3745, 0.283864, 0.00361678, 0.00169978, 0, 9.17274e-08, 1.33376e-07, 0, 0, 0.00531678, 2.00187e-06, 3.69315e-07, 1.25926, 0.96394, 7.05211e-06, 257.366
3746, 0.284516, 0.00361728, 0.00170088, 0, 9.18985e-08, 1.33615e-07, 0, 0, 0.00531839, 2.00246e-06, 3.70403e-07, 1.25696, 0.963952, 7.03813e-06, 257.325
3747, 0.284847, 0.00362348, 0.00170349, 0, 9.14534e-08, 1.32969e-07, 0, 0, 0.00532719, 1.99024e-06, 3.68868e-07, 1.2558, 0.963964, 6.9867e-06, 257.308
3748, 0.282695, 0.00365802, 0.0017154, 0, 8.86638e-08, 1.28996e-07, 0, 0, 0.00537363, 1.93993e-06, 3.57347e-07, 1.26339, 0.963976, 6.86087e-06, 257.412
3749, 0.272172, 0.00379216, 0.00175811, 0, 8.13728e-08, 1.18654e-07, 0, 0, 0.00555047, 1.82764e-06, 3.26156e-07, 1.30132, 0.963988, 6.72034e-06, 257.927
3750, 0.255303, 0.00400745, 0.0018244, 0, 7.31344e-08, 1.07041e-07, 0, 0, 0.00583203, 1.71657e-06, 2.9015e-07, 1.3653, 0.964, 6.74068e-06, 258.741
3751, 0.253014, 0.00404181, 0.00183701, 0, 7.35611e-08, 1.07772e-07, 0, 0, 0.005879, 1.74004e-06, 2.91524e-07, 1.37431, 0.964012, 6.88164e-06, 258.836
3752, 0.265311, 0.00389025, 0.00179539, 0, 8.03815e-08, 1.17554e-07, 0, 0, 0.00568584, 1.8515e-06, 3.21152e-07, 1.32685, 0.964024, 6.9768e-06, 258.208
3753, 0.268186, 0.00386855, 0.00178961, 0, 8.21986e-08, 1.20201e-07, 0, 0, 0.00565836, 1.88011e-06, 3.29071e-07, 1.31608, 0.964036, 7.01017e-06, 258.078
3754, 0.256125, 0.00404468, 0.0018395, 0, 7.67865e-08, 1.12553e-07, 0, 0, 0.00588437, 1.79773e-06, 3.05392e-07, 1.36209, 0.964048, 7.0191e-06, 258.715
3755, 0.251412, 0.00412353, 0.00186164, 0, 7.47561e-08, 1.09721e-07, 0, 0, 0.00598536, 1.76489e-06, 2.96674e-07, 1.38066, 0.96406, 7.02009e-06, 258.967
3756, 0.266169, 0.00395416, 0.0018122, 0, 8.20721e-08, 1.20191e-07, 0, 0, 0.00576657, 1.86793e-06, 3.28825e-07, 1.32362, 0.964072, 7.01802e-06, 258.271
3757, 0.274488, 0.00386095, 0.00178726, 0, 8.59474e-08, 1.25768e-07, 0, 0, 0.00564843, 1.9254e-06, 3.45811e-07, 1.29285, 0.964084, 7.01442e-06, 257.865
3758, 0.265032, 0.00398293, 0.00183005, 0, 8.04534e-08, 1.1808e-07, 0, 0, 0.00581318, 1.85793e-06, 3.21472e-07, 1.3279, 0.964096, 7.0099e-06, 258.32
3759, 0.254928, 0.00411031, 0.00187532, 0, 7.44584e-08, 1.0971e-07, 0, 0, 0.00598581, 1.78574e-06, 2.94963e-07, 1.36677, 0.964108, 7.00478e-06, 258.785
3760, 0.256265, 0.00410016, 0.00187519, 0, 7.47446e-08, 1.10197e-07, 0, 0, 0.00597553, 1.7936e-06, 2.96447e-07, 1.36154, 0.96412, 6.99919e-06, 258.71
3761, 0.264427, 0.00400949, 0.00184574, 0, 7.91367e-08, 1.16403e-07, 0, 0, 0.00585542, 1.84907e-06, 3.16399e-07, 1.33019, 0.964132, 6.99295e-06, 258.31
3762, 0.266191, 0.00399532, 0.00184041, 0, 8.01542e-08, 1.17803e-07, 0, 0, 0.00583592, 1.85963e-06, 3.21406e-07, 1.32354, 0.964144, 6.98599e-06, 258.206
3763, 0.259987, 0.00407578, 0.00186729, 0, 7.67079e-08, 1.12916e-07, 0, 0, 0.00594326, 1.81448e-06, 3.06517e-07, 1.34712, 0.964156, 6.97915e-06, 258.479
3764, 0.257848, 0.00410322, 0.00187703, 0, 7.54339e-08, 1.11099e-07, 0, 0, 0.00598044, 1.79798e-06, 3.0142e-07, 1.35539, 0.964168, 6.97309e-06, 258.542
3765, 0.253144, 0.00417107, 0.00189664, 0, 7.32628e-08, 1.07984e-07, 0, 0, 0.00606789, 1.76374e-06, 2.92434e-07, 1.3738, 0.96418, 6.96715e-06, 258.751
3766, 0.252354, 0.0042028, 0.00190425, 0, 7.32077e-08, 1.07933e-07, 0, 0, 0.00610724, 1.7565e-06, 2.92489e-07, 1.37692, 0.964192, 6.9606e-06, 258.819
3767, 0.267393, 0.00403553, 0.001852, 0, 8.09443e-08, 1.19004e-07, 0, 0, 0.00588772, 1.8592e-06, 3.26846e-07, 1.31904, 0.964204, 6.95352e-06, 258.133
3768, 0.280739, 0.00388656, 0.00180581, 0, 8.7807e-08, 1.28811e-07, 0, 0, 0.00569259, 1.94974e-06, 3.57437e-07, 1.27033, 0.964216, 6.94528e-06, 257.501
3769, 0.279574, 0.00391472, 0.00181506, 0, 8.71414e-08, 1.27907e-07, 0, 0, 0.00572999, 1.93964e-06, 3.54651e-07, 1.27449, 0.964228, 6.93775e-06, 257.569
3770, 0.264828, 0.00410878, 0.00187582, 0, 7.94952e-08, 1.17058e-07, 0, 0, 0.00598479, 1.83619e-06, 3.20939e-07, 1.32867, 0.96424, 6.93333e-06, 258.282
3771, 0.254359, 0.00424876, 0.00191921, 0, 7.41243e-08, 1.09438e-07, 0, 0, 0.00616815, 1.76252e-06, 2.97484e-07, 1.36901, 0.964252, 6.92941e-06, 258.766
3772, 0.263001, 0.00414721, 0.00188924, 0, 7.82689e-08, 1.15412e-07, 0, 0, 0.00603665, 1.82085e-06, 3.16216e-07, 1.3356, 0.964264, 6.92372e-06, 258.343
3773, 0.267331, 0.00410321, 0.00187696, 0, 8.02735e-08, 1.18325e-07, 0, 0, 0.00598037, 1.8492e-06, 3.25392e-07, 1.31927, 0.964276, 6.917e-06, 258.134
3774, 0.25614, 0.00425882, 0.00192515, 0, 7.46111e-08, 1.10269e-07, 0, 0, 0.00618415, 1.77007e-06, 3.00532e-07, 1.36203, 0.964288, 6.91005e-06, 258.675
3775, 0.256864, 0.0042636, 0.00192747, 0, 7.49193e-08, 1.10751e-07, 0, 0, 0.00619125, 1.77302e-06, 3.02077e-07, 1.35921, 0.9643, 6.9028e-06, 258.65
3776, 0.273162, 0.00406513, 0.00186841, 0, 8.29344e-08, 1.22238e-07, 0, 0, 0.00593375, 1.88313e-06, 3.37986e-07, 1.29769, 0.964312, 6.89425e-06, 257.861
3777, 0.283382, 0.00393975, 0.00183142, 0, 8.79198e-08, 1.2936e-07, 0, 0, 0.00577138, 1.95111e-06, 3.60702e-07, 1.26096, 0.964324, 6.88518e-06, 257.333
3778, 0.285886, 0.00391596, 0.00182495, 0, 8.91072e-08, 1.31061e-07, 0, 0, 0.00574112, 1.9663e-06, 3.66404e-07, 1.25216, 0.964336, 6.87789e-06, 257.197
3779, 0.284414, 0.00394148, 0.00183441, 0, 8.81459e-08, 1.29727e-07, 0, 0, 0.00577611, 1.95452e-06, 3.62386e-07, 1.25732, 0.964348, 6.87201e-06, 257.257
3780, 0.277497, 0.00403855, 0.00186691, 0, 8.42949e-08, 1.24306e-07, 0, 0, 0.00590567, 1.90575e-06, 3.45205e-07, 1.28194, 0.96436, 6.86741e-06, 257.598
3781, 0.267363, 0.00418401, 0.00191432, 0, 7.88662e-08, 1.16662e-07, 0, 0, 0.00609853, 1.83479e-06, 3.20757e-07, 1.31915, 0.964372, 6.86218e-06, 258.114
3782, 0.266046, 0.00421549, 0.00192538, 0, 7.80056e-08, 1.1553e-07, 0, 0, 0.00614107, 1.82412e-06, 3.16963e-07, 1.32409, 0.964384, 6.85626e-06, 258.191
3783, 0.268122, 0.00419793, 0.0019227, 0, 7.86777e-08, 1.16591e-07, 0, 0, 0.00612082, 1.83703e-06, 3.20069e-07, 1.31631, 0.964396, 6.85126e-06, 258.088
3784, 0.259965, 0.00430599, 0.00196266, 0, 7.37709e-08, 1.09704e-07, 0, 0, 0.00626884, 1.77975e-06, 2.98027e-07, 1.34721, 0.964408, 6.84582e-06, 258.462
3785, 0.258005, 0.00433559, 0.00197442, 0, 7.24835e-08, 1.0789e-07, 0, 0, 0.00631019, 1.76459e-06, 2.92606e-07, 1.35478, 0.96442, 6.83957e-06, 258.533
3786, 0.271439, 0.00417802, 0.00192043, 0, 7.99211e-08, 1.18432e-07, 0, 0, 0.00609865, 1.85466e-06, 3.26733e-07, 1.30402, 0.964432, 6.8331e-06, 257.889
3787, 0.281079, 0.00407179, 0.00188309, 0, 8.53275e-08, 1.26111e-07, 0, 0, 0.00595509, 1.9188e-06, 3.51555e-07, 1.26912, 0.964444, 6.8266e-06, 257.428
3788, 0.273374, 0.00418136, 0.0019165, 0, 8.146e-08, 1.20569e-07, 0, 0, 0.00609806, 1.86455e-06, 3.34649e-07, 1.29692, 0.964456, 6.82005e-06, 257.798
3789, 0.249279, 0.00450702, 0.00201525, 0, 6.96269e-08, 1.03598e-07, 0, 0, 0.00652245, 1.69865e-06, 2.82338e-07, 1.38918, 0.964468, 6.81344e-06, 258.935
3790, 0.231472, 0.00475657, 0.00209143, 0, 6.0845e-08, 9.10614e-08, 0, 0, 0.00684815, 1.57566e-06, 2.43312e-07, 1.4633, 0.96448, 6.8069e-06, 259.754
3791, 0.235834, 0.00471052, 0.00208183, 0, 6.23934e-08, 9.34219e-08, 0, 0, 0.00679251, 1.6037e-06, 2.49773e-07, 1.44463, 0.964492, 6.80044e-06, 259.564
3792, 0.249569, 0.00454217, 0.0020332, 0, 6.88488e-08, 1.02766e-07, 0, 0, 0.00657554, 1.69545e-06, 2.78488e-07, 1.38802, 0.964504, 6.79391e-06, 258.944
3793, 0.258697, 0.00443567, 0.0020008, 0, 7.34409e-08, 1.09375e-07, 0, 0, 0.00643665, 1.75581e-06, 2.99341e-07, 1.3521, 0.964516, 6.78724e-06, 258.522
3794, 0.25793, 0.00445483, 0.00200726, 0, 7.31344e-08, 1.08936e-07, 0, 0, 0.00646227, 1.74879e-06, 2.98508e-07, 1.35507, 0.964528, 6.78023e-06, 258.547
3795, 0.265793, 0.00435753, 0.00197804, 0, 7.69343e-08, 1.14379e-07, 0, 0, 0.00633577, 1.80013e-06, 3.16104e-07, 1.32504, 0.96454, 6.77317e-06, 258.154
3796, 0.27902, 0.00418394, 0.00192594, 0, 8.32523e-08, 1.23397e-07, 0, 0, 0.00611009, 1.88803e-06, 3.4498e-07, 1.27647, 0.964552, 6.76691e-06, 257.473
3797, 0.28257, 0.00412489, 0.00191148, 0, 8.46058e-08, 1.25231e-07, 0, 0, 0.00603658, 1.91046e-06, 3.51591e-07, 1.26383, 0.964564, 6.76101e-06, 257.217
3798, 0.282035, 0.00412801, 0.00191524, 0, 8.40794e-08, 1.24411e-07, 0, 0, 0.00604346, 1.90507e-06, 3.49616e-07, 1.26572, 0.964576, 6.75472e-06, 257.192
3799, 0.284275, 0.00412186, 0.00191205, 0, 8.52909e-08, 1.26249e-07, 0, 0, 0.00603412, 1.91835e-06, 3.55334e-07, 1.25781, 0.964588, 6.74828e-06, 257.12
3800, 0.286164, 0.0041191, 0.00191036, 0, 8.62241e-08, 1.27725e-07, 0, 0, 0.00602968, 1.92928e-06, 3.59899e-07, 1.25119, 0.9646, 6.74186e-06, 257.063
3801, 0.286579, 0.0041292, 0.00191414, 0, 8.63176e-08, 1.27964e-07, 0, 0, 0.00604356, 1.93021e-06, 3.60607e-07, 1.24974, 0.964612, 6.73537e-06, 257.058
3802, 0.285535, 0.00415991, 0.00192472, 0, 8.56647e-08, 1.27119e-07, 0, 0, 0.00608484, 1.92133e-06, 3.57665e-07, 1.25339, 0.964624, 6.72879e-06, 257.133
3803, 0.279519, 0.00425021, 0.00195561, 0, 8.23033e-08, 1.2236e-07, 0, 0, 0.00620603, 1.87904e-06, 3.42332e-07, 1.27468, 0.964636, 6.72216e-06, 257.433
3804, 0.270109, 0.00438134, 0.00200014, 0, 7.71429e-08, 1.15013e-07, 0, 0, 0.00638167, 1.81396e-06, 3.18947e-07, 1.30893, 0.964648, 6.71548e-06, 257.878
3805, 0.27094, 0.00438485, 0.00200104, 0, 7.75428e-08, 1.1564e-07, 0, 0, 0.00638609, 1.8176e-06, 3.21042e-07, 1.30586, 0.96466, 6.70873e-06, 257.846
3806, 0.280984, 0.00426903, 0.00196203, 0, 8.28677e-08, 1.23297e-07, 0, 0, 0.00623126, 1.88305e-06, 3.45694e-07, 1.26946, 0.964672, 6.70185e-06, 257.37
3807, 0.283863, 0.00423937, 0.00195379, 0, 8.41879e-08, 1.25207e-07, 0, 0, 0.00619338, 1.90043e-06, 3.51986e-07, 1.25926, 0.964684, 6.69478e-06, 257.219
3808, 0.275441, 0.00435578, 0.00199658, 0, 7.9222e-08, 1.18191e-07, 0, 0, 0.00635256, 1.84212e-06, 3.29219e-07, 1.28938, 0.964696, 6.68754e-06, 257.619
3809, 0.265011, 0.00450898, 0.00205095, 0, 7.32075e-08, 1.09753e-07, 0, 0, 0.00656011, 1.77025e-06, 3.01325e-07, 1.32798, 0.964708, 6.67966e-06, 258.14
3810, 0.262276, 0.0045646, 0.0020698, 0, 7.15638e-08, 1.07513e-07, 0, 0, 0.00663458, 1.74951e-06, 2.93663e-07, 1.33836, 0.96472, 6.67028e-06, 258.295
3811, 0.261424, 0.00459085, 0.00207619, 0, 7.12787e-08, 1.07086e-07, 0, 0, 0.00666721, 1.74129e-06, 2.92733e-07, 1.34161, 0.964732, 6.66001e-06, 258.337
3812, 0.251597, 0.00473499, 0.00211974, 0, 6.66328e-08, 1.00318e-07, 0, 0, 0.00685489, 1.67339e-06, 2.72156e-07, 1.37993, 0.964744, 6.6496e-06, 258.784
3813, 0.236623, 0.00495326, 0.00218732, 0, 5.94211e-08, 8.98512e-08, 0, 0, 0.00714072, 1.57126e-06, 2.39693e-07, 1.44129, 0.964756, 6.63951e-06, 259.466
3814, 0.237102, 0.0049679, 0.00219041, 0, 5.98303e-08, 9.04248e-08, 0, 0, 0.00715845, 1.57162e-06, 2.41784e-07, 1.43927, 0.964768, 6.62961e-06, 259.466
3815, 0.257107, 0.00470962, 0.00210885, 0, 6.9606e-08, 1.04568e-07, 0, 0, 0.00681864, 1.70037e-06, 2.86713e-07, 1.35826, 0.96478, 6.61519e-06, 258.557
3816, 0.270337, 0.00453427, 0.0020562, 0, 7.56554e-08, 1.13335e-07, 0, 0, 0.00659066, 1.78169e-06, 3.14717e-07, 1.30809, 0.964792, 6.59092e-06, 257.911
3817, 0.269973, 0.00453917, 0.00206125, 0, 7.45785e-08, 1.11771e-07, 0, 0, 0.00660061, 1.76465e-06, 3.10404e-07, 1.30943, 0.964804, 6.53707e-06, 257.893
3818, 0.273647, 0.00448234, 0.00204512, 0, 7.49079e-08, 1.12099e-07, 0, 0, 0.00652764, 1.7556e-06, 3.13099e-07, 1.29592, 0.964816, 6.41615e-06, 257.652
3819, 0.280261, 0.00438596, 0.00201556, 0, 7.66242e-08, 1.14378e-07, 0, 0, 0.00640171, 1.76104e-06, 3.22213e-07, 1.27204, 0.964828, 6.277e-06, 257.265
3820, 0.285433, 0.00433643, 0.00199802, 0, 7.95e-08, 1.18593e-07, 0, 0, 0.00633465, 1.79707e-06, 3.35716e-07, 1.25375, 0.96484, 6.28646e-06, 257.036
3821, 0.289893, 0.00431228, 0.00198693, 0, 8.35885e-08, 1.24735e-07, 0, 0, 0.00629941, 1.86286e-06, 3.54055e-07, 1.23824, 0.964852, 6.42132e-06, 256.894
3822, 0.291839, 0.00430815, 0.0019847, 0, 8.58475e-08, 1.2815e-07, 0, 0, 0.00629306, 1.90255e-06, 3.64206e-07, 1.23155, 0.964864, 6.51834e-06, 256.832
3823, 0.291379, 0.00432096, 0.00199051, 0, 8.59349e-08, 1.28339e-07, 0, 0, 0.00631168, 1.90959e-06, 3.64788e-07, 1.23313, 0.964876, 6.5536e-06, 256.839
3824, 0.289589, 0.00434332, 0.00200053, 0, 8.48849e-08, 1.26858e-07, 0, 0, 0.00634407, 1.90083e-06, 3.60369e-07, 1.23929, 0.964888, 6.56391e-06, 256.885
3825, 0.288171, 0.00436901, 0.00201036, 0, 8.40199e-08, 1.25664e-07, 0, 0, 0.00637958, 1.89215e-06, 3.56631e-07, 1.2442, 0.9649, 6.56606e-06, 256.939
3826, 0.285727, 0.00442456, 0.00202859, 0, 8.27355e-08, 1.23908e-07, 0, 0, 0.00645336, 1.87576e-06, 3.50478e-07, 1.25272, 0.964912, 6.56483e-06, 257.096
3827, 0.27981, 0.00452952, 0.00206397, 0, 7.95926e-08, 1.19485e-07, 0, 0, 0.00659369, 1.83613e-06, 3.35549e-07, 1.27365, 0.964924, 6.56203e-06, 257.431
3828, 0.278082, 0.00456807, 0.00207778, 0, 7.85964e-08, 1.18114e-07, 0, 0, 0.00664605, 1.82373e-06, 3.3101e-07, 1.27984, 0.964936, 6.55832e-06, 257.526
3829, 0.284312, 0.00449068, 0.0020524, 0, 8.18023e-08, 1.22751e-07, 0, 0, 0.00654329, 1.8633e-06, 3.46475e-07, 1.25768, 0.964948, 6.55387e-06, 257.207
3830, 0.288929, 0.00443232, 0.00203376, 0, 8.41074e-08, 1.2609e-07, 0, 0, 0.00646629, 1.89216e-06, 3.57823e-07, 1.24157, 0.96496, 6.5489e-06, 256.955
3831, 0.28856, 0.00443994, 0.002038, 0, 8.36821e-08, 1.25507e-07, 0, 0, 0.00647814, 1.88821e-06, 3.56358e-07, 1.24285, 0.964972, 6.54353e-06, 256.943
3832, 0.283365, 0.00451703, 0.00206498, 0, 8.07638e-08, 1.21339e-07, 0, 0, 0.00658221, 1.85256e-06, 3.43108e-07, 1.26102, 0.964984, 6.5375e-06, 257.179
3833, 0.269567, 0.00472755, 0.00213437, 0, 7.3673e-08, 1.11173e-07, 0, 0, 0.00686211, 1.76061e-06, 3.1016e-07, 1.31094, 0.964996, 6.53083e-06, 257.871
3834, 0.251473, 0.0050038, 0.00222573, 0, 6.44385e-08, 9.79376e-08, 0, 0, 0.0072297, 1.64075e-06, 2.671e-07, 1.38042, 0.965008, 6.5242e-06, 258.754
3835, 0.245826, 0.00509418, 0.00225882, 0, 6.11828e-08, 9.33344e-08, 0, 0, 0.00735315, 1.60232e-06, 2.51861e-07, 1.40313, 0.96502, 6.51816e-06, 259.012
3836, 0.253455, 0.00499363, 0.00222881, 0, 6.46619e-08, 9.84061e-08, 0, 0, 0.0072226, 1.65063e-06, 2.68061e-07, 1.37257, 0.965032, 6.51268e-06, 258.648
3837, 0.262556, 0.00487217, 0.00219017, 0, 6.91123e-08, 1.04837e-07, 0, 0, 0.00706251, 1.70849e-06, 2.89122e-07, 1.33729, 0.965044, 6.50728e-06, 258.205
3838, 0.27024, 0.00476557, 0.00215671, 0, 7.28037e-08, 1.10188e-07, 0, 0, 0.00692246, 1.75692e-06, 3.06964e-07, 1.30844, 0.965056, 6.50132e-06, 257.805
3839, 0.27618, 0.00467804, 0.00212946, 0, 7.56172e-08, 1.14233e-07, 0, 0, 0.00680769, 1.79393e-06, 3.20918e-07, 1.2867, 0.965068, 6.49544e-06, 257.465
3840, 0.280465, 0.00461264, 0.00210899, 0, 7.76697e-08, 1.17141e-07, 0, 0, 0.00672182, 1.82028e-06, 3.31384e-07, 1.27131, 0.96508, 6.49021e-06, 257.197
3841, 0.282798, 0.00458521, 0.00210066, 0, 7.87755e-08, 1.18729e-07, 0, 0, 0.00668607, 1.83386e-06, 3.37097e-07, 1.26302, 0.965092, 6.48472e-06, 257.059
3842, 0.282817, 0.00459439, 0.00210493, 0, 7.86513e-08, 1.18569e-07, 0, 0, 0.00669952, 1.83232e-06, 3.36806e-07, 1.26296, 0.965104, 6.47881e-06, 257.05
3843, 0.279496, 0.00464713, 0.00212477, 0, 7.67254e-08, 1.15812e-07, 0, 0, 0.00677209, 1.80918e-06, 3.28031e-07, 1.27477, 0.965116, 6.47291e-06, 257.197
3844, 0.273235, 0.0047491, 0.00216067, 0, 7.33588e-08, 1.10977e-07, 0, 0, 0.00690996, 1.76716e-06, 3.12154e-07, 1.29742, 0.965128, 6.46742e-06, 257.509
3845, 0.268662, 0.00481934, 0.00218663, 0, 7.07998e-08, 1.07255e-07, 0, 0, 0.00700614, 1.73607e-06, 3.00222e-07, 1.3143, 0.96514, 6.4619e-06, 257.71
3846, 0.26912, 0.0047923, 0.00218239, 0, 7.05794e-08, 1.06839e-07, 0, 0, 0.00697486, 1.73744e-06, 3.00048e-07, 1.3126, 0.965152, 6.45606e-06, 257.587
3847, 0.271342, 0.00474942, 0.00217163, 0, 7.13637e-08, 1.07922e-07, 0, 0, 0.00692123, 1.75016e-06, 3.04526e-07, 1.30437, 0.965164, 6.45005e-06, 257.406
3848, 0.274496, 0.0047295, 0.002164, 0, 7.29767e-08, 1.10358e-07, 0, 0, 0.00689368, 1.76885e-06, 3.12225e-07, 1.29282, 0.965176, 6.44407e-06, 257.292
3849, 0.277175, 0.00473316, 0.00216215, 0, 7.45256e-08, 1.1278e-07, 0, 0, 0.0068955, 1.78448e-06, 3.19284e-07, 1.2831, 0.965188, 6.43812e-06, 257.253
3850, 0.275524, 0.00478876, 0.00217954, 0, 7.3755e-08, 1.1181e-07, 0, 0, 0.00696849, 1.77223e-06, 3.15495e-07, 1.28908, 0.9652, 6.43214e-06, 257.395
3851, 0.27329, 0.00483957, 0.00219697, 0, 7.2555e-08, 1.10156e-07, 0, 0, 0.00703673, 1.75613e-06, 3.09928e-07, 1.29722, 0.965212, 6.42591e-06, 257.524
3852, 0.276361, 0.00480729, 0.00218634, 0, 7.40235e-08, 1.12315e-07, 0, 0, 0.00699381, 1.77389e-06, 3.172e-07, 1.28605, 0.965224, 6.4189e-06, 257.372
3853, 0.279552, 0.00477124, 0.00217459, 0, 7.5524e-08, 1.14511e-07, 0, 0, 0.00694601, 1.79226e-06, 3.24669e-07, 1.27457, 0.965236, 6.41122e-06, 257.207
3854, 0.276728, 0.00482321, 0.00219316, 0, 7.39547e-08, 1.12262e-07, 0, 0, 0.00701656, 1.77219e-06, 3.17443e-07, 1.28472, 0.965248, 6.40381e-06, 257.342
3855, 0.267402, 0.00496933, 0.00224404, 0, 6.91013e-08, 1.05238e-07, 0, 0, 0.00721355, 1.7106e-06, 2.9455e-07, 1.319, 0.96526, 6.39672e-06, 257.79
3856, 0.261332, 0.00506436, 0.0022782, 0, 6.58952e-08, 1.00598e-07, 0, 0, 0.00734272, 1.67035e-06, 2.79617e-07, 1.34196, 0.965272, 6.39158e-06, 258.063
3857, 0.265079, 0.00501223, 0.00226306, 0, 6.76031e-08, 1.03074e-07, 0, 0, 0.00727546, 1.69306e-06, 2.88115e-07, 1.32773, 0.965284, 6.38715e-06, 257.855
3858, 0.266022, 0.00500216, 0.00226181, 0, 6.79544e-08, 1.0356e-07, 0, 0, 0.00726414, 1.69758e-06, 2.9009e-07, 1.32418, 0.965296, 6.38137e-06, 257.784
3859, 0.260226, 0.00509131, 0.00229398, 0, 6.49574e-08, 9.91636e-08, 0, 0, 0.00738546, 1.65927e-06, 2.76044e-07, 1.34621, 0.965308, 6.37625e-06, 258.035
3860, 0.258735, 0.00511185, 0.00230389, 0, 6.39988e-08, 9.77049e-08, 0, 0, 0.0074159, 1.64855e-06, 2.7171e-07, 1.35195, 0.96532, 6.37163e-06, 258.065
3861, 0.260095, 0.00508622, 0.00229892, 0, 6.44722e-08, 9.83189e-08, 0, 0, 0.00738531, 1.65586e-06, 2.74302e-07, 1.34671, 0.965332, 6.36634e-06, 257.948
3862, 0.258319, 0.00510165, 0.00230835, 0, 6.34397e-08, 9.67334e-08, 0, 0, 0.00741017, 1.64306e-06, 2.69933e-07, 1.35356, 0.965344, 6.36054e-06, 257.964
3863, 0.257545, 0.00509797, 0.00231142, 0, 6.28873e-08, 9.57753e-08, 0, 0, 0.00740955, 1.63659e-06, 2.67857e-07, 1.35656, 0.965356, 6.35459e-06, 257.919
3864, 0.258695, 0.00507459, 0.00230661, 0, 6.33894e-08, 9.63193e-08, 0, 0, 0.00738135, 1.64234e-06, 2.70437e-07, 1.35211, 0.965368, 6.34859e-06, 257.807
3865, 0.258182, 0.00508219, 0.00231147, 0, 6.32347e-08, 9.59858e-08, 0, 0, 0.00739381, 1.6374e-06, 2.69897e-07, 1.35409, 0.96538, 6.34198e-06, 257.794
3866, 0.254886, 0.00512941, 0.00232988, 0, 6.1774e-08, 9.38234e-08, 0, 0, 0.00745944, 1.61415e-06, 2.6343e-07, 1.36694, 0.965392, 6.33282e-06, 257.908
3867, 0.249482, 0.00520643, 0.00235878, 0, 5.92353e-08, 9.00333e-08, 0, 0, 0.00756536, 1.57703e-06, 2.51725e-07, 1.38837, 0.965404, 6.32107e-06, 258.116
3868, 0.244578, 0.00526939, 0.002384, 0, 5.69193e-08, 8.64413e-08, 0, 0, 0.00765353, 1.54392e-06, 2.4084e-07, 1.40822, 0.965416, 6.31108e-06, 258.281
3869, 0.242871, 0.00528295, 0.00239287, 0, 5.61704e-08, 8.51179e-08, 0, 0, 0.00767596, 1.532e-06, 2.37318e-07, 1.41523, 0.965428, 6.3048e-06, 258.289
3870, 0.242054, 0.00529469, 0.00239953, 0, 5.59109e-08, 8.46206e-08, 0, 0, 0.00769436, 1.52599e-06, 2.36146e-07, 1.41859, 0.96544, 6.30181e-06, 258.289
3871, 0.238147, 0.00535838, 0.00242248, 0, 5.43218e-08, 8.22868e-08, 0, 0, 0.007781, 1.50057e-06, 2.28873e-07, 1.43487, 0.965452, 6.29974e-06, 258.446
3872, 0.231464, 0.00546214, 0.00245899, 0, 5.14854e-08, 7.81441e-08, 0, 0, 0.00792126, 1.45786e-06, 2.15792e-07, 1.46333, 0.965464, 6.29791e-06, 258.724
3873, 0.227478, 0.00552445, 0.002482, 0, 4.98048e-08, 7.56235e-08, 0, 0, 0.00800658, 1.43187e-06, 2.07998e-07, 1.4807, 0.965476, 6.29444e-06, 258.874
3874, 0.227656, 0.00553008, 0.00248575, 0, 4.98985e-08, 7.56293e-08, 0, 0, 0.00801595, 1.43179e-06, 2.08202e-07, 1.47992, 0.965488, 6.28927e-06, 258.851
3875, 0.229088, 0.00551794, 0.00248335, 0, 5.05956e-08, 7.64796e-08, 0, 0, 0.00800142, 1.4395e-06, 2.11217e-07, 1.47365, 0.9655, 6.28365e-06, 258.775
3876, 0.228619, 0.00553175, 0.00248893, 0, 5.05747e-08, 7.63346e-08, 0, 0, 0.00802081, 1.43525e-06, 2.11261e-07, 1.4757, 0.965512, 6.27785e-06, 258.775
3877, 0.223958, 0.00561464, 0.0025153, 0, 4.87802e-08, 7.37229e-08, 0, 0, 0.00813006, 1.40469e-06, 2.03358e-07, 1.4963, 0.965524, 6.27196e-06, 258.976
3878, 0.220774, 0.00567697, 0.00253521, 0, 4.7584e-08, 7.199e-08, 0, 0, 0.0082123, 1.38339e-06, 1.98117e-07, 1.51062, 0.965536, 6.26609e-06, 259.115
3879, 0.222509, 0.00565299, 0.00253071, 0, 4.8287e-08, 7.29153e-08, 0, 0, 0.00818383, 1.39294e-06, 2.01292e-07, 1.50279, 0.965548, 6.26021e-06, 259.008
3880, 0.223042, 0.00564803, 0.00253255, 0, 4.84205e-08, 7.30167e-08, 0, 0, 0.00818071, 1.39491e-06, 2.01783e-07, 1.50039, 0.96556, 6.25403e-06, 258.958
3881, 0.222034, 0.00567239, 0.002542, 0, 4.7982e-08, 7.237e-08, 0, 0, 0.00821451, 1.38705e-06, 1.9993e-07, 1.50492, 0.965572, 6.24712e-06, 258.989
3882, 0.223386, 0.00565537, 0.00253851, 0, 4.84863e-08, 7.31042e-08, 0, 0, 0.00819401, 1.39398e-06, 2.02579e-07, 1.49885, 0.965584, 6.24044e-06, 258.901
3883, 0.225238, 0.00563161, 0.00253294, 0, 4.91726e-08, 7.40655e-08, 0, 0, 0.00816467, 1.40441e-06, 2.05852e-07, 1.4906, 0.965596, 6.23531e-06, 258.792
3884, 0.225295, 0.00564193, 0.00253744, 0, 4.91811e-08, 7.40491e-08, 0, 0, 0.0081795, 1.4037e-06, 2.05898e-07, 1.49035, 0.965608, 6.23048e-06, 258.782
3885, 0.224318, 0.00567218, 0.00254753, 0, 4.87613e-08, 7.35024e-08, 0, 0, 0.00821983, 1.39638e-06, 2.04225e-07, 1.49469, 0.96562, 6.22496e-06, 258.827
3886, 0.224464, 0.00568407, 0.00255195, 0, 4.86976e-08, 7.34965e-08, 0, 0, 0.00823614, 1.39596e-06, 2.04249e-07, 1.49404, 0.965632, 6.21912e-06, 258.82
3887, 0.2264, 0.00566814, 0.00254772, 0, 4.92813e-08, 7.43629e-08, 0, 0, 0.00821599, 1.40666e-06, 2.06975e-07, 1.48545, 0.965644, 6.21322e-06, 258.732
3888, 0.227967, 0.00566447, 0.00254639, 0, 4.963e-08, 7.48903e-08, 0, 0, 0.00821098, 1.41506e-06, 2.08484e-07, 1.47855, 0.965656, 6.20731e-06, 258.678
3889, 0.228148, 0.00567924, 0.00255129, 0, 4.92913e-08, 7.44382e-08, 0, 0, 0.00823065, 1.41483e-06, 2.06916e-07, 1.47776, 0.965668, 6.20137e-06, 258.678
3890, 0.228346, 0.00568115, 0.00255368, 0, 4.89189e-08, 7.3938e-08, 0, 0, 0.00823495, 1.41469e-06, 2.05435e-07, 1.47689, 0.96568, 6.19539e-06, 258.644
3891, 0.22992, 0.00566306, 0.00254912, 0, 4.92759e-08, 7.4541e-08, 0, 0, 0.00821231, 1.42298e-06, 2.07539e-07, 1.47003, 0.965692, 6.18913e-06, 258.551
3892, 0.233227, 0.00563134, 0.00253817, 0, 5.05164e-08, 7.65148e-08, 0, 0, 0.00816964, 1.44174e-06, 2.13859e-07, 1.45574, 0.965704, 6.182e-06, 258.414
3893, 0.237395, 0.00559619, 0.00252473, 0, 5.20368e-08, 7.90164e-08, 0, 0, 0.00812106, 1.46559e-06, 2.21684e-07, 1.43803, 0.965716, 6.17408e-06, 258.263
3894, 0.241957, 0.00556271, 0.00251061, 0, 5.37328e-08, 8.18197e-08, 0, 0, 0.00807345, 1.49193e-06, 2.30298e-07, 1.419, 0.965728, 6.16644e-06, 258.114
3895, 0.247071, 0.00552898, 0.00249518, 0, 5.57767e-08, 8.51181e-08, 0, 0, 0.0080243, 1.52173e-06, 2.40319e-07, 1.39808, 0.96574, 6.15937e-06, 257.96
3896, 0.252171, 0.00550002, 0.0024809, 0, 5.78081e-08, 8.84241e-08, 0, 0, 0.00798107, 1.55168e-06, 2.50214e-07, 1.37765, 0.965752, 6.15357e-06, 257.82
3897, 0.255751, 0.0054985, 0.00247588, 0, 5.90677e-08, 9.06338e-08, 0, 0, 0.00797453, 1.57231e-06, 2.56326e-07, 1.36355, 0.965764, 6.14804e-06, 257.762
3898, 0.258009, 0.00552037, 0.0024787, 0, 5.97569e-08, 9.20203e-08, 0, 0, 0.00799923, 1.58464e-06, 2.59616e-07, 1.35476, 0.965776, 6.14198e-06, 257.775
3899, 0.260847, 0.00553215, 0.00247787, 0, 6.09248e-08, 9.40787e-08, 0, 0, 0.00801017, 1.60059e-06, 2.6522e-07, 1.34382, 0.965788, 6.13626e-06, 257.757
3900, 0.264703, 0.00552256, 0.00247004, 0, 6.27194e-08, 9.69886e-08, 0, 0, 0.00799276, 1.62248e-06, 2.73889e-07, 1.32915, 0.9658, 6.12959e-06, 257.674
3901, 0.269257, 0.00547761, 0.00245308, 0, 6.4793e-08, 1.00173e-07, 0, 0, 0.00793086, 1.6481e-06, 2.84259e-07, 1.31209, 0.965812, 6.12105e-06, 257.491
3902, 0.270034, 0.0054552, 0.00244903, 0, 6.48917e-08, 1.0026e-07, 0, 0, 0.0079044, 1.65006e-06, 2.85423e-07, 1.30921, 0.965824, 6.1104e-06, 257.388
3903, 0.266055, 0.00548488, 0.00246612, 0, 6.26859e-08, 9.67681e-08, 0, 0, 0.00795116, 1.62202e-06, 2.75369e-07, 1.32405, 0.965836, 6.09623e-06, 257.452
3904, 0.262131, 0.00551581, 0.00248311, 0, 6.06298e-08, 9.3426e-08, 0, 0, 0.00799907, 1.59234e-06, 2.6584e-07, 1.33891, 0.965848, 6.07416e-06, 257.517
3905, 0.25909, 0.00554775, 0.00249848, 0, 5.9009e-08, 9.07734e-08, 0, 0, 0.00804639, 1.5621e-06, 2.58329e-07, 1.35058, 0.96586, 6.028e-06, 257.58
3906, 0.255733, 0.00559208, 0.00251722, 0, 5.68607e-08, 8.7373e-08, 0, 0, 0.00810944, 1.51602e-06, 2.48472e-07, 1.36362, 0.965872, 5.92453e-06, 257.678
3907, 0.252973, 0.0056333, 0.00253409, 0, 5.47626e-08, 8.40807e-08, 0, 0, 0.00816754, 1.46777e-06, 2.38905e-07, 1.37447, 0.965884, 5.79383e-06, 257.764
3908, 0.250078, 0.00567599, 0.0025516, 0, 5.36437e-08, 8.22828e-08, 0, 0, 0.00822773, 1.44871e-06, 2.33523e-07, 1.38598, 0.965896, 5.78476e-06, 257.853
3909, 0.244773, 0.00574181, 0.00257896, 0, 5.25081e-08, 8.0453e-08, 0, 0, 0.00832091, 1.44489e-06, 2.27786e-07, 1.40742, 0.965908, 5.9015e-06, 258.014
3910, 0.238184, 0.00582193, 0.00261195, 0, 5.05879e-08, 7.74537e-08, 0, 0, 0.00843401, 1.42772e-06, 2.18563e-07, 1.43471, 0.96592, 5.9953e-06, 258.215
3911, 0.236054, 0.0058668, 0.00262873, 0, 5.00202e-08, 7.65565e-08, 0, 0, 0.00849565, 1.42383e-06, 2.1555e-07, 1.44369, 0.965932, 6.03199e-06, 258.305
3912, 0.238342, 0.00587008, 0.00262805, 0, 5.11425e-08, 7.82661e-08, 0, 0, 0.00849826, 1.44052e-06, 2.20395e-07, 1.43405, 0.965944, 6.04354e-06, 258.267
3913, 0.240063, 0.00586865, 0.00262743, 0, 5.19761e-08, 7.95267e-08, 0, 0, 0.00849621, 1.45166e-06, 2.24197e-07, 1.42686, 0.965956, 6.04644e-06, 258.22
3914, 0.240008, 0.00588199, 0.00263328, 0, 5.19989e-08, 7.95325e-08, 0, 0, 0.0085154, 1.45127e-06, 2.24325e-07, 1.42708, 0.965968, 6.04637e-06, 258.218
3915, 0.238789, 0.00591127, 0.00264462, 0, 5.14738e-08, 7.87343e-08, 0, 0, 0.00855602, 1.44342e-06, 2.21924e-07, 1.43218, 0.96598, 6.04463e-06, 258.262
3916, 0.237097, 0.00595052, 0.00265874, 0, 5.07397e-08, 7.76724e-08, 0, 0, 0.0086094, 1.43242e-06, 2.18596e-07, 1.43929, 0.965992, 6.04148e-06, 258.332
3917, 0.236161, 0.00598281, 0.00266967, 0, 5.03949e-08, 7.72198e-08, 0, 0, 0.00865262, 1.42582e-06, 2.17147e-07, 1.44324, 0.966004, 6.03752e-06, 258.38
3918, 0.236658, 0.00599208, 0.00267287, 0, 5.06717e-08, 7.77044e-08, 0, 0, 0.00866508, 1.42777e-06, 2.18798e-07, 1.44114, 0.966016, 6.03308e-06, 258.363
3919, 0.237695, 0.00599232, 0.00267322, 0, 5.11006e-08, 7.84208e-08, 0, 0, 0.00866567, 1.4329e-06, 2.21215e-07, 1.43677, 0.966028, 6.02836e-06, 258.322
3920, 0.237622, 0.00601117, 0.00267989, 0, 5.10208e-08, 7.83675e-08, 0, 0, 0.00869119, 1.43133e-06, 2.21059e-07, 1.43707, 0.96604, 6.02353e-06, 258.333
3921, 0.236927, 0.00604142, 0.0026902, 0, 5.06672e-08, 7.79148e-08, 0, 0, 0.00873175, 1.42595e-06, 2.19561e-07, 1.44, 0.966052, 6.01849e-06, 258.375
3922, 0.236926, 0.00606184, 0.00269698, 0, 5.05797e-08, 7.78714e-08, 0, 0, 0.00875895, 1.42466e-06, 2.19346e-07, 1.44001, 0.966064, 6.01307e-06, 258.389
3923, 0.236911, 0.00608227, 0.00270403, 0, 5.04208e-08, 7.77195e-08, 0, 0, 0.00878643, 1.42327e-06, 2.18712e-07, 1.44007, 0.966076, 6.00754e-06, 258.403
3924, 0.236212, 0.00610633, 0.00271329, 0, 4.99437e-08, 7.70826e-08, 0, 0, 0.00881975, 1.41784e-06, 2.16686e-07, 1.44303, 0.966088, 6.00236e-06, 258.429
3925, 0.235389, 0.00612393, 0.00272124, 0, 4.9433e-08, 7.64012e-08, 0, 0, 0.0088453, 1.41173e-06, 2.14779e-07, 1.44652, 0.9661, 5.99745e-06, 258.439
3926, 0.23611, 0.00612503, 0.00272239, 0, 4.95791e-08, 7.66961e-08, 0, 0, 0.00884755, 1.41487e-06, 2.15906e-07, 1.44346, 0.966112, 5.99243e-06, 258.401
3927, 0.238293, 0.00610814, 0.00271661, 0, 5.03525e-08, 7.78957e-08, 0, 0, 0.00882488, 1.42669e-06, 2.19879e-07, 1.43426, 0.966124, 5.98718e-06, 258.312
3928, 0.240001, 0.00609726, 0.00271326, 0, 5.09759e-08, 7.89336e-08, 0, 0, 0.00881064, 1.43565e-06, 2.23308e-07, 1.42711, 0.966136, 5.98184e-06, 258.24
3929, 0.241171, 0.00610119, 0.00271448, 0, 5.14089e-08, 7.97108e-08, 0, 0, 0.0088158, 1.44135e-06, 2.25652e-07, 1.42225, 0.966148, 5.97647e-06, 258.208
3930, 0.243467, 0.00609521, 0.00271129, 0, 5.22531e-08, 8.10208e-08, 0, 0, 0.00880663, 1.45372e-06, 2.29554e-07, 1.41278, 0.96616, 5.97096e-06, 258.147
3931, 0.246271, 0.00607718, 0.00270423, 0, 5.32401e-08, 8.25125e-08, 0, 0, 0.00878154, 1.46909e-06, 2.3421e-07, 1.40132, 0.966172, 5.96536e-06, 258.052
3932, 0.248278, 0.00606683, 0.00270013, 0, 5.39051e-08, 8.35482e-08, 0, 0, 0.0087671, 1.47961e-06, 2.37507e-07, 1.3932, 0.966184, 5.95946e-06, 257.98
3933, 0.25002, 0.00606173, 0.00269756, 0, 5.45058e-08, 8.45312e-08, 0, 0, 0.00875943, 1.4884e-06, 2.40594e-07, 1.38621, 0.966196, 5.95308e-06, 257.921
3934, 0.25166, 0.00605807, 0.00269567, 0, 5.50728e-08, 8.54841e-08, 0, 0, 0.00875388, 1.49655e-06, 2.43585e-07, 1.37968, 0.966208, 5.94678e-06, 257.867
3935, 0.252924, 0.00605821, 0.00269554, 0, 5.5448e-08, 8.61433e-08, 0, 0, 0.0087539, 1.50238e-06, 2.45666e-07, 1.37467, 0.96622, 5.94032e-06, 257.825
3936, 0.253978, 0.00606114, 0.00269632, 0, 5.57322e-08, 8.66675e-08, 0, 0, 0.0087576, 1.50721e-06, 2.47315e-07, 1.37051, 0.966232, 5.93478e-06, 257.79
3937, 0.254692, 0.00606986, 0.00269884, 0, 5.58911e-08, 8.70171e-08, 0, 0, 0.00876884, 1.51046e-06, 2.48389e-07, 1.3677, 0.966244, 5.93077e-06, 257.771
3938, 0.25528, 0.00608073, 0.0027022, 0, 5.59851e-08, 8.72784e-08, 0, 0, 0.00878308, 1.51271e-06, 2.49183e-07, 1.36539, 0.966256, 5.92586e-06, 257.758
3939, 0.256269, 0.00608347, 0.00270329, 0, 5.62401e-08, 8.77816e-08, 0, 0, 0.0087869, 1.51731e-06, 2.50795e-07, 1.36153, 0.966268, 5.92092e-06, 257.724
3940, 0.256843, 0.00608655, 0.0027055, 0, 5.62677e-08, 8.79555e-08, 0, 0, 0.0087922, 1.51964e-06, 2.5146e-07, 1.35929, 0.96628, 5.91666e-06, 257.692
3941, 0.256052, 0.00610235, 0.0027132, 0, 5.56042e-08, 8.70719e-08, 0, 0, 0.0088157, 1.51376e-06, 2.48885e-07, 1.36237, 0.966292, 5.91189e-06, 257.699
3942, 0.255479, 0.00611912, 0.0027203, 0, 5.50823e-08, 8.63354e-08, 0, 0, 0.00883955, 1.50901e-06, 2.46711e-07, 1.36462, 0.966304, 5.90662e-06, 257.706
3943, 0.257292, 0.00611762, 0.00271834, 0, 5.58014e-08, 8.74731e-08, 0, 0, 0.0088361, 1.51833e-06, 2.50193e-07, 1.35754, 0.966316, 5.90125e-06, 257.656
3944, 0.260218, 0.00610792, 0.00271241, 0, 5.70621e-08, 8.94617e-08, 0, 0, 0.00882048, 1.5342e-06, 2.56207e-07, 1.34623, 0.966328, 5.89586e-06, 257.582
3945, 0.261718, 0.00611402, 0.00271304, 0, 5.76132e-08, 9.03863e-08, 0, 0, 0.00882721, 1.5416e-06, 2.58891e-07, 1.34049, 0.96634, 5.89031e-06, 257.553
3946, 0.262118, 0.00613197, 0.00271858, 0, 5.76229e-08, 9.04803e-08, 0, 0, 0.0088507, 1.54231e-06, 2.59007e-07, 1.33896, 0.966352, 5.88397e-06, 257.559
3947, 0.262665, 0.00614442, 0.00272245, 0, 5.76971e-08, 9.06611e-08, 0, 0, 0.00886702, 1.54372e-06, 2.59509e-07, 1.33688, 0.966364, 5.87695e-06, 257.551
3948, 0.263992, 0.00613902, 0.00272068, 0, 5.81528e-08, 9.14075e-08, 0, 0, 0.00885985, 1.5501e-06, 2.62032e-07, 1.33184, 0.966376, 5.87159e-06, 257.494
3949, 0.265729, 0.00612578, 0.00271655, 0, 5.88003e-08, 9.24395e-08, 0, 0, 0.00884248, 1.55928e-06, 2.65528e-07, 1.32528, 0.966388, 5.86789e-06, 257.416
3950, 0.266598, 0.00612836, 0.00271773, 0, 5.90483e-08, 9.28906e-08, 0, 0, 0.00884624, 1.5632e-06, 2.67041e-07, 1.32201, 0.9664, 5.8635e-06, 257.382
3951, 0.26626, 0.00614951, 0.00272524, 0, 5.87548e-08, 9.25358e-08, 0, 0, 0.0088749, 1.55984e-06, 2.65898e-07, 1.32328, 0.966412, 5.8583e-06, 257.398
3952, 0.265484, 0.00617354, 0.00273417, 0, 5.82584e-08, 9.18396e-08, 0, 0, 0.00890786, 1.55386e-06, 2.63757e-07, 1.3262, 0.966424, 5.85292e-06, 257.424
3953, 0.265269, 0.00618577, 0.00273953, 0, 5.80239e-08, 9.1507e-08, 0, 0, 0.00892544, 1.55117e-06, 2.62917e-07, 1.32701, 0.966436, 5.84753e-06, 257.417
3954, 0.265759, 0.00618996, 0.00274194, 0, 5.8137e-08, 9.17009e-08, 0, 0, 0.00893204, 1.55259e-06, 2.63726e-07, 1.32516, 0.966448, 5.8421e-06, 257.389
3955, 0.267297, 0.00618721, 0.00274059, 0, 5.8737e-08, 9.26673e-08, 0, 0, 0.00892795, 1.56012e-06, 2.66807e-07, 1.3194, 0.96646, 5.83667e-06, 257.338
3956, 0.269109, 0.00618393, 0.00273832, 0, 5.94574e-08, 9.38412e-08, 0, 0, 0.00892241, 1.56924e-06, 2.7046e-07, 1.31264, 0.966472, 5.83126e-06, 257.285
3957, 0.269339, 0.00619576, 0.00274281, 0, 5.94421e-08, 9.38538e-08, 0, 0, 0.00893872, 1.56914e-06, 2.70556e-07, 1.31178, 0.966484, 5.82587e-06, 257.276
3958, 0.267759, 0.00622438, 0.00275506, 0, 5.85835e-08, 9.25388e-08, 0, 0, 0.0089796, 1.55856e-06, 2.66592e-07, 1.31767, 0.966496, 5.82071e-06, 257.317
3959, 0.267127, 0.00624487, 0.00276337, 0, 5.81788e-08, 9.19497e-08, 0, 0, 0.00900839, 1.55352e-06, 2.64834e-07, 1.32003, 0.966508, 5.81567e-06, 257.334
3960, 0.268963, 0.00624427, 0.00276142, 0, 5.89578e-08, 9.3218e-08, 0, 0, 0.00900584, 1.56279e-06, 2.68728e-07, 1.31318, 0.96652, 5.81048e-06, 257.287
3961, 0.270651, 0.00624556, 0.00276012, 0, 5.9675e-08, 9.43814e-08, 0, 0, 0.00900584, 1.57118e-06, 2.72294e-07, 1.30693, 0.966532, 5.8052e-06, 257.245
3962, 0.271396, 0.00625219, 0.00276225, 0, 5.99263e-08, 9.48109e-08, 0, 0, 0.00901459, 1.57407e-06, 2.73693e-07, 1.30418, 0.966544, 5.79992e-06, 257.22
3963, 0.271729, 0.00626148, 0.00276606, 0, 5.99775e-08, 9.4926e-08, 0, 0, 0.0090277, 1.57457e-06, 2.7416e-07, 1.30295, 0.966556, 5.79464e-06, 257.205
3964, 0.271767, 0.00627585, 0.00277164, 0, 5.9903e-08, 9.48482e-08, 0, 0, 0.00904764, 1.57336e-06, 2.73984e-07, 1.30281, 0.966568, 5.78937e-06, 257.203
3965, 0.271799, 0.00628967, 0.00277703, 0, 5.98216e-08, 9.47607e-08, 0, 0, 0.00906685, 1.57211e-06, 2.73792e-07, 1.30269, 0.96658, 5.78411e-06, 257.2
3966, 0.271862, 0.00630234, 0.00278194, 0, 5.97493e-08, 9.46857e-08, 0, 0, 0.00908443, 1.57105e-06, 2.73657e-07, 1.30246, 0.966592, 5.77884e-06, 257.193
3967, 0.271694, 0.00631924, 0.00278822, 0, 5.95762e-08, 9.44534e-08, 0, 0, 0.00910761, 1.56865e-06, 2.72986e-07, 1.30308, 0.966604, 5.77357e-06, 257.198
3968, 0.27133, 0.00633936, 0.00279579, 0, 5.93158e-08, 9.40839e-08, 0, 0, 0.0091353, 1.56512e-06, 2.71861e-07, 1.30442, 0.966616, 5.7683e-06, 257.212
3969, 0.27102, 0.00635914, 0.00280326, 0, 5.90852e-08, 9.37576e-08, 0, 0, 0.00916255, 1.5619e-06, 2.70871e-07, 1.30556, 0.966628, 5.76303e-06, 257.224
3970, 0.270686, 0.0063803, 0.00281094, 0, 5.88496e-08, 9.34297e-08, 0, 0, 0.00919139, 1.55856e-06, 2.69845e-07, 1.3068, 0.96664, 5.75779e-06, 257.24
3971, 0.270266, 0.00640193, 0.00281887, 0, 5.85699e-08, 9.30383e-08, 0, 0, 0.00922095, 1.55472e-06, 2.68629e-07, 1.30835, 0.966652, 5.75254e-06, 257.257
3972, 0.27005, 0.0064175, 0.00282523, 0, 5.83683e-08, 9.27554e-08, 0, 0, 0.00924288, 1.55199e-06, 2.67857e-07, 1.30915, 0.966664, 5.74706e-06, 257.258
3973, 0.269644, 0.00643311, 0.00283224, 0, 5.80695e-08, 9.23059e-08, 0, 0, 0.00926549, 1.54804e-06, 2.66622e-07, 1.31065, 0.966676, 5.741e-06, 257.261
3974, 0.267687, 0.00646653, 0.00284666, 0, 5.70682e-08, 9.07562e-08, 0, 0, 0.00931334, 1.53523e-06, 2.61933e-07, 1.31794, 0.966688, 5.73511e-06, 257.313
3975, 0.264483, 0.00651487, 0.00286702, 0, 5.55097e-08, 8.83415e-08, 0, 0, 0.00938203, 1.51559e-06, 2.54513e-07, 1.32998, 0.9667, 5.73032e-06, 257.406
3976, 0.26322, 0.00654623, 0.00287932, 0, 5.48354e-08, 8.73347e-08, 0, 0, 0.00942568, 1.50708e-06, 2.51368e-07, 1.33477, 0.966712, 5.72558e-06, 257.449
3977, 0.2649, 0.00654574, 0.002878, 0, 5.55104e-08, 8.8447e-08, 0, 0, 0.00942389, 1.5153e-06, 2.54827e-07, 1.3284, 0.966724, 5.72033e-06, 257.404
3978, 0.266522, 0.00654237, 0.00287611, 0, 5.61616e-08, 8.95075e-08, 0, 0, 0.00941863, 1.52303e-06, 2.58223e-07, 1.3223, 0.966736, 5.71444e-06, 257.352
3979, 0.265635, 0.00656447, 0.00288532, 0, 5.565e-08, 8.8738e-08, 0, 0, 0.00944994, 1.51587e-06, 2.55984e-07, 1.32563, 0.966748, 5.7064e-06, 257.371
3980, 0.263251, 0.00660345, 0.00290157, 0, 5.44711e-08, 8.69044e-08, 0, 0, 0.00950516, 1.49986e-06, 2.50434e-07, 1.33465, 0.96676, 5.69714e-06, 257.437
3981, 0.261711, 0.00663578, 0.00291468, 0, 5.37411e-08, 8.57587e-08, 0, 0, 0.0095506, 1.48962e-06, 2.46953e-07, 1.34051, 0.966772, 5.69164e-06, 257.482
3982, 0.262526, 0.00664531, 0.00291756, 0, 5.40631e-08, 8.62961e-08, 0, 0, 0.00956301, 1.49356e-06, 2.486e-07, 1.3374, 0.966784, 5.68917e-06, 257.465
3983, 0.26473, 0.00664026, 0.00291395, 0, 5.49485e-08, 8.77567e-08, 0, 0, 0.00955436, 1.50523e-06, 2.53086e-07, 1.32905, 0.966796, 5.68595e-06, 257.406
3984, 0.265894, 0.00664411, 0.00291449, 0, 5.53575e-08, 8.84588e-08, 0, 0, 0.00955875, 1.51048e-06, 2.55291e-07, 1.32466, 0.966808, 5.68074e-06, 257.373
3985, 0.265986, 0.00665879, 0.00291986, 0, 5.52982e-08, 8.84015e-08, 0, 0, 0.00957879, 1.50933e-06, 2.55174e-07, 1.32431, 0.96682, 5.67446e-06, 257.37
3986, 0.265836, 0.00667616, 0.00292649, 0, 5.51555e-08, 8.82067e-08, 0, 0, 0.00960279, 1.50728e-06, 2.54625e-07, 1.32487, 0.966832, 5.66994e-06, 257.374
3987, 0.265731, 0.00669245, 0.00293277, 0, 5.50407e-08, 8.8058e-08, 0, 0, 0.00962537, 1.50574e-06, 2.5423e-07, 1.32527, 0.966844, 5.66638e-06, 257.376
3988, 0.265617, 0.00670903, 0.00293916, 0, 5.4911e-08, 8.78879e-08, 0, 0, 0.00964834, 1.50384e-06, 2.53768e-07, 1.3257, 0.966856, 5.66169e-06, 257.378
3989, 0.265434, 0.0067272, 0.00294625, 0, 5.47493e-08, 8.76695e-08, 0, 0, 0.00967359, 1.50149e-06, 2.53135e-07, 1.32639, 0.966868, 5.65672e-06, 257.385
3990, 0.265159, 0.00674686, 0.00295387, 0, 5.45442e-08, 8.73863e-08, 0, 0, 0.00970087, 1.49851e-06, 2.52288e-07, 1.32743, 0.96688, 5.65134e-06, 257.395
3991, 0.264621, 0.00676992, 0.00296271, 0, 5.41975e-08, 8.68775e-08, 0, 0, 0.00973277, 1.49334e-06, 2.5074e-07, 1.32946, 0.966892, 5.64328e-06, 257.414
3992, 0.263642, 0.00679828, 0.00297374, 0, 5.36485e-08, 8.60497e-08, 0, 0, 0.00977216, 1.4856e-06, 2.48194e-07, 1.33316, 0.966904, 5.6349e-06, 257.447
3993, 0.262782, 0.00682448, 0.00298417, 0, 5.32027e-08, 8.53865e-08, 0, 0, 0.00980879, 1.47998e-06, 2.46168e-07, 1.33643, 0.966916, 5.63198e-06, 257.474
3994, 0.262352, 0.00684569, 0.00299251, 0, 5.29731e-08, 8.50653e-08, 0, 0, 0.00983833, 1.47736e-06, 2.45209e-07, 1.33807, 0.966928, 5.63122e-06, 257.488
3995, 0.261841, 0.00686893, 0.00300125, 0, 5.2689e-08, 8.46544e-08, 0, 0, 0.00987031, 1.4736e-06, 2.43957e-07, 1.34002, 0.96694, 5.62783e-06, 257.506
3996, 0.261375, 0.00689208, 0.00300973, 0, 5.24119e-08, 8.42526e-08, 0, 0, 0.00990194, 1.46967e-06, 2.42729e-07, 1.3418, 0.966952, 5.62284e-06, 257.524
3997, 0.261155, 0.00691162, 0.00301701, 0, 5.2238e-08, 8.40169e-08, 0, 0, 0.00992877, 1.46705e-06, 2.42039e-07, 1.34264, 0.966964, 5.61755e-06, 257.532
3998, 0.260777, 0.00693254, 0.00302519, 0, 5.19952e-08, 8.36725e-08, 0, 0, 0.00995786, 1.46357e-06, 2.41022e-07, 1.34409, 0.966975, 5.61233e-06, 257.545
3999, 0.259998, 0.00695867, 0.0030355, 0, 5.15804e-08, 8.3054e-08, 0, 0, 0.0099943, 1.45788e-06, 2.39136e-07, 1.34708, 0.966979, 5.60725e-06, 257.571
4000, 0.259043, 0.00698736, 0.00304672, 0, 5.10913e-08, 8.23166e-08, 0, 0, 0.0100342, 1.45122e-06, 2.36866e-07, 1.35076, 0.96696, 5.60222e-06, 257.603
4001, 0.258221, 0.00701435, 0.00305716, 0, 5.06612e-08, 8.16708e-08, 0, 0, 0.0100716, 1.4453e-06, 2.34886e-07, 1.35394, 0.966909, 5.59711e-06, 257.63
4002, 0.257433, 0.00704171, 0.0030676, 0, 5.02509e-08, 8.10574e-08, 0, 0, 0.0101094, 1.43955e-06, 2.3299e-07, 1.357, 0.966835, 5.59192e-06, 257.658
4003, 0.256577, 0.00707082, 0.00307863, 0, 4.98164e-08, 8.04038e-08, 0, 0, 0.0101496, 1.43342e-06, 2.30948e-07, 1.36033, 0.966754, 5.58669e-06, 257.69
4004, 0.255755, 0.00709836, 0.0030891, 0, 4.93943e-08, 7.97652e-08, 0, 0, 0.0101876, 1.42748e-06, 2.28987e-07, 1.36353, 0.966672, 5.58143e-06, 257.718
4005, 0.254906, 0.00712431, 0.00309921, 0, 4.89591e-08, 7.91034e-08, 0, 0, 0.0102236, 1.42139e-06, 2.27006e-07, 1.36686, 0.96659, 5.57613e-06, 257.742
4006, 0.25336, 0.00715764, 0.00311275, 0, 4.82454e-08, 7.79939e-08, 0, 0, 0.0102705, 1.41141e-06, 2.23667e-07, 1.37294, 0.966508, 5.57071e-06, 257.785
4007, 0.25022, 0.00720913, 0.00313407, 0, 4.69005e-08, 7.58684e-08, 0, 0, 0.0103433, 1.3925e-06, 2.17219e-07, 1.38542, 0.966426, 5.56499e-06, 257.875
4008, 0.246219, 0.00727044, 0.00315936, 0, 4.52243e-08, 7.32106e-08, 0, 0, 0.0104299, 1.36862e-06, 2.09149e-07, 1.40153, 0.966344, 5.5584e-06, 257.988
4009, 0.244068, 0.00731191, 0.00317592, 0, 4.42928e-08, 7.17447e-08, 0, 0, 0.0104879, 1.35492e-06, 2.04708e-07, 1.41031, 0.966262, 5.55136e-06, 258.049
4010, 0.245341, 0.00731603, 0.0031766, 0, 4.47232e-08, 7.24672e-08, 0, 0, 0.0104927, 1.36059e-06, 2.06923e-07, 1.40511, 0.96618, 5.54576e-06, 258.017
4011, 0.248091, 0.00730373, 0.00317037, 0, 4.57296e-08, 7.4114e-08, 0, 0, 0.0104742, 1.37473e-06, 2.1195e-07, 1.39396, 0.966098, 5.5413e-06, 257.943
4012, 0.2494, 0.00730693, 0.00317069, 0, 4.61618e-08, 7.4837e-08, 0, 0, 0.0104777, 1.38069e-06, 2.14174e-07, 1.3887, 0.966016, 5.53607e-06, 257.908
4013, 0.249109, 0.00732793, 0.00317844, 0, 4.59616e-08, 7.45442e-08, 0, 0, 0.0105065, 1.3775e-06, 2.13306e-07, 1.38986, 0.965934, 5.52968e-06, 257.918
4014, 0.248326, 0.0073547, 0.00318867, 0, 4.55605e-08, 7.39303e-08, 0, 0, 0.0105435, 1.37134e-06, 2.11459e-07, 1.39301, 0.965852, 5.52231e-06, 257.942
4015, 0.24749, 0.00738218, 0.00319941, 0, 4.51285e-08, 7.32727e-08, 0, 0, 0.0105817, 1.36458e-06, 2.09482e-07, 1.39638, 0.96577, 5.51362e-06, 257.968
4016, 0.246807, 0.00740829, 0.00320943, 0, 4.47432e-08, 7.26866e-08, 0, 0, 0.0106178, 1.35802e-06, 2.07724e-07, 1.39915, 0.965688, 5.50234e-06, 257.99
4017, 0.246215, 0.00743308, 0.00321875, 0, 4.43544e-08, 7.20897e-08, 0, 0, 0.0106519, 1.35058e-06, 2.05959e-07, 1.40155, 0.965606, 5.48531e-06, 258.008
4018, 0.245471, 0.00745896, 0.00322879, 0, 4.37905e-08, 7.12106e-08, 0, 0, 0.0106879, 1.33869e-06, 2.03391e-07, 1.40458, 0.965524, 5.45337e-06, 258.03
4019, 0.244614, 0.00748659, 0.00323957, 0, 4.28755e-08, 6.97575e-08, 0, 0, 0.0107263, 1.31645e-06, 1.99166e-07, 1.40807, 0.965442, 5.38086e-06, 258.055
4020, 0.243723, 0.00751576, 0.00325058, 0, 4.16166e-08, 6.77396e-08, 0, 0, 0.0107665, 1.28333e-06, 1.933e-07, 1.41172, 0.96536, 5.26323e-06, 258.084
4021, 0.242782, 0.00754577, 0.0032618, 0, 4.08469e-08, 6.65145e-08, 0, 0, 0.0108077, 1.26565e-06, 1.89679e-07, 1.41559, 0.965278, 5.21063e-06, 258.114
4022, 0.241823, 0.00757557, 0.00327325, 0, 4.1092e-08, 6.69371e-08, 0, 0, 0.0108489, 1.27992e-06, 1.90761e-07, 1.41955, 0.965196, 5.29191e-06, 258.144
4023, 0.240826, 0.00760497, 0.00328487, 0, 4.14567e-08, 6.75603e-08, 0, 0, 0.01089, 1.29806e-06, 1.92442e-07, 1.42368, 0.965114, 5.39006e-06, 258.173
4024, 0.239774, 0.00763443, 0.00329654, 0, 4.13986e-08, 6.75073e-08, 0, 0, 0.0109311, 1.30326e-06, 1.92215e-07, 1.42806, 0.965032, 5.4355e-06, 258.203
4025, 0.238601, 0.00766628, 0.00330892, 0, 4.10568e-08, 6.70002e-08, 0, 0, 0.0109753, 1.30045e-06, 1.90658e-07, 1.43296, 0.96495, 5.45035e-06, 258.237
4026, 0.237172, 0.00770286, 0.00332286, 0, 4.05411e-08, 6.62031e-08, 0, 0, 0.0110258, 1.29367e-06, 1.88209e-07, 1.43897, 0.964868, 5.45458e-06, 258.282
4027, 0.235705, 0.00774111, 0.00333718, 0, 3.999e-08, 6.5322e-08, 0, 0, 0.0110784, 1.28571e-06, 1.85495e-07, 1.44517, 0.964786, 5.45473e-06, 258.329
4028, 0.234495, 0.00777587, 0.00335028, 0, 3.95231e-08, 6.45613e-08, 0, 0, 0.0111262, 1.27869e-06, 1.83167e-07, 1.45032, 0.964704, 5.45294e-06, 258.369
4029, 0.233467, 0.00780721, 0.00336233, 0, 3.91168e-08, 6.39037e-08, 0, 0, 0.0111696, 1.27241e-06, 1.81185e-07, 1.45472, 0.964622, 5.45006e-06, 258.401
4030, 0.232391, 0.00783911, 0.00337452, 0, 3.86948e-08, 6.32285e-08, 0, 0, 0.0112137, 1.26571e-06, 1.79159e-07, 1.45934, 0.96454, 5.44648e-06, 258.434
4031, 0.231138, 0.0078738, 0.0033876, 0, 3.82116e-08, 6.24599e-08, 0, 0, 0.0112615, 1.25796e-06, 1.76842e-07, 1.46474, 0.964458, 5.44243e-06, 258.472
4032, 0.229759, 0.00791046, 0.00340134, 0, 3.76841e-08, 6.1627e-08, 0, 0, 0.0113119, 1.24947e-06, 1.74327e-07, 1.47072, 0.964376, 5.43816e-06, 258.515
4033, 0.228431, 0.00794676, 0.00341494, 0, 3.71762e-08, 6.0832e-08, 0, 0, 0.0113618, 1.24125e-06, 1.71925e-07, 1.47652, 0.964294, 5.43377e-06, 258.557
4034, 0.226689, 0.00798869, 0.00343074, 0, 3.65277e-08, 5.98108e-08, 0, 0, 0.0114195, 1.23077e-06, 1.68838e-07, 1.48418, 0.964212, 5.42926e-06, 258.611
4035, 0.223803, 0.00804487, 0.00345218, 0, 3.54861e-08, 5.81504e-08, 0, 0, 0.0114971, 1.21406e-06, 1.63831e-07, 1.49699, 0.96413, 5.42461e-06, 258.697
4036, 0.221382, 0.00809418, 0.00347101, 0, 3.46135e-08, 5.67627e-08, 0, 0, 0.0115653, 1.19985e-06, 1.59678e-07, 1.50787, 0.964048, 5.41979e-06, 258.767
4037, 0.2216, 0.00811016, 0.00347673, 0, 3.46552e-08, 5.68543e-08, 0, 0, 0.011587, 1.19991e-06, 1.59988e-07, 1.50688, 0.963966, 5.4148e-06, 258.761
4038, 0.222734, 0.00811512, 0.00347811, 0, 3.50072e-08, 5.74521e-08, 0, 0, 0.0115933, 1.20491e-06, 1.61809e-07, 1.50178, 0.963884, 5.40964e-06, 258.731
4039, 0.222765, 0.00813428, 0.00348501, 0, 3.4976e-08, 5.74352e-08, 0, 0, 0.0116194, 1.20391e-06, 1.61771e-07, 1.50164, 0.963802, 5.40437e-06, 258.732
4040, 0.221808, 0.00816632, 0.00349683, 0, 3.46041e-08, 5.68619e-08, 0, 0, 0.0116632, 1.19754e-06, 1.60051e-07, 1.50594, 0.96372, 5.39894e-06, 258.762
4041, 0.219905, 0.00821051, 0.00351351, 0, 3.39108e-08, 5.57546e-08, 0, 0, 0.0117241, 1.18602e-06, 1.56723e-07, 1.51456, 0.963638, 5.39327e-06, 258.819
4042, 0.217641, 0.00825959, 0.00353211, 0, 3.3104e-08, 5.44447e-08, 0, 0, 0.0117918, 1.17251e-06, 1.52789e-07, 1.52491, 0.963556, 5.38727e-06, 258.887
4043, 0.216524, 0.00829442, 0.00354494, 0, 3.26711e-08, 5.37442e-08, 0, 0, 0.0118394, 1.16508e-06, 1.5069e-07, 1.53005, 0.963474, 5.38082e-06, 258.922
4044, 0.216498, 0.00831507, 0.00355213, 0, 3.25722e-08, 5.36085e-08, 0, 0, 0.0118673, 1.16341e-06, 1.50292e-07, 1.53018, 0.963392, 5.37378e-06, 258.926
4045, 0.216976, 0.00833026, 0.00355704, 0, 3.26372e-08, 5.37525e-08, 0, 0, 0.0118874, 1.16425e-06, 1.50721e-07, 1.52797, 0.96331, 5.36582e-06, 258.917
4046, 0.217495, 0.00834621, 0.00356204, 0, 3.27216e-08, 5.39307e-08, 0, 0, 0.0119083, 1.16497e-06, 1.51241e-07, 1.52558, 0.963228, 5.35633e-06, 258.909
4047, 0.217389, 0.00836858, 0.00356978, 0, 3.25887e-08, 5.37531e-08, 0, 0, 0.0119384, 1.16176e-06, 1.50721e-07, 1.52607, 0.963146, 5.34416e-06, 258.916
4048, 0.217107, 0.00839201, 0.00357823, 0, 3.23604e-08, 5.34165e-08, 0, 0, 0.0119703, 1.15647e-06, 1.49751e-07, 1.52737, 0.963064, 5.32669e-06, 258.926
4049, 0.216878, 0.00841611, 0.00358686, 0, 3.20687e-08, 5.29773e-08, 0, 0, 0.0120031, 1.14868e-06, 1.48477e-07, 1.52842, 0.962982, 5.29635e-06, 258.937
4050, 0.216629, 0.00844112, 0.00359573, 0, 3.1563e-08, 5.21849e-08, 0, 0, 0.0120369, 1.13333e-06, 1.46203e-07, 1.52957, 0.9629, 5.23119e-06, 258.949
4051, 0.216445, 0.00846483, 0.0036041, 0, 3.07383e-08, 5.08597e-08, 0, 0, 0.012069, 1.10596e-06, 1.42454e-07, 1.53042, 0.962818, 5.1078e-06, 258.959
4052, 0.216379, 0.00848751, 0.00361197, 0, 3.00349e-08, 4.97349e-08, 0, 0, 0.0120996, 1.08227e-06, 1.39278e-07, 1.53073, 0.962736, 4.99863e-06, 258.966
4053, 0.216296, 0.00851093, 0.00362011, 0, 3.01793e-08, 5.00204e-08, 0, 0, 0.0121311, 1.08971e-06, 1.40043e-07, 1.53111, 0.962654, 5.0362e-06, 258.975
4054, 0.216082, 0.0085358, 0.00362887, 0, 3.08062e-08, 5.11109e-08, 0, 0, 0.0121647, 1.11525e-06, 1.43053e-07, 1.5321, 0.962572, 5.16094e-06, 258.986
4055, 0.215981, 0.00855933, 0.00363707, 0, 3.12352e-08, 5.18667e-08, 0, 0, 0.0121965, 1.13262e-06, 1.45136e-07, 1.53256, 0.96249, 5.24405e-06, 258.995
4056, 0.216151, 0.00857954, 0.0036439, 0, 3.1456e-08, 5.22704e-08, 0, 0, 0.0122235, 1.14074e-06, 1.46257e-07, 1.53178, 0.962408, 5.27748e-06, 258.996
4057, 0.216617, 0.00859613, 0.00364923, 0, 3.16502e-08, 5.26275e-08, 0, 0, 0.0122454, 1.14593e-06, 1.47273e-07, 1.52962, 0.962326, 5.29011e-06, 258.99
4058, 0.217266, 0.00861045, 0.00365373, 0, 3.18628e-08, 5.30086e-08, 0, 0, 0.0122643, 1.15043e-06, 1.48375e-07, 1.52663, 0.962244, 5.29502e-06, 258.978
4059, 0.217866, 0.00862499, 0.00365848, 0, 3.20428e-08, 5.33311e-08, 0, 0, 0.0122836, 1.15387e-06, 1.49316e-07, 1.52387, 0.962162, 5.29626e-06, 258.967
4060, 0.218412, 0.00863978, 0.00366344, 0, 3.21974e-08, 5.36102e-08, 0, 0, 0.0123033, 1.15662e-06, 1.50142e-07, 1.52137, 0.96208, 5.29562e-06, 258.957
4061, 0.218843, 0.00865563, 0.00366881, 0, 3.23112e-08, 5.38175e-08, 0, 0, 0.0123245, 1.15852e-06, 1.50762e-07, 1.5194, 0.961998, 5.29386e-06, 258.949
4062, 0.218619, 0.00867932, 0.00367727, 0, 3.22075e-08, 5.3669e-08, 0, 0, 0.0123567, 1.15675e-06, 1.50328e-07, 1.52042, 0.961916, 5.29114e-06, 258.958
4063, 0.217471, 0.00871435, 0.0036902, 0, 3.1802e-08, 5.30293e-08, 0, 0, 0.0124046, 1.14997e-06, 1.48434e-07, 1.52569, 0.961834, 5.28789e-06, 258.991
4064, 0.215584, 0.00875947, 0.00370695, 0, 3.11674e-08, 5.20105e-08, 0, 0, 0.0124665, 1.13926e-06, 1.45406e-07, 1.53441, 0.961752, 5.28448e-06, 259.045
4065, 0.213224, 0.00881171, 0.00372628, 0, 3.03954e-08, 5.07613e-08, 0, 0, 0.0125381, 1.12602e-06, 1.41688e-07, 1.54541, 0.96167, 5.28088e-06, 259.113
4066, 0.211548, 0.00885513, 0.00374219, 0, 2.9845e-08, 4.98773e-08, 0, 0, 0.0125974, 1.11633e-06, 1.39063e-07, 1.5533, 0.961588, 5.27696e-06, 259.162
4067, 0.21081, 0.00888658, 0.00375347, 0, 2.95906e-08, 4.94706e-08, 0, 0, 0.0126401, 1.11153e-06, 1.37853e-07, 1.5568, 0.961506, 5.27264e-06, 259.186
4068, 0.209743, 0.0089232, 0.00376662, 0, 2.9236e-08, 4.88956e-08, 0, 0, 0.0126899, 1.1049e-06, 1.36132e-07, 1.56187, 0.961424, 5.26786e-06, 259.221
4069, 0.208156, 0.00896682, 0.00378238, 0, 2.87264e-08, 4.8071e-08, 0, 0, 0.0127493, 1.09551e-06, 1.33672e-07, 1.56947, 0.961342, 5.26288e-06, 259.269
4070, 0.206749, 0.00900848, 0.00379729, 0, 2.82747e-08, 4.73338e-08, 0, 0, 0.0128058, 1.08698e-06, 1.31477e-07, 1.57625, 0.96126, 5.25745e-06, 259.313
4071, 0.205482, 0.00904852, 0.00381159, 0, 2.78683e-08, 4.66671e-08, 0, 0, 0.0128602, 1.07911e-06, 1.29497e-07, 1.5824, 0.961178, 5.25155e-06, 259.353
4072, 0.204076, 0.00909059, 0.00382664, 0, 2.74321e-08, 4.59541e-08, 0, 0, 0.0129173, 1.07077e-06, 1.27378e-07, 1.58926, 0.961096, 5.24692e-06, 259.397
4073, 0.202768, 0.00913228, 0.00384138, 0, 2.70313e-08, 4.52964e-08, 0, 0, 0.0129737, 1.06316e-06, 1.25416e-07, 1.59569, 0.961014, 5.2432e-06, 259.44
4074, 0.201423, 0.00917495, 0.00385635, 0, 2.6622e-08, 4.46322e-08, 0, 0, 0.0130314, 1.05529e-06, 1.23437e-07, 1.60235, 0.960932, 5.23912e-06, 259.484
4075, 0.199872, 0.00922097, 0.00387245, 0, 2.61606e-08, 4.38886e-08, 0, 0, 0.0130935, 1.0464e-06, 1.2122e-07, 1.61008, 0.96085, 5.2353e-06, 259.534
4076, 0.198157, 0.00927036, 0.00388969, 0, 2.56507e-08, 4.30562e-08, 0, 0, 0.0131601, 1.03669e-06, 1.18733e-07, 1.6187, 0.960768, 5.23166e-06, 259.591
4077, 0.196355, 0.0093206, 0.00390727, 0, 2.51161e-08, 4.21862e-08, 0, 0, 0.0132279, 1.02656e-06, 1.16143e-07, 1.62783, 0.960686, 5.22807e-06, 259.649
4078, 0.195042, 0.0093638, 0.00392229, 0, 2.47267e-08, 4.1561e-08, 0, 0, 0.0132862, 1.01894e-06, 1.14282e-07, 1.63454, 0.960604, 5.22419e-06, 259.693
4079, 0.194032, 0.00940345, 0.00393603, 0, 2.44292e-08, 4.1079e-08, 0, 0, 0.0133395, 1.01282e-06, 1.12846e-07, 1.63973, 0.960522, 5.21987e-06, 259.729
4080, 0.192939, 0.0094438, 0.00395009, 0, 2.41108e-08, 4.05686e-08, 0, 0, 0.013394, 1.00626e-06, 1.11335e-07, 1.64538, 0.96044, 5.2154e-06, 259.767
4081, 0.19252, 0.00947461, 0.00396049, 0, 2.3967e-08, 4.03564e-08, 0, 0, 0.0134352, 1.00321e-06, 1.10696e-07, 1.64755, 0.960358, 5.21094e-06, 259.785
4082, 0.192469, 0.00950043, 0.00396901, 0, 2.39161e-08, 4.0292e-08, 0, 0, 0.0134695, 1.00209e-06, 1.10484e-07, 1.64782, 0.960276, 5.20649e-06, 259.794
4083, 0.191965, 0.00953237, 0.00397987, 0, 2.37426e-08, 4.00222e-08, 0, 0, 0.0135123, 9.98601e-07, 1.09672e-07, 1.65044, 0.960194, 5.20198e-06, 259.814
4084, 0.191214, 0.00956729, 0.00399188, 0, 2.35044e-08, 3.96483e-08, 0, 0, 0.0135592, 9.93816e-07, 1.08565e-07, 1.65436, 0.960112, 5.19739e-06, 259.841
4085, 0.190503, 0.00960209, 0.00400374, 0, 2.32794e-08, 3.93001e-08, 0, 0, 0.0136059, 9.89189e-07, 1.07535e-07, 1.65809, 0.96003, 5.19252e-06, 259.866
4086, 0.189988, 0.0096356, 0.00401493, 0, 2.31108e-08, 3.90376e-08, 0, 0, 0.0136506, 9.85526e-07, 1.06751e-07, 1.66079, 0.959948, 5.18734e-06, 259.889
4087, 0.189445, 0.00967, 0.00402634, 0, 2.294e-08, 3.87679e-08, 0, 0, 0.0136964, 9.81827e-07, 1.0594e-07, 1.66365, 0.959866, 5.18268e-06, 259.913
4088, 0.188798, 0.00970414, 0.00403796, 0, 2.27325e-08, 3.8443e-08, 0, 0, 0.0137422, 9.77727e-07, 1.04971e-07, 1.66708, 0.959784, 5.17869e-06, 259.937
4089, 0.188127, 0.00973768, 0.00404957, 0, 2.25119e-08, 3.81055e-08, 0, 0, 0.0137873, 9.73483e-07, 1.03972e-07, 1.67064, 0.959702, 5.17461e-06, 259.96
4090, 0.187744, 0.00976757, 0.00405976, 0, 2.23706e-08, 3.78929e-08, 0, 0, 0.0138274, 9.70682e-07, 1.03343e-07, 1.67268, 0.95962, 5.17023e-06, 259.976
4091, 0.187446, 0.00979715, 0.00406964, 0, 2.22568e-08, 3.77178e-08, 0, 0, 0.0138669, 9.68297e-07, 1.02822e-07, 1.67427, 0.959538, 5.16573e-06, 259.99
4092, 0.187068, 0.00982767, 0.00407991, 0, 2.21239e-08, 3.7512e-08, 0, 0, 0.0139076, 9.65496e-07, 1.02211e-07, 1.67628, 0.959456, 5.16119e-06, 260.007
4093, 0.186634, 0.00985888, 0.0040905, 0, 2.19735e-08, 3.72827e-08, 0, 0, 0.0139494, 9.62402e-07, 1.0153e-07, 1.67861, 0.959374, 5.15661e-06, 260.025
4094, 0.186013, 0.00989298, 0.00410205, 0, 2.17754e-08, 3.69771e-08, 0, 0, 0.0139951, 9.58345e-07, 1.0063e-07, 1.68194, 0.959292, 5.15202e-06, 260.047
4095, 0.184943, 0.00993433, 0.00411605, 0, 2.14686e-08, 3.64907e-08, 0, 0, 0.0140504, 9.51989e-07, 9.92053e-08, 1.68771, 0.95921, 5.14743e-06, 260.083
4096, 0.184249, 0.00996951, 0.00412787, 0, 2.12604e-08, 3.61664e-08, 0, 0, 0.0140974, 9.4758e-07, 9.82532e-08, 1.69147, 0.959128, 5.14291e-06, 260.108
4097, 0.184621, 0.00998766, 0.00413378, 0, 2.13177e-08, 3.62818e-08, 0, 0, 0.0141215, 9.48671e-07, 9.85783e-08, 1.68945, 0.959046, 5.13849e-06, 260.1
4098, 0.18503, 0.0100055, 0.00413967, 0, 2.13806e-08, 3.64032e-08, 0, 0, 0.0141452, 9.49947e-07, 9.892e-08, 1.68724, 0.958964, 5.13402e-06, 260.093
4099, 0.185098, 0.0100278, 0.0041473, 0, 2.13606e-08, 3.63825e-08, 0, 0, 0.0141752, 9.49462e-07, 9.8864e-08, 1.68687, 0.958882, 5.12949e-06, 260.094
4100, 0.184845, 0.010056, 0.00415679, 0, 2.12631e-08, 3.62369e-08, 0, 0, 0.0142129, 9.47333e-07, 9.84382e-08, 1.68824, 0.9588, 5.12502e-06, 260.105
4101, 0.184572, 0.0100855, 0.00416643, 0, 2.11635e-08, 3.6093e-08, 0, 0, 0.0142519, 9.45116e-07, 9.80066e-08, 1.68972, 0.958718, 5.12059e-06, 260.118
4102, 0.184166, 0.0101183, 0.00417696, 0, 2.10321e-08, 3.58961e-08, 0, 0, 0.0142954, 9.42222e-07, 9.74055e-08, 1.69192, 0.958636, 5.11614e-06, 260.137
4103, 0.183897, 0.0101473, 0.00418656, 0, 2.09334e-08, 3.57459e-08, 0, 0, 0.0143339, 9.40018e-07, 9.6958e-08, 1.69338, 0.958554, 5.11166e-06, 260.149
4104, 0.183848, 0.0101696, 0.00419458, 0, 2.08901e-08, 3.56856e-08, 0, 0, 0.0143643, 9.38942e-07, 9.68095e-08, 1.69365, 0.958472, 5.10716e-06, 260.15
4105, 0.183646, 0.0101949, 0.00420356, 0, 2.08073e-08, 3.55611e-08, 0, 0, 0.0143985, 9.3706e-07, 9.64679e-08, 1.69474, 0.95839, 5.10253e-06, 260.156
4106, 0.18344, 0.0102213, 0.00421257, 0, 2.07165e-08, 3.54185e-08, 0, 0, 0.0144339, 9.35081e-07, 9.6054e-08, 1.69587, 0.958308, 5.09746e-06, 260.163
4107, 0.183072, 0.0102515, 0.00422269, 0, 2.05861e-08, 3.5208e-08, 0, 0, 0.0144743, 9.32226e-07, 9.54292e-08, 1.69788, 0.958226, 5.09212e-06, 260.178
4108, 0.182704, 0.0102819, 0.00423288, 0, 2.04614e-08, 3.50085e-08, 0, 0, 0.0145149, 9.29419e-07, 9.48426e-08, 1.69989, 0.958144, 5.08704e-06, 260.192
4109, 0.182293, 0.0103131, 0.00424342, 0, 2.03293e-08, 3.4797e-08, 0, 0, 0.0145566, 9.26421e-07, 9.42249e-08, 1.70214, 0.958062, 5.08204e-06, 260.208
4110, 0.181685, 0.010348, 0.0042551, 0, 2.01538e-08, 3.45138e-08, 0, 0, 0.0146031, 9.22575e-07, 9.33936e-08, 1.70548, 0.95798, 5.07787e-06, 260.229
4111, 0.180924, 0.0103852, 0.0042675, 0, 1.99461e-08, 3.41757e-08, 0, 0, 0.0146528, 9.18058e-07, 9.24068e-08, 1.70968, 0.957898, 5.07424e-06, 260.255
4112, 0.179843, 0.010428, 0.00428173, 0, 1.96609e-08, 3.37075e-08, 0, 0, 0.0147098, 9.11799e-07, 9.10407e-08, 1.71567, 0.957816, 5.06992e-06, 260.291
4113, 0.179052, 0.0104664, 0.00429438, 0, 1.94469e-08, 3.33574e-08, 0, 0, 0.0147608, 9.07052e-07, 9.00156e-08, 1.72008, 0.957734, 5.06582e-06, 260.318
4114, 0.178849, 0.0104964, 0.00430383, 0, 1.93767e-08, 3.32493e-08, 0, 0, 0.0148003, 9.05367e-07, 8.96827e-08, 1.72121, 0.957652, 5.06217e-06, 260.33
4115, 0.178325, 0.0105325, 0.00431525, 0, 1.92303e-08, 3.30153e-08, 0, 0, 0.0148478, 9.01994e-07, 8.89782e-08, 1.72415, 0.95757, 5.05813e-06, 260.353
4116, 0.177231, 0.0105755, 0.0043297, 0, 1.89475e-08, 3.25475e-08, 0, 0, 0.0149053, 8.95686e-07, 8.76213e-08, 1.7303, 0.957488, 5.05375e-06, 260.388
4117, 0.176476, 0.0106116, 0.00434217, 0, 1.87446e-08, 3.22118e-08, 0, 0, 0.0149538, 8.91083e-07, 8.66602e-08, 1.73457, 0.957406, 5.04931e-06, 260.411
4118, 0.176435, 0.0106373, 0.00435083, 0, 1.87081e-08, 3.21608e-08, 0, 0, 0.0149882, 8.90089e-07, 8.65071e-08, 1.73481, 0.957324, 5.04487e-06, 260.416
4119, 0.176362, 0.0106645, 0.0043597, 0, 1.86641e-08, 3.2098e-08, 0, 0, 0.0150243, 8.88938e-07, 8.63124e-08, 1.73522, 0.957242, 5.04041e-06, 260.423
4120, 0.175859, 0.0106991, 0.00437093, 0, 1.85231e-08, 3.18684e-08, 0, 0, 0.0150701, 8.8561e-07, 8.56388e-08, 1.73808, 0.95716, 5.03591e-06, 260.443
4121, 0.175054, 0.0107393, 0.004384, 0, 1.83152e-08, 3.15257e-08, 0, 0, 0.0151234, 8.80778e-07, 8.46347e-08, 1.74266, 0.957078, 5.03144e-06, 260.471
4122, 0.174271, 0.0107791, 0.004397, 0, 1.81129e-08, 3.11931e-08, 0, 0, 0.0151761, 8.7608e-07, 8.36606e-08, 1.74715, 0.956996, 5.02711e-06, 260.5
4123, 0.17353, 0.010818, 0.00440972, 0, 1.79217e-08, 3.08804e-08, 0, 0, 0.0152278, 8.71611e-07, 8.2748e-08, 1.7514, 0.956914, 5.02279e-06, 260.526
4124, 0.172641, 0.01086, 0.00442339, 0, 1.76984e-08, 3.05145e-08, 0, 0, 0.0152835, 8.66388e-07, 8.16787e-08, 1.75654, 0.956832, 5.01841e-06, 260.557
4125, 0.171798, 0.0109012, 0.0044367, 0, 1.74873e-08, 3.01684e-08, 0, 0, 0.0153379, 8.61403e-07, 8.06716e-08, 1.76144, 0.95675, 5.01402e-06, 260.587
4126, 0.17081, 0.010946, 0.00445097, 0, 1.7247e-08, 2.97736e-08, 0, 0, 0.015397, 8.55701e-07, 7.95175e-08, 1.7672, 0.956668, 5.00963e-06, 260.622
4127, 0.169843, 0.0109917, 0.00446535, 0, 1.70131e-08, 2.93886e-08, 0, 0, 0.0154571, 8.50101e-07, 7.83798e-08, 1.77288, 0.956585, 5.00521e-06, 260.659
4128, 0.169502, 0.0110233, 0.00447562, 0, 1.69157e-08, 2.92283e-08, 0, 0, 0.015499, 8.4763e-07, 7.79153e-08, 1.77489, 0.956504, 5.00071e-06, 260.672
4129, 0.169134, 0.0110538, 0.00448587, 0, 1.6812e-08, 2.90578e-08, 0, 0, 0.0155398, 8.4502e-07, 7.74378e-08, 1.77707, 0.956422, 4.99615e-06, 260.684
4130, 0.168414, 0.011092, 0.00449851, 0, 1.66329e-08, 2.87644e-08, 0, 0, 0.0155906, 8.4068e-07, 7.65946e-08, 1.78133, 0.95634, 4.99172e-06, 260.708
4131, 0.167856, 0.0111276, 0.00451017, 0, 1.64905e-08, 2.85287e-08, 0, 0, 0.0156378, 8.37176e-07, 7.59187e-08, 1.78465, 0.956258, 4.98744e-06, 260.727
4132, 0.167028, 0.0111696, 0.00452374, 0, 1.62933e-08, 2.82008e-08, 0, 0, 0.0156934, 8.32318e-07, 7.49689e-08, 1.7896, 0.956176, 4.98308e-06, 260.757
4133, 0.165809, 0.0112206, 0.00453994, 0, 1.60147e-08, 2.77361e-08, 0, 0, 0.0157606, 8.25505e-07, 7.36132e-08, 1.79692, 0.956094, 4.9786e-06, 260.801
4134, 0.16472, 0.0112693, 0.00455523, 0, 1.57647e-08, 2.73123e-08, 0, 0, 0.0158246, 8.19334e-07, 7.23793e-08, 1.80351, 0.956012, 4.97406e-06, 260.841
4135, 0.163383, 0.0113242, 0.00457216, 0, 1.54685e-08, 2.68102e-08, 0, 0, 0.0158964, 8.11946e-07, 7.0916e-08, 1.81166, 0.95593, 4.96955e-06, 260.89
4136, 0.161905, 0.0113824, 0.00458998, 0, 1.51457e-08, 2.62644e-08, 0, 0, 0.0159724, 8.03838e-07, 6.93234e-08, 1.82074, 0.955848, 4.96483e-06, 260.944
4137, 0.160799, 0.0114323, 0.00460529, 0, 1.49002e-08, 2.58471e-08, 0, 0, 0.0160377, 7.97581e-07, 6.81113e-08, 1.8276, 0.955766, 4.96007e-06, 260.984
4138, 0.159508, 0.0114868, 0.00462192, 0, 1.46234e-08, 2.5382e-08, 0, 0, 0.0161088, 7.90496e-07, 6.67612e-08, 1.83566, 0.955684, 4.95581e-06, 261.031
4139, 0.158076, 0.0115447, 0.00463949, 0, 1.43219e-08, 2.48751e-08, 0, 0, 0.0161842, 7.82768e-07, 6.52898e-08, 1.84468, 0.955602, 4.95181e-06, 261.084
4140, 0.157035, 0.0115935, 0.00465437, 0, 1.40987e-08, 2.44919e-08, 0, 0, 0.0162479, 7.76959e-07, 6.4186e-08, 1.85129, 0.95552, 4.94764e-06, 261.121
4141, 0.155877, 0.0116452, 0.00467016, 0, 1.38562e-08, 2.4079e-08, 0, 0, 0.0163154, 7.70566e-07, 6.29989e-08, 1.85869, 0.955438, 4.94338e-06, 261.163
4142, 0.154626, 0.0116992, 0.00468672, 0, 1.35976e-08, 2.36426e-08, 0, 0, 0.0163859, 7.63719e-07, 6.17435e-08, 1.86675, 0.955356, 4.9391e-06, 261.209
4143, 0.153828, 0.0117428, 0.0047003, 0, 1.34273e-08, 2.33497e-08, 0, 0, 0.0164432, 7.59126e-07, 6.09045e-08, 1.87192, 0.955274, 4.93488e-06, 261.238
4144, 0.152959, 0.0117887, 0.00471439, 0, 1.3247e-08, 2.30422e-08, 0, 0, 0.0165031, 7.5421e-07, 6.00229e-08, 1.87758, 0.955192, 4.93075e-06, 261.27
4145, 0.151835, 0.0118406, 0.00473014, 0, 1.30199e-08, 2.26607e-08, 0, 0, 0.0165708, 7.4803e-07, 5.89282e-08, 1.88496, 0.95511, 4.92657e-06, 261.311
4146, 0.150976, 0.011886, 0.00474399, 0, 1.28429e-08, 2.23575e-08, 0, 0, 0.01663, 7.43158e-07, 5.80649e-08, 1.89063, 0.955028, 4.92233e-06, 261.342
4147, 0.149979, 0.0119347, 0.00475877, 0, 1.26431e-08, 2.20159e-08, 0, 0, 0.0166935, 7.37603e-07, 5.70938e-08, 1.89726, 0.954946, 4.91801e-06, 261.378
4148, 0.14861, 0.0119923, 0.00477603, 0, 1.23777e-08, 2.15677e-08, 0, 0, 0.0167684, 7.30228e-07, 5.58172e-08, 1.90643, 0.954864, 4.91367e-06, 261.427
4149, 0.147516, 0.0120443, 0.00479148, 0, 1.2164e-08, 2.11997e-08, 0, 0, 0.0168358, 7.24205e-07, 5.47678e-08, 1.91382, 0.954782, 4.9093e-06, 261.466
4150, 0.146239, 0.0121022, 0.0048082, 0, 1.1923e-08, 2.0781e-08, 0, 0, 0.0169104, 7.17282e-07, 5.35712e-08, 1.92251, 0.9547, 4.90479e-06, 261.514
4151, 0.144088, 0.0121817, 0.00483078, 0, 1.1533e-08, 2.01135e-08, 0, 0, 0.0170125, 7.06072e-07, 5.16678e-08, 1.93733, 0.954618, 4.9002e-06, 261.594
4152, 0.141797, 0.0122648, 0.00485434, 0, 1.11239e-08, 1.94095e-08, 0, 0, 0.0171192, 6.94218e-07, 4.96648e-08, 1.95336, 0.954536, 4.89578e-06, 261.678
4153, 0.139784, 0.0123434, 0.00487619, 0, 1.07716e-08, 1.87982e-08, 0, 0, 0.0172197, 6.83774e-07, 4.79233e-08, 1.96766, 0.954454, 4.89159e-06, 261.755
4154, 0.137717, 0.0124253, 0.00489854, 0, 1.04186e-08, 1.81912e-08, 0, 0, 0.0173238, 6.73073e-07, 4.61945e-08, 1.98255, 0.954372, 4.88728e-06, 261.835
4155, 0.135927, 0.0124995, 0.00491904, 0, 1.01135e-08, 1.76651e-08, 0, 0, 0.0174186, 6.63677e-07, 4.47054e-08, 1.99564, 0.95429, 4.88254e-06, 261.904
4156, 0.134407, 0.0125664, 0.00493765, 0, 9.85679e-09, 1.72161e-08, 0, 0, 0.0175041, 6.55597e-07, 4.34438e-08, 2.00688, 0.954208, 4.87762e-06, 261.961
4157, 0.132511, 0.0126435, 0.00495882, 0, 9.54673e-09, 1.66811e-08, 0, 0, 0.0176023, 6.4571e-07, 4.19467e-08, 2.02109, 0.954126, 4.87279e-06, 262.033
4158, 0.13041, 0.0127256, 0.00498139, 0, 9.20847e-09, 1.61013e-08, 0, 0, 0.017707, 6.34808e-07, 4.03326e-08, 2.03707, 0.954044, 4.8677e-06, 262.112
4159, 0.128751, 0.0127969, 0.00500091, 0, 8.9435e-09, 1.56412e-08, 0, 0, 0.0177978, 6.26129e-07, 3.90545e-08, 2.04988, 0.953962, 4.86304e-06, 262.174
4160, 0.127274, 0.012865, 0.00501922, 0, 8.7129e-09, 1.52404e-08, 0, 0, 0.0178842, 6.18407e-07, 3.79407e-08, 2.06142, 0.95388, 4.85881e-06, 262.231
4161, 0.125554, 0.0129402, 0.0050392, 0, 8.44959e-09, 1.47893e-08, 0, 0, 0.0179794, 6.0943e-07, 3.66921e-08, 2.07502, 0.953798, 4.85384e-06, 262.298
4162, 0.123839, 0.0130154, 0.00505919, 0, 8.19019e-09, 1.43436e-08, 0, 0, 0.0180746, 6.00447e-07, 3.54638e-08, 2.08877, 0.953716, 4.84854e-06, 262.364
4163, 0.122179, 0.01309, 0.00507881, 0, 7.94408e-09, 1.3919e-08, 0, 0, 0.0181688, 5.91752e-07, 3.42982e-08, 2.10226, 0.953634, 4.84321e-06, 262.428
4164, 0.12036, 0.0131701, 0.00509955, 0, 7.67994e-09, 1.34681e-08, 0, 0, 0.0182697, 5.82219e-07, 3.30636e-08, 2.11726, 0.953552, 4.83718e-06, 262.499
4165, 0.118474, 0.0132531, 0.00512071, 0, 7.40943e-09, 1.30076e-08, 0, 0, 0.0183739, 5.72219e-07, 3.18068e-08, 2.13306, 0.95347, 4.82976e-06, 262.574
4166, 0.116565, 0.0133377, 0.00514191, 0, 7.13852e-09, 1.25427e-08, 0, 0, 0.0184796, 5.61839e-07, 3.05453e-08, 2.14931, 0.953388, 4.81971e-06, 262.649
4167, 0.114293, 0.0134342, 0.00516543, 0, 6.82157e-09, 1.19983e-08, 0, 0, 0.0185996, 5.49187e-07, 2.90769e-08, 2.16899, 0.953306, 4.8046e-06, 262.74
4168, 0.111566, 0.0135459, 0.00519186, 0, 6.43974e-09, 1.13429e-08, 0, 0, 0.0187377, 5.32987e-07, 2.73233e-08, 2.19314, 0.953224, 4.77613e-06, 262.849
4169, 0.108697, 0.0136637, 0.00521916, 0, 6.00998e-09, 1.06011e-08, 0, 0, 0.0188829, 5.12429e-07, 2.53688e-08, 2.2192, 0.953142, 4.71163e-06, 262.964
4170, 0.105771, 0.0137856, 0.00524684, 0, 5.5494e-09, 9.80398e-09, 0, 0, 0.0190325, 4.88193e-07, 2.32985e-08, 2.24648, 0.95306, 4.61283e-06, 263.083
4171, 0.102689, 0.013915, 0.00527553, 0, 5.15882e-09, 9.13432e-09, 0, 0, 0.0191905, 4.69886e-07, 2.15393e-08, 2.27605, 0.952978, 4.57695e-06, 263.21
4172, 0.0995203, 0.0140496, 0.00530458, 0, 4.89514e-09, 8.69071e-09, 0, 0, 0.0193542, 4.62436e-07, 2.0327e-08, 2.30739, 0.952896, 4.65017e-06, 263.342
4173, 0.0963244, 0.0141878, 0.00533351, 0, 4.64683e-09, 8.27444e-09, 0, 0, 0.0195213, 4.55469e-07, 1.91959e-08, 2.34003, 0.952814, 4.73065e-06, 263.476
4174, 0.092984, 0.0143349, 0.00536307, 0, 4.346e-09, 7.76911e-09, 0, 0, 0.019698, 4.4315e-07, 1.78678e-08, 2.37533, 0.952732, 4.76666e-06, 263.618
4175, 0.0894017, 0.0144959, 0.00539381, 0, 4.00961e-09, 7.20861e-09, 0, 0, 0.0198897, 4.27146e-07, 1.64218e-08, 2.41462, 0.95265, 4.77809e-06, 263.775
4176, 0.0854881, 0.0146765, 0.00542609, 0, 3.65275e-09, 6.62289e-09, 0, 0, 0.0201026, 4.08732e-07, 1.49313e-08, 2.45938, 0.952568, 4.78121e-06, 263.951
4177, 0.0809472, 0.0148924, 0.0054612, 0, 3.26367e-09, 5.99739e-09, 0, 0, 0.0203536, 3.87031e-07, 1.33624e-08, 2.51396, 0.952486, 4.7812e-06, 264.163
4178, 0.0753756, 0.0151661, 0.00550044, 0, 2.82559e-09, 5.30501e-09, 0, 0, 0.0206665, 3.60288e-07, 1.16572e-08, 2.58527, 0.952404, 4.77971e-06, 264.433
4179, 0.0684571, 0.0155236, 0.00554259, 0, 2.34155e-09, 4.53802e-09, 0, 0, 0.0210662, 3.27067e-07, 9.81086e-09, 2.68155, 0.952322, 4.77734e-06, 264.784
4180, 0.0599856, 0.0160012, 0.00558162, 0, 1.83271e-09, 3.71012e-09, 0, 0, 0.0215829, 2.86429e-07, 7.86899e-09, 2.81365, 0.95224, 4.77443e-06, 265.239
4181, 0.0500747, 0.0166374, 0.00560258, 0, 1.33603e-09, 2.86498e-09, 0, 0, 0.02224, 2.38959e-07, 5.94385e-09, 2.99424, 0.952158, 4.7713e-06, 265.815
4182, 0.0392324, 0.017464, 0.00557928, 0, 8.89438e-10, 2.05712e-09, 0, 0, 0.0230433, 1.87103e-07, 4.16075e-09, 3.23825, 0.952076, 4.76803e-06, 266.506
4183, 0.0286345, 0.0184589, 0.00548175, 0, 5.3071e-10, 1.35582e-09, 0, 0, 0.0239407, 1.3647e-07, 2.65891e-09, 3.55314, 0.951994, 4.76453e-06, 267.258
4184, 0.0195296, 0.0195646, 0.00528564, 0, 2.8395e-10, 8.18765e-10, 0, 0, 0.0248503, 9.30124e-08, 1.54544e-09, 3.93582, 0.951912, 4.76088e-06, 267.996
4185, 0.0121547, 0.0207767, 0.00497289, 0, 1.3321e-10, 4.40771e-10, 0, 0, 0.0257496, 5.78492e-08, 7.94161e-10, 4.41004, 0.95183, 4.75713e-06, 268.701
4186, 0.00659144, 0.0220483, 0.00455482, 0, 5.1154e-11, 1.99614e-10, 0, 0, 0.0266031, 3.13508e-08, 3.39195e-10, 5.02198, 0.951748, 4.75331e-06, 269.348
4187, 0.00307276, 0.0232667, 0.00407192, 0, 1.5334e-11, 7.374e-11, 0, 0, 0.0273386, 1.46052e-08, 1.15944e-10, 5.78518, 0.951666, 4.74942e-06, 269.886
4188, 0.00122163, 0.0243976, 0.00355053, 0, 3.62089e-12, 2.21218e-11, 0, 0, 0.0279481, 5.80271e-09, 3.15704e-11, 6.70757, 0.951584, 4.74545e-06, 270.315
4189, 0.000395501, 0.0254367, 0.00301495, 0, 6.62721e-13, 5.16965e-12, 0, 0, 0.0284516, 1.87745e-09, 6.58755e-12, 7.83536, 0.951502, 4.74147e-06, 270.656
4190, 9.97284e-05, 0.0263573, 0.0025032, 0, 8.88873e-14, 8.91039e-13, 0, 0, 0.0288605, 4.73132e-10, 9.92436e-13, 9.21306, 0.95142, 4.73751e-06, 270.922
4191, 1.90247e-05, 0.0271283, 0.0020563, 0, 8.48647e-15, 1.09087e-13, 0, 0, 0.0291846, 9.02067e-11, 1.0343e-13, 10.8698, 0.951338, 4.73354e-06, 271.122
4192, 2.67288e-06, 0.0277668, 0.00167877, 0, 5.79814e-16, 9.26885e-15, 0, 0, 0.0294455, 1.26669e-11, 7.23035e-15, 12.8324, 0.951256, 4.72963e-06, 271.273
4193, 2.72057e-07, 0.028323, 0.00134682, 0, 3.01467e-17, 5.33757e-16, 0, 0, 0.0296698, 1.28858e-12, 3.31766e-16, 15.1173, 0.951174, 4.72575e-06, 271.397
4194, 2.0104e-08, 0.028799, 0.00106439, 0, 1.34611e-18, 2.05579e-17, 0, 0, 0.0298634, 9.51704e-14, 9.59823e-18, 17.7223, 0.951092, 4.72182e-06, 271.497
4195, 1.06279e-09, 0.0291843, 0.000841093, 0, 5.70135e-20, 5.454e-19, 0, 0, 0.0300254, 5.02868e-15, 1.74173e-19, 20.6624, 0.95101, 4.7178e-06, 271.575
4196, 3.725e-11, 0.0294909, 0.000670127, 0, 1.97019e-21, 1.01543e-20, 0, 0, 0.030161, 1.76187e-16, 2.00174e-21, 24.0134, 0.950928, 4.71376e-06, 271.632
4197, 7.46534e-13, 0.0297292, 0.000545192, 0, 4.30456e-23, 1.29724e-22, 0, 0, 0.0302744, 3.53016e-18, 1.42175e-23, 27.9233, 0.950846, 4.70976e-06, 271.674
4198, 8.05231e-15, 0.0299217, 0.000451378, 0, 5.63235e-25, 1.02494e-24, 0, 0, 0.0303731, 3.80671e-20, 6.30378e-26, 32.4528, 0.950764, 4.70577e-06, 271.705
4199, 5.07392e-17, 0.0300972, 0.000369061, 0, 4.66087e-27, 4.70464e-27, 0, 0, 0.0304663, 2.39781e-22, 1.67482e-28, 37.5198, 0.950682, 4.70165e-06, 271.732
4200, 1.96045e-19, 0.0302502, 0.000302154, 0, 2.35812e-29, 1.34005e-29, 0, 0, 0.0305523, 9.26142e-25, 2.3009e-31, 43.0759, 0.9506, 4.6971e-06, 271.754
4201, 4.32974e-22, 0.0303786, 0.000252122, 0, 7.18277e-32, 2.43007e-32, 0, 0, 0.0306307, 2.04485e-27, 1.45745e-34, 49.1914, 0.950518, 4.69232e-06, 271.77
4202, 5.46285e-25, 0.0304966, 0.00020916, 0, 1.37794e-34, 2.71101e-35, 0, 0, 0.0307058, 2.57909e-30, 4.17506e-38, 55.8667, 0.950436, 4.68785e-06, 271.784
4203, 4.23746e-28, 0.0306049, 0.000172988, 0, 1.55087e-37, 1.91484e-38, 0, 0, 0.0307779, 1.99981e-33, 5.84902e-42, 63.0284, 0.950354, 4.68367e-06, 271.795
4204, 1.9048e-31, 0.0307003, 0.000145666, 0, 9.34792e-41, 8.13594e-42, 0, 0, 0.030846, 8.98715e-37, 0, 70.7358, 0.950272, 4.67999e-06, 271.804
4205, 4.3802e-35, 0.0307871, 0.000124371, 0, 3.22299e-44, 1.4013e-45, 0, 0, 0.0309115, 2.06628e-40, 0, 79.1134, 0.95019, 4.67656e-06, 271.811
4206, 5.21503e-39, 0.0308689, 0.000106503, 0, 0, 0, 0, 0, 0.0309754, 2.38221e-44, 0, 88.1493, 0.950108, 4.67264e-06, 271.817
4207, 3.93765e-43, 0.030947, 9.12381e-05, 0, 0, 0, 0, 0, 0.0310383, 0, 0, 97.6406, 0.950026, 4.66886e-06, 271.821
4208, 0, 0.0310212, 7.87615e-05, 0, 0, 0, 0, 0, 0.0310999, 0, 0, 99.99, 0.949944, 4.6655e-06, 271.825
4209, 0, 0.0310902, 6.98519e-05, 0, 0, 0, 0, 0, 0.03116, 0, 0, 99.99, 0.949862, 4.66185e-06, 271.828
4210, 0, 0.0311559, 6.32731e-05, 0, 0, 0, 0, 0, 0.0312192, 0, 0, 99.99, 0.94978, 4.65793e-06, 271.83
4211, 0, 0.0312227, 5.59549e-05, 0, 0, 0, 0, 0, 0.0312787, 0, 0, 99.99, 0.949698, 4.65396e-06, 271.833
4212, 0, 0.031288, 4.974e-05, 0, 0, 0, 0, 0, 0.0313378, 0, 0, 99.99, 0.949616, 4.64996e-06, 271.835
4213, 0, 0.0313522, 4.43846e-05, 0, 0, 0, 0, 0, 0.0313965, 0, 0, 99.99, 0.949534, 4.64595e-06, 271.836
4214, 0, 0.0314144, 4.03603e-05, 0, 0, 0, 0, 0, 0.0314548, 0, 0, 99.99, 0.949452, 4.64197e-06, 271.838
4215, 0, 0.0314765, 3.65179e-05, 0, 0, 0, 0, 0, 0.031513, 0, 0, 99.99, 0.94937, 4.63803e-06, 271.839
4216, 0, 0.0315372, 3.3642e-05, 0, 0, 0, 0, 0, 0.0315708, 0, 0, 99.99, 0.949288, 4.63402e-06, 271.84
4217, 0, 0.031598, 3.07282e-05, 0, 0, 0, 0, 0, 0.0316288, 0, 0, 99.99, 0.949206, 4.62994e-06, 271.841
4218, 0, 0.0316576, 2.87316e-05, 0, 0, 0, 0, 0, 0.0316864, 0, 0, 99.99, 0.949124, 4.62587e-06, 271.841
4219, 0, 0.0317175, 2.65777e-05, 0, 0, 0, 0, 0, 0.0317441, 0, 0, 99.99, 0.949042, 4.62178e-06, 271.842
4220, 0, 0.0317763, 2.52195e-05, 0, 0, 0, 0, 0, 0.0318015, 0, 0, 99.99, 0.94896, 4.61777e-06, 271.842
4221, 0, 0.0318362, 2.31617e-05, 0, 0, 0, 0, 0, 0.0318593, 0, 0, 99.99, 0.948878, 4.61378e-06, 271.843
4222, 0, 0.031895, 2.18744e-05, 0, 0, 0, 0, 0, 0.0319168, 0, 0, 99.99, 0.948796, 4.60962e-06, 271.843
4223, 0, 0.0319542, 2.03601e-05, 0, 0, 0, 0, 0, 0.0319745, 0, 0, 99.99, 0.948714, 4.60567e-06, 271.844
4224, 0, 0.0320123, 1.96347e-05, 0, 0, 0, 0, 0, 0.0320319, 0, 0, 99.99, 0.948632, 4.60197e-06, 271.844
4225, 0, 0.0320709, 1.86353e-05, 0, 0, 0, 0, 0, 0.0320895, 0, 0, 99.99, 0.94855, 4.59813e-06, 271.844
4226, 0, 0.0321289, 1.80723e-05, 0, 0, 0, 0, 0, 0.032147, 0, 0, 99.99, 0.948468, 4.59428e-06, 271.845
4227, 0, 0.0321874, 1.72564e-05, 0, 0, 0, 0, 0, 0.0322047, 0, 0, 99.99, 0.948386, 4.59054e-06, 271.845
4228, 0, 0.0322465, 1.60477e-05, 0, 0, 0, 0, 0, 0.0322626, 0, 0, 99.99, 0.948304, 4.58668e-06, 271.845
4229, 0, 0.0323044, 1.57043e-05, 0, 0, 0, 0, 0, 0.0323201, 0, 0, 99.99, 0.948222, 4.58282e-06, 271.845
4230, 0, 0.0323622, 1.54765e-05, 0, 0, 0, 0, 0, 0.0323777, 0, 0, 99.99, 0.94814, 4.57903e-06, 271.845
4231, 0, 0.0324189, 1.60942e-05, 0, 0, 0, 0, 0, 0.032435, 0, 0, 99.99, 0.948058, 4.5752e-06, 271.845
4232, 0, 0.032478, 1.50552e-05, 0, 0, 0, 0, 0, 0.032493, 0, 0, 99.99, 0.947976, 4.57132e-06, 271.845
4233, 0, 0.0325363, 1.45926e-05, 0, 0, 0, 0, 0, 0.0325509, 0, 0, 99.99, 0.947894, 4.56741e-06, 271.846
4234, 0, 0.0325945, 1.4299e-05, 0, 0, 0, 0, 0, 0.0326088, 0, 0, 99.99, 0.947812, 4.56352e-06, 271.846
4235, 0, 0.0326527, 1.39898e-05, 0, 0, 0, 0, 0, 0.0326667, 0, 0, 99.99, 0.94773, 4.55964e-06, 271.846
4236, 0, 0.0327103, 1.42253e-05, 0, 0, 0, 0, 0, 0.0327245, 0, 0, 99.99, 0.947648, 4.55577e-06, 271.846
4237, 0, 0.032769, 1.37329e-05, 0, 0, 0, 0, 0, 0.0327827, 0, 0, 99.99, 0.947566, 4.5519e-06, 271.846
4238, 0, 0.0328256, 1.46682e-05, 0, 0, 0, 0, 0, 0.0328403, 0, 0, 99.99, 0.947484, 4.54803e-06, 271.846
4239, 0, 0.0328839, 1.44828e-05, 0, 0, 0, 0, 0, 0.0328984, 0, 0, 99.99, 0.947402, 4.54416e-06, 271.846
4240, 0, 0.0329423, 1.43267e-05, 0, 0, 0, 0, 0, 0.0329566, 0, 0, 99.99, 0.94732, 4.54029e-06, 271.846
4241, 0, 0.0329996, 1.49182e-05, 0, 0, 0, 0, 0, 0.0330145, 0, 0, 99.99, 0.947238, 4.53642e-06, 271.846
4242, 0, 0.0330584, 1.45579e-05, 0, 0, 0, 0, 0, 0.033073, 0, 0, 99.99, 0.947156, 4.53255e-06, 271.846
4243, 0, 0.0331146, 1.60148e-05, 0, 0, 0, 0, 0, 0.0331307, 0, 0, 99.99, 0.947074, 4.52866e-06, 271.845
4244, 0, 0.0331726, 1.63549e-05, 0, 0, 0, 0, 0, 0.0331889, 0, 0, 99.99, 0.946992, 4.52479e-06, 271.845
4245, 0, 0.0332306, 1.66565e-05, 0, 0, 0, 0, 0, 0.0332473, 0, 0, 99.99, 0.94691, 4.52095e-06, 271.845
4246, 0, 0.0332863, 1.85676e-05, 0, 0, 0, 0, 0, 0.0333049, 0, 0, 99.99, 0.946828, 4.51706e-06, 271.845
4247, 0, 0.0333452, 1.84216e-05, 0, 0, 0, 0, 0, 0.0333636, 0, 0, 99.99, 0.946746, 4.51294e-06, 271.845
4248, 0, 0.0334013, 2.01847e-05, 0, 0, 0, 0, 0, 0.0334215, 0, 0, 99.99, 0.946664, 4.50876e-06, 271.844
4249, 0, 0.0334578, 2.17126e-05, 0, 0, 0, 0, 0, 0.0334795, 0, 0, 99.99, 0.946582, 4.50473e-06, 271.844
4250, 0, 0.0335159, 2.21782e-05, 0, 0, 0, 0, 0, 0.0335381, 0, 0, 99.99, 0.9465, 4.50051e-06, 271.844
4251, 0, 0.0335689, 2.62493e-05, 0, 0, 0, 0, 0, 0.0335951, 0, 0, 99.99, 0.946418, 4.49665e-06, 271.842
4252, 0, 0.0336245, 2.85421e-05, 0, 0, 0, 0, 0, 0.033653, 0, 0, 99.99, 0.946336, 4.49335e-06, 271.842
4253, 0, 0.0336779, 3.23987e-05, 0, 0, 0, 0, 0, 0.0337103, 0, 0, 99.99, 0.946254, 4.48962e-06, 271.841
4254, 0, 0.033725, 4.06157e-05, 0, 0, 0, 0, 0, 0.0337656, 0, 0, 99.99, 0.946172, 4.48576e-06, 271.838
4255, 0, 0.0337789, 4.42576e-05, 0, 0, 0, 0, 0, 0.0338231, 0, 0, 99.99, 0.94609, 4.48233e-06, 271.837
4256, 0, 0.0338264, 5.2268e-05, 0, 0, 0, 0, 0, 0.0338787, 0, 0, 99.99, 0.946008, 4.47882e-06, 271.835
4257, 0, 0.0338695, 6.33925e-05, 0, 0, 0, 0, 0, 0.0339329, 0, 0, 99.99, 0.945926, 4.47509e-06, 271.832
4258, 0, 0.0339323, 6.10258e-05, 0, 0, 0, 0, 0, 0.0339933, 0, 0, 99.99, 0.945844, 4.4713e-06, 271.832
4259, 0, 0.0340118, 4.71949e-05, 0, 0, 0, 0, 0, 0.034059, 0, 0, 99.99, 0.945762, 4.46746e-06, 271.836
4260, 0, 0.0340842, 3.82538e-05, 0, 0, 0, 0, 0, 0.0341225, 0, 0, 99.99, 0.94568, 4.4636e-06, 271.839
4261, 0, 0.034146, 3.6716e-05, 0, 0, 0, 0, 0, 0.0341827, 0, 0, 99.99, 0.945598, 4.45985e-06, 271.839
4262, 0, 0.0342138, 3.10204e-05, 0, 0, 0, 0, 0, 0.0342448, 0, 0, 99.99, 0.945516, 4.45618e-06, 271.841
4263, 0, 0.0342793, 2.70199e-05, 0, 0, 0, 0, 0, 0.0343063, 0, 0, 99.99, 0.945434, 4.45247e-06, 271.842
4264, 0, 0.0343379, 2.78e-05, 0, 0, 0, 0, 0, 0.0343657, 0, 0, 99.99, 0.945352, 4.44873e-06, 271.842
4265, 0, 0.034403, 2.41173e-05, 0, 0, 0, 0, 0, 0.0344271, 0, 0, 99.99, 0.94527, 4.44496e-06, 271.843
4266, 0, 0.0344646, 2.29207e-05, 0, 0, 0, 0, 0, 0.0344875, 0, 0, 99.99, 0.945188, 4.44113e-06, 271.843
4267, 0, 0.0345223, 2.44646e-05, 0, 0, 0, 0, 0, 0.0345468, 0, 0, 99.99, 0.945106, 4.43703e-06, 271.843
4268, 0, 0.0345869, 2.13143e-05, 0, 0, 0, 0, 0, 0.0346082, 0, 0, 99.99, 0.945024, 4.43254e-06, 271.844
4269, 0, 0.0346474, 2.09942e-05, 0, 0, 0, 0, 0, 0.0346684, 0, 0, 99.99, 0.944942, 4.42828e-06, 271.844
4270, 0, 0.0347039, 2.34553e-05, 0, 0, 0, 0, 0, 0.0347274, 0, 0, 99.99, 0.94486, 4.42471e-06, 271.843
4271, 0, 0.0347674, 2.12128e-05, 0, 0, 0, 0, 0, 0.0347886, 0, 0, 99.99, 0.944778, 4.42124e-06, 271.844
4272, 0, 0.0348277, 2.11841e-05, 0, 0, 0, 0, 0, 0.0348489, 0, 0, 99.99, 0.944696, 4.41748e-06, 271.844
4273, 0, 0.0348829, 2.46743e-05, 0, 0, 0, 0, 0, 0.0349076, 0, 0, 99.99, 0.944614, 4.41373e-06, 271.843
4274, 0, 0.0349464, 2.25219e-05, 0, 0, 0, 0, 0, 0.034969, 0, 0, 99.99, 0.944532, 4.41012e-06, 271.844
4275, 0, 0.0350077, 2.19579e-05, 0, 0, 0, 0, 0, 0.0350297, 0, 0, 99.99, 0.94445, 4.4069e-06, 271.844
4276, 0, 0.0350621, 2.61945e-05, 0, 0, 0, 0, 0, 0.0350883, 0, 0, 99.99, 0.944368, 4.40364e-06, 271.843
4277, 0, 0.0351256, 2.41924e-05, 0, 0, 0, 0, 0, 0.0351498, 0, 0, 99.99, 0.944286, 4.40007e-06, 271.843
4278, 0, 0.0351894, 2.20147e-05, 0, 0, 0, 0, 0, 0.0352114, 0, 0, 99.99, 0.944204, 4.39638e-06, 271.844
4279, 0, 0.0352454, 2.53114e-05, 0, 0, 0, 0, 0, 0.0352707, 0, 0, 99.99, 0.944122, 4.39268e-06, 271.843
4280, 0, 0.0353084, 2.3772e-05, 0, 0, 0, 0, 0, 0.0353322, 0, 0, 99.99, 0.94404, 4.38898e-06, 271.843
4281, 0, 0.0353718, 2.20403e-05, 0, 0, 0, 0, 0, 0.0353938, 0, 0, 99.99, 0.943958, 4.38528e-06, 271.844
4282, 0, 0.0354241, 2.79755e-05, 0, 0, 0, 0, 0, 0.035452, 0, 0, 99.99, 0.943876, 4.38158e-06, 271.842
4283, 0, 0.0354831, 2.93327e-05, 0, 0, 0, 0, 0, 0.0355124, 0, 0, 99.99, 0.943794, 4.37789e-06, 271.842
4284, 0, 0.0355513, 2.43982e-05, 0, 0, 0, 0, 0, 0.0355757, 0, 0, 99.99, 0.943712, 4.37419e-06, 271.843
4285, 0, 0.0356084, 2.71582e-05, 0, 0, 0, 0, 0, 0.0356356, 0, 0, 99.99, 0.94363, 4.37049e-06, 271.842
4286, 0, 0.0356639, 3.10802e-05, 0, 0, 0, 0, 0, 0.035695, 0, 0, 99.99, 0.943548, 4.36679e-06, 271.841
4287, 0, 0.035732, 2.63751e-05, 0, 0, 0, 0, 0, 0.0357584, 0, 0, 99.99, 0.943466, 4.36309e-06, 271.843
4288, 0, 0.0357927, 2.68196e-05, 0, 0, 0, 0, 0, 0.0358195, 0, 0, 99.99, 0.943384, 4.35939e-06, 271.843
4289, 0, 0.0358451, 3.29942e-05, 0, 0, 0, 0, 0, 0.0358781, 0, 0, 99.99, 0.943302, 4.35567e-06, 271.841
4290, 0, 0.0359115, 2.96187e-05, 0, 0, 0, 0, 0, 0.0359411, 0, 0, 99.99, 0.94322, 4.35193e-06, 271.842
4291, 0, 0.0359766, 2.71299e-05, 0, 0, 0, 0, 0, 0.0360037, 0, 0, 99.99, 0.943138, 4.34801e-06, 271.842
4292, 0, 0.0360279, 3.41791e-05, 0, 0, 0, 0, 0, 0.0360621, 0, 0, 99.99, 0.943056, 4.3416e-06, 271.841
4293, 0, 0.0360901, 3.38358e-05, 0, 0, 0, 0, 0, 0.0361239, 0, 0, 99.99, 0.942974, 4.315e-06, 271.841
4294, 0, 0.03616, 2.82086e-05, 0, 0, 0, 0, 0, 0.0361882, 0, 0, 99.99, 0.942892, 4.22598e-06, 271.842
4295, 0, 0.0362148, 3.30438e-05, 0, 0, 0, 0, 0, 0.0362478, 0, 0, 99.99, 0.94281, 4.09871e-06, 271.841
4296, 0, 0.0362691, 3.82203e-05, 0, 0, 0, 0, 0, 0.0363073, 0, 0, 99.99, 0.942728, 4.05193e-06, 271.839
4297, 0, 0.0363378, 3.3529e-05, 0, 0, 0, 0, 0, 0.0363714, 0, 0, 99.99, 0.942646, 4.08756e-06, 271.841
4298, 0, 0.0364001, 3.33596e-05, 0, 0, 0, 0, 0, 0.0364334, 0, 0, 99.99, 0.942564, 4.12587e-06, 271.841
4299, 0, 0.0364485, 4.27443e-05, 0, 0, 0, 0, 0, 0.0364913, 0, 0, 99.99, 0.942482, 4.14653e-06, 271.838
4300, 0, 0.0365094, 4.35738e-05, 0, 0, 0, 0, 0, 0.036553, 0, 0, 99.99, 0.9424, 4.15793e-06, 271.838
4301, 0, 0.0365821, 3.6354e-05, 0, 0, 0, 0, 0, 0.0366185, 0, 0, 99.99, 0.942318, 4.16534e-06, 271.84
4302, 0, 0.0366363, 4.19239e-05, 0, 0, 0, 0, 0, 0.0366782, 0, 0, 99.99, 0.942236, 4.17067e-06, 271.839
4303, 0, 0.0366859, 5.06802e-05, 0, 0, 0, 0, 0, 0.0367366, 0, 0, 99.99, 0.942154, 4.17405e-06, 271.836
4304, 0, 0.0367586, 4.35794e-05, 0, 0, 0, 0, 0, 0.0368022, 0, 0, 99.99, 0.942072, 4.17569e-06, 271.838
4305, 0, 0.0368238, 4.17029e-05, 0, 0, 0, 0, 0, 0.0368655, 0, 0, 99.99, 0.94199, 4.17678e-06, 271.839
4306, 0, 0.0368658, 5.57879e-05, 0, 0, 0, 0, 0, 0.0369216, 0, 0, 99.99, 0.941908, 4.17663e-06, 271.835
4307, 0, 0.036928, 5.60836e-05, 0, 0, 0, 0, 0, 0.0369841, 0, 0, 99.99, 0.941826, 4.17604e-06, 271.835
4308, 0, 0.0370057, 4.57494e-05, 0, 0, 0, 0, 0, 0.0370514, 0, 0, 99.99, 0.941744, 4.17601e-06, 271.838
4309, 0, 0.0370525, 5.66565e-05, 0, 0, 0, 0, 0, 0.0371092, 0, 0, 99.99, 0.941662, 4.17537e-06, 271.835
4310, 0, 0.037095, 7.06368e-05, 0, 0, 0, 0, 0, 0.0371656, 0, 0, 99.99, 0.94158, 4.17365e-06, 271.831
4311, 0, 0.0371721, 6.08488e-05, 0, 0, 0, 0, 0, 0.037233, 0, 0, 99.99, 0.941498, 4.17174e-06, 271.834
4312, 0, 0.0372391, 5.80304e-05, 0, 0, 0, 0, 0, 0.0372971, 0, 0, 99.99, 0.941416, 4.16984e-06, 271.834
4313, 0, 0.0372728, 7.81729e-05, 0, 0, 0, 0, 0, 0.037351, 0, 0, 99.99, 0.941334, 4.16842e-06, 271.829
4314, 0, 0.037326, 8.49598e-05, 0, 0, 0, 0, 0, 0.037411, 0, 0, 99.99, 0.941252, 4.166e-06, 271.827
4315, 0, 0.037406, 7.33974e-05, 0, 0, 0, 0, 0, 0.0374794, 0, 0, 99.99, 0.94117, 4.16384e-06, 271.83
4316, 0, 0.0374613, 7.87915e-05, 0, 0, 0, 0, 0, 0.0375401, 0, 0, 99.99, 0.941088, 4.16113e-06, 271.829
4317, 0, 0.0374945, 9.95098e-05, 0, 0, 0, 0, 0, 0.037594, 0, 0, 99.99, 0.941006, 4.15892e-06, 271.823
4318, 0, 0.0375547, 0.000101625, 0, 0, 0, 0, 0, 0.0376563, 0, 0, 99.99, 0.940924, 4.15674e-06, 271.823
4319, 0, 0.037638, 8.79207e-05, 0, 0, 0, 0, 0, 0.0377259, 0, 0, 99.99, 0.940842, 4.15472e-06, 271.827
4320, 0, 0.0376897, 9.59852e-05, 0, 0, 0, 0, 0, 0.0377857, 0, 0, 99.99, 0.94076, 4.15068e-06, 271.824
4321, 0, 0.0377145, 0.000122626, 0, 0, 0, 0, 0, 0.0378371, 0, 0, 99.99, 0.940678, 4.14914e-06, 271.817
4322, 0, 0.0377822, 0.000119793, 0, 0, 0, 0, 0, 0.037902, 0, 0, 99.99, 0.940596, 4.14582e-06, 271.818
4323, 0, 0.0378747, 9.9953e-05, 0, 0, 0, 0, 0, 0.0379747, 0, 0, 99.99, 0.940514, 4.14681e-06, 271.823
4324, 0, 0.0379091, 0.000120167, 0, 0, 0, 0, 0, 0.0380292, 0, 0, 99.99, 0.940432, 4.14043e-06, 271.818
4325, 0, 0.03793, 0.000149622, 0, 0, 0, 0, 0, 0.0380796, 0, 0, 99.99, 0.94035, 4.14106e-06, 271.81
4326, 0, 0.0380212, 0.000130839, 0, 0, 0, 0, 0, 0.038152, 0, 0, 99.99, 0.940268, 4.13425e-06, 271.815
4327, 0, 0.0381137, 0.000111173, 0, 0, 0, 0, 0, 0.0382249, 0, 0, 99.99, 0.940186, 4.13473e-06, 271.821
4328, 0, 0.0381227, 0.000148974, 0, 0, 0, 0, 0, 0.0382717, 0, 0, 99.99, 0.940104, 4.13067e-06, 271.811
4329, 0, 0.0381347, 0.000184713, 0, 0, 0, 0, 0, 0.0383194, 0, 0, 99.99, 0.940022, 4.1239e-06, 271.801
4330, 0, 0.0382424, 0.000154792, 0, 0, 0, 0, 0, 0.0383972, 0, 0, 99.99, 0.93994, 4.12662e-06, 271.809
4331, 0, 0.0383387, 0.000132774, 0, 0, 0, 0, 0, 0.0384714, 0, 0, 99.99, 0.939858, 4.1158e-06, 271.815
4332, 0, 0.0383401, 0.000175909, 0, 0, 0, 0, 0, 0.038516, 0, 0, 99.99, 0.939776, 4.11981e-06, 271.804
4333, 0, 0.0383534, 0.000210969, 0, 0, 0, 0, 0, 0.0385644, 0, 0, 99.99, 0.939694, 4.11481e-06, 271.795
4334, 0, 0.0384435, 0.0001933, 0, 0, 0, 0, 0, 0.0386368, 0, 0, 99.99, 0.939612, 4.10727e-06, 271.799
4335, 8.40779e-45, 0.0384961, 0.000201415, 0, 0, 0, 0, 0, 0.0386975, 0, 0, 99.99, 0.93953, 4.11396e-06, 271.797
4336, 5.10073e-43, 0.03847, 0.00026362, 0, 0, 0, 0, 0, 0.0387336, 0, 0, 97.3818, 0.939448, 4.10034e-06, 271.781
4337, 1.2742e-41, 0.0384865, 0.000296616, 0, 0, 0, 0, 0, 0.0387831, 0, 0, 94.1637, 0.939366, 4.10213e-06, 271.772
4338, 1.32053e-40, 0.0385635, 0.000288122, 0, 0, 0, 0, 0, 0.0388516, 0, 0, 91.8254, 0.939284, 4.10381e-06, 271.775
4339, 5.67442e-40, 0.0386026, 0.000305687, 0, 0, 0, 0, 0, 0.0389082, 0, 0, 90.3674, 0.939202, 4.08778e-06, 271.77
4340, 1.01055e-39, 0.0385818, 0.000364335, 0, 0, 0, 0, 0, 0.0389461, 0, 0, 89.7903, 0.93912, 4.09743e-06, 271.755
4341, 7.45537e-40, 0.0386334, 0.000373401, 0, 0, 0, 0, 0, 0.0390068, 0, 0, 90.0945, 0.939038, 4.09208e-06, 271.753
4342, 2.27764e-40, 0.0387607, 0.000330656, 0, 0, 0, 0, 0, 0.0390914, 0, 0, 91.2803, 0.938956, 4.07757e-06, 271.764
4343, 2.88023e-41, 0.0388686, 0.000301262, 0, 0, 0, 0, 0, 0.0391699, 0, 0, 93.3481, 0.938874, 4.09055e-06, 271.772
4344, 1.60917e-34, 0.0388716, 0.000343826, 0, 4.29078e-42, 0, 0, 0, 0.0392155, 6.65547e-40, 0, 77.8122, 0.938792, 4.07901e-06, 271.761
4345, 1.05733e-32, 0.0388921, 0.000374493, 0, 2.78306e-40, 3.64338e-44, 0, 0, 0.0392666, 4.37303e-38, 0, 73.627, 0.93871, 4.06777e-06, 271.753
4346, 2.81767e-31, 0.0390147, 0.000335139, 0, 7.35237e-39, 1.00053e-42, 0, 0, 0.0393498, 1.16535e-36, 0, 70.3442, 0.938628, 4.08388e-06, 271.763
4347, 3.11419e-30, 0.0391027, 0.000319471, 0, 8.0623e-38, 1.13477e-41, 0, 0, 0.0394222, 1.28798e-35, 0, 67.9416, 0.938546, 4.06773e-06, 271.767
4348, 1.42555e-29, 0.039035, 0.000410474, 0, 3.66472e-37, 5.31078e-41, 0, 0, 0.0394454, 5.89581e-35, 0, 66.4204, 0.938464, 4.04838e-06, 271.744
4349, 2.70406e-29, 0.0389022, 0.000545964, 0, 6.90499e-37, 1.02969e-40, 0, 0, 0.0394482, 1.11812e-34, 0, 65.7802, 0.938382, 4.02835e-06, 271.709
4350, 2.24591e-29, 0.0389746, 0.000541254, 0, 5.52769e-37, 1.01984e-40, 0, 0, 0.0395158, 9.17047e-35, 0, 65.9659, 0.9383, 3.92405e-06, 271.71
4351, 3.43973e-29, 0.0391574, 0.00046105, 0, 4.83743e-37, 4.6492e-40, 0, 0, 0.0396184, 1.16498e-34, 0, 65.5396, 0.938218, 3.82936e-06, 271.731
4352, 3.76334e-28, 0.0392061, 0.000472677, 0, 3.14968e-36, 6.48794e-39, 0, 0, 0.0396788, 1.27747e-33, 0, 63.1471, 0.938136, 3.84084e-06, 271.728
4353, 1.00516e-26, 0.0392047, 0.000518509, 0, 3.50617e-35, 1.98322e-37, 0, 0, 0.0397232, 3.77773e-32, 0, 59.8621, 0.938054, 3.86216e-06, 271.716
4354, 2.73177e-25, 0.0392507, 0.000531935, 0, 7.56087e-34, 5.52337e-36, 0, 0, 0.0397827, 1.04827e-30, 0, 56.5597, 0.937972, 3.87187e-06, 271.713
4355, 3.35901e-24, 0.0393967, 0.000477081, 0, 9.20915e-33, 6.83794e-35, 0, 0, 0.0398737, 1.29794e-29, 0, 54.0504, 0.93789, 3.90992e-06, 271.727
4356, 1.72209e-23, 0.0393774, 0.000535128, 0, 4.74255e-32, 3.52439e-34, 0, 0, 0.0399125, 6.69195e-29, 0, 52.4159, 0.937808, 3.92191e-06, 271.712
4357, 3.66329e-23, 0.0392183, 0.000688792, 0, 1.01366e-31, 7.53315e-34, 0, 0, 0.0399071, 1.43078e-28, 0, 51.6611, 0.937726, 3.905e-06, 271.673
4358, 3.2354e-23, 0.0393328, 0.000655723, 0, 8.99062e-32, 6.68123e-34, 0, 0, 0.0399886, 1.26932e-28, 0, 51.7853, 0.937644, 3.92347e-06, 271.682
4359, 1.30118e-23, 0.0395667, 0.000541305, 0, 3.55067e-32, 2.6886e-34, 0, 0, 0.040108, 5.10162e-29, 0, 52.6962, 0.937562, 3.93811e-06, 271.712
4360, 5.23647e-21, 0.0396343, 0.000540306, 0, 1.35225e-30, 1.10825e-31, 0, 0, 0.0401746, 1.92297e-26, 1.54143e-44, 46.6986, 0.93748, 3.91314e-06, 271.712
4361, 2.94392e-19, 0.0395078, 0.000671611, 0, 7.47369e-29, 6.23184e-30, 0, 0, 0.0401794, 1.0833e-24, 7.93135e-43, 42.6694, 0.937398, 3.91483e-06, 271.678
4362, 6.96805e-18, 0.0393827, 0.000802123, 0, 1.76621e-27, 1.47514e-28, 0, 0, 0.0401849, 2.56928e-23, 1.81062e-41, 39.5052, 0.937316, 3.93692e-06, 271.645
4363, 6.8618e-17, 0.0395086, 0.000761358, 0, 1.7384e-26, 1.45275e-27, 0, 0, 0.04027, 2.53538e-22, 1.7145e-40, 37.218, 0.937234, 3.91415e-06, 271.655
4364, 2.81273e-16, 0.0395016, 0.000810659, 0, 7.12626e-26, 5.9552e-27, 0, 0, 0.0403123, 1.04146e-21, 6.73579e-40, 35.8072, 0.937152, 3.89263e-06, 271.642
4365, 4.83295e-16, 0.0392717, 0.00101202, 0, 1.22678e-25, 1.02289e-26, 0, 0, 0.0402837, 1.79267e-21, 1.10085e-39, 35.2659, 0.93707, 3.91967e-06, 271.59
4366, 3.65992e-16, 0.0392912, 0.00104411, 0, 9.40837e-26, 7.72412e-27, 0, 0, 0.0403353, 1.35697e-21, 7.62477e-40, 35.5439, 0.936988, 3.92243e-06, 271.582
4367, 1.61432e-16, 0.0393786, 0.00103013, 0, 4.39316e-26, 3.36486e-27, 0, 0, 0.0404087, 5.92793e-22, 2.56829e-40, 36.3624, 0.936906, 3.88668e-06, 271.586
4368, 5.8293e-16, 0.0395132, 0.000984116, 0, 4.27413e-26, 1.61853e-26, 0, 0, 0.0404973, 2.3171e-21, 2.04308e-31, 35.0785, 0.936824, 3.8942e-06, 271.598
4369, 4.58408e-14, 0.0395784, 0.000985214, 0, 1.92434e-24, 1.32664e-24, 0, 0, 0.0405636, 1.84402e-19, 2.03916e-29, 30.7136, 0.936742, 3.92386e-06, 271.598
4370, 1.60311e-12, 0.0393219, 0.00120501, 0, 6.67945e-23, 4.6543e-23, 0, 0, 0.0405269, 6.44869e-18, 7.47587e-28, 27.1591, 0.93666, 3.9001e-06, 271.542
4371, 2.32935e-11, 0.0392864, 0.00127425, 0, 9.68504e-22, 6.78069e-22, 0, 0, 0.0405607, 9.36859e-17, 1.13705e-26, 24.4828, 0.936578, 3.87174e-06, 271.524
4372, 1.42336e-10, 0.0393615, 0.00126649, 0, 5.89765e-21, 4.15277e-21, 0, 0, 0.040628, 5.71965e-16, 7.59672e-26, 22.6728, 0.936496, 3.89428e-06, 271.524
4373, 3.96718e-10, 0.0389563, 0.00158337, 0, 1.6072e-20, 1.1585e-20, 0, 0, 0.0405397, 1.58275e-15, 3.50463e-25, 21.6478, 0.936414, 3.90009e-06, 271.439
4374, 8.03977e-10, 0.0386862, 0.00181059, 0, 2.90768e-20, 2.34543e-20, 0, 0, 0.0404968, 3.09792e-15, 5.46757e-24, 20.9415, 0.936332, 3.84201e-06, 271.379
4375, 2.38972e-09, 0.0386511, 0.00187838, 0, 7.13871e-20, 7.28203e-20, 0, 0, 0.0405295, 8.84307e-15, 2.0854e-22, 19.8521, 0.93625, 3.78714e-06, 271.361
4376, 1.23078e-08, 0.0384181, 0.00207914, 0, 2.87539e-19, 4.39897e-19, 0, 0, 0.0404972, 4.52102e-14, 5.04782e-21, 18.213, 0.936168, 3.76765e-06, 271.306
4377, 7.89345e-08, 0.0383719, 0.00215279, 0, 1.71239e-18, 3.26492e-18, 0, 0, 0.0405247, 2.95488e-13, 6.78342e-20, 16.3546, 0.936086, 3.77104e-06, 271.285
4378, 3.15872e-07, 0.0379096, 0.00249738, 0, 7.04862e-18, 1.52208e-17, 0, 0, 0.040407, 1.21244e-12, 4.87944e-19, 14.9679, 0.936004, 3.78932e-06, 271.184
4379, 7.09261e-07, 0.0370042, 0.00313668, 0, 1.64458e-17, 3.97017e-17, 0, 0, 0.0401408, 2.78381e-12, 1.70627e-18, 14.159, 0.935922, 3.84049e-06, 270.999
4380, 8.61238e-07, 0.0368074, 0.00331325, 0, 2.05005e-17, 5.32452e-17, 0, 0, 0.0401206, 3.42432e-12, 2.6678e-18, 13.9649, 0.93584, 3.89018e-06, 270.952
4381, 5.10626e-07, 0.0376458, 0.00280943, 0, 1.23325e-17, 3.31811e-17, 0, 0, 0.0404552, 2.04063e-12, 1.78545e-18, 14.4876, 0.935758, 3.87449e-06, 271.101
4382, 1.40634e-07, 0.038492, 0.00229808, 0, 3.43788e-18, 9.18994e-18, 0, 0, 0.04079, 5.6278e-13, 5.02255e-19, 15.7771, 0.935676, 3.84305e-06, 271.25
4383, 3.39358e-08, 0.0384442, 0.00237694, 0, 8.62857e-19, 1.66636e-18, 0, 0, 0.0408211, 1.35922e-13, 5.96566e-20, 17.1988, 0.935594, 3.85874e-06, 271.23
4384, 2.82445e-08, 0.038469, 0.00240446, 0, 7.34213e-19, 9.81819e-19, 0, 0, 0.0408734, 1.1326e-13, 4.05517e-21, 17.3824, 0.935512, 3.89832e-06, 271.223
4385, 1.74065e-08, 0.0391014, 0.00202672, 0, 4.55158e-19, 5.86618e-19, 0, 0, 0.0411281, 6.98064e-14, 7.83784e-22, 17.8664, 0.93543, 3.87231e-06, 271.326
4386, 5.61309e-09, 0.0392012, 0.00200625, 0, 1.56591e-19, 1.81192e-19, 0, 0, 0.0412075, 2.24965e-14, 1.8377e-22, 18.9982, 0.935348, 3.83284e-06, 271.333
4387, 2.14009e-09, 0.0390552, 0.00214972, 0, 7.05798e-20, 6.10599e-20, 0, 0, 0.0412049, 8.56146e-15, 1.92518e-23, 19.9624, 0.935266, 3.86257e-06, 271.295
4388, 1.09931e-09, 0.0394438, 0.00193503, 0, 3.89257e-20, 2.98307e-20, 0, 0, 0.0413788, 4.39233e-15, 9.0626e-25, 20.6286, 0.935184, 3.88535e-06, 271.353
4389, 6.39027e-10, 0.0394329, 0.00198916, 0, 2.4224e-20, 1.71021e-20, 0, 0, 0.041422, 2.54562e-15, 3.94888e-26, 21.1711, 0.935102, 3.86651e-06, 271.34
4390, 5.03691e-10, 0.039296, 0.0021283, 0, 1.97456e-20, 1.34199e-20, 0, 0, 0.0414243, 2.00223e-15, 1.04296e-26, 21.4091, 0.93502, 3.82679e-06, 271.305
4391, 2.44291e-10, 0.0397985, 0.00183703, 0, 9.64162e-21, 6.46343e-21, 0, 0, 0.0416356, 9.65797e-16, 4.3701e-27, 22.1327, 0.934938, 3.84268e-06, 271.384
4392, 1.25348e-10, 0.0398847, 0.00182464, 0, 5.03906e-21, 3.05524e-21, 0, 0, 0.0417093, 4.68634e-16, 9.51984e-28, 22.7999, 0.934856, 3.88831e-06, 271.387
4393, 1.91365e-10, 0.0394653, 0.00215164, 0, 7.70302e-21, 4.39915e-21, 0, 0, 0.0416169, 6.8695e-16, 2.63967e-28, 22.3768, 0.934774, 3.85393e-06, 271.301
4394, 2.12788e-10, 0.0397586, 0.00199953, 0, 8.3919e-21, 4.84838e-21, 0, 0, 0.0417581, 7.55957e-16, 3.55266e-28, 22.2707, 0.934692, 3.80942e-06, 271.341
4395, 2.54297e-10, 0.040087, 0.00182481, 0, 9.46944e-21, 5.82517e-21, 0, 0, 0.0419118, 8.9848e-16, 1.07394e-27, 22.0925, 0.93461, 3.83818e-06, 271.387
4396, 4.21786e-10, 0.0396912, 0.00213693, 0, 1.53879e-20, 9.77586e-21, 0, 0, 0.0418281, 1.50042e-15, 2.38509e-27, 21.5865, 0.934528, 3.8628e-06, 271.306
4397, 4.57686e-10, 0.0398049, 0.00210633, 0, 1.65151e-20, 1.08996e-20, 0, 0, 0.0419112, 1.66755e-15, 4.3036e-27, 21.5048, 0.934446, 3.85428e-06, 271.315
4398, 7.54727e-10, 0.0402268, 0.00186763, 0, 2.55244e-20, 1.93883e-20, 0, 0, 0.0420944, 2.93121e-15, 1.75492e-26, 21.0047, 0.934364, 3.81402e-06, 271.377
4399, 1.94146e-09, 0.03976, 0.00222461, 0, 6.41587e-20, 5.09199e-20, 0, 0, 0.0419846, 7.66749e-15, 5.29371e-26, 20.0598, 0.934282, 3.80084e-06, 271.282
4400, 2.5708e-09, 0.0395737, 0.00239471, 0, 8.47788e-20, 6.74827e-20, 0, 0, 0.0419684, 1.01585e-14, 7.0452e-26, 19.779, 0.9342, 3.85702e-06, 271.237
4401, 1.78231e-09, 0.0402423, 0.00199326, 0, 5.83113e-20, 4.6231e-20, 0, 0, 0.0422355, 6.97939e-15, 5.01584e-26, 20.1454, 0.934118, 3.86542e-06, 271.344
4402, 1.71806e-09, 0.0401174, 0.00212285, 0, 5.48919e-20, 4.32255e-20, 0, 0, 0.0422402, 6.57062e-15, 5.49255e-26, 20.1821, 0.934036, 3.79674e-06, 271.31
4403, 2.13125e-09, 0.0395687, 0.00253629, 0, 6.8183e-20, 5.35022e-20, 0, 0, 0.0421049, 8.13494e-15, 7.17809e-26, 19.9666, 0.933954, 3.79216e-06, 271.202
4404, 1.36513e-09, 0.0400713, 0.00224673, 0, 4.44464e-20, 3.44211e-20, 0, 0, 0.042318, 5.23386e-15, 4.52891e-26, 20.412, 0.933872, 3.84208e-06, 271.28
4405, 6.0145e-10, 0.0404368, 0.00204901, 0, 2.10855e-20, 1.50055e-20, 0, 0, 0.0424859, 2.30539e-15, 1.31085e-26, 21.2317, 0.93379, 3.82838e-06, 271.333
4406, 7.15234e-10, 0.0398695, 0.0024753, 0, 2.64311e-20, 1.7449e-20, 0, 0, 0.0423448, 2.70183e-15, 5.25275e-27, 21.0584, 0.933708, 3.7544e-06, 271.222
4407, 8.62943e-10, 0.0399761, 0.00245015, 0, 3.10805e-20, 2.10343e-20, 0, 0, 0.0424262, 3.22962e-15, 1.30852e-26, 20.8707, 0.933626, 3.64386e-06, 271.229
4408, 1.05369e-09, 0.0406274, 0.0020607, 0, 3.43826e-20, 2.66359e-20, 0, 0, 0.042688, 3.97458e-15, 9.23001e-26, 20.671, 0.933544, 3.59568e-06, 271.332
4409, 2.7088e-09, 0.0402698, 0.00234629, 0, 8.20492e-20, 7.02302e-20, 0, 0, 0.042616, 1.03176e-14, 8.22566e-25, 19.7268, 0.933462, 3.64678e-06, 271.258
4410, 5.38512e-09, 0.0398746, 0.00265595, 0, 1.52731e-19, 1.43445e-19, 0, 0, 0.0425305, 2.05011e-14, 1.50986e-23, 19.0396, 0.93338, 3.68065e-06, 271.177
4411, 1.57766e-08, 0.040542, 0.00225494, 0, 3.63284e-19, 4.61733e-19, 0, 0, 0.0427969, 6.00464e-14, 1.82161e-22, 17.9647, 0.933298, 3.64251e-06, 271.282
4412, 6.72146e-08, 0.0406886, 0.00220011, 0, 1.44536e-18, 2.02445e-18, 0, 0, 0.0428887, 2.56517e-13, 9.49441e-22, 16.5154, 0.933216, 3.64791e-06, 271.294
4413, 1.47085e-07, 0.0398995, 0.00276742, 0, 3.1536e-18, 4.44351e-18, 0, 0, 0.0426669, 5.62592e-13, 2.15191e-21, 15.7323, 0.933134, 3.7165e-06, 271.141
4414, 1.53305e-07, 0.0401141, 0.00266956, 0, 3.26671e-18, 4.67415e-18, 0, 0, 0.0427837, 5.85827e-13, 3.68649e-21, 15.6908, 0.933052, 3.71966e-06, 271.167
4415, 1.8697e-07, 0.0408652, 0.00221633, 0, 3.7706e-18, 6.04671e-18, 0, 0, 0.0430816, 7.05346e-13, 1.52787e-20, 15.4923, 0.93297, 3.66332e-06, 271.288
4416, 4.39174e-07, 0.0402963, 0.00263619, 0, 8.64621e-18, 1.47055e-17, 0, 0, 0.0429325, 1.65416e-12, 4.8698e-20, 14.6384, 0.932888, 3.65542e-06, 271.174
4417, 5.91529e-07, 0.039782, 0.0030225, 0, 1.16811e-17, 2.00198e-17, 0, 0, 0.0428045, 2.23884e-12, 6.84176e-20, 14.3406, 0.932806, 3.69555e-06, 271.07
4418, 4.04575e-07, 0.0405982, 0.00253123, 0, 8.03611e-18, 1.38039e-17, 0, 0, 0.0431294, 1.54179e-12, 4.8998e-20, 14.7204, 0.932724, 3.7035e-06, 271.205
4419, 3.82841e-07, 0.0407626, 0.00246675, 0, 7.57708e-18, 1.31022e-17, 0, 0, 0.0432293, 1.47004e-12, 5.26717e-20, 14.7756, 0.932642, 3.69752e-06, 271.222
4420, 5.57445e-07, 0.0398342, 0.00312546, 0, 1.09292e-17, 1.89726e-17, 0, 0, 0.0429596, 2.13822e-12, 7.97086e-20, 14.3999, 0.93256, 3.67961e-06, 271.045
4421, 4.40087e-07, 0.0399586, 0.00309449, 0, 8.58611e-18, 1.49286e-17, 0, 0, 0.0430531, 1.68352e-12, 6.47411e-20, 14.6363, 0.932478, 3.6516e-06, 271.058
4422, 2.87036e-07, 0.0407888, 0.0025938, 0, 5.69338e-18, 1.01922e-17, 0, 0, 0.0433826, 1.10057e-12, 5.82761e-20, 15.0637, 0.932396, 3.67504e-06, 271.194
4423, 4.72823e-07, 0.0403853, 0.00290326, 0, 9.55476e-18, 1.75664e-17, 0, 0, 0.0432886, 1.82157e-12, 1.19429e-19, 14.5645, 0.932314, 3.72987e-06, 271.11
4424, 5.86203e-07, 0.0396904, 0.00340926, 0, 1.19065e-17, 2.17584e-17, 0, 0, 0.0430996, 2.25883e-12, 1.50508e-19, 14.3496, 0.932232, 3.72174e-06, 270.975
4425, 4.26316e-07, 0.0402524, 0.00308711, 0, 8.90053e-18, 1.67725e-17, 0, 0, 0.0433396, 1.6387e-12, 2.66658e-19, 14.6681, 0.93215, 3.65218e-06, 271.065
4426, 8.07449e-07, 0.0407076, 0.00282922, 0, 1.86143e-17, 4.32069e-17, 0, 0, 0.0435368, 3.0638e-12, 2.15565e-18, 14.0294, 0.932068, 3.65671e-06, 271.132
4427, 2.68837e-06, 0.0398311, 0.00344256, 0, 6.51736e-17, 1.65068e-16, 0, 0, 0.0432736, 1.01359e-11, 1.03773e-17, 12.8266, 0.931986, 3.72719e-06, 270.959
4428, 4.95636e-06, 0.0393007, 0.00382729, 0, 1.29307e-16, 3.47356e-16, 0, 0, 0.043128, 1.86784e-11, 3.19717e-17, 12.2148, 0.931904, 3.72648e-06, 270.847
4429, 6.04058e-06, 0.0401406, 0.00332194, 0, 2.79469e-16, 9.23075e-16, 0, 0, 0.0434625, 2.28589e-11, 2.28396e-16, 12.017, 0.931822, 3.66259e-06, 270.986
4430, 1.67279e-05, 0.0404088, 0.00318751, 0, 1.38701e-15, 5.04011e-15, 0, 0, 0.0435963, 6.33846e-11, 1.59058e-15, 10.9984, 0.93174, 3.64268e-06, 271.02
4431, 4.79265e-05, 0.0392652, 0.00394915, 0, 4.25007e-15, 1.55094e-14, 0, 0, 0.0432143, 1.80767e-10, 5.00106e-15, 9.94584, 0.931658, 3.69014e-06, 270.785
4432, 6.4047e-05, 0.0390527, 0.00411256, 0, 5.80472e-15, 2.11659e-14, 0, 0, 0.0431653, 2.40165e-10, 7.0077e-15, 9.65589, 0.931576, 3.7005e-06, 270.724
4433, 4.69682e-05, 0.04034, 0.00334179, 0, 5.75844e-15, 2.13597e-14, 0, 0, 0.0436818, 1.74772e-10, 8.95697e-15, 9.96604, 0.931494, 3.67521e-06, 270.957
4434, 6.90665e-05, 0.0403832, 0.00336056, 0, 1.49188e-14, 5.64187e-14, 0, 0, 0.0437438, 2.56866e-10, 2.92254e-14, 9.58044, 0.931412, 3.65864e-06, 270.954
4435, 0.000136057, 0.039068, 0.00422252, 0, 3.19109e-14, 1.20535e-13, 0, 0, 0.0432905, 5.08648e-10, 6.3565e-14, 8.90244, 0.93133, 3.64557e-06, 270.683
4436, 0.000130725, 0.0392533, 0.00415129, 0, 3.06454e-14, 1.15621e-13, 0, 0, 0.0434046, 4.90435e-10, 6.10222e-14, 8.94241, 0.931248, 3.64373e-06, 270.707
4437, 8.27096e-05, 0.04042, 0.00347008, 0, 1.85858e-14, 7.16204e-14, 0, 0, 0.0438901, 3.08213e-10, 3.81163e-14, 9.40018, 0.931166, 3.66658e-06, 270.922
4438, 0.000115632, 0.0397773, 0.00390387, 0, 2.41098e-14, 9.5767e-14, 0, 0, 0.0436812, 4.23718e-10, 5.15808e-14, 9.06509, 0.931084, 3.70357e-06, 270.779
4439, 0.000152685, 0.0384941, 0.00474726, 0, 3.06724e-14, 1.2123e-13, 0, 0, 0.0432413, 5.57923e-10, 6.5708e-14, 8.78713, 0.931002, 3.6714e-06, 270.515
4440, 0.00010921, 0.0391255, 0.00441927, 0, 2.98221e-14, 1.13188e-13, 0, 0, 0.0435447, 4.02168e-10, 7.7244e-14, 9.12224, 0.93092, 3.59941e-06, 270.637
4441, 0.000146342, 0.040143, 0.00381848, 0, 1.03083e-13, 3.74806e-13, 0, 0, 0.0439615, 5.56068e-10, 3.37012e-13, 8.82957, 0.930838, 3.60258e-06, 270.817
4442, 0.000398582, 0.039129, 0.00443457, 0, 3.23074e-13, 1.17626e-12, 0, 0, 0.0435636, 1.52403e-09, 1.07849e-12, 7.8276, 0.930756, 3.68843e-06, 270.576
4443, 0.000556998, 0.0378423, 0.00524707, 0, 4.43133e-13, 1.62099e-12, 0, 0, 0.0430894, 2.12649e-09, 1.48502e-12, 7.49295, 0.930674, 3.71489e-06, 270.293
4444, 0.00038604, 0.0385233, 0.00490362, 0, 2.93529e-13, 1.07854e-12, 0, 0, 0.0434269, 1.4572e-09, 9.88039e-13, 7.85957, 0.930592, 3.63203e-06, 270.434
4445, 0.000365789, 0.0394575, 0.00436904, 0, 2.93154e-13, 1.07559e-12, 0, 0, 0.0438266, 1.31663e-09, 1.00568e-12, 7.91345, 0.93051, 3.57457e-06, 270.606
4446, 0.000674994, 0.0385558, 0.00491347, 0, 5.61376e-13, 2.05645e-12, 0, 0, 0.0434692, 2.38853e-09, 1.92952e-12, 7.30081, 0.930428, 3.62582e-06, 270.385
4447, 0.000783187, 0.0375495, 0.00556359, 0, 6.16636e-13, 2.25966e-12, 0, 0, 0.043113, 2.79766e-09, 2.08076e-12, 7.15214, 0.930346, 3.69381e-06, 270.164
4448, 0.000559027, 0.038186, 0.00525599, 0, 3.91038e-13, 1.44065e-12, 0, 0, 0.043442, 2.04275e-09, 1.26914e-12, 7.48931, 0.930264, 3.6792e-06, 270.3
4449, 0.000457617, 0.0390064, 0.00480985, 0, 3.13711e-13, 1.18058e-12, 0, 0, 0.0438163, 1.68962e-09, 1.02579e-12, 7.68948, 0.930182, 3.60145e-06, 270.459
4450, 0.000677857, 0.0383087, 0.00525253, 0, 5.90422e-13, 2.19579e-12, 0, 0, 0.0435612, 2.50272e-09, 2.06529e-12, 7.29657, 0.9301, 3.58654e-06, 270.292
4451, 0.000883352, 0.0374748, 0.0057856, 0, 9.25233e-13, 3.36237e-12, 0, 0, 0.0432604, 3.28803e-09, 3.33316e-12, 7.03179, 0.930018, 3.63299e-06, 270.1
4452, 0.000695055, 0.0380597, 0.0054999, 0, 7.52446e-13, 2.69808e-12, 0, 0, 0.0435596, 2.59587e-09, 2.71908e-12, 7.27152, 0.929936, 3.64509e-06, 270.22
4453, 0.000370724, 0.0390408, 0.00499429, 0, 3.19608e-13, 1.14491e-12, 0, 0, 0.0440351, 1.36144e-09, 1.11704e-12, 7.90005, 0.929854, 3.63267e-06, 270.43
4454, 0.000373329, 0.0386041, 0.00531026, 0, 2.17717e-13, 7.75789e-13, 0, 0, 0.0439144, 1.30565e-09, 6.71696e-13, 7.89305, 0.929772, 3.62589e-06, 270.333
4455, 0.000558471, 0.0376901, 0.00586862, 0, 3.13423e-13, 1.08836e-12, 0, 0, 0.0435587, 1.94306e-09, 9.11834e-13, 7.49031, 0.92969, 3.60135e-06, 270.114
4456, 0.000535224, 0.0381137, 0.00564123, 0, 2.81208e-13, 9.58232e-13, 0, 0, 0.043755, 1.90519e-09, 7.75648e-13, 7.53283, 0.929608, 3.5987e-06, 270.18
4457, 0.000370946, 0.0393076, 0.005005, 0, 2.21763e-13, 7.23477e-13, 0, 0, 0.0443126, 1.36492e-09, 5.96539e-13, 7.89945, 0.929526, 3.59968e-06, 270.431
4458, 0.00054675, 0.0390269, 0.00521824, 0, 5.75272e-13, 1.73959e-12, 0, 0, 0.0442452, 2.0581e-09, 1.70714e-12, 7.51152, 0.929444, 3.61355e-06, 270.362
4459, 0.00113704, 0.0378427, 0.00588447, 0, 1.57936e-12, 4.66249e-12, 0, 0, 0.0437272, 4.2885e-09, 5.01073e-12, 6.77933, 0.929362, 3.66708e-06, 270.06
4460, 0.00140039, 0.0379973, 0.00578769, 0, 2.2218e-12, 6.53026e-12, 0, 0, 0.043785, 5.27954e-09, 7.30904e-12, 6.571, 0.92928, 3.64373e-06, 270.055
4461, 0.000992771, 0.0391452, 0.00520907, 0, 1.59863e-12, 4.72104e-12, 0, 0, 0.0443542, 3.73478e-09, 5.31502e-12, 6.91501, 0.929198, 3.5645e-06, 270.312
4462, 0.000902389, 0.0389211, 0.00540118, 0, 1.26672e-12, 3.68849e-12, 0, 0, 0.0443223, 3.34753e-09, 4.01404e-12, 7.01047, 0.929116, 3.57482e-06, 270.26
4463, 0.00139818, 0.0377347, 0.00606676, 0, 1.95832e-12, 5.41124e-12, 0, 0, 0.0438014, 5.06403e-09, 5.91693e-12, 6.57258, 0.929034, 3.63327e-06, 269.957
4464, 0.00152974, 0.0377754, 0.00606637, 0, 2.24688e-12, 5.9859e-12, 0, 0, 0.0438418, 5.40708e-09, 6.68134e-12, 6.48266, 0.928952, 3.61264e-06, 269.943
4465, 0.000969657, 0.0389621, 0.00549733, 0, 1.37654e-12, 3.60062e-12, 0, 0, 0.0444594, 3.36948e-09, 4.02272e-12, 6.93857, 0.92887, 3.51631e-06, 270.225
4466, 0.000648757, 0.0391077, 0.0054845, 0, 6.52152e-13, 1.64222e-12, 0, 0, 0.0445922, 2.27929e-09, 1.67956e-12, 7.34045, 0.928788, 3.41969e-06, 270.257
4467, 0.000826735, 0.0381269, 0.00605949, 0, 6.60771e-13, 1.62062e-12, 0, 0, 0.0441864, 2.95065e-09, 1.48788e-12, 7.09803, 0.928706, 3.42138e-06, 270.015
4468, 0.000827217, 0.0380141, 0.00618747, 0, 7.00719e-13, 1.73794e-12, 0, 0, 0.0442016, 2.95293e-09, 1.62935e-12, 7.09744, 0.928624, 3.51233e-06, 269.988
4469, 0.00069287, 0.0388318, 0.00580078, 0, 8.75947e-13, 2.00318e-12, 0, 0, 0.0446326, 2.38117e-09, 2.20098e-12, 7.27467, 0.928542, 3.56805e-06, 270.172
4470, 0.00121267, 0.0388533, 0.00575654, 0, 2.29032e-12, 4.83193e-12, 0, 0, 0.0446098, 3.95692e-09, 5.91934e-12, 6.71493, 0.92846, 3.51238e-06, 270.126
4471, 0.00195251, 0.0378505, 0.00626058, 0, 3.85902e-12, 8.04522e-12, 0, 0, 0.0441111, 6.40279e-09, 9.94745e-12, 6.23864, 0.928378, 3.43039e-06, 269.836
4472, 0.00157265, 0.0375868, 0.00650409, 0, 2.87616e-12, 5.99273e-12, 0, 0, 0.0440909, 5.25005e-09, 7.33402e-12, 6.455, 0.928296, 3.45742e-06, 269.791
4473, 0.000807451, 0.0383384, 0.00623171, 0, 1.20491e-12, 2.49452e-12, 0, 0, 0.0445701, 2.74634e-09, 2.97131e-12, 7.12163, 0.928214, 3.53084e-06, 270
4474, 0.000966346, 0.038755, 0.00602053, 0, 1.74699e-12, 3.4272e-12, 0, 0, 0.0447755, 3.24679e-09, 4.23732e-12, 6.94199, 0.928132, 3.53683e-06, 270.07
4475, 0.00213755, 0.0378909, 0.00638146, 0, 4.52842e-12, 8.86991e-12, 0, 0, 0.0442723, 7.16445e-09, 1.12536e-11, 6.14809, 0.92805, 3.5087e-06, 269.778
4476, 0.00312057, 0.0370055, 0.00679089, 0, 7.28643e-12, 1.44915e-11, 0, 0, 0.0437964, 1.06807e-08, 1.87412e-11, 5.76974, 0.927968, 3.48887e-06, 269.499
4477, 0.00296145, 0.0371818, 0.00677187, 0, 7.50875e-12, 1.51072e-11, 0, 0, 0.0439537, 1.04337e-08, 1.98223e-11, 5.82208, 0.927886, 3.46357e-06, 269.545
4478, 0.00194154, 0.0378567, 0.00657092, 0, 4.664e-12, 9.3634e-12, 0, 0, 0.0444276, 6.92036e-09, 1.21889e-11, 6.24427, 0.927804, 3.47602e-06, 269.753
4479, 0.00168581, 0.0376571, 0.00672745, 0, 3.02399e-12, 5.91098e-12, 0, 0, 0.0443845, 5.84477e-09, 7.26789e-12, 6.38551, 0.927722, 3.526e-06, 269.696
4480, 0.00260475, 0.0367539, 0.00712602, 0, 5.17997e-12, 1.00368e-11, 0, 0, 0.0438799, 8.78288e-09, 1.2945e-11, 5.95042, 0.92764, 3.51055e-06, 269.402
4481, 0.00357825, 0.0364003, 0.00725994, 0, 9.20871e-12, 1.79977e-11, 0, 0, 0.0436602, 1.18831e-08, 2.48657e-11, 5.63288, 0.927558, 3.48618e-06, 269.254
4482, 0.0038581, 0.0366935, 0.00714395, 0, 1.10653e-11, 2.21329e-11, 0, 0, 0.0438374, 1.2743e-08, 3.13034e-11, 5.55758, 0.927476, 3.51192e-06, 269.311
4483, 0.0041407, 0.0366805, 0.00718017, 0, 1.30092e-11, 2.67849e-11, 0, 0, 0.0438606, 1.39354e-08, 3.90328e-11, 5.48689, 0.927394, 3.52684e-06, 269.288
4484, 0.0053068, 0.0359118, 0.00751468, 0, 2.03257e-11, 4.17175e-11, 0, 0, 0.0434264, 1.86776e-08, 6.36735e-11, 5.23877, 0.927312, 3.51068e-06, 269.028
4485, 0.00618804, 0.0352853, 0.00779635, 0, 2.66392e-11, 5.42575e-11, 0, 0, 0.0430817, 2.2423e-08, 8.48008e-11, 5.08514, 0.92723, 3.49059e-06, 268.814
4486, 0.00626672, 0.0351693, 0.00788195, 0, 2.77793e-11, 5.62987e-11, 0, 0, 0.0430512, 2.2963e-08, 8.86547e-11, 5.0725, 0.927148, 3.52814e-06, 268.763
4487, 0.00624831, 0.035177, 0.00791967, 0, 2.86685e-11, 5.81132e-11, 0, 0, 0.0430966, 2.29001e-08, 9.22543e-11, 5.07544, 0.927066, 3.56692e-06, 268.752
4488, 0.00763957, 0.0347408, 0.0080958, 0, 4.43534e-11, 9.00425e-11, 0, 0, 0.0428366, 2.77103e-08, 1.49981e-10, 4.87441, 0.926984, 3.51551e-06, 268.581
4489, 0.0110261, 0.0339753, 0.00831851, 0, 8.62504e-11, 1.76802e-10, 0, 0, 0.0422938, 3.96361e-08, 3.13943e-10, 4.50749, 0.926902, 3.43222e-06, 268.26
4490, 0.0157188, 0.0332211, 0.00845799, 0, 1.55919e-10, 3.26255e-10, 0, 0, 0.041679, 5.6269e-08, 6.21584e-10, 4.1529, 0.92682, 3.4368e-06, 267.896
4491, 0.0214599, 0.0325575, 0.00851203, 0, 2.74295e-10, 5.75319e-10, 0, 0, 0.0410695, 7.58268e-08, 1.17719e-09, 3.84157, 0.926738, 3.49935e-06, 267.532
4492, 0.0283996, 0.0317789, 0.00857963, 0, 4.62177e-10, 9.50125e-10, 0, 0, 0.0403585, 9.86607e-08, 2.05284e-09, 3.56138, 0.926656, 3.5251e-06, 267.108
4493, 0.0347549, 0.030761, 0.00876041, 0, 6.61539e-10, 1.34102e-09, 0, 0, 0.0395214, 1.20659e-07, 3.00719e-09, 3.35943, 0.926574, 3.50507e-06, 266.607
4494, 0.0390971, 0.0297749, 0.00896645, 0, 8.07567e-10, 1.64012e-09, 0, 0, 0.0387414, 1.3669e-07, 3.79266e-09, 3.24171, 0.926492, 3.459e-06, 266.131
4495, 0.0440622, 0.0290054, 0.00907996, 0, 1.03615e-09, 2.16958e-09, 0, 0, 0.0380853, 1.5266e-07, 5.30199e-09, 3.12215, 0.92641, 3.40066e-06, 265.719
4496, 0.056824, 0.0281414, 0.00902718, 0, 1.73095e-09, 3.72439e-09, 0, 0, 0.0371686, 1.95197e-07, 9.66461e-09, 2.8678, 0.926328, 3.41092e-06, 265.148
4497, 0.0687851, 0.0273605, 0.00895364, 0, 2.36519e-09, 5.07517e-09, 0, 0, 0.0363141, 2.38602e-07, 1.33665e-08, 2.67677, 0.926246, 3.48663e-06, 264.604
4498, 0.0637625, 0.0276256, 0.00901365, 0, 2.07889e-09, 4.38999e-09, 0, 0, 0.0366392, 2.25495e-07, 1.13655e-08, 2.75259, 0.926165, 3.54338e-06, 264.764
4499, 0.0525885, 0.0285997, 0.00905616, 0, 1.49316e-09, 3.10228e-09, 0, 0, 0.0376559, 1.88121e-07, 7.75973e-09, 2.94526, 0.92609, 3.52936e-06, 265.331
4500, 0.0436283, 0.0297503, 0.00900692, 0, 1.04578e-09, 2.17396e-09, 0, 0, 0.0387573, 1.54171e-07, 5.2496e-09, 3.13205, 0.926036, 3.44434e-06, 265.933
4501, 0.0369015, 0.0307042, 0.00893932, 0, 7.29177e-10, 1.51746e-09, 0, 0, 0.0396435, 1.28353e-07, 3.5124e-09, 3.2995, 0.926013, 3.41774e-06, 266.399
4502, 0.0341027, 0.0312489, 0.00886697, 0, 6.42027e-10, 1.29395e-09, 0, 0, 0.0401159, 1.20554e-07, 2.92142e-09, 3.37838, 0.926009, 3.50694e-06, 266.628
4503, 0.0307249, 0.0317829, 0.00882408, 0, 5.79977e-10, 1.1339e-09, 0, 0, 0.040607, 1.10685e-07, 2.53866e-09, 3.48268, 0.926012, 3.55094e-06, 266.864
4504, 0.0239258, 0.0325523, 0.00881326, 0, 3.93588e-10, 7.62277e-10, 0, 0, 0.0413656, 8.60735e-08, 1.66288e-09, 3.7328, 0.926016, 3.5006e-06, 267.243
4505, 0.0172573, 0.0333699, 0.00877228, 0, 2.11313e-10, 4.06791e-10, 0, 0, 0.0421422, 6.10315e-08, 8.4136e-10, 4.05952, 0.92602, 3.41402e-06, 267.625
4506, 0.0126369, 0.0341482, 0.00867885, 0, 1.05138e-10, 1.98327e-10, 0, 0, 0.0428271, 4.4e-08, 3.76323e-10, 4.37114, 0.926024, 3.37582e-06, 267.952
4507, 0.0109973, 0.0346425, 0.00857972, 0, 7.718e-11, 1.43357e-10, 0, 0, 0.0432222, 3.86383e-08, 2.54378e-10, 4.51011, 0.926028, 3.4217e-06, 268.124
4508, 0.0121125, 0.0347456, 0.00851835, 0, 1.0252e-10, 1.91722e-10, 0, 0, 0.0432639, 4.33994e-08, 3.52295e-10, 4.41352, 0.926032, 3.47175e-06, 268.112
4509, 0.0146488, 0.0346759, 0.00846412, 0, 1.49111e-10, 2.78805e-10, 0, 0, 0.04314, 5.28232e-08, 5.32273e-10, 4.2234, 0.926036, 3.46429e-06, 268.013
4510, 0.0170291, 0.0346055, 0.00840538, 0, 1.87959e-10, 3.49191e-10, 0, 0, 0.0430109, 6.10938e-08, 6.79244e-10, 4.07283, 0.92604, 3.45161e-06, 267.911
4511, 0.0181678, 0.0346277, 0.00835059, 0, 1.96972e-10, 3.61799e-10, 0, 0, 0.0429783, 6.39121e-08, 7.04501e-10, 4.0081, 0.926044, 3.44189e-06, 267.859
4512, 0.0182674, 0.034718, 0.00832293, 0, 1.87062e-10, 3.40656e-10, 0, 0, 0.0430409, 6.20975e-08, 6.59729e-10, 4.00264, 0.926048, 3.42195e-06, 267.857
4513, 0.0174178, 0.0349572, 0.00829801, 0, 1.68271e-10, 3.07108e-10, 0, 0, 0.0432552, 5.71472e-08, 5.89789e-10, 4.05026, 0.926052, 3.39542e-06, 267.935
4514, 0.0162361, 0.0352205, 0.0082842, 0, 1.51043e-10, 2.78319e-10, 0, 0, 0.0435047, 5.33638e-08, 5.27753e-10, 4.12052, 0.926056, 3.4096e-06, 268.03
4515, 0.0145752, 0.0354987, 0.00827948, 0, 1.31097e-10, 2.44342e-10, 0, 0, 0.0437782, 4.98702e-08, 4.55188e-10, 4.22843, 0.92606, 3.44797e-06, 268.137
4516, 0.0129901, 0.0357156, 0.00828444, 0, 1.10179e-10, 2.04374e-10, 0, 0, 0.044, 4.59061e-08, 3.73718e-10, 4.34356, 0.926064, 3.45286e-06, 268.217
4517, 0.0117734, 0.0358016, 0.00831376, 0, 8.82844e-11, 1.59862e-10, 0, 0, 0.0441154, 4.20126e-08, 2.85269e-10, 4.44191, 0.926068, 3.44511e-06, 268.241
4518, 0.0106572, 0.0359245, 0.00832839, 0, 6.63354e-11, 1.1798e-10, 0, 0, 0.0442529, 3.76762e-08, 2.03493e-10, 4.54152, 0.926072, 3.43663e-06, 268.277
4519, 0.010427, 0.0360193, 0.00832909, 0, 5.88746e-11, 1.05346e-10, 0, 0, 0.0443484, 3.59908e-08, 1.795e-10, 4.56336, 0.926076, 3.43628e-06, 268.292
4520, 0.0119541, 0.0360321, 0.00829881, 0, 8.41524e-11, 1.54069e-10, 0, 0, 0.0443309, 4.05053e-08, 2.78197e-10, 4.42668, 0.92608, 3.44048e-06, 268.248
4521, 0.0146322, 0.0359179, 0.00827559, 0, 1.29792e-10, 2.39874e-10, 0, 0, 0.0441935, 4.92256e-08, 4.50972e-10, 4.22453, 0.926084, 3.40352e-06, 268.144
4522, 0.0164778, 0.0358656, 0.00824839, 0, 1.64524e-10, 3.02812e-10, 0, 0, 0.044114, 5.57208e-08, 5.80824e-10, 4.10574, 0.926088, 3.36474e-06, 268.069
4523, 0.0179278, 0.0356501, 0.00828893, 0, 1.85882e-10, 3.41267e-10, 0, 0, 0.043939, 6.10311e-08, 6.60911e-10, 4.0214, 0.926092, 3.39529e-06, 267.945
4524, 0.018726, 0.0355225, 0.00833074, 0, 1.87914e-10, 3.49957e-10, 0, 0, 0.0438532, 6.27391e-08, 6.7645e-10, 3.97784, 0.926096, 3.39613e-06, 267.866
4525, 0.0192676, 0.0355049, 0.00835388, 0, 1.91214e-10, 3.62023e-10, 0, 0, 0.0438587, 6.37516e-08, 6.97575e-10, 3.94933, 0.9261, 3.3279e-06, 267.835
4526, 0.0193259, 0.0356698, 0.00833525, 0, 2.00255e-10, 3.79737e-10, 0, 0, 0.0440051, 6.44619e-08, 7.3052e-10, 3.94631, 0.926104, 3.26867e-06, 267.876
4527, 0.020267, 0.0356623, 0.00835135, 0, 2.28934e-10, 4.33036e-10, 0, 0, 0.0440137, 6.81247e-08, 8.46637e-10, 3.89876, 0.926108, 3.23772e-06, 267.846
4528, 0.0222557, 0.0354452, 0.00838576, 0, 2.85491e-10, 5.39464e-10, 0, 0, 0.043831, 7.58944e-08, 1.09456e-09, 3.80516, 0.926112, 3.28934e-06, 267.718
4529, 0.0237925, 0.0351464, 0.00846206, 0, 3.25319e-10, 6.14319e-10, 0, 0, 0.0436085, 8.23476e-08, 1.26894e-09, 3.73838, 0.926116, 3.3993e-06, 267.569
4530, 0.0231135, 0.0351562, 0.00850996, 0, 3.07075e-10, 5.79383e-10, 0, 0, 0.0436662, 8.02288e-08, 1.19153e-09, 3.76734, 0.92612, 3.42825e-06, 267.565
4531, 0.0207742, 0.03538, 0.00854757, 0, 2.50309e-10, 4.72065e-10, 0, 0, 0.0439276, 7.12618e-08, 9.56551e-10, 3.87404, 0.926124, 3.34204e-06, 267.665
4532, 0.017447, 0.0357644, 0.00856993, 0, 1.6957e-10, 3.19849e-10, 0, 0, 0.0443343, 5.7848e-08, 6.23102e-10, 4.04859, 0.926128, 3.24533e-06, 267.839
4533, 0.0162298, 0.0359807, 0.00858148, 0, 1.31563e-10, 2.49204e-10, 0, 0, 0.0445622, 5.24735e-08, 4.60076e-10, 4.1209, 0.926132, 3.25869e-06, 267.921
4534, 0.0157023, 0.0364485, 0.00847898, 0, 1.28387e-10, 2.47794e-10, 0, 0, 0.0449275, 5.11722e-08, 4.50382e-10, 4.15395, 0.926136, 3.33742e-06, 268.071
4535, 0.0169586, 0.0364033, 0.00848968, 0, 1.62515e-10, 3.17918e-10, 0, 0, 0.044893, 5.56982e-08, 6.08804e-10, 4.07698, 0.92614, 3.38669e-06, 268.02
4536, 0.021157, 0.0355848, 0.00865221, 0, 2.53128e-10, 4.94384e-10, 0, 0, 0.0442371, 6.9085e-08, 1.02167e-09, 3.85579, 0.926144, 3.39943e-06, 267.653
4537, 0.0249869, 0.0349343, 0.00878088, 0, 3.33994e-10, 6.54066e-10, 0, 0, 0.0437152, 8.09192e-08, 1.38937e-09, 3.6894, 0.926148, 3.3795e-06, 267.351
4538, 0.0252832, 0.0349771, 0.00880788, 0, 3.38616e-10, 6.68694e-10, 0, 0, 0.043785, 8.09313e-08, 1.41806e-09, 3.67762, 0.926152, 3.32475e-06, 267.353
4539, 0.027333, 0.0348496, 0.00882803, 0, 4.13353e-10, 8.23315e-10, 0, 0, 0.0436776, 8.89596e-08, 1.79799e-09, 3.59966, 0.926156, 3.3017e-06, 267.264
4540, 0.0346049, 0.0343204, 0.00879018, 0, 6.94054e-10, 1.38707e-09, 0, 0, 0.0431105, 1.1809e-07, 3.19841e-09, 3.36376, 0.92616, 3.35542e-06, 266.935
4541, 0.042542, 0.0336402, 0.00878535, 0, 9.99926e-10, 2.00213e-09, 0, 0, 0.0424255, 1.48145e-07, 4.74053e-09, 3.15726, 0.926164, 3.36701e-06, 266.542
4542, 0.0459872, 0.0334344, 0.00878053, 0, 1.16749e-09, 2.34621e-09, 0, 0, 0.0422149, 1.60119e-07, 5.64212e-09, 3.07939, 0.926168, 3.34626e-06, 266.396
4543, 0.0455035, 0.0335963, 0.00880781, 0, 1.16766e-09, 2.35878e-09, 0, 0, 0.0424041, 1.57957e-07, 5.66783e-09, 3.08997, 0.926172, 3.37149e-06, 266.462
4544, 0.0376425, 0.0346077, 0.00881632, 0, 8.54094e-10, 1.74552e-09, 0, 0, 0.043424, 1.28709e-07, 4.03769e-09, 3.27962, 0.926176, 3.35444e-06, 266.962
4545, 0.0332902, 0.0351471, 0.0088537, 0, 6.76717e-10, 1.40263e-09, 0, 0, 0.0440008, 1.10538e-07, 3.13716e-09, 3.40249, 0.92618, 3.27035e-06, 267.226
4546, 0.037651, 0.0345776, 0.00890713, 0, 8.69462e-10, 1.78979e-09, 0, 0, 0.0434848, 1.2343e-07, 4.22858e-09, 3.2794, 0.926184, 3.23743e-06, 266.926
4547, 0.0429175, 0.0336441, 0.00904026, 0, 1.08837e-09, 2.22676e-09, 0, 0, 0.0426844, 1.42388e-07, 5.43643e-09, 3.14847, 0.926188, 3.30915e-06, 266.474
4548, 0.0427553, 0.0333953, 0.00914459, 0, 1.07513e-09, 2.19963e-09, 0, 0, 0.0425399, 1.45405e-07, 5.35564e-09, 3.15226, 0.926192, 3.39756e-06, 266.364
4549, 0.0431589, 0.0331091, 0.00925315, 0, 1.01967e-09, 2.08708e-09, 0, 0, 0.0423622, 1.47344e-07, 5.00598e-09, 3.14287, 0.926196, 3.39482e-06, 266.237
4550, 0.0414105, 0.0331796, 0.00931697, 0, 8.69566e-10, 1.78342e-09, 0, 0, 0.0424965, 1.36521e-07, 4.19928e-09, 3.18422, 0.9262, 3.30815e-06, 266.274
4551, 0.0408479, 0.0332429, 0.00934006, 0, 7.81111e-10, 1.61006e-09, 0, 0, 0.042583, 1.29971e-07, 3.73929e-09, 3.1979, 0.926204, 3.23461e-06, 266.285
4552, 0.0417902, 0.0332679, 0.00932685, 0, 8.40277e-10, 1.7354e-09, 0, 0, 0.0425947, 1.34643e-07, 4.07875e-09, 3.17509, 0.926208, 3.23319e-06, 266.258
4553, 0.0464498, 0.0328549, 0.00935228, 0, 1.10611e-09, 2.28239e-09, 0, 0, 0.0422072, 1.54724e-07, 5.55404e-09, 3.06938, 0.926212, 3.29643e-06, 266.019
4554, 0.0509116, 0.0323886, 0.00940832, 0, 1.34475e-09, 2.77566e-09, 0, 0, 0.041797, 1.72073e-07, 6.9077e-09, 2.97766, 0.926216, 3.35102e-06, 265.767
4555, 0.0543903, 0.0320799, 0.00942931, 0, 1.54376e-09, 3.1938e-09, 0, 0, 0.0415092, 1.86367e-07, 8.08678e-09, 2.91157, 0.92622, 3.38419e-06, 265.578
4556, 0.0594608, 0.0318667, 0.00938167, 0, 1.86851e-09, 3.87252e-09, 0, 0, 0.0412484, 2.04605e-07, 1.00057e-08, 2.82244, 0.926224, 3.36121e-06, 265.404
4557, 0.0644707, 0.0318513, 0.00929121, 0, 2.24934e-09, 4.66479e-09, 0, 0, 0.0411425, 2.17998e-07, 1.23289e-08, 2.74154, 0.926228, 3.2981e-06, 265.313
4558, 0.0700006, 0.0316537, 0.00922883, 0, 2.59513e-09, 5.38587e-09, 0, 0, 0.0408825, 2.33102e-07, 1.44151e-08, 2.65925, 0.926232, 3.28185e-06, 265.138
4559, 0.0720021, 0.0316872, 0.00920031, 0, 2.77151e-09, 5.7523e-09, 0, 0, 0.0408875, 2.4204e-07, 1.54161e-08, 2.63106, 0.926236, 3.30762e-06, 265.107
4560, 0.0814174, 0.0309131, 0.00919044, 0, 3.34095e-09, 6.92361e-09, 0, 0, 0.0401036, 2.7661e-07, 1.871e-08, 2.50817, 0.92624, 3.35919e-06, 264.643
4561, 0.0933054, 0.0300008, 0.00914577, 0, 4.05503e-09, 8.38474e-09, 0, 0, 0.0391466, 3.09063e-07, 2.31133e-08, 2.37188, 0.926244, 3.35417e-06, 264.074
4562, 0.10415, 0.0292135, 0.00909767, 0, 4.71574e-09, 9.73668e-09, 0, 0, 0.0383112, 3.34348e-07, 2.72986e-08, 2.26192, 0.926248, 3.27125e-06, 263.564
4563, 0.106047, 0.0290571, 0.00911176, 0, 4.93275e-09, 1.01879e-08, 0, 0, 0.0381689, 3.44278e-07, 2.87276e-08, 2.24388, 0.926252, 3.25745e-06, 263.449
4564, 0.103917, 0.0290916, 0.00917925, 0, 4.94041e-09, 1.02021e-08, 0, 0, 0.0382708, 3.46388e-07, 2.8851e-08, 2.26416, 0.926256, 3.32149e-06, 263.474
4565, 0.0884657, 0.0301062, 0.00937298, 0, 3.97596e-09, 8.21379e-09, 0, 0, 0.0394792, 2.94719e-07, 2.30683e-08, 2.42514, 0.92626, 3.33327e-06, 264.127
4566, 0.072282, 0.0311283, 0.00958315, 0, 2.82632e-09, 5.84198e-09, 0, 0, 0.0407115, 2.36339e-07, 1.60464e-08, 2.62718, 0.926264, 3.27228e-06, 264.775
4567, 0.0764597, 0.0306282, 0.00961518, 0, 3.05844e-09, 6.31367e-09, 0, 0, 0.0402434, 2.51076e-07, 1.74206e-08, 2.57099, 0.926268, 3.23267e-06, 264.485
4568, 0.0920207, 0.0293747, 0.00951014, 0, 4.13041e-09, 8.52024e-09, 0, 0, 0.0388848, 3.08587e-07, 2.40185e-08, 2.38574, 0.926272, 3.26103e-06, 263.691
4569, 0.0998788, 0.028589, 0.00948741, 0, 4.45966e-09, 9.21662e-09, 0, 0, 0.0380765, 3.34735e-07, 2.60118e-08, 2.3038, 0.926276, 3.28598e-06, 263.194
4570, 0.0976014, 0.0287267, 0.00953219, 0, 4.04585e-09, 8.39839e-09, 0, 0, 0.038259, 3.21199e-07, 2.33824e-08, 2.32686, 0.92628, 3.28372e-06, 263.266
4571, 0.0936968, 0.0293881, 0.00949314, 0, 3.76237e-09, 7.84061e-09, 0, 0, 0.0388812, 3.06305e-07, 2.15617e-08, 2.36769, 0.926284, 3.29805e-06, 263.588
4572, 0.0753988, 0.031485, 0.00947539, 0, 2.84818e-09, 5.9718e-09, 0, 0, 0.0409604, 2.48992e-07, 1.60854e-08, 2.58496, 0.926288, 3.29993e-06, 264.709
4573, 0.0645151, 0.032557, 0.00954121, 0, 2.32433e-09, 4.89451e-09, 0, 0, 0.0420982, 2.1574e-07, 1.2989e-08, 2.74086, 0.926292, 3.26667e-06, 265.287
4574, 0.0804045, 0.0308179, 0.00960872, 0, 3.15681e-09, 6.6274e-09, 0, 0, 0.0404267, 2.69278e-07, 1.79249e-08, 2.52069, 0.926296, 3.26933e-06, 264.351
4575, 0.100801, 0.0288761, 0.0095916, 0, 4.1297e-09, 8.6769e-09, 0, 0, 0.0384677, 3.32822e-07, 2.35845e-08, 2.29461, 0.9263, 3.26048e-06, 263.218
4576, 0.109008, 0.028252, 0.00957313, 0, 4.50231e-09, 9.47465e-09, 0, 0, 0.0378251, 3.56525e-07, 2.56584e-08, 2.21633, 0.926304, 3.25224e-06, 262.814
4577, 0.115799, 0.0278072, 0.00951214, 0, 5.17865e-09, 1.08161e-08, 0, 0, 0.0373194, 3.81777e-07, 3.00541e-08, 2.1559, 0.926308, 3.30295e-06, 262.485
4578, 0.125723, 0.0270846, 0.00940052, 0, 6.10723e-09, 1.2621e-08, 0, 0, 0.0364851, 4.13256e-07, 3.61988e-08, 2.07367, 0.926312, 3.30609e-06, 261.957
4579, 0.116768, 0.0277404, 0.00949465, 0, 5.48608e-09, 1.12925e-08, 0, 0, 0.037235, 3.77946e-07, 3.24536e-08, 2.14756, 0.926316, 3.23802e-06, 262.369
4580, 0.101106, 0.0289659, 0.00965901, 0, 4.44693e-09, 9.15331e-09, 0, 0, 0.0386249, 3.27264e-07, 2.59393e-08, 2.29158, 0.92632, 3.201e-06, 263.141
4581, 0.109881, 0.0284651, 0.00957681, 0, 5.30466e-09, 1.08851e-08, 0, 0, 0.0380419, 3.59496e-07, 3.13561e-08, 2.20836, 0.926324, 3.23379e-06, 262.773
4582, 0.136828, 0.0268328, 0.00928253, 0, 7.69252e-09, 1.57134e-08, 0, 0, 0.0361154, 4.45682e-07, 4.6649e-08, 1.98903, 0.926328, 3.25391e-06, 261.602
4583, 0.15047, 0.0265051, 0.00906292, 0, 9.2215e-09, 1.8832e-08, 0, 0, 0.035568, 4.89118e-07, 5.65712e-08, 1.89399, 0.926332, 3.24367e-06, 261.236
4584, 0.143103, 0.0275606, 0.00907069, 0, 8.8312e-09, 1.80952e-08, 0, 0, 0.0366314, 4.64142e-07, 5.40841e-08, 1.94419, 0.926336, 3.21426e-06, 261.845
4585, 0.149234, 0.0271293, 0.0090419, 0, 9.26707e-09, 1.89924e-08, 0, 0, 0.0361713, 4.81981e-07, 5.67121e-08, 1.90224, 0.92634, 3.19081e-06, 261.536
4586, 0.14976, 0.026636, 0.00913716, 0, 9.03361e-09, 1.84882e-08, 0, 0, 0.0357732, 4.85505e-07, 5.50829e-08, 1.89872, 0.926344, 3.19794e-06, 261.261
4587, 0.133229, 0.0275443, 0.00935303, 0, 7.39494e-09, 1.51341e-08, 0, 0, 0.0368974, 4.33937e-07, 4.4501e-08, 2.01568, 0.926348, 3.19402e-06, 261.903
4588, 0.134356, 0.0275607, 0.00934549, 0, 7.52038e-09, 1.53878e-08, 0, 0, 0.0369062, 4.32306e-07, 4.55046e-08, 2.00726, 0.926352, 3.15952e-06, 261.875
4589, 0.166537, 0.025611, 0.00900078, 0, 1.04876e-08, 2.13564e-08, 0, 0, 0.0346118, 5.21232e-07, 6.50075e-08, 1.79254, 0.926356, 3.11544e-06, 260.446
4590, 0.194912, 0.0238485, 0.00868181, 0, 1.32466e-08, 2.68286e-08, 0, 0, 0.0325303, 6.07434e-07, 8.31515e-08, 1.63521, 0.92636, 3.13415e-06, 259.078
4591, 0.202842, 0.023297, 0.00859105, 0, 1.45232e-08, 2.93217e-08, 0, 0, 0.0318881, 6.51219e-07, 9.1704e-08, 1.59533, 0.926364, 3.23177e-06, 258.618
4592, 0.207411, 0.0230407, 0.00853784, 0, 1.53131e-08, 3.0872e-08, 0, 0, 0.0315786, 6.81159e-07, 9.68606e-08, 1.57305, 0.926368, 3.2875e-06, 258.377
4593, 0.194784, 0.0237701, 0.00869986, 0, 1.35318e-08, 2.73261e-08, 0, 0, 0.03247, 6.34869e-07, 8.49175e-08, 1.63586, 0.926372, 3.2475e-06, 258.939
4594, 0.167179, 0.0256323, 0.00900982, 0, 1.04337e-08, 2.11136e-08, 0, 0, 0.0346422, 5.31961e-07, 6.45269e-08, 1.78869, 0.926376, 3.15648e-06, 260.299
4595, 0.151247, 0.0268523, 0.00917343, 0, 9.01151e-09, 1.82416e-08, 0, 0, 0.0360257, 4.73272e-07, 5.54593e-08, 1.88884, 0.92638, 3.08623e-06, 261.116
4596, 0.172957, 0.0254955, 0.00894686, 0, 1.12355e-08, 2.27352e-08, 0, 0, 0.0344424, 5.4646e-07, 7.00923e-08, 1.75471, 0.926384, 3.10892e-06, 260.108
4597, 0.204635, 0.0235186, 0.00861118, 0, 1.44202e-08, 2.91595e-08, 0, 0, 0.0321298, 6.59197e-07, 9.06542e-08, 1.58653, 0.926388, 3.19841e-06, 258.581
4598, 0.217386, 0.0227403, 0.00847618, 0, 1.57528e-08, 3.18199e-08, 0, 0, 0.0312166, 7.08143e-07, 9.91908e-08, 1.52608, 0.926392, 3.25617e-06, 257.934
4599, 0.224598, 0.02235, 0.00838523, 0, 1.65748e-08, 3.33917e-08, 0, 0, 0.0307353, 7.2863e-07, 1.04756e-07, 1.49344, 0.926396, 3.24562e-06, 257.571
4600, 0.223412, 0.0224918, 0.00839774, 0, 1.64706e-08, 3.31276e-08, 0, 0, 0.0308896, 7.19203e-07, 1.04201e-07, 1.49874, 0.9264, 3.21048e-06, 257.644
4601, 0.200554, 0.0240302, 0.00866607, 0, 1.41001e-08, 2.83587e-08, 0, 0, 0.0326963, 6.3984e-07, 8.85587e-08, 1.60667, 0.926404, 3.15232e-06, 258.823
4602, 0.167215, 0.0263492, 0.00904743, 0, 1.07757e-08, 2.17161e-08, 0, 0, 0.0353967, 5.29138e-07, 6.66418e-08, 1.78848, 0.926408, 3.10057e-06, 260.501
4603, 0.165377, 0.0265795, 0.00909768, 0, 1.05354e-08, 2.13042e-08, 0, 0, 0.0356772, 5.26603e-07, 6.47271e-08, 1.79953, 0.926412, 3.13048e-06, 260.64
4604, 0.189448, 0.0251655, 0.00886071, 0, 1.27958e-08, 2.59049e-08, 0, 0, 0.0340263, 6.05049e-07, 7.90578e-08, 1.66364, 0.926416, 3.17413e-06, 259.581
4605, 0.194282, 0.025131, 0.00881917, 0, 1.33833e-08, 2.7112e-08, 0, 0, 0.0339502, 6.25252e-07, 8.24687e-08, 1.63845, 0.92642, 3.21573e-06, 259.5
4606, 0.199757, 0.0249046, 0.00875034, 0, 1.43575e-08, 2.90054e-08, 0, 0, 0.033655, 6.51712e-07, 8.89714e-08, 1.61066, 0.926424, 3.26383e-06, 259.279
4607, 0.223866, 0.0232422, 0.00845032, 0, 1.70198e-08, 3.41903e-08, 0, 0, 0.0316925, 7.20949e-07, 1.07298e-07, 1.49671, 0.926428, 3.22852e-06, 257.959
4608, 0.229315, 0.0227452, 0.00838182, 0, 1.71266e-08, 3.43104e-08, 0, 0, 0.0311271, 7.14823e-07, 1.08627e-07, 1.47266, 0.926432, 3.11711e-06, 257.544
4609, 0.199575, 0.0245934, 0.00873982, 0, 1.36849e-08, 2.74161e-08, 0, 0, 0.0333333, 6.10721e-07, 8.59635e-08, 1.61156, 0.926436, 3.05665e-06, 258.974
4610, 0.175761, 0.0261785, 0.00902178, 0, 1.16319e-08, 2.33005e-08, 0, 0, 0.0352003, 5.51475e-07, 7.23026e-08, 1.73863, 0.92644, 3.11872e-06, 260.117
4611, 0.200233, 0.0246814, 0.00874139, 0, 1.47557e-08, 2.95097e-08, 0, 0, 0.0334228, 6.48678e-07, 9.29239e-08, 1.60827, 0.926444, 3.21551e-06, 258.966
4612, 0.239647, 0.0223197, 0.00827257, 0, 1.93443e-08, 3.8607e-08, 0, 0, 0.0305924, 7.76765e-07, 1.2349e-07, 1.42859, 0.926448, 3.23772e-06, 257.045
4613, 0.255186, 0.0214984, 0.0080912, 0, 2.11243e-08, 4.21779e-08, 0, 0, 0.0295897, 8.18693e-07, 1.35547e-07, 1.36576, 0.926452, 3.20708e-06, 256.308
4614, 0.257212, 0.021462, 0.00807718, 0, 2.11866e-08, 4.23077e-08, 0, 0, 0.0295393, 8.13032e-07, 1.36129e-07, 1.35785, 0.926456, 3.15791e-06, 256.24
4615, 0.256742, 0.0215357, 0.0080828, 0, 2.11284e-08, 4.20527e-08, 0, 0, 0.0296186, 8.03066e-07, 1.3575e-07, 1.35968, 0.92646, 3.12476e-06, 256.263
4616, 0.234383, 0.0228771, 0.00837165, 0, 1.84014e-08, 3.65729e-08, 0, 0, 0.0312488, 7.30929e-07, 1.17286e-07, 1.4508, 0.926464, 3.11855e-06, 257.364
4617, 0.194129, 0.0253905, 0.00887933, 0, 1.38754e-08, 2.76146e-08, 0, 0, 0.0342699, 6.10723e-07, 8.68918e-08, 1.63923, 0.926468, 3.14402e-06, 259.308
4618, 0.188655, 0.0257959, 0.00895831, 0, 1.35847e-08, 2.70774e-08, 0, 0, 0.0347543, 6.04719e-07, 8.50021e-08, 1.66783, 0.926472, 3.18944e-06, 259.578
4619, 0.228895, 0.0233971, 0.00846936, 0, 1.82535e-08, 3.63203e-08, 0, 0, 0.0318665, 7.28318e-07, 1.16323e-07, 1.47449, 0.926476, 3.1801e-06, 257.683
4620, 0.258177, 0.0217952, 0.00809581, 0, 2.14603e-08, 4.26803e-08, 0, 0, 0.0298911, 8.03705e-07, 1.37948e-07, 1.35411, 0.92648, 3.11694e-06, 256.293
4621, 0.250545, 0.0226542, 0.00818298, 0, 2.0484e-08, 4.09899e-08, 0, 0, 0.0308372, 7.76332e-07, 1.31176e-07, 1.38412, 0.926484, 3.11243e-06, 256.919
4622, 0.226253, 0.02462, 0.00849199, 0, 1.7723e-08, 3.58478e-08, 0, 0, 0.033112, 7.101e-07, 1.11877e-07, 1.4861, 0.926488, 3.16355e-06, 258.404
4623, 0.212857, 0.0255049, 0.00869135, 0, 1.59772e-08, 3.24965e-08, 0, 0, 0.0341963, 6.74449e-07, 9.95159e-08, 1.54713, 0.926492, 3.18473e-06, 259.065
4624, 0.194204, 0.0268095, 0.00879448, 0, 1.41154e-08, 2.86254e-08, 0, 0, 0.0356041, 6.19389e-07, 8.73601e-08, 1.63884, 0.926496, 3.16437e-06, 259.905
4625, 0.152382, 0.0306106, 0.00883293, 0, 1.0595e-08, 2.14144e-08, 0, 0, 0.0394436, 4.84952e-07, 6.51305e-08, 1.88136, 0.9265, 3.10807e-06, 262.115
4626, 0.146886, 0.03177, 0.00863235, 0, 1.0528e-08, 2.12685e-08, 0, 0, 0.0404024, 4.60728e-07, 6.53278e-08, 1.9181, 0.926504, 3.08621e-06, 262.613
4627, 0.203154, 0.027269, 0.00834513, 0, 1.63399e-08, 3.2827e-08, 0, 0, 0.0356142, 6.41842e-07, 1.03357e-07, 1.59379, 0.926508, 3.13892e-06, 259.813
4628, 0.252637, 0.0230677, 0.0081528, 0, 2.17884e-08, 4.35411e-08, 0, 0, 0.0312205, 8.1014e-07, 1.39285e-07, 1.3758, 0.926512, 3.20289e-06, 256.953
4629, 0.272772, 0.0214852, 0.00800785, 0, 2.40987e-08, 4.79711e-08, 0, 0, 0.0294932, 8.67817e-07, 1.55302e-07, 1.29912, 0.926516, 3.18492e-06, 255.717
4630, 0.280261, 0.0209691, 0.00790739, 0, 2.47656e-08, 4.9121e-08, 0, 0, 0.0288766, 8.7388e-07, 1.60491e-07, 1.27203, 0.92652, 3.12075e-06, 255.241
4631, 0.275527, 0.0212146, 0.00797208, 0, 2.43352e-08, 4.81302e-08, 0, 0, 0.0291868, 8.61637e-07, 1.57666e-07, 1.28907, 0.926524, 3.12347e-06, 255.433
4632, 0.246034, 0.0229376, 0.00838395, 0, 2.10795e-08, 4.16133e-08, 0, 0, 0.0313216, 7.83063e-07, 1.35311e-07, 1.40228, 0.926528, 3.152e-06, 256.892
4633, 0.208999, 0.0251609, 0.00889491, 0, 1.66587e-08, 3.28565e-08, 0, 0, 0.0340559, 6.68619e-07, 1.05321e-07, 1.56543, 0.926532, 3.13551e-06, 258.649
4634, 0.217379, 0.0247364, 0.00879655, 0, 1.75917e-08, 3.4754e-08, 0, 0, 0.033533, 6.93339e-07, 1.11603e-07, 1.52611, 0.926536, 3.14106e-06, 258.284
4635, 0.251141, 0.0229126, 0.00836297, 0, 2.17623e-08, 4.31184e-08, 0, 0, 0.0312756, 8.0225e-07, 1.39654e-07, 1.38174, 0.92654, 3.17273e-06, 256.763
4636, 0.253514, 0.023115, 0.00836351, 0, 2.18385e-08, 4.34667e-08, 0, 0, 0.0314786, 8.02244e-07, 1.3988e-07, 1.37234, 0.926544, 3.14686e-06, 256.868
4637, 0.243947, 0.0239161, 0.00851664, 0, 2.03057e-08, 4.05575e-08, 0, 0, 0.0324328, 7.60451e-07, 1.2935e-07, 1.41081, 0.926548, 3.10176e-06, 257.472
4638, 0.259554, 0.0228747, 0.00829627, 0, 2.23174e-08, 4.4415e-08, 0, 0, 0.031171, 8.0587e-07, 1.43416e-07, 1.34879, 0.926552, 3.09616e-06, 256.594
4639, 0.271493, 0.0219551, 0.00812938, 0, 2.37734e-08, 4.71243e-08, 0, 0, 0.0300846, 8.38941e-07, 1.53717e-07, 1.30382, 0.926556, 3.09004e-06, 255.811
4640, 0.247354, 0.023293, 0.00848622, 0, 2.08363e-08, 4.12616e-08, 0, 0, 0.0317793, 7.66642e-07, 1.33697e-07, 1.39694, 0.92656, 3.10564e-06, 256.94
4641, 0.214705, 0.0251872, 0.00895571, 0, 1.7099e-08, 3.38318e-08, 0, 0, 0.034143, 6.72694e-07, 1.08308e-07, 1.53849, 0.926564, 3.13398e-06, 258.444
4642, 0.228685, 0.0243919, 0.00876046, 0, 1.86784e-08, 3.69233e-08, 0, 0, 0.0331524, 7.11231e-07, 1.19173e-07, 1.47541, 0.926568, 3.11621e-06, 257.779
4643, 0.263008, 0.0225851, 0.0082625, 0, 2.27475e-08, 4.50539e-08, 0, 0, 0.0308477, 8.11966e-07, 1.46898e-07, 1.33557, 0.926572, 3.09441e-06, 256.211
4644, 0.258587, 0.0235664, 0.00820314, 0, 2.24854e-08, 4.4761e-08, 0, 0, 0.0317696, 7.99393e-07, 1.44986e-07, 1.35252, 0.926576, 3.10256e-06, 256.804
4645, 0.219521, 0.0270545, 0.00848673, 0, 1.79998e-08, 3.61467e-08, 0, 0, 0.0355413, 6.75689e-07, 1.14443e-07, 1.51631, 0.92658, 3.1047e-06, 259.182
4646, 0.210324, 0.0278574, 0.00857434, 0, 1.68216e-08, 3.38747e-08, 0, 0, 0.0364318, 6.44454e-07, 1.06369e-07, 1.5591, 0.926584, 3.09266e-06, 259.687
4647, 0.240427, 0.0250531, 0.00844323, 0, 2.00251e-08, 4.00539e-08, 0, 0, 0.0334964, 7.39115e-07, 1.27827e-07, 1.42534, 0.926588, 3.07976e-06, 257.839
4648, 0.242834, 0.0240248, 0.00863513, 0, 1.9738e-08, 3.9304e-08, 0, 0, 0.03266, 7.42806e-07, 1.25703e-07, 1.41538, 0.926592, 3.04833e-06, 257.264
4649, 0.223749, 0.024773, 0.00896512, 0, 1.74389e-08, 3.45755e-08, 0, 0, 0.0337382, 6.85186e-07, 1.10322e-07, 1.49723, 0.926596, 3.03901e-06, 257.928
4650, 0.24196, 0.0237201, 0.00868685, 0, 2.04694e-08, 4.04204e-08, 0, 0, 0.032407, 7.53665e-07, 1.31611e-07, 1.41898, 0.9266, 3.08505e-06, 257.034
4651, 0.280846, 0.0216862, 0.00810664, 0, 2.57898e-08, 5.09297e-08, 0, 0, 0.0297929, 8.74569e-07, 1.68654e-07, 1.26995, 0.926604, 3.10347e-06, 255.218
4652, 0.298331, 0.0208561, 0.00785858, 0, 2.74523e-08, 5.43168e-08, 0, 0, 0.0287148, 9.04607e-07, 1.80552e-07, 1.20955, 0.926608, 3.03148e-06, 254.412
4653, 0.296435, 0.0211061, 0.00791643, 0, 2.61918e-08, 5.20029e-08, 0, 0, 0.0290226, 8.70923e-07, 1.71818e-07, 1.21593, 0.926612, 2.94003e-06, 254.603
4654, 0.282805, 0.0220887, 0.00815592, 0, 2.40091e-08, 4.79555e-08, 0, 0, 0.0302447, 8.30706e-07, 1.55887e-07, 1.263, 0.926616, 2.94716e-06, 255.439
4655, 0.257409, 0.0239462, 0.0085115, 0, 2.12988e-08, 4.28469e-08, 0, 0, 0.0324578, 7.80382e-07, 1.36262e-07, 1.35709, 0.92662, 3.0424e-06, 256.906
4656, 0.217548, 0.0267734, 0.0089655, 0, 1.71937e-08, 3.47262e-08, 0, 0, 0.0357389, 6.77091e-07, 1.08269e-07, 1.52534, 0.926624, 3.10589e-06, 258.946
4657, 0.19326, 0.0281163, 0.00925734, 0, 1.44477e-08, 2.90361e-08, 0, 0, 0.0373737, 6.02266e-07, 9.00824e-08, 1.64372, 0.926628, 3.10141e-06, 259.888
4658, 0.221269, 0.0259483, 0.00894924, 0, 1.75839e-08, 3.50671e-08, 0, 0, 0.0348976, 6.802e-07, 1.11713e-07, 1.50838, 0.926632, 3.07097e-06, 258.366
4659, 0.247341, 0.0247194, 0.00856801, 0, 2.05423e-08, 4.10638e-08, 0, 0, 0.0332874, 7.46458e-07, 1.32087e-07, 1.39699, 0.926636, 3.01606e-06, 257.317
4660, 0.217504, 0.0278929, 0.00870829, 0, 1.70386e-08, 3.44144e-08, 0, 0, 0.0366013, 6.42885e-07, 1.08382e-07, 1.52554, 0.92664, 2.96974e-06, 259.335
4661, 0.185236, 0.0308086, 0.00895913, 0, 1.35835e-08, 2.78131e-08, 0, 0, 0.0397677, 5.56402e-07, 8.44385e-08, 1.68612, 0.926644, 3.0267e-06, 261.123
4662, 0.213083, 0.0283296, 0.0088403, 0, 1.68993e-08, 3.44432e-08, 0, 0, 0.0371699, 6.61351e-07, 1.0632e-07, 1.54607, 0.926648, 3.10734e-06, 259.607
4663, 0.264722, 0.0240092, 0.00840854, 0, 2.32138e-08, 4.66668e-08, 0, 0, 0.0324178, 8.21279e-07, 1.50173e-07, 1.32908, 0.926652, 3.10895e-06, 256.622
4664, 0.29697, 0.0215766, 0.00800394, 0, 2.78229e-08, 5.53825e-08, 0, 0, 0.0295806, 9.16982e-07, 1.83336e-07, 1.21413, 0.926656, 3.09022e-06, 254.65
4665, 0.309643, 0.0207532, 0.00781125, 0, 2.99142e-08, 5.92905e-08, 0, 0, 0.0285645, 9.53925e-07, 1.98668e-07, 1.17233, 0.92666, 3.08129e-06, 253.885
4666, 0.312423, 0.0206293, 0.00777702, 0, 2.99074e-08, 5.92443e-08, 0, 0, 0.0284064, 9.4604e-07, 1.98997e-07, 1.1634, 0.926664, 3.02929e-06, 253.737
4667, 0.309718, 0.0208509, 0.00784112, 0, 2.87873e-08, 5.71247e-08, 0, 0, 0.0286921, 9.18477e-07, 1.91178e-07, 1.17209, 0.926668, 2.96877e-06, 253.914
4668, 0.306501, 0.0210959, 0.00791302, 0, 2.82753e-08, 5.62193e-08, 0, 0, 0.029009, 9.11885e-07, 1.87349e-07, 1.18254, 0.926672, 2.97978e-06, 254.112
4669, 0.30732, 0.0210786, 0.00790867, 0, 2.90561e-08, 5.77854e-08, 0, 0, 0.0289873, 9.34765e-07, 1.92753e-07, 1.17987, 0.926676, 3.04435e-06, 254.064
4670, 0.308457, 0.0210134, 0.00789248, 0, 2.97577e-08, 5.91539e-08, 0, 0, 0.028906, 9.54412e-07, 1.9775e-07, 1.17617, 0.92668, 3.09475e-06, 253.973
4671, 0.304178, 0.0213367, 0.00795719, 0, 2.88631e-08, 5.74227e-08, 0, 0, 0.029294, 9.336e-07, 1.91552e-07, 1.19014, 0.926684, 3.06668e-06, 254.221
4672, 0.280625, 0.0232484, 0.00823241, 0, 2.4961e-08, 4.99134e-08, 0, 0, 0.0314808, 8.38128e-07, 1.64243e-07, 1.27073, 0.926688, 2.97891e-06, 255.709
4673, 0.222855, 0.0282461, 0.00869397, 0, 1.77301e-08, 3.58954e-08, 0, 0, 0.0369401, 6.52951e-07, 1.14195e-07, 1.50124, 0.926692, 2.92384e-06, 259.118
4674, 0.170821, 0.0330446, 0.00895495, 0, 1.23219e-08, 2.53452e-08, 0, 0, 0.0419996, 5.0565e-07, 7.72515e-08, 1.76714, 0.926696, 2.94583e-06, 261.915
4675, 0.183005, 0.0319133, 0.0089641, 0, 1.3745e-08, 2.82539e-08, 0, 0, 0.0408775, 5.53743e-07, 8.63662e-08, 1.69824, 0.9267, 3.00236e-06, 261.281
4676, 0.210175, 0.0290462, 0.00910132, 0, 1.63824e-08, 3.35402e-08, 0, 0, 0.0381476, 6.45159e-07, 1.03183e-07, 1.55981, 0.926704, 3.05312e-06, 259.725
4677, 0.20086, 0.0295125, 0.00938885, 0, 1.50958e-08, 3.10002e-08, 0, 0, 0.0389014, 6.21832e-07, 9.37515e-08, 1.60515, 0.926708, 3.07649e-06, 260.122
4678, 0.171258, 0.0321119, 0.00961737, 0, 1.18448e-08, 2.45101e-08, 0, 0, 0.0417293, 5.30171e-07, 7.18577e-08, 1.76459, 0.926712, 3.05803e-06, 261.643
4679, 0.141046, 0.0349127, 0.00978236, 0, 8.55285e-09, 1.79464e-08, 0, 0, 0.044695, 4.33543e-07, 4.99334e-08, 1.95867, 0.926716, 3.01354e-06, 263.148
4680, 0.126466, 0.0366265, 0.00964742, 0, 6.87683e-09, 1.46491e-08, 0, 0, 0.0462739, 3.87362e-07, 3.86631e-08, 2.06778, 0.92672, 2.99449e-06, 263.9
4681, 0.114953, 0.0382012, 0.00928728, 0, 6.0896e-09, 1.29549e-08, 0, 0, 0.0474884, 3.52817e-07, 3.41859e-08, 2.16323, 0.926724, 3.00029e-06, 264.456
4682, 0.132115, 0.0359127, 0.009322, 0, 8.10814e-09, 1.6685e-08, 0, 0, 0.0452347, 4.04452e-07, 4.85744e-08, 2.02408, 0.926728, 3.01374e-06, 263.322
4683, 0.196321, 0.0294793, 0.00923975, 0, 1.51242e-08, 3.03931e-08, 0, 0, 0.0387191, 5.985e-07, 9.66476e-08, 1.628, 0.926732, 3.02203e-06, 259.826
4684, 0.264936, 0.0241377, 0.00862199, 0, 2.31328e-08, 4.61967e-08, 0, 0, 0.0327597, 8.01625e-07, 1.523e-07, 1.32827, 0.926736, 3.01516e-06, 256.173
4685, 0.299604, 0.021828, 0.00814664, 0, 2.73434e-08, 5.45066e-08, 0, 0, 0.0299747, 8.9742e-07, 1.82452e-07, 1.2053, 0.92674, 2.99176e-06, 254.257
4686, 0.31015, 0.0211624, 0.00796813, 0, 2.92407e-08, 5.82365e-08, 0, 0, 0.0291306, 9.39509e-07, 1.96445e-07, 1.1707, 0.926744, 3.02629e-06, 253.626
4687, 0.312283, 0.0209805, 0.00791416, 0, 3.00745e-08, 5.98715e-08, 0, 0, 0.0288948, 9.62424e-07, 2.02667e-07, 1.16384, 0.926748, 3.08029e-06, 253.424
4688, 0.308745, 0.0210565, 0.00794521, 0, 2.92543e-08, 5.82207e-08, 0, 0, 0.0290018, 9.47924e-07, 1.9714e-07, 1.17524, 0.926752, 3.06826e-06, 253.469
4689, 0.294939, 0.0216964, 0.00813913, 0, 2.67596e-08, 5.32313e-08, 0, 0, 0.0298356, 8.95105e-07, 1.79658e-07, 1.22099, 0.926756, 3.027e-06, 254.032
4690, 0.259281, 0.0236622, 0.00868263, 0, 2.17585e-08, 4.32343e-08, 0, 0, 0.0323449, 7.78533e-07, 1.44547e-07, 1.34984, 0.92676, 2.97696e-06, 255.71
4691, 0.220259, 0.025814, 0.00926563, 0, 1.66688e-08, 3.30144e-08, 0, 0, 0.0350797, 6.57487e-07, 1.08871e-07, 1.51295, 0.926764, 2.94475e-06, 257.42
4692, 0.225584, 0.0251544, 0.00911885, 0, 1.70399e-08, 3.36051e-08, 0, 0, 0.0342733, 6.81377e-07, 1.1108e-07, 1.48906, 0.926768, 2.98451e-06, 256.887
4693, 0.254363, 0.0230698, 0.00859328, 0, 2.0436e-08, 4.02378e-08, 0, 0, 0.0316632, 7.79204e-07, 1.3456e-07, 1.36899, 0.926772, 3.04669e-06, 255.162
4694, 0.252606, 0.0228015, 0.00857466, 0, 2.00346e-08, 3.94182e-08, 0, 0, 0.0313762, 7.73378e-07, 1.32031e-07, 1.37592, 0.926776, 3.049e-06, 254.937
4695, 0.21625, 0.0244401, 0.00913825, 0, 1.5129e-08, 2.96548e-08, 0, 0, 0.0335784, 6.55826e-07, 9.80544e-08, 1.53132, 0.92678, 3.01101e-06, 256.352
4696, 0.190767, 0.0255397, 0.0095253, 0, 1.15633e-08, 2.24322e-08, 0, 0, 0.0350651, 5.7468e-07, 7.27425e-08, 1.6567, 0.926784, 2.98876e-06, 257.252
4697, 0.20304, 0.0247418, 0.00926689, 0, 1.27678e-08, 2.4517e-08, 0, 0, 0.0340087, 6.11802e-07, 7.97721e-08, 1.59435, 0.926788, 3.00011e-06, 256.561
4698, 0.215548, 0.0241785, 0.00900558, 0, 1.43734e-08, 2.73188e-08, 0, 0, 0.0331841, 6.42682e-07, 8.9694e-08, 1.53457, 0.926792, 2.98201e-06, 256.003
4699, 0.196474, 0.0257517, 0.00931473, 0, 1.27793e-08, 2.39979e-08, 0, 0, 0.0350665, 5.77152e-07, 7.86268e-08, 1.62723, 0.926796, 2.9438e-06, 257.158
4700, 0.176369, 0.0271431, 0.00963083, 0, 1.11728e-08, 2.07147e-08, 0, 0, 0.0367739, 5.22678e-07, 6.75025e-08, 1.73518, 0.9268, 2.964e-06, 258.157
4701, 0.195744, 0.0254434, 0.009227, 0, 1.33908e-08, 2.47133e-08, 0, 0, 0.0346704, 5.88113e-07, 8.14095e-08, 1.63095, 0.926804, 3.00426e-06, 256.849
4702, 0.225, 0.0231569, 0.00866374, 0, 1.65277e-08, 3.06137e-08, 0, 0, 0.0318207, 6.73664e-07, 1.02e-07, 1.49166, 0.926808, 3.00146e-06, 254.982
4703, 0.231175, 0.0226041, 0.00851715, 0, 1.71004e-08, 3.17443e-08, 0, 0, 0.0311213, 6.87722e-07, 1.05886e-07, 1.46458, 0.926812, 2.97393e-06, 254.479
4704, 0.216781, 0.0238506, 0.00874248, 0, 1.54901e-08, 2.88262e-08, 0, 0, 0.0325932, 6.45633e-07, 9.52917e-08, 1.52887, 0.926816, 2.97266e-06, 255.429
4705, 0.178179, 0.0275522, 0.00931557, 0, 1.16639e-08, 2.17004e-08, 0, 0, 0.0368678, 5.34003e-07, 7.01048e-08, 1.72496, 0.92682, 2.99913e-06, 258.054
4706, 0.134242, 0.0318718, 0.00999517, 0, 7.29419e-09, 1.35607e-08, 0, 0, 0.041867, 4.02911e-07, 4.14854e-08, 2.00811, 0.926824, 3.01211e-06, 260.821
4707, 0.119998, 0.0328808, 0.010361, 0, 5.61365e-09, 1.05046e-08, 0, 0, 0.0432418, 3.57417e-07, 3.0608e-08, 2.12028, 0.926828, 2.98014e-06, 261.51
4708, 0.123242, 0.0318435, 0.0104536, 0, 5.82686e-09, 1.08824e-08, 0, 0, 0.0422971, 3.6626e-07, 3.23594e-08, 2.09361, 0.926832, 2.94218e-06, 260.985
4709, 0.136242, 0.0301262, 0.0102474, 0, 7.02068e-09, 1.30081e-08, 0, 0, 0.0403736, 4.10247e-07, 4.00979e-08, 1.99332, 0.926836, 2.96429e-06, 259.92
4710, 0.161883, 0.0274314, 0.00975163, 0, 8.96952e-09, 1.65438e-08, 0, 0, 0.037183, 4.87558e-07, 5.19313e-08, 1.82088, 0.92684, 2.99018e-06, 258.081
4711, 0.182578, 0.0255958, 0.0093725, 0, 1.04945e-08, 1.93007e-08, 0, 0, 0.0349684, 5.4164e-07, 6.11497e-08, 1.70058, 0.926844, 2.96575e-06, 256.717
4712, 0.188252, 0.0252301, 0.00925165, 0, 1.10216e-08, 2.01176e-08, 0, 0, 0.0344818, 5.52321e-07, 6.41793e-08, 1.66997, 0.926848, 2.93696e-06, 256.384
4713, 0.175563, 0.0265711, 0.00949298, 0, 9.95706e-09, 1.8063e-08, 0, 0, 0.0360641, 5.13437e-07, 5.70504e-08, 1.73976, 0.926852, 2.92131e-06, 257.322
4714, 0.162981, 0.0280715, 0.00978677, 0, 8.89892e-09, 1.61933e-08, 0, 0, 0.0378583, 4.79174e-07, 5.0415e-08, 1.81412, 0.926856, 2.92522e-06, 258.347
4715, 0.168929, 0.0270485, 0.00959895, 0, 9.47277e-09, 1.69943e-08, 0, 0, 0.0366475, 5.04583e-07, 5.37166e-08, 1.77827, 0.92686, 2.96927e-06, 257.607
4716, 0.171159, 0.0261175, 0.00944618, 0, 9.68832e-09, 1.70076e-08, 0, 0, 0.0355637, 5.1617e-07, 5.46215e-08, 1.76516, 0.926864, 2.9986e-06, 256.924
4717, 0.153064, 0.0279257, 0.00983344, 0, 8.23898e-09, 1.44677e-08, 0, 0, 0.0377591, 4.57821e-07, 4.63242e-08, 1.8769, 0.926868, 2.956e-06, 258.195
4718, 0.147356, 0.0286832, 0.00999025, 0, 7.79212e-09, 1.39104e-08, 0, 0, 0.0386735, 4.28069e-07, 4.46294e-08, 1.9149, 0.926872, 2.87086e-06, 258.688
4719, 0.178501, 0.0261044, 0.00943355, 0, 1.06131e-08, 1.9245e-08, 0, 0, 0.0355379, 5.13805e-07, 6.31451e-08, 1.72316, 0.926876, 2.84746e-06, 256.814
4720, 0.210248, 0.0237771, 0.00890816, 0, 1.38073e-08, 2.53066e-08, 0, 0, 0.0326853, 6.15752e-07, 8.41638e-08, 1.55947, 0.92688, 2.9096e-06, 254.985
4721, 0.216313, 0.0232132, 0.00879149, 0, 1.45135e-08, 2.65568e-08, 0, 0, 0.0320048, 6.444e-07, 8.85574e-08, 1.53103, 0.926884, 2.97765e-06, 254.506
4722, 0.216819, 0.0232396, 0.00879976, 0, 1.46488e-08, 2.68229e-08, 0, 0, 0.0320394, 6.50108e-07, 8.93212e-08, 1.52869, 0.926888, 3.00336e-06, 254.497
4723, 0.221321, 0.0235782, 0.008861, 0, 1.52328e-08, 2.82951e-08, 0, 0, 0.0324392, 6.63465e-07, 9.38484e-08, 1.50814, 0.926892, 3.00031e-06, 254.73
4724, 0.207597, 0.0251581, 0.00923047, 0, 1.3601e-08, 2.54681e-08, 0, 0, 0.0343886, 6.1957e-07, 8.31419e-08, 1.57215, 0.926896, 2.98367e-06, 255.948
4725, 0.171415, 0.0286089, 0.0099204, 0, 9.73476e-09, 1.83213e-08, 0, 0, 0.0385293, 5.05942e-07, 5.75365e-08, 1.76367, 0.9269, 2.9419e-06, 258.385
4726, 0.125956, 0.034063, 0.0104367, 0, 5.9622e-09, 1.14305e-08, 0, 0, 0.0444997, 3.64317e-07, 3.39631e-08, 2.07182, 0.926904, 2.88261e-06, 261.551
4727, 0.0790512, 0.0413578, 0.0101478, 0, 3.04494e-09, 6.01586e-09, 0, 0, 0.0515057, 2.26989e-07, 1.66262e-08, 2.53766, 0.926908, 2.89887e-06, 264.847
4728, 0.0549595, 0.0466042, 0.00944915, 0, 1.90475e-09, 3.9709e-09, 0, 0, 0.0560533, 1.60713e-07, 1.01612e-08, 2.90116, 0.926912, 2.95571e-06, 266.779
4729, 0.0804307, 0.0443286, 0.0095142, 0, 3.9831e-09, 8.3785e-09, 0, 0, 0.0538428, 2.38717e-07, 2.37318e-08, 2.52036, 0.926916, 2.9642e-06, 265.81
4730, 0.150248, 0.036062, 0.00973593, 0, 9.58113e-09, 1.97385e-08, 0, 0, 0.045798, 4.50027e-07, 6.04636e-08, 1.89547, 0.92692, 2.97204e-06, 262.073
4731, 0.219522, 0.0284984, 0.00945164, 0, 1.58145e-08, 3.21058e-08, 0, 0, 0.0379501, 6.56e-07, 1.02864e-07, 1.5163, 0.926924, 2.98329e-06, 257.865
4732, 0.260769, 0.0248229, 0.00904549, 0, 2.00983e-08, 4.05438e-08, 0, 0, 0.0338684, 7.63865e-07, 1.33663e-07, 1.34412, 0.926928, 2.93829e-06, 255.369
4733, 0.280733, 0.0237464, 0.00882473, 0, 2.23873e-08, 4.51627e-08, 0, 0, 0.0325711, 8.01381e-07, 1.50935e-07, 1.27035, 0.926932, 2.86205e-06, 254.503
4734, 0.271617, 0.0246945, 0.00903569, 0, 2.14295e-08, 4.32924e-08, 0, 0, 0.0337302, 7.68715e-07, 1.44595e-07, 1.30336, 0.926936, 2.83479e-06, 255.219
4735, 0.231459, 0.0275938, 0.00968412, 0, 1.73933e-08, 3.51636e-08, 0, 0, 0.037278, 6.67919e-07, 1.16098e-07, 1.46335, 0.92694, 2.87679e-06, 257.349
4736, 0.210386, 0.0289849, 0.009985, 0, 1.55293e-08, 3.133e-08, 0, 0, 0.0389699, 6.25864e-07, 1.02752e-07, 1.55881, 0.926944, 2.93375e-06, 258.289
4737, 0.232288, 0.0267227, 0.00952701, 0, 1.76543e-08, 3.53206e-08, 0, 0, 0.0362497, 6.96143e-07, 1.1699e-07, 1.45978, 0.926948, 2.96434e-06, 256.678
4738, 0.241906, 0.0245401, 0.00911499, 0, 1.77181e-08, 3.48138e-08, 0, 0, 0.0336552, 7.15936e-07, 1.16119e-07, 1.41921, 0.926952, 2.94425e-06, 255.046
4739, 0.231248, 0.02384, 0.00898683, 0, 1.56091e-08, 2.98228e-08, 0, 0, 0.0328269, 6.72067e-07, 9.9766e-08, 1.46426, 0.926956, 2.90009e-06, 254.482
4740, 0.225278, 0.0235369, 0.00890169, 0, 1.4525e-08, 2.7139e-08, 0, 0, 0.0324386, 6.46704e-07, 9.10836e-08, 1.49042, 0.92696, 2.86729e-06, 254.198
4741, 0.220809, 0.0236312, 0.00893731, 0, 1.39309e-08, 2.57708e-08, 0, 0, 0.0325686, 6.33488e-07, 8.6396e-08, 1.51046, 0.926964, 2.86237e-06, 254.252
4742, 0.215966, 0.0241226, 0.00907019, 0, 1.35322e-08, 2.50858e-08, 0, 0, 0.0331928, 6.25266e-07, 8.36972e-08, 1.53263, 0.926968, 2.88608e-06, 254.626
4743, 0.205165, 0.0255619, 0.00931653, 0, 1.2834e-08, 2.40263e-08, 0, 0, 0.0348785, 6.02597e-07, 7.95654e-08, 1.58394, 0.926972, 2.92584e-06, 255.657
4744, 0.171253, 0.029366, 0.00993911, 0, 1.01336e-08, 1.91934e-08, 0, 0, 0.0393052, 5.07763e-07, 6.24341e-08, 1.76462, 0.926976, 2.93153e-06, 258.227
4745, 0.136139, 0.0329825, 0.0105978, 0, 7.07865e-09, 1.36202e-08, 0, 0, 0.0435803, 4.00238e-07, 4.29735e-08, 1.99408, 0.92698, 2.88754e-06, 260.486
4746, 0.134298, 0.0332676, 0.0107207, 0, 6.52277e-09, 1.2715e-08, 0, 0, 0.0439883, 3.90328e-07, 3.92015e-08, 2.00769, 0.926984, 2.87973e-06, 260.663
4747, 0.136808, 0.0338071, 0.0107577, 0, 6.5008e-09, 1.28076e-08, 0, 0, 0.0445648, 3.95811e-07, 3.85509e-08, 1.98917, 0.926988, 2.90286e-06, 260.924
4748, 0.139542, 0.0340181, 0.0108269, 0, 6.55656e-09, 1.30326e-08, 0, 0, 0.044845, 4.03165e-07, 3.86118e-08, 1.96939, 0.926992, 2.91236e-06, 261.033
4749, 0.168985, 0.0308496, 0.0103986, 0, 9.02172e-09, 1.77942e-08, 0, 0, 0.0412482, 4.87905e-07, 5.53337e-08, 1.77795, 0.926996, 2.91021e-06, 259.136
4750, 0.21201, 0.0266807, 0.00960582, 0, 1.31549e-08, 2.57797e-08, 0, 0, 0.0362866, 6.05395e-07, 8.44596e-08, 1.55112, 0.927, 2.87503e-06, 256.295
4751, 0.239673, 0.0244344, 0.0091061, 0, 1.60105e-08, 3.14083e-08, 0, 0, 0.0335406, 6.80048e-07, 1.05114e-07, 1.42848, 0.927004, 2.84583e-06, 254.568
4752, 0.241903, 0.0243628, 0.00911179, 0, 1.64118e-08, 3.22569e-08, 0, 0, 0.0334746, 6.93191e-07, 1.08176e-07, 1.41922, 0.927008, 2.86997e-06, 254.495
4753, 0.220172, 0.0261326, 0.00953518, 0, 1.46e-08, 2.86862e-08, 0, 0, 0.0356678, 6.41435e-07, 9.54737e-08, 1.51334, 0.927012, 2.90442e-06, 255.829
4754, 0.186598, 0.0288662, 0.0101463, 0, 1.15723e-08, 2.26455e-08, 0, 0, 0.0390125, 5.44939e-07, 7.42752e-08, 1.6788, 0.927016, 2.88714e-06, 257.751
4755, 0.186633, 0.0289672, 0.0101751, 0, 1.14481e-08, 2.24054e-08, 0, 0, 0.0391424, 5.37446e-07, 7.33307e-08, 1.67861, 0.92702, 2.85358e-06, 257.792
4756, 0.221611, 0.0262757, 0.009572, 0, 1.47253e-08, 2.89173e-08, 0, 0, 0.0358478, 6.34361e-07, 9.61448e-08, 1.50683, 0.927024, 2.85531e-06, 255.845
4757, 0.244141, 0.0244415, 0.00912858, 0, 1.70345e-08, 3.34018e-08, 0, 0, 0.0335701, 7.01402e-07, 1.12079e-07, 1.41001, 0.927028, 2.87333e-06, 254.401
4758, 0.240152, 0.0245203, 0.0091109, 0, 1.65378e-08, 3.22696e-08, 0, 0, 0.0336312, 6.90514e-07, 1.07965e-07, 1.42648, 0.927032, 2.87079e-06, 254.409
4759, 0.216406, 0.0269828, 0.00944563, 0, 1.40421e-08, 2.7505e-08, 0, 0, 0.0364285, 6.21403e-07, 9.02647e-08, 1.5306, 0.927036, 2.8657e-06, 256.1
4760, 0.176112, 0.0322351, 0.00995023, 0, 1.0595e-08, 2.11214e-08, 0, 0, 0.0421854, 5.09275e-07, 6.67498e-08, 1.73663, 0.92704, 2.88929e-06, 259.292
4761, 0.151595, 0.0354136, 0.0102391, 0, 8.60066e-09, 1.73417e-08, 0, 0, 0.0456527, 4.42258e-07, 5.30438e-08, 1.88654, 0.927044, 2.9122e-06, 261.029
4762, 0.16713, 0.0327257, 0.010224, 0, 9.51601e-09, 1.89302e-08, 0, 0, 0.0429497, 4.83571e-07, 5.87455e-08, 1.78899, 0.927048, 2.88877e-06, 259.629
4763, 0.17679, 0.0302441, 0.0103433, 0, 1.00085e-08, 1.96615e-08, 0, 0, 0.0405875, 5.04164e-07, 6.23172e-08, 1.7328, 0.927052, 2.83074e-06, 258.342
4764, 0.178057, 0.0299028, 0.0104557, 0, 1.0346e-08, 2.03461e-08, 0, 0, 0.0403585, 5.07423e-07, 6.54483e-08, 1.72565, 0.927056, 2.81764e-06, 258.186
4765, 0.20158, 0.0283325, 0.0100628, 0, 1.26158e-08, 2.4935e-08, 0, 0, 0.0383953, 5.74193e-07, 8.12981e-08, 1.60157, 0.92706, 2.8327e-06, 257.059
4766, 0.211626, 0.0281882, 0.00975744, 0, 1.34999e-08, 2.67779e-08, 0, 0, 0.0379457, 6.01204e-07, 8.71934e-08, 1.55294, 0.927064, 2.83805e-06, 256.771
4767, 0.182226, 0.0320798, 0.00994959, 0, 1.11643e-08, 2.22997e-08, 0, 0, 0.0420295, 5.2108e-07, 7.11204e-08, 1.70251, 0.927068, 2.84837e-06, 258.992
4768, 0.16417, 0.034414, 0.0100842, 0, 9.98236e-09, 1.9979e-08, 0, 0, 0.0444982, 4.73141e-07, 6.30063e-08, 1.80685, 0.927072, 2.85577e-06, 260.236
4769, 0.196332, 0.0307471, 0.00980907, 0, 1.29607e-08, 2.5723e-08, 0, 0, 0.0405562, 5.6398e-07, 8.32727e-08, 1.62795, 0.927076, 2.85464e-06, 258.139
4770, 0.231735, 0.0266384, 0.00948087, 0, 1.59785e-08, 3.15014e-08, 0, 0, 0.0361193, 6.60835e-07, 1.03941e-07, 1.46216, 0.92708, 2.84644e-06, 255.575
4771, 0.236257, 0.0258215, 0.00949487, 0, 1.61429e-08, 3.17599e-08, 0, 0, 0.0353164, 6.74448e-07, 1.04974e-07, 1.44284, 0.927084, 2.85352e-06, 255.058
4772, 0.212389, 0.0276402, 0.00998517, 0, 1.35899e-08, 2.6824e-08, 0, 0, 0.0376255, 6.09535e-07, 8.73242e-08, 1.54934, 0.927088, 2.85657e-06, 256.4
4773, 0.179592, 0.030277, 0.0106461, 0, 1.02117e-08, 2.02953e-08, 0, 0, 0.0409232, 5.14437e-07, 6.45364e-08, 1.71707, 0.927092, 2.82867e-06, 258.215
4774, 0.171749, 0.030879, 0.0108499, 0, 9.17411e-09, 1.84189e-08, 0, 0, 0.0417289, 4.89401e-07, 5.82113e-08, 1.76172, 0.927096, 2.81411e-06, 258.616
4775, 0.170423, 0.0306108, 0.0109034, 0, 8.75163e-09, 1.76527e-08, 0, 0, 0.0415142, 4.82689e-07, 5.57872e-08, 1.76947, 0.9271, 2.81758e-06, 258.47
4776, 0.147789, 0.0320729, 0.0113152, 0, 6.96217e-09, 1.40008e-08, 0, 0, 0.0433881, 4.19476e-07, 4.37266e-08, 1.91197, 0.927104, 2.82212e-06, 259.422
4777, 0.1468, 0.0322239, 0.0112795, 0, 7.40996e-09, 1.47002e-08, 0, 0, 0.0435035, 4.18831e-07, 4.63709e-08, 1.91868, 0.927108, 2.82323e-06, 259.45
4778, 0.187713, 0.0294281, 0.0104953, 0, 1.13308e-08, 2.24314e-08, 0, 0, 0.0399234, 5.32777e-07, 7.25039e-08, 1.67284, 0.927112, 2.826e-06, 257.514
4779, 0.222751, 0.0272831, 0.00992277, 0, 1.44202e-08, 2.87724e-08, 0, 0, 0.0372059, 6.2644e-07, 9.36739e-08, 1.5017, 0.927116, 2.81402e-06, 255.94
4780, 0.226747, 0.0271813, 0.00989438, 0, 1.44015e-08, 2.89142e-08, 0, 0, 0.0370757, 6.33421e-07, 9.36472e-08, 1.48392, 0.92712, 2.79182e-06, 255.833
4781, 0.211047, 0.028803, 0.0101588, 0, 1.27801e-08, 2.58318e-08, 0, 0, 0.0389618, 5.92199e-07, 8.21713e-08, 1.55567, 0.927124, 2.79984e-06, 256.886
4782, 0.169735, 0.0339675, 0.0104968, 0, 9.71475e-09, 1.98482e-08, 0, 0, 0.0444644, 4.83234e-07, 6.1326e-08, 1.77351, 0.927128, 2.83037e-06, 259.785
4783, 0.0979082, 0.0443393, 0.010052, 0, 5.01757e-09, 1.03492e-08, 0, 0, 0.0543913, 2.81516e-07, 3.08581e-08, 2.32373, 0.927132, 2.83426e-06, 264.354
4784, 0.0422487, 0.054668, 0.00857041, 0, 1.74977e-09, 3.65753e-09, 0, 0, 0.0632384, 1.19554e-07, 1.03057e-08, 3.16418, 0.927136, 2.8263e-06, 267.871
4785, 0.0482407, 0.0547515, 0.00838002, 0, 1.97004e-09, 4.20591e-09, 0, 0, 0.0631315, 1.28774e-07, 1.15998e-08, 3.03155, 0.92714, 2.79456e-06, 267.8
4786, 0.107713, 0.0445428, 0.0097853, 0, 5.07445e-09, 1.06959e-08, 0, 0, 0.0543281, 2.8732e-07, 3.08839e-08, 2.22828, 0.927144, 2.73735e-06, 264.234
4787, 0.163242, 0.0349568, 0.0106303, 0, 8.27454e-09, 1.71137e-08, 0, 0, 0.0455872, 4.44203e-07, 5.11211e-08, 1.81252, 0.927148, 2.73906e-06, 260.191
4788, 0.18035, 0.0317592, 0.0106871, 0, 9.5268e-09, 1.94099e-08, 0, 0, 0.0424463, 5.04679e-07, 5.9103e-08, 1.71286, 0.927152, 2.80631e-06, 258.562
4789, 0.163867, 0.0348006, 0.0105059, 0, 8.77746e-09, 1.79734e-08, 0, 0, 0.0453065, 4.6858e-07, 5.44186e-08, 1.8087, 0.927156, 2.86305e-06, 259.991
4790, 0.121138, 0.0416432, 0.0103045, 0, 6.1164e-09, 1.27355e-08, 0, 0, 0.0519478, 3.48861e-07, 3.74812e-08, 2.11083, 0.92716, 2.87312e-06, 263.074
4791, 0.107897, 0.0431629, 0.0104524, 0, 5.22955e-09, 1.08769e-08, 0, 0, 0.0536153, 3.0731e-07, 3.20168e-08, 2.22658, 0.927164, 2.84691e-06, 263.773
4792, 0.143797, 0.0373996, 0.0108597, 0, 7.56958e-09, 1.54945e-08, 0, 0, 0.0482594, 4.02082e-07, 4.75446e-08, 1.93935, 0.927168, 2.79561e-06, 261.327
4793, 0.177125, 0.0324043, 0.0109405, 0, 9.81359e-09, 1.97738e-08, 0, 0, 0.0433448, 4.8523e-07, 6.24968e-08, 1.7309, 0.927172, 2.73017e-06, 258.876
4794, 0.197655, 0.0299167, 0.0106953, 0, 1.14165e-08, 2.27301e-08, 0, 0, 0.0406121, 5.34246e-07, 7.34581e-08, 1.62123, 0.927176, 2.70164e-06, 257.399
4795, 0.215541, 0.0285184, 0.0104241, 0, 1.32849e-08, 2.64306e-08, 0, 0, 0.0389425, 5.87137e-07, 8.66317e-08, 1.5346, 0.92718, 2.7275e-06, 256.445
4796, 0.237078, 0.0272431, 0.010062, 0, 1.58814e-08, 3.16916e-08, 0, 0, 0.0373051, 6.57869e-07, 1.05204e-07, 1.43936, 0.927184, 2.77245e-06, 255.477
4797, 0.249883, 0.0264511, 0.00982179, 0, 1.7606e-08, 3.5172e-08, 0, 0, 0.036273, 7.05346e-07, 1.17768e-07, 1.38676, 0.927188, 2.82109e-06, 254.837
4798, 0.236775, 0.0270085, 0.0100323, 0, 1.62898e-08, 3.23718e-08, 0, 0, 0.0370408, 6.76517e-07, 1.08178e-07, 1.44065, 0.927192, 2.86105e-06, 255.261
4799, 0.223442, 0.0275312, 0.0102207, 0, 1.44965e-08, 2.85945e-08, 0, 0, 0.0377519, 6.36635e-07, 9.49405e-08, 1.49861, 0.927196, 2.8572e-06, 255.644
4800, 0.233458, 0.0271685, 0.0100537, 0, 1.51782e-08, 3.01964e-08, 0, 0, 0.0372222, 6.51025e-07, 1.00484e-07, 1.45475, 0.9272, 2.79838e-06, 255.306
4801, 0.226172, 0.0285034, 0.0102253, 0, 1.45634e-08, 2.92821e-08, 0, 0, 0.0387288, 6.16544e-07, 9.72779e-08, 1.48646, 0.927204, 2.72684e-06, 256.141
4802, 0.17459, 0.0335551, 0.0109938, 0, 1.01587e-08, 2.05074e-08, 0, 0, 0.0445489, 4.71262e-07, 6.67342e-08, 1.74531, 0.927208, 2.69561e-06, 259.213
4803, 0.136241, 0.0382027, 0.0114311, 0, 7.1511e-09, 1.46401e-08, 0, 0, 0.0496337, 3.72118e-07, 4.57126e-08, 1.99333, 0.927212, 2.71748e-06, 261.629
4804, 0.159757, 0.0363318, 0.0111197, 0, 8.93156e-09, 1.84279e-08, 0, 0, 0.0474515, 4.41362e-07, 5.76964e-08, 1.8341, 0.927216, 2.75415e-06, 260.575
4805, 0.192087, 0.0317955, 0.0108401, 0, 1.09451e-08, 2.22838e-08, 0, 0, 0.0426357, 5.31236e-07, 7.10759e-08, 1.64981, 0.92722, 2.77453e-06, 258.14
4806, 0.202743, 0.0298599, 0.0108279, 0, 1.14864e-08, 2.32433e-08, 0, 0, 0.0406878, 5.63129e-07, 7.48276e-08, 1.59582, 0.927224, 2.78899e-06, 257.073
4807, 0.213003, 0.029446, 0.0107647, 0, 1.22865e-08, 2.51517e-08, 0, 0, 0.0402108, 5.92049e-07, 8.09074e-08, 1.54645, 0.927228, 2.78423e-06, 256.783
4808, 0.204867, 0.0304759, 0.0109613, 0, 1.14961e-08, 2.37597e-08, 0, 0, 0.0414372, 5.69496e-07, 7.56935e-08, 1.5854, 0.927232, 2.77707e-06, 257.416
4809, 0.160332, 0.0343881, 0.0115699, 0, 7.91696e-09, 1.63597e-08, 0, 0, 0.045958, 4.44985e-07, 5.11063e-08, 1.83051, 0.927236, 2.76774e-06, 259.699
4810, 0.0971167, 0.041526, 0.0120414, 0, 3.72697e-09, 7.65564e-09, 0, 0, 0.0535674, 2.68256e-07, 2.29541e-08, 2.33184, 0.92724, 2.76544e-06, 263.168
4811, 0.0452128, 0.0485974, 0.0122808, 0, 1.20303e-09, 2.46482e-09, 0, 0, 0.0608782, 1.25058e-07, 6.87079e-09, 3.09638, 0.927244, 2.7838e-06, 266.133
4812, 0.0174822, 0.0524967, 0.0125461, 0, 2.73302e-10, 5.56853e-10, 0, 0, 0.0650428, 4.89677e-08, 1.39886e-09, 4.04657, 0.927248, 2.76647e-06, 267.679
4813, 0.00768791, 0.0554531, 0.0121259, 0, 1.01014e-10, 1.9831e-10, 0, 0, 0.067579, 2.17794e-08, 5.01523e-10, 4.86811, 0.927252, 2.69846e-06, 268.568
4814, 0.0160559, 0.0563652, 0.011315, 0, 5.27915e-10, 1.05273e-09, 0, 0, 0.0676803, 4.53765e-08, 3.05436e-09, 4.13168, 0.927256, 2.68477e-06, 268.573
4815, 0.0593589, 0.0502591, 0.011276, 0, 2.44148e-09, 4.92363e-09, 0, 0, 0.0615352, 1.6682e-07, 1.47405e-08, 2.82415, 0.92726, 2.7468e-06, 266.265
4816, 0.132435, 0.039754, 0.0114839, 0, 6.29968e-09, 1.28275e-08, 0, 0, 0.051238, 3.70681e-07, 3.94343e-08, 2.02166, 0.927264, 2.79267e-06, 261.959
4817, 0.192193, 0.032666, 0.0112116, 0, 1.02913e-08, 2.11053e-08, 0, 0, 0.0438776, 5.37046e-07, 6.61741e-08, 1.64926, 0.927268, 2.79919e-06, 258.415
4818, 0.212255, 0.0310377, 0.0109642, 0, 1.19513e-08, 2.46258e-08, 0, 0, 0.042002, 5.88638e-07, 7.75346e-08, 1.54997, 0.927272, 2.7765e-06, 257.411
4819, 0.189333, 0.0344754, 0.0109757, 0, 1.02204e-08, 2.12327e-08, 0, 0, 0.0454511, 5.1806e-07, 6.55777e-08, 1.66425, 0.927276, 2.74183e-06, 259.144
4820, 0.129904, 0.0430389, 0.0107716, 0, 6.23574e-09, 1.31477e-08, 0, 0, 0.0538105, 3.54822e-07, 3.87994e-08, 2.04096, 0.92728, 2.74659e-06, 262.967
4821, 0.0811454, 0.0497195, 0.0106009, 0, 3.21152e-09, 6.84289e-09, 0, 0, 0.0603204, 2.24639e-07, 1.88361e-08, 2.51151, 0.927284, 2.77661e-06, 265.609
4822, 0.0928798, 0.0465083, 0.0112743, 0, 3.58193e-09, 7.57831e-09, 0, 0, 0.0577826, 2.55757e-07, 2.10053e-08, 2.37645, 0.927288, 2.77051e-06, 264.566
4823, 0.135534, 0.0397133, 0.0119222, 0, 5.80327e-09, 1.232e-08, 0, 0, 0.0516355, 3.62899e-07, 3.56383e-08, 1.99853, 0.927292, 2.69751e-06, 261.923
4824, 0.151421, 0.037677, 0.0121133, 0, 6.74946e-09, 1.43512e-08, 0, 0, 0.0497903, 3.99235e-07, 4.20215e-08, 1.88769, 0.927296, 2.65417e-06, 261.059
4825, 0.143284, 0.0383256, 0.0122536, 0, 6.55875e-09, 1.37498e-08, 0, 0, 0.0505792, 3.8561e-07, 4.06637e-08, 1.94293, 0.9273, 2.70834e-06, 261.388
4826, 0.165211, 0.03583, 0.0119116, 0, 8.75905e-09, 1.80902e-08, 0, 0, 0.0477416, 4.55756e-07, 5.63417e-08, 1.80053, 0.927304, 2.76373e-06, 260.041
4827, 0.211929, 0.0315198, 0.0111337, 0, 1.26707e-08, 2.61617e-08, 0, 0, 0.0426536, 5.80408e-07, 8.45792e-08, 1.5515, 0.927308, 2.74821e-06, 257.48
4828, 0.225663, 0.0300347, 0.0108684, 0, 1.37457e-08, 2.82641e-08, 0, 0, 0.0409032, 6.12131e-07, 9.24995e-08, 1.48871, 0.927312, 2.72408e-06, 256.521
4829, 0.204938, 0.0312735, 0.0112498, 0, 1.20298e-08, 2.45183e-08, 0, 0, 0.0425233, 5.60793e-07, 7.99621e-08, 1.58505, 0.927316, 2.75465e-06, 257.351
4830, 0.204519, 0.031424, 0.0113078, 0, 1.20469e-08, 2.46083e-08, 0, 0, 0.0427318, 5.65354e-07, 8.00114e-08, 1.58709, 0.92732, 2.77903e-06, 257.43
4831, 0.223768, 0.030392, 0.0109957, 0, 1.36817e-08, 2.81775e-08, 0, 0, 0.0413877, 6.14605e-07, 9.20449e-08, 1.49714, 0.927324, 2.75661e-06, 256.691
4832, 0.209697, 0.0317131, 0.0112842, 0, 1.2484e-08, 2.57313e-08, 0, 0, 0.0429973, 5.70329e-07, 8.37605e-08, 1.56209, 0.927328, 2.72117e-06, 257.507
4833, 0.178001, 0.0342056, 0.0119098, 0, 9.64378e-09, 1.98851e-08, 0, 0, 0.0461154, 4.77683e-07, 6.3692e-08, 1.72597, 0.927332, 2.676e-06, 259.046
4834, 0.187727, 0.0337092, 0.0117783, 0, 1.03456e-08, 2.15399e-08, 0, 0, 0.0454876, 5.03082e-07, 6.86646e-08, 1.67276, 0.927336, 2.66166e-06, 258.707
4835, 0.206975, 0.0327221, 0.0114466, 0, 1.22628e-08, 2.56331e-08, 0, 0, 0.0441688, 5.64804e-07, 8.18519e-08, 1.57516, 0.92734, 2.71692e-06, 258.017
4836, 0.181982, 0.0350405, 0.0118883, 0, 1.02529e-08, 2.14264e-08, 0, 0, 0.0469289, 5.00948e-07, 6.71754e-08, 1.70385, 0.927344, 2.7555e-06, 259.349
4837, 0.156334, 0.0374281, 0.0123451, 0, 7.59267e-09, 1.60404e-08, 0, 0, 0.0497732, 4.25992e-07, 4.78246e-08, 1.85576, 0.927348, 2.73935e-06, 260.656
4838, 0.154461, 0.0389652, 0.0121266, 0, 7.09345e-09, 1.53561e-08, 0, 0, 0.0510918, 4.19692e-07, 4.36895e-08, 1.86781, 0.927352, 2.72955e-06, 261.225
4839, 0.123039, 0.0454881, 0.0112487, 0, 5.45606e-09, 1.20368e-08, 0, 0, 0.0567368, 3.37168e-07, 3.29775e-08, 2.09525, 0.927356, 2.74373e-06, 263.621
4840, 0.0613372, 0.0568547, 0.00949026, 0, 2.43406e-09, 5.45652e-09, 0, 0, 0.0663449, 1.69217e-07, 1.42088e-08, 2.79137, 0.92736, 2.74824e-06, 267.299
4841, 0.0194492, 0.0650525, 0.00795876, 0, 5.82311e-10, 1.33452e-09, 0, 0, 0.0730113, 5.34279e-08, 3.19658e-09, 3.93995, 0.927364, 2.73918e-06, 269.59
4842, 0.00715237, 0.0684283, 0.00693991, 0, 1.19366e-10, 2.85968e-10, 0, 0, 0.0753683, 1.92804e-08, 5.73971e-10, 4.94031, 0.927368, 2.71736e-06, 270.339
4843, 0.0132197, 0.0677353, 0.00685437, 0, 3.82961e-10, 8.72525e-10, 0, 0, 0.0745896, 3.60775e-08, 2.10284e-09, 4.32605, 0.927372, 2.66282e-06, 270.053
4844, 0.0489472, 0.0593065, 0.00910657, 0, 1.8971e-09, 4.24257e-09, 0, 0, 0.0684131, 1.34305e-07, 1.10479e-08, 3.01701, 0.927376, 2.62977e-06, 267.917
4845, 0.112992, 0.0472273, 0.0114085, 0, 5.05824e-09, 1.11653e-08, 0, 0, 0.0586358, 3.09482e-07, 3.04952e-08, 2.18044, 0.92738, 2.6724e-06, 264.211
4846, 0.155957, 0.0401367, 0.0122151, 0, 7.4417e-09, 1.62157e-08, 0, 0, 0.0523517, 4.23575e-07, 4.57582e-08, 1.85817, 0.927384, 2.6912e-06, 261.543
4847, 0.152228, 0.0394093, 0.0125301, 0, 7.18921e-09, 1.54488e-08, 0, 0, 0.0519394, 4.07413e-07, 4.46484e-08, 1.88238, 0.927388, 2.65089e-06, 261.331
4848, 0.157921, 0.0386111, 0.0124406, 0, 7.75384e-09, 1.64913e-08, 0, 0, 0.0510517, 4.18627e-07, 4.93364e-08, 1.84566, 0.927392, 2.62733e-06, 260.904
4849, 0.188237, 0.0359912, 0.011981, 0, 1.00536e-08, 2.13642e-08, 0, 0, 0.0479723, 5.00998e-07, 6.53144e-08, 1.67005, 0.927396, 2.65271e-06, 259.455
4850, 0.177073, 0.0374263, 0.012063, 0, 9.37343e-09, 1.99413e-08, 0, 0, 0.0494894, 4.75838e-07, 6.0664e-08, 1.73119, 0.9274, 2.70181e-06, 260.133
4851, 0.117227, 0.0444244, 0.0123951, 0, 5.35756e-09, 1.14389e-08, 0, 0, 0.0568196, 3.18699e-07, 3.3522e-08, 2.14364, 0.927404, 2.74053e-06, 263.292
4852, 0.0618617, 0.0535439, 0.0114881, 0, 2.05522e-09, 4.46031e-09, 0, 0, 0.065032, 1.69992e-07, 1.17507e-08, 2.78285, 0.927408, 2.73189e-06, 266.456
4853, 0.0337741, 0.0602114, 0.0100327, 0, 8.05021e-10, 1.79854e-09, 0, 0, 0.0702441, 9.22059e-08, 4.1035e-09, 3.38806, 0.927412, 2.67128e-06, 268.284
4854, 0.0420058, 0.0581467, 0.0105859, 0, 1.35691e-09, 2.95177e-09, 0, 0, 0.0687326, 1.1131e-07, 7.98787e-09, 3.16995, 0.927416, 2.62036e-06, 267.727
4855, 0.0972752, 0.0485346, 0.0119256, 0, 4.50186e-09, 9.635e-09, 0, 0, 0.0604603, 2.5481e-07, 2.87308e-08, 2.33021, 0.92742, 2.61829e-06, 264.631
4856, 0.172866, 0.0389478, 0.011997, 0, 9.3541e-09, 1.99289e-08, 0, 0, 0.0509449, 4.52033e-07, 6.14406e-08, 1.75524, 0.927424, 2.62869e-06, 260.616
4857, 0.203233, 0.0353472, 0.0118377, 0, 1.16072e-08, 2.4648e-08, 0, 0, 0.0471849, 5.38573e-07, 7.70281e-08, 1.5934, 0.927428, 2.66638e-06, 258.84
4858, 0.183848, 0.0367448, 0.0121637, 0, 1.04404e-08, 2.20652e-08, 0, 0, 0.0489086, 4.97506e-07, 6.9393e-08, 1.69364, 0.927432, 2.7236e-06, 259.624
4859, 0.191457, 0.0360666, 0.0120147, 0, 1.15312e-08, 2.42486e-08, 0, 0, 0.0480813, 5.22111e-07, 7.80189e-08, 1.65309, 0.927436, 2.74062e-06, 259.206
4860, 0.228313, 0.0330066, 0.0114131, 0, 1.49367e-08, 3.13727e-08, 0, 0, 0.0444198, 6.21252e-07, 1.02869e-07, 1.47704, 0.92744, 2.72958e-06, 257.391
4861, 0.222482, 0.0335121, 0.0115209, 0, 1.44504e-08, 3.03425e-08, 0, 0, 0.045033, 6.03469e-07, 9.96029e-08, 1.50291, 0.927444, 2.71972e-06, 257.668
4862, 0.19853, 0.0355477, 0.0119255, 0, 1.2216e-08, 2.56295e-08, 0, 0, 0.0474732, 5.3e-07, 8.38165e-08, 1.61681, 0.927448, 2.69071e-06, 258.828
4863, 0.221938, 0.033695, 0.0115425, 0, 1.40721e-08, 2.95259e-08, 0, 0, 0.0452376, 5.77537e-07, 9.76232e-08, 1.50536, 0.927452, 2.62881e-06, 257.71
4864, 0.244025, 0.0318865, 0.0111943, 0, 1.59061e-08, 3.34192e-08, 0, 0, 0.0430808, 6.29162e-07, 1.11211e-07, 1.41048, 0.927456, 2.57661e-06, 256.589
4865, 0.214905, 0.034228, 0.0117239, 0, 1.33574e-08, 2.81319e-08, 0, 0, 0.0459519, 5.58193e-07, 9.27714e-08, 1.53756, 0.92746, 2.56507e-06, 258.003
4866, 0.197275, 0.0357498, 0.0120586, 0, 1.19705e-08, 2.53118e-08, 0, 0, 0.0478085, 5.2629e-07, 8.23458e-08, 1.62316, 0.927464, 2.6146e-06, 258.867
4867, 0.224497, 0.033664, 0.0116303, 0, 1.45265e-08, 3.0813e-08, 0, 0, 0.0452943, 6.12454e-07, 1.00406e-07, 1.49389, 0.927468, 2.69449e-06, 257.619
4868, 0.229119, 0.0333548, 0.0115732, 0, 1.49214e-08, 3.16982e-08, 0, 0, 0.044928, 6.27035e-07, 1.03246e-07, 1.47351, 0.927472, 2.72626e-06, 257.407
4869, 0.199826, 0.0357986, 0.0120842, 0, 1.22146e-08, 2.59708e-08, 0, 0, 0.0478828, 5.41661e-07, 8.38914e-08, 1.61031, 0.927476, 2.70554e-06, 258.813
4870, 0.20323, 0.0356493, 0.0120372, 0, 1.2362e-08, 2.62818e-08, 0, 0, 0.0476865, 5.41303e-07, 8.50497e-08, 1.59342, 0.92748, 2.66778e-06, 258.69
4871, 0.233815, 0.0332544, 0.0115185, 0, 1.50049e-08, 3.18598e-08, 0, 0, 0.0447729, 6.16139e-07, 1.04361e-07, 1.45322, 0.927484, 2.64245e-06, 257.24
4872, 0.231628, 0.0333113, 0.0115614, 0, 1.49056e-08, 3.16051e-08, 0, 0, 0.0448727, 6.09268e-07, 1.04097e-07, 1.46262, 0.927488, 2.63972e-06, 257.26
4873, 0.21116, 0.0348462, 0.0119403, 0, 1.29802e-08, 2.75507e-08, 0, 0, 0.0467866, 5.5283e-07, 9.02923e-08, 1.55514, 0.927492, 2.63382e-06, 258.17
4874, 0.227397, 0.0336516, 0.0116823, 0, 1.42513e-08, 3.03139e-08, 0, 0, 0.045334, 5.90674e-07, 9.94519e-08, 1.48106, 0.927496, 2.61135e-06, 257.43
4875, 0.245634, 0.0322675, 0.0113824, 0, 1.5817e-08, 3.36618e-08, 0, 0, 0.04365, 6.34696e-07, 1.10992e-07, 1.40391, 0.9275, 2.58396e-06, 256.553
4876, 0.224582, 0.0338073, 0.0117733, 0, 1.38433e-08, 2.94705e-08, 0, 0, 0.0455806, 5.78769e-07, 9.68662e-08, 1.49352, 0.927504, 2.5685e-06, 257.492
4877, 0.216358, 0.0343486, 0.011916, 0, 1.32764e-08, 2.81979e-08, 0, 0, 0.0462647, 5.67938e-07, 9.26642e-08, 1.53082, 0.927508, 2.60498e-06, 257.797
4878, 0.241426, 0.0323289, 0.0114546, 0, 1.56198e-08, 3.30801e-08, 0, 0, 0.0437836, 6.43074e-07, 1.09439e-07, 1.42119, 0.927512, 2.6501e-06, 256.532
4879, 0.243641, 0.0321326, 0.0114351, 0, 1.56517e-08, 3.31781e-08, 0, 0, 0.0435677, 6.48403e-07, 1.09551e-07, 1.41206, 0.927516, 2.66271e-06, 256.392
4880, 0.223069, 0.0338751, 0.0118565, 0, 1.37865e-08, 2.93463e-08, 0, 0, 0.0457316, 5.91434e-07, 9.60625e-08, 1.50028, 0.92752, 2.66071e-06, 257.447
4881, 0.233179, 0.0333754, 0.0116933, 0, 1.49509e-08, 3.18936e-08, 0, 0, 0.0450688, 6.15358e-07, 1.04776e-07, 1.45595, 0.927524, 2.64662e-06, 257.09
4882, 0.258716, 0.0316132, 0.0112205, 0, 1.74526e-08, 3.72036e-08, 0, 0, 0.0428337, 6.75997e-07, 1.23423e-07, 1.35203, 0.927528, 2.61243e-06, 255.925
4883, 0.245416, 0.0327495, 0.0114816, 0, 1.58878e-08, 3.39567e-08, 0, 0, 0.0442312, 6.28454e-07, 1.12048e-07, 1.4048, 0.927532, 2.55604e-06, 256.611
4884, 0.209801, 0.0361399, 0.012038, 0, 1.22123e-08, 2.63661e-08, 0, 0, 0.0481779, 5.30091e-07, 8.45393e-08, 1.56159, 0.927536, 2.53285e-06, 258.505
4885, 0.176502, 0.0410722, 0.0120434, 0, 9.46488e-09, 2.07465e-08, 0, 0, 0.0531156, 4.47906e-07, 6.3851e-08, 1.73442, 0.92754, 2.56161e-06, 260.708
4886, 0.13551, 0.0470033, 0.0119688, 0, 6.52228e-09, 1.45312e-08, 0, 0, 0.0589721, 3.45807e-07, 4.26364e-08, 1.99871, 0.927544, 2.59081e-06, 263.114
4887, 0.129918, 0.0467671, 0.0123079, 0, 5.95409e-09, 1.3284e-08, 0, 0, 0.059075, 3.35111e-07, 3.85265e-08, 2.04085, 0.927548, 2.60355e-06, 263.126
4888, 0.175659, 0.0405719, 0.0123981, 0, 9.32689e-09, 2.04882e-08, 0, 0, 0.05297, 4.59528e-07, 6.21098e-08, 1.73921, 0.927552, 2.62098e-06, 260.555
4889, 0.213707, 0.0367462, 0.0121199, 0, 1.22995e-08, 2.68888e-08, 0, 0, 0.0488661, 5.59751e-07, 8.25836e-08, 1.54315, 0.927556, 2.62297e-06, 258.679
4890, 0.190603, 0.040099, 0.0121371, 0, 1.05552e-08, 2.31756e-08, 0, 0, 0.0522362, 4.96343e-07, 6.9918e-08, 1.65756, 0.92756, 2.61906e-06, 260.175
4891, 0.115993, 0.0506513, 0.0116459, 0, 5.61341e-09, 1.24522e-08, 0, 0, 0.0622973, 3.01409e-07, 3.60699e-08, 2.15423, 0.927564, 2.64505e-06, 264.261
4892, 0.0537253, 0.0614172, 0.0102086, 0, 2.01057e-09, 4.55213e-09, 0, 0, 0.0716258, 1.40769e-07, 1.2091e-08, 2.92387, 0.927568, 2.67099e-06, 267.586
4893, 0.0521813, 0.0616179, 0.0103229, 0, 1.59364e-09, 3.71959e-09, 0, 0, 0.0719409, 1.37112e-07, 8.67301e-09, 2.95303, 0.927572, 2.65397e-06, 267.663
4894, 0.0917806, 0.0530446, 0.0122014, 0, 3.01393e-09, 7.01665e-09, 0, 0, 0.065246, 2.37455e-07, 1.67857e-08, 2.38835, 0.927576, 2.59685e-06, 265.274
4895, 0.122696, 0.0470284, 0.0132872, 0, 4.29809e-09, 9.97967e-09, 0, 0, 0.0603156, 3.15429e-07, 2.45409e-08, 2.09805, 0.92758, 2.55812e-06, 263.377
4896, 0.11741, 0.048602, 0.0130238, 0, 4.16557e-09, 9.72478e-09, 0, 0, 0.0616258, 3.05403e-07, 2.36872e-08, 2.14208, 0.927584, 2.58405e-06, 263.856
4897, 0.0748757, 0.0578679, 0.0111193, 0, 2.47552e-09, 5.85203e-09, 0, 0, 0.0689872, 1.97733e-07, 1.36276e-08, 2.59193, 0.927588, 2.59036e-06, 266.527
4898, 0.030182, 0.0694191, 0.00782362, 0, 8.51127e-10, 2.05042e-09, 0, 0, 0.0772428, 8.03647e-08, 4.42789e-09, 3.50051, 0.927592, 2.56451e-06, 269.258
4899, 0.0196096, 0.0725888, 0.00680213, 0, 5.02233e-10, 1.22465e-09, 0, 0, 0.0793909, 5.22173e-08, 2.55033e-09, 3.93173, 0.927596, 2.58171e-06, 269.907
4900, 0.0505958, 0.0639497, 0.00956844, 0, 1.59758e-09, 3.80711e-09, 0, 0, 0.0735182, 1.3406e-07, 8.80999e-09, 2.98389, 0.9276, 2.62145e-06, 267.984
4901, 0.106587, 0.0517811, 0.0123143, 0, 4.07384e-09, 9.47255e-09, 0, 0, 0.0640955, 2.80985e-07, 2.42311e-08, 2.23879, 0.927604, 2.63994e-06, 264.641
4902, 0.163736, 0.043011, 0.0129289, 0, 7.71542e-09, 1.74388e-08, 0, 0, 0.0559399, 4.29237e-07, 4.93746e-08, 1.8095, 0.927608, 2.63346e-06, 261.404
4903, 0.215362, 0.0374057, 0.0123635, 0, 1.21367e-08, 2.6825e-08, 0, 0, 0.0497692, 5.61746e-07, 8.15184e-08, 1.53543, 0.927612, 2.61627e-06, 258.682
4904, 0.247669, 0.0343352, 0.0118172, 0, 1.51341e-08, 3.30945e-08, 0, 0, 0.0461525, 6.39935e-07, 1.03949e-07, 1.39566, 0.927616, 2.58767e-06, 256.943
4905, 0.246329, 0.0343217, 0.0118096, 0, 1.47459e-08, 3.22265e-08, 0, 0, 0.0461314, 6.27301e-07, 1.0171e-07, 1.40109, 0.92762, 2.55312e-06, 256.904
4906, 0.213321, 0.0379519, 0.0121193, 0, 1.18464e-08, 2.60688e-08, 0, 0, 0.0500712, 5.45114e-07, 8.05469e-08, 1.54496, 0.927624, 2.56809e-06, 258.731
4907, 0.157633, 0.0451144, 0.0122893, 0, 7.89509e-09, 1.75457e-08, 0, 0, 0.0574037, 4.08098e-07, 5.21718e-08, 1.84749, 0.927628, 2.59217e-06, 261.859
4908, 0.125633, 0.0490245, 0.0123286, 0, 5.71126e-09, 1.271e-08, 0, 0, 0.0613532, 3.20999e-07, 3.73986e-08, 2.07439, 0.927632, 2.56206e-06, 263.395
4909, 0.16759, 0.0434374, 0.0122184, 0, 8.99776e-09, 1.96497e-08, 0, 0, 0.0556558, 4.26812e-07, 6.17265e-08, 1.78624, 0.927636, 2.53883e-06, 261.079
4910, 0.241745, 0.0352885, 0.0116314, 0, 1.57109e-08, 3.38685e-08, 0, 0, 0.04692, 6.25981e-07, 1.10936e-07, 1.41987, 0.92764, 2.57185e-06, 257.138
4911, 0.286234, 0.0311488, 0.0110383, 0, 2.03509e-08, 4.35904e-08, 0, 0, 0.0421872, 7.46593e-07, 1.45579e-07, 1.25094, 0.927644, 2.6031e-06, 254.732
4912, 0.293982, 0.0304107, 0.0109318, 0, 2.10512e-08, 4.50593e-08, 0, 0, 0.0413425, 7.66107e-07, 1.51082e-07, 1.22424, 0.927648, 2.60628e-06, 254.256
4913, 0.287583, 0.030924, 0.0110872, 0, 2.00062e-08, 4.29333e-08, 0, 0, 0.0420113, 7.45574e-07, 1.43118e-07, 1.24624, 0.927652, 2.59406e-06, 254.581
4914, 0.27963, 0.0319548, 0.0112206, 0, 1.90959e-08, 4.10733e-08, 0, 0, 0.0431755, 7.17976e-07, 1.36076e-07, 1.27429, 0.927656, 2.56396e-06, 255.158
4915, 0.250623, 0.0353564, 0.0116255, 0, 1.64509e-08, 3.55837e-08, 0, 0, 0.0469819, 6.3675e-07, 1.16275e-07, 1.38381, 0.92766, 2.52346e-06, 257.021
4916, 0.213805, 0.0394448, 0.0121421, 0, 1.32529e-08, 2.89172e-08, 0, 0, 0.051587, 5.44229e-07, 9.25341e-08, 1.54269, 0.927664, 2.51835e-06, 259.12
4917, 0.229317, 0.0378241, 0.0119073, 0, 1.49719e-08, 3.24951e-08, 0, 0, 0.0497314, 5.9162e-07, 1.05663e-07, 1.47265, 0.927668, 2.55743e-06, 258.253
4918, 0.277755, 0.0327088, 0.0111712, 0, 1.95543e-08, 4.19687e-08, 0, 0, 0.04388, 7.1237e-07, 1.40531e-07, 1.28101, 0.927672, 2.56175e-06, 255.401
4919, 0.302286, 0.0300813, 0.0107828, 0, 2.16182e-08, 4.61735e-08, 0, 0, 0.0408641, 7.62324e-07, 1.56742e-07, 1.19638, 0.927676, 2.52184e-06, 253.794
4920, 0.304763, 0.0297183, 0.010761, 0, 2.15963e-08, 4.61145e-08, 0, 0, 0.0404793, 7.6242e-07, 1.56944e-07, 1.18822, 0.92768, 2.4988e-06, 253.557
4921, 0.307539, 0.0295526, 0.0107149, 0, 2.22775e-08, 4.75104e-08, 0, 0, 0.0402676, 7.79333e-07, 1.62093e-07, 1.17915, 0.927684, 2.52993e-06, 253.413
4922, 0.312621, 0.029227, 0.0106101, 0, 2.33182e-08, 4.96246e-08, 0, 0, 0.0398371, 8.02903e-07, 1.69983e-07, 1.16277, 0.927688, 2.56595e-06, 253.147
4923, 0.312103, 0.0292657, 0.010628, 0, 2.30536e-08, 4.90608e-08, 0, 0, 0.0398938, 7.96283e-07, 1.68068e-07, 1.16442, 0.927692, 2.55009e-06, 253.149
4924, 0.306019, 0.0297933, 0.0107836, 0, 2.19231e-08, 4.67411e-08, 0, 0, 0.040577, 7.72388e-07, 1.59183e-07, 1.18411, 0.927696, 2.52314e-06, 253.493
4925, 0.296304, 0.0307865, 0.0110449, 0, 2.04692e-08, 4.37698e-08, 0, 0, 0.0418314, 7.42234e-07, 1.47207e-07, 1.21637, 0.9277, 2.50564e-06, 254.135
4926, 0.288823, 0.0315565, 0.011245, 0, 1.92495e-08, 4.12752e-08, 0, 0, 0.0428016, 7.15087e-07, 1.37366e-07, 1.24194, 0.927704, 2.48016e-06, 254.614
4927, 0.291709, 0.0312582, 0.0111763, 0, 1.9423e-08, 4.16354e-08, 0, 0, 0.0424346, 7.17182e-07, 1.39118e-07, 1.232, 0.927708, 2.46346e-06, 254.394
4928, 0.297358, 0.0307641, 0.0110512, 0, 2.04009e-08, 4.36821e-08, 0, 0, 0.0418154, 7.41569e-07, 1.46775e-07, 1.21282, 0.927712, 2.49586e-06, 254.04
4929, 0.296082, 0.0310425, 0.0111114, 0, 2.07705e-08, 4.45315e-08, 0, 0, 0.042154, 7.57195e-07, 1.48909e-07, 1.21712, 0.927716, 2.5578e-06, 254.189
4930, 0.281997, 0.0324967, 0.0114314, 0, 1.92222e-08, 4.14046e-08, 0, 0, 0.0439282, 7.2723e-07, 1.36236e-07, 1.26586, 0.92772, 2.57616e-06, 255.075
4931, 0.24486, 0.0365059, 0.0119731, 0, 1.51861e-08, 3.29805e-08, 0, 0, 0.0484791, 6.24201e-07, 1.05365e-07, 1.40707, 0.927724, 2.54721e-06, 257.263
4932, 0.173124, 0.045864, 0.01221, 0, 9.30802e-09, 2.04441e-08, 0, 0, 0.058074, 4.35619e-07, 6.23907e-08, 1.75375, 0.927728, 2.5378e-06, 261.396
4933, 0.087579, 0.0591824, 0.0113845, 0, 3.96254e-09, 8.82424e-09, 0, 0, 0.070567, 2.20146e-07, 2.52846e-08, 2.43521, 0.927732, 2.55891e-06, 266.012
4934, 0.0494766, 0.0658862, 0.0105983, 0, 1.85419e-09, 4.20251e-09, 0, 0, 0.0764845, 1.23978e-07, 1.11843e-08, 3.00625, 0.927736, 2.5504e-06, 267.95
4935, 0.0903418, 0.0588697, 0.0114255, 0, 3.88562e-09, 8.72557e-09, 0, 0, 0.0702952, 2.23543e-07, 2.44989e-08, 2.40416, 0.92774, 2.51367e-06, 265.859
4936, 0.172762, 0.0460573, 0.0123814, 0, 8.89313e-09, 1.96894e-08, 0, 0, 0.0584387, 4.28322e-07, 5.8852e-08, 1.75584, 0.927744, 2.48974e-06, 261.426
4937, 0.236763, 0.0376573, 0.0122866, 0, 1.36939e-08, 3.00317e-08, 0, 0, 0.0499439, 5.88634e-07, 9.35327e-08, 1.4407, 0.927748, 2.48651e-06, 257.765
4938, 0.263175, 0.0346267, 0.0119707, 0, 1.60959e-08, 3.51358e-08, 0, 0, 0.0465974, 6.57153e-07, 1.11825e-07, 1.33494, 0.927752, 2.49749e-06, 256.164
4939, 0.264985, 0.0343844, 0.0119394, 0, 1.649e-08, 3.60235e-08, 0, 0, 0.0463239, 6.72412e-07, 1.14955e-07, 1.32808, 0.927756, 2.53869e-06, 256.003
4940, 0.248629, 0.036355, 0.0121793, 0, 1.50928e-08, 3.32122e-08, 0, 0, 0.0485344, 6.38362e-07, 1.04196e-07, 1.3918, 0.92776, 2.56667e-06, 257.027
4941, 0.201969, 0.0426496, 0.0123866, 0, 1.13079e-08, 2.52316e-08, 0, 0, 0.0550362, 5.18602e-07, 7.62833e-08, 1.59964, 0.927764, 2.55757e-06, 259.881
4942, 0.126291, 0.0541766, 0.0118036, 0, 6.13164e-09, 1.39602e-08, 0, 0, 0.0659803, 3.23506e-07, 3.97938e-08, 2.06916, 0.927768, 2.52211e-06, 264.128
4943, 0.0788601, 0.0620457, 0.0110578, 0, 3.22253e-09, 7.51038e-09, 0, 0, 0.0731035, 2.01412e-07, 1.98553e-08, 2.54008, 0.927772, 2.48103e-06, 266.578
4944, 0.109883, 0.0566753, 0.0117615, 0, 4.88312e-09, 1.12581e-08, 0, 0, 0.0684369, 2.80346e-07, 3.07453e-08, 2.20834, 0.927776, 2.48957e-06, 264.948
4945, 0.17904, 0.0456656, 0.0126682, 0, 9.08127e-09, 2.05541e-08, 0, 0, 0.0583339, 4.55918e-07, 5.94233e-08, 1.72014, 0.92778, 2.52528e-06, 261.121
4946, 0.224038, 0.0392848, 0.0127417, 0, 1.21437e-08, 2.71543e-08, 0, 0, 0.0520265, 5.65285e-07, 8.13006e-08, 1.49594, 0.927784, 2.52229e-06, 258.438
4947, 0.234522, 0.0378543, 0.012704, 0, 1.27471e-08, 2.83717e-08, 0, 0, 0.0505583, 5.83503e-07, 8.58163e-08, 1.45021, 0.927788, 2.48784e-06, 257.753
4948, 0.221256, 0.0393025, 0.0129869, 0, 1.13889e-08, 2.54499e-08, 0, 0, 0.0522894, 5.44053e-07, 7.56022e-08, 1.50843, 0.927792, 2.45607e-06, 258.496
4949, 0.191241, 0.0426718, 0.0135033, 0, 8.82754e-09, 1.99755e-08, 0, 0, 0.0561752, 4.70586e-07, 5.65062e-08, 1.65422, 0.927796, 2.46182e-06, 260.124
4950, 0.149959, 0.0479831, 0.013767, 0, 6.03135e-09, 1.38974e-08, 0, 0, 0.0617502, 3.74986e-07, 3.66497e-08, 1.89739, 0.9278, 2.50841e-06, 262.316
4951, 0.0949753, 0.0573376, 0.0128042, 0, 3.25033e-09, 7.63432e-09, 0, 0, 0.0701417, 2.40681e-07, 1.86593e-08, 2.35414, 0.927804, 2.54584e-06, 265.339
4952, 0.0406071, 0.0699063, 0.00993464, 0, 1.13618e-09, 2.72397e-09, 0, 0, 0.0798409, 1.03371e-07, 6.09772e-09, 3.20381, 0.927808, 2.55368e-06, 268.485
4953, 0.0102829, 0.0791795, 0.00702109, 0, 2.27401e-10, 5.57658e-10, 0, 0, 0.0862006, 2.62315e-08, 1.12435e-09, 4.57728, 0.927812, 2.52692e-06, 270.371
4954, 0.00202912, 0.0820196, 0.00608762, 0, 2.60211e-11, 6.64758e-11, 0, 0, 0.0881072, 5.19111e-09, 1.11828e-10, 6.20015, 0.927816, 2.48047e-06, 270.893
4955, 0.00226554, 0.080263, 0.00723414, 0, 8.12765e-12, 2.46977e-11, 0, 0, 0.0874972, 5.81469e-09, 1.4842e-11, 6.08994, 0.92782, 2.46075e-06, 270.689
4956, 0.00338888, 0.0780342, 0.00860334, 0, 1.08725e-11, 3.39092e-11, 0, 0, 0.0866375, 8.71295e-09, 1.52742e-11, 5.68726, 0.927824, 2.47878e-06, 270.411
4957, 0.00248101, 0.0803919, 0.00724731, 0, 8.13198e-12, 2.51343e-11, 0, 0, 0.0876392, 6.37169e-09, 1.24309e-11, 5.99909, 0.927828, 2.47495e-06, 270.671
4958, 0.00177014, 0.0840562, 0.00502125, 0, 1.38874e-11, 3.74465e-11, 0, 0, 0.0890775, 4.40196e-09, 4.78536e-11, 6.3367, 0.927832, 2.45801e-06, 271.054
4959, 0.00733026, 0.081487, 0.00617512, 0, 1.15365e-10, 2.92978e-10, 0, 0, 0.0876621, 1.80738e-08, 4.98852e-10, 4.91574, 0.927836, 2.45608e-06, 270.62
4960, 0.0291193, 0.0720167, 0.0101627, 0, 6.20021e-10, 1.53161e-09, 0, 0, 0.0821794, 7.29203e-08, 2.9836e-09, 3.53635, 0.92784, 2.45876e-06, 268.97
4961, 0.0717872, 0.0608342, 0.0132778, 0, 1.97924e-09, 4.76221e-09, 0, 0, 0.074112, 1.80725e-07, 1.04876e-08, 2.63405, 0.927844, 2.48371e-06, 266.389
4962, 0.122947, 0.0519593, 0.0142513, 0, 4.24046e-09, 9.95775e-09, 0, 0, 0.0662106, 3.08526e-07, 2.44179e-08, 2.096, 0.927848, 2.50469e-06, 263.629
4963, 0.167191, 0.0461372, 0.0140788, 0, 6.96704e-09, 1.60286e-08, 0, 0, 0.0602161, 4.20024e-07, 4.27998e-08, 1.78862, 0.927852, 2.51099e-06, 261.345
4964, 0.201843, 0.0422796, 0.0136006, 0, 9.82578e-09, 2.22295e-08, 0, 0, 0.0558803, 5.10492e-07, 6.35063e-08, 1.60026, 0.927856, 2.52648e-06, 259.568
4965, 0.230389, 0.0392816, 0.013073, 0, 1.25344e-08, 2.79959e-08, 0, 0, 0.0523547, 5.82233e-07, 8.42119e-08, 1.46798, 0.92786, 2.52804e-06, 258.033
4966, 0.250473, 0.0371744, 0.0126622, 0, 1.43275e-08, 3.17266e-08, 0, 0, 0.0498366, 6.21236e-07, 9.85894e-08, 1.38441, 0.927864, 2.4841e-06, 256.876
4967, 0.261252, 0.0361092, 0.0124456, 0, 1.51257e-08, 3.33251e-08, 0, 0, 0.0485548, 6.31549e-07, 1.05356e-07, 1.34227, 0.927868, 2.41862e-06, 256.255
4968, 0.266712, 0.0356486, 0.0123476, 0, 1.56675e-08, 3.44285e-08, 0, 0, 0.0479963, 6.40221e-07, 1.098e-07, 1.32159, 0.927872, 2.39705e-06, 255.965
4969, 0.270863, 0.0352628, 0.0122624, 0, 1.62885e-08, 3.57231e-08, 0, 0, 0.0475252, 6.55965e-07, 1.14742e-07, 1.30614, 0.927876, 2.41826e-06, 255.713
4970, 0.274133, 0.0349288, 0.0121886, 0, 1.65933e-08, 3.63351e-08, 0, 0, 0.0471175, 6.61888e-07, 1.17395e-07, 1.29414, 0.92788, 2.41447e-06, 255.49
4971, 0.274364, 0.0349775, 0.0122, 0, 1.6421e-08, 3.59578e-08, 0, 0, 0.0471776, 6.54336e-07, 1.16226e-07, 1.2933, 0.927884, 2.38739e-06, 255.49
4972, 0.267726, 0.0357347, 0.0123807, 0, 1.57783e-08, 3.46426e-08, 0, 0, 0.0481155, 6.42804e-07, 1.10847e-07, 1.31779, 0.927888, 2.40539e-06, 255.906
4973, 0.257325, 0.0368402, 0.0126163, 0, 1.49827e-08, 3.3022e-08, 0, 0, 0.0494566, 6.32154e-07, 1.0413e-07, 1.35741, 0.927892, 2.46043e-06, 256.501
4974, 0.237564, 0.0392532, 0.0128525, 0, 1.34398e-08, 2.97635e-08, 0, 0, 0.0521057, 5.92639e-07, 9.22222e-08, 1.43732, 0.927896, 2.49704e-06, 257.664
4975, 0.185419, 0.0466245, 0.0129238, 0, 9.64469e-09, 2.15486e-08, 0, 0, 0.0595483, 4.63886e-07, 6.45358e-08, 1.68514, 0.9279, 2.50732e-06, 260.737
4976, 0.111268, 0.0583102, 0.0123245, 0, 4.91478e-09, 1.11508e-08, 0, 0, 0.0706347, 2.77444e-07, 3.13756e-08, 2.19581, 0.927904, 2.50936e-06, 264.784
4977, 0.0789459, 0.0633038, 0.012133, 0, 2.74631e-09, 6.39033e-09, 0, 0, 0.0754368, 1.92511e-07, 1.62496e-08, 2.53899, 0.927908, 2.48433e-06, 266.36
4978, 0.103765, 0.0580955, 0.0131459, 0, 3.44757e-09, 8.09345e-09, 0, 0, 0.0712414, 2.443e-07, 2.01343e-08, 2.26563, 0.927912, 2.41761e-06, 264.934
4979, 0.111373, 0.0567548, 0.013376, 0, 3.68753e-09, 8.68124e-09, 0, 0, 0.0701309, 2.57984e-07, 2.16219e-08, 2.19487, 0.927916, 2.38026e-06, 264.524
4980, 0.0762949, 0.0642085, 0.0120261, 0, 2.41138e-09, 5.71836e-09, 0, 0, 0.0762345, 1.78234e-07, 1.39885e-08, 2.57315, 0.92792, 2.42424e-06, 266.531
4981, 0.0694109, 0.0663872, 0.0113805, 0, 2.4574e-09, 5.75956e-09, 0, 0, 0.0777678, 1.66419e-07, 1.49428e-08, 2.66771, 0.927924, 2.46563e-06, 266.993
4982, 0.12938, 0.056109, 0.0124447, 0, 5.80609e-09, 1.32524e-08, 0, 0, 0.0685537, 3.10563e-07, 3.79811e-08, 2.045, 0.927928, 2.44624e-06, 263.888
4983, 0.207201, 0.0441555, 0.013012, 0, 1.09217e-08, 2.4486e-08, 0, 0, 0.0571675, 4.99202e-07, 7.46321e-08, 1.57406, 0.927932, 2.42098e-06, 259.551
4984, 0.25001, 0.0385018, 0.012795, 0, 1.45286e-08, 3.22218e-08, 0, 0, 0.0512968, 6.10223e-07, 1.01668e-07, 1.38626, 0.927936, 2.43951e-06, 257.019
4985, 0.252076, 0.0381748, 0.0128104, 0, 1.50096e-08, 3.31606e-08, 0, 0, 0.0509853, 6.21549e-07, 1.05641e-07, 1.37802, 0.92794, 2.46526e-06, 256.851
4986, 0.248408, 0.0386051, 0.0128698, 0, 1.49324e-08, 3.29127e-08, 0, 0, 0.051475, 6.15593e-07, 1.05456e-07, 1.39268, 0.927944, 2.47727e-06, 257.041
4987, 0.267632, 0.0366359, 0.0124827, 0, 1.698e-08, 3.72245e-08, 0, 0, 0.0491186, 6.66157e-07, 1.21606e-07, 1.31814, 0.927948, 2.48752e-06, 255.944
4988, 0.288215, 0.034512, 0.0120715, 0, 1.89158e-08, 4.13019e-08, 0, 0, 0.0465836, 7.12407e-07, 1.36941e-07, 1.24405, 0.927952, 2.47179e-06, 254.718
4989, 0.294235, 0.0338899, 0.0119592, 0, 1.90217e-08, 4.14938e-08, 0, 0, 0.0458491, 7.09573e-07, 1.38155e-07, 1.22338, 0.927956, 2.41167e-06, 254.333
4990, 0.291413, 0.0341761, 0.0120458, 0, 1.81874e-08, 3.97324e-08, 0, 0, 0.046222, 6.86278e-07, 1.31799e-07, 1.23301, 0.92796, 2.35555e-06, 254.486
4991, 0.284531, 0.0348964, 0.0122387, 0, 1.72972e-08, 3.79078e-08, 0, 0, 0.0471351, 6.6896e-07, 1.24514e-07, 1.25691, 0.927964, 2.35287e-06, 254.898
4992, 0.279553, 0.0354378, 0.0123847, 0, 1.69221e-08, 3.71696e-08, 0, 0, 0.0478225, 6.6653e-07, 1.21147e-07, 1.27457, 0.927968, 2.38524e-06, 255.196
4993, 0.281448, 0.0352897, 0.0123507, 0, 1.73568e-08, 3.80881e-08, 0, 0, 0.0476404, 6.79235e-07, 1.2449e-07, 1.26781, 0.927972, 2.41316e-06, 255.081
4994, 0.285713, 0.0349254, 0.012254, 0, 1.79247e-08, 3.92703e-08, 0, 0, 0.0471795, 6.91297e-07, 1.29077e-07, 1.25277, 0.927976, 2.41989e-06, 254.833
4995, 0.285495, 0.0350373, 0.0122715, 0, 1.79912e-08, 3.94374e-08, 0, 0, 0.0473088, 6.93929e-07, 1.29464e-07, 1.25353, 0.92798, 2.43178e-06, 254.867
4996, 0.277507, 0.0359296, 0.0124749, 0, 1.72956e-08, 3.80509e-08, 0, 0, 0.0484046, 6.836e-07, 1.23554e-07, 1.28191, 0.927984, 2.46471e-06, 255.356
4997, 0.261326, 0.037651, 0.0128619, 0, 1.55578e-08, 3.44703e-08, 0, 0, 0.0505129, 6.48127e-07, 1.09461e-07, 1.34199, 0.927988, 2.48028e-06, 256.296
4998, 0.2403, 0.0399114, 0.0133302, 0, 1.32859e-08, 2.96703e-08, 0, 0, 0.0532416, 5.93564e-07, 9.14559e-08, 1.42587, 0.927992, 2.46582e-06, 257.473
4999, 0.206598, 0.0437751, 0.013921, 0, 1.02748e-08, 2.31077e-08, 0, 0, 0.0576962, 5.03727e-07, 6.87224e-08, 1.57698, 0.927998, 2.42311e-06, 259.309
5000, 0.150273, 0.0511789, 0.0143695, 0, 6.20298e-09, 1.41087e-08, 0, 0, 0.0655484, 3.59891e-07, 3.94386e-08, 1.8953, 0.92801, 2.37394e-06, 262.296
5001, 0.0860546, 0.0624717, 0.0132881, 0, 2.72053e-09, 6.30778e-09, 0, 0, 0.0757597, 2.0294e-07, 1.5891e-08, 2.45277, 0.92803, 2.34914e-06, 265.775
5002, 0.0379079, 0.0742872, 0.0105563, 0, 9.12389e-10, 2.16562e-09, 0, 0, 0.0848434, 8.90886e-08, 4.80829e-09, 3.2726, 0.928056, 2.35073e-06, 268.556
5003, 0.030621, 0.0767341, 0.00981116, 0, 7.61028e-10, 1.81471e-09, 0, 0, 0.0865453, 7.47637e-08, 4.0221e-09, 3.48607, 0.928084, 2.3768e-06, 269.026
5004, 0.0722545, 0.0666306, 0.0122368, 0, 2.35118e-09, 5.50507e-09, 0, 0, 0.0788674, 1.7842e-07, 1.35848e-08, 2.62756, 0.928112, 2.42543e-06, 266.68
5005, 0.137611, 0.0539473, 0.014123, 0, 5.34981e-09, 1.23496e-08, 0, 0, 0.0680704, 3.36034e-07, 3.28775e-08, 1.98332, 0.92814, 2.44393e-06, 263.059
5006, 0.189604, 0.046187, 0.0142829, 0, 8.32366e-09, 1.90113e-08, 0, 0, 0.0604699, 4.55738e-07, 5.35051e-08, 1.66282, 0.928168, 2.41308e-06, 260.211
5007, 0.21501, 0.0430707, 0.0140073, 0, 1.01286e-08, 2.30044e-08, 0, 0, 0.057078, 5.1427e-07, 6.67822e-08, 1.53707, 0.928196, 2.39411e-06, 258.83
5008, 0.221053, 0.0424274, 0.0139237, 0, 1.0663e-08, 2.42045e-08, 0, 0, 0.0563512, 5.31556e-07, 7.08163e-08, 1.50935, 0.928224, 2.4046e-06, 258.503
5009, 0.217494, 0.0428772, 0.0140111, 0, 1.03533e-08, 2.35646e-08, 0, 0, 0.0568883, 5.24411e-07, 6.84411e-08, 1.52558, 0.928252, 2.41092e-06, 258.695
5010, 0.208099, 0.0440015, 0.0142056, 0, 9.49841e-09, 2.17323e-08, 0, 0, 0.0582071, 5.00491e-07, 6.19352e-08, 1.56974, 0.92828, 2.40471e-06, 259.202
5011, 0.1926, 0.0458467, 0.0144991, 0, 8.17166e-09, 1.88559e-08, 0, 0, 0.0603459, 4.6071e-07, 5.20151e-08, 1.64714, 0.928308, 2.39087e-06, 260.02
5012, 0.171087, 0.0484695, 0.0148523, 0, 6.51896e-09, 1.5223e-08, 0, 0, 0.0633219, 4.05752e-07, 4.00494e-08, 1.76558, 0.928336, 2.37178e-06, 261.131
5013, 0.141888, 0.0522671, 0.0151883, 0, 4.69948e-09, 1.11458e-08, 0, 0, 0.0674554, 3.36378e-07, 2.74412e-08, 1.95272, 0.928364, 2.37713e-06, 262.613
5014, 0.103244, 0.0580839, 0.0151881, 0, 2.86604e-09, 6.92595e-09, 0, 0, 0.073272, 2.47218e-07, 1.56139e-08, 2.27066, 0.928392, 2.38958e-06, 264.587
5015, 0.0596861, 0.0668673, 0.0139093, 0, 1.31481e-09, 3.24591e-09, 0, 0, 0.0807765, 1.42797e-07, 6.56386e-09, 2.81866, 0.92842, 2.37554e-06, 266.959
5016, 0.0240943, 0.0780119, 0.0104955, 0, 4.01563e-10, 1.01483e-09, 0, 0, 0.0885074, 5.68851e-08, 1.80736e-09, 3.72578, 0.928448, 2.37701e-06, 269.22
5017, 0.00595112, 0.0877041, 0.00628495, 0, 7.3713e-11, 1.90891e-10, 0, 0, 0.093989, 1.38757e-08, 2.95429e-10, 5.12418, 0.928476, 2.38103e-06, 270.719
5018, 0.000805986, 0.093273, 0.00330792, 0, 7.4794e-12, 1.98467e-11, 0, 0, 0.0965809, 1.87223e-09, 2.64888e-11, 7.12344, 0.928504, 2.36761e-06, 271.387
5019, 5.8249e-05, 0.0958215, 0.00177279, 0, 4.00521e-13, 1.09045e-12, 0, 0, 0.0975943, 1.36082e-10, 1.23855e-12, 9.75078, 0.928532, 2.38298e-06, 271.627
5020, 6.61234e-05, 0.0960514, 0.00168441, 0, 2.41372e-13, 7.07527e-13, 0, 0, 0.0977358, 1.56756e-10, 5.05231e-13, 9.62399, 0.92856, 2.39884e-06, 271.636
5021, 0.000710376, 0.0930879, 0.00363577, 0, 3.48388e-12, 9.95895e-12, 0, 0, 0.0967237, 1.6799e-09, 8.44153e-12, 7.24972, 0.928588, 2.37105e-06, 271.34
5022, 0.00421304, 0.0865518, 0.00755573, 0, 2.77199e-11, 7.72377e-11, 0, 0, 0.0941075, 9.89682e-09, 7.7502e-11, 5.46957, 0.928616, 2.34896e-06, 270.609
5023, 0.0143175, 0.0785011, 0.0116409, 0, 1.22065e-10, 3.32799e-10, 0, 0, 0.090142, 3.34735e-08, 3.83404e-10, 4.24628, 0.928644, 2.34901e-06, 269.484
5024, 0.0300479, 0.071787, 0.0142436, 0, 3.11629e-10, 8.36437e-10, 0, 0, 0.0860305, 7.02815e-08, 1.06223e-09, 3.50496, 0.928672, 2.34492e-06, 268.278
5025, 0.0418501, 0.0683302, 0.0152391, 0, 4.81338e-10, 1.28214e-09, 0, 0, 0.0835692, 9.78422e-08, 1.71318e-09, 3.17366, 0.9287, 2.33797e-06, 267.522
5026, 0.0399649, 0.069298, 0.0149083, 0, 4.59164e-10, 1.22491e-09, 0, 0, 0.0842063, 9.29921e-08, 1.63974e-09, 3.21975, 0.928728, 2.32274e-06, 267.683
5027, 0.0251696, 0.075282, 0.0127821, 0, 2.63831e-10, 7.10759e-10, 0, 0, 0.0880641, 5.84198e-08, 9.10772e-10, 3.68212, 0.928756, 2.30766e-06, 268.781
5028, 0.00966161, 0.0843281, 0.00878194, 0, 8.62502e-11, 2.36073e-10, 0, 0, 0.09311, 2.24544e-08, 2.79089e-10, 4.63959, 0.928784, 2.31704e-06, 270.166
5029, 0.00274675, 0.0903701, 0.00574106, 0, 1.92703e-11, 5.36244e-11, 0, 0, 0.0961111, 6.42132e-09, 5.78799e-11, 5.89734, 0.928812, 2.3451e-06, 270.949
5030, 0.00472624, 0.0881343, 0.00701357, 0, 4.57377e-11, 1.19676e-10, 0, 0, 0.0951479, 1.11104e-08, 1.84418e-10, 5.35463, 0.92884, 2.35176e-06, 270.663
5031, 0.0184132, 0.0795375, 0.0110787, 0, 2.97121e-10, 7.44556e-10, 0, 0, 0.0906162, 4.26666e-08, 1.44402e-09, 3.99469, 0.928868, 2.34847e-06, 269.39
5032, 0.0523586, 0.0692699, 0.0141712, 0, 1.2193e-09, 2.98198e-09, 0, 0, 0.0834411, 1.2138e-07, 6.56887e-09, 2.94964, 0.928896, 2.33716e-06, 267.285
5033, 0.103219, 0.0596712, 0.0153069, 0, 3.07862e-09, 7.3957e-09, 0, 0, 0.074978, 2.42551e-07, 1.77925e-08, 2.27091, 0.928924, 2.33865e-06, 264.611
5034, 0.148775, 0.0528055, 0.0153408, 0, 5.2581e-09, 1.24294e-08, 0, 0, 0.0681463, 3.52781e-07, 3.21117e-08, 1.90532, 0.928952, 2.36198e-06, 262.263
5035, 0.180155, 0.0487427, 0.0150037, 0, 7.25262e-09, 1.68732e-08, 0, 0, 0.0637464, 4.25346e-07, 4.65883e-08, 1.71394, 0.92898, 2.35999e-06, 260.639
5036, 0.207839, 0.0455332, 0.0145178, 0, 9.44535e-09, 2.16756e-08, 0, 0, 0.060051, 4.89584e-07, 6.33936e-08, 1.57099, 0.929008, 2.35318e-06, 259.199
5037, 0.226409, 0.0434557, 0.0141663, 0, 1.10976e-08, 2.52832e-08, 0, 0, 0.0576221, 5.37409e-07, 7.61898e-08, 1.48541, 0.929036, 2.3722e-06, 258.203
5038, 0.223638, 0.0437804, 0.0142369, 0, 1.10071e-08, 2.50436e-08, 0, 0, 0.0580173, 5.34827e-07, 7.56812e-08, 1.49773, 0.929064, 2.394e-06, 258.335
5039, 0.218926, 0.0443339, 0.0143377, 0, 1.06509e-08, 2.41968e-08, 0, 0, 0.0586716, 5.21341e-07, 7.33266e-08, 1.51902, 0.929092, 2.38869e-06, 258.569
5040, 0.236923, 0.0423932, 0.0139571, 0, 1.21261e-08, 2.73528e-08, 0, 0, 0.0563503, 5.55095e-07, 8.53275e-08, 1.44002, 0.92912, 2.35198e-06, 257.599
5041, 0.255741, 0.0403441, 0.0135668, 0, 1.3719e-08, 3.07802e-08, 0, 0, 0.053911, 5.93863e-07, 9.81124e-08, 1.36359, 0.929148, 2.32345e-06, 256.547
5042, 0.253835, 0.0405167, 0.0136439, 0, 1.34056e-08, 3.00688e-08, 0, 0, 0.0541607, 5.85048e-07, 9.57157e-08, 1.37107, 0.929176, 2.30026e-06, 256.625
5043, 0.248834, 0.0410574, 0.0137829, 0, 1.28322e-08, 2.88124e-08, 0, 0, 0.0548403, 5.70332e-07, 9.12323e-08, 1.39097, 0.929204, 2.28644e-06, 256.885
5044, 0.255719, 0.0403965, 0.0136299, 0, 1.36952e-08, 3.07288e-08, 0, 0, 0.0540264, 5.95454e-07, 9.81228e-08, 1.36367, 0.929232, 2.32339e-06, 256.512
5045, 0.260688, 0.0399597, 0.0135157, 0, 1.44413e-08, 3.2424e-08, 0, 0, 0.0534755, 6.18637e-07, 1.04092e-07, 1.34443, 0.92926, 2.37018e-06, 256.248
5046, 0.255957, 0.0406341, 0.0135987, 0, 1.40422e-08, 3.16085e-08, 0, 0, 0.0542329, 6.06149e-07, 1.01149e-07, 1.36275, 0.929288, 2.36316e-06, 256.544
5047, 0.239041, 0.0428904, 0.0138411, 0, 1.25791e-08, 2.84233e-08, 0, 0, 0.0567316, 5.57606e-07, 9.00036e-08, 1.43112, 0.929316, 2.32801e-06, 257.56
5048, 0.218063, 0.0457788, 0.0140608, 0, 1.11852e-08, 2.53122e-08, 0, 0, 0.0598397, 5.09284e-07, 7.9491e-08, 1.52297, 0.929344, 2.33761e-06, 258.779
5049, 0.22683, 0.0448912, 0.0138367, 0, 1.23322e-08, 2.77167e-08, 0, 0, 0.0587279, 5.38266e-07, 8.88141e-08, 1.48355, 0.929372, 2.37377e-06, 258.311
5050, 0.26278, 0.0404629, 0.0132703, 0, 1.54434e-08, 3.44264e-08, 0, 0, 0.0537333, 6.27e-07, 1.13487e-07, 1.33644, 0.9294, 2.38659e-06, 256.219
5051, 0.285753, 0.037659, 0.0129128, 0, 1.73448e-08, 3.85168e-08, 0, 0, 0.0505718, 6.79232e-07, 1.287e-07, 1.25263, 0.929428, 2.37738e-06, 254.801
5052, 0.290262, 0.0371397, 0.0128582, 0, 1.74617e-08, 3.87537e-08, 0, 0, 0.0499979, 6.80228e-07, 1.29769e-07, 1.23697, 0.929456, 2.34342e-06, 254.514
5053, 0.289146, 0.0372888, 0.0129045, 0, 1.68177e-08, 3.73521e-08, 0, 0, 0.0501934, 6.58609e-07, 1.24867e-07, 1.24082, 0.929484, 2.27783e-06, 254.575
5054, 0.286312, 0.0376312, 0.0129854, 0, 1.6097e-08, 3.57941e-08, 0, 0, 0.0506166, 6.36083e-07, 1.19316e-07, 1.25067, 0.929512, 2.22324e-06, 254.738
5055, 0.275234, 0.0388757, 0.0132666, 0, 1.50987e-08, 3.36748e-08, 0, 0, 0.0521424, 6.15653e-07, 1.10998e-07, 1.29014, 0.92954, 2.24379e-06, 255.389
5056, 0.25496, 0.041129, 0.0137689, 0, 1.35454e-08, 3.03777e-08, 0, 0, 0.0548979, 5.87663e-07, 9.77942e-08, 1.36665, 0.929568, 2.3135e-06, 256.547
5057, 0.239682, 0.0429351, 0.0141082, 0, 1.22634e-08, 2.76482e-08, 0, 0, 0.0570434, 5.60677e-07, 8.70327e-08, 1.42844, 0.929596, 2.34156e-06, 257.408
5058, 0.217012, 0.0462743, 0.0142457, 0, 1.0574e-08, 2.39423e-08, 0, 0, 0.06052, 5.04031e-07, 7.40485e-08, 1.5278, 0.929624, 2.31857e-06, 258.766
5059, 0.158044, 0.0555967, 0.0141686, 0, 6.90177e-09, 1.57454e-08, 0, 0, 0.0697654, 3.61818e-07, 4.70679e-08, 1.84488, 0.929652, 2.29685e-06, 262.128
5060, 0.101951, 0.064997, 0.0138101, 0, 3.80857e-09, 8.79851e-09, 0, 0, 0.0788071, 2.33762e-07, 2.47958e-08, 2.28326, 0.92968, 2.31859e-06, 265.078
5061, 0.118284, 0.0621839, 0.0140217, 0, 4.73838e-09, 1.09343e-08, 0, 0, 0.0762057, 2.79058e-07, 3.12352e-08, 2.13467, 0.929708, 2.35626e-06, 264.223
5062, 0.185952, 0.0512269, 0.0143432, 0, 8.72385e-09, 1.99112e-08, 0, 0, 0.0655701, 4.4191e-07, 6.023e-08, 1.68227, 0.929736, 2.37345e-06, 260.554
5063, 0.239503, 0.0435563, 0.014052, 0, 1.24297e-08, 2.81212e-08, 0, 0, 0.0576083, 5.66352e-07, 8.86479e-08, 1.42919, 0.929764, 2.36609e-06, 257.471
5064, 0.263619, 0.0406034, 0.0136739, 0, 1.42851e-08, 3.21487e-08, 0, 0, 0.0542773, 6.13654e-07, 1.03746e-07, 1.33325, 0.929792, 2.32973e-06, 256.061
5065, 0.271496, 0.0397622, 0.0135104, 0, 1.46802e-08, 3.29678e-08, 0, 0, 0.0532726, 6.15989e-07, 1.07441e-07, 1.30381, 0.92982, 2.26977e-06, 255.603
5066, 0.272545, 0.0396788, 0.0134965, 0, 1.44592e-08, 3.2471e-08, 0, 0, 0.0531753, 6.04948e-07, 1.06034e-07, 1.29995, 0.929848, 2.21954e-06, 255.533
5067, 0.270106, 0.0399757, 0.0135689, 0, 1.41583e-08, 3.18439e-08, 0, 0, 0.0535446, 5.98136e-07, 1.03633e-07, 1.30894, 0.929876, 2.21445e-06, 255.665
5068, 0.266056, 0.0404873, 0.0136848, 0, 1.40423e-08, 3.16575e-08, 0, 0, 0.0541721, 6.02541e-07, 1.02304e-07, 1.32405, 0.929904, 2.26555e-06, 255.905
5069, 0.261142, 0.0411136, 0.0138223, 0, 1.38735e-08, 3.13592e-08, 0, 0, 0.054936, 6.06227e-07, 1.00465e-07, 1.34269, 0.929932, 2.32191e-06, 256.201
5070, 0.255235, 0.0418227, 0.013978, 0, 1.32759e-08, 3.00992e-08, 0, 0, 0.0558008, 5.93176e-07, 9.55055e-08, 1.36557, 0.92996, 2.32335e-06, 256.535
5071, 0.247708, 0.0427003, 0.0141675, 0, 1.23892e-08, 2.81987e-08, 0, 0, 0.0568678, 5.70457e-07, 8.836e-08, 1.3955, 0.929988, 2.303e-06, 256.947
5072, 0.238289, 0.043844, 0.0144, 0, 1.15409e-08, 2.64003e-08, 0, 0, 0.0582441, 5.51949e-07, 8.12935e-08, 1.43427, 0.930016, 2.3177e-06, 257.477
5073, 0.225833, 0.0453943, 0.0146908, 0, 1.05268e-08, 2.42329e-08, 0, 0, 0.0600851, 5.2826e-07, 7.29095e-08, 1.48796, 0.930044, 2.33908e-06, 258.179
5074, 0.207103, 0.0477078, 0.0150855, 0, 8.95754e-09, 2.08025e-08, 0, 0, 0.0627932, 4.8316e-07, 6.05484e-08, 1.57454, 0.930072, 2.32909e-06, 259.191
5075, 0.180666, 0.0510101, 0.0155836, 0, 6.8932e-09, 1.62151e-08, 0, 0, 0.0665938, 4.16359e-07, 4.48497e-08, 1.71111, 0.9301, 2.29834e-06, 260.563
5076, 0.150307, 0.0549864, 0.0160651, 0, 4.85186e-09, 1.1606e-08, 0, 0, 0.0710515, 3.4246e-07, 2.9824e-08, 1.89507, 0.930128, 2.27268e-06, 262.097
5077, 0.117888, 0.0596355, 0.0163866, 0, 3.12795e-09, 7.62573e-09, 0, 0, 0.0760221, 2.66234e-07, 1.78675e-08, 2.13802, 0.930156, 2.24941e-06, 263.718
5078, 0.0828365, 0.0654221, 0.0163315, 0, 1.72705e-09, 4.30598e-09, 0, 0, 0.0817536, 1.85175e-07, 8.98801e-09, 2.49089, 0.930184, 2.22335e-06, 265.486
5079, 0.048466, 0.0727619, 0.0153567, 0, 7.60139e-10, 1.94629e-09, 0, 0, 0.0881186, 1.07454e-07, 3.52049e-09, 3.02689, 0.930212, 2.20962e-06, 267.336
5080, 0.021107, 0.0818029, 0.0127087, 0, 2.43071e-10, 6.39961e-10, 0, 0, 0.0945117, 4.63641e-08, 9.89535e-10, 3.85815, 0.93024, 2.23414e-06, 269.087
5081, 0.0060062, 0.0913357, 0.00843862, 0, 4.97078e-11, 1.34613e-10, 0, 0, 0.0997743, 1.30786e-08, 1.76702e-10, 5.11496, 0.930268, 2.28092e-06, 270.452
5082, 0.001004, 0.0986357, 0.00438651, 0, 5.86387e-12, 1.63621e-11, 0, 0, 0.103022, 2.18549e-09, 1.79447e-11, 6.90377, 0.930296, 2.28482e-06, 271.254
5083, 9.15016e-05, 0.101332, 0.00281689, 0, 3.75672e-13, 1.08254e-12, 0, 0, 0.104149, 2.01146e-10, 9.70005e-13, 9.29915, 0.930324, 2.26146e-06, 271.509
5084, 1.4313e-05, 0.10067, 0.00335819, 0, 5.37045e-14, 1.56366e-13, 0, 0, 0.104029, 3.26496e-11, 1.31152e-13, 11.1543, 0.930352, 2.27181e-06, 271.451
5085, 0.000192118, 0.0999823, 0.00386302, 0, 1.07775e-12, 3.02588e-12, 0, 0, 0.103845, 4.39424e-10, 3.21889e-12, 8.5574, 0.93038, 2.29887e-06, 271.378
5086, 0.00188631, 0.0977042, 0.00518273, 0, 1.45941e-11, 3.97609e-11, 0, 0, 0.102887, 4.26979e-09, 5.11737e-11, 6.27313, 0.930408, 2.29596e-06, 271.109
5087, 0.0101131, 0.0902149, 0.00908113, 0, 1.08681e-10, 2.87509e-10, 0, 0, 0.099296, 2.26188e-08, 4.41911e-10, 4.59392, 0.930436, 2.27499e-06, 270.161
5088, 0.0323083, 0.0794978, 0.0134598, 0, 4.77293e-10, 1.22842e-09, 0, 0, 0.0929576, 7.1711e-08, 2.20876e-09, 3.43243, 0.930464, 2.25242e-06, 268.442
5089, 0.0683373, 0.0696463, 0.0158768, 0, 1.33789e-09, 3.36065e-09, 0, 0, 0.0855231, 1.51701e-07, 6.88556e-09, 2.6833, 0.930492, 2.2301e-06, 266.307
5090, 0.10732, 0.0623339, 0.0165201, 0, 2.60955e-09, 6.42263e-09, 0, 0, 0.078854, 2.37566e-07, 1.45936e-08, 2.23194, 0.93052, 2.2175e-06, 264.258
5091, 0.139303, 0.057421, 0.0164278, 0, 3.91887e-09, 9.48727e-09, 0, 0, 0.0738488, 3.03409e-07, 2.33541e-08, 1.9711, 0.930548, 2.18545e-06, 262.62
5092, 0.161965, 0.0542592, 0.0161775, 0, 5.06557e-09, 1.21121e-08, 0, 0, 0.0704367, 3.49426e-07, 3.16148e-08, 1.82037, 0.930576, 2.15682e-06, 261.443
5093, 0.176601, 0.0523959, 0.015964, 0, 6.05331e-09, 1.43673e-08, 0, 0, 0.0683599, 3.87941e-07, 3.88417e-08, 1.73386, 0.930604, 2.1902e-06, 260.694
5094, 0.181987, 0.0518543, 0.0158819, 0, 6.53556e-09, 1.54796e-08, 0, 0, 0.0677362, 4.07692e-07, 4.23149e-08, 1.70382, 0.930632, 2.23681e-06, 260.446
5095, 0.171905, 0.0533644, 0.0160015, 0, 5.98534e-09, 1.42196e-08, 0, 0, 0.0693659, 3.8526e-07, 3.83681e-08, 1.76081, 0.93066, 2.24166e-06, 260.991
5096, 0.138492, 0.0585824, 0.0160932, 0, 4.335e-09, 1.03858e-08, 0, 0, 0.0746756, 3.09979e-07, 2.69258e-08, 1.97694, 0.930688, 2.24444e-06, 262.754
5097, 0.0853915, 0.0690353, 0.0150138, 0, 2.23674e-09, 5.43308e-09, 0, 0, 0.0840492, 1.92533e-07, 1.31362e-08, 2.46051, 0.930716, 2.25405e-06, 265.65
5098, 0.0370539, 0.0822646, 0.0118985, 0, 7.5541e-10, 1.87146e-09, 0, 0, 0.0941632, 8.40991e-08, 4.07375e-09, 3.29538, 0.930744, 2.25052e-06, 268.494
5099, 0.0191233, 0.0887634, 0.00983694, 0, 3.24224e-10, 8.15435e-10, 0, 0, 0.0986003, 4.29161e-08, 1.64712e-09, 3.95685, 0.930772, 2.25016e-06, 269.648
5100, 0.0413527, 0.0816654, 0.011961, 0, 9.22628e-10, 2.26931e-09, 0, 0, 0.0936263, 9.21094e-08, 5.1812e-09, 3.18562, 0.9308, 2.24849e-06, 268.293
5101, 0.0920006, 0.0682346, 0.015078, 0, 2.51088e-09, 6.08185e-09, 0, 0, 0.0833126, 2.06964e-07, 1.49406e-08, 2.38596, 0.930828, 2.2469e-06, 265.32
5102, 0.138081, 0.0588057, 0.0162653, 0, 4.32566e-09, 1.03461e-08, 0, 0, 0.075071, 3.13625e-07, 2.68752e-08, 1.97991, 0.930856, 2.26475e-06, 262.718
5103, 0.167829, 0.0541704, 0.0162087, 0, 5.92114e-09, 1.39803e-08, 0, 0, 0.0703791, 3.80866e-07, 3.85334e-08, 1.78481, 0.930884, 2.27213e-06, 261.121
5104, 0.19453, 0.0507274, 0.0157586, 0, 7.57101e-09, 1.76955e-08, 0, 0, 0.0664861, 4.34454e-07, 5.13386e-08, 1.63717, 0.930912, 2.23958e-06, 259.724
5105, 0.210723, 0.0487656, 0.0154249, 0, 8.5057e-09, 1.98122e-08, 0, 0, 0.0641905, 4.61018e-07, 5.883e-08, 1.55721, 0.93094, 2.18945e-06, 258.859
5106, 0.2029, 0.0502838, 0.0153951, 0, 8.12723e-09, 1.9012e-08, 0, 0, 0.0656789, 4.43012e-07, 5.6204e-08, 1.59504, 0.930968, 2.18232e-06, 259.378
5107, 0.164049, 0.0566867, 0.015493, 0, 6.2004e-09, 1.46811e-08, 0, 0, 0.0721797, 3.62589e-07, 4.20719e-08, 1.80759, 0.930996, 2.20323e-06, 261.623
5108, 0.115559, 0.0643256, 0.0156943, 0, 3.69031e-09, 8.92784e-09, 0, 0, 0.08002, 2.557e-07, 2.3822e-08, 2.15798, 0.931024, 2.20316e-06, 264.125
5109, 0.0919615, 0.0672363, 0.0161879, 0, 2.31188e-09, 5.71671e-09, 0, 0, 0.0834243, 2.02338e-07, 1.3686e-08, 2.38639, 0.931052, 2.19989e-06, 265.134
5110, 0.0777384, 0.069421, 0.0162671, 0, 1.66354e-09, 4.14434e-09, 0, 0, 0.0856881, 1.72351e-07, 9.13347e-09, 2.55441, 0.93108, 2.22175e-06, 265.776
5111, 0.052074, 0.0757301, 0.0151664, 0, 9.65479e-10, 2.42123e-09, 0, 0, 0.0908966, 1.16931e-07, 4.96543e-09, 2.95509, 0.931108, 2.24954e-06, 267.237
5112, 0.0280744, 0.0817452, 0.0140959, 0, 3.87151e-10, 9.88331e-10, 0, 0, 0.0958411, 6.27498e-08, 1.79677e-09, 3.5729, 0.931136, 2.24041e-06, 268.56
5113, 0.017668, 0.0847147, 0.013425, 0, 1.45284e-10, 3.86719e-10, 0, 0, 0.0981397, 3.87173e-08, 5.2811e-10, 4.036, 0.931164, 2.22591e-06, 269.142
5114, 0.010745, 0.0901842, 0.0108604, 0, 6.8637e-11, 1.88274e-10, 0, 0, 0.101045, 2.35868e-08, 2.08281e-10, 4.53331, 0.931192, 2.24191e-06, 269.867
5115, 0.00774784, 0.0948786, 0.00836072, 0, 8.00159e-11, 2.1122e-10, 0, 0, 0.103239, 1.73439e-08, 3.41045e-10, 4.86034, 0.93122, 2.2639e-06, 270.397
5116, 0.0223955, 0.0894927, 0.0102068, 0, 3.92376e-10, 9.95507e-10, 0, 0, 0.0996995, 4.98856e-08, 2.03274e-09, 3.7989, 0.931248, 2.26708e-06, 269.466
5117, 0.0628994, 0.0761959, 0.0141961, 0, 1.39997e-09, 3.47016e-09, 0, 0, 0.090392, 1.37253e-07, 7.94513e-09, 2.76622, 0.931276, 2.23734e-06, 266.931
5118, 0.117228, 0.0638456, 0.0162345, 0, 3.18469e-09, 7.73474e-09, 0, 0, 0.0800801, 2.50463e-07, 1.94832e-08, 2.14363, 0.931304, 2.1749e-06, 263.87
5119, 0.163022, 0.0562092, 0.016383, 0, 5.17499e-09, 1.23718e-08, 0, 0, 0.0725923, 3.43948e-07, 3.34657e-08, 1.81387, 0.931332, 2.12258e-06, 261.433
5120, 0.190943, 0.0523187, 0.0160606, 0, 6.72995e-09, 1.592e-08, 0, 0, 0.0683793, 4.02951e-07, 4.51069e-08, 1.65578, 0.93136, 2.11168e-06, 259.96
5121, 0.203789, 0.0506132, 0.0158457, 0, 7.70077e-09, 1.81105e-08, 0, 0, 0.066459, 4.39198e-07, 5.26016e-08, 1.59067, 0.931388, 2.15392e-06, 259.25
5122, 0.206525, 0.0502542, 0.0158011, 0, 8.10982e-09, 1.90343e-08, 0, 0, 0.0660553, 4.57672e-07, 5.57064e-08, 1.57733, 0.931416, 2.21506e-06, 259.077
5123, 0.19901, 0.0514073, 0.0159141, 0, 7.78145e-09, 1.82807e-08, 0, 0, 0.0673214, 4.45357e-07, 5.32076e-08, 1.6144, 0.931444, 2.23318e-06, 259.504
5124, 0.172463, 0.0553076, 0.0162469, 0, 6.32944e-09, 1.49334e-08, 0, 0, 0.0715545, 3.83664e-07, 4.25133e-08, 1.75757, 0.931472, 2.21162e-06, 260.947
5125, 0.141485, 0.0597695, 0.0166306, 0, 4.63048e-09, 1.10128e-08, 0, 0, 0.0764001, 3.12654e-07, 3.00519e-08, 1.95556, 0.9315, 2.19769e-06, 262.518
5126, 0.139306, 0.0598936, 0.0167761, 0, 4.32358e-09, 1.03427e-08, 0, 0, 0.0766697, 3.0894e-07, 2.74479e-08, 1.97108, 0.931528, 2.21055e-06, 262.578
5127, 0.146236, 0.0586816, 0.0168571, 0, 4.42827e-09, 1.06316e-08, 0, 0, 0.0755387, 3.23392e-07, 2.78234e-08, 1.92254, 0.931556, 2.20733e-06, 262.186
5128, 0.135462, 0.0605366, 0.0169053, 0, 3.79345e-09, 9.18234e-09, 0, 0, 0.0774419, 2.95057e-07, 2.32651e-08, 1.99907, 0.931584, 2.17813e-06, 262.77
5129, 0.109712, 0.0656627, 0.0165554, 0, 2.79485e-09, 6.84912e-09, 0, 0, 0.0822181, 2.36075e-07, 1.66354e-08, 2.20989, 0.931612, 2.16589e-06, 264.223
5130, 0.0848666, 0.0706844, 0.0161591, 0, 1.9207e-09, 4.7823e-09, 0, 0, 0.0868435, 1.81833e-07, 1.09572e-08, 2.46667, 0.93164, 2.17004e-06, 265.565
5131, 0.0885839, 0.0695115, 0.0165092, 0, 1.85953e-09, 4.65903e-09, 0, 0, 0.0860207, 1.86635e-07, 1.02452e-08, 2.4238, 0.931668, 2.13763e-06, 265.299
5132, 0.101242, 0.0662907, 0.0171521, 0, 2.05834e-09, 5.14272e-09, 0, 0, 0.0834427, 2.09458e-07, 1.1171e-08, 2.29024, 0.931696, 2.08721e-06, 264.51
5133, 0.0920416, 0.0674714, 0.017396, 0, 1.70761e-09, 4.28201e-09, 0, 0, 0.0848674, 1.9088e-07, 8.90594e-09, 2.38551, 0.931724, 2.09761e-06, 264.906
5134, 0.0651649, 0.0728022, 0.0170109, 0, 1.02449e-09, 2.6004e-09, 0, 0, 0.0898131, 1.38614e-07, 4.94941e-09, 2.73083, 0.931752, 2.15972e-06, 266.304
5135, 0.0351304, 0.0809843, 0.0153203, 0, 4.36259e-10, 1.12732e-09, 0, 0, 0.0963046, 7.65463e-08, 1.89601e-09, 3.34869, 0.93178, 2.19594e-06, 268.055
5136, 0.0131977, 0.0911523, 0.0115726, 0, 1.21746e-10, 3.21388e-10, 0, 0, 0.102725, 2.90335e-08, 4.65432e-10, 4.32771, 0.931808, 2.19458e-06, 269.693
5137, 0.0030978, 0.100587, 0.00688664, 0, 2.05087e-11, 5.54327e-11, 0, 0, 0.107474, 6.83411e-09, 6.763e-11, 5.77706, 0.931836, 2.18923e-06, 270.844
5138, 0.000412022, 0.105406, 0.00421595, 0, 1.94607e-12, 5.39072e-12, 0, 0, 0.109622, 9.10985e-10, 5.45933e-12, 7.79443, 0.931864, 2.20939e-06, 271.336
5139, 3.01556e-05, 0.106199, 0.00384423, 0, 9.8388e-14, 2.7963e-13, 0, 0, 0.110043, 6.67632e-11, 2.32267e-13, 10.4091, 0.931892, 2.23305e-06, 271.41
5140, 1.89147e-05, 0.106303, 0.00384829, 0, 1.00532e-14, 3.41834e-14, 0, 0, 0.110152, 4.10036e-11, 7.38567e-15, 10.8756, 0.93192, 2.23795e-06, 271.409
5141, 0.000114044, 0.10441, 0.00514659, 0, 5.33057e-14, 1.88849e-13, 0, 0, 0.109557, 2.46854e-10, 1.81617e-14, 9.07892, 0.931948, 2.2255e-06, 271.239
5142, 0.000349348, 0.0999294, 0.0081222, 0, 1.73717e-13, 6.13927e-13, 0, 0, 0.108052, 7.57782e-10, 6.12203e-14, 7.95944, 0.931976, 2.19896e-06, 270.849
5143, 0.000525626, 0.0969455, 0.0101217, 0, 2.65102e-13, 9.37835e-13, 0, 0, 0.107067, 1.14263e-09, 9.3959e-14, 7.55092, 0.932004, 2.16166e-06, 270.582
5144, 0.000397991, 0.0979376, 0.00958495, 0, 1.91505e-13, 6.81026e-13, 0, 0, 0.107523, 8.63983e-10, 6.58616e-14, 7.82908, 0.932032, 2.10965e-06, 270.666
5145, 0.000154937, 0.101889, 0.00712286, 0, 6.6374e-14, 2.3838e-13, 0, 0, 0.109012, 3.33763e-10, 2.12454e-14, 8.7725, 0.93206, 2.06976e-06, 270.999
5146, 3.13182e-05, 0.106665, 0.00405808, 0, 1.11948e-14, 4.07857e-14, 0, 0, 0.110723, 6.65649e-11, 3.18375e-15, 10.3713, 0.932088, 2.08148e-06, 271.382
5147, 3.27074e-06, 0.110209, 0.00176656, 0, 9.35167e-16, 3.46586e-15, 0, 0, 0.111975, 6.84712e-12, 2.28815e-16, 12.6305, 0.932116, 2.13601e-06, 271.651
5148, 6.93568e-07, 0.11136, 0.00107056, 0, 5.53321e-16, 1.86747e-15, 0, 0, 0.11243, 1.50084e-12, 5.21542e-16, 14.1814, 0.932144, 2.178e-06, 271.731
5149, 1.29851e-05, 0.110409, 0.00178806, 0, 1.77844e-14, 5.76819e-14, 0, 0, 0.112197, 2.85155e-11, 2.19186e-14, 11.2517, 0.932172, 2.17939e-06, 271.649
5150, 0.000164074, 0.10774, 0.00361863, 0, 3.11518e-13, 9.80871e-13, 0, 0, 0.111358, 3.6039e-10, 4.69263e-13, 8.71519, 0.9322, 2.18242e-06, 271.424
5151, 0.00110729, 0.10253, 0.00696657, 0, 2.94059e-12, 8.96999e-12, 0, 0, 0.109496, 2.43226e-09, 5.53852e-12, 6.80584, 0.932228, 2.19654e-06, 270.953
5152, 0.00435176, 0.0955981, 0.0110513, 0, 1.72085e-11, 5.04153e-11, 0, 0, 0.106649, 9.55593e-09, 4.26439e-11, 5.43717, 0.932256, 2.19639e-06, 270.235
5153, 0.0117786, 0.0893568, 0.0141078, 0, 7.39217e-11, 2.07273e-10, 0, 0, 0.103465, 2.58495e-08, 2.3633e-10, 4.44148, 0.932284, 2.18461e-06, 269.418
5154, 0.0255681, 0.0839285, 0.0158903, 0, 2.31991e-10, 6.30611e-10, 0, 0, 0.0998188, 5.59066e-08, 8.68629e-10, 3.66641, 0.932312, 2.17459e-06, 268.461
5155, 0.0433366, 0.0788436, 0.0170207, 0, 4.84235e-10, 1.2925e-09, 0, 0, 0.0958643, 9.39712e-08, 1.98192e-09, 3.13876, 0.93234, 2.16835e-06, 267.395
5156, 0.0560037, 0.0756843, 0.0175797, 0, 7.11068e-10, 1.87159e-09, 0, 0, 0.093264, 1.2053e-07, 3.11448e-09, 2.88234, 0.932368, 2.16049e-06, 266.665
5157, 0.0661519, 0.0737271, 0.017742, 0, 9.78436e-10, 2.52852e-09, 0, 0, 0.0914691, 1.40766e-07, 4.69513e-09, 2.7158, 0.932396, 2.14354e-06, 266.144
5158, 0.0842799, 0.0706063, 0.017795, 0, 1.50945e-09, 3.82978e-09, 0, 0, 0.0884014, 1.76362e-07, 7.98425e-09, 2.47361, 0.932424, 2.10403e-06, 265.254
5159, 0.102519, 0.0678032, 0.0176787, 0, 2.13512e-09, 5.36639e-09, 0, 0, 0.085482, 2.14339e-07, 1.20187e-08, 2.2777, 0.932452, 2.09003e-06, 264.382
5160, 0.110202, 0.0668918, 0.0175206, 0, 2.49638e-09, 6.24655e-09, 0, 0, 0.0844124, 2.32246e-07, 1.45261e-08, 2.20544, 0.93248, 2.10436e-06, 264.04
5161, 0.108501, 0.0670914, 0.0176038, 0, 2.51865e-09, 6.27181e-09, 0, 0, 0.0846952, 2.30717e-07, 1.48374e-08, 2.221, 0.932508, 2.11418e-06, 264.097
5162, 0.106495, 0.0671808, 0.0177474, 0, 2.54705e-09, 6.28881e-09, 0, 0, 0.0849282, 2.29722e-07, 1.52456e-08, 2.23966, 0.932536, 2.13318e-06, 264.139
5163, 0.126114, 0.0640705, 0.0176044, 0, 3.43226e-09, 8.37134e-09, 0, 0, 0.081675, 2.75299e-07, 2.15335e-08, 2.07057, 0.932564, 2.16477e-06, 263.138
5164, 0.1561, 0.0594936, 0.0172925, 0, 4.72823e-09, 1.14476e-08, 0, 0, 0.0767861, 3.40425e-07, 3.07697e-08, 1.85726, 0.932592, 2.1775e-06, 261.586
5165, 0.171429, 0.0573151, 0.017105, 0, 5.40624e-09, 1.30513e-08, 0, 0, 0.07442, 3.70267e-07, 3.57642e-08, 1.76359, 0.93262, 2.16117e-06, 260.793
5166, 0.170707, 0.0575734, 0.0171069, 0, 5.33968e-09, 1.29021e-08, 0, 0, 0.0746804, 3.65038e-07, 3.53793e-08, 1.76781, 0.932648, 2.1403e-06, 260.851
5167, 0.163266, 0.0585597, 0.017219, 0, 4.88489e-09, 1.18359e-08, 0, 0, 0.0757787, 3.45636e-07, 3.2161e-08, 1.81238, 0.932676, 2.12024e-06, 261.182
5168, 0.156792, 0.0590969, 0.0173659, 0, 4.4107e-09, 1.06916e-08, 0, 0, 0.0764628, 3.2817e-07, 2.87377e-08, 1.85284, 0.932704, 2.09661e-06, 261.375
5169, 0.144026, 0.060707, 0.0175621, 0, 3.73654e-09, 9.06133e-09, 0, 0, 0.0782691, 2.99807e-07, 2.38208e-08, 1.93776, 0.932732, 2.08708e-06, 261.923
5170, 0.114494, 0.0658312, 0.0175368, 0, 2.6331e-09, 6.41685e-09, 0, 0, 0.083368, 2.40065e-07, 1.61373e-08, 2.16723, 0.93276, 2.10068e-06, 263.461
5171, 0.0701485, 0.0762829, 0.0161181, 0, 1.35667e-09, 3.33568e-09, 0, 0, 0.092401, 1.48833e-07, 7.85823e-09, 2.65714, 0.932788, 2.1012e-06, 266.025
5172, 0.0293374, 0.0896864, 0.0127598, 0, 4.49931e-10, 1.11803e-09, 0, 0, 0.102446, 6.23414e-08, 2.42313e-09, 3.52889, 0.932816, 2.09434e-06, 268.649
5173, 0.00983912, 0.0963627, 0.0109903, 0, 1.00035e-10, 2.50638e-10, 0, 0, 0.107353, 2.06025e-08, 4.83496e-10, 4.62139, 0.932844, 2.10774e-06, 269.841
5174, 0.0120971, 0.0919177, 0.0133277, 0, 1.28199e-10, 3.2028e-10, 0, 0, 0.105245, 2.54e-08, 6.56045e-10, 4.41479, 0.932872, 2.10837e-06, 269.296
5175, 0.0345247, 0.0834625, 0.0160964, 0, 6.39588e-10, 1.58807e-09, 0, 0, 0.0995589, 7.32886e-08, 3.72793e-09, 3.36608, 0.9329, 2.11357e-06, 267.829
5176, 0.0813881, 0.0739996, 0.0171166, 0, 2.01035e-09, 4.94502e-09, 0, 0, 0.0911162, 1.72618e-07, 1.24801e-08, 2.50853, 0.932928, 2.12796e-06, 265.535
5177, 0.134805, 0.0645958, 0.0173318, 0, 3.83952e-09, 9.36694e-09, 0, 0, 0.0819276, 2.86015e-07, 2.47553e-08, 2.00393, 0.932956, 2.12819e-06, 262.839
5178, 0.165587, 0.0593498, 0.0173138, 0, 5.06646e-09, 1.22931e-08, 0, 0, 0.0766636, 3.53276e-07, 3.33783e-08, 1.79826, 0.932984, 2.13439e-06, 261.172
5179, 0.174828, 0.0578825, 0.0172745, 0, 5.48764e-09, 1.3278e-08, 0, 0, 0.075157, 3.73594e-07, 3.64737e-08, 1.74395, 0.933012, 2.13764e-06, 260.659
5180, 0.17834, 0.0574916, 0.0172359, 0, 5.67938e-09, 1.37194e-08, 0, 0, 0.0747275, 3.80186e-07, 3.79366e-08, 1.72406, 0.93304, 2.13262e-06, 260.492
5181, 0.179627, 0.0573928, 0.0172233, 0, 5.78609e-09, 1.39697e-08, 0, 0, 0.0746161, 3.84661e-07, 3.87328e-08, 1.71687, 0.933068, 2.14176e-06, 260.429
5182, 0.175865, 0.0578321, 0.017303, 0, 5.5707e-09, 1.34618e-08, 0, 0, 0.0751352, 3.78298e-07, 3.70991e-08, 1.73804, 0.933096, 2.15121e-06, 260.572
5183, 0.169894, 0.0585851, 0.0174244, 0, 5.18534e-09, 1.25598e-08, 0, 0, 0.0760095, 3.64605e-07, 3.41914e-08, 1.77258, 0.933124, 2.14582e-06, 260.828
5184, 0.164857, 0.0594911, 0.0175255, 0, 4.83098e-09, 1.17487e-08, 0, 0, 0.0770166, 3.48535e-07, 3.1494e-08, 1.80267, 0.933152, 2.11264e-06, 261.124
5185, 0.155395, 0.0612094, 0.0176478, 0, 4.29115e-09, 1.04992e-08, 0, 0, 0.0788572, 3.21094e-07, 2.75271e-08, 1.86178, 0.93318, 2.06519e-06, 261.679
5186, 0.134701, 0.0646563, 0.0178187, 0, 3.4122e-09, 8.42659e-09, 0, 0, 0.0824751, 2.76914e-07, 2.12815e-08, 2.0047, 0.933208, 2.05583e-06, 262.764
5187, 0.112842, 0.0682096, 0.0180017, 0, 2.53988e-09, 6.34909e-09, 0, 0, 0.0862113, 2.33152e-07, 1.51404e-08, 2.18176, 0.933236, 2.05956e-06, 263.845
5188, 0.105425, 0.0693005, 0.0181725, 0, 2.14518e-09, 5.40882e-09, 0, 0, 0.087473, 2.16072e-07, 1.22456e-08, 2.24975, 0.933264, 2.04752e-06, 264.183
5189, 0.0980524, 0.07044, 0.0183195, 0, 1.84467e-09, 4.67478e-09, 0, 0, 0.0887595, 2.01078e-07, 1.01675e-08, 2.32225, 0.933292, 2.06371e-06, 264.524
5190, 0.0808973, 0.0732297, 0.018436, 0, 1.32851e-09, 3.39274e-09, 0, 0, 0.0916657, 1.69371e-07, 6.88099e-09, 2.51457, 0.93332, 2.11034e-06, 265.313
5191, 0.0672486, 0.0754907, 0.0184786, 0, 9.24895e-10, 2.3859e-09, 0, 0, 0.0939693, 1.42781e-07, 4.38089e-09, 2.69936, 0.933348, 2.12732e-06, 265.918
5192, 0.0578973, 0.0776115, 0.018332, 0, 6.8908e-10, 1.8026e-09, 0, 0, 0.0959435, 1.22178e-07, 3.02655e-09, 2.84908, 0.933376, 2.11168e-06, 266.423
5193, 0.0443051, 0.0813624, 0.0178195, 0, 4.55301e-10, 1.2153e-09, 0, 0, 0.0991819, 9.30887e-08, 1.85819e-09, 3.11665, 0.933404, 2.11278e-06, 267.249
5194, 0.0265145, 0.0867407, 0.0167694, 0, 2.21998e-10, 6.05731e-10, 0, 0, 0.10351, 5.61138e-08, 8.24752e-10, 3.63006, 0.933432, 2.13406e-06, 268.328
5195, 0.0118722, 0.0924016, 0.0151648, 0, 7.20496e-11, 2.0113e-10, 0, 0, 0.107566, 2.53649e-08, 2.35545e-10, 4.43356, 0.93346, 2.14561e-06, 269.305
5196, 0.00420605, 0.0978843, 0.0128451, 0, 1.53662e-11, 4.41875e-11, 0, 0, 0.110729, 9.02619e-09, 4.10021e-11, 5.47123, 0.933488, 2.14348e-06, 270.039
5197, 0.00120286, 0.10391, 0.00954849, 0, 2.38494e-12, 7.15962e-12, 0, 0, 0.113458, 2.58297e-09, 4.53349e-12, 6.72305, 0.933516, 2.12055e-06, 270.655
5198, 0.000239173, 0.110111, 0.00575483, 0, 2.86157e-13, 9.02452e-13, 0, 0, 0.115866, 5.13628e-10, 3.57982e-13, 8.33832, 0.933544, 2.06544e-06, 271.185
5199, 2.78541e-05, 0.114901, 0.0026961, 0, 2.30127e-14, 7.59254e-14, 0, 0, 0.117597, 5.98404e-11, 2.0149e-14, 10.4885, 0.933572, 2.00827e-06, 271.553
5200, 1.72666e-06, 0.117131, 0.00128686, 0, 1.0411e-15, 3.57367e-15, 0, 0, 0.118418, 3.71082e-12, 6.8923e-16, 13.2693, 0.9336, 2.00456e-06, 271.712
5201, 2.96331e-07, 0.117391, 0.0011931, 0, 8.01394e-17, 3.03626e-16, 0, 0, 0.118584, 6.12479e-13, 2.4094e-17, 15.0318, 0.933628, 2.0556e-06, 271.723
5202, 4.32131e-06, 0.116261, 0.00203082, 0, 1.21562e-15, 4.66506e-15, 0, 0, 0.118291, 8.86288e-12, 2.95383e-16, 12.352, 0.933656, 2.08338e-06, 271.63
5203, 3.7828e-05, 0.112924, 0.00433032, 0, 1.28654e-14, 4.86488e-14, 0, 0, 0.117254, 7.80994e-11, 3.67012e-15, 10.1825, 0.933684, 2.06796e-06, 271.369
5204, 0.000173637, 0.108033, 0.00761605, 0, 7.18301e-14, 2.66695e-13, 0, 0, 0.115649, 3.62222e-10, 2.44888e-14, 8.65855, 0.933712, 2.06343e-06, 270.976
5205, 0.000465822, 0.103878, 0.0103472, 0, 2.3411e-13, 8.50768e-13, 0, 0, 0.114226, 9.81542e-10, 9.47907e-14, 7.67171, 0.93374, 2.08242e-06, 270.621
5206, 0.000802907, 0.101615, 0.0118124, 0, 4.62829e-13, 1.651e-12, 0, 0, 0.113427, 1.70142e-09, 2.09199e-13, 7.12727, 0.933768, 2.10741e-06, 270.409
5207, 0.000878569, 0.101297, 0.0120718, 0, 5.21964e-13, 1.84058e-12, 0, 0, 0.113368, 1.86479e-09, 2.43462e-13, 7.03722, 0.933796, 2.12156e-06, 270.368
5208, 0.00057241, 0.103079, 0.0110652, 0, 3.13256e-13, 1.09835e-12, 0, 0, 0.114144, 1.21536e-09, 1.41241e-13, 7.46565, 0.933824, 2.12691e-06, 270.522
5209, 0.000217073, 0.106408, 0.00907075, 0, 9.82232e-14, 3.44216e-13, 0, 0, 0.115479, 4.61182e-10, 4.01293e-14, 8.43528, 0.933852, 2.12567e-06, 270.804
5210, 4.80749e-05, 0.110053, 0.00680681, 0, 1.65212e-14, 5.8336e-14, 0, 0, 0.11686, 1.02262e-10, 5.63948e-15, 9.94275, 0.93388, 2.10384e-06, 271.094
5211, 6.08454e-06, 0.113571, 0.00455954, 0, 1.54338e-15, 5.54903e-15, 0, 0, 0.118131, 1.29597e-11, 4.04627e-16, 12.0098, 0.933908, 2.05015e-06, 271.355
5212, 4.28504e-07, 0.116791, 0.00247908, 0, 7.96461e-17, 2.93157e-16, 0, 0, 0.11927, 9.13445e-13, 1.53689e-17, 14.663, 0.933936, 1.99255e-06, 271.585
5213, 1.80117e-08, 0.11895, 0.00110276, 0, 2.25847e-18, 8.46753e-18, 0, 0, 0.120053, 3.83256e-14, 3.1931e-19, 17.8322, 0.933964, 1.97704e-06, 271.733
5214, 3.00453e-08, 0.119387, 0.000887882, 0, 6.08371e-18, 2.25169e-17, 0, 0, 0.120275, 6.09382e-14, 1.71932e-18, 17.3206, 0.933992, 2.017e-06, 271.756
5215, 8.40855e-07, 0.117964, 0.00192813, 0, 2.55868e-16, 9.19495e-16, 0, 0, 0.119893, 1.73468e-12, 9.92741e-17, 13.9888, 0.93402, 2.07056e-06, 271.645
5216, 1.28049e-05, 0.114995, 0.00399846, 0, 5.78875e-15, 2.0114e-14, 0, 0, 0.118994, 2.67541e-11, 3.04398e-15, 11.2657, 0.934048, 2.0781e-06, 271.417
5217, 0.000108709, 0.110997, 0.00670985, 0, 7.08902e-14, 2.3774e-13, 0, 0, 0.117707, 2.28707e-10, 4.90405e-14, 9.12684, 0.934076, 2.04541e-06, 271.101
5218, 0.000539205, 0.106525, 0.00961568, 0, 4.99197e-13, 1.61115e-12, 0, 0, 0.11614, 1.1376e-09, 4.63796e-13, 7.52542, 0.934104, 2.04335e-06, 270.718
5219, 0.00169668, 0.102229, 0.0122157, 0, 2.33693e-12, 7.25831e-12, 0, 0, 0.114444, 3.57967e-09, 3.0679e-12, 6.37908, 0.934132, 2.08117e-06, 270.301
5220, 0.00393475, 0.0987859, 0.0140735, 0, 8.56557e-12, 2.58838e-11, 0, 0, 0.112859, 8.27373e-09, 1.53131e-11, 5.53791, 0.93416, 2.10313e-06, 269.905
5221, 0.0075635, 0.0964118, 0.0151, 0, 2.38823e-11, 7.11802e-11, 0, 0, 0.111512, 1.57858e-08, 5.15326e-11, 4.88442, 0.934188, 2.09817e-06, 269.562
5222, 0.0116782, 0.0949191, 0.0155494, 0, 4.6108e-11, 1.36067e-10, 0, 0, 0.110469, 2.41506e-08, 1.11749e-10, 4.45003, 0.934216, 2.08054e-06, 269.288
5223, 0.014841, 0.0938527, 0.0158392, 0, 6.84998e-11, 1.98589e-10, 0, 0, 0.109692, 3.04027e-08, 1.84812e-10, 4.21036, 0.934244, 2.06279e-06, 269.076
5224, 0.0182784, 0.0920733, 0.0165085, 0, 9.99144e-11, 2.81672e-10, 0, 0, 0.108582, 3.68276e-08, 3.06382e-10, 4.00204, 0.934272, 2.0396e-06, 268.783
5225, 0.0255544, 0.0892826, 0.01738, 0, 1.74414e-10, 4.80872e-10, 0, 0, 0.106663, 5.05413e-08, 6.07469e-10, 3.66695, 0.9343, 2.00611e-06, 268.289
5226, 0.0360578, 0.0861496, 0.0181185, 0, 2.85615e-10, 7.80982e-10, 0, 0, 0.104268, 7.11639e-08, 1.05717e-09, 3.32263, 0.934328, 1.98629e-06, 267.671
5227, 0.0395837, 0.0851718, 0.0183628, 0, 3.23982e-10, 8.84675e-10, 0, 0, 0.103535, 7.86471e-08, 1.21203e-09, 3.22934, 0.934356, 1.99766e-06, 267.461
5228, 0.0326757, 0.0871227, 0.0180514, 0, 2.47148e-10, 6.77597e-10, 0, 0, 0.105174, 6.55717e-08, 8.94641e-10, 3.42112, 0.934384, 2.02855e-06, 267.844
5229, 0.0243247, 0.0895489, 0.0176467, 0, 1.52894e-10, 4.24304e-10, 0, 0, 0.107196, 4.94241e-08, 5.04775e-10, 3.71626, 0.934412, 2.04974e-06, 268.314
5230, 0.0184136, 0.0917045, 0.0171735, 0, 9.35568e-11, 2.64434e-10, 0, 0, 0.108878, 3.7549e-08, 2.73725e-10, 3.99466, 0.93444, 2.04838e-06, 268.696
5231, 0.0120654, 0.0949534, 0.0161251, 0, 4.81215e-11, 1.39086e-10, 0, 0, 0.111079, 2.46231e-08, 1.22989e-10, 4.41742, 0.934468, 2.04232e-06, 269.196
5232, 0.00608603, 0.0998602, 0.0140086, 0, 1.81988e-11, 5.4077e-11, 0, 0, 0.113869, 1.2441e-08, 3.87781e-11, 5.10176, 0.934496, 2.03319e-06, 269.825
5233, 0.0020965, 0.106385, 0.0105629, 0, 4.74642e-12, 1.44687e-11, 0, 0, 0.116948, 4.26384e-09, 8.41725e-12, 6.16749, 0.934524, 2.03777e-06, 270.507
5234, 0.000428107, 0.113323, 0.00642158, 0, 7.35166e-13, 2.28675e-12, 0, 0, 0.119744, 8.6176e-10, 1.11826e-12, 7.75614, 0.934552, 2.05151e-06, 271.111
5235, 4.79665e-05, 0.11846, 0.00318074, 0, 6.00721e-14, 1.90185e-13, 0, 0, 0.121641, 9.57749e-11, 7.88802e-14, 9.94501, 0.93458, 2.05317e-06, 271.506
5236, 3.77756e-06, 0.119698, 0.00244942, 0, 2.5337e-15, 8.22993e-15, 0, 0, 0.122147, 7.61138e-12, 2.74883e-15, 12.4864, 0.934608, 2.04374e-06, 271.591
5237, 5.60227e-06, 0.117059, 0.00429643, 0, 5.06544e-16, 2.07212e-15, 0, 0, 0.121355, 1.15888e-11, 6.19775e-17, 12.0923, 0.934636, 2.04459e-06, 271.39
5238, 1.50824e-05, 0.113495, 0.00675141, 0, 1.29286e-15, 5.40484e-15, 0, 0, 0.120246, 3.11213e-11, 4.81647e-17, 11.102, 0.934664, 2.04051e-06, 271.118
5239, 1.89167e-05, 0.112767, 0.00731295, 0, 1.71183e-15, 7.08867e-15, 0, 0, 0.12008, 3.88384e-11, 1.56423e-16, 10.8755, 0.934692, 2.00641e-06, 271.055
5240, 1.39983e-05, 0.115686, 0.00544903, 0, 5.18758e-15, 1.76229e-14, 0, 0, 0.121135, 2.85965e-11, 5.86623e-15, 11.1766, 0.93472, 1.98913e-06, 271.263
5241, 6.34251e-05, 0.118299, 0.00377083, 0, 1.0536e-13, 3.3101e-13, 0, 0, 0.12207, 1.3097e-10, 1.70017e-13, 9.66565, 0.934748, 1.99901e-06, 271.443
5242, 0.000571166, 0.115886, 0.00533175, 0, 1.30952e-12, 3.98808e-12, 0, 0, 0.121218, 1.18191e-09, 2.50981e-12, 7.46783, 0.934776, 1.99524e-06, 271.229
5243, 0.00291657, 0.108573, 0.00975967, 0, 8.89664e-12, 2.62168e-11, 0, 0, 0.118333, 6.02052e-09, 2.03937e-11, 5.83735, 0.934804, 2.00868e-06, 270.558
5244, 0.00896505, 0.100201, 0.0142109, 0, 3.67796e-11, 1.05133e-10, 0, 0, 0.114412, 1.83663e-08, 1.00478e-10, 4.71442, 0.934832, 2.03941e-06, 269.636
5245, 0.0188837, 0.0935612, 0.016997, 0, 1.02102e-10, 2.85824e-10, 0, 0, 0.110558, 3.82125e-08, 3.21374e-10, 3.96946, 0.93486, 2.04182e-06, 268.706
5246, 0.0300881, 0.0892251, 0.0182916, 0, 2.00371e-10, 5.54319e-10, 0, 0, 0.107517, 6.01301e-08, 6.94077e-10, 3.50362, 0.934888, 2.01702e-06, 267.947
5247, 0.0371615, 0.0873349, 0.018677, 0, 2.77312e-10, 7.6246e-10, 0, 0, 0.106012, 7.38737e-08, 1.009e-09, 3.29248, 0.934916, 1.99848e-06, 267.553
5248, 0.0336028, 0.0892288, 0.0180539, 0, 2.52695e-10, 6.93877e-10, 0, 0, 0.107283, 6.70836e-08, 9.2275e-10, 3.39314, 0.934944, 2.0054e-06, 267.838
5249, 0.0200795, 0.0963735, 0.0154583, 0, 1.3777e-10, 3.79195e-10, 0, 0, 0.111832, 4.028e-08, 4.86999e-10, 3.90805, 0.934972, 2.02557e-06, 268.903
5250, 0.00730335, 0.106521, 0.0109219, 0, 4.19761e-11, 1.16026e-10, 0, 0, 0.117443, 1.46401e-08, 1.39896e-10, 4.91942, 0.935, 2.04603e-06, 270.174
5251, 0.00286058, 0.112094, 0.00810876, 0, 1.36855e-11, 3.77121e-11, 0, 0, 0.120203, 5.64967e-09, 4.49647e-11, 5.85673, 0.935028, 2.04882e-06, 270.768
5252, 0.0079707, 0.107281, 0.0104784, 0, 5.39348e-11, 1.45401e-10, 0, 0, 0.117759, 1.5567e-08, 2.12042e-10, 4.83198, 0.935056, 2.01958e-06, 270.194
5253, 0.0242111, 0.0961822, 0.0152828, 0, 2.17927e-10, 5.81605e-10, 0, 0, 0.111465, 4.7911e-08, 9.39656e-10, 3.72094, 0.935084, 1.97942e-06, 268.712
5254, 0.0456756, 0.0869993, 0.0183009, 0, 4.93466e-10, 1.30979e-09, 0, 0, 0.1053, 9.17466e-08, 2.24548e-09, 3.08619, 0.935112, 1.97796e-06, 267.194
5255, 0.0571758, 0.0834321, 0.0191693, 0, 6.65688e-10, 1.76409e-09, 0, 0, 0.102601, 1.14939e-07, 3.11698e-09, 2.86162, 0.93514, 1.98538e-06, 266.493
5256, 0.0563451, 0.0840513, 0.0189531, 0, 6.55981e-10, 1.74362e-09, 0, 0, 0.103004, 1.11601e-07, 3.12855e-09, 2.87626, 0.935168, 1.9653e-06, 266.569
5257, 0.0488361, 0.0877119, 0.0176985, 0, 5.63932e-10, 1.50941e-09, 0, 0, 0.10541, 9.61759e-08, 2.737e-09, 3.01929, 0.935196, 1.96462e-06, 267.143
5258, 0.0430897, 0.0916764, 0.016154, 0, 5.52396e-10, 1.48072e-09, 0, 0, 0.10783, 8.63165e-08, 2.82606e-09, 3.14447, 0.935224, 1.99058e-06, 267.711
5259, 0.0608449, 0.0876237, 0.0166916, 0, 9.86277e-10, 2.59543e-09, 0, 0, 0.104315, 1.23749e-07, 5.47012e-09, 2.79943, 0.935252, 2.01807e-06, 266.819
5260, 0.0923401, 0.0786174, 0.0184513, 0, 1.67454e-09, 4.33398e-09, 0, 0, 0.0970687, 1.86696e-07, 9.66963e-09, 2.38228, 0.93528, 2.02033e-06, 264.933
5261, 0.110449, 0.0734953, 0.0193204, 0, 2.05607e-09, 5.26326e-09, 0, 0, 0.0928157, 2.19017e-07, 1.21148e-08, 2.2032, 0.935308, 1.98486e-06, 263.762
5262, 0.116704, 0.072084, 0.0194694, 0, 2.18452e-09, 5.56412e-09, 0, 0, 0.0915534, 2.26675e-07, 1.30077e-08, 2.14812, 0.935336, 1.94377e-06, 263.389
5263, 0.119346, 0.0719081, 0.0194587, 0, 2.2619e-09, 5.7618e-09, 0, 0, 0.0913668, 2.30362e-07, 1.34963e-08, 2.12573, 0.935364, 1.93167e-06, 263.311
5264, 0.116057, 0.0726207, 0.0195045, 0, 2.17031e-09, 5.54252e-09, 0, 0, 0.0921252, 2.26333e-07, 1.28061e-08, 2.15367, 0.935392, 1.95343e-06, 263.495
5265, 0.106567, 0.0742001, 0.0196126, 0, 1.8822e-09, 4.8304e-09, 0, 0, 0.0938126, 2.11334e-07, 1.08229e-08, 2.23898, 0.93542, 1.98441e-06, 263.931
5266, 0.0954881, 0.0762786, 0.0196836, 0, 1.54059e-09, 3.99016e-09, 0, 0, 0.0959622, 1.89686e-07, 8.53638e-09, 2.34875, 0.935448, 1.97936e-06, 264.483
5267, 0.0848543, 0.0786353, 0.0196542, 0, 1.23769e-09, 3.2435e-09, 0, 0, 0.0982895, 1.66117e-07, 6.57243e-09, 2.46682, 0.935476, 1.94765e-06, 265.072
5268, 0.0698609, 0.0822694, 0.0193384, 0, 9.13786e-10, 2.41667e-09, 0, 0, 0.101608, 1.35729e-07, 4.63271e-09, 2.66125, 0.935504, 1.9364e-06, 265.903
5269, 0.0475481, 0.0883886, 0.0183692, 0, 5.23319e-10, 1.3996e-09, 0, 0, 0.106758, 9.24926e-08, 2.48795e-09, 3.04601, 0.935532, 1.94115e-06, 267.164
5270, 0.0291414, 0.0939773, 0.0173104, 0, 2.3296e-10, 6.40514e-10, 0, 0, 0.111288, 5.64968e-08, 9.71429e-10, 3.5356, 0.93556, 1.94894e-06, 268.228
5271, 0.021796, 0.0958802, 0.0171736, 0, 1.2432e-10, 3.55139e-10, 0, 0, 0.113054, 4.22562e-08, 4.20695e-10, 3.82603, 0.935588, 1.96427e-06, 268.618
5272, 0.01627, 0.0978948, 0.0167675, 0, 7.70002e-11, 2.23551e-10, 0, 0, 0.114662, 3.19183e-08, 2.27598e-10, 4.11843, 0.935616, 1.9867e-06, 268.966
5273, 0.00836042, 0.103369, 0.014572, 0, 3.24014e-11, 9.52383e-11, 0, 0, 0.117941, 1.66417e-08, 8.59136e-11, 4.78425, 0.935644, 1.99446e-06, 269.69
5274, 0.00266081, 0.111034, 0.0106626, 0, 7.79614e-12, 2.3362e-11, 0, 0, 0.121697, 5.34512e-09, 1.79494e-11, 5.92912, 0.935672, 1.99169e-06, 270.502
5275, 0.000505733, 0.118636, 0.00617294, 0, 1.05069e-12, 3.23028e-12, 0, 0, 0.124808, 1.01699e-09, 2.02108e-12, 7.5895, 0.9357, 2.00273e-06, 271.155
5276, 5.52358e-05, 0.123732, 0.0029756, 0, 7.79581e-14, 2.46876e-13, 0, 0, 0.126708, 1.10497e-10, 1.21557e-13, 9.8039, 0.935728, 2.00336e-06, 271.537
5277, 1.31864e-05, 0.124435, 0.00260018, 0, 6.43486e-15, 2.25816e-14, 0, 0, 0.127035, 2.64968e-11, 5.16804e-15, 11.2363, 0.935756, 1.98525e-06, 271.581
5278, 7.18057e-05, 0.120908, 0.00501065, 0, 3.51922e-14, 1.2543e-13, 0, 0, 0.125919, 1.43914e-10, 2.56103e-14, 9.54155, 0.935784, 1.98497e-06, 271.316
5279, 0.000322524, 0.115883, 0.00835009, 0, 2.96484e-13, 9.90498e-13, 0, 0, 0.124233, 6.33084e-10, 3.53717e-13, 8.03933, 0.935812, 1.99252e-06, 270.927
5280, 0.00123432, 0.112094, 0.0107152, 0, 1.8741e-12, 6.02082e-12, 0, 0, 0.122809, 2.35441e-09, 2.78184e-12, 6.69723, 0.93584, 1.9638e-06, 270.591
5281, 0.0036047, 0.108257, 0.0128129, 0, 6.91212e-12, 2.18243e-11, 0, 0, 0.12107, 6.79225e-09, 1.12833e-11, 5.62552, 0.935868, 1.91604e-06, 270.182
5282, 0.00641871, 0.104349, 0.0148874, 0, 1.37388e-11, 4.30745e-11, 0, 0, 0.119236, 1.21801e-08, 2.34592e-11, 5.04854, 0.935896, 1.90751e-06, 269.748
5283, 0.00690509, 0.103654, 0.0153295, 0, 1.51518e-11, 4.76002e-11, 0, 0, 0.118983, 1.3365e-08, 2.58064e-11, 4.9755, 0.935924, 1.94994e-06, 269.666
5284, 0.0056033, 0.104732, 0.0149395, 0, 1.11469e-11, 3.54453e-11, 0, 0, 0.119671, 1.10533e-08, 1.75582e-11, 5.1844, 0.935952, 1.98103e-06, 269.794
5285, 0.00444856, 0.105221, 0.014895, 0, 7.37878e-12, 2.37928e-11, 0, 0, 0.120116, 8.78536e-09, 1.01323e-11, 5.41518, 0.93598, 1.96452e-06, 269.868
5286, 0.00292295, 0.1069, 0.0141811, 0, 3.99772e-12, 1.30242e-11, 0, 0, 0.121081, 5.70458e-09, 4.86509e-12, 5.83516, 0.936008, 1.93811e-06, 270.056
5287, 0.00128768, 0.110411, 0.0123381, 0, 1.35513e-12, 4.48305e-12, 0, 0, 0.122749, 2.4818e-09, 1.43897e-12, 6.65491, 0.936036, 1.95068e-06, 270.397
5288, 0.000371436, 0.114813, 0.00977303, 0, 2.69905e-13, 9.16423e-13, 0, 0, 0.124586, 7.13895e-10, 2.33154e-13, 7.89814, 0.936064, 1.98552e-06, 270.771
5289, 7.04516e-05, 0.119512, 0.00684841, 0, 3.27616e-14, 1.15388e-13, 0, 0, 0.12636, 1.36707e-10, 2.08002e-14, 9.56058, 0.936092, 2.00439e-06, 271.127
5290, 8.35089e-06, 0.123888, 0.00404023, 0, 2.4817e-15, 9.10017e-15, 0, 0, 0.127928, 1.64245e-11, 1.05528e-15, 11.6931, 0.93612, 2.00546e-06, 271.435
5291, 5.70247e-07, 0.127184, 0.00191541, 0, 1.12943e-16, 4.28949e-16, 0, 0, 0.1291, 1.13318e-12, 3.10637e-17, 14.3772, 0.936148, 1.99165e-06, 271.657
5292, 2.5213e-08, 0.128761, 0.000936473, 0, 3.39499e-18, 1.32297e-17, 0, 0, 0.129697, 4.99013e-14, 6.21527e-19, 17.4959, 0.936176, 1.95905e-06, 271.756
5293, 1.58063e-07, 0.128323, 0.00131437, 0, 3.02016e-17, 1.14086e-16, 0, 0, 0.129638, 3.01515e-13, 8.95658e-18, 15.6603, 0.936204, 1.92722e-06, 271.718
5294, 3.12976e-06, 0.126005, 0.00295371, 0, 9.3244e-16, 3.40533e-15, 0, 0, 0.128959, 6.07124e-12, 4.10113e-16, 12.6746, 0.936232, 1.9064e-06, 271.55
5295, 3.48466e-05, 0.122227, 0.00554672, 0, 1.622e-14, 5.71284e-14, 0, 0, 0.127774, 6.8579e-11, 1.01608e-14, 10.2646, 0.93626, 1.88962e-06, 271.274
5296, 0.000231301, 0.117647, 0.0085966, 0, 1.66946e-13, 5.66804e-13, 0, 0, 0.126244, 4.58719e-10, 1.43869e-13, 8.37179, 0.936288, 1.89585e-06, 270.923
5297, 0.000980963, 0.112985, 0.0115357, 0, 1.06534e-12, 3.49498e-12, 0, 0, 0.124521, 1.94408e-09, 1.20794e-12, 6.92698, 0.936316, 1.93445e-06, 270.526
5298, 0.00284644, 0.108706, 0.0139869, 0, 4.39987e-12, 1.40133e-11, 0, 0, 0.122693, 5.59216e-09, 6.24831e-12, 5.86169, 0.936344, 1.96729e-06, 270.103
5299, 0.00598729, 0.105079, 0.015806, 0, 1.22292e-11, 3.80529e-11, 0, 0, 0.120885, 1.16124e-08, 2.06305e-11, 5.11812, 0.936372, 1.95988e-06, 269.679
5300, 0.00946313, 0.102467, 0.0169548, 0, 2.33841e-11, 7.16418e-11, 0, 0, 0.119422, 1.81859e-08, 4.42124e-11, 4.66035, 0.9364, 1.9342e-06, 269.327
5301, 0.0111264, 0.101649, 0.0172824, 0, 3.02043e-11, 9.18791e-11, 0, 0, 0.118932, 2.14153e-08, 6.03445e-11, 4.49843, 0.936428, 1.93146e-06, 269.192
5302, 0.009078, 0.103898, 0.0162782, 0, 2.46126e-11, 7.49032e-11, 0, 0, 0.120176, 1.7663e-08, 4.94017e-11, 4.7019, 0.936456, 1.95538e-06, 269.445
5303, 0.00469707, 0.10958, 0.0134855, 0, 1.1563e-11, 3.54375e-11, 0, 0, 0.123066, 9.24285e-09, 2.23944e-11, 5.36082, 0.936484, 1.9709e-06, 270.056
5304, 0.00146082, 0.116504, 0.00970517, 0, 2.93877e-12, 9.14049e-12, 0, 0, 0.12621, 2.89299e-09, 5.26512e-12, 6.52876, 0.936512, 1.96771e-06, 270.71
5305, 0.000277881, 0.122008, 0.00643951, 0, 4.13753e-13, 1.3188e-12, 0, 0, 0.128447, 5.49795e-10, 6.49077e-13, 8.18832, 0.93654, 1.95949e-06, 271.16
5306, 0.000182324, 0.124493, 0.00489725, 0, 3.48638e-13, 1.05945e-12, 0, 0, 0.12939, 3.36652e-10, 7.20026e-13, 8.60972, 0.936568, 1.9462e-06, 271.333
5307, 0.00126984, 0.121181, 0.00692359, 0, 3.65797e-12, 1.07732e-11, 0, 0, 0.128104, 2.33057e-09, 9.26593e-12, 6.66887, 0.936596, 1.92083e-06, 271.037
5308, 0.00581599, 0.112486, 0.0118515, 0, 2.32866e-11, 6.70988e-11, 0, 0, 0.124337, 1.0829e-08, 6.88891e-11, 5.14714, 0.936624, 1.88539e-06, 270.205
5309, 0.0163155, 0.103009, 0.0163416, 0, 8.83815e-11, 2.4968e-10, 0, 0, 0.11935, 3.08476e-08, 3.00044e-10, 4.11564, 0.936652, 1.87039e-06, 269.081
5310, 0.0313632, 0.0957506, 0.0188184, 0, 2.19855e-10, 6.10302e-10, 0, 0, 0.114569, 5.97753e-08, 8.41253e-10, 3.46212, 0.93668, 1.88974e-06, 267.968
5311, 0.0465774, 0.0909153, 0.0198472, 0, 4.02451e-10, 1.10071e-09, 0, 0, 0.110762, 8.90691e-08, 1.69933e-09, 3.06664, 0.936708, 1.90751e-06, 267.05
5312, 0.0591153, 0.0877863, 0.0202362, 0, 5.9906e-10, 1.62013e-09, 0, 0, 0.108023, 1.13567e-07, 2.72396e-09, 2.82827, 0.936736, 1.91888e-06, 266.367
5313, 0.0684317, 0.0857515, 0.0203893, 0, 7.77918e-10, 2.08748e-09, 0, 0, 0.106141, 1.32356e-07, 3.72868e-09, 2.68192, 0.936764, 1.9323e-06, 265.882
5314, 0.0746875, 0.0844832, 0.0204572, 0, 9.15463e-10, 2.44388e-09, 0, 0, 0.10494, 1.45443e-07, 4.53972e-09, 2.59444, 0.936792, 1.9457e-06, 265.56
5315, 0.0774647, 0.0839437, 0.0204976, 0, 9.71815e-10, 2.58772e-09, 0, 0, 0.104441, 1.50124e-07, 4.89455e-09, 2.55793, 0.93682, 1.9358e-06, 265.41
5316, 0.0772639, 0.0840106, 0.0205225, 0, 9.55406e-10, 2.54321e-09, 0, 0, 0.104533, 1.4802e-07, 4.82288e-09, 2.56053, 0.936848, 1.91252e-06, 265.408
5317, 0.0744357, 0.0847422, 0.0204562, 0, 9.05281e-10, 2.41233e-09, 0, 0, 0.105198, 1.42849e-07, 4.55736e-09, 2.59782, 0.936876, 1.91668e-06, 265.547
5318, 0.062842, 0.0881206, 0.0198732, 0, 7.26618e-10, 1.94264e-09, 0, 0, 0.107994, 1.21477e-07, 3.61137e-09, 2.76713, 0.936904, 1.93045e-06, 266.207
5319, 0.0395497, 0.0963438, 0.0179532, 0, 4.04247e-10, 1.0889e-09, 0, 0, 0.114297, 7.64489e-08, 1.94613e-09, 3.2302, 0.936932, 1.93333e-06, 267.676
5320, 0.0188643, 0.105477, 0.0152876, 0, 1.57484e-10, 4.33177e-10, 0, 0, 0.120764, 3.63267e-08, 7.1411e-10, 3.97048, 0.93696, 1.94169e-06, 269.116
5321, 0.0178558, 0.107111, 0.0145763, 0, 1.50526e-10, 4.2305e-10, 0, 0, 0.121688, 3.41369e-08, 6.78261e-10, 4.02543, 0.936988, 1.94481e-06, 269.295
5322, 0.0366561, 0.0996314, 0.0167479, 0, 3.65259e-10, 1.0067e-09, 0, 0, 0.116379, 6.88296e-08, 1.72595e-09, 3.30617, 0.937016, 1.91728e-06, 268.079
5323, 0.0578383, 0.0910063, 0.0192828, 0, 6.14252e-10, 1.66971e-09, 0, 0, 0.110289, 1.07265e-07, 2.95673e-09, 2.8501, 0.937044, 1.87485e-06, 266.632
5324, 0.0651381, 0.0877172, 0.0203564, 0, 6.92406e-10, 1.8718e-09, 0, 0, 0.108074, 1.21135e-07, 3.31688e-09, 2.73125, 0.937072, 1.86611e-06, 266.074
5325, 0.0604892, 0.0884833, 0.0205038, 0, 6.01862e-10, 1.63089e-09, 0, 0, 0.108987, 1.13225e-07, 2.79243e-09, 2.80529, 0.9371, 1.87484e-06, 266.269
5326, 0.0524186, 0.0907682, 0.0202159, 0, 4.72326e-10, 1.28951e-09, 0, 0, 0.110984, 9.82052e-08, 2.08497e-09, 2.94849, 0.937128, 1.8801e-06, 266.721
5327, 0.0400004, 0.0956511, 0.0189816, 0, 3.3053e-10, 9.10113e-10, 0, 0, 0.114633, 7.57567e-08, 1.38835e-09, 3.21887, 0.937156, 1.90658e-06, 267.55
5328, 0.023824, 0.102999, 0.016766, 0, 1.72438e-10, 4.80271e-10, 0, 0, 0.119765, 4.58203e-08, 6.78275e-10, 3.73706, 0.937184, 1.9259e-06, 268.691
5329, 0.0177794, 0.105529, 0.0161036, 0, 1.06928e-10, 3.0267e-10, 0, 0, 0.121632, 3.4286e-08, 3.79103e-10, 4.02972, 0.937212, 1.92412e-06, 269.08
5330, 0.025942, 0.10077, 0.0179369, 0, 1.603e-10, 4.53238e-10, 0, 0, 0.118707, 4.94848e-08, 5.68171e-10, 3.65189, 0.93724, 1.9123e-06, 268.403
5331, 0.0349741, 0.0961566, 0.0195704, 0, 2.26336e-10, 6.37315e-10, 0, 0, 0.115727, 6.59066e-08, 8.20641e-10, 3.35315, 0.937268, 1.88959e-06, 267.701
5332, 0.0368822, 0.0951116, 0.0200071, 0, 2.3666e-10, 6.66747e-10, 0, 0, 0.115119, 6.9465e-08, 8.52123e-10, 3.30002, 0.937296, 1.88728e-06, 267.536
5333, 0.0339897, 0.0959859, 0.0199276, 0, 2.06581e-10, 5.8508e-10, 0, 0, 0.115914, 6.49427e-08, 7.16065e-10, 3.3817, 0.937324, 1.91457e-06, 267.693
5334, 0.0293382, 0.097519, 0.0196917, 0, 1.61394e-10, 4.61152e-10, 0, 0, 0.117211, 5.66644e-08, 5.25496e-10, 3.52887, 0.937352, 1.9323e-06, 267.964
5335, 0.0240902, 0.0993787, 0.0193479, 0, 1.14631e-10, 3.31414e-10, 0, 0, 0.118727, 4.65427e-08, 3.43136e-10, 3.72595, 0.93738, 1.92858e-06, 268.281
5336, 0.0187547, 0.101487, 0.0188805, 0, 7.3983e-11, 2.17024e-10, 0, 0, 0.120367, 3.59144e-08, 1.99194e-10, 3.97631, 0.937408, 1.90379e-06, 268.623
5337, 0.0137139, 0.103807, 0.0182642, 0, 4.28195e-11, 1.27845e-10, 0, 0, 0.122071, 2.57967e-08, 1.01096e-10, 4.28935, 0.937436, 1.87091e-06, 268.974
5338, 0.00928598, 0.106316, 0.017468, 0, 2.21173e-11, 6.7491e-11, 0, 0, 0.123784, 1.7297e-08, 4.42717e-11, 4.67925, 0.937464, 1.86257e-06, 269.323
5339, 0.00568745, 0.109021, 0.0164517, 0, 1.00803e-11, 3.1549e-11, 0, 0, 0.125472, 1.0603e-08, 1.65535e-11, 5.16949, 0.937492, 1.85114e-06, 269.663
5340, 0.00304365, 0.111939, 0.0151709, 0, 3.83092e-12, 1.23334e-11, 0, 0, 0.12711, 5.61841e-09, 5.01377e-12, 5.7947, 0.93752, 1.8299e-06, 269.988
5341, 0.0013631, 0.115112, 0.0135758, 0, 1.15036e-12, 3.82721e-12, 0, 0, 0.128688, 2.48346e-09, 1.14844e-12, 6.59799, 0.937548, 1.84616e-06, 270.297
5342, 0.000483737, 0.118657, 0.0115863, 0, 2.64864e-13, 9.15097e-13, 0, 0, 0.130243, 8.83045e-10, 1.90892e-13, 7.63397, 0.937576, 1.89093e-06, 270.598
5343, 0.000126901, 0.122803, 0.00906709, 0, 4.47198e-14, 1.6091e-13, 0, 0, 0.13187, 2.3556e-10, 2.21442e-14, 8.9721, 0.937604, 1.91567e-06, 270.911
5344, 2.27234e-05, 0.127499, 0.00608577, 0, 5.18694e-15, 1.94309e-14, 0, 0, 0.133584, 4.30132e-11, 1.69672e-15, 10.6921, 0.937632, 1.90985e-06, 271.238
5345, 2.56307e-06, 0.131412, 0.00357396, 0, 3.84079e-16, 1.49191e-15, 0, 0, 0.134986, 4.91259e-12, 8.08273e-17, 12.8743, 0.93766, 1.89396e-06, 271.498
5346, 1.69256e-07, 0.133241, 0.00243765, 0, 1.6984e-17, 6.79015e-17, 0, 0, 0.135678, 3.25972e-13, 2.25155e-18, 15.5919, 0.937688, 1.88052e-06, 271.613
5347, 6.13857e-09, 0.134177, 0.00189302, 0, 4.2648e-19, 1.73542e-18, 0, 0, 0.13607, 1.18325e-14, 3.46669e-20, 18.9087, 0.937716, 1.87933e-06, 271.667
5348, 1.15741e-10, 0.135416, 0.0011412, 0, 5.84914e-21, 2.38571e-20, 0, 0, 0.136558, 2.2304e-16, 2.82262e-22, 22.8797, 0.937744, 1.89872e-06, 271.74
5349, 1.08406e-12, 0.136449, 0.000528741, 0, 4.22515e-23, 1.69656e-22, 0, 0, 0.136977, 2.08853e-18, 1.17644e-24, 27.5503, 0.937772, 1.91069e-06, 271.799
5350, 4.86642e-15, 0.136748, 0.000411261, 0, 1.55e-25, 6.01738e-25, 0, 0, 0.137159, 9.37598e-21, 2.44724e-27, 32.9564, 0.9378, 1.89473e-06, 271.811
5351, 1.01903e-17, 0.13656, 0.000623294, 0, 2.79124e-28, 1.03085e-27, 0, 0, 0.137184, 1.96388e-23, 2.48612e-30, 39.1251, 0.937828, 1.85834e-06, 271.79
5352, 9.84815e-21, 0.136525, 0.000732344, 0, 2.70908e-31, 8.32412e-31, 0, 0, 0.137257, 1.89727e-26, 1.20886e-33, 46.067, 0.937856, 1.83187e-06, 271.78
5353, 2.1961e-21, 0.136813, 0.000622533, 0, 7.26607e-31, 3.64667e-32, 0, 0, 0.137435, 3.9278e-27, 2.76039e-37, 47.5676, 0.937884, 1.8371e-06, 271.791
5354, 1.71371e-17, 0.136701, 0.000782983, 0, 4.31506e-28, 4.29988e-28, 0, 0, 0.137484, 3.27176e-23, 1.88416e-35, 38.6053, 0.937912, 1.85711e-06, 271.775
5355, 2.47574e-13, 0.135858, 0.00143703, 0, 5.12291e-24, 1.7245e-23, 0, 0, 0.137295, 4.71591e-19, 6.07216e-27, 29.0271, 0.93794, 1.85236e-06, 271.712
5356, 6.03629e-11, 0.135278, 0.00191293, 0, 2.917e-21, 1.17064e-20, 0, 0, 0.137191, 1.14925e-16, 1.11598e-22, 23.5306, 0.937968, 1.84206e-06, 271.666
5357, 3.81793e-09, 0.135715, 0.00170262, 0, 2.68221e-19, 1.07205e-18, 0, 0, 0.137418, 7.23477e-15, 2.25268e-20, 19.3836, 0.937996, 1.85866e-06, 271.687
5358, 1.21268e-07, 0.135848, 0.00169572, 0, 1.19851e-17, 4.72874e-17, 0, 0, 0.137544, 2.28363e-13, 1.56147e-18, 15.9253, 0.938024, 1.87821e-06, 271.687
5359, 2.03647e-06, 0.133804, 0.00314788, 0, 2.80476e-16, 1.08663e-15, 0, 0, 0.136952, 3.79727e-12, 5.0882e-17, 13.1043, 0.938052, 1.89337e-06, 271.543
5360, 1.86768e-05, 0.129764, 0.0059168, 0, 3.48737e-15, 1.325e-14, 0, 0, 0.135681, 3.44748e-11, 8.23589e-16, 10.8882, 0.93808, 1.90004e-06, 271.262
5361, 9.50731e-05, 0.125267, 0.008941, 0, 2.3016e-14, 8.58762e-14, 0, 0, 0.134208, 1.74671e-10, 6.89245e-15, 9.26086, 0.938108, 1.88882e-06, 270.938
5362, 0.000274979, 0.12162, 0.0113433, 0, 8.88699e-14, 3.23002e-13, 0, 0, 0.132964, 5.06236e-10, 4.15086e-14, 8.19882, 0.938136, 1.8666e-06, 270.659
5363, 0.000557117, 0.119738, 0.0125629, 0, 3.3224e-13, 1.13826e-12, 0, 0, 0.132301, 1.02296e-09, 3.15307e-13, 7.49274, 0.938164, 1.86039e-06, 270.498
5364, 0.00135396, 0.118828, 0.0130495, 0, 1.56445e-12, 5.11075e-12, 0, 0, 0.131878, 2.44923e-09, 2.09485e-12, 6.60472, 0.938192, 1.85899e-06, 270.385
5365, 0.00350703, 0.116103, 0.0144275, 0, 5.40935e-12, 1.73028e-11, 0, 0, 0.13053, 6.31774e-09, 8.24806e-12, 5.65299, 0.93822, 1.83523e-06, 270.081
5366, 0.00640775, 0.112089, 0.0164968, 0, 1.14103e-11, 3.60411e-11, 0, 0, 0.128585, 1.15877e-08, 1.89107e-11, 5.05025, 0.938248, 1.81741e-06, 269.648
5367, 0.00828496, 0.109779, 0.0176874, 0, 1.63176e-11, 5.10662e-11, 0, 0, 0.127466, 1.51525e-08, 2.90995e-11, 4.79331, 0.938276, 1.83053e-06, 269.386
5368, 0.00944456, 0.108947, 0.0180879, 0, 2.11807e-11, 6.56384e-11, 0, 0, 0.127035, 1.75908e-08, 4.1662e-11, 4.66232, 0.938304, 1.86047e-06, 269.269
5369, 0.0106365, 0.108638, 0.018172, 0, 2.67873e-11, 8.25963e-11, 0, 0, 0.12681, 2.00186e-08, 5.65226e-11, 4.54346, 0.938332, 1.87543e-06, 269.197
5370, 0.00944259, 0.110868, 0.0170625, 0, 2.37884e-11, 7.37034e-11, 0, 0, 0.12793, 1.77687e-08, 5.03553e-11, 4.66253, 0.93836, 1.85848e-06, 269.41
5371, 0.00560381, 0.116715, 0.0141137, 0, 1.25483e-11, 3.95265e-11, 0, 0, 0.130829, 1.04789e-08, 2.51884e-11, 5.18431, 0.938388, 1.82515e-06, 269.993
5372, 0.00295332, 0.121273, 0.0117797, 0, 5.44301e-12, 1.78489e-11, 0, 0, 0.133052, 5.50169e-09, 9.88468e-12, 5.82483, 0.938416, 1.82454e-06, 270.427
5373, 0.00368251, 0.12036, 0.0123308, 0, 8.25503e-12, 2.68361e-11, 0, 0, 0.132691, 6.92074e-09, 1.71625e-11, 5.60416, 0.938444, 1.85733e-06, 270.328
5374, 0.0071516, 0.116112, 0.0145154, 0, 2.00928e-11, 6.34223e-11, 0, 0, 0.130627, 1.34668e-08, 4.63725e-11, 4.94042, 0.938472, 1.87835e-06, 269.876
5375, 0.00959287, 0.113244, 0.0159913, 0, 2.84479e-11, 8.89027e-11, 0, 0, 0.129236, 1.80542e-08, 6.70187e-11, 4.64673, 0.9385, 1.87848e-06, 269.56
5376, 0.00719106, 0.116217, 0.0146012, 0, 2.02999e-11, 6.34749e-11, 0, 0, 0.130818, 1.34973e-08, 4.6892e-11, 4.93492, 0.938528, 1.86537e-06, 269.866
5377, 0.00364289, 0.120238, 0.0127503, 0, 8.0821e-12, 2.57639e-11, 0, 0, 0.132988, 6.70775e-09, 1.68676e-11, 5.61498, 0.938556, 1.83675e-06, 270.29
5378, 0.00258442, 0.120369, 0.0129321, 0, 3.56529e-12, 1.20257e-11, 0, 0, 0.133301, 4.56691e-09, 5.37186e-12, 5.95825, 0.938584, 1.7929e-06, 270.329
5379, 0.00195962, 0.122504, 0.0117508, 0, 2.24408e-12, 7.77e-12, 0, 0, 0.134255, 3.41985e-09, 2.76847e-12, 6.235, 0.938612, 1.75608e-06, 270.499
5380, 0.000930712, 0.128173, 0.00836775, 0, 1.04625e-12, 3.61556e-12, 0, 0, 0.136541, 1.64187e-09, 1.31017e-12, 6.97956, 0.93864, 1.75018e-06, 270.937
5381, 0.00110438, 0.129068, 0.0078358, 0, 1.97909e-12, 6.42904e-12, 0, 0, 0.136904, 2.04151e-09, 3.70906e-12, 6.80847, 0.938668, 1.7752e-06, 270.985
5382, 0.00393243, 0.122148, 0.0118506, 0, 9.83596e-12, 3.08479e-11, 0, 0, 0.133999, 7.31632e-09, 2.24477e-11, 5.5385, 0.938696, 1.8126e-06, 270.372
5383, 0.00994435, 0.113523, 0.0163872, 0, 3.16007e-11, 9.67518e-11, 0, 0, 0.12991, 1.84192e-08, 8.19028e-11, 4.61075, 0.938724, 1.84166e-06, 269.503
5384, 0.0167092, 0.108034, 0.0188095, 0, 6.20448e-11, 1.87125e-10, 0, 0, 0.126843, 3.08066e-08, 1.73092e-10, 4.0918, 0.938752, 1.84633e-06, 268.83
5385, 0.0190943, 0.106978, 0.0191677, 0, 7.50591e-11, 2.24926e-10, 0, 0, 0.126146, 3.51847e-08, 2.14641e-10, 3.95836, 0.93878, 1.83837e-06, 268.657
5386, 0.0150202, 0.110467, 0.0177264, 0, 5.71753e-11, 1.71299e-10, 0, 0, 0.128194, 2.76597e-08, 1.61317e-10, 4.19836, 0.938808, 1.82524e-06, 269.067
5387, 0.0108955, 0.114078, 0.0162194, 0, 3.92393e-11, 1.17342e-10, 0, 0, 0.130298, 1.98106e-08, 1.09792e-10, 4.5194, 0.938836, 1.81345e-06, 269.485
5388, 0.0147611, 0.11163, 0.0172099, 0, 6.04117e-11, 1.78073e-10, 0, 0, 0.12884, 2.66664e-08, 1.82956e-10, 4.21576, 0.938864, 1.81188e-06, 269.154
5389, 0.0232654, 0.106188, 0.0193363, 0, 1.09006e-10, 3.18197e-10, 0, 0, 0.125524, 4.2505e-08, 3.50095e-10, 3.76079, 0.938892, 1.82373e-06, 268.424
5390, 0.0285404, 0.103324, 0.0203787, 0, 1.43048e-10, 4.15535e-10, 0, 0, 0.123703, 5.25529e-08, 4.72501e-10, 3.55643, 0.93892, 1.83902e-06, 268.005
5391, 0.0284115, 0.103383, 0.0204348, 0, 1.41861e-10, 4.11884e-10, 0, 0, 0.123818, 5.23017e-08, 4.68021e-10, 3.56096, 0.938948, 1.8413e-06, 268.006
5392, 0.0231737, 0.105792, 0.0198123, 0, 1.07461e-10, 3.13207e-10, 0, 0, 0.125605, 4.26029e-08, 3.43144e-10, 3.76474, 0.938976, 1.84053e-06, 268.367
5393, 0.016188, 0.109073, 0.0189236, 0, 6.35357e-11, 1.86888e-10, 0, 0, 0.127997, 2.94872e-08, 1.88141e-10, 4.12348, 0.939004, 1.8255e-06, 268.852
5394, 0.0140871, 0.109856, 0.0188205, 0, 4.58379e-11, 1.36585e-10, 0, 0, 0.128677, 2.50769e-08, 1.21849e-10, 4.2625, 0.939032, 1.79362e-06, 268.971
5395, 0.015459, 0.109006, 0.019194, 0, 4.87853e-11, 1.46155e-10, 0, 0, 0.1282, 2.75865e-08, 1.24763e-10, 4.16956, 0.93906, 1.78947e-06, 268.846
5396, 0.0135243, 0.110808, 0.0184658, 0, 4.08103e-11, 1.22926e-10, 0, 0, 0.129274, 2.44203e-08, 1.00855e-10, 4.30327, 0.939088, 1.8025e-06, 269.048
5397, 0.00801392, 0.116741, 0.0157583, 0, 2.12151e-11, 6.45222e-11, 0, 0, 0.132499, 1.44769e-08, 4.89894e-11, 4.82658, 0.939116, 1.80335e-06, 269.693
5398, 0.00351409, 0.122769, 0.0128266, 0, 7.25453e-12, 2.24678e-11, 0, 0, 0.135595, 6.34269e-09, 1.4718e-11, 5.65098, 0.939144, 1.8146e-06, 270.3
5399, 0.00311958, 0.122301, 0.0132654, 0, 4.941e-12, 1.57626e-11, 0, 0, 0.135566, 5.73436e-09, 7.90115e-12, 5.77006, 0.939172, 1.83548e-06, 270.27
5400, 0.00552896, 0.117279, 0.0160679, 0, 9.32188e-12, 2.97047e-11, 0, 0, 0.133347, 1.01672e-08, 1.49737e-11, 5.19775, 0.9392, 1.84061e-06, 269.794
5401, 0.00746813, 0.114093, 0.0177972, 0, 1.30993e-11, 4.16336e-11, 0, 0, 0.13189, 1.35828e-08, 2.15378e-11, 4.89711, 0.939228, 1.82085e-06, 269.469
5402, 0.00749622, 0.113787, 0.0180614, 0, 1.26135e-11, 4.0229e-11, 0, 0, 0.131848, 1.34741e-08, 2.02674e-11, 4.89336, 0.939256, 1.79856e-06, 269.436
5403, 0.00624183, 0.114873, 0.0176868, 0, 9.37889e-12, 3.02165e-11, 0, 0, 0.13256, 1.12071e-08, 1.39629e-11, 5.07648, 0.939284, 1.79773e-06, 269.558
5404, 0.00455332, 0.116589, 0.0170055, 0, 5.73897e-12, 1.87864e-11, 0, 0, 0.133595, 8.19485e-09, 7.54234e-12, 5.3919, 0.939312, 1.79741e-06, 269.746
5405, 0.00289792, 0.118797, 0.0160245, 0, 2.87368e-12, 9.61103e-12, 0, 0, 0.134821, 5.19679e-09, 3.19052e-12, 5.84376, 0.93934, 1.79986e-06, 269.971
5406, 0.00154108, 0.121557, 0.0146495, 0, 1.14445e-12, 3.93274e-12, 0, 0, 0.136207, 2.77286e-09, 1.02663e-12, 6.47527, 0.939368, 1.82062e-06, 270.227
5407, 0.000647423, 0.125091, 0.0126823, 0, 3.44257e-13, 1.22133e-12, 0, 0, 0.137773, 1.17909e-09, 2.3912e-13, 7.34251, 0.939396, 1.82798e-06, 270.516
5408, 0.000205275, 0.129625, 0.00994513, 0, 7.37598e-14, 2.71537e-13, 0, 0, 0.13957, 3.77201e-10, 3.75163e-14, 8.49116, 0.939424, 1.80407e-06, 270.848
5409, 4.59341e-05, 0.134204, 0.00708257, 0, 1.09046e-14, 4.18096e-14, 0, 0, 0.141287, 8.46337e-11, 3.77593e-15, 9.9883, 0.939452, 1.77572e-06, 271.161
5410, 6.46096e-06, 0.137943, 0.00470895, 0, 1.06324e-15, 4.23576e-15, 0, 0, 0.142652, 1.19017e-11, 2.40578e-16, 11.9497, 0.93948, 1.76565e-06, 271.403
5411, 5.07171e-07, 0.141117, 0.00267711, 0, 6.23086e-17, 2.5599e-16, 0, 0, 0.143794, 9.3319e-13, 9.42323e-18, 14.4944, 0.939508, 1.76128e-06, 271.599
5412, 2.07072e-08, 0.142582, 0.0017817, 0, 1.98365e-18, 8.32182e-18, 0, 0, 0.144364, 3.80357e-14, 2.11728e-19, 17.6928, 0.939536, 1.76885e-06, 271.684
5413, 4.97507e-10, 0.141493, 0.00259982, 0, 3.34271e-20, 1.37006e-19, 0, 0, 0.144093, 9.10835e-16, 2.51814e-21, 21.4214, 0.939564, 1.79305e-06, 271.608
5414, 1.79097e-10, 0.139415, 0.00408083, 0, 4.15366e-21, 5.13908e-21, 0, 0, 0.143496, 3.25752e-16, 1.48101e-23, 22.4431, 0.939592, 1.81105e-06, 271.468
5415, 2.49204e-10, 0.13845, 0.00481401, 0, 5.56932e-21, 5.81081e-21, 0, 0, 0.143264, 4.54115e-16, 4.11468e-26, 22.1127, 0.93962, 1.81945e-06, 271.399
5416, 1.64759e-10, 0.139358, 0.00429165, 0, 3.71598e-21, 3.82566e-21, 0, 0, 0.14365, 3.00819e-16, 1.71864e-28, 22.5265, 0.939648, 1.81651e-06, 271.449
5417, 5.0472e-11, 0.141478, 0.0029556, 0, 1.16228e-21, 1.16249e-21, 0, 0, 0.144433, 9.22948e-17, 3.34205e-29, 23.7096, 0.939676, 1.79453e-06, 271.575
5418, 7.20245e-12, 0.143427, 0.00173262, 0, 1.71502e-22, 1.63789e-22, 0, 0, 0.14516, 1.31836e-17, 4.04979e-30, 25.6566, 0.939704, 1.77975e-06, 271.69
5419, 4.81502e-13, 0.144527, 0.00107938, 0, 1.20065e-23, 1.07659e-23, 0, 0, 0.145606, 8.81721e-19, 2.14722e-31, 28.3619, 0.939732, 1.79426e-06, 271.751
5420, 1.51371e-14, 0.145154, 0.000742933, 0, 3.9948e-25, 3.31783e-25, 0, 0, 0.145897, 2.77181e-20, 4.97886e-33, 31.8216, 0.93976, 1.80507e-06, 271.782
5421, 2.23509e-16, 0.145754, 0.000424968, 0, 6.28313e-27, 4.79708e-27, 0, 0, 0.146179, 4.09162e-22, 5.05297e-35, 36.0371, 0.939788, 1.79245e-06, 271.811
5422, 1.5389e-18, 0.146204, 0.000207844, 0, 4.62521e-29, 3.23617e-29, 0, 0, 0.146412, 2.8161e-24, 2.24828e-37, 41.0155, 0.939816, 1.77498e-06, 271.831
5423, 7.56287e-20, 0.146253, 0.000261997, 0, 8.13025e-30, 1.21174e-30, 0, 0, 0.146515, 1.29458e-25, 4.39854e-40, 44.0285, 0.939844, 1.76313e-06, 271.826
5424, 3.37199e-16, 0.145844, 0.000624789, 0, 6.46409e-27, 8.88329e-27, 0, 0, 0.146468, 6.11692e-22, 4.46706e-33, 35.6259, 0.939872, 1.7625e-06, 271.793
5425, 3.32476e-13, 0.14496, 0.00130715, 0, 5.4049e-24, 1.51075e-23, 0, 0, 0.146267, 5.94563e-19, 1.72568e-27, 28.7322, 0.9399, 1.76389e-06, 271.73
5426, 2.70152e-11, 0.143824, 0.00215819, 0, 4.90282e-22, 1.59731e-21, 0, 0, 0.145983, 4.83165e-17, 8.90466e-25, 24.3346, 0.939928, 1.7462e-06, 271.651
5427, 1.06511e-09, 0.143161, 0.00269088, 0, 2.19946e-20, 7.91557e-20, 0, 0, 0.145852, 1.90046e-15, 9.98813e-23, 20.6602, 0.939956, 1.73581e-06, 271.602
5428, 2.23572e-08, 0.142885, 0.00296017, 0, 5.55113e-19, 2.15293e-18, 0, 0, 0.145845, 3.99472e-14, 4.94455e-21, 17.6161, 0.939984, 1.76221e-06, 271.576
5429, 2.65186e-07, 0.14126, 0.00413001, 0, 8.36769e-18, 3.39961e-17, 0, 0, 0.14539, 4.75925e-13, 1.36454e-19, 15.1428, 0.940012, 1.7932e-06, 271.465
5430, 1.88383e-06, 0.138019, 0.00637278, 0, 7.78444e-17, 3.23037e-16, 0, 0, 0.144392, 3.39527e-12, 2.11216e-18, 13.1822, 0.94004, 1.79805e-06, 271.249
5431, 8.44048e-06, 0.134908, 0.00851412, 0, 4.56975e-16, 1.90427e-15, 0, 0, 0.143422, 1.52284e-11, 1.91407e-17, 11.6825, 0.940068, 1.7945e-06, 271.038
5432, 2.52594e-05, 0.132683, 0.0100503, 0, 1.80225e-15, 7.45294e-15, 0, 0, 0.142733, 4.5444e-11, 1.18121e-16, 10.5863, 0.940096, 1.79555e-06, 270.88
5433, 5.71243e-05, 0.131189, 0.0110912, 0, 5.59135e-15, 2.27215e-14, 0, 0, 0.14228, 1.02417e-10, 5.70151e-16, 9.77028, 0.940124, 1.78579e-06, 270.768
5434, 0.000109849, 0.13012, 0.011844, 0, 1.40935e-14, 5.63377e-14, 0, 0, 0.141964, 1.97184e-10, 1.88499e-15, 9.1164, 0.940152, 1.7749e-06, 270.682
5435, 0.000159947, 0.129548, 0.0122753, 0, 2.34591e-14, 9.30264e-14, 0, 0, 0.141823, 2.87987e-10, 3.50796e-15, 8.74067, 0.94018, 1.78418e-06, 270.63
5436, 0.000149788, 0.130192, 0.011945, 0, 2.24522e-14, 8.89588e-14, 0, 0, 0.142137, 2.69335e-10, 3.43552e-15, 8.80629, 0.940208, 1.78926e-06, 270.667
5437, 0.000105925, 0.131326, 0.0113122, 0, 1.45505e-14, 5.81442e-14, 0, 0, 0.142638, 1.8692e-10, 2.0786e-15, 9.15278, 0.940236, 1.76297e-06, 270.74
5438, 9.14194e-05, 0.131558, 0.0112527, 0, 1.10204e-14, 4.46222e-14, 0, 0, 0.14281, 1.55759e-10, 1.3813e-15, 9.30005, 0.940264, 1.7187e-06, 270.749
5439, 7.17239e-05, 0.132148, 0.0109622, 0, 7.91478e-15, 3.22133e-14, 0, 0, 0.14311, 1.20228e-10, 9.21951e-16, 9.54269, 0.940292, 1.70712e-06, 270.783
5440, 3.35337e-05, 0.134537, 0.00950026, 0, 3.21739e-15, 1.31606e-14, 0, 0, 0.144037, 5.63017e-11, 3.40547e-16, 10.303, 0.94032, 1.74405e-06, 270.938
5441, 9.26922e-06, 0.138685, 0.00685887, 0, 6.96512e-16, 2.87761e-15, 0, 0, 0.145543, 1.58298e-11, 5.967e-17, 11.5888, 0.940348, 1.77372e-06, 271.202
5442, 1.59134e-06, 0.143315, 0.00387064, 0, 8.88324e-17, 3.71862e-16, 0, 0, 0.147185, 2.77918e-12, 5.12954e-18, 13.3509, 0.940376, 1.75817e-06, 271.49
5443, 1.8846e-07, 0.145756, 0.00232887, 0, 7.65671e-18, 3.21505e-17, 0, 0, 0.148085, 3.34835e-13, 2.45733e-19, 15.4844, 0.940404, 1.72727e-06, 271.636
5444, 2.79308e-07, 0.144386, 0.00333108, 0, 8.67682e-18, 3.53604e-17, 0, 0, 0.147717, 5.00544e-13, 2.74609e-19, 15.091, 0.940432, 1.73381e-06, 271.543
5445, 1.49129e-06, 0.140856, 0.00577212, 0, 8.62725e-17, 3.51805e-16, 0, 0, 0.146628, 2.67225e-12, 6.85796e-18, 13.4159, 0.94046, 1.76582e-06, 271.312
5446, 8.02669e-06, 0.13819, 0.00762547, 0, 7.81751e-16, 3.17112e-15, 0, 0, 0.145816, 1.43791e-11, 8.35226e-17, 11.7327, 0.940488, 1.78576e-06, 271.133
5447, 3.36409e-05, 0.13647, 0.00882629, 0, 3.921e-15, 1.5832e-14, 0, 0, 0.145296, 6.02511e-11, 4.58784e-16, 10.2998, 0.940516, 1.79053e-06, 271.009
5448, 7.52327e-05, 0.134504, 0.0101738, 0, 9.28858e-15, 3.73897e-14, 0, 0, 0.144677, 1.34713e-10, 1.12996e-15, 9.49492, 0.940544, 1.78586e-06, 270.867
5449, 8.2869e-05, 0.13438, 0.010334, 0, 1.0303e-14, 4.1426e-14, 0, 0, 0.144714, 1.48304e-10, 1.26203e-15, 9.39825, 0.940572, 1.76819e-06, 270.85
5450, 5.68167e-05, 0.135848, 0.00947015, 0, 6.55086e-15, 2.6453e-14, 0, 0, 0.145318, 1.01226e-10, 7.50905e-16, 9.77568, 0.9406, 1.74706e-06, 270.941
5451, 6.11886e-05, 0.13521, 0.00996945, 0, 6.30952e-15, 2.57669e-14, 0, 0, 0.14518, 1.07453e-10, 6.33057e-16, 9.70155, 0.940628, 1.73982e-06, 270.89
5452, 9.04748e-05, 0.133359, 0.0112509, 0, 9.51846e-15, 3.89844e-14, 0, 0, 0.14461, 1.5743e-10, 9.72339e-16, 9.31044, 0.940656, 1.73263e-06, 270.757
5453, 9.04527e-05, 0.133755, 0.0110746, 0, 9.65455e-15, 3.9621e-14, 0, 0, 0.14483, 1.56859e-10, 1.00435e-15, 9.31068, 0.940684, 1.72021e-06, 270.775
5454, 5.23358e-05, 0.136673, 0.00926379, 0, 5.37289e-15, 2.21494e-14, 0, 0, 0.145937, 9.05206e-11, 5.41914e-16, 9.85783, 0.940712, 1.71496e-06, 270.963
5455, 1.76233e-05, 0.138694, 0.00804622, 0, 1.56089e-15, 6.48204e-15, 0, 0, 0.146741, 3.03282e-11, 1.42818e-16, 10.9463, 0.94074, 1.72436e-06, 271.091
5456, 5.2911e-06, 0.138401, 0.0083436, 0, 2.819e-16, 1.17905e-15, 0, 0, 0.146744, 9.11422e-12, 1.81301e-17, 12.1495, 0.940768, 1.74153e-06, 271.068
5457, 2.2846e-06, 0.138632, 0.00828519, 0, 6.55878e-17, 2.70759e-16, 0, 0, 0.146918, 3.98822e-12, 1.3112e-18, 12.9893, 0.940796, 1.74815e-06, 271.077
5458, 7.7506e-07, 0.14037, 0.00722498, 0, 1.81084e-17, 7.24497e-17, 0, 0, 0.147595, 1.36515e-12, 1.11701e-19, 14.0703, 0.940824, 1.73326e-06, 271.181
5459, 1.47247e-07, 0.142707, 0.00576057, 0, 3.06827e-18, 1.17107e-17, 0, 0, 0.148467, 2.6017e-13, 1.15238e-20, 15.7312, 0.940852, 1.71789e-06, 271.321
5460, 1.53774e-08, 0.14512, 0.00423784, 0, 2.84614e-19, 1.00355e-18, 0, 0, 0.149358, 2.71192e-14, 6.91715e-22, 17.9904, 0.94088, 1.72356e-06, 271.464
5461, 9.03938e-10, 0.147406, 0.0027942, 0, 1.50489e-20, 4.66365e-20, 0, 0, 0.1502, 1.58493e-15, 2.01397e-23, 20.8243, 0.940908, 1.7459e-06, 271.597
5462, 3.02789e-11, 0.14936, 0.00156948, 0, 4.74675e-22, 1.22089e-21, 0, 0, 0.150929, 5.2679e-17, 2.81829e-25, 24.2206, 0.940936, 1.76104e-06, 271.709
5463, 5.72218e-13, 0.150763, 0.00071337, 0, 9.01252e-24, 1.84408e-23, 0, 0, 0.151476, 9.8774e-19, 1.90878e-27, 28.1893, 0.940964, 1.76213e-06, 271.786
5464, 5.93634e-15, 0.151475, 0.000321506, 0, 9.96302e-26, 1.59666e-25, 0, 0, 0.151796, 1.01812e-20, 6.30359e-30, 32.7577, 0.940992, 1.75627e-06, 271.821
5465, 3.27221e-17, 0.151643, 0.000296303, 0, 6.10158e-28, 7.68228e-28, 0, 0, 0.151939, 5.59279e-23, 1.02475e-32, 37.9585, 0.94102, 1.73831e-06, 271.824
5466, 3.78339e-17, 0.151674, 0.000363103, 0, 1.02434e-27, 6.84053e-28, 0, 0, 0.152037, 6.51237e-23, 1.06781e-35, 37.8133, 0.941048, 1.71124e-06, 271.818
5467, 3.35091e-15, 0.151586, 0.000510165, 0, 8.18599e-26, 6.24425e-26, 0, 0, 0.152096, 5.77266e-21, 6.15082e-34, 33.3295, 0.941076, 1.69782e-06, 271.805
5468, 1.39215e-13, 0.15087, 0.00107946, 0, 3.15101e-24, 2.64469e-24, 0, 0, 0.15195, 2.39262e-19, 4.01293e-32, 29.6028, 0.941104, 1.70706e-06, 271.753
5469, 2.80079e-12, 0.149397, 0.00215741, 0, 5.94638e-23, 5.42281e-23, 0, 0, 0.151554, 4.80266e-18, 1.18273e-30, 26.6011, 0.941132, 1.72029e-06, 271.656
5470, 2.77863e-11, 0.14761, 0.00344388, 0, 5.58927e-22, 5.46941e-22, 0, 0, 0.151054, 4.7483e-17, 1.60397e-29, 24.3065, 0.94116, 1.72965e-06, 271.54
5471, 1.38131e-10, 0.14601, 0.00460181, 0, 2.66503e-21, 2.7538e-21, 0, 0, 0.150612, 2.35111e-16, 1.00348e-28, 22.7028, 0.941188, 1.73131e-06, 271.434
5472, 3.47885e-10, 0.144973, 0.00538193, 0, 6.54826e-21, 7.00122e-21, 0, 0, 0.150355, 5.90891e-16, 2.90345e-28, 21.7791, 0.941216, 1.72114e-06, 271.362
5473, 4.46435e-10, 0.14478, 0.00559808, 0, 8.3739e-21, 9.04936e-21, 0, 0, 0.150378, 7.59938e-16, 3.8917e-28, 21.5297, 0.941244, 1.71638e-06, 271.342
5474, 2.92265e-10, 0.145539, 0.0051785, 0, 5.58265e-21, 5.95124e-21, 0, 0, 0.150717, 5.00701e-16, 2.41678e-28, 21.9534, 0.941272, 1.71647e-06, 271.381
5475, 9.7317e-11, 0.147132, 0.00420089, 0, 1.92768e-21, 1.98113e-21, 0, 0, 0.151333, 1.68042e-16, 6.94372e-29, 23.053, 0.9413, 1.71253e-06, 271.471
5476, 1.63657e-11, 0.149216, 0.00289183, 0, 3.40662e-22, 3.30792e-22, 0, 0, 0.152108, 2.84321e-17, 9.20687e-30, 24.8358, 0.941328, 1.70914e-06, 271.591
5477, 1.37573e-12, 0.151268, 0.0016026, 0, 3.03766e-23, 2.74017e-23, 0, 0, 0.15287, 2.3955e-18, 5.61704e-31, 27.312, 0.941356, 1.70877e-06, 271.707
5478, 6.76768e-14, 0.152708, 0.000722336, 0, 1.51083e-24, 1.40527e-24, 0, 0, 0.15343, 1.17263e-19, 1.7584e-30, 30.324, 0.941384, 1.72035e-06, 271.786
5479, 9.84078e-13, 0.153105, 0.000542662, 0, 1.47499e-23, 3.17257e-23, 0, 0, 0.153648, 1.69448e-18, 6.59781e-28, 27.6471, 0.941412, 1.7356e-06, 271.802
5480, 4.22365e-11, 0.152339, 0.00114582, 0, 6.20032e-22, 1.49578e-21, 0, 0, 0.153485, 7.30504e-17, 4.36174e-26, 23.8877, 0.94144, 1.74107e-06, 271.748
5481, 8.8029e-10, 0.150598, 0.00240272, 0, 1.28046e-20, 3.38208e-20, 0, 0, 0.153001, 1.52476e-15, 1.28478e-24, 20.8508, 0.941468, 1.72399e-06, 271.635
5482, 8.84299e-09, 0.148271, 0.00404853, 0, 1.28306e-19, 3.62717e-19, 0, 0, 0.15232, 1.5296e-14, 1.71727e-23, 18.5436, 0.941496, 1.68973e-06, 271.486
5483, 4.25084e-08, 0.145955, 0.00568198, 0, 6.18587e-19, 1.83889e-18, 0, 0, 0.151636, 7.3239e-14, 1.3263e-22, 16.9736, 0.941524, 1.68e-06, 271.336
5484, 1.01565e-07, 0.144707, 0.00659878, 0, 1.5509e-18, 4.95559e-18, 0, 0, 0.151305, 1.74045e-13, 1.60144e-21, 16.1026, 0.941552, 1.69415e-06, 271.251
5485, 1.91637e-07, 0.145519, 0.00614151, 0, 4.00662e-18, 1.57038e-17, 0, 0, 0.151661, 3.29139e-13, 2.24485e-20, 15.4677, 0.94158, 1.69921e-06, 271.293
5486, 6.48329e-07, 0.146668, 0.00545886, 0, 1.83378e-17, 7.9305e-17, 0, 0, 0.152127, 1.12391e-12, 2.90252e-19, 14.2489, 0.941608, 1.71098e-06, 271.355
5487, 2.00649e-06, 0.145219, 0.00650392, 0, 8.41641e-17, 3.57853e-16, 0, 0, 0.151723, 3.4747e-12, 9.61237e-18, 13.1191, 0.941636, 1.72728e-06, 271.256
5488, 6.3497e-06, 0.14287, 0.00814747, 0, 8.57183e-16, 3.38438e-15, 0, 0, 0.151017, 1.0869e-11, 3.04912e-16, 11.9671, 0.941664, 1.72736e-06, 271.102
5489, 3.64848e-05, 0.141601, 0.0090567, 0, 1.05212e-14, 3.99868e-14, 0, 0, 0.150658, 6.19954e-11, 4.96426e-15, 10.2186, 0.941692, 1.70948e-06, 271.011
5490, 0.000193525, 0.13981, 0.0102473, 0, 7.37665e-14, 2.74916e-13, 0, 0, 0.150057, 3.2948e-10, 3.96853e-14, 8.5501, 0.94172, 1.68371e-06, 270.876
5491, 0.000616302, 0.136171, 0.0125463, 0, 2.72466e-13, 1.00001e-12, 0, 0, 0.148717, 1.05249e-09, 1.62592e-13, 7.39177, 0.941748, 1.67871e-06, 270.601
5492, 0.00117685, 0.132353, 0.0149207, 0, 5.89694e-13, 2.12845e-12, 0, 0, 0.147273, 2.01004e-09, 3.99357e-13, 6.74492, 0.941776, 1.69635e-06, 270.305
5493, 0.00170875, 0.130256, 0.0162049, 0, 1.03773e-12, 3.65869e-12, 0, 0, 0.146461, 2.90308e-09, 8.65807e-13, 6.37199, 0.941804, 1.70301e-06, 270.126
5494, 0.00250669, 0.128869, 0.0169812, 0, 1.93436e-12, 6.68273e-12, 0, 0, 0.14585, 4.25772e-09, 1.94887e-12, 5.98879, 0.941832, 1.69921e-06, 269.986
5495, 0.00350327, 0.12752, 0.0176934, 0, 3.17513e-12, 1.08552e-11, 0, 0, 0.145213, 5.98419e-09, 3.54903e-12, 5.65406, 0.94186, 1.70525e-06, 269.841
5496, 0.00420695, 0.126718, 0.0181277, 0, 4.12986e-12, 1.40466e-11, 0, 0, 0.144846, 7.16157e-09, 4.89904e-12, 5.47102, 0.941888, 1.70296e-06, 269.747
5497, 0.00446956, 0.126535, 0.0182683, 0, 4.48935e-12, 1.52644e-11, 0, 0, 0.144803, 7.53831e-09, 5.47085e-12, 5.41046, 0.941916, 1.68809e-06, 269.715
5498, 0.00431697, 0.126899, 0.0181537, 0, 4.27216e-12, 1.46021e-11, 0, 0, 0.145053, 7.27294e-09, 5.17587e-12, 5.4452, 0.941945, 1.68434e-06, 269.739
5499, 0.00365172, 0.128311, 0.0174923, 0, 3.40683e-12, 1.17689e-11, 0, 0, 0.145803, 6.14348e-09, 3.97313e-12, 5.61256, 0.941976, 1.67744e-06, 269.858
5500, 0.00240605, 0.132245, 0.0153533, 0, 2.00152e-12, 7.02721e-12, 0, 0, 0.147599, 4.01369e-09, 2.17378e-12, 6.02977, 0.942015, 1.666e-06, 270.176
5501, 0.00107332, 0.139262, 0.0112411, 0, 7.63851e-13, 2.73963e-12, 0, 0, 0.150503, 1.77974e-09, 7.48729e-13, 6.837, 0.942068, 1.67453e-06, 270.697
5502, 0.000377966, 0.144626, 0.00802901, 0, 2.18574e-13, 8.07914e-13, 0, 0, 0.152655, 6.31881e-10, 1.81964e-13, 7.88071, 0.942128, 1.69777e-06, 271.071
5503, 0.000526312, 0.142572, 0.00940971, 0, 2.9272e-13, 1.09098e-12, 0, 0, 0.151982, 9.01157e-10, 2.21406e-13, 7.54962, 0.942192, 1.71427e-06, 270.924
5504, 0.00119891, 0.136437, 0.013289, 0, 7.22085e-13, 2.6527e-12, 0, 0, 0.149726, 2.05216e-09, 5.7584e-13, 6.72635, 0.942256, 1.7154e-06, 270.481
5505, 0.00159192, 0.13331, 0.0152871, 0, 9.84369e-13, 3.58043e-12, 0, 0, 0.148597, 2.70947e-09, 8.05909e-13, 6.44282, 0.94232, 1.70493e-06, 270.245
5506, 0.00139445, 0.133805, 0.0151071, 0, 8.29329e-13, 2.99959e-12, 0, 0, 0.148912, 2.34485e-09, 6.73797e-13, 6.57525, 0.942384, 1.68648e-06, 270.281
5507, 0.00142136, 0.133681, 0.0152581, 0, 8.37034e-13, 3.00746e-12, 0, 0, 0.148939, 2.36622e-09, 6.90994e-13, 6.55614, 0.942448, 1.66697e-06, 270.262
5508, 0.00192657, 0.13206, 0.0162407, 0, 1.25199e-12, 4.45947e-12, 0, 0, 0.148301, 3.23736e-09, 1.11021e-12, 6.25201, 0.942512, 1.66887e-06, 270.119
5509, 0.00222007, 0.13129, 0.0167411, 0, 1.52428e-12, 5.41615e-12, 0, 0, 0.148031, 3.76808e-09, 1.39596e-12, 6.11022, 0.942576, 1.68847e-06, 270.044
5510, 0.00191941, 0.131991, 0.0164537, 0, 1.23299e-12, 4.41503e-12, 0, 0, 0.148445, 3.24851e-09, 1.08036e-12, 6.25574, 0.94264, 1.68875e-06, 270.098
5511, 0.00154098, 0.132761, 0.0161374, 0, 8.22339e-13, 2.99511e-12, 0, 0, 0.148898, 2.56093e-09, 6.23708e-13, 6.47534, 0.942704, 1.6651e-06, 270.16
5512, 0.00132331, 0.133293, 0.015934, 0, 6.02009e-13, 2.22177e-12, 0, 0, 0.149227, 2.17577e-09, 3.90741e-13, 6.62762, 0.942768, 1.651e-06, 270.198
5513, 0.000961383, 0.134699, 0.0152219, 0, 3.8013e-13, 1.41871e-12, 0, 0, 0.149921, 1.5858e-09, 2.17631e-13, 6.94714, 0.942832, 1.65644e-06, 270.304
5514, 0.000514483, 0.137319, 0.0137638, 0, 1.65636e-13, 6.29523e-13, 0, 0, 0.151083, 8.53352e-10, 8.03437e-14, 7.57235, 0.942896, 1.66661e-06, 270.497
5515, 0.000196666, 0.141144, 0.0114854, 0, 4.78235e-14, 1.86589e-13, 0, 0, 0.15263, 3.27485e-10, 1.84243e-14, 8.534, 0.94296, 1.66976e-06, 270.759
5516, 5.10375e-05, 0.14618, 0.00833789, 0, 8.99448e-15, 3.62133e-14, 0, 0, 0.154518, 8.53513e-11, 2.58141e-15, 9.88295, 0.943024, 1.65634e-06, 271.081
5517, 8.23431e-06, 0.151421, 0.00498744, 0, 1.05786e-15, 4.39303e-15, 0, 0, 0.156409, 1.38515e-11, 2.16649e-16, 11.7072, 0.943088, 1.65433e-06, 271.401
5518, 7.56518e-07, 0.154378, 0.0031203, 0, 7.24146e-17, 3.08447e-16, 0, 0, 0.157499, 1.2795e-12, 1.05367e-17, 14.0945, 0.943152, 1.67364e-06, 271.573
5519, 3.74623e-08, 0.154351, 0.00323109, 0, 2.67904e-18, 1.16198e-17, 0, 0, 0.157583, 6.35317e-14, 2.80426e-19, 17.0999, 0.943216, 1.68524e-06, 271.565
5520, 9.72854e-10, 0.154175, 0.00343827, 0, 5.1273e-20, 2.24582e-19, 0, 0, 0.157613, 1.64854e-15, 3.82237e-21, 20.7508, 0.94328, 1.69034e-06, 271.547
5521, 1.32345e-11, 0.15562, 0.00256068, 0, 5.12478e-22, 2.19988e-21, 0, 0, 0.15818, 2.23383e-17, 2.53331e-23, 25.0482, 0.943344, 1.69207e-06, 271.625
5522, 4.45846e-13, 0.157563, 0.00134864, 0, 9.09743e-24, 2.24598e-23, 0, 0, 0.158912, 7.37855e-19, 8.07457e-26, 28.4388, 0.943408, 1.68193e-06, 271.732
5523, 2.0178e-11, 0.158409, 0.000870328, 0, 2.99503e-22, 9.46012e-22, 0, 0, 0.15928, 3.30451e-17, 2.54713e-25, 24.6264, 0.943472, 1.65565e-06, 271.774
5524, 7.16118e-10, 0.15751, 0.00156048, 0, 1.09152e-20, 3.86037e-20, 0, 0, 0.15907, 1.17016e-15, 1.2683e-23, 21.0572, 0.943536, 1.62214e-06, 271.713
5525, 1.24943e-08, 0.155212, 0.00318313, 0, 1.95396e-19, 7.31359e-19, 0, 0, 0.158395, 2.03198e-14, 2.74852e-22, 18.198, 0.9436, 1.59794e-06, 271.569
5526, 1.02063e-07, 0.152463, 0.0051001, 0, 1.62734e-18, 6.27881e-18, 0, 0, 0.157564, 1.64777e-13, 2.59534e-21, 16.0977, 0.943664, 1.59948e-06, 271.397
5527, 3.84784e-07, 0.15016, 0.00671379, 0, 6.20857e-18, 2.43896e-17, 0, 0, 0.156874, 6.158e-13, 1.07182e-20, 14.7706, 0.943728, 1.61184e-06, 271.249
5528, 6.83642e-07, 0.149007, 0.00756127, 0, 1.10769e-17, 4.39491e-17, 0, 0, 0.156568, 1.08658e-12, 1.96372e-20, 14.1958, 0.943792, 1.6141e-06, 271.17
5529, 6.1805e-07, 0.149376, 0.00740344, 0, 9.98106e-18, 3.96175e-17, 0, 0, 0.15678, 9.84335e-13, 1.68094e-20, 14.2967, 0.943856, 1.63056e-06, 271.185
5530, 3.30402e-07, 0.151203, 0.00628098, 0, 5.45374e-18, 2.15167e-17, 0, 0, 0.157484, 5.34964e-13, 1.85717e-20, 14.923, 0.94392, 1.66122e-06, 271.288
5531, 2.56536e-07, 0.1541, 0.00444525, 0, 9.59163e-18, 4.2094e-17, 0, 0, 0.158546, 4.25056e-13, 4.06789e-19, 15.176, 0.943984, 1.67047e-06, 271.455
5532, 1.84976e-06, 0.154979, 0.00394438, 0, 1.11938e-16, 5.00477e-16, 0, 0, 0.158923, 3.09189e-12, 6.87971e-18, 13.2005, 0.944048, 1.65e-06, 271.499
5533, 1.13106e-05, 0.151603, 0.00625255, 0, 8.01051e-16, 3.54098e-15, 0, 0, 0.157855, 1.89798e-11, 6.04044e-17, 11.3898, 0.944112, 1.62831e-06, 271.285
5534, 3.87677e-05, 0.146692, 0.00955099, 0, 3.21396e-15, 1.39938e-14, 0, 0, 0.156243, 6.51769e-11, 3.00373e-16, 10.1579, 0.944176, 1.64104e-06, 270.971
5535, 8.15094e-05, 0.143442, 0.0117357, 0, 7.79809e-15, 3.3479e-14, 0, 0, 0.155177, 1.3711e-10, 8.67521e-16, 9.41479, 0.94424, 1.66801e-06, 270.754
5536, 0.000108257, 0.142471, 0.0124369, 0, 1.12163e-14, 4.77605e-14, 0, 0, 0.154908, 1.82098e-10, 1.36362e-15, 9.131, 0.944304, 1.67971e-06, 270.682
5537, 8.55532e-05, 0.14377, 0.0116895, 0, 8.79999e-15, 3.73854e-14, 0, 0, 0.155459, 1.43888e-10, 1.07997e-15, 9.36637, 0.944368, 1.68012e-06, 270.759
5538, 3.80961e-05, 0.14747, 0.00938483, 0, 3.55248e-15, 1.51188e-14, 0, 0, 0.156855, 6.40601e-11, 4.12138e-16, 10.1754, 0.944432, 1.67468e-06, 270.988
5539, 9.80882e-06, 0.152066, 0.00647187, 0, 7.41495e-16, 3.17244e-15, 0, 0, 0.158537, 1.64749e-11, 7.46981e-17, 11.5322, 0.944496, 1.66009e-06, 271.266
5540, 3.69377e-06, 0.153445, 0.00565628, 0, 1.73713e-16, 7.62425e-16, 0, 0, 0.159101, 6.08405e-12, 9.28728e-18, 12.5089, 0.94456, 1.64024e-06, 271.343
5541, 9.69192e-06, 0.150386, 0.00775251, 0, 4.2661e-16, 1.9093e-15, 0, 0, 0.158138, 1.5785e-11, 1.45798e-17, 11.5442, 0.944624, 1.63043e-06, 271.148
5542, 2.03882e-05, 0.146942, 0.0100925, 0, 9.41645e-16, 4.23043e-15, 0, 0, 0.157035, 3.31767e-11, 3.34734e-17, 10.8006, 0.944688, 1.62638e-06, 270.926
5543, 2.34493e-05, 0.145977, 0.0108107, 0, 1.0789e-15, 4.86462e-15, 0, 0, 0.156787, 3.79985e-11, 3.802e-17, 10.6607, 0.944752, 1.61682e-06, 270.858
5544, 1.515e-05, 0.14733, 0.0100215, 0, 6.52806e-16, 2.95355e-15, 0, 0, 0.157352, 2.4355e-11, 2.13299e-17, 11.0975, 0.944816, 1.61726e-06, 270.937
5545, 5.62136e-06, 0.150313, 0.00816221, 0, 2.13506e-16, 9.67325e-16, 0, 0, 0.158475, 8.97735e-12, 5.97358e-18, 12.0889, 0.94488, 1.63028e-06, 271.115
5546, 1.20239e-06, 0.154402, 0.00555684, 0, 3.84602e-17, 1.73476e-16, 0, 0, 0.159959, 1.92323e-12, 8.38852e-19, 13.6312, 0.944944, 1.63203e-06, 271.356
5547, 1.46043e-07, 0.15839, 0.00300333, 0, 3.86441e-18, 1.71651e-17, 0, 0, 0.161394, 2.36032e-13, 5.91451e-20, 15.7394, 0.945008, 1.63387e-06, 271.586
5548, 9.73135e-09, 0.160439, 0.00173142, 0, 2.15779e-19, 9.29757e-19, 0, 0, 0.16217, 1.59329e-14, 2.09888e-21, 18.4479, 0.945072, 1.63825e-06, 271.699
5549, 3.39611e-10, 0.160309, 0.00190767, 0, 6.51294e-21, 2.67781e-20, 0, 0, 0.162217, 5.61547e-16, 3.76108e-23, 21.8032, 0.945136, 1.63318e-06, 271.684
5550, 5.93791e-12, 0.160005, 0.00219998, 0, 1.01977e-22, 3.93719e-22, 0, 0, 0.162205, 9.87179e-18, 3.39574e-25, 25.8497, 0.9452, 1.62772e-06, 271.659
5551, 5.02811e-14, 0.160441, 0.00199779, 0, 7.99862e-25, 2.84758e-24, 0, 0, 0.162438, 8.37733e-20, 1.52304e-27, 30.6211, 0.945264, 1.63116e-06, 271.676
5552, 2.51041e-16, 0.160314, 0.00217064, 0, 8.50684e-27, 1.05586e-26, 0, 0, 0.162485, 4.18164e-22, 3.31055e-30, 35.9209, 0.945328, 1.64459e-06, 271.661
5553, 7.30189e-17, 0.159726, 0.00265162, 0, 7.91192e-27, 1.03049e-27, 0, 0, 0.162378, 1.21423e-22, 3.39332e-33, 37.1558, 0.945392, 1.65343e-06, 271.619
5554, 4.73534e-17, 0.1602, 0.00242514, 0, 5.17444e-27, 6.59864e-28, 0, 0, 0.162625, 7.87411e-23, 1.60295e-36, 37.5889, 0.945456, 1.65231e-06, 271.639
5555, 1.3338e-17, 0.161667, 0.00153532, 0, 1.46462e-27, 1.85522e-28, 0, 0, 0.163203, 2.21774e-23, 3.52518e-40, 38.8559, 0.94552, 1.64749e-06, 271.717
5556, 5.96163e-17, 0.162989, 0.000742151, 0, 1.37517e-27, 9.73653e-28, 0, 0, 0.163732, 9.35744e-23, 2.08237e-35, 37.3586, 0.945584, 1.63203e-06, 271.786
5557, 4.95491e-15, 0.163365, 0.000580598, 0, 9.16234e-26, 8.62089e-26, 0, 0, 0.163945, 7.88415e-21, 5.4453e-33, 32.9384, 0.945648, 1.61017e-06, 271.8
5558, 2.40113e-13, 0.162657, 0.00114204, 0, 4.02144e-24, 4.30043e-24, 0, 0, 0.163799, 3.81927e-19, 3.71116e-31, 29.0577, 0.945712, 1.61195e-06, 271.751
5559, 5.65952e-12, 0.161246, 0.00217075, 0, 8.93156e-23, 1.04223e-22, 0, 0, 0.163417, 9.04349e-18, 1.17797e-29, 25.8977, 0.945776, 1.62396e-06, 271.661
5560, 6.36025e-11, 0.15954, 0.00339369, 0, 9.70625e-22, 1.20191e-21, 0, 0, 0.162934, 1.02375e-16, 1.67692e-28, 23.4784, 0.94584, 1.62299e-06, 271.554
5561, 3.41125e-10, 0.157799, 0.00463704, 0, 5.1124e-21, 6.59131e-21, 0, 0, 0.162436, 5.53355e-16, 1.07066e-27, 21.7988, 0.945904, 1.61669e-06, 271.443
5562, 8.79552e-10, 0.156516, 0.00557468, 0, 1.30861e-20, 1.72744e-20, 0, 0, 0.16209, 1.43597e-15, 3.06547e-27, 20.8516, 0.945968, 1.61476e-06, 271.359
5563, 1.09957e-09, 0.156471, 0.00569164, 0, 1.63944e-20, 2.178e-20, 0, 0, 0.162162, 1.80239e-15, 3.93984e-27, 20.6283, 0.946032, 1.61604e-06, 271.349
5564, 6.71151e-10, 0.158078, 0.00471478, 0, 1.01152e-20, 1.32941e-20, 0, 0, 0.162793, 1.10137e-15, 2.27998e-27, 21.122, 0.946096, 1.609e-06, 271.436
5565, 2.00365e-10, 0.16029, 0.00333693, 0, 3.07338e-21, 3.93801e-21, 0, 0, 0.163627, 3.28187e-16, 5.97381e-28, 22.3309, 0.94616, 1.60545e-06, 271.559
5566, 2.90302e-11, 0.161958, 0.00231837, 0, 4.54889e-22, 5.62776e-22, 0, 0, 0.164277, 4.73263e-17, 7.13584e-29, 24.2627, 0.946224, 1.61337e-06, 271.649
5567, 2.00439e-12, 0.163421, 0.00143444, 0, 3.21102e-23, 3.81856e-23, 0, 0, 0.164855, 3.24456e-18, 3.90812e-30, 26.9357, 0.946288, 1.61797e-06, 271.726
5568, 6.43836e-14, 0.16422, 0.000991663, 0, 1.05396e-24, 1.20322e-24, 0, 0, 0.165211, 1.0331e-19, 9.8207e-32, 30.3739, 0.946352, 1.61552e-06, 271.764
5569, 9.39986e-16, 0.163814, 0.0013509, 0, 1.57426e-26, 1.72217e-26, 0, 0, 0.165165, 1.49385e-21, 1.12512e-33, 34.6007, 0.946416, 1.62457e-06, 271.733
5570, 6.71499e-18, 0.163146, 0.00188477, 0, 2.01016e-28, 1.17699e-28, 0, 0, 0.165031, 1.06058e-23, 5.80462e-36, 39.5422, 0.94648, 1.63632e-06, 271.687
5571, 2.33336e-18, 0.162655, 0.00230037, 0, 3.72924e-28, 3.04438e-29, 0, 0, 0.164956, 3.81195e-24, 1.32866e-38, 40.5992, 0.946544, 1.63414e-06, 271.651
5572, 3.92313e-18, 0.162146, 0.00272785, 0, 6.31255e-28, 5.09157e-29, 0, 0, 0.164874, 6.39933e-24, 1.33067e-41, 40.0796, 0.946608, 1.61751e-06, 271.613
5573, 2.87935e-18, 0.16227, 0.00273442, 0, 4.65606e-28, 3.72307e-29, 0, 0, 0.165005, 4.6841e-24, 7.00649e-45, 40.389, 0.946672, 1.60055e-06, 271.613
5574, 9.18304e-19, 0.163193, 0.00221053, 0, 1.50077e-28, 1.18143e-29, 0, 0, 0.165403, 1.48833e-24, 0, 41.5318, 0.946736, 1.59545e-06, 271.659
5575, 1.27665e-19, 0.164384, 0.00150739, 0, 2.12268e-29, 1.63174e-30, 0, 0, 0.165891, 2.05895e-25, 0, 43.5049, 0.9468, 1.59652e-06, 271.72
5576, 7.76261e-21, 0.165483, 0.000864909, 0, 1.32358e-30, 9.84182e-32, 0, 0, 0.166348, 1.24432e-26, 0, 46.305, 0.946864, 1.60285e-06, 271.776
5577, 2.07174e-22, 0.166318, 0.000397956, 0, 3.65728e-32, 2.60208e-33, 0, 0, 0.166716, 3.29774e-28, 0, 49.9285, 0.946928, 1.61655e-06, 271.816
5578, 2.4353e-24, 0.16678, 0.000179588, 0, 4.50236e-34, 3.02787e-35, 0, 0, 0.16696, 3.84832e-30, 0, 54.372, 0.946992, 1.62325e-06, 271.835
5579, 1.26479e-26, 0.166845, 0.000226005, 0, 2.48188e-36, 1.55697e-37, 0, 0, 0.167071, 1.98551e-32, 0, 59.6323, 0.947056, 1.61778e-06, 271.831
5580, 2.92048e-29, 0.166615, 0.00046905, 0, 6.27245e-39, 3.5627e-40, 0, 0, 0.167084, 4.56157e-35, 0, 65.7032, 0.94712, 1.60374e-06, 271.81
5581, 2.03627e-28, 0.166379, 0.000715844, 0, 1.56303e-37, 2.51779e-39, 0, 0, 0.167094, 3.28378e-34, 0, 63.7613, 0.947184, 1.58884e-06, 271.789
5582, 3.59919e-20, 0.166494, 0.00072824, 0, 1.30156e-30, 5.06192e-31, 0, 0, 0.167223, 5.51224e-26, 3.20617e-42, 44.771, 0.947248, 1.58496e-06, 271.788
5583, 6.43349e-17, 0.166872, 0.000566584, 0, 1.32083e-27, 1.04434e-27, 0, 0, 0.167438, 1.0093e-22, 7.79958e-36, 37.2824, 0.947312, 1.59993e-06, 271.801
5584, 8.90192e-15, 0.166827, 0.000685375, 0, 1.52916e-25, 1.60927e-25, 0, 0, 0.167512, 1.4195e-20, 2.60567e-32, 32.3525, 0.947376, 1.61171e-06, 271.791
5585, 4.22423e-13, 0.16605, 0.00129161, 0, 6.72658e-24, 7.9683e-24, 0, 0, 0.167341, 6.77046e-19, 1.95009e-30, 28.4928, 0.94744, 1.6041e-06, 271.739
5586, 1.01169e-11, 0.164985, 0.00208748, 0, 1.50507e-22, 1.99302e-22, 0, 0, 0.167073, 1.62713e-17, 7.42184e-29, 25.3168, 0.947504, 1.59516e-06, 271.67
5587, 1.21017e-10, 0.163588, 0.00310087, 0, 1.70494e-21, 2.47272e-21, 0, 0, 0.166689, 1.94784e-16, 1.26856e-27, 22.8351, 0.947568, 1.59351e-06, 271.581
5588, 7.13799e-10, 0.1616, 0.0045033, 0, 9.66117e-21, 1.49929e-20, 0, 0, 0.166103, 1.14697e-15, 1.25682e-26, 21.0604, 0.947632, 1.59158e-06, 271.457
5589, 2.06123e-09, 0.160046, 0.0056174, 0, 2.71594e-20, 4.48988e-20, 0, 0, 0.165663, 3.30181e-15, 4.748e-25, 20, 0.947696, 1.59424e-06, 271.358
5590, 3.89696e-09, 0.160024, 0.00571944, 0, 5.13675e-20, 1.19218e-19, 0, 0, 0.165744, 6.24186e-15, 2.10917e-23, 19.3631, 0.94776, 1.58984e-06, 271.349
5591, 2.1377e-08, 0.160854, 0.00526012, 0, 3.03266e-19, 1.13882e-18, 0, 0, 0.166114, 3.44999e-14, 4.79443e-22, 17.6609, 0.947824, 1.57409e-06, 271.39
5592, 1.62216e-07, 0.160337, 0.00568502, 0, 2.44588e-18, 9.91111e-18, 0, 0, 0.166023, 2.62069e-13, 5.40725e-21, 15.6343, 0.947888, 1.57347e-06, 271.351
5593, 6.96586e-07, 0.158069, 0.00725813, 0, 1.11503e-17, 4.6627e-17, 0, 0, 0.165327, 1.12471e-12, 3.16539e-20, 14.1771, 0.947952, 1.59408e-06, 271.208
5594, 1.70463e-06, 0.155879, 0.00877504, 0, 2.88459e-17, 1.23392e-16, 0, 0, 0.164654, 2.748e-12, 1.00412e-19, 13.2822, 0.948016, 1.60883e-06, 271.069
5595, 2.57424e-06, 0.154878, 0.00951302, 0, 4.50776e-17, 1.9525e-16, 0, 0, 0.164391, 4.13922e-12, 1.76807e-19, 12.87, 0.94808, 1.60904e-06, 271
5596, 2.63754e-06, 0.15484, 0.00962482, 0, 4.60235e-17, 1.99475e-16, 0, 0, 0.164465, 4.2323e-12, 1.79314e-19, 12.8457, 0.948144, 1.60531e-06, 270.99
5597, 2.12963e-06, 0.155291, 0.00941923, 0, 3.5843e-17, 1.54119e-16, 0, 0, 0.16471, 3.41837e-12, 1.20589e-19, 13.0596, 0.948208, 1.60082e-06, 271.01
5598, 1.41771e-06, 0.156302, 0.0088491, 0, 2.29033e-17, 9.74194e-17, 0, 0, 0.165151, 2.27569e-12, 6.31006e-20, 13.4665, 0.948272, 1.58433e-06, 271.064
5599, 6.48921e-07, 0.158311, 0.00762616, 0, 1.00312e-17, 4.19202e-17, 0, 0, 0.165937, 1.03733e-12, 2.27551e-20, 14.248, 0.948336, 1.56386e-06, 271.176
5600, 1.72833e-07, 0.16139, 0.00569539, 0, 2.52425e-18, 1.02243e-17, 0, 0, 0.167086, 2.73768e-13, 4.53762e-21, 15.5709, 0.9484, 1.564e-06, 271.351
5601, 2.48722e-08, 0.164971, 0.00342596, 0, 3.40455e-19, 1.31261e-18, 0, 0, 0.168397, 3.89017e-14, 4.52658e-22, 17.5095, 0.948464, 1.57934e-06, 271.552
5602, 1.86706e-09, 0.167566, 0.00180202, 0, 2.4077e-20, 8.63067e-20, 0, 0, 0.169368, 2.88444e-15, 2.19097e-23, 20.0989, 0.948528, 1.58138e-06, 271.695
5603, 7.37291e-11, 0.167748, 0.0017709, 0, 9.14177e-22, 2.91703e-21, 0, 0, 0.169519, 1.13211e-16, 5.07456e-25, 23.3306, 0.948592, 1.56144e-06, 271.697
5604, 5.41394e-11, 0.166382, 0.00276422, 0, 6.43348e-22, 1.2887e-21, 0, 0, 0.169146, 8.62767e-17, 1.08656e-26, 23.6395, 0.948656, 1.55027e-06, 271.611
5605, 6.471e-10, 0.165485, 0.0034458, 0, 7.48935e-21, 1.5672e-20, 0, 0, 0.168931, 1.02447e-15, 1.05469e-25, 21.1585, 0.94872, 1.56564e-06, 271.552
5606, 4.15523e-09, 0.164507, 0.00417714, 0, 4.65761e-20, 1.05685e-19, 0, 0, 0.168684, 6.4686e-15, 1.27258e-24, 19.2989, 0.948784, 1.58591e-06, 271.487
5607, 1.63602e-08, 0.162468, 0.00560605, 0, 1.7703e-19, 4.43939e-19, 0, 0, 0.168074, 2.49606e-14, 8.42577e-24, 17.9284, 0.948848, 1.58638e-06, 271.36
5608, 4.05334e-08, 0.160752, 0.00682101, 0, 4.31487e-19, 1.15555e-18, 0, 0, 0.167573, 6.14161e-14, 2.6966e-23, 17.0211, 0.948912, 1.56751e-06, 271.252
5609, 5.57851e-08, 0.160346, 0.00717529, 0, 5.96467e-19, 1.62545e-18, 0, 0, 0.167521, 8.51463e-14, 3.93162e-23, 16.7018, 0.948976, 1.55974e-06, 271.22
5610, 3.87858e-08, 0.161648, 0.00640907, 0, 4.20471e-19, 1.12942e-18, 0, 0, 0.168057, 5.99372e-14, 2.56948e-23, 17.0652, 0.94904, 1.57453e-06, 271.289
5611, 1.32542e-08, 0.164322, 0.00474053, 0, 1.46087e-19, 3.78385e-19, 0, 0, 0.169063, 2.07109e-14, 7.52994e-24, 18.1389, 0.949104, 1.58881e-06, 271.438
5612, 2.22197e-09, 0.166543, 0.00336941, 0, 2.49316e-20, 6.11688e-20, 0, 0, 0.169912, 3.49687e-15, 9.95404e-25, 19.9249, 0.949168, 1.59399e-06, 271.559
5613, 1.8207e-10, 0.167648, 0.00273106, 0, 2.08538e-21, 4.77866e-21, 0, 0, 0.170379, 2.87445e-16, 5.98098e-26, 22.4266, 0.949232, 1.59379e-06, 271.615
5614, 7.20246e-12, 0.168956, 0.00195639, 0, 8.46379e-23, 1.79333e-22, 0, 0, 0.170912, 1.1379e-17, 1.64446e-27, 25.6566, 0.949296, 1.58928e-06, 271.682
5615, 1.35179e-13, 0.170499, 0.00102489, 0, 1.64156e-24, 3.19249e-24, 0, 0, 0.171524, 2.13551e-19, 2.07582e-29, 29.6322, 0.94936, 1.5775e-06, 271.762
5616, 1.18445e-15, 0.171166, 0.000672884, 0, 1.5066e-26, 2.65819e-26, 0, 0, 0.171839, 1.87152e-21, 1.20094e-31, 34.3695, 0.949424, 1.56344e-06, 271.793
5617, 9.80129e-18, 0.170525, 0.00118641, 0, 5.83842e-28, 1.65585e-28, 0, 0, 0.171712, 1.54348e-23, 3.16297e-34, 39.164, 0.949488, 1.54941e-06, 271.748
5618, 1.26455e-16, 0.169214, 0.00214279, 0, 4.04759e-27, 2.12537e-27, 0, 0, 0.171357, 1.99916e-22, 1.29859e-34, 36.6066, 0.949552, 1.5318e-06, 271.666
5619, 1.0736e-14, 0.16852, 0.00269112, 0, 1.64575e-25, 1.9352e-25, 0, 0, 0.171211, 1.69502e-20, 2.26166e-32, 32.1652, 0.949616, 1.52789e-06, 271.619
5620, 5.03695e-13, 0.168987, 0.00247124, 0, 7.20989e-24, 9.16989e-24, 0, 0, 0.171459, 7.94002e-19, 1.26844e-30, 28.3168, 0.94968, 1.53627e-06, 271.638
5621, 1.07106e-11, 0.169192, 0.00242476, 0, 1.49021e-22, 1.96194e-22, 0, 0, 0.171617, 1.68495e-17, 3.13865e-29, 25.2598, 0.949744, 1.54383e-06, 271.642
5622, 1.02766e-10, 0.168108, 0.00322781, 0, 1.39996e-21, 1.89052e-21, 0, 0, 0.171336, 1.61276e-16, 3.40902e-28, 22.9986, 0.949808, 1.55614e-06, 271.572
5623, 4.51732e-10, 0.166478, 0.00438893, 0, 6.05734e-21, 8.32665e-21, 0, 0, 0.170867, 7.07119e-16, 1.63396e-27, 21.5179, 0.949872, 1.56786e-06, 271.47
5624, 9.51704e-10, 0.165026, 0.00543115, 0, 1.26513e-20, 1.74981e-20, 0, 0, 0.170457, 1.486e-15, 3.52678e-27, 20.7728, 0.949936, 1.56273e-06, 271.378
5625, 1.09049e-09, 0.164382, 0.00594251, 0, 1.4528e-20, 1.97945e-20, 0, 0, 0.170325, 1.69717e-15, 3.66448e-27, 20.6366, 0.95, 1.54871e-06, 271.333
5626, 8.33656e-10, 0.164455, 0.00598374, 0, 1.12694e-20, 1.47338e-20, 0, 0, 0.170438, 1.29007e-15, 2.13467e-27, 20.9052, 0.950064, 1.54534e-06, 271.33
5627, 4.43605e-10, 0.165105, 0.00564649, 0, 6.14769e-21, 7.61283e-21, 0, 0, 0.170751, 6.82232e-16, 8.03791e-28, 21.5361, 0.950128, 1.55721e-06, 271.36
5628, 1.39908e-10, 0.166415, 0.00487561, 0, 2.02075e-21, 2.34249e-21, 0, 0, 0.171291, 2.14688e-16, 1.82488e-28, 22.69, 0.950192, 1.57062e-06, 271.428
5629, 2.3601e-11, 0.168267, 0.0037475, 0, 3.6465e-22, 3.8627e-22, 0, 0, 0.172015, 3.63394e-17, 2.12736e-29, 24.4697, 0.950256, 1.57435e-06, 271.527
5630, 2.10921e-12, 0.170426, 0.00241532, 0, 3.58068e-23, 3.37186e-23, 0, 0, 0.172841, 3.27219e-18, 1.17209e-30, 26.8847, 0.95032, 1.57246e-06, 271.643
5631, 1.00879e-13, 0.172292, 0.00127412, 0, 1.9133e-24, 1.57357e-24, 0, 0, 0.173566, 1.57744e-19, 2.99138e-32, 29.9249, 0.950384, 1.56758e-06, 271.741
5632, 2.55396e-15, 0.173032, 0.00087538, 0, 5.45383e-26, 3.88747e-26, 0, 0, 0.173907, 4.01516e-21, 3.55497e-34, 33.6011, 0.950448, 1.55501e-06, 271.775
5633, 3.33043e-17, 0.172569, 0.00127133, 0, 8.08677e-28, 4.94953e-28, 0, 0, 0.17384, 5.2495e-23, 2.00056e-36, 37.9408, 0.950512, 1.54051e-06, 271.742
5634, 2.1888e-19, 0.171846, 0.00183791, 0, 6.14295e-30, 3.17614e-30, 0, 0, 0.173684, 3.45307e-25, 5.45408e-39, 42.9658, 0.950576, 1.5372e-06, 271.693
5635, 7.18892e-22, 0.171688, 0.00203211, 0, 2.36851e-32, 1.01857e-32, 0, 0, 0.17372, 1.13423e-27, 7.3344e-42, 48.6843, 0.95064, 1.5376e-06, 271.677
5636, 1.17668e-24, 0.172159, 0.00181133, 0, 5.19879e-35, 1.62915e-35, 0, 0, 0.17397, 1.85601e-30, 4.2039e-45, 55.0993, 0.950704, 1.52532e-06, 271.696
5637, 1.40453e-27, 0.172958, 0.00137382, 0, 1.38087e-36, 1.69746e-38, 0, 0, 0.174332, 2.1973e-33, 0, 61.8301, 0.950768, 1.51397e-06, 271.733
5638, 4.12735e-29, 0.173813, 0.000899036, 0, 1.21526e-37, 3.59179e-40, 0, 0, 0.174712, 6.34722e-35, 0, 65.3573, 0.950832, 1.5231e-06, 271.774
5639, 1.58402e-30, 0.174564, 0.000493336, 0, 4.8836e-39, 1.29858e-41, 0, 0, 0.175057, 2.43372e-36, 0, 68.6176, 0.950896, 1.53105e-06, 271.808
5640, 2.69433e-32, 0.175114, 0.000219723, 0, 8.7151e-41, 2.0459e-43, 0, 0, 0.175334, 4.13954e-38, 0, 72.6916, 0.95096, 1.53427e-06, 271.831
5641, 2.01756e-34, 0.175411, 0.000113508, 0, 6.92241e-43, 1.4013e-45, 0, 0, 0.175525, 3.1025e-40, 0, 77.586, 0.951024, 1.53937e-06, 271.84
5642, 6.66049e-37, 0.175475, 0.000161193, 0, 2.8026e-45, 0, 0, 0, 0.175636, 1.02575e-42, 0, 83.2995, 0.951088, 1.53967e-06, 271.836
5643, 9.70197e-40, 0.175453, 0.000266105, 0, 0, 0, 0, 0, 0.175719, 0, 0, 89.8311, 0.951152, 1.53726e-06, 271.827
5644, 2.18484e-33, 0.175555, 0.000289102, 0, 4.70836e-42, 2.10195e-44, 0, 0, 0.175844, 3.20695e-39, 0, 75.2038, 0.951216, 1.53455e-06, 271.826
5645, 4.57408e-29, 0.175793, 0.000221736, 0, 2.9206e-38, 4.94127e-40, 0, 0, 0.176015, 6.93104e-35, 0, 65.2546, 0.95128, 1.54048e-06, 271.831
5646, 7.652e-27, 0.175897, 0.000242897, 0, 4.0324e-36, 8.46705e-38, 0, 0, 0.17614, 1.17408e-32, 0, 60.1348, 0.951344, 1.54886e-06, 271.829
5647, 4.42893e-25, 0.175654, 0.000493614, 0, 2.20088e-34, 4.93914e-36, 0, 0, 0.176148, 6.82716e-31, 0, 56.0765, 0.951408, 1.55279e-06, 271.808
5648, 1.17667e-23, 0.175085, 0.000958656, 0, 5.55326e-33, 1.32031e-34, 0, 0, 0.176044, 1.81942e-29, 0, 52.7968, 0.951472, 1.55065e-06, 271.769
5649, 1.42755e-22, 0.174268, 0.00158662, 0, 6.46925e-32, 1.60907e-33, 0, 0, 0.175855, 2.21133e-28, 0, 50.3009, 0.951536, 1.53608e-06, 271.715
5650, 7.9078e-22, 0.17343, 0.00222802, 0, 3.48129e-31, 8.94232e-33, 0, 0, 0.175658, 1.22606e-27, 0, 48.589, 0.9516, 1.51831e-06, 271.66
5651, 1.99804e-21, 0.172963, 0.00262527, 0, 8.64781e-31, 2.26464e-32, 0, 0, 0.175588, 3.09891e-27, 0, 47.6621, 0.951664, 1.52019e-06, 271.626
5652, 2.29831e-21, 0.173125, 0.00260786, 0, 9.89551e-31, 2.60902e-32, 0, 0, 0.175733, 3.56461e-27, 0, 47.5221, 0.951728, 1.52887e-06, 271.628
5653, 1.20007e-21, 0.174016, 0.00211195, 0, 5.19723e-31, 1.36356e-32, 0, 0, 0.176127, 1.86083e-27, 0, 48.1719, 0.951792, 1.52992e-06, 271.67
5654, 6.06317e-21, 0.175399, 0.00129113, 0, 3.71015e-31, 8.00849e-32, 0, 0, 0.17669, 9.35821e-27, 4.48416e-44, 46.5521, 0.951856, 1.53246e-06, 271.74
5655, 4.71034e-18, 0.176551, 0.000622449, 0, 1.10687e-28, 6.82469e-29, 0, 0, 0.177174, 7.22373e-24, 7.66042e-38, 39.8968, 0.95192, 1.528e-06, 271.797
5656, 7.5403e-16, 0.176726, 0.000597271, 0, 1.42552e-26, 1.15789e-26, 0, 0, 0.177323, 1.15971e-21, 1.07293e-34, 34.8211, 0.951984, 1.51494e-06, 271.799
5657, 4.16561e-14, 0.175836, 0.00127252, 0, 7.1535e-25, 6.54114e-25, 0, 0, 0.177109, 6.38405e-20, 1.34743e-32, 30.8093, 0.952048, 1.50842e-06, 271.742
5658, 1.11328e-12, 0.174498, 0.0022423, 0, 1.76799e-23, 1.78319e-23, 0, 0, 0.17674, 1.69916e-18, 6.36764e-31, 27.5237, 0.952112, 1.50473e-06, 271.659
5659, 1.52303e-11, 0.173116, 0.00323846, 0, 2.24442e-22, 2.48973e-22, 0, 0, 0.176354, 2.31111e-17, 1.50969e-29, 24.9077, 0.952176, 1.50964e-06, 271.573
5660, 1.1189e-10, 0.171533, 0.00436339, 0, 1.53946e-21, 1.87217e-21, 0, 0, 0.175896, 1.69055e-16, 1.82503e-28, 22.9135, 0.95224, 1.52224e-06, 271.475
5661, 4.61107e-10, 0.170048, 0.00542229, 0, 6.01591e-21, 7.92099e-21, 0, 0, 0.17547, 6.97252e-16, 1.12333e-27, 21.4974, 0.952304, 1.52383e-06, 271.383
5662, 1.08889e-09, 0.169177, 0.00607858, 0, 1.37702e-20, 1.91687e-20, 0, 0, 0.175256, 1.65563e-15, 3.48627e-27, 20.6381, 0.952368, 1.52001e-06, 271.325
5663, 1.47653e-09, 0.169125, 0.00620088, 0, 1.84609e-20, 2.63996e-20, 0, 0, 0.175326, 2.25774e-15, 5.4162e-27, 20.3336, 0.952432, 1.52561e-06, 271.314
5664, 1.25311e-09, 0.169649, 0.00594762, 0, 1.57052e-20, 2.23662e-20, 0, 0, 0.175597, 1.91588e-15, 4.46552e-27, 20.4976, 0.952496, 1.52952e-06, 271.337
5665, 9.92049e-10, 0.169914, 0.00586374, 0, 1.25063e-20, 1.72482e-20, 0, 0, 0.175778, 1.50003e-15, 2.76858e-27, 20.7312, 0.95256, 1.52202e-06, 271.344
5666, 8.49065e-10, 0.170042, 0.00586859, 0, 1.07677e-20, 1.44426e-20, 0, 0, 0.175911, 1.27418e-15, 1.88512e-27, 20.8869, 0.952624, 1.51551e-06, 271.344
5667, 4.81501e-10, 0.17108, 0.00528043, 0, 6.2166e-21, 8.1096e-21, 0, 0, 0.17636, 7.23857e-16, 9.19831e-28, 21.4541, 0.952688, 1.51254e-06, 271.396
5668, 1.41991e-10, 0.172691, 0.00431739, 0, 1.8931e-21, 2.37028e-21, 0, 0, 0.177009, 2.14616e-16, 2.26091e-28, 22.6753, 0.952752, 1.50406e-06, 271.48
5669, 2.07922e-11, 0.173518, 0.00386738, 0, 2.90312e-22, 3.42932e-22, 0, 0, 0.177385, 3.16093e-17, 2.60072e-29, 24.5964, 0.952816, 1.50246e-06, 271.519
5670, 1.50851e-12, 0.17379, 0.0037798, 0, 2.27866e-23, 2.44117e-23, 0, 0, 0.17757, 2.30302e-18, 1.38307e-30, 27.2199, 0.95288, 1.51238e-06, 271.527
5671, 6.13248e-14, 0.174628, 0.00332122, 0, 1.22792e-24, 9.42351e-25, 0, 0, 0.177949, 9.35585e-20, 3.37696e-32, 30.4226, 0.952944, 1.52304e-06, 271.567
5672, 2.84984e-15, 0.176027, 0.00249457, 0, 1.02961e-25, 3.82539e-26, 0, 0, 0.178522, 4.30632e-21, 3.75288e-34, 33.4915, 0.953008, 1.52788e-06, 271.638
5673, 1.89254e-16, 0.177514, 0.00160956, 0, 8.60347e-27, 2.38952e-27, 0, 0, 0.179123, 2.8563e-22, 1.88033e-36, 36.2034, 0.953072, 1.5244e-06, 271.714
5674, 7.56441e-18, 0.178772, 0.000873481, 0, 3.71677e-28, 9.4875e-29, 0, 0, 0.179646, 1.1454e-23, 4.22118e-39, 39.4231, 0.953136, 1.50589e-06, 271.776
5675, 1.41593e-19, 0.17964, 0.000393379, 0, 7.49387e-30, 1.7716e-30, 0, 0, 0.180034, 2.14983e-25, 4.38466e-42, 43.4013, 0.9532, 1.47608e-06, 271.817
5676, 1.88099e-21, 0.18002, 0.000233905, 0, 1.17529e-31, 2.32211e-32, 0, 0, 0.180254, 2.8523e-27, 2.8026e-45, 47.7225, 0.953264, 1.46416e-06, 271.83
5677, 1.75546e-19, 0.179902, 0.000401793, 0, 8.45614e-30, 2.18641e-30, 0, 0, 0.180304, 2.62248e-25, 1.24295e-42, 43.1864, 0.953328, 1.48281e-06, 271.816
5678, 1.26412e-17, 0.179349, 0.000855315, 0, 5.18003e-28, 1.608e-28, 0, 0, 0.180204, 1.8955e-23, 4.48993e-40, 38.9096, 0.953392, 1.50664e-06, 271.778
5679, 4.26267e-16, 0.178357, 0.00159574, 0, 1.56381e-26, 5.50155e-27, 0, 0, 0.179953, 6.41025e-22, 2.54983e-38, 35.3915, 0.953456, 1.51017e-06, 271.715
5680, 7.35892e-15, 0.177075, 0.00252521, 0, 2.45884e-25, 9.61329e-26, 0, 0, 0.1796, 1.1083e-20, 6.88238e-37, 32.5429, 0.95352, 1.49771e-06, 271.636
5681, 6.5037e-14, 0.175848, 0.00341706, 0, 2.01898e-24, 8.57019e-25, 0, 0, 0.179265, 9.79207e-20, 8.54912e-36, 30.3638, 0.953584, 1.49098e-06, 271.559
5682, 2.94208e-13, 0.174901, 0.00412443, 0, 8.66822e-24, 3.89864e-24, 0, 0, 0.179026, 4.4232e-19, 4.89201e-35, 28.8545, 0.953648, 1.49552e-06, 271.498
5683, 6.80433e-13, 0.174401, 0.00454015, 0, 1.94519e-23, 9.04886e-24, 0, 0, 0.178941, 1.02158e-18, 1.29413e-34, 28.016, 0.953712, 1.50114e-06, 271.462
5684, 8.01929e-13, 0.174646, 0.00446888, 0, 2.2723e-23, 1.06912e-23, 0, 0, 0.179115, 1.20364e-18, 1.5902e-34, 27.8518, 0.953776, 1.50107e-06, 271.468
5685, 4.77083e-13, 0.17595, 0.00370714, 0, 1.36448e-23, 6.3717e-24, 0, 0, 0.179657, 7.16757e-19, 9.1056e-35, 28.3711, 0.95384, 1.49244e-06, 271.534
5686, 1.40636e-13, 0.17766, 0.00267929, 0, 4.11458e-24, 1.88007e-24, 0, 0, 0.18034, 2.11661e-19, 2.42652e-35, 29.5926, 0.953904, 1.48541e-06, 271.622
5687, 2.00325e-14, 0.17825, 0.00238401, 0, 6.04981e-25, 2.67789e-25, 0, 0, 0.180634, 3.02081e-20, 2.98765e-36, 31.5414, 0.953968, 1.49504e-06, 271.648
5688, 1.34573e-15, 0.17801, 0.00263173, 0, 4.24228e-26, 1.79672e-26, 0, 0, 0.180641, 2.03282e-21, 1.67966e-37, 34.2418, 0.954032, 1.50579e-06, 271.627
5689, 4.30459e-17, 0.178496, 0.00240378, 0, 1.57396e-27, 5.71454e-28, 0, 0, 0.180899, 6.5113e-23, 4.25435e-39, 37.6843, 0.954096, 1.50784e-06, 271.646
5690, 1.01399e-18, 0.179831, 0.00161998, 0, 8.21693e-29, 1.28559e-29, 0, 0, 0.181451, 1.535e-24, 4.79426e-41, 41.4326, 0.95416, 1.50894e-06, 271.713
5691, 1.04125e-19, 0.181186, 0.000822908, 0, 9.532e-30, 1.27503e-30, 0, 0, 0.182009, 1.5531e-25, 2.63024e-42, 43.7087, 0.954224, 1.50893e-06, 271.781
5692, 7.52036e-18, 0.181871, 0.000463919, 0, 2.18443e-28, 9.9296e-29, 0, 0, 0.182335, 1.11613e-23, 1.08136e-38, 39.4289, 0.954288, 1.50172e-06, 271.811
5693, 4.77503e-16, 0.181587, 0.000740172, 0, 1.22302e-26, 6.41167e-27, 0, 0, 0.182327, 7.07672e-22, 2.00229e-36, 35.278, 0.954352, 1.48385e-06, 271.788
5694, 1.58219e-14, 0.180471, 0.00156062, 0, 3.59904e-25, 2.15881e-25, 0, 0, 0.182032, 2.33828e-20, 1.35918e-34, 31.7774, 0.954416, 1.4628e-06, 271.718
5695, 2.77256e-13, 0.178937, 0.00265297, 0, 5.64832e-24, 3.83143e-24, 0, 0, 0.18159, 4.0718e-19, 4.44509e-33, 28.9138, 0.95448, 1.45273e-06, 271.625
5696, 2.64288e-12, 0.177409, 0.00373869, 0, 4.88186e-23, 3.69218e-23, 0, 0, 0.181148, 3.8518e-18, 7.22396e-32, 26.6592, 0.954544, 1.46114e-06, 271.532
5697, 1.40059e-11, 0.176172, 0.00463352, 0, 2.39816e-22, 1.98242e-22, 0, 0, 0.180805, 2.03452e-17, 5.82308e-31, 24.9915, 0.954608, 1.47109e-06, 271.455
5698, 4.18556e-11, 0.175358, 0.00525133, 0, 6.84916e-22, 6.02496e-22, 0, 0, 0.18061, 6.10861e-17, 2.32042e-30, 23.8968, 0.954672, 1.46829e-06, 271.401
5699, 7.09526e-11, 0.175044, 0.00554408, 0, 1.1433e-21, 1.03823e-21, 0, 0, 0.180588, 1.04585e-16, 4.57063e-30, 23.369, 0.954736, 1.47208e-06, 271.376
5700, 6.79068e-11, 0.175341, 0.00544012, 0, 1.10132e-21, 1.00369e-21, 0, 0, 0.180781, 1.01027e-16, 4.47177e-30, 23.4129, 0.9548, 1.48762e-06, 271.385
5701, 3.58725e-11, 0.17622, 0.00495836, 0, 5.94027e-22, 5.3106e-22, 0, 0, 0.181179, 5.36615e-17, 2.17961e-30, 24.0511, 0.954864, 1.49444e-06, 271.427
5702, 1.0065e-11, 0.177192, 0.00441614, 0, 1.72554e-22, 1.48187e-22, 0, 0, 0.181608, 1.50887e-17, 5.24117e-31, 25.322, 0.954928, 1.48589e-06, 271.474
5703, 1.46976e-12, 0.178144, 0.00388648, 0, 2.703e-23, 2.13512e-23, 0, 0, 0.18203, 2.20365e-18, 6.06179e-32, 27.2459, 0.954992, 1.47045e-06, 271.52
5704, 1.25297e-13, 0.179629, 0.00300843, 0, 2.79142e-24, 1.75771e-24, 0, 0, 0.182637, 1.87315e-19, 3.26641e-33, 29.7081, 0.955056, 1.46946e-06, 271.595
5705, 9.2823e-15, 0.181135, 0.00211674, 0, 2.79168e-25, 1.21971e-25, 0, 0, 0.183251, 1.37535e-20, 7.98532e-35, 32.3107, 0.95512, 1.48296e-06, 271.671
5706, 6.27614e-16, 0.181842, 0.00174601, 0, 2.20957e-26, 7.90635e-27, 0, 0, 0.183588, 9.21462e-22, 8.76122e-37, 35.0046, 0.955184, 1.49106e-06, 271.703
5707, 2.45333e-17, 0.182421, 0.00145805, 0, 9.2416e-28, 3.03766e-28, 0, 0, 0.183879, 3.5777e-23, 4.51163e-39, 38.2465, 0.955248, 1.49111e-06, 271.727
5708, 4.51803e-19, 0.183394, 0.000912456, 0, 1.8134e-29, 5.52236e-30, 0, 0, 0.184306, 6.54677e-25, 1.44446e-41, 42.241, 0.955312, 1.48729e-06, 271.773
5709, 3.8054e-21, 0.184309, 0.000404055, 0, 1.65367e-31, 4.58703e-32, 0, 0, 0.184713, 5.47751e-27, 4.62428e-44, 47.0179, 0.955376, 1.47649e-06, 271.816
5710, 1.47622e-23, 0.184783, 0.000184526, 0, 7.04571e-34, 1.75291e-34, 0, 0, 0.184968, 2.11063e-29, 0, 52.57, 0.95544, 1.45124e-06, 271.835
5711, 2.65462e-26, 0.184784, 0.000274587, 0, 1.39805e-36, 3.1066e-37, 0, 0, 0.185058, 3.77245e-32, 0, 58.8909, 0.955504, 1.4232e-06, 271.827
5712, 2.20388e-29, 0.184376, 0.000631369, 0, 1.27444e-39, 2.54776e-40, 0, 0, 0.185008, 3.11758e-35, 0, 65.9847, 0.955568, 1.41897e-06, 271.797
5713, 8.32992e-33, 0.183841, 0.00107128, 0, 5.24086e-43, 9.52883e-44, 0, 0, 0.184913, 1.17534e-38, 0, 73.8655, 0.955632, 1.42409e-06, 271.76
5714, 1.9358e-36, 0.183691, 0.00126002, 0, 0, 0, 0, 0, 0.184951, 1.98704e-42, 0, 82.2325, 0.955696, 1.41989e-06, 271.744
5715, 3.57207e-37, 0.184196, 0.00102045, 0, 0, 0, 0, 0, 0.185216, 0, 0, 83.9225, 0.95576, 1.42792e-06, 271.764
5716, 1.0231e-37, 0.184946, 0.000620855, 0, 0, 0, 0, 0, 0.185567, 0, 0, 85.1728, 0.955824, 1.44817e-06, 271.798
5717, 1.23783e-38, 0.185435, 0.000392224, 0, 0, 0, 0, 0, 0.185827, 0, 0, 87.2849, 0.955888, 1.45782e-06, 271.817
5718, 6.32136e-40, 0.185727, 0.000291581, 0, 0, 0, 0, 0, 0.186019, 0, 0, 90.2595, 0.955952, 1.46295e-06, 271.826
5719, 1.36276e-41, 0.185829, 0.000315198, 0, 0, 0, 0, 0, 0.186145, 0, 0, 94.0965, 0.956016, 1.46724e-06, 271.824
5720, 1.75162e-43, 0.185721, 0.000476204, 0, 0, 0, 0, 0, 0.186198, 0, 0, 98.4506, 0.95608, 1.46406e-06, 271.81
5721, 4.48275e-42, 0.185724, 0.000565229, 0, 0, 0, 0, 0, 0.186289, 0, 0, 95.2083, 0.956144, 1.45894e-06, 271.803
5722, 1.72763e-40, 0.185911, 0.000533316, 0, 0, 0, 0, 0, 0.186445, 0, 0, 91.5566, 0.956208, 1.45904e-06, 271.805
5723, 2.80802e-39, 0.186118, 0.000488746, 0, 0, 0, 0, 0, 0.186607, 0, 0, 88.7683, 0.956272, 1.46635e-06, 271.809
5724, 1.47347e-28, 0.186118, 0.000579155, 0, 5.78562e-38, 1.52215e-39, 0, 0, 0.186697, 2.15952e-34, 0, 64.0848, 0.956336, 1.47256e-06, 271.802
5725, 3.28665e-26, 0.185795, 0.000880231, 0, 1.08565e-35, 3.43098e-37, 0, 0, 0.186675, 4.82837e-32, 0, 58.6773, 0.9564, 1.4733e-06, 271.776
5726, 1.887e-24, 0.185646, 0.00106801, 0, 6.11842e-34, 1.97249e-35, 0, 0, 0.186714, 2.77289e-30, 0, 54.6271, 0.956464, 1.4712e-06, 271.761
5727, 4.68972e-23, 0.185859, 0.00101931, 0, 1.4965e-32, 4.90802e-34, 0, 0, 0.186878, 6.89295e-29, 0, 51.4141, 0.956528, 1.46673e-06, 271.765
5728, 4.99499e-22, 0.185855, 0.00111179, 0, 1.57517e-31, 5.23309e-33, 0, 0, 0.186967, 7.34291e-28, 0, 49.0484, 0.956592, 1.45556e-06, 271.757
5729, 2.2808e-21, 0.185144, 0.00166493, 0, 7.13768e-31, 2.3918e-32, 0, 0, 0.186809, 3.35333e-27, 0, 47.5298, 0.956656, 1.44641e-06, 271.71
5730, 4.46577e-21, 0.184479, 0.00218756, 0, 1.39259e-30, 4.68703e-32, 0, 0, 0.186667, 6.56635e-27, 0, 46.8578, 0.95672, 1.45137e-06, 271.666
5731, 3.74949e-21, 0.184913, 0.00199544, 0, 1.16974e-30, 3.93812e-32, 0, 0, 0.186909, 5.51348e-27, 0, 47.0327, 0.956784, 1.45551e-06, 271.682
5732, 1.34961e-21, 0.185873, 0.00146138, 0, 4.22859e-31, 1.41836e-32, 0, 0, 0.187334, 1.98461e-27, 0, 48.0545, 0.956848, 1.44735e-06, 271.727
5733, 2.08134e-22, 0.186388, 0.00121665, 0, 6.57428e-32, 2.1884e-33, 0, 0, 0.187604, 3.06066e-28, 0, 49.9239, 0.956912, 1.43158e-06, 271.748
5734, 1.37422e-23, 0.186877, 0.000988495, 0, 4.39246e-33, 1.4454e-34, 0, 0, 0.187866, 2.02082e-29, 0, 52.6416, 0.956976, 1.4233e-06, 271.767
5735, 3.8821e-25, 0.187598, 0.000609661, 0, 1.26036e-34, 4.08397e-36, 0, 0, 0.188207, 5.70857e-31, 0, 56.2083, 0.95704, 1.42648e-06, 271.799
5736, 5.04607e-27, 0.188061, 0.000398499, 0, 1.93737e-36, 5.26286e-38, 0, 0, 0.188459, 7.39891e-33, 0, 60.5512, 0.957104, 1.43178e-06, 271.817
5737, 1.03721e-26, 0.188046, 0.000498487, 0, 1.05904e-35, 9.56947e-38, 0, 0, 0.188544, 1.46176e-32, 0, 59.8307, 0.957168, 1.43917e-06, 271.808
5738, 1.36333e-25, 0.187432, 0.000988329, 0, 1.33879e-34, 1.25955e-36, 0, 0, 0.18842, 1.92347e-31, 0, 57.2547, 0.957232, 1.44611e-06, 271.767
5739, 8.20497e-25, 0.186461, 0.00171031, 0, 7.85734e-34, 7.61724e-36, 0, 0, 0.188171, 1.16213e-30, 0, 55.4599, 0.957296, 1.44791e-06, 271.707
5740, 2.26292e-24, 0.18575, 0.00226223, 0, 2.14598e-33, 2.11562e-35, 0, 0, 0.188013, 3.22343e-30, 0, 54.4454, 0.95736, 1.44312e-06, 271.66
5741, 2.86334e-24, 0.185619, 0.00243766, 0, 2.72681e-33, 2.69747e-35, 0, 0, 0.188057, 4.1043e-30, 0, 54.2101, 0.957424, 1.44509e-06, 271.645
5742, 1.65996e-24, 0.186013, 0.0022721, 0, 1.60691e-33, 1.57438e-35, 0, 0, 0.188285, 2.39303e-30, 0, 54.7553, 0.957488, 1.45357e-06, 271.659
5743, 4.39455e-25, 0.18676, 0.00187684, 0, 4.37135e-34, 4.18809e-36, 0, 0, 0.188637, 6.36424e-31, 0, 56.0843, 0.957552, 1.45649e-06, 271.693
5744, 5.29184e-26, 0.187679, 0.00137004, 0, 5.46497e-35, 5.05501e-37, 0, 0, 0.189049, 7.68861e-32, 0, 58.201, 0.957616, 1.45173e-06, 271.735
5745, 2.88901e-27, 0.188599, 0.000862555, 0, 3.13045e-36, 2.75843e-38, 0, 0, 0.189462, 4.20634e-33, 0, 61.1089, 0.95768, 1.44191e-06, 271.778
5746, 7.13688e-29, 0.189375, 0.000448412, 0, 8.20699e-38, 6.78883e-40, 0, 0, 0.189823, 1.04042e-34, 0, 64.8097, 0.957744, 1.43477e-06, 271.813
5747, 7.97282e-31, 0.189901, 0.000196768, 0, 9.85057e-40, 7.52217e-42, 0, 0, 0.190098, 1.1631e-36, 0, 69.3041, 0.957808, 1.43497e-06, 271.834
5748, 4.02877e-33, 0.190117, 0.000146753, 0, 5.41742e-42, 3.50325e-44, 0, 0, 0.190264, 5.87928e-39, 0, 74.5919, 0.957872, 1.43731e-06, 271.838
5749, 9.53444e-36, 0.190013, 0.000305067, 0, 1.26117e-44, 0, 0, 0, 0.190318, 1.34483e-41, 0, 80.6382, 0.957936, 1.44037e-06, 271.825
5750, 7.48558e-36, 0.189624, 0.000648644, 0, 0, 0, 0, 0, 0.190273, 1.4013e-44, 0, 80.8801, 0.958, 1.44536e-06, 271.796
5751, 7.52283e-35, 0.189092, 0.00108452, 0, 4.2039e-45, 0, 0, 0, 0.190177, 9.02436e-43, 0, 78.5725, 0.958064, 1.44443e-06, 271.759
5752, 3.78435e-34, 0.18866, 0.00145529, 0, 4.45613e-43, 0, 0, 0, 0.190116, 8.67992e-41, 0, 76.957, 0.958128, 1.43179e-06, 271.728
5753, 3.37376e-33, 0.188619, 0.00157254, 0, 2.03132e-41, 0, 0, 0, 0.190192, 4.03464e-39, 0, 74.7693, 0.958192, 1.41321e-06, 271.719
5754, 5.79411e-32, 0.189075, 0.00136705, 0, 4.0972e-40, 0, 0, 0, 0.190442, 8.30453e-38, 0, 71.9259, 0.958256, 1.40293e-06, 271.736
5755, 5.29634e-31, 0.189436, 0.00122269, 0, 3.69595e-39, 0, 0, 0, 0.190659, 7.64839e-37, 0, 69.7131, 0.95832, 1.40125e-06, 271.748
5756, 2.18773e-30, 0.189147, 0.00150071, 0, 1.50025e-38, 0, 0, 0, 0.190647, 3.15993e-36, 0, 68.2947, 0.958384, 1.41426e-06, 271.725
5757, 4.05494e-30, 0.188745, 0.00185178, 0, 2.74838e-38, 0, 0, 0, 0.190597, 5.85625e-36, 0, 67.6776, 0.958448, 1.43065e-06, 271.695
5758, 3.3657e-30, 0.188807, 0.00190167, 0, 2.2724e-38, 0, 0, 0, 0.190709, 4.85969e-36, 0, 67.8639, 0.958512, 1.43115e-06, 271.691
5759, 1.24809e-30, 0.189274, 0.00168969, 0, 8.46284e-39, 0, 0, 0, 0.190963, 1.80119e-36, 0, 68.8559, 0.958576, 1.42707e-06, 271.709
5760, 2.06353e-31, 0.189928, 0.00135547, 0, 1.41498e-39, 0, 0, 0, 0.191284, 2.97466e-37, 0, 70.6557, 0.95864, 1.42898e-06, 271.737
5761, 1.51942e-32, 0.190637, 0.000986685, 0, 1.05799e-40, 0, 0, 0, 0.191623, 2.1849e-38, 0, 73.2644, 0.958704, 1.42843e-06, 271.768
5762, 4.98284e-34, 0.191316, 0.00063606, 0, 3.52286e-42, 0, 0, 0, 0.191953, 7.12804e-40, 0, 76.6819, 0.958768, 1.42746e-06, 271.797
5763, 7.28553e-36, 0.191905, 0.000344565, 0, 5.1848e-44, 0, 0, 0, 0.19225, 1.03136e-41, 0, 80.9072, 0.958832, 1.42755e-06, 271.821
5764, 4.75744e-38, 0.192346, 0.000148955, 0, 0, 0, 0, 0, 0.192495, 6.5861e-44, 0, 85.9385, 0.958896, 1.42077e-06, 271.838
5765, 1.39027e-40, 0.192611, 6.79004e-05, 0, 0, 0, 0, 0, 0.192679, 0, 0, 91.7739, 0.95896, 1.41352e-06, 271.844
5766, 1.8357e-43, 0.192727, 8.30722e-05, 0, 0, 0, 0, 0, 0.19281, 0, 0, 98.4037, 0.959024, 1.4177e-06, 271.843
5767, 0, 0.192801, 0.000125926, 0, 0, 0, 0, 0, 0.192927, 0, 0, 99.99, 0.959088, 1.42759e-06, 271.84
5768, 0, 0.192943, 0.000124767, 0, 0, 0, 0, 0, 0.193067, 0, 0, 99.99, 0.959152, 1.43214e-06, 271.84
5769, 1.09404e-40, 0.193082, 0.000124706, 0, 0, 0, 0, 0, 0.193207, 0, 0, 92.0135, 0.959216, 1.4312e-06, 271.84
5770, 7.31947e-36, 0.193041, 0.000241979, 0, 3.64338e-44, 0, 0, 0, 0.193283, 1.0308e-41, 0, 80.9025, 0.95928, 1.42858e-06, 271.83
5771, 8.00174e-34, 0.192826, 0.000472576, 0, 3.75548e-42, 0, 0, 0, 0.193298, 1.11464e-39, 0, 76.2082, 0.959344, 1.42304e-06, 271.811
5772, 4.00629e-32, 0.192659, 0.000671148, 0, 1.79724e-40, 0, 0, 0, 0.19333, 5.56524e-38, 0, 72.2949, 0.959408, 1.40654e-06, 271.794
5773, 8.71102e-31, 0.19257, 0.000819435, 0, 3.77942e-39, 0, 0, 0, 0.193389, 1.20742e-36, 0, 69.2155, 0.959472, 1.38668e-06, 271.782
5774, 8.27213e-30, 0.192188, 0.00115708, 0, 3.50494e-38, 0, 0, 0, 0.193345, 1.14508e-35, 0, 66.9647, 0.959536, 1.38636e-06, 271.754
5775, 3.42837e-29, 0.191564, 0.00165058, 0, 1.43137e-37, 0, 0, 0, 0.193215, 4.74471e-35, 0, 65.5429, 0.9596, 1.39904e-06, 271.712
5776, 6.19643e-29, 0.191276, 0.00192775, 0, 2.57027e-37, 0, 0, 0, 0.193203, 8.58354e-35, 0, 64.951, 0.959664, 1.40233e-06, 271.689
5777, 4.8773e-29, 0.19162, 0.0017953, 0, 2.02519e-37, 0, 0, 0, 0.193415, 6.7696e-35, 0, 65.1904, 0.959728, 1.39724e-06, 271.7
5778, 5.19727e-27, 0.192537, 0.00129288, 0, 1.15746e-36, 5.06435e-38, 0, 0, 0.19383, 7.36855e-33, 0, 60.5217, 0.959792, 1.39618e-06, 271.742
5779, 4.58018e-23, 0.193619, 0.000683172, 0, 3.37309e-33, 4.7571e-34, 0, 0, 0.194302, 6.43719e-29, 0, 51.4377, 0.959856, 1.40363e-06, 271.793
5780, 1.17723e-20, 0.194274, 0.000349999, 0, 5.9601e-31, 1.26178e-31, 0, 0, 0.194624, 1.66453e-26, 7.00649e-45, 45.8885, 0.95992, 1.41279e-06, 271.821
5781, 9.49491e-19, 0.194169, 0.00050828, 0, 4.08731e-29, 1.02961e-29, 0, 0, 0.194678, 1.34362e-24, 6.10686e-42, 41.4984, 0.959984, 1.41618e-06, 271.808
5782, 3.90593e-17, 0.193282, 0.00117187, 0, 1.46873e-27, 4.27589e-28, 0, 0, 0.194454, 5.53054e-23, 4.52521e-40, 37.7815, 0.960048, 1.40963e-06, 271.752
5783, 8.64581e-16, 0.191927, 0.0021374, 0, 2.86252e-26, 9.5553e-27, 0, 0, 0.194064, 1.22451e-21, 1.82752e-38, 34.6843, 0.960112, 1.40069e-06, 271.671
5784, 1.01421e-14, 0.190588, 0.00309031, 0, 3.02835e-25, 1.13031e-25, 0, 0, 0.193678, 1.43645e-20, 3.38447e-37, 32.2221, 0.960176, 1.40318e-06, 271.591
5785, 6.24274e-14, 0.189543, 0.00385244, 0, 1.7288e-24, 7.00667e-25, 0, 0, 0.193395, 8.8407e-20, 2.9967e-36, 30.4048, 0.96024, 1.41097e-06, 271.526
5786, 2.05101e-13, 0.188871, 0.00437373, 0, 5.38496e-24, 2.31592e-24, 0, 0, 0.193245, 2.90398e-19, 1.38674e-35, 29.2153, 0.960304, 1.41479e-06, 271.482
5787, 3.8714e-13, 0.188636, 0.00461429, 0, 9.75396e-24, 4.39442e-24, 0, 0, 0.19325, 5.47988e-19, 3.68881e-35, 28.58, 0.960368, 1.41535e-06, 271.462
5788, 4.63702e-13, 0.188858, 0.00456102, 0, 1.13146e-23, 5.2809e-24, 0, 0, 0.193419, 6.56096e-19, 5.73072e-35, 28.3995, 0.960432, 1.41442e-06, 271.466
5789, 4.06457e-13, 0.189318, 0.00435532, 0, 9.72581e-24, 4.61831e-24, 0, 0, 0.193673, 5.74595e-19, 6.38648e-35, 28.5313, 0.960496, 1.41147e-06, 271.484
5790, 3.5351e-13, 0.189773, 0.00415222, 0, 8.1225e-24, 3.9785e-24, 0, 0, 0.193925, 4.9696e-19, 5.06968e-34, 28.6709, 0.96056, 1.40464e-06, 271.501
5791, 7.42364e-13, 0.190353, 0.00386921, 0, 1.21335e-23, 8.29332e-24, 0, 0, 0.194222, 1.01069e-18, 1.06904e-32, 27.9289, 0.960624, 1.39581e-06, 271.525
5792, 4.72968e-12, 0.190543, 0.00383636, 0, 6.38935e-23, 5.37137e-23, 0, 0, 0.19438, 6.41033e-18, 1.14456e-31, 26.0772, 0.960688, 1.38433e-06, 271.528
5793, 1.98968e-11, 0.189709, 0.00446026, 0, 2.62383e-22, 2.30539e-22, 0, 0, 0.194169, 2.72271e-17, 5.89273e-31, 24.6405, 0.960752, 1.37122e-06, 271.475
5794, 4.51296e-11, 0.188577, 0.0052751, 0, 5.91717e-22, 5.31721e-22, 0, 0, 0.193852, 6.22838e-17, 1.50405e-30, 23.8215, 0.960816, 1.37069e-06, 271.405
5795, 5.93787e-11, 0.188106, 0.00566636, 0, 7.8246e-22, 7.05553e-22, 0, 0, 0.193772, 8.22177e-17, 1.99555e-30, 23.5471, 0.96088, 1.37764e-06, 271.371
5796, 4.95169e-11, 0.18827, 0.00565033, 0, 6.64289e-22, 5.86831e-22, 0, 0, 0.19392, 6.83606e-17, 1.46325e-30, 23.7287, 0.960944, 1.37691e-06, 271.373
5797, 2.73419e-11, 0.188811, 0.00539334, 0, 3.79868e-22, 3.20119e-22, 0, 0, 0.194205, 3.75072e-17, 6.22294e-31, 24.3226, 0.961008, 1.37991e-06, 271.395
5798, 9.87103e-12, 0.189745, 0.0048846, 0, 1.46171e-22, 1.13775e-22, 0, 0, 0.19463, 1.34902e-17, 1.52937e-31, 25.3414, 0.961072, 1.39211e-06, 271.439
5799, 2.31377e-12, 0.191164, 0.00406457, 0, 3.79039e-23, 2.63426e-23, 0, 0, 0.195229, 3.17581e-18, 2.07216e-32, 26.7921, 0.961136, 1.39699e-06, 271.509
5800, 3.52088e-13, 0.192926, 0.00302367, 0, 6.46505e-24, 3.98215e-24, 0, 0, 0.19595, 4.88075e-19, 1.49099e-33, 28.6749, 0.9612, 1.39051e-06, 271.597
5801, 3.24041e-14, 0.194773, 0.00192609, 0, 6.53399e-25, 3.64984e-25, 0, 0, 0.196699, 4.52738e-20, 5.77805e-35, 31.0605, 0.961264, 1.38391e-06, 271.689
5802, 1.60046e-15, 0.195992, 0.00123189, 0, 3.4667e-26, 1.79447e-26, 0, 0, 0.197224, 2.24425e-21, 1.2822e-36, 34.0685, 0.961328, 1.38661e-06, 271.748
5803, 4.46978e-17, 0.195721, 0.00149665, 0, 1.24849e-27, 4.9185e-28, 0, 0, 0.197217, 6.27111e-23, 1.67229e-38, 37.6466, 0.961392, 1.39446e-06, 271.725
5804, 5.6276e-17, 0.19445, 0.00240417, 0, 3.25902e-27, 5.65082e-28, 0, 0, 0.196854, 7.85725e-23, 1.19071e-40, 37.4163, 0.961456, 1.39839e-06, 271.649
5805, 2.39022e-16, 0.193334, 0.00321123, 0, 1.36783e-26, 2.39688e-27, 0, 0, 0.196546, 3.336e-22, 4.16186e-43, 35.97, 0.96152, 1.39817e-06, 271.582
5806, 4.7146e-16, 0.192851, 0.00361161, 0, 2.68366e-26, 4.72453e-27, 0, 0, 0.196462, 6.57872e-22, 0, 35.2907, 0.961584, 1.39658e-06, 271.548
5807, 4.32974e-16, 0.193214, 0.00346827, 0, 2.48115e-26, 4.33492e-27, 0, 0, 0.196682, 6.04138e-22, 0, 35.3759, 0.961648, 1.39349e-06, 271.56
5808, 1.86547e-16, 0.194287, 0.00286938, 0, 1.0901e-26, 1.86541e-27, 0, 0, 0.197156, 2.60318e-22, 0, 36.2178, 0.961712, 1.38681e-06, 271.61
5809, 3.78217e-17, 0.195003, 0.00249949, 0, 2.28307e-27, 3.77619e-28, 0, 0, 0.197503, 5.27879e-23, 0, 37.8136, 0.961776, 1.38008e-06, 271.642
5810, 3.6101e-18, 0.194886, 0.00266543, 0, 2.29493e-28, 3.59741e-29, 0, 0, 0.197551, 5.03928e-24, 0, 40.1628, 0.96184, 1.379e-06, 271.628
5811, 1.69919e-19, 0.194845, 0.00278173, 0, 1.31114e-29, 1.68307e-30, 0, 0, 0.197627, 2.37056e-25, 0, 43.219, 0.961904, 1.37694e-06, 271.618
5812, 7.23101e-21, 0.195324, 0.00256424, 0, 1.22829e-30, 6.89364e-32, 0, 0, 0.197889, 1.00387e-26, 0, 46.3759, 0.961968, 1.36441e-06, 271.636
5813, 7.20065e-22, 0.196089, 0.00216317, 0, 1.83701e-31, 6.64571e-33, 0, 0, 0.198252, 9.9635e-28, 0, 48.6827, 0.962032, 1.35127e-06, 271.67
5814, 5.52866e-23, 0.196951, 0.00169967, 0, 1.54465e-32, 5.0775e-34, 0, 0, 0.198651, 7.65034e-29, 0, 51.2495, 0.962096, 1.35275e-06, 271.709
5815, 2.05664e-24, 0.197834, 0.0012223, 0, 6.26084e-34, 1.88268e-35, 0, 0, 0.199057, 2.84584e-30, 0, 54.541, 0.96216, 1.36049e-06, 271.749
5816, 3.62096e-26, 0.198685, 0.00076578, 0, 1.23009e-35, 3.30191e-37, 0, 0, 0.199451, 5.00997e-32, 0, 58.5805, 0.962224, 1.36586e-06, 271.787
5817, 3.04766e-28, 0.199414, 0.000387126, 0, 1.1855e-37, 2.76725e-39, 0, 0, 0.199801, 4.21739e-34, 0, 63.358, 0.962288, 1.36706e-06, 271.818
5818, 1.23769e-30, 0.1999, 0.000164925, 0, 5.6437e-40, 1.1181e-41, 0, 0, 0.200065, 1.71343e-36, 0, 68.8643, 0.962352, 1.36573e-06, 271.836
5819, 2.43933e-33, 0.200112, 0.000119185, 0, 1.32843e-42, 2.24208e-44, 0, 0, 0.200231, 3.37755e-39, 0, 75.0936, 0.962416, 1.36902e-06, 271.84
5820, 2.33797e-36, 0.200202, 0.000151637, 0, 0, 0, 0, 0, 0.200354, 3.2356e-42, 0, 82.0438, 0.96248, 1.37068e-06, 271.837
5821, 1.08855e-39, 0.200358, 0.000142016, 0, 0, 0, 0, 0, 0.2005, 0, 0, 89.716, 0.962544, 1.37236e-06, 271.838
5822, 2.45227e-43, 0.200578, 9.1727e-05, 0, 0, 0, 0, 0, 0.200669, 0, 0, 98.1141, 0.962608, 1.37707e-06, 271.842
5823, 0, 0.200716, 9.3242e-05, 0, 0, 0, 0, 0, 0.20081, 0, 0, 99.99, 0.962672, 1.37929e-06, 271.842
5824, 0, 0.200688, 0.000202074, 0, 0, 0, 0, 0, 0.20089, 0, 0, 99.99, 0.962736, 1.37948e-06, 271.833
5825, 0, 0.200533, 0.000392691, 0, 0, 0, 0, 0, 0.200926, 0, 0, 99.99, 0.9628, 1.37713e-06, 271.818
5826, 0, 0.200394, 0.000572832, 0, 0, 0, 0, 0, 0.200967, 0, 0, 99.99, 0.962864, 1.36925e-06, 271.803
5827, 0, 0.200454, 0.000624755, 0, 0, 0, 0, 0, 0.201079, 0, 0, 99.99, 0.962928, 1.36164e-06, 271.798
5828, 0, 0.200761, 0.000517947, 0, 0, 0, 0, 0, 0.201279, 0, 0, 99.99, 0.962992, 1.36373e-06, 271.807
5829, 0, 0.201179, 0.000339964, 0, 0, 0, 0, 0, 0.201519, 0, 0, 99.99, 0.963056, 1.36728e-06, 271.822
5830, 0, 0.201522, 0.000210259, 0, 0, 0, 0, 0, 0.201732, 0, 0, 99.99, 0.96312, 1.36669e-06, 271.833
5831, 3.31659e-41, 0.201616, 0.000240694, 0, 0, 0, 0, 0, 0.201857, 0, 0, 93.2071, 0.963184, 1.36573e-06, 271.83
5832, 2.38622e-39, 0.201553, 0.000372009, 0, 0, 0, 0, 0, 0.201925, 0, 0, 88.9311, 0.963248, 1.35895e-06, 271.819
5833, 5.35851e-33, 0.201634, 0.00041051, 0, 6.74865e-42, 4.34403e-44, 0, 0, 0.202045, 7.02154e-39, 0, 74.3066, 0.963312, 1.34789e-06, 271.816
5834, 1.37833e-30, 0.201763, 0.000418353, 0, 1.10265e-39, 1.13085e-41, 0, 0, 0.202181, 1.80105e-36, 0, 68.7567, 0.963376, 1.34165e-06, 271.815
5835, 2.00668e-26, 0.201494, 0.000681322, 0, 5.48776e-36, 1.80451e-37, 0, 0, 0.202175, 2.73947e-32, 0, 59.1707, 0.96344, 1.33768e-06, 271.794
5836, 1.35396e-24, 0.200939, 0.00112808, 0, 3.47727e-34, 1.21941e-35, 0, 0, 0.202067, 1.8486e-30, 0, 54.959, 0.963504, 1.34316e-06, 271.757
5837, 4.93945e-23, 0.200653, 0.00140161, 0, 1.06718e-32, 4.46739e-34, 0, 0, 0.202055, 6.7432e-29, 0, 51.3622, 0.963568, 1.35398e-06, 271.734
5838, 1.14418e-21, 0.20046, 0.00161554, 0, 1.93221e-31, 1.03979e-32, 0, 0, 0.202075, 1.56161e-27, 0, 48.2196, 0.963632, 1.35378e-06, 271.716
5839, 1.71938e-20, 0.199851, 0.0020952, 0, 2.40337e-30, 1.56626e-31, 0, 0, 0.201946, 2.34599e-26, 0, 45.5097, 0.963696, 1.34716e-06, 271.676
5840, 1.36197e-19, 0.199202, 0.00260047, 0, 1.76099e-29, 1.24015e-30, 0, 0, 0.201802, 1.85771e-25, 0, 43.4402, 0.96376, 1.3504e-06, 271.634
5841, 5.09285e-19, 0.198826, 0.00293037, 0, 6.42748e-29, 4.62339e-30, 0, 0, 0.201757, 6.94197e-25, 0, 42.1213, 0.963824, 1.35902e-06, 271.606
5842, 9.02336e-19, 0.198602, 0.00316358, 0, 1.13599e-28, 8.13331e-30, 0, 0, 0.201765, 1.22798e-24, 0, 41.5493, 0.963888, 1.36049e-06, 271.587
5843, 8.19588e-19, 0.198677, 0.00320552, 0, 1.04466e-28, 7.28962e-30, 0, 0, 0.201882, 1.11155e-24, 0, 41.6455, 0.963952, 1.35615e-06, 271.583
5844, 4.22427e-19, 0.199287, 0.00290597, 0, 5.52208e-29, 3.69491e-30, 0, 0, 0.202193, 5.70107e-25, 0, 42.3083, 0.964016, 1.35301e-06, 271.608
5845, 1.25045e-19, 0.200468, 0.00224156, 0, 1.68973e-29, 1.08079e-30, 0, 0, 0.202709, 1.68073e-25, 0, 43.5256, 0.96408, 1.35033e-06, 271.664
5846, 1.94018e-20, 0.201908, 0.00141101, 0, 2.72575e-30, 1.66976e-31, 0, 0, 0.203319, 2.60287e-26, 0, 45.3889, 0.964144, 1.34707e-06, 271.733
5847, 1.44835e-21, 0.202933, 0.000845448, 0, 2.13767e-31, 1.24723e-32, 0, 0, 0.203779, 1.94302e-27, 0, 47.9839, 0.964208, 1.34778e-06, 271.78
5848, 1.36717e-22, 0.202904, 0.000954702, 0, 3.15274e-32, 1.17829e-33, 0, 0, 0.203858, 1.84775e-28, 0, 50.3441, 0.964272, 1.35146e-06, 271.771
5849, 8.06919e-22, 0.201992, 0.00162762, 0, 2.12192e-31, 6.95958e-33, 0, 0, 0.20362, 1.09429e-27, 0, 48.5688, 0.964336, 1.35471e-06, 271.715
5850, 3.43665e-21, 0.200961, 0.0023768, 0, 8.8327e-31, 2.97056e-32, 0, 0, 0.203338, 4.66003e-27, 0, 47.1198, 0.9644, 1.35581e-06, 271.653
5851, 6.81628e-21, 0.200387, 0.00283336, 0, 1.74113e-30, 5.90563e-32, 0, 0, 0.20322, 9.24125e-27, 0, 46.435, 0.964464, 1.3536e-06, 271.615
5852, 6.39483e-21, 0.200405, 0.00291177, 0, 1.65964e-30, 5.55137e-32, 0, 0, 0.203317, 8.66728e-27, 0, 46.4988, 0.964528, 1.3431e-06, 271.608
5853, 2.93941e-21, 0.200862, 0.00271045, 0, 7.96879e-31, 2.5531e-32, 0, 0, 0.203572, 3.98121e-27, 0, 47.2761, 0.964592, 1.32471e-06, 271.625
5854, 6.97608e-22, 0.201506, 0.00238968, 0, 2.02785e-31, 6.04693e-33, 0, 0, 0.203896, 9.43433e-28, 0, 48.7144, 0.964656, 1.31481e-06, 271.652
5855, 8.8729e-23, 0.202241, 0.00201083, 0, 2.79011e-32, 7.65473e-34, 0, 0, 0.204252, 1.19677e-28, 0, 50.7765, 0.96472, 1.31893e-06, 271.684
5856, 5.93876e-24, 0.203224, 0.00147339, 0, 1.99868e-33, 5.0918e-35, 0, 0, 0.204697, 7.98077e-30, 0, 53.4805, 0.964784, 1.32871e-06, 271.728
5857, 1.97007e-25, 0.204285, 0.000885969, 0, 6.99879e-35, 1.678e-36, 0, 0, 0.205171, 2.6359e-31, 0, 56.8866, 0.964848, 1.33776e-06, 271.777
5858, 3.06241e-27, 0.205002, 0.000518084, 0, 1.14525e-36, 2.58963e-38, 0, 0, 0.20552, 4.07737e-33, 0, 61.0506, 0.964912, 1.338e-06, 271.807
5859, 2.16231e-29, 0.205436, 0.000331271, 0, 8.72612e-39, 1.81024e-40, 0, 0, 0.205767, 2.86363e-35, 0, 66.0038, 0.964976, 1.33212e-06, 271.823
5860, 6.9407e-32, 0.20578, 0.000201778, 0, 3.35289e-41, 5.67526e-43, 0, 0, 0.205982, 9.14216e-38, 0, 71.7453, 0.96504, 1.32842e-06, 271.833
5861, 1.08045e-34, 0.205892, 0.000220607, 0, 8.12753e-44, 0, 0, 0, 0.206113, 1.41713e-40, 0, 78.2105, 0.965104, 1.33104e-06, 271.832
5862, 9.83255e-38, 0.205708, 0.000428854, 0, 0, 0, 0, 0, 0.206137, 1.30321e-43, 0, 85.2125, 0.965168, 1.33687e-06, 271.815
5863, 6.20803e-41, 0.205464, 0.000675684, 0, 0, 0, 0, 0, 0.20614, 0, 0, 92.5801, 0.965232, 1.33736e-06, 271.794
5864, 2.24208e-44, 0.205481, 0.000755654, 0, 0, 0, 0, 0, 0.206236, 0, 0, 99.99, 0.965296, 1.33188e-06, 271.788
5865, 0, 0.20587, 0.000597371, 0, 0, 0, 0, 0, 0.206467, 0, 0, 99.99, 0.96536, 1.32993e-06, 271.801
5866, 0, 0.206404, 0.000346485, 0, 0, 0, 0, 0, 0.206751, 0, 0, 99.99, 0.965424, 1.33559e-06, 271.822
5867, 0, 0.206708, 0.000243124, 0, 0, 0, 0, 0, 0.206951, 0, 0, 99.99, 0.965488, 1.3395e-06, 271.83
5868, 0, 0.2066, 0.000402801, 0, 0, 0, 0, 0, 0.207003, 0, 0, 99.99, 0.965552, 1.33927e-06, 271.817
5869, 0, 0.206237, 0.000724824, 0, 0, 0, 0, 0, 0.206962, 0, 0, 99.99, 0.965616, 1.33877e-06, 271.79
5870, 0, 0.205932, 0.00101054, 0, 0, 0, 0, 0, 0.206942, 0, 0, 99.99, 0.96568, 1.33829e-06, 271.767
5871, 0, 0.205897, 0.00112288, 0, 0, 0, 0, 0, 0.20702, 0, 0, 99.99, 0.965744, 1.33499e-06, 271.757
5872, 0, 0.206179, 0.00103393, 0, 0, 0, 0, 0, 0.207212, 0, 0, 99.99, 0.965808, 1.32569e-06, 271.765
5873, 0, 0.206524, 0.000904177, 0, 0, 0, 0, 0, 0.207428, 0, 0, 99.99, 0.965872, 1.31159e-06, 271.776
5874, 0, 0.20673, 0.000863018, 0, 0, 0, 0, 0, 0.207593, 0, 0, 99.99, 0.965936, 1.30241e-06, 271.779
5875, 0, 0.206997, 0.000783302, 0, 0, 0, 0, 0, 0.207781, 0, 0, 99.99, 0.966, 1.30698e-06, 271.786
5876, 0, 0.207428, 0.000599203, 0, 0, 0, 0, 0, 0.208027, 0, 0, 99.99, 0.966064, 1.31309e-06, 271.801
5877, 0, 0.207921, 0.000375339, 0, 0, 0, 0, 0, 0.208296, 0, 0, 99.99, 0.966128, 1.30796e-06, 271.819
5878, 0, 0.208362, 0.000184304, 0, 0, 0, 0, 0, 0.208547, 0, 0, 99.99, 0.966192, 1.30636e-06, 271.835
5879, 0, 0.20868, 7.26451e-05, 0, 0, 0, 0, 0, 0.208752, 0, 0, 99.99, 0.966256, 1.31708e-06, 271.844
5880, 0, 0.208885, 3.23125e-05, 0, 0, 0, 0, 0, 0.208917, 0, 0, 99.99, 0.96632, 1.32528e-06, 271.847
5881, 0, 0.209037, 2.62683e-05, 0, 0, 0, 0, 0, 0.209063, 0, 0, 99.99, 0.966384, 1.32241e-06, 271.848
5882, 0, 0.209175, 2.86138e-05, 0, 0, 0, 0, 0, 0.209204, 0, 0, 99.99, 0.966448, 1.31294e-06, 271.848
5883, 0, 0.209286, 4.84543e-05, 0, 0, 0, 0, 0, 0.209335, 0, 0, 99.99, 0.966512, 1.30786e-06, 271.846
5884, 0, 0.209327, 0.000113422, 0, 0, 0, 0, 0, 0.20944, 0, 0, 99.99, 0.966576, 1.31307e-06, 271.841
5885, 0, 0.209295, 0.000224335, 0, 0, 0, 0, 0, 0.209519, 0, 0, 99.99, 0.96664, 1.32101e-06, 271.832
5886, 0, 0.209213, 0.000367237, 0, 0, 0, 0, 0, 0.20958, 0, 0, 99.99, 0.966704, 1.32418e-06, 271.82
5887, 0, 0.209106, 0.000525591, 0, 0, 0, 0, 0, 0.209632, 0, 0, 99.99, 0.966768, 1.3241e-06, 271.807
5888, 0, 0.209083, 0.000631177, 0, 0, 0, 0, 0, 0.209714, 0, 0, 99.99, 0.966832, 1.3232e-06, 271.798
5889, 0, 0.209271, 0.000602118, 0, 0, 0, 0, 0, 0.209873, 0, 0, 99.99, 0.966896, 1.32143e-06, 271.801
5890, 0, 0.209652, 0.000449711, 0, 0, 0, 0, 0, 0.210102, 0, 0, 99.99, 0.96696, 1.31739e-06, 271.813
5891, 0, 0.209976, 0.000334527, 0, 0, 0, 0, 0, 0.21031, 0, 0, 99.99, 0.967024, 1.31259e-06, 271.823
5892, 0, 0.210098, 0.000347137, 0, 0, 0, 0, 0, 0.210445, 0, 0, 99.99, 0.967088, 1.30942e-06, 271.822
5893, 0, 0.210231, 0.00035292, 0, 0, 0, 0, 0, 0.210584, 0, 0, 99.99, 0.967152, 1.30139e-06, 271.821
5894, 0, 0.210512, 0.000265221, 0, 0, 0, 0, 0, 0.210777, 0, 0, 99.99, 0.967216, 1.28798e-06, 271.828
5895, 0, 0.210844, 0.000144301, 0, 0, 0, 0, 0, 0.210988, 0, 0, 99.99, 0.96728, 1.28369e-06, 271.838
5896, 0, 0.211118, 6.09033e-05, 0, 0, 0, 0, 0, 0.211178, 0, 0, 99.99, 0.967344, 1.29322e-06, 271.845
5897, 0, 0.211296, 3.80398e-05, 0, 0, 0, 0, 0, 0.211334, 0, 0, 99.99, 0.967408, 1.2991e-06, 271.847
5898, 0, 0.211378, 7.63637e-05, 0, 0, 0, 0, 0, 0.211455, 0, 0, 99.99, 0.967472, 1.29569e-06, 271.844
5899, 0, 0.211341, 0.00019045, 0, 0, 0, 0, 0, 0.211532, 0, 0, 99.99, 0.967536, 1.29583e-06, 271.834
5900, 1.33081e-41, 0.211184, 0.000381274, 0, 0, 0, 0, 0, 0.211565, 0, 0, 94.1202, 0.9676, 1.30043e-06, 271.819
5901, 3.73987e-37, 0.210948, 0.000621109, 0, 2.8026e-45, 0, 0, 0, 0.21157, 4.82047e-43, 0, 83.8766, 0.967664, 1.3015e-06, 271.799
5902, 4.41144e-35, 0.210686, 0.000877878, 0, 2.55036e-43, 0, 0, 0, 0.211564, 5.67554e-41, 0, 79.1063, 0.967728, 1.29868e-06, 271.778
5903, 2.17337e-33, 0.210445, 0.00112154, 0, 1.21535e-41, 0, 0, 0, 0.211566, 2.79299e-39, 0, 75.209, 0.967792, 1.29506e-06, 271.758
5904, 4.81328e-32, 0.210221, 0.00135394, 0, 2.60004e-40, 0, 0, 0, 0.211575, 6.17147e-38, 0, 72.1113, 0.967856, 1.29406e-06, 271.739
5905, 4.88218e-31, 0.209957, 0.00161107, 0, 2.53342e-39, 3.22299e-44, 0, 0, 0.211568, 6.2358e-37, 0, 69.7945, 0.96792, 1.29525e-06, 271.717
5906, 2.94785e-30, 0.209697, 0.00186601, 0, 1.23763e-38, 4.95779e-42, 0, 0, 0.211563, 3.75331e-36, 0, 67.9965, 0.967984, 1.29116e-06, 271.696
5907, 3.96992e-29, 0.209594, 0.00202107, 0, 7.10713e-38, 2.52748e-40, 0, 0, 0.211615, 5.10332e-35, 0, 65.3962, 0.968048, 1.27651e-06, 271.683
5908, 7.87889e-28, 0.209772, 0.00199843, 0, 1.03173e-36, 5.79685e-39, 0, 0, 0.211771, 1.01683e-33, 0, 62.4082, 0.968112, 1.26269e-06, 271.685
5909, 8.04202e-27, 0.210084, 0.00189101, 0, 1.00252e-35, 6.01842e-38, 0, 0, 0.211975, 1.03907e-32, 0, 60.0851, 0.968176, 1.26481e-06, 271.694
5910, 3.80515e-26, 0.210072, 0.00198834, 0, 4.63742e-35, 2.86633e-37, 0, 0, 0.21206, 4.92173e-32, 0, 58.5309, 0.96824, 1.27606e-06, 271.686
5911, 8.39662e-26, 0.20979, 0.00225659, 0, 1.01362e-34, 6.34446e-37, 0, 0, 0.212047, 1.08727e-31, 0, 57.7394, 0.968304, 1.28657e-06, 271.664
5912, 8.73622e-26, 0.209775, 0.00235605, 0, 1.06029e-34, 6.60143e-37, 0, 0, 0.212131, 1.13241e-31, 0, 57.6997, 0.968368, 1.29232e-06, 271.656
5913, 4.32479e-26, 0.210197, 0.00217962, 0, 5.36638e-35, 3.25486e-37, 0, 0, 0.212376, 5.61025e-32, 0, 58.4028, 0.968432, 1.29072e-06, 271.67
5914, 1.0244e-26, 0.210995, 0.00176448, 0, 1.32231e-35, 7.62696e-38, 0, 0, 0.21276, 1.32948e-32, 0, 59.8431, 0.968496, 1.28247e-06, 271.705
5915, 1.16282e-27, 0.212058, 0.00118204, 0, 1.58729e-36, 8.4688e-39, 0, 0, 0.21324, 1.50926e-33, 0, 62.0189, 0.96856, 1.27387e-06, 271.753
5916, 6.31182e-29, 0.21302, 0.000663047, 0, 9.24321e-38, 4.41942e-40, 0, 0, 0.213683, 8.18963e-35, 0, 64.9325, 0.968624, 1.27274e-06, 271.796
5917, 1.63001e-30, 0.213357, 0.000540234, 0, 2.5914e-39, 1.07101e-41, 0, 0, 0.213897, 2.11323e-36, 0, 68.589, 0.968688, 1.27577e-06, 271.806
5918, 1.98853e-32, 0.213049, 0.000825392, 0, 3.46401e-41, 1.1911e-43, 0, 0, 0.213875, 2.57441e-38, 0, 72.9953, 0.968752, 1.2807e-06, 271.782
5919, 1.13643e-34, 0.21273, 0.00111768, 0, 2.18603e-43, 0, 0, 0, 0.213848, 1.46807e-40, 0, 78.16, 0.968816, 1.2825e-06, 271.758
5920, 3.01495e-37, 0.212798, 0.00116505, 0, 0, 0, 0, 0, 0.213963, 3.86758e-43, 0, 84.0921, 0.96888, 1.2799e-06, 271.754
5921, 3.68016e-40, 0.21318, 0.00101378, 0, 0, 0, 0, 0, 0.214194, 0, 0, 90.8004, 0.968944, 1.27933e-06, 271.767
5922, 2.22806e-43, 0.213801, 0.00071122, 0, 0, 0, 0, 0, 0.214512, 0, 0, 98.21, 0.969008, 1.28171e-06, 271.792
5923, 5.60519e-45, 0.214276, 0.000500652, 0, 0, 0, 0, 0, 0.214777, 0, 0, 99.99, 0.969072, 1.2859e-06, 271.809
5924, 5.04467e-44, 0.214268, 0.000595903, 0, 0, 0, 0, 0, 0.214864, 0, 0, 99.6954, 0.969136, 1.28907e-06, 271.801
5925, 2.52234e-43, 0.213913, 0.000910556, 0, 0, 0, 0, 0, 0.214824, 0, 0, 98.086, 0.9692, 1.28726e-06, 271.775
5926, 5.53513e-43, 0.21355, 0.00123073, 0, 0, 0, 0, 0, 0.214781, 0, 0, 97.3, 0.969264, 1.28171e-06, 271.749
5927, 5.29691e-43, 0.213519, 0.00134027, 0, 0, 0, 0, 0, 0.21486, 0, 0, 97.344, 0.969328, 1.27816e-06, 271.74
5928, 2.18603e-43, 0.213822, 0.00123949, 0, 0, 0, 0, 0, 0.215061, 0, 0, 98.2291, 0.969392, 1.27792e-06, 271.748
5929, 4.06377e-44, 0.214258, 0.00105368, 0, 0, 0, 0, 0, 0.215312, 0, 0, 99.9116, 0.969456, 1.27886e-06, 271.764
5930, 2.8026e-45, 0.214734, 0.000843496, 0, 0, 0, 0, 0, 0.215577, 0, 0, 99.99, 0.96952, 1.27993e-06, 271.781
5931, 0, 0.215228, 0.000621303, 0, 0, 0, 0, 0, 0.21585, 0, 0, 99.99, 0.969584, 1.28025e-06, 271.799
5932, 0, 0.215707, 0.000409122, 0, 0, 0, 0, 0, 0.216116, 0, 0, 99.99, 0.969648, 1.28176e-06, 271.816
5933, 0, 0.21613, 0.000232002, 0, 0, 0, 0, 0, 0.216362, 0, 0, 99.99, 0.969712, 1.28236e-06, 271.831
5934, 0, 0.216469, 0.000108129, 0, 0, 0, 0, 0, 0.216577, 0, 0, 99.99, 0.969776, 1.27771e-06, 271.841
5935, 0, 0.216708, 4.75095e-05, 0, 0, 0, 0, 0, 0.216756, 0, 0, 99.99, 0.96984, 1.26728e-06, 271.846
5936, 0, 0.216858, 4.31577e-05, 0, 0, 0, 0, 0, 0.216901, 0, 0, 99.99, 0.969904, 1.25938e-06, 271.846
5937, 0, 0.216973, 6.11674e-05, 0, 0, 0, 0, 0, 0.217034, 0, 0, 99.99, 0.969968, 1.25588e-06, 271.845
5938, 0, 0.217094, 7.47427e-05, 0, 0, 0, 0, 0, 0.217169, 0, 0, 99.99, 0.970032, 1.25619e-06, 271.844
5939, 0, 0.217213, 9.0547e-05, 0, 0, 0, 0, 0, 0.217303, 0, 0, 99.99, 0.970096, 1.26578e-06, 271.843
5940, 0, 0.217344, 9.7847e-05, 0, 0, 0, 0, 0, 0.217442, 0, 0, 99.99, 0.97016, 1.272e-06, 271.842
5941, 0, 0.217462, 0.000113972, 0, 0, 0, 0, 0, 0.217576, 0, 0, 99.99, 0.970224, 1.26707e-06, 271.841
5942, 0, 0.21744, 0.000218385, 0, 0, 0, 0, 0, 0.217658, 0, 0, 99.99, 0.970288, 1.2613e-06, 271.832
5943, 0, 0.217271, 0.000415265, 0, 0, 0, 0, 0, 0.217686, 0, 0, 99.99, 0.970352, 1.26401e-06, 271.816
5944, 0, 0.217067, 0.000633881, 0, 0, 0, 0, 0, 0.217701, 0, 0, 99.99, 0.970416, 1.26805e-06, 271.798
5945, 1.4013e-45, 0.216808, 0.000887405, 0, 0, 0, 0, 0, 0.217696, 0, 0, 99.99, 0.97048, 1.26893e-06, 271.777
5946, 9.80909e-45, 0.216515, 0.00116265, 0, 0, 0, 0, 0, 0.217677, 0, 0, 99.99, 0.970544, 1.2686e-06, 271.755
5947, 1.4013e-44, 0.216432, 0.00130467, 0, 0, 0, 0, 0, 0.217737, 0, 0, 99.99, 0.970608, 1.26394e-06, 271.743
5948, 1.12104e-44, 0.216717, 0.00121534, 0, 0, 0, 0, 0, 0.217932, 0, 0, 99.99, 0.970672, 1.25653e-06, 271.75
5949, 4.2039e-45, 0.217321, 0.000925242, 0, 0, 0, 0, 0, 0.218246, 0, 0, 99.99, 0.970736, 1.2558e-06, 271.774
5950, 5.00866e-41, 0.218006, 0.000583899, 0, 0, 0, 0, 0, 0.21859, 0, 0, 92.7948, 0.9708, 1.26209e-06, 271.802
5951, 1.90608e-33, 0.218441, 0.00039975, 0, 2.81381e-42, 9.80909e-45, 0, 0, 0.218841, 2.17173e-39, 0, 75.3403, 0.970864, 1.26612e-06, 271.817
5952, 3.125e-31, 0.218594, 0.000394052, 0, 3.94453e-40, 1.84271e-42, 0, 0, 0.218988, 3.64589e-37, 0, 70.2407, 0.970928, 1.26566e-06, 271.818
5953, 1.74167e-29, 0.218538, 0.000519074, 0, 2.08683e-38, 1.09003e-40, 0, 0, 0.219057, 2.04981e-35, 0, 66.2201, 0.970992, 1.26287e-06, 271.807
5954, 4.5535e-28, 0.218095, 0.000887941, 0, 5.1897e-37, 2.97633e-39, 0, 0, 0.218983, 5.40724e-34, 0, 62.9565, 0.971056, 1.25722e-06, 271.777
5955, 5.61332e-27, 0.21738, 0.00142759, 0, 6.13198e-36, 3.77903e-38, 0, 0, 0.218808, 6.72419e-33, 0, 60.4447, 0.97112, 1.24253e-06, 271.733
5956, 3.30048e-26, 0.216723, 0.00193057, 0, 3.49261e-35, 2.2645e-37, 0, 0, 0.218654, 3.98489e-32, 0, 58.6731, 0.971184, 1.21694e-06, 271.691
5957, 9.33601e-26, 0.216321, 0.00227257, 0, 9.70187e-35, 6.481e-37, 0, 0, 0.218594, 1.13505e-31, 0, 57.6333, 0.971248, 1.20442e-06, 271.663
5958, 1.27571e-25, 0.216317, 0.00236521, 0, 1.32277e-34, 8.91915e-37, 0, 0, 0.218682, 1.56082e-31, 0, 57.3211, 0.971312, 1.21917e-06, 271.655
5959, 8.41042e-26, 0.216776, 0.00216648, 0, 8.84535e-35, 5.90346e-37, 0, 0, 0.218942, 1.03512e-31, 0, 57.7377, 0.971376, 1.23641e-06, 271.672
5960, 2.6585e-26, 0.217435, 0.00184269, 0, 2.87801e-35, 1.86775e-37, 0, 0, 0.219278, 3.28952e-32, 0, 58.8895, 0.97144, 1.24303e-06, 271.698
5961, 3.9886e-27, 0.217749, 0.00173524, 0, 4.49658e-36, 2.79403e-38, 0, 0, 0.219485, 4.95716e-33, 0, 60.7864, 0.971504, 1.24503e-06, 271.707
5962, 2.80602e-28, 0.217841, 0.00176756, 0, 3.32186e-37, 1.95027e-39, 0, 0, 0.219609, 3.49849e-34, 0, 63.4406, 0.971568, 1.24674e-06, 271.705
5963, 9.14903e-30, 0.218173, 0.00164892, 0, 1.14472e-38, 6.26661e-41, 0, 0, 0.219822, 1.14273e-35, 0, 66.8639, 0.971632, 1.24813e-06, 271.715
5964, 1.38359e-31, 0.218766, 0.00136692, 0, 1.86247e-40, 9.16449e-43, 0, 0, 0.220133, 1.72791e-37, 0, 71.0555, 0.971696, 1.24683e-06, 271.738
5965, 1.10239e-33, 0.219477, 0.00101004, 0, 1.84551e-42, 5.60519e-45, 0, 0, 0.220487, 1.36553e-39, 0, 75.8878, 0.97176, 1.24723e-06, 271.767
5966, 9.26198e-36, 0.220201, 0.000645184, 0, 2.38221e-44, 0, 0, 0, 0.220847, 1.1052e-41, 0, 80.6671, 0.971824, 1.249e-06, 271.797
5967, 1.01339e-37, 0.220839, 0.000334772, 0, 0, 0, 0, 0, 0.221174, 1.14906e-43, 0, 85.1824, 0.971888, 1.24745e-06, 271.823
5968, 6.3706e-40, 0.221298, 0.000136312, 0, 0, 0, 0, 0, 0.221434, 0, 0, 90.2517, 0.971952, 1.24767e-06, 271.839
5969, 1.81608e-42, 0.221549, 6.87718e-05, 0, 0, 0, 0, 0, 0.221618, 0, 0, 96.1119, 0.972016, 1.25019e-06, 271.844
5970, 4.2039e-45, 0.221607, 0.000122507, 0, 0, 0, 0, 0, 0.22173, 0, 0, 99.99, 0.97208, 1.24958e-06, 271.84
5971, 7.67912e-43, 0.221473, 0.000297269, 0, 0, 0, 0, 0, 0.22177, 0, 0, 96.9727, 0.972144, 1.2466e-06, 271.826
5972, 4.50588e-41, 0.221178, 0.000572487, 0, 0, 0, 0, 0, 0.22175, 0, 0, 92.9006, 0.972208, 1.24654e-06, 271.803
5973, 1.22445e-39, 0.220806, 0.000896089, 0, 0, 0, 0, 0, 0.221702, 0, 0, 89.5983, 0.972272, 1.24866e-06, 271.777
5974, 1.51746e-38, 0.220446, 0.00121197, 0, 0, 0, 0, 0, 0.221657, 0, 0, 87.0812, 0.972336, 1.24802e-06, 271.751
5975, 8.56223e-38, 0.220181, 0.00146785, 0, 0, 0, 0, 0, 0.221648, 0, 0, 85.3509, 0.9724, 1.24475e-06, 271.73
5976, 2.19495e-37, 0.22009, 0.00161419, 0, 0, 0, 0, 0, 0.221705, 0, 0, 84.4095, 0.972464, 1.24065e-06, 271.717
5977, 2.55016e-37, 0.220268, 0.00159242, 0, 0, 0, 0, 0, 0.221861, 0, 0, 84.2595, 0.972528, 1.23318e-06, 271.719
5978, 1.33911e-37, 0.220786, 0.00135816, 0, 0, 0, 0, 0, 0.222144, 0, 0, 84.9036, 0.972592, 1.22577e-06, 271.739
5979, 3.16862e-38, 0.221465, 0.0010224, 0, 0, 0, 0, 0, 0.222488, 0, 0, 86.3449, 0.972656, 1.22741e-06, 271.766
5980, 3.36758e-39, 0.222029, 0.000758872, 0, 0, 0, 0, 0, 0.222788, 0, 0, 88.5866, 0.97272, 1.23158e-06, 271.788
5981, 1.60224e-40, 0.222564, 0.00051352, 0, 0, 0, 0, 0, 0.223078, 0, 0, 91.632, 0.972784, 1.22957e-06, 271.808
5982, 3.39955e-42, 0.223076, 0.000283123, 0, 0, 0, 0, 0, 0.223359, 0, 0, 95.4849, 0.972848, 1.22989e-06, 271.827
5983, 3.22299e-44, 0.22329, 0.000238645, 0, 0, 0, 0, 0, 0.223529, 0, 0, 99.99, 0.972912, 1.23629e-06, 271.83
5984, 0, 0.223155, 0.000413567, 0, 0, 0, 0, 0, 0.223568, 0, 0, 99.99, 0.972976, 1.23936e-06, 271.816
5985, 0, 0.222944, 0.000635636, 0, 0, 0, 0, 0, 0.22358, 0, 0, 99.99, 0.97304, 1.23609e-06, 271.798
5986, 0, 0.22295, 0.000722317, 0, 0, 0, 0, 0, 0.223672, 0, 0, 99.99, 0.973104, 1.23008e-06, 271.791
5987, 0, 0.223245, 0.000627551, 0, 0, 0, 0, 0, 0.223872, 0, 0, 99.99, 0.973168, 1.2274e-06, 271.799
5988, 0, 0.223714, 0.000423457, 0, 0, 0, 0, 0, 0.224138, 0, 0, 99.99, 0.973232, 1.23153e-06, 271.815
5989, 0, 0.224185, 0.000218745, 0, 0, 0, 0, 0, 0.224404, 0, 0, 99.99, 0.973296, 1.23615e-06, 271.832
5990, 0, 0.22452, 9.91531e-05, 0, 0, 0, 0, 0, 0.224619, 0, 0, 99.99, 0.97336, 1.23711e-06, 271.842
5991, 0, 0.224664, 9.89085e-05, 0, 0, 0, 0, 0, 0.224763, 0, 0, 99.99, 0.973424, 1.23633e-06, 271.842
5992, 1.53322e-39, 0.224677, 0.000181347, 0, 0, 0, 0, 0, 0.224858, 1.4013e-45, 0, 89.3735, 0.973488, 1.23471e-06, 271.835
5993, 9.82395e-36, 0.224701, 0.000255961, 0, 3.36312e-44, 0, 0, 0, 0.224957, 1.15439e-41, 0, 80.6082, 0.973552, 1.23071e-06, 271.829
5994, 7.42489e-33, 0.224707, 0.000342335, 0, 1.3992e-41, 2.52234e-44, 0, 0, 0.22505, 8.97602e-39, 0, 73.9805, 0.973616, 1.22475e-06, 271.822
5995, 7.71925e-31, 0.224422, 0.000611421, 0, 1.06538e-39, 3.87039e-42, 0, 0, 0.225033, 9.38228e-37, 0, 69.3364, 0.97368, 1.22319e-06, 271.8
5996, 5.74742e-29, 0.223832, 0.00107104, 0, 5.23616e-38, 3.57473e-40, 0, 0, 0.224903, 7.02e-35, 0, 65.0262, 0.973744, 1.22564e-06, 271.763
5997, 2.38335e-27, 0.223211, 0.00154992, 0, 1.66039e-36, 1.58911e-38, 0, 0, 0.224761, 2.91621e-33, 0, 61.3013, 0.973808, 1.22454e-06, 271.724
5998, 5.42276e-26, 0.222718, 0.00194803, 0, 3.23518e-35, 3.68459e-37, 0, 0, 0.224666, 6.63121e-32, 0, 58.1766, 0.973871, 1.21695e-06, 271.691
5999, 6.5902e-25, 0.222381, 0.00224868, 0, 3.52533e-34, 4.49642e-36, 0, 0, 0.22463, 8.04782e-31, 0, 55.679, 0.97393, 1.20999e-06, 271.666
6000, 4.4497e-24, 0.22217, 0.00247086, 0, 2.15683e-33, 3.04063e-35, 0, 0, 0.224641, 5.43004e-30, 0, 53.7692, 0.973975, 1.2112e-06, 271.648
6001, 1.69304e-23, 0.222041, 0.00264175, 0, 7.57901e-33, 1.15914e-34, 0, 0, 0.224682, 2.06737e-29, 0, 52.4329, 0.974, 1.21551e-06, 271.634
6002, 3.49991e-23, 0.222015, 0.00274806, 0, 1.49702e-32, 2.39983e-34, 0, 0, 0.224763, 4.27814e-29, 0, 51.7067, 0.974011, 1.21747e-06, 271.626
6003, 3.93784e-23, 0.222116, 0.00277473, 0, 1.67114e-32, 2.69768e-34, 0, 0, 0.224891, 4.81152e-29, 0, 51.5888, 0.974018, 1.21643e-06, 271.624
6004, 2.85858e-23, 0.222303, 0.00274859, 0, 1.25255e-32, 1.94938e-34, 0, 0, 0.225051, 3.48201e-29, 0, 51.9091, 0.974024, 1.21443e-06, 271.626
6005, 1.66075e-23, 0.222569, 0.00267229, 0, 7.63704e-33, 1.12829e-34, 0, 0, 0.225242, 2.01799e-29, 0, 52.4522, 0.97403, 1.21657e-06, 271.632
6006, 6.60631e-24, 0.22294, 0.00253149, 0, 3.1584e-33, 4.4895e-35, 0, 0, 0.225471, 8.03433e-30, 0, 53.374, 0.974036, 1.21854e-06, 271.644
6007, 1.38972e-24, 0.223399, 0.00233537, 0, 6.93259e-34, 9.45475e-36, 0, 0, 0.225734, 1.69348e-30, 0, 54.9329, 0.974042, 1.21816e-06, 271.66
6008, 1.4073e-25, 0.223991, 0.00205585, 0, 7.53243e-35, 9.56047e-37, 0, 0, 0.226046, 1.71779e-31, 0, 57.223, 0.974048, 1.21801e-06, 271.683
6009, 6.94091e-27, 0.22473, 0.00168361, 0, 4.31582e-36, 4.65655e-38, 0, 0, 0.226414, 8.478e-33, 0, 60.2324, 0.974054, 1.21544e-06, 271.714
6010, 1.86534e-28, 0.225541, 0.00126637, 0, 1.56811e-37, 1.18759e-39, 0, 0, 0.226807, 2.27507e-34, 0, 63.8489, 0.97406, 1.21383e-06, 271.748
6011, 3.34267e-30, 0.226351, 0.000849336, 0, 4.0712e-39, 1.86205e-41, 0, 0, 0.2272, 4.06101e-36, 0, 67.8708, 0.974066, 1.21647e-06, 271.782
6012, 4.1493e-32, 0.227089, 0.000476617, 0, 6.51716e-41, 1.90577e-43, 0, 0, 0.227565, 5.02538e-38, 0, 72.2598, 0.974072, 1.21742e-06, 271.812
6013, 2.94201e-34, 0.227641, 0.000220094, 0, 5.395e-43, 0, 0, 0, 0.227861, 3.56019e-40, 0, 77.2088, 0.974078, 1.2143e-06, 271.832
6014, 1.02919e-36, 0.227906, 0.000144483, 0, 1.4013e-45, 0, 0, 0, 0.22805, 1.24716e-42, 0, 82.8643, 0.974084, 1.21194e-06, 271.838
6015, 1.28766e-38, 0.227856, 0.000266566, 0, 0, 0, 0, 0, 0.228123, 1.54143e-44, 0, 87.2454, 0.97409, 1.21283e-06, 271.829
6016, 1.56208e-33, 0.227577, 0.000533007, 0, 2.63584e-42, 5.60519e-45, 0, 0, 0.22811, 1.88974e-39, 0, 75.5393, 0.974096, 1.21183e-06, 271.808
6017, 3.34502e-31, 0.227298, 0.000799591, 0, 3.99273e-40, 1.91558e-42, 0, 0, 0.228098, 4.01981e-37, 0, 70.1727, 0.974102, 1.20828e-06, 271.786
6018, 4.12892e-29, 0.227269, 0.0009093, 0, 3.0514e-38, 2.64788e-40, 0, 0, 0.228178, 4.96369e-35, 0, 65.3569, 0.974108, 1.20665e-06, 271.778
6019, 2.2839e-27, 0.227255, 0.00100921, 0, 1.31348e-36, 1.509e-38, 0, 0, 0.228264, 2.74696e-33, 0, 61.3439, 0.974114, 1.2044e-06, 271.77
6020, 7.46101e-26, 0.226734, 0.00142825, 0, 3.56537e-35, 4.98374e-37, 0, 0, 0.228162, 8.98204e-32, 0, 57.8575, 0.97412, 1.20004e-06, 271.737
6021, 1.2983e-24, 0.225948, 0.00201401, 0, 5.45623e-34, 8.71483e-36, 0, 0, 0.227962, 1.56484e-30, 0, 55.001, 0.974126, 1.19778e-06, 271.69
6022, 1.21762e-23, 0.225412, 0.00244259, 0, 4.62034e-33, 8.20144e-35, 0, 0, 0.227854, 1.46943e-29, 0, 52.7626, 0.974132, 1.19588e-06, 271.656
6023, 6.37705e-23, 0.225138, 0.0027063, 0, 2.2227e-32, 4.30511e-34, 0, 0, 0.227844, 7.70029e-29, 0, 51.1068, 0.974138, 1.19798e-06, 271.635
6024, 1.95842e-22, 0.225006, 0.002881, 0, 6.37928e-32, 1.32243e-33, 0, 0, 0.227887, 2.3623e-28, 0, 49.9847, 0.974144, 1.20314e-06, 271.621
6025, 3.6997e-22, 0.224995, 0.00297936, 0, 1.15079e-31, 2.49159e-33, 0, 0, 0.227975, 4.44742e-28, 0, 49.3486, 0.97415, 1.20316e-06, 271.614
6026, 4.42871e-22, 0.225097, 0.00300753, 0, 1.3514e-31, 2.9678e-33, 0, 0, 0.228104, 5.29696e-28, 0, 49.1688, 0.974156, 1.19795e-06, 271.612
6027, 3.34909e-22, 0.225297, 0.00297326, 0, 1.03396e-31, 2.23485e-33, 0, 0, 0.22827, 3.99132e-28, 0, 49.4482, 0.974162, 1.1972e-06, 271.615
6028, 1.5527e-22, 0.225563, 0.00289813, 0, 5.0224e-32, 1.03515e-33, 0, 0, 0.228461, 1.85134e-28, 0, 50.2169, 0.974168, 1.20232e-06, 271.621
6029, 4.47747e-23, 0.225827, 0.00282358, 0, 1.61789e-32, 2.98855e-34, 0, 0, 0.228651, 5.36042e-29, 0, 51.4604, 0.974174, 1.20512e-06, 271.628
6030, 1.02575e-23, 0.226102, 0.00274225, 0, 4.62083e-33, 6.84071e-35, 0, 0, 0.228844, 1.23407e-29, 0, 52.934, 0.97418, 1.20378e-06, 271.634
6031, 2.47047e-24, 0.226459, 0.00260915, 0, 1.36129e-33, 1.64162e-35, 0, 0, 0.229068, 2.978e-30, 0, 54.3576, 0.974186, 1.19982e-06, 271.645
6032, 4.70279e-25, 0.226953, 0.00238996, 0, 2.95298e-34, 3.11148e-36, 0, 0, 0.229343, 5.66731e-31, 0, 56.0165, 0.974192, 1.19495e-06, 271.663
6033, 5.43103e-26, 0.227629, 0.00205507, 0, 3.91894e-35, 3.56351e-37, 0, 0, 0.229684, 6.53797e-32, 0, 58.1751, 0.974198, 1.19258e-06, 271.689
6034, 3.66635e-27, 0.228425, 0.00164368, 0, 3.12288e-36, 2.35931e-38, 0, 0, 0.230069, 4.40672e-33, 0, 60.8706, 0.974204, 1.19426e-06, 271.722
6035, 1.43998e-28, 0.229046, 0.00134302, 0, 1.46638e-37, 8.87979e-40, 0, 0, 0.230389, 1.72802e-34, 0, 64.1078, 0.97421, 1.19677e-06, 271.746
6036, 3.18547e-30, 0.229331, 0.00125452, 0, 3.89278e-39, 1.80739e-41, 0, 0, 0.230586, 3.81807e-36, 0, 67.919, 0.974216, 1.19849e-06, 271.753
6037, 3.81194e-32, 0.229587, 0.00118414, 0, 5.61696e-41, 1.86373e-43, 0, 0, 0.230772, 4.56371e-38, 0, 72.3446, 0.974222, 1.19917e-06, 271.758
6038, 2.39644e-34, 0.229879, 0.00109121, 0, 4.28797e-43, 0, 0, 0, 0.230971, 2.86365e-40, 0, 77.4139, 0.974228, 1.19885e-06, 271.766
6039, 7.75503e-37, 0.230166, 0.00100141, 0, 0, 0, 0, 0, 0.231168, 9.22054e-43, 0, 83.1473, 0.974234, 1.19693e-06, 271.773
6040, 1.26284e-39, 0.230575, 0.000833911, 0, 0, 0, 0, 0, 0.231409, 0, 0, 89.5675, 0.97424, 1.19027e-06, 271.786
6041, 1.00333e-42, 0.231081, 0.000605081, 0, 0, 0, 0, 0, 0.231686, 0, 0, 96.7052, 0.974246, 1.17995e-06, 271.803
6042, 0, 0.231586, 0.000375973, 0, 0, 0, 0, 0, 0.231962, 0, 0, 99.99, 0.974252, 1.17591e-06, 271.821
6043, 0, 0.232018, 0.000193579, 0, 0, 0, 0, 0, 0.232212, 0, 0, 99.99, 0.974258, 1.17866e-06, 271.835
6044, 0, 0.232309, 0.0001008, 0, 0, 0, 0, 0, 0.232409, 0, 0, 99.99, 0.974264, 1.18205e-06, 271.842
6045, 0, 0.232464, 9.36484e-05, 0, 0, 0, 0, 0, 0.232558, 0, 0, 99.99, 0.97427, 1.18631e-06, 271.843
6046, 0, 0.232599, 0.0001, 0, 0, 0, 0, 0, 0.232699, 0, 0, 99.99, 0.974276, 1.18853e-06, 271.842
6047, 0, 0.232786, 7.31818e-05, 0, 0, 0, 0, 0, 0.232859, 0, 0, 99.99, 0.974282, 1.18629e-06, 271.844
6048, 0, 0.232986, 3.77316e-05, 0, 0, 0, 0, 0, 0.233024, 0, 0, 99.99, 0.974288, 1.18258e-06, 271.847
6049, 0, 0.233151, 2.50757e-05, 0, 0, 0, 0, 0, 0.233176, 0, 0, 99.99, 0.974294, 1.18062e-06, 271.848
6050, 0, 0.233291, 2.79339e-05, 0, 0, 0, 0, 0, 0.233319, 0, 0, 99.99, 0.9743, 1.18321e-06, 271.848
6051, 0, 0.233433, 2.91459e-05, 0, 0, 0, 0, 0, 0.233462, 0, 0, 99.99, 0.974306, 1.18613e-06, 271.848
6052, 0, 0.233554, 4.45393e-05, 0, 0, 0, 0, 0, 0.233598, 0, 0, 99.99, 0.974312, 1.18542e-06, 271.847
6053, 0, 0.233606, 0.000103325, 0, 0, 0, 0, 0, 0.23371, 0, 0, 99.99, 0.974318, 1.1824e-06, 271.842
6054, 0, 0.233583, 0.000210967, 0, 0, 0, 0, 0, 0.233794, 0, 0, 99.99, 0.974324, 1.18046e-06, 271.834
6055, 0, 0.233503, 0.000354431, 0, 0, 0, 0, 0, 0.233857, 0, 0, 99.99, 0.97433, 1.17943e-06, 271.823
6056, 0, 0.233391, 0.000518006, 0, 0, 0, 0, 0, 0.233909, 0, 0, 99.99, 0.974336, 1.17893e-06, 271.811
6057, 0, 0.23327, 0.000687794, 0, 0, 0, 0, 0, 0.233958, 0, 0, 99.99, 0.974342, 1.18086e-06, 271.798
6058, 0, 0.23316, 0.000850651, 0, 0, 0, 0, 0, 0.234011, 0, 0, 99.99, 0.974348, 1.18269e-06, 271.786
6059, 0, 0.233091, 0.000987836, 0, 0, 0, 0, 0, 0.234079, 0, 0, 99.99, 0.974354, 1.1829e-06, 271.776
6060, 0, 0.2331, 0.00107496, 0, 0, 0, 0, 0, 0.234175, 0, 0, 99.99, 0.97436, 1.18171e-06, 271.77
6061, 0, 0.233212, 0.00109561, 0, 0, 0, 0, 0, 0.234308, 0, 0, 99.99, 0.974366, 1.17824e-06, 271.768
6062, 0, 0.23342, 0.00105595, 0, 0, 0, 0, 0, 0.234476, 0, 0, 99.99, 0.974372, 1.17183e-06, 271.771
6063, 0, 0.23371, 0.000963592, 0, 0, 0, 0, 0, 0.234673, 0, 0, 99.99, 0.974378, 1.16469e-06, 271.778
6064, 0, 0.234123, 0.000792184, 0, 0, 0, 0, 0, 0.234915, 0, 0, 99.99, 0.974384, 1.16182e-06, 271.791
6065, 0, 0.234668, 0.000535872, 0, 0, 0, 0, 0, 0.235204, 0, 0, 99.99, 0.97439, 1.16458e-06, 271.81
6066, 0, 0.235197, 0.00028983, 0, 0, 0, 0, 0, 0.235487, 0, 0, 99.99, 0.974396, 1.16593e-06, 271.829
6067, 0, 0.235514, 0.000179982, 0, 0, 0, 0, 0, 0.235694, 0, 0, 99.99, 0.974402, 1.16483e-06, 271.837
6068, 0, 0.235649, 0.00018617, 0, 0, 0, 0, 0, 0.235835, 0, 0, 99.99, 0.974408, 1.16724e-06, 271.836
6069, 0, 0.235808, 0.00017699, 0, 0, 0, 0, 0, 0.235985, 0, 0, 99.99, 0.974414, 1.1717e-06, 271.837
6070, 0, 0.235985, 0.00015617, 0, 0, 0, 0, 0, 0.236141, 0, 0, 99.99, 0.97442, 1.17269e-06, 271.839
6071, 0, 0.236048, 0.000209309, 0, 0, 0, 0, 0, 0.236257, 0, 0, 99.99, 0.974426, 1.16885e-06, 271.835
6072, 0, 0.236082, 0.000280102, 0, 0, 0, 0, 0, 0.236362, 0, 0, 99.99, 0.974432, 1.16404e-06, 271.829
6073, 0, 0.236257, 0.000260557, 0, 0, 0, 0, 0, 0.236518, 0, 0, 99.99, 0.974438, 1.16343e-06, 271.831
6074, 0, 0.236553, 0.00016399, 0, 0, 0, 0, 0, 0.236717, 0, 0, 99.99, 0.974444, 1.16662e-06, 271.838
6075, 0, 0.236818, 8.62279e-05, 0, 0, 0, 0, 0, 0.236905, 0, 0, 99.99, 0.97445, 1.16951e-06, 271.844
6076, 0, 0.236941, 0.00010079, 0, 0, 0, 0, 0, 0.237042, 0, 0, 99.99, 0.974456, 1.17006e-06, 271.843
6077, 3.17674e-42, 0.236888, 0.000227983, 0, 0, 0, 0, 0, 0.237116, 0, 0, 95.5527, 0.974462, 1.16895e-06, 271.833
6078, 9.33205e-39, 0.236685, 0.000451964, 0, 0, 0, 0, 0, 0.237137, 9.80909e-45, 0, 87.5674, 0.974468, 1.16595e-06, 271.817
6079, 5.59599e-36, 0.236381, 0.000741206, 0, 2.10195e-44, 0, 0, 0, 0.237122, 6.44878e-42, 0, 81.171, 0.974474, 1.16246e-06, 271.796
6080, 2.60655e-33, 0.236025, 0.00106403, 0, 5.6122e-42, 4.2039e-45, 0, 0, 0.237089, 2.97504e-39, 0, 75.0273, 0.97448, 1.16193e-06, 271.773
6081, 1.7641e-31, 0.235651, 0.00139794, 0, 3.42599e-40, 3.48923e-43, 0, 0, 0.237049, 2.01297e-37, 0, 70.8125, 0.974486, 1.16257e-06, 271.748
6082, 6.05689e-30, 0.235287, 0.00172609, 0, 1.07132e-38, 1.62509e-41, 0, 0, 0.237013, 6.90147e-36, 0, 67.2764, 0.974492, 1.16239e-06, 271.725
6083, 9.91976e-29, 0.234961, 0.00202925, 0, 1.63387e-37, 3.35321e-40, 0, 0, 0.23699, 1.13006e-34, 0, 64.4804, 0.974498, 1.16029e-06, 271.703
6084, 7.72438e-28, 0.234705, 0.00228791, 0, 1.20839e-36, 3.0768e-39, 0, 0, 0.236993, 8.8107e-34, 0, 62.428, 0.974504, 1.15449e-06, 271.684
6085, 2.8498e-27, 0.234549, 0.00248243, 0, 4.315e-36, 1.26192e-38, 0, 0, 0.237031, 3.25892e-33, 0, 61.1225, 0.97451, 1.14878e-06, 271.67
6086, 5.09073e-27, 0.234621, 0.00253012, 0, 7.43826e-36, 2.40936e-38, 0, 0, 0.237151, 5.84211e-33, 0, 60.5424, 0.974516, 1.14924e-06, 271.667
6087, 1.51549e-26, 0.235172, 0.00226901, 0, 9.97827e-36, 8.8888e-38, 0, 0, 0.237441, 1.74961e-32, 0, 59.4515, 0.974522, 1.15308e-06, 271.686
6088, 3.92868e-25, 0.236091, 0.00177083, 0, 1.33804e-34, 2.4574e-36, 0, 0, 0.237862, 4.53681e-31, 0, 56.1963, 0.974528, 1.15147e-06, 271.722
6089, 6.51251e-24, 0.236447, 0.00163564, 0, 2.06594e-33, 4.08078e-35, 0, 0, 0.238083, 7.5171e-30, 0, 53.3883, 0.974534, 1.14798e-06, 271.732
6090, 5.22469e-23, 0.235787, 0.00215579, 0, 1.57792e-32, 3.27696e-34, 0, 0, 0.237942, 6.03064e-29, 0, 51.3061, 0.97454, 1.15021e-06, 271.695
6091, 2.0591e-22, 0.23493, 0.00280216, 0, 5.99988e-32, 1.29262e-33, 0, 0, 0.237732, 2.37776e-28, 0, 49.9346, 0.974546, 1.15413e-06, 271.648
6092, 4.05073e-22, 0.234539, 0.00314878, 0, 1.1586e-31, 2.54446e-33, 0, 0, 0.237687, 4.68036e-28, 0, 49.258, 0.974552, 1.15487e-06, 271.623
6093, 4.01779e-22, 0.23468, 0.00315224, 0, 1.15065e-31, 2.52417e-33, 0, 0, 0.237832, 4.64371e-28, 0, 49.2661, 0.974558, 1.15324e-06, 271.624
6094, 2.01218e-22, 0.235373, 0.00279945, 0, 5.88599e-32, 1.26346e-33, 0, 0, 0.238173, 2.32491e-28, 0, 49.9577, 0.974564, 1.15048e-06, 271.649
6095, 5.05063e-23, 0.236589, 0.00210904, 0, 1.53558e-32, 3.16672e-34, 0, 0, 0.238698, 5.82958e-29, 0, 51.3399, 0.97457, 1.14893e-06, 271.699
6096, 6.26571e-24, 0.237671, 0.00150449, 0, 2.00782e-33, 3.91935e-35, 0, 0, 0.239175, 7.22112e-30, 0, 53.4269, 0.974576, 1.15072e-06, 271.743
6097, 3.78976e-25, 0.237701, 0.00157951, 0, 1.30738e-34, 2.36227e-36, 0, 0, 0.239281, 4.36082e-31, 0, 56.2323, 0.974582, 1.1531e-06, 271.738
6098, 1.55455e-26, 0.236974, 0.00214413, 0, 1.05244e-35, 9.17944e-38, 0, 0, 0.239118, 1.78815e-32, 0, 59.426, 0.974588, 1.15345e-06, 271.698
6099, 7.65029e-27, 0.236513, 0.00253672, 0, 1.05325e-35, 3.98209e-38, 0, 0, 0.23905, 8.81432e-33, 0, 60.1351, 0.974594, 1.1525e-06, 271.67
6100, 5.53164e-27, 0.23664, 0.00254944, 0, 7.80466e-36, 2.80742e-38, 0, 0, 0.239189, 6.37276e-33, 0, 60.4593, 0.9746, 1.15062e-06, 271.669
6101, 1.88594e-27, 0.237158, 0.00230863, 0, 2.73029e-36, 9.11408e-39, 0, 0, 0.239467, 2.17254e-33, 0, 61.5354, 0.974606, 1.14742e-06, 271.686
6102, 2.99219e-28, 0.23795, 0.00189056, 0, 4.51572e-37, 1.33376e-39, 0, 0, 0.239841, 3.44684e-34, 0, 63.3764, 0.974612, 1.14399e-06, 271.716
6103, 2.21833e-29, 0.238944, 0.00134116, 0, 3.546e-38, 8.78838e-41, 0, 0, 0.240285, 2.55545e-35, 0, 65.9782, 0.974618, 1.14283e-06, 271.755
6104, 7.70047e-31, 0.239833, 0.000859277, 0, 1.32267e-39, 2.59941e-42, 0, 0, 0.240692, 8.8706e-37, 0, 69.3389, 0.974624, 1.14412e-06, 271.79
6105, 1.25022e-32, 0.240468, 0.000541755, 0, 2.33428e-41, 3.50325e-44, 0, 0, 0.241009, 1.43983e-38, 0, 73.4594, 0.97463, 1.14327e-06, 271.812
6106, 9.45395e-35, 0.240964, 0.00031338, 0, 1.9478e-43, 0, 0, 0, 0.241278, 1.08749e-40, 0, 78.344, 0.974636, 1.13882e-06, 271.828
6107, 3.31122e-37, 0.241215, 0.000245083, 0, 0, 0, 0, 0, 0.24146, 3.78351e-43, 0, 83.9983, 0.974642, 1.13588e-06, 271.833
6108, 5.35784e-40, 0.241176, 0.000365239, 0, 0, 0, 0, 0, 0.241541, 0, 0, 90.4248, 0.974648, 1.1359e-06, 271.825
6109, 4.03574e-43, 0.241116, 0.000498566, 0, 0, 0, 0, 0, 0.241614, 0, 0, 97.616, 0.974654, 1.13695e-06, 271.815
6110, 0, 0.241266, 0.000495478, 0, 0, 0, 0, 0, 0.241761, 0, 0, 99.99, 0.97466, 1.13888e-06, 271.816
6111, 0, 0.241605, 0.000369342, 0, 0, 0, 0, 0, 0.241974, 0, 0, 99.99, 0.974666, 1.13809e-06, 271.824
6112, 0, 0.241993, 0.00021112, 0, 0, 0, 0, 0, 0.242204, 0, 0, 99.99, 0.974672, 1.13424e-06, 271.835
6113, 0, 0.242316, 9.52249e-05, 0, 0, 0, 0, 0, 0.242412, 0, 0, 99.99, 0.974678, 1.13263e-06, 271.843
6114, 0, 0.242532, 4.94344e-05, 0, 0, 0, 0, 0, 0.242581, 0, 0, 99.99, 0.974684, 1.13496e-06, 271.847
6115, 0, 0.242674, 5.11931e-05, 0, 0, 0, 0, 0, 0.242725, 0, 0, 99.99, 0.97469, 1.13803e-06, 271.846
6116, 0, 0.242778, 7.8005e-05, 0, 0, 0, 0, 0, 0.242856, 0, 0, 99.99, 0.974696, 1.13944e-06, 271.845
6117, 1.12104e-44, 0.242782, 0.000170559, 0, 0, 0, 0, 0, 0.242952, 0, 0, 99.99, 0.974702, 1.13813e-06, 271.838
6118, 1.07414e-38, 0.242619, 0.000371456, 0, 0, 0, 0, 0, 0.242991, 1.12104e-44, 0, 87.4267, 0.974708, 1.13453e-06, 271.824
6119, 9.60827e-36, 0.242319, 0.000661987, 0, 3.22299e-44, 0, 0, 0, 0.242981, 1.08881e-41, 0, 80.6304, 0.974714, 1.1323e-06, 271.805
6120, 1.75287e-32, 0.241944, 0.00100174, 0, 2.48744e-41, 7.70714e-44, 0, 0, 0.242946, 1.98747e-38, 0, 73.1215, 0.97472, 1.13266e-06, 271.781
6121, 1.6844e-30, 0.241537, 0.00136285, 0, 2.07616e-39, 8.51429e-42, 0, 0, 0.2429, 1.90958e-36, 0, 68.5561, 0.974726, 1.13314e-06, 271.756
6122, 6.51628e-29, 0.241121, 0.00172926, 0, 7.44329e-38, 3.50355e-40, 0, 0, 0.24285, 7.38673e-35, 0, 64.9007, 0.974732, 1.13355e-06, 271.731
6123, 2.00867e-27, 0.240717, 0.00208763, 0, 1.43872e-36, 1.14199e-38, 0, 0, 0.242805, 2.25201e-33, 0, 61.4723, 0.974738, 1.13343e-06, 271.707
6124, 1.1326e-25, 0.240352, 0.00242162, 0, 3.10318e-35, 6.67228e-37, 0, 0, 0.242773, 1.26011e-31, 0, 57.4401, 0.974744, 1.13302e-06, 271.684
6125, 4.68837e-24, 0.240067, 0.00270273, 0, 9.46142e-34, 2.78536e-35, 0, 0, 0.24277, 5.22072e-30, 0, 53.717, 0.97475, 1.13242e-06, 271.665
6126, 9.88315e-23, 0.239914, 0.00289801, 0, 1.8286e-32, 5.90762e-34, 0, 0, 0.242812, 1.10313e-28, 0, 50.6686, 0.974756, 1.1296e-06, 271.651
6127, 1.11715e-21, 0.239809, 0.00306207, 0, 1.85946e-31, 6.71512e-33, 0, 0, 0.242871, 1.24801e-27, 0, 48.2435, 0.974762, 1.12515e-06, 271.64
6128, 8.864e-21, 0.239579, 0.00330764, 0, 1.20903e-30, 5.35509e-32, 0, 0, 0.242887, 9.87875e-27, 0, 46.1723, 0.974768, 1.12171e-06, 271.624
6129, 5.80792e-20, 0.239285, 0.0035949, 0, 6.45146e-30, 3.53017e-31, 0, 0, 0.24288, 6.46725e-26, 0, 44.2925, 0.974774, 1.12063e-06, 271.604
6130, 2.6387e-19, 0.239081, 0.00382368, 0, 2.62007e-29, 1.61518e-30, 0, 0, 0.242905, 2.94846e-25, 0, 42.7788, 0.97478, 1.11977e-06, 271.589
6131, 7.29962e-19, 0.238963, 0.00399715, 0, 6.84541e-29, 4.49237e-30, 0, 0, 0.24296, 8.19484e-25, 0, 41.7613, 0.974786, 1.11935e-06, 271.577
6132, 1.2429e-18, 0.238938, 0.00410928, 0, 1.12928e-28, 7.66234e-30, 0, 0, 0.243047, 1.39989e-24, 0, 41.2291, 0.974792, 1.12316e-06, 271.57
6133, 1.36181e-18, 0.239042, 0.00413766, 0, 1.22922e-28, 8.38258e-30, 0, 0, 0.243179, 1.53564e-24, 0, 41.1377, 0.974798, 1.12598e-06, 271.568
6134, 9.82679e-19, 0.239275, 0.00408137, 0, 9.08534e-29, 6.03194e-30, 0, 0, 0.243357, 1.10769e-24, 0, 41.464, 0.974804, 1.1238e-06, 271.573
6135, 4.64325e-19, 0.239655, 0.0039298, 0, 4.53756e-29, 2.84247e-30, 0, 0, 0.243585, 5.2254e-25, 0, 42.2137, 0.97481, 1.11966e-06, 271.583
6136, 1.39913e-19, 0.24025, 0.00363736, 0, 1.48462e-29, 8.539e-31, 0, 0, 0.243887, 1.5702e-25, 0, 43.4133, 0.974816, 1.11854e-06, 271.604
6137, 2.59048e-20, 0.241181, 0.00312414, 0, 3.04849e-30, 1.5737e-31, 0, 0, 0.244305, 2.89782e-26, 0, 45.0999, 0.974822, 1.11929e-06, 271.639
6138, 2.83345e-21, 0.242353, 0.00245288, 0, 3.7639e-31, 1.71137e-32, 0, 0, 0.244806, 3.16192e-27, 0, 47.3128, 0.974828, 1.12006e-06, 271.685
6139, 1.76283e-22, 0.243316, 0.00191811, 0, 2.68197e-32, 1.05929e-33, 0, 0, 0.245235, 1.96607e-28, 0, 50.09, 0.974834, 1.12143e-06, 271.721
6140, 6.01378e-24, 0.244079, 0.00151376, 0, 1.05765e-33, 3.60146e-35, 0, 0, 0.245593, 6.7162e-30, 0, 53.468, 0.97484, 1.12113e-06, 271.749
6141, 1.0859e-25, 0.244987, 0.00101331, 0, 2.21459e-35, 6.48839e-37, 0, 0, 0.246, 1.21553e-31, 0, 57.4822, 0.974846, 1.1176e-06, 271.782
6142, 1.00431e-27, 0.245879, 0.000523196, 0, 2.37147e-37, 5.98698e-39, 0, 0, 0.246402, 1.1266e-33, 0, 62.1655, 0.974852, 1.11389e-06, 271.815
6143, 4.62091e-30, 0.246386, 0.00028573, 0, 1.25914e-39, 2.74598e-41, 0, 0, 0.246671, 5.19038e-36, 0, 67.547, 0.974858, 1.1148e-06, 271.831
6144, 8.48462e-32, 0.246332, 0.000417, 0, 1.34627e-40, 2.45227e-43, 0, 0, 0.246749, 9.48432e-38, 0, 71.5445, 0.974864, 1.11809e-06, 271.822
6145, 3.1504e-30, 0.245792, 0.000868283, 0, 5.24652e-39, 9.24717e-42, 0, 0, 0.24666, 3.5189e-36, 0, 67.93, 0.97487, 1.11937e-06, 271.792
6146, 5.97301e-29, 0.245006, 0.00148105, 0, 9.52615e-38, 1.99609e-40, 0, 0, 0.246487, 6.67113e-35, 0, 64.9877, 0.974876, 1.11899e-06, 271.752
6147, 5.09498e-28, 0.244238, 0.00208209, 0, 7.8825e-37, 1.8684e-39, 0, 0, 0.24632, 5.68954e-34, 0, 62.8441, 0.974882, 1.11813e-06, 271.712
6148, 1.97701e-27, 0.243688, 0.00254003, 0, 3.007e-36, 7.66602e-39, 0, 0, 0.246228, 2.20687e-33, 0, 61.4882, 0.974888, 1.11689e-06, 271.681
6149, 3.59851e-27, 0.243499, 0.00276065, 0, 5.46351e-36, 1.41253e-38, 0, 0, 0.246259, 4.01331e-33, 0, 60.8893, 0.974894, 1.1138e-06, 271.667
6150, 3.25334e-27, 0.243753, 0.00268964, 0, 5.01256e-36, 1.22585e-38, 0, 0, 0.246443, 3.62168e-33, 0, 60.9901, 0.9749, 1.1069e-06, 271.672
6151, 1.55345e-27, 0.24427, 0.00244621, 0, 2.45744e-36, 5.3569e-39, 0, 0, 0.246716, 1.72437e-33, 0, 61.7293, 0.974906, 1.10102e-06, 271.688
6152, 3.95658e-28, 0.244612, 0.00231748, 0, 6.45231e-37, 1.2297e-39, 0, 0, 0.24693, 4.37772e-34, 0, 63.097, 0.974912, 1.10261e-06, 271.697
6153, 5.13916e-29, 0.244879, 0.00223838, 0, 8.80999e-38, 1.44367e-40, 0, 0, 0.247117, 5.66988e-35, 0, 65.1381, 0.974918, 1.10644e-06, 271.703
6154, 3.41929e-30, 0.245423, 0.00197608, 0, 6.91571e-39, 8.10231e-42, 0, 0, 0.247399, 3.76569e-36, 0, 67.8481, 0.974924, 1.10725e-06, 271.72
6155, 1.48176e-31, 0.246193, 0.00156545, 0, 4.44418e-40, 2.05991e-43, 0, 0, 0.247758, 1.63445e-37, 0, 70.9869, 0.97493, 1.10727e-06, 271.747
6156, 5.69676e-33, 0.247029, 0.00110974, 0, 2.34129e-41, 2.8026e-45, 0, 0, 0.248139, 6.31145e-39, 0, 74.2454, 0.974936, 1.10733e-06, 271.777
6157, 1.47768e-34, 0.247834, 0.000674519, 0, 6.74025e-43, 0, 0, 0, 0.248509, 1.64134e-40, 0, 77.8974, 0.974942, 1.10734e-06, 271.806
6158, 1.85478e-36, 0.248497, 0.00033273, 0, 9.80909e-45, 0, 0, 0, 0.24883, 2.06131e-42, 0, 82.2753, 0.974948, 1.10601e-06, 271.828
6159, 1.02188e-38, 0.248905, 0.000159028, 0, 0, 0, 0, 0, 0.249064, 1.12104e-44, 0, 87.4766, 0.974954, 1.10441e-06, 271.84
6160, 2.44078e-41, 0.249024, 0.000177171, 0, 0, 0, 0, 0, 0.249201, 0, 0, 93.5137, 0.97496, 1.10492e-06, 271.839
6161, 1.72079e-41, 0.248972, 0.000307836, 0, 0, 0, 0, 0, 0.24928, 0, 0, 93.8632, 0.974966, 1.10424e-06, 271.83
6162, 2.83153e-35, 0.248951, 0.000417771, 0, 6.86636e-44, 0, 0, 0, 0.249369, 3.12504e-41, 0, 79.5497, 0.974972, 1.1019e-06, 271.823
6163, 4.69488e-33, 0.248854, 0.000578558, 0, 1.01146e-41, 0, 0, 0, 0.249432, 5.18115e-39, 0, 74.4388, 0.974978, 1.10249e-06, 271.813
6164, 2.31303e-31, 0.24835, 0.00100882, 0, 4.88977e-40, 0, 0, 0, 0.249359, 2.55255e-37, 0, 70.5416, 0.974984, 1.10424e-06, 271.785
6165, 4.95227e-30, 0.247633, 0.00157976, 0, 1.0306e-38, 0, 0, 0, 0.249213, 5.46495e-36, 0, 67.4777, 0.97499, 1.10336e-06, 271.748
6166, 4.58448e-29, 0.247136, 0.00200546, 0, 9.43428e-38, 8.40779e-45, 0, 0, 0.249141, 5.05895e-35, 0, 65.2523, 0.974996, 1.10078e-06, 271.72
6167, 1.83826e-28, 0.246824, 0.00230854, 0, 3.75791e-37, 1.30741e-42, 0, 0, 0.249133, 2.02843e-34, 0, 63.8636, 0.975002, 1.10031e-06, 271.701
6168, 3.32167e-28, 0.246727, 0.00246926, 0, 6.65484e-37, 7.31352e-41, 0, 0, 0.249197, 3.66465e-34, 0, 63.2719, 0.975008, 1.10186e-06, 271.691
6169, 5.78217e-28, 0.247131, 0.00229925, 0, 8.38334e-37, 1.8131e-39, 0, 0, 0.24943, 6.36585e-34, 0, 62.7176, 0.975014, 1.10211e-06, 271.702
6170, 3.65268e-27, 0.247482, 0.002164, 0, 3.74025e-36, 1.92918e-38, 0, 0, 0.249646, 4.01357e-33, 0, 60.8743, 0.97502, 1.10071e-06, 271.711
6171, 1.6327e-26, 0.247159, 0.0024749, 0, 1.62219e-35, 8.82335e-38, 0, 0, 0.249634, 1.79264e-32, 0, 59.377, 0.975026, 1.0987e-06, 271.691
6172, 3.24539e-26, 0.246719, 0.00286348, 0, 3.24225e-35, 1.74528e-37, 0, 0, 0.249582, 3.55987e-32, 0, 58.69, 0.975032, 1.09549e-06, 271.666
6173, 2.8791e-26, 0.246679, 0.00298699, 0, 2.96139e-35, 1.51851e-37, 0, 0, 0.249666, 3.15338e-32, 0, 58.8097, 0.975038, 1.09126e-06, 271.658
6174, 1.20817e-26, 0.246998, 0.00287269, 0, 1.33209e-35, 6.05137e-38, 0, 0, 0.249871, 1.31994e-32, 0, 59.6781, 0.975044, 1.0896e-06, 271.666
6175, 2.67455e-27, 0.247497, 0.0026397, 0, 3.3211e-36, 1.19339e-38, 0, 0, 0.250137, 2.91043e-33, 0, 61.186, 0.97505, 1.08999e-06, 271.681
6176, 3.46299e-28, 0.247998, 0.00240471, 0, 4.91817e-37, 1.27571e-39, 0, 0, 0.250403, 3.7525e-34, 0, 63.2302, 0.975056, 1.08882e-06, 271.696
6177, 2.58178e-29, 0.248517, 0.0021577, 0, 4.08007e-38, 7.55188e-41, 0, 0, 0.250675, 2.79091e-35, 0, 65.8265, 0.975062, 1.08827e-06, 271.713
6178, 1.00088e-30, 0.249133, 0.00184597, 0, 1.71295e-39, 2.30514e-42, 0, 0, 0.250979, 1.08153e-36, 0, 69.0767, 0.975068, 1.09104e-06, 271.733
6179, 1.86314e-32, 0.249811, 0.00149303, 0, 3.41034e-41, 3.22299e-44, 0, 0, 0.251304, 2.01288e-38, 0, 73.0605, 0.975074, 1.09407e-06, 271.755
6180, 1.60752e-34, 0.25049, 0.00113843, 0, 3.09687e-43, 0, 0, 0, 0.251628, 1.72763e-40, 0, 77.8132, 0.97508, 1.09426e-06, 271.778
6181, 6.44634e-37, 0.251134, 0.000807201, 0, 0, 0, 0, 0, 0.251941, 6.71222e-43, 0, 83.3321, 0.975086, 1.09205e-06, 271.799
6182, 1.3136e-39, 0.251713, 0.00051895, 0, 0, 0, 0, 0, 0.252232, 0, 0, 89.528, 0.975092, 1.0886e-06, 271.817
6183, 1.80908e-42, 0.252201, 0.000290635, 0, 0, 0, 0, 0, 0.252492, 0, 0, 96.1158, 0.975098, 1.08693e-06, 271.832
6184, 2.8026e-45, 0.25258, 0.000135372, 0, 0, 0, 0, 0, 0.252715, 0, 0, 99.99, 0.975104, 1.08888e-06, 271.841
6185, 0, 0.252835, 6.22868e-05, 0, 0, 0, 0, 0, 0.252897, 0, 0, 99.99, 0.97511, 1.09067e-06, 271.846
6186, 0, 0.252959, 7.6376e-05, 0, 0, 0, 0, 0, 0.253036, 0, 0, 99.99, 0.975116, 1.08999e-06, 271.845
6187, 0, 0.252954, 0.000177122, 0, 0, 0, 0, 0, 0.253131, 0, 0, 99.99, 0.975122, 1.08801e-06, 271.839
6188, 2.31677e-41, 0.252827, 0.000359379, 0, 0, 0, 0, 0, 0.253186, 0, 0, 93.5658, 0.975128, 1.08698e-06, 271.828
6189, 8.3258e-36, 0.25259, 0.00061488, 0, 2.38221e-44, 0, 0, 0, 0.253204, 9.00194e-42, 0, 80.7737, 0.975134, 1.08624e-06, 271.812
6190, 2.00248e-32, 0.25226, 0.000931945, 0, 2.25427e-41, 8.96831e-44, 0, 0, 0.253192, 2.13729e-38, 0, 72.9883, 0.97514, 1.0835e-06, 271.792
6191, 2.28296e-29, 0.25186, 0.00129639, 0, 1.0836e-38, 1.2307e-40, 0, 0, 0.253157, 2.44982e-35, 0, 65.9495, 0.975146, 1.08186e-06, 271.769
6192, 6.05041e-27, 0.25141, 0.00169457, 0, 1.63154e-36, 3.34803e-38, 0, 0, 0.253104, 6.52496e-33, 0, 60.3697, 0.975152, 1.08327e-06, 271.744
6193, 4.11139e-25, 0.250926, 0.00211443, 0, 9.13803e-35, 2.28996e-36, 0, 0, 0.25304, 4.43876e-31, 0, 56.1509, 0.975158, 1.08396e-06, 271.718
6194, 1.46855e-23, 0.250427, 0.00254453, 0, 2.80066e-33, 8.21083e-35, 0, 0, 0.252971, 1.58667e-29, 0, 52.5752, 0.975164, 1.08175e-06, 271.691
6195, 2.94053e-22, 0.249929, 0.00297357, 0, 4.68937e-32, 1.65209e-33, 0, 0, 0.252903, 3.1723e-28, 0, 49.5783, 0.97517, 1.07773e-06, 271.664
6196, 5.19046e-21, 0.249455, 0.00338647, 0, 5.17964e-31, 2.96514e-32, 0, 0, 0.252842, 5.56326e-27, 0, 46.7075, 0.975176, 1.07595e-06, 271.639
6197, 1.21901e-19, 0.249059, 0.00374759, 0, 6.93219e-30, 7.07226e-31, 0, 0, 0.252807, 1.30003e-25, 0, 43.5511, 0.975182, 1.07712e-06, 271.616
6198, 2.14409e-18, 0.248823, 0.00400228, 0, 9.93825e-29, 1.25306e-29, 0, 0, 0.252825, 2.28767e-24, 0, 40.6838, 0.975188, 1.07817e-06, 271.6
6199, 1.98999e-17, 0.248658, 0.00420911, 0, 8.50816e-28, 1.16992e-28, 0, 0, 0.252867, 2.1282e-23, 3.78351e-44, 38.4558, 0.975194, 1.07722e-06, 271.587
6200, 9.72968e-17, 0.248313, 0.00453593, 0, 3.86449e-27, 5.76333e-28, 0, 0, 0.252849, 1.04339e-22, 2.5924e-42, 36.8688, 0.9752, 1.07435e-06, 271.567
6201, 3.55169e-16, 0.247956, 0.00487101, 0, 1.1636e-26, 2.14032e-27, 0, 0, 0.252827, 3.81729e-22, 8.38621e-41, 35.5739, 0.975206, 1.07314e-06, 271.546
6202, 1.85851e-15, 0.247888, 0.00501354, 0, 4.53329e-26, 1.14134e-26, 0, 0, 0.252901, 1.99965e-21, 1.32435e-39, 33.919, 0.975212, 1.07551e-06, 271.537
6203, 9.21602e-15, 0.247777, 0.00518429, 0, 1.98133e-25, 5.69632e-26, 0, 0, 0.252961, 9.92328e-21, 1.05319e-38, 32.3178, 0.975218, 1.07689e-06, 271.526
6204, 2.79629e-14, 0.247354, 0.00556313, 0, 5.68936e-25, 1.73327e-25, 0, 0, 0.252917, 3.01196e-20, 4.31595e-38, 31.2079, 0.975224, 1.07663e-06, 271.503
6205, 5.02174e-14, 0.247014, 0.00588628, 0, 9.91025e-25, 3.11522e-25, 0, 0, 0.2529, 5.40674e-20, 9.21788e-38, 30.6224, 0.97523, 1.0761e-06, 271.482
6206, 5.52785e-14, 0.247021, 0.00597899, 0, 1.08537e-24, 3.42064e-25, 0, 0, 0.253, 5.94289e-20, 1.03276e-37, 30.5264, 0.975236, 1.07413e-06, 271.477
6207, 3.95566e-14, 0.247295, 0.00589465, 0, 7.97321e-25, 2.43185e-25, 0, 0, 0.253189, 4.24432e-20, 6.17103e-38, 30.861, 0.975242, 1.07258e-06, 271.482
6208, 2.03931e-14, 0.247801, 0.00565579, 0, 4.3476e-25, 1.24306e-25, 0, 0, 0.253456, 2.18681e-20, 2.07584e-38, 31.5236, 0.975248, 1.07354e-06, 271.498
6209, 7.82999e-15, 0.248742, 0.00512713, 0, 1.78121e-25, 4.74216e-26, 0, 0, 0.253869, 8.40618e-21, 4.40131e-39, 32.4808, 0.975254, 1.07437e-06, 271.531
6210, 1.94625e-15, 0.250375, 0.0041366, 0, 4.71316e-26, 1.1739e-26, 0, 0, 0.254511, 2.09182e-21, 6.27497e-40, 33.8729, 0.97526, 1.07331e-06, 271.594
6211, 2.68483e-16, 0.252584, 0.00276011, 0, 6.96849e-27, 1.61323e-27, 0, 0, 0.255344, 2.88687e-22, 5.32816e-41, 35.8537, 0.975266, 1.07123e-06, 271.68
6212, 1.91112e-17, 0.254618, 0.00149874, 0, 5.39094e-28, 1.14359e-28, 0, 0, 0.256117, 2.05503e-23, 2.27291e-42, 38.4963, 0.975272, 1.0697e-06, 271.758
6213, 7.94618e-19, 0.255648, 0.000907948, 0, 2.52163e-29, 4.72917e-30, 0, 0, 0.256556, 8.53199e-25, 4.34403e-44, 41.6764, 0.975278, 1.06885e-06, 271.794
6214, 3.55108e-18, 0.255267, 0.00126049, 0, 1.17462e-28, 2.09959e-29, 0, 0, 0.256527, 3.77125e-24, 0, 40.1793, 0.975284, 1.06767e-06, 271.773
6215, 5.36552e-17, 0.2537, 0.0024052, 0, 1.66146e-27, 3.17127e-28, 0, 0, 0.256105, 5.68469e-23, 0, 37.464, 0.97529, 1.06617e-06, 271.702
6216, 3.90611e-16, 0.25182, 0.00375851, 0, 1.14904e-26, 2.30689e-27, 0, 0, 0.255578, 4.1323e-22, 0, 35.4788, 0.975296, 1.06605e-06, 271.618
6217, 1.37064e-15, 0.250431, 0.00478206, 0, 3.89645e-26, 8.09177e-27, 0, 0, 0.255213, 1.44988e-21, 0, 34.2235, 0.975302, 1.0652e-06, 271.555
6218, 2.32159e-15, 0.249937, 0.00520913, 0, 6.49912e-26, 1.3714e-26, 0, 0, 0.255146, 2.45908e-21, 0, 33.6965, 0.975308, 1.06329e-06, 271.528
6219, 1.89527e-15, 0.250562, 0.00488973, 0, 5.32367e-26, 1.12126e-26, 0, 0, 0.255452, 2.0119e-21, 0, 33.8994, 0.975314, 1.06233e-06, 271.548
6220, 7.42219e-16, 0.252388, 0.00376827, 0, 2.12739e-26, 4.39897e-27, 0, 0, 0.256157, 7.89681e-22, 3.08286e-44, 34.8369, 0.97532, 1.06141e-06, 271.618
6221, 1.4437e-16, 0.254813, 0.00224608, 0, 4.17817e-27, 8.59557e-28, 0, 0, 0.257059, 1.53844e-22, 9.21604e-39, 36.4742, 0.975326, 1.06227e-06, 271.712
6222, 4.59453e-16, 0.256447, 0.00125148, 0, 5.33646e-27, 2.99468e-27, 0, 0, 0.257698, 4.87768e-22, 1.72744e-36, 35.3165, 0.975332, 1.06404e-06, 271.774
6223, 1.63912e-14, 0.256409, 0.00137391, 0, 1.64605e-25, 1.09069e-25, 0, 0, 0.257783, 1.74128e-20, 1.20921e-34, 31.742, 0.975338, 1.06341e-06, 271.766
6224, 3.07246e-13, 0.254773, 0.00256555, 0, 2.82618e-24, 2.08276e-24, 0, 0, 0.257338, 3.26519e-19, 4.27724e-33, 28.8111, 0.975344, 1.05981e-06, 271.693
6225, 3.08146e-12, 0.252131, 0.00442687, 0, 2.61199e-23, 2.12999e-23, 0, 0, 0.256558, 3.27493e-18, 8.5248e-32, 26.5056, 0.97535, 1.05709e-06, 271.578
6226, 1.78744e-11, 0.249694, 0.00614918, 0, 1.39587e-22, 1.26127e-22, 0, 0, 0.255843, 1.89926e-17, 9.986e-31, 24.7477, 0.975356, 1.05839e-06, 271.471
6227, 6.59646e-11, 0.248162, 0.00726637, 0, 4.75005e-22, 4.74874e-22, 0, 0, 0.255428, 7.00563e-17, 6.84731e-30, 23.4419, 0.975362, 1.06104e-06, 271.401
6228, 1.65797e-10, 0.247364, 0.00789402, 0, 1.11618e-21, 1.21372e-21, 0, 0, 0.255258, 1.75932e-16, 2.72549e-29, 22.5203, 0.975368, 1.06177e-06, 271.362
6229, 2.90806e-10, 0.246997, 0.00823465, 0, 1.87941e-21, 2.15479e-21, 0, 0, 0.255232, 3.08207e-16, 6.32614e-29, 21.9584, 0.975374, 1.0605e-06, 271.341
6230, 3.60738e-10, 0.246938, 0.00837179, 0, 2.30079e-21, 2.68636e-21, 0, 0, 0.255309, 3.81704e-16, 8.65812e-29, 21.7429, 0.97538, 1.05798e-06, 271.333
6231, 3.25457e-10, 0.24715, 0.008328, 0, 2.09345e-21, 2.41064e-21, 0, 0, 0.255478, 3.43753e-16, 7.16427e-29, 21.8458, 0.975386, 1.05567e-06, 271.336
6232, 2.18652e-10, 0.247671, 0.00808013, 0, 1.44175e-21, 1.59659e-21, 0, 0, 0.255751, 2.30727e-16, 3.75572e-29, 22.2435, 0.975392, 1.05555e-06, 271.352
6233, 1.05238e-10, 0.248686, 0.00750276, 0, 7.22001e-22, 7.54897e-22, 0, 0, 0.256189, 1.11092e-16, 1.27316e-29, 22.9748, 0.975398, 1.0566e-06, 271.388
6234, 3.30311e-11, 0.250465, 0.00641639, 0, 2.39491e-22, 2.32697e-22, 0, 0, 0.256881, 3.48967e-17, 2.63975e-30, 24.1336, 0.975404, 1.05714e-06, 271.457
6235, 6.18331e-12, 0.253097, 0.00475858, 0, 4.80086e-23, 4.27986e-23, 0, 0, 0.257855, 6.53618e-18, 3.07469e-31, 25.8092, 0.97541, 1.05722e-06, 271.559
6236, 6.45261e-13, 0.256056, 0.0028789, 0, 5.40544e-24, 4.3899e-24, 0, 0, 0.258935, 6.82193e-19, 1.89495e-32, 28.0691, 0.975416, 1.05677e-06, 271.675
6237, 3.58461e-14, 0.258039, 0.00164982, 0, 3.26234e-25, 2.39684e-25, 0, 0, 0.259689, 3.78883e-20, 5.96783e-34, 30.9595, 0.975422, 1.05551e-06, 271.75
6238, 8.09663e-15, 0.258251, 0.00160592, 0, 1.00556e-25, 5.0917e-26, 0, 0, 0.259857, 8.47595e-21, 1.14831e-35, 32.4473, 0.975428, 1.05312e-06, 271.753
6239, 8.72313e-14, 0.256851, 0.00264066, 0, 1.04905e-24, 5.49245e-25, 0, 0, 0.259492, 9.13198e-20, 3.4325e-35, 30.0702, 0.975434, 1.04954e-06, 271.69
6240, 5.18218e-13, 0.254344, 0.00441476, 0, 5.95988e-24, 3.28133e-24, 0, 0, 0.258758, 5.42918e-19, 2.43487e-34, 28.2884, 0.97544, 1.04563e-06, 271.582
6241, 1.47339e-12, 0.252202, 0.00594303, 0, 1.65042e-23, 9.35683e-24, 0, 0, 0.258145, 1.54402e-18, 7.60537e-34, 27.2435, 0.975446, 1.04475e-06, 271.488
6242, 1.98444e-12, 0.251713, 0.00636779, 0, 2.20243e-23, 1.26056e-23, 0, 0, 0.25808, 2.07943e-18, 1.04624e-33, 26.9457, 0.975452, 1.0464e-06, 271.462
6243, 1.25875e-12, 0.253181, 0.00548477, 0, 1.40498e-23, 7.97902e-24, 0, 0, 0.258666, 1.31872e-18, 6.56252e-34, 27.4009, 0.975458, 1.04731e-06, 271.517
6244, 3.92407e-13, 0.255922, 0.00375038, 0, 4.39483e-24, 2.48703e-24, 0, 0, 0.259672, 4.10935e-19, 4.48136e-33, 28.5665, 0.975464, 1.04825e-06, 271.623
6245, 6.2207e-13, 0.257749, 0.00262618, 0, 4.48521e-24, 4.37742e-24, 0, 0, 0.260375, 6.48181e-19, 2.97162e-31, 28.1057, 0.97547, 1.04918e-06, 271.692
6246, 9.60593e-12, 0.256755, 0.00338858, 0, 5.95155e-23, 7.09899e-23, 0, 0, 0.260144, 1.00076e-17, 1.02687e-29, 25.3686, 0.975476, 1.04859e-06, 271.645
6247, 8.97673e-11, 0.253847, 0.00542973, 0, 5.11994e-22, 6.93219e-22, 0, 0, 0.259277, 9.3663e-17, 1.90156e-28, 23.1338, 0.975482, 1.04709e-06, 271.521
6248, 4.945e-10, 0.251142, 0.00733254, 0, 2.62296e-21, 3.99921e-21, 0, 0, 0.258474, 5.16746e-16, 1.95668e-27, 21.4275, 0.975488, 1.0452e-06, 271.404
6249, 1.71705e-09, 0.249431, 0.00856883, 0, 8.57592e-21, 1.45217e-20, 0, 0, 0.258, 1.79453e-15, 1.17317e-26, 20.1827, 0.975494, 1.04435e-06, 271.327
6250, 4.03695e-09, 0.248496, 0.00928758, 0, 1.92825e-20, 3.55384e-20, 0, 0, 0.257784, 4.21394e-15, 4.3447e-26, 19.3278, 0.9755, 1.04443e-06, 271.282
6251, 6.90607e-09, 0.248037, 0.0096898, 0, 3.20486e-20, 6.27834e-20, 0, 0, 0.257727, 7.20218e-15, 1.04718e-25, 18.7909, 0.975506, 1.04353e-06, 271.257
6252, 9.06468e-09, 0.247886, 0.00988719, 0, 4.14363e-20, 8.40405e-20, 0, 0, 0.257773, 9.45439e-15, 1.69246e-25, 18.5189, 0.975512, 1.04301e-06, 271.245
6253, 9.72596e-09, 0.247939, 0.00994901, 0, 4.41914e-20, 9.07223e-20, 0, 0, 0.257888, 1.01461e-14, 2.00454e-25, 18.4485, 0.975518, 1.04308e-06, 271.242
6254, 1.01194e-08, 0.248043, 0.00997754, 0, 4.58018e-20, 9.50224e-20, 0, 0, 0.258021, 1.05525e-14, 2.29491e-25, 18.4088, 0.975524, 1.04271e-06, 271.24
6255, 1.08676e-08, 0.248128, 0.0100186, 0, 4.9051e-20, 1.02862e-19, 0, 0, 0.258147, 1.13179e-14, 2.62059e-25, 18.3375, 0.97553, 1.04141e-06, 271.238
6256, 1.06617e-08, 0.248275, 0.0100187, 0, 4.82219e-20, 1.0037e-19, 0, 0, 0.258293, 1.10945e-14, 2.39655e-25, 18.3566, 0.975536, 1.04068e-06, 271.239
6257, 9.92242e-09, 0.248478, 0.00998172, 0, 4.50774e-20, 9.26402e-20, 0, 0, 0.258459, 1.03336e-14, 1.98354e-25, 18.4285, 0.975542, 1.04157e-06, 271.241
6258, 8.56934e-09, 0.248779, 0.0098794, 0, 3.91983e-20, 7.92918e-20, 0, 0, 0.258658, 8.93075e-15, 1.53689e-25, 18.5751, 0.975548, 1.04213e-06, 271.248
6259, 5.8866e-09, 0.249294, 0.00963486, 0, 2.74369e-20, 5.32831e-20, 0, 0, 0.258929, 6.13489e-15, 8.66996e-26, 18.9506, 0.975554, 1.04187e-06, 271.264
6260, 3.01917e-09, 0.250029, 0.00924485, 0, 1.46512e-20, 2.61693e-20, 0, 0, 0.259273, 3.14561e-15, 3.04514e-26, 19.6183, 0.97556, 1.04116e-06, 271.289
6261, 1.24893e-09, 0.2511, 0.00862994, 0, 6.45117e-21, 1.01729e-20, 0, 0, 0.25973, 1.3006e-15, 6.4489e-27, 20.501, 0.975566, 1.03976e-06, 271.327
6262, 4.29471e-10, 0.253009, 0.00745542, 0, 2.36224e-21, 3.3189e-21, 0, 0, 0.260464, 4.46979e-16, 9.05723e-28, 21.5685, 0.975572, 1.03718e-06, 271.4
6263, 1.02305e-10, 0.256076, 0.0055042, 0, 5.9488e-22, 7.65911e-22, 0, 0, 0.26158, 1.06414e-16, 9.94392e-29, 23.0031, 0.975578, 1.03337e-06, 271.519
6264, 1.40211e-11, 0.259206, 0.00350738, 0, 8.65033e-23, 1.02517e-22, 0, 0, 0.262714, 1.45752e-17, 7.89216e-30, 24.9905, 0.975584, 1.02986e-06, 271.64
6265, 1.04464e-12, 0.26005, 0.00304116, 0, 7.12505e-24, 7.42861e-24, 0, 0, 0.263091, 1.08489e-18, 3.56713e-31, 27.5874, 0.97559, 1.0296e-06, 271.669
6266, 2.05522e-13, 0.258255, 0.00434146, 0, 2.48436e-24, 1.26784e-24, 0, 0, 0.262597, 2.11733e-19, 8.04781e-33, 29.2132, 0.975596, 1.03157e-06, 271.591
6267, 3.86829e-13, 0.256272, 0.00576733, 0, 5.03101e-24, 2.31735e-24, 0, 0, 0.26204, 3.977e-19, 1.1203e-34, 28.5808, 0.975602, 1.03166e-06, 271.505
6268, 4.12973e-13, 0.255954, 0.00607835, 0, 5.37488e-24, 2.47023e-24, 0, 0, 0.262033, 4.24576e-19, 2.78764e-35, 28.5154, 0.975608, 1.03127e-06, 271.486
6269, 2.07264e-13, 0.257449, 0.00517545, 0, 2.73255e-24, 1.23637e-24, 0, 0, 0.262625, 2.13135e-19, 1.29052e-35, 29.2048, 0.975614, 1.03271e-06, 271.541
6270, 4.89347e-14, 0.260087, 0.00350595, 0, 6.62058e-25, 2.90648e-25, 0, 0, 0.263593, 5.03334e-20, 2.73594e-36, 30.6483, 0.97562, 1.03395e-06, 271.641
6271, 6.54242e-15, 0.262488, 0.00199263, 0, 8.67517e-26, 3.90894e-26, 0, 0, 0.264481, 6.73304e-21, 1.55855e-35, 32.6605, 0.975626, 1.0334e-06, 271.732
6272, 4.09335e-14, 0.262995, 0.00175058, 0, 3.4852e-25, 2.62929e-25, 0, 0, 0.264745, 4.21738e-20, 1.10745e-33, 30.8268, 0.975632, 1.03111e-06, 271.746
6273, 7.66671e-13, 0.26125, 0.00301942, 0, 5.91522e-24, 5.02738e-24, 0, 0, 0.26427, 7.89211e-19, 3.98163e-32, 27.8967, 0.975638, 1.02874e-06, 271.671
6274, 7.81079e-12, 0.258531, 0.00493995, 0, 5.52391e-23, 5.23638e-23, 0, 0, 0.263471, 8.02946e-18, 7.46381e-31, 25.5755, 0.975644, 1.02848e-06, 271.556
6275, 4.52242e-11, 0.25614, 0.00663803, 0, 2.96272e-22, 3.10397e-22, 0, 0, 0.262778, 4.64326e-17, 7.44606e-30, 23.8194, 0.97565, 1.02912e-06, 271.454
6276, 1.56294e-10, 0.254553, 0.00779545, 0, 9.63949e-22, 1.09717e-21, 0, 0, 0.262349, 1.60436e-16, 3.95951e-29, 22.5793, 0.975656, 1.02842e-06, 271.383
6277, 3.3163e-10, 0.253738, 0.00843708, 0, 1.96801e-21, 2.36843e-21, 0, 0, 0.262175, 3.40706e-16, 1.10962e-28, 21.827, 0.975662, 1.02741e-06, 271.344
6278, 4.30289e-10, 0.253611, 0.00861885, 0, 2.51664e-21, 3.0982e-21, 0, 0, 0.26223, 4.42497e-16, 1.61297e-28, 21.5666, 0.975668, 1.02776e-06, 271.334
6279, 3.32244e-10, 0.254263, 0.00828192, 0, 1.95757e-21, 2.38858e-21, 0, 0, 0.262545, 3.41833e-16, 1.19747e-28, 21.8252, 0.975674, 1.02752e-06, 271.355
6280, 1.46998e-10, 0.25576, 0.00738023, 0, 8.87806e-22, 1.04735e-21, 0, 0, 0.263141, 1.51246e-16, 4.48176e-29, 22.6406, 0.97568, 1.02566e-06, 271.41
6281, 3.57057e-11, 0.258086, 0.00592249, 0, 2.24239e-22, 2.51023e-22, 0, 0, 0.264009, 3.67305e-17, 8.37673e-30, 24.0557, 0.975686, 1.02446e-06, 271.498
6282, 5.05846e-12, 0.260666, 0.00429187, 0, 3.4117e-23, 3.47787e-23, 0, 0, 0.264958, 5.19877e-18, 7.93901e-31, 26.01, 0.975692, 1.02466e-06, 271.596
6283, 5.48798e-12, 0.261288, 0.00397293, 0, 3.92942e-23, 3.61935e-23, 0, 0, 0.265261, 5.60914e-18, 2.94508e-31, 25.9285, 0.975698, 1.02465e-06, 271.615
6284, 2.75133e-11, 0.259138, 0.005511, 0, 1.89409e-22, 1.82915e-22, 0, 0, 0.264649, 2.80831e-17, 1.6981e-30, 24.3164, 0.975704, 1.02397e-06, 271.523
6285, 7.34422e-11, 0.256723, 0.0072262, 0, 4.93185e-22, 4.91313e-22, 0, 0, 0.263949, 7.48793e-17, 5.1604e-30, 23.3345, 0.97571, 1.02195e-06, 271.42
6286, 9.9789e-11, 0.256049, 0.00777494, 0, 6.63182e-22, 6.692e-22, 0, 0, 0.263824, 1.01642e-16, 7.34553e-30, 23.028, 0.975716, 1.01881e-06, 271.387
6287, 6.90096e-11, 0.257415, 0.0069591, 0, 4.6023e-22, 4.6231e-22, 0, 0, 0.264374, 7.02413e-17, 4.92131e-30, 23.3968, 0.975722, 1.0165e-06, 271.437
6288, 2.3943e-11, 0.260144, 0.00522975, 0, 1.62028e-22, 1.59818e-22, 0, 0, 0.265374, 2.4359e-17, 1.55123e-30, 24.4553, 0.975728, 1.016e-06, 271.541
6289, 4.19207e-12, 0.262635, 0.0036585, 0, 2.89518e-23, 2.78317e-23, 0, 0, 0.266293, 4.26085e-18, 2.58104e-31, 26.1978, 0.975734, 1.01345e-06, 271.635
6290, 3.101e-12, 0.263541, 0.00314798, 0, 1.93562e-23, 2.10621e-23, 0, 0, 0.266689, 3.11306e-18, 1.06308e-30, 26.4993, 0.97574, 1.00303e-06, 271.665
6291, 3.00926e-11, 0.262095, 0.00421514, 0, 1.74062e-22, 2.11407e-22, 0, 0, 0.26631, 3.0282e-17, 1.86633e-29, 24.2267, 0.975746, 9.87768e-07, 271.602
6292, 1.7765e-10, 0.259068, 0.00634139, 0, 9.72501e-22, 1.28574e-21, 0, 0, 0.265409, 1.79292e-16, 1.75364e-28, 22.4512, 0.975752, 9.83208e-07, 271.475
6293, 6.1234e-10, 0.256567, 0.00811261, 0, 3.19434e-21, 4.55484e-21, 0, 0, 0.26468, 6.19392e-16, 9.12834e-28, 21.2137, 0.975758, 9.94949e-07, 271.369
6294, 1.35111e-09, 0.255319, 0.00904425, 0, 6.77514e-21, 1.02846e-20, 0, 0, 0.264363, 1.36882e-15, 2.87374e-27, 20.4223, 0.975764, 1.00756e-06, 271.313
6295, 2.15378e-09, 0.254859, 0.00944836, 0, 1.04731e-20, 1.66855e-20, 0, 0, 0.264307, 2.18336e-15, 6.17511e-27, 19.956, 0.97577, 1.01272e-06, 271.288
6296, 2.77474e-09, 0.254746, 0.00962144, 0, 1.32035e-20, 2.17285e-20, 0, 0, 0.264367, 2.81194e-15, 9.81052e-27, 19.7027, 0.975776, 1.01341e-06, 271.278
6297, 2.99406e-09, 0.254815, 0.0096733, 0, 1.4114e-20, 2.34912e-20, 0, 0, 0.264488, 3.032e-15, 1.14672e-26, 19.6266, 0.975782, 1.01289e-06, 271.275
6298, 2.62415e-09, 0.25506, 0.00960729, 0, 1.24566e-20, 2.04356e-20, 0, 0, 0.264668, 2.65766e-15, 9.45307e-27, 19.7585, 0.975788, 1.01331e-06, 271.28
6299, 1.89632e-09, 0.255427, 0.00946105, 0, 9.23107e-21, 1.45012e-20, 0, 0, 0.264888, 1.92276e-15, 5.4417e-27, 20.0834, 0.975794, 1.01445e-06, 271.289
6300, 1.3774e-09, 0.255762, 0.00933515, 0, 6.92138e-21, 1.03056e-20, 0, 0, 0.265097, 1.39755e-15, 2.71599e-27, 20.4031, 0.9758, 1.01473e-06, 271.297
6301, 1.21929e-09, 0.255994, 0.00927826, 0, 6.20932e-21, 9.04435e-21, 0, 0, 0.265273, 1.23594e-15, 1.91478e-27, 20.525, 0.975806, 1.01394e-06, 271.301
6302, 1.37709e-09, 0.256062, 0.00933129, 0, 6.9333e-21, 1.02485e-20, 0, 0, 0.265393, 1.39264e-15, 2.26411e-27, 20.4033, 0.975812, 1.01208e-06, 271.298
6303, 1.57826e-09, 0.256081, 0.00941617, 0, 7.8603e-21, 1.17622e-20, 0, 0, 0.265497, 1.59344e-15, 2.71358e-27, 20.2669, 0.975818, 1.01014e-06, 271.293
6304, 1.45127e-09, 0.256254, 0.00939821, 0, 7.27701e-21, 1.07165e-20, 0, 0, 0.265653, 1.46474e-15, 2.25273e-27, 20.3508, 0.975824, 1.00944e-06, 271.295
6305, 1.12998e-09, 0.256534, 0.00930954, 0, 5.79218e-21, 8.17497e-21, 0, 0, 0.265844, 1.14013e-15, 1.32589e-27, 20.6011, 0.97583, 1.00883e-06, 271.3
6306, 9.21436e-10, 0.25678, 0.00924323, 0, 4.82798e-21, 6.54144e-21, 0, 0, 0.266024, 9.29282e-16, 7.56335e-28, 20.8051, 0.975836, 1.00843e-06, 271.305
6307, 8.16045e-10, 0.256997, 0.00919632, 0, 4.33536e-21, 5.74329e-21, 0, 0, 0.266194, 8.2341e-16, 5.32005e-28, 20.9266, 0.975842, 1.00896e-06, 271.308
6308, 6.94596e-10, 0.257245, 0.00912893, 0, 3.74792e-21, 4.84259e-21, 0, 0, 0.266374, 7.00783e-16, 3.69004e-28, 21.0877, 0.975848, 1.00849e-06, 271.312
6309, 5.54316e-10, 0.257529, 0.00903735, 0, 3.05323e-21, 3.81097e-21, 0, 0, 0.266566, 5.5827e-16, 2.25297e-28, 21.3133, 0.975854, 1.00646e-06, 271.318
6310, 4.18073e-10, 0.257843, 0.00892553, 0, 2.36401e-21, 2.82676e-21, 0, 0, 0.266769, 4.20306e-16, 1.21955e-28, 21.5954, 0.97586, 1.00506e-06, 271.325
6311, 2.97146e-10, 0.258191, 0.00879153, 0, 1.73711e-21, 1.97415e-21, 0, 0, 0.266982, 2.98578e-16, 5.86238e-29, 21.9368, 0.975866, 1.00474e-06, 271.334
6312, 1.97032e-10, 0.258584, 0.00862707, 0, 1.20065e-21, 1.28536e-21, 0, 0, 0.267211, 1.97955e-16, 2.46588e-29, 22.3477, 0.975872, 1.00482e-06, 271.344
6313, 1.199e-10, 0.25909, 0.00838646, 0, 7.67369e-22, 7.68593e-22, 0, 0, 0.267477, 1.20508e-16, 8.92775e-30, 22.8444, 0.975878, 1.00531e-06, 271.358
6314, 6.23298e-11, 0.259906, 0.00793907, 0, 4.20262e-22, 3.93523e-22, 0, 0, 0.267845, 6.26853e-17, 2.73479e-30, 23.4986, 0.975884, 1.00483e-06, 271.385
6315, 2.40084e-11, 0.260992, 0.00731059, 0, 1.71363e-22, 1.49453e-22, 0, 0, 0.268302, 2.41464e-17, 6.43705e-31, 24.4526, 0.97589, 1.00245e-06, 271.423
6316, 6.65601e-12, 0.261662, 0.00695995, 0, 5.26467e-23, 4.05139e-23, 0, 0, 0.268622, 6.68498e-18, 9.91632e-32, 25.7355, 0.975896, 9.99721e-07, 271.444
6317, 2.43282e-12, 0.261871, 0.00691831, 0, 2.32854e-23, 1.41325e-23, 0, 0, 0.268789, 2.43353e-18, 9.21259e-33, 26.742, 0.975902, 9.99305e-07, 271.447
6318, 1.42754e-12, 0.262613, 0.00651848, 0, 1.47842e-23, 8.11918e-24, 0, 0, 0.269131, 1.42619e-18, 8.20241e-34, 27.2751, 0.975908, 1.00113e-06, 271.471
6319, 6.00463e-13, 0.263619, 0.00594168, 0, 6.52386e-24, 3.39329e-24, 0, 0, 0.269561, 6.00479e-19, 1.61427e-34, 28.1411, 0.975914, 1.0027e-06, 271.505
6320, 2.65134e-13, 0.263601, 0.00605245, 0, 3.30233e-24, 1.46938e-24, 0, 0, 0.269653, 2.65593e-19, 2.85232e-35, 28.9585, 0.97592, 1.00272e-06, 271.499
6321, 2.65009e-13, 0.263001, 0.00655323, 0, 3.55382e-24, 1.44648e-24, 0, 0, 0.269554, 2.65453e-19, 6.66548e-36, 28.959, 0.975926, 1.00136e-06, 271.47
6322, 2.30305e-13, 0.262874, 0.00673678, 0, 3.17681e-24, 1.24849e-24, 0, 0, 0.26961, 2.30429e-19, 3.66755e-36, 29.0994, 0.975932, 9.99456e-07, 271.459
6323, 1.33011e-13, 0.263182, 0.0066281, 0, 1.9413e-24, 7.14651e-25, 0, 0, 0.26981, 1.32919e-19, 1.41374e-36, 29.6483, 0.975938, 9.98714e-07, 271.466
6324, 5.79309e-14, 0.26364, 0.00641892, 0, 9.23311e-25, 3.08182e-25, 0, 0, 0.270059, 5.78655e-20, 3.15762e-37, 30.4795, 0.975944, 9.98868e-07, 271.478
6325, 2.04259e-14, 0.264156, 0.00617138, 0, 3.63688e-25, 1.07588e-25, 0, 0, 0.270327, 2.04055e-20, 4.66529e-38, 31.522, 0.97595, 9.9885e-07, 271.493
6326, 5.87446e-15, 0.26471, 0.00589726, 0, 1.1966e-25, 3.06007e-26, 0, 0, 0.270608, 5.86823e-21, 4.83929e-39, 32.7682, 0.975956, 9.98624e-07, 271.509
6327, 1.38787e-15, 0.265303, 0.00559799, 0, 3.29897e-26, 7.1446e-27, 0, 0, 0.270901, 1.38624e-21, 3.26339e-40, 34.211, 0.975962, 9.97907e-07, 271.527
6328, 2.63866e-16, 0.265925, 0.00527801, 0, 7.43868e-27, 1.34225e-27, 0, 0, 0.271203, 2.63534e-22, 1.30012e-41, 35.8711, 0.975968, 9.96601e-07, 271.546
6329, 3.91852e-17, 0.266579, 0.0049369, 0, 1.34079e-27, 1.9684e-28, 0, 0, 0.271516, 3.91196e-23, 2.83062e-43, 37.7782, 0.975974, 9.95083e-07, 271.566
6330, 4.50934e-18, 0.267278, 0.00456508, 0, 1.92383e-28, 2.23551e-29, 0, 0, 0.271843, 4.49842e-24, 2.8026e-45, 39.9404, 0.97598, 9.93932e-07, 271.588
6331, 3.99458e-19, 0.268023, 0.00416189, 0, 2.16128e-29, 1.95453e-30, 0, 0, 0.272185, 3.98089e-25, 0, 42.3642, 0.975986, 9.92542e-07, 271.611
6332, 2.62419e-20, 0.268772, 0.00375587, 0, 1.80997e-30, 1.26802e-31, 0, 0, 0.272528, 2.61188e-26, 0, 45.0869, 0.975992, 9.91189e-07, 271.635
6333, 1.20363e-21, 0.2695, 0.00336417, 0, 1.06051e-31, 5.75053e-33, 0, 0, 0.272864, 1.19696e-27, 0, 48.1689, 0.975998, 9.90882e-07, 271.658
6334, 3.62363e-23, 0.270269, 0.00294372, 0, 4.08185e-33, 1.71453e-34, 0, 0, 0.273213, 3.60359e-29, 0, 51.672, 0.976004, 9.90696e-07, 271.682
6335, 6.7644e-25, 0.271115, 0.00247165, 0, 9.81521e-35, 3.17166e-36, 0, 0, 0.273587, 6.72803e-31, 0, 55.653, 0.97601, 9.89899e-07, 271.709
6336, 7.52779e-27, 0.27195, 0.00200686, 0, 1.46047e-36, 3.49069e-38, 0, 0, 0.273956, 7.48284e-33, 0, 60.1512, 0.976016, 9.90499e-07, 271.736
6337, 5.00595e-29, 0.272758, 0.00155966, 0, 1.43461e-38, 2.27188e-40, 0, 0, 0.274317, 4.969e-35, 0, 65.1643, 0.976022, 9.91655e-07, 271.761
6338, 2.14173e-31, 0.273604, 0.00108601, 0, 1.0436e-40, 9.08041e-43, 0, 0, 0.27469, 2.1221e-37, 0, 70.6185, 0.976028, 9.91264e-07, 271.788
6339, 6.65173e-34, 0.274299, 0.000714963, 0, 5.5071e-43, 0, 0, 0, 0.275014, 6.57978e-40, 0, 76.393, 0.976034, 9.89449e-07, 271.81
6340, 1.47465e-36, 0.274702, 0.000540765, 0, 0, 0, 0, 0, 0.275243, 1.45735e-42, 0, 82.5046, 0.97604, 9.87795e-07, 271.819
6341, 1.9499e-39, 0.275025, 0.000421183, 0, 0, 0, 0, 0, 0.275446, 0, 0, 89.133, 0.976046, 9.87189e-07, 271.826
6342, 1.33964e-42, 0.275391, 0.00027172, 0, 0, 0, 0, 0, 0.275663, 0, 0, 96.4162, 0.976052, 9.86386e-07, 271.835
6343, 0, 0.275737, 0.000136469, 0, 0, 0, 0, 0, 0.275873, 0, 0, 99.99, 0.976058, 9.85769e-07, 271.842
6344, 0, 0.275993, 6.16435e-05, 0, 0, 0, 0, 0, 0.276055, 0, 0, 99.99, 0.976064, 9.85935e-07, 271.847
6345, 0, 0.276135, 6.39765e-05, 0, 0, 0, 0, 0, 0.276199, 0, 0, 99.99, 0.97607, 9.8602e-07, 271.846
6346, 0, 0.27616, 0.000145287, 0, 0, 0, 0, 0, 0.276306, 0, 0, 99.99, 0.976076, 9.85004e-07, 271.842
6347, 0, 0.276077, 0.000300621, 0, 0, 0, 0, 0, 0.276377, 0, 0, 99.99, 0.976082, 9.83369e-07, 271.833
6348, 0, 0.275896, 0.000521424, 0, 0, 0, 0, 0, 0.276417, 0, 0, 99.99, 0.976088, 9.83273e-07, 271.821
6349, 1.49098e-42, 0.275636, 0.000795618, 0, 0, 0, 0, 0, 0.276432, 0, 0, 96.3091, 0.976094, 9.84288e-07, 271.805
6350, 1.20625e-39, 0.275321, 0.00110736, 0, 0, 0, 0, 0, 0.276428, 0, 0, 89.6133, 0.9761, 9.84567e-07, 271.788
6351, 8.73818e-38, 0.274976, 0.00143938, 0, 0, 0, 0, 0, 0.276415, 2.38221e-44, 0, 85.3305, 0.976106, 9.84135e-07, 271.769
6352, 3.03271e-36, 0.274624, 0.00177526, 0, 0, 0, 0, 0, 0.2764, 1.12664e-42, 0, 81.7836, 0.976112, 9.83496e-07, 271.75
6353, 4.96438e-35, 0.274292, 0.00209861, 0, 2.8026e-45, 0, 0, 0, 0.27639, 2.25497e-41, 0, 78.9882, 0.976118, 9.82733e-07, 271.732
6354, 5.34481e-34, 0.27401, 0.00238738, 0, 4.84849e-43, 0, 0, 0, 0.276397, 3.45217e-40, 0, 76.6118, 0.976124, 9.81329e-07, 271.716
6355, 1.04108e-32, 0.273868, 0.0025815, 0, 2.45031e-41, 0, 0, 0, 0.27645, 9.59009e-39, 0, 73.6425, 0.97613, 9.78169e-07, 271.705
6356, 2.23711e-31, 0.274028, 0.00257181, 0, 5.70015e-40, 0, 0, 0, 0.2766, 2.17785e-37, 0, 70.575, 0.976136, 9.74444e-07, 271.705
6357, 2.50754e-30, 0.274366, 0.00244218, 0, 6.21353e-39, 0, 0, 0, 0.276808, 2.44921e-36, 0, 68.1582, 0.976142, 9.73729e-07, 271.713
6358, 1.35426e-29, 0.274313, 0.00257659, 0, 3.2557e-38, 0, 0, 0, 0.276889, 1.32198e-35, 0, 66.4717, 0.976148, 9.75809e-07, 271.705
6359, 3.57534e-29, 0.273923, 0.00293827, 0, 8.43034e-38, 0, 0, 0, 0.276861, 3.48779e-35, 0, 65.5009, 0.976154, 9.76911e-07, 271.685
6360, 4.71353e-29, 0.273774, 0.00313762, 0, 1.1095e-37, 0, 0, 0, 0.276911, 4.59711e-35, 0, 65.2245, 0.97616, 9.76453e-07, 271.674
6361, 3.16735e-29, 0.273961, 0.00310968, 0, 7.6114e-38, 0, 0, 0, 0.277071, 3.09008e-35, 0, 65.6221, 0.976166, 9.76101e-07, 271.675
6362, 1.10366e-29, 0.274352, 0.0029443, 0, 2.77289e-38, 0, 0, 0, 0.277296, 1.0773e-35, 0, 66.6763, 0.976172, 9.76002e-07, 271.685
6363, 2.01829e-30, 0.274885, 0.00268244, 0, 5.406e-39, 0, 0, 0, 0.277567, 1.97032e-36, 0, 68.3753, 0.976178, 9.75781e-07, 271.7
6364, 1.94851e-31, 0.275539, 0.00233911, 0, 5.59936e-40, 0, 0, 0, 0.277878, 1.89964e-37, 0, 70.7131, 0.976184, 9.74771e-07, 271.719
6365, 9.93101e-33, 0.276288, 0.00193065, 0, 3.00775e-41, 0, 0, 0, 0.278219, 9.62964e-39, 0, 73.6896, 0.97619, 9.73541e-07, 271.742
6366, 2.65931e-34, 0.277099, 0.00148055, 0, 8.07148e-43, 0, 0, 0, 0.27858, 2.53698e-40, 0, 77.3098, 0.976196, 9.73353e-07, 271.767
6367, 3.71053e-36, 0.277921, 0.00102303, 0, 9.80909e-45, 0, 0, 0, 0.278944, 3.39815e-42, 0, 81.5819, 0.976202, 9.72871e-07, 271.793
6368, 2.66938e-38, 0.278679, 0.000608038, 0, 0, 0, 0, 0, 0.279287, 2.24208e-44, 0, 86.5164, 0.976208, 9.71207e-07, 271.816
6369, 9.78401e-41, 0.279285, 0.000295827, 0, 0, 0, 0, 0, 0.279581, 0, 0, 92.1252, 0.976214, 9.70449e-07, 271.834
6370, 1.80768e-43, 0.279666, 0.0001362, 0, 0, 0, 0, 0, 0.279802, 0, 0, 98.4191, 0.97622, 9.70819e-07, 271.842
6371, 0, 0.279822, 0.000129114, 0, 0, 0, 0, 0, 0.279951, 0, 0, 99.99, 0.976226, 9.70266e-07, 271.843
6372, 0, 0.279879, 0.000189371, 0, 0, 0, 0, 0, 0.280068, 0, 0, 99.99, 0.976232, 9.68979e-07, 271.84
6373, 2.94133e-42, 0.279956, 0.000235758, 0, 0, 0, 0, 0, 0.280191, 0, 0, 95.6297, 0.976238, 9.68472e-07, 271.837
6374, 3.08954e-38, 0.279902, 0.000370486, 0, 0, 0, 0, 0, 0.280273, 2.66247e-44, 0, 86.3702, 0.976244, 9.69063e-07, 271.829
6375, 9.73965e-36, 0.2795, 0.000741834, 0, 2.94273e-44, 0, 0, 0, 0.280242, 9.22895e-42, 0, 80.6169, 0.97625, 9.6937e-07, 271.809
6376, 8.74283e-34, 0.278844, 0.00128498, 0, 2.35278e-42, 0, 0, 0, 0.280129, 8.37486e-40, 0, 76.1197, 0.976256, 9.68835e-07, 271.779
6377, 3.4684e-32, 0.278168, 0.00184146, 0, 8.71229e-41, 0, 0, 0, 0.280009, 3.3314e-38, 0, 72.439, 0.976262, 9.67925e-07, 271.748
6378, 7.12888e-31, 0.277596, 0.00232699, 0, 1.64178e-39, 0, 0, 0, 0.279923, 6.858e-37, 0, 69.416, 0.976268, 9.66864e-07, 271.721
6379, 7.609e-30, 0.277163, 0.00271826, 0, 1.61203e-38, 0, 0, 0, 0.279882, 7.32864e-36, 0, 67.0482, 0.976274, 9.65216e-07, 271.699
6380, 4.23129e-29, 0.276877, 0.00301047, 0, 8.37992e-38, 0, 0, 0, 0.279887, 4.07741e-35, 0, 65.3325, 0.97628, 9.63335e-07, 271.683
6381, 1.22316e-28, 0.276745, 0.00319834, 0, 2.31499e-37, 0, 0, 0, 0.279943, 1.17784e-34, 0, 64.271, 0.976286, 9.62256e-07, 271.672
6382, 1.82005e-28, 0.276795, 0.00326286, 0, 3.36833e-37, 0, 0, 0, 0.280058, 1.74825e-34, 0, 63.8735, 0.976292, 9.6105e-07, 271.669
6383, 1.37069e-28, 0.277074, 0.00317233, 0, 2.53195e-37, 0, 0, 0, 0.280247, 1.30961e-34, 0, 64.1571, 0.976298, 9.59538e-07, 271.674
6384, 5.1147e-29, 0.277641, 0.00288757, 0, 9.58956e-38, 0, 0, 0, 0.280529, 4.83752e-35, 0, 65.1429, 0.976304, 9.59719e-07, 271.69
6385, 9.25386e-30, 0.278439, 0.00244619, 0, 1.78506e-38, 0, 0, 0, 0.280885, 8.59547e-36, 0, 66.8525, 0.97631, 9.61284e-07, 271.715
6386, 7.98755e-31, 0.279147, 0.00206558, 0, 1.60531e-39, 0, 0, 0, 0.281212, 7.19598e-37, 0, 69.3023, 0.976316, 9.62438e-07, 271.736
6387, 3.28921e-32, 0.279775, 0.00173829, 0, 6.98071e-41, 0, 0, 0, 0.281514, 2.82048e-38, 0, 72.4921, 0.976322, 9.62356e-07, 271.754
6388, 6.70538e-34, 0.280645, 0.00124735, 0, 1.5134e-42, 0, 0, 0, 0.281893, 5.31769e-40, 0, 76.385, 0.976328, 9.61394e-07, 271.781
6389, 7.42633e-36, 0.281603, 0.000696755, 0, 1.68156e-44, 0, 0, 0, 0.282299, 5.21703e-42, 0, 80.888, 0.976334, 9.59821e-07, 271.812
6390, 4.89976e-38, 0.282222, 0.000375626, 0, 0, 0, 0, 0, 0.282597, 2.94273e-44, 0, 85.909, 0.97634, 9.58339e-07, 271.829
6391, 1.86021e-40, 0.282239, 0.000462155, 0, 0, 0, 0, 0, 0.282702, 0, 0, 91.4827, 0.976346, 9.58288e-07, 271.825
6392, 4.03574e-43, 0.281742, 0.00089847, 0, 0, 0, 0, 0, 0.28264, 0, 0, 97.616, 0.976352, 9.58955e-07, 271.801
6393, 1.53722e-42, 0.281075, 0.00144945, 0, 0, 0, 0, 0, 0.282524, 0, 0, 96.2786, 0.976358, 9.58788e-07, 271.77
6394, 2.81717e-41, 0.280582, 0.00188216, 0, 0, 0, 0, 0, 0.282464, 0, 0, 93.3703, 0.976364, 9.57597e-07, 271.746
6395, 2.44943e-40, 0.280393, 0.00210901, 0, 0, 0, 0, 0, 0.282502, 0, 0, 91.2076, 0.97637, 9.56113e-07, 271.734
6396, 9.86801e-40, 0.280361, 0.00222879, 0, 0, 0, 0, 0, 0.28259, 0, 0, 89.8141, 0.976376, 9.55655e-07, 271.727
6397, 1.84448e-39, 0.280374, 0.00231882, 0, 0, 0, 0, 0, 0.282693, 0, 0, 89.1886, 0.976382, 9.55228e-07, 271.723
6398, 1.60402e-39, 0.280529, 0.00231244, 0, 0, 0, 0, 0, 0.282842, 0, 0, 89.3283, 0.976388, 9.53407e-07, 271.723
6399, 6.49793e-40, 0.280861, 0.00218646, 0, 0, 0, 0, 0, 0.283047, 0, 0, 90.2319, 0.976394, 9.52279e-07, 271.73
6400, 1.22699e-40, 0.281293, 0.00199172, 0, 0, 0, 0, 0, 0.283285, 0, 0, 91.8988, 0.9764, 9.53036e-07, 271.741
6401, 1.0811e-41, 0.281774, 0.00176456, 0, 0, 0, 0, 0, 0.283538, 0, 0, 94.328, 0.976406, 9.53498e-07, 271.753
6402, 4.45613e-43, 0.282287, 0.00151492, 0, 0, 0, 0, 0, 0.283802, 0, 0, 97.5169, 0.976412, 9.52603e-07, 271.767
6403, 7.00649e-45, 0.282825, 0.00124892, 0, 0, 0, 0, 0, 0.284074, 0, 0, 99.99, 0.976418, 9.50945e-07, 271.782
6404, 0, 0.283372, 0.000976455, 0, 0, 0, 0, 0, 0.284348, 0, 0, 99.99, 0.976424, 9.49856e-07, 271.797
6405, 0, 0.283904, 0.000713642, 0, 0, 0, 0, 0, 0.284618, 0, 0, 99.99, 0.97643, 9.4964e-07, 271.811
6406, 0, 0.2844, 0.000475748, 0, 0, 0, 0, 0, 0.284875, 0, 0, 99.99, 0.976436, 9.49661e-07, 271.824
6407, 0, 0.28484, 0.000275662, 0, 0, 0, 0, 0, 0.285115, 0, 0, 99.99, 0.976442, 9.49358e-07, 271.835
6408, 0, 0.285197, 0.000131382, 0, 0, 0, 0, 0, 0.285329, 0, 0, 99.99, 0.976448, 9.47896e-07, 271.843
6409, 0, 0.285451, 5.79399e-05, 0, 0, 0, 0, 0, 0.285508, 0, 0, 99.99, 0.976454, 9.45417e-07, 271.847
6410, 0, 0.285616, 4.40565e-05, 0, 0, 0, 0, 0, 0.28566, 0, 0, 99.99, 0.97646, 9.44886e-07, 271.848
6411, 0, 0.285742, 5.71944e-05, 0, 0, 0, 0, 0, 0.285799, 0, 0, 99.99, 0.976466, 9.46352e-07, 271.847
6412, 0, 0.285839, 8.99298e-05, 0, 0, 0, 0, 0, 0.285929, 0, 0, 99.99, 0.976472, 9.46988e-07, 271.845
6413, 0, 0.285922, 0.000132121, 0, 0, 0, 0, 0, 0.286055, 0, 0, 99.99, 0.976478, 9.46763e-07, 271.843
6414, 0, 0.286062, 0.000136175, 0, 0, 0, 0, 0, 0.286198, 0, 0, 99.99, 0.976484, 9.46207e-07, 271.843
6415, 0, 0.286271, 9.28354e-05, 0, 0, 0, 0, 0, 0.286364, 0, 0, 99.99, 0.97649, 9.4498e-07, 271.845
6416, 0, 0.286476, 5.19796e-05, 0, 0, 0, 0, 0, 0.286528, 0, 0, 99.99, 0.976496, 9.44034e-07, 271.847
6417, 0, 0.28662, 5.28387e-05, 0, 0, 0, 0, 0, 0.286673, 0, 0, 99.99, 0.976502, 9.44172e-07, 271.847
6418, 0, 0.28673, 7.64156e-05, 0, 0, 0, 0, 0, 0.286807, 0, 0, 99.99, 0.976508, 9.44216e-07, 271.846
6419, 0, 0.286873, 7.78851e-05, 0, 0, 0, 0, 0, 0.286951, 0, 0, 99.99, 0.976514, 9.43512e-07, 271.846
6420, 0, 0.287031, 6.92975e-05, 0, 0, 0, 0, 0, 0.287101, 0, 0, 99.99, 0.97652, 9.42448e-07, 271.846
6421, 0, 0.287102, 0.000119929, 0, 0, 0, 0, 0, 0.287222, 0, 0, 99.99, 0.976526, 9.41384e-07, 271.844
6422, 0, 0.287032, 0.000266332, 0, 0, 0, 0, 0, 0.287298, 0, 0, 99.99, 0.976532, 9.40288e-07, 271.836
6423, 0, 0.286864, 0.000479371, 0, 0, 0, 0, 0, 0.287343, 0, 0, 99.99, 0.976538, 9.39609e-07, 271.824
6424, 0, 0.286686, 0.00069888, 0, 0, 0, 0, 0, 0.287385, 0, 0, 99.99, 0.976544, 9.38988e-07, 271.812
6425, 0, 0.286604, 0.000853164, 0, 0, 0, 0, 0, 0.287457, 0, 0, 99.99, 0.97655, 9.38241e-07, 271.804
6426, 0, 0.286653, 0.000918805, 0, 0, 0, 0, 0, 0.287572, 0, 0, 99.99, 0.976556, 9.37476e-07, 271.8
6427, 0, 0.28669, 0.000992623, 0, 0, 0, 0, 0, 0.287682, 0, 0, 99.99, 0.976562, 9.36421e-07, 271.796
6428, 0, 0.286714, 0.00107491, 0, 0, 0, 0, 0, 0.287789, 0, 0, 99.99, 0.976568, 9.36208e-07, 271.792
6429, 0, 0.286931, 0.00102617, 0, 0, 0, 0, 0, 0.287957, 0, 0, 99.99, 0.976574, 9.36001e-07, 271.795
6430, 0, 0.28736, 0.000832796, 0, 0, 0, 0, 0, 0.288193, 0, 0, 99.99, 0.97658, 9.35426e-07, 271.805
6431, 0, 0.287889, 0.000571675, 0, 0, 0, 0, 0, 0.288461, 0, 0, 99.99, 0.976586, 9.3564e-07, 271.819
6432, 0, 0.288409, 0.000316992, 0, 0, 0, 0, 0, 0.288726, 0, 0, 99.99, 0.976592, 9.35843e-07, 271.833
6433, 0, 0.288795, 0.000153256, 0, 0, 0, 0, 0, 0.288948, 0, 0, 99.99, 0.976598, 9.3503e-07, 271.842
6434, 0, 0.288945, 0.000149525, 0, 0, 0, 0, 0, 0.289095, 0, 0, 99.99, 0.976604, 9.33331e-07, 271.842
6435, 0, 0.28884, 0.000320066, 0, 0, 0, 0, 0, 0.28916, 0, 0, 99.99, 0.97661, 9.31923e-07, 271.833
6436, 1.34525e-43, 0.288528, 0.000630944, 0, 0, 0, 0, 0, 0.289159, 0, 0, 98.7146, 0.976616, 9.31301e-07, 271.816
6437, 9.04258e-42, 0.288099, 0.00102153, 0, 0, 0, 0, 0, 0.28912, 0, 0, 94.5066, 0.976622, 9.31212e-07, 271.795
6438, 2.60761e-40, 0.287655, 0.00142222, 0, 0, 0, 0, 0, 0.289077, 0, 0, 91.145, 0.976628, 9.3151e-07, 271.774
6439, 4.21854e-39, 0.28725, 0.00179579, 0, 0, 0, 0, 0, 0.289046, 0, 0, 88.3613, 0.976634, 9.31648e-07, 271.754
6440, 8.63033e-38, 0.286926, 0.00211458, 0, 0, 0, 0, 0, 0.289041, 0, 0, 85.3429, 0.97664, 9.30981e-07, 271.737
6441, 2.03783e-36, 0.286845, 0.00226871, 0, 0, 0, 0, 0, 0.289114, 0, 0, 82.1812, 0.976646, 9.29724e-07, 271.728
6442, 2.46049e-35, 0.287085, 0.00220393, 0, 0, 0, 0, 0, 0.289289, 0, 0, 79.6901, 0.976652, 9.28977e-07, 271.732
6443, 1.30178e-34, 0.287222, 0.00220951, 0, 0, 0, 0, 0, 0.289432, 0, 0, 78.0242, 0.976658, 9.29097e-07, 271.732
6444, 3.10934e-34, 0.286997, 0.00246138, 0, 0, 0, 0, 0, 0.289458, 0, 0, 77.1535, 0.976664, 9.29121e-07, 271.718
6445, 3.84055e-34, 0.286846, 0.00266278, 0, 0, 0, 0, 0, 0.289509, 0, 0, 76.9423, 0.97667, 9.28844e-07, 271.707
6446, 3.08545e-34, 0.287013, 0.00264812, 0, 0, 0, 0, 0, 0.289661, 0, 0, 77.1612, 0.976676, 9.28432e-07, 271.708
6447, 1.65805e-34, 0.28752, 0.00240172, 0, 0, 0, 0, 0, 0.289922, 0, 0, 77.7822, 0.976682, 9.27808e-07, 271.721
6448, 4.79585e-35, 0.288403, 0.00189996, 0, 0, 0, 0, 0, 0.290303, 0, 0, 79.0227, 0.976688, 9.26734e-07, 271.748
6449, 6.4252e-36, 0.28954, 0.0012258, 0, 0, 0, 0, 0, 0.290765, 0, 0, 81.0328, 0.976694, 9.25094e-07, 271.785
6450, 3.79085e-37, 0.290551, 0.00063585, 0, 0, 0, 0, 0, 0.291187, 0, 0, 83.8631, 0.9767, 9.23342e-07, 271.816
6451, 5.10213e-38, 0.29108, 0.000375009, 0, 0, 0, 0, 0, 0.291455, 3.78351e-44, 0, 85.8686, 0.976706, 9.21952e-07, 271.83
6452, 3.3242e-35, 0.291242, 0.000363083, 0, 7.42688e-44, 0, 0, 0, 0.291605, 3.06114e-41, 0, 79.3893, 0.976712, 9.21766e-07, 271.831
6453, 3.47289e-33, 0.29119, 0.000497065, 0, 6.78088e-42, 0, 0, 0, 0.291687, 3.19689e-39, 0, 74.7403, 0.976718, 9.22224e-07, 271.824
6454, 1.35857e-31, 0.290662, 0.000955389, 0, 2.48114e-40, 0, 0, 0, 0.291618, 1.25041e-37, 0, 71.0737, 0.976724, 9.21932e-07, 271.799
6455, 2.43044e-30, 0.28969, 0.00171548, 0, 4.21121e-39, 4.2039e-45, 0, 0, 0.291406, 2.23656e-36, 0, 68.1895, 0.97673, 9.21433e-07, 271.759
6456, 1.99422e-29, 0.288729, 0.00246769, 0, 3.31326e-38, 5.38099e-43, 0, 0, 0.291197, 1.83434e-35, 0, 66.0847, 0.976736, 9.21632e-07, 271.719
6457, 8.12513e-29, 0.288112, 0.00298639, 0, 1.26308e-37, 2.3106e-41, 0, 0, 0.291098, 7.46634e-35, 0, 64.68, 0.976742, 9.21589e-07, 271.691
6458, 2.78703e-28, 0.287945, 0.00319843, 0, 3.39849e-37, 4.40221e-40, 0, 0, 0.291143, 2.55978e-34, 0, 63.4474, 0.976748, 9.20959e-07, 271.68
6459, 1.3808e-27, 0.288063, 0.00321713, 0, 1.31493e-36, 3.75551e-39, 0, 0, 0.29128, 1.26956e-33, 0, 61.8471, 0.976754, 9.19997e-07, 271.679
6460, 4.87608e-27, 0.28806, 0.00331741, 0, 4.38381e-36, 1.45223e-38, 0, 0, 0.291377, 4.48527e-33, 0, 60.5855, 0.97676, 9.1912e-07, 271.673
6461, 8.58049e-27, 0.28794, 0.00349792, 0, 7.67533e-36, 2.57739e-38, 0, 0, 0.291437, 7.89292e-33, 0, 60.0203, 0.976766, 9.18834e-07, 271.664
6462, 7.35149e-27, 0.28802, 0.00354158, 0, 6.70277e-36, 2.12819e-38, 0, 0, 0.291562, 6.7613e-33, 0, 60.1749, 0.976772, 9.18188e-07, 271.661
6463, 3.1624e-27, 0.288341, 0.00342248, 0, 3.01821e-36, 8.30628e-39, 0, 0, 0.291763, 2.90751e-33, 0, 61.0185, 0.976778, 9.1712e-07, 271.668
6464, 7.09947e-28, 0.288802, 0.003208, 0, 7.30873e-37, 1.55905e-39, 0, 0, 0.29201, 6.52345e-34, 0, 62.5124, 0.976784, 9.16388e-07, 271.68
6465, 8.57437e-29, 0.289375, 0.00291712, 0, 9.8455e-38, 1.4268e-40, 0, 0, 0.292292, 7.8723e-35, 0, 64.6262, 0.97679, 9.15804e-07, 271.695
6466, 5.70535e-30, 0.290074, 0.00254008, 0, 7.63555e-39, 6.38432e-42, 0, 0, 0.292614, 5.23342e-36, 0, 67.3362, 0.976796, 9.1559e-07, 271.715
6467, 2.18161e-31, 0.290916, 0.00206597, 0, 3.55893e-40, 1.37327e-43, 0, 0, 0.292982, 1.99909e-37, 0, 70.6001, 0.976802, 9.15252e-07, 271.741
6468, 5.05422e-33, 0.291897, 0.00149681, 0, 9.97164e-42, 0, 0, 0, 0.293394, 4.61929e-39, 0, 74.3651, 0.976808, 9.14885e-07, 271.771
6469, 7.02338e-35, 0.292905, 0.000908961, 0, 1.54143e-43, 0, 0, 0, 0.293814, 6.35951e-41, 0, 78.6412, 0.976814, 9.15006e-07, 271.802
6470, 5.39008e-37, 0.293704, 0.000462568, 0, 0, 0, 0, 0, 0.294167, 4.7504e-43, 0, 83.5111, 0.97682, 9.1495e-07, 271.826
6471, 2.1268e-39, 0.294192, 0.000228677, 0, 0, 0, 0, 0, 0.294421, 1.4013e-45, 0, 89.0462, 0.976826, 9.14538e-07, 271.838
6472, 4.21651e-42, 0.2944, 0.00018564, 0, 0, 0, 0, 0, 0.294586, 0, 0, 95.2696, 0.976832, 9.13959e-07, 271.84
6473, 4.2039e-45, 0.294364, 0.000309123, 0, 0, 0, 0, 0, 0.294673, 0, 0, 99.99, 0.976838, 9.13182e-07, 271.834
6474, 0, 0.29423, 0.00049915, 0, 0, 0, 0, 0, 0.294729, 0, 0, 99.99, 0.976844, 9.12092e-07, 271.824
6475, 0, 0.29409, 0.000693488, 0, 0, 0, 0, 0, 0.294784, 0, 0, 99.99, 0.97685, 9.10596e-07, 271.814
6476, 0, 0.294017, 0.000842228, 0, 0, 0, 0, 0, 0.294859, 0, 0, 99.99, 0.976856, 9.08657e-07, 271.806
6477, 0, 0.294248, 0.000783168, 0, 0, 0, 0, 0, 0.295031, 0, 0, 99.99, 0.976862, 9.07259e-07, 271.809
6478, 0, 0.294752, 0.000538493, 0, 0, 0, 0, 0, 0.29529, 0, 0, 99.99, 0.976868, 9.07508e-07, 271.822
6479, 0, 0.295129, 0.000380181, 0, 0, 0, 0, 0, 0.295509, 0, 0, 99.99, 0.976874, 9.07989e-07, 271.83
6480, 0, 0.29521, 0.000423355, 0, 0, 0, 0, 0, 0.295633, 0, 0, 99.99, 0.97688, 9.07695e-07, 271.828
6481, 0, 0.295284, 0.000471507, 0, 0, 0, 0, 0, 0.295756, 0, 0, 99.99, 0.976886, 9.07651e-07, 271.825
6482, 0, 0.29556, 0.000382328, 0, 0, 0, 0, 0, 0.295942, 0, 0, 99.99, 0.976892, 9.07728e-07, 271.83
6483, 0, 0.295939, 0.000221967, 0, 0, 0, 0, 0, 0.296161, 0, 0, 99.99, 0.976898, 9.07186e-07, 271.838
6484, 0, 0.296261, 0.000100844, 0, 0, 0, 0, 0, 0.296362, 0, 0, 99.99, 0.976904, 9.0638e-07, 271.845
6485, 0, 0.296444, 7.53827e-05, 0, 0, 0, 0, 0, 0.296519, 0, 0, 99.99, 0.97691, 9.0547e-07, 271.846
6486, 0, 0.296483, 0.000147259, 0, 0, 0, 0, 0, 0.29663, 0, 0, 99.99, 0.976916, 9.04676e-07, 271.842
6487, 0, 0.296449, 0.000268859, 0, 0, 0, 0, 0, 0.296718, 0, 0, 99.99, 0.976922, 9.04558e-07, 271.836
6488, 0, 0.296463, 0.000358543, 0, 0, 0, 0, 0, 0.296821, 0, 0, 99.99, 0.976928, 9.04545e-07, 271.831
6489, 0, 0.296609, 0.000357328, 0, 0, 0, 0, 0, 0.296967, 0, 0, 99.99, 0.976934, 9.03857e-07, 271.831
6490, 0, 0.296881, 0.000270243, 0, 0, 0, 0, 0, 0.297152, 0, 0, 99.99, 0.97694, 9.02805e-07, 271.836
6491, 0, 0.297195, 0.000154644, 0, 0, 0, 0, 0, 0.29735, 0, 0, 99.99, 0.976946, 9.02423e-07, 271.842
6492, 0, 0.297451, 7.89387e-05, 0, 0, 0, 0, 0, 0.29753, 0, 0, 99.99, 0.976952, 9.02103e-07, 271.846
6493, 0, 0.297599, 7.62585e-05, 0, 0, 0, 0, 0, 0.297676, 0, 0, 99.99, 0.976958, 9.00784e-07, 271.846
6494, 0, 0.297688, 0.000114428, 0, 0, 0, 0, 0, 0.297803, 0, 0, 99.99, 0.976964, 8.9963e-07, 271.844
6495, 0, 0.297813, 0.000127776, 0, 0, 0, 0, 0, 0.297941, 0, 0, 99.99, 0.97697, 8.99761e-07, 271.843
6496, 0, 0.298007, 9.42942e-05, 0, 0, 0, 0, 0, 0.298101, 0, 0, 99.99, 0.976976, 8.99961e-07, 271.845
6497, 0, 0.298208, 5.54332e-05, 0, 0, 0, 0, 0, 0.298264, 0, 0, 99.99, 0.976982, 8.99502e-07, 271.847
6498, 0, 0.298348, 5.89175e-05, 0, 0, 0, 0, 0, 0.298407, 0, 0, 99.99, 0.976988, 8.9786e-07, 271.847
6499, 0, 0.298425, 0.000104938, 0, 0, 0, 0, 0, 0.29853, 0, 0, 99.99, 0.976994, 8.92377e-07, 271.845
6500, 0, 0.298478, 0.000167341, 0, 0, 0, 0, 0, 0.298645, 0, 0, 99.99, 0.976997, 8.81469e-07, 271.841
6501, 0, 0.298452, 0.000284057, 0, 0, 0, 0, 0, 0.298736, 0, 0, 99.99, 0.976999, 8.75369e-07, 271.835
6502, 0, 0.298259, 0.00051401, 0, 0, 0, 0, 0, 0.298773, 0, 0, 99.99, 0.977, 8.82661e-07, 271.823
6503, 0, 0.297964, 0.000814595, 0, 0, 0, 0, 0, 0.298778, 0, 0, 99.99, 0.977, 8.9114e-07, 271.808
6504, 0, 0.297669, 0.00111413, 0, 0, 0, 0, 0, 0.298783, 0, 0, 99.99, 0.977, 8.92778e-07, 271.792
6505, 0, 0.297439, 0.00137015, 0, 0, 0, 0, 0, 0.298809, 0, 0, 99.99, 0.977, 8.92122e-07, 271.779
6506, 0, 0.297313, 0.00155467, 0, 0, 0, 0, 0, 0.298867, 0, 0, 99.99, 0.977, 8.92885e-07, 271.769
6507, 0, 0.29726, 0.00168905, 0, 0, 0, 0, 0, 0.298949, 0, 0, 99.99, 0.977, 8.93851e-07, 271.762
6508, 0, 0.297184, 0.00183991, 0, 0, 0, 0, 0, 0.299024, 0, 0, 99.99, 0.977, 8.9385e-07, 271.755
6509, 0, 0.297097, 0.00199759, 0, 0, 0, 0, 0, 0.299095, 0, 0, 99.99, 0.977, 8.93326e-07, 271.746
6510, 0, 0.297203, 0.00202406, 0, 0, 0, 0, 0, 0.299227, 0, 0, 99.99, 0.977, 8.92577e-07, 271.745
6511, 0, 0.29768, 0.00179667, 0, 0, 0, 0, 0, 0.299477, 0, 0, 99.99, 0.977, 8.91502e-07, 271.757
6512, 0, 0.298391, 0.00141058, 0, 0, 0, 0, 0, 0.299801, 0, 0, 99.99, 0.977, 8.90521e-07, 271.777
6513, 0, 0.298778, 0.00124455, 0, 0, 0, 0, 0, 0.300023, 0, 0, 99.99, 0.977, 8.9051e-07, 271.786
6514, 0, 0.29875, 0.00136275, 0, 0, 0, 0, 0, 0.300113, 0, 0, 99.99, 0.977, 8.90749e-07, 271.78
6515, 0, 0.298886, 0.00136829, 0, 0, 0, 0, 0, 0.300254, 0, 0, 99.99, 0.977, 8.90467e-07, 271.779
6516, 0, 0.299397, 0.00111828, 0, 0, 0, 0, 0, 0.300515, 0, 0, 99.99, 0.977, 8.89699e-07, 271.792
6517, 0, 0.300099, 0.000737616, 0, 0, 0, 0, 0, 0.300836, 0, 0, 99.99, 0.977, 8.88455e-07, 271.812
6518, 0, 0.300763, 0.000382571, 0, 0, 0, 0, 0, 0.301145, 0, 0, 99.99, 0.977, 8.87416e-07, 271.83
6519, 0, 0.301201, 0.000181694, 0, 0, 0, 0, 0, 0.301383, 0, 0, 99.99, 0.977, 8.8712e-07, 271.841
6520, 0, 0.301389, 0.000152103, 0, 0, 0, 0, 0, 0.301541, 0, 0, 99.99, 0.977, 8.86549e-07, 271.842
6521, 0, 0.3015, 0.000174604, 0, 0, 0, 0, 0, 0.301675, 0, 0, 99.99, 0.977, 8.85572e-07, 271.841
6522, 0, 0.301627, 0.000186618, 0, 0, 0, 0, 0, 0.301814, 0, 0, 99.99, 0.977, 8.85073e-07, 271.84
6523, 0, 0.301584, 0.000314449, 0, 0, 0, 0, 0, 0.301899, 0, 0, 99.99, 0.977, 8.84921e-07, 271.834
6524, 0, 0.301241, 0.000647473, 0, 0, 0, 0, 0, 0.301888, 0, 0, 99.99, 0.977, 8.84403e-07, 271.817
6525, 0, 0.30077, 0.00106771, 0, 0, 0, 0, 0, 0.301837, 0, 0, 99.99, 0.977, 8.8386e-07, 271.795
6526, 1.62025e-39, 0.300492, 0.00135598, 0, 0, 0, 0, 0, 0.301848, 1.4013e-45, 0, 89.3182, 0.977, 8.83461e-07, 271.78
6527, 9.22045e-37, 0.300683, 0.00132394, 0, 1.4013e-45, 0, 0, 0, 0.302007, 8.08549e-43, 0, 82.9742, 0.977, 8.83074e-07, 271.782
6528, 1.97613e-33, 0.301291, 0.00100717, 0, 2.17341e-42, 1.4013e-45, 0, 0, 0.302298, 1.73481e-39, 0, 75.3042, 0.977, 8.82896e-07, 271.798
6529, 2.09941e-31, 0.301621, 0.000880376, 0, 2.03048e-40, 3.53127e-43, 0, 0, 0.302501, 1.84535e-37, 0, 70.6385, 0.977, 8.82558e-07, 271.805
6530, 8.40434e-30, 0.301057, 0.00136372, 0, 7.62082e-39, 1.71323e-41, 0, 0, 0.302421, 7.39164e-36, 0, 66.9488, 0.977, 8.81624e-07, 271.78
6531, 1.58276e-28, 0.299978, 0.00219853, 0, 1.35408e-37, 3.75577e-40, 0, 0, 0.302177, 1.39261e-34, 0, 64.0132, 0.977, 8.80177e-07, 271.737
6532, 1.41347e-27, 0.299057, 0.00292536, 0, 1.15291e-36, 3.74563e-39, 0, 0, 0.301982, 1.24394e-33, 0, 61.8237, 0.977, 8.79004e-07, 271.699
6533, 6.08055e-27, 0.298493, 0.00340786, 0, 4.7964e-36, 1.73246e-38, 0, 0, 0.301901, 5.35162e-33, 0, 60.3647, 0.977, 8.7877e-07, 271.674
6534, 1.3133e-26, 0.298238, 0.00367988, 0, 1.02038e-35, 3.88249e-38, 0, 0, 0.301918, 1.1558e-32, 0, 59.5947, 0.977, 8.79285e-07, 271.66
6535, 1.56544e-26, 0.298247, 0.00377232, 0, 1.22489e-35, 4.62653e-38, 0, 0, 0.302019, 1.37748e-32, 0, 59.419, 0.977, 8.79609e-07, 271.656
6536, 1.1593e-26, 0.298478, 0.00371316, 0, 9.31299e-36, 3.29836e-38, 0, 0, 0.302191, 1.01985e-32, 0, 59.7194, 0.977, 8.79286e-07, 271.659
6537, 5.38478e-27, 0.298959, 0.00348338, 0, 4.48344e-36, 1.43083e-38, 0, 0, 0.302443, 4.73601e-33, 0, 60.4862, 0.977, 8.78437e-07, 271.671
6538, 1.40538e-27, 0.299755, 0.00303938, 0, 1.22264e-36, 3.38622e-39, 0, 0, 0.302794, 1.23586e-33, 0, 61.8295, 0.977, 8.774e-07, 271.694
6539, 1.87305e-28, 0.300875, 0.00237361, 0, 1.72552e-37, 3.92708e-40, 0, 0, 0.303249, 1.64693e-34, 0, 63.8448, 0.977, 8.76844e-07, 271.728
6540, 1.22347e-29, 0.3022, 0.00156777, 0, 1.21364e-38, 2.11008e-41, 0, 0, 0.303768, 1.07564e-35, 0, 66.5733, 0.977, 8.76532e-07, 271.77
6541, 3.86885e-31, 0.303396, 0.00084961, 0, 4.20053e-40, 5.11474e-43, 0, 0, 0.304246, 3.40097e-37, 0, 70.0272, 0.977, 8.75965e-07, 271.807
6542, 5.89721e-33, 0.30403, 0.000515389, 0, 7.09758e-42, 5.60519e-45, 0, 0, 0.304545, 5.18308e-39, 0, 74.2108, 0.977, 8.75509e-07, 271.824
6543, 4.31196e-35, 0.303932, 0.000680213, 0, 5.88545e-44, 0, 0, 0, 0.304613, 3.78827e-41, 0, 79.1291, 0.977, 8.75218e-07, 271.815
6544, 1.50085e-37, 0.303541, 0.00104595, 0, 0, 0, 0, 0, 0.304587, 1.30321e-43, 0, 84.7896, 0.977, 8.74633e-07, 271.797
6545, 2.46196e-40, 0.303535, 0.00114847, 0, 0, 0, 0, 0, 0.304684, 0, 0, 91.2024, 0.977, 8.73672e-07, 271.791
6546, 1.89175e-43, 0.304095, 0.000864398, 0, 0, 0, 0, 0, 0.304959, 0, 0, 98.3737, 0.977, 8.72873e-07, 271.806
6547, 0, 0.304707, 0.000544912, 0, 0, 0, 0, 0, 0.305252, 0, 0, 99.99, 0.977, 8.72239e-07, 271.822
6548, 0, 0.304759, 0.000607578, 0, 0, 0, 0, 0, 0.305367, 0, 0, 99.99, 0.977, 8.71456e-07, 271.819
6549, 0, 0.304295, 0.00102288, 0, 0, 0, 0, 0, 0.305318, 0, 0, 99.99, 0.977, 8.7083e-07, 271.798
6550, 0, 0.303882, 0.00140382, 0, 0, 0, 0, 0, 0.305285, 0, 0, 99.99, 0.977, 8.70218e-07, 271.778
6551, 0, 0.303917, 0.00147766, 0, 0, 0, 0, 0, 0.305395, 0, 0, 99.99, 0.977, 8.69424e-07, 271.775
6552, 0, 0.304407, 0.00124136, 0, 0, 0, 0, 0, 0.305649, 0, 0, 99.99, 0.977, 8.69221e-07, 271.787
6553, 0, 0.305144, 0.000836782, 0, 0, 0, 0, 0, 0.30598, 0, 0, 99.99, 0.977, 8.69649e-07, 271.807
6554, 0, 0.305865, 0.000442478, 0, 0, 0, 0, 0, 0.306307, 0, 0, 99.99, 0.977, 8.69706e-07, 271.828
6555, 0, 0.306345, 0.000212605, 0, 0, 0, 0, 0, 0.306557, 0, 0, 99.99, 0.977, 8.69125e-07, 271.839
6556, 0, 0.30651, 0.000198408, 0, 0, 0, 0, 0, 0.306708, 0, 0, 99.99, 0.977, 8.68153e-07, 271.84
6557, 0, 0.30649, 0.000310391, 0, 0, 0, 0, 0, 0.3068, 0, 0, 99.99, 0.977, 8.67293e-07, 271.834
6558, 0, 0.306348, 0.000505768, 0, 0, 0, 0, 0, 0.306854, 0, 0, 99.99, 0.977, 8.66785e-07, 271.824
6559, 0, 0.305969, 0.000862833, 0, 0, 0, 0, 0, 0.306832, 0, 0, 99.99, 0.977, 8.66033e-07, 271.806
6560, 0, 0.30554, 0.00125427, 0, 0, 0, 0, 0, 0.306794, 0, 0, 99.99, 0.977, 8.65161e-07, 271.786
6561, 0, 0.305447, 0.00141636, 0, 0, 0, 0, 0, 0.306863, 0, 0, 99.99, 0.977, 8.64318e-07, 271.778
6562, 0, 0.305821, 0.00125872, 0, 0, 0, 0, 0, 0.30708, 0, 0, 99.99, 0.977, 8.6218e-07, 271.786
6563, 0, 0.306412, 0.000953655, 0, 0, 0, 0, 0, 0.307365, 0, 0, 99.99, 0.977, 8.55633e-07, 271.802
6564, 0, 0.306862, 0.000744194, 0, 0, 0, 0, 0, 0.307606, 0, 0, 99.99, 0.977, 8.44952e-07, 271.812
6565, 0, 0.307254, 0.000574739, 0, 0, 0, 0, 0, 0.307829, 0, 0, 99.99, 0.977, 8.42727e-07, 271.821
6566, 0, 0.307727, 0.000349736, 0, 0, 0, 0, 0, 0.308077, 0, 0, 99.99, 0.977, 8.52073e-07, 271.832
6567, 0, 0.308116, 0.000182191, 0, 0, 0, 0, 0, 0.308298, 0, 0, 99.99, 0.977, 8.59658e-07, 271.841
6568, 0, 0.30827, 0.000174823, 0, 0, 0, 0, 0, 0.308445, 0, 0, 99.99, 0.977, 8.61743e-07, 271.841
6569, 0, 0.308266, 0.000276385, 0, 0, 0, 0, 0, 0.308542, 0, 0, 99.99, 0.977, 8.61722e-07, 271.836
6570, 0, 0.308312, 0.000343066, 0, 0, 0, 0, 0, 0.308655, 0, 0, 99.99, 0.977, 8.61142e-07, 271.833
6571, 0, 0.308527, 0.000294062, 0, 0, 0, 0, 0, 0.308821, 0, 0, 99.99, 0.977, 8.60469e-07, 271.835
6572, 0, 0.308844, 0.000175564, 0, 0, 0, 0, 0, 0.30902, 0, 0, 99.99, 0.977, 8.59793e-07, 271.841
6573, 0, 0.309117, 8.76018e-05, 0, 0, 0, 0, 0, 0.309204, 0, 0, 99.99, 0.977, 8.58463e-07, 271.846
6574, 0, 0.309252, 9.31146e-05, 0, 0, 0, 0, 0, 0.309345, 0, 0, 99.99, 0.977, 8.56898e-07, 271.845
6575, 0, 0.309272, 0.000177945, 0, 0, 0, 0, 0, 0.30945, 0, 0, 99.99, 0.977, 8.56536e-07, 271.841
6576, 0, 0.309304, 0.000254091, 0, 0, 0, 0, 0, 0.309558, 0, 0, 99.99, 0.977, 8.57125e-07, 271.837
6577, 0, 0.309465, 0.000242262, 0, 0, 0, 0, 0, 0.309707, 0, 0, 99.99, 0.977, 8.57248e-07, 271.838
6578, 0, 0.309647, 0.000216465, 0, 0, 0, 0, 0, 0.309863, 0, 0, 99.99, 0.977, 8.56695e-07, 271.839
6579, 0, 0.309591, 0.000352679, 0, 0, 0, 0, 0, 0.309944, 0, 0, 99.99, 0.977, 8.55963e-07, 271.832
6580, 0, 0.309255, 0.000680749, 0, 0, 0, 0, 0, 0.309935, 0, 0, 99.99, 0.977, 8.55348e-07, 271.816
6581, 0, 0.308827, 0.00107119, 0, 0, 0, 0, 0, 0.309898, 0, 0, 99.99, 0.977, 8.55223e-07, 271.796
6582, 0, 0.308454, 0.00142414, 0, 0, 0, 0, 0, 0.309878, 0, 0, 99.99, 0.977, 8.55046e-07, 271.778
6583, 0, 0.308213, 0.00168713, 0, 0, 0, 0, 0, 0.3099, 0, 0, 99.99, 0.977, 8.54399e-07, 271.765
6584, 0, 0.308202, 0.00179249, 0, 0, 0, 0, 0, 0.309995, 0, 0, 99.99, 0.977, 8.53836e-07, 271.76
6585, 0, 0.308483, 0.00169892, 0, 0, 0, 0, 0, 0.310182, 0, 0, 99.99, 0.977, 8.53516e-07, 271.764
6586, 0, 0.309051, 0.001409, 0, 0, 0, 0, 0, 0.31046, 0, 0, 99.99, 0.977, 8.52836e-07, 271.779
6587, 0, 0.309831, 0.000973683, 0, 0, 0, 0, 0, 0.310805, 0, 0, 99.99, 0.977, 8.51934e-07, 271.801
6588, 0, 0.310629, 0.000526431, 0, 0, 0, 0, 0, 0.311155, 0, 0, 99.99, 0.977, 8.51522e-07, 271.824
6589, 0, 0.311202, 0.000232626, 0, 0, 0, 0, 0, 0.311435, 0, 0, 99.99, 0.977, 8.51317e-07, 271.838
6590, 0, 0.311475, 0.000144149, 0, 0, 0, 0, 0, 0.311619, 0, 0, 99.99, 0.977, 8.50595e-07, 271.843
6591, 0, 0.311558, 0.000185361, 0, 0, 0, 0, 0, 0.311744, 0, 0, 99.99, 0.977, 8.49736e-07, 271.841
6592, 0, 0.311646, 0.000223395, 0, 0, 0, 0, 0, 0.31187, 0, 0, 99.99, 0.977, 8.49367e-07, 271.839
6593, 0, 0.311793, 0.000221282, 0, 0, 0, 0, 0, 0.312014, 0, 0, 99.99, 0.977, 8.49402e-07, 271.839
6594, 0, 0.311863, 0.000271579, 0, 0, 0, 0, 0, 0.312134, 0, 0, 99.99, 0.977, 8.49311e-07, 271.836
6595, 0, 0.311757, 0.000442144, 0, 0, 0, 0, 0, 0.312199, 0, 0, 99.99, 0.977, 8.48868e-07, 271.828
6596, 0, 0.311448, 0.000751472, 0, 0, 0, 0, 0, 0.312199, 0, 0, 99.99, 0.977, 8.48293e-07, 271.812
6597, 0, 0.311136, 0.00106221, 0, 0, 0, 0, 0, 0.312199, 0, 0, 99.99, 0.977, 8.47717e-07, 271.797
6598, 2.81297e-41, 0.311049, 0.00122016, 0, 0, 0, 0, 0, 0.312269, 0, 0, 93.3717, 0.977, 8.46923e-07, 271.789
6599, 4.03495e-38, 0.311376, 0.00109453, 0, 0, 0, 0, 0, 0.31247, 3.22299e-44, 0, 86.1032, 0.977, 8.45878e-07, 271.795
6600, 2.36905e-35, 0.312005, 0.000762677, 0, 4.2039e-44, 0, 0, 0, 0.312767, 1.98984e-41, 0, 79.728, 0.977, 8.44963e-07, 271.812
6601, 1.77252e-33, 0.312224, 0.000710623, 0, 3.26503e-42, 0, 0, 0, 0.312935, 1.49345e-39, 0, 75.4129, 0.977, 8.4427e-07, 271.814
6602, 5.84788e-32, 0.311585, 0.00124517, 0, 1.07784e-40, 0, 0, 0, 0.31283, 4.9317e-38, 0, 71.9166, 0.977, 8.43301e-07, 271.788
6603, 8.94966e-31, 0.310497, 0.00208628, 0, 1.62333e-39, 0, 0, 0, 0.312584, 7.5492e-37, 0, 69.1885, 0.977, 8.42612e-07, 271.745
6604, 6.38338e-30, 0.309588, 0.00280533, 0, 1.13492e-38, 0, 0, 0, 0.312393, 5.38453e-36, 0, 67.2239, 0.977, 8.42891e-07, 271.709
6605, 2.13988e-29, 0.309099, 0.00323656, 0, 3.74464e-38, 0, 0, 0, 0.312336, 1.80492e-35, 0, 66.0142, 0.977, 8.43353e-07, 271.688
6606, 3.39487e-29, 0.309018, 0.00338977, 0, 5.90395e-38, 0, 0, 0, 0.312408, 2.86318e-35, 0, 65.5527, 0.977, 8.43316e-07, 271.68
6607, 2.55707e-29, 0.309334, 0.00327203, 0, 4.47611e-38, 0, 0, 0, 0.312606, 2.15623e-35, 0, 65.8361, 0.977, 8.42837e-07, 271.686
6608, 9.13837e-30, 0.31004, 0.00288816, 0, 1.63204e-38, 0, 0, 0, 0.312928, 7.70283e-36, 0, 66.8651, 0.977, 8.4203e-07, 271.705
6609, 1.54469e-30, 0.311068, 0.00228423, 0, 2.8487e-39, 0, 0, 0, 0.313352, 1.30066e-36, 0, 68.6427, 0.977, 8.40908e-07, 271.736
6610, 1.23037e-31, 0.312287, 0.00154941, 0, 2.36293e-40, 0, 0, 0, 0.313836, 1.03307e-37, 0, 71.1728, 0.977, 8.40009e-07, 271.773
6611, 4.60329e-33, 0.313458, 0.000846467, 0, 9.23035e-42, 0, 0, 0, 0.314305, 3.83849e-39, 0, 74.4585, 0.977, 8.39948e-07, 271.808
6612, 8.06796e-35, 0.314216, 0.000426638, 0, 1.66755e-43, 0, 0, 0, 0.314642, 6.6266e-41, 0, 78.5026, 0.977, 8.40122e-07, 271.829
6613, 6.60392e-37, 0.314277, 0.000482715, 0, 0, 0, 0, 0, 0.314759, 5.26888e-43, 0, 83.308, 0.977, 8.3988e-07, 271.826
6614, 2.63771e-39, 0.313713, 0.000965747, 0, 0, 0, 0, 0, 0.314679, 2.8026e-45, 0, 88.8309, 0.977, 8.39259e-07, 271.802
6615, 1.07311e-39, 0.312913, 0.00161063, 0, 0, 0, 0, 0, 0.314524, 0, 0, 89.7303, 0.977, 8.38363e-07, 271.77
6616, 4.0846e-39, 0.312275, 0.0021445, 0, 0, 0, 0, 0, 0.31442, 0, 0, 88.3936, 0.977, 8.3768e-07, 271.743
6617, 6.90592e-39, 0.312045, 0.0023994, 0, 0, 0, 0, 0, 0.314445, 0, 0, 87.8684, 0.977, 8.37404e-07, 271.73
6618, 5.15622e-39, 0.312362, 0.00228035, 0, 0, 0, 0, 0, 0.314643, 0, 0, 88.1606, 0.977, 8.36736e-07, 271.736
6619, 1.69373e-39, 0.31322, 0.00179227, 0, 0, 0, 0, 0, 0.315012, 0, 0, 89.2739, 0.977, 8.35592e-07, 271.761
6620, 2.4338e-40, 0.314124, 0.0012725, 0, 0, 0, 0, 0, 0.315396, 0, 0, 91.214, 0.977, 8.35026e-07, 271.787
6621, 1.51929e-41, 0.314528, 0.001094, 0, 0, 0, 0, 0, 0.315622, 0, 0, 93.9877, 0.977, 8.35183e-07, 271.796
6622, 4.09179e-43, 0.314894, 0.000941623, 0, 0, 0, 0, 0, 0.315836, 0, 0, 97.6022, 0.977, 8.3512e-07, 271.803
6623, 4.2039e-45, 0.315542, 0.00059609, 0, 0, 0, 0, 0, 0.316138, 0, 0, 99.99, 0.977, 8.34471e-07, 271.82
6624, 0, 0.315914, 0.000439368, 0, 0, 0, 0, 0, 0.316354, 0, 0, 99.99, 0.977, 8.33616e-07, 271.828
6625, 0, 0.315798, 0.000616509, 0, 0, 0, 0, 0, 0.316415, 0, 0, 99.99, 0.977, 8.33058e-07, 271.819
6626, 0, 0.31571, 0.000774948, 0, 0, 0, 0, 0, 0.316485, 0, 0, 99.99, 0.977, 8.32737e-07, 271.812
6627, 0, 0.316035, 0.000650335, 0, 0, 0, 0, 0, 0.316685, 0, 0, 99.99, 0.977, 8.32431e-07, 271.818
6628, 0, 0.316567, 0.000384354, 0, 0, 0, 0, 0, 0.316951, 0, 0, 99.99, 0.977, 8.32047e-07, 271.831
6629, 0, 0.31692, 0.000240811, 0, 0, 0, 0, 0, 0.31716, 0, 0, 99.99, 0.977, 8.31288e-07, 271.838
6630, 0, 0.317029, 0.000263706, 0, 0, 0, 0, 0, 0.317293, 0, 0, 99.99, 0.977, 8.2981e-07, 271.837
6631, 0, 0.317131, 0.000291994, 0, 0, 0, 0, 0, 0.317423, 0, 0, 99.99, 0.977, 8.28627e-07, 271.836
6632, 0, 0.317332, 0.000251929, 0, 0, 0, 0, 0, 0.317584, 0, 0, 99.99, 0.977, 8.28743e-07, 271.838
6633, 0, 0.317577, 0.000182244, 0, 0, 0, 0, 0, 0.317759, 0, 0, 99.99, 0.977, 8.29208e-07, 271.841
6634, 0, 0.317828, 0.000108108, 0, 0, 0, 0, 0, 0.317936, 0, 0, 99.99, 0.977, 8.2988e-07, 271.845
6635, 0, 0.318045, 5.75273e-05, 0, 0, 0, 0, 0, 0.318102, 0, 0, 99.99, 0.977, 8.31546e-07, 271.847
6636, 0, 0.318198, 5.02582e-05, 0, 0, 0, 0, 0, 0.318249, 0, 0, 99.99, 0.977, 8.29915e-07, 271.848
6637, 0, 0.318293, 8.32174e-05, 0, 0, 0, 0, 0, 0.318376, 0, 0, 99.99, 0.977, 8.19003e-07, 271.846
6638, 0, 0.318353, 0.000140037, 0, 0, 0, 0, 0, 0.318493, 0, 0, 99.99, 0.977, 8.06603e-07, 271.843
6639, 0, 0.318448, 0.000172435, 0, 0, 0, 0, 0, 0.318621, 0, 0, 99.99, 0.977, 8.07453e-07, 271.841
6640, 0, 0.318638, 0.000140529, 0, 0, 0, 0, 0, 0.318778, 0, 0, 99.99, 0.977, 8.17128e-07, 271.843
6641, 0, 0.318865, 8.28749e-05, 0, 0, 0, 0, 0, 0.318948, 0, 0, 99.99, 0.977, 8.23011e-07, 271.846
6642, 0, 0.319022, 7.30174e-05, 0, 0, 0, 0, 0, 0.319095, 0, 0, 99.99, 0.977, 8.24391e-07, 271.846
6643, 0, 0.31905, 0.00015148, 0, 0, 0, 0, 0, 0.319201, 0, 0, 99.99, 0.977, 8.2426e-07, 271.843
6644, 0, 0.318948, 0.000318629, 0, 0, 0, 0, 0, 0.319267, 0, 0, 99.99, 0.977, 8.23666e-07, 271.834
6645, 0, 0.318742, 0.0005577, 0, 0, 0, 0, 0, 0.319299, 0, 0, 99.99, 0.977, 8.2318e-07, 271.823
6646, 3.22299e-44, 0.318458, 0.000849312, 0, 0, 0, 0, 0, 0.319308, 0, 0, 99.99, 0.977, 8.22813e-07, 271.808
6647, 6.54014e-41, 0.31813, 0.00117134, 0, 0, 0, 0, 0, 0.319302, 0, 0, 92.528, 0.977, 8.22343e-07, 271.792
6648, 2.30073e-38, 0.317794, 0.00149885, 0, 0, 0, 0, 0, 0.319293, 1.26117e-44, 0, 86.665, 0.977, 8.21835e-07, 271.776
6649, 1.38568e-36, 0.317452, 0.00182982, 0, 0, 0, 0, 0, 0.319282, 8.60397e-43, 0, 82.5669, 0.977, 8.21017e-07, 271.76
6650, 3.97061e-35, 0.317079, 0.00218256, 0, 1.4013e-45, 0, 0, 0, 0.319262, 2.60501e-41, 0, 79.2116, 0.977, 8.20487e-07, 271.742
6651, 5.4425e-34, 0.316701, 0.0025383, 0, 1.03696e-43, 0, 0, 0, 0.319239, 3.63261e-40, 0, 76.5937, 0.977, 8.20376e-07, 271.725
6652, 4.15892e-33, 0.316384, 0.00285241, 0, 3.16693e-42, 0, 0, 0, 0.319236, 2.84548e-39, 0, 74.5601, 0.977, 8.19993e-07, 271.709
6653, 2.35219e-32, 0.316186, 0.00308496, 0, 4.11421e-41, 0, 0, 0, 0.319271, 1.73407e-38, 0, 72.8274, 0.977, 8.19695e-07, 271.698
6654, 9.72058e-32, 0.316143, 0.00321149, 0, 2.28421e-40, 0, 0, 0, 0.319355, 7.59568e-38, 0, 71.4085, 0.977, 8.19564e-07, 271.691
6655, 2.1847e-31, 0.316269, 0.00322275, 0, 5.4505e-40, 0, 0, 0, 0.319492, 1.73029e-37, 0, 70.5987, 0.977, 8.19196e-07, 271.691
6656, 2.28131e-31, 0.316769, 0.00297864, 0, 5.61537e-40, 0, 0, 0, 0.319748, 1.78521e-37, 0, 70.5554, 0.977, 8.18473e-07, 271.703
6657, 1.06204e-31, 0.317893, 0.00230795, 0, 2.50397e-40, 0, 0, 0, 0.320201, 8.07006e-38, 0, 71.3199, 0.977, 8.17603e-07, 271.736
6658, 2.18711e-32, 0.319128, 0.00156161, 0, 4.83336e-41, 0, 0, 0, 0.320689, 1.58416e-38, 0, 72.9001, 0.977, 8.1693e-07, 271.773
6659, 2.48021e-33, 0.319392, 0.00147828, 0, 4.80786e-42, 0, 0, 0, 0.32087, 1.68467e-39, 0, 75.077, 0.977, 8.16417e-07, 271.777
6660, 7.02674e-33, 0.318802, 0.00197937, 0, 1.18284e-41, 0, 0, 0, 0.320781, 4.60076e-39, 0, 74.0356, 0.977, 8.15924e-07, 271.753
6661, 4.16204e-32, 0.318352, 0.00238405, 0, 7.46962e-41, 0, 0, 0, 0.320736, 2.49868e-38, 0, 72.2567, 0.977, 8.15474e-07, 271.733
6662, 1.0712e-31, 0.318099, 0.00265463, 0, 2.06624e-40, 0, 0, 0, 0.320753, 5.71919e-38, 0, 71.3114, 0.977, 8.1522e-07, 271.719
6663, 1.1904e-31, 0.318114, 0.00274119, 0, 2.47444e-40, 0, 0, 0, 0.320856, 5.4603e-38, 0, 71.2058, 0.977, 8.14982e-07, 271.715
6664, 5.72954e-32, 0.31863, 0.00248646, 0, 1.27993e-40, 0, 0, 0, 0.321116, 2.1744e-38, 0, 71.9371, 0.977, 8.14453e-07, 271.728
6665, 1.19508e-32, 0.319159, 0.00222252, 0, 2.84688e-41, 0, 0, 0, 0.321381, 3.61086e-39, 0, 73.5045, 0.977, 8.13867e-07, 271.741
6666, 1.07805e-33, 0.319508, 0.00208116, 0, 2.70731e-42, 0, 0, 0, 0.321589, 2.49975e-40, 0, 75.9102, 0.977, 8.13595e-07, 271.748
6667, 4.18974e-35, 0.319821, 0.00196442, 0, 1.09301e-43, 0, 0, 0, 0.321786, 7.21248e-42, 0, 79.1578, 0.977, 8.13356e-07, 271.754
6668, 6.98339e-37, 0.320379, 0.00168006, 0, 1.4013e-45, 0, 0, 0, 0.32206, 8.68805e-44, 0, 83.2521, 0.977, 8.12927e-07, 271.768
6669, 4.97226e-39, 0.321238, 0.00119014, 0, 0, 0, 0, 0, 0.322428, 0, 0, 88.1969, 0.977, 8.12282e-07, 271.792
6670, 1.512e-41, 0.32213, 0.000676996, 0, 0, 0, 0, 0, 0.322807, 0, 0, 93.9926, 0.977, 8.11651e-07, 271.817
6671, 1.96182e-44, 0.322801, 0.000315571, 0, 0, 0, 0, 0, 0.323116, 0, 0, 99.99, 0.977, 8.11315e-07, 271.835
6672, 0, 0.323099, 0.000209028, 0, 0, 0, 0, 0, 0.323308, 0, 0, 99.99, 0.977, 8.10862e-07, 271.84
6673, 0, 0.322998, 0.000375648, 0, 0, 0, 0, 0, 0.323373, 0, 0, 99.99, 0.977, 8.09955e-07, 271.832
6674, 0, 0.322606, 0.000741388, 0, 0, 0, 0, 0, 0.323347, 0, 0, 99.99, 0.977, 8.08915e-07, 271.814
6675, 0, 0.322126, 0.00116695, 0, 0, 0, 0, 0, 0.323293, 0, 0, 99.99, 0.977, 8.08249e-07, 271.793
6676, 0, 0.321777, 0.00150295, 0, 0, 0, 0, 0, 0.32328, 0, 0, 99.99, 0.977, 8.0817e-07, 271.777
6677, 0, 0.321704, 0.00165052, 0, 0, 0, 0, 0, 0.323354, 0, 0, 99.99, 0.977, 8.0812e-07, 271.769
6678, 0, 0.321949, 0.00157977, 0, 0, 0, 0, 0, 0.323529, 0, 0, 99.99, 0.977, 8.07599e-07, 271.773
6679, 0, 0.322467, 0.0013231, 0, 0, 0, 0, 0, 0.32379, 0, 0, 99.99, 0.977, 8.0696e-07, 271.785
6680, 0, 0.323141, 0.000958913, 0, 0, 0, 0, 0, 0.3241, 0, 0, 99.99, 0.977, 8.06708e-07, 271.803
6681, 0, 0.323831, 0.000584192, 0, 0, 0, 0, 0, 0.324415, 0, 0, 99.99, 0.977, 8.06554e-07, 271.822
6682, 0, 0.324405, 0.000288023, 0, 0, 0, 0, 0, 0.324693, 0, 0, 99.99, 0.977, 8.06184e-07, 271.836
6683, 0, 0.324771, 0.000134828, 0, 0, 0, 0, 0, 0.324906, 0, 0, 99.99, 0.977, 8.05624e-07, 271.843
6684, 1.4013e-45, 0.32488, 0.000157697, 0, 0, 0, 0, 0, 0.325038, 0, 0, 99.99, 0.977, 8.04994e-07, 271.842
6685, 2.40998e-37, 0.32473, 0.000357354, 0, 0, 0, 0, 0, 0.325088, 1.93379e-43, 0, 84.316, 0.977, 8.04604e-07, 271.833
6686, 7.67617e-34, 0.324355, 0.000711823, 0, 6.20775e-43, 1.4013e-45, 0, 0, 0.325066, 6.15463e-40, 0, 76.2498, 0.977, 8.04229e-07, 271.815
6687, 3.96248e-31, 0.323802, 0.00118754, 0, 1.77207e-40, 1.14906e-42, 0, 0, 0.324989, 3.16869e-37, 0, 70.0033, 0.977, 8.03545e-07, 271.792
6688, 9.06014e-29, 0.323137, 0.00173912, 0, 2.5285e-38, 2.81531e-40, 0, 0, 0.324877, 7.24972e-35, 0, 64.5711, 0.977, 8.0289e-07, 271.765
6689, 6.48893e-27, 0.322427, 0.00232199, 0, 1.42386e-36, 2.04854e-38, 0, 0, 0.324749, 5.1938e-33, 0, 60.2997, 0.977, 8.0243e-07, 271.737
6690, 2.50954e-25, 0.321712, 0.00290793, 0, 4.52507e-35, 7.98571e-37, 0, 0, 0.32462, 2.00904e-31, 0, 56.6445, 0.977, 8.01899e-07, 271.708
6691, 5.36265e-24, 0.321029, 0.0034713, 0, 8.22043e-34, 1.71501e-35, 0, 0, 0.3245, 4.29324e-30, 0, 53.5826, 0.977, 8.014e-07, 271.681
6692, 6.32068e-23, 0.320422, 0.00398272, 0, 8.53075e-33, 2.02845e-34, 0, 0, 0.324405, 5.05981e-29, 0, 51.1156, 0.977, 8.00897e-07, 271.656
6693, 4.0032e-22, 0.319927, 0.00441726, 0, 4.93793e-32, 1.28766e-33, 0, 0, 0.324345, 3.20424e-28, 0, 49.2698, 0.977, 8.00497e-07, 271.634
6694, 1.31768e-21, 0.319598, 0.00473854, 0, 1.53669e-31, 4.24377e-33, 0, 0, 0.324337, 1.05457e-27, 0, 48.0784, 0.977, 8.00406e-07, 271.619
6695, 2.18424e-21, 0.319542, 0.00487386, 0, 2.47625e-31, 7.03707e-33, 0, 0, 0.324416, 1.74791e-27, 0, 47.573, 0.977, 8.0023e-07, 271.612
6696, 1.82269e-21, 0.319779, 0.00480877, 0, 2.0591e-31, 5.8676e-33, 0, 0, 0.324588, 1.45835e-27, 0, 47.754, 0.977, 7.99841e-07, 271.615
6697, 1.06596e-21, 0.320028, 0.00473621, 0, 1.22809e-31, 3.42119e-33, 0, 0, 0.324764, 8.52183e-28, 0, 48.2904, 0.977, 7.99365e-07, 271.619
6698, 1.36809e-21, 0.320078, 0.00479903, 0, 1.54841e-31, 4.38664e-33, 0, 0, 0.324877, 1.0922e-27, 0, 48.0409, 0.977, 7.98807e-07, 271.616
6699, 1.98098e-21, 0.320137, 0.00485548, 0, 2.20597e-31, 6.35505e-33, 0, 0, 0.324992, 1.58102e-27, 0, 47.6707, 0.977, 7.98077e-07, 271.613
6700, 1.47317e-21, 0.320497, 0.00470652, 0, 1.65399e-31, 4.72306e-33, 0, 0, 0.325204, 1.17565e-27, 0, 47.9669, 0.977, 7.97147e-07, 271.621
6701, 5.14077e-22, 0.321181, 0.00433695, 0, 5.92887e-32, 1.64582e-33, 0, 0, 0.325518, 4.10233e-28, 0, 49.0197, 0.977, 7.96257e-07, 271.639
6702, 8.41028e-23, 0.32208, 0.00382011, 0, 1.01542e-32, 2.68685e-34, 0, 0, 0.3259, 6.71077e-29, 0, 50.83, 0.977, 7.9559e-07, 271.664
6703, 6.50392e-24, 0.323214, 0.00314177, 0, 8.40973e-34, 2.07183e-35, 0, 0, 0.326356, 5.18872e-30, 0, 53.3896, 0.977, 7.95209e-07, 271.697
6704, 2.40558e-25, 0.324586, 0.0023008, 0, 3.44807e-35, 7.63205e-37, 0, 0, 0.326887, 1.91854e-31, 0, 56.6868, 0.977, 7.95097e-07, 271.738
6705, 4.35901e-27, 0.325992, 0.00143622, 0, 7.42992e-37, 1.37318e-38, 0, 0, 0.327428, 3.47485e-33, 0, 60.6976, 0.977, 7.94879e-07, 271.781
6706, 4.13814e-29, 0.327119, 0.000761754, 0, 9.58132e-39, 1.2809e-40, 0, 0, 0.327881, 3.29659e-35, 0, 65.3547, 0.977, 7.94601e-07, 271.813
6707, 2.37065e-31, 0.327836, 0.000368114, 0, 8.29443e-41, 7.03452e-43, 0, 0, 0.328204, 1.88703e-37, 0, 70.517, 0.977, 7.94421e-07, 271.832
6708, 9.08321e-34, 0.328113, 0.000275492, 0, 4.45613e-43, 1.4013e-45, 0, 0, 0.328389, 7.22567e-40, 0, 76.0815, 0.977, 7.94045e-07, 271.837
6709, 2.09306e-36, 0.328061, 0.000408576, 0, 0, 0, 0, 0, 0.328469, 1.66334e-42, 0, 82.1544, 0.977, 7.93351e-07, 271.83
6710, 2.45066e-39, 0.328058, 0.000507514, 0, 0, 0, 0, 0, 0.328565, 1.4013e-45, 0, 88.9045, 0.977, 7.92648e-07, 271.826
6711, 1.33684e-42, 0.32834, 0.000411271, 0, 0, 0, 0, 0, 0.328751, 0, 0, 96.4183, 0.977, 7.92135e-07, 271.83
6712, 0, 0.328661, 0.000288578, 0, 0, 0, 0, 0, 0.328949, 0, 0, 99.99, 0.977, 7.91736e-07, 271.836
6713, 0, 0.328768, 0.000311928, 0, 0, 0, 0, 0, 0.32908, 0, 0, 99.99, 0.977, 7.91496e-07, 271.835
6714, 0, 0.328801, 0.000386372, 0, 0, 0, 0, 0, 0.329187, 0, 0, 99.99, 0.977, 7.91228e-07, 271.831
6715, 1.4013e-45, 0.328772, 0.000503379, 0, 0, 0, 0, 0, 0.329275, 0, 0, 99.99, 0.977, 7.90709e-07, 271.826
6716, 2.24208e-44, 0.328343, 0.000893987, 0, 0, 0, 0, 0, 0.329237, 0, 0, 99.99, 0.977, 7.89973e-07, 271.807
6717, 1.12104e-43, 0.327509, 0.00156136, 0, 0, 0, 0, 0, 0.329071, 0, 0, 98.8969, 0.977, 7.89422e-07, 271.775
6718, 2.39622e-43, 0.32689, 0.0020818, 0, 0, 0, 0, 0, 0.328972, 0, 0, 98.1373, 0.977, 7.89076e-07, 271.75
6719, 2.21405e-43, 0.326951, 0.0021369, 0, 0, 0, 0, 0, 0.329088, 0, 0, 98.2163, 0.977, 7.88362e-07, 271.747
6720, 8.82818e-44, 0.327631, 0.00176894, 0, 0, 0, 0, 0, 0.3294, 0, 0, 99.1358, 0.977, 7.87235e-07, 271.765
6721, 1.54143e-44, 0.328623, 0.00118674, 0, 0, 0, 0, 0, 0.329809, 0, 0, 99.99, 0.977, 7.86109e-07, 271.793
6722, 0, 0.329576, 0.000630526, 0, 0, 0, 0, 0, 0.330207, 0, 0, 99.99, 0.977, 7.83465e-07, 271.82
6723, 0, 0.330177, 0.000315888, 0, 0, 0, 0, 0, 0.330493, 0, 0, 99.99, 0.977, 7.75632e-07, 271.835
6724, 3.79858e-39, 0.330239, 0.000370563, 0, 0, 0, 0, 0, 0.330609, 2.8026e-45, 0, 88.4662, 0.977, 7.65875e-07, 271.832
6725, 1.59793e-28, 0.329783, 0.000779866, 0, 1.89937e-38, 5.03576e-40, 0, 0, 0.330563, 1.25076e-34, 0, 64.0037, 0.977, 7.66706e-07, 271.813
6726, 5.65495e-24, 0.329087, 0.00135297, 0, 1.72782e-34, 1.87338e-35, 0, 0, 0.33044, 4.41421e-30, 0, 53.5295, 0.977, 7.75974e-07, 271.785
6727, 5.71867e-22, 0.328678, 0.00172977, 0, 1.57854e-32, 1.90458e-33, 0, 0, 0.330408, 4.46121e-28, 0, 48.9131, 0.977, 7.81813e-07, 271.767
6728, 3.20124e-20, 0.328745, 0.00178032, 0, 8.07375e-31, 1.07029e-31, 0, 0, 0.330525, 2.49646e-26, 0, 44.8882, 0.977, 7.83401e-07, 271.764
6729, 8.38652e-19, 0.328296, 0.00218401, 0, 1.97036e-29, 2.81356e-30, 0, 0, 0.33048, 6.53982e-25, 0, 41.6225, 0.977, 7.83656e-07, 271.745
6730, 1.06046e-17, 0.326574, 0.00345689, 0, 2.32246e-28, 3.57467e-29, 0, 0, 0.330031, 8.27158e-24, 1.68436e-42, 39.0852, 0.977, 7.83279e-07, 271.683
6731, 7.87434e-17, 0.324522, 0.00495498, 0, 1.45499e-27, 2.69501e-28, 0, 0, 0.329477, 6.14671e-23, 1.1754e-40, 37.0803, 0.977, 7.82294e-07, 271.611
6732, 6.94707e-16, 0.323174, 0.00597175, 0, 8.41275e-27, 2.45135e-27, 0, 0, 0.329146, 5.42816e-22, 3.84929e-39, 34.903, 0.977, 7.81404e-07, 271.561
6733, 6.85853e-15, 0.322654, 0.00642245, 0, 6.58078e-26, 2.44996e-26, 0, 0, 0.329077, 5.35976e-21, 7.2337e-38, 32.6133, 0.977, 7.81416e-07, 271.539
6734, 4.18847e-14, 0.322289, 0.00676744, 0, 3.72375e-25, 1.50302e-25, 0, 0, 0.329056, 3.27249e-20, 8.56501e-37, 30.8039, 0.977, 7.81714e-07, 271.522
6735, 1.53833e-13, 0.321479, 0.00741513, 0, 1.27584e-24, 5.55679e-25, 0, 0, 0.328894, 1.20144e-19, 8.32823e-36, 29.5029, 0.977, 7.81583e-07, 271.491
6736, 3.76539e-13, 0.320681, 0.00805429, 0, 2.89495e-24, 1.37446e-24, 0, 0, 0.328735, 2.93932e-19, 1.69928e-34, 28.6078, 0.977, 7.81178e-07, 271.459
6737, 8.37343e-13, 0.320412, 0.00833379, 0, 5.39164e-24, 3.18195e-24, 0, 0, 0.328745, 6.52934e-19, 4.1283e-33, 27.8085, 0.977, 7.80699e-07, 271.446
6738, 3.71158e-12, 0.320505, 0.00836595, 0, 1.79906e-23, 1.50516e-23, 0, 0, 0.328871, 2.89018e-18, 5.32058e-32, 26.3196, 0.977, 7.80163e-07, 271.444
6739, 1.68623e-11, 0.320237, 0.00864441, 0, 7.48868e-23, 7.01976e-23, 0, 0, 0.328881, 1.31256e-17, 3.35947e-31, 24.8059, 0.977, 7.79468e-07, 271.431
6740, 4.41363e-11, 0.319381, 0.00932212, 0, 1.91015e-22, 1.86175e-22, 0, 0, 0.328703, 3.43542e-17, 1.05221e-30, 23.8437, 0.977, 7.78816e-07, 271.397
6741, 6.54343e-11, 0.318782, 0.00982489, 0, 2.80973e-22, 2.77778e-22, 0, 0, 0.328607, 5.09362e-17, 1.68167e-30, 23.45, 0.977, 7.78521e-07, 271.372
6742, 6.33202e-11, 0.318807, 0.00990383, 0, 2.74574e-22, 2.68585e-22, 0, 0, 0.328711, 4.92909e-17, 1.51709e-30, 23.4828, 0.977, 7.78401e-07, 271.369
6743, 5.09735e-11, 0.319169, 0.009754, 0, 2.25498e-22, 2.15109e-22, 0, 0, 0.328923, 3.96696e-17, 9.99555e-31, 23.6997, 0.977, 7.7811e-07, 271.376
6744, 3.38389e-11, 0.319957, 0.00931435, 0, 1.5266e-22, 1.42021e-22, 0, 0, 0.329272, 2.63269e-17, 5.46277e-31, 24.1094, 0.977, 7.77608e-07, 271.398
6745, 1.42632e-11, 0.321227, 0.00854736, 0, 6.60763e-23, 5.94285e-23, 0, 0, 0.329774, 1.10946e-17, 1.91436e-31, 24.9733, 0.977, 7.76891e-07, 271.436
6746, 3.28872e-12, 0.322718, 0.00762883, 0, 1.59738e-23, 1.35542e-23, 0, 0, 0.330347, 2.5576e-18, 3.48184e-32, 26.4405, 0.977, 7.762e-07, 271.481
6747, 4.14812e-13, 0.324743, 0.00634481, 0, 2.2528e-24, 1.67649e-24, 0, 0, 0.331088, 3.22461e-19, 3.07473e-33, 28.511, 0.977, 7.75841e-07, 271.544
6748, 3.50529e-14, 0.327364, 0.00465317, 0, 2.43432e-25, 1.35945e-25, 0, 0, 0.332017, 2.72214e-20, 1.29285e-34, 30.9819, 0.977, 7.75457e-07, 271.626
6749, 2.6297e-15, 0.329855, 0.00304772, 0, 2.31633e-26, 9.7361e-27, 0, 0, 0.332903, 2.04014e-21, 2.56359e-36, 33.5719, 0.977, 7.74858e-07, 271.704
6750, 1.4203e-16, 0.331818, 0.00180219, 0, 1.38626e-27, 5.15254e-28, 0, 0, 0.33362, 1.1017e-22, 2.41151e-38, 36.4905, 0.977, 7.74283e-07, 271.764
6751, 5.1569e-18, 0.332724, 0.00127845, 0, 5.7252e-29, 1.84591e-29, 0, 0, 0.334002, 3.99624e-24, 1.86332e-40, 39.8062, 0.977, 7.73859e-07, 271.789
6752, 8.15922e-17, 0.331825, 0.00198954, 0, 6.56459e-28, 3.05139e-28, 0, 0, 0.333815, 6.297e-23, 6.16792e-38, 37.0448, 0.977, 7.73503e-07, 271.755
6753, 3.19148e-15, 0.329535, 0.00365184, 0, 2.04641e-26, 1.22269e-26, 0, 0, 0.333187, 2.46291e-21, 4.01415e-36, 33.3783, 0.977, 7.73128e-07, 271.675
6754, 6.62631e-14, 0.327166, 0.00536594, 0, 3.85303e-25, 2.5802e-25, 0, 0, 0.332532, 5.11313e-20, 1.29542e-34, 30.3451, 0.977, 7.72709e-07, 271.592
6755, 7.05163e-13, 0.325482, 0.00661119, 0, 3.83729e-24, 2.78606e-24, 0, 0, 0.332093, 5.44048e-19, 2.09168e-33, 27.9803, 0.977, 7.72163e-07, 271.532
6756, 4.00527e-12, 0.32406, 0.00767517, 0, 2.05824e-23, 1.6044e-23, 0, 0, 0.331736, 3.08948e-18, 1.75979e-32, 26.2434, 0.977, 7.71724e-07, 271.48
6757, 1.30008e-11, 0.322647, 0.00873275, 0, 6.35916e-23, 5.27225e-23, 0, 0, 0.33138, 1.00254e-17, 8.05858e-32, 25.066, 0.977, 7.7146e-07, 271.429
6758, 2.61275e-11, 0.321747, 0.00944089, 0, 1.23173e-22, 1.06938e-22, 0, 0, 0.331188, 2.01405e-17, 2.09104e-31, 24.368, 0.977, 7.71094e-07, 271.394
6759, 3.48165e-11, 0.32149, 0.00971118, 0, 1.61183e-22, 1.43071e-22, 0, 0, 0.331201, 2.68247e-17, 3.15617e-31, 24.0809, 0.977, 7.70496e-07, 271.381
6760, 3.21523e-11, 0.321655, 0.00969519, 0, 1.49774e-22, 1.31689e-22, 0, 0, 0.33135, 2.47567e-17, 2.79144e-31, 24.1605, 0.977, 7.69732e-07, 271.382
6761, 2.20912e-11, 0.322034, 0.00953326, 0, 1.06543e-22, 8.94085e-23, 0, 0, 0.331567, 1.69977e-17, 1.46875e-31, 24.5358, 0.977, 7.68954e-07, 271.39
6762, 1.29849e-11, 0.322521, 0.00929799, 0, 6.62039e-23, 5.16572e-23, 0, 0, 0.331819, 9.98264e-18, 5.1011e-32, 25.0672, 0.977, 7.68302e-07, 271.402
6763, 6.68379e-12, 0.323205, 0.00892872, 0, 3.6167e-23, 2.61872e-23, 0, 0, 0.332134, 5.13455e-18, 1.4235e-32, 25.7313, 0.977, 7.6797e-07, 271.42
6764, 2.59836e-12, 0.324201, 0.00834711, 0, 1.50496e-23, 1.00385e-23, 0, 0, 0.332548, 1.99528e-18, 3.17002e-33, 26.6761, 0.977, 7.6788e-07, 271.449
6765, 6.82043e-13, 0.325391, 0.00763314, 0, 4.29445e-24, 2.59575e-24, 0, 0, 0.333024, 5.23742e-19, 4.59526e-34, 28.0137, 0.977, 7.67566e-07, 271.484
6766, 1.13479e-13, 0.326516, 0.00696274, 0, 7.88112e-25, 4.2534e-25, 0, 0, 0.333479, 8.71547e-20, 3.87961e-35, 29.8072, 0.977, 7.66862e-07, 271.516
6767, 1.14452e-14, 0.327682, 0.00626393, 0, 9.10533e-26, 4.21992e-26, 0, 0, 0.333946, 8.79044e-21, 1.85464e-36, 32.1012, 0.977, 7.65846e-07, 271.55
6768, 7.47413e-16, 0.329142, 0.00536408, 0, 7.71502e-27, 2.68679e-27, 0, 0, 0.334506, 5.73857e-22, 4.91886e-38, 34.8299, 0.977, 7.64586e-07, 271.594
6769, 4.15757e-17, 0.330847, 0.00429581, 0, 6.12667e-28, 1.43988e-28, 0, 0, 0.335142, 3.18971e-23, 6.99462e-40, 37.719, 0.977, 7.62358e-07, 271.645
6770, 2.04706e-18, 0.332643, 0.00316411, 0, 3.78655e-29, 6.91313e-30, 0, 0, 0.335807, 1.56949e-24, 5.11614e-42, 40.7301, 0.977, 7.56807e-07, 271.7
6771, 6.34821e-20, 0.334429, 0.00203803, 0, 1.34126e-30, 2.11939e-31, 0, 0, 0.336467, 4.86508e-26, 1.82169e-44, 44.2035, 0.977, 7.47126e-07, 271.753
6772, 1.02482e-21, 0.336004, 0.00105578, 0, 2.44296e-32, 3.39396e-33, 0, 0, 0.33706, 7.85063e-28, 0, 48.3298, 0.977, 7.41717e-07, 271.8
6773, 8.21207e-24, 0.337052, 0.000434031, 0, 2.23273e-34, 2.69832e-35, 0, 0, 0.337486, 6.28803e-30, 0, 53.1564, 0.977, 7.47601e-07, 271.829
6774, 3.2241e-26, 0.337449, 0.000258417, 0, 1.01774e-36, 1.0507e-37, 0, 0, 0.337707, 2.46763e-32, 0, 58.6966, 0.977, 7.56049e-07, 271.838
6775, 6.16504e-29, 0.337246, 0.000493728, 0, 2.31835e-39, 1.9916e-40, 0, 0, 0.33774, 4.71682e-35, 0, 64.9561, 0.977, 7.59968e-07, 271.827
6776, 5.74468e-32, 0.336525, 0.00108444, 0, 2.66107e-42, 1.82169e-43, 0, 0, 0.337609, 4.39409e-38, 0, 71.9344, 0.977, 7.61005e-07, 271.799
6777, 2.66406e-35, 0.335574, 0.00183149, 0, 0, 0, 0, 0, 0.337406, 2.01086e-41, 0, 79.6106, 0.977, 7.61189e-07, 271.763
6778, 1.49186e-36, 0.334801, 0.00245693, 0, 0, 0, 0, 0, 0.337258, 4.2039e-45, 0, 82.493, 0.977, 7.61065e-07, 271.734
6779, 2.85377e-36, 0.334474, 0.00277719, 0, 0, 0, 0, 0, 0.337251, 0, 0, 81.8444, 0.977, 7.60914e-07, 271.719
6780, 2.47123e-36, 0.334679, 0.00273293, 0, 0, 0, 0, 0, 0.337412, 0, 0, 81.9883, 0.977, 7.60629e-07, 271.721
6781, 9.65454e-37, 0.335398, 0.00233689, 0, 0, 0, 0, 0, 0.337735, 0, 0, 82.9282, 0.977, 7.60095e-07, 271.74
6782, 1.70197e-37, 0.336443, 0.00171747, 0, 0, 0, 0, 0, 0.33816, 0, 0, 84.6639, 0.977, 7.59775e-07, 271.769
6783, 1.35371e-38, 0.337396, 0.0011608, 0, 0, 0, 0, 0, 0.338557, 0, 0, 87.1954, 0.977, 7.59753e-07, 271.795
6784, 4.85571e-40, 0.338114, 0.000765081, 0, 0, 0, 0, 0, 0.338879, 0, 0, 90.5232, 0.977, 7.59601e-07, 271.814
6785, 7.84727e-42, 0.338745, 0.000428115, 0, 0, 0, 0, 0, 0.339174, 0, 0, 94.6484, 0.977, 7.5921e-07, 271.83
6786, 5.60519e-44, 0.339207, 0.000207519, 0, 0, 0, 0, 0, 0.339415, 0, 0, 99.59, 0.977, 7.58679e-07, 271.84
6787, 0, 0.339356, 0.000201967, 0, 0, 0, 0, 0, 0.339558, 0, 0, 99.99, 0.977, 7.58067e-07, 271.841
6788, 0, 0.339247, 0.000372301, 0, 0, 0, 0, 0, 0.33962, 0, 0, 99.99, 0.977, 7.57539e-07, 271.832
6789, 0, 0.339118, 0.000557275, 0, 0, 0, 0, 0, 0.339675, 0, 0, 99.99, 0.977, 7.57161e-07, 271.824
6790, 0, 0.339201, 0.000596187, 0, 0, 0, 0, 0, 0.339797, 0, 0, 99.99, 0.977, 7.56718e-07, 271.822
6791, 0, 0.33954, 0.000459695, 0, 0, 0, 0, 0, 0.34, 0, 0, 99.99, 0.977, 7.56293e-07, 271.828
6792, 0, 0.339973, 0.000259242, 0, 0, 0, 0, 0, 0.340232, 0, 0, 99.99, 0.977, 7.55856e-07, 271.838
6793, 0, 0.340292, 0.000136597, 0, 0, 0, 0, 0, 0.340428, 0, 0, 99.99, 0.977, 7.55341e-07, 271.844
6794, 4.80786e-42, 0.340409, 0.000151911, 0, 0, 0, 0, 0, 0.340561, 0, 0, 95.1383, 0.977, 7.54869e-07, 271.843
6795, 1.41619e-37, 0.340367, 0.000277325, 0, 0, 0, 0, 0, 0.340644, 1.06499e-43, 0, 84.8477, 0.977, 7.5441e-07, 271.837
6796, 9.76173e-33, 0.340101, 0.000555575, 0, 5.7229e-42, 2.10195e-44, 0, 0, 0.340656, 7.34311e-39, 0, 73.7068, 0.977, 7.54098e-07, 271.824
6797, 6.02654e-30, 0.339464, 0.00108778, 0, 1.23706e-39, 1.6817e-41, 0, 0, 0.340552, 4.51994e-36, 0, 67.2814, 0.977, 7.53933e-07, 271.799
6798, 1.99291e-26, 0.338581, 0.00178872, 0, 1.27651e-36, 5.91726e-38, 0, 0, 0.34037, 1.4971e-32, 0, 59.1776, 0.977, 7.53683e-07, 271.766
6799, 3.51238e-24, 0.33768, 0.00250217, 0, 1.73861e-34, 1.05469e-35, 0, 0, 0.340182, 2.63759e-30, 0, 54.0057, 0.977, 7.53301e-07, 271.732
6800, 2.15552e-22, 0.336871, 0.00315163, 0, 9.63495e-33, 6.49661e-34, 0, 0, 0.340022, 1.61825e-28, 0, 49.8888, 0.977, 7.5287e-07, 271.702
6801, 6.30407e-21, 0.336211, 0.00369828, 0, 2.59412e-31, 1.90542e-32, 0, 0, 0.33991, 4.73154e-27, 0, 46.5131, 0.977, 7.5238e-07, 271.676
6802, 9.15889e-20, 0.335625, 0.00419521, 0, 3.43931e-30, 2.78018e-31, 0, 0, 0.33982, 6.87197e-26, 0, 43.837, 0.977, 7.51772e-07, 271.652
6803, 8.71262e-19, 0.334847, 0.00482186, 0, 2.57919e-29, 2.68764e-30, 0, 0, 0.339669, 6.5332e-25, 2.8026e-45, 41.5843, 0.977, 7.51161e-07, 271.622
6804, 1.06349e-17, 0.33398, 0.0055098, 0, 1.97303e-28, 3.37208e-29, 0, 0, 0.33949, 7.97034e-24, 1.90577e-43, 39.0824, 0.977, 7.5061e-07, 271.59
6805, 1.30236e-16, 0.333414, 0.00599178, 0, 1.90428e-27, 4.18156e-28, 0, 0, 0.339406, 9.75982e-23, 6.03539e-42, 36.5772, 0.977, 7.49903e-07, 271.567
6806, 9.65673e-16, 0.332999, 0.00637029, 0, 1.28432e-26, 3.11966e-27, 0, 0, 0.33937, 7.23599e-22, 9.13787e-41, 34.5737, 0.977, 7.49287e-07, 271.549
6807, 4.08738e-15, 0.332411, 0.00686651, 0, 5.07814e-26, 1.32679e-26, 0, 0, 0.339278, 3.06199e-21, 6.80663e-40, 33.1309, 0.977, 7.49122e-07, 271.525
6808, 1.03144e-14, 0.331859, 0.00733852, 0, 1.216e-25, 3.36026e-26, 0, 0, 0.339198, 7.72393e-21, 2.55145e-39, 32.2052, 0.977, 7.4906e-07, 271.503
6809, 1.59757e-14, 0.331638, 0.00758489, 0, 1.83048e-25, 5.21385e-26, 0, 0, 0.339222, 1.19585e-20, 4.84636e-39, 31.7677, 0.977, 7.48716e-07, 271.491
6810, 1.56483e-14, 0.331763, 0.00759504, 0, 1.79868e-25, 5.10337e-26, 0, 0, 0.339358, 1.17094e-20, 4.69241e-39, 31.7884, 0.977, 7.4826e-07, 271.491
6811, 1.07846e-14, 0.332231, 0.0073707, 0, 1.28128e-25, 3.50593e-26, 0, 0, 0.339602, 8.06716e-21, 2.46306e-39, 32.1607, 0.977, 7.47778e-07, 271.501
6812, 5.70136e-15, 0.333359, 0.00669612, 0, 7.04906e-26, 1.84651e-26, 0, 0, 0.340055, 4.26335e-21, 8.33494e-40, 32.7981, 0.977, 7.47221e-07, 271.534
6813, 2.00139e-15, 0.335019, 0.00565836, 0, 2.56096e-26, 6.46259e-27, 0, 0, 0.340677, 1.49628e-21, 2.00826e-40, 33.8449, 0.977, 7.46797e-07, 271.583
6814, 3.87773e-16, 0.335769, 0.00524195, 0, 5.22879e-27, 1.24744e-27, 0, 0, 0.34101, 2.89856e-22, 2.87883e-41, 35.4861, 0.977, 7.46523e-07, 271.603
6815, 4.79012e-17, 0.335374, 0.00560782, 0, 8.27486e-28, 1.51726e-28, 0, 0, 0.340982, 3.57847e-23, 2.01927e-42, 37.5774, 0.977, 7.46116e-07, 271.586
6816, 1.18563e-17, 0.335472, 0.00563671, 0, 3.09772e-28, 3.62833e-29, 0, 0, 0.341109, 8.84585e-24, 6.30584e-44, 38.9737, 0.977, 7.45638e-07, 271.585
6817, 4.03658e-18, 0.336512, 0.0050219, 0, 1.15081e-28, 1.2246e-29, 0, 0, 0.341534, 3.0104e-24, 0, 40.0511, 0.977, 7.45232e-07, 271.614
6818, 7.21318e-19, 0.337551, 0.00440729, 0, 2.13769e-29, 2.18174e-30, 0, 0, 0.341958, 5.37828e-25, 0, 41.7732, 0.977, 7.44752e-07, 271.643
6819, 6.02503e-20, 0.338237, 0.00403416, 0, 1.87168e-30, 1.8167e-31, 0, 0, 0.342271, 4.49154e-26, 0, 44.2558, 0.977, 7.44112e-07, 271.661
6820, 2.34253e-21, 0.339078, 0.00355431, 0, 7.71166e-32, 7.03864e-33, 0, 0, 0.342632, 1.74607e-27, 0, 47.5031, 0.977, 7.43419e-07, 271.684
6821, 4.23375e-23, 0.340236, 0.00285734, 0, 1.49238e-33, 1.26729e-34, 0, 0, 0.343093, 3.15553e-29, 0, 51.5164, 0.977, 7.42877e-07, 271.716
6822, 3.54475e-25, 0.341496, 0.00208938, 0, 1.36924e-35, 1.0566e-36, 0, 0, 0.343586, 2.642e-31, 0, 56.2992, 0.977, 7.42137e-07, 271.752
6823, 1.38694e-27, 0.342685, 0.00137039, 0, 6.92363e-38, 4.10516e-39, 0, 0, 0.344056, 1.03374e-33, 0, 61.8427, 0.977, 7.40099e-07, 271.786
6824, 2.9519e-30, 0.343692, 0.000775792, 0, 3.85548e-40, 8.43021e-42, 0, 0, 0.344468, 2.19974e-36, 0, 67.9951, 0.977, 7.34397e-07, 271.814
6825, 6.93046e-33, 0.344432, 0.000363941, 0, 2.65266e-42, 1.82169e-44, 0, 0, 0.344796, 5.16065e-39, 0, 74.0494, 0.977, 7.24455e-07, 271.833
6826, 2.01129e-35, 0.344846, 0.000175671, 0, 9.80909e-45, 0, 0, 0, 0.345021, 1.49715e-41, 0, 79.8917, 0.977, 7.20098e-07, 271.842
6827, 7.29202e-36, 0.344906, 0.00022975, 0, 8.40779e-45, 0, 0, 0, 0.345136, 5.37958e-42, 0, 80.9063, 0.977, 7.27345e-07, 271.839
6828, 3.0315e-31, 0.344624, 0.000519328, 0, 9.16295e-41, 8.01543e-43, 0, 0, 0.345143, 2.23793e-37, 0, 70.2711, 0.977, 7.35472e-07, 271.826
6829, 5.2978e-28, 0.344039, 0.00101547, 0, 6.83688e-38, 1.46758e-39, 0, 0, 0.345055, 3.9063e-34, 0, 62.8051, 0.977, 7.38581e-07, 271.803
6830, 1.8417e-25, 0.343224, 0.00166958, 0, 1.32572e-35, 5.20894e-37, 0, 0, 0.344894, 1.35668e-31, 0, 56.9539, 0.977, 7.39112e-07, 271.772
6831, 1.14116e-23, 0.342265, 0.0024222, 0, 7.21453e-34, 3.24158e-35, 0, 0, 0.344688, 8.40612e-30, 0, 52.8274, 0.977, 7.38913e-07, 271.737
6832, 3.93177e-22, 0.341245, 0.00321629, 0, 2.17091e-32, 1.12253e-33, 0, 0, 0.344461, 2.8952e-28, 0, 49.2878, 0.977, 7.38509e-07, 271.7
6833, 7.22682e-21, 0.340238, 0.00400044, 0, 3.50657e-31, 2.07351e-32, 0, 0, 0.344239, 5.31978e-27, 0, 46.3765, 0.977, 7.38075e-07, 271.663
6834, 8.10087e-20, 0.339314, 0.00472796, 0, 3.3039e-30, 2.34372e-31, 0, 0, 0.344042, 5.96261e-26, 0, 43.9597, 0.977, 7.37592e-07, 271.629
6835, 7.3431e-19, 0.338543, 0.00534952, 0, 2.30067e-29, 2.15797e-30, 0, 0, 0.343893, 5.40597e-25, 0, 41.7554, 0.977, 7.36962e-07, 271.6
6836, 5.77848e-18, 0.337985, 0.00582615, 0, 1.43611e-28, 1.72277e-29, 0, 0, 0.343811, 4.25469e-24, 0, 39.6924, 0.977, 7.36424e-07, 271.577
6837, 3.08058e-17, 0.337591, 0.00618982, 0, 6.75894e-28, 9.25486e-29, 0, 0, 0.343781, 2.26812e-23, 0, 38.0188, 0.977, 7.36255e-07, 271.56
6838, 9.31081e-17, 0.337283, 0.00649543, 0, 1.92295e-27, 2.80612e-28, 0, 0, 0.343778, 6.85439e-23, 0, 36.9128, 0.977, 7.36242e-07, 271.546
6839, 1.56043e-16, 0.337133, 0.00669323, 0, 3.13757e-27, 4.70585e-28, 0, 0, 0.343826, 1.14851e-22, 0, 36.3964, 0.977, 7.3607e-07, 271.537
6840, 1.82168e-16, 0.337178, 0.00675719, 0, 3.60471e-27, 5.49347e-28, 0, 0, 0.343935, 1.34011e-22, 0, 36.2416, 0.977, 7.35716e-07, 271.534
6841, 2.16692e-16, 0.337272, 0.00678806, 0, 4.21039e-27, 6.54352e-28, 0, 0, 0.34406, 1.59308e-22, 0, 36.0681, 0.977, 7.35274e-07, 271.532
6842, 2.17631e-16, 0.337464, 0.00675203, 0, 4.23711e-27, 6.57689e-28, 0, 0, 0.344216, 1.59943e-22, 0, 36.0637, 0.977, 7.34753e-07, 271.534
6843, 1.34341e-16, 0.337981, 0.0064939, 0, 2.69633e-27, 4.05532e-28, 0, 0, 0.344475, 9.87088e-23, 0, 36.5462, 0.977, 7.34092e-07, 271.546
6844, 4.76542e-17, 0.338846, 0.00599858, 0, 1.01257e-27, 1.43441e-28, 0, 0, 0.344844, 3.50049e-23, 0, 37.5826, 0.977, 7.33504e-07, 271.57
6845, 9.70882e-18, 0.339748, 0.00547715, 0, 2.23003e-28, 2.91017e-29, 0, 0, 0.345226, 7.129e-24, 0, 39.1735, 0.977, 7.33279e-07, 271.595
6846, 1.11573e-18, 0.340484, 0.00506942, 0, 2.80874e-29, 3.32795e-30, 0, 0, 0.345554, 8.18867e-25, 0, 41.337, 0.977, 7.33132e-07, 271.614
6847, 7.00969e-20, 0.341317, 0.00459498, 0, 1.98911e-30, 2.07917e-31, 0, 0, 0.345912, 5.14189e-26, 0, 44.1044, 0.977, 7.32812e-07, 271.636
6848, 2.46891e-21, 0.342422, 0.0039341, 0, 9.08379e-32, 7.25604e-33, 0, 0, 0.346356, 1.81021e-27, 0, 47.4505, 0.977, 7.3238e-07, 271.667
6849, 6.43741e-23, 0.34374, 0.00312709, 0, 4.03056e-33, 1.85255e-34, 0, 0, 0.346867, 4.7191e-29, 0, 51.0973, 0.977, 7.31854e-07, 271.705
6850, 1.75564e-24, 0.345188, 0.00223068, 0, 1.64335e-34, 4.94419e-36, 0, 0, 0.347418, 1.28711e-30, 0, 54.6992, 0.977, 7.31305e-07, 271.747
6851, 3.54586e-26, 0.346612, 0.00134959, 0, 3.92271e-36, 9.89834e-38, 0, 0, 0.347962, 2.59959e-32, 0, 58.6014, 0.977, 7.30907e-07, 271.788
6852, 3.72927e-28, 0.347721, 0.000684453, 0, 4.65287e-38, 1.03586e-39, 0, 0, 0.348405, 2.73388e-34, 0, 63.1562, 0.977, 7.30507e-07, 271.818
6853, 1.88058e-30, 0.348233, 0.000428081, 0, 2.69401e-40, 5.19321e-42, 0, 0, 0.348661, 1.37852e-36, 0, 68.446, 0.977, 7.29874e-07, 271.83
6854, 4.52534e-33, 0.348268, 0.000499507, 0, 7.72115e-43, 1.26117e-44, 0, 0, 0.348768, 3.3169e-39, 0, 74.4756, 0.977, 7.29243e-07, 271.827
6855, 5.2585e-36, 0.34833, 0.000552562, 0, 0, 0, 0, 0, 0.348882, 3.85497e-42, 0, 81.2332, 0.977, 7.28957e-07, 271.825
6856, 3.00733e-39, 0.348671, 0.000413565, 0, 0, 0, 0, 0, 0.349084, 1.4013e-45, 0, 88.6998, 0.977, 7.28828e-07, 271.831
6857, 8.632e-43, 0.349061, 0.000240661, 0, 0, 0, 0, 0, 0.349302, 0, 0, 96.8557, 0.977, 7.28497e-07, 271.839
6858, 0, 0.349216, 0.00022967, 0, 0, 0, 0, 0, 0.349446, 0, 0, 99.99, 0.977, 7.27931e-07, 271.839
6859, 0, 0.349166, 0.000359195, 0, 0, 0, 0, 0, 0.349525, 0, 0, 99.99, 0.977, 7.27345e-07, 271.833
6860, 0, 0.349171, 0.000450758, 0, 0, 0, 0, 0, 0.349622, 0, 0, 99.99, 0.977, 7.26955e-07, 271.829
6861, 0, 0.349388, 0.000397481, 0, 0, 0, 0, 0, 0.349785, 0, 0, 99.99, 0.977, 7.26708e-07, 271.832
6862, 0, 0.349743, 0.000248449, 0, 0, 0, 0, 0, 0.349992, 0, 0, 99.99, 0.977, 7.26423e-07, 271.839
6863, 0, 0.35008, 0.000112551, 0, 0, 0, 0, 0, 0.350192, 0, 0, 99.99, 0.977, 7.26068e-07, 271.845
6864, 0, 0.350308, 5.10075e-05, 0, 0, 0, 0, 0, 0.350359, 0, 0, 99.99, 0.977, 7.25588e-07, 271.848
6865, 0, 0.350426, 6.49189e-05, 0, 0, 0, 0, 0, 0.350491, 0, 0, 99.99, 0.977, 7.24878e-07, 271.847
6866, 0, 0.350418, 0.000165814, 0, 0, 0, 0, 0, 0.350584, 0, 0, 99.99, 0.977, 7.24115e-07, 271.842
6867, 0, 0.350252, 0.000374817, 0, 0, 0, 0, 0, 0.350627, 0, 0, 99.99, 0.977, 7.23695e-07, 271.833
6868, 0, 0.350017, 0.000631244, 0, 0, 0, 0, 0, 0.350648, 0, 0, 99.99, 0.977, 7.23635e-07, 271.821
6869, 0, 0.349939, 0.000779751, 0, 0, 0, 0, 0, 0.350719, 0, 0, 99.99, 0.977, 7.23533e-07, 271.814
6870, 1.4013e-45, 0.350192, 0.000701278, 0, 0, 0, 0, 0, 0.350893, 0, 0, 99.99, 0.977, 7.23238e-07, 271.818
6871, 4.3755e-36, 0.350503, 0.000582775, 0, 5.60519e-45, 0, 0, 0, 0.351085, 3.15152e-42, 0, 81.417, 0.977, 7.22826e-07, 271.823
6872, 5.96646e-29, 0.350329, 0.000796947, 0, 6.07565e-39, 1.62874e-40, 0, 0, 0.351126, 4.2961e-35, 0, 64.9888, 0.977, 7.2233e-07, 271.813
6873, 5.01506e-26, 0.349832, 0.00123296, 0, 3.24041e-36, 1.39279e-37, 0, 0, 0.351065, 3.60979e-32, 0, 58.2548, 0.977, 7.21837e-07, 271.793
6874, 3.71528e-24, 0.34962, 0.00147332, 0, 2.26278e-34, 1.03322e-35, 0, 0, 0.351093, 2.67405e-30, 0, 53.9496, 0.977, 7.21432e-07, 271.782
6875, 1.35476e-22, 0.349275, 0.00180453, 0, 7.72466e-33, 3.77266e-34, 0, 0, 0.351079, 9.75021e-29, 0, 50.3532, 0.977, 7.20965e-07, 271.767
6876, 2.38785e-21, 0.348054, 0.00273538, 0, 1.25075e-31, 6.67402e-33, 0, 0, 0.35079, 1.71829e-27, 0, 47.4839, 0.977, 7.20468e-07, 271.724
6877, 3.0925e-20, 0.346429, 0.00394328, 0, 1.13184e-30, 8.86498e-32, 0, 0, 0.350372, 2.22379e-26, 0, 44.9227, 0.977, 7.20134e-07, 271.668
6878, 6.55264e-19, 0.345127, 0.00492906, 0, 1.24744e-29, 1.93912e-30, 0, 0, 0.350056, 4.70796e-25, 0, 41.8692, 0.977, 7.19854e-07, 271.623
6879, 1.20831e-17, 0.344455, 0.00548347, 0, 1.86356e-28, 3.60564e-29, 0, 0, 0.349938, 8.67954e-24, 0, 38.9547, 0.977, 7.19454e-07, 271.597
6880, 1.12524e-16, 0.344228, 0.00573289, 0, 1.65273e-27, 3.36995e-28, 0, 0, 0.349961, 8.08186e-23, 0, 36.7234, 0.977, 7.18916e-07, 271.585
6881, 4.96964e-16, 0.343785, 0.00613004, 0, 7.12838e-27, 1.49334e-27, 0, 0, 0.349915, 3.56883e-22, 0, 35.238, 0.977, 7.18444e-07, 271.567
6882, 1.04419e-15, 0.343185, 0.00663412, 0, 1.48136e-26, 3.14765e-27, 0, 0, 0.349819, 7.49717e-22, 0, 34.4955, 0.977, 7.18052e-07, 271.543
6883, 1.04845e-15, 0.343415, 0.00657125, 0, 1.48989e-26, 3.16855e-27, 0, 0, 0.349986, 7.52607e-22, 0, 34.4915, 0.977, 7.17326e-07, 271.546
6884, 5.02922e-16, 0.344962, 0.00560784, 0, 7.24815e-27, 1.52228e-27, 0, 0, 0.35057, 3.60927e-22, 0, 35.2261, 0.977, 7.15436e-07, 271.591
6885, 1.15324e-16, 0.347521, 0.00395168, 0, 1.69945e-27, 3.49392e-28, 0, 0, 0.351473, 8.2745e-23, 3.28226e-41, 36.6988, 0.977, 7.12773e-07, 271.668
6886, 6.06302e-17, 0.35005, 0.00231384, 0, 5.20986e-28, 1.95945e-28, 0, 0, 0.352364, 4.33756e-23, 3.55066e-39, 37.3417, 0.977, 7.12563e-07, 271.744
6887, 1.64772e-15, 0.350774, 0.00191284, 0, 1.05287e-26, 5.47312e-27, 0, 0, 0.352686, 1.17779e-21, 1.13579e-36, 34.0394, 0.977, 7.144e-07, 271.762
6888, 2.9137e-14, 0.348888, 0.00329886, 0, 1.6858e-25, 9.86824e-26, 0, 0, 0.352186, 2.08216e-20, 6.50712e-35, 31.1668, 0.977, 7.15272e-07, 271.698
6889, 3.19639e-13, 0.345715, 0.00556383, 0, 1.60338e-24, 1.12043e-24, 0, 0, 0.351279, 2.2831e-19, 1.73044e-33, 28.7716, 0.977, 7.15225e-07, 271.593
6890, 2.30964e-12, 0.342948, 0.00754928, 0, 1.01564e-23, 8.3775e-24, 0, 0, 0.350497, 1.6489e-18, 2.06589e-32, 26.7939, 0.977, 7.14968e-07, 271.501
6891, 9.64446e-12, 0.341209, 0.00883, 0, 3.94305e-23, 3.57152e-23, 0, 0, 0.350039, 6.88304e-18, 1.09691e-31, 25.3646, 0.977, 7.14567e-07, 271.441
6892, 2.05329e-11, 0.34059, 0.00934564, 0, 8.13662e-23, 7.68397e-23, 0, 0, 0.349936, 1.46508e-17, 2.67903e-31, 24.609, 0.977, 7.1403e-07, 271.417
6893, 2.38818e-11, 0.341125, 0.00907475, 0, 9.24779e-23, 9.02974e-23, 0, 0, 0.3502, 1.70357e-17, 4.49419e-31, 24.4579, 0.977, 7.1351e-07, 271.43
6894, 3.23753e-11, 0.341605, 0.00884131, 0, 1.1709e-22, 1.26241e-22, 0, 0, 0.350446, 2.30749e-17, 1.40185e-30, 24.1536, 0.977, 7.13114e-07, 271.441
6895, 7.15627e-11, 0.340801, 0.00948363, 0, 2.4729e-22, 2.84432e-22, 0, 0, 0.350284, 5.09764e-17, 4.13205e-30, 23.3604, 0.977, 7.12755e-07, 271.411
6896, 1.07115e-10, 0.3399, 0.0101911, 0, 3.68104e-22, 4.26688e-22, 0, 0, 0.350091, 7.6287e-17, 6.23656e-30, 22.9571, 0.977, 7.12348e-07, 271.377
6897, 8.79301e-11, 0.340169, 0.0101026, 0, 3.06612e-22, 3.48081e-22, 0, 0, 0.350271, 6.26179e-17, 4.5777e-30, 23.1545, 0.977, 7.11922e-07, 271.382
6898, 4.03231e-11, 0.341451, 0.00932298, 0, 1.45398e-22, 1.57426e-22, 0, 0, 0.350774, 2.87132e-17, 1.66199e-30, 23.9341, 0.977, 7.11433e-07, 271.419
6899, 1.04729e-11, 0.343045, 0.00833116, 0, 3.97135e-23, 4.00958e-23, 0, 0, 0.351376, 7.45642e-18, 3.03995e-31, 25.2822, 0.977, 7.1098e-07, 271.465
6900, 1.51823e-12, 0.344642, 0.00733536, 0, 6.16569e-24, 5.68122e-24, 0, 0, 0.351978, 1.08064e-18, 2.83123e-32, 27.2135, 0.977, 7.10661e-07, 271.512
6901, 1.22024e-13, 0.346553, 0.00612444, 0, 5.57438e-25, 4.43771e-25, 0, 0, 0.352677, 8.68163e-20, 1.34144e-33, 29.7346, 0.977, 7.10344e-07, 271.569
6902, 6.01266e-15, 0.348784, 0.00469279, 0, 3.50376e-26, 2.08629e-26, 0, 0, 0.353477, 4.27515e-21, 3.19437e-35, 32.7449, 0.977, 7.09956e-07, 271.635
6903, 2.30907e-16, 0.35104, 0.00324242, 0, 1.83468e-27, 7.51284e-28, 0, 0, 0.354283, 1.64081e-22, 3.74973e-37, 36.0045, 0.977, 7.09633e-07, 271.702
6904, 6.83252e-18, 0.353089, 0.00193282, 0, 6.57672e-29, 2.13023e-29, 0, 0, 0.355022, 4.85423e-24, 2.12586e-39, 39.5248, 0.977, 7.09326e-07, 271.762
6905, 1.16943e-19, 0.35467, 0.000942375, 0, 1.25637e-30, 3.57211e-31, 0, 0, 0.355613, 8.30895e-26, 5.75513e-42, 43.5926, 0.977, 7.08965e-07, 271.807
6906, 9.89109e-22, 0.355517, 0.00045598, 0, 1.17548e-32, 2.97591e-33, 0, 0, 0.355973, 7.02865e-28, 7.00649e-45, 48.3652, 0.977, 7.08553e-07, 271.829
6907, 7.26493e-24, 0.35548, 0.000575768, 0, 2.51106e-34, 2.0693e-35, 0, 0, 0.356056, 5.14641e-30, 0, 53.279, 0.977, 7.08054e-07, 271.824
6908, 1.03907e-22, 0.354598, 0.00127536, 0, 6.07145e-33, 2.81617e-34, 0, 0, 0.355873, 7.33073e-29, 0, 50.6185, 0.977, 7.0754e-07, 271.792
6909, 4.46816e-21, 0.353091, 0.00240312, 0, 1.0625e-31, 1.31514e-32, 0, 0, 0.355494, 3.15068e-27, 4.2039e-44, 46.8573, 0.977, 7.07177e-07, 271.741
6910, 2.73453e-17, 0.351373, 0.00367448, 0, 9.49603e-29, 1.06626e-28, 0, 0, 0.355048, 1.927e-23, 3.42351e-36, 38.138, 0.977, 7.06822e-07, 271.682
6911, 3.86787e-15, 0.350186, 0.0045822, 0, 1.19149e-26, 1.65944e-26, 0, 0, 0.354768, 2.72451e-21, 4.39469e-33, 33.1861, 0.977, 7.06277e-07, 271.641
6912, 2.21104e-13, 0.350318, 0.00458548, 0, 6.35088e-25, 1.01452e-24, 0, 0, 0.354903, 1.55717e-19, 6.54881e-31, 29.1401, 0.977, 7.05674e-07, 271.641
6913, 6.34559e-12, 0.350936, 0.00425519, 0, 1.71097e-23, 3.12275e-23, 0, 0, 0.355191, 4.46826e-18, 3.66382e-29, 25.7833, 0.977, 7.05246e-07, 271.656
6914, 9.53957e-11, 0.349481, 0.00534251, 0, 2.4352e-22, 5.0587e-22, 0, 0, 0.354824, 6.71635e-17, 9.753e-28, 23.073, 0.977, 7.05023e-07, 271.605
6915, 7.75557e-10, 0.34575, 0.00798436, 0, 1.89789e-21, 4.42519e-21, 0, 0, 0.353734, 5.45944e-16, 1.27402e-26, 20.9774, 0.977, 7.04782e-07, 271.483
6916, 3.45721e-09, 0.342055, 0.0105973, 0, 8.2285e-21, 2.10018e-20, 0, 0, 0.352652, 2.4331e-15, 8.16094e-26, 19.4828, 0.977, 7.04394e-07, 271.361
6917, 8.41576e-09, 0.339928, 0.0121377, 0, 1.97473e-20, 5.36874e-20, 0, 0, 0.352066, 5.92092e-15, 3.00378e-25, 18.5932, 0.977, 7.03914e-07, 271.288
6918, 1.18546e-08, 0.340175, 0.0120615, 0, 2.80438e-20, 8.37512e-20, 0, 0, 0.352236, 8.33645e-15, 2.34034e-24, 18.2506, 0.977, 7.03375e-07, 271.292
6919, 2.09971e-08, 0.342335, 0.0106816, 0, 5.55211e-20, 2.33631e-19, 0, 0, 0.353017, 1.47507e-14, 3.84211e-23, 17.6789, 0.977, 7.02855e-07, 271.356
6920, 9.34305e-08, 0.342515, 0.0106491, 0, 2.772e-19, 1.38247e-18, 0, 0, 0.353164, 6.55956e-14, 4.04498e-22, 16.186, 0.977, 7.02482e-07, 271.357
6921, 3.47554e-07, 0.338861, 0.0132225, 0, 1.12307e-18, 5.90556e-18, 0, 0, 0.352083, 2.43931e-13, 2.52136e-21, 14.8723, 0.977, 7.02233e-07, 271.235
6922, 8.64378e-07, 0.335032, 0.0159105, 0, 3.06096e-18, 1.66911e-17, 0, 0, 0.350942, 6.06479e-13, 1.00059e-20, 13.9613, 0.977, 7.01936e-07, 271.107
6923, 1.57581e-06, 0.333027, 0.017356, 0, 6.10387e-18, 3.41438e-17, 0, 0, 0.350383, 1.10531e-12, 2.72472e-20, 13.3607, 0.977, 7.01601e-07, 271.037
6924, 2.31485e-06, 0.332128, 0.0180522, 0, 9.66972e-18, 5.49583e-17, 0, 0, 0.35018, 1.62297e-12, 5.48517e-20, 12.9762, 0.977, 7.01251e-07, 271.003
6925, 2.97082e-06, 0.331675, 0.018447, 0, 1.32051e-17, 7.57605e-17, 0, 0, 0.350122, 2.08139e-12, 9.03815e-20, 12.7267, 0.977, 7.00751e-07, 270.983
6926, 3.5361e-06, 0.331424, 0.0187069, 0, 1.65492e-17, 9.54978e-17, 0, 0, 0.350131, 2.47559e-12, 1.30656e-19, 12.5525, 0.977, 7.00185e-07, 270.971
6927, 3.84785e-06, 0.331371, 0.0188336, 0, 1.84604e-17, 1.0676e-16, 0, 0, 0.350205, 2.69275e-12, 1.56375e-19, 12.468, 0.977, 6.99816e-07, 270.964
6928, 3.57598e-06, 0.331764, 0.0186623, 0, 1.68805e-17, 9.73382e-17, 0, 0, 0.350427, 2.50189e-12, 1.39996e-19, 12.5413, 0.977, 6.99544e-07, 270.973
6929, 2.63222e-06, 0.333104, 0.0178545, 0, 1.17896e-17, 6.73977e-17, 0, 0, 0.350959, 1.84094e-12, 8.74173e-20, 12.8477, 0.977, 6.99136e-07, 271.013
6930, 1.48154e-06, 0.335364, 0.0164264, 0, 6.16326e-18, 3.47483e-17, 0, 0, 0.351791, 1.03552e-12, 3.78818e-20, 13.4224, 0.977, 6.98679e-07, 271.083
6931, 1.05031e-06, 0.336461, 0.0157804, 0, 4.2036e-18, 2.3534e-17, 0, 0, 0.352241, 7.33151e-13, 2.25773e-20, 13.7664, 0.977, 6.98253e-07, 271.115
6932, 1.71934e-06, 0.335083, 0.0168014, 0, 7.31372e-18, 4.15613e-17, 0, 0, 0.351884, 1.19924e-12, 4.47951e-20, 13.2736, 0.977, 6.97812e-07, 271.066
6933, 2.64952e-06, 0.333397, 0.0180285, 0, 1.17335e-17, 6.72711e-17, 0, 0, 0.351426, 1.84774e-12, 7.81941e-20, 12.8411, 0.977, 6.97483e-07, 271.006
6934, 2.91187e-06, 0.332995, 0.0183918, 0, 1.29419e-17, 7.43566e-17, 0, 0, 0.351387, 2.03037e-12, 8.63429e-20, 12.7467, 0.977, 6.97238e-07, 270.988
6935, 2.38984e-06, 0.333766, 0.0179667, 0, 1.0275e-17, 5.88062e-17, 0, 0, 0.351733, 1.66589e-12, 6.2857e-20, 12.9443, 0.977, 6.96915e-07, 271.01
6936, 1.43519e-06, 0.335745, 0.016727, 0, 5.80808e-18, 3.29011e-17, 0, 0, 0.352472, 1.00011e-12, 3.0272e-20, 13.4542, 0.977, 6.96512e-07, 271.07
6937, 5.94564e-07, 0.338515, 0.0149504, 0, 2.20104e-18, 1.21846e-17, 0, 0, 0.353465, 4.1417e-13, 9.10373e-21, 14.3354, 0.977, 6.9607e-07, 271.156
6938, 2.44196e-07, 0.339938, 0.0140814, 0, 7.39401e-19, 3.79551e-18, 0, 0, 0.35402, 1.69923e-13, 1.72198e-21, 15.2253, 0.977, 6.95592e-07, 271.198
6939, 2.31888e-07, 0.339129, 0.0147239, 0, 5.88828e-19, 2.79007e-18, 0, 0, 0.353853, 1.61162e-13, 4.93394e-22, 15.277, 0.977, 6.95042e-07, 271.168
6940, 2.21079e-07, 0.338604, 0.0151737, 0, 5.39921e-19, 2.49756e-18, 0, 0, 0.353778, 1.53577e-13, 3.43403e-22, 15.3247, 0.977, 6.94385e-07, 271.147
6941, 1.31328e-07, 0.339455, 0.0146927, 0, 3.11255e-19, 1.37471e-18, 0, 0, 0.354147, 9.11797e-14, 1.59605e-22, 15.8456, 0.977, 6.9374e-07, 271.171
6942, 6.15824e-08, 0.340345, 0.0141838, 0, 1.41068e-19, 5.55612e-19, 0, 0, 0.354529, 4.27103e-14, 4.04934e-23, 16.6029, 0.977, 6.93112e-07, 271.195
6943, 3.57313e-08, 0.340984, 0.0138442, 0, 7.99068e-20, 2.74675e-19, 0, 0, 0.354828, 2.47504e-14, 7.72059e-24, 17.1472, 0.977, 6.92203e-07, 271.212
6944, 1.97393e-08, 0.342114, 0.0131703, 0, 4.38819e-20, 1.39518e-19, 0, 0, 0.355285, 1.36634e-14, 1.96938e-24, 17.7407, 0.977, 6.90136e-07, 271.244
6945, 7.10605e-09, 0.343644, 0.0122251, 0, 1.59084e-20, 4.64815e-20, 0, 0, 0.355869, 4.91531e-15, 4.57749e-25, 18.7623, 0.977, 6.84222e-07, 271.289
6946, 1.59985e-09, 0.345025, 0.0113799, 0, 3.70835e-21, 9.32049e-21, 0, 0, 0.356405, 1.10317e-15, 6.09609e-26, 20.2534, 0.977, 6.74729e-07, 271.329
6947, 2.88098e-10, 0.346287, 0.0106141, 0, 7.41804e-22, 1.35632e-21, 0, 0, 0.356901, 1.95771e-16, 4.26235e-27, 21.9677, 0.977, 6.72043e-07, 271.365
6948, 6.27467e-11, 0.347737, 0.00971953, 0, 1.85434e-22, 2.3639e-22, 0, 0, 0.357457, 4.17719e-17, 1.56012e-28, 23.4919, 0.977, 6.79736e-07, 271.406
6949, 1.30894e-11, 0.349403, 0.00867691, 0, 4.30911e-23, 4.56859e-23, 0, 0, 0.35808, 8.70111e-18, 3.33308e-30, 25.0592, 0.977, 6.86858e-07, 271.455
6950, 1.80944e-12, 0.351164, 0.00756882, 0, 6.73202e-24, 6.14855e-24, 0, 0, 0.358732, 1.21562e-18, 7.24676e-32, 27.038, 0.977, 6.8923e-07, 271.506
6951, 1.53961e-13, 0.352932, 0.00645394, 0, 6.68808e-25, 5.0941e-25, 0, 0, 0.359386, 1.04675e-19, 2.06219e-33, 29.5021, 0.977, 6.8959e-07, 271.557
6952, 8.15287e-15, 0.354674, 0.0053558, 0, 4.25139e-26, 2.61232e-26, 0, 0, 0.36003, 5.58793e-21, 3.96565e-35, 32.4404, 0.977, 6.89562e-07, 271.608
6953, 2.68839e-16, 0.356363, 0.00429288, 0, 1.71865e-27, 8.32871e-28, 0, 0, 0.360656, 1.84988e-22, 4.00675e-37, 35.8524, 0.977, 6.89444e-07, 271.656
6954, 5.42418e-18, 0.357961, 0.00329148, 0, 4.34463e-29, 1.62809e-29, 0, 0, 0.361252, 3.73819e-24, 2.09906e-39, 39.7557, 0.977, 6.89206e-07, 271.702
6955, 6.57547e-20, 0.359427, 0.00237981, 0, 6.76945e-31, 1.9176e-31, 0, 0, 0.361807, 4.534e-26, 5.79997e-42, 44.1684, 0.977, 6.88873e-07, 271.743
6956, 4.73406e-22, 0.360723, 0.00158414, 0, 6.38301e-33, 1.34496e-33, 0, 0, 0.362307, 3.26467e-28, 8.40779e-45, 49.1021, 0.977, 6.88505e-07, 271.779
6957, 1.98848e-24, 0.36181, 0.000930918, 0, 3.51969e-35, 5.52181e-36, 0, 0, 0.362741, 1.37131e-30, 0, 54.5747, 0.977, 6.88097e-07, 271.808
6958, 4.71146e-27, 0.362644, 0.00045187, 0, 1.08864e-37, 1.28359e-38, 0, 0, 0.363096, 3.24929e-33, 0, 60.6198, 0.977, 6.87727e-07, 271.83
6959, 6.05824e-30, 0.363184, 0.000174342, 0, 1.82753e-40, 1.62439e-41, 0, 0, 0.363358, 4.17834e-36, 0, 67.2761, 0.977, 6.87353e-07, 271.842
6960, 4.10611e-33, 0.363455, 8.15482e-05, 0, 1.62551e-43, 9.80909e-45, 0, 0, 0.363537, 2.83197e-39, 0, 74.5728, 0.977, 6.86905e-07, 271.846
6961, 1.4412e-36, 0.363514, 0.000134598, 0, 0, 0, 0, 0, 0.363649, 9.92119e-43, 0, 82.5276, 0.977, 6.86422e-07, 271.844
6962, 1.00727e-31, 0.363331, 0.000354242, 0, 2.17566e-41, 2.42425e-43, 0, 0, 0.363685, 6.8882e-38, 0, 71.3729, 0.977, 6.86062e-07, 271.834
6963, 2.14304e-27, 0.362941, 0.000715458, 0, 1.32279e-37, 5.37985e-39, 0, 0, 0.363657, 1.46498e-33, 0, 61.4076, 0.977, 6.85862e-07, 271.818
6964, 2.41943e-24, 0.362639, 0.00101686, 0, 7.59955e-35, 6.28787e-36, 0, 0, 0.363656, 1.65342e-30, 0, 54.3785, 0.977, 6.85583e-07, 271.805
6965, 4.19078e-22, 0.362439, 0.00124726, 0, 8.48189e-33, 1.12504e-33, 0, 0, 0.363687, 2.86322e-28, 0, 49.224, 0.977, 6.85135e-07, 271.794
6966, 4.26455e-20, 0.361629, 0.001897, 0, 6.05315e-31, 1.17228e-31, 0, 0, 0.363526, 2.91297e-26, 1.4013e-45, 44.6014, 0.977, 6.84647e-07, 271.765
6967, 1.88487e-18, 0.359972, 0.00312721, 0, 2.28205e-29, 5.22842e-30, 0, 0, 0.363099, 1.28736e-24, 1.56945e-43, 40.8127, 0.977, 6.84258e-07, 271.71
6968, 4.06827e-17, 0.358147, 0.00447125, 0, 4.52585e-28, 1.13445e-28, 0, 0, 0.362618, 2.77835e-23, 7.90192e-42, 37.7407, 0.977, 6.8392e-07, 271.649
6969, 4.30987e-16, 0.356597, 0.00562617, 0, 4.4871e-27, 1.20842e-27, 0, 0, 0.362223, 2.94293e-22, 2.65646e-40, 35.3805, 0.977, 6.83591e-07, 271.597
6970, 2.61213e-15, 0.355356, 0.00656816, 0, 2.45267e-26, 7.40377e-27, 0, 0, 0.361924, 1.7831e-21, 4.99357e-39, 33.5786, 0.977, 6.83274e-07, 271.554
6971, 1.14682e-14, 0.354452, 0.0072794, 0, 9.36415e-26, 3.29958e-26, 0, 0, 0.361731, 7.82508e-21, 4.46433e-38, 32.0992, 0.977, 6.82908e-07, 271.521
6972, 3.45196e-14, 0.353971, 0.00770076, 0, 2.58347e-25, 1.00219e-25, 0, 0, 0.361672, 2.35463e-20, 1.7821e-37, 30.9972, 0.977, 6.82418e-07, 271.502
6973, 5.54305e-14, 0.354234, 0.00761379, 0, 4.03448e-25, 1.6136e-25, 0, 0, 0.361848, 3.78013e-20, 3.11022e-37, 30.5236, 0.977, 6.81761e-07, 271.506
6974, 4.16956e-14, 0.356019, 0.00648514, 0, 3.02997e-25, 1.2132e-25, 0, 0, 0.362504, 2.8428e-20, 4.7111e-37, 30.8084, 0.977, 6.81222e-07, 271.558
6975, 1.59103e-14, 0.358871, 0.00462579, 0, 1.10252e-25, 4.75869e-26, 0, 0, 0.363497, 1.08411e-20, 9.35549e-35, 31.7718, 0.977, 6.81066e-07, 271.642
6976, 7.50396e-14, 0.361004, 0.00325792, 0, 2.59484e-25, 2.8121e-25, 0, 0, 0.364262, 5.10014e-20, 5.05062e-33, 30.2208, 0.977, 6.80945e-07, 271.704
6977, 1.43117e-12, 0.36144, 0.00305181, 0, 4.57288e-24, 5.4881e-24, 0, 0, 0.364491, 9.72554e-19, 1.26175e-31, 27.2725, 0.977, 6.80647e-07, 271.713
6978, 1.33657e-11, 0.359203, 0.00467537, 0, 4.12333e-23, 5.19097e-23, 0, 0, 0.363878, 9.0819e-18, 1.4199e-30, 25.0383, 0.977, 6.8027e-07, 271.64
6979, 5.98059e-11, 0.355127, 0.00755626, 0, 1.80026e-22, 2.34061e-22, 0, 0, 0.362684, 4.06336e-17, 7.20044e-30, 23.5399, 0.977, 6.79895e-07, 271.509
6980, 1.28971e-10, 0.352145, 0.0096875, 0, 3.83303e-22, 5.05443e-22, 0, 0, 0.361832, 8.76159e-17, 1.6448e-29, 22.7714, 0.977, 6.79494e-07, 271.412
6981, 1.3484e-10, 0.352023, 0.00986315, 0, 4.00895e-22, 5.25428e-22, 0, 0, 0.361886, 9.15907e-17, 1.69168e-29, 22.7269, 0.977, 6.79032e-07, 271.404
6982, 6.8827e-11, 0.354796, 0.00806103, 0, 2.07651e-22, 2.64764e-22, 0, 0, 0.362857, 4.67435e-17, 7.83739e-30, 23.3994, 0.977, 6.78565e-07, 271.486
6983, 1.73085e-11, 0.358047, 0.00593109, 0, 5.38453e-23, 6.53044e-23, 0, 0, 0.363979, 1.17527e-17, 1.63875e-30, 24.7798, 0.977, 6.78175e-07, 271.583
6984, 2.31193e-12, 0.358131, 0.00596763, 0, 7.89942e-24, 8.39955e-24, 0, 0, 0.364099, 1.56929e-18, 1.55163e-31, 26.7929, 0.977, 6.77891e-07, 271.582
6985, 5.92882e-13, 0.355861, 0.00761425, 0, 2.97696e-24, 1.82807e-24, 0, 0, 0.363475, 4.01772e-19, 6.71841e-33, 28.1538, 0.977, 6.77607e-07, 271.507
6986, 6.69825e-13, 0.354658, 0.00853087, 0, 3.57451e-24, 1.98334e-24, 0, 0, 0.363188, 4.53647e-19, 1.9865e-34, 28.0318, 0.977, 6.77247e-07, 271.466
6987, 4.82147e-13, 0.355295, 0.00818864, 0, 2.56299e-24, 1.43377e-24, 0, 0, 0.363483, 3.26503e-19, 5.50456e-35, 28.3605, 0.977, 6.76814e-07, 271.481
6988, 1.67053e-13, 0.357124, 0.0070311, 0, 9.03485e-25, 4.97528e-25, 0, 0, 0.364155, 1.13117e-19, 1.90655e-35, 29.4205, 0.977, 6.76318e-07, 271.534
6989, 2.7341e-14, 0.35963, 0.00540866, 0, 1.55626e-25, 8.11188e-26, 0, 0, 0.365039, 1.85118e-20, 2.9166e-36, 31.2304, 0.977, 6.75872e-07, 271.608
6990, 2.18455e-15, 0.362226, 0.00372289, 0, 1.37584e-26, 6.40882e-27, 0, 0, 0.365949, 1.47889e-21, 1.90637e-37, 33.7574, 0.977, 6.75539e-07, 271.684
6991, 9.16909e-17, 0.364525, 0.00223891, 0, 6.69592e-28, 2.63917e-28, 0, 0, 0.366764, 6.206e-23, 5.2876e-39, 36.9281, 0.977, 6.75191e-07, 271.75
6992, 2.14136e-18, 0.366311, 0.00110579, 0, 1.8204e-29, 6.03458e-30, 0, 0, 0.367417, 1.44902e-24, 6.20901e-41, 40.6851, 0.977, 6.74777e-07, 271.801
6993, 2.76814e-20, 0.367257, 0.000549366, 0, 2.67179e-31, 7.66981e-32, 0, 0, 0.367806, 1.87257e-26, 3.09687e-43, 45.0335, 0.977, 6.74316e-07, 271.826
6994, 1.71139e-19, 0.367141, 0.00072172, 0, 1.52302e-30, 4.76841e-31, 0, 0, 0.367863, 1.15054e-25, 2.99878e-43, 43.2118, 0.977, 6.73844e-07, 271.818
6995, 9.27765e-18, 0.366002, 0.00159731, 0, 7.75514e-29, 2.60145e-29, 0, 0, 0.367599, 6.23687e-24, 1.89596e-41, 39.2189, 0.977, 6.73524e-07, 271.779
6996, 2.32751e-16, 0.364084, 0.00300636, 0, 1.85698e-27, 6.56486e-28, 0, 0, 0.36709, 1.56456e-22, 5.5629e-40, 35.9966, 0.977, 6.73292e-07, 271.716
6997, 2.63867e-15, 0.361773, 0.00468337, 0, 2.03926e-26, 7.47907e-27, 0, 0, 0.366457, 1.77358e-21, 7.29123e-39, 33.5685, 0.977, 6.72965e-07, 271.641
6998, 1.57517e-14, 0.359623, 0.00624882, 0, 1.07581e-25, 4.98745e-26, 0, 0, 0.365872, 1.0583e-20, 1.70536e-32, 31.7818, 0.977, 6.72567e-07, 271.57
6999, 3.2845e-13, 0.358532, 0.00708763, 0, 9.07574e-25, 2.01519e-24, 0, 0, 0.36562, 2.20227e-19, 2.68448e-29, 28.7444, 0.977, 6.72164e-07, 271.533
7000, 1.37992e-11, 0.359481, 0.00653003, 0, 3.10833e-23, 1.00468e-22, 0, 0, 0.366011, 9.24873e-18, 2.6495e-27, 25.0064, 0.977002, 6.71769e-07, 271.558
7001, 3.19984e-10, 0.36126, 0.00540298, 0, 7.17151e-22, 2.61483e-21, 0, 0, 0.366663, 2.14419e-16, 1.06014e-25, 21.8628, 0.977004, 6.71445e-07, 271.608
7002, 3.87489e-09, 0.360051, 0.00631958, 0, 8.8075e-21, 3.53952e-20, 0, 0, 0.366371, 2.59604e-15, 2.06534e-24, 19.3687, 0.977008, 6.71104e-07, 271.567
7003, 2.51155e-08, 0.355278, 0.00966982, 0, 5.84002e-20, 2.52956e-19, 0, 0, 0.364948, 1.68245e-14, 1.98369e-23, 17.4998, 0.977012, 6.70672e-07, 271.414
7004, 8.96763e-08, 0.350444, 0.0130559, 0, 2.13902e-19, 9.76439e-19, 0, 0, 0.3635, 6.00666e-14, 1.0124e-22, 16.2271, 0.977016, 6.7023e-07, 271.258
7005, 1.93472e-07, 0.347586, 0.0150897, 0, 4.8137e-19, 2.30339e-18, 0, 0, 0.362676, 1.29554e-13, 3.80082e-22, 15.4581, 0.97702, 6.69834e-07, 271.164
7006, 3.37912e-07, 0.346343, 0.0160232, 0, 9.32425e-19, 4.7974e-18, 0, 0, 0.362366, 2.26124e-13, 1.45562e-21, 14.9005, 0.977024, 6.69425e-07, 271.12
7007, 5.83908e-07, 0.345679, 0.0165626, 0, 1.78955e-18, 9.76844e-18, 0, 0, 0.362241, 3.90537e-13, 3.9876e-21, 14.3535, 0.977028, 6.69028e-07, 271.095
7008, 7.40397e-07, 0.345579, 0.0167204, 0, 2.35487e-18, 1.31157e-17, 0, 0, 0.3623, 4.95138e-13, 5.69059e-21, 14.1161, 0.977032, 6.68756e-07, 271.087
7009, 5.83045e-07, 0.346394, 0.0162619, 0, 1.82127e-18, 1.00886e-17, 0, 0, 0.362656, 3.89846e-13, 4.09877e-21, 14.355, 0.977036, 6.68509e-07, 271.109
7010, 4.16863e-07, 0.346946, 0.0159806, 0, 1.21592e-18, 6.54534e-18, 0, 0, 0.362927, 2.78531e-13, 2.09247e-21, 14.6905, 0.97704, 6.68152e-07, 271.123
7011, 4.00245e-07, 0.346918, 0.0160913, 0, 1.12016e-18, 5.91968e-18, 0, 0, 0.36301, 2.67229e-13, 1.5898e-21, 14.7312, 0.977044, 6.67728e-07, 271.118
7012, 2.98524e-07, 0.347632, 0.0157003, 0, 8.1326e-19, 4.21877e-18, 0, 0, 0.363332, 1.9925e-13, 1.07942e-21, 15.0244, 0.977048, 6.67353e-07, 271.137
7013, 1.43743e-07, 0.348895, 0.0149374, 0, 3.63019e-19, 1.7664e-18, 0, 0, 0.363832, 9.59109e-14, 3.76503e-22, 15.7552, 0.977052, 6.67025e-07, 271.173
7014, 7.49444e-08, 0.349688, 0.0144925, 0, 1.66904e-19, 7.08132e-19, 0, 0, 0.36418, 4.99763e-14, 7.26813e-23, 16.4065, 0.977056, 6.6667e-07, 271.194
7015, 4.8e-08, 0.350686, 0.0139074, 0, 1.01961e-19, 3.98042e-19, 0, 0, 0.364593, 3.19955e-14, 1.60584e-23, 16.8521, 0.97706, 6.66248e-07, 271.221
7016, 2.12601e-08, 0.352877, 0.0125094, 0, 4.49068e-20, 1.65336e-19, 0, 0, 0.365387, 1.41681e-14, 4.54889e-24, 17.6664, 0.977064, 6.65796e-07, 271.286
7017, 5.39188e-09, 0.356136, 0.0103819, 0, 1.14313e-20, 3.85383e-20, 0, 0, 0.366518, 3.59232e-15, 7.80396e-25, 19.0384, 0.977068, 6.65452e-07, 271.384
7018, 7.80723e-10, 0.359776, 0.00798998, 0, 1.68299e-21, 5.00113e-21, 0, 0, 0.367766, 5.19984e-16, 6.68614e-26, 20.9708, 0.977072, 6.6516e-07, 271.493
7019, 6.48183e-11, 0.363221, 0.0057259, 0, 1.44818e-22, 3.67515e-22, 0, 0, 0.368947, 4.31554e-17, 2.84957e-27, 23.4594, 0.977076, 6.64775e-07, 271.595
7020, 3.02797e-12, 0.366466, 0.00359479, 0, 7.15243e-24, 1.52506e-23, 0, 0, 0.370061, 2.01541e-18, 6.12081e-29, 26.5231, 0.97708, 6.64329e-07, 271.691
7021, 7.67781e-14, 0.36922, 0.00179765, 0, 1.94601e-25, 3.48557e-25, 0, 0, 0.371017, 5.1095e-20, 6.68059e-31, 30.1979, 0.977084, 6.63918e-07, 271.771
7022, 1.01388e-15, 0.370835, 0.00078107, 0, 2.77884e-27, 4.22535e-27, 0, 0, 0.371616, 6.74703e-22, 3.70564e-33, 34.525, 0.977088, 6.63512e-07, 271.816
7023, 6.70905e-18, 0.371364, 0.000509637, 0, 1.99665e-29, 2.61033e-29, 0, 0, 0.371874, 4.4647e-24, 1.03704e-35, 39.5431, 0.977092, 6.63134e-07, 271.828
7024, 5.8691e-19, 0.371097, 0.000785706, 0, 4.87157e-30, 1.56832e-30, 0, 0, 0.371883, 3.88085e-25, 1.44716e-38, 41.9794, 0.977096, 6.62792e-07, 271.815
7025, 4.19843e-17, 0.369818, 0.00175653, 0, 2.62452e-28, 1.16671e-28, 0, 0, 0.371575, 2.77475e-23, 1.01347e-38, 37.7092, 0.9771, 6.62402e-07, 271.773
7026, 1.56245e-15, 0.367588, 0.00337965, 0, 8.16349e-27, 4.47813e-27, 0, 0, 0.370968, 1.03247e-21, 6.77814e-37, 34.0925, 0.977104, 6.61978e-07, 271.701
7027, 3.153e-14, 0.364999, 0.00524707, 0, 1.46398e-25, 9.26455e-26, 0, 0, 0.370246, 2.0832e-20, 2.1594e-35, 31.0878, 0.977108, 6.61611e-07, 271.617
7028, 3.3216e-13, 0.362653, 0.00694636, 0, 1.42675e-24, 9.95138e-25, 0, 0, 0.369599, 2.19426e-19, 3.24394e-34, 28.7332, 0.977112, 6.61313e-07, 271.541
7029, 1.81722e-12, 0.360814, 0.0082956, 0, 7.40561e-24, 5.52333e-24, 0, 0, 0.36911, 1.20027e-18, 2.30929e-33, 27.0337, 0.977116, 6.61009e-07, 271.481
7030, 5.2089e-12, 0.359546, 0.00925419, 0, 2.05558e-23, 1.59745e-23, 0, 0, 0.3688, 3.43998e-18, 7.82254e-33, 25.9807, 0.97712, 6.60693e-07, 271.437
7031, 7.96713e-12, 0.358994, 0.00972327, 0, 3.11011e-23, 2.44912e-23, 0, 0, 0.368717, 5.26072e-18, 1.26424e-32, 25.5557, 0.977124, 6.60338e-07, 271.416
7032, 6.75422e-12, 0.359224, 0.00965772, 0, 2.67546e-23, 2.06474e-23, 0, 0, 0.368882, 4.45889e-18, 9.7996e-33, 25.7209, 0.977128, 6.59934e-07, 271.419
7033, 3.40113e-12, 0.360096, 0.00915443, 0, 1.4056e-23, 1.02619e-23, 0, 0, 0.36925, 2.24464e-18, 3.71494e-33, 26.4069, 0.977132, 6.59507e-07, 271.442
7034, 1.07945e-12, 0.361341, 0.00839601, 0, 4.73507e-24, 3.20669e-24, 0, 0, 0.369737, 7.12182e-19, 7.27431e-34, 27.5546, 0.977136, 6.59104e-07, 271.477
7035, 2.09666e-13, 0.362697, 0.00756085, 0, 9.825e-25, 6.14666e-25, 0, 0, 0.370258, 1.383e-19, 8.07309e-35, 29.1933, 0.97714, 6.58742e-07, 271.514
7036, 2.31892e-14, 0.364128, 0.00667394, 0, 1.19987e-25, 6.70073e-26, 0, 0, 0.370802, 1.52937e-20, 5.35361e-36, 31.3951, 0.977144, 6.584e-07, 271.554
7037, 1.5164e-15, 0.365619, 0.00574463, 0, 9.60265e-27, 4.26756e-27, 0, 0, 0.371364, 9.99854e-22, 1.98538e-37, 34.1224, 0.977148, 6.58064e-07, 271.596
7038, 7.14373e-17, 0.367189, 0.0047613, 0, 5.97907e-28, 1.93177e-28, 0, 0, 0.37195, 4.70846e-23, 3.68467e-39, 37.1777, 0.977152, 6.57672e-07, 271.64
7039, 2.51322e-18, 0.368824, 0.0037314, 0, 2.57082e-29, 6.60131e-30, 0, 0, 0.372556, 1.65596e-24, 3.19314e-41, 40.525, 0.977156, 6.57273e-07, 271.686
7040, 5.22698e-20, 0.370408, 0.00273627, 0, 6.20931e-31, 1.35341e-31, 0, 0, 0.373145, 3.44348e-26, 1.27518e-43, 44.3979, 0.97716, 6.56888e-07, 271.73
7041, 5.63939e-22, 0.371842, 0.00184368, 0, 8.3484e-33, 1.44207e-33, 0, 0, 0.373686, 3.71461e-28, 0, 48.9271, 0.977164, 6.56476e-07, 271.769
7042, 3.34449e-24, 0.373058, 0.00109969, 0, 7.13252e-35, 8.38975e-36, 0, 0, 0.374158, 2.20248e-30, 0, 54.0547, 0.977168, 6.56167e-07, 271.802
7043, 1.27133e-26, 0.373994, 0.000548762, 0, 4.04e-37, 3.11111e-38, 0, 0, 0.374542, 8.36989e-33, 0, 59.6271, 0.977172, 6.55928e-07, 271.826
7044, 3.15339e-29, 0.374605, 0.000220293, 0, 1.31698e-39, 7.57248e-41, 0, 0, 0.374826, 2.07565e-35, 0, 65.6265, 0.977176, 6.55625e-07, 271.84
7045, 4.34677e-32, 0.374914, 0.000100161, 0, 2.16641e-42, 1.03696e-43, 0, 0, 0.375014, 2.86087e-38, 0, 72.2133, 0.97718, 6.55271e-07, 271.846
7046, 2.93236e-35, 0.375022, 0.000117787, 0, 0, 0, 0, 0, 0.37514, 1.92973e-41, 0, 79.5147, 0.977184, 6.54906e-07, 271.845
7047, 1.25514e-38, 0.37501, 0.000218352, 0, 0, 0, 0, 0, 0.375228, 7.00649e-45, 0, 87.271, 0.977188, 6.54536e-07, 271.84
7048, 1.82737e-37, 0.374749, 0.000489852, 0, 0, 0, 0, 0, 0.375239, 0, 0, 84.5928, 0.977192, 6.5414e-07, 271.829
7049, 4.43037e-36, 0.374072, 0.00104733, 0, 0, 0, 0, 0, 0.37512, 0, 0, 81.4046, 0.977196, 6.53684e-07, 271.804
7050, 4.71342e-35, 0.373098, 0.00180953, 0, 0, 0, 0, 0, 0.374907, 0, 0, 79.0401, 0.9772, 6.53223e-07, 271.771
7051, 2.22118e-34, 0.372176, 0.00253518, 0, 1.4013e-45, 0, 0, 0, 0.374711, 1.6143e-42, 0, 77.4899, 0.977204, 6.5281e-07, 271.739
7052, 7.97467e-25, 0.371803, 0.00288292, 0, 1.5742e-35, 2.00758e-36, 0, 0, 0.374686, 5.18806e-31, 0, 55.4884, 0.977208, 6.52397e-07, 271.724
7053, 2.22534e-21, 0.372455, 0.00252706, 0, 2.16402e-32, 5.9561e-33, 0, 0, 0.374982, 1.44707e-27, 1.4013e-45, 47.5544, 0.977212, 6.52063e-07, 271.739
7054, 1.89104e-19, 0.373898, 0.00162666, 0, 1.77547e-30, 5.07647e-31, 0, 0, 0.375525, 1.22963e-25, 8.26766e-44, 43.112, 0.977216, 6.51828e-07, 271.779
7055, 7.87525e-18, 0.374829, 0.00107866, 0, 7.09413e-29, 2.12177e-29, 0, 0, 0.375908, 5.12058e-24, 4.1044e-42, 39.3828, 0.97722, 6.51537e-07, 271.803
7056, 1.47968e-16, 0.373967, 0.00176282, 0, 1.28962e-27, 3.99826e-28, 0, 0, 0.37573, 9.62055e-23, 8.83897e-41, 36.4495, 0.977224, 6.51178e-07, 271.773
7057, 1.25453e-15, 0.371345, 0.00365432, 0, 1.06745e-26, 3.39716e-27, 0, 0, 0.374999, 8.15619e-22, 8.26322e-40, 34.312, 0.977228, 6.50823e-07, 271.69
7058, 4.83428e-15, 0.368451, 0.00573111, 0, 4.03839e-26, 1.31467e-26, 0, 0, 0.374182, 3.1427e-21, 1.69272e-35, 32.963, 0.977232, 6.50455e-07, 271.598
7059, 1.81844e-14, 0.367133, 0.0067265, 0, 9.14453e-26, 8.7048e-26, 0, 0, 0.373859, 1.1801e-20, 6.52439e-31, 31.6382, 0.977236, 6.50026e-07, 271.554
7060, 8.04356e-13, 0.368408, 0.00594376, 0, 1.79996e-24, 5.89735e-24, 0, 0, 0.374352, 5.21238e-19, 1.1743e-28, 27.8487, 0.97724, 6.49607e-07, 271.588
7061, 3.14759e-11, 0.371111, 0.00418103, 0, 6.846e-23, 2.54587e-22, 0, 0, 0.375292, 2.03951e-17, 6.95223e-27, 24.1818, 0.977244, 6.49288e-07, 271.666
7062, 6.10837e-10, 0.371578, 0.00395063, 0, 1.333e-21, 5.38444e-21, 0, 0, 0.375529, 3.95765e-16, 1.91866e-25, 21.2162, 0.977248, 6.4896e-07, 271.676
7063, 5.86817e-09, 0.367805, 0.00662434, 0, 1.29183e-20, 5.55436e-20, 0, 0, 0.374429, 3.80173e-15, 2.43153e-24, 18.9537, 0.977252, 6.48576e-07, 271.557
7064, 2.791e-08, 0.362272, 0.0104969, 0, 6.20305e-20, 2.7824e-19, 0, 0, 0.372769, 1.80804e-14, 1.42263e-23, 17.3943, 0.977256, 6.4821e-07, 271.384
7065, 6.55649e-08, 0.358545, 0.0131306, 0, 1.4719e-19, 6.78133e-19, 0, 0, 0.371675, 4.24701e-14, 4.51272e-23, 16.5402, 0.97726, 6.47894e-07, 271.265
7066, 8.31171e-08, 0.35846, 0.0132784, 0, 2.00541e-19, 9.78695e-19, 0, 0, 0.371739, 5.38226e-14, 2.49185e-22, 16.303, 0.977264, 6.47562e-07, 271.258
7067, 1.38756e-07, 0.360281, 0.0121286, 0, 4.72596e-19, 2.73561e-18, 0, 0, 0.372409, 8.97248e-14, 2.45283e-21, 15.7906, 0.977268, 6.47154e-07, 271.31
7068, 5.00543e-07, 0.359384, 0.0128247, 0, 1.99968e-18, 1.20806e-17, 0, 0, 0.372209, 3.23473e-13, 1.82715e-20, 14.5076, 0.977272, 6.46734e-07, 271.278
7069, 1.36519e-06, 0.355418, 0.0156039, 0, 6.84892e-18, 4.1219e-17, 0, 0, 0.371022, 8.81937e-13, 2.15611e-19, 13.5042, 0.977276, 6.46381e-07, 271.15
7070, 3.84632e-06, 0.351962, 0.0180296, 0, 3.47267e-17, 2.07661e-16, 0, 0, 0.369992, 2.48266e-12, 2.68093e-18, 12.4684, 0.97728, 6.46051e-07, 271.037
7071, 1.35932e-05, 0.349226, 0.0199454, 0, 1.81332e-16, 1.07897e-15, 0, 0, 0.369172, 8.76962e-12, 1.84636e-17, 11.2059, 0.977284, 6.45653e-07, 270.944
7072, 3.59551e-05, 0.346009, 0.02216, 0, 5.76772e-16, 3.40934e-15, 0, 0, 0.368169, 2.31922e-11, 6.77162e-17, 10.2332, 0.977288, 6.45276e-07, 270.833
7073, 6.39596e-05, 0.343369, 0.0239801, 0, 1.17795e-15, 6.89728e-15, 0, 0, 0.367349, 4.12441e-11, 1.64326e-16, 9.65726, 0.977292, 6.44988e-07, 270.74
7074, 9.4193e-05, 0.341841, 0.0250563, 0, 2.06264e-15, 1.19449e-14, 0, 0, 0.366898, 6.07059e-11, 3.57839e-16, 9.27016, 0.977296, 6.44659e-07, 270.683
7075, 0.000129644, 0.340816, 0.0257945, 0, 3.28027e-15, 1.88828e-14, 0, 0, 0.366611, 8.35048e-11, 6.51041e-16, 8.95072, 0.9773, 6.4425e-07, 270.642
7076, 0.000147956, 0.340482, 0.0260901, 0, 3.93031e-15, 2.26258e-14, 0, 0, 0.366572, 9.52643e-11, 8.07648e-16, 8.8186, 0.977304, 6.43889e-07, 270.625
7077, 0.000129793, 0.341356, 0.0256156, 0, 3.30157e-15, 1.91089e-14, 0, 0, 0.366972, 8.35464e-11, 6.47934e-16, 8.94957, 0.977308, 6.4359e-07, 270.652
7078, 8.695e-05, 0.34373, 0.0241642, 0, 1.95548e-15, 1.14359e-14, 0, 0, 0.367894, 5.59511e-11, 3.37644e-16, 9.35018, 0.977312, 6.43242e-07, 270.729
7079, 4.29778e-05, 0.348307, 0.0212324, 0, 8.09445e-16, 4.797e-15, 0, 0, 0.369539, 2.76459e-11, 1.1521e-16, 10.0548, 0.977316, 6.42844e-07, 270.877
7080, 1.43443e-05, 0.355892, 0.0162358, 0, 2.19461e-16, 1.31814e-15, 0, 0, 0.372128, 9.22419e-12, 2.49457e-17, 11.1522, 0.97732, 6.42444e-07, 271.117
7081, 2.93639e-06, 0.365304, 0.00995001, 0, 3.57189e-17, 2.17163e-16, 0, 0, 0.375254, 1.88779e-12, 3.16528e-18, 12.7383, 0.977324, 6.4207e-07, 271.407
7082, 3.42785e-07, 0.372298, 0.00527772, 0, 3.28424e-18, 2.01666e-17, 0, 0, 0.377575, 2.20332e-13, 2.18669e-19, 14.8862, 0.977328, 6.41693e-07, 271.618
7083, 4.4142e-08, 0.37422, 0.00405914, 0, 4.45749e-19, 2.8214e-18, 0, 0, 0.378279, 2.83035e-14, 3.33545e-20, 16.9359, 0.977332, 6.41211e-07, 271.673
7084, 4.36625e-07, 0.372842, 0.00509147, 0, 6.50861e-18, 4.11684e-17, 0, 0, 0.377933, 2.79308e-13, 7.25982e-19, 14.6442, 0.977336, 6.40663e-07, 271.627
7085, 4.23077e-06, 0.367931, 0.00852167, 0, 7.55862e-17, 4.70722e-16, 0, 0, 0.376453, 2.70584e-12, 1.02316e-17, 12.3731, 0.97734, 6.4025e-07, 271.472
7086, 2.17886e-05, 0.358831, 0.0147701, 0, 4.5874e-16, 2.81536e-15, 0, 0, 0.373601, 1.39314e-11, 7.3067e-17, 10.7341, 0.977344, 6.3997e-07, 271.183
7087, 6.26939e-05, 0.349849, 0.0208865, 0, 1.50142e-15, 9.10925e-15, 0, 0, 0.370735, 4.00721e-11, 2.69707e-16, 9.67725, 0.977348, 6.396e-07, 270.892
7088, 0.000105485, 0.345017, 0.0241818, 0, 2.71824e-15, 1.63905e-14, 0, 0, 0.369199, 6.73939e-11, 5.22043e-16, 9.15695, 0.977352, 6.39021e-07, 270.729
7089, 0.000106313, 0.345237, 0.0241222, 0, 2.75486e-15, 1.66167e-14, 0, 0, 0.369359, 6.78898e-11, 5.32783e-16, 9.14912, 0.977356, 6.38074e-07, 270.732
7090, 6.36568e-05, 0.350702, 0.0205775, 0, 1.55409e-15, 9.43374e-15, 0, 0, 0.371279, 4.06287e-11, 2.85421e-16, 9.662, 0.97736, 6.35843e-07, 270.907
7091, 2.18949e-05, 0.360239, 0.0142638, 0, 4.79022e-16, 2.93887e-15, 0, 0, 0.374503, 1.39669e-11, 7.95552e-17, 10.7293, 0.977364, 6.29886e-07, 271.207
7092, 5.53892e-06, 0.367887, 0.00918294, 0, 1.15189e-16, 7.08998e-16, 0, 0, 0.37707, 3.52759e-12, 2.07512e-17, 12.1037, 0.977368, 6.20938e-07, 271.442
7093, 1.40187e-05, 0.366381, 0.0102852, 0, 4.43258e-16, 2.61737e-15, 0, 0, 0.376666, 8.90458e-12, 1.36857e-16, 11.1751, 0.977372, 6.18875e-07, 271.39
7094, 6.87853e-05, 0.356827, 0.0167919, 0, 2.71601e-15, 1.56706e-14, 0, 0, 0.373619, 4.37041e-11, 1.01817e-15, 9.58452, 0.977376, 6.2627e-07, 271.083
7095, 0.000203054, 0.346809, 0.0235132, 0, 9.57012e-15, 5.4161e-14, 0, 0, 0.370322, 1.29052e-10, 4.17307e-15, 8.50204, 0.97738, 6.32888e-07, 270.75
7096, 0.000376775, 0.340774, 0.0274996, 0, 2.00716e-14, 1.12032e-13, 0, 0, 0.368274, 2.39513e-10, 9.70896e-15, 7.88386, 0.977384, 6.35205e-07, 270.537
7097, 0.000462017, 0.339035, 0.0286793, 0, 2.58387e-14, 1.43314e-13, 0, 0, 0.367715, 2.93733e-10, 1.30811e-14, 7.67991, 0.977388, 6.35667e-07, 270.47
7098, 0.000375679, 0.341314, 0.0273172, 0, 2.03787e-14, 1.13224e-13, 0, 0, 0.368631, 2.38844e-10, 1.01692e-14, 7.88678, 0.977392, 6.35611e-07, 270.547
7099, 0.000208474, 0.345762, 0.0245755, 0, 1.00904e-14, 5.65646e-14, 0, 0, 0.370338, 1.32518e-10, 4.66281e-15, 8.47569, 0.977396, 6.35347e-07, 270.701
7100, 0.000149347, 0.347076, 0.0238342, 0, 6.27791e-15, 3.53618e-14, 0, 0, 0.370911, 9.48563e-11, 2.56261e-15, 8.80924, 0.9774, 6.35089e-07, 270.744
7101, 0.000250338, 0.343752, 0.0260526, 0, 1.13943e-14, 6.34177e-14, 0, 0, 0.369804, 1.58897e-10, 4.81538e-15, 8.2927, 0.977404, 6.34875e-07, 270.623
7102, 0.000375592, 0.340498, 0.028206, 0, 1.8285e-14, 1.0118e-13, 0, 0, 0.368704, 2.38315e-10, 8.00596e-15, 7.88701, 0.977408, 6.34575e-07, 270.503
7103, 0.000396553, 0.339896, 0.028678, 0, 1.91346e-14, 1.05907e-13, 0, 0, 0.368574, 2.51505e-10, 8.21753e-15, 7.8327, 0.977412, 6.34173e-07, 270.478
7104, 0.000312837, 0.341397, 0.0278341, 0, 1.37664e-14, 7.66734e-14, 0, 0, 0.369231, 1.98312e-10, 5.44209e-15, 8.06983, 0.977416, 6.33781e-07, 270.529
7105, 0.000188277, 0.344412, 0.0260189, 0, 6.99061e-15, 3.94056e-14, 0, 0, 0.370431, 1.19303e-10, 2.39797e-15, 8.5776, 0.97742, 6.33507e-07, 270.634
7106, 8.73794e-05, 0.347947, 0.023842, 0, 2.48048e-15, 1.42538e-14, 0, 0, 0.371789, 5.53524e-11, 6.90274e-16, 9.34525, 0.977424, 6.33268e-07, 270.754
7107, 3.90645e-05, 0.350331, 0.0223902, 0, 7.13475e-16, 4.2521e-15, 0, 0, 0.372721, 2.47345e-11, 1.31043e-16, 10.1503, 0.977428, 6.32949e-07, 270.832
7108, 2.13177e-05, 0.352066, 0.0213403, 0, 2.59354e-16, 1.60961e-15, 0, 0, 0.373406, 1.34902e-11, 2.29021e-17, 10.756, 0.977432, 6.32591e-07, 270.885
7109, 1.02034e-05, 0.354823, 0.0195928, 0, 9.92156e-17, 6.24721e-16, 0, 0, 0.374416, 6.45464e-12, 5.34885e-18, 11.4928, 0.977436, 6.32217e-07, 270.971
7110, 3.32431e-06, 0.358631, 0.0171241, 0, 2.56006e-17, 1.61698e-16, 0, 0, 0.375755, 2.10239e-12, 1.00052e-18, 12.6142, 0.97744, 6.3183e-07, 271.088
7111, 7.22799e-07, 0.36293, 0.0143062, 0, 4.15804e-18, 2.60835e-17, 0, 0, 0.377236, 4.56975e-13, 1.07167e-19, 14.1401, 0.977444, 6.31517e-07, 271.218
7112, 1.04835e-07, 0.367308, 0.0114188, 0, 4.42492e-19, 2.69607e-18, 0, 0, 0.378727, 6.62548e-14, 6.43369e-21, 16.0709, 0.977448, 6.31252e-07, 271.349
7113, 9.80838e-09, 0.371575, 0.00859643, 0, 3.13348e-20, 1.78521e-19, 0, 0, 0.380172, 6.1967e-15, 2.23122e-22, 18.44, 0.977452, 6.30949e-07, 271.475
7114, 5.648e-10, 0.375627, 0.00591356, 0, 1.45754e-21, 7.38592e-21, 0, 0, 0.381541, 3.56747e-16, 4.48902e-24, 21.2945, 0.977456, 6.30584e-07, 271.593
7115, 1.91685e-11, 0.379174, 0.00357079, 0, 4.3554e-23, 1.85394e-22, 0, 0, 0.382745, 1.2106e-17, 5.09987e-26, 24.6778, 0.97746, 6.30172e-07, 271.696
7116, 3.74962e-13, 0.38188, 0.00180248, 0, 8.22238e-25, 2.75018e-24, 0, 0, 0.383683, 2.36786e-19, 3.17059e-28, 28.612, 0.977464, 6.29761e-07, 271.772
7117, 4.23117e-15, 0.383448, 0.000815263, 0, 9.70605e-27, 2.39218e-26, 0, 0, 0.384263, 2.67159e-21, 1.05876e-30, 33.0963, 0.977468, 6.29359e-07, 271.815
7118, 5.43896e-16, 0.383671, 0.000752543, 0, 1.41579e-27, 1.99676e-27, 0, 0, 0.384423, 3.41303e-22, 2.16466e-33, 35.1478, 0.977472, 6.29001e-07, 271.818
7119, 3.42908e-14, 0.382552, 0.0016128, 0, 8.36124e-26, 1.30747e-25, 0, 0, 0.384165, 2.15088e-20, 2.89826e-32, 31.0039, 0.977476, 6.28757e-07, 271.781
7120, 1.15855e-12, 0.380332, 0.00322953, 0, 2.66169e-24, 4.64426e-24, 0, 0, 0.383561, 7.26612e-19, 1.47633e-30, 27.4839, 0.97748, 6.2852e-07, 271.711
7121, 1.91536e-11, 0.377345, 0.00536941, 0, 4.23517e-23, 8.48839e-23, 0, 0, 0.382715, 1.20113e-17, 1.9418e-27, 24.6785, 0.977484, 6.2821e-07, 271.617
7122, 1.80565e-10, 0.373964, 0.00777686, 0, 4.10991e-22, 1.22549e-21, 0, 0, 0.381741, 1.132e-16, 2.54013e-25, 22.4349, 0.977488, 6.27854e-07, 271.512
7123, 1.80972e-09, 0.370978, 0.00990935, 0, 4.94065e-21, 2.50512e-20, 0, 0, 0.380888, 1.1337e-15, 1.19055e-23, 20.1301, 0.977492, 6.27478e-07, 271.418
7124, 2.2006e-08, 0.369478, 0.0110236, 0, 6.95943e-20, 4.12295e-19, 0, 0, 0.380502, 1.37788e-14, 2.65759e-22, 17.632, 0.977496, 6.27125e-07, 271.368
7125, 1.71662e-07, 0.36847, 0.0117964, 0, 5.90295e-19, 3.60926e-18, 0, 0, 0.380267, 1.07456e-13, 2.84305e-21, 15.5777, 0.9775, 6.268e-07, 271.333
7126, 7.17358e-07, 0.365254, 0.0140686, 0, 2.61421e-18, 1.616e-17, 0, 0, 0.379323, 4.48949e-13, 1.50243e-20, 14.1477, 0.977504, 6.26435e-07, 271.23
7127, 1.68439e-06, 0.36098, 0.0170572, 0, 6.41569e-18, 3.97593e-17, 0, 0, 0.378037, 1.05394e-12, 4.62213e-20, 13.2941, 0.977508, 6.26035e-07, 271.094
7128, 2.76904e-06, 0.3584, 0.0188914, 0, 1.18668e-17, 7.36387e-17, 0, 0, 0.377291, 1.73207e-12, 1.45348e-19, 12.797, 0.977512, 6.25701e-07, 271.01
7129, 4.75698e-06, 0.357153, 0.0198175, 0, 2.65085e-17, 1.66262e-16, 0, 0, 0.37697, 2.97401e-12, 5.49094e-19, 12.2559, 0.977516, 6.25418e-07, 270.966
7130, 8.34737e-06, 0.356097, 0.0206097, 0, 5.57933e-17, 3.52944e-16, 0, 0, 0.376707, 5.21641e-12, 1.41196e-18, 11.6936, 0.97752, 6.25092e-07, 270.928
7131, 1.08328e-05, 0.355536, 0.0210718, 0, 7.63323e-17, 4.84441e-16, 0, 0, 0.376607, 6.76712e-12, 2.01328e-18, 11.4329, 0.977524, 6.247e-07, 270.906
7132, 9.76404e-06, 0.355915, 0.0209074, 0, 6.57082e-17, 4.17264e-16, 0, 0, 0.376823, 6.09688e-12, 1.61396e-18, 11.5368, 0.977528, 6.24294e-07, 270.915
7133, 7.09839e-06, 0.356797, 0.0204086, 0, 4.19003e-17, 2.6556e-16, 0, 0, 0.377205, 4.43016e-12, 8.27927e-19, 11.8556, 0.977532, 6.23946e-07, 270.939
7134, 4.77108e-06, 0.357956, 0.0197215, 0, 2.42551e-17, 1.52933e-16, 0, 0, 0.377678, 2.97626e-12, 3.48961e-19, 12.2529, 0.977536, 6.23607e-07, 270.972
7135, 2.73316e-06, 0.359655, 0.0186695, 0, 1.20965e-17, 7.55091e-17, 0, 0, 0.378325, 1.70423e-12, 1.28034e-19, 12.8101, 0.97754, 6.2324e-07, 271.022
7136, 1.19978e-06, 0.361983, 0.0171888, 0, 4.51039e-18, 2.75667e-17, 0, 0, 0.379172, 7.4779e-13, 3.34378e-20, 13.6334, 0.977544, 6.22898e-07, 271.091
7137, 3.89355e-07, 0.364886, 0.0153128, 0, 1.21504e-18, 7.1279e-18, 0, 0, 0.380199, 2.42585e-13, 5.5771e-21, 14.7588, 0.977548, 6.22571e-07, 271.177
7138, 8.98569e-08, 0.368113, 0.0132098, 0, 2.34566e-19, 1.28475e-18, 0, 0, 0.381323, 5.59681e-14, 5.86478e-22, 16.225, 0.977552, 6.22194e-07, 271.272
7139, 1.38724e-08, 0.371374, 0.0110779, 0, 3.13831e-20, 1.55098e-19, 0, 0, 0.382451, 8.63855e-15, 3.84592e-23, 18.0934, 0.977556, 6.21798e-07, 271.368
7140, 1.36409e-09, 0.374497, 0.00903404, 0, 2.81636e-21, 1.19394e-20, 0, 0, 0.383532, 8.49245e-16, 1.52632e-24, 20.4128, 0.97756, 6.21499e-07, 271.458
7141, 8.65127e-11, 0.377266, 0.00722959, 0, 1.7397e-22, 5.78485e-22, 0, 0, 0.384496, 5.38434e-17, 3.52001e-26, 23.1707, 0.977564, 6.21266e-07, 271.538
7142, 3.73968e-12, 0.379859, 0.00554228, 0, 7.81636e-24, 1.87555e-23, 0, 0, 0.385401, 2.32658e-18, 4.51165e-28, 26.312, 0.977568, 6.2099e-07, 271.611
7143, 1.05773e-13, 0.382417, 0.00387587, 0, 2.36399e-25, 4.24937e-25, 0, 0, 0.386293, 6.57841e-20, 3.08078e-30, 29.8775, 0.977572, 6.20655e-07, 271.684
7144, 1.69131e-15, 0.384715, 0.00238711, 0, 4.05483e-27, 6.00855e-27, 0, 0, 0.387102, 1.05169e-21, 1.09011e-32, 34.0133, 0.977576, 6.20268e-07, 271.748
7145, 1.36598e-17, 0.386512, 0.00124086, 0, 3.59194e-29, 4.52944e-29, 0, 0, 0.387753, 8.49266e-24, 2.02405e-35, 38.8321, 0.97758, 6.19841e-07, 271.797
7146, 5.41908e-20, 0.38765, 0.000547901, 0, 1.73338e-31, 1.69569e-31, 0, 0, 0.388198, 3.36863e-26, 2.14325e-38, 44.3618, 0.977584, 6.19482e-07, 271.827
7147, 1.15376e-22, 0.388028, 0.000377398, 0, 5.7078e-34, 3.3203e-34, 0, 0, 0.388406, 7.17058e-29, 1.42876e-41, 50.5138, 0.977588, 6.19196e-07, 271.834
7148, 1.87646e-25, 0.387632, 0.000740379, 0, 3.56749e-36, 4.65114e-37, 0, 0, 0.388373, 1.1652e-31, 4.2039e-45, 56.9352, 0.977592, 6.18876e-07, 271.818
7149, 4.71786e-25, 0.386557, 0.0015708, 0, 4.75311e-35, 9.38317e-37, 0, 0, 0.388128, 2.91354e-31, 0, 56.0133, 0.977596, 6.18541e-07, 271.783
7150, 4.77207e-24, 0.385047, 0.00269961, 0, 4.67965e-34, 9.51278e-36, 0, 0, 0.387747, 2.94685e-30, 0, 53.6993, 0.9776, 6.18192e-07, 271.734
7151, 1.02957e-20, 0.383616, 0.00377351, 0, 6.04465e-32, 2.5465e-32, 0, 0, 0.38739, 6.34182e-27, 1.4013e-43, 46.0226, 0.977604, 6.17831e-07, 271.688
7152, 1.53712e-18, 0.3832, 0.00414941, 0, 7.69073e-30, 3.88587e-30, 0, 0, 0.387349, 9.46657e-25, 9.54284e-41, 41.0166, 0.977608, 6.17479e-07, 271.672
7153, 9.15449e-17, 0.384506, 0.00334087, 0, 4.32812e-28, 2.33312e-28, 0, 0, 0.387847, 5.63759e-23, 7.2241e-39, 36.9297, 0.977612, 6.1713e-07, 271.707
7154, 2.54796e-15, 0.386203, 0.00226346, 0, 1.14513e-26, 6.53146e-27, 0, 0, 0.388467, 1.56899e-21, 2.5311e-37, 33.6035, 0.977616, 6.1681e-07, 271.753
7155, 3.35226e-14, 0.385554, 0.00279843, 0, 1.44331e-25, 8.62598e-26, 0, 0, 0.388353, 2.0641e-20, 4.01497e-36, 31.0266, 0.97762, 6.16511e-07, 271.73
7156, 2.11302e-13, 0.382208, 0.00518642, 0, 8.79794e-25, 5.44785e-25, 0, 0, 0.387394, 1.30094e-19, 2.91053e-35, 29.1855, 0.977624, 6.16214e-07, 271.627
7157, 6.47689e-13, 0.378749, 0.00764947, 0, 2.63939e-24, 1.67064e-24, 0, 0, 0.386399, 3.98729e-19, 9.71185e-35, 28.0654, 0.977628, 6.15901e-07, 271.52
7158, 9.79612e-13, 0.377212, 0.00879382, 0, 3.96559e-24, 2.52446e-24, 0, 0, 0.386005, 6.03003e-19, 1.49896e-34, 27.6516, 0.977632, 6.15574e-07, 271.471
7159, 7.39459e-13, 0.37766, 0.00857642, 0, 3.02475e-24, 1.90041e-24, 0, 0, 0.386237, 4.55124e-19, 1.0726e-34, 27.9329, 0.977636, 6.15236e-07, 271.48
7160, 2.80422e-13, 0.379528, 0.00738631, 0, 1.18e-24, 7.16892e-25, 0, 0, 0.386914, 1.72575e-19, 3.55854e-35, 28.9025, 0.97764, 6.14881e-07, 271.532
7161, 5.35348e-14, 0.382272, 0.00559334, 0, 2.35868e-25, 1.35729e-25, 0, 0, 0.387866, 3.29421e-20, 5.46582e-36, 30.5584, 0.977644, 6.14499e-07, 271.61
7162, 5.13652e-15, 0.385304, 0.00360087, 0, 2.40944e-26, 1.28801e-26, 0, 0, 0.388905, 3.16034e-21, 3.8798e-37, 32.9024, 0.977648, 6.14133e-07, 271.696
7163, 2.46463e-16, 0.387928, 0.00188647, 0, 1.24936e-27, 6.10124e-28, 0, 0, 0.389815, 1.51624e-22, 1.2712e-38, 35.9393, 0.977652, 6.13817e-07, 271.77
7164, 5.86567e-18, 0.389375, 0.000980835, 0, 3.25348e-29, 1.43211e-29, 0, 0, 0.390356, 3.60819e-24, 1.9211e-40, 39.6774, 0.977656, 6.13462e-07, 271.808
7165, 6.85017e-20, 0.389307, 0.00111792, 0, 4.19875e-31, 1.64882e-31, 0, 0, 0.390425, 4.21338e-26, 1.33964e-42, 44.1274, 0.97766, 6.13048e-07, 271.802
7166, 3.87875e-22, 0.388409, 0.00182599, 0, 2.64778e-33, 9.20298e-34, 0, 0, 0.390235, 2.38552e-28, 5.60519e-45, 49.3014, 0.977664, 6.12687e-07, 271.772
7167, 1.052e-24, 0.387879, 0.00228029, 0, 8.04774e-36, 2.46077e-36, 0, 0, 0.39016, 6.46947e-31, 0, 55.2114, 0.977668, 6.12413e-07, 271.753
7168, 1.3509e-27, 0.388321, 0.00206578, 0, 1.16371e-38, 3.11647e-39, 0, 0, 0.390387, 8.30701e-34, 0, 61.869, 0.977672, 6.12136e-07, 271.762
7169, 8.12456e-31, 0.389441, 0.00138469, 0, 7.90613e-42, 1.84971e-42, 0, 0, 0.390826, 4.99562e-37, 0, 69.2852, 0.977676, 6.11797e-07, 271.791
7170, 2.49251e-27, 0.390567, 0.00069872, 0, 8.98941e-38, 4.99958e-39, 0, 0, 0.391266, 1.51844e-33, 0, 61.2565, 0.97768, 6.1144e-07, 271.82
7171, 5.80798e-22, 0.391171, 0.000372708, 0, 4.1685e-33, 1.33079e-33, 0, 0, 0.391544, 3.53828e-28, 0, 48.8976, 0.977684, 6.11071e-07, 271.834
7172, 1.30127e-18, 0.391017, 0.000568135, 0, 4.32189e-30, 3.59259e-30, 0, 0, 0.391586, 7.92369e-25, 6.37523e-39, 41.1832, 0.977688, 6.10698e-07, 271.826
7173, 2.83455e-16, 0.390109, 0.00128338, 0, 6.89625e-28, 9.9399e-28, 0, 0, 0.391392, 1.7254e-22, 2.79927e-34, 35.7995, 0.977692, 6.1041e-07, 271.796
7174, 2.08906e-14, 0.388535, 0.00245605, 0, 4.61525e-26, 8.02493e-26, 0, 0, 0.390991, 1.27146e-20, 8.86568e-32, 31.4995, 0.977696, 6.1014e-07, 271.746
7175, 1.08503e-12, 0.386365, 0.00403773, 0, 2.1554e-24, 5.27801e-24, 0, 0, 0.390402, 6.60216e-19, 6.07306e-29, 27.5494, 0.9777, 6.09786e-07, 271.678
7176, 3.21854e-11, 0.383722, 0.00594123, 0, 6.13781e-23, 2.01394e-22, 0, 0, 0.389663, 1.95781e-17, 8.84304e-27, 24.1595, 0.977704, 6.09415e-07, 271.596
7177, 5.86112e-10, 0.380765, 0.00805733, 0, 1.14936e-21, 4.80204e-21, 0, 0, 0.388823, 3.56397e-16, 4.89019e-25, 21.2575, 0.977708, 6.09115e-07, 271.504
7178, 6.74157e-09, 0.377633, 0.0102892, 0, 1.44627e-20, 7.20294e-20, 0, 0, 0.387922, 4.09767e-15, 1.36528e-23, 18.815, 0.977712, 6.08836e-07, 271.407
7179, 4.89609e-08, 0.374476, 0.0125327, 0, 1.18274e-19, 6.58166e-19, 0, 0, 0.387009, 2.97496e-14, 1.98e-22, 16.8322, 0.977716, 6.085e-07, 271.308
7180, 2.19214e-07, 0.371458, 0.014676, 0, 5.93704e-19, 3.51834e-18, 0, 0, 0.386134, 1.33174e-13, 1.64111e-21, 15.3332, 0.97772, 6.08091e-07, 271.213
7181, 6.05356e-07, 0.368924, 0.0164842, 0, 1.90818e-18, 1.17515e-17, 0, 0, 0.385409, 3.67703e-13, 1.3808e-20, 14.3174, 0.977724, 6.07695e-07, 271.132
7182, 1.32964e-06, 0.367344, 0.0176418, 0, 6.37359e-18, 4.06983e-17, 0, 0, 0.384986, 8.07228e-13, 1.5245e-19, 13.5306, 0.977728, 6.07413e-07, 271.079
7183, 3.84337e-06, 0.366147, 0.0185327, 0, 2.91813e-17, 1.89505e-16, 0, 0, 0.384679, 2.33151e-12, 1.15443e-18, 12.4692, 0.977732, 6.07143e-07, 271.038
7184, 1.08023e-05, 0.363982, 0.020067, 0, 9.98726e-17, 6.49464e-16, 0, 0, 0.384049, 6.55068e-12, 4.77635e-18, 11.4357, 0.977736, 6.06795e-07, 270.965
7185, 1.96294e-05, 0.36174, 0.0216498, 0, 1.98888e-16, 1.29185e-15, 0, 0, 0.383389, 1.19011e-11, 1.05961e-17, 10.8385, 0.97774, 6.06437e-07, 270.89
7186, 2.11573e-05, 0.361849, 0.0216596, 0, 2.21529e-16, 1.4385e-15, 0, 0, 0.383509, 1.2825e-11, 1.23766e-17, 10.7635, 0.977744, 6.06113e-07, 270.889
7187, 1.30109e-05, 0.365462, 0.0193182, 0, 1.33185e-16, 8.65568e-16, 0, 0, 0.38478, 7.88552e-12, 7.37789e-18, 11.2497, 0.977748, 6.05788e-07, 270.999
7188, 4.41535e-06, 0.371623, 0.0152425, 0, 4.1655e-17, 2.71008e-16, 0, 0, 0.386865, 2.67558e-12, 2.17775e-18, 12.3304, 0.977752, 6.0545e-07, 271.185
7189, 8.45255e-07, 0.377073, 0.0116333, 0, 6.70972e-18, 4.36577e-17, 0, 0, 0.388706, 5.12093e-13, 3.10739e-19, 13.9836, 0.977756, 6.05146e-07, 271.347
7190, 1.20052e-07, 0.379767, 0.0098888, 0, 6.50258e-19, 4.19786e-18, 0, 0, 0.389656, 7.26777e-14, 2.15597e-20, 15.9353, 0.97776, 6.0486e-07, 271.424
7191, 1.65099e-07, 0.380229, 0.00965872, 0, 6.22215e-19, 3.95105e-18, 0, 0, 0.389888, 9.97063e-14, 6.19929e-21, 15.6167, 0.977764, 6.04545e-07, 271.434
7192, 7.16167e-07, 0.376918, 0.0119996, 0, 2.89776e-18, 1.86287e-17, 0, 0, 0.388918, 4.32398e-13, 3.06201e-20, 14.1494, 0.977768, 6.0421e-07, 271.33
7193, 1.67342e-06, 0.371852, 0.0155378, 0, 7.42363e-18, 4.82477e-17, 0, 0, 0.38739, 1.01014e-12, 1.00504e-19, 13.3006, 0.977772, 6.03867e-07, 271.174
7194, 2.81449e-06, 0.369666, 0.0171124, 0, 1.57731e-17, 1.04115e-16, 0, 0, 0.386779, 1.69783e-12, 3.59825e-19, 12.7807, 0.977776, 6.03513e-07, 271.103
7195, 5.68048e-06, 0.368332, 0.0180961, 0, 3.99007e-17, 2.65837e-16, 0, 0, 0.386428, 3.42423e-12, 1.2164e-18, 12.0785, 0.97778, 6.03142e-07, 271.058
7196, 9.70476e-06, 0.365834, 0.019864, 0, 7.24273e-17, 4.83747e-16, 0, 0, 0.385698, 5.84831e-12, 2.32226e-18, 11.5429, 0.977784, 6.0277e-07, 270.976
7197, 9.86842e-06, 0.365103, 0.0204457, 0, 7.22324e-17, 4.83099e-16, 0, 0, 0.385549, 5.94587e-12, 2.22881e-18, 11.5262, 0.977788, 6.02424e-07, 270.95
7198, 5.77256e-06, 0.367217, 0.0191135, 0, 3.90699e-17, 2.61421e-16, 0, 0, 0.38633, 3.47746e-12, 1.08205e-18, 12.0624, 0.977792, 6.02089e-07, 271.012
7199, 1.9846e-06, 0.37077, 0.0168037, 0, 1.17003e-17, 7.80354e-17, 0, 0, 0.387574, 1.1953e-12, 2.70287e-19, 13.1301, 0.977796, 6.01775e-07, 271.118
7200, 4.11227e-07, 0.374863, 0.0141146, 0, 1.97218e-18, 1.29576e-17, 0, 0, 0.388978, 2.4761e-13, 3.49941e-20, 14.7041, 0.9778, 6.01492e-07, 271.239
7201, 5.54777e-08, 0.379491, 0.0110489, 0, 1.97129e-19, 1.23127e-18, 0, 0, 0.39054, 3.33932e-14, 2.33464e-21, 16.7073, 0.977804, 6.01214e-07, 271.374
7202, 5.51548e-09, 0.383997, 0.00805783, 0, 1.37988e-20, 7.57504e-20, 0, 0, 0.392055, 3.31875e-15, 7.92237e-23, 19.0157, 0.977808, 6.0092e-07, 271.505
7203, 3.96121e-10, 0.387473, 0.00576635, 0, 7.89407e-22, 3.59648e-21, 0, 0, 0.393239, 2.3829e-16, 1.36682e-24, 21.6493, 0.977812, 6.00605e-07, 271.604
7204, 1.72567e-11, 0.390306, 0.00391118, 0, 3.1952e-23, 1.2376e-22, 0, 0, 0.394217, 1.03791e-17, 1.2734e-26, 24.7828, 0.977816, 6.00276e-07, 271.684
7205, 3.99892e-13, 0.392883, 0.00222908, 0, 7.35567e-25, 2.47844e-24, 0, 0, 0.395112, 2.40489e-19, 7.61662e-29, 28.5476, 0.97782, 5.99925e-07, 271.755
7206, 4.64772e-15, 0.394784, 0.00101086, 0, 8.70493e-27, 2.55366e-26, 0, 0, 0.395795, 2.79487e-21, 3.30897e-31, 33.0024, 0.977824, 5.99524e-07, 271.807
7207, 2.62853e-17, 0.395594, 0.000542395, 0, 5.08152e-29, 1.29435e-28, 0, 0, 0.396136, 1.58057e-23, 8.97589e-34, 38.1775, 0.977828, 5.99122e-07, 271.827
7208, 7.07243e-20, 0.39523, 0.000881184, 0, 1.42446e-31, 3.15534e-31, 0, 0, 0.396111, 4.25259e-26, 1.25454e-36, 44.0955, 0.977832, 5.9881e-07, 271.813
7209, 2.24321e-19, 0.394038, 0.00178971, 0, 7.43499e-31, 6.08218e-31, 0, 0, 0.395827, 1.33869e-25, 1.2114e-39, 42.9412, 0.977836, 5.98548e-07, 271.774
7210, 2.73852e-15, 0.392948, 0.00262701, 0, 4.9535e-27, 1.78565e-26, 0, 0, 0.395575, 1.63344e-21, 1.97483e-31, 33.5314, 0.97784, 5.98271e-07, 271.738
7211, 5.14578e-13, 0.393005, 0.00267652, 0, 1.16634e-24, 6.33987e-24, 0, 0, 0.395681, 3.06849e-19, 1.8432e-27, 28.2954, 0.977844, 5.97944e-07, 271.736
7212, 3.81806e-11, 0.39373, 0.00226581, 0, 1.10693e-22, 6.86604e-22, 0, 0, 0.395996, 2.27617e-17, 6.5904e-25, 23.9887, 0.977848, 5.97584e-07, 271.754
7213, 1.36562e-09, 0.392735, 0.0030353, 0, 4.76361e-21, 3.12682e-20, 0, 0, 0.39577, 8.13952e-16, 4.66869e-23, 20.4117, 0.977852, 5.97245e-07, 271.721
7214, 2.58791e-08, 0.388674, 0.00590279, 0, 1.1124e-19, 7.51789e-19, 0, 0, 0.394577, 1.54209e-14, 2.25406e-21, 17.4698, 0.977856, 5.96942e-07, 271.597
7215, 2.67353e-07, 0.38272, 0.0100555, 0, 1.53292e-18, 1.03729e-17, 0, 0, 0.392775, 1.59269e-13, 8.51335e-20, 15.1347, 0.97786, 5.96649e-07, 271.416
7216, 1.68694e-06, 0.376581, 0.0143157, 0, 1.6501e-17, 1.0792e-16, 0, 0, 0.390896, 1.00464e-12, 2.49045e-18, 13.2926, 0.977864, 5.96309e-07, 271.227
7217, 8.57638e-06, 0.371363, 0.0179244, 0, 1.65539e-16, 1.0355e-15, 0, 0, 0.389287, 5.10573e-12, 4.57435e-17, 11.6665, 0.977868, 5.95908e-07, 271.063
7218, 4.01077e-05, 0.367075, 0.0208584, 0, 1.25619e-15, 7.59039e-15, 0, 0, 0.387934, 2.38696e-11, 5.12308e-16, 10.1239, 0.977872, 5.9554e-07, 270.923
7219, 0.000145519, 0.362338, 0.0240099, 0, 6.53343e-15, 3.81535e-14, 0, 0, 0.386348, 8.65782e-11, 3.77416e-15, 8.8352, 0.977876, 5.9527e-07, 270.76
7220, 0.000387621, 0.356935, 0.027497, 0, 2.43647e-14, 1.37579e-13, 0, 0, 0.384432, 2.30538e-10, 1.88591e-14, 7.85548, 0.97788, 5.95024e-07, 270.565
7221, 0.000794265, 0.352158, 0.0304673, 0, 6.573e-14, 3.61154e-13, 0, 0, 0.382625, 4.72201e-10, 6.28398e-14, 7.13809, 0.977884, 5.94732e-07, 270.38
7222, 0.00127615, 0.3486, 0.0325941, 0, 1.26428e-13, 6.81099e-13, 0, 0, 0.381194, 7.58349e-10, 1.39844e-13, 6.66391, 0.977888, 5.94389e-07, 270.231
7223, 0.00167519, 0.346332, 0.0339235, 0, 1.87632e-13, 9.94731e-13, 0, 0, 0.380256, 9.94938e-10, 2.36712e-13, 6.39183, 0.977892, 5.94008e-07, 270.129
7224, 0.00207383, 0.344779, 0.0348017, 0, 2.72966e-13, 1.41975e-12, 0, 0, 0.379581, 1.23099e-09, 4.08294e-13, 6.17836, 0.977896, 5.93652e-07, 270.052
7225, 0.002529, 0.343532, 0.0354656, 0, 3.88979e-13, 1.99005e-12, 0, 0, 0.378997, 1.50052e-09, 6.58966e-13, 5.97993, 0.9779, 5.93362e-07, 269.983
7226, 0.00240723, 0.34466, 0.0348741, 0, 3.86485e-13, 1.96127e-12, 0, 0, 0.379534, 1.42789e-09, 6.80807e-13, 6.02928, 0.977904, 5.93081e-07, 270.023
7227, 0.0014867, 0.349967, 0.0319658, 0, 2.19901e-13, 1.11468e-12, 0, 0, 0.381933, 8.81646e-10, 3.80207e-13, 6.5112, 0.977908, 5.92781e-07, 270.242
7228, 0.000739435, 0.356667, 0.0280497, 0, 9.0525e-14, 4.63456e-13, 0, 0, 0.384717, 4.38197e-10, 1.56841e-13, 7.20962, 0.977912, 5.92462e-07, 270.496
7229, 0.00102104, 0.357598, 0.0273454, 0, 1.7025e-13, 8.63747e-13, 0, 0, 0.384944, 6.04174e-10, 4.29034e-13, 6.88694, 0.977916, 5.92128e-07, 270.506
7230, 0.00270166, 0.349409, 0.0319063, 0, 6.81963e-13, 3.36017e-12, 0, 0, 0.381316, 1.59756e-09, 2.10201e-12, 5.91389, 0.97792, 5.91752e-07, 270.146
7231, 0.00561211, 0.339205, 0.0372788, 0, 1.83027e-12, 8.82729e-12, 0, 0, 0.376483, 3.31719e-09, 6.16608e-12, 5.18283, 0.977924, 5.91341e-07, 269.668
7232, 0.00793361, 0.333811, 0.0398521, 0, 2.88626e-12, 1.37816e-11, 0, 0, 0.373663, 4.68817e-09, 1.00319e-11, 4.83665, 0.977928, 5.91e-07, 269.381
7233, 0.00725109, 0.336062, 0.0388031, 0, 2.60383e-12, 1.24409e-11, 0, 0, 0.374865, 4.28425e-09, 8.96968e-12, 4.9266, 0.977932, 5.90763e-07, 269.486
7234, 0.00423505, 0.345814, 0.0339194, 0, 1.33279e-12, 6.43642e-12, 0, 0, 0.379734, 2.50189e-09, 4.36131e-12, 5.46436, 0.977936, 5.90516e-07, 269.946
7235, 0.00182573, 0.356921, 0.0278841, 0, 4.26405e-13, 2.11969e-12, 0, 0, 0.384805, 1.07808e-09, 1.21897e-12, 6.30578, 0.97794, 5.90214e-07, 270.421
7236, 0.00156316, 0.358189, 0.0272635, 0, 3.0759e-13, 1.57576e-12, 0, 0, 0.385452, 9.21803e-10, 7.71362e-13, 6.46105, 0.977944, 5.899e-07, 270.47
7237, 0.00332198, 0.348665, 0.0327076, 0, 8.63961e-13, 4.29046e-12, 0, 0, 0.381373, 1.9576e-09, 2.60883e-12, 5.7072, 0.977948, 5.89581e-07, 270.068
7238, 0.00634692, 0.338261, 0.0381112, 0, 2.07921e-12, 1.00533e-11, 0, 0, 0.376372, 3.73858e-09, 7.2981e-12, 5.05979, 0.977952, 5.89246e-07, 269.573
7239, 0.00947319, 0.331525, 0.0411064, 0, 3.63532e-12, 1.72539e-11, 0, 0, 0.372631, 5.57778e-09, 1.39845e-11, 4.65929, 0.977956, 5.88908e-07, 269.196
7240, 0.0112635, 0.328666, 0.0422473, 0, 4.64951e-12, 2.18567e-11, 0, 0, 0.370913, 6.62923e-09, 1.84069e-11, 4.48619, 0.97796, 5.88584e-07, 269.016
7241, 0.0108611, 0.329674, 0.0418927, 0, 4.43442e-12, 2.08226e-11, 0, 0, 0.371567, 6.38961e-09, 1.71479e-11, 4.52257, 0.977964, 5.88248e-07, 269.068
7242, 0.00835859, 0.334742, 0.0398349, 0, 3.10395e-12, 1.46754e-11, 0, 0, 0.374577, 4.91527e-09, 1.12546e-11, 4.78446, 0.977968, 5.87916e-07, 269.35
7243, 0.00480703, 0.344674, 0.0351041, 0, 1.49314e-12, 7.16191e-12, 0, 0, 0.379779, 2.82583e-09, 4.89364e-12, 5.33768, 0.977972, 5.87616e-07, 269.842
7244, 0.00190048, 0.358768, 0.0273854, 0, 4.6136e-13, 2.25947e-12, 0, 0, 0.386154, 1.11694e-09, 1.315e-12, 6.26565, 0.977976, 5.87301e-07, 270.442
7245, 0.00047259, 0.371392, 0.0199102, 0, 8.66843e-14, 4.35099e-13, 0, 0, 0.391303, 2.777e-10, 2.07193e-13, 7.65728, 0.97798, 5.86955e-07, 270.918
7246, 6.79439e-05, 0.378341, 0.0156157, 0, 9.36963e-15, 4.82254e-14, 0, 0, 0.393956, 3.99181e-11, 1.83874e-14, 9.59683, 0.977984, 5.86607e-07, 271.156
7247, 5.93678e-06, 0.384169, 0.0118064, 0, 5.57662e-16, 2.94899e-15, 0, 0, 0.395976, 3.48635e-12, 8.86963e-16, 12.0343, 0.977988, 5.86285e-07, 271.333
7248, 4.8724e-06, 0.38922, 0.00846226, 0, 1.92181e-16, 1.17198e-15, 0, 0, 0.397682, 2.85158e-12, 1.10348e-16, 12.2319, 0.977992, 5.85978e-07, 271.481
7249, 3.72889e-05, 0.386292, 0.0104811, 0, 1.69102e-15, 1.0264e-14, 0, 0, 0.396774, 2.18162e-11, 9.46325e-16, 10.1968, 0.977996, 5.8565e-07, 271.384
7250, 0.000156811, 0.375043, 0.0180309, 0, 7.92281e-15, 4.75513e-14, 0, 0, 0.393073, 9.17343e-11, 4.79188e-15, 8.76047, 0.978, 5.85332e-07, 271.026
7251, 0.000338816, 0.364513, 0.0250206, 0, 1.81409e-14, 1.08186e-13, 0, 0, 0.389533, 1.98183e-10, 1.15209e-14, 7.99005, 0.978004, 5.85037e-07, 270.679
7252, 0.00037998, 0.362452, 0.0264438, 0, 2.03361e-14, 1.21169e-13, 0, 0, 0.388896, 2.2223e-10, 1.31447e-14, 7.87539, 0.978008, 5.84699e-07, 270.607
7253, 0.00022181, 0.369577, 0.0218966, 0, 1.11614e-14, 6.68148e-14, 0, 0, 0.391474, 1.29704e-10, 7.10334e-15, 8.41369, 0.978012, 5.84315e-07, 270.839
7254, 6.70024e-05, 0.379553, 0.0154403, 0, 3.00129e-15, 1.81393e-14, 0, 0, 0.394993, 3.91728e-11, 1.81534e-15, 9.61078, 0.978016, 5.83991e-07, 271.158
7255, 1.04335e-05, 0.385915, 0.0113042, 0, 3.98703e-16, 2.44187e-15, 0, 0, 0.397219, 6.09855e-12, 2.20302e-16, 11.4705, 0.97802, 5.83727e-07, 271.355
7256, 2.98063e-06, 0.38951, 0.00895792, 0, 8.86893e-17, 5.60496e-16, 0, 0, 0.398468, 1.73774e-12, 3.50242e-17, 12.7234, 0.978024, 5.83436e-07, 271.46
7257, 1.97127e-05, 0.388478, 0.0097039, 0, 6.55245e-16, 4.08942e-15, 0, 0, 0.398182, 1.14808e-11, 2.60957e-16, 10.8342, 0.978028, 5.83127e-07, 271.421
7258, 9.01921e-05, 0.379077, 0.0160411, 0, 3.34773e-15, 2.05312e-14, 0, 0, 0.395118, 5.25187e-11, 1.45779e-15, 9.31357, 0.978032, 5.82804e-07, 271.123
7259, 0.000217271, 0.367829, 0.0235502, 0, 8.60331e-15, 5.20311e-14, 0, 0, 0.391379, 1.26491e-10, 3.97593e-15, 8.43437, 0.978036, 5.8245e-07, 270.759
7260, 0.000286851, 0.362244, 0.0272921, 0, 1.13008e-14, 6.77252e-14, 0, 0, 0.389536, 1.66965e-10, 5.33135e-15, 8.15655, 0.97804, 5.82098e-07, 270.573
7261, 0.000231429, 0.361974, 0.0275911, 0, 8.03001e-15, 4.8027e-14, 0, 0, 0.389565, 1.34667e-10, 3.60957e-15, 8.37124, 0.978044, 5.81769e-07, 270.564
7262, 0.000155143, 0.363362, 0.0268164, 0, 4.01191e-15, 2.42231e-14, 0, 0, 0.390178, 9.02262e-11, 1.44823e-15, 8.77116, 0.978048, 5.81427e-07, 270.61
7263, 0.000110171, 0.365226, 0.0257106, 0, 2.20428e-15, 1.35011e-14, 0, 0, 0.390936, 6.40348e-11, 5.53368e-16, 9.11347, 0.978052, 5.81062e-07, 270.67
7264, 6.54429e-05, 0.368372, 0.0237586, 0, 1.12426e-15, 6.94813e-15, 0, 0, 0.392131, 3.80219e-11, 2.21718e-16, 9.63433, 0.978056, 5.80679e-07, 270.771
7265, 2.66935e-05, 0.372799, 0.0209427, 0, 3.7611e-16, 2.34825e-15, 0, 0, 0.393742, 1.55032e-11, 5.94065e-17, 10.5311, 0.97806, 5.80267e-07, 270.911
7266, 7.26754e-06, 0.377936, 0.0176165, 0, 7.72439e-17, 4.89005e-16, 0, 0, 0.395553, 4.2194e-12, 8.9914e-18, 11.8321, 0.978064, 5.79785e-07, 271.069
7267, 1.31148e-06, 0.383359, 0.0140636, 0, 9.88598e-18, 6.3392e-17, 0, 0, 0.397423, 7.61166e-13, 7.6667e-19, 13.5444, 0.978068, 5.79186e-07, 271.232
7268, 1.52576e-07, 0.38877, 0.0104946, 0, 7.93738e-19, 5.09763e-18, 0, 0, 0.399265, 8.8522e-14, 3.73389e-20, 15.6956, 0.978072, 5.78273e-07, 271.392
7269, 1.10495e-08, 0.393858, 0.00713018, 0, 3.97959e-20, 2.49453e-19, 0, 0, 0.400988, 6.40839e-15, 1.03542e-21, 18.3209, 0.978076, 5.76093e-07, 271.541
7270, 4.824e-10, 0.398237, 0.00423876, 0, 1.24736e-21, 7.29647e-21, 0, 0, 0.402476, 2.79679e-16, 1.60284e-23, 21.4522, 0.97808, 5.70386e-07, 271.667
7271, 1.22793e-11, 0.401484, 0.00211345, 0, 2.46177e-23, 1.2637e-22, 0, 0, 0.403598, 7.11687e-18, 1.34938e-25, 25.1231, 0.978084, 5.62378e-07, 271.759
7272, 1.75227e-13, 0.403193, 0.0010353, 0, 3.02193e-25, 1.28241e-24, 0, 0, 0.404228, 1.01531e-19, 6.03227e-28, 29.3727, 0.978088, 5.61187e-07, 271.806
7273, 1.34565e-15, 0.403192, 0.00112235, 0, 2.20166e-27, 7.43711e-27, 0, 0, 0.404314, 7.79478e-22, 1.40711e-30, 34.2419, 0.978092, 5.68124e-07, 271.802
7274, 5.36495e-18, 0.401991, 0.0020275, 0, 8.9506e-30, 2.37171e-29, 0, 0, 0.404019, 3.10681e-24, 1.69419e-33, 39.7666, 0.978096, 5.73932e-07, 271.763
7275, 1.07943e-20, 0.400777, 0.00294183, 0, 1.92563e-32, 3.99752e-32, 0, 0, 0.403718, 6.24922e-27, 1.04536e-36, 45.9753, 0.9781, 5.75947e-07, 271.723
7276, 1.07219e-23, 0.40065, 0.00311419, 0, 2.10868e-35, 3.44696e-35, 0, 0, 0.403764, 6.20574e-30, 3.27804e-40, 52.8898, 0.978104, 5.76348e-07, 271.716
7277, 5.29622e-26, 0.401812, 0.00240884, 0, 9.31867e-37, 8.66667e-38, 0, 0, 0.404221, 3.04704e-32, 5.04467e-44, 58.2002, 0.978108, 5.76321e-07, 271.746
7278, 3.18373e-20, 0.403462, 0.00137041, 0, 1.42951e-31, 5.92907e-32, 0, 0, 0.404832, 1.82969e-26, 1.079e-43, 44.8936, 0.978112, 5.7619e-07, 271.791
7279, 1.21562e-16, 0.404475, 0.000766152, 0, 2.07921e-28, 3.44106e-28, 0, 0, 0.405241, 6.98351e-23, 7.38445e-35, 36.6461, 0.978116, 5.76005e-07, 271.817
7280, 2.03434e-14, 0.404117, 0.00109598, 0, 3.19041e-26, 7.59424e-26, 0, 0, 0.405213, 1.16845e-20, 9.74236e-32, 31.526, 0.97812, 5.75751e-07, 271.803
7281, 9.70214e-13, 0.402287, 0.00242801, 0, 1.49055e-24, 3.85783e-24, 0, 0, 0.404715, 5.57221e-19, 5.73331e-30, 27.6613, 0.978124, 5.75458e-07, 271.745
7282, 2.11662e-11, 0.399313, 0.00453602, 0, 3.21899e-23, 8.85365e-23, 0, 0, 0.403849, 1.21556e-17, 1.45701e-28, 24.5786, 0.978128, 5.75152e-07, 271.654
7283, 2.10408e-10, 0.395699, 0.00707466, 0, 3.19416e-22, 9.21676e-22, 0, 0, 0.402774, 1.2083e-16, 2.44234e-26, 22.282, 0.978132, 5.7484e-07, 271.542
7284, 9.98226e-10, 0.392196, 0.00953311, 0, 1.76584e-21, 6.49359e-21, 0, 0, 0.401729, 5.73167e-16, 2.97229e-23, 20.725, 0.978136, 5.7456e-07, 271.434
7285, 4.77342e-09, 0.390334, 0.0108768, 0, 2.69121e-20, 1.70368e-19, 0, 0, 0.401211, 2.73781e-15, 3.14336e-21, 19.1602, 0.97814, 5.74296e-07, 271.374
7286, 8.40049e-08, 0.391534, 0.0101464, 0, 9.57382e-19, 6.32838e-18, 0, 0, 0.401681, 4.81389e-14, 1.72649e-19, 16.2924, 0.978144, 5.73996e-07, 271.406
7287, 1.26187e-06, 0.392778, 0.00937913, 0, 1.98186e-17, 1.28743e-16, 0, 0, 0.402157, 7.22966e-13, 4.57783e-18, 13.5829, 0.978148, 5.73677e-07, 271.439
7288, 1.05292e-05, 0.388277, 0.0124702, 0, 2.14671e-16, 1.3691e-15, 0, 0, 0.400747, 6.03129e-12, 6.04826e-17, 11.4614, 0.978152, 5.73392e-07, 271.296
7289, 4.95991e-05, 0.379216, 0.0185801, 0, 1.27101e-15, 7.94423e-15, 0, 0, 0.397796, 2.84044e-11, 4.46516e-16, 9.91154, 0.978156, 5.73124e-07, 271.009
7290, 0.000143694, 0.371148, 0.0239436, 0, 4.70537e-15, 2.87124e-14, 0, 0, 0.395092, 8.22658e-11, 2.18992e-15, 8.84783, 0.97816, 5.72825e-07, 270.744
7291, 0.000290867, 0.366227, 0.0271554, 0, 1.22651e-14, 7.33614e-14, 0, 0, 0.393382, 1.66473e-10, 7.26695e-15, 8.14265, 0.978164, 5.72509e-07, 270.572
7292, 0.000415233, 0.364567, 0.0282367, 0, 2.06984e-14, 1.22784e-13, 0, 0, 0.392804, 2.37596e-10, 1.3946e-14, 7.78667, 0.978168, 5.72223e-07, 270.505
7293, 0.000390783, 0.366224, 0.0272485, 0, 2.14243e-14, 1.26099e-13, 0, 0, 0.393473, 2.2354e-10, 1.6782e-14, 7.84736, 0.978172, 5.71935e-07, 270.557
7294, 0.000406818, 0.367207, 0.026667, 0, 3.05931e-14, 1.71613e-13, 0, 0, 0.393874, 2.32484e-10, 3.87155e-14, 7.80714, 0.978176, 5.71635e-07, 270.583
7295, 0.000894451, 0.36294, 0.0292165, 0, 9.35452e-14, 5.09745e-13, 0, 0, 0.392157, 5.10731e-10, 1.45669e-13, 7.0193, 0.97818, 5.71327e-07, 270.409
7296, 0.001732, 0.356892, 0.0327486, 0, 2.07834e-13, 1.12535e-12, 0, 0, 0.389641, 9.88626e-10, 3.39767e-13, 6.35848, 0.978184, 5.7099e-07, 270.159
7297, 0.00218055, 0.354695, 0.0340195, 0, 2.73863e-13, 1.48226e-12, 0, 0, 0.388715, 1.24429e-09, 4.50532e-13, 6.12818, 0.978188, 5.70662e-07, 270.06
7298, 0.0018101, 0.358699, 0.031704, 0, 2.19646e-13, 1.19636e-12, 0, 0, 0.390403, 1.03266e-09, 3.49437e-13, 6.31437, 0.978192, 5.70382e-07, 270.208
7299, 0.000967409, 0.36845, 0.0258914, 0, 1.06762e-13, 5.89102e-13, 0, 0, 0.394341, 5.51803e-10, 1.58567e-13, 6.94089, 0.978196, 5.70102e-07, 270.569
7300, 0.000311477, 0.377303, 0.0205663, 0, 2.98975e-14, 1.67871e-13, 0, 0, 0.39787, 1.77635e-10, 4.05374e-14, 8.07419, 0.9782, 5.69785e-07, 270.888
7301, 6.2998e-05, 0.380313, 0.018844, 0, 4.569e-15, 2.62514e-14, 0, 0, 0.399158, 3.59159e-11, 5.52214e-15, 9.67241, 0.978204, 5.69474e-07, 270.997
7302, 1.23082e-05, 0.382588, 0.0174609, 0, 4.07642e-16, 2.45884e-15, 0, 0, 0.400049, 7.01209e-12, 3.85057e-16, 11.3052, 0.978208, 5.69173e-07, 271.068
7303, 2.65293e-06, 0.387374, 0.0143551, 0, 3.33457e-17, 2.20564e-16, 0, 0, 0.401729, 1.51076e-12, 1.46906e-17, 12.8398, 0.978212, 5.68844e-07, 271.213
7304, 3.64397e-07, 0.393795, 0.0101231, 0, 2.95468e-18, 2.04428e-17, 0, 0, 0.403918, 2.0748e-13, 4.69039e-19, 14.825, 0.978216, 5.68534e-07, 271.404
7305, 2.78342e-08, 0.400423, 0.00573291, 0, 1.64281e-19, 1.13018e-18, 0, 0, 0.406156, 1.58446e-14, 1.60947e-20, 17.397, 0.97822, 5.68266e-07, 271.599
7306, 1.95052e-09, 0.404872, 0.00280774, 0, 8.80885e-21, 5.87284e-20, 0, 0, 0.407679, 1.10863e-15, 6.86573e-22, 20.0552, 0.978224, 5.67993e-07, 271.728
7307, 1.97717e-08, 0.405284, 0.00261241, 0, 1.89076e-19, 1.28347e-18, 0, 0, 0.407897, 1.11974e-14, 2.53852e-20, 17.739, 0.978228, 5.677e-07, 271.736
7308, 3.92965e-07, 0.401381, 0.00533471, 0, 4.98267e-18, 3.28395e-17, 0, 0, 0.406716, 2.22423e-13, 1.23215e-18, 14.7495, 0.978232, 5.67396e-07, 271.616
7309, 4.20247e-06, 0.394163, 0.0102761, 0, 8.16787e-17, 5.09111e-16, 0, 0, 0.404439, 2.37688e-12, 4.40049e-17, 12.3798, 0.978236, 5.67064e-07, 271.395
7310, 2.80839e-05, 0.385266, 0.0162917, 0, 1.05449e-15, 6.13321e-15, 0, 0, 0.401558, 1.58755e-11, 1.05584e-15, 10.4803, 0.97824, 5.66562e-07, 271.116
7311, 0.000144065, 0.376582, 0.0220477, 0, 1.0294e-14, 5.71668e-14, 0, 0, 0.39863, 8.14455e-11, 1.46039e-14, 8.84525, 0.978244, 5.65764e-07, 270.831
7312, 0.00058149, 0.368764, 0.0269824, 0, 6.44861e-14, 3.48126e-13, 0, 0, 0.395746, 3.28818e-10, 1.14929e-13, 7.44992, 0.978248, 5.65201e-07, 270.55
7313, 0.00167348, 0.36109, 0.031437, 0, 2.53077e-13, 1.33473e-12, 0, 0, 0.392527, 9.46248e-10, 5.4678e-13, 6.39285, 0.978252, 5.65275e-07, 270.235
7314, 0.00343565, 0.353988, 0.035198, 0, 6.68356e-13, 3.45068e-12, 0, 0, 0.389186, 1.94205e-09, 1.71347e-12, 5.67355, 0.978256, 5.65352e-07, 269.907
7315, 0.00546077, 0.348556, 0.0377972, 0, 1.30406e-12, 6.61235e-12, 0, 0, 0.386353, 3.08559e-09, 3.85732e-12, 5.21017, 0.97826, 5.65158e-07, 269.625
7316, 0.00728107, 0.344904, 0.0393786, 0, 2.01853e-12, 1.01025e-11, 0, 0, 0.384283, 4.11256e-09, 6.64105e-12, 4.92248, 0.978264, 5.64894e-07, 269.415
7317, 0.00839505, 0.342955, 0.0401877, 0, 2.52334e-12, 1.25453e-11, 0, 0, 0.383142, 4.73991e-09, 8.85836e-12, 4.78011, 0.978268, 5.64624e-07, 269.294
7318, 0.00803499, 0.343386, 0.0400895, 0, 2.421e-12, 1.20341e-11, 0, 0, 0.383476, 4.53485e-09, 8.71509e-12, 4.82395, 0.978272, 5.6433e-07, 269.314
7319, 0.00579784, 0.346907, 0.0388113, 0, 1.60302e-12, 8.00734e-12, 0, 0, 0.385719, 3.27111e-09, 5.72617e-12, 5.15027, 0.978276, 5.64031e-07, 269.518
7320, 0.00311138, 0.351825, 0.0368943, 0, 6.82755e-13, 3.44117e-12, 0, 0, 0.388719, 1.75469e-09, 2.31247e-12, 5.77269, 0.97828, 5.63736e-07, 269.793
7321, 0.0020365, 0.354672, 0.0356944, 0, 3.06543e-13, 1.57636e-12, 0, 0, 0.390367, 1.14736e-09, 8.25774e-13, 6.19652, 0.978284, 5.6342e-07, 269.938
7322, 0.0025689, 0.354455, 0.0357636, 0, 3.88104e-13, 2.02971e-12, 0, 0, 0.390218, 1.44614e-09, 8.83992e-13, 5.96428, 0.978288, 5.63077e-07, 269.912
7323, 0.00294102, 0.354409, 0.0357569, 0, 4.58684e-13, 2.41471e-12, 0, 0, 0.390166, 1.65507e-09, 1.0253e-12, 5.829, 0.978292, 5.62743e-07, 269.895
7324, 0.00222162, 0.357016, 0.0345258, 0, 3.07466e-13, 1.63578e-12, 0, 0, 0.391542, 1.24985e-09, 6.50825e-13, 6.10952, 0.978296, 5.62438e-07, 270.014
7325, 0.00129161, 0.360607, 0.0327654, 0, 1.29034e-13, 7.03425e-13, 0, 0, 0.393372, 7.26309e-10, 2.31645e-13, 6.65187, 0.9783, 5.6216e-07, 270.176
7326, 0.000796884, 0.36407, 0.0309084, 0, 5.2593e-14, 3.00318e-13, 0, 0, 0.394979, 4.47867e-10, 6.47466e-14, 7.1348, 0.978304, 5.61891e-07, 270.316
7327, 0.000491665, 0.368453, 0.0283754, 0, 2.60221e-14, 1.54585e-13, 0, 0, 0.396829, 2.76225e-10, 2.27303e-14, 7.61771, 0.978308, 5.61601e-07, 270.478
7328, 0.000223238, 0.37419, 0.0249156, 0, 9.93751e-15, 6.06048e-14, 0, 0, 0.399105, 1.25385e-10, 7.13038e-15, 8.40727, 0.978312, 5.61287e-07, 270.68
7329, 6.57855e-05, 0.380658, 0.0208693, 0, 2.27417e-15, 1.42079e-14, 0, 0, 0.401528, 3.69395e-11, 1.33977e-15, 9.62911, 0.978316, 5.60992e-07, 270.894
7330, 1.25863e-05, 0.387345, 0.0165693, 0, 2.99471e-16, 1.9177e-15, 0, 0, 0.403914, 7.06523e-12, 1.37811e-16, 11.2829, 0.97832, 5.60706e-07, 271.104
7331, 1.63487e-06, 0.393893, 0.0122944, 0, 2.32308e-17, 1.52964e-16, 0, 0, 0.406187, 9.17434e-13, 7.64689e-18, 13.3239, 0.978324, 5.60403e-07, 271.303
7332, 1.42443e-07, 0.399841, 0.00838912, 0, 1.14722e-18, 7.81605e-18, 0, 0, 0.40823, 7.99148e-14, 2.27797e-19, 15.7643, 0.978328, 5.601e-07, 271.48
7333, 7.51713e-09, 0.404879, 0.00508013, 0, 3.81882e-20, 2.67598e-19, 0, 0, 0.409959, 4.21663e-15, 3.74358e-21, 18.7061, 0.978332, 5.59791e-07, 271.627
7334, 2.22535e-10, 0.408775, 0.00253415, 0, 7.9692e-22, 5.56295e-21, 0, 0, 0.41131, 1.24808e-16, 3.67528e-23, 22.2259, 0.978336, 5.59477e-07, 271.739
7335, 3.70555e-12, 0.411142, 0.00101916, 0, 9.50874e-24, 6.22936e-23, 0, 0, 0.412161, 2.07784e-18, 2.26102e-25, 26.3212, 0.97834, 5.59167e-07, 271.806
7336, 3.53281e-14, 0.411943, 0.000561337, 0, 6.58089e-26, 3.69761e-25, 0, 0, 0.412505, 1.98057e-20, 7.99531e-28, 30.9741, 0.978344, 5.58866e-07, 271.826
7337, 2.76941e-16, 0.411843, 0.000713783, 0, 4.65822e-28, 1.48599e-27, 0, 0, 0.412557, 1.54913e-22, 1.42212e-30, 35.8227, 0.978348, 5.58599e-07, 271.819
7338, 5.80696e-15, 0.411565, 0.000985819, 0, 1.14419e-26, 1.54111e-26, 0, 0, 0.412551, 3.23469e-21, 1.45752e-33, 32.7797, 0.978352, 5.58328e-07, 271.807
7339, 1.70868e-13, 0.410645, 0.00169124, 0, 3.25919e-25, 4.62496e-25, 0, 0, 0.412336, 9.51746e-20, 9.75644e-33, 29.3979, 0.978356, 5.58025e-07, 271.776
7340, 2.28093e-12, 0.408041, 0.00353254, 0, 4.24571e-24, 6.27842e-24, 0, 0, 0.411573, 1.27041e-18, 1.47178e-31, 26.8064, 0.97836, 5.57704e-07, 271.695
7341, 1.39963e-11, 0.40419, 0.00621177, 0, 2.56033e-23, 3.90851e-23, 0, 0, 0.410402, 7.79496e-18, 9.97324e-31, 24.9922, 0.978364, 5.57397e-07, 271.576
7342, 4.07044e-11, 0.400895, 0.00851311, 0, 7.36801e-23, 1.15031e-22, 0, 0, 0.409409, 2.26671e-17, 3.09819e-30, 23.9247, 0.978368, 5.57112e-07, 271.474
7343, 5.94281e-11, 0.399675, 0.00941693, 0, 1.0733e-22, 1.6927e-22, 0, 0, 0.409092, 3.30889e-17, 4.56895e-30, 23.5463, 0.978372, 5.56819e-07, 271.433
7344, 4.68342e-11, 0.400786, 0.0087524, 0, 8.51969e-23, 1.33592e-22, 0, 0, 0.409539, 2.6072e-17, 3.38025e-30, 23.7844, 0.978376, 5.56519e-07, 271.463
7345, 2.06075e-11, 0.404119, 0.00659232, 0, 3.80312e-23, 6.00153e-23, 0, 0, 0.410711, 1.14698e-17, 8.19943e-28, 24.6054, 0.97838, 5.5623e-07, 271.559
7346, 4.66522e-11, 0.408442, 0.00376343, 0, 2.21028e-22, 1.60822e-21, 0, 0, 0.412205, 2.58764e-17, 1.08698e-23, 23.7883, 0.978384, 5.55947e-07, 271.685
7347, 2.28083e-09, 0.410823, 0.00224184, 0, 1.32169e-20, 9.71989e-20, 0, 0, 0.413065, 1.26453e-15, 1.04556e-21, 19.8987, 0.978388, 5.55645e-07, 271.752
7348, 6.11953e-08, 0.409132, 0.00346249, 0, 4.44518e-19, 3.13304e-18, 0, 0, 0.412595, 3.39242e-14, 8.80458e-20, 16.6092, 0.978392, 5.55305e-07, 271.697
7349, 8.46928e-07, 0.403563, 0.00728467, 0, 9.06356e-18, 5.98377e-17, 0, 0, 0.410847, 4.69427e-13, 4.14522e-18, 13.9816, 0.978396, 5.54948e-07, 271.526
7350, 7.02072e-06, 0.395553, 0.0127112, 0, 1.36852e-16, 8.44238e-16, 0, 0, 0.408264, 3.89028e-12, 1.17021e-16, 11.8666, 0.9784, 5.54651e-07, 271.278
7351, 4.19687e-05, 0.386647, 0.0186581, 0, 1.56398e-15, 9.1527e-15, 0, 0, 0.405305, 2.32468e-11, 2.08825e-15, 10.0786, 0.978404, 5.54417e-07, 270.993
7352, 0.000195773, 0.37814, 0.02418, 0, 1.3262e-14, 7.43124e-14, 0, 0, 0.40232, 1.08398e-10, 2.5017e-14, 8.53856, 0.978408, 5.54165e-07, 270.705
7353, 0.000718649, 0.370304, 0.028977, 0, 8.08719e-14, 4.39575e-13, 0, 0, 0.39928, 3.97757e-10, 1.93788e-13, 7.23814, 0.978412, 5.53881e-07, 270.41
7354, 0.00201926, 0.362889, 0.0330978, 0, 3.27351e-13, 1.7441e-12, 0, 0, 0.395987, 1.11722e-09, 9.2236e-13, 6.20503, 0.978416, 5.53585e-07, 270.09
7355, 0.00402694, 0.356611, 0.0362154, 0, 8.25785e-13, 4.33578e-12, 0, 0, 0.392827, 2.22735e-09, 2.59398e-12, 5.51475, 0.97842, 5.53285e-07, 269.78
7356, 0.00529771, 0.354231, 0.0372434, 0, 1.22387e-12, 6.36767e-12, 0, 0, 0.391475, 2.92947e-09, 4.07291e-12, 5.24048, 0.978424, 5.52983e-07, 269.641
7357, 0.00436546, 0.358075, 0.0353359, 0, 1.00838e-12, 5.23301e-12, 0, 0, 0.393411, 2.41336e-09, 3.38448e-12, 5.43403, 0.978428, 5.52676e-07, 269.813
7358, 0.00259188, 0.363356, 0.032887, 0, 5.03401e-13, 2.63087e-12, 0, 0, 0.396243, 1.43215e-09, 1.57236e-12, 5.95537, 0.978432, 5.52359e-07, 270.068
7359, 0.00196597, 0.364362, 0.0326077, 0, 2.93389e-13, 1.5633e-12, 0, 0, 0.39697, 1.08539e-09, 7.5812e-13, 6.23177, 0.978436, 5.52049e-07, 270.125
7360, 0.00180637, 0.364716, 0.0325291, 0, 2.52352e-13, 1.3582e-12, 0, 0, 0.397245, 9.96791e-10, 6.13457e-13, 6.31643, 0.97844, 5.51754e-07, 270.14
7361, 0.0014825, 0.366682, 0.0314714, 0, 1.88955e-13, 1.02301e-12, 0, 0, 0.398153, 8.17657e-10, 4.66216e-13, 6.51402, 0.978444, 5.51456e-07, 270.214
7362, 0.00134611, 0.371355, 0.028551, 0, 1.95868e-13, 1.04513e-12, 0, 0, 0.399906, 7.4198e-10, 6.94691e-13, 6.61054, 0.978448, 5.5116e-07, 270.366
7363, 0.00193953, 0.378501, 0.0237582, 0, 7.44135e-13, 3.70537e-12, 0, 0, 0.40226, 1.06788e-09, 4.71213e-12, 6.24531, 0.978452, 5.50877e-07, 270.575
7364, 0.00636258, 0.372968, 0.025498, 0, 4.01177e-12, 1.92777e-11, 0, 0, 0.398466, 3.50039e-09, 2.92826e-11, 5.05732, 0.978456, 5.50595e-07, 270.209
7365, 0.0170981, 0.350779, 0.0352851, 0, 1.29781e-11, 6.10182e-11, 0, 0, 0.386064, 9.40381e-09, 1.01347e-10, 4.06879, 0.97846, 5.50287e-07, 269.022
7366, 0.0283515, 0.33168, 0.0429541, 0, 2.40475e-11, 1.11427e-10, 0, 0, 0.374634, 1.55894e-08, 1.9596e-10, 3.56307, 0.978464, 5.49973e-07, 267.903
7367, 0.0299495, 0.328974, 0.0441272, 0, 2.61153e-11, 1.20298e-10, 0, 0, 0.373102, 1.64642e-08, 2.15344e-10, 3.50824, 0.978468, 5.49696e-07, 267.741
7368, 0.0225819, 0.336712, 0.0421576, 0, 1.78088e-11, 8.22968e-11, 0, 0, 0.37887, 1.24095e-08, 1.4178e-10, 3.79061, 0.978472, 5.49425e-07, 268.293
7369, 0.0165527, 0.340718, 0.041823, 0, 1.01254e-11, 4.71626e-11, 0, 0, 0.382541, 9.09086e-09, 7.25642e-11, 4.1012, 0.978476, 5.4913e-07, 268.637
7370, 0.0131445, 0.340579, 0.04294, 0, 6.1047e-12, 2.84918e-11, 0, 0, 0.383519, 7.21508e-09, 3.89736e-11, 4.33175, 0.97848, 5.48815e-07, 268.72
7371, 0.0099783, 0.34137, 0.04338, 0, 3.65498e-12, 1.7016e-11, 0, 0, 0.38475, 5.47389e-09, 2.18104e-11, 4.60734, 0.978484, 5.48499e-07, 268.828
7372, 0.00930691, 0.341588, 0.0433823, 0, 3.33766e-12, 1.55498e-11, 0, 0, 0.38497, 5.10199e-09, 2.0712e-11, 4.677, 0.978488, 5.48222e-07, 268.837
7373, 0.00972726, 0.343062, 0.0425415, 0, 3.72706e-12, 1.75273e-11, 0, 0, 0.385603, 5.33039e-09, 2.39696e-11, 4.63282, 0.978492, 5.47958e-07, 268.887
7374, 0.00702793, 0.349574, 0.0400472, 0, 2.50008e-12, 1.18994e-11, 0, 0, 0.389621, 3.85028e-09, 1.58102e-11, 4.95786, 0.978496, 5.4768e-07, 269.26
7375, 0.0034819, 0.357845, 0.0367669, 0, 9.00834e-13, 4.37203e-12, 0, 0, 0.394612, 1.90687e-09, 5.17575e-12, 5.66018, 0.9785, 5.47392e-07, 269.722
7376, 0.00149706, 0.366529, 0.0325048, 0, 2.2986e-13, 1.15201e-12, 0, 0, 0.399034, 8.19521e-10, 1.0021e-12, 6.50425, 0.978504, 5.47089e-07, 270.126
7377, 0.000480461, 0.376839, 0.0266761, 0, 5.14904e-14, 2.64205e-13, 0, 0, 0.403515, 2.62948e-10, 1.63326e-13, 7.64076, 0.978508, 5.46778e-07, 270.533
7378, 9.03121e-05, 0.388002, 0.0198161, 0, 7.37453e-15, 3.81687e-14, 0, 0, 0.407818, 4.94167e-11, 2.02087e-14, 9.31224, 0.978512, 5.46488e-07, 270.92
7379, 1.00077e-05, 0.399031, 0.012718, 0, 5.23328e-16, 2.72103e-15, 0, 0, 0.411749, 5.47463e-12, 1.31367e-15, 11.5122, 0.978516, 5.46217e-07, 271.271
7380, 8.47378e-07, 0.407952, 0.00688346, 0, 2.65656e-17, 1.44348e-16, 0, 0, 0.414836, 4.63117e-13, 5.44771e-17, 13.9811, 0.97852, 5.45922e-07, 271.541
7381, 3.83003e-06, 0.411018, 0.00491619, 0, 3.38329e-16, 1.91138e-15, 0, 0, 0.415934, 2.08592e-12, 8.3675e-16, 12.4726, 0.978524, 5.4561e-07, 271.63
7382, 5.47032e-05, 0.405717, 0.00848333, 0, 7.47251e-15, 4.04262e-14, 0, 0, 0.4142, 2.97853e-11, 2.43568e-14, 9.81359, 0.978528, 5.45314e-07, 271.461
7383, 0.00044877, 0.393332, 0.016505, 0, 9.40922e-14, 4.88836e-13, 0, 0, 0.409837, 2.44287e-10, 3.90111e-13, 7.709, 0.978532, 5.45026e-07, 271.05
7384, 0.00223498, 0.377251, 0.0261445, 0, 6.98905e-13, 3.50174e-12, 0, 0, 0.403395, 1.21627e-09, 3.57194e-12, 6.10352, 0.978536, 5.44721e-07, 270.444
7385, 0.0072083, 0.360456, 0.0347023, 0, 3.19907e-12, 1.55245e-11, 0, 0, 0.395158, 3.92176e-09, 1.95678e-11, 4.93252, 0.97854, 5.44401e-07, 269.661
7386, 0.0160752, 0.344812, 0.0408668, 0, 9.44143e-12, 4.45969e-11, 0, 0, 0.385679, 8.74391e-09, 6.68077e-11, 4.13048, 0.978544, 5.44114e-07, 268.747
7387, 0.0260312, 0.332228, 0.0446185, 0, 1.83788e-11, 8.50369e-11, 0, 0, 0.376847, 1.41556e-08, 1.44475e-10, 3.64846, 0.978548, 5.43876e-07, 267.88
7388, 0.0305109, 0.326436, 0.0461105, 0, 2.31514e-11, 1.05632e-10, 0, 0, 0.372546, 1.65869e-08, 1.9402e-10, 3.48967, 0.978552, 5.43626e-07, 267.447
7389, 0.0246228, 0.331481, 0.0449433, 0, 1.81957e-11, 8.22444e-11, 0, 0, 0.376425, 1.3382e-08, 1.57541e-10, 3.70408, 0.978556, 5.43343e-07, 267.816
7390, 0.0162224, 0.340327, 0.0426987, 0, 1.15745e-11, 5.15826e-11, 0, 0, 0.383026, 8.81103e-09, 1.05559e-10, 4.12136, 0.97856, 5.43047e-07, 268.446
7391, 0.0203987, 0.336403, 0.0434718, 0, 1.7338e-11, 7.61222e-11, 0, 0, 0.379875, 1.1068e-08, 1.7277e-10, 3.89228, 0.978564, 5.42755e-07, 268.13
7392, 0.0338295, 0.324049, 0.0460468, 0, 3.23268e-11, 1.42575e-10, 0, 0, 0.370096, 1.83482e-08, 3.27679e-10, 3.38642, 0.978568, 5.42476e-07, 267.159
7393, 0.0379786, 0.323403, 0.0454239, 0, 3.76084e-11, 1.67852e-10, 0, 0, 0.368827, 2.05928e-08, 3.79299e-10, 3.27073, 0.978572, 5.42191e-07, 267.022
7394, 0.0319721, 0.33335, 0.0421227, 0, 3.20811e-11, 1.44855e-10, 0, 0, 0.375473, 1.73269e-08, 3.24196e-10, 3.44289, 0.978576, 5.41892e-07, 267.666
7395, 0.0330076, 0.332821, 0.0420553, 0, 3.54091e-11, 1.58494e-10, 0, 0, 0.374876, 1.78736e-08, 3.72701e-10, 3.41102, 0.97858, 5.41584e-07, 267.596
7396, 0.0377585, 0.323451, 0.045394, 0, 4.1538e-11, 1.82915e-10, 0, 0, 0.368845, 2.0438e-08, 4.48625e-10, 3.27655, 0.978584, 5.41295e-07, 266.99
7397, 0.0298322, 0.325024, 0.0467821, 0, 2.9484e-11, 1.28571e-10, 0, 0, 0.371806, 1.61438e-08, 3.14998e-10, 3.51217, 0.978588, 5.41027e-07, 267.271
7398, 0.0178049, 0.333822, 0.0458979, 0, 1.25225e-11, 5.46451e-11, 0, 0, 0.37972, 9.63083e-09, 1.23272e-10, 4.02828, 0.978592, 5.40749e-07, 268.035
7399, 0.0126792, 0.338239, 0.0452337, 0, 5.71719e-12, 2.51178e-11, 0, 0, 0.383473, 6.85281e-09, 4.70573e-11, 4.36779, 0.978596, 5.40447e-07, 268.388
7400, 0.0135521, 0.33643, 0.0457455, 0, 6.09981e-12, 2.62814e-11, 0, 0, 0.382176, 7.31857e-09, 5.0522e-11, 4.30122, 0.9786, 5.40121e-07, 268.251
7401, 0.0144221, 0.335487, 0.0459443, 0, 7.0329e-12, 3.0055e-11, 0, 0, 0.381431, 7.78498e-09, 6.02674e-11, 4.23899, 0.978604, 5.39795e-07, 268.168
7402, 0.0122152, 0.338973, 0.0451373, 0, 5.64083e-12, 2.43042e-11, 0, 0, 0.38411, 6.59043e-09, 4.54565e-11, 4.40508, 0.978608, 5.39493e-07, 268.415
7403, 0.0136406, 0.339515, 0.0448471, 0, 6.19547e-12, 2.75057e-11, 0, 0, 0.384363, 7.35426e-09, 4.35727e-11, 4.29471, 0.978612, 5.3922e-07, 268.428
7404, 0.0168915, 0.339185, 0.0443573, 0, 8.21261e-12, 3.70838e-11, 0, 0, 0.383542, 9.10361e-09, 5.57696e-11, 4.08094, 0.978616, 5.38954e-07, 268.338
7405, 0.0137512, 0.346653, 0.0415394, 0, 6.58625e-12, 2.99914e-11, 0, 0, 0.388192, 7.40938e-09, 4.37089e-11, 4.28663, 0.97862, 5.38679e-07, 268.774
7406, 0.00664366, 0.359677, 0.0367497, 0, 2.76303e-12, 1.26914e-11, 0, 0, 0.396427, 3.57886e-09, 1.74116e-11, 5.01409, 0.978624, 5.38399e-07, 269.545
7407, 0.00215311, 0.371973, 0.0311833, 0, 6.13765e-13, 2.86567e-12, 0, 0, 0.403156, 1.15942e-09, 3.47277e-12, 6.14084, 0.978628, 5.38107e-07, 270.164
7408, 0.000614713, 0.384786, 0.0238603, 0, 8.44665e-14, 4.12194e-13, 0, 0, 0.408646, 3.30844e-10, 3.59983e-13, 7.39435, 0.978632, 5.37824e-07, 270.662
7409, 0.000146732, 0.399026, 0.0149656, 0, 1.02357e-14, 5.36343e-14, 0, 0, 0.413992, 7.89455e-11, 2.37132e-14, 8.82691, 0.978636, 5.37546e-07, 271.142
7410, 2.11571e-05, 0.410307, 0.0077119, 0, 1.05709e-15, 5.78908e-15, 0, 0, 0.418018, 1.13813e-11, 1.41616e-15, 10.7635, 0.97864, 5.37273e-07, 271.497
7411, 3.68459e-06, 0.413887, 0.00543852, 0, 3.41487e-16, 1.78295e-15, 0, 0, 0.419325, 1.97772e-12, 9.40602e-16, 12.5113, 0.978644, 5.3701e-07, 271.605
7412, 4.08832e-05, 0.408831, 0.00884694, 0, 7.01899e-15, 3.52593e-14, 0, 0, 0.417678, 2.19062e-11, 2.54016e-14, 10.1048, 0.978648, 5.36735e-07, 271.444
7413, 0.000410317, 0.39825, 0.0156756, 0, 8.92705e-14, 4.38282e-13, 0, 0, 0.413925, 2.19823e-10, 3.75942e-13, 7.79858, 0.978652, 5.36442e-07, 271.091
7414, 0.00220438, 0.383657, 0.0242454, 0, 6.0003e-13, 2.87945e-12, 0, 0, 0.407902, 1.1808e-09, 2.92341e-12, 6.11731, 0.978656, 5.36137e-07, 270.527
7415, 0.0066712, 0.365449, 0.033656, 0, 2.1914e-12, 1.02987e-11, 0, 0, 0.399105, 3.5729e-09, 1.20507e-11, 5.00996, 0.97866, 5.35839e-07, 269.696
7416, 0.0118157, 0.350264, 0.040626, 0, 4.35963e-12, 2.01231e-11, 0, 0, 0.390891, 6.32701e-09, 2.61333e-11, 4.43833, 0.978664, 5.35561e-07, 268.909
7417, 0.0124834, 0.345511, 0.0429292, 0, 4.80225e-12, 2.17769e-11, 0, 0, 0.38844, 6.68302e-09, 3.08321e-11, 4.38335, 0.978668, 5.35287e-07, 268.663
7418, 0.0101415, 0.347429, 0.0425185, 0, 4.40455e-12, 1.93415e-11, 0, 0, 0.389947, 5.42587e-09, 3.36545e-11, 4.59112, 0.978672, 5.35008e-07, 268.796
7419, 0.0142796, 0.342527, 0.0436346, 0, 8.36298e-12, 3.59007e-11, 0, 0, 0.386162, 7.63258e-09, 7.56443e-11, 4.24892, 0.978676, 5.34727e-07, 268.422
7420, 0.023465, 0.332088, 0.0462094, 0, 1.50158e-11, 6.45553e-11, 0, 0, 0.378298, 1.25378e-08, 1.37926e-10, 3.75224, 0.97868, 5.34436e-07, 267.65
7421, 0.0248974, 0.330532, 0.0468237, 0, 1.51056e-11, 6.5281e-11, 0, 0, 0.377356, 1.33001e-08, 1.34237e-10, 3.69299, 0.978684, 5.3415e-07, 267.546
7422, 0.0172374, 0.339501, 0.0447359, 0, 8.9022e-12, 3.87229e-11, 0, 0, 0.384237, 9.20565e-09, 7.37966e-11, 4.06067, 0.978688, 5.33858e-07, 268.204
7423, 0.00895359, 0.349645, 0.0419491, 0, 3.49526e-12, 1.52197e-11, 0, 0, 0.391595, 4.77963e-09, 2.64518e-11, 4.7157, 0.978692, 5.33559e-07, 268.898
7424, 0.00543294, 0.351541, 0.0418084, 0, 1.32688e-12, 5.55384e-12, 0, 0, 0.39335, 2.89791e-09, 9.11135e-12, 5.21527, 0.978696, 5.33286e-07, 269.053
7425, 0.00498973, 0.347724, 0.0438044, 0, 9.88729e-13, 3.85035e-12, 0, 0, 0.391528, 2.65969e-09, 6.64819e-12, 5.30037, 0.9787, 5.3303e-07, 268.869
7426, 0.00603511, 0.344032, 0.0453239, 0, 1.63612e-12, 6.40834e-12, 0, 0, 0.389356, 3.21449e-09, 1.28539e-11, 5.11016, 0.978704, 5.32761e-07, 268.651
7427, 0.0104717, 0.33937, 0.0462888, 0, 4.90109e-12, 2.05876e-11, 0, 0, 0.385659, 5.57378e-09, 4.55229e-11, 4.55908, 0.978708, 5.32481e-07, 268.285
7428, 0.0196158, 0.333503, 0.0467803, 0, 1.40572e-11, 6.15858e-11, 0, 0, 0.380284, 1.04357e-08, 1.44395e-10, 3.93142, 0.978712, 5.32197e-07, 267.754
7429, 0.0332877, 0.326374, 0.0469593, 0, 3.22395e-11, 1.43357e-10, 0, 0, 0.373333, 1.77012e-08, 3.58937e-10, 3.40257, 0.978716, 5.31913e-07, 267.062
7430, 0.0478855, 0.318035, 0.047432, 0, 5.51417e-11, 2.45155e-10, 0, 0, 0.365467, 2.54531e-08, 6.44881e-10, 3.03894, 0.97872, 5.31627e-07, 266.269
7431, 0.056043, 0.31326, 0.0476431, 0, 7.03289e-11, 3.10004e-10, 0, 0, 0.360903, 2.97755e-08, 8.48259e-10, 2.88164, 0.978724, 5.31332e-07, 265.799
7432, 0.0640918, 0.308694, 0.0475803, 0, 9.27687e-11, 4.02213e-10, 0, 0, 0.356274, 3.40303e-08, 1.19034e-09, 2.74744, 0.978728, 5.3103e-07, 265.318
7433, 0.0794283, 0.298664, 0.0482186, 0, 1.32971e-10, 5.6956e-10, 0, 0, 0.346882, 4.2152e-08, 1.79312e-09, 2.5329, 0.978732, 5.30742e-07, 264.34
7434, 0.0817879, 0.296848, 0.0486523, 0, 1.40369e-10, 5.98815e-10, 0, 0, 0.3455, 4.33892e-08, 1.89691e-09, 2.50363, 0.978736, 5.30455e-07, 264.184
7435, 0.0641745, 0.307957, 0.0483189, 0, 9.8199e-11, 4.20666e-10, 0, 0, 0.356276, 3.40297e-08, 1.27391e-09, 2.74615, 0.97874, 5.30153e-07, 265.284
7436, 0.0536951, 0.314625, 0.0481069, 0, 6.9603e-11, 3.03322e-10, 0, 0, 0.362732, 2.84518e-08, 8.41902e-10, 2.92443, 0.978744, 5.29861e-07, 265.928
7437, 0.0578609, 0.31214, 0.048269, 0, 7.41217e-11, 3.27287e-10, 0, 0, 0.360409, 3.06422e-08, 8.84095e-10, 2.84971, 0.978748, 5.29597e-07, 265.682
7438, 0.0534352, 0.315924, 0.0475805, 0, 6.60275e-11, 2.93316e-10, 0, 0, 0.363504, 2.82892e-08, 7.83206e-10, 2.92929, 0.978752, 5.29332e-07, 265.983
7439, 0.0388766, 0.328694, 0.0451091, 0, 4.14296e-11, 1.86308e-10, 0, 0, 0.373803, 2.05714e-08, 4.72577e-10, 3.24736, 0.978756, 5.29043e-07, 266.997
7440, 0.0344336, 0.335482, 0.0428611, 0, 3.51617e-11, 1.60241e-10, 0, 0, 0.378343, 1.82046e-08, 3.91243e-10, 3.36872, 0.97876, 5.28735e-07, 267.431
7441, 0.0399532, 0.331656, 0.0433862, 0, 4.40761e-11, 1.99951e-10, 0, 0, 0.375042, 2.11103e-08, 4.96341e-10, 3.22005, 0.978764, 5.28424e-07, 267.096
7442, 0.039725, 0.329671, 0.0446078, 0, 4.14476e-11, 1.86938e-10, 0, 0, 0.374278, 2.09805e-08, 4.54466e-10, 3.22577, 0.978768, 5.28127e-07, 267.01
7443, 0.037112, 0.328886, 0.0457075, 0, 3.30505e-11, 1.48377e-10, 0, 0, 0.374594, 1.95892e-08, 3.3873e-10, 3.29382, 0.978772, 5.27835e-07, 267.03
7444, 0.0337918, 0.329337, 0.0463191, 0, 2.65096e-11, 1.18695e-10, 0, 0, 0.375656, 1.78286e-08, 2.58993e-10, 3.38754, 0.978776, 5.27549e-07, 267.123
7445, 0.0225758, 0.339983, 0.044105, 0, 1.56502e-11, 7.00394e-11, 0, 0, 0.384088, 1.1908e-08, 1.48785e-10, 3.79088, 0.97878, 5.27281e-07, 267.934
7446, 0.00931291, 0.35715, 0.0392631, 0, 5.34198e-12, 2.39407e-11, 0, 0, 0.396413, 4.91138e-09, 4.90376e-11, 4.67635, 0.978784, 5.26993e-07, 269.1
7447, 0.00257325, 0.368689, 0.0353939, 0, 1.00693e-12, 4.53375e-12, 0, 0, 0.404083, 1.35639e-09, 8.58782e-12, 5.96259, 0.978788, 5.26676e-07, 269.809
7448, 0.00185336, 0.369511, 0.0352667, 0, 2.8023e-13, 1.3128e-12, 0, 0, 0.404777, 9.75264e-10, 1.5033e-12, 6.29075, 0.978792, 5.2636e-07, 269.863
7449, 0.00309771, 0.365285, 0.0372526, 0, 3.83652e-13, 1.8512e-12, 0, 0, 0.402538, 1.62928e-09, 1.54437e-12, 5.77709, 0.978796, 5.26058e-07, 269.643
7450, 0.00321972, 0.365408, 0.0372558, 0, 3.70066e-13, 1.81536e-12, 0, 0, 0.402664, 1.69308e-09, 1.4055e-12, 5.73846, 0.9788, 5.25737e-07, 269.644
7451, 0.00192968, 0.372363, 0.0338474, 0, 1.91545e-13, 9.55257e-13, 0, 0, 0.406211, 1.01446e-09, 6.69752e-13, 6.2504, 0.978804, 5.25377e-07, 269.963
7452, 0.000673483, 0.382052, 0.0287212, 0, 5.56382e-14, 2.80401e-13, 0, 0, 0.410774, 3.53978e-10, 1.75355e-13, 7.30305, 0.978808, 5.24974e-07, 270.374
7453, 0.000131651, 0.389761, 0.0243619, 0, 8.89675e-15, 4.49314e-14, 0, 0, 0.414123, 6.91782e-11, 2.54281e-14, 8.93535, 0.978812, 5.2453e-07, 270.671
7454, 1.93557e-05, 0.394148, 0.0217561, 0, 7.50726e-16, 3.82382e-15, 0, 0, 0.415904, 1.01589e-11, 1.92656e-15, 10.8525, 0.978816, 5.24024e-07, 270.823
7455, 8.39194e-06, 0.398167, 0.0192484, 0, 5.84437e-17, 3.53278e-16, 0, 0, 0.417415, 4.39585e-12, 7.33234e-17, 11.6882, 0.97882, 5.23356e-07, 270.95
7456, 4.24578e-06, 0.404479, 0.0152103, 0, 1.69861e-17, 1.19995e-16, 0, 0, 0.419689, 2.2232e-12, 2.46479e-18, 12.3696, 0.978824, 5.22302e-07, 271.145
7457, 1.0723e-06, 0.411852, 0.0104494, 0, 4.09861e-18, 2.96273e-17, 0, 0, 0.422301, 5.61389e-13, 2.93407e-19, 13.7457, 0.978828, 5.20354e-07, 271.371
7458, 1.27266e-07, 0.418483, 0.00614963, 0, 4.63531e-19, 3.39628e-18, 0, 0, 0.424633, 6.6616e-14, 2.87929e-20, 15.877, 0.978832, 5.16825e-07, 271.57
7459, 7.12807e-09, 0.42344, 0.00294408, 0, 2.40127e-20, 1.77808e-19, 0, 0, 0.426384, 3.73036e-15, 1.30292e-21, 18.7592, 0.978836, 5.12562e-07, 271.717
7460, 1.89379e-10, 0.426083, 0.00126867, 0, 5.71719e-22, 4.25689e-21, 0, 0, 0.427352, 9.90861e-17, 2.63678e-23, 22.3873, 0.97884, 5.10906e-07, 271.793
7461, 2.39555e-12, 0.426588, 0.0010135, 0, 6.29766e-24, 4.67197e-23, 0, 0, 0.427601, 1.25307e-18, 2.37246e-25, 26.7574, 0.978844, 5.13414e-07, 271.804
7462, 1.4503e-14, 0.425536, 0.00179218, 0, 3.2507e-26, 2.36001e-25, 0, 0, 0.427328, 7.58403e-21, 9.43787e-28, 31.8644, 0.978848, 5.17186e-07, 271.769
7463, 4.25396e-17, 0.423804, 0.0030225, 0, 8.06775e-29, 5.52116e-28, 0, 0, 0.426826, 2.22368e-23, 1.65473e-30, 37.6961, 0.978852, 5.19523e-07, 271.713
7464, 6.47818e-20, 0.423273, 0.00345464, 0, 1.78299e-31, 6.09473e-31, 0, 0, 0.426728, 3.38418e-26, 1.27938e-33, 44.1833, 0.978856, 5.2047e-07, 271.694
7465, 2.99671e-21, 0.424221, 0.0029049, 0, 6.33808e-32, 4.60262e-33, 0, 0, 0.427126, 1.56023e-27, 4.37637e-37, 47.2568, 0.97886, 5.20773e-07, 271.719
7466, 1.85761e-20, 0.424802, 0.00259868, 0, 2.59021e-31, 2.77139e-32, 0, 0, 0.427401, 9.66939e-27, 6.64356e-41, 45.4324, 0.978864, 5.20813e-07, 271.733
7467, 3.00316e-19, 0.424591, 0.00281821, 0, 1.81279e-30, 5.20076e-31, 0, 0, 0.427409, 1.56126e-25, 1.42563e-39, 42.6495, 0.978868, 5.2073e-07, 271.723
7468, 3.68703e-16, 0.42385, 0.00338895, 0, 3.58543e-28, 9.61149e-28, 0, 0, 0.427239, 1.91492e-22, 9.13372e-34, 35.5365, 0.978872, 5.20583e-07, 271.697
7469, 3.07932e-14, 0.423771, 0.00352085, 0, 2.92401e-26, 8.01514e-26, 0, 0, 0.427292, 1.59928e-20, 7.64722e-32, 31.1115, 0.978876, 5.20385e-07, 271.691
7470, 1.79482e-12, 0.425237, 0.00262756, 0, 1.43686e-24, 4.94913e-24, 0, 0, 0.427864, 9.31817e-19, 3.78298e-27, 27.0461, 0.97888, 5.20153e-07, 271.731
7471, 6.56642e-11, 0.425761, 0.00235771, 0, 5.11351e-23, 2.34004e-22, 0, 0, 0.428119, 3.40793e-17, 1.47417e-24, 23.4465, 0.978884, 5.19922e-07, 271.743
7472, 1.674e-09, 0.423193, 0.00413694, 0, 1.81334e-21, 1.02913e-20, 0, 0, 0.42733, 8.68575e-16, 1.50972e-22, 20.2081, 0.978888, 5.19702e-07, 271.662
7473, 2.73247e-08, 0.418824, 0.00710449, 0, 5.72962e-20, 3.65135e-19, 0, 0, 0.425928, 1.4174e-14, 7.61049e-21, 17.4155, 0.978892, 5.19479e-07, 271.525
7474, 3.07367e-07, 0.414237, 0.0102002, 0, 1.11498e-18, 7.45204e-18, 0, 0, 0.424437, 1.59391e-13, 1.70626e-19, 14.9952, 0.978896, 5.19239e-07, 271.38
7475, 2.2613e-06, 0.40816, 0.0142512, 0, 1.08245e-17, 7.39493e-17, 0, 0, 0.422412, 1.17239e-12, 1.71293e-18, 12.9996, 0.9789, 5.18985e-07, 271.187
7476, 9.04951e-06, 0.401582, 0.0186092, 0, 4.88555e-17, 3.38618e-16, 0, 0, 0.420192, 4.69129e-12, 7.72109e-18, 11.6128, 0.978904, 5.18722e-07, 270.975
7477, 1.77314e-05, 0.398476, 0.0206933, 0, 1.0094e-16, 7.08169e-16, 0, 0, 0.419169, 9.1913e-12, 1.56553e-17, 10.9402, 0.978908, 5.18454e-07, 270.872
7478, 1.65199e-05, 0.401365, 0.0188898, 0, 9.52321e-17, 6.75598e-16, 0, 0, 0.420255, 8.56269e-12, 1.42619e-17, 11.0109, 0.978912, 5.18179e-07, 270.959
7479, 7.29419e-06, 0.409538, 0.0136427, 0, 4.10544e-17, 2.94318e-16, 0, 0, 0.423181, 3.78048e-12, 5.82919e-18, 11.8284, 0.978916, 5.17885e-07, 271.214
7480, 1.54923e-06, 0.418731, 0.00769779, 0, 8.59968e-18, 6.22305e-17, 0, 0, 0.426429, 8.02846e-13, 1.52492e-18, 13.3778, 0.97892, 5.17573e-07, 271.495
7481, 8.01035e-07, 0.423914, 0.00436388, 0, 2.35582e-17, 1.58824e-16, 0, 0, 0.428278, 4.13875e-13, 3.60107e-17, 14.0374, 0.978924, 5.17274e-07, 271.65
7482, 1.06364e-05, 0.421678, 0.0059005, 0, 6.06439e-16, 3.82399e-15, 0, 0, 0.427578, 5.49075e-12, 1.3972e-15, 11.4512, 0.978928, 5.17002e-07, 271.577
7483, 0.000101388, 0.41211, 0.0121747, 0, 9.30929e-15, 5.589e-14, 0, 0, 0.424285, 5.23261e-11, 2.70814e-14, 9.19656, 0.978932, 5.16734e-07, 271.27
7484, 0.000582555, 0.398625, 0.0207058, 0, 7.63477e-14, 4.444e-13, 0, 0, 0.419331, 3.00581e-10, 2.53317e-13, 7.44809, 0.978936, 5.16459e-07, 270.811
7485, 0.00194487, 0.385343, 0.0285458, 0, 3.17438e-13, 1.81138e-12, 0, 0, 0.413889, 1.00327e-09, 1.14692e-12, 6.24256, 0.97894, 5.16172e-07, 270.303
7486, 0.0036713, 0.376339, 0.0334376, 0, 7.18144e-13, 3.99105e-12, 0, 0, 0.409776, 1.89334e-09, 3.10538e-12, 5.60721, 0.978944, 5.15853e-07, 269.914
7487, 0.00501944, 0.373344, 0.0347842, 0, 1.71605e-12, 8.77069e-12, 0, 0, 0.408128, 2.58674e-09, 1.28175e-11, 5.29444, 0.978948, 5.15511e-07, 269.751
7488, 0.0106737, 0.367518, 0.0361875, 0, 7.44132e-12, 3.57192e-11, 0, 0, 0.403706, 5.4943e-09, 7.50369e-11, 4.53997, 0.978952, 5.15173e-07, 269.328
7489, 0.027263, 0.349683, 0.0407085, 0, 2.58475e-11, 1.2144e-10, 0, 0, 0.390392, 1.40249e-08, 2.89966e-10, 3.60222, 0.978956, 5.14808e-07, 268.058
7490, 0.0504832, 0.327746, 0.0453243, 0, 5.76927e-11, 2.6682e-10, 0, 0, 0.37307, 2.59531e-08, 7.00144e-10, 2.98611, 0.97896, 5.1435e-07, 266.362
7491, 0.0688746, 0.31299, 0.0475112, 0, 8.93144e-11, 4.08001e-10, 0, 0, 0.360501, 3.53728e-08, 1.14533e-09, 2.67547, 0.978964, 5.13692e-07, 265.092
7492, 0.074712, 0.308769, 0.0479923, 0, 1.0121e-10, 4.59636e-10, 0, 0, 0.356762, 3.8309e-08, 1.32444e-09, 2.59411, 0.978968, 5.12428e-07, 264.7
7493, 0.0658587, 0.31479, 0.0475102, 0, 8.50207e-11, 3.86251e-10, 0, 0, 0.362301, 3.36509e-08, 1.10026e-09, 2.72024, 0.978972, 5.09097e-07, 265.252
7494, 0.0520319, 0.323824, 0.0467276, 0, 6.04984e-11, 2.74405e-10, 0, 0, 0.370551, 2.63389e-08, 7.73827e-10, 2.9559, 0.978976, 5.0256e-07, 266.068
7495, 0.0536629, 0.321374, 0.0470235, 0, 6.33339e-11, 2.82332e-10, 0, 0, 0.368398, 2.6935e-08, 8.48105e-10, 2.92503, 0.97898, 4.98126e-07, 265.843
7496, 0.0678469, 0.31058, 0.0480405, 0, 8.87476e-11, 3.90588e-10, 0, 0, 0.358621, 3.42284e-08, 1.23162e-09, 2.6905, 0.978984, 5.01673e-07, 264.846
7497, 0.0662638, 0.312109, 0.0479699, 0, 8.78044e-11, 3.85468e-10, 0, 0, 0.360079, 3.3658e-08, 1.21553e-09, 2.71411, 0.978988, 5.07529e-07, 264.983
7498, 0.045186, 0.327809, 0.0466092, 0, 5.28674e-11, 2.325e-10, 0, 0, 0.374419, 2.3033e-08, 7.06272e-10, 3.09697, 0.978992, 5.10064e-07, 266.408
7499, 0.0320597, 0.336795, 0.0458283, 0, 2.88069e-11, 1.25919e-10, 0, 0, 0.382623, 1.63385e-08, 3.56039e-10, 3.44015, 0.978994, 5.1006e-07, 267.201
7500, 0.0394039, 0.328903, 0.0469173, 0, 3.42513e-11, 1.46983e-10, 0, 0, 0.37582, 2.00179e-08, 4.20846e-10, 3.23389, 0.978993, 5.08446e-07, 266.524
7501, 0.0445787, 0.323857, 0.0471782, 0, 3.95789e-11, 1.67745e-10, 0, 0, 0.371035, 2.2568e-08, 4.94103e-10, 3.1105, 0.978986, 5.04998e-07, 266.04
7502, 0.0306466, 0.341063, 0.0424993, 0, 2.53972e-11, 1.06327e-10, 0, 0, 0.383562, 1.54519e-08, 3.13284e-10, 3.48523, 0.978976, 5.01406e-07, 267.259
7503, 0.0117624, 0.368933, 0.0343613, 0, 8.42187e-12, 3.48793e-11, 0, 0, 0.403294, 5.90446e-09, 1.00605e-10, 4.44284, 0.978964, 5.01381e-07, 269.128
7504, 0.00263255, 0.38243, 0.0307673, 0, 1.42181e-12, 5.84746e-12, 0, 0, 0.413198, 1.31762e-09, 1.61993e-11, 5.9398, 0.978952, 5.04437e-07, 270.037
7505, 0.00126869, 0.377698, 0.0341162, 0, 2.82957e-13, 1.12594e-12, 0, 0, 0.411814, 6.38262e-10, 3.00674e-12, 6.66977, 0.97894, 5.06677e-07, 269.898
7506, 0.00352056, 0.368063, 0.038558, 0, 1.94993e-12, 7.80531e-12, 0, 0, 0.406621, 1.75236e-09, 2.56762e-11, 5.64914, 0.978928, 5.05924e-07, 269.407
7507, 0.0140745, 0.355822, 0.0413164, 0, 1.4652e-11, 5.95437e-11, 0, 0, 0.397139, 6.97882e-09, 2.13138e-10, 4.26339, 0.978916, 5.01316e-07, 268.506
7508, 0.0442263, 0.329735, 0.0448529, 0, 6.37681e-11, 2.61544e-10, 0, 0, 0.374588, 2.20762e-08, 1.00071e-09, 3.11844, 0.978904, 4.97228e-07, 266.316
7509, 0.0918413, 0.295459, 0.0478453, 0, 1.72056e-10, 7.08762e-10, 0, 0, 0.343304, 4.62051e-08, 2.88163e-09, 2.38769, 0.978892, 4.99437e-07, 263.118
7510, 0.137603, 0.269257, 0.0482096, 0, 3.16272e-10, 1.30524e-09, 0, 0, 0.317466, 6.96107e-08, 5.5744e-09, 1.98338, 0.97888, 5.04248e-07, 260.312
7511, 0.167063, 0.255066, 0.047423, 0, 4.35584e-10, 1.80161e-09, 0, 0, 0.302489, 8.47463e-08, 7.94871e-09, 1.78938, 0.978868, 5.06918e-07, 258.604
7512, 0.180057, 0.249591, 0.0468508, 0, 4.98581e-10, 2.07152e-09, 0, 0, 0.296441, 9.14358e-08, 9.27584e-09, 1.71448, 0.978856, 5.07769e-07, 257.89
7513, 0.18221, 0.249705, 0.0466564, 0, 5.13015e-10, 2.14638e-09, 0, 0, 0.296362, 9.25579e-08, 9.58728e-09, 1.70259, 0.978844, 5.07967e-07, 257.869
7514, 0.174164, 0.255046, 0.0467944, 0, 4.7734e-10, 2.01555e-09, 0, 0, 0.30184, 8.84686e-08, 8.8172e-09, 1.74776, 0.978832, 5.0795e-07, 258.495
7515, 0.152121, 0.267915, 0.0470552, 0, 3.83644e-10, 1.64111e-09, 0, 0, 0.31497, 7.72594e-08, 6.88036e-09, 1.88308, 0.97882, 5.07846e-07, 259.977
7516, 0.113547, 0.29212, 0.0462032, 0, 2.47422e-10, 1.0776e-09, 0, 0, 0.338323, 5.76563e-08, 4.22386e-09, 2.17554, 0.978808, 5.07689e-07, 262.514
7517, 0.0651458, 0.3293, 0.0411812, 0, 1.16077e-10, 5.16943e-10, 0, 0, 0.370481, 3.30727e-08, 1.84975e-09, 2.73113, 0.978796, 5.07492e-07, 265.811
7518, 0.0255123, 0.370606, 0.0306582, 0, 3.56852e-11, 1.63e-10, 0, 0, 0.401264, 1.29493e-08, 5.22102e-10, 3.66859, 0.978784, 5.07278e-07, 268.778
7519, 0.00838094, 0.39434, 0.0225821, 0, 8.23376e-12, 3.89978e-11, 0, 0, 0.416922, 4.251e-09, 1.05242e-10, 4.7818, 0.978772, 5.07066e-07, 270.219
7520, 0.0125224, 0.385088, 0.0266707, 0, 1.04499e-11, 5.03234e-11, 0, 0, 0.411759, 6.34321e-09, 1.19123e-10, 4.38024, 0.97876, 5.06841e-07, 269.734
7521, 0.029508, 0.356131, 0.037726, 0, 2.7411e-11, 1.29268e-10, 0, 0, 0.393857, 1.49427e-08, 3.28748e-10, 3.52309, 0.978748, 5.06589e-07, 268.045
7522, 0.0467755, 0.332253, 0.0452489, 0, 5.13099e-11, 2.33508e-10, 0, 0, 0.377502, 2.36783e-08, 6.90894e-10, 3.0624, 0.978736, 5.06317e-07, 266.452
7523, 0.0684357, 0.314073, 0.0478115, 0, 1.04065e-10, 4.54235e-10, 0, 0, 0.361885, 3.46243e-08, 1.64904e-09, 2.68186, 0.978724, 5.06055e-07, 264.883
7524, 0.106294, 0.290675, 0.048154, 0, 2.12957e-10, 9.15021e-10, 0, 0, 0.338829, 5.37549e-08, 3.7146e-09, 2.24155, 0.978712, 5.0582e-07, 262.48
7525, 0.144783, 0.269162, 0.0477046, 0, 3.41766e-10, 1.45798e-09, 0, 0, 0.316867, 7.31916e-08, 6.26248e-09, 1.93252, 0.9787, 5.05586e-07, 260.078
7526, 0.164207, 0.258943, 0.0472819, 0, 4.19647e-10, 1.77395e-09, 0, 0, 0.306225, 8.29772e-08, 7.84095e-09, 1.80663, 0.978688, 5.05335e-07, 258.865
7527, 0.152739, 0.264246, 0.0476126, 0, 3.76857e-10, 1.58564e-09, 0, 0, 0.311859, 7.71542e-08, 6.99584e-09, 1.87902, 0.978676, 5.05087e-07, 259.494
7528, 0.112406, 0.286111, 0.0481726, 0, 2.34118e-10, 9.90401e-10, 0, 0, 0.334284, 5.67613e-08, 4.20103e-09, 2.18564, 0.978664, 5.0484e-07, 261.951
7529, 0.064667, 0.316807, 0.047241, 0, 1.00315e-10, 4.3062e-10, 0, 0, 0.364048, 3.2643e-08, 1.6758e-09, 2.7385, 0.978652, 5.04579e-07, 265.037
7530, 0.0295885, 0.343971, 0.044484, 0, 3.03214e-11, 1.32638e-10, 0, 0, 0.388454, 1.49296e-08, 4.50095e-10, 3.52037, 0.97864, 5.04315e-07, 267.431
7531, 0.013549, 0.35833, 0.0421102, 0, 7.25345e-12, 3.22493e-11, 0, 0, 0.40044, 6.83185e-09, 8.70116e-11, 4.30144, 0.978628, 5.04055e-07, 268.562
7532, 0.00867546, 0.363747, 0.0407241, 0, 2.57288e-12, 1.12569e-11, 0, 0, 0.404471, 4.37158e-09, 2.16965e-11, 4.74726, 0.978616, 5.03804e-07, 268.93
7533, 0.00479355, 0.370894, 0.0383745, 0, 1.25849e-12, 5.35376e-12, 0, 0, 0.409268, 2.41488e-09, 9.56151e-12, 5.34048, 0.978604, 5.03565e-07, 269.366
7534, 0.00216773, 0.377451, 0.0359347, 0, 8.87199e-13, 3.5699e-12, 0, 0, 0.413386, 1.09109e-09, 1.02507e-11, 6.13408, 0.978592, 5.03321e-07, 269.736
7535, 0.00647731, 0.372834, 0.0365286, 0, 6.17759e-12, 2.44935e-11, 0, 0, 0.409362, 3.2552e-09, 9.32727e-11, 5.03945, 0.97858, 5.03065e-07, 269.353
7536, 0.0273185, 0.348413, 0.0416512, 0, 3.5068e-11, 1.40439e-10, 0, 0, 0.390064, 1.37254e-08, 5.59055e-10, 3.60019, 0.978568, 5.02801e-07, 267.522
7537, 0.0674037, 0.312529, 0.0470979, 0, 1.04727e-10, 4.23652e-10, 0, 0, 0.359627, 3.38576e-08, 1.72491e-09, 2.69706, 0.978556, 5.02525e-07, 264.502
7538, 0.100522, 0.289947, 0.0490039, 0, 1.71212e-10, 7.00893e-10, 0, 0, 0.338951, 5.0481e-08, 2.85168e-09, 2.29738, 0.978544, 5.02254e-07, 262.34
7539, 0.100971, 0.292289, 0.0487048, 0, 1.69914e-10, 7.07885e-10, 0, 0, 0.340993, 5.06915e-08, 2.79376e-09, 2.29292, 0.978532, 5.02004e-07, 262.546
7540, 0.0826714, 0.306087, 0.0478711, 0, 1.27357e-10, 5.43847e-10, 0, 0, 0.353958, 4.1486e-08, 2.03896e-09, 2.49288, 0.97852, 5.01754e-07, 263.889
7541, 0.0750586, 0.31103, 0.0477566, 0, 1.11035e-10, 4.81375e-10, 0, 0, 0.358787, 3.76404e-08, 1.78353e-09, 2.58949, 0.978508, 5.01495e-07, 264.373
7542, 0.0930642, 0.299216, 0.0483519, 0, 1.58574e-10, 6.826e-10, 0, 0, 0.347568, 4.66395e-08, 2.68413e-09, 2.37447, 0.978496, 5.01236e-07, 263.205
7543, 0.123287, 0.281941, 0.0482787, 0, 2.55393e-10, 1.09e-09, 0, 0, 0.33022, 6.17546e-08, 4.61606e-09, 2.09324, 0.978484, 5.00974e-07, 261.349
7544, 0.15674, 0.264937, 0.0472791, 0, 3.94994e-10, 1.67333e-09, 0, 0, 0.312216, 7.84723e-08, 7.62181e-09, 1.85317, 0.978472, 5.00713e-07, 259.347
7545, 0.184842, 0.251249, 0.0462473, 0, 5.22519e-10, 2.20527e-09, 0, 0, 0.297497, 9.24999e-08, 1.0416e-08, 1.68825, 0.97846, 5.00452e-07, 257.645
7546, 0.184109, 0.252142, 0.0462683, 0, 5.19777e-10, 2.19794e-09, 0, 0, 0.29841, 9.20956e-08, 1.03448e-08, 1.69222, 0.978448, 5.00192e-07, 257.74
7547, 0.152183, 0.268766, 0.0473147, 0, 3.85828e-10, 1.64245e-09, 0, 0, 0.31608, 7.60941e-08, 7.45632e-09, 1.88267, 0.978436, 4.9994e-07, 259.748
7548, 0.120574, 0.285373, 0.0482583, 0, 2.57799e-10, 1.11089e-09, 0, 0, 0.333631, 6.02547e-08, 4.7288e-09, 2.1155, 0.978424, 4.99686e-07, 261.662
7549, 0.116666, 0.288154, 0.04826, 0, 2.35799e-10, 1.02844e-09, 0, 0, 0.336414, 5.82661e-08, 4.20717e-09, 2.14844, 0.978412, 4.99433e-07, 261.95
7550, 0.111607, 0.291892, 0.0480274, 0, 2.2025e-10, 9.68746e-10, 0, 0, 0.339919, 5.57176e-08, 3.89446e-09, 2.19277, 0.9784, 4.9918e-07, 262.313
7551, 0.087013, 0.304921, 0.0483017, 0, 1.44897e-10, 6.4595e-10, 0, 0, 0.353223, 4.342e-08, 2.46285e-09, 2.4417, 0.978388, 4.98923e-07, 263.694
7552, 0.075405, 0.30985, 0.0486154, 0, 1.03115e-10, 4.66526e-10, 0, 0, 0.358466, 3.76013e-08, 1.66003e-09, 2.58488, 0.978376, 4.98665e-07, 264.222
7553, 0.0819297, 0.306913, 0.0481456, 0, 1.14371e-10, 5.19945e-10, 0, 0, 0.355059, 4.0833e-08, 1.83297e-09, 2.50189, 0.978364, 4.98405e-07, 263.862
7554, 0.0736949, 0.317979, 0.0454762, 0, 1.03105e-10, 4.74305e-10, 0, 0, 0.363455, 3.67174e-08, 1.63465e-09, 2.60782, 0.978352, 4.9814e-07, 264.708
7555, 0.0434144, 0.350161, 0.0381546, 0, 5.56733e-11, 2.61034e-10, 0, 0, 0.388316, 2.16254e-08, 8.52707e-10, 3.13697, 0.97834, 4.97871e-07, 267.152
7556, 0.0165579, 0.383552, 0.0284456, 0, 1.77402e-11, 8.51661e-11, 0, 0, 0.411997, 8.24471e-09, 2.55424e-10, 4.10089, 0.978328, 4.97613e-07, 269.377
7557, 0.0117702, 0.389958, 0.0264936, 0, 1.02056e-11, 5.0129e-11, 0, 0, 0.416451, 5.85183e-09, 1.33635e-10, 4.44218, 0.978316, 4.97364e-07, 269.776
7558, 0.029225, 0.365121, 0.0348246, 0, 2.97421e-11, 1.42429e-10, 0, 0, 0.399946, 1.45199e-08, 4.09189e-10, 3.53273, 0.978304, 4.97105e-07, 268.23
7559, 0.0556448, 0.333757, 0.0435435, 0, 6.43163e-11, 3.00853e-10, 0, 0, 0.3773, 2.7639e-08, 9.2208e-10, 2.88877, 0.978292, 4.96835e-07, 266.036
7560, 0.0682531, 0.318724, 0.0473519, 0, 8.05208e-11, 3.69764e-10, 0, 0, 0.366076, 3.38918e-08, 1.16213e-09, 2.68453, 0.97828, 4.96567e-07, 264.908
7561, 0.0594301, 0.321488, 0.0480478, 0, 6.2365e-11, 2.80913e-10, 0, 0, 0.369536, 2.95005e-08, 8.6929e-10, 2.82296, 0.978268, 4.9631e-07, 265.245
7562, 0.0402627, 0.334991, 0.0464608, 0, 3.43539e-11, 1.50745e-10, 0, 0, 0.381452, 1.99791e-08, 4.47782e-10, 3.21233, 0.978256, 4.96053e-07, 266.412
7563, 0.0202006, 0.354785, 0.042667, 0, 1.40508e-11, 6.01384e-11, 0, 0, 0.397452, 1.00207e-08, 1.72328e-10, 3.90204, 0.978244, 4.9578e-07, 267.942
7564, 0.0107943, 0.365237, 0.0407257, 0, 5.84061e-12, 2.53451e-11, 0, 0, 0.405963, 5.3494e-09, 6.6393e-11, 4.52873, 0.978232, 4.95512e-07, 268.732
7565, 0.017997, 0.356772, 0.0430384, 0, 1.0369e-11, 4.71546e-11, 0, 0, 0.399811, 8.90956e-09, 1.14811e-10, 4.01755, 0.97822, 4.95265e-07, 268.144
7566, 0.032101, 0.343123, 0.0458078, 0, 2.08666e-11, 9.62335e-11, 0, 0, 0.388931, 1.58867e-08, 2.33829e-10, 3.43887, 0.978208, 4.95011e-07, 267.095
7567, 0.0374295, 0.340019, 0.0461174, 0, 2.47785e-11, 1.16041e-10, 0, 0, 0.386136, 1.85185e-08, 2.72864e-10, 3.2853, 0.978196, 4.94752e-07, 266.815
7568, 0.0297209, 0.350574, 0.0433785, 0, 1.81509e-11, 8.68142e-11, 0, 0, 0.393952, 1.47005e-08, 1.8923e-10, 3.51591, 0.978184, 4.94511e-07, 267.556
7569, 0.0163012, 0.371399, 0.0364978, 0, 8.56198e-12, 4.19285e-11, 0, 0, 0.407897, 8.06092e-09, 8.23225e-11, 4.11652, 0.978172, 4.9427e-07, 268.861
7570, 0.00575543, 0.394802, 0.0267186, 0, 2.47584e-12, 1.24e-11, 0, 0, 0.421521, 2.84547e-09, 2.18303e-11, 5.15761, 0.97816, 4.9401e-07, 270.104
7571, 0.00129002, 0.407481, 0.0209701, 0, 4.01452e-13, 2.06233e-12, 0, 0, 0.428451, 6.3759e-10, 3.21629e-12, 6.6531, 0.978148, 4.93746e-07, 270.721
7572, 0.000313897, 0.408582, 0.0208831, 0, 3.8352e-14, 2.10734e-13, 0, 0, 0.429465, 1.55002e-10, 2.46133e-13, 8.06645, 0.978136, 4.93496e-07, 270.802
7573, 0.000140355, 0.412366, 0.0186544, 0, 4.91687e-15, 3.23668e-14, 0, 0, 0.431021, 6.92627e-11, 1.15544e-14, 8.87134, 0.978124, 4.93252e-07, 270.931
7574, 4.55352e-05, 0.422574, 0.0122382, 0, 1.1416e-15, 7.99866e-15, 0, 0, 0.434813, 2.24679e-11, 9.36014e-16, 9.99702, 0.978112, 4.93002e-07, 271.259
7575, 7.28759e-06, 0.431113, 0.00682903, 0, 1.60976e-16, 1.136e-15, 0, 0, 0.437942, 3.59559e-12, 1.06151e-16, 11.8293, 0.9781, 4.92741e-07, 271.527
7576, 5.57366e-07, 0.432067, 0.00629896, 0, 1.063e-17, 7.53994e-17, 0, 0, 0.438366, 2.74974e-13, 6.37919e-18, 14.4, 0.978088, 4.92469e-07, 271.554
7577, 3.43646e-08, 0.42758, 0.00929575, 0, 3.33692e-19, 2.36244e-18, 0, 0, 0.436876, 1.69337e-14, 1.74809e-19, 17.1862, 0.978076, 4.92208e-07, 271.412
7578, 2.21999e-08, 0.424482, 0.0113858, 0, 2.17864e-20, 1.22333e-19, 0, 0, 0.435868, 1.09223e-14, 2.15957e-21, 17.6232, 0.978064, 4.91967e-07, 271.312
7579, 1.50473e-08, 0.426472, 0.0101677, 0, 1.19981e-20, 6.23607e-20, 0, 0, 0.43664, 7.40262e-15, 1.37945e-23, 18.0121, 0.978052, 4.91721e-07, 271.37
7580, 4.724e-09, 0.431845, 0.00674649, 0, 3.78945e-21, 1.95312e-20, 0, 0, 0.438591, 2.32388e-15, 1.53487e-24, 19.1706, 0.97804, 4.91461e-07, 271.533
7581, 1.12553e-09, 0.436862, 0.00355214, 0, 3.23333e-21, 2.30608e-20, 0, 0, 0.440414, 5.52799e-16, 9.58223e-22, 20.605, 0.978028, 4.91202e-07, 271.684
7582, 1.9565e-08, 0.438526, 0.0025416, 0, 1.78561e-19, 1.3139e-18, 0, 0, 0.441067, 9.58598e-15, 9.29378e-20, 17.7495, 0.978016, 4.90949e-07, 271.731
7583, 4.62651e-07, 0.435561, 0.00454531, 0, 6.73044e-18, 4.81293e-17, 0, 0, 0.440106, 2.26639e-13, 4.8372e-18, 14.5863, 0.978004, 4.90696e-07, 271.636
7584, 6.20242e-06, 0.428556, 0.00915859, 0, 1.35142e-16, 9.42564e-16, 0, 0, 0.437715, 3.03782e-12, 1.23032e-16, 11.9906, 0.977992, 4.90438e-07, 271.415
7585, 4.76933e-05, 0.419212, 0.0152204, 0, 1.43015e-15, 9.77646e-15, 0, 0, 0.434433, 2.33549e-11, 1.5524e-15, 9.95072, 0.97798, 4.90185e-07, 271.113
7586, 0.000209429, 0.409609, 0.0213051, 0, 7.87724e-15, 5.30921e-14, 0, 0, 0.430914, 1.02537e-10, 9.67901e-15, 8.47112, 0.977968, 4.89942e-07, 270.788
7587, 0.00051597, 0.402199, 0.0258504, 0, 2.22576e-14, 1.48841e-13, 0, 0, 0.428049, 2.52578e-10, 2.9576e-14, 7.56946, 0.977956, 4.89696e-07, 270.52
7588, 0.000698445, 0.400245, 0.0270177, 0, 3.17826e-14, 2.12198e-13, 0, 0, 0.427263, 3.4185e-10, 4.38498e-14, 7.26665, 0.977944, 4.89444e-07, 270.439
7589, 0.000522859, 0.404035, 0.0248085, 0, 2.28582e-14, 1.53521e-13, 0, 0, 0.428844, 2.55864e-10, 3.13625e-14, 7.5562, 0.977932, 4.89191e-07, 270.571
7590, 0.000241428, 0.409528, 0.0216017, 0, 8.70804e-15, 5.97241e-14, 0, 0, 0.43113, 1.1811e-10, 1.10103e-14, 8.32894, 0.97792, 4.88936e-07, 270.766
7591, 8.47965e-05, 0.417347, 0.0168008, 0, 2.11957e-15, 1.52591e-14, 0, 0, 0.434147, 4.14674e-11, 2.09484e-15, 9.37526, 0.977908, 4.8868e-07, 271.026
7592, 2.21695e-05, 0.427848, 0.0101742, 0, 4.07265e-16, 3.08984e-15, 0, 0, 0.438022, 1.08383e-11, 2.81877e-16, 10.7168, 0.977896, 4.88419e-07, 271.36
7593, 6.79336e-06, 0.43425, 0.00612876, 0, 2.0228e-16, 1.39418e-15, 0, 0, 0.440379, 3.31545e-12, 3.37489e-16, 11.8996, 0.977884, 4.88153e-07, 271.559
7594, 4.36011e-05, 0.430841, 0.00836744, 0, 2.28482e-15, 1.47491e-14, 0, 0, 0.439208, 2.12457e-11, 5.19918e-15, 10.0404, 0.977872, 4.87891e-07, 271.445
7595, 0.000270419, 0.418901, 0.0159251, 0, 1.6667e-14, 1.05659e-13, 0, 0, 0.434826, 1.31753e-10, 4.30878e-14, 8.21554, 0.97786, 4.8764e-07, 271.046
7596, 0.000909136, 0.404497, 0.0246941, 0, 7.12935e-14, 4.37372e-13, 0, 0, 0.429191, 4.42868e-10, 2.59193e-13, 7.00302, 0.977848, 4.87393e-07, 270.531
7597, 0.00211879, 0.393429, 0.0309861, 0, 3.09626e-13, 1.77469e-12, 0, 0, 0.424415, 1.03169e-09, 1.91753e-12, 6.15691, 0.977836, 4.87151e-07, 270.09
7598, 0.00521415, 0.385246, 0.0346704, 0, 1.47543e-12, 8.04903e-12, 0, 0, 0.419916, 2.53739e-09, 1.18869e-11, 5.25638, 0.977824, 4.86905e-07, 269.67
7599, 0.0122331, 0.374242, 0.0383729, 0, 4.71702e-12, 2.51331e-11, 0, 0, 0.412615, 5.95085e-09, 4.22841e-11, 4.40361, 0.977812, 4.86656e-07, 268.988
7600, 0.0203135, 0.362174, 0.04211, 0, 8.91856e-12, 4.68185e-11, 0, 0, 0.404284, 9.87883e-09, 8.53938e-11, 3.89647, 0.9778, 4.86409e-07, 268.201
7601, 0.0248356, 0.355348, 0.0441203, 0, 1.18569e-11, 6.1566e-11, 0, 0, 0.399468, 1.20733e-08, 1.20291e-10, 3.69548, 0.977788, 4.86161e-07, 267.737
7602, 0.0264556, 0.354522, 0.044121, 0, 1.37291e-11, 7.10799e-11, 0, 0, 0.398643, 1.28552e-08, 1.4503e-10, 3.63229, 0.977776, 4.8591e-07, 267.648
7603, 0.0224539, 0.362557, 0.0413245, 0, 1.17329e-11, 6.11753e-11, 0, 0, 0.403882, 1.09073e-08, 1.2403e-10, 3.79629, 0.977764, 4.85652e-07, 268.133
7604, 0.0123535, 0.382158, 0.0338375, 0, 5.75934e-12, 3.0464e-11, 0, 0, 0.415995, 5.99954e-09, 5.87829e-11, 4.39382, 0.977752, 4.85377e-07, 269.249
7605, 0.00409878, 0.406038, 0.0227952, 0, 1.50585e-12, 8.14819e-12, 0, 0, 0.428833, 1.99013e-09, 1.42874e-11, 5.49707, 0.97774, 4.85097e-07, 270.407
7606, 0.00122033, 0.418516, 0.0164157, 0, 2.70196e-13, 1.54488e-12, 0, 0, 0.434932, 5.91934e-10, 2.05117e-12, 6.70863, 0.977728, 4.84844e-07, 270.943
7607, 0.00195895, 0.410524, 0.0211073, 0, 3.01217e-13, 1.82833e-12, 0, 0, 0.431631, 9.48865e-10, 1.48141e-12, 6.23535, 0.977716, 4.84612e-07, 270.638
7608, 0.00395683, 0.394475, 0.030139, 0, 6.29704e-13, 3.77602e-12, 0, 0, 0.424614, 1.91619e-09, 3.09968e-12, 5.53231, 0.977704, 4.8438e-07, 269.995
7609, 0.00434431, 0.38816, 0.0338487, 0, 6.71545e-13, 3.98668e-12, 0, 0, 0.422009, 2.10353e-09, 3.31418e-12, 5.43889, 0.977692, 4.84141e-07, 269.748
7610, 0.00261334, 0.395542, 0.0302097, 0, 3.52013e-13, 2.08196e-12, 0, 0, 0.425752, 1.26517e-09, 1.68188e-12, 5.94713, 0.97768, 4.83891e-07, 270.078
7611, 0.000920677, 0.411104, 0.0215252, 0, 9.44701e-14, 5.61945e-13, 0, 0, 0.432629, 4.45625e-10, 4.1039e-13, 6.9904, 0.977668, 4.83635e-07, 270.687
7612, 0.000196828, 0.42719, 0.0118807, 0, 1.40767e-14, 8.53647e-14, 0, 0, 0.43907, 9.52489e-11, 5.02477e-14, 8.53318, 0.977656, 4.83384e-07, 271.25
7613, 2.47405e-05, 0.435772, 0.00659427, 0, 1.24744e-15, 7.81049e-15, 0, 0, 0.442367, 1.19698e-11, 3.32678e-15, 10.6071, 0.977644, 4.83141e-07, 271.532
7614, 5.06955e-06, 0.433173, 0.00836364, 0, 8.497e-17, 5.83801e-16, 0, 0, 0.441537, 2.44775e-12, 1.29668e-16, 12.1923, 0.977632, 4.82899e-07, 271.448
7615, 1.29283e-05, 0.424246, 0.0141697, 0, 8.47885e-17, 6.81338e-16, 0, 0, 0.438416, 6.2362e-12, 1.68116e-17, 11.2561, 0.97762, 4.82649e-07, 271.162
7616, 2.23537e-05, 0.418636, 0.0178301, 0, 1.45803e-16, 1.18407e-15, 0, 0, 0.436466, 1.07817e-11, 2.51787e-17, 10.7085, 0.977608, 4.82388e-07, 270.979
7617, 1.84397e-05, 0.422289, 0.01556, 0, 1.21386e-16, 9.899e-16, 0, 0, 0.437849, 8.89305e-12, 2.70591e-17, 10.901, 0.977596, 4.82129e-07, 271.092
7618, 9.70582e-06, 0.431652, 0.00962495, 0, 1.64467e-16, 1.11653e-15, 0, 0, 0.441277, 4.67753e-12, 4.24255e-16, 11.5428, 0.977584, 4.81882e-07, 271.385
7619, 3.88253e-05, 0.436434, 0.00658596, 0, 2.83659e-15, 1.62916e-14, 0, 0, 0.44302, 1.86758e-11, 1.65693e-14, 10.1564, 0.977572, 4.81647e-07, 271.529
7620, 0.000317879, 0.429073, 0.011118, 0, 4.72343e-14, 2.51905e-13, 0, 0, 0.440191, 1.52856e-10, 3.90578e-13, 8.05384, 0.97756, 4.81411e-07, 271.269
7621, 0.00181453, 0.410685, 0.0218578, 0, 4.85577e-13, 2.48147e-12, 0, 0, 0.432543, 8.72262e-10, 4.70218e-12, 6.31193, 0.977548, 4.81166e-07, 270.578
7622, 0.00695941, 0.388727, 0.0328758, 0, 2.60964e-12, 1.29892e-11, 0, 0, 0.421603, 3.34457e-09, 2.71275e-11, 4.96766, 0.977536, 4.80915e-07, 269.579
7623, 0.0157284, 0.369604, 0.0402667, 0, 6.85954e-12, 3.34253e-11, 0, 0, 0.40987, 7.55736e-09, 7.40171e-11, 4.15229, 0.977524, 4.80656e-07, 268.488
7624, 0.0196593, 0.360415, 0.0434336, 0, 9.14604e-12, 4.35256e-11, 0, 0, 0.403848, 9.44423e-09, 1.03157e-10, 3.9292, 0.977512, 4.80399e-07, 267.914
7625, 0.0182382, 0.359113, 0.0440915, 0, 1.10699e-11, 5.0619e-11, 0, 0, 0.403204, 8.75636e-09, 1.53744e-10, 4.00424, 0.9775, 4.80154e-07, 267.843
7626, 0.0311355, 0.347398, 0.0456169, 0, 3.15341e-11, 1.4222e-10, 0, 0, 0.393015, 1.49352e-08, 5.30375e-10, 3.46941, 0.977488, 4.79914e-07, 266.864
7627, 0.0654931, 0.322794, 0.0475647, 0, 8.50772e-11, 3.84759e-10, 0, 0, 0.370358, 3.14045e-08, 1.52673e-09, 2.72581, 0.977476, 4.79672e-07, 264.633
7628, 0.0960637, 0.303675, 0.0482415, 0, 1.41304e-10, 6.3894e-10, 0, 0, 0.351917, 4.60511e-08, 2.62786e-09, 2.34274, 0.977464, 4.7943e-07, 262.741
7629, 0.0942132, 0.304056, 0.0484709, 0, 1.39926e-10, 6.31734e-10, 0, 0, 0.352527, 4.51508e-08, 2.62822e-09, 2.36219, 0.977452, 4.79183e-07, 262.794
7630, 0.0737372, 0.315652, 0.0486681, 0, 1.00463e-10, 4.53969e-10, 0, 0, 0.36432, 3.53189e-08, 1.86238e-09, 2.60725, 0.97744, 4.78932e-07, 263.993
7631, 0.0784832, 0.31399, 0.0485581, 0, 1.1022e-10, 4.99697e-10, 0, 0, 0.362548, 3.75609e-08, 2.05347e-09, 2.54487, 0.977428, 4.78672e-07, 263.803
7632, 0.101429, 0.301027, 0.0484992, 0, 1.54106e-10, 6.98939e-10, 0, 0, 0.349526, 4.85189e-08, 2.92439e-09, 2.28839, 0.977416, 4.78406e-07, 262.45
7633, 0.100382, 0.299285, 0.0489976, 0, 1.46782e-10, 6.64582e-10, 0, 0, 0.348282, 4.80026e-08, 2.78088e-09, 2.29877, 0.977404, 4.7816e-07, 262.31
7634, 0.0760836, 0.310576, 0.049706, 0, 9.44952e-11, 4.25905e-10, 0, 0, 0.360282, 3.63688e-08, 1.73683e-09, 2.57592, 0.977392, 4.77935e-07, 263.541
7635, 0.066184, 0.317152, 0.0497102, 0, 7.36711e-11, 3.32858e-10, 0, 0, 0.366863, 3.16143e-08, 1.30805e-09, 2.71532, 0.97738, 4.77703e-07, 264.198
7636, 0.0836486, 0.31013, 0.0490303, 0, 1.10156e-10, 5.01336e-10, 0, 0, 0.359161, 3.99328e-08, 2.0262e-09, 2.48113, 0.977368, 4.77461e-07, 263.405
7637, 0.0942161, 0.304979, 0.0486544, 0, 1.3554e-10, 6.17184e-10, 0, 0, 0.353634, 4.49629e-08, 2.54618e-09, 2.36216, 0.977356, 4.77216e-07, 262.825
7638, 0.075686, 0.314357, 0.0488966, 0, 9.97403e-11, 4.54598e-10, 0, 0, 0.363253, 3.61071e-08, 1.84071e-09, 2.58116, 0.977344, 4.7697e-07, 263.802
7639, 0.0565662, 0.32629, 0.0486267, 0, 5.82341e-11, 2.69477e-10, 0, 0, 0.374916, 2.69693e-08, 9.87559e-10, 2.87234, 0.977332, 4.76723e-07, 264.963
7640, 0.0499486, 0.336778, 0.0464479, 0, 4.4131e-11, 2.107e-10, 0, 0, 0.383226, 2.38015e-08, 6.78868e-10, 2.99676, 0.97732, 4.76474e-07, 265.772
7641, 0.0350946, 0.358383, 0.0409138, 0, 2.86723e-11, 1.40063e-10, 0, 0, 0.399297, 1.67188e-08, 4.18802e-10, 3.34971, 0.977308, 4.76225e-07, 267.31
7642, 0.0147943, 0.389367, 0.0309636, 0, 1.0483e-11, 5.22364e-11, 0, 0, 0.420331, 7.04653e-09, 1.44998e-10, 4.21352, 0.977296, 4.75978e-07, 269.261
7643, 0.00351006, 0.416728, 0.019064, 0, 1.97867e-12, 1.00911e-11, 0, 0, 0.435792, 1.67156e-09, 2.54462e-11, 5.65212, 0.977284, 4.7573e-07, 270.648
7644, 0.000556208, 0.430245, 0.012023, 0, 1.99888e-13, 1.05136e-12, 0, 0, 0.442268, 2.64709e-10, 2.29851e-12, 7.49437, 0.977272, 4.75486e-07, 271.213
7645, 0.000743837, 0.424616, 0.0153799, 0, 1.58299e-13, 7.78581e-13, 0, 0, 0.439996, 3.53165e-10, 1.7992e-12, 7.20369, 0.97726, 4.75244e-07, 271.002
7646, 0.00361714, 0.404154, 0.0263522, 0, 1.55706e-12, 7.37095e-12, 0, 0, 0.430506, 1.7165e-09, 2.15873e-11, 5.62207, 0.977248, 4.7499e-07, 270.144
7647, 0.014166, 0.377767, 0.0372537, 0, 9.4892e-12, 4.45844e-11, 0, 0, 0.415021, 6.72014e-09, 1.43365e-10, 4.25691, 0.977236, 4.74729e-07, 268.722
7648, 0.0371682, 0.349972, 0.0441688, 0, 3.15044e-11, 1.47318e-10, 0, 0, 0.39414, 1.76277e-08, 5.01394e-10, 3.2923, 0.977224, 4.74477e-07, 266.747
7649, 0.0602871, 0.329133, 0.0473454, 0, 5.735e-11, 2.66665e-10, 0, 0, 0.376479, 2.85863e-08, 9.43241e-10, 2.80864, 0.977212, 4.74238e-07, 265.016
7650, 0.0598501, 0.327407, 0.0481281, 0, 5.74131e-11, 2.65564e-10, 0, 0, 0.375535, 2.83734e-08, 9.56468e-10, 2.81591, 0.9772, 4.74007e-07, 264.912
7651, 0.0371021, 0.341854, 0.0477163, 0, 3.11615e-11, 1.43721e-10, 0, 0, 0.389571, 1.75849e-08, 5.14143e-10, 3.29408, 0.977188, 4.73767e-07, 266.277
7652, 0.0182626, 0.354459, 0.0470622, 0, 9.71302e-12, 4.49779e-11, 0, 0, 0.401521, 8.65111e-09, 1.52032e-10, 4.0029, 0.977176, 4.73519e-07, 267.41
7653, 0.0114073, 0.362456, 0.0451999, 0, 2.77844e-12, 1.31862e-11, 0, 0, 0.407656, 5.40015e-09, 3.73617e-11, 4.4735, 0.977164, 4.73281e-07, 267.977
7654, 0.00661091, 0.378134, 0.0393002, 0, 1.10273e-12, 5.32962e-12, 0, 0, 0.417434, 3.12869e-09, 1.31762e-11, 5.01903, 0.977152, 4.73048e-07, 268.875
7655, 0.0022175, 0.398818, 0.0305324, 0, 3.23737e-13, 1.55622e-12, 0, 0, 0.42935, 1.04933e-09, 3.68726e-12, 6.11138, 0.97714, 4.72803e-07, 269.95
7656, 0.000371462, 0.412115, 0.02422, 0, 4.93302e-14, 2.336e-13, 0, 0, 0.436335, 1.75765e-10, 5.36813e-13, 7.89806, 0.977128, 4.72546e-07, 270.567
7657, 2.94715e-05, 0.415266, 0.0227428, 0, 3.59612e-15, 1.67436e-14, 0, 0, 0.438009, 1.39442e-11, 3.73731e-14, 10.4321, 0.977116, 4.72301e-07, 270.706
7658, 3.07864e-06, 0.414219, 0.0234859, 0, 1.36014e-16, 6.21389e-16, 0, 0, 0.437705, 1.45286e-12, 1.29144e-15, 12.691, 0.977104, 4.72072e-07, 270.669
7659, 2.38784e-05, 0.41322, 0.0240355, 0, 1.98291e-16, 8.62305e-16, 0, 0, 0.437255, 1.12528e-11, 1.11397e-15, 10.6425, 0.977092, 4.71839e-07, 270.619
7660, 0.000125894, 0.408476, 0.0264921, 0, 1.05335e-15, 4.45299e-15, 0, 0, 0.434969, 5.93261e-11, 5.66735e-15, 8.98007, 0.97708, 4.71598e-07, 270.405
7661, 0.00029555, 0.397464, 0.0324874, 0, 2.46713e-15, 9.99638e-15, 0, 0, 0.429952, 1.3927e-10, 1.25345e-14, 8.12667, 0.977068, 4.71355e-07, 269.945
7662, 0.000315897, 0.390151, 0.0367722, 0, 2.56917e-15, 9.78618e-15, 0, 0, 0.426923, 1.4885e-10, 1.19863e-14, 8.06009, 0.977056, 4.71112e-07, 269.661
7663, 0.000172457, 0.38979, 0.0374002, 0, 1.27314e-15, 4.35384e-15, 0, 0, 0.427191, 8.1244e-11, 5.12037e-15, 8.66536, 0.977044, 4.70866e-07, 269.676
7664, 9.81351e-05, 0.38931, 0.0378526, 0, 6.62922e-16, 1.7035e-15, 0, 0, 0.427163, 4.61856e-11, 2.03708e-15, 9.22917, 0.977032, 4.70623e-07, 269.663
7665, 0.000183767, 0.387075, 0.0389508, 0, 2.42299e-15, 6.69302e-15, 0, 0, 0.426026, 8.63895e-11, 1.08948e-14, 8.60184, 0.97702, 4.70386e-07, 269.55
7666, 0.000516992, 0.38325, 0.040557, 0, 1.22132e-14, 3.81406e-14, 0, 0, 0.423807, 2.42921e-10, 7.11509e-14, 7.56748, 0.977008, 4.70147e-07, 269.338
7667, 0.00116052, 0.378558, 0.0423549, 0, 3.88206e-14, 1.27923e-13, 0, 0, 0.420913, 5.45127e-10, 2.52832e-13, 6.75889, 0.976996, 4.69905e-07, 269.064
7668, 0.00166034, 0.376479, 0.0430314, 0, 6.37369e-14, 2.15265e-13, 0, 0, 0.41951, 7.79749e-10, 4.34199e-13, 6.40073, 0.976984, 4.69662e-07, 268.926
7669, 0.00129584, 0.381033, 0.0410793, 0, 4.93765e-14, 1.68922e-13, 0, 0, 0.422112, 6.08484e-10, 3.42232e-13, 6.6486, 0.976972, 4.69419e-07, 269.154
7670, 0.000552438, 0.389253, 0.0375637, 0, 1.79758e-14, 6.19488e-14, 0, 0, 0.426816, 2.59351e-10, 1.25745e-13, 7.50117, 0.97696, 4.69175e-07, 269.572
7671, 0.000265363, 0.392357, 0.03634, 0, 1.21275e-14, 4.61876e-14, 0, 0, 0.428697, 1.24423e-10, 1.18565e-13, 8.23441, 0.976948, 4.68932e-07, 269.732
7672, 0.000824121, 0.387689, 0.038488, 0, 8.32001e-14, 3.30669e-13, 0, 0, 0.426177, 3.85934e-10, 9.17777e-13, 7.10119, 0.976936, 4.68693e-07, 269.494
7673, 0.00281114, 0.378556, 0.0419016, 0, 3.365e-13, 1.34493e-12, 0, 0, 0.420458, 1.31622e-09, 3.77804e-12, 5.87417, 0.976924, 4.68461e-07, 268.963
7674, 0.00491316, 0.371091, 0.0443474, 0, 6.25525e-13, 2.50476e-12, 0, 0, 0.415438, 2.30019e-09, 7.09998e-12, 5.31584, 0.976912, 4.68227e-07, 268.491
7675, 0.00497726, 0.371611, 0.044089, 0, 6.76509e-13, 2.68894e-12, 0, 0, 0.4157, 2.32938e-09, 7.77341e-12, 5.30288, 0.9769, 4.67986e-07, 268.505
7676, 0.00618195, 0.370353, 0.0440953, 0, 1.05752e-12, 4.12485e-12, 0, 0, 0.414449, 2.89075e-09, 1.28884e-11, 5.08612, 0.976888, 4.67744e-07, 268.379
7677, 0.0110029, 0.359779, 0.0467879, 0, 2.64811e-12, 1.03639e-11, 0, 0, 0.406566, 5.14226e-09, 3.59502e-11, 4.5096, 0.976876, 4.67507e-07, 267.634
7678, 0.0174208, 0.34919, 0.0490408, 0, 5.59363e-12, 2.21926e-11, 0, 0, 0.39823, 8.13868e-09, 8.21939e-11, 4.05009, 0.976864, 4.67271e-07, 266.835
7679, 0.0194838, 0.348895, 0.0484776, 0, 6.98951e-12, 2.79952e-11, 0, 0, 0.397372, 9.10033e-09, 1.05945e-10, 3.93817, 0.976852, 4.67032e-07, 266.743
7680, 0.012847, 0.359473, 0.0463864, 0, 4.30718e-12, 1.72905e-11, 0, 0, 0.405859, 5.99927e-09, 6.52638e-11, 4.35465, 0.97684, 4.66793e-07, 267.537
7681, 0.00573008, 0.367338, 0.0457355, 0, 1.32237e-12, 5.20141e-12, 0, 0, 0.413073, 2.67475e-09, 1.8947e-11, 5.16203, 0.976828, 4.66549e-07, 268.202
7682, 0.00275733, 0.371335, 0.0453833, 0, 3.892e-13, 1.47083e-12, 0, 0, 0.416718, 1.28614e-09, 5.22654e-12, 5.89349, 0.976816, 4.66304e-07, 268.529
7683, 0.003793, 0.372482, 0.0447482, 0, 1.50784e-12, 6.34943e-12, 0, 0, 0.41723, 1.7666e-09, 2.70205e-11, 5.5746, 0.976804, 4.66065e-07, 268.567
7684, 0.0138193, 0.360537, 0.0463476, 0, 8.07651e-12, 3.40953e-11, 0, 0, 0.406885, 6.43317e-09, 1.48348e-10, 4.28169, 0.976792, 4.65832e-07, 267.594
7685, 0.0323212, 0.338858, 0.04925, 0, 2.14273e-11, 8.95749e-11, 0, 0, 0.388108, 1.50438e-08, 3.94674e-10, 3.43203, 0.97678, 4.65596e-07, 265.791
7686, 0.044648, 0.326029, 0.0507673, 0, 3.42735e-11, 1.42203e-10, 0, 0, 0.376796, 2.07751e-08, 6.51479e-10, 3.10895, 0.976768, 4.65353e-07, 264.67
7687, 0.056553, 0.318287, 0.0508177, 0, 5.75833e-11, 2.41113e-10, 0, 0, 0.369105, 2.62986e-08, 1.18772e-09, 2.87258, 0.976756, 4.6511e-07, 263.891
7688, 0.0760995, 0.30526, 0.0507048, 0, 9.10746e-11, 3.8614e-10, 0, 0, 0.355965, 3.53727e-08, 1.96564e-09, 2.57571, 0.976744, 4.64862e-07, 262.54
7689, 0.0710641, 0.306201, 0.051231, 0, 8.24098e-11, 3.51628e-10, 0, 0, 0.357432, 3.30238e-08, 1.79507e-09, 2.64417, 0.976732, 4.64606e-07, 262.681
7690, 0.0413887, 0.325028, 0.0515922, 0, 3.83158e-11, 1.62918e-10, 0, 0, 0.37662, 1.92276e-08, 8.15918e-10, 3.18475, 0.97672, 4.64363e-07, 264.612
7691, 0.0184936, 0.344314, 0.0507706, 0, 1.02928e-11, 4.24561e-11, 0, 0, 0.395084, 8.58728e-09, 1.99751e-10, 3.99033, 0.976708, 4.64139e-07, 266.404
7692, 0.00948364, 0.355486, 0.0495182, 0, 2.33242e-12, 8.92205e-12, 0, 0, 0.405005, 4.40054e-09, 3.54835e-11, 4.65819, 0.976696, 4.63908e-07, 267.337
7693, 0.00779663, 0.358893, 0.0488792, 0, 1.10826e-12, 3.99034e-12, 0, 0, 0.407773, 3.61499e-09, 1.27339e-11, 4.85406, 0.976684, 4.63666e-07, 267.588
7694, 0.00945636, 0.356536, 0.0492282, 0, 2.03919e-12, 7.6655e-12, 0, 0, 0.405764, 4.38161e-09, 2.98064e-11, 4.66107, 0.976672, 4.63431e-07, 267.389
7695, 0.0163525, 0.349271, 0.0500493, 0, 1.02427e-11, 4.17521e-11, 0, 0, 0.39932, 7.57115e-09, 2.04247e-10, 4.11338, 0.97666, 4.63204e-07, 266.769
7696, 0.0410819, 0.331991, 0.0503233, 0, 4.92389e-11, 2.06163e-10, 0, 0, 0.382315, 1.90092e-08, 1.07879e-09, 3.19219, 0.976648, 4.62974e-07, 265.114
7697, 0.089413, 0.301725, 0.0496212, 0, 1.33226e-10, 5.61642e-10, 0, 0, 0.351346, 4.13602e-08, 3.01367e-09, 2.41449, 0.976636, 4.62736e-07, 261.968
7698, 0.124167, 0.278987, 0.0490424, 0, 1.91708e-10, 8.08376e-10, 0, 0, 0.32803, 5.74239e-08, 4.37608e-09, 2.08612, 0.976624, 4.625e-07, 259.463
7699, 0.109084, 0.285428, 0.049716, 0, 1.54126e-10, 6.459e-10, 0, 0, 0.335144, 5.0436e-08, 3.47128e-09, 2.21563, 0.976612, 4.6227e-07, 260.227
7700, 0.0692177, 0.30836, 0.0508964, 0, 7.90443e-11, 3.27981e-10, 0, 0, 0.359257, 3.19904e-08, 1.71012e-09, 2.6705, 0.9766, 4.62037e-07, 262.757
7701, 0.0526254, 0.317318, 0.0515699, 0, 4.63859e-11, 1.96437e-10, 0, 0, 0.368888, 2.43026e-08, 9.67624e-10, 2.94456, 0.976588, 4.618e-07, 263.728
7702, 0.0584673, 0.311961, 0.0517492, 0, 4.73461e-11, 2.07426e-10, 0, 0, 0.36371, 2.69853e-08, 9.96157e-10, 2.83929, 0.976576, 4.61564e-07, 263.193
7703, 0.0541105, 0.314917, 0.0515595, 0, 3.76069e-11, 1.66329e-10, 0, 0, 0.366477, 2.49661e-08, 7.78894e-10, 2.91673, 0.976564, 4.61323e-07, 263.464
7704, 0.0362832, 0.332638, 0.0499831, 0, 1.91988e-11, 8.42692e-11, 0, 0, 0.382621, 1.67351e-08, 3.7501e-10, 3.3164, 0.976552, 4.61081e-07, 265.064
7705, 0.0170082, 0.356964, 0.0469769, 0, 6.98339e-12, 3.00317e-11, 0, 0, 0.403941, 7.8425e-09, 1.2621e-10, 4.07406, 0.97654, 4.60848e-07, 267.108
7706, 0.00644125, 0.371358, 0.0451105, 0, 1.86686e-12, 7.84739e-12, 0, 0, 0.416469, 2.96817e-09, 3.05234e-11, 5.04503, 0.976528, 4.60621e-07, 268.269
7707, 0.00643625, 0.371608, 0.0450581, 0, 1.15865e-12, 4.9418e-12, 0, 0, 0.416667, 2.96227e-09, 1.48036e-11, 5.04581, 0.976516, 4.60388e-07, 268.278
7708, 0.00952249, 0.37046, 0.0443305, 0, 1.72852e-12, 7.57476e-12, 0, 0, 0.41479, 4.38131e-09, 2.09744e-11, 4.6541, 0.976504, 4.6015e-07, 268.094
7709, 0.00803238, 0.379081, 0.0409045, 0, 1.42849e-12, 6.34679e-12, 0, 0, 0.419985, 3.6952e-09, 1.70489e-11, 4.82427, 0.976492, 4.59914e-07, 268.564
7710, 0.00369123, 0.395297, 0.0345935, 0, 5.59571e-13, 2.51021e-12, 0, 0, 0.42989, 1.69777e-09, 6.38633e-12, 5.60179, 0.97648, 4.59681e-07, 269.457
7711, 0.00116119, 0.413478, 0.0258381, 0, 1.14284e-13, 5.21115e-13, 0, 0, 0.439316, 5.33888e-10, 1.15808e-12, 6.75831, 0.976468, 4.59441e-07, 270.293
7712, 0.000451673, 0.424695, 0.019882, 0, 8.78381e-14, 3.88736e-13, 0, 0, 0.444577, 2.07423e-10, 1.49176e-12, 7.70255, 0.976456, 4.59203e-07, 270.75
7713, 0.00182774, 0.419077, 0.0223725, 0, 1.28049e-12, 5.62997e-12, 0, 0, 0.44145, 8.37898e-10, 2.56122e-11, 6.30467, 0.976444, 4.58975e-07, 270.464
7714, 0.0114908, 0.393683, 0.0321398, 0, 1.0662e-11, 4.72907e-11, 0, 0, 0.425822, 5.26659e-09, 2.21446e-10, 4.46621, 0.976432, 4.58749e-07, 269.049
7715, 0.0397226, 0.353678, 0.0423728, 0, 4.25437e-11, 1.90036e-10, 0, 0, 0.396051, 1.82036e-08, 9.07457e-10, 3.22584, 0.97642, 4.58518e-07, 266.258
7716, 0.0739351, 0.318261, 0.0477867, 0, 8.27924e-11, 3.72203e-10, 0, 0, 0.366047, 3.38767e-08, 1.79529e-09, 2.60457, 0.976408, 4.58284e-07, 263.289
7717, 0.0781878, 0.309561, 0.0496623, 0, 8.15983e-11, 3.68629e-10, 0, 0, 0.359224, 3.58183e-08, 1.77245e-09, 2.54864, 0.976396, 4.58051e-07, 262.582
7718, 0.0506871, 0.326497, 0.0501525, 0, 4.33588e-11, 1.95589e-10, 0, 0, 0.376649, 2.32143e-08, 9.2097e-10, 2.98208, 0.976384, 4.57817e-07, 264.334
7719, 0.0244585, 0.346057, 0.0499143, 0, 1.56591e-11, 6.91266e-11, 0, 0, 0.395972, 1.11959e-08, 3.13395e-10, 3.71078, 0.976372, 4.57583e-07, 266.211
7720, 0.0239514, 0.347298, 0.049855, 0, 1.72692e-11, 7.41085e-11, 0, 0, 0.397153, 1.095e-08, 3.38322e-10, 3.73173, 0.97636, 4.57347e-07, 266.314
7721, 0.045314, 0.332051, 0.0501665, 0, 3.86686e-11, 1.66514e-10, 0, 0, 0.382218, 2.07067e-08, 7.65461e-10, 3.09414, 0.976348, 4.57107e-07, 264.855
7722, 0.0560994, 0.32448, 0.0502558, 0, 4.69204e-11, 2.01948e-10, 0, 0, 0.374735, 2.56307e-08, 9.16712e-10, 2.88063, 0.976336, 4.56868e-07, 264.103
7723, 0.0401751, 0.335831, 0.0499016, 0, 2.84155e-11, 1.21098e-10, 0, 0, 0.385733, 1.8351e-08, 5.34602e-10, 3.21451, 0.976324, 4.56634e-07, 265.18
7724, 0.0236079, 0.346716, 0.0497656, 0, 1.17932e-11, 4.73201e-11, 0, 0, 0.396481, 1.07768e-08, 2.0147e-10, 3.74617, 0.976312, 4.56398e-07, 266.21
7725, 0.026383, 0.341761, 0.0504782, 0, 1.48571e-11, 5.6042e-11, 0, 0, 0.392239, 1.20317e-08, 2.58203e-10, 3.63504, 0.9763, 4.56166e-07, 265.792
7726, 0.0456895, 0.326846, 0.0508597, 0, 3.60863e-11, 1.41222e-10, 0, 0, 0.377705, 2.08261e-08, 6.84277e-10, 3.08589, 0.976288, 4.55942e-07, 264.359
7727, 0.0601651, 0.318495, 0.0504717, 0, 5.28267e-11, 2.119e-10, 0, 0, 0.368966, 2.74178e-08, 1.03363e-09, 2.81066, 0.976276, 4.55717e-07, 263.474
7728, 0.0524172, 0.325679, 0.0501548, 0, 4.53876e-11, 1.85688e-10, 0, 0, 0.375834, 2.38784e-08, 9.04737e-10, 2.94852, 0.976264, 4.55485e-07, 264.153
7729, 0.0540187, 0.324403, 0.0501916, 0, 5.10457e-11, 2.17569e-10, 0, 0, 0.374594, 2.45875e-08, 1.10298e-09, 2.91843, 0.976252, 4.55254e-07, 264.019
7730, 0.0826222, 0.305477, 0.0499875, 0, 9.32481e-11, 4.09141e-10, 0, 0, 0.355464, 3.75869e-08, 2.13881e-09, 2.49348, 0.97624, 4.55022e-07, 262.063
7731, 0.0975327, 0.297493, 0.0497357, 0, 1.13534e-10, 5.0489e-10, 0, 0, 0.347229, 4.43579e-08, 2.62351e-09, 2.32757, 0.976228, 4.54781e-07, 261.191
7732, 0.0757169, 0.312022, 0.0501969, 0, 7.67887e-11, 3.43405e-10, 0, 0, 0.362219, 3.44253e-08, 1.71804e-09, 2.58075, 0.976216, 4.54532e-07, 262.738
7733, 0.0479292, 0.329003, 0.050792, 0, 3.63437e-11, 1.60841e-10, 0, 0, 0.379795, 2.1779e-08, 7.40926e-10, 3.03803, 0.976204, 4.54292e-07, 264.497
7734, 0.042878, 0.332487, 0.0507904, 0, 2.86492e-11, 1.25625e-10, 0, 0, 0.383277, 1.94683e-08, 5.40817e-10, 3.1494, 0.976192, 4.54066e-07, 264.83
7735, 0.0471701, 0.330799, 0.0504502, 0, 3.33917e-11, 1.47653e-10, 0, 0, 0.381249, 2.14077e-08, 6.41633e-10, 3.054, 0.97618, 4.53841e-07, 264.62
7736, 0.0443132, 0.332437, 0.0503002, 0, 3.23147e-11, 1.41044e-10, 0, 0, 0.382738, 2.01022e-08, 6.37184e-10, 3.11647, 0.976168, 4.53617e-07, 264.757
7737, 0.0449062, 0.330763, 0.0503262, 0, 3.63918e-11, 1.54157e-10, 0, 0, 0.381089, 2.03591e-08, 7.45379e-10, 3.10318, 0.976156, 4.53394e-07, 264.585
7738, 0.0571567, 0.322557, 0.0501895, 0, 6.33012e-11, 2.66663e-10, 0, 0, 0.372746, 2.58949e-08, 1.40239e-09, 2.86196, 0.976144, 4.53164e-07, 263.745
7739, 0.0975914, 0.299925, 0.0491559, 0, 1.50969e-10, 6.46195e-10, 0, 0, 0.349081, 4.41874e-08, 3.58487e-09, 2.32697, 0.976132, 4.52929e-07, 261.306
7740, 0.152158, 0.271867, 0.0472322, 0, 2.79237e-10, 1.20629e-09, 0, 0, 0.319099, 6.88707e-08, 6.87287e-09, 1.88283, 0.97612, 4.527e-07, 258.041
7741, 0.170597, 0.262455, 0.0464841, 0, 3.32504e-10, 1.43175e-09, 0, 0, 0.308939, 7.71937e-08, 8.29344e-09, 1.76845, 0.976108, 4.52473e-07, 256.878
7742, 0.134178, 0.27996, 0.0480439, 0, 2.48539e-10, 1.05767e-09, 0, 0, 0.328004, 6.06948e-08, 6.13038e-09, 2.00859, 0.976096, 4.52245e-07, 259.009
7743, 0.0948673, 0.300612, 0.0495892, 0, 1.52338e-10, 6.45435e-10, 0, 0, 0.350201, 4.28848e-08, 3.63155e-09, 2.35528, 0.976084, 4.52016e-07, 261.383
7744, 0.11226, 0.294396, 0.048639, 0, 1.87851e-10, 8.1642e-10, 0, 0, 0.343035, 5.07057e-08, 4.49053e-09, 2.18693, 0.976072, 4.51784e-07, 260.616
7745, 0.149111, 0.279663, 0.0465304, 0, 2.72781e-10, 1.2064e-09, 0, 0, 0.326194, 6.73257e-08, 6.62209e-09, 1.90306, 0.97606, 4.51549e-07, 258.78
7746, 0.13652, 0.294182, 0.0444139, 0, 2.4508e-10, 1.09635e-09, 0, 0, 0.338596, 6.16253e-08, 5.91254e-09, 1.99129, 0.976048, 4.51318e-07, 260.121
7747, 0.0787582, 0.341794, 0.0388994, 0, 1.25832e-10, 5.68517e-10, 0, 0, 0.380693, 3.55435e-08, 2.9553e-09, 2.54137, 0.976036, 4.51088e-07, 264.447
7748, 0.0307757, 0.389547, 0.0299843, 0, 3.94766e-11, 1.81572e-10, 0, 0, 0.419532, 1.38829e-08, 8.77757e-10, 3.48103, 0.976024, 4.50864e-07, 268.143
7749, 0.0265874, 0.396281, 0.0282079, 0, 2.77858e-11, 1.34793e-10, 0, 0, 0.424489, 1.19765e-08, 5.69854e-10, 3.62732, 0.976012, 4.50642e-07, 268.589
7750, 0.0580848, 0.36006, 0.036622, 0, 6.58905e-11, 3.14897e-10, 0, 0, 0.396682, 2.61523e-08, 1.37998e-09, 2.84585, 0.976, 4.50414e-07, 265.975
7751, 0.0847295, 0.323961, 0.0449907, 0, 9.94381e-11, 4.61397e-10, 0, 0, 0.368952, 3.81414e-08, 2.11347e-09, 2.46829, 0.975988, 4.50181e-07, 263.234
7752, 0.074184, 0.318011, 0.0490895, 0, 8.30048e-11, 3.73492e-10, 0, 0, 0.367101, 3.33854e-08, 1.76329e-09, 2.60121, 0.975976, 4.49946e-07, 263.037
7753, 0.057733, 0.323729, 0.0504154, 0, 6.40372e-11, 2.84241e-10, 0, 0, 0.374145, 2.59635e-08, 1.41304e-09, 2.85193, 0.975964, 4.49718e-07, 263.737
7754, 0.0807742, 0.31281, 0.0495468, 0, 1.11471e-10, 5.02145e-10, 0, 0, 0.362357, 3.6297e-08, 2.61303e-09, 2.5161, 0.975952, 4.49494e-07, 262.533
7755, 0.115892, 0.297638, 0.0477619, 0, 1.7448e-10, 7.88754e-10, 0, 0, 0.3454, 5.20614e-08, 4.10377e-09, 2.1551, 0.97594, 4.49266e-07, 260.757
7756, 0.106618, 0.309387, 0.0457486, 0, 1.5341e-10, 6.92661e-10, 0, 0, 0.355136, 4.78848e-08, 3.53356e-09, 2.2385, 0.975928, 4.49034e-07, 261.768
7757, 0.0592492, 0.350585, 0.0405214, 0, 7.43056e-11, 3.34225e-10, 0, 0, 0.391106, 2.66046e-08, 1.64567e-09, 2.826, 0.975916, 4.48803e-07, 265.368
7758, 0.0198815, 0.39327, 0.0320976, 0, 1.98026e-11, 8.86251e-11, 0, 0, 0.425368, 8.92519e-09, 4.14145e-10, 3.91796, 0.975904, 4.48574e-07, 268.583
7759, 0.00634119, 0.409572, 0.0287621, 0, 3.21679e-12, 1.46603e-11, 0, 0, 0.438335, 2.84422e-09, 5.81369e-11, 5.06069, 0.975892, 4.48347e-07, 269.745
7760, 0.00496335, 0.407703, 0.0305804, 0, 9.08784e-13, 4.59404e-12, 0, 0, 0.438283, 2.22435e-09, 9.42817e-12, 5.30567, 0.97588, 4.48116e-07, 269.731
7761, 0.00330621, 0.415379, 0.026934, 0, 4.93799e-13, 2.55927e-12, 0, 0, 0.442313, 1.48148e-09, 4.08366e-12, 5.71195, 0.975868, 4.47875e-07, 270.081
7762, 0.00108653, 0.430547, 0.0192015, 0, 1.47845e-13, 7.62963e-13, 0, 0, 0.449748, 4.86819e-10, 1.19411e-12, 6.82476, 0.975856, 4.47635e-07, 270.728
7763, 0.000233697, 0.433521, 0.0180653, 0, 2.05755e-14, 1.0591e-13, 0, 0, 0.451586, 1.04642e-10, 1.59255e-13, 8.36149, 0.975844, 4.47408e-07, 270.88
7764, 0.00013541, 0.426021, 0.0228082, 0, 2.21379e-15, 1.17198e-14, 0, 0, 0.448829, 6.05594e-11, 1.06598e-14, 8.9072, 0.975832, 4.47189e-07, 270.628
7765, 0.00010017, 0.424076, 0.0241184, 0, 1.01297e-15, 5.56313e-15, 0, 0, 0.448194, 4.47871e-11, 3.98683e-15, 9.20864, 0.97582, 4.46962e-07, 270.563
7766, 7.52601e-05, 0.43221, 0.0192396, 0, 1.06185e-14, 6.07307e-14, 0, 0, 0.451449, 3.3605e-11, 1.27584e-13, 9.49456, 0.975808, 4.4673e-07, 270.84
7767, 0.000520698, 0.440766, 0.0138189, 0, 2.01703e-13, 1.12189e-12, 0, 0, 0.454584, 2.32159e-10, 2.77202e-12, 7.56034, 0.975796, 4.46494e-07, 271.104
7768, 0.00394155, 0.433833, 0.0165525, 0, 1.99708e-12, 1.07994e-11, 0, 0, 0.450385, 1.75704e-09, 3.0338e-11, 5.53618, 0.975784, 4.46257e-07, 270.728
7769, 0.0165523, 0.406359, 0.0278003, 0, 1.03839e-11, 5.46594e-11, 0, 0, 0.434159, 7.37718e-09, 1.71253e-10, 4.10123, 0.975772, 4.46016e-07, 269.275
7770, 0.0399129, 0.370875, 0.0390356, 0, 2.92894e-11, 1.50111e-10, 0, 0, 0.40991, 1.77848e-08, 5.13569e-10, 3.22106, 0.97576, 4.45769e-07, 267.036
7771, 0.0588057, 0.345247, 0.0452553, 0, 4.73553e-11, 2.35814e-10, 0, 0, 0.390502, 2.61957e-08, 8.7076e-10, 2.83352, 0.975748, 4.45514e-07, 265.173
7772, 0.0633716, 0.334423, 0.0477109, 0, 5.66295e-11, 2.71502e-10, 0, 0, 0.382134, 2.82149e-08, 1.12245e-09, 2.75874, 0.975736, 4.45247e-07, 264.344
7773, 0.0754602, 0.324784, 0.0480933, 0, 8.43377e-11, 3.92393e-10, 0, 0, 0.372878, 3.35709e-08, 1.82962e-09, 2.58415, 0.975724, 4.44969e-07, 263.413
7774, 0.0940974, 0.317662, 0.0470176, 0, 1.20686e-10, 5.60493e-10, 0, 0, 0.364679, 4.18405e-08, 2.68192e-09, 2.36343, 0.975712, 4.44665e-07, 262.573
7775, 0.085872, 0.328679, 0.0454814, 0, 1.08641e-10, 5.07171e-10, 0, 0, 0.37416, 3.81621e-08, 2.38029e-09, 2.4549, 0.9757, 4.44302e-07, 263.522
7776, 0.0743442, 0.335622, 0.0450345, 0, 8.67636e-11, 3.98562e-10, 0, 0, 0.380657, 3.29862e-08, 1.87403e-09, 2.59905, 0.975688, 4.43825e-07, 264.159
7777, 0.0989785, 0.313168, 0.0459302, 0, 1.31201e-10, 5.80793e-10, 0, 0, 0.359098, 4.37776e-08, 3.0458e-09, 2.31285, 0.975676, 4.42996e-07, 261.971
7778, 0.148801, 0.279073, 0.0459504, 0, 2.51871e-10, 1.10482e-09, 0, 0, 0.325023, 6.53879e-08, 6.36019e-09, 1.90515, 0.975664, 4.40869e-07, 258.317
7779, 0.200896, 0.253539, 0.0443201, 0, 4.17276e-10, 1.84693e-09, 0, 0, 0.297859, 8.72569e-08, 1.1126e-08, 1.60497, 0.975652, 4.36067e-07, 255.198
7780, 0.23332, 0.242066, 0.0428323, 0, 5.37732e-10, 2.40535e-09, 0, 0, 0.284899, 1.00375e-07, 1.46529e-08, 1.45534, 0.97564, 4.31237e-07, 253.632
7781, 0.231155, 0.246604, 0.0429082, 0, 5.33765e-10, 2.40964e-09, 0, 0, 0.289512, 9.97474e-08, 1.44472e-08, 1.46467, 0.975628, 4.32426e-07, 254.182
7782, 0.199388, 0.264142, 0.0442985, 0, 4.18744e-10, 1.90966e-09, 0, 0, 0.308441, 8.70351e-08, 1.09726e-08, 1.6125, 0.975616, 4.37561e-07, 256.402
7783, 0.154945, 0.287763, 0.0456012, 0, 2.69884e-10, 1.24359e-09, 0, 0, 0.333364, 6.82068e-08, 6.67516e-09, 1.86469, 0.975604, 4.40789e-07, 259.183
7784, 0.10609, 0.318767, 0.0445902, 0, 1.47537e-10, 6.85984e-10, 0, 0, 0.363357, 4.68443e-08, 3.40804e-09, 2.24347, 0.975592, 4.41757e-07, 262.34
7785, 0.0559277, 0.359976, 0.039686, 0, 6.1744e-11, 2.90326e-10, 0, 0, 0.399661, 2.47138e-08, 1.33524e-09, 2.8837, 0.97558, 4.41928e-07, 265.921
7786, 0.0246019, 0.388543, 0.0351679, 0, 1.96282e-11, 9.28063e-11, 0, 0, 0.423711, 1.08715e-08, 3.88177e-10, 3.70493, 0.975568, 4.41885e-07, 268.164
7787, 0.0270561, 0.379555, 0.0378622, 0, 1.75384e-11, 7.91878e-11, 0, 0, 0.417417, 1.19495e-08, 3.25963e-10, 3.60984, 0.975556, 4.41775e-07, 267.574
7788, 0.0498103, 0.34925, 0.0443763, 0, 3.54452e-11, 1.57226e-10, 0, 0, 0.393626, 2.19935e-08, 6.71838e-10, 2.99953, 0.975544, 4.41627e-07, 265.312
7789, 0.061418, 0.333239, 0.048018, 0, 4.29038e-11, 1.88946e-10, 0, 0, 0.381257, 2.71136e-08, 8.08278e-10, 2.79005, 0.975532, 4.41451e-07, 264.092
7790, 0.0482245, 0.342047, 0.0480723, 0, 2.93843e-11, 1.2798e-10, 0, 0, 0.390119, 2.12844e-08, 5.35351e-10, 3.03189, 0.97552, 4.41259e-07, 264.952
7791, 0.0263794, 0.359154, 0.0467605, 0, 1.25682e-11, 5.35941e-11, 0, 0, 0.405915, 1.16391e-08, 2.16489e-10, 3.63517, 0.975508, 4.41059e-07, 266.459
7792, 0.0157845, 0.362449, 0.0474126, 0, 4.6545e-12, 1.86512e-11, 0, 0, 0.409862, 6.95918e-09, 7.32364e-11, 4.14873, 0.975496, 4.40851e-07, 266.821
7793, 0.0169038, 0.35532, 0.0493261, 0, 4.08068e-12, 1.50621e-11, 0, 0, 0.404646, 7.44753e-09, 6.0318e-11, 4.08022, 0.975484, 4.40639e-07, 266.319
7794, 0.0208408, 0.352612, 0.0497024, 0, 6.52387e-12, 2.41213e-11, 0, 0, 0.402314, 9.17755e-09, 1.00555e-10, 3.87084, 0.975472, 4.4043e-07, 266.088
7795, 0.027871, 0.348391, 0.0497198, 0, 1.136e-11, 4.24093e-11, 0, 0, 0.39811, 1.22674e-08, 1.83634e-10, 3.58017, 0.97546, 4.40222e-07, 265.677
7796, 0.0351607, 0.34013, 0.0503898, 0, 1.71584e-11, 6.34664e-11, 0, 0, 0.39052, 1.54693e-08, 2.94014e-10, 3.34783, 0.975448, 4.40009e-07, 264.934
7797, 0.0473066, 0.326871, 0.0509964, 0, 3.38535e-11, 1.2864e-10, 0, 0, 0.377867, 2.07999e-08, 6.7877e-10, 3.05111, 0.975436, 4.39792e-07, 263.678
7798, 0.0784614, 0.305082, 0.0506034, 0, 8.4396e-11, 3.38528e-10, 0, 0, 0.355686, 3.44791e-08, 1.90501e-09, 2.54515, 0.975424, 4.39572e-07, 261.411
7799, 0.119331, 0.284921, 0.0490612, 0, 1.55598e-10, 6.48797e-10, 0, 0, 0.333982, 5.24196e-08, 3.70481e-09, 2.12585, 0.975412, 4.39351e-07, 259.092
7800, 0.137635, 0.280338, 0.0478897, 0, 1.89712e-10, 8.11629e-10, 0, 0, 0.328228, 6.04405e-08, 4.62279e-09, 1.98315, 0.9754, 4.39132e-07, 258.451
7801, 0.114328, 0.298821, 0.0477504, 0, 1.5276e-10, 6.60458e-10, 0, 0, 0.346571, 5.01907e-08, 3.70703e-09, 2.16868, 0.975388, 4.38911e-07, 260.424
7802, 0.0661958, 0.331362, 0.0478618, 0, 7.67876e-11, 3.3105e-10, 0, 0, 0.379223, 2.90509e-08, 1.80086e-09, 2.71514, 0.975376, 4.38692e-07, 263.765
7803, 0.0404268, 0.348151, 0.0480523, 0, 3.45009e-11, 1.48181e-10, 0, 0, 0.396204, 1.77274e-08, 7.39608e-10, 3.20826, 0.975364, 4.38477e-07, 265.417
7804, 0.0518694, 0.340787, 0.0480585, 0, 4.24329e-11, 1.88529e-10, 0, 0, 0.388846, 2.27272e-08, 8.92308e-10, 2.95903, 0.975352, 4.38264e-07, 264.694
7805, 0.0745617, 0.329719, 0.0471201, 0, 7.45425e-11, 3.43586e-10, 0, 0, 0.376839, 3.26559e-08, 1.68047e-09, 2.59613, 0.97534, 4.38048e-07, 263.499
7806, 0.0939309, 0.319655, 0.0467359, 0, 1.07891e-10, 5.03177e-10, 0, 0, 0.366391, 4.11225e-08, 2.51563e-09, 2.3652, 0.975328, 4.37828e-07, 262.435
7807, 0.092205, 0.316676, 0.0479234, 0, 1.02718e-10, 4.74243e-10, 0, 0, 0.364599, 4.03539e-08, 2.35545e-09, 2.38374, 0.975316, 4.37607e-07, 262.242
7808, 0.0702924, 0.325955, 0.0490568, 0, 6.64455e-11, 3.01212e-10, 0, 0, 0.375012, 3.07501e-08, 1.44086e-09, 2.65509, 0.975304, 4.37386e-07, 263.287
7809, 0.0606357, 0.334569, 0.0483517, 0, 4.9442e-11, 2.26105e-10, 0, 0, 0.382921, 2.65084e-08, 1.00595e-09, 2.80287, 0.975292, 4.37168e-07, 264.064
7810, 0.0565995, 0.348134, 0.0444236, 0, 4.45736e-11, 2.09672e-10, 0, 0, 0.392558, 2.47343e-08, 8.91059e-10, 2.87175, 0.97528, 4.36951e-07, 264.998
7811, 0.035439, 0.380132, 0.0362578, 0, 2.56884e-11, 1.23501e-10, 0, 0, 0.41639, 1.5484e-08, 5.02572e-10, 3.33994, 0.975268, 4.36731e-07, 267.252
7812, 0.014446, 0.408061, 0.0292164, 0, 8.97805e-12, 4.364e-11, 0, 0, 0.437278, 6.30892e-09, 1.7127e-10, 4.23734, 0.975256, 4.36508e-07, 269.152
7813, 0.0159491, 0.400702, 0.0319805, 0, 1.27509e-11, 5.90195e-11, 0, 0, 0.432683, 6.95435e-09, 2.88812e-10, 4.13835, 0.975244, 4.36287e-07, 268.728
7814, 0.0482956, 0.360774, 0.0405429, 0, 5.3407e-11, 2.44215e-10, 0, 0, 0.401317, 2.10485e-08, 1.30717e-09, 3.03042, 0.975232, 4.36072e-07, 265.803
7815, 0.104576, 0.312945, 0.0454146, 0, 1.45193e-10, 6.57354e-10, 0, 0, 0.35836, 4.55652e-08, 3.72753e-09, 2.25784, 0.97522, 4.35856e-07, 261.522
7816, 0.15694, 0.278132, 0.0458421, 0, 2.59757e-10, 1.16227e-09, 0, 0, 0.323974, 6.83592e-08, 6.91266e-09, 1.85189, 0.975208, 4.35637e-07, 257.821
7817, 0.170618, 0.268407, 0.0459412, 0, 3.05173e-10, 1.34814e-09, 0, 0, 0.314348, 7.42936e-08, 8.21794e-09, 1.76833, 0.975196, 4.35414e-07, 256.727
7818, 0.137239, 0.282407, 0.0477788, 0, 2.33602e-10, 1.01254e-09, 0, 0, 0.330186, 5.97355e-08, 6.19412e-09, 1.98603, 0.975184, 4.35185e-07, 258.489
7819, 0.118601, 0.289942, 0.0487754, 0, 1.88063e-10, 7.97052e-10, 0, 0, 0.338718, 5.15838e-08, 4.89228e-09, 2.13199, 0.975172, 4.34956e-07, 259.408
7820, 0.153133, 0.272595, 0.0471311, 0, 2.62633e-10, 1.11728e-09, 0, 0, 0.319726, 6.65608e-08, 6.98953e-09, 1.87645, 0.97516, 4.34736e-07, 257.306
7821, 0.189283, 0.254696, 0.0453544, 0, 3.46271e-10, 1.48658e-09, 0, 0, 0.30005, 8.22428e-08, 9.42471e-09, 1.66451, 0.975148, 4.34522e-07, 255.032
7822, 0.186882, 0.256381, 0.0454398, 0, 3.47076e-10, 1.49266e-09, 0, 0, 0.301821, 8.11705e-08, 9.51121e-09, 1.67728, 0.975136, 4.34307e-07, 255.23
7823, 0.144003, 0.277871, 0.0475167, 0, 2.50514e-10, 1.06792e-09, 0, 0, 0.325387, 6.25232e-08, 6.75321e-09, 1.93792, 0.975124, 4.3409e-07, 257.909
7824, 0.109575, 0.294403, 0.0492191, 0, 1.64068e-10, 6.8915e-10, 0, 0, 0.343622, 4.75437e-08, 4.25545e-09, 2.21114, 0.975112, 4.33876e-07, 259.885
7825, 0.12379, 0.287042, 0.0485562, 0, 1.79136e-10, 7.55245e-10, 0, 0, 0.335598, 5.36759e-08, 4.61135e-09, 2.08917, 0.9751, 4.33659e-07, 259.011
7826, 0.12896, 0.286057, 0.0478688, 0, 1.83163e-10, 7.76726e-10, 0, 0, 0.333926, 5.59013e-08, 4.73107e-09, 2.04825, 0.975088, 4.33441e-07, 258.819
7827, 0.0857925, 0.313646, 0.048507, 0, 1.07347e-10, 4.54558e-10, 0, 0, 0.362153, 3.71811e-08, 2.73526e-09, 2.45582, 0.975076, 4.33225e-07, 261.798
7828, 0.0390486, 0.343852, 0.0493585, 0, 3.53927e-11, 1.47967e-10, 0, 0, 0.393211, 1.69164e-08, 8.62467e-10, 3.24295, 0.975064, 4.33009e-07, 264.89
7829, 0.0264988, 0.349611, 0.0502681, 0, 1.42316e-11, 5.60053e-11, 0, 0, 0.39988, 1.14677e-08, 2.94154e-10, 3.63066, 0.975052, 4.32797e-07, 265.523
7830, 0.0371401, 0.340298, 0.0506023, 0, 2.02924e-11, 7.86848e-11, 0, 0, 0.390901, 1.60633e-08, 3.95913e-10, 3.29306, 0.97504, 4.32583e-07, 264.646
7831, 0.0425842, 0.33899, 0.0498901, 0, 2.51783e-11, 9.96233e-11, 0, 0, 0.38888, 1.84119e-08, 5.01605e-10, 3.15627, 0.975028, 4.32366e-07, 264.439
7832, 0.045618, 0.340477, 0.0490941, 0, 3.18903e-11, 1.30917e-10, 0, 0, 0.389571, 1.97112e-08, 6.70143e-10, 3.08745, 0.975016, 4.32149e-07, 264.497
7833, 0.0604361, 0.330238, 0.0491478, 0, 5.06735e-11, 2.10841e-10, 0, 0, 0.379386, 2.61004e-08, 1.11404e-09, 2.80617, 0.975004, 4.3193e-07, 263.484
7834, 0.0699013, 0.321148, 0.049793, 0, 6.76244e-11, 2.81967e-10, 0, 0, 0.370941, 3.01754e-08, 1.57386e-09, 2.66067, 0.974992, 4.31709e-07, 262.627
7835, 0.0901228, 0.308893, 0.0494087, 0, 1.16689e-10, 4.96728e-10, 0, 0, 0.358302, 3.88783e-08, 3.00374e-09, 2.40658, 0.97498, 4.31492e-07, 261.323
7836, 0.138696, 0.283176, 0.0474949, 0, 2.16442e-10, 9.37162e-10, 0, 0, 0.33067, 5.98048e-08, 5.83544e-09, 1.97547, 0.974968, 4.31278e-07, 258.365
7837, 0.166393, 0.267775, 0.046396, 0, 2.61268e-10, 1.13959e-09, 0, 0, 0.314171, 7.17253e-08, 7.0916e-09, 1.7934, 0.974956, 4.31063e-07, 256.509
7838, 0.146767, 0.277428, 0.0471085, 0, 2.04972e-10, 8.96585e-10, 0, 0, 0.324537, 6.32438e-08, 5.47342e-09, 1.91891, 0.974944, 4.30848e-07, 257.667
7839, 0.0988718, 0.307041, 0.048161, 0, 1.1627e-10, 5.07469e-10, 0, 0, 0.355202, 4.25911e-08, 2.99864e-09, 2.31393, 0.974932, 4.30633e-07, 260.962
7840, 0.049824, 0.34127, 0.0484412, 0, 4.66611e-11, 2.00946e-10, 0, 0, 0.389712, 2.14547e-08, 1.13874e-09, 2.99926, 0.97492, 4.30414e-07, 264.435
7841, 0.0283129, 0.356354, 0.0484753, 0, 1.6388e-11, 6.76216e-11, 0, 0, 0.404829, 1.2182e-08, 3.48794e-10, 3.56444, 0.974908, 4.30199e-07, 265.883
7842, 0.0284827, 0.355026, 0.0486795, 0, 1.24788e-11, 4.98601e-11, 0, 0, 0.403706, 1.22462e-08, 2.35397e-10, 3.55846, 0.974896, 4.29983e-07, 265.766
7843, 0.0352259, 0.349232, 0.0488845, 0, 1.84429e-11, 7.48e-11, 0, 0, 0.398117, 1.51363e-08, 3.67165e-10, 3.34597, 0.974884, 4.29764e-07, 265.222
7844, 0.0466027, 0.338924, 0.0495381, 0, 2.96346e-11, 1.2137e-10, 0, 0, 0.388462, 2.00155e-08, 6.20918e-10, 3.0661, 0.974872, 4.29548e-07, 264.275
7845, 0.057589, 0.330891, 0.0498639, 0, 5.02899e-11, 2.12146e-10, 0, 0, 0.380755, 2.47209e-08, 1.17344e-09, 2.85442, 0.97486, 4.29338e-07, 263.506
7846, 0.0909473, 0.313553, 0.0487665, 0, 1.18467e-10, 5.17958e-10, 0, 0, 0.362319, 3.90155e-08, 3.05207e-09, 2.39748, 0.974848, 4.29127e-07, 261.632
7847, 0.143233, 0.286537, 0.0468214, 0, 2.19247e-10, 9.73815e-10, 0, 0, 0.333358, 6.14235e-08, 5.8411e-09, 1.94329, 0.974836, 4.28913e-07, 258.552
7848, 0.161722, 0.276459, 0.046117, 0, 2.4651e-10, 1.1019e-09, 0, 0, 0.322576, 6.93321e-08, 6.58738e-09, 1.82187, 0.974824, 4.28698e-07, 257.35
7849, 0.132876, 0.291592, 0.0470088, 0, 1.78035e-10, 7.94702e-10, 0, 0, 0.338601, 5.69461e-08, 4.63872e-09, 2.01834, 0.974812, 4.28483e-07, 259.102
7850, 0.0831399, 0.322275, 0.047914, 0, 9.06897e-11, 4.0108e-10, 0, 0, 0.370189, 3.56186e-08, 2.24204e-09, 2.48723, 0.9748, 4.28269e-07, 262.398
7851, 0.044165, 0.350225, 0.0479466, 0, 3.47358e-11, 1.5314e-10, 0, 0, 0.398172, 1.89108e-08, 7.83385e-10, 3.11982, 0.974788, 4.28053e-07, 265.152
7852, 0.038207, 0.358005, 0.0475096, 0, 2.06674e-11, 9.64685e-11, 0, 0, 0.405515, 1.63441e-08, 3.86679e-10, 3.26474, 0.974776, 4.27836e-07, 265.845
7853, 0.0522368, 0.350952, 0.0472721, 0, 2.92316e-11, 1.40972e-10, 0, 0, 0.398224, 2.23337e-08, 5.2693e-10, 2.95197, 0.974764, 4.27619e-07, 265.139
7854, 0.0603077, 0.345502, 0.0471907, 0, 3.56526e-11, 1.71579e-10, 0, 0, 0.392693, 2.57758e-08, 6.57455e-10, 2.80829, 0.974752, 4.27405e-07, 264.594
7855, 0.0505633, 0.352688, 0.0464862, 0, 2.95209e-11, 1.40827e-10, 0, 0, 0.399174, 2.16049e-08, 5.50899e-10, 2.98453, 0.97474, 4.27193e-07, 265.211
7856, 0.0288439, 0.371694, 0.0445438, 0, 1.50613e-11, 7.12824e-11, 0, 0, 0.416238, 1.2321e-08, 2.77335e-10, 3.54586, 0.974728, 4.26977e-07, 266.818
7857, 0.0137666, 0.388911, 0.0417874, 0, 4.77336e-12, 2.2957e-11, 0, 0, 0.430698, 5.87713e-09, 7.93572e-11, 4.28551, 0.974716, 4.26758e-07, 268.141
7858, 0.00953661, 0.400829, 0.0378322, 0, 1.81941e-12, 9.66591e-12, 0, 0, 0.438661, 4.06836e-09, 2.06371e-11, 4.65262, 0.974704, 4.26545e-07, 268.852
7859, 0.00636754, 0.415727, 0.0313753, 0, 1.06162e-12, 5.9819e-12, 0, 0, 0.447102, 2.71569e-09, 9.5225e-12, 5.05654, 0.974692, 4.26337e-07, 269.597
7860, 0.00242627, 0.432428, 0.0237004, 0, 3.8884e-13, 2.23066e-12, 0, 0, 0.456128, 1.03466e-09, 3.32263e-12, 6.0214, 0.97468, 4.26127e-07, 270.383
7861, 0.000477904, 0.447011, 0.0159706, 0, 6.83988e-14, 3.97964e-13, 0, 0, 0.462982, 2.03773e-10, 5.64393e-13, 7.6461, 0.974668, 4.25913e-07, 270.97
7862, 5.19397e-05, 0.459032, 0.0088762, 0, 5.61338e-15, 3.31982e-14, 0, 0, 0.467908, 2.21422e-11, 4.42379e-14, 9.86543, 0.974656, 4.25693e-07, 271.386
7863, 5.30019e-06, 0.464513, 0.00557375, 0, 2.35576e-16, 1.42294e-15, 0, 0, 0.470087, 2.25649e-12, 1.61138e-15, 12.1478, 0.974644, 4.25471e-07, 271.564
7864, 1.93982e-05, 0.460342, 0.0081953, 0, 2.31821e-16, 1.30508e-15, 0, 0, 0.468538, 8.2394e-12, 4.58802e-16, 10.8503, 0.974632, 4.25253e-07, 271.422
7865, 0.000107561, 0.448353, 0.0154909, 0, 1.4942e-15, 7.90089e-15, 0, 0, 0.463844, 4.56801e-11, 3.90603e-15, 9.13745, 0.97462, 4.25042e-07, 271.009
7866, 0.000351768, 0.433482, 0.0241966, 0, 6.88423e-15, 3.34923e-14, 0, 0, 0.457678, 1.49356e-10, 2.75004e-14, 7.95254, 0.974608, 4.2483e-07, 270.464
7867, 0.000847075, 0.420984, 0.0310562, 0, 2.73349e-14, 1.30374e-13, 0, 0, 0.45204, 3.59532e-10, 1.64207e-13, 7.07372, 0.974596, 4.24623e-07, 269.961
7868, 0.00176298, 0.413372, 0.0347634, 0, 1.1767e-13, 5.9328e-13, 0, 0, 0.448135, 7.47918e-10, 1.01972e-12, 6.34075, 0.974584, 4.24419e-07, 269.607
7869, 0.00396907, 0.408328, 0.036509, 0, 4.7927e-13, 2.51065e-12, 0, 0, 0.444837, 1.68286e-09, 4.77832e-12, 5.52922, 0.974572, 4.24208e-07, 269.305
7870, 0.00784311, 0.402389, 0.038094, 0, 1.15119e-12, 6.13833e-12, 0, 0, 0.440483, 3.32444e-09, 1.17638e-11, 4.84812, 0.97456, 4.23991e-07, 268.907
7871, 0.00930536, 0.402935, 0.0372857, 0, 1.37921e-12, 7.47228e-12, 0, 0, 0.44022, 3.94363e-09, 1.39305e-11, 4.67717, 0.974548, 4.23777e-07, 268.874
7872, 0.00596026, 0.417783, 0.030654, 0, 8.1819e-13, 4.51608e-12, 0, 0, 0.448437, 2.52564e-09, 7.9622e-12, 5.12264, 0.974536, 4.23571e-07, 269.598
7873, 0.00205169, 0.439521, 0.0200944, 0, 2.46912e-13, 1.39139e-12, 0, 0, 0.459616, 8.69276e-10, 2.2546e-12, 6.18909, 0.974524, 4.23365e-07, 270.57
7874, 0.000558853, 0.452925, 0.0130086, 0, 5.65998e-14, 3.31759e-13, 0, 0, 0.465934, 2.36554e-10, 4.6568e-13, 7.48962, 0.974512, 4.23154e-07, 271.109
7875, 0.00130609, 0.447586, 0.0158574, 0, 1.48215e-13, 8.69942e-13, 0, 0, 0.463443, 5.51923e-10, 1.27546e-12, 6.64072, 0.9745, 4.22939e-07, 270.885
7876, 0.0042984, 0.427387, 0.0261649, 0, 5.52927e-13, 3.12465e-12, 0, 0, 0.453552, 1.81607e-09, 5.12522e-12, 5.44951, 0.974488, 4.22723e-07, 270.013
7877, 0.00775711, 0.406958, 0.0358089, 0, 1.05613e-12, 5.73632e-12, 0, 0, 0.442767, 3.27686e-09, 1.02569e-11, 4.85915, 0.974476, 4.22511e-07, 269.048
7878, 0.00860452, 0.396137, 0.0407562, 0, 1.13901e-12, 5.83181e-12, 0, 0, 0.436894, 3.63378e-09, 1.13979e-11, 4.75547, 0.974464, 4.22304e-07, 268.511
7879, 0.0081169, 0.393057, 0.0422127, 0, 9.91856e-13, 4.71651e-12, 0, 0, 0.43527, 3.42618e-09, 1.01272e-11, 4.81381, 0.974452, 4.22094e-07, 268.356
7880, 0.00801135, 0.394472, 0.0417036, 0, 9.73758e-13, 4.67189e-12, 0, 0, 0.436176, 3.37981e-09, 9.86066e-12, 4.8269, 0.97444, 4.21882e-07, 268.428
7881, 0.0080752, 0.400296, 0.0391704, 0, 1.0496e-12, 5.41738e-12, 0, 0, 0.439466, 3.40516e-09, 1.03083e-11, 4.81896, 0.974428, 4.21672e-07, 268.716
7882, 0.00639552, 0.414488, 0.0326243, 0, 8.5258e-13, 4.61687e-12, 0, 0, 0.447113, 2.69621e-09, 8.15869e-12, 5.05216, 0.974416, 4.21465e-07, 269.39
7883, 0.00291334, 0.436088, 0.0221937, 0, 3.71853e-13, 2.06952e-12, 0, 0, 0.458282, 1.22804e-09, 3.4627e-12, 5.83845, 0.974404, 4.21256e-07, 270.365
7884, 0.00080418, 0.449728, 0.0153834, 0, 8.23504e-14, 4.70885e-13, 0, 0, 0.465112, 3.38831e-10, 7.14421e-13, 7.12569, 0.974392, 4.21043e-07, 270.949
7885, 0.000640318, 0.444519, 0.0186204, 0, 2.9112e-14, 1.76152e-13, 0, 0, 0.46314, 2.69374e-10, 1.55918e-13, 7.35355, 0.97438, 4.20831e-07, 270.769
7886, 0.00122641, 0.429892, 0.026873, 0, 5.56098e-14, 3.09924e-13, 0, 0, 0.456765, 5.15689e-10, 3.53205e-13, 6.70366, 0.974368, 4.20624e-07, 270.205
7887, 0.00235241, 0.417127, 0.0332796, 0, 2.08721e-13, 9.94773e-13, 0, 0, 0.450406, 9.88548e-10, 2.78724e-12, 6.05231, 0.974356, 4.20417e-07, 269.637
7888, 0.00583564, 0.403469, 0.0384588, 0, 1.58205e-12, 7.41995e-12, 0, 0, 0.441928, 2.45076e-09, 3.32281e-11, 5.14377, 0.974344, 4.20208e-07, 268.874
7889, 0.0173105, 0.385225, 0.0429567, 0, 1.15875e-11, 5.52293e-11, 0, 0, 0.428181, 7.26557e-09, 2.83283e-10, 4.05644, 0.974332, 4.19999e-07, 267.62
7890, 0.0505028, 0.357837, 0.0453561, 0, 5.15152e-11, 2.48097e-10, 0, 0, 0.403193, 2.1189e-08, 1.33481e-09, 2.98573, 0.97432, 4.19788e-07, 265.272
7891, 0.103718, 0.323796, 0.0456976, 0, 1.28042e-10, 6.21705e-10, 0, 0, 0.369493, 4.35051e-08, 3.42606e-09, 2.26608, 0.974308, 4.19578e-07, 261.94
7892, 0.136436, 0.306916, 0.0448042, 0, 1.82032e-10, 8.91379e-10, 0, 0, 0.351721, 5.72151e-08, 4.93645e-09, 1.9919, 0.974296, 4.19368e-07, 260.09
7893, 0.115822, 0.326219, 0.0424599, 0, 1.50671e-10, 7.45525e-10, 0, 0, 0.368679, 4.85585e-08, 4.05784e-09, 2.1557, 0.974284, 4.19158e-07, 261.838
7894, 0.0636889, 0.369376, 0.0376018, 0, 7.26823e-11, 3.64664e-10, 0, 0, 0.406977, 2.66944e-08, 1.90236e-09, 2.75375, 0.974272, 4.18946e-07, 265.596
7895, 0.0314355, 0.395925, 0.0345023, 0, 2.60341e-11, 1.34217e-10, 0, 0, 0.430428, 1.31661e-08, 6.2676e-10, 3.45982, 0.97426, 4.18733e-07, 267.771
7896, 0.034659, 0.389123, 0.0368322, 0, 2.23983e-11, 1.19661e-10, 0, 0, 0.425956, 1.4503e-08, 4.81586e-10, 3.3622, 0.974248, 4.18524e-07, 267.352
7897, 0.0396586, 0.385227, 0.037333, 0, 2.53842e-11, 1.37632e-10, 0, 0, 0.42256, 1.65913e-08, 5.36166e-10, 3.22745, 0.974236, 4.18319e-07, 267.029
7898, 0.0268814, 0.401289, 0.0333937, 0, 1.57057e-11, 8.6416e-11, 0, 0, 0.434683, 1.12433e-08, 3.2394e-10, 3.61632, 0.974224, 4.18114e-07, 268.131
7899, 0.0158407, 0.407637, 0.0335327, 0, 6.20408e-12, 3.45704e-11, 0, 0, 0.441169, 6.62136e-09, 1.15923e-10, 4.14517, 0.974212, 4.17909e-07, 268.707
7900, 0.0119856, 0.40235, 0.0374143, 0, 2.96824e-12, 1.63197e-11, 0, 0, 0.439765, 5.00737e-09, 4.72327e-11, 4.42405, 0.9742, 4.17702e-07, 268.572
7901, 0.00707107, 0.406694, 0.0371911, 0, 1.43998e-12, 7.71382e-12, 0, 0, 0.443886, 2.95331e-09, 2.20135e-11, 4.95174, 0.974188, 4.17494e-07, 268.932
7902, 0.00490583, 0.416721, 0.0331304, 0, 1.65141e-12, 8.43996e-12, 0, 0, 0.449851, 2.04666e-09, 3.17291e-11, 5.31733, 0.974176, 4.17287e-07, 269.454
7903, 0.014254, 0.41283, 0.0319917, 0, 8.82478e-12, 4.42465e-11, 0, 0, 0.444822, 5.94069e-09, 1.89363e-10, 4.25072, 0.974164, 4.17079e-07, 268.998
7904, 0.0404276, 0.383823, 0.0374879, 0, 2.89013e-11, 1.43056e-10, 0, 0, 0.421311, 1.68456e-08, 6.44893e-10, 3.20824, 0.974152, 4.1687e-07, 266.85
7905, 0.0658111, 0.351063, 0.0441321, 0, 4.98698e-11, 2.42923e-10, 0, 0, 0.395195, 2.74172e-08, 1.15224e-09, 2.72097, 0.97414, 4.1666e-07, 264.364
7906, 0.0737934, 0.336017, 0.0473167, 0, 6.45879e-11, 3.07733e-10, 0, 0, 0.383334, 3.07292e-08, 1.63712e-09, 2.60649, 0.974128, 4.16447e-07, 263.191
7907, 0.0986998, 0.319929, 0.0471778, 0, 1.25771e-10, 5.96539e-10, 0, 0, 0.367107, 4.10707e-08, 3.62969e-09, 2.31567, 0.974116, 4.16232e-07, 261.547
7908, 0.155382, 0.291542, 0.0450044, 0, 2.49778e-10, 1.19595e-09, 0, 0, 0.336547, 6.46286e-08, 7.56661e-09, 1.86187, 0.974104, 4.16022e-07, 258.313
7909, 0.184542, 0.281094, 0.0428996, 0, 3.16546e-10, 1.53154e-09, 0, 0, 0.323994, 7.67367e-08, 9.70263e-09, 1.68988, 0.974092, 4.15816e-07, 256.918
7910, 0.145674, 0.310093, 0.0414832, 0, 2.39066e-10, 1.17139e-09, 0, 0, 0.351576, 6.05591e-08, 7.27609e-09, 1.92638, 0.97408, 4.15614e-07, 259.905
7911, 0.0774908, 0.353397, 0.0409934, 0, 1.08052e-10, 5.36083e-10, 0, 0, 0.394391, 3.22038e-08, 3.20149e-09, 2.5576, 0.974068, 4.15413e-07, 264.231
7912, 0.0482227, 0.364671, 0.0431081, 0, 4.83674e-11, 2.35774e-10, 0, 0, 0.407779, 2.00216e-08, 1.33956e-09, 3.03192, 0.974056, 4.15207e-07, 265.508
7913, 0.0709603, 0.341739, 0.0457605, 0, 6.95963e-11, 3.29952e-10, 0, 0, 0.387499, 2.94398e-08, 1.8959e-09, 2.64564, 0.974044, 4.14996e-07, 263.538
7914, 0.0913466, 0.326346, 0.0464411, 0, 9.3206e-11, 4.41404e-10, 0, 0, 0.372787, 3.7889e-08, 2.56335e-09, 2.39309, 0.974032, 4.14789e-07, 262.06
7915, 0.0749976, 0.337419, 0.0462568, 0, 7.08579e-11, 3.34708e-10, 0, 0, 0.383675, 3.10982e-08, 1.93221e-09, 2.5903, 0.97402, 4.14588e-07, 263.142
7916, 0.0621051, 0.343834, 0.0467088, 0, 4.96065e-11, 2.3179e-10, 0, 0, 0.390542, 2.57352e-08, 1.30818e-09, 2.77893, 0.974008, 4.14387e-07, 263.809
7917, 0.0701662, 0.3342, 0.0477867, 0, 5.67349e-11, 2.63181e-10, 0, 0, 0.381986, 2.90586e-08, 1.50365e-09, 2.65689, 0.973996, 4.14179e-07, 262.955
7918, 0.0886993, 0.321757, 0.0479181, 0, 9.56962e-11, 4.49682e-10, 0, 0, 0.369675, 3.67112e-08, 2.75134e-09, 2.4225, 0.973984, 4.13968e-07, 261.707
7919, 0.13496, 0.299069, 0.0461315, 0, 1.93861e-10, 9.2482e-10, 0, 0, 0.345201, 5.58273e-08, 5.91092e-09, 2.00278, 0.973972, 4.13758e-07, 259.143
7920, 0.176021, 0.280267, 0.0442569, 0, 2.78437e-10, 1.33661e-09, 0, 0, 0.324524, 7.27904e-08, 8.63135e-09, 1.73715, 0.97396, 4.13555e-07, 256.872
7921, 0.156131, 0.292454, 0.0445621, 0, 2.38554e-10, 1.14697e-09, 0, 0, 0.337016, 6.45498e-08, 7.35828e-09, 1.85706, 0.973948, 4.13356e-07, 258.241
7922, 0.0919822, 0.327985, 0.0462952, 0, 1.19259e-10, 5.71816e-10, 0, 0, 0.37428, 3.8018e-08, 3.58875e-09, 2.38616, 0.973936, 4.13154e-07, 262.137
7923, 0.0454944, 0.353515, 0.0476495, 0, 3.84364e-11, 1.81873e-10, 0, 0, 0.401164, 1.87927e-08, 1.07022e-09, 3.09017, 0.973924, 4.1295e-07, 264.776
7924, 0.0396136, 0.356309, 0.0479742, 0, 2.15349e-11, 1.01052e-10, 0, 0, 0.404283, 1.63483e-08, 5.04636e-10, 3.22858, 0.973912, 4.12743e-07, 265.066
7925, 0.0508151, 0.351514, 0.0474156, 0, 2.95959e-11, 1.42568e-10, 0, 0, 0.398929, 2.09604e-08, 6.81672e-10, 2.97956, 0.9739, 4.12536e-07, 264.543
7926, 0.0597886, 0.34993, 0.046564, 0, 3.87558e-11, 1.9324e-10, 0, 0, 0.396494, 2.46502e-08, 9.0339e-10, 2.81694, 0.973888, 4.12329e-07, 264.298
7927, 0.0707474, 0.347329, 0.0457649, 0, 5.05022e-11, 2.59796e-10, 0, 0, 0.393094, 2.91544e-08, 1.18164e-09, 2.64864, 0.973876, 4.12123e-07, 263.958
7928, 0.0696664, 0.352395, 0.0446164, 0, 4.99752e-11, 2.61181e-10, 0, 0, 0.397012, 2.87004e-08, 1.15552e-09, 2.66404, 0.973864, 4.11921e-07, 264.33
7929, 0.0446338, 0.374494, 0.0420806, 0, 2.88794e-11, 1.523e-10, 0, 0, 0.416574, 1.83838e-08, 6.47907e-10, 3.10926, 0.973852, 4.1172e-07, 266.184
7930, 0.0174136, 0.402611, 0.0371335, 0, 9.08491e-12, 4.81995e-11, 0, 0, 0.439745, 7.17086e-09, 1.94307e-10, 4.0505, 0.97384, 4.11517e-07, 268.303
7931, 0.00430531, 0.426202, 0.0296942, 0, 1.52861e-12, 8.12995e-12, 0, 0, 0.455896, 1.77244e-09, 3.05032e-11, 5.44791, 0.973828, 4.11313e-07, 269.731
7932, 0.000756675, 0.445362, 0.0206606, 0, 1.39683e-13, 7.40497e-13, 0, 0, 0.466022, 3.11413e-10, 2.47414e-12, 7.18658, 0.973816, 4.11109e-07, 270.606
7933, 9.66666e-05, 0.461024, 0.0118925, 0, 7.64521e-15, 4.01059e-14, 0, 0, 0.472917, 3.97724e-11, 1.059e-13, 9.24424, 0.973804, 4.10903e-07, 271.19
7934, 8.65221e-06, 0.469988, 0.00661254, 0, 2.95793e-16, 1.53892e-15, 0, 0, 0.4766, 3.5582e-12, 2.67651e-15, 11.6577, 0.973792, 4.10695e-07, 271.496
7935, 1.03379e-05, 0.468538, 0.00755105, 0, 2.15169e-16, 1.13112e-15, 0, 0, 0.476089, 4.23811e-12, 1.65985e-15, 11.4797, 0.97378, 4.10488e-07, 271.444
7936, 9.34271e-05, 0.457928, 0.0139212, 0, 4.66992e-15, 2.44302e-14, 0, 0, 0.471849, 3.82887e-11, 6.25276e-14, 9.27833, 0.973768, 4.10284e-07, 271.073
7937, 0.0005855, 0.442896, 0.0224297, 0, 8.10063e-14, 4.28398e-13, 0, 0, 0.465326, 2.3987e-10, 1.39634e-12, 7.44304, 0.973756, 4.10085e-07, 270.502
7938, 0.00304935, 0.426143, 0.0305243, 0, 8.19314e-13, 4.36938e-12, 0, 0, 0.456668, 1.24878e-09, 1.5478e-11, 5.79283, 0.973744, 4.09886e-07, 269.738
7939, 0.0117376, 0.406573, 0.0371517, 0, 4.20667e-12, 2.24404e-11, 0, 0, 0.443724, 4.80566e-09, 8.2881e-11, 4.44495, 0.973732, 4.09685e-07, 268.581
7940, 0.0273742, 0.384783, 0.0420007, 0, 1.13189e-11, 5.99215e-11, 0, 0, 0.426784, 1.12054e-08, 2.31285e-10, 3.59815, 0.97372, 4.09482e-07, 267.034
7941, 0.042078, 0.3678, 0.0447494, 0, 2.08416e-11, 1.09264e-10, 0, 0, 0.41255, 1.72184e-08, 4.56946e-10, 3.16823, 0.973708, 4.09279e-07, 265.698
7942, 0.0580432, 0.356447, 0.0453686, 0, 3.68194e-11, 1.94342e-10, 0, 0, 0.401816, 2.37398e-08, 8.70405e-10, 2.84657, 0.973696, 4.09075e-07, 264.667
7943, 0.0714301, 0.353386, 0.0440005, 0, 5.12958e-11, 2.75832e-10, 0, 0, 0.397387, 2.92047e-08, 1.23949e-09, 2.63904, 0.973684, 4.08871e-07, 264.23
7944, 0.0624666, 0.368358, 0.0406975, 0, 4.45206e-11, 2.44538e-10, 0, 0, 0.409055, 2.55324e-08, 1.06353e-09, 2.77312, 0.973672, 4.08668e-07, 265.34
7945, 0.0476783, 0.383157, 0.0381215, 0, 3.24914e-11, 1.80288e-10, 0, 0, 0.421278, 1.94761e-08, 7.7785e-10, 3.04328, 0.97366, 4.08467e-07, 266.48
7946, 0.0566194, 0.370376, 0.0401297, 0, 4.30564e-11, 2.29818e-10, 0, 0, 0.410505, 2.31109e-08, 1.12885e-09, 2.8714, 0.973648, 4.08264e-07, 265.46
7947, 0.086497, 0.339588, 0.0437662, 0, 9.07606e-11, 4.62457e-10, 0, 0, 0.383354, 3.52867e-08, 2.75464e-09, 2.44765, 0.973636, 4.0806e-07, 262.817
7948, 0.143589, 0.303049, 0.0438808, 0, 2.18764e-10, 1.09993e-09, 0, 0, 0.34693, 5.85474e-08, 7.36524e-09, 1.9408, 0.973624, 4.07858e-07, 259.057
7949, 0.220459, 0.265407, 0.0410216, 0, 4.20535e-10, 2.11455e-09, 0, 0, 0.306429, 8.98553e-08, 1.48219e-08, 1.51205, 0.973612, 4.07658e-07, 254.529
7950, 0.271736, 0.242515, 0.0386866, 0, 5.73904e-10, 2.88582e-09, 0, 0, 0.281201, 1.10715e-07, 2.06234e-08, 1.30293, 0.9736, 4.07457e-07, 251.484
7951, 0.272115, 0.242293, 0.0387366, 0, 5.74334e-10, 2.88825e-09, 0, 0, 0.28103, 1.10826e-07, 2.06693e-08, 1.30153, 0.973588, 4.07254e-07, 251.453
7952, 0.224636, 0.262717, 0.0411128, 0, 4.31508e-10, 2.16966e-09, 0, 0, 0.30383, 9.14529e-08, 1.52968e-08, 1.49328, 0.973576, 4.07046e-07, 254.196
7953, 0.168208, 0.287494, 0.0438165, 0, 2.73263e-10, 1.37655e-09, 0, 0, 0.33131, 6.84431e-08, 9.41027e-09, 1.78255, 0.973564, 4.06837e-07, 257.315
7954, 0.16508, 0.289916, 0.0438638, 0, 2.53822e-10, 1.29286e-09, 0, 0, 0.33378, 6.71211e-08, 8.65572e-09, 1.80133, 0.973552, 4.06634e-07, 257.577
7955, 0.202643, 0.27446, 0.0419683, 0, 3.41662e-10, 1.74709e-09, 0, 0, 0.316428, 8.23541e-08, 1.18775e-08, 1.59631, 0.97354, 4.06437e-07, 255.626
7956, 0.212367, 0.269547, 0.0414947, 0, 3.70834e-10, 1.88342e-09, 0, 0, 0.311042, 8.6277e-08, 1.30221e-08, 1.54944, 0.973528, 4.0624e-07, 254.998
7957, 0.166745, 0.288605, 0.0436364, 0, 2.67683e-10, 1.34261e-09, 0, 0, 0.332241, 6.77198e-08, 9.29864e-09, 1.79129, 0.973516, 4.0604e-07, 257.38
7958, 0.116954, 0.308434, 0.0460989, 0, 1.49494e-10, 7.32982e-10, 0, 0, 0.354532, 4.74712e-08, 5.00237e-09, 2.14597, 0.973504, 4.05839e-07, 259.77
7959, 0.125087, 0.300933, 0.0459877, 0, 1.66915e-10, 8.11001e-10, 0, 0, 0.346921, 5.07305e-08, 5.73882e-09, 2.07875, 0.973492, 4.0564e-07, 258.954
7960, 0.191431, 0.270112, 0.0427723, 0, 3.43181e-10, 1.69583e-09, 0, 0, 0.312884, 7.75946e-08, 1.25998e-08, 1.65323, 0.97348, 4.05439e-07, 255.173
7961, 0.268298, 0.23797, 0.0386922, 0, 5.68739e-10, 2.84386e-09, 0, 0, 0.276663, 1.0871e-07, 2.1579e-08, 1.31566, 0.973468, 4.05238e-07, 250.81
7962, 0.311968, 0.221234, 0.0362816, 0, 7.17217e-10, 3.60716e-09, 0, 0, 0.257515, 1.26353e-07, 2.76307e-08, 1.16485, 0.973456, 4.05039e-07, 248.33
7963, 0.31727, 0.219401, 0.0359953, 0, 7.41703e-10, 3.73238e-09, 0, 0, 0.255396, 1.28446e-07, 2.86954e-08, 1.148, 0.973444, 4.04839e-07, 248.039
7964, 0.280639, 0.23288, 0.0380198, 0, 6.16094e-10, 3.08971e-09, 0, 0, 0.2709, 1.13571e-07, 2.36571e-08, 1.27068, 0.973432, 4.0464e-07, 250.051
7965, 0.221016, 0.255821, 0.0412779, 0, 4.14686e-10, 2.06329e-09, 0, 0, 0.297099, 8.94003e-08, 1.5503e-08, 1.50952, 0.97342, 4.04442e-07, 253.275
7966, 0.18593, 0.271602, 0.0430756, 0, 2.95249e-10, 1.46024e-09, 0, 0, 0.314678, 7.51665e-08, 1.06449e-08, 1.68238, 0.973408, 4.04244e-07, 255.322
7967, 0.160339, 0.287168, 0.0440448, 0, 2.32943e-10, 1.15293e-09, 0, 0, 0.331212, 6.47917e-08, 8.21187e-09, 1.83047, 0.973396, 4.04046e-07, 257.173
7968, 0.132883, 0.303476, 0.0451505, 0, 1.68932e-10, 8.41583e-10, 0, 0, 0.348626, 5.36674e-08, 5.74003e-09, 2.01829, 0.973384, 4.03846e-07, 259.053
7969, 0.138287, 0.302946, 0.0449877, 0, 1.60306e-10, 8.15613e-10, 0, 0, 0.347934, 5.58145e-08, 5.27962e-09, 1.97842, 0.973372, 4.03644e-07, 258.97
7970, 0.153966, 0.295353, 0.0443857, 0, 1.80299e-10, 9.25203e-10, 0, 0, 0.339739, 6.21143e-08, 5.95623e-09, 1.87103, 0.97336, 4.03443e-07, 258.079
7971, 0.159588, 0.29022, 0.04415, 0, 1.99989e-10, 1.02138e-09, 0, 0, 0.33437, 6.4351e-08, 6.78522e-09, 1.83516, 0.973348, 4.03245e-07, 257.484
7972, 0.181767, 0.279794, 0.043016, 0, 2.65979e-10, 1.36453e-09, 0, 0, 0.32281, 7.32529e-08, 9.46191e-09, 1.70503, 0.973336, 4.03048e-07, 256.19
7973, 0.207258, 0.271225, 0.0415951, 0, 3.32613e-10, 1.72084e-09, 0, 0, 0.31282, 8.34922e-08, 1.20998e-08, 1.57379, 0.973324, 4.02849e-07, 255.043
7974, 0.178808, 0.288547, 0.0423479, 0, 2.76083e-10, 1.43476e-09, 0, 0, 0.330895, 7.20107e-08, 9.98196e-09, 1.72144, 0.973312, 4.0265e-07, 257.073
7975, 0.103815, 0.328334, 0.0446988, 0, 1.36842e-10, 7.11442e-10, 0, 0, 0.373033, 4.17984e-08, 4.82427e-09, 2.26514, 0.9733, 4.02451e-07, 261.526
7976, 0.0457738, 0.357969, 0.0465751, 0, 4.09718e-11, 2.10588e-10, 0, 0, 0.404544, 1.84207e-08, 1.36734e-09, 3.08404, 0.973288, 4.02252e-07, 264.625
7977, 0.0332722, 0.362033, 0.0472648, 0, 1.77151e-11, 8.75201e-11, 0, 0, 0.409297, 1.33758e-08, 5.43791e-10, 3.40303, 0.973276, 4.02053e-07, 265.07
7978, 0.0563678, 0.349967, 0.0463869, 0, 5.5911e-11, 2.83129e-10, 0, 0, 0.396354, 2.2642e-08, 1.98349e-09, 2.87586, 0.973264, 4.01854e-07, 263.816
7979, 0.124449, 0.316677, 0.0435787, 0, 1.99605e-10, 1.0216e-09, 0, 0, 0.360256, 4.99647e-08, 7.59034e-09, 2.08386, 0.973252, 4.01656e-07, 260.176
7980, 0.226017, 0.26605, 0.0394961, 0, 4.48499e-10, 2.299e-09, 0, 0, 0.305546, 9.07144e-08, 1.76179e-08, 1.48715, 0.97324, 4.01459e-07, 254.132
7981, 0.295717, 0.23185, 0.036527, 0, 6.43627e-10, 3.30006e-09, 0, 0, 0.268377, 1.18652e-07, 2.57022e-08, 1.21835, 0.973228, 4.01262e-07, 249.563
7982, 0.289212, 0.233475, 0.0369204, 0, 6.18587e-10, 3.1741e-09, 0, 0, 0.270395, 1.16003e-07, 2.47047e-08, 1.2406, 0.973216, 4.01065e-07, 249.813
7983, 0.218158, 0.265998, 0.0401425, 0, 4.01301e-10, 2.05887e-09, 0, 0, 0.306141, 8.74722e-08, 1.56607e-08, 1.52254, 0.973204, 4.00868e-07, 254.174
7984, 0.144101, 0.305978, 0.0427971, 0, 2.01038e-10, 1.03218e-09, 0, 0, 0.348775, 5.77487e-08, 7.37188e-09, 1.93724, 0.973192, 4.00671e-07, 258.921
7985, 0.135792, 0.316999, 0.0424249, 0, 1.92186e-10, 9.99723e-10, 0, 0, 0.359424, 5.43727e-08, 6.97559e-09, 1.99663, 0.97318, 4.00474e-07, 260.035
7986, 0.205901, 0.283991, 0.0395332, 0, 3.88726e-10, 2.02328e-09, 0, 0, 0.323524, 8.23964e-08, 1.50364e-08, 1.58036, 0.973168, 4.00277e-07, 256.139
7987, 0.288776, 0.241024, 0.036306, 0, 6.30589e-10, 3.26863e-09, 0, 0, 0.27733, 1.15519e-07, 2.52387e-08, 1.2421, 0.973156, 4.00079e-07, 250.644
7988, 0.314057, 0.225764, 0.0354069, 0, 7.04825e-10, 3.64413e-09, 0, 0, 0.261171, 1.25588e-07, 2.85474e-08, 1.15818, 0.973144, 3.99881e-07, 248.56
7989, 0.269025, 0.243853, 0.0377453, 0, 5.50335e-10, 2.83988e-09, 0, 0, 0.281598, 1.0754e-07, 2.20162e-08, 1.31295, 0.973132, 3.99682e-07, 251.158
7990, 0.196166, 0.278609, 0.0411332, 0, 3.20117e-10, 1.65361e-09, 0, 0, 0.319742, 7.83797e-08, 1.22248e-08, 1.62879, 0.97312, 3.99485e-07, 255.675
7991, 0.165688, 0.29853, 0.0421917, 0, 2.37407e-10, 1.24315e-09, 0, 0, 0.340721, 6.61554e-08, 8.71805e-09, 1.79765, 0.973108, 3.9929e-07, 257.992
7992, 0.211933, 0.28021, 0.0398789, 0, 3.8621e-10, 2.02863e-09, 0, 0, 0.320089, 8.45636e-08, 1.50141e-08, 1.55148, 0.973096, 3.99093e-07, 255.696
7993, 0.2905, 0.241968, 0.036285, 0, 6.35426e-10, 3.31939e-09, 0, 0, 0.278253, 1.15864e-07, 2.57639e-08, 1.23615, 0.973084, 3.98895e-07, 250.703
7994, 0.326645, 0.221298, 0.0346888, 0, 7.47683e-10, 3.88801e-09, 0, 0, 0.255986, 1.30232e-07, 3.07947e-08, 1.11888, 0.973072, 3.98698e-07, 247.816
7995, 0.308812, 0.22384, 0.0357215, 0, 6.70652e-10, 3.47099e-09, 0, 0, 0.259561, 1.23068e-07, 2.76096e-08, 1.17502, 0.97306, 3.98501e-07, 248.28
7996, 0.294678, 0.226897, 0.0364398, 0, 6.13575e-10, 3.16657e-09, 0, 0, 0.263337, 1.1737e-07, 2.53632e-08, 1.22187, 0.973048, 3.98305e-07, 248.766
7997, 0.319183, 0.218037, 0.0350386, 0, 7.09886e-10, 3.67542e-09, 0, 0, 0.253075, 1.27062e-07, 2.99037e-08, 1.14199, 0.973036, 3.98108e-07, 247.398
7998, 0.326774, 0.216925, 0.034588, 0, 7.54294e-10, 3.91273e-09, 0, 0, 0.251513, 1.30031e-07, 3.20073e-08, 1.11849, 0.973024, 3.97906e-07, 247.178
7999, 0.277083, 0.23759, 0.0372909, 0, 5.91397e-10, 3.06229e-09, 0, 0, 0.27488, 1.10212e-07, 2.47813e-08, 1.28344, 0.973013, 3.97707e-07, 250.221
8000, 0.223006, 0.259634, 0.0402241, 0, 3.98926e-10, 2.06505e-09, 0, 0, 0.299858, 8.86558e-08, 1.62591e-08, 1.50056, 0.973004, 3.97514e-07, 253.273
8001, 0.19619, 0.272206, 0.0415361, 0, 3.09184e-10, 1.60878e-09, 0, 0, 0.313742, 7.7956e-08, 1.23808e-08, 1.62867, 0.972997, 3.97319e-07, 254.887
8002, 0.17691, 0.282693, 0.0423299, 0, 2.70896e-10, 1.41425e-09, 0, 0, 0.325023, 7.0257e-08, 1.08337e-08, 1.73211, 0.972992, 3.97122e-07, 256.16
8003, 0.204066, 0.272114, 0.0409021, 0, 3.49553e-10, 1.83939e-09, 0, 0, 0.313016, 8.09888e-08, 1.42711e-08, 1.58931, 0.972988, 3.96931e-07, 254.785
8004, 0.263096, 0.248085, 0.0379922, 0, 5.00817e-10, 2.65697e-09, 0, 0, 0.286078, 1.0437e-07, 2.07279e-08, 1.33524, 0.972984, 3.96742e-07, 251.57
8005, 0.295843, 0.235925, 0.0363724, 0, 5.89751e-10, 3.14352e-09, 0, 0, 0.272297, 1.17311e-07, 2.4559e-08, 1.21793, 0.97298, 3.96547e-07, 249.835
8006, 0.316794, 0.227101, 0.0351727, 0, 6.69609e-10, 3.56243e-09, 0, 0, 0.262274, 1.25556e-07, 2.82637e-08, 1.1495, 0.972976, 3.96348e-07, 248.531
8007, 0.32431, 0.221747, 0.0345982, 0, 7.0206e-10, 3.72241e-09, 0, 0, 0.256345, 1.28478e-07, 2.99408e-08, 1.12605, 0.972972, 3.96151e-07, 247.738
8008, 0.294661, 0.232818, 0.0359077, 0, 5.92326e-10, 3.15169e-09, 0, 0, 0.268726, 1.16683e-07, 2.51392e-08, 1.22193, 0.972968, 3.9596e-07, 249.349
8009, 0.256521, 0.25275, 0.0374, 0, 4.63997e-10, 2.5075e-09, 0, 0, 0.29015, 1.01529e-07, 1.93968e-08, 1.36054, 0.972964, 3.95769e-07, 252.021
8010, 0.251837, 0.259387, 0.0373103, 0, 4.56409e-10, 2.49631e-09, 0, 0, 0.296697, 9.9617e-08, 1.91184e-08, 1.37897, 0.97296, 3.95576e-07, 252.802
8011, 0.269224, 0.250947, 0.0366611, 0, 5.148e-10, 2.80415e-09, 0, 0, 0.287609, 1.06445e-07, 2.19031e-08, 1.31221, 0.972956, 3.95379e-07, 251.692
8012, 0.237392, 0.264866, 0.0380425, 0, 4.45696e-10, 2.41381e-09, 0, 0, 0.302909, 9.38293e-08, 1.90254e-08, 1.43804, 0.972952, 3.95181e-07, 253.522
8013, 0.145008, 0.312808, 0.0410716, 0, 2.43478e-10, 1.31509e-09, 0, 0, 0.353879, 5.72968e-08, 1.02861e-08, 1.93097, 0.972948, 3.94984e-07, 259.199
8014, 0.089874, 0.343506, 0.0425406, 0, 1.30673e-10, 7.08579e-10, 0, 0, 0.386047, 3.54822e-08, 5.48937e-09, 2.40935, 0.972944, 3.94794e-07, 262.484
8015, 0.143063, 0.314751, 0.04094, 0, 2.45175e-10, 1.33171e-09, 0, 0, 0.355691, 5.64307e-08, 1.0631e-08, 1.94447, 0.97294, 3.94604e-07, 259.372
8016, 0.255879, 0.25636, 0.0369609, 0, 5.21298e-10, 2.81345e-09, 0, 0, 0.293321, 1.00896e-07, 2.30511e-08, 1.36305, 0.972936, 3.9441e-07, 252.34
8017, 0.340939, 0.215997, 0.0332257, 0, 7.75753e-10, 4.16244e-09, 0, 0, 0.249222, 1.3439e-07, 3.47216e-08, 1.07605, 0.972932, 3.94215e-07, 246.684
8018, 0.372408, 0.202156, 0.0315939, 0, 8.88154e-10, 4.75098e-09, 0, 0, 0.23375, 1.46735e-07, 3.99682e-08, 0.987765, 0.972928, 3.94022e-07, 244.521
8019, 0.36014, 0.206513, 0.0322322, 0, 8.34079e-10, 4.46445e-09, 0, 0, 0.238745, 1.41841e-07, 3.74283e-08, 1.02126, 0.972924, 3.93829e-07, 245.218
8020, 0.31167, 0.225288, 0.0348676, 0, 6.39597e-10, 3.437e-09, 0, 0, 0.260155, 1.22698e-07, 2.8286e-08, 1.16581, 0.97292, 3.93635e-07, 248.119
8021, 0.24834, 0.251776, 0.0382561, 0, 4.18809e-10, 2.25926e-09, 0, 0, 0.290032, 9.77205e-08, 1.793e-08, 1.39296, 0.972916, 3.93441e-07, 251.894
8022, 0.199333, 0.274303, 0.0407251, 0, 2.89348e-10, 1.55523e-09, 0, 0, 0.315029, 7.83938e-08, 1.19479e-08, 1.61278, 0.972912, 3.93248e-07, 254.841
8023, 0.202337, 0.274265, 0.0404683, 0, 3.17687e-10, 1.70397e-09, 0, 0, 0.314734, 7.95215e-08, 1.33346e-08, 1.59782, 0.972908, 3.93058e-07, 254.798
8024, 0.259071, 0.250221, 0.0375465, 0, 4.7506e-10, 2.56476e-09, 0, 0, 0.287768, 1.01767e-07, 2.06172e-08, 1.35065, 0.972904, 3.92866e-07, 251.589
8025, 0.288854, 0.237897, 0.0359908, 0, 5.54664e-10, 3.00684e-09, 0, 0, 0.273888, 1.13427e-07, 2.43173e-08, 1.24183, 0.9729, 3.92674e-07, 249.848
8026, 0.246121, 0.257385, 0.0380637, 0, 4.41706e-10, 2.39617e-09, 0, 0, 0.295448, 9.66125e-08, 1.91636e-08, 1.40193, 0.972896, 3.92481e-07, 252.503
8027, 0.190853, 0.282604, 0.0407486, 0, 2.94142e-10, 1.59721e-09, 0, 0, 0.323353, 7.48761e-08, 1.23945e-08, 1.65625, 0.972892, 3.92289e-07, 255.742
8028, 0.192961, 0.282596, 0.040622, 0, 2.80751e-10, 1.53818e-09, 0, 0, 0.323218, 7.56545e-08, 1.16579e-08, 1.64527, 0.972888, 3.92096e-07, 255.718
8029, 0.199185, 0.281956, 0.0400264, 0, 2.8851e-10, 1.592e-09, 0, 0, 0.321982, 7.80661e-08, 1.19753e-08, 1.61352, 0.972884, 3.91904e-07, 255.569
8030, 0.15592, 0.305544, 0.0414103, 0, 2.0358e-10, 1.12782e-09, 0, 0, 0.346955, 6.10871e-08, 8.27139e-09, 1.85841, 0.97288, 3.91711e-07, 258.309
8031, 0.123667, 0.324294, 0.0423921, 0, 1.34493e-10, 7.56976e-10, 0, 0, 0.366686, 4.84191e-08, 5.15452e-09, 2.09017, 0.972876, 3.91516e-07, 260.375
8032, 0.125648, 0.328222, 0.0416789, 0, 1.26123e-10, 7.27798e-10, 0, 0, 0.369901, 4.91684e-08, 4.61459e-09, 2.07427, 0.972872, 3.91322e-07, 260.696
8033, 0.112417, 0.34132, 0.0409345, 0, 1.00723e-10, 5.93081e-10, 0, 0, 0.382255, 4.39752e-08, 3.51528e-09, 2.18554, 0.972868, 3.9113e-07, 261.938
8034, 0.0846423, 0.362207, 0.0399695, 0, 6.00017e-11, 3.62742e-10, 0, 0, 0.402176, 3.30962e-08, 1.89809e-09, 2.46932, 0.972864, 3.90939e-07, 263.888
8035, 0.055162, 0.389667, 0.0360266, 0, 3.1596e-11, 1.95811e-10, 0, 0, 0.425694, 2.15614e-08, 8.94388e-10, 2.89748, 0.97286, 3.9075e-07, 266.106
8036, 0.0249975, 0.426385, 0.0271605, 0, 1.21386e-11, 7.64101e-11, 0, 0, 0.453546, 9.76876e-09, 3.17624e-10, 3.68898, 0.972856, 3.9056e-07, 268.624
8037, 0.00692936, 0.456496, 0.0172366, 0, 2.72749e-12, 1.74169e-11, 0, 0, 0.473733, 2.70721e-09, 6.60828e-11, 4.97199, 0.972852, 3.90369e-07, 270.38
8038, 0.00405452, 0.462216, 0.0151231, 0, 1.47118e-12, 9.34143e-12, 0, 0, 0.477339, 1.58113e-09, 3.74537e-11, 5.50792, 0.972848, 3.90179e-07, 270.682
8039, 0.0162888, 0.439711, 0.0230199, 0, 8.54231e-12, 5.29176e-11, 0, 0, 0.462731, 6.34753e-09, 2.48264e-10, 4.11728, 0.972844, 3.89988e-07, 269.409
8040, 0.0495739, 0.399204, 0.0330848, 0, 3.34075e-11, 2.03551e-10, 0, 0, 0.432289, 1.93143e-08, 1.04256e-09, 3.00429, 0.97284, 3.89797e-07, 266.672
8041, 0.0924221, 0.359243, 0.0390174, 0, 7.22486e-11, 4.33449e-10, 0, 0, 0.39826, 3.60001e-08, 2.36447e-09, 2.38139, 0.972836, 3.89607e-07, 263.448
8042, 0.116602, 0.336495, 0.0412948, 0, 9.83144e-11, 5.81523e-10, 0, 0, 0.37779, 4.54036e-08, 3.354e-09, 2.14898, 0.972832, 3.89415e-07, 261.41
8043, 0.132086, 0.325087, 0.0415263, 0, 1.26272e-10, 7.44091e-10, 0, 0, 0.366614, 5.1405e-08, 4.64594e-09, 2.0243, 0.972828, 3.8922e-07, 260.261
8044, 0.165114, 0.309729, 0.040192, 0, 1.934e-10, 1.14258e-09, 0, 0, 0.349921, 6.4225e-08, 7.71047e-09, 1.80112, 0.972824, 3.89023e-07, 258.501
8045, 0.183621, 0.302501, 0.038971, 0, 2.39159e-10, 1.41313e-09, 0, 0, 0.341472, 7.13985e-08, 9.89043e-09, 1.69488, 0.97282, 3.88829e-07, 257.583
8046, 0.156786, 0.316776, 0.0392234, 0, 1.99551e-10, 1.17665e-09, 0, 0, 0.356, 6.0941e-08, 8.32509e-09, 1.85287, 0.972816, 3.88641e-07, 259.128
8047, 0.149458, 0.317917, 0.0394865, 0, 2.0033e-10, 1.1545e-09, 0, 0, 0.357404, 5.80512e-08, 8.61206e-09, 1.90074, 0.972812, 3.88455e-07, 259.266
8048, 0.215416, 0.282044, 0.037626, 0, 3.55915e-10, 2.01703e-09, 0, 0, 0.31967, 8.36203e-08, 1.60089e-08, 1.53518, 0.972808, 3.88269e-07, 255.133
8049, 0.291795, 0.244376, 0.0349282, 0, 5.4268e-10, 3.06386e-09, 0, 0, 0.279304, 1.13228e-07, 2.4904e-08, 1.2317, 0.972804, 3.88079e-07, 250.306
8050, 0.311196, 0.234269, 0.0342799, 0, 5.93922e-10, 3.34951e-09, 0, 0, 0.268549, 1.20713e-07, 2.74597e-08, 1.16733, 0.9728, 3.87889e-07, 248.929
8051, 0.269417, 0.249974, 0.0363925, 0, 4.8525e-10, 2.74053e-09, 0, 0, 0.286367, 1.04466e-07, 2.24709e-08, 1.31149, 0.972796, 3.87699e-07, 251.165
8052, 0.226391, 0.266133, 0.0384937, 0, 3.77913e-10, 2.14201e-09, 0, 0, 0.304627, 8.7731e-08, 1.76507e-08, 1.48549, 0.972792, 3.8751e-07, 253.355
8053, 0.261167, 0.251291, 0.0366442, 0, 4.84264e-10, 2.74015e-09, 0, 0, 0.287935, 1.0114e-07, 2.31812e-08, 1.34259, 0.972788, 3.87321e-07, 251.339
8054, 0.335325, 0.22148, 0.0327768, 0, 7.0412e-10, 3.96271e-09, 0, 0, 0.254257, 1.29802e-07, 3.40908e-08, 1.09265, 0.972784, 3.87132e-07, 247.01
8055, 0.36861, 0.208622, 0.0310415, 0, 8.02338e-10, 4.50525e-09, 0, 0, 0.239664, 1.4263e-07, 3.88726e-08, 0.998015, 0.97278, 3.86944e-07, 245
8056, 0.348683, 0.217154, 0.0320842, 0, 7.32689e-10, 4.1202e-09, 0, 0, 0.249238, 1.34864e-07, 3.5342e-08, 1.05359, 0.972776, 3.86754e-07, 246.313
8057, 0.283381, 0.244541, 0.0353758, 0, 5.38135e-10, 3.0327e-09, 0, 0, 0.279917, 1.09562e-07, 2.56881e-08, 1.26096, 0.972772, 3.86563e-07, 250.308
8058, 0.219249, 0.271751, 0.0385517, 0, 3.5286e-10, 1.99142e-09, 0, 0, 0.310302, 8.47197e-08, 1.64665e-08, 1.51755, 0.972768, 3.86373e-07, 253.964
8059, 0.229335, 0.267406, 0.0380965, 0, 3.57027e-10, 2.02751e-09, 0, 0, 0.305503, 8.8556e-08, 1.65444e-08, 1.47257, 0.972764, 3.86187e-07, 253.394
8060, 0.289416, 0.242285, 0.0351296, 0, 5.08401e-10, 2.89605e-09, 0, 0, 0.277414, 1.11701e-07, 2.40151e-08, 1.23989, 0.97276, 3.86e-07, 249.965
8061, 0.340729, 0.221305, 0.0324261, 0, 6.7386e-10, 3.828e-09, 0, 0, 0.253731, 1.31449e-07, 3.2496e-08, 1.07667, 0.972756, 3.85812e-07, 246.873
8062, 0.366242, 0.211548, 0.0309786, 0, 7.74974e-10, 4.39122e-09, 0, 0, 0.242527, 1.4123e-07, 3.77978e-08, 1.00446, 0.972752, 3.85624e-07, 245.332
8063, 0.3509, 0.220445, 0.0316758, 0, 7.29143e-10, 4.14009e-09, 0, 0, 0.25212, 1.35258e-07, 3.53466e-08, 1.04725, 0.972748, 3.85436e-07, 246.637
8064, 0.3038, 0.243718, 0.0340006, 0, 5.69308e-10, 3.25567e-09, 0, 0, 0.277718, 1.17048e-07, 2.69631e-08, 1.19138, 0.972744, 3.85247e-07, 249.967
8065, 0.285453, 0.251967, 0.0348866, 0, 5.01772e-10, 2.88514e-09, 0, 0, 0.286853, 1.09913e-07, 2.35435e-08, 1.25368, 0.97274, 3.85058e-07, 251.095
8066, 0.319111, 0.235069, 0.0331486, 0, 6.06532e-10, 3.48213e-09, 0, 0, 0.268218, 1.22808e-07, 2.91981e-08, 1.14222, 0.972736, 3.84872e-07, 248.736
8067, 0.340731, 0.226189, 0.0316903, 0, 6.85302e-10, 3.94416e-09, 0, 0, 0.25788, 1.31076e-07, 3.35095e-08, 1.07666, 0.972732, 3.84685e-07, 247.371
8068, 0.297267, 0.252704, 0.0323981, 0, 5.78451e-10, 3.3667e-09, 0, 0, 0.285102, 1.14314e-07, 2.81386e-08, 1.21313, 0.972728, 3.84497e-07, 250.851
8069, 0.219513, 0.297353, 0.034028, 0, 3.79891e-10, 2.25537e-09, 0, 0, 0.331381, 8.43742e-08, 1.80753e-08, 1.51634, 0.972724, 3.8431e-07, 256.26
8070, 0.20322, 0.304533, 0.0347594, 0, 3.27001e-10, 1.95905e-09, 0, 0, 0.339292, 7.80554e-08, 1.54524e-08, 1.59346, 0.97272, 3.84123e-07, 257.122
8071, 0.244442, 0.274284, 0.0349825, 0, 4.05397e-10, 2.39425e-09, 0, 0, 0.309266, 9.38426e-08, 1.94712e-08, 1.40878, 0.972716, 3.83936e-07, 253.725
8072, 0.254119, 0.25865, 0.0361442, 0, 4.15486e-10, 2.41375e-09, 0, 0, 0.294794, 9.75188e-08, 2.0075e-08, 1.36995, 0.972712, 3.83748e-07, 251.999
8073, 0.262607, 0.25093, 0.0361094, 0, 4.45051e-10, 2.54902e-09, 0, 0, 0.287039, 1.00717e-07, 2.1799e-08, 1.3371, 0.972708, 3.83558e-07, 251.044
8074, 0.320616, 0.227082, 0.0330741, 0, 6.23447e-10, 3.56029e-09, 0, 0, 0.260156, 1.22898e-07, 3.13557e-08, 1.13751, 0.972704, 3.83366e-07, 247.607
8075, 0.370568, 0.207481, 0.0303846, 0, 7.86669e-10, 4.4959e-09, 0, 0, 0.237865, 1.41989e-07, 4.01754e-08, 0.992718, 0.9727, 3.8318e-07, 244.556
8076, 0.361153, 0.21158, 0.0308576, 0, 7.64924e-10, 4.37361e-09, 0, 0, 0.242437, 1.38328e-07, 3.91159e-08, 1.01845, 0.972696, 3.82997e-07, 245.187
8077, 0.320396, 0.227795, 0.0330356, 0, 6.29557e-10, 3.60636e-09, 0, 0, 0.260831, 1.22658e-07, 3.19272e-08, 1.1382, 0.972692, 3.82813e-07, 247.668
8078, 0.320597, 0.227887, 0.0330627, 0, 6.12187e-10, 3.52381e-09, 0, 0, 0.26095, 1.22663e-07, 3.10142e-08, 1.13757, 0.972688, 3.82627e-07, 247.675
8079, 0.353607, 0.215874, 0.0313155, 0, 7.06583e-10, 4.07975e-09, 0, 0, 0.24719, 1.35229e-07, 3.6005e-08, 1.03957, 0.972684, 3.82441e-07, 245.815
8080, 0.349549, 0.220368, 0.0314073, 0, 6.97862e-10, 4.03913e-09, 0, 0, 0.251775, 1.33625e-07, 3.54181e-08, 1.05111, 0.97268, 3.82255e-07, 246.43
8081, 0.278446, 0.25463, 0.0346463, 0, 5.05905e-10, 2.94183e-09, 0, 0, 0.289277, 1.06407e-07, 2.52386e-08, 1.27853, 0.972676, 3.82068e-07, 251.245
8082, 0.177833, 0.30263, 0.0390241, 0, 2.57386e-10, 1.51191e-09, 0, 0, 0.341654, 6.793e-08, 1.24058e-08, 1.72691, 0.972672, 3.81882e-07, 257.273
8083, 0.128514, 0.326393, 0.0410849, 0, 1.41376e-10, 8.4999e-10, 0, 0, 0.367478, 4.90543e-08, 6.57083e-09, 2.05172, 0.972668, 3.81695e-07, 259.999
8084, 0.167057, 0.30752, 0.0394964, 0, 2.21084e-10, 1.32794e-09, 0, 0, 0.347016, 6.37177e-08, 1.07187e-08, 1.78942, 0.972664, 3.81509e-07, 257.835
8085, 0.253941, 0.265381, 0.0358339, 0, 4.14082e-10, 2.4572e-09, 0, 0, 0.301215, 9.68155e-08, 2.06785e-08, 1.37065, 0.97266, 3.81322e-07, 252.65
8086, 0.306829, 0.238799, 0.0335545, 0, 5.38708e-10, 3.17418e-09, 0, 0, 0.272353, 1.1694e-07, 2.72055e-08, 1.18146, 0.972656, 3.81136e-07, 249.081
8087, 0.28824, 0.24425, 0.0345654, 0, 4.81962e-10, 2.82905e-09, 0, 0, 0.278815, 1.09814e-07, 2.41822e-08, 1.24396, 0.972652, 3.8095e-07, 249.892
8088, 0.245813, 0.262522, 0.0367565, 0, 3.53403e-10, 2.08026e-09, 0, 0, 0.299278, 9.36042e-08, 1.72408e-08, 1.40319, 0.972648, 3.80766e-07, 252.391
8089, 0.221543, 0.274749, 0.0379459, 0, 2.89928e-10, 1.72193e-09, 0, 0, 0.312695, 8.43194e-08, 1.39039e-08, 1.50714, 0.972644, 3.8058e-07, 253.961
8090, 0.201315, 0.283205, 0.0387357, 0, 2.67752e-10, 1.58851e-09, 0, 0, 0.321941, 7.6581e-08, 1.30816e-08, 1.60289, 0.97264, 3.80391e-07, 255.012
8091, 0.22545, 0.271387, 0.0373588, 0, 3.54538e-10, 2.09269e-09, 0, 0, 0.308746, 8.57031e-08, 1.82524e-08, 1.48966, 0.972636, 3.80202e-07, 253.484
8092, 0.313639, 0.233445, 0.032867, 0, 6.01781e-10, 3.54018e-09, 0, 0, 0.266312, 1.19167e-07, 3.20476e-08, 1.15951, 0.972632, 3.80015e-07, 248.246
8093, 0.392098, 0.200883, 0.0287746, 0, 8.43064e-10, 4.9348e-09, 0, 0, 0.229657, 1.4892e-07, 4.54747e-08, 0.936242, 0.972628, 3.79832e-07, 243.212
8094, 0.426824, 0.187052, 0.026868, 0, 9.6853e-10, 5.64683e-09, 0, 0, 0.21392, 1.6204e-07, 5.25218e-08, 0.851384, 0.972624, 3.79651e-07, 240.865
8095, 0.436875, 0.183316, 0.0262778, 0, 1.0098e-09, 5.87923e-09, 0, 0, 0.209594, 1.65779e-07, 5.49007e-08, 0.828108, 0.97262, 3.79468e-07, 240.191
8096, 0.438289, 0.182704, 0.0261668, 0, 1.0134e-09, 5.90045e-09, 0, 0, 0.208871, 1.66234e-07, 5.51941e-08, 0.824877, 0.972616, 3.7928e-07, 240.069
8097, 0.437399, 0.182809, 0.0261881, 0, 1.00548e-09, 5.8585e-09, 0, 0, 0.208997, 1.65816e-07, 5.48714e-08, 0.826909, 0.972612, 3.79095e-07, 240.079
8098, 0.437216, 0.182776, 0.0261768, 0, 1.0015e-09, 5.84333e-09, 0, 0, 0.208953, 1.65667e-07, 5.4814e-08, 0.827328, 0.972608, 3.78914e-07, 240.062
8099, 0.439648, 0.181923, 0.0260194, 0, 1.01094e-09, 5.90408e-09, 0, 0, 0.207942, 1.66508e-07, 5.55174e-08, 0.821781, 0.972604, 3.78732e-07, 239.896
8100, 0.443607, 0.180608, 0.0257746, 0, 1.02808e-09, 6.00597e-09, 0, 0, 0.206383, 1.67925e-07, 5.66178e-08, 0.812815, 0.9726, 3.78546e-07, 239.643
8101, 0.444268, 0.180359, 0.0257083, 0, 1.02839e-09, 6.01198e-09, 0, 0, 0.206067, 1.68094e-07, 5.67446e-08, 0.811326, 0.972596, 3.7836e-07, 239.583
8102, 0.44253, 0.180959, 0.0257837, 0, 1.01663e-09, 5.94982e-09, 0, 0, 0.206743, 1.67355e-07, 5.6174e-08, 0.815247, 0.972592, 3.78177e-07, 239.68
8103, 0.442375, 0.18122, 0.0257874, 0, 1.01343e-09, 5.93931e-09, 0, 0, 0.207007, 1.67215e-07, 5.61042e-08, 0.815597, 0.972588, 3.77994e-07, 239.711
8104, 0.439511, 0.182504, 0.0259449, 0, 9.98552e-10, 5.86576e-09, 0, 0, 0.208449, 1.66054e-07, 5.53899e-08, 0.822093, 0.972584, 3.77813e-07, 239.926
8105, 0.423772, 0.188519, 0.0268141, 0, 9.32671e-10, 5.49366e-09, 0, 0, 0.215333, 1.60035e-07, 5.16692e-08, 0.85856, 0.97258, 3.7763e-07, 240.974
8106, 0.383909, 0.20357, 0.0289692, 0, 7.86984e-10, 4.64152e-09, 0, 0, 0.232539, 1.44916e-07, 4.32058e-08, 0.95735, 0.972576, 3.77447e-07, 243.504
8107, 0.340177, 0.220303, 0.0312897, 0, 6.3647e-10, 3.75869e-09, 0, 0, 0.251592, 1.28341e-07, 3.44491e-08, 1.07829, 0.972572, 3.77263e-07, 246.153
8108, 0.347183, 0.218668, 0.0309105, 0, 6.55339e-10, 3.89327e-09, 0, 0, 0.249578, 1.30907e-07, 3.56249e-08, 1.0579, 0.972568, 3.77078e-07, 245.869
8109, 0.392473, 0.202268, 0.0284729, 0, 8.06064e-10, 4.80215e-09, 0, 0, 0.230741, 1.47912e-07, 4.45718e-08, 0.935288, 0.972564, 3.76894e-07, 243.217
8110, 0.420872, 0.191535, 0.0269255, 0, 9.04808e-10, 5.38461e-09, 0, 0, 0.21846, 1.58545e-07, 5.0449e-08, 0.865427, 0.97256, 3.76712e-07, 241.399
8111, 0.422035, 0.191633, 0.0269066, 0, 9.03556e-10, 5.38059e-09, 0, 0, 0.21854, 1.5891e-07, 5.03442e-08, 0.862668, 0.972556, 3.76529e-07, 241.401
8112, 0.418101, 0.193733, 0.0271543, 0, 8.84236e-10, 5.27385e-09, 0, 0, 0.220887, 1.5735e-07, 4.92116e-08, 0.872033, 0.972552, 3.76346e-07, 241.743
8113, 0.426304, 0.190219, 0.0266317, 0, 9.18258e-10, 5.472e-09, 0, 0, 0.216851, 1.60357e-07, 5.14057e-08, 0.852602, 0.972548, 3.76163e-07, 241.128
8114, 0.438446, 0.184701, 0.0258542, 0, 9.69182e-10, 5.76593e-09, 0, 0, 0.210556, 1.64845e-07, 5.46948e-08, 0.824518, 0.972544, 3.7598e-07, 240.157
8115, 0.443993, 0.182008, 0.0254811, 0, 9.90637e-10, 5.89204e-09, 0, 0, 0.207489, 1.66851e-07, 5.61975e-08, 0.811947, 0.97254, 3.75797e-07, 239.671
8116, 0.444794, 0.181486, 0.0254029, 0, 9.91007e-10, 5.90115e-09, 0, 0, 0.206889, 1.67071e-07, 5.641e-08, 0.810143, 0.972536, 3.75614e-07, 239.568
8117, 0.445381, 0.181364, 0.0253575, 0, 9.91184e-10, 5.91104e-09, 0, 0, 0.206721, 1.6721e-07, 5.65732e-08, 0.808826, 0.972532, 3.75432e-07, 239.532
8118, 0.446092, 0.181314, 0.0253136, 0, 9.92222e-10, 5.92525e-09, 0, 0, 0.206627, 1.67395e-07, 5.67606e-08, 0.807231, 0.972528, 3.75249e-07, 239.508
8119, 0.446586, 0.181283, 0.0252751, 0, 9.92156e-10, 5.93266e-09, 0, 0, 0.206558, 1.675e-07, 5.68872e-08, 0.806124, 0.972524, 3.75068e-07, 239.487
8120, 0.446716, 0.181261, 0.0252433, 0, 9.90105e-10, 5.92796e-09, 0, 0, 0.206505, 1.67468e-07, 5.69062e-08, 0.805833, 0.97252, 3.74887e-07, 239.469
8121, 0.44696, 0.181202, 0.025203, 0, 9.88517e-10, 5.92689e-09, 0, 0, 0.206405, 1.67477e-07, 5.69626e-08, 0.805287, 0.972516, 3.74704e-07, 239.444
8122, 0.448763, 0.180802, 0.0250929, 0, 9.94843e-10, 5.9734e-09, 0, 0, 0.205895, 1.68071e-07, 5.74842e-08, 0.801259, 0.972512, 3.74522e-07, 239.355
8123, 0.449726, 0.180755, 0.0250373, 0, 9.97299e-10, 5.99782e-09, 0, 0, 0.205793, 1.68351e-07, 5.77645e-08, 0.799117, 0.972508, 3.7434e-07, 239.329
8124, 0.446619, 0.182044, 0.0252036, 0, 9.80273e-10, 5.90846e-09, 0, 0, 0.207248, 1.67108e-07, 5.68686e-08, 0.80605, 0.972504, 3.74159e-07, 239.547
8125, 0.437885, 0.18536, 0.0256789, 0, 9.38691e-10, 5.67486e-09, 0, 0, 0.211039, 1.63762e-07, 5.44742e-08, 0.825798, 0.9725, 3.73978e-07, 240.126
8126, 0.417556, 0.193285, 0.0267818, 0, 8.58526e-10, 5.20853e-09, 0, 0, 0.220067, 1.56087e-07, 4.9705e-08, 0.873338, 0.972496, 3.73796e-07, 241.488
8127, 0.36965, 0.211852, 0.02932, 0, 6.97328e-10, 4.24047e-09, 0, 0, 0.241172, 1.3812e-07, 3.99638e-08, 0.995199, 0.972492, 3.73613e-07, 244.531
8128, 0.302092, 0.237709, 0.032825, 0, 4.85993e-10, 2.95506e-09, 0, 0, 0.270534, 1.12824e-07, 2.71919e-08, 1.19702, 0.972488, 3.7343e-07, 248.461
8129, 0.262788, 0.252867, 0.034832, 0, 3.64909e-10, 2.22462e-09, 0, 0, 0.287699, 9.80874e-08, 1.99843e-08, 1.33641, 0.972484, 3.73247e-07, 250.615
8130, 0.280016, 0.246695, 0.0339274, 0, 4.11445e-10, 2.52937e-09, 0, 0, 0.280622, 1.04455e-07, 2.29801e-08, 1.27291, 0.97248, 3.73066e-07, 249.726
8131, 0.334452, 0.226642, 0.0311118, 0, 5.69091e-10, 3.51666e-09, 0, 0, 0.257753, 1.24701e-07, 3.26397e-08, 1.09526, 0.972476, 3.72885e-07, 246.759
8132, 0.358222, 0.219212, 0.0298386, 0, 6.38379e-10, 3.95129e-09, 0, 0, 0.249051, 1.33513e-07, 3.67743e-08, 1.0266, 0.972472, 3.72704e-07, 245.574
8133, 0.314303, 0.239278, 0.0319551, 0, 5.13293e-10, 3.18047e-09, 0, 0, 0.271233, 1.17098e-07, 2.90428e-08, 1.1574, 0.972468, 3.72521e-07, 248.506
8134, 0.258681, 0.263737, 0.0346437, 0, 3.60419e-10, 2.2392e-09, 0, 0, 0.29838, 9.6323e-08, 1.97792e-08, 1.35216, 0.972464, 3.72337e-07, 251.869
8135, 0.269726, 0.258774, 0.0340773, 0, 3.93669e-10, 2.45001e-09, 0, 0, 0.292851, 1.0037e-07, 2.19362e-08, 1.31035, 0.97246, 3.72155e-07, 251.192
8136, 0.323995, 0.23428, 0.0314154, 0, 5.40542e-10, 3.35613e-09, 0, 0, 0.265695, 1.20508e-07, 3.09631e-08, 1.12703, 0.972456, 3.71971e-07, 247.761
8137, 0.334451, 0.227069, 0.0309057, 0, 5.63087e-10, 3.48427e-09, 0, 0, 0.257975, 1.24348e-07, 3.23991e-08, 1.09527, 0.972452, 3.71785e-07, 246.733
8138, 0.315287, 0.232981, 0.0318354, 0, 5.10463e-10, 3.14776e-09, 0, 0, 0.264817, 1.17161e-07, 2.92735e-08, 1.15427, 0.972448, 3.71598e-07, 247.628
8139, 0.342923, 0.222864, 0.0304114, 0, 5.97558e-10, 3.68695e-09, 0, 0, 0.253276, 1.27356e-07, 3.4735e-08, 1.07025, 0.972444, 3.71415e-07, 246.084
8140, 0.395418, 0.203447, 0.0276976, 0, 7.56141e-10, 4.67292e-09, 0, 0, 0.231145, 1.46783e-07, 4.46539e-08, 0.927813, 0.97244, 3.71232e-07, 242.984
8141, 0.422783, 0.192976, 0.0262239, 0, 8.41275e-10, 5.19753e-09, 0, 0, 0.2192, 1.56868e-07, 5.00534e-08, 0.860897, 0.972436, 3.71045e-07, 241.216
8142, 0.431566, 0.189725, 0.025727, 0, 8.71814e-10, 5.38237e-09, 0, 0, 0.215452, 1.60048e-07, 5.20194e-08, 0.840335, 0.972432, 3.70857e-07, 240.641
8143, 0.435689, 0.188592, 0.0254999, 0, 8.8793e-10, 5.48477e-09, 0, 0, 0.214092, 1.61496e-07, 5.30907e-08, 0.830827, 0.972428, 3.70669e-07, 240.424
8144, 0.437302, 0.188557, 0.0254171, 0, 8.9398e-10, 5.53232e-09, 0, 0, 0.213974, 1.62011e-07, 5.35505e-08, 0.827132, 0.972424, 3.70479e-07, 240.397
8145, 0.435434, 0.189928, 0.0255274, 0, 8.85158e-10, 5.49139e-09, 0, 0, 0.215456, 1.61234e-07, 5.30421e-08, 0.831413, 0.97242, 3.70281e-07, 240.613
8146, 0.430906, 0.192342, 0.0257804, 0, 8.64934e-10, 5.37975e-09, 0, 0, 0.218122, 1.5947e-07, 5.17647e-08, 0.841865, 0.972416, 3.70077e-07, 241.007
8147, 0.425698, 0.195047, 0.0260641, 0, 8.42505e-10, 5.2515e-09, 0, 0, 0.221111, 1.57453e-07, 5.03102e-08, 0.854025, 0.972412, 3.69866e-07, 241.446
8148, 0.413988, 0.200698, 0.0267067, 0, 7.96663e-10, 4.97909e-09, 0, 0, 0.227405, 1.53032e-07, 4.73038e-08, 0.881918, 0.972408, 3.69639e-07, 242.366
8149, 0.388408, 0.212626, 0.0281141, 0, 7.01358e-10, 4.40625e-09, 0, 0, 0.24074, 1.43481e-07, 4.10944e-08, 0.9457, 0.972404, 3.69382e-07, 244.266
8150, 0.361743, 0.225122, 0.0295599, 0, 6.0416e-10, 3.823e-09, 0, 0, 0.254682, 1.33513e-07, 3.48031e-08, 1.01682, 0.9724, 3.69066e-07, 246.173
8151, 0.356975, 0.227733, 0.0297844, 0, 5.84381e-10, 3.71386e-09, 0, 0, 0.257518, 1.31574e-07, 3.35367e-08, 1.03009, 0.972396, 3.68597e-07, 246.544
8152, 0.368198, 0.223034, 0.0291276, 0, 6.19664e-10, 3.94326e-09, 0, 0, 0.252162, 1.35339e-07, 3.58821e-08, 0.999133, 0.972392, 3.67584e-07, 245.814
8153, 0.371424, 0.222136, 0.0288367, 0, 6.29614e-10, 4.01918e-09, 0, 0, 0.250973, 1.35614e-07, 3.66983e-08, 0.990412, 0.972388, 3.64965e-07, 245.643
8154, 0.346326, 0.234857, 0.0298198, 0, 5.58233e-10, 3.59079e-09, 0, 0, 0.264677, 1.24987e-07, 3.23978e-08, 1.06038, 0.972384, 3.6064e-07, 247.464
8155, 0.28812, 0.26332, 0.0322166, 0, 4.06266e-10, 2.64966e-09, 0, 0, 0.295537, 1.03144e-07, 2.30246e-08, 1.24438, 0.97238, 3.58747e-07, 251.339
8156, 0.237379, 0.288109, 0.0342748, 0, 2.80271e-10, 1.86482e-09, 0, 0, 0.322384, 8.56022e-08, 1.51703e-08, 1.4381, 0.972376, 3.61789e-07, 254.48
8157, 0.215199, 0.301711, 0.0346651, 0, 2.34057e-10, 1.58338e-09, 0, 0, 0.336376, 7.8553e-08, 1.22413e-08, 1.53619, 0.972372, 3.65406e-07, 256.039
8158, 0.17075, 0.331889, 0.0341615, 0, 1.75036e-10, 1.19949e-09, 0, 0, 0.36605, 6.26249e-08, 8.94315e-09, 1.76755, 0.972368, 3.66935e-07, 259.208
8159, 0.0948119, 0.381996, 0.0328272, 0, 8.3416e-11, 5.81539e-10, 0, 0, 0.414823, 3.48139e-08, 4.10062e-09, 2.35586, 0.972364, 3.67304e-07, 264.049
8160, 0.038463, 0.421352, 0.0305722, 0, 2.35901e-11, 1.69221e-10, 0, 0, 0.451924, 1.4128e-08, 1.07235e-09, 3.25806, 0.97236, 3.6734e-07, 267.467
8161, 0.0155621, 0.444635, 0.0259915, 0, 4.74495e-12, 3.60365e-11, 0, 0, 0.470627, 5.71651e-09, 1.73554e-10, 4.16292, 0.972356, 3.67272e-07, 269.112
8162, 0.00640114, 0.464326, 0.0188637, 0, 1.18675e-12, 9.50094e-12, 0, 0, 0.48319, 2.35094e-09, 3.15499e-11, 5.05128, 0.972352, 3.67161e-07, 270.189
8163, 0.00645406, 0.470019, 0.0159445, 0, 2.41014e-12, 1.78562e-11, 0, 0, 0.485964, 2.36747e-09, 8.90138e-11, 5.04305, 0.972348, 3.67028e-07, 270.419
8164, 0.0262626, 0.446832, 0.0215569, 0, 1.50173e-11, 1.0754e-10, 0, 0, 0.468389, 9.62897e-09, 6.34502e-10, 3.63961, 0.972344, 3.66883e-07, 268.893
8165, 0.0789019, 0.398095, 0.0297814, 0, 5.94229e-11, 4.15515e-10, 0, 0, 0.427876, 2.89227e-08, 2.75858e-09, 2.53955, 0.97234, 3.66729e-07, 265.229
8166, 0.157774, 0.341765, 0.0337869, 0, 1.52128e-10, 1.0414e-09, 0, 0, 0.375551, 5.78192e-08, 7.66723e-09, 1.84659, 0.972336, 3.66568e-07, 260.12
8167, 0.235551, 0.294995, 0.0335573, 0, 2.76244e-10, 1.86055e-09, 0, 0, 0.328552, 8.62938e-08, 1.48567e-08, 1.44583, 0.972332, 3.66404e-07, 255.082
8168, 0.287773, 0.265388, 0.0322094, 0, 3.79198e-10, 2.53063e-09, 0, 0, 0.297598, 1.05387e-07, 2.13316e-08, 1.24558, 0.972328, 3.66237e-07, 251.473
8169, 0.305391, 0.253126, 0.0316768, 0, 4.16169e-10, 2.7687e-09, 0, 0, 0.284803, 1.11793e-07, 2.40906e-08, 1.18616, 0.972324, 3.66068e-07, 249.898
8170, 0.311611, 0.247488, 0.0314358, 0, 4.33958e-10, 2.87515e-09, 0, 0, 0.278924, 1.14015e-07, 2.56687e-08, 1.166, 0.97232, 3.65898e-07, 249.152
8171, 0.339001, 0.235268, 0.0301077, 0, 5.14397e-10, 3.37757e-09, 0, 0, 0.265376, 1.23974e-07, 3.10092e-08, 1.08175, 0.972316, 3.65726e-07, 247.401
8172, 0.371518, 0.221626, 0.028506, 0, 6.08874e-10, 3.9727e-09, 0, 0, 0.250132, 1.35805e-07, 3.7204e-08, 0.990157, 0.972312, 3.65553e-07, 245.355
8173, 0.380079, 0.217045, 0.028065, 0, 6.3065e-10, 4.11298e-09, 0, 0, 0.24511, 1.38874e-07, 3.88535e-08, 0.967375, 0.972308, 3.6538e-07, 244.654
8174, 0.368223, 0.220266, 0.0286363, 0, 5.8839e-10, 3.8507e-09, 0, 0, 0.248903, 1.34481e-07, 3.63944e-08, 0.999065, 0.972304, 3.65207e-07, 245.168
8175, 0.360525, 0.222342, 0.0289967, 0, 5.61995e-10, 3.68235e-09, 0, 0, 0.251339, 1.31604e-07, 3.48459e-08, 1.02019, 0.9723, 3.65034e-07, 245.492
8176, 0.368605, 0.219567, 0.0285748, 0, 5.89426e-10, 3.85299e-09, 0, 0, 0.248142, 1.34487e-07, 3.66574e-08, 0.99803, 0.972296, 3.6486e-07, 245.045
8177, 0.369035, 0.221361, 0.028539, 0, 5.98207e-10, 3.90977e-09, 0, 0, 0.2499, 1.34586e-07, 3.71524e-08, 0.996864, 0.972292, 3.64687e-07, 245.277
8178, 0.334551, 0.237762, 0.030207, 0, 5.08815e-10, 3.34226e-09, 0, 0, 0.267969, 1.21958e-07, 3.12548e-08, 1.09497, 0.972288, 3.64514e-07, 247.677
8179, 0.304177, 0.251635, 0.0316764, 0, 4.2764e-10, 2.82608e-09, 0, 0, 0.283311, 1.10825e-07, 2.59667e-08, 1.19015, 0.972284, 3.64341e-07, 249.623
8180, 0.33091, 0.240213, 0.0303769, 0, 4.97378e-10, 3.27323e-09, 0, 0, 0.27059, 1.20496e-07, 3.05749e-08, 1.10591, 0.97228, 3.64167e-07, 247.998
8181, 0.377376, 0.219707, 0.0280822, 0, 6.24188e-10, 4.0849e-09, 0, 0, 0.24779, 1.37355e-07, 3.90527e-08, 0.974514, 0.972276, 3.63992e-07, 244.951
8182, 0.384732, 0.21612, 0.0276799, 0, 6.47096e-10, 4.23552e-09, 0, 0, 0.2438, 1.39977e-07, 4.07618e-08, 0.955209, 0.972272, 3.63818e-07, 244.39
8183, 0.34013, 0.235191, 0.0297914, 0, 5.32893e-10, 3.51163e-09, 0, 0, 0.264982, 1.23699e-07, 3.34191e-08, 1.07843, 0.972268, 3.63644e-07, 247.242
8184, 0.28939, 0.25734, 0.0321809, 0, 4.05968e-10, 2.70587e-09, 0, 0, 0.28952, 1.05188e-07, 2.52037e-08, 1.23998, 0.972264, 3.63467e-07, 250.348
8185, 0.305978, 0.250779, 0.0313825, 0, 4.45287e-10, 2.96153e-09, 0, 0, 0.282162, 1.11147e-07, 2.77558e-08, 1.18424, 0.97226, 3.63288e-07, 249.426
8186, 0.365246, 0.225321, 0.0285284, 0, 5.92965e-10, 3.90494e-09, 0, 0, 0.253849, 1.32615e-07, 3.74348e-08, 1.00718, 0.972256, 3.63113e-07, 245.732
8187, 0.391372, 0.214405, 0.0272033, 0, 6.60109e-10, 4.33209e-09, 0, 0, 0.241609, 1.42046e-07, 4.18501e-08, 0.938097, 0.972252, 3.62941e-07, 244.038
8188, 0.359353, 0.230881, 0.028555, 0, 5.7921e-10, 3.81243e-09, 0, 0, 0.259436, 1.30375e-07, 3.63452e-08, 1.02345, 0.972248, 3.62769e-07, 246.464
8189, 0.287091, 0.266136, 0.0316539, 0, 4.02032e-10, 2.66781e-09, 0, 0, 0.297789, 1.04113e-07, 2.45163e-08, 1.24796, 0.972244, 3.62596e-07, 251.311
8190, 0.243836, 0.284255, 0.0336052, 0, 2.88944e-10, 1.93373e-09, 0, 0, 0.31786, 8.8373e-08, 1.71214e-08, 1.41126, 0.97224, 3.62423e-07, 253.667
8191, 0.27543, 0.265589, 0.0324269, 0, 3.50088e-10, 2.33602e-09, 0, 0, 0.298016, 9.97627e-08, 2.1343e-08, 1.28942, 0.972236, 3.6225e-07, 251.321
8192, 0.338895, 0.236316, 0.0296599, 0, 5.03726e-10, 3.34756e-09, 0, 0, 0.265976, 1.22695e-07, 3.17284e-08, 1.08207, 0.972232, 3.62077e-07, 247.291
8193, 0.367815, 0.225332, 0.0282813, 0, 5.79001e-10, 3.8556e-09, 0, 0, 0.253613, 1.33113e-07, 3.6821e-08, 1.00018, 0.972228, 3.61903e-07, 245.637
8194, 0.347427, 0.234727, 0.0291962, 0, 5.19459e-10, 3.48227e-09, 0, 0, 0.263924, 1.25681e-07, 3.27828e-08, 1.0572, 0.972224, 3.6173e-07, 247.004
8195, 0.32588, 0.241446, 0.0302198, 0, 4.54754e-10, 3.05775e-09, 0, 0, 0.271666, 1.17825e-07, 2.85711e-08, 1.12122, 0.97222, 3.61555e-07, 248.003
8196, 0.342484, 0.232091, 0.0294483, 0, 5.00498e-10, 3.34868e-09, 0, 0, 0.261539, 1.23762e-07, 3.19883e-08, 1.07153, 0.972216, 3.61382e-07, 246.671
8197, 0.367638, 0.221869, 0.0282893, 0, 5.74854e-10, 3.83199e-09, 0, 0, 0.250158, 1.32793e-07, 3.71645e-08, 1.00066, 0.972212, 3.6121e-07, 245.131
8198, 0.352014, 0.228517, 0.0291042, 0, 5.40344e-10, 3.60034e-09, 0, 0, 0.257621, 1.27097e-07, 3.4766e-08, 1.04408, 0.972208, 3.61036e-07, 246.132
8199, 0.323833, 0.24009, 0.0305189, 0, 4.68828e-10, 3.12529e-09, 0, 0, 0.270609, 1.16861e-07, 2.97193e-08, 1.12753, 0.972204, 3.60863e-07, 247.831
8200, 0.33609, 0.236752, 0.0299812, 0, 4.95592e-10, 3.30466e-09, 0, 0, 0.266733, 1.21219e-07, 3.11448e-08, 1.09038, 0.9722, 3.6069e-07, 247.319
8201, 0.354437, 0.232304, 0.0291144, 0, 5.36779e-10, 3.58474e-09, 0, 0, 0.261418, 1.2778e-07, 3.3435e-08, 1.03722, 0.972196, 3.60516e-07, 246.611
8202, 0.336677, 0.243574, 0.0298872, 0, 4.87212e-10, 3.27146e-09, 0, 0, 0.273461, 1.21326e-07, 2.96382e-08, 1.08863, 0.972192, 3.60343e-07, 248.172
8203, 0.289377, 0.269092, 0.0315925, 0, 3.76782e-10, 2.5537e-09, 0, 0, 0.300685, 1.04238e-07, 2.20527e-08, 1.24002, 0.972188, 3.60172e-07, 251.537
8204, 0.214372, 0.312491, 0.0326816, 0, 2.41737e-10, 1.65721e-09, 0, 0, 0.345172, 7.71921e-08, 1.34915e-08, 1.54004, 0.972184, 3.60001e-07, 256.602
8205, 0.11959, 0.374512, 0.030739, 0, 1.1196e-10, 7.7833e-10, 0, 0, 0.405251, 4.30505e-08, 5.90224e-09, 2.12368, 0.97218, 3.59829e-07, 262.755
8206, 0.0483881, 0.427974, 0.0260905, 0, 3.53842e-11, 2.50446e-10, 0, 0, 0.454064, 1.74119e-08, 1.72978e-09, 3.0285, 0.972176, 3.59655e-07, 267.297
8207, 0.0390028, 0.435647, 0.0252589, 0, 2.64874e-11, 1.87685e-10, 0, 0, 0.460906, 1.40158e-08, 1.24861e-09, 3.24412, 0.972172, 3.59482e-07, 267.899
8208, 0.0952989, 0.391814, 0.0297475, 0, 8.35076e-11, 5.7965e-10, 0, 0, 0.421561, 3.42256e-08, 4.24686e-09, 2.35074, 0.972168, 3.5931e-07, 264.292
8209, 0.186774, 0.32868, 0.0329509, 0, 1.99086e-10, 1.36018e-09, 0, 0, 0.361631, 6.70595e-08, 1.07808e-08, 1.67785, 0.972164, 3.59139e-07, 258.319
8210, 0.267691, 0.279009, 0.0326173, 0, 3.33774e-10, 2.24581e-09, 0, 0, 0.311626, 9.60789e-08, 1.90194e-08, 1.31792, 0.97216, 3.58968e-07, 252.772
8211, 0.319145, 0.249651, 0.0311261, 0, 4.45738e-10, 2.95548e-09, 0, 0, 0.280777, 1.145e-07, 2.62628e-08, 1.14211, 0.972156, 3.58796e-07, 249.022
8212, 0.344983, 0.234593, 0.0300789, 0, 5.12739e-10, 3.35766e-09, 0, 0, 0.264671, 1.23715e-07, 3.07167e-08, 1.06426, 0.972152, 3.58624e-07, 246.942
8213, 0.364665, 0.224418, 0.0291529, 0, 5.73407e-10, 3.72004e-09, 0, 0, 0.25357, 1.3071e-07, 3.47548e-08, 1.00878, 0.972148, 3.58452e-07, 245.452
8214, 0.391589, 0.21315, 0.0278211, 0, 6.63513e-10, 4.27916e-09, 0, 0, 0.240971, 1.40293e-07, 4.06794e-08, 0.937543, 0.972144, 3.5828e-07, 243.704
8215, 0.413877, 0.204117, 0.0266999, 0, 7.42219e-10, 4.76622e-09, 0, 0, 0.230817, 1.48209e-07, 4.58288e-08, 0.882187, 0.97214, 3.58108e-07, 242.244
8216, 0.425398, 0.199223, 0.0261226, 0, 7.85825e-10, 5.02869e-09, 0, 0, 0.225346, 1.52264e-07, 4.86535e-08, 0.854729, 0.972136, 3.57935e-07, 241.435
8217, 0.428535, 0.197577, 0.0259895, 0, 7.99097e-10, 5.10267e-09, 0, 0, 0.223567, 1.53313e-07, 4.94803e-08, 0.847383, 0.972132, 3.57761e-07, 241.162
8218, 0.422981, 0.199226, 0.0263271, 0, 7.79339e-10, 4.97572e-09, 0, 0, 0.225553, 1.51255e-07, 4.81708e-08, 0.860428, 0.972128, 3.57589e-07, 241.447
8219, 0.411596, 0.203127, 0.0269834, 0, 7.37552e-10, 4.71555e-09, 0, 0, 0.23011, 1.47115e-07, 4.5442e-08, 0.887713, 0.972124, 3.5742e-07, 242.105
8220, 0.399822, 0.207434, 0.0276645, 0, 6.96444e-10, 4.45859e-09, 0, 0, 0.235099, 1.4284e-07, 4.27345e-08, 0.916735, 0.97212, 3.57251e-07, 242.816
8221, 0.378012, 0.215537, 0.0288593, 0, 6.25111e-10, 4.00779e-09, 0, 0, 0.244396, 1.34986e-07, 3.80719e-08, 0.97283, 0.972116, 3.5708e-07, 244.12
8222, 0.353796, 0.22443, 0.0301499, 0, 5.49938e-10, 3.52968e-09, 0, 0, 0.254579, 1.26276e-07, 3.31684e-08, 1.03904, 0.972112, 3.5691e-07, 245.508
8223, 0.361468, 0.221611, 0.0297604, 0, 5.806e-10, 3.7114e-09, 0, 0, 0.251371, 1.28945e-07, 3.49615e-08, 1.01758, 0.972108, 3.56739e-07, 245.063
8224, 0.391272, 0.211107, 0.0282431, 0, 6.80472e-10, 4.32137e-09, 0, 0, 0.23935, 1.3951e-07, 4.09958e-08, 0.938353, 0.972104, 3.56568e-07, 243.385
8225, 0.401502, 0.208972, 0.0278124, 0, 7.14319e-10, 4.52365e-09, 0, 0, 0.236784, 1.43095e-07, 4.27044e-08, 0.912543, 0.9721, 3.56398e-07, 243.012
8226, 0.386822, 0.216989, 0.0287429, 0, 6.64199e-10, 4.21304e-09, 0, 0, 0.245732, 1.378e-07, 3.9081e-08, 0.949791, 0.972096, 3.56227e-07, 244.26
8227, 0.37452, 0.223171, 0.029502, 0, 6.23399e-10, 3.96099e-09, 0, 0, 0.252673, 1.33351e-07, 3.62249e-08, 0.98211, 0.972092, 3.56056e-07, 245.204
8228, 0.378511, 0.221638, 0.0292782, 0, 6.41539e-10, 4.06712e-09, 0, 0, 0.250916, 1.34705e-07, 3.72557e-08, 0.971509, 0.972088, 3.55885e-07, 244.956
8229, 0.371758, 0.225459, 0.0295591, 0, 6.29996e-10, 3.98754e-09, 0, 0, 0.255018, 1.32244e-07, 3.63868e-08, 0.989512, 0.972084, 3.55713e-07, 245.504
8230, 0.339961, 0.241264, 0.0311758, 0, 5.41056e-10, 3.43081e-09, 0, 0, 0.27244, 1.20877e-07, 3.05968e-08, 1.07892, 0.97208, 3.55544e-07, 247.793
8231, 0.330085, 0.246116, 0.0317128, 0, 5.15796e-10, 3.26547e-09, 0, 0, 0.277829, 1.173e-07, 2.88616e-08, 1.1084, 0.972076, 3.55374e-07, 248.474
8232, 0.366068, 0.228376, 0.0299095, 0, 6.27142e-10, 3.93972e-09, 0, 0, 0.258286, 1.30019e-07, 3.58125e-08, 1.00494, 0.972072, 3.55203e-07, 245.917
8233, 0.404214, 0.209535, 0.0279705, 0, 7.48804e-10, 4.67287e-09, 0, 0, 0.237505, 1.43503e-07, 4.34752e-08, 0.90581, 0.972068, 3.5503e-07, 243.042
8234, 0.420374, 0.201558, 0.0271619, 0, 8.05181e-10, 5.00416e-09, 0, 0, 0.22872, 1.49172e-07, 4.69625e-08, 0.86661, 0.972064, 3.5486e-07, 241.766
8235, 0.423934, 0.199816, 0.0270246, 0, 8.2073e-10, 5.08827e-09, 0, 0, 0.226841, 1.50366e-07, 4.7787e-08, 0.858177, 0.97206, 3.54691e-07, 241.482
8236, 0.422724, 0.200355, 0.0271509, 0, 8.18789e-10, 5.06839e-09, 0, 0, 0.227506, 1.49866e-07, 4.74626e-08, 0.861036, 0.972056, 3.54523e-07, 241.571
8237, 0.418877, 0.202153, 0.027423, 0, 8.06648e-10, 4.98847e-09, 0, 0, 0.229576, 1.48432e-07, 4.64633e-08, 0.870177, 0.972052, 3.54354e-07, 241.864
8238, 0.413508, 0.204753, 0.0277797, 0, 7.88927e-10, 4.8765e-09, 0, 0, 0.232533, 1.46459e-07, 4.5096e-08, 0.883078, 0.972048, 3.54184e-07, 242.284
8239, 0.406424, 0.208191, 0.0282317, 0, 7.64926e-10, 4.72868e-09, 0, 0, 0.236423, 1.43881e-07, 4.33456e-08, 0.900359, 0.972044, 3.54014e-07, 242.834
8240, 0.396811, 0.212923, 0.028819, 0, 7.32115e-10, 4.53107e-09, 0, 0, 0.241742, 1.40413e-07, 4.10624e-08, 0.924294, 0.97204, 3.53847e-07, 243.578
8241, 0.382763, 0.220107, 0.0296263, 0, 6.85779e-10, 4.25671e-09, 0, 0, 0.249734, 1.35379e-07, 3.79631e-08, 0.96034, 0.972036, 3.53679e-07, 244.678
8242, 0.357824, 0.232958, 0.0309428, 0, 6.08023e-10, 3.79777e-09, 0, 0, 0.263901, 1.26501e-07, 3.3028e-08, 1.02771, 0.972032, 3.5351e-07, 246.575
8243, 0.317701, 0.253633, 0.0329216, 0, 4.89746e-10, 3.09459e-09, 0, 0, 0.286554, 1.12266e-07, 2.57904e-08, 1.14664, 0.972028, 3.5334e-07, 249.465
8244, 0.273087, 0.277027, 0.0349187, 0, 3.68406e-10, 2.36452e-09, 0, 0, 0.311946, 9.64545e-08, 1.85226e-08, 1.29797, 0.972024, 3.53169e-07, 252.518
8245, 0.226673, 0.302917, 0.036303, 0, 2.67482e-10, 1.74206e-09, 0, 0, 0.33922, 8.00263e-08, 1.27849e-08, 1.48425, 0.97202, 3.53001e-07, 255.607
8246, 0.161931, 0.342854, 0.0363901, 0, 1.63535e-10, 1.08146e-09, 0, 0, 0.379244, 5.71493e-08, 7.41157e-09, 1.82059, 0.972016, 3.52835e-07, 259.839
8247, 0.0862975, 0.397197, 0.0326597, 0, 7.05082e-11, 4.75813e-10, 0, 0, 0.429857, 3.04481e-08, 2.98614e-09, 2.44995, 0.972012, 3.52668e-07, 264.764
8248, 0.0307717, 0.44766, 0.0244575, 0, 1.92941e-11, 1.33535e-10, 0, 0, 0.472117, 1.08545e-08, 7.49905e-10, 3.48116, 0.972008, 3.525e-07, 268.574
8249, 0.00893829, 0.472387, 0.0186124, 0, 3.80365e-12, 2.70919e-11, 0, 0, 0.491, 3.15061e-09, 1.31141e-10, 4.71741, 0.972004, 3.52332e-07, 270.195
8250, 0.0145515, 0.461827, 0.0221512, 0, 6.11502e-12, 4.2652e-11, 0, 0, 0.483979, 5.12089e-09, 2.09647e-10, 4.23006, 0.972, 3.52164e-07, 269.587
8251, 0.046418, 0.424136, 0.031072, 0, 2.66445e-11, 1.81484e-10, 0, 0, 0.455208, 1.63301e-08, 9.84628e-10, 3.07007, 0.971996, 3.51995e-07, 267.053
8252, 0.0973825, 0.380198, 0.0372216, 0, 6.88359e-11, 4.61541e-10, 0, 0, 0.41742, 3.42518e-08, 2.65242e-09, 2.32911, 0.971992, 3.51826e-07, 263.552
8253, 0.131542, 0.356076, 0.0389765, 0, 1.0224e-10, 6.78585e-10, 0, 0, 0.395052, 4.62559e-08, 3.99499e-09, 2.02843, 0.971988, 3.51659e-07, 261.371
8254, 0.115034, 0.36883, 0.0380591, 0, 8.80506e-11, 5.81812e-10, 0, 0, 0.406889, 4.04413e-08, 3.40007e-09, 2.16253, 0.971984, 3.51492e-07, 262.524
8255, 0.0678534, 0.4043, 0.035282, 0, 4.68535e-11, 3.09306e-10, 0, 0, 0.439582, 2.38468e-08, 1.75378e-09, 2.69041, 0.97198, 3.51325e-07, 265.603
8256, 0.0522534, 0.417337, 0.0337641, 0, 3.8534e-11, 2.48509e-10, 0, 0, 0.451101, 1.83458e-08, 1.50263e-09, 2.95165, 0.971976, 3.51157e-07, 266.645
8257, 0.102713, 0.381803, 0.0355899, 0, 1.01098e-10, 6.35031e-10, 0, 0, 0.417393, 3.60361e-08, 4.31466e-09, 2.27581, 0.971972, 3.50989e-07, 263.511
8258, 0.187054, 0.324516, 0.037198, 0, 2.18623e-10, 1.35274e-09, 0, 0, 0.361714, 6.56065e-08, 9.84906e-09, 1.67636, 0.971968, 3.50821e-07, 257.925
8259, 0.2544, 0.281158, 0.0367018, 0, 3.38888e-10, 2.06647e-09, 0, 0, 0.31786, 8.91955e-08, 1.59914e-08, 1.36885, 0.971964, 3.50653e-07, 253.079
8260, 0.302954, 0.253874, 0.0349809, 0, 4.65859e-10, 2.80271e-09, 0, 0, 0.288855, 1.06172e-07, 2.29056e-08, 1.19417, 0.97196, 3.50486e-07, 249.604
8261, 0.347357, 0.233247, 0.0328109, 0, 6.09525e-10, 3.63347e-09, 0, 0, 0.266058, 1.21678e-07, 3.07552e-08, 1.0574, 0.971956, 3.50318e-07, 246.692
8262, 0.374522, 0.221155, 0.0314421, 0, 7.02708e-10, 4.16593e-09, 0, 0, 0.252598, 1.31137e-07, 3.58191e-08, 0.982104, 0.971952, 3.50151e-07, 244.884
8263, 0.377235, 0.21876, 0.0313795, 0, 7.10444e-10, 4.20112e-09, 0, 0, 0.25014, 1.32028e-07, 3.62759e-08, 0.974886, 0.971948, 3.49986e-07, 244.539
8264, 0.372172, 0.219279, 0.0317125, 0, 6.90329e-10, 4.07675e-09, 0, 0, 0.250992, 1.30193e-07, 3.52625e-08, 0.988399, 0.971944, 3.4982e-07, 244.647
8265, 0.378594, 0.215921, 0.0313805, 0, 7.16471e-10, 4.21606e-09, 0, 0, 0.247302, 1.32374e-07, 3.66669e-08, 0.971291, 0.97194, 3.49654e-07, 244.13
8266, 0.393554, 0.209989, 0.0305705, 0, 7.7941e-10, 4.56147e-09, 0, 0, 0.240559, 1.37539e-07, 3.99335e-08, 0.932537, 0.971936, 3.49487e-07, 243.179
8267, 0.406352, 0.205063, 0.0298797, 0, 8.36429e-10, 4.87018e-09, 0, 0, 0.234943, 1.41945e-07, 4.28304e-08, 0.900536, 0.971932, 3.4932e-07, 242.371
8268, 0.411207, 0.20346, 0.0296618, 0, 8.61027e-10, 4.99558e-09, 0, 0, 0.233122, 1.43574e-07, 4.39015e-08, 0.888658, 0.971928, 3.49153e-07, 242.1
8269, 0.408858, 0.20481, 0.0298803, 0, 8.54375e-10, 4.94608e-09, 0, 0, 0.234691, 1.42687e-07, 4.32391e-08, 0.894386, 0.971924, 3.48987e-07, 242.317
8270, 0.408156, 0.205107, 0.0299812, 0, 8.5449e-10, 4.93387e-09, 0, 0, 0.235088, 1.42373e-07, 4.30225e-08, 0.896105, 0.97192, 3.48822e-07, 242.365
8271, 0.406402, 0.20594, 0.0301575, 0, 8.51298e-10, 4.90257e-09, 0, 0, 0.236097, 1.41696e-07, 4.2655e-08, 0.900412, 0.971916, 3.48656e-07, 242.501
8272, 0.393559, 0.211984, 0.0310491, 0, 8.02402e-10, 4.61705e-09, 0, 0, 0.243033, 1.37154e-07, 3.97565e-08, 0.932524, 0.971912, 3.48489e-07, 243.474
8273, 0.384762, 0.215944, 0.0316704, 0, 7.69384e-10, 4.42133e-09, 0, 0, 0.247615, 1.34021e-07, 3.77657e-08, 0.955129, 0.971908, 3.48323e-07, 244.103
8274, 0.397792, 0.209543, 0.0308834, 0, 8.25625e-10, 4.72232e-09, 0, 0, 0.240427, 1.3849e-07, 4.07186e-08, 0.921825, 0.971904, 3.48157e-07, 243.09
8275, 0.41717, 0.200149, 0.0296862, 0, 9.09179e-10, 5.17328e-09, 0, 0, 0.229835, 1.45169e-07, 4.51994e-08, 0.874262, 0.9719, 3.47992e-07, 241.56
8276, 0.427914, 0.194865, 0.0290441, 0, 9.58356e-10, 5.43242e-09, 0, 0, 0.223909, 1.48838e-07, 4.77912e-08, 0.848834, 0.971896, 3.47827e-07, 240.679
8277, 0.430794, 0.193226, 0.0289091, 0, 9.74167e-10, 5.5089e-09, 0, 0, 0.222135, 1.49771e-07, 4.85477e-08, 0.842124, 0.971892, 3.47661e-07, 240.405
8278, 0.426368, 0.194513, 0.0292343, 0, 9.56206e-10, 5.40161e-09, 0, 0, 0.223748, 1.48162e-07, 4.75018e-08, 0.852452, 0.971888, 3.47496e-07, 240.637
8279, 0.419906, 0.196635, 0.0296853, 0, 9.28513e-10, 5.24014e-09, 0, 0, 0.22632, 1.45846e-07, 4.59101e-08, 0.867725, 0.971884, 3.4733e-07, 241.009
8280, 0.422112, 0.195868, 0.0296052, 0, 9.42003e-10, 5.30438e-09, 0, 0, 0.225473, 1.46541e-07, 4.64101e-08, 0.862484, 0.97188, 3.47163e-07, 240.875
8281, 0.427714, 0.194169, 0.0293246, 0, 9.72082e-10, 5.45978e-09, 0, 0, 0.223493, 1.48414e-07, 4.77209e-08, 0.849301, 0.971876, 3.46996e-07, 240.572
8282, 0.42652, 0.195213, 0.0294795, 0, 9.70184e-10, 5.4414e-09, 0, 0, 0.224692, 1.4793e-07, 4.73308e-08, 0.852095, 0.971872, 3.46829e-07, 240.741
8283, 0.423828, 0.196657, 0.029724, 0, 9.61145e-10, 5.38378e-09, 0, 0, 0.226381, 1.46926e-07, 4.65975e-08, 0.858428, 0.971868, 3.46665e-07, 240.982
8284, 0.427166, 0.195092, 0.0295526, 0, 9.80383e-10, 5.4752e-09, 0, 0, 0.224644, 1.48013e-07, 4.74237e-08, 0.850583, 0.971864, 3.46502e-07, 240.716
8285, 0.432119, 0.192566, 0.0292613, 0, 1.00678e-09, 5.60393e-09, 0, 0, 0.221828, 1.49658e-07, 4.86679e-08, 0.839055, 0.97186, 3.46337e-07, 240.287
8286, 0.432434, 0.192303, 0.0292919, 0, 1.01135e-09, 5.61744e-09, 0, 0, 0.221595, 1.49698e-07, 4.87283e-08, 0.838325, 0.971856, 3.46173e-07, 240.244
8287, 0.424473, 0.196114, 0.0298865, 0, 9.78549e-10, 5.43131e-09, 0, 0, 0.226, 1.46875e-07, 4.67657e-08, 0.856906, 0.971852, 3.4601e-07, 240.89
8288, 0.403203, 0.20625, 0.0313494, 0, 8.88195e-10, 4.93648e-09, 0, 0, 0.2376, 1.39451e-07, 4.17911e-08, 0.908314, 0.971848, 3.45845e-07, 242.565
8289, 0.373463, 0.220551, 0.0333192, 0, 7.65839e-10, 4.27142e-09, 0, 0, 0.25387, 1.29105e-07, 3.52233e-08, 0.984935, 0.971844, 3.4568e-07, 244.82
8290, 0.345112, 0.234651, 0.03505, 0, 6.63301e-10, 3.71251e-09, 0, 0, 0.269701, 1.19247e-07, 2.98407e-08, 1.06389, 0.97184, 3.45516e-07, 246.916
8291, 0.318263, 0.24827, 0.0365624, 0, 5.80779e-10, 3.25689e-09, 0, 0, 0.284832, 1.09917e-07, 2.56869e-08, 1.14488, 0.971836, 3.45353e-07, 248.839
8292, 0.322011, 0.246542, 0.036326, 0, 6.05371e-10, 3.38061e-09, 0, 0, 0.282868, 1.11149e-07, 2.69133e-08, 1.13317, 0.971832, 3.4519e-07, 248.584
8293, 0.367595, 0.223843, 0.0336664, 0, 7.76042e-10, 4.29202e-09, 0, 0, 0.25751, 1.2682e-07, 3.53735e-08, 1.00077, 0.971828, 3.45027e-07, 245.277
8294, 0.40812, 0.203372, 0.0312595, 0, 9.31895e-10, 5.11549e-09, 0, 0, 0.234632, 1.4074e-07, 4.31256e-08, 0.896194, 0.971824, 3.44863e-07, 242.087
8295, 0.424276, 0.195035, 0.030289, 0, 1.00001e-09, 5.46538e-09, 0, 0, 0.225324, 1.46246e-07, 4.64772e-08, 0.857371, 0.97182, 3.44698e-07, 240.719
8296, 0.428499, 0.193075, 0.030079, 0, 1.02244e-09, 5.57434e-09, 0, 0, 0.223154, 1.47632e-07, 4.74474e-08, 0.847467, 0.971816, 3.44534e-07, 240.387
8297, 0.426926, 0.194122, 0.0302789, 0, 1.0185e-09, 5.54572e-09, 0, 0, 0.224401, 1.47021e-07, 4.70202e-08, 0.851144, 0.971812, 3.4437e-07, 240.564
8298, 0.423706, 0.195761, 0.0305822, 0, 1.00605e-09, 5.47217e-09, 0, 0, 0.226344, 1.45843e-07, 4.61767e-08, 0.858714, 0.971808, 3.44206e-07, 240.843
8299, 0.425081, 0.194871, 0.0305269, 0, 1.01563e-09, 5.51071e-09, 0, 0, 0.225398, 1.46246e-07, 4.64993e-08, 0.855476, 0.971804, 3.44043e-07, 240.694
8300, 0.429051, 0.192493, 0.03027, 0, 1.03754e-09, 5.61057e-09, 0, 0, 0.222763, 1.47542e-07, 4.74733e-08, 0.846181, 0.9718, 3.43881e-07, 240.293
8301, 0.43174, 0.190903, 0.0301228, 0, 1.05371e-09, 5.6815e-09, 0, 0, 0.221025, 1.48396e-07, 4.81348e-08, 0.839932, 0.971796, 3.43718e-07, 240.024
8302, 0.434094, 0.189898, 0.0300259, 0, 1.06948e-09, 5.75349e-09, 0, 0, 0.219924, 1.49135e-07, 4.87334e-08, 0.834493, 0.971792, 3.43555e-07, 239.849
8303, 0.434924, 0.189576, 0.0300336, 0, 1.07746e-09, 5.78711e-09, 0, 0, 0.219609, 1.4935e-07, 4.89543e-08, 0.832585, 0.971788, 3.43392e-07, 239.793
8304, 0.431933, 0.190605, 0.0302921, 0, 1.06494e-09, 5.71512e-09, 0, 0, 0.220897, 1.48253e-07, 4.82069e-08, 0.839484, 0.971784, 3.43229e-07, 239.978
8305, 0.426624, 0.19249, 0.0307084, 0, 1.03993e-09, 5.57667e-09, 0, 0, 0.223199, 1.46361e-07, 4.68484e-08, 0.851852, 0.97178, 3.43067e-07, 240.314
8306, 0.423631, 0.193554, 0.0309683, 0, 1.02699e-09, 5.49634e-09, 0, 0, 0.224522, 1.45265e-07, 4.60163e-08, 0.858892, 0.971776, 3.42904e-07, 240.502
8307, 0.422369, 0.193939, 0.0311018, 0, 1.02318e-09, 5.45977e-09, 0, 0, 0.225041, 1.44763e-07, 4.55895e-08, 0.861875, 0.971772, 3.42741e-07, 240.57
8308, 0.419987, 0.19469, 0.0313031, 0, 1.01367e-09, 5.39702e-09, 0, 0, 0.225993, 1.43879e-07, 4.49316e-08, 0.867531, 0.971768, 3.42578e-07, 240.703
8309, 0.418405, 0.195213, 0.0314622, 0, 1.00865e-09, 5.3635e-09, 0, 0, 0.226675, 1.43269e-07, 4.45349e-08, 0.871306, 0.971764, 3.42416e-07, 240.795
8310, 0.419087, 0.195018, 0.0314849, 0, 1.01578e-09, 5.39748e-09, 0, 0, 0.226503, 1.43434e-07, 4.47438e-08, 0.869677, 0.97176, 3.42255e-07, 240.76
8311, 0.420529, 0.194607, 0.0314644, 0, 1.02695e-09, 5.45354e-09, 0, 0, 0.226071, 1.4386e-07, 4.51531e-08, 0.866242, 0.971756, 3.42093e-07, 240.688
8312, 0.420848, 0.194486, 0.0315106, 0, 1.0318e-09, 5.47263e-09, 0, 0, 0.225996, 1.43901e-07, 4.52454e-08, 0.865484, 0.971752, 3.4193e-07, 240.668
8313, 0.420125, 0.194618, 0.0316145, 0, 1.03097e-09, 5.45856e-09, 0, 0, 0.226233, 1.43585e-07, 4.5047e-08, 0.867204, 0.971748, 3.41767e-07, 240.694
8314, 0.418916, 0.19502, 0.0317565, 0, 1.02808e-09, 5.4346e-09, 0, 0, 0.226777, 1.43105e-07, 4.47459e-08, 0.870085, 0.971744, 3.41606e-07, 240.765
8315, 0.416542, 0.195901, 0.0319751, 0, 1.01981e-09, 5.38395e-09, 0, 0, 0.227876, 1.42227e-07, 4.42089e-08, 0.875767, 0.97174, 3.41445e-07, 240.919
8316, 0.413165, 0.197093, 0.0322546, 0, 1.00635e-09, 5.30316e-09, 0, 0, 0.229348, 1.41007e-07, 4.34149e-08, 0.883909, 0.971736, 3.41284e-07, 241.126
8317, 0.414983, 0.196407, 0.0321869, 0, 1.01935e-09, 5.35609e-09, 0, 0, 0.228594, 1.41559e-07, 4.37929e-08, 0.879519, 0.971732, 3.41122e-07, 241.006
8318, 0.420966, 0.194106, 0.0318255, 0, 1.05351e-09, 5.51894e-09, 0, 0, 0.225931, 1.43532e-07, 4.51485e-08, 0.865202, 0.971728, 3.4096e-07, 240.605
8319, 0.423576, 0.193006, 0.0316894, 0, 1.07011e-09, 5.59153e-09, 0, 0, 0.224695, 1.44354e-07, 4.57115e-08, 0.859023, 0.971724, 3.40798e-07, 240.413
8320, 0.422341, 0.193559, 0.0318348, 0, 1.06752e-09, 5.57027e-09, 0, 0, 0.225394, 1.43866e-07, 4.54179e-08, 0.861941, 0.97172, 3.40637e-07, 240.508
8321, 0.416464, 0.196018, 0.032304, 0, 1.04112e-09, 5.4372e-09, 0, 0, 0.228323, 1.41797e-07, 4.41152e-08, 0.875955, 0.971716, 3.40476e-07, 240.931
8322, 0.410935, 0.198461, 0.0327556, 0, 1.01627e-09, 5.31332e-09, 0, 0, 0.231217, 1.39848e-07, 4.2867e-08, 0.88932, 0.971712, 3.40314e-07, 241.346
8323, 0.411777, 0.198397, 0.0327707, 0, 1.02409e-09, 5.34676e-09, 0, 0, 0.231168, 1.40067e-07, 4.3017e-08, 0.887272, 0.971708, 3.40153e-07, 241.33
8324, 0.410534, 0.198547, 0.0329011, 0, 1.02038e-09, 5.31265e-09, 0, 0, 0.231449, 1.39579e-07, 4.26798e-08, 0.890296, 0.971704, 3.39992e-07, 241.362
8325, 0.403791, 0.200522, 0.0333955, 0, 9.87644e-10, 5.12979e-09, 0, 0, 0.233917, 1.37222e-07, 4.10841e-08, 0.906857, 0.9717, 3.39832e-07, 241.711
8326, 0.404653, 0.200255, 0.0334035, 0, 9.95229e-10, 5.15553e-09, 0, 0, 0.233658, 1.37448e-07, 4.12043e-08, 0.904726, 0.971696, 3.39672e-07, 241.665
8327, 0.413713, 0.197293, 0.0328603, 0, 1.04664e-09, 5.40614e-09, 0, 0, 0.230154, 1.40458e-07, 4.322e-08, 0.882583, 0.971692, 3.39511e-07, 241.147
8328, 0.420148, 0.194983, 0.0324693, 0, 1.08451e-09, 5.58656e-09, 0, 0, 0.227452, 1.42576e-07, 4.46772e-08, 0.867148, 0.971688, 3.3935e-07, 240.742
8329, 0.422745, 0.193897, 0.032339, 0, 1.102e-09, 5.66211e-09, 0, 0, 0.226236, 1.4339e-07, 4.52629e-08, 0.860986, 0.971684, 3.39189e-07, 240.553
8330, 0.42163, 0.194209, 0.0324719, 0, 1.09892e-09, 5.63533e-09, 0, 0, 0.226681, 1.42944e-07, 4.49559e-08, 0.863628, 0.97168, 3.39026e-07, 240.61
8331, 0.417164, 0.195723, 0.0328248, 0, 1.07696e-09, 5.51622e-09, 0, 0, 0.228548, 1.41363e-07, 4.38439e-08, 0.874277, 0.971676, 3.38864e-07, 240.877
8332, 0.414205, 0.196911, 0.0330826, 0, 1.06396e-09, 5.44503e-09, 0, 0, 0.229994, 1.40293e-07, 4.31088e-08, 0.881393, 0.971672, 3.38704e-07, 241.08
8333, 0.413494, 0.19768, 0.0332177, 0, 1.0644e-09, 5.44523e-09, 0, 0, 0.230898, 1.39987e-07, 4.29386e-08, 0.883112, 0.971668, 3.38545e-07, 241.203
8334, 0.41016, 0.199559, 0.0335473, 0, 1.0506e-09, 5.37522e-09, 0, 0, 0.233107, 1.38793e-07, 4.21551e-08, 0.891209, 0.971664, 3.38386e-07, 241.515
8335, 0.403868, 0.202457, 0.0340675, 0, 1.02048e-09, 5.22007e-09, 0, 0, 0.236525, 1.366e-07, 4.06569e-08, 0.906668, 0.97166, 3.38227e-07, 241.999
8336, 0.397585, 0.20517, 0.0345551, 0, 9.90457e-10, 5.06292e-09, 0, 0, 0.239725, 1.34412e-07, 3.91648e-08, 0.922348, 0.971656, 3.38068e-07, 242.447
8337, 0.391669, 0.207659, 0.0349916, 0, 9.62944e-10, 4.91991e-09, 0, 0, 0.242651, 1.32349e-07, 3.78062e-08, 0.937339, 0.971652, 3.37908e-07, 242.852
8338, 0.385311, 0.210824, 0.0354772, 0, 9.34819e-10, 4.77925e-09, 0, 0, 0.246301, 1.30139e-07, 3.6412e-08, 0.953704, 0.971648, 3.37748e-07, 243.354
8339, 0.376544, 0.21585, 0.0361575, 0, 8.97407e-10, 4.59805e-09, 0, 0, 0.252008, 1.27119e-07, 3.45874e-08, 0.97672, 0.971644, 3.37588e-07, 244.133
8340, 0.360929, 0.224213, 0.0372672, 0, 8.29424e-10, 4.26752e-09, 0, 0, 0.261481, 1.21792e-07, 3.1497e-08, 1.01908, 0.97164, 3.37429e-07, 245.405
8341, 0.336056, 0.237459, 0.0388417, 0, 7.28562e-10, 3.77178e-09, 0, 0, 0.2763, 1.13348e-07, 2.70892e-08, 1.09048, 0.971636, 3.37271e-07, 247.335
8342, 0.292216, 0.261405, 0.0410861, 0, 5.76662e-10, 3.01219e-09, 0, 0, 0.302491, 9.85202e-08, 2.0792e-08, 1.23026, 0.971632, 3.37112e-07, 250.577
8343, 0.219074, 0.303814, 0.0432875, 0, 3.6909e-10, 1.95394e-09, 0, 0, 0.347102, 7.38337e-08, 1.27178e-08, 1.51834, 0.971628, 3.36952e-07, 255.674
8344, 0.128666, 0.364191, 0.0420617, 0, 1.72767e-10, 9.31749e-10, 0, 0, 0.406253, 4.33502e-08, 5.58416e-09, 2.05054, 0.971624, 3.36793e-07, 261.765
8345, 0.0545775, 0.424516, 0.0354915, 0, 5.55277e-11, 3.06525e-10, 0, 0, 0.460008, 1.83827e-08, 1.64982e-09, 2.90813, 0.97162, 3.36634e-07, 266.784
8346, 0.0265783, 0.451624, 0.0307829, 0, 2.17748e-11, 1.22621e-10, 0, 0, 0.482407, 8.94294e-09, 5.91442e-10, 3.62766, 0.971616, 3.36475e-07, 268.75
8347, 0.0548479, 0.42589, 0.0351054, 0, 5.91717e-11, 3.2471e-10, 0, 0, 0.460995, 1.8436e-08, 1.72316e-09, 2.90319, 0.971612, 3.36316e-07, 266.857
8348, 0.129548, 0.365438, 0.0419278, 0, 1.7832e-10, 9.55096e-10, 0, 0, 0.407366, 4.35324e-08, 5.57565e-09, 2.0437, 0.971608, 3.36157e-07, 261.844
8349, 0.216545, 0.305563, 0.0437883, 0, 3.62538e-10, 1.90105e-09, 0, 0, 0.349351, 7.2744e-08, 1.20242e-08, 1.52996, 0.971604, 3.35999e-07, 255.871
8350, 0.284762, 0.264049, 0.0420828, 0, 5.56746e-10, 2.86846e-09, 0, 0, 0.306132, 9.56244e-08, 1.93366e-08, 1.2561, 0.9716, 3.35841e-07, 250.947
8351, 0.330694, 0.238706, 0.0398059, 0, 7.27017e-10, 3.69592e-09, 0, 0, 0.278512, 1.11001e-07, 2.60312e-08, 1.10656, 0.971596, 3.35683e-07, 247.534
8352, 0.360891, 0.223329, 0.0380115, 0, 8.60428e-10, 4.3326e-09, 0, 0, 0.26134, 1.21084e-07, 3.13357e-08, 1.01918, 0.971592, 3.35525e-07, 245.284
8353, 0.379571, 0.214112, 0.036845, 0, 9.52249e-10, 4.76167e-09, 0, 0, 0.250957, 1.27293e-07, 3.49763e-08, 0.968712, 0.971588, 3.35366e-07, 243.869
8354, 0.389958, 0.208762, 0.0361923, 0, 1.00694e-09, 5.00857e-09, 0, 0, 0.244954, 1.30716e-07, 3.71211e-08, 0.941717, 0.971584, 3.35208e-07, 243.028
8355, 0.393062, 0.206356, 0.0360133, 0, 1.02377e-09, 5.07327e-09, 0, 0, 0.242369, 1.31696e-07, 3.7766e-08, 0.933789, 0.97158, 3.35051e-07, 242.657
8356, 0.3908, 0.206134, 0.0361987, 0, 1.01146e-09, 5.00353e-09, 0, 0, 0.242333, 1.30877e-07, 3.72881e-08, 0.939559, 0.971576, 3.34893e-07, 242.643
8357, 0.389888, 0.206121, 0.0363246, 0, 1.00825e-09, 4.98513e-09, 0, 0, 0.242445, 1.30509e-07, 3.71279e-08, 0.941896, 0.971572, 3.34735e-07, 242.65
8358, 0.390593, 0.206483, 0.0363973, 0, 1.01628e-09, 5.02136e-09, 0, 0, 0.242881, 1.30684e-07, 3.72794e-08, 0.940089, 0.971568, 3.34578e-07, 242.703
8359, 0.386625, 0.209071, 0.0368282, 0, 9.99729e-10, 4.93576e-09, 0, 0, 0.2459, 1.29296e-07, 3.63866e-08, 0.950301, 0.971564, 3.3442e-07, 243.118
8360, 0.382744, 0.21088, 0.0371922, 0, 9.82379e-10, 4.84175e-09, 0, 0, 0.248072, 1.27937e-07, 3.55157e-08, 0.96039, 0.97156, 3.34262e-07, 243.411
8361, 0.386353, 0.208255, 0.0369101, 0, 1.00313e-09, 4.92516e-09, 0, 0, 0.245165, 1.29081e-07, 3.62677e-08, 0.951005, 0.971556, 3.34105e-07, 242.998
8362, 0.3925, 0.204192, 0.0364232, 0, 1.03703e-09, 5.06758e-09, 0, 0, 0.240615, 1.31073e-07, 3.75652e-08, 0.935218, 0.971552, 3.33948e-07, 242.349
8363, 0.399542, 0.200927, 0.0359496, 0, 1.07946e-09, 5.25257e-09, 0, 0, 0.236876, 1.33362e-07, 3.90764e-08, 0.917436, 0.971548, 3.3379e-07, 241.807
8364, 0.405703, 0.199114, 0.0355928, 0, 1.12009e-09, 5.44121e-09, 0, 0, 0.234707, 1.35355e-07, 4.04672e-08, 0.902135, 0.971544, 3.33632e-07, 241.486
8365, 0.405746, 0.19989, 0.0356685, 0, 1.12622e-09, 5.47519e-09, 0, 0, 0.235558, 1.35306e-07, 4.05553e-08, 0.902028, 0.97154, 3.33474e-07, 241.601
8366, 0.404552, 0.200522, 0.0358194, 0, 1.12349e-09, 5.45922e-09, 0, 0, 0.236342, 1.34844e-07, 4.03278e-08, 0.904975, 0.971536, 3.33317e-07, 241.705
8367, 0.403487, 0.199984, 0.0359373, 0, 1.11857e-09, 5.4207e-09, 0, 0, 0.235921, 1.34427e-07, 4.00847e-08, 0.907611, 0.971532, 3.33161e-07, 241.636
8368, 0.397213, 0.201064, 0.0364058, 0, 1.08258e-09, 5.23413e-09, 0, 0, 0.23747, 1.32275e-07, 3.86839e-08, 0.923284, 0.971528, 3.33005e-07, 241.849
8369, 0.39622, 0.200985, 0.0365262, 0, 1.07896e-09, 5.20028e-09, 0, 0, 0.237511, 1.3188e-07, 3.83889e-08, 0.925786, 0.971524, 3.32849e-07, 241.846
8370, 0.406211, 0.197583, 0.035893, 0, 1.14146e-09, 5.48182e-09, 0, 0, 0.233476, 1.35141e-07, 4.05266e-08, 0.900882, 0.97152, 3.32692e-07, 241.257
8371, 0.414799, 0.194563, 0.0353393, 0, 1.19621e-09, 5.7327e-09, 0, 0, 0.229902, 1.37935e-07, 4.24365e-08, 0.87996, 0.971516, 3.32536e-07, 240.727
8372, 0.41656, 0.193779, 0.0352577, 0, 1.20996e-09, 5.79027e-09, 0, 0, 0.229036, 1.38456e-07, 4.2828e-08, 0.875724, 0.971512, 3.32379e-07, 240.592
8373, 0.412475, 0.194945, 0.0355891, 0, 1.18795e-09, 5.67784e-09, 0, 0, 0.230535, 1.37035e-07, 4.18794e-08, 0.885579, 0.971508, 3.32223e-07, 240.803
8374, 0.403622, 0.197746, 0.0362669, 0, 1.13716e-09, 5.42865e-09, 0, 0, 0.234013, 1.34031e-07, 3.98604e-08, 0.907276, 0.971504, 3.32066e-07, 241.3
8375, 0.397627, 0.200046, 0.0367777, 0, 1.1049e-09, 5.26689e-09, 0, 0, 0.236824, 1.31977e-07, 3.84776e-08, 0.92224, 0.9715, 3.3191e-07, 241.696
8376, 0.396127, 0.202092, 0.0370039, 0, 1.10582e-09, 5.26796e-09, 0, 0, 0.239096, 1.31417e-07, 3.82583e-08, 0.92602, 0.971496, 3.31754e-07, 242.013
8377, 0.380657, 0.211352, 0.038213, 0, 1.04147e-09, 4.97318e-09, 0, 0, 0.249565, 1.26229e-07, 3.56375e-08, 0.965857, 0.971492, 3.31597e-07, 243.473
8378, 0.352049, 0.226236, 0.0403344, 0, 9.09265e-10, 4.36034e-09, 0, 0, 0.26657, 1.16687e-07, 3.05507e-08, 1.04399, 0.971488, 3.3144e-07, 245.759
8379, 0.348206, 0.227621, 0.0406848, 0, 8.8821e-10, 4.25515e-09, 0, 0, 0.268306, 1.15352e-07, 2.96352e-08, 1.05496, 0.971484, 3.31283e-07, 245.979
8380, 0.369507, 0.215177, 0.0392094, 0, 9.82837e-10, 4.67744e-09, 0, 0, 0.254386, 1.2235e-07, 3.31011e-08, 0.995584, 0.97148, 3.31127e-07, 244.109
8381, 0.383196, 0.206525, 0.0382553, 0, 1.04412e-09, 4.94727e-09, 0, 0, 0.24478, 1.26825e-07, 3.5394e-08, 0.959209, 0.971476, 3.30971e-07, 242.773
8382, 0.387024, 0.204519, 0.0380781, 0, 1.06448e-09, 5.03916e-09, 0, 0, 0.242597, 1.28034e-07, 3.60837e-08, 0.949267, 0.971472, 3.30816e-07, 242.458
8383, 0.385287, 0.20597, 0.0383664, 0, 1.05719e-09, 5.01039e-09, 0, 0, 0.244336, 1.274e-07, 3.5698e-08, 0.953766, 0.971468, 3.30662e-07, 242.694
8384, 0.385585, 0.206479, 0.0384678, 0, 1.06295e-09, 5.03425e-09, 0, 0, 0.244947, 1.27438e-07, 3.57331e-08, 0.952994, 0.971464, 3.30507e-07, 242.771
8385, 0.392945, 0.203458, 0.0379514, 0, 1.11066e-09, 5.23526e-09, 0, 0, 0.24141, 1.29808e-07, 3.72449e-08, 0.934085, 0.97146, 3.30351e-07, 242.265
8386, 0.395063, 0.201606, 0.0377637, 0, 1.12566e-09, 5.27996e-09, 0, 0, 0.239369, 1.30448e-07, 3.76453e-08, 0.928711, 0.971456, 3.30195e-07, 241.966
8387, 0.387797, 0.203237, 0.0382782, 0, 1.08357e-09, 5.07479e-09, 0, 0, 0.241515, 1.2799e-07, 3.61083e-08, 0.947274, 0.971452, 3.30041e-07, 242.262
8388, 0.38444, 0.204531, 0.0385973, 0, 1.0657e-09, 4.99603e-09, 0, 0, 0.243129, 1.26822e-07, 3.541e-08, 0.955967, 0.971448, 3.29888e-07, 242.482
8389, 0.388751, 0.203916, 0.0384213, 0, 1.09527e-09, 5.13653e-09, 0, 0, 0.242337, 1.28183e-07, 3.62949e-08, 0.944817, 0.971444, 3.29733e-07, 242.362
8390, 0.393879, 0.202794, 0.0381525, 0, 1.13131e-09, 5.2988e-09, 0, 0, 0.240947, 1.29813e-07, 3.73692e-08, 0.93171, 0.97144, 3.29578e-07, 242.156
8391, 0.391888, 0.204124, 0.0383905, 0, 1.12608e-09, 5.26658e-09, 0, 0, 0.242514, 1.29098e-07, 3.69947e-08, 0.93678, 0.971436, 3.29421e-07, 242.37
8392, 0.372969, 0.212185, 0.0398972, 0, 1.0238e-09, 4.79277e-09, 0, 0, 0.252082, 1.22811e-07, 3.32673e-08, 0.986259, 0.971432, 3.29265e-07, 243.693
8393, 0.342017, 0.225405, 0.04228, 0, 8.56928e-10, 4.02874e-09, 0, 0, 0.267685, 1.12567e-07, 2.734e-08, 1.0729, 0.971428, 3.29112e-07, 245.781
8394, 0.319834, 0.236198, 0.0440252, 0, 7.43395e-10, 3.51449e-09, 0, 0, 0.280224, 1.05215e-07, 2.32373e-08, 1.13995, 0.971424, 3.2896e-07, 247.395
8395, 0.319142, 0.238131, 0.044216, 0, 7.44897e-10, 3.52286e-09, 0, 0, 0.282347, 1.04934e-07, 2.30866e-08, 1.14212, 0.97142, 3.28806e-07, 247.656
8396, 0.338351, 0.229092, 0.0428436, 0, 8.45766e-10, 3.9735e-09, 0, 0, 0.271936, 1.11195e-07, 2.64969e-08, 1.08367, 0.971416, 3.28652e-07, 246.312
8397, 0.362539, 0.216487, 0.0410019, 0, 9.73582e-10, 4.53856e-09, 0, 0, 0.257489, 1.1909e-07, 3.09366e-08, 1.01462, 0.971412, 3.28497e-07, 244.388
8398, 0.373624, 0.210046, 0.0401366, 0, 1.03476e-09, 4.80181e-09, 0, 0, 0.250182, 1.22677e-07, 3.30561e-08, 0.984505, 0.971408, 3.28343e-07, 243.381
8399, 0.366631, 0.212004, 0.040681, 0, 9.95976e-10, 4.61906e-09, 0, 0, 0.252685, 1.20326e-07, 3.16936e-08, 1.0034, 0.971404, 3.28189e-07, 243.717
8400, 0.358836, 0.215826, 0.041411, 0, 9.53581e-10, 4.42151e-09, 0, 0, 0.257237, 1.17711e-07, 3.00547e-08, 1.02489, 0.9714, 3.28034e-07, 244.329
8401, 0.366421, 0.213971, 0.0409991, 0, 1.00206e-09, 4.63455e-09, 0, 0, 0.25497, 1.2014e-07, 3.14675e-08, 1.00397, 0.971396, 3.27881e-07, 244.012
8402, 0.382496, 0.207498, 0.0398122, 0, 1.10145e-09, 5.07371e-09, 0, 0, 0.247311, 1.25352e-07, 3.47225e-08, 0.961038, 0.971392, 3.27728e-07, 242.949
8403, 0.392957, 0.202749, 0.0390224, 0, 1.1678e-09, 5.35796e-09, 0, 0, 0.241771, 1.28722e-07, 3.68736e-08, 0.934056, 0.971388, 3.27574e-07, 242.163
8404, 0.391227, 0.20276, 0.0391788, 0, 1.16003e-09, 5.31037e-09, 0, 0, 0.241939, 1.28097e-07, 3.65243e-08, 0.938468, 0.971384, 3.27421e-07, 242.178
8405, 0.379347, 0.206223, 0.0400632, 0, 1.09004e-09, 4.98907e-09, 0, 0, 0.246286, 1.2415e-07, 3.41642e-08, 0.969303, 0.97138, 3.27267e-07, 242.781
8406, 0.372572, 0.208186, 0.0405851, 0, 1.05148e-09, 4.80682e-09, 0, 0, 0.248771, 1.21873e-07, 3.27905e-08, 0.987326, 0.971376, 3.27114e-07, 243.118
8407, 0.381174, 0.205707, 0.0400482, 0, 1.10774e-09, 5.0486e-09, 0, 0, 0.245756, 1.24626e-07, 3.44214e-08, 0.9645, 0.971372, 3.26959e-07, 242.69
8408, 0.390835, 0.20314, 0.0394599, 0, 1.17122e-09, 5.33123e-09, 0, 0, 0.2426, 1.27724e-07, 3.63233e-08, 0.93947, 0.971368, 3.26801e-07, 242.238
8409, 0.390705, 0.203747, 0.0395859, 0, 1.17351e-09, 5.34309e-09, 0, 0, 0.243333, 1.2762e-07, 3.62717e-08, 0.939803, 0.971364, 3.26639e-07, 242.333
8410, 0.382533, 0.206863, 0.0402824, 0, 1.12572e-09, 5.12601e-09, 0, 0, 0.247145, 1.24893e-07, 3.45905e-08, 0.960941, 0.97136, 3.26484e-07, 242.859
8411, 0.368764, 0.211491, 0.0413306, 0, 1.04599e-09, 4.75855e-09, 0, 0, 0.252822, 1.20344e-07, 3.18812e-08, 0.997599, 0.971356, 3.26339e-07, 243.635
8412, 0.358071, 0.215044, 0.0421238, 0, 9.86917e-10, 4.48618e-09, 0, 0, 0.257168, 1.16801e-07, 2.9856e-08, 1.02702, 0.971352, 3.26193e-07, 244.219
8413, 0.361678, 0.214676, 0.0419626, 0, 1.01255e-09, 4.60125e-09, 0, 0, 0.256638, 1.17921e-07, 3.04865e-08, 1.017, 0.971348, 3.26043e-07, 244.139
8414, 0.369338, 0.213578, 0.0415593, 0, 1.06192e-09, 4.82867e-09, 0, 0, 0.255137, 1.20363e-07, 3.18492e-08, 0.996043, 0.971344, 3.2589e-07, 243.927
8415, 0.367401, 0.215759, 0.0418202, 0, 1.05484e-09, 4.80512e-09, 0, 0, 0.257579, 1.19678e-07, 3.14346e-08, 1.0013, 0.97134, 3.25737e-07, 244.25
8416, 0.355822, 0.221397, 0.0427421, 0, 9.92857e-10, 4.53303e-09, 0, 0, 0.264139, 1.15853e-07, 2.92788e-08, 1.03332, 0.971336, 3.25582e-07, 245.121
8417, 0.334257, 0.230976, 0.044344, 0, 8.79953e-10, 4.02846e-09, 0, 0, 0.27532, 1.0878e-07, 2.55482e-08, 1.09585, 0.971332, 3.25424e-07, 246.578
8418, 0.305182, 0.244427, 0.0464276, 0, 7.35503e-10, 3.3871e-09, 0, 0, 0.290854, 9.92711e-08, 2.08861e-08, 1.18685, 0.971328, 3.25268e-07, 248.536
8419, 0.277584, 0.260207, 0.0482759, 0, 6.13451e-10, 2.85795e-09, 0, 0, 0.308483, 9.02532e-08, 1.69136e-08, 1.28163, 0.971324, 3.25121e-07, 250.67
8420, 0.24329, 0.282885, 0.0499563, 0, 4.93511e-10, 2.33371e-09, 0, 0, 0.332841, 7.90708e-08, 1.31105e-08, 1.4135, 0.97132, 3.24974e-07, 253.485
8421, 0.184839, 0.32132, 0.0511319, 0, 3.26576e-10, 1.573e-09, 0, 0, 0.372452, 6.00526e-08, 8.26177e-09, 1.68827, 0.971316, 3.24824e-07, 257.772
8422, 0.109221, 0.376567, 0.0484156, 0, 1.56878e-10, 7.73014e-10, 0, 0, 0.424982, 3.54744e-08, 3.71645e-09, 2.21438, 0.971312, 3.24671e-07, 262.993
8423, 0.045128, 0.4353, 0.038797, 0, 5.00742e-11, 2.53258e-10, 0, 0, 0.474097, 1.46537e-08, 1.09305e-09, 3.09825, 0.971308, 3.24519e-07, 267.482
8424, 0.0135961, 0.473033, 0.0286323, 0, 1.09092e-11, 5.69152e-11, 0, 0, 0.501665, 4.41269e-09, 2.14164e-10, 4.29797, 0.971304, 3.24368e-07, 269.859
8425, 0.0145148, 0.470762, 0.0297437, 0, 1.16015e-11, 6.02086e-11, 0, 0, 0.500505, 4.70307e-09, 2.24978e-10, 4.23258, 0.9713, 3.24217e-07, 269.754
8426, 0.0474858, 0.430853, 0.0407801, 0, 5.32881e-11, 2.67028e-10, 0, 0, 0.471633, 1.53794e-08, 1.14777e-09, 3.04732, 0.971296, 3.24065e-07, 267.243
8427, 0.112259, 0.372886, 0.0497052, 0, 1.65871e-10, 8.07972e-10, 0, 0, 0.422591, 3.63475e-08, 3.87304e-09, 2.18695, 0.971292, 3.23909e-07, 262.728
8428, 0.188221, 0.318427, 0.0518072, 0, 3.4396e-10, 1.63588e-09, 0, 0, 0.370234, 6.09219e-08, 8.53998e-09, 1.67014, 0.971288, 3.23745e-07, 257.487
8429, 0.246139, 0.280469, 0.050551, 0, 5.161e-10, 2.40719e-09, 0, 0, 0.33102, 7.96381e-08, 1.33704e-08, 1.40186, 0.971284, 3.23583e-07, 253.209
8430, 0.276943, 0.259276, 0.0491912, 0, 6.26284e-10, 2.87396e-09, 0, 0, 0.308467, 8.95703e-08, 1.66837e-08, 1.28394, 0.97128, 3.23439e-07, 250.581
8431, 0.298422, 0.245977, 0.0478909, 0, 7.24285e-10, 3.27678e-09, 0, 0, 0.293868, 9.64757e-08, 1.96535e-08, 1.20925, 0.971276, 3.233e-07, 248.804
8432, 0.322021, 0.235183, 0.0463441, 0, 8.4548e-10, 3.79505e-09, 0, 0, 0.281527, 1.04059e-07, 2.3207e-08, 1.13314, 0.971272, 3.23154e-07, 247.251
8433, 0.337126, 0.229061, 0.0453957, 0, 9.26687e-10, 4.14931e-09, 0, 0, 0.274456, 1.08891e-07, 2.55631e-08, 1.0873, 0.971268, 3.23004e-07, 246.335
8434, 0.342764, 0.22637, 0.0450949, 0, 9.59021e-10, 4.27938e-09, 0, 0, 0.271464, 1.10662e-07, 2.64549e-08, 1.07071, 0.971264, 3.22853e-07, 245.938
8435, 0.344225, 0.224353, 0.0450364, 0, 9.68094e-10, 4.29503e-09, 0, 0, 0.269389, 1.11083e-07, 2.6671e-08, 1.06646, 0.97126, 3.22703e-07, 245.659
8436, 0.340462, 0.223213, 0.0452688, 0, 9.47346e-10, 4.18191e-09, 0, 0, 0.268482, 1.09818e-07, 2.61188e-08, 1.07745, 0.971256, 3.22553e-07, 245.531
8437, 0.340634, 0.220826, 0.0451753, 0, 9.51883e-10, 4.18704e-09, 0, 0, 0.266002, 1.0982e-07, 2.63592e-08, 1.07695, 0.971252, 3.22402e-07, 245.196
8438, 0.356232, 0.214662, 0.0440411, 0, 1.04956e-09, 4.59796e-09, 0, 0, 0.258703, 1.14793e-07, 2.91884e-08, 1.03217, 0.971248, 3.22251e-07, 244.212
8439, 0.374291, 0.208256, 0.0427528, 0, 1.16316e-09, 5.08105e-09, 0, 0, 0.251009, 1.20557e-07, 3.24445e-08, 0.982722, 0.971244, 3.22101e-07, 243.153
8440, 0.382248, 0.205055, 0.042186, 0, 1.21565e-09, 5.30123e-09, 0, 0, 0.247241, 1.23065e-07, 3.39394e-08, 0.961685, 0.97124, 3.21951e-07, 242.622
8441, 0.380262, 0.205405, 0.0424018, 0, 1.2059e-09, 5.24627e-09, 0, 0, 0.247807, 1.2237e-07, 3.35509e-08, 0.966894, 0.971236, 3.21801e-07, 242.692
8442, 0.366406, 0.209901, 0.0435329, 0, 1.1214e-09, 4.86758e-09, 0, 0, 0.253434, 1.17859e-07, 3.0959e-08, 1.00401, 0.971232, 3.21651e-07, 243.462
8443, 0.347065, 0.216714, 0.0450667, 0, 1.00405e-09, 4.36484e-09, 0, 0, 0.261781, 1.11584e-07, 2.74728e-08, 1.05824, 0.971228, 3.21501e-07, 244.584
8444, 0.341196, 0.220699, 0.0456853, 0, 9.72366e-10, 4.24388e-09, 0, 0, 0.266384, 1.09643e-07, 2.63788e-08, 1.0753, 0.971224, 3.2135e-07, 245.189
8445, 0.351949, 0.21887, 0.0450572, 0, 1.04416e-09, 4.55568e-09, 0, 0, 0.263927, 1.13044e-07, 2.82238e-08, 1.04427, 0.97122, 3.21201e-07, 244.855
8446, 0.368594, 0.211944, 0.0437773, 0, 1.15138e-09, 4.999e-09, 0, 0, 0.255721, 1.18335e-07, 3.12745e-08, 0.998058, 0.971216, 3.21051e-07, 243.741
8447, 0.377381, 0.206373, 0.0430185, 0, 1.20721e-09, 5.2142e-09, 0, 0, 0.249392, 1.21102e-07, 3.29316e-08, 0.974499, 0.971212, 3.20901e-07, 242.863
8448, 0.369698, 0.207173, 0.0435841, 0, 1.15886e-09, 4.98998e-09, 0, 0, 0.250758, 1.18583e-07, 3.15625e-08, 0.99507, 0.971208, 3.20751e-07, 243.044
8449, 0.357857, 0.210353, 0.044541, 0, 1.0858e-09, 4.66102e-09, 0, 0, 0.254894, 1.14731e-07, 2.93968e-08, 1.02762, 0.971204, 3.20602e-07, 243.604
8450, 0.36392, 0.208591, 0.0441978, 0, 1.12844e-09, 4.82288e-09, 0, 0, 0.252788, 1.16617e-07, 3.04023e-08, 1.01082, 0.9712, 3.20453e-07, 243.307
8451, 0.380307, 0.203476, 0.0430199, 0, 1.2385e-09, 5.28666e-09, 0, 0, 0.246496, 1.21811e-07, 3.34007e-08, 0.966776, 0.971196, 3.20303e-07, 242.426
8452, 0.388332, 0.200563, 0.0424075, 0, 1.29389e-09, 5.52594e-09, 0, 0, 0.24297, 1.24325e-07, 3.49479e-08, 0.945895, 0.971192, 3.20153e-07, 241.922
8453, 0.386872, 0.200801, 0.0425659, 0, 1.28633e-09, 5.48953e-09, 0, 0, 0.243367, 1.23801e-07, 3.46593e-08, 0.949662, 0.971188, 3.20004e-07, 241.97
8454, 0.376645, 0.204144, 0.0434723, 0, 1.22232e-09, 5.20443e-09, 0, 0, 0.247616, 1.20474e-07, 3.27149e-08, 0.976452, 0.971184, 3.19855e-07, 242.558
8455, 0.360695, 0.20908, 0.0447835, 0, 1.12251e-09, 4.76872e-09, 0, 0, 0.253864, 1.15318e-07, 2.98114e-08, 1.01972, 0.97118, 3.19706e-07, 243.413
8456, 0.35866, 0.209563, 0.0449924, 0, 1.1124e-09, 4.71657e-09, 0, 0, 0.254555, 1.14611e-07, 2.94181e-08, 1.02538, 0.971176, 3.19556e-07, 243.5
8457, 0.373955, 0.204813, 0.0438844, 0, 1.21475e-09, 5.14499e-09, 0, 0, 0.248697, 1.19441e-07, 3.21463e-08, 0.983619, 0.971172, 3.19407e-07, 242.684
8458, 0.385371, 0.201235, 0.0430633, 0, 1.29324e-09, 5.4774e-09, 0, 0, 0.244298, 1.23032e-07, 3.4259e-08, 0.953548, 0.971168, 3.19259e-07, 242.06
8459, 0.385747, 0.201099, 0.0431001, 0, 1.29801e-09, 5.49358e-09, 0, 0, 0.244199, 1.23097e-07, 3.43006e-08, 0.952573, 0.971164, 3.1911e-07, 242.037
8460, 0.377474, 0.203786, 0.0438416, 0, 1.24478e-09, 5.2581e-09, 0, 0, 0.247628, 1.20402e-07, 3.26964e-08, 0.974255, 0.97116, 3.18961e-07, 242.51
8461, 0.36086, 0.208916, 0.0452033, 0, 1.13797e-09, 4.80542e-09, 0, 0, 0.254119, 1.1505e-07, 2.97145e-08, 1.01926, 0.971156, 3.18813e-07, 243.399
8462, 0.351828, 0.211652, 0.0459541, 0, 1.08293e-09, 4.58205e-09, 0, 0, 0.257606, 1.12114e-07, 2.82171e-08, 1.04461, 0.971152, 3.18664e-07, 243.866
8463, 0.363235, 0.208385, 0.0451668, 0, 1.16136e-09, 4.9077e-09, 0, 0, 0.253552, 1.15693e-07, 3.02172e-08, 1.0127, 0.971148, 3.18516e-07, 243.305
8464, 0.376529, 0.204423, 0.0441939, 0, 1.25119e-09, 5.27598e-09, 0, 0, 0.248617, 1.19873e-07, 3.24938e-08, 0.976761, 0.971144, 3.18367e-07, 242.615
8465, 0.377475, 0.204568, 0.04417, 0, 1.26119e-09, 5.31516e-09, 0, 0, 0.248738, 1.20121e-07, 3.26291e-08, 0.97425, 0.97114, 3.18218e-07, 242.624
8466, 0.361782, 0.211796, 0.045566, 0, 1.17099e-09, 4.93929e-09, 0, 0, 0.257362, 1.15077e-07, 3.00155e-08, 1.01671, 0.971136, 3.1807e-07, 243.8
8467, 0.322837, 0.229463, 0.0488452, 0, 9.5149e-10, 4.03198e-09, 0, 0, 0.278309, 1.02645e-07, 2.39697e-08, 1.13061, 0.971132, 3.17921e-07, 246.557
8468, 0.28414, 0.248352, 0.0521209, 0, 7.39619e-10, 3.15643e-09, 0, 0, 0.300473, 9.02956e-08, 1.81244e-08, 1.25829, 0.971128, 3.17772e-07, 249.319
8469, 0.289811, 0.24762, 0.0518402, 0, 7.72416e-10, 3.28853e-09, 0, 0, 0.29946, 9.20453e-08, 1.87675e-08, 1.23853, 0.971124, 3.17623e-07, 249.187
8470, 0.330344, 0.228694, 0.0485839, 0, 9.99014e-10, 4.21934e-09, 0, 0, 0.277278, 1.04869e-07, 2.4758e-08, 1.10762, 0.97112, 3.17475e-07, 246.401
8471, 0.362028, 0.212749, 0.0459695, 0, 1.18366e-09, 4.96826e-09, 0, 0, 0.258719, 1.14878e-07, 2.97394e-08, 1.01603, 0.971116, 3.17326e-07, 243.944
8472, 0.369501, 0.208008, 0.0453962, 0, 1.22862e-09, 5.13107e-09, 0, 0, 0.253404, 1.17198e-07, 3.08989e-08, 0.995603, 0.971112, 3.17177e-07, 243.211
8473, 0.358875, 0.210398, 0.0462731, 0, 1.15976e-09, 4.82433e-09, 0, 0, 0.256671, 1.13776e-07, 2.90108e-08, 1.02478, 0.971108, 3.17028e-07, 243.649
8474, 0.347636, 0.213068, 0.0471525, 0, 1.08917e-09, 4.52043e-09, 0, 0, 0.260221, 1.10159e-07, 2.71319e-08, 1.0566, 0.971104, 3.16878e-07, 244.122
8475, 0.355546, 0.210236, 0.046571, 0, 1.14495e-09, 4.74365e-09, 0, 0, 0.256807, 1.12608e-07, 2.85172e-08, 1.0341, 0.9711, 3.16727e-07, 243.652
8476, 0.372707, 0.204692, 0.0452613, 0, 1.26267e-09, 5.22872e-09, 0, 0, 0.249953, 1.17987e-07, 3.15292e-08, 0.986962, 0.971096, 3.16575e-07, 242.702
8477, 0.381887, 0.201549, 0.0445559, 0, 1.32919e-09, 5.50251e-09, 0, 0, 0.246104, 1.20837e-07, 3.32222e-08, 0.96263, 0.971092, 3.16422e-07, 242.157
8478, 0.380758, 0.201886, 0.0447218, 0, 1.32453e-09, 5.47199e-09, 0, 0, 0.246608, 1.20422e-07, 3.29727e-08, 0.965592, 0.971088, 3.16265e-07, 242.219
8479, 0.368407, 0.205936, 0.0458296, 0, 1.24086e-09, 5.11138e-09, 0, 0, 0.251765, 1.16457e-07, 3.06344e-08, 0.998568, 0.971084, 3.161e-07, 242.928
8480, 0.351398, 0.211361, 0.047279, 0, 1.12785e-09, 4.64347e-09, 0, 0, 0.25864, 1.11016e-07, 2.76415e-08, 1.04583, 0.97108, 3.1592e-07, 243.86
8481, 0.348471, 0.212709, 0.0475967, 0, 1.11266e-09, 4.58905e-09, 0, 0, 0.260306, 1.10006e-07, 2.7188e-08, 1.0542, 0.971076, 3.15684e-07, 244.077
8482, 0.355711, 0.212063, 0.0471663, 0, 1.16486e-09, 4.80904e-09, 0, 0, 0.259229, 1.12107e-07, 2.83347e-08, 1.03364, 0.971072, 3.15131e-07, 243.923
8483, 0.349566, 0.217248, 0.0478811, 0, 1.12543e-09, 4.66032e-09, 0, 0, 0.265129, 1.0959e-07, 2.71017e-08, 1.05106, 0.971068, 3.13378e-07, 244.706
8484, 0.337277, 0.223964, 0.0491134, 0, 1.03964e-09, 4.31593e-09, 0, 0, 0.273077, 1.04579e-07, 2.47335e-08, 1.08685, 0.971064, 3.10074e-07, 245.745
8485, 0.335766, 0.223114, 0.0492746, 0, 1.02438e-09, 4.23848e-09, 0, 0, 0.272389, 1.03486e-07, 2.43244e-08, 1.09134, 0.97106, 3.0843e-07, 245.647
8486, 0.3367, 0.219187, 0.0490656, 0, 1.03623e-09, 4.26292e-09, 0, 0, 0.268253, 1.04563e-07, 2.47058e-08, 1.08856, 0.971056, 3.10749e-07, 245.096
8487, 0.343571, 0.214901, 0.0484608, 0, 1.09146e-09, 4.46422e-09, 0, 0, 0.263362, 1.07692e-07, 2.60477e-08, 1.06836, 0.971052, 3.13489e-07, 244.438
8488, 0.359383, 0.209166, 0.0472071, 0, 1.20273e-09, 4.90786e-09, 0, 0, 0.256373, 1.13012e-07, 2.87569e-08, 1.02337, 0.971048, 3.14458e-07, 243.487
8489, 0.369009, 0.205839, 0.0464682, 0, 1.27135e-09, 5.19118e-09, 0, 0, 0.252307, 1.16074e-07, 3.04533e-08, 0.996935, 0.971044, 3.14555e-07, 242.922
8490, 0.369474, 0.205887, 0.0465429, 0, 1.27803e-09, 5.21487e-09, 0, 0, 0.25243, 1.16189e-07, 3.05278e-08, 0.995675, 0.97104, 3.14469e-07, 242.93
8491, 0.362785, 0.208361, 0.0472231, 0, 1.23602e-09, 5.03071e-09, 0, 0, 0.255584, 1.14043e-07, 2.93231e-08, 1.01395, 0.971036, 3.14349e-07, 243.355
8492, 0.348039, 0.21298, 0.0484736, 0, 1.13866e-09, 4.62824e-09, 0, 0, 0.261453, 1.09362e-07, 2.68238e-08, 1.05544, 0.971032, 3.14218e-07, 244.142
8493, 0.339856, 0.215487, 0.0491548, 0, 1.08612e-09, 4.4186e-09, 0, 0, 0.264642, 1.06742e-07, 2.54828e-08, 1.07923, 0.971028, 3.14081e-07, 244.561
8494, 0.349288, 0.213065, 0.0484886, 0, 1.15369e-09, 4.68988e-09, 0, 0, 0.261554, 1.09653e-07, 2.6988e-08, 1.05186, 0.971024, 3.13941e-07, 244.14
8495, 0.360481, 0.210458, 0.0477355, 0, 1.23471e-09, 5.01535e-09, 0, 0, 0.258194, 1.13117e-07, 2.88038e-08, 1.02031, 0.97102, 3.13798e-07, 243.678
8496, 0.361351, 0.211155, 0.0478167, 0, 1.24548e-09, 5.06253e-09, 0, 0, 0.258971, 1.1334e-07, 2.89487e-08, 1.01791, 0.971016, 3.13655e-07, 243.775
8497, 0.349936, 0.216058, 0.0489013, 0, 1.17358e-09, 4.7781e-09, 0, 0, 0.264959, 1.09712e-07, 2.70961e-08, 1.05001, 0.971012, 3.13512e-07, 244.571
8498, 0.327787, 0.224627, 0.0508478, 0, 1.03126e-09, 4.21253e-09, 0, 0, 0.275475, 1.02722e-07, 2.3581e-08, 1.11539, 0.971008, 3.13369e-07, 245.945
8499, 0.313839, 0.230086, 0.052088, 0, 9.39519e-10, 3.83984e-09, 0, 0, 0.282174, 9.83029e-08, 2.1229e-08, 1.15888, 0.971004, 3.13226e-07, 246.797
8500, 0.320307, 0.228641, 0.0516781, 0, 9.801e-10, 3.99246e-09, 0, 0, 0.280319, 1.0028e-07, 2.19726e-08, 1.13848, 0.970999, 3.13082e-07, 246.552
8501, 0.334143, 0.224314, 0.0506338, 0, 1.07422e-09, 4.37323e-09, 0, 0, 0.274948, 1.04564e-07, 2.41237e-08, 1.09619, 0.970994, 3.12938e-07, 245.852
8502, 0.343995, 0.220574, 0.0498387, 0, 1.1449e-09, 4.65989e-09, 0, 0, 0.270413, 1.07598e-07, 2.58011e-08, 1.06713, 0.970988, 3.12794e-07, 245.253
8503, 0.34235, 0.221018, 0.0500074, 0, 1.13799e-09, 4.6288e-09, 0, 0, 0.271025, 1.07037e-07, 2.5583e-08, 1.07192, 0.970982, 3.12649e-07, 245.325
8504, 0.325659, 0.227217, 0.0514335, 0, 1.03128e-09, 4.20513e-09, 0, 0, 0.27865, 1.01774e-07, 2.30176e-08, 1.1219, 0.970976, 3.12505e-07, 246.307
8505, 0.305161, 0.23534, 0.0531504, 0, 9.01096e-10, 3.69903e-09, 0, 0, 0.28849, 9.53227e-08, 1.99229e-08, 1.18692, 0.97097, 3.1236e-07, 247.548
8506, 0.29742, 0.240677, 0.0538911, 0, 8.55525e-10, 3.52471e-09, 0, 0, 0.294568, 9.28598e-08, 1.86207e-08, 1.21261, 0.970964, 3.12216e-07, 248.297
8507, 0.293505, 0.246479, 0.0543404, 0, 8.41796e-10, 3.47753e-09, 0, 0, 0.300819, 9.15963e-08, 1.79747e-08, 1.22586, 0.970958, 3.12073e-07, 249.056
8508, 0.275344, 0.258921, 0.0557379, 0, 7.55124e-10, 3.146e-09, 0, 0, 0.314658, 8.58923e-08, 1.57619e-08, 1.28973, 0.970952, 3.11928e-07, 250.707
8509, 0.237793, 0.281189, 0.058093, 0, 5.86936e-10, 2.4783e-09, 0, 0, 0.339282, 7.4148e-08, 1.18428e-08, 1.43636, 0.970946, 3.11784e-07, 253.529
8510, 0.18092, 0.316027, 0.0603005, 0, 3.77813e-10, 1.6236e-09, 0, 0, 0.376328, 5.63927e-08, 7.26756e-09, 1.7097, 0.97094, 3.1164e-07, 257.517
8511, 0.112159, 0.36449, 0.05926, 0, 1.84553e-10, 8.12077e-10, 0, 0, 0.42375, 3.49486e-08, 3.3422e-09, 2.18784, 0.970934, 3.11496e-07, 262.244
8512, 0.0519281, 0.420835, 0.0503198, 0, 6.25896e-11, 2.83801e-10, 0, 0, 0.471154, 1.61762e-08, 1.04665e-09, 2.95789, 0.970928, 3.11352e-07, 266.616
8513, 0.0165914, 0.470407, 0.0346498, 0, 1.40458e-11, 6.57478e-11, 0, 0, 0.505056, 5.16707e-09, 2.09906e-10, 4.09887, 0.970922, 3.11208e-07, 269.559
8514, 0.00560947, 0.492443, 0.0254358, 0, 3.40252e-12, 1.64472e-11, 0, 0, 0.517879, 1.7451e-09, 4.27372e-11, 5.1833, 0.970916, 3.11064e-07, 270.632
8515, 0.0136341, 0.475472, 0.0330881, 0, 1.0225e-11, 4.87427e-11, 0, 0, 0.50856, 4.23613e-09, 1.34103e-10, 4.29518, 0.97091, 3.1092e-07, 269.843
8516, 0.0413421, 0.431383, 0.0489808, 0, 3.87355e-11, 1.81372e-10, 0, 0, 0.480363, 1.2842e-08, 5.58294e-10, 3.18587, 0.970904, 3.10776e-07, 267.405
8517, 0.080257, 0.386115, 0.059846, 0, 9.00837e-11, 4.15361e-10, 0, 0, 0.445961, 2.49243e-08, 1.38785e-09, 2.52252, 0.970898, 3.10632e-07, 264.295
8518, 0.104655, 0.363564, 0.0632966, 0, 1.31982e-10, 6.01477e-10, 0, 0, 0.426861, 3.24928e-08, 2.09328e-09, 2.25708, 0.970892, 3.10489e-07, 262.493
8519, 0.102126, 0.367136, 0.0631092, 0, 1.39022e-10, 6.26931e-10, 0, 0, 0.430245, 3.16955e-08, 2.24995e-09, 2.28154, 0.970886, 3.10345e-07, 262.808
8520, 0.111538, 0.363554, 0.0621107, 0, 1.92393e-10, 8.42366e-10, 0, 0, 0.425664, 3.45937e-08, 3.40233e-09, 2.19339, 0.97088, 3.10202e-07, 262.365
8521, 0.167935, 0.326978, 0.0607075, 0, 3.78933e-10, 1.60772e-09, 0, 0, 0.387685, 5.20579e-08, 7.21723e-09, 1.78418, 0.970874, 3.10059e-07, 258.608
8522, 0.23349, 0.282995, 0.0588127, 0, 6.025e-10, 2.50299e-09, 0, 0, 0.341807, 7.23534e-08, 1.18954e-08, 1.45462, 0.970868, 3.09916e-07, 253.713
8523, 0.270449, 0.256455, 0.057187, 0, 7.45649e-10, 3.05423e-09, 0, 0, 0.313642, 8.37734e-08, 1.51318e-08, 1.30767, 0.970862, 3.09773e-07, 250.473
8524, 0.291908, 0.24184, 0.0556657, 0, 8.59499e-10, 3.48275e-09, 0, 0, 0.297505, 9.03797e-08, 1.78384e-08, 1.23132, 0.970856, 3.09629e-07, 248.52
8525, 0.316048, 0.230287, 0.0537515, 0, 1.01773e-09, 4.07459e-09, 0, 0, 0.284038, 9.78084e-08, 2.13339e-08, 1.15186, 0.97085, 3.09486e-07, 246.83
8526, 0.337729, 0.221459, 0.0520545, 0, 1.16947e-09, 4.64168e-09, 0, 0, 0.273513, 1.04471e-07, 2.4605e-08, 1.08551, 0.970844, 3.09343e-07, 245.468
8527, 0.348488, 0.216587, 0.0512024, 0, 1.24764e-09, 4.92838e-09, 0, 0, 0.267789, 1.07752e-07, 2.62997e-08, 1.05415, 0.970838, 3.092e-07, 244.708
8528, 0.347774, 0.215316, 0.0512362, 0, 1.24122e-09, 4.88791e-09, 0, 0, 0.266552, 1.07483e-07, 2.61589e-08, 1.0562, 0.970832, 3.09057e-07, 244.536
8529, 0.339216, 0.216602, 0.0519054, 0, 1.17592e-09, 4.62847e-09, 0, 0, 0.268507, 1.0479e-07, 2.47771e-08, 1.08112, 0.970826, 3.08914e-07, 244.787
8530, 0.334594, 0.217365, 0.0523286, 0, 1.14227e-09, 4.49406e-09, 0, 0, 0.269694, 1.03312e-07, 2.40395e-08, 1.09484, 0.97082, 3.0877e-07, 244.936
8531, 0.342919, 0.21487, 0.0517661, 0, 1.20943e-09, 4.73814e-09, 0, 0, 0.266636, 1.05832e-07, 2.53617e-08, 1.07026, 0.970814, 3.08627e-07, 244.524
8532, 0.356098, 0.210745, 0.0507733, 0, 1.3158e-09, 5.13528e-09, 0, 0, 0.261519, 1.09849e-07, 2.75639e-08, 1.03255, 0.970808, 3.08484e-07, 243.831
8533, 0.363001, 0.208185, 0.0502378, 0, 1.37368e-09, 5.35123e-09, 0, 0, 0.258423, 1.11928e-07, 2.87785e-08, 1.01335, 0.970802, 3.08342e-07, 243.405
8534, 0.358538, 0.209239, 0.0506398, 0, 1.34126e-09, 5.22488e-09, 0, 0, 0.259879, 1.10504e-07, 2.80444e-08, 1.02572, 0.970796, 3.08201e-07, 243.594
8535, 0.34463, 0.213681, 0.0518764, 0, 1.23484e-09, 4.82197e-09, 0, 0, 0.265557, 1.06169e-07, 2.57187e-08, 1.06529, 0.97079, 3.08059e-07, 244.348
8536, 0.336253, 0.216742, 0.0527158, 0, 1.17213e-09, 4.57745e-09, 0, 0, 0.269457, 1.03538e-07, 2.42631e-08, 1.08989, 0.970784, 3.07916e-07, 244.858
8537, 0.344444, 0.214089, 0.0521264, 0, 1.23831e-09, 4.81203e-09, 0, 0, 0.266215, 1.06009e-07, 2.55333e-08, 1.06582, 0.970778, 3.07774e-07, 244.42
8538, 0.35781, 0.209365, 0.0510392, 0, 1.3464e-09, 5.21433e-09, 0, 0, 0.260404, 1.10072e-07, 2.77826e-08, 1.02775, 0.970772, 3.07632e-07, 243.633
8539, 0.363861, 0.207118, 0.0505603, 0, 1.39786e-09, 5.4077e-09, 0, 0, 0.257678, 1.11884e-07, 2.88466e-08, 1.01098, 0.970766, 3.07491e-07, 243.256
8540, 0.362226, 0.207028, 0.050682, 0, 1.38594e-09, 5.35609e-09, 0, 0, 0.25771, 1.1133e-07, 2.8551e-08, 1.01549, 0.97076, 3.07349e-07, 243.252
8541, 0.356376, 0.207814, 0.0511303, 0, 1.33785e-09, 5.16662e-09, 0, 0, 0.258944, 1.09483e-07, 2.75238e-08, 1.03177, 0.970754, 3.07208e-07, 243.412
8542, 0.351565, 0.20856, 0.0515662, 0, 1.29914e-09, 5.01667e-09, 0, 0, 0.260126, 1.07954e-07, 2.67057e-08, 1.04536, 0.970748, 3.07066e-07, 243.564
8543, 0.353979, 0.207953, 0.0514997, 0, 1.32237e-09, 5.09464e-09, 0, 0, 0.259452, 1.08643e-07, 2.70838e-08, 1.03852, 0.970742, 3.06923e-07, 243.465
8544, 0.360439, 0.20668, 0.0511266, 0, 1.38128e-09, 5.30658e-09, 0, 0, 0.257806, 1.10575e-07, 2.81531e-08, 1.02043, 0.970736, 3.06782e-07, 243.233
8545, 0.361389, 0.207292, 0.0511969, 0, 1.39598e-09, 5.36083e-09, 0, 0, 0.258489, 1.10817e-07, 2.83222e-08, 1.0178, 0.97073, 3.0664e-07, 243.318
8546, 0.354887, 0.210235, 0.0518908, 0, 1.34871e-09, 5.18479e-09, 0, 0, 0.262126, 1.08774e-07, 2.72074e-08, 1.03595, 0.970724, 3.06499e-07, 243.802
8547, 0.350268, 0.211728, 0.0523701, 0, 1.31309e-09, 5.05006e-09, 0, 0, 0.264098, 1.07308e-07, 2.64037e-08, 1.04906, 0.970718, 3.06358e-07, 244.059
8548, 0.35292, 0.20972, 0.0521263, 0, 1.33343e-09, 5.1176e-09, 0, 0, 0.261846, 1.08069e-07, 2.68326e-08, 1.04152, 0.970712, 3.06218e-07, 243.749
8549, 0.358008, 0.206935, 0.0516494, 0, 1.37547e-09, 5.25803e-09, 0, 0, 0.258584, 1.09577e-07, 2.76584e-08, 1.0272, 0.970706, 3.06076e-07, 243.3
8550, 0.361646, 0.205635, 0.0513762, 0, 1.41074e-09, 5.3804e-09, 0, 0, 0.257011, 1.1064e-07, 2.82963e-08, 1.01709, 0.9707, 3.05935e-07, 243.077
8551, 0.358993, 0.207602, 0.0517431, 0, 1.39966e-09, 5.3382e-09, 0, 0, 0.259346, 1.09779e-07, 2.79324e-08, 1.02445, 0.970694, 3.05794e-07, 243.387
8552, 0.350259, 0.212033, 0.052667, 0, 1.34019e-09, 5.11386e-09, 0, 0, 0.2647, 1.07059e-07, 2.65226e-08, 1.04908, 0.970688, 3.05653e-07, 244.1
8553, 0.349806, 0.212199, 0.0527961, 0, 1.33955e-09, 5.10517e-09, 0, 0, 0.264995, 1.06869e-07, 2.64152e-08, 1.05038, 0.970682, 3.05512e-07, 244.132
8554, 0.358075, 0.207721, 0.0520579, 0, 1.40108e-09, 5.3288e-09, 0, 0, 0.259778, 1.09345e-07, 2.77302e-08, 1.02701, 0.970676, 3.05371e-07, 243.422
8555, 0.363199, 0.204582, 0.0515873, 0, 1.43973e-09, 5.46522e-09, 0, 0, 0.25617, 1.10859e-07, 2.85445e-08, 1.0128, 0.97067, 3.05231e-07, 242.923
8556, 0.36623, 0.2032, 0.0513672, 0, 1.46831e-09, 5.55845e-09, 0, 0, 0.254567, 1.11733e-07, 2.90353e-08, 1.00449, 0.970664, 3.0509e-07, 242.695
8557, 0.368633, 0.202241, 0.051186, 0, 1.4941e-09, 5.64284e-09, 0, 0, 0.253427, 1.12414e-07, 2.94556e-08, 0.997954, 0.970658, 3.0495e-07, 242.53
8558, 0.368402, 0.201866, 0.0511777, 0, 1.49594e-09, 5.64315e-09, 0, 0, 0.253044, 1.12292e-07, 2.94268e-08, 0.99858, 0.970652, 3.04809e-07, 242.47
8559, 0.368283, 0.201868, 0.051258, 0, 1.49805e-09, 5.64902e-09, 0, 0, 0.253126, 1.12204e-07, 2.94045e-08, 0.998904, 0.970646, 3.04669e-07, 242.473
8560, 0.369451, 0.201879, 0.0513183, 0, 1.51187e-09, 5.69849e-09, 0, 0, 0.253198, 1.12508e-07, 2.95975e-08, 0.995736, 0.97064, 3.04528e-07, 242.475
8561, 0.368775, 0.202157, 0.0514758, 0, 1.50917e-09, 5.68237e-09, 0, 0, 0.253632, 1.12251e-07, 2.94469e-08, 0.997569, 0.970634, 3.04388e-07, 242.527
8562, 0.366862, 0.202574, 0.0516889, 0, 1.49516e-09, 5.62325e-09, 0, 0, 0.254263, 1.11617e-07, 2.90738e-08, 1.00277, 0.970628, 3.04247e-07, 242.606
8563, 0.366622, 0.202562, 0.0517622, 0, 1.49654e-09, 5.62256e-09, 0, 0, 0.254324, 1.11492e-07, 2.9014e-08, 1.00342, 0.970622, 3.04107e-07, 242.606
8564, 0.366557, 0.202467, 0.0518035, 0, 1.49985e-09, 5.62856e-09, 0, 0, 0.25427, 1.11421e-07, 2.89924e-08, 1.0036, 0.970616, 3.03966e-07, 242.591
8565, 0.365884, 0.202816, 0.0519505, 0, 1.49818e-09, 5.61696e-09, 0, 0, 0.254767, 1.11166e-07, 2.8861e-08, 1.00544, 0.97061, 3.03827e-07, 242.651
8566, 0.363868, 0.203972, 0.0522927, 0, 1.48446e-09, 5.56694e-09, 0, 0, 0.256265, 1.10503e-07, 2.84975e-08, 1.01096, 0.970604, 3.03688e-07, 242.849
8567, 0.35837, 0.206324, 0.0529256, 0, 1.43994e-09, 5.40843e-09, 0, 0, 0.25925, 1.08783e-07, 2.75289e-08, 1.02619, 0.970598, 3.03548e-07, 243.248
8568, 0.351801, 0.20922, 0.0536403, 0, 1.38775e-09, 5.21726e-09, 0, 0, 0.26286, 1.0674e-07, 2.63575e-08, 1.04469, 0.970592, 3.03408e-07, 243.728
8569, 0.349109, 0.210711, 0.053993, 0, 1.37006e-09, 5.14634e-09, 0, 0, 0.264704, 1.05874e-07, 2.58546e-08, 1.05237, 0.970586, 3.03268e-07, 243.968
8570, 0.351174, 0.209981, 0.0538631, 0, 1.39192e-09, 5.21724e-09, 0, 0, 0.263844, 1.0645e-07, 2.61821e-08, 1.04647, 0.97058, 3.03129e-07, 243.845
8571, 0.352583, 0.209384, 0.0538103, 0, 1.40721e-09, 5.26642e-09, 0, 0, 0.263194, 1.06829e-07, 2.641e-08, 1.04247, 0.970574, 3.02989e-07, 243.749
8572, 0.348153, 0.211346, 0.0543549, 0, 1.37359e-09, 5.14481e-09, 0, 0, 0.265701, 1.05439e-07, 2.56806e-08, 1.05511, 0.970568, 3.02849e-07, 244.077
8573, 0.337391, 0.216438, 0.0554828, 0, 1.29145e-09, 4.85108e-09, 0, 0, 0.27192, 1.02134e-07, 2.3964e-08, 1.08651, 0.970562, 3.0271e-07, 244.893
8574, 0.317549, 0.227417, 0.0573874, 0, 1.1594e-09, 4.37063e-09, 0, 0, 0.284805, 9.60854e-08, 2.11797e-08, 1.14712, 0.970556, 3.0257e-07, 246.549
8575, 0.275302, 0.252125, 0.0610231, 0, 9.1871e-10, 3.48643e-09, 0, 0, 0.313148, 8.32689e-08, 1.63297e-08, 1.28989, 0.97055, 3.0243e-07, 250.022
8576, 0.215833, 0.287334, 0.065776, 0, 6.12593e-10, 2.35427e-09, 0, 0, 0.35311, 6.5253e-08, 1.04022e-08, 1.53325, 0.970544, 3.0229e-07, 254.565
8577, 0.185951, 0.304962, 0.0682223, 0, 4.55818e-10, 1.77786e-09, 0, 0, 0.373184, 5.61856e-08, 7.36405e-09, 1.68227, 0.970538, 3.0215e-07, 256.709
8578, 0.196568, 0.298359, 0.0675368, 0, 4.8568e-10, 1.90482e-09, 0, 0, 0.365896, 5.93638e-08, 7.82485e-09, 1.62675, 0.970532, 3.02011e-07, 255.931
8579, 0.186225, 0.306169, 0.0671916, 0, 4.55038e-10, 1.792e-09, 0, 0, 0.373361, 5.62219e-08, 7.32491e-09, 1.6808, 0.970526, 3.01871e-07, 256.714
8580, 0.131536, 0.344424, 0.068141, 0, 2.8287e-10, 1.12296e-09, 0, 0, 0.412565, 3.96987e-08, 4.40365e-09, 2.02847, 0.97052, 3.01731e-07, 260.685
8581, 0.0833987, 0.378005, 0.0691622, 0, 1.33611e-10, 5.39744e-10, 0, 0, 0.447167, 2.51568e-08, 1.88215e-09, 2.48412, 0.970514, 3.0159e-07, 263.978
8582, 0.0753409, 0.382146, 0.070336, 0, 9.79981e-11, 4.0061e-10, 0, 0, 0.452482, 2.27102e-08, 1.23555e-09, 2.58573, 0.970508, 3.01448e-07, 264.463
8583, 0.0940415, 0.367895, 0.0707487, 0, 1.55312e-10, 6.17575e-10, 0, 0, 0.438644, 2.83298e-08, 2.17517e-09, 2.36402, 0.970502, 3.01306e-07, 263.169
8584, 0.145882, 0.332896, 0.0690235, 0, 3.45098e-10, 1.33745e-09, 0, 0, 0.40192, 4.39224e-08, 5.46141e-09, 1.92496, 0.970496, 3.01163e-07, 259.604
8585, 0.221457, 0.283529, 0.0653221, 0, 6.55726e-10, 2.50408e-09, 0, 0, 0.348851, 6.66505e-08, 1.10325e-08, 1.50753, 0.97049, 3.01019e-07, 254.033
8586, 0.281947, 0.245788, 0.0613592, 0, 9.58602e-10, 3.60797e-09, 0, 0, 0.307147, 8.48225e-08, 1.66177e-08, 1.26604, 0.970484, 3.00873e-07, 249.222
8587, 0.316222, 0.226224, 0.0585303, 0, 1.17513e-09, 4.36691e-09, 0, 0, 0.284755, 9.50908e-08, 2.06375e-08, 1.15131, 0.970478, 3.00723e-07, 246.443
8588, 0.33365, 0.217243, 0.0569427, 0, 1.30625e-09, 4.81918e-09, 0, 0, 0.274186, 1.00281e-07, 2.30766e-08, 1.09766, 0.970472, 3.00563e-07, 245.074
8589, 0.338446, 0.214587, 0.0565374, 0, 1.34645e-09, 4.95352e-09, 0, 0, 0.271124, 1.01664e-07, 2.38099e-08, 1.08339, 0.970466, 3.00383e-07, 244.664
8590, 0.331234, 0.217678, 0.0574111, 0, 1.29207e-09, 4.75708e-09, 0, 0, 0.275089, 9.94149e-08, 2.27539e-08, 1.10493, 0.97046, 3.00125e-07, 245.176
8591, 0.320213, 0.222355, 0.0586664, 0, 1.20564e-09, 4.45231e-09, 0, 0, 0.281021, 9.58868e-08, 2.11296e-08, 1.13877, 0.970454, 2.99462e-07, 245.936
8592, 0.32157, 0.221151, 0.0585574, 0, 1.20845e-09, 4.4533e-09, 0, 0, 0.279709, 9.56088e-08, 2.11411e-08, 1.13454, 0.970448, 2.97427e-07, 245.759
8593, 0.332402, 0.215708, 0.0574356, 0, 1.2792e-09, 4.68665e-09, 0, 0, 0.273143, 9.77297e-08, 2.2388e-08, 1.10141, 0.970442, 2.94082e-07, 244.899
8594, 0.341385, 0.211239, 0.0565112, 0, 1.35026e-09, 4.92911e-09, 0, 0, 0.26775, 1.001e-07, 2.36774e-08, 1.07474, 0.970436, 2.93141e-07, 244.18
8595, 0.347502, 0.208374, 0.0559559, 0, 1.41885e-09, 5.16778e-09, 0, 0, 0.26433, 1.02834e-07, 2.49161e-08, 1.05699, 0.97043, 2.95837e-07, 243.715
8596, 0.346837, 0.20824, 0.0561542, 0, 1.42838e-09, 5.20135e-09, 0, 0, 0.264394, 1.03459e-07, 2.50912e-08, 1.0589, 0.970424, 2.98275e-07, 243.716
8597, 0.339631, 0.210231, 0.0569486, 0, 1.37149e-09, 5.00102e-09, 0, 0, 0.26718, 1.01564e-07, 2.40757e-08, 1.0799, 0.970418, 2.99044e-07, 244.081
8598, 0.33852, 0.210313, 0.0570895, 0, 1.36398e-09, 4.95965e-09, 0, 0, 0.267403, 1.01255e-07, 2.38247e-08, 1.08317, 0.970412, 2.99113e-07, 244.103
8599, 0.345049, 0.208222, 0.0564926, 0, 1.42431e-09, 5.15772e-09, 0, 0, 0.264715, 1.03181e-07, 2.47461e-08, 1.06407, 0.970406, 2.99036e-07, 243.736
8600, 0.348664, 0.207447, 0.0562387, 0, 1.46054e-09, 5.28536e-09, 0, 0, 0.263685, 1.04225e-07, 2.52975e-08, 1.05365, 0.9704, 2.98927e-07, 243.59
8601, 0.3458, 0.208901, 0.0566535, 0, 1.43966e-09, 5.21583e-09, 0, 0, 0.265555, 1.03328e-07, 2.48565e-08, 1.0619, 0.970394, 2.98805e-07, 243.833
8602, 0.338311, 0.211171, 0.0574619, 0, 1.37669e-09, 5.0009e-09, 0, 0, 0.268633, 1.01047e-07, 2.37548e-08, 1.08379, 0.970388, 2.98678e-07, 244.235
8603, 0.331749, 0.212445, 0.0581186, 0, 1.32099e-09, 4.80439e-09, 0, 0, 0.270564, 9.90433e-08, 2.28124e-08, 1.10338, 0.970382, 2.98548e-07, 244.483
8604, 0.334897, 0.210759, 0.0578153, 0, 1.35082e-09, 4.88425e-09, 0, 0, 0.268574, 9.99374e-08, 2.32149e-08, 1.09393, 0.970376, 2.98416e-07, 244.212
8605, 0.344625, 0.207398, 0.0568763, 0, 1.44012e-09, 5.17862e-09, 0, 0, 0.264275, 1.02794e-07, 2.46342e-08, 1.0653, 0.97037, 2.98283e-07, 243.631
8606, 0.350461, 0.20589, 0.0564146, 0, 1.49684e-09, 5.38162e-09, 0, 0, 0.262305, 1.04489e-07, 2.55646e-08, 1.04851, 0.970364, 2.98149e-07, 243.358
8607, 0.349113, 0.207159, 0.0567481, 0, 1.48955e-09, 5.35895e-09, 0, 0, 0.263907, 1.04041e-07, 2.53415e-08, 1.05236, 0.970358, 2.98015e-07, 243.566
8608, 0.342568, 0.209771, 0.0575833, 0, 1.43459e-09, 5.15612e-09, 0, 0, 0.267354, 1.02045e-07, 2.42564e-08, 1.07128, 0.970352, 2.9788e-07, 244.019
8609, 0.333622, 0.212121, 0.0585304, 0, 1.35812e-09, 4.88131e-09, 0, 0, 0.270651, 9.93355e-08, 2.29114e-08, 1.09775, 0.970346, 2.97745e-07, 244.449
8610, 0.329683, 0.212234, 0.0588325, 0, 1.32569e-09, 4.76675e-09, 0, 0, 0.271067, 9.81164e-08, 2.23873e-08, 1.10963, 0.97034, 2.97609e-07, 244.496
8611, 0.3342, 0.21, 0.0583152, 0, 1.36542e-09, 4.89399e-09, 0, 0, 0.268315, 9.94149e-08, 2.29989e-08, 1.09602, 0.970334, 2.97474e-07, 244.124
8612, 0.336811, 0.209174, 0.058161, 0, 1.38689e-09, 4.96256e-09, 0, 0, 0.267335, 1.00147e-07, 2.3281e-08, 1.08823, 0.970328, 2.97338e-07, 243.986
8613, 0.334558, 0.210317, 0.0585838, 0, 1.36733e-09, 4.89353e-09, 0, 0, 0.268901, 9.94321e-08, 2.2877e-08, 1.09494, 0.970322, 2.97203e-07, 244.186
8614, 0.331507, 0.211598, 0.0590508, 0, 1.34516e-09, 4.80973e-09, 0, 0, 0.270648, 9.84806e-08, 2.24129e-08, 1.10411, 0.970316, 2.97068e-07, 244.41
8615, 0.325487, 0.213338, 0.0597067, 0, 1.30004e-09, 4.6509e-09, 0, 0, 0.273045, 9.66487e-08, 2.16223e-08, 1.12243, 0.97031, 2.96932e-07, 244.718
8616, 0.322572, 0.213618, 0.0599297, 0, 1.28011e-09, 4.57934e-09, 0, 0, 0.273548, 9.57379e-08, 2.12703e-08, 1.13143, 0.970304, 2.96797e-07, 244.776
8617, 0.332259, 0.210297, 0.0589712, 0, 1.36823e-09, 4.87149e-09, 0, 0, 0.269268, 9.85662e-08, 2.26424e-08, 1.10184, 0.970298, 2.96661e-07, 244.204
8618, 0.344462, 0.206836, 0.0579143, 0, 1.48053e-09, 5.25654e-09, 0, 0, 0.26475, 1.0214e-07, 2.44395e-08, 1.06577, 0.970292, 2.96526e-07, 243.595
8619, 0.348925, 0.205921, 0.0576379, 0, 1.52571e-09, 5.41504e-09, 0, 0, 0.263559, 1.03418e-07, 2.51385e-08, 1.0529, 0.970286, 2.9639e-07, 243.427
8620, 0.343276, 0.207767, 0.0582776, 0, 1.47899e-09, 5.2505e-09, 0, 0, 0.266045, 1.01699e-07, 2.42956e-08, 1.06922, 0.97028, 2.96255e-07, 243.753
8621, 0.329895, 0.211621, 0.0596492, 0, 1.36302e-09, 4.84556e-09, 0, 0, 0.27127, 9.76907e-08, 2.23323e-08, 1.10898, 0.970274, 2.9612e-07, 244.439
8622, 0.322309, 0.21347, 0.0604097, 0, 1.29795e-09, 4.6081e-09, 0, 0, 0.27388, 9.53984e-08, 2.11825e-08, 1.13224, 0.970268, 2.95984e-07, 244.774
8623, 0.331458, 0.210368, 0.059525, 0, 1.38138e-09, 4.8815e-09, 0, 0, 0.269893, 9.80593e-08, 2.24524e-08, 1.10425, 0.970262, 2.95849e-07, 244.241
8624, 0.345372, 0.206254, 0.0582705, 0, 1.5105e-09, 5.33299e-09, 0, 0, 0.264524, 1.0213e-07, 2.45627e-08, 1.06313, 0.970256, 2.95713e-07, 243.518
8625, 0.350005, 0.205072, 0.057954, 0, 1.55645e-09, 5.49831e-09, 0, 0, 0.263026, 1.03454e-07, 2.53035e-08, 1.04981, 0.97025, 2.95578e-07, 243.309
8626, 0.342396, 0.207469, 0.0587919, 0, 1.49018e-09, 5.26395e-09, 0, 0, 0.266261, 1.01161e-07, 2.41365e-08, 1.07179, 0.970244, 2.95443e-07, 243.736
8627, 0.326537, 0.212353, 0.0604293, 0, 1.3517e-09, 4.77783e-09, 0, 0, 0.272782, 9.64315e-08, 2.17875e-08, 1.11921, 0.970238, 2.95308e-07, 244.592
8628, 0.317603, 0.214842, 0.06133, 0, 1.27447e-09, 4.4962e-09, 0, 0, 0.276172, 9.37478e-08, 2.04248e-08, 1.14695, 0.970232, 2.95173e-07, 245.028
8629, 0.32702, 0.211579, 0.0604041, 0, 1.35876e-09, 4.77281e-09, 0, 0, 0.271983, 9.64809e-08, 2.16951e-08, 1.11773, 0.970226, 2.95038e-07, 244.472
8630, 0.342202, 0.206992, 0.0590166, 0, 1.49869e-09, 5.26042e-09, 0, 0, 0.266009, 1.00914e-07, 2.39507e-08, 1.07235, 0.97022, 2.94903e-07, 243.671
8631, 0.349378, 0.205242, 0.0584998, 0, 1.56964e-09, 5.51017e-09, 0, 0, 0.263742, 1.02985e-07, 2.50707e-08, 1.0516, 0.970214, 2.94768e-07, 243.36
8632, 0.344604, 0.207076, 0.0591192, 0, 1.53014e-09, 5.36386e-09, 0, 0, 0.266196, 1.01533e-07, 2.43155e-08, 1.06536, 0.970208, 2.94633e-07, 243.681
8633, 0.32793, 0.212322, 0.0608337, 0, 1.3838e-09, 4.84087e-09, 0, 0, 0.273156, 9.65779e-08, 2.18035e-08, 1.11495, 0.970202, 2.94498e-07, 244.596
8634, 0.312343, 0.216821, 0.06236, 0, 1.25181e-09, 4.37662e-09, 0, 0, 0.279181, 9.19432e-08, 1.96054e-08, 1.16365, 0.970196, 2.94362e-07, 245.373
8635, 0.31803, 0.214708, 0.0618186, 0, 1.30726e-09, 4.56903e-09, 0, 0, 0.276526, 9.35703e-08, 2.0483e-08, 1.14561, 0.97019, 2.94227e-07, 245.021
8636, 0.337473, 0.208781, 0.0600445, 0, 1.48213e-09, 5.17469e-09, 0, 0, 0.268825, 9.92454e-08, 2.32716e-08, 1.08627, 0.970184, 2.94092e-07, 244.001
8637, 0.348407, 0.205472, 0.0590986, 0, 1.58178e-09, 5.52147e-09, 0, 0, 0.264571, 1.02416e-07, 2.48554e-08, 1.05438, 0.970178, 2.93958e-07, 243.425
8638, 0.345742, 0.206133, 0.0594268, 0, 1.55804e-09, 5.43297e-09, 0, 0, 0.26556, 1.01589e-07, 2.44079e-08, 1.06206, 0.970172, 2.93823e-07, 243.55
8639, 0.331945, 0.210154, 0.060839, 0, 1.43555e-09, 4.98944e-09, 0, 0, 0.270993, 9.74911e-08, 2.23101e-08, 1.10279, 0.970166, 2.93688e-07, 244.265
8640, 0.316891, 0.214311, 0.0623033, 0, 1.30594e-09, 4.52714e-09, 0, 0, 0.276615, 9.30258e-08, 2.01469e-08, 1.1492, 0.97016, 2.93554e-07, 244.995
8641, 0.318329, 0.213315, 0.0620867, 0, 1.32132e-09, 4.57905e-09, 0, 0, 0.275401, 9.34021e-08, 2.03623e-08, 1.14467, 0.970154, 2.93419e-07, 244.829
8642, 0.333009, 0.208789, 0.0606932, 0, 1.45368e-09, 5.04037e-09, 0, 0, 0.269483, 9.7664e-08, 2.24494e-08, 1.09959, 0.970148, 2.93285e-07, 244.043
8643, 0.343863, 0.205986, 0.0598343, 0, 1.55559e-09, 5.3978e-09, 0, 0, 0.26582, 1.00802e-07, 2.40445e-08, 1.06751, 0.970142, 2.93149e-07, 243.547
8644, 0.34389, 0.206457, 0.0600433, 0, 1.55994e-09, 5.40833e-09, 0, 0, 0.266501, 1.00765e-07, 2.40327e-08, 1.06743, 0.970136, 2.93013e-07, 243.631
8645, 0.331474, 0.210299, 0.0613802, 0, 1.45157e-09, 5.01876e-09, 0, 0, 0.27168, 9.70843e-08, 2.21961e-08, 1.10421, 0.97013, 2.92878e-07, 244.311
8646, 0.316556, 0.214541, 0.0628727, 0, 1.32305e-09, 4.56446e-09, 0, 0, 0.277414, 9.26711e-08, 2.00899e-08, 1.15025, 0.970124, 2.92743e-07, 245.054
8647, 0.318853, 0.213575, 0.0626536, 0, 1.34564e-09, 4.64177e-09, 0, 0, 0.276229, 9.32971e-08, 2.04099e-08, 1.14302, 0.970118, 2.92608e-07, 244.892
8648, 0.332581, 0.209214, 0.0613233, 0, 1.4665e-09, 5.06445e-09, 0, 0, 0.270537, 9.72684e-08, 2.23022e-08, 1.10087, 0.970112, 2.92472e-07, 244.137
8649, 0.340735, 0.206777, 0.0606147, 0, 1.54083e-09, 5.32634e-09, 0, 0, 0.267391, 9.9608e-08, 2.34589e-08, 1.07665, 0.970106, 2.92335e-07, 243.712
8650, 0.339758, 0.207312, 0.0608588, 0, 1.53572e-09, 5.3019e-09, 0, 0, 0.268171, 9.92773e-08, 2.32954e-08, 1.07952, 0.9701, 2.92197e-07, 243.808
8651, 0.328099, 0.210934, 0.0621189, 0, 1.43559e-09, 4.94433e-09, 0, 0, 0.273053, 9.58266e-08, 2.16255e-08, 1.11444, 0.970094, 2.92058e-07, 244.446
8652, 0.312896, 0.215321, 0.0636501, 0, 1.30535e-09, 4.49101e-09, 0, 0, 0.278971, 9.13416e-08, 1.95471e-08, 1.16188, 0.970088, 2.91918e-07, 245.211
8653, 0.314225, 0.214673, 0.0635231, 0, 1.31951e-09, 4.53721e-09, 0, 0, 0.278196, 9.16817e-08, 1.97209e-08, 1.15764, 0.970082, 2.91777e-07, 245.103
8654, 0.330462, 0.209928, 0.062016, 0, 1.46701e-09, 5.04251e-09, 0, 0, 0.271944, 9.63709e-08, 2.19492e-08, 1.10727, 0.970076, 2.91634e-07, 244.278
8655, 0.341626, 0.207112, 0.0611078, 0, 1.5729e-09, 5.40859e-09, 0, 0, 0.26822, 9.95784e-08, 2.35382e-08, 1.07404, 0.97007, 2.91486e-07, 243.777
8656, 0.340387, 0.208221, 0.0614488, 0, 1.56548e-09, 5.3839e-09, 0, 0, 0.269669, 9.91675e-08, 2.33451e-08, 1.07767, 0.970064, 2.91333e-07, 243.962
8657, 0.327037, 0.212933, 0.0629573, 0, 1.44843e-09, 4.97612e-09, 0, 0, 0.275891, 9.52272e-08, 2.14321e-08, 1.11768, 0.970058, 2.91171e-07, 244.773
8658, 0.310778, 0.218084, 0.0646657, 0, 1.30723e-09, 4.4814e-09, 0, 0, 0.28275, 9.04367e-08, 1.91677e-08, 1.16868, 0.970052, 2.90994e-07, 245.653
8659, 0.309439, 0.218595, 0.0648385, 0, 1.29527e-09, 4.43564e-09, 0, 0, 0.283434, 8.99799e-08, 1.89031e-08, 1.17299, 0.970046, 2.9079e-07, 245.733
8660, 0.316849, 0.216766, 0.0641242, 0, 1.35747e-09, 4.66012e-09, 0, 0, 0.28089, 9.20502e-08, 1.98095e-08, 1.14933, 0.97004, 2.90524e-07, 245.399
8661, 0.321703, 0.215564, 0.0636959, 0, 1.3991e-09, 4.81534e-09, 0, 0, 0.27926, 9.33154e-08, 2.04342e-08, 1.13413, 0.970034, 2.90073e-07, 245.181
8662, 0.326923, 0.213553, 0.0632751, 0, 1.44641e-09, 4.96903e-09, 0, 0, 0.276828, 9.4491e-08, 2.1127e-08, 1.11803, 0.970028, 2.88966e-07, 244.858
8663, 0.323886, 0.2135, 0.0635945, 0, 1.4186e-09, 4.84966e-09, 0, 0, 0.277095, 9.28888e-08, 2.06541e-08, 1.12736, 0.970022, 2.86411e-07, 244.885
8664, 0.311747, 0.216306, 0.0647605, 0, 1.30815e-09, 4.44831e-09, 0, 0, 0.281067, 8.85878e-08, 1.89158e-08, 1.16556, 0.970016, 2.83503e-07, 245.392
8665, 0.312339, 0.215892, 0.0647407, 0, 1.31433e-09, 4.46217e-09, 0, 0, 0.280633, 8.88006e-08, 1.89541e-08, 1.16367, 0.97001, 2.83697e-07, 245.329
8666, 0.326253, 0.211637, 0.0633938, 0, 1.44602e-09, 4.92446e-09, 0, 0, 0.275031, 9.35769e-08, 2.09497e-08, 1.12008, 0.970004, 2.86504e-07, 244.593
8667, 0.33547, 0.208921, 0.0625353, 0, 1.53897e-09, 5.25513e-09, 0, 0, 0.271456, 9.68177e-08, 2.23637e-08, 1.09222, 0.969998, 2.88534e-07, 244.116
8668, 0.335538, 0.20947, 0.062711, 0, 1.54696e-09, 5.28594e-09, 0, 0, 0.272182, 9.70449e-08, 2.2431e-08, 1.09202, 0.969992, 2.89216e-07, 244.204
8669, 0.324451, 0.21349, 0.0639851, 0, 1.45193e-09, 4.96348e-09, 0, 0, 0.277475, 9.38827e-08, 2.09408e-08, 1.12562, 0.969986, 2.89357e-07, 244.89
8670, 0.305627, 0.21987, 0.065963, 0, 1.28654e-09, 4.40386e-09, 0, 0, 0.285833, 8.84326e-08, 1.84122e-08, 1.18539, 0.96998, 2.89346e-07, 245.958
8671, 0.298633, 0.223109, 0.066799, 0, 1.22359e-09, 4.18969e-09, 0, 0, 0.289908, 8.63881e-08, 1.73459e-08, 1.20854, 0.969974, 2.89281e-07, 246.468
8672, 0.308102, 0.221359, 0.0659875, 0, 1.30798e-09, 4.48451e-09, 0, 0, 0.287347, 8.90991e-08, 1.84896e-08, 1.17732, 0.969968, 2.89191e-07, 246.136
8673, 0.31487, 0.220694, 0.0654051, 0, 1.37498e-09, 4.73004e-09, 0, 0, 0.2861, 9.1025e-08, 1.94346e-08, 1.15559, 0.969962, 2.89087e-07, 245.97
8674, 0.303025, 0.229041, 0.0666184, 0, 1.29851e-09, 4.49006e-09, 0, 0, 0.295659, 8.75703e-08, 1.82063e-08, 1.19394, 0.969956, 2.88975e-07, 247.166
8675, 0.258966, 0.255854, 0.0700936, 0, 1.02599e-09, 3.57795e-09, 0, 0, 0.325948, 7.48135e-08, 1.41103e-08, 1.35106, 0.96995, 2.88858e-07, 250.799
8676, 0.184014, 0.303156, 0.0745128, 0, 6.24605e-10, 2.20556e-09, 0, 0, 0.377669, 5.31428e-08, 8.30817e-09, 1.69274, 0.969944, 2.88738e-07, 256.497
8677, 0.132609, 0.337999, 0.0768225, 0, 3.75095e-10, 1.3487e-09, 0, 0, 0.414821, 3.82749e-08, 4.76615e-09, 2.02035, 0.969938, 2.88615e-07, 260.262
8678, 0.16043, 0.320907, 0.0756274, 0, 5.04345e-10, 1.80847e-09, 0, 0, 0.396534, 4.62733e-08, 6.51901e-09, 1.8299, 0.969932, 2.8849e-07, 258.429
8679, 0.231269, 0.27429, 0.072208, 0, 8.57737e-10, 3.0252e-09, 0, 0, 0.346498, 6.668e-08, 1.14714e-08, 1.46417, 0.969926, 2.88364e-07, 253.109
8680, 0.278123, 0.243277, 0.0694452, 0, 1.11822e-09, 3.89421e-09, 0, 0, 0.312722, 8.01618e-08, 1.51948e-08, 1.27969, 0.96992, 2.88238e-07, 249.204
8681, 0.280797, 0.23887, 0.0695923, 0, 1.12608e-09, 3.89537e-09, 0, 0, 0.308462, 8.09034e-08, 1.52856e-08, 1.27012, 0.969914, 2.8811e-07, 248.685
8682, 0.244941, 0.256873, 0.0729317, 0, 8.89913e-10, 3.07627e-09, 0, 0, 0.329804, 7.05461e-08, 1.18324e-08, 1.40674, 0.969908, 2.87982e-07, 251.196
8683, 0.195153, 0.287186, 0.0772828, 0, 5.94652e-10, 2.07018e-09, 0, 0, 0.364469, 5.61817e-08, 7.54193e-09, 1.63397, 0.969902, 2.87854e-07, 255.048
8684, 0.178497, 0.300943, 0.0786638, 0, 5.17454e-10, 1.81922e-09, 0, 0, 0.379607, 5.13563e-08, 6.39766e-09, 1.72318, 0.969896, 2.87725e-07, 256.646
8685, 0.217316, 0.279204, 0.0753969, 0, 7.55452e-10, 2.63639e-09, 0, 0, 0.354601, 6.24907e-08, 9.76803e-09, 1.5264, 0.96989, 2.87596e-07, 253.963
8686, 0.270008, 0.246584, 0.0708041, 0, 1.07962e-09, 3.72094e-09, 0, 0, 0.317388, 7.76121e-08, 1.44369e-08, 1.3093, 0.969884, 2.87467e-07, 249.717
8687, 0.293262, 0.229435, 0.0686367, 0, 1.22293e-09, 4.17461e-09, 0, 0, 0.298071, 8.42638e-08, 1.6571e-08, 1.22669, 0.969878, 2.87337e-07, 247.371
8688, 0.293924, 0.225269, 0.0685396, 0, 1.21823e-09, 4.12858e-09, 0, 0, 0.293809, 8.4417e-08, 1.65496e-08, 1.22443, 0.969872, 2.87207e-07, 246.833
8689, 0.300848, 0.221981, 0.067904, 0, 1.28353e-09, 4.33035e-09, 0, 0, 0.289885, 8.63646e-08, 1.74627e-08, 1.20115, 0.969866, 2.87078e-07, 246.333
8690, 0.317357, 0.216581, 0.0662945, 0, 1.43759e-09, 4.84893e-09, 0, 0, 0.282875, 9.10629e-08, 1.96479e-08, 1.14773, 0.96986, 2.86949e-07, 245.433
8691, 0.326485, 0.21335, 0.0653365, 0, 1.52373e-09, 5.14518e-09, 0, 0, 0.278686, 9.36419e-08, 2.08857e-08, 1.11937, 0.969854, 2.8682e-07, 244.885
8692, 0.32274, 0.214025, 0.0656551, 0, 1.48754e-09, 5.02314e-09, 0, 0, 0.27968, 9.25279e-08, 2.03495e-08, 1.13091, 0.969848, 2.8669e-07, 245.006
8693, 0.309498, 0.218072, 0.067005, 0, 1.36324e-09, 4.60351e-09, 0, 0, 0.285077, 8.86925e-08, 1.85386e-08, 1.1728, 0.969842, 2.86561e-07, 245.693
8694, 0.293819, 0.223868, 0.0687436, 0, 1.22112e-09, 4.13107e-09, 0, 0, 0.292612, 8.41609e-08, 1.64716e-08, 1.22479, 0.969836, 2.86431e-07, 246.64
8695, 0.286194, 0.228518, 0.0697279, 0, 1.15699e-09, 3.92879e-09, 0, 0, 0.298246, 8.19382e-08, 1.54613e-08, 1.25109, 0.96983, 2.86302e-07, 247.335
8696, 0.282143, 0.234931, 0.070224, 0, 1.14227e-09, 3.90905e-09, 0, 0, 0.305155, 8.0743e-08, 1.51151e-08, 1.26534, 0.969824, 2.86172e-07, 248.176
8697, 0.255837, 0.25603, 0.0720017, 0, 1.00037e-09, 3.46836e-09, 0, 0, 0.328032, 7.31873e-08, 1.30284e-08, 1.36322, 0.969818, 2.86043e-07, 250.886
8698, 0.189598, 0.303389, 0.0745462, 0, 6.64483e-10, 2.3437e-09, 0, 0, 0.377936, 5.42209e-08, 8.40991e-09, 1.66285, 0.969812, 2.85913e-07, 256.378
8699, 0.113024, 0.359017, 0.0754414, 0, 3.23284e-10, 1.16572e-09, 0, 0, 0.434458, 3.23091e-08, 3.91139e-09, 2.18016, 0.969806, 2.85783e-07, 262.022
8700, 0.0940182, 0.371575, 0.0757121, 0, 2.39369e-10, 8.67912e-10, 0, 0, 0.447287, 2.68529e-08, 2.83546e-09, 2.36427, 0.9698, 2.85653e-07, 263.227
8701, 0.152337, 0.327047, 0.0758925, 0, 4.8488e-10, 1.71287e-09, 0, 0, 0.40294, 4.34833e-08, 6.03331e-09, 1.88166, 0.969794, 2.85523e-07, 258.925
8702, 0.233501, 0.271175, 0.0734578, 0, 8.94175e-10, 3.10357e-09, 0, 0, 0.344633, 6.66288e-08, 1.15351e-08, 1.45457, 0.969788, 2.85394e-07, 252.742
8703, 0.287462, 0.237259, 0.0699383, 0, 1.2276e-09, 4.21024e-09, 0, 0, 0.307198, 8.19969e-08, 1.62014e-08, 1.24667, 0.969782, 2.85264e-07, 248.375
8704, 0.308687, 0.223371, 0.0679496, 0, 1.37822e-09, 4.68749e-09, 0, 0, 0.291321, 8.80157e-08, 1.84029e-08, 1.17543, 0.969776, 2.85134e-07, 246.405
8705, 0.308717, 0.219938, 0.0677895, 0, 1.36648e-09, 4.62159e-09, 0, 0, 0.287728, 8.79865e-08, 1.83087e-08, 1.17533, 0.96977, 2.85004e-07, 245.944
8706, 0.300045, 0.220724, 0.0685523, 0, 1.28164e-09, 4.31803e-09, 0, 0, 0.289277, 8.5476e-08, 1.71625e-08, 1.20382, 0.969764, 2.84874e-07, 246.133
8707, 0.299635, 0.219874, 0.0685408, 0, 1.27951e-09, 4.29355e-09, 0, 0, 0.288415, 8.53178e-08, 1.71259e-08, 1.20519, 0.969758, 2.84743e-07, 246.016
8708, 0.313848, 0.215245, 0.0671105, 0, 1.41798e-09, 4.74804e-09, 0, 0, 0.282355, 8.93223e-08, 1.90447e-08, 1.15885, 0.969752, 2.84612e-07, 245.235
8709, 0.327995, 0.210932, 0.0657386, 0, 1.55489e-09, 5.21039e-09, 0, 0, 0.276671, 9.33067e-08, 2.09835e-08, 1.11476, 0.969746, 2.8448e-07, 244.49
8710, 0.331106, 0.209955, 0.0654871, 0, 1.58426e-09, 5.31018e-09, 0, 0, 0.275442, 9.41495e-08, 2.13998e-08, 1.10532, 0.96974, 2.84347e-07, 244.322
8711, 0.323133, 0.212433, 0.0663623, 0, 1.50653e-09, 5.04699e-09, 0, 0, 0.278795, 9.18408e-08, 2.0284e-08, 1.12969, 0.969734, 2.84213e-07, 244.752
8712, 0.309075, 0.216924, 0.0678613, 0, 1.37128e-09, 4.59787e-09, 0, 0, 0.284785, 8.78031e-08, 1.83897e-08, 1.17417, 0.969728, 2.84077e-07, 245.517
8713, 0.305394, 0.218205, 0.0683024, 0, 1.33648e-09, 4.48086e-09, 0, 0, 0.286507, 8.67119e-08, 1.78916e-08, 1.18615, 0.969722, 2.83938e-07, 245.73
8714, 0.318586, 0.213941, 0.0669616, 0, 1.46535e-09, 4.90073e-09, 0, 0, 0.280903, 9.04096e-08, 1.9651e-08, 1.14386, 0.969716, 2.83793e-07, 245.003
8715, 0.332125, 0.209464, 0.0655535, 0, 1.59947e-09, 5.34328e-09, 0, 0, 0.275017, 9.42014e-08, 2.15126e-08, 1.10224, 0.96971, 2.83637e-07, 244.23
8716, 0.333994, 0.208613, 0.0653318, 0, 1.61762e-09, 5.40197e-09, 0, 0, 0.273945, 9.46727e-08, 2.17585e-08, 1.09663, 0.969704, 2.83451e-07, 244.081
8717, 0.32463, 0.211254, 0.0662694, 0, 1.52219e-09, 5.0807e-09, 0, 0, 0.277523, 9.19237e-08, 2.03999e-08, 1.12507, 0.969698, 2.8315e-07, 244.543
8718, 0.311917, 0.215199, 0.0676506, 0, 1.39189e-09, 4.64677e-09, 0, 0, 0.282849, 8.80455e-08, 1.85686e-08, 1.16502, 0.969692, 2.82279e-07, 245.225
8719, 0.30887, 0.216158, 0.0680557, 0, 1.34865e-09, 4.50165e-09, 0, 0, 0.284214, 8.64038e-08, 1.79626e-08, 1.17483, 0.969686, 2.79869e-07, 245.393
8720, 0.317392, 0.212985, 0.0670779, 0, 1.41565e-09, 4.71712e-09, 0, 0, 0.280063, 8.78209e-08, 1.88866e-08, 1.14762, 0.96968, 2.76816e-07, 244.851
8721, 0.326886, 0.209535, 0.0659752, 0, 1.51188e-09, 5.03388e-09, 0, 0, 0.27551, 9.05158e-08, 2.02276e-08, 1.11814, 0.969674, 2.76869e-07, 244.25
8722, 0.330989, 0.208328, 0.0655973, 0, 1.57057e-09, 5.22962e-09, 0, 0, 0.273926, 9.25932e-08, 2.10311e-08, 1.10567, 0.969668, 2.79707e-07, 244.035
8723, 0.327645, 0.209599, 0.0660627, 0, 1.54863e-09, 5.15853e-09, 0, 0, 0.275661, 9.22992e-08, 2.07055e-08, 1.11582, 0.969662, 2.81705e-07, 244.256
8724, 0.318866, 0.212655, 0.0671397, 0, 1.46356e-09, 4.88268e-09, 0, 0, 0.279794, 9.0003e-08, 1.95236e-08, 1.14298, 0.969656, 2.82263e-07, 244.787
8725, 0.314735, 0.214431, 0.0677453, 0, 1.42252e-09, 4.74989e-09, 0, 0, 0.282176, 8.88489e-08, 1.89358e-08, 1.15602, 0.96965, 2.82299e-07, 245.088
8726, 0.321453, 0.212459, 0.0670592, 0, 1.49134e-09, 4.97214e-09, 0, 0, 0.279518, 9.07214e-08, 1.98446e-08, 1.1349, 0.969644, 2.82227e-07, 244.737
8727, 0.331173, 0.209234, 0.0659808, 0, 1.59237e-09, 5.30358e-09, 0, 0, 0.275215, 9.34317e-08, 2.12313e-08, 1.10511, 0.969638, 2.82127e-07, 244.168
8728, 0.334618, 0.207949, 0.065597, 0, 1.6294e-09, 5.42253e-09, 0, 0, 0.273546, 9.43675e-08, 2.17313e-08, 1.09477, 0.969632, 2.82015e-07, 243.941
8729, 0.328839, 0.209302, 0.0661558, 0, 1.57018e-09, 5.22123e-09, 0, 0, 0.275458, 9.27005e-08, 2.08947e-08, 1.11219, 0.969626, 2.81898e-07, 244.185
8730, 0.319019, 0.212212, 0.0672543, 0, 1.46883e-09, 4.88954e-09, 0, 0, 0.279467, 8.98935e-08, 1.95046e-08, 1.1425, 0.96962, 2.81777e-07, 244.701
8731, 0.315397, 0.213819, 0.067833, 0, 1.43118e-09, 4.77088e-09, 0, 0, 0.281652, 8.88327e-08, 1.8981e-08, 1.15392, 0.969614, 2.81654e-07, 244.977
8732, 0.320886, 0.212238, 0.0672611, 0, 1.4871e-09, 4.95089e-09, 0, 0, 0.279499, 9.03382e-08, 1.97092e-08, 1.13667, 0.969608, 2.81531e-07, 244.691
8733, 0.327391, 0.209736, 0.0664094, 0, 1.5543e-09, 5.1674e-09, 0, 0, 0.276146, 9.2129e-08, 2.06185e-08, 1.1166, 0.969602, 2.81406e-07, 244.246
8734, 0.330381, 0.208574, 0.066039, 0, 1.58612e-09, 5.27121e-09, 0, 0, 0.274613, 9.29293e-08, 2.10591e-08, 1.10751, 0.969596, 2.8128e-07, 244.038
8735, 0.328918, 0.209186, 0.0662714, 0, 1.57221e-09, 5.22478e-09, 0, 0, 0.275458, 9.24772e-08, 2.08607e-08, 1.11195, 0.96959, 2.81154e-07, 244.142
8736, 0.320928, 0.211641, 0.0671692, 0, 1.49188e-09, 4.95689e-09, 0, 0, 0.27881, 9.01907e-08, 1.97472e-08, 1.13654, 0.969584, 2.81027e-07, 244.572
8737, 0.315646, 0.213379, 0.0677993, 0, 1.43829e-09, 4.77771e-09, 0, 0, 0.281179, 8.86649e-08, 1.89993e-08, 1.15313, 0.969578, 2.809e-07, 244.872
8738, 0.322046, 0.211731, 0.0671864, 0, 1.50084e-09, 4.98515e-09, 0, 0, 0.278917, 9.04202e-08, 1.98486e-08, 1.13306, 0.969572, 2.80773e-07, 244.572
8739, 0.330697, 0.209062, 0.0662258, 0, 1.58642e-09, 5.27362e-09, 0, 0, 0.275288, 9.28077e-08, 2.10508e-08, 1.10655, 0.969566, 2.80645e-07, 244.09
8740, 0.333618, 0.208073, 0.0658724, 0, 1.6154e-09, 5.3741e-09, 0, 0, 0.273945, 9.35855e-08, 2.14749e-08, 1.09776, 0.96956, 2.80517e-07, 243.907
8741, 0.330374, 0.20908, 0.0662139, 0, 1.58179e-09, 5.26133e-09, 0, 0, 0.275294, 9.26338e-08, 2.10001e-08, 1.10753, 0.969554, 2.80388e-07, 244.077
8742, 0.321577, 0.211787, 0.0671475, 0, 1.49178e-09, 4.96088e-09, 0, 0, 0.278935, 9.01264e-08, 1.97421e-08, 1.13452, 0.969548, 2.80259e-07, 244.545
8743, 0.314646, 0.214037, 0.0679158, 0, 1.41996e-09, 4.72723e-09, 0, 0, 0.281953, 8.8142e-08, 1.87617e-08, 1.15631, 0.969542, 2.8013e-07, 244.929
8744, 0.317812, 0.213142, 0.0675978, 0, 1.44924e-09, 4.82973e-09, 0, 0, 0.280739, 8.89864e-08, 1.91812e-08, 1.1463, 0.969536, 2.8e-07, 244.765
8745, 0.323187, 0.210894, 0.066874, 0, 1.50132e-09, 5.0019e-09, 0, 0, 0.277768, 9.04497e-08, 1.99195e-08, 1.12952, 0.96953, 2.79869e-07, 244.372
8746, 0.323813, 0.209916, 0.0666125, 0, 1.50697e-09, 5.01483e-09, 0, 0, 0.276528, 9.05828e-08, 2.00062e-08, 1.12759, 0.969524, 2.79738e-07, 244.202
8747, 0.323582, 0.210107, 0.0666826, 0, 1.50534e-09, 5.00402e-09, 0, 0, 0.27679, 9.0475e-08, 1.99595e-08, 1.1283, 0.969518, 2.79604e-07, 244.229
8748, 0.322437, 0.211289, 0.0670502, 0, 1.49386e-09, 4.96554e-09, 0, 0, 0.278339, 9.01115e-08, 1.97713e-08, 1.13185, 0.969512, 2.79469e-07, 244.425
8749, 0.321643, 0.212359, 0.0673816, 0, 1.48493e-09, 4.94028e-09, 0, 0, 0.279741, 8.98447e-08, 1.96383e-08, 1.13431, 0.969506, 2.79331e-07, 244.6
8750, 0.32621, 0.211383, 0.0670035, 0, 1.5311e-09, 5.09899e-09, 0, 0, 0.278386, 9.10735e-08, 2.02826e-08, 1.12021, 0.9695, 2.7919e-07, 244.416
8751, 0.331888, 0.209468, 0.0663292, 0, 1.58892e-09, 5.29451e-09, 0, 0, 0.275797, 9.26102e-08, 2.11024e-08, 1.10296, 0.969494, 2.79043e-07, 244.07
8752, 0.335019, 0.208416, 0.0659611, 0, 1.62095e-09, 5.40179e-09, 0, 0, 0.274377, 9.34319e-08, 2.15542e-08, 1.09357, 0.969488, 2.78887e-07, 243.877
8753, 0.33543, 0.208608, 0.0660038, 0, 1.62523e-09, 5.4139e-09, 0, 0, 0.274612, 9.34906e-08, 2.1591e-08, 1.09234, 0.969482, 2.78717e-07, 243.9
8754, 0.330363, 0.210329, 0.066597, 0, 1.57305e-09, 5.23486e-09, 0, 0, 0.276926, 9.20159e-08, 2.08352e-08, 1.10756, 0.969476, 2.78524e-07, 244.197
8755, 0.322572, 0.212427, 0.0673545, 0, 1.49299e-09, 4.96528e-09, 0, 0, 0.279782, 8.97683e-08, 1.97221e-08, 1.13143, 0.96947, 2.78285e-07, 244.562
8756, 0.321005, 0.212539, 0.0674016, 0, 1.4749e-09, 4.90784e-09, 0, 0, 0.279941, 8.92184e-08, 1.94924e-08, 1.1363, 0.969464, 2.7794e-07, 244.575
8757, 0.325172, 0.211314, 0.0669045, 0, 1.51352e-09, 5.04466e-09, 0, 0, 0.278218, 9.01669e-08, 2.0052e-08, 1.1234, 0.969458, 2.77292e-07, 244.344
8758, 0.326441, 0.211834, 0.0668425, 0, 1.52194e-09, 5.08631e-09, 0, 0, 0.278676, 9.00754e-08, 2.01753e-08, 1.11951, 0.969452, 2.75875e-07, 244.397
8759, 0.320019, 0.21554, 0.067681, 0, 1.45153e-09, 4.86551e-09, 0, 0, 0.283221, 8.76011e-08, 1.91575e-08, 1.13938, 0.969446, 2.73609e-07, 244.978
8760, 0.311891, 0.219318, 0.0686922, 0, 1.36736e-09, 4.58775e-09, 0, 0, 0.28801, 8.49412e-08, 1.79293e-08, 1.1651, 0.96944, 2.72262e-07, 245.585
8761, 0.310359, 0.21894, 0.0688071, 0, 1.35741e-09, 4.54133e-09, 0, 0, 0.287747, 8.48676e-08, 1.77884e-08, 1.17003, 0.969434, 2.73408e-07, 245.544
8762, 0.317778, 0.215145, 0.0679266, 0, 1.43762e-09, 4.79679e-09, 0, 0, 0.283072, 8.75371e-08, 1.89447e-08, 1.1464, 0.969428, 2.75416e-07, 244.938
8763, 0.328343, 0.211349, 0.0668285, 0, 1.54399e-09, 5.15158e-09, 0, 0, 0.278177, 9.08136e-08, 2.04599e-08, 1.1137, 0.969422, 2.76557e-07, 244.296
8764, 0.333941, 0.209538, 0.066261, 0, 1.59957e-09, 5.3411e-09, 0, 0, 0.275799, 9.24837e-08, 2.12586e-08, 1.09679, 0.969416, 2.76942e-07, 243.977
8765, 0.334576, 0.209563, 0.0662681, 0, 1.6067e-09, 5.36594e-09, 0, 0, 0.275831, 9.26889e-08, 2.13546e-08, 1.09489, 0.96941, 2.77033e-07, 243.974
8766, 0.329718, 0.211142, 0.0668256, 0, 1.55812e-09, 5.20129e-09, 0, 0, 0.277968, 9.13392e-08, 2.06648e-08, 1.10952, 0.969404, 2.7702e-07, 244.247
8767, 0.321566, 0.212995, 0.0675271, 0, 1.47603e-09, 4.91847e-09, 0, 0, 0.280522, 8.90625e-08, 1.95101e-08, 1.13455, 0.969398, 2.76963e-07, 244.572
8768, 0.319928, 0.212994, 0.0675492, 0, 1.45915e-09, 4.85465e-09, 0, 0, 0.280543, 8.85819e-08, 1.92568e-08, 1.13966, 0.969392, 2.76883e-07, 244.568
8769, 0.325633, 0.211828, 0.0670542, 0, 1.51551e-09, 5.04956e-09, 0, 0, 0.278882, 9.01307e-08, 2.0035e-08, 1.12198, 0.969386, 2.76788e-07, 244.345
8770, 0.329123, 0.211732, 0.0668625, 0, 1.55085e-09, 5.1771e-09, 0, 0, 0.278594, 9.10634e-08, 2.05114e-08, 1.11133, 0.96938, 2.76686e-07, 244.3
8771, 0.327637, 0.212558, 0.0670706, 0, 1.53668e-09, 5.1297e-09, 0, 0, 0.279628, 9.06175e-08, 2.02874e-08, 1.11585, 0.969374, 2.76577e-07, 244.428
8772, 0.324019, 0.213212, 0.0673868, 0, 1.49921e-09, 5.00037e-09, 0, 0, 0.280599, 8.95804e-08, 1.97764e-08, 1.12695, 0.969368, 2.76466e-07, 244.547
8773, 0.323262, 0.213217, 0.0674853, 0, 1.48883e-09, 4.96625e-09, 0, 0, 0.280702, 8.93337e-08, 1.96598e-08, 1.12929, 0.969362, 2.76351e-07, 244.553
8774, 0.32577, 0.212465, 0.067245, 0, 1.51198e-09, 5.0456e-09, 0, 0, 0.27971, 8.99887e-08, 1.99941e-08, 1.12156, 0.969356, 2.76235e-07, 244.417
8775, 0.328119, 0.211596, 0.0669426, 0, 1.53482e-09, 5.12621e-09, 0, 0, 0.278539, 9.05989e-08, 2.03346e-08, 1.11438, 0.96935, 2.76117e-07, 244.257
8776, 0.330578, 0.211008, 0.0667094, 0, 1.56008e-09, 5.21493e-09, 0, 0, 0.277717, 9.12385e-08, 2.06947e-08, 1.10691, 0.969344, 2.75998e-07, 244.143
8777, 0.332219, 0.211005, 0.0666501, 0, 1.578e-09, 5.27521e-09, 0, 0, 0.277655, 9.1652e-08, 2.09206e-08, 1.10196, 0.969338, 2.75879e-07, 244.127
8778, 0.328995, 0.212199, 0.0670289, 0, 1.54665e-09, 5.16619e-09, 0, 0, 0.279228, 9.0724e-08, 2.0454e-08, 1.11171, 0.969332, 2.75758e-07, 244.326
8779, 0.321478, 0.214086, 0.0676929, 0, 1.47199e-09, 4.90651e-09, 0, 0, 0.281779, 8.86124e-08, 1.93848e-08, 1.13483, 0.969326, 2.75638e-07, 244.65
8780, 0.316209, 0.215085, 0.0680479, 0, 1.41997e-09, 4.7248e-09, 0, 0, 0.283133, 8.71211e-08, 1.86438e-08, 1.15135, 0.96932, 2.75516e-07, 244.818
8781, 0.316915, 0.21486, 0.0679231, 0, 1.42646e-09, 4.75353e-09, 0, 0, 0.282783, 8.72763e-08, 1.87547e-08, 1.14912, 0.969314, 2.75395e-07, 244.765
8782, 0.32143, 0.214327, 0.0676237, 0, 1.46919e-09, 4.91326e-09, 0, 0, 0.281951, 8.84805e-08, 1.93772e-08, 1.13498, 0.969308, 2.75274e-07, 244.651
8783, 0.322641, 0.214763, 0.0676422, 0, 1.48013e-09, 4.96029e-09, 0, 0, 0.282405, 8.87756e-08, 1.95302e-08, 1.13121, 0.969302, 2.75152e-07, 244.702
8784, 0.317672, 0.216718, 0.0681814, 0, 1.43162e-09, 4.80148e-09, 0, 0, 0.284899, 8.73703e-08, 1.88413e-08, 1.14673, 0.969296, 2.7503e-07, 245.017
8785, 0.31249, 0.219175, 0.0688105, 0, 1.38174e-09, 4.64214e-09, 0, 0, 0.287986, 8.59063e-08, 1.81276e-08, 1.16318, 0.96929, 2.74907e-07, 245.405
8786, 0.311281, 0.221285, 0.0691474, 0, 1.37224e-09, 4.62656e-09, 0, 0, 0.290433, 8.55357e-08, 1.79607e-08, 1.16706, 0.969284, 2.74785e-07, 245.709
8787, 0.307832, 0.224897, 0.0696953, 0, 1.34656e-09, 4.56104e-09, 0, 0, 0.294593, 8.45512e-08, 1.7548e-08, 1.1782, 0.969278, 2.74663e-07, 246.227
8788, 0.293396, 0.234109, 0.0712464, 0, 1.23701e-09, 4.2147e-09, 0, 0, 0.305356, 8.05526e-08, 1.59432e-08, 1.22623, 0.969272, 2.74541e-07, 247.554
8789, 0.25761, 0.256422, 0.0742078, 0, 9.98468e-10, 3.43414e-09, 0, 0, 0.33063, 7.07003e-08, 1.25941e-08, 1.35631, 0.969266, 2.74419e-07, 250.556
8790, 0.193102, 0.300576, 0.0775298, 0, 6.51552e-10, 2.2761e-09, 0, 0, 0.378106, 5.29781e-08, 7.94088e-09, 1.64454, 0.96926, 2.74296e-07, 255.794
8791, 0.119829, 0.354293, 0.0791219, 0, 3.2996e-10, 1.17847e-09, 0, 0, 0.433415, 3.28624e-08, 3.8272e-09, 2.12169, 0.969254, 2.74174e-07, 261.354
8792, 0.0954993, 0.371748, 0.0794522, 0, 2.29679e-10, 8.32137e-10, 0, 0, 0.4512, 2.61695e-08, 2.58765e-09, 2.34864, 0.969248, 2.74052e-07, 263.034
8793, 0.143923, 0.334095, 0.0792079, 0, 4.15829e-10, 1.47771e-09, 0, 0, 0.413303, 3.94144e-08, 4.92491e-09, 1.93848, 0.969242, 2.73929e-07, 259.378
8794, 0.214664, 0.282669, 0.0771186, 0, 7.32014e-10, 2.55354e-09, 0, 0, 0.359787, 5.87674e-08, 8.99953e-09, 1.53868, 0.969236, 2.73807e-07, 253.802
8795, 0.259478, 0.251889, 0.0744498, 0, 9.72383e-10, 3.34799e-09, 0, 0, 0.326338, 7.10108e-08, 1.22153e-08, 1.34908, 0.96923, 2.73684e-07, 250.016
8796, 0.27588, 0.24029, 0.072991, 0, 1.07389e-09, 3.67069e-09, 0, 0, 0.313281, 7.54693e-08, 1.3638e-08, 1.28779, 0.969224, 2.73562e-07, 248.461
8797, 0.278685, 0.237819, 0.0726802, 0, 1.09045e-09, 3.72192e-09, 0, 0, 0.310499, 7.62036e-08, 1.38979e-08, 1.27767, 0.969218, 2.7344e-07, 248.118
8798, 0.279142, 0.239238, 0.0728255, 0, 1.09524e-09, 3.7521e-09, 0, 0, 0.312064, 7.62946e-08, 1.39429e-08, 1.27603, 0.969212, 2.73318e-07, 248.3
8799, 0.274592, 0.244567, 0.0735351, 0, 1.06672e-09, 3.67979e-09, 0, 0, 0.318102, 7.50189e-08, 1.34925e-08, 1.29247, 0.969206, 2.73195e-07, 249.017
8800, 0.254743, 0.257152, 0.0754208, 0, 9.31899e-10, 3.24719e-09, 0, 0, 0.332573, 6.95675e-08, 1.16097e-08, 1.3675, 0.9692, 2.73073e-07, 250.707
8801, 0.216383, 0.281634, 0.0780859, 0, 7.0302e-10, 2.48752e-09, 0, 0, 0.35972, 5.90683e-08, 8.50963e-09, 1.53071, 0.969194, 2.72949e-07, 253.749
8802, 0.1593, 0.3246, 0.0788805, 0, 4.38807e-10, 1.58652e-09, 0, 0, 0.403481, 4.34706e-08, 5.07237e-09, 1.83697, 0.969188, 2.72827e-07, 258.338
8803, 0.0908779, 0.387032, 0.072467, 0, 2.0521e-10, 7.61609e-10, 0, 0, 0.459499, 2.47924e-08, 2.23155e-09, 2.39824, 0.969182, 2.72706e-07, 263.741
8804, 0.0362158, 0.447583, 0.0592813, 0, 6.42887e-11, 2.45569e-10, 0, 0, 0.506864, 9.87742e-09, 6.49678e-10, 3.31826, 0.969176, 2.72586e-07, 267.969
8805, 0.0173327, 0.469175, 0.0539969, 0, 2.27912e-11, 8.83753e-11, 0, 0, 0.523172, 4.72239e-09, 2.13146e-10, 4.05516, 0.96917, 2.72464e-07, 269.359
8806, 0.0378193, 0.438613, 0.0642122, 0, 6.41904e-11, 2.39215e-10, 0, 0, 0.502826, 1.02942e-08, 6.55429e-10, 3.27494, 0.969164, 2.72343e-07, 267.608
8807, 0.0931687, 0.378442, 0.076301, 0, 2.12304e-10, 7.71967e-10, 0, 0, 0.454743, 2.53528e-08, 2.33685e-09, 2.37334, 0.969158, 2.72221e-07, 263.277
8808, 0.163605, 0.319104, 0.0799421, 0, 4.6181e-10, 1.64669e-09, 0, 0, 0.399046, 4.45071e-08, 5.36573e-09, 1.8103, 0.969152, 2.721e-07, 257.851
8809, 0.221075, 0.277831, 0.0780373, 0, 7.27678e-10, 2.55185e-09, 0, 0, 0.355869, 6.01208e-08, 8.81984e-09, 1.50925, 0.969146, 2.71978e-07, 253.274
8810, 0.259501, 0.253617, 0.0750498, 0, 9.62221e-10, 3.33171e-09, 0, 0, 0.328667, 7.05425e-08, 1.20468e-08, 1.34899, 0.96914, 2.71856e-07, 250.187
8811, 0.286322, 0.239161, 0.0724967, 0, 1.16116e-09, 3.98632e-09, 0, 0, 0.311658, 7.78005e-08, 1.48401e-08, 1.25064, 0.969134, 2.71735e-07, 248.163
8812, 0.301632, 0.230783, 0.0708794, 0, 1.28353e-09, 4.37715e-09, 0, 0, 0.301663, 8.19258e-08, 1.65743e-08, 1.19855, 0.969128, 2.71613e-07, 246.934
8813, 0.304361, 0.226715, 0.0702702, 0, 1.3031e-09, 4.41107e-09, 0, 0, 0.296985, 8.26317e-08, 1.68741e-08, 1.18954, 0.969122, 2.71492e-07, 246.346
8814, 0.301191, 0.224949, 0.0701954, 0, 1.27234e-09, 4.27316e-09, 0, 0, 0.295144, 8.17347e-08, 1.6454e-08, 1.20001, 0.969116, 2.71371e-07, 246.109
8815, 0.303088, 0.223561, 0.0699787, 0, 1.28625e-09, 4.31016e-09, 0, 0, 0.29354, 8.22118e-08, 1.66615e-08, 1.19373, 0.96911, 2.71249e-07, 245.9
8816, 0.308912, 0.222304, 0.0696127, 0, 1.33523e-09, 4.48925e-09, 0, 0, 0.291917, 8.37541e-08, 1.73873e-08, 1.1747, 0.969104, 2.71128e-07, 245.688
8817, 0.313083, 0.221061, 0.06927, 0, 1.371e-09, 4.61924e-09, 0, 0, 0.290331, 8.48472e-08, 1.79303e-08, 1.16129, 0.969098, 2.71007e-07, 245.48
8818, 0.31651, 0.219273, 0.0688458, 0, 1.4013e-09, 4.7189e-09, 0, 0, 0.288119, 8.57377e-08, 1.83869e-08, 1.1504, 0.969092, 2.70886e-07, 245.191
8819, 0.317812, 0.217962, 0.06859, 0, 1.4132e-09, 4.74927e-09, 0, 0, 0.286552, 8.60527e-08, 1.85631e-08, 1.14629, 0.969086, 2.70765e-07, 244.984
8820, 0.312902, 0.218186, 0.0688379, 0, 1.36861e-09, 4.57976e-09, 0, 0, 0.287024, 8.46861e-08, 1.79213e-08, 1.16186, 0.96908, 2.70644e-07, 245.037
8821, 0.308883, 0.218459, 0.0690639, 0, 1.33075e-09, 4.43955e-09, 0, 0, 0.287523, 8.35599e-08, 1.73887e-08, 1.17479, 0.969074, 2.70523e-07, 245.094
8822, 0.314352, 0.217345, 0.0686821, 0, 1.37919e-09, 4.61261e-09, 0, 0, 0.286027, 8.50002e-08, 1.80914e-08, 1.15724, 0.969068, 2.70402e-07, 244.896
8823, 0.322908, 0.216051, 0.0681344, 0, 1.45833e-09, 4.89471e-09, 0, 0, 0.284185, 8.72752e-08, 1.9205e-08, 1.13039, 0.969062, 2.70281e-07, 244.652
8824, 0.327673, 0.21563, 0.067899, 0, 1.50351e-09, 5.05652e-09, 0, 0, 0.283529, 8.85241e-08, 1.98277e-08, 1.11574, 0.969056, 2.70161e-07, 244.56
8825, 0.328222, 0.21583, 0.0679612, 0, 1.50828e-09, 5.07425e-09, 0, 0, 0.283792, 8.86335e-08, 1.9887e-08, 1.11406, 0.96905, 2.7004e-07, 244.587
8826, 0.325021, 0.216049, 0.068154, 0, 1.4775e-09, 4.95726e-09, 0, 0, 0.284203, 8.77305e-08, 1.94407e-08, 1.12386, 0.969044, 2.6992e-07, 244.633
8827, 0.31734, 0.21637, 0.068491, 0, 1.40542e-09, 4.68466e-09, 0, 0, 0.284861, 8.56194e-08, 1.83999e-08, 1.14778, 0.969038, 2.69799e-07, 244.711
8828, 0.310061, 0.216713, 0.0688007, 0, 1.33732e-09, 4.43099e-09, 0, 0, 0.285514, 8.36175e-08, 1.74285e-08, 1.17099, 0.969032, 2.69679e-07, 244.788
8829, 0.31213, 0.215951, 0.0685764, 0, 1.35566e-09, 4.49688e-09, 0, 0, 0.284527, 8.41362e-08, 1.7716e-08, 1.16434, 0.969026, 2.69558e-07, 244.654
8830, 0.322886, 0.214054, 0.0678428, 0, 1.4558e-09, 4.85775e-09, 0, 0, 0.281897, 8.69961e-08, 1.91704e-08, 1.13046, 0.96902, 2.69438e-07, 244.307
8831, 0.331615, 0.212682, 0.0672911, 0, 1.53817e-09, 5.15272e-09, 0, 0, 0.279973, 8.9309e-08, 2.03494e-08, 1.10378, 0.969014, 2.69318e-07, 244.05
8832, 0.331451, 0.212984, 0.0673746, 0, 1.53766e-09, 5.14669e-09, 0, 0, 0.280359, 8.92263e-08, 2.03107e-08, 1.10428, 0.969008, 2.69197e-07, 244.093
8833, 0.324708, 0.214526, 0.0679161, 0, 1.4757e-09, 4.91609e-09, 0, 0, 0.282442, 8.73727e-08, 1.9365e-08, 1.12483, 0.969002, 2.69077e-07, 244.357
8834, 0.318727, 0.215788, 0.0683678, 0, 1.4174e-09, 4.7083e-09, 0, 0, 0.284156, 8.57243e-08, 1.85204e-08, 1.14342, 0.968996, 2.68957e-07, 244.572
8835, 0.31653, 0.215875, 0.0684569, 0, 1.39188e-09, 4.6283e-09, 0, 0, 0.284332, 8.50948e-08, 1.82176e-08, 1.15034, 0.96899, 2.68837e-07, 244.587
8836, 0.31934, 0.214807, 0.0681623, 0, 1.41528e-09, 4.71849e-09, 0, 0, 0.28297, 8.58112e-08, 1.8611e-08, 1.1415, 0.968984, 2.68717e-07, 244.404
8837, 0.325722, 0.213412, 0.0676992, 0, 1.47413e-09, 4.93211e-09, 0, 0, 0.281111, 8.74872e-08, 1.94834e-08, 1.12171, 0.968978, 2.68597e-07, 244.156
8838, 0.325393, 0.213349, 0.0677318, 0, 1.46925e-09, 4.92393e-09, 0, 0, 0.281081, 8.73613e-08, 1.94565e-08, 1.12272, 0.968972, 2.68477e-07, 244.145
8839, 0.317197, 0.214553, 0.0682733, 0, 1.38958e-09, 4.65191e-09, 0, 0, 0.282826, 8.51231e-08, 1.8375e-08, 1.14823, 0.968966, 2.68357e-07, 244.365
8840, 0.311945, 0.21526, 0.0685939, 0, 1.3404e-09, 4.47514e-09, 0, 0, 0.283854, 8.36753e-08, 1.76726e-08, 1.16493, 0.96896, 2.68237e-07, 244.491
8841, 0.315647, 0.214592, 0.0683299, 0, 1.37512e-09, 4.58913e-09, 0, 0, 0.282922, 8.46293e-08, 1.8129e-08, 1.15313, 0.968954, 2.68117e-07, 244.363
8842, 0.322792, 0.213467, 0.0678707, 0, 1.43916e-09, 4.81717e-09, 0, 0, 0.281338, 8.65067e-08, 1.90421e-08, 1.13075, 0.968948, 2.67998e-07, 244.151
8843, 0.325325, 0.213137, 0.0677343, 0, 1.46092e-09, 4.9003e-09, 0, 0, 0.280872, 8.71473e-08, 1.93749e-08, 1.12293, 0.968942, 2.67878e-07, 244.083
8844, 0.323587, 0.213549, 0.0678905, 0, 1.44457e-09, 4.8422e-09, 0, 0, 0.281439, 8.66434e-08, 1.91369e-08, 1.12829, 0.968936, 2.67758e-07, 244.15
8845, 0.320366, 0.21419, 0.0681338, 0, 1.41569e-09, 4.73467e-09, 0, 0, 0.282323, 8.57427e-08, 1.86991e-08, 1.13829, 0.96893, 2.67638e-07, 244.258
8846, 0.317163, 0.214733, 0.0683414, 0, 1.38891e-09, 4.63186e-09, 0, 0, 0.283074, 8.48474e-08, 1.82829e-08, 1.14834, 0.968924, 2.67519e-07, 244.349
8847, 0.315813, 0.214902, 0.0684039, 0, 1.37916e-09, 4.59064e-09, 0, 0, 0.283306, 8.44479e-08, 1.81172e-08, 1.15261, 0.968918, 2.67399e-07, 244.372
8848, 0.316657, 0.214923, 0.0683738, 0, 1.38625e-09, 4.61756e-09, 0, 0, 0.283296, 8.46356e-08, 1.82165e-08, 1.14994, 0.968912, 2.67279e-07, 244.364
8849, 0.318205, 0.215435, 0.068432, 0, 1.39748e-09, 4.67048e-09, 0, 0, 0.283867, 8.50112e-08, 1.83911e-08, 1.14506, 0.968906, 2.67159e-07, 244.431
8850, 0.320857, 0.216161, 0.0685028, 0, 1.41968e-09, 4.76437e-09, 0, 0, 0.284664, 8.56809e-08, 1.87099e-08, 1.13676, 0.9689, 2.67039e-07, 244.527
8851, 0.326059, 0.215688, 0.0682453, 0, 1.46837e-09, 4.93784e-09, 0, 0, 0.283934, 8.70308e-08, 1.93856e-08, 1.12068, 0.968894, 2.6692e-07, 244.425
8852, 0.329764, 0.214262, 0.0678362, 0, 1.50558e-09, 5.05647e-09, 0, 0, 0.282098, 8.79809e-08, 1.99013e-08, 1.10938, 0.968888, 2.668e-07, 244.181
8853, 0.326302, 0.213787, 0.0678483, 0, 1.47736e-09, 4.93676e-09, 0, 0, 0.281636, 8.70193e-08, 1.94706e-08, 1.11993, 0.968882, 2.6668e-07, 244.114
8854, 0.320451, 0.214163, 0.0681182, 0, 1.42319e-09, 4.73099e-09, 0, 0, 0.282281, 8.54201e-08, 1.8672e-08, 1.13803, 0.968876, 2.6656e-07, 244.191
8855, 0.319016, 0.214268, 0.0682065, 0, 1.40466e-09, 4.66719e-09, 0, 0, 0.282475, 8.49984e-08, 1.84271e-08, 1.14251, 0.96887, 2.6644e-07, 244.209
8856, 0.319404, 0.214265, 0.0682116, 0, 1.40564e-09, 4.6705e-09, 0, 0, 0.282476, 8.50632e-08, 1.84423e-08, 1.1413, 0.968864, 2.66318e-07, 244.202
8857, 0.318959, 0.214427, 0.0682691, 0, 1.40179e-09, 4.6513e-09, 0, 0, 0.282696, 8.49058e-08, 1.83609e-08, 1.14269, 0.968858, 2.66196e-07, 244.224
8858, 0.319237, 0.214434, 0.0682614, 0, 1.40629e-09, 4.66337e-09, 0, 0, 0.282695, 8.49411e-08, 1.84034e-08, 1.14182, 0.968852, 2.66076e-07, 244.217
8859, 0.32071, 0.21419, 0.068146, 0, 1.42531e-09, 4.72075e-09, 0, 0, 0.282336, 8.52935e-08, 1.86283e-08, 1.13722, 0.968846, 2.65954e-07, 244.163
8860, 0.325919, 0.213485, 0.067826, 0, 1.47316e-09, 4.89826e-09, 0, 0, 0.281311, 8.6638e-08, 1.93334e-08, 1.12111, 0.96884, 2.6583e-07, 244.023
8861, 0.332501, 0.212633, 0.0674557, 0, 1.52722e-09, 5.11666e-09, 0, 0, 0.280089, 8.83459e-08, 2.02044e-08, 1.10111, 0.968834, 2.65703e-07, 243.857
8862, 0.335614, 0.212183, 0.0672829, 0, 1.55186e-09, 5.21886e-09, 0, 0, 0.279466, 8.91299e-08, 2.06157e-08, 1.09179, 0.968828, 2.65573e-07, 243.769
8863, 0.336113, 0.21212, 0.0672663, 0, 1.55649e-09, 5.23263e-09, 0, 0, 0.279386, 8.92173e-08, 2.06707e-08, 1.09031, 0.968822, 2.65437e-07, 243.751
8864, 0.331836, 0.212776, 0.0675413, 0, 1.51969e-09, 5.08681e-09, 0, 0, 0.280317, 8.80342e-08, 2.00856e-08, 1.10311, 0.968816, 2.6529e-07, 243.866
8865, 0.321123, 0.214274, 0.0681797, 0, 1.42719e-09, 4.73263e-09, 0, 0, 0.282454, 8.51367e-08, 1.86733e-08, 1.13593, 0.96881, 2.65114e-07, 244.138
8866, 0.312109, 0.2155, 0.0687034, 0, 1.3499e-09, 4.43738e-09, 0, 0, 0.284203, 8.26576e-08, 1.74975e-08, 1.1644, 0.968804, 2.64836e-07, 244.357
8867, 0.312176, 0.215495, 0.0687024, 0, 1.34743e-09, 4.42823e-09, 0, 0, 0.284198, 8.24293e-08, 1.74591e-08, 1.16419, 0.968798, 2.64087e-07, 244.35
8868, 0.320662, 0.214371, 0.0682291, 0, 1.40533e-09, 4.65971e-09, 0, 0, 0.2826, 8.3978e-08, 1.83807e-08, 1.13737, 0.968792, 2.61966e-07, 244.136
8869, 0.328314, 0.213404, 0.0678196, 0, 1.44845e-09, 4.84646e-09, 0, 0, 0.281224, 8.50057e-08, 1.91275e-08, 1.11378, 0.968786, 2.58921e-07, 243.95
8870, 0.3272, 0.213695, 0.0679286, 0, 1.43337e-09, 4.80398e-09, 0, 0, 0.281624, 8.45778e-08, 1.8956e-08, 1.11718, 0.96878, 2.58504e-07, 243.995
8871, 0.318066, 0.215099, 0.0684978, 0, 1.37109e-09, 4.56494e-09, 0, 0, 0.283597, 8.30409e-08, 1.79931e-08, 1.1455, 0.968774, 2.61174e-07, 244.245
8872, 0.31031, 0.216268, 0.0689716, 0, 1.31922e-09, 4.35571e-09, 0, 0, 0.28524, 8.16928e-08, 1.71475e-08, 1.17018, 0.968768, 2.63307e-07, 244.45
8873, 0.316107, 0.215503, 0.0686379, 0, 1.37325e-09, 4.54729e-09, 0, 0, 0.284141, 8.3439e-08, 1.79031e-08, 1.15167, 0.968762, 2.63962e-07, 244.302
8874, 0.328069, 0.213834, 0.0679316, 0, 1.47653e-09, 4.93478e-09, 0, 0, 0.281765, 8.66227e-08, 1.9448e-08, 1.11453, 0.968756, 2.64038e-07, 243.986
8875, 0.333397, 0.213095, 0.0676281, 0, 1.52134e-09, 5.11219e-09, 0, 0, 0.280723, 8.80124e-08, 2.01606e-08, 1.09842, 0.96875, 2.63987e-07, 243.844
8876, 0.334054, 0.213061, 0.0676131, 0, 1.52582e-09, 5.13633e-09, 0, 0, 0.280674, 8.81577e-08, 2.02575e-08, 1.09645, 0.968744, 2.63902e-07, 243.831
8877, 0.334662, 0.213044, 0.0675878, 0, 1.53162e-09, 5.1574e-09, 0, 0, 0.280632, 8.82854e-08, 2.0336e-08, 1.09463, 0.968738, 2.63805e-07, 243.818
8878, 0.332611, 0.213386, 0.0677165, 0, 1.51312e-09, 5.08813e-09, 0, 0, 0.281103, 8.77101e-08, 2.0055e-08, 1.10078, 0.968732, 2.637e-07, 243.873
8879, 0.323746, 0.214705, 0.0682604, 0, 1.43775e-09, 4.80159e-09, 0, 0, 0.282965, 8.53383e-08, 1.89092e-08, 1.1278, 0.968726, 2.63592e-07, 244.108
8880, 0.309104, 0.216914, 0.0691558, 0, 1.31904e-09, 4.34205e-09, 0, 0, 0.28607, 8.14449e-08, 1.70714e-08, 1.17408, 0.96872, 2.63481e-07, 244.503
8881, 0.30344, 0.218071, 0.0695669, 0, 1.2707e-09, 4.16026e-09, 0, 0, 0.287638, 7.99161e-08, 1.63301e-08, 1.19257, 0.968714, 2.63369e-07, 244.698
8882, 0.314085, 0.216975, 0.0690247, 0, 1.35412e-09, 4.48751e-09, 0, 0, 0.286, 8.26828e-08, 1.76122e-08, 1.15809, 0.968708, 2.63255e-07, 244.48
8883, 0.322125, 0.215752, 0.068529, 0, 1.42251e-09, 4.74672e-09, 0, 0, 0.284281, 8.47641e-08, 1.86477e-08, 1.13282, 0.968702, 2.63141e-07, 244.252
8884, 0.318138, 0.215881, 0.0686803, 0, 1.39333e-09, 4.62559e-09, 0, 0, 0.284561, 8.36795e-08, 1.81847e-08, 1.14527, 0.968696, 2.63027e-07, 244.281
8885, 0.316493, 0.215875, 0.0687455, 0, 1.37806e-09, 4.55994e-09, 0, 0, 0.28462, 8.32093e-08, 1.79324e-08, 1.15045, 0.96869, 2.62911e-07, 244.282
8886, 0.320686, 0.215264, 0.0685151, 0, 1.40703e-09, 4.67414e-09, 0, 0, 0.283779, 8.42746e-08, 1.83904e-08, 1.13729, 0.968684, 2.62796e-07, 244.166
8887, 0.321709, 0.215175, 0.068489, 0, 1.40835e-09, 4.69513e-09, 0, 0, 0.283664, 8.45067e-08, 1.84769e-08, 1.13411, 0.968678, 2.62681e-07, 244.145
8888, 0.321152, 0.215375, 0.0685779, 0, 1.39447e-09, 4.67057e-09, 0, 0, 0.283953, 8.43233e-08, 1.838e-08, 1.13584, 0.968672, 2.62565e-07, 244.175
8889, 0.320611, 0.215576, 0.0686599, 0, 1.38256e-09, 4.65133e-09, 0, 0, 0.284236, 8.41443e-08, 1.83049e-08, 1.13753, 0.968666, 2.6245e-07, 244.205
8890, 0.319985, 0.215728, 0.0687177, 0, 1.37451e-09, 4.63174e-09, 0, 0, 0.284445, 8.3943e-08, 1.82284e-08, 1.13948, 0.96866, 2.62334e-07, 244.225
8891, 0.320602, 0.21566, 0.0686814, 0, 1.38074e-09, 4.65407e-09, 0, 0, 0.284341, 8.40676e-08, 1.83161e-08, 1.13755, 0.968654, 2.62218e-07, 244.205
8892, 0.323108, 0.215341, 0.0685264, 0, 1.40795e-09, 4.74022e-09, 0, 0, 0.283868, 8.46872e-08, 1.86508e-08, 1.12977, 0.968648, 2.62103e-07, 244.137
8893, 0.320272, 0.215829, 0.0686994, 0, 1.39189e-09, 4.65251e-09, 0, 0, 0.284528, 8.39082e-08, 1.82907e-08, 1.13859, 0.968642, 2.61987e-07, 244.216
8894, 0.310569, 0.217345, 0.0692964, 0, 1.31693e-09, 4.34025e-09, 0, 0, 0.286641, 8.13304e-08, 1.70376e-08, 1.16935, 0.968636, 2.61871e-07, 244.482
8895, 0.306949, 0.218149, 0.0695644, 0, 1.28895e-09, 4.22755e-09, 0, 0, 0.287714, 8.03456e-08, 1.65745e-08, 1.18107, 0.96863, 2.61756e-07, 244.613
8896, 0.307308, 0.218798, 0.06968, 0, 1.28824e-09, 4.25343e-09, 0, 0, 0.288478, 8.04045e-08, 1.66498e-08, 1.1799, 0.968624, 2.6164e-07, 244.704
8897, 0.302458, 0.220763, 0.070208, 0, 1.24423e-09, 4.11913e-09, 0, 0, 0.290971, 7.91009e-08, 1.60633e-08, 1.19581, 0.968618, 2.61524e-07, 245.016
8898, 0.30229, 0.221789, 0.070412, 0, 1.23834e-09, 4.12008e-09, 0, 0, 0.292201, 7.90206e-08, 1.60248e-08, 1.19637, 0.968612, 2.61409e-07, 245.166
8899, 0.311006, 0.220099, 0.0698213, 0, 1.30808e-09, 4.38759e-09, 0, 0, 0.289921, 8.12622e-08, 1.71083e-08, 1.16794, 0.968606, 2.61293e-07, 244.869
8900, 0.319571, 0.21772, 0.0691033, 0, 1.37992e-09, 4.64335e-09, 0, 0, 0.286824, 8.34639e-08, 1.81755e-08, 1.14078, 0.9686, 2.61178e-07, 244.465
8901, 0.323043, 0.21654, 0.0687735, 0, 1.40975e-09, 4.73951e-09, 0, 0, 0.285314, 8.4334e-08, 1.85863e-08, 1.12997, 0.968594, 2.61062e-07, 244.263
8902, 0.326889, 0.215858, 0.0685212, 0, 1.44377e-09, 4.85829e-09, 0, 0, 0.284379, 8.53e-08, 1.90593e-08, 1.11813, 0.968588, 2.60946e-07, 244.136
8903, 0.330663, 0.215405, 0.068315, 0, 1.47634e-09, 4.98311e-09, 0, 0, 0.28372, 8.62469e-08, 1.95485e-08, 1.10665, 0.968582, 2.60831e-07, 244.044
8904, 0.331234, 0.215449, 0.0683089, 0, 1.47943e-09, 5.00438e-09, 0, 0, 0.283758, 8.63579e-08, 1.96279e-08, 1.10493, 0.968576, 2.60715e-07, 244.042
8905, 0.330885, 0.215684, 0.068362, 0, 1.47578e-09, 4.99439e-09, 0, 0, 0.284045, 8.62286e-08, 1.95785e-08, 1.10598, 0.96857, 2.606e-07, 244.072
8906, 0.329196, 0.216222, 0.0685123, 0, 1.46396e-09, 4.94358e-09, 0, 0, 0.284734, 8.57511e-08, 1.93596e-08, 1.1111, 0.968564, 2.60485e-07, 244.155
8907, 0.319148, 0.218027, 0.069173, 0, 1.38652e-09, 4.63714e-09, 0, 0, 0.2872, 8.30989e-08, 1.81251e-08, 1.1421, 0.968558, 2.6037e-07, 244.466
8908, 0.299585, 0.221212, 0.0703966, 0, 1.23398e-09, 4.04478e-09, 0, 0, 0.291609, 7.79712e-08, 1.57613e-08, 1.20536, 0.968552, 2.60255e-07, 245.024
8909, 0.289977, 0.223129, 0.071077, 0, 1.15356e-09, 3.74803e-09, 0, 0, 0.294207, 7.54344e-08, 1.45629e-08, 1.23795, 0.968546, 2.6014e-07, 245.347
8910, 0.300444, 0.222473, 0.0706429, 0, 1.22314e-09, 4.05009e-09, 0, 0, 0.293116, 7.81208e-08, 1.572e-08, 1.20249, 0.96854, 2.60025e-07, 245.202
8911, 0.31318, 0.221701, 0.0700773, 0, 1.31609e-09, 4.4402e-09, 0, 0, 0.291779, 8.13972e-08, 1.72143e-08, 1.16098, 0.968534, 2.59909e-07, 245.025
8912, 0.318648, 0.222139, 0.0699166, 0, 1.36143e-09, 4.62859e-09, 0, 0, 0.292056, 8.27828e-08, 1.78946e-08, 1.14367, 0.968528, 2.59795e-07, 245.054
8913, 0.318248, 0.224004, 0.0701699, 0, 1.3608e-09, 4.64101e-09, 0, 0, 0.294174, 8.26431e-08, 1.78508e-08, 1.14493, 0.968522, 2.5968e-07, 245.316
8914, 0.310301, 0.228684, 0.0710975, 0, 1.2972e-09, 4.43992e-09, 0, 0, 0.299782, 8.05453e-08, 1.69185e-08, 1.17021, 0.968516, 2.59566e-07, 246.014
8915, 0.289036, 0.239657, 0.0731376, 0, 1.14061e-09, 3.92265e-09, 0, 0, 0.312794, 7.49947e-08, 1.46942e-08, 1.24121, 0.96851, 2.59451e-07, 247.609
8916, 0.245522, 0.264903, 0.0763338, 0, 8.69656e-10, 3.01209e-09, 0, 0, 0.341237, 6.36805e-08, 1.09429e-08, 1.40437, 0.968504, 2.59336e-07, 250.949
8917, 0.176874, 0.313766, 0.0786848, 0, 5.32242e-10, 1.87013e-09, 0, 0, 0.392451, 4.58598e-08, 6.45178e-09, 1.73232, 0.968498, 2.59221e-07, 256.511
8918, 0.10581, 0.372538, 0.0779801, 0, 2.56418e-10, 9.26139e-10, 0, 0, 0.450518, 2.74234e-08, 2.93801e-09, 2.24611, 0.968492, 2.59106e-07, 262.247
8919, 0.0819518, 0.393779, 0.0778096, 0, 1.69138e-10, 6.30701e-10, 0, 0, 0.471589, 2.12235e-08, 1.81529e-09, 2.50162, 0.968486, 2.58992e-07, 264.201
8920, 0.113515, 0.364802, 0.0810731, 0, 2.49496e-10, 9.21209e-10, 0, 0, 0.445875, 2.93811e-08, 2.67139e-09, 2.17582, 0.96848, 2.58878e-07, 261.796
8921, 0.145505, 0.332259, 0.0842401, 0, 3.35622e-10, 1.20686e-09, 0, 0, 0.416499, 3.76486e-08, 3.62433e-09, 1.92754, 0.968474, 2.58764e-07, 258.932
8922, 0.167499, 0.311427, 0.084242, 0, 4.35773e-10, 1.5224e-09, 0, 0, 0.395669, 4.33194e-08, 4.94796e-09, 1.78678, 0.968468, 2.58649e-07, 256.815
8923, 0.214896, 0.28191, 0.0802785, 0, 6.99459e-10, 2.42097e-09, 0, 0, 0.362188, 5.55501e-08, 8.56565e-09, 1.5376, 0.968462, 2.58535e-07, 253.249
8924, 0.270032, 0.250921, 0.0752182, 0, 1.02214e-09, 3.5262e-09, 0, 0, 0.326139, 6.9776e-08, 1.30407e-08, 1.30921, 0.968456, 2.58421e-07, 249.147
8925, 0.300596, 0.233161, 0.072109, 0, 1.21633e-09, 4.17275e-09, 0, 0, 0.30527, 7.76436e-08, 1.58e-08, 1.20199, 0.96845, 2.58307e-07, 246.624
8926, 0.312397, 0.225805, 0.0707329, 0, 1.30187e-09, 4.44584e-09, 0, 0, 0.296538, 8.06575e-08, 1.70583e-08, 1.16348, 0.968444, 2.58193e-07, 245.529
8927, 0.319205, 0.222344, 0.0699897, 0, 1.35817e-09, 4.62733e-09, 0, 0, 0.292334, 8.23791e-08, 1.78813e-08, 1.14192, 0.968438, 2.58079e-07, 244.99
8928, 0.32362, 0.22035, 0.0695291, 0, 1.39618e-09, 4.74967e-09, 0, 0, 0.289879, 8.34821e-08, 1.84285e-08, 1.12818, 0.968432, 2.57965e-07, 244.67
8929, 0.326555, 0.219081, 0.0692275, 0, 1.42207e-09, 4.83221e-09, 0, 0, 0.288308, 8.42021e-08, 1.87954e-08, 1.11916, 0.968426, 2.57851e-07, 244.462
8930, 0.327778, 0.218364, 0.0690806, 0, 1.43247e-09, 4.86413e-09, 0, 0, 0.287444, 8.44805e-08, 1.8948e-08, 1.11542, 0.96842, 2.57737e-07, 244.344
8931, 0.325073, 0.218395, 0.0692008, 0, 1.41034e-09, 4.77614e-09, 0, 0, 0.287596, 8.37472e-08, 1.86179e-08, 1.1237, 0.968414, 2.57623e-07, 244.357
8932, 0.316127, 0.219413, 0.0697039, 0, 1.33954e-09, 4.49828e-09, 0, 0, 0.289117, 8.14073e-08, 1.75308e-08, 1.15161, 0.968408, 2.5751e-07, 244.546
8933, 0.306966, 0.220557, 0.0702425, 0, 1.26446e-09, 4.20706e-09, 0, 0, 0.2908, 7.90126e-08, 1.63871e-08, 1.18102, 0.968402, 2.57396e-07, 244.755
8934, 0.305863, 0.220692, 0.0703398, 0, 1.248e-09, 4.15547e-09, 0, 0, 0.291031, 7.86931e-08, 1.61898e-08, 1.18462, 0.968396, 2.57282e-07, 244.778
8935, 0.307401, 0.220571, 0.0702903, 0, 1.25437e-09, 4.20104e-09, 0, 0, 0.290862, 7.90541e-08, 1.63725e-08, 1.1796, 0.96839, 2.57169e-07, 244.749
8936, 0.303194, 0.221264, 0.0705625, 0, 1.22132e-09, 4.09514e-09, 0, 0, 0.291827, 7.79387e-08, 1.59526e-08, 1.19338, 0.968384, 2.57055e-07, 244.866
8937, 0.297541, 0.222008, 0.0708991, 0, 1.17544e-09, 3.93631e-09, 0, 0, 0.292907, 7.64507e-08, 1.53315e-08, 1.2122, 0.968378, 2.56942e-07, 244.997
8938, 0.3047, 0.22091, 0.0704785, 0, 1.22864e-09, 4.13531e-09, 0, 0, 0.291389, 7.82537e-08, 1.61226e-08, 1.18843, 0.968372, 2.56828e-07, 244.797
8939, 0.318056, 0.219108, 0.0697016, 0, 1.33637e-09, 4.5281e-09, 0, 0, 0.288809, 8.16485e-08, 1.76653e-08, 1.14553, 0.968366, 2.56715e-07, 244.46
8940, 0.324878, 0.218472, 0.0693417, 0, 1.39477e-09, 4.74077e-09, 0, 0, 0.287814, 8.33641e-08, 1.84859e-08, 1.1243, 0.96836, 2.56602e-07, 244.326
8941, 0.326559, 0.218443, 0.0692673, 0, 1.41091e-09, 4.79539e-09, 0, 0, 0.28771, 8.37588e-08, 1.86899e-08, 1.11914, 0.968354, 2.56489e-07, 244.306
8942, 0.325799, 0.218338, 0.0692697, 0, 1.40728e-09, 4.76949e-09, 0, 0, 0.287608, 8.35274e-08, 1.85963e-08, 1.12147, 0.968348, 2.56376e-07, 244.286
8943, 0.319172, 0.219068, 0.0696262, 0, 1.35638e-09, 4.5664e-09, 0, 0, 0.288694, 8.17934e-08, 1.78033e-08, 1.14202, 0.968342, 2.56263e-07, 244.419
8944, 0.310044, 0.220634, 0.0702166, 0, 1.28132e-09, 4.28848e-09, 0, 0, 0.29085, 7.94186e-08, 1.66944e-08, 1.17104, 0.968336, 2.5615e-07, 244.689
8945, 0.309647, 0.222018, 0.0704599, 0, 1.27165e-09, 4.28025e-09, 0, 0, 0.292478, 7.92805e-08, 1.66038e-08, 1.17232, 0.96833, 2.56037e-07, 244.89
8946, 0.311947, 0.224957, 0.0708467, 0, 1.28591e-09, 4.37825e-09, 0, 0, 0.295803, 7.98349e-08, 1.68501e-08, 1.16492, 0.968324, 2.55924e-07, 245.305
8947, 0.309225, 0.229247, 0.071642, 0, 1.26307e-09, 4.33476e-09, 0, 0, 0.300889, 7.91038e-08, 1.65153e-08, 1.17368, 0.968318, 2.55811e-07, 245.937
8948, 0.31053, 0.229249, 0.0716014, 0, 1.27416e-09, 4.37743e-09, 0, 0, 0.30085, 7.94012e-08, 1.66732e-08, 1.16948, 0.968312, 2.55699e-07, 245.925
8949, 0.318855, 0.224335, 0.0705071, 0, 1.34414e-09, 4.5958e-09, 0, 0, 0.294842, 8.14938e-08, 1.76871e-08, 1.14302, 0.968306, 2.55586e-07, 245.163
8950, 0.323404, 0.220341, 0.0697108, 0, 1.38352e-09, 4.69782e-09, 0, 0, 0.290052, 8.26213e-08, 1.82317e-08, 1.12885, 0.9683, 2.55473e-07, 244.547
8951, 0.31645, 0.219908, 0.069914, 0, 1.32948e-09, 4.46836e-09, 0, 0, 0.289822, 8.08106e-08, 1.73887e-08, 1.15059, 0.968294, 2.55361e-07, 244.511
8952, 0.304536, 0.221196, 0.0705706, 0, 1.23511e-09, 4.1048e-09, 0, 0, 0.291767, 7.77334e-08, 1.59767e-08, 1.18897, 0.968288, 2.55248e-07, 244.753
8953, 0.302534, 0.221501, 0.0707074, 0, 1.21832e-09, 4.03628e-09, 0, 0, 0.292209, 7.71867e-08, 1.57111e-08, 1.19556, 0.968282, 2.55136e-07, 244.803
8954, 0.307633, 0.221033, 0.0704588, 0, 1.25864e-09, 4.177e-09, 0, 0, 0.291492, 7.84529e-08, 1.62545e-08, 1.17885, 0.968276, 2.55024e-07, 244.705
8955, 0.313836, 0.220374, 0.0701412, 0, 1.30635e-09, 4.35583e-09, 0, 0, 0.290516, 7.99994e-08, 1.69461e-08, 1.15889, 0.96827, 2.54911e-07, 244.573
8956, 0.3209, 0.219297, 0.0697245, 0, 1.35789e-09, 4.56962e-09, 0, 0, 0.289021, 8.17642e-08, 1.77949e-08, 1.13663, 0.968264, 2.54799e-07, 244.375
8957, 0.324395, 0.218586, 0.0694937, 0, 1.38187e-09, 4.67861e-09, 0, 0, 0.28808, 8.2619e-08, 1.82409e-08, 1.12579, 0.968258, 2.54687e-07, 244.248
8958, 0.324536, 0.21844, 0.0694835, 0, 1.38039e-09, 4.68156e-09, 0, 0, 0.287924, 8.26188e-08, 1.82612e-08, 1.12536, 0.968252, 2.54575e-07, 244.221
8959, 0.323583, 0.218492, 0.0695446, 0, 1.37037e-09, 4.65156e-09, 0, 0, 0.288037, 8.23396e-08, 1.81485e-08, 1.1283, 0.968246, 2.54462e-07, 244.229
8960, 0.325375, 0.218188, 0.0694286, 0, 1.38672e-09, 4.71208e-09, 0, 0, 0.287616, 8.27588e-08, 1.83893e-08, 1.12278, 0.96824, 2.5435e-07, 244.168
8961, 0.329184, 0.217634, 0.0691857, 0, 1.42248e-09, 4.83599e-09, 0, 0, 0.28682, 8.36907e-08, 1.8876e-08, 1.11114, 0.968234, 2.54238e-07, 244.059
8962, 0.33107, 0.217373, 0.0690642, 0, 1.44011e-09, 4.89593e-09, 0, 0, 0.286437, 8.41336e-08, 1.91104e-08, 1.10543, 0.968228, 2.54127e-07, 244.003
8963, 0.330584, 0.217508, 0.0691051, 0, 1.43545e-09, 4.87718e-09, 0, 0, 0.286613, 8.39734e-08, 1.90325e-08, 1.1069, 0.968222, 2.54015e-07, 244.019
8964, 0.326838, 0.218246, 0.0693777, 0, 1.40328e-09, 4.75382e-09, 0, 0, 0.287624, 8.29859e-08, 1.85344e-08, 1.11829, 0.968216, 2.53903e-07, 244.143
8965, 0.318097, 0.219843, 0.0699793, 0, 1.33113e-09, 4.48016e-09, 0, 0, 0.289822, 8.07315e-08, 1.74373e-08, 1.1454, 0.96821, 2.53791e-07, 244.419
8966, 0.308901, 0.221375, 0.07058, 0, 1.25632e-09, 4.20107e-09, 0, 0, 0.291955, 7.83624e-08, 1.63262e-08, 1.17474, 0.968204, 2.53679e-07, 244.686
8967, 0.306167, 0.22164, 0.07073, 0, 1.23418e-09, 4.12498e-09, 0, 0, 0.29237, 7.76335e-08, 1.60332e-08, 1.18363, 0.968198, 2.53567e-07, 244.732
8968, 0.312434, 0.220588, 0.0703379, 0, 1.28259e-09, 4.31844e-09, 0, 0, 0.290926, 7.9187e-08, 1.68074e-08, 1.16336, 0.968192, 2.53456e-07, 244.541
8969, 0.321358, 0.219455, 0.0698327, 0, 1.3514e-09, 4.58593e-09, 0, 0, 0.289288, 8.14136e-08, 1.78605e-08, 1.1352, 0.968186, 2.53345e-07, 244.325
8970, 0.322962, 0.219755, 0.0698189, 0, 1.36314e-09, 4.63456e-09, 0, 0, 0.289574, 8.17853e-08, 1.80353e-08, 1.13022, 0.96818, 2.53234e-07, 244.355
8971, 0.318631, 0.221062, 0.0701931, 0, 1.3264e-09, 4.50342e-09, 0, 0, 0.291256, 8.06533e-08, 1.74973e-08, 1.14372, 0.968174, 2.53122e-07, 244.564
8972, 0.318615, 0.221252, 0.070219, 0, 1.32456e-09, 4.49766e-09, 0, 0, 0.291471, 8.06126e-08, 1.74695e-08, 1.14377, 0.968168, 2.53011e-07, 244.585
8973, 0.323263, 0.220196, 0.0698476, 0, 1.36222e-09, 4.63344e-09, 0, 0, 0.290044, 8.17528e-08, 1.80211e-08, 1.12929, 0.968162, 2.529e-07, 244.395
8974, 0.322947, 0.219855, 0.0697772, 0, 1.35858e-09, 4.61998e-09, 0, 0, 0.289633, 8.1638e-08, 1.79909e-08, 1.13027, 0.968156, 2.52789e-07, 244.336
8975, 0.318229, 0.220366, 0.0700208, 0, 1.31834e-09, 4.46885e-09, 0, 0, 0.290387, 8.041e-08, 1.74107e-08, 1.14498, 0.96815, 2.52678e-07, 244.426
8976, 0.319089, 0.22026, 0.0699625, 0, 1.32502e-09, 4.48583e-09, 0, 0, 0.290222, 8.05908e-08, 1.74794e-08, 1.14228, 0.968144, 2.52567e-07, 244.399
8977, 0.324763, 0.219559, 0.0696316, 0, 1.37104e-09, 4.65642e-09, 0, 0, 0.289191, 8.19878e-08, 1.8149e-08, 1.12466, 0.968138, 2.52456e-07, 244.26
8978, 0.326433, 0.219439, 0.06955, 0, 1.3817e-09, 4.70675e-09, 0, 0, 0.288989, 8.23735e-08, 1.83488e-08, 1.11953, 0.968132, 2.52344e-07, 244.227
8979, 0.323065, 0.220033, 0.0697759, 0, 1.34923e-09, 4.59697e-09, 0, 0, 0.289808, 8.14881e-08, 1.79197e-08, 1.1299, 0.968126, 2.52233e-07, 244.326
8980, 0.319207, 0.220682, 0.0700135, 0, 1.31526e-09, 4.47455e-09, 0, 0, 0.290696, 8.04797e-08, 1.74411e-08, 1.14192, 0.96812, 2.52123e-07, 244.434
8981, 0.31751, 0.221021, 0.0700985, 0, 1.30371e-09, 4.42614e-09, 0, 0, 0.29112, 8.00168e-08, 1.72504e-08, 1.14725, 0.968114, 2.52013e-07, 244.481
8982, 0.314348, 0.221589, 0.070269, 0, 1.28264e-09, 4.33378e-09, 0, 0, 0.291858, 7.91855e-08, 1.68825e-08, 1.15725, 0.968108, 2.51903e-07, 244.569
8983, 0.31421, 0.221787, 0.0702797, 0, 1.28358e-09, 4.32612e-09, 0, 0, 0.292067, 7.9115e-08, 1.68436e-08, 1.15769, 0.968102, 2.51792e-07, 244.589
8984, 0.319719, 0.221258, 0.0699823, 0, 1.32516e-09, 4.49024e-09, 0, 0, 0.291241, 8.04668e-08, 1.74811e-08, 1.14031, 0.968096, 2.51681e-07, 244.477
8985, 0.320599, 0.22144, 0.0699828, 0, 1.32656e-09, 4.51954e-09, 0, 0, 0.291423, 8.06536e-08, 1.75922e-08, 1.13757, 0.96809, 2.51571e-07, 244.494
8986, 0.318036, 0.222178, 0.0702017, 0, 1.30087e-09, 4.44046e-09, 0, 0, 0.292379, 7.99737e-08, 1.72711e-08, 1.14559, 0.968084, 2.5146e-07, 244.61
8987, 0.319325, 0.222473, 0.070191, 0, 1.30977e-09, 4.47766e-09, 0, 0, 0.292664, 8.0262e-08, 1.73964e-08, 1.14154, 0.968078, 2.5135e-07, 244.64
8988, 0.321576, 0.222798, 0.0701274, 0, 1.3291e-09, 4.55115e-09, 0, 0, 0.292925, 8.07926e-08, 1.76565e-08, 1.13452, 0.968072, 2.5124e-07, 244.667
8989, 0.319723, 0.223938, 0.0703458, 0, 1.31468e-09, 4.50012e-09, 0, 0, 0.294284, 8.02922e-08, 1.7419e-08, 1.1403, 0.968066, 2.51129e-07, 244.833
8990, 0.31336, 0.226078, 0.0708998, 0, 1.26234e-09, 4.31357e-09, 0, 0, 0.296978, 7.86596e-08, 1.6638e-08, 1.1604, 0.96806, 2.51017e-07, 245.168
8991, 0.307753, 0.228891, 0.0715163, 0, 1.21614e-09, 4.16308e-09, 0, 0, 0.300407, 7.72178e-08, 1.59647e-08, 1.17846, 0.968054, 2.50906e-07, 245.593
8992, 0.303245, 0.233347, 0.0722839, 0, 1.18092e-09, 4.0714e-09, 0, 0, 0.305631, 7.60541e-08, 1.54568e-08, 1.19321, 0.968048, 2.50798e-07, 246.237
8993, 0.288702, 0.243667, 0.0740029, 0, 1.08073e-09, 3.75979e-09, 0, 0, 0.31767, 7.23775e-08, 1.4015e-08, 1.24236, 0.968042, 2.50689e-07, 247.701
8994, 0.251386, 0.267974, 0.0772334, 0, 8.61723e-10, 3.03207e-09, 0, 0, 0.345207, 6.29989e-08, 1.09418e-08, 1.38076, 0.968036, 2.50579e-07, 250.92
8995, 0.185502, 0.313294, 0.0811179, 0, 5.4851e-10, 1.95987e-09, 0, 0, 0.394412, 4.64723e-08, 6.71764e-09, 1.68469, 0.96803, 2.50469e-07, 256.26
8996, 0.117493, 0.362126, 0.0836157, 0, 2.7828e-10, 1.01268e-09, 0, 0, 0.445741, 2.94219e-08, 3.21862e-09, 2.14138, 0.968024, 2.50359e-07, 261.367
8997, 0.104334, 0.370384, 0.0841166, 0, 2.24916e-10, 8.19176e-10, 0, 0, 0.454501, 2.61063e-08, 2.53502e-09, 2.26016, 0.968018, 2.5025e-07, 262.194
8998, 0.156649, 0.329486, 0.0825687, 0, 4.11554e-10, 1.46388e-09, 0, 0, 0.412055, 3.91752e-08, 4.89635e-09, 1.85375, 0.968012, 2.5014e-07, 258.049
8999, 0.222978, 0.280885, 0.0791248, 0, 6.92982e-10, 2.4238e-09, 0, 0, 0.36001, 5.57437e-08, 8.61308e-09, 1.50068, 0.968006, 2.5003e-07, 252.551
9000, 0.266463, 0.251792, 0.0757133, 0, 9.18678e-10, 3.18567e-09, 0, 0, 0.327505, 6.65905e-08, 1.17609e-08, 1.32252, 0.968002, 2.49921e-07, 248.831
9001, 0.288589, 0.238513, 0.0734997, 0, 1.05637e-09, 3.64927e-09, 0, 0, 0.312012, 7.20906e-08, 1.37817e-08, 1.24275, 0.967998, 2.49811e-07, 246.965
9002, 0.301326, 0.23201, 0.0721417, 0, 1.14762e-09, 3.95732e-09, 0, 0, 0.304152, 7.52402e-08, 1.51407e-08, 1.19956, 0.967996, 2.49702e-07, 245.99
9003, 0.308588, 0.228611, 0.0713618, 0, 1.20262e-09, 4.14298e-09, 0, 0, 0.299973, 7.70206e-08, 1.59626e-08, 1.17575, 0.967994, 2.49592e-07, 245.462
9004, 0.312369, 0.227151, 0.0709935, 0, 1.23221e-09, 4.2446e-09, 0, 0, 0.298145, 7.79302e-08, 1.64038e-08, 1.16357, 0.967992, 2.49483e-07, 245.226
9005, 0.315644, 0.226751, 0.0708036, 0, 1.26033e-09, 4.34193e-09, 0, 0, 0.297554, 7.87129e-08, 1.67842e-08, 1.15314, 0.96799, 2.49374e-07, 245.145
9006, 0.318273, 0.226357, 0.0706311, 0, 1.28328e-09, 4.41954e-09, 0, 0, 0.296989, 7.93338e-08, 1.70934e-08, 1.14485, 0.967988, 2.49264e-07, 245.067
9007, 0.319587, 0.225211, 0.0703768, 0, 1.29299e-09, 4.4473e-09, 0, 0, 0.295588, 7.96265e-08, 1.72525e-08, 1.14073, 0.967986, 2.49155e-07, 244.883
9008, 0.318779, 0.224184, 0.0702258, 0, 1.2837e-09, 4.40666e-09, 0, 0, 0.29441, 7.93909e-08, 1.7152e-08, 1.14326, 0.967984, 2.49046e-07, 244.727
9009, 0.317431, 0.223791, 0.0701945, 0, 1.27097e-09, 4.3591e-09, 0, 0, 0.293986, 7.90202e-08, 1.70024e-08, 1.14749, 0.967982, 2.48937e-07, 244.667
9010, 0.320156, 0.223195, 0.0699531, 0, 1.29369e-09, 4.44137e-09, 0, 0, 0.293148, 7.96629e-08, 1.73503e-08, 1.13895, 0.96798, 2.48828e-07, 244.554
9011, 0.325459, 0.222329, 0.0695561, 0, 1.33795e-09, 4.59889e-09, 0, 0, 0.291885, 8.09473e-08, 1.79903e-08, 1.12252, 0.967978, 2.48719e-07, 244.386
9012, 0.328015, 0.221883, 0.0693351, 0, 1.35798e-09, 4.66968e-09, 0, 0, 0.291218, 8.15476e-08, 1.82874e-08, 1.1147, 0.967976, 2.4861e-07, 244.294
9013, 0.326642, 0.222041, 0.0693674, 0, 1.34393e-09, 4.61724e-09, 0, 0, 0.291408, 8.11712e-08, 1.80967e-08, 1.11889, 0.967974, 2.48501e-07, 244.312
9014, 0.322163, 0.222668, 0.0695889, 0, 1.30451e-09, 4.46919e-09, 0, 0, 0.292257, 8.00231e-08, 1.75285e-08, 1.1327, 0.967972, 2.48392e-07, 244.414
9015, 0.319703, 0.223034, 0.0696819, 0, 1.28362e-09, 4.38957e-09, 0, 0, 0.292716, 7.93766e-08, 1.72305e-08, 1.14036, 0.96797, 2.48283e-07, 244.467
9016, 0.323234, 0.222605, 0.0694237, 0, 1.31161e-09, 4.49895e-09, 0, 0, 0.292029, 8.02174e-08, 1.76753e-08, 1.12938, 0.967968, 2.48174e-07, 244.373
9017, 0.327456, 0.222158, 0.069144, 0, 1.34399e-09, 4.62798e-09, 0, 0, 0.291302, 8.123e-08, 1.81928e-08, 1.1164, 0.967966, 2.48065e-07, 244.273
9018, 0.327724, 0.222407, 0.0691345, 0, 1.34299e-09, 4.63229e-09, 0, 0, 0.291541, 8.12614e-08, 1.82109e-08, 1.11558, 0.967964, 2.47956e-07, 244.297
9019, 0.323381, 0.223486, 0.0694439, 0, 1.30264e-09, 4.49478e-09, 0, 0, 0.29293, 8.01501e-08, 1.76614e-08, 1.12892, 0.967962, 2.47847e-07, 244.469
9020, 0.316114, 0.225089, 0.0699412, 0, 1.23875e-09, 4.272e-09, 0, 0, 0.29503, 7.83144e-08, 1.67715e-08, 1.15165, 0.96796, 2.47739e-07, 244.73
9021, 0.312827, 0.226135, 0.0701782, 0, 1.20992e-09, 4.17493e-09, 0, 0, 0.296313, 7.74653e-08, 1.63772e-08, 1.16211, 0.967958, 2.4763e-07, 244.886
9022, 0.317078, 0.225824, 0.0699054, 0, 1.24417e-09, 4.3033e-09, 0, 0, 0.295729, 7.8483e-08, 1.6884e-08, 1.14861, 0.967956, 2.47522e-07, 244.806
9023, 0.321809, 0.224989, 0.0695425, 0, 1.28113e-09, 4.4396e-09, 0, 0, 0.294532, 7.96195e-08, 1.74442e-08, 1.1338, 0.967954, 2.47413e-07, 244.647
9024, 0.322712, 0.224666, 0.0694171, 0, 1.28496e-09, 4.4574e-09, 0, 0, 0.294083, 7.98083e-08, 1.75396e-08, 1.13099, 0.967952, 2.47305e-07, 244.584
9025, 0.321954, 0.224909, 0.0694409, 0, 1.27578e-09, 4.42913e-09, 0, 0, 0.29435, 7.95858e-08, 1.74362e-08, 1.13335, 0.96795, 2.47196e-07, 244.612
9026, 0.319843, 0.225671, 0.0695886, 0, 1.25673e-09, 4.36528e-09, 0, 0, 0.29526, 7.90295e-08, 1.71755e-08, 1.13993, 0.967948, 2.47087e-07, 244.721
9027, 0.314875, 0.227067, 0.069942, 0, 1.21391e-09, 4.21769e-09, 0, 0, 0.297009, 7.77681e-08, 1.65738e-08, 1.15558, 0.967946, 2.46979e-07, 244.936
9028, 0.310717, 0.228548, 0.0702737, 0, 1.17787e-09, 4.09759e-09, 0, 0, 0.298821, 7.6707e-08, 1.60721e-08, 1.16887, 0.967944, 2.4687e-07, 245.159
9029, 0.310609, 0.229818, 0.0703958, 0, 1.17681e-09, 4.10275e-09, 0, 0, 0.300214, 7.66463e-08, 1.60478e-08, 1.16922, 0.967942, 2.46761e-07, 245.328
9030, 0.308756, 0.232176, 0.0707106, 0, 1.16473e-09, 4.06784e-09, 0, 0, 0.302886, 7.61561e-08, 1.58321e-08, 1.1752, 0.96794, 2.46652e-07, 245.656
9031, 0.299563, 0.237577, 0.071664, 0, 1.09852e-09, 3.85089e-09, 0, 0, 0.309241, 7.38569e-08, 1.48382e-08, 1.20543, 0.967938, 2.46543e-07, 246.438
9032, 0.28126, 0.249594, 0.0734215, 0, 9.79849e-10, 3.47114e-09, 0, 0, 0.323016, 6.93152e-08, 1.31067e-08, 1.26848, 0.967936, 2.46434e-07, 248.102
9033, 0.242886, 0.277789, 0.0759136, 0, 7.82528e-10, 2.82098e-09, 0, 0, 0.353703, 5.98356e-08, 1.02853e-08, 1.41516, 0.967934, 2.46324e-07, 251.647
9034, 0.173435, 0.330658, 0.077522, 0, 4.91651e-10, 1.81242e-09, 0, 0, 0.40818, 4.27123e-08, 6.27294e-09, 1.75196, 0.967932, 2.46214e-07, 257.457
9035, 0.106148, 0.383745, 0.0768449, 0, 2.47543e-10, 9.38802e-10, 0, 0, 0.46059, 2.61288e-08, 3.02092e-09, 2.24292, 0.96793, 2.46103e-07, 262.568
9036, 0.104346, 0.384857, 0.0768695, 0, 2.40148e-10, 9.12424e-10, 0, 0, 0.461727, 2.56628e-08, 2.93777e-09, 2.26004, 0.967928, 2.45991e-07, 262.67
9037, 0.170145, 0.332784, 0.0775323, 0, 4.75305e-10, 1.75613e-09, 0, 0, 0.410316, 4.18242e-08, 6.09392e-09, 1.7711, 0.967926, 2.45878e-07, 257.658
9038, 0.240438, 0.279492, 0.075865, 0, 7.63689e-10, 2.76015e-09, 0, 0, 0.355357, 5.90831e-08, 1.00899e-08, 1.42529, 0.967924, 2.45762e-07, 251.803
9039, 0.27871, 0.250984, 0.0733514, 0, 9.5207e-10, 3.38332e-09, 0, 0, 0.324336, 6.84599e-08, 1.28168e-08, 1.27758, 0.967922, 2.45644e-07, 248.216
9040, 0.297429, 0.238846, 0.0714962, 0, 1.06863e-09, 3.76086e-09, 0, 0, 0.310343, 7.30223e-08, 1.45663e-08, 1.21258, 0.96792, 2.4552e-07, 246.517
9041, 0.310577, 0.232905, 0.070206, 0, 1.16251e-09, 4.07953e-09, 0, 0, 0.303111, 7.6209e-08, 1.59903e-08, 1.16932, 0.967918, 2.45385e-07, 245.616
9042, 0.318423, 0.229712, 0.0694194, 0, 1.22037e-09, 4.27794e-09, 0, 0, 0.299132, 7.80853e-08, 1.688e-08, 1.14437, 0.967916, 2.45228e-07, 245.11
9043, 0.321022, 0.228159, 0.0690621, 0, 1.2374e-09, 4.33289e-09, 0, 0, 0.297221, 7.86514e-08, 1.71695e-08, 1.13624, 0.967914, 2.45003e-07, 244.863
9044, 0.321404, 0.227404, 0.0689042, 0, 1.23532e-09, 4.32091e-09, 0, 0, 0.296308, 7.85803e-08, 1.71711e-08, 1.13506, 0.967912, 2.44481e-07, 244.741
9045, 0.320085, 0.227157, 0.0688803, 0, 1.21496e-09, 4.24645e-09, 0, 0, 0.296037, 7.77772e-08, 1.69096e-08, 1.13917, 0.96791, 2.42935e-07, 244.7
9046, 0.316048, 0.227459, 0.0690493, 0, 1.16545e-09, 4.07556e-09, 0, 0, 0.296508, 7.59061e-08, 1.62574e-08, 1.15186, 0.967908, 2.4008e-07, 244.753
9047, 0.314459, 0.227525, 0.0690866, 0, 1.14241e-09, 3.99859e-09, 0, 0, 0.296612, 7.50593e-08, 1.59745e-08, 1.1569, 0.967906, 2.38609e-07, 244.76
9048, 0.317683, 0.227042, 0.0688427, 0, 1.17652e-09, 4.1196e-09, 0, 0, 0.295884, 7.64457e-08, 1.64743e-08, 1.1467, 0.967904, 2.40557e-07, 244.662
9049, 0.321362, 0.226734, 0.0686066, 0, 1.21812e-09, 4.26772e-09, 0, 0, 0.29534, 7.8104e-08, 1.70716e-08, 1.13519, 0.967902, 2.43008e-07, 244.586
9050, 0.322058, 0.227027, 0.068587, 0, 1.2281e-09, 4.30511e-09, 0, 0, 0.295614, 7.85835e-08, 1.72192e-08, 1.13303, 0.9679, 2.44e-07, 244.615
9051, 0.322135, 0.227155, 0.0685569, 0, 1.22892e-09, 4.30833e-09, 0, 0, 0.295712, 7.86616e-08, 1.72426e-08, 1.13278, 0.967898, 2.44188e-07, 244.621
9052, 0.323779, 0.226638, 0.068353, 0, 1.24108e-09, 4.35223e-09, 0, 0, 0.294991, 7.90583e-08, 1.74474e-08, 1.12769, 0.967896, 2.44174e-07, 244.523
9053, 0.324559, 0.226184, 0.0681953, 0, 1.2449e-09, 4.36805e-09, 0, 0, 0.294379, 7.9228e-08, 1.75429e-08, 1.12529, 0.967894, 2.4411e-07, 244.439
9054, 0.325097, 0.225937, 0.0680865, 0, 1.24668e-09, 4.37515e-09, 0, 0, 0.294024, 7.93328e-08, 1.7596e-08, 1.12363, 0.967892, 2.44028e-07, 244.387
9055, 0.324977, 0.225948, 0.0680494, 0, 1.2434e-09, 4.36346e-09, 0, 0, 0.293998, 7.92742e-08, 1.75648e-08, 1.124, 0.96789, 2.43937e-07, 244.378
9056, 0.321015, 0.226602, 0.068261, 0, 1.20935e-09, 4.24011e-09, 0, 0, 0.294863, 7.82775e-08, 1.70788e-08, 1.13627, 0.967888, 2.43842e-07, 244.482
9057, 0.314845, 0.227602, 0.0686072, 0, 1.15813e-09, 4.05397e-09, 0, 0, 0.296209, 7.67418e-08, 1.63386e-08, 1.15568, 0.967886, 2.43743e-07, 244.647
9058, 0.313006, 0.227978, 0.068687, 0, 1.14182e-09, 3.99576e-09, 0, 0, 0.296665, 7.62613e-08, 1.6115e-08, 1.16153, 0.967884, 2.43642e-07, 244.698
9059, 0.31754, 0.227453, 0.0683826, 0, 1.17579e-09, 4.12558e-09, 0, 0, 0.295835, 7.73331e-08, 1.66507e-08, 1.14715, 0.967882, 2.43541e-07, 244.587
9060, 0.323291, 0.226831, 0.0680177, 0, 1.21996e-09, 4.29364e-09, 0, 0, 0.294848, 7.87007e-08, 1.73383e-08, 1.1292, 0.96788, 2.43438e-07, 244.455
9061, 0.325082, 0.226903, 0.0679199, 0, 1.23333e-09, 4.34477e-09, 0, 0, 0.294823, 7.91039e-08, 1.75476e-08, 1.12368, 0.967878, 2.43335e-07, 244.445
9062, 0.321308, 0.227801, 0.0681711, 0, 1.20172e-09, 4.23092e-09, 0, 0, 0.295972, 7.81527e-08, 1.70882e-08, 1.13536, 0.967876, 2.43231e-07, 244.585
9063, 0.316099, 0.228685, 0.0684583, 0, 1.15819e-09, 4.07191e-09, 0, 0, 0.297143, 7.68526e-08, 1.6452e-08, 1.1517, 0.967874, 2.43127e-07, 244.728
9064, 0.316219, 0.228618, 0.0683736, 0, 1.15704e-09, 4.06525e-09, 0, 0, 0.296991, 7.68478e-08, 1.64376e-08, 1.15132, 0.967872, 2.43022e-07, 244.702
9065, 0.320526, 0.22808, 0.0680556, 0, 1.18974e-09, 4.1873e-09, 0, 0, 0.296135, 7.78609e-08, 1.69428e-08, 1.13779, 0.96787, 2.42918e-07, 244.587
9066, 0.324422, 0.227931, 0.067824, 0, 1.21969e-09, 4.30428e-09, 0, 0, 0.295755, 7.87737e-08, 1.74143e-08, 1.12571, 0.967868, 2.42813e-07, 244.533
9067, 0.325521, 0.228479, 0.0678196, 0, 1.22705e-09, 4.33994e-09, 0, 0, 0.296298, 7.90066e-08, 1.754e-08, 1.12233, 0.967866, 2.42708e-07, 244.596
9068, 0.324286, 0.229306, 0.0679524, 0, 1.21512e-09, 4.30548e-09, 0, 0, 0.297259, 7.86732e-08, 1.7384e-08, 1.12613, 0.967864, 2.42604e-07, 244.711
9069, 0.322389, 0.229811, 0.0680553, 0, 1.19724e-09, 4.24661e-09, 0, 0, 0.297866, 7.81791e-08, 1.71508e-08, 1.132, 0.967862, 2.42499e-07, 244.782
9070, 0.319275, 0.23015, 0.0681717, 0, 1.16949e-09, 4.14797e-09, 0, 0, 0.298321, 7.73907e-08, 1.6774e-08, 1.1417, 0.96786, 2.42394e-07, 244.833
9071, 0.313457, 0.231015, 0.0684727, 0, 1.12127e-09, 3.97393e-09, 0, 0, 0.299488, 7.59478e-08, 1.60851e-08, 1.16009, 0.967858, 2.42289e-07, 244.975
9072, 0.307231, 0.232372, 0.0688646, 0, 1.0713e-09, 3.79493e-09, 0, 0, 0.301236, 7.4407e-08, 1.53535e-08, 1.18015, 0.967856, 2.42184e-07, 245.189
9073, 0.304389, 0.233722, 0.0691148, 0, 1.04839e-09, 3.71801e-09, 0, 0, 0.302837, 7.36863e-08, 1.50115e-08, 1.18945, 0.967854, 2.42079e-07, 245.383
9074, 0.303283, 0.235606, 0.0693494, 0, 1.04104e-09, 3.70128e-09, 0, 0, 0.304956, 7.33867e-08, 1.48817e-08, 1.19309, 0.967852, 2.41974e-07, 245.642
9075, 0.296996, 0.240259, 0.0700913, 0, 1.00165e-09, 3.57155e-09, 0, 0, 0.310351, 7.18354e-08, 1.42366e-08, 1.21404, 0.96785, 2.41869e-07, 246.304
9076, 0.277851, 0.252688, 0.0719791, 0, 8.90654e-10, 3.19444e-09, 0, 0, 0.324667, 6.71779e-08, 1.24937e-08, 1.28067, 0.967848, 2.41764e-07, 248.033
9077, 0.237279, 0.281397, 0.0754002, 0, 6.95448e-10, 2.52578e-09, 0, 0, 0.356797, 5.73473e-08, 9.52765e-09, 1.43852, 0.967846, 2.41659e-07, 251.737
9078, 0.178277, 0.323878, 0.0794136, 0, 4.5209e-10, 1.67187e-09, 0, 0, 0.403292, 4.30705e-08, 5.95807e-09, 1.72442, 0.967844, 2.41554e-07, 256.716
9079, 0.14896, 0.344825, 0.0811136, 0, 3.38533e-10, 1.26806e-09, 0, 0, 0.425939, 3.59658e-08, 4.33786e-09, 1.90408, 0.967842, 2.4145e-07, 258.998
9080, 0.186633, 0.318787, 0.0788023, 0, 4.8668e-10, 1.80134e-09, 0, 0, 0.39759, 4.50353e-08, 6.50655e-09, 1.67861, 0.96784, 2.41345e-07, 256.116
9081, 0.248621, 0.276537, 0.0744547, 0, 7.52988e-10, 2.74436e-09, 0, 0, 0.350992, 5.99707e-08, 1.04634e-08, 1.39183, 0.967838, 2.41241e-07, 251.061
9082, 0.286955, 0.250513, 0.0711111, 0, 9.4023e-10, 3.38978e-09, 0, 0, 0.321624, 6.91922e-08, 1.33446e-08, 1.24843, 0.967836, 2.41136e-07, 247.632
9083, 0.303376, 0.239873, 0.0693543, 0, 1.03571e-09, 3.71175e-09, 0, 0, 0.309227, 7.3122e-08, 1.48792e-08, 1.19278, 0.967834, 2.41032e-07, 246.116
9084, 0.312241, 0.235415, 0.0683974, 0, 1.0949e-09, 3.91882e-09, 0, 0, 0.303812, 7.52266e-08, 1.58583e-08, 1.16398, 0.967832, 2.40927e-07, 245.438
9085, 0.317231, 0.233357, 0.067876, 0, 1.1283e-09, 4.04362e-09, 0, 0, 0.301233, 7.63966e-08, 1.64427e-08, 1.14812, 0.96783, 2.40824e-07, 245.108
9086, 0.319332, 0.232585, 0.0676384, 0, 1.14145e-09, 4.096e-09, 0, 0, 0.300224, 7.68699e-08, 1.66961e-08, 1.14152, 0.967828, 2.40721e-07, 244.975
9087, 0.317712, 0.232887, 0.0676937, 0, 1.12731e-09, 4.0442e-09, 0, 0, 0.300581, 7.64471e-08, 1.6497e-08, 1.14661, 0.967826, 2.40616e-07, 245.014
9088, 0.312914, 0.234128, 0.0679955, 0, 1.0902e-09, 3.90539e-09, 0, 0, 0.302124, 7.52596e-08, 1.59173e-08, 1.16183, 0.967824, 2.4051e-07, 245.202
9089, 0.307983, 0.236209, 0.0683929, 0, 1.05415e-09, 3.77669e-09, 0, 0, 0.304602, 7.40414e-08, 1.53447e-08, 1.17771, 0.967822, 2.40405e-07, 245.506
9090, 0.300891, 0.240847, 0.0691378, 0, 1.00798e-09, 3.62779e-09, 0, 0, 0.309985, 7.23054e-08, 1.46223e-08, 1.20101, 0.96782, 2.40298e-07, 246.168
9091, 0.282587, 0.253566, 0.071004, 0, 9.05755e-10, 3.29279e-09, 0, 0, 0.32457, 6.78768e-08, 1.303e-08, 1.26377, 0.967818, 2.40175e-07, 247.931
9092, 0.241112, 0.281619, 0.0747335, 0, 7.03335e-10, 2.5943e-09, 0, 0, 0.356352, 5.78843e-08, 9.90782e-09, 1.42249, 0.967816, 2.40014e-07, 251.601
9093, 0.190601, 0.314764, 0.0788165, 0, 4.73332e-10, 1.77602e-09, 0, 0, 0.39358, 4.57287e-08, 6.41518e-09, 1.65757, 0.967814, 2.39864e-07, 255.627
9094, 0.183431, 0.319052, 0.0792755, 0, 4.38109e-10, 1.64845e-09, 0, 0, 0.398327, 4.39868e-08, 5.89702e-09, 1.69592, 0.967812, 2.39796e-07, 256.116
9095, 0.229297, 0.288927, 0.0755123, 0, 6.41532e-10, 2.37651e-09, 0, 0, 0.364439, 5.49701e-08, 9.01909e-09, 1.47274, 0.96781, 2.39751e-07, 252.484
9096, 0.278755, 0.257611, 0.071223, 0, 8.82574e-10, 3.22818e-09, 0, 0, 0.328834, 6.68059e-08, 1.2778e-08, 1.27742, 0.967808, 2.39672e-07, 248.409
9097, 0.303905, 0.242016, 0.0687803, 0, 1.0193e-09, 3.69939e-09, 0, 0, 0.310797, 7.28055e-08, 1.49674e-08, 1.19104, 0.967806, 2.39572e-07, 246.225
9098, 0.312572, 0.236375, 0.0677818, 0, 1.07067e-09, 3.86811e-09, 0, 0, 0.304157, 7.48507e-08, 1.58214e-08, 1.16292, 0.967804, 2.39469e-07, 245.395
9099, 0.316151, 0.234085, 0.067316, 0, 1.09269e-09, 3.94032e-09, 0, 0, 0.301401, 7.56752e-08, 1.62111e-08, 1.15154, 0.967802, 2.39365e-07, 245.044
9100, 0.317835, 0.232991, 0.0670663, 0, 1.10194e-09, 3.97235e-09, 0, 0, 0.300058, 7.60457e-08, 1.63996e-08, 1.14622, 0.9678, 2.39262e-07, 244.868
9101, 0.317667, 0.232618, 0.0669778, 0, 1.09893e-09, 3.95647e-09, 0, 0, 0.299596, 7.59728e-08, 1.6368e-08, 1.14675, 0.967798, 2.39158e-07, 244.804
9102, 0.316774, 0.232461, 0.0669344, 0, 1.09155e-09, 3.92294e-09, 0, 0, 0.299395, 7.57261e-08, 1.62581e-08, 1.14957, 0.967796, 2.39054e-07, 244.773
9103, 0.318206, 0.231944, 0.0667442, 0, 1.10061e-09, 3.95481e-09, 0, 0, 0.298689, 7.60353e-08, 1.642e-08, 1.14506, 0.967794, 2.38951e-07, 244.677
9104, 0.319507, 0.231531, 0.0665767, 0, 1.1076e-09, 3.98545e-09, 0, 0, 0.298107, 7.63135e-08, 1.65726e-08, 1.14098, 0.967792, 2.38847e-07, 244.597
9105, 0.318421, 0.231616, 0.0665803, 0, 1.09688e-09, 3.95277e-09, 0, 0, 0.298196, 7.60212e-08, 1.64567e-08, 1.14438, 0.96779, 2.38744e-07, 244.602
9106, 0.31972, 0.231445, 0.0664599, 0, 1.10494e-09, 3.98401e-09, 0, 0, 0.297905, 7.62977e-08, 1.6603e-08, 1.14031, 0.967788, 2.38641e-07, 244.559
9107, 0.323471, 0.230924, 0.0661902, 0, 1.13194e-09, 4.08162e-09, 0, 0, 0.297114, 7.71595e-08, 1.70248e-08, 1.12865, 0.967786, 2.38537e-07, 244.453
9108, 0.32404, 0.230897, 0.0661132, 0, 1.13453e-09, 4.09286e-09, 0, 0, 0.29701, 7.72623e-08, 1.7086e-08, 1.12689, 0.967784, 2.38434e-07, 244.434
9109, 0.322199, 0.231298, 0.0661952, 0, 1.11853e-09, 4.03806e-09, 0, 0, 0.297493, 7.67901e-08, 1.68689e-08, 1.13259, 0.967782, 2.38331e-07, 244.489
9110, 0.320373, 0.231699, 0.0662788, 0, 1.10248e-09, 3.98294e-09, 0, 0, 0.297978, 7.63217e-08, 1.66501e-08, 1.13827, 0.96778, 2.38227e-07, 244.544
9111, 0.320091, 0.231782, 0.0662522, 0, 1.09813e-09, 3.97039e-09, 0, 0, 0.298034, 7.62212e-08, 1.66121e-08, 1.13915, 0.967778, 2.38124e-07, 244.545
9112, 0.324024, 0.231199, 0.06596, 0, 1.12633e-09, 4.07676e-09, 0, 0, 0.297159, 7.7124e-08, 1.70736e-08, 1.12694, 0.967776, 2.38021e-07, 244.428
9113, 0.328095, 0.230597, 0.065656, 0, 1.15607e-09, 4.18654e-09, 0, 0, 0.296253, 7.80593e-08, 1.75493e-08, 1.11445, 0.967774, 2.37918e-07, 244.307
9114, 0.327584, 0.23066, 0.0656236, 0, 1.15138e-09, 4.1645e-09, 0, 0, 0.296283, 7.79046e-08, 1.74708e-08, 1.11601, 0.967772, 2.37815e-07, 244.304
9115, 0.324141, 0.23118, 0.0657754, 0, 1.12455e-09, 4.06114e-09, 0, 0, 0.296956, 7.70526e-08, 1.70503e-08, 1.12658, 0.96777, 2.37712e-07, 244.384
9116, 0.323007, 0.231433, 0.0658059, 0, 1.11428e-09, 4.0243e-09, 0, 0, 0.297239, 7.67496e-08, 1.69085e-08, 1.13008, 0.967768, 2.3761e-07, 244.414
9117, 0.323659, 0.231525, 0.0657504, 0, 1.11631e-09, 4.03726e-09, 0, 0, 0.297276, 7.68713e-08, 1.69722e-08, 1.12806, 0.967766, 2.37507e-07, 244.412
9118, 0.322682, 0.231992, 0.0658217, 0, 1.10546e-09, 4.00842e-09, 0, 0, 0.297813, 7.66064e-08, 1.68559e-08, 1.13109, 0.967764, 2.37405e-07, 244.475
9119, 0.320221, 0.232716, 0.0659882, 0, 1.08447e-09, 3.94116e-09, 0, 0, 0.298704, 7.59894e-08, 1.65777e-08, 1.13874, 0.967762, 2.37302e-07, 244.582
9120, 0.31992, 0.232922, 0.0659792, 0, 1.08122e-09, 3.93054e-09, 0, 0, 0.298902, 7.58846e-08, 1.65431e-08, 1.13969, 0.96776, 2.372e-07, 244.601
9121, 0.323627, 0.232261, 0.0656738, 0, 1.10773e-09, 4.02574e-09, 0, 0, 0.297935, 7.67305e-08, 1.69615e-08, 1.12816, 0.967758, 2.37097e-07, 244.472
9122, 0.326657, 0.231624, 0.0653981, 0, 1.12803e-09, 4.09991e-09, 0, 0, 0.297022, 7.74159e-08, 1.7294e-08, 1.11884, 0.967756, 2.36994e-07, 244.35
9123, 0.326028, 0.231639, 0.0653665, 0, 1.12045e-09, 4.07502e-09, 0, 0, 0.297006, 7.72337e-08, 1.72066e-08, 1.12077, 0.967754, 2.36892e-07, 244.342
9124, 0.324537, 0.231921, 0.0654122, 0, 1.10709e-09, 4.03054e-09, 0, 0, 0.297333, 7.68471e-08, 1.70318e-08, 1.12536, 0.967752, 2.3679e-07, 244.377
9125, 0.323726, 0.232247, 0.0654444, 0, 1.09961e-09, 4.00951e-09, 0, 0, 0.297692, 7.66218e-08, 1.69524e-08, 1.12786, 0.96775, 2.36687e-07, 244.417
9126, 0.324926, 0.23241, 0.0653845, 0, 1.10744e-09, 4.04507e-09, 0, 0, 0.297794, 7.68724e-08, 1.71096e-08, 1.12416, 0.967748, 2.36585e-07, 244.424
9127, 0.325296, 0.232631, 0.0653619, 0, 1.1098e-09, 4.05421e-09, 0, 0, 0.297993, 7.6927e-08, 1.71546e-08, 1.12302, 0.967746, 2.36483e-07, 244.443
9128, 0.321837, 0.233145, 0.0655054, 0, 1.08475e-09, 3.95388e-09, 0, 0, 0.298651, 7.60763e-08, 1.67419e-08, 1.13371, 0.967744, 2.3638e-07, 244.52
9129, 0.320981, 0.233129, 0.0654639, 0, 1.07732e-09, 3.92104e-09, 0, 0, 0.298593, 7.58403e-08, 1.66199e-08, 1.13637, 0.967742, 2.36277e-07, 244.507
9130, 0.324021, 0.232615, 0.0652168, 0, 1.0961e-09, 3.99499e-09, 0, 0, 0.297832, 7.65236e-08, 1.69491e-08, 1.12695, 0.96774, 2.36169e-07, 244.404
9131, 0.322965, 0.232847, 0.0652486, 0, 1.08494e-09, 3.96016e-09, 0, 0, 0.298095, 7.62352e-08, 1.68118e-08, 1.13021, 0.967738, 2.36046e-07, 244.432
9132, 0.317394, 0.233854, 0.0655667, 0, 1.04253e-09, 3.80362e-09, 0, 0, 0.299421, 7.48765e-08, 1.61536e-08, 1.14761, 0.967736, 2.35907e-07, 244.594
9133, 0.311751, 0.234998, 0.0659092, 0, 1.00076e-09, 3.64786e-09, 0, 0, 0.300907, 7.35051e-08, 1.54965e-08, 1.16555, 0.967734, 2.3578e-07, 244.776
9134, 0.310045, 0.235587, 0.0660233, 0, 9.87373e-10, 3.60012e-09, 0, 0, 0.301611, 7.30761e-08, 1.52992e-08, 1.17104, 0.967732, 2.35696e-07, 244.858
9135, 0.312993, 0.235266, 0.0658184, 0, 1.00643e-09, 3.67471e-09, 0, 0, 0.301084, 7.37502e-08, 1.56286e-08, 1.16157, 0.96773, 2.35631e-07, 244.786
9136, 0.317307, 0.234556, 0.0654968, 0, 1.0344e-09, 3.78383e-09, 0, 0, 0.300053, 7.47332e-08, 1.61093e-08, 1.14789, 0.967728, 2.35526e-07, 244.65
9137, 0.319395, 0.234188, 0.0653061, 0, 1.04691e-09, 3.83383e-09, 0, 0, 0.299494, 7.51694e-08, 1.63365e-08, 1.14133, 0.967726, 2.35351e-07, 244.573
9138, 0.318993, 0.23423, 0.065269, 0, 1.0417e-09, 3.81631e-09, 0, 0, 0.299499, 7.5013e-08, 1.62737e-08, 1.14258, 0.967724, 2.35156e-07, 244.568
9139, 0.318205, 0.234379, 0.065268, 0, 1.03326e-09, 3.78883e-09, 0, 0, 0.299647, 7.47878e-08, 1.61696e-08, 1.14506, 0.967722, 2.35031e-07, 244.58
9140, 0.319835, 0.234371, 0.0651737, 0, 1.04246e-09, 3.83063e-09, 0, 0, 0.299544, 7.51581e-08, 1.6357e-08, 1.13995, 0.96772, 2.3499e-07, 244.561
9141, 0.320465, 0.23473, 0.0651848, 0, 1.046e-09, 3.84979e-09, 0, 0, 0.299915, 7.53031e-08, 1.64399e-08, 1.13798, 0.967718, 2.3498e-07, 244.602
9142, 0.318765, 0.235288, 0.0652875, 0, 1.03457e-09, 3.80354e-09, 0, 0, 0.300576, 7.48893e-08, 1.62456e-08, 1.1433, 0.967716, 2.34936e-07, 244.68
9143, 0.319911, 0.235053, 0.0651347, 0, 1.04314e-09, 3.83149e-09, 0, 0, 0.300188, 7.51311e-08, 1.63788e-08, 1.13971, 0.967714, 2.34851e-07, 244.625
9144, 0.322659, 0.234545, 0.0648906, 0, 1.06069e-09, 3.90402e-09, 0, 0, 0.299435, 7.57449e-08, 1.67038e-08, 1.13116, 0.967712, 2.34753e-07, 244.523
9145, 0.321688, 0.234734, 0.0649055, 0, 1.05062e-09, 3.87454e-09, 0, 0, 0.29964, 7.54848e-08, 1.65898e-08, 1.13417, 0.96771, 2.34652e-07, 244.543
9146, 0.320983, 0.234937, 0.0649176, 0, 1.04268e-09, 3.84906e-09, 0, 0, 0.299855, 7.52866e-08, 1.64935e-08, 1.13637, 0.967708, 2.34551e-07, 244.565
9147, 0.32174, 0.235029, 0.0648651, 0, 1.04596e-09, 3.86616e-09, 0, 0, 0.299894, 7.54318e-08, 1.65768e-08, 1.13401, 0.967706, 2.34449e-07, 244.564
9148, 0.319466, 0.23579, 0.0650291, 0, 1.02897e-09, 3.80675e-09, 0, 0, 0.300819, 7.48667e-08, 1.63255e-08, 1.1411, 0.967704, 2.34348e-07, 244.675
9149, 0.317482, 0.236586, 0.0651832, 0, 1.01471e-09, 3.75502e-09, 0, 0, 0.30177, 7.43691e-08, 1.61044e-08, 1.14733, 0.967702, 2.34247e-07, 244.789
9150, 0.320991, 0.236096, 0.064917, 0, 1.03881e-09, 3.84417e-09, 0, 0, 0.301013, 7.51578e-08, 1.64989e-08, 1.13634, 0.9677, 2.34145e-07, 244.687
9151, 0.323778, 0.235261, 0.064607, 0, 1.05651e-09, 3.90797e-09, 0, 0, 0.299868, 7.57749e-08, 1.6795e-08, 1.1277, 0.967698, 2.34034e-07, 244.536
9152, 0.320842, 0.235467, 0.06468, 0, 1.03268e-09, 3.81984e-09, 0, 0, 0.300147, 7.50416e-08, 1.64323e-08, 1.13681, 0.967696, 2.33888e-07, 244.566
9153, 0.319666, 0.235802, 0.0647288, 0, 1.02144e-09, 3.78428e-09, 0, 0, 0.300531, 7.47049e-08, 1.62856e-08, 1.14048, 0.967694, 2.337e-07, 244.608
9154, 0.322621, 0.235787, 0.0645741, 0, 1.04104e-09, 3.86511e-09, 0, 0, 0.300362, 7.53468e-08, 1.66335e-08, 1.13128, 0.967692, 2.33549e-07, 244.581
9155, 0.321399, 0.236628, 0.0646942, 0, 1.03379e-09, 3.84217e-09, 0, 0, 0.301322, 7.50473e-08, 1.65297e-08, 1.13507, 0.96769, 2.33502e-07, 244.696
9156, 0.314877, 0.23868, 0.0652147, 0, 9.89267e-10, 3.68269e-09, 0, 0, 0.303895, 7.35165e-08, 1.58248e-08, 1.15557, 0.967688, 2.33476e-07, 245.014
9157, 0.313364, 0.24006, 0.0654626, 0, 9.76772e-10, 3.6498e-09, 0, 0, 0.305523, 7.314e-08, 1.56562e-08, 1.16039, 0.967686, 2.33404e-07, 245.212
9158, 0.31726, 0.239919, 0.0652161, 0, 1.00154e-09, 3.74993e-09, 0, 0, 0.305135, 7.40216e-08, 1.60732e-08, 1.14803, 0.967684, 2.33316e-07, 245.158
9159, 0.317053, 0.240359, 0.0651413, 0, 9.99695e-10, 3.74105e-09, 0, 0, 0.3055, 7.39467e-08, 1.60136e-08, 1.14869, 0.967682, 2.3323e-07, 245.198
9160, 0.311383, 0.243426, 0.0655989, 0, 9.63414e-10, 3.6113e-09, 0, 0, 0.309025, 7.25959e-08, 1.53725e-08, 1.16673, 0.96768, 2.33137e-07, 245.631
9161, 0.297942, 0.252746, 0.0668696, 0, 8.92708e-10, 3.3697e-09, 0, 0, 0.319616, 6.94346e-08, 1.41469e-08, 1.21086, 0.967678, 2.33039e-07, 246.924
9162, 0.261004, 0.277637, 0.0697654, 0, 7.27564e-10, 2.78085e-09, 0, 0, 0.347402, 6.08042e-08, 1.13588e-08, 1.34322, 0.967676, 2.32939e-07, 250.192
9163, 0.199535, 0.31889, 0.0738459, 0, 4.8196e-10, 1.87724e-09, 0, 0, 0.392736, 4.64666e-08, 7.30346e-09, 1.61177, 0.967674, 2.32839e-07, 255.163
9164, 0.163297, 0.343375, 0.0761766, 0, 3.41855e-10, 1.36007e-09, 0, 0, 0.419552, 3.80059e-08, 5.03974e-09, 1.81218, 0.967672, 2.32739e-07, 257.92
9165, 0.193311, 0.3223, 0.0745507, 0, 4.42691e-10, 1.74846e-09, 0, 0, 0.396851, 4.49651e-08, 6.74243e-09, 1.64345, 0.96767, 2.32638e-07, 255.584
9166, 0.250735, 0.282519, 0.0706828, 0, 6.60999e-10, 2.55721e-09, 0, 0, 0.353202, 5.82995e-08, 1.04073e-08, 1.38336, 0.967668, 2.32538e-07, 250.83
9167, 0.28975, 0.256514, 0.0674413, 0, 8.34148e-10, 3.17474e-09, 0, 0, 0.323956, 6.73458e-08, 1.33462e-08, 1.23874, 0.967666, 2.32438e-07, 247.413
9168, 0.310116, 0.24515, 0.0655061, 0, 9.44853e-10, 3.56229e-09, 0, 0, 0.310656, 7.20501e-08, 1.52307e-08, 1.17081, 0.967664, 2.32338e-07, 245.786
9169, 0.319564, 0.240606, 0.0645499, 0, 1.00107e-09, 3.75931e-09, 0, 0, 0.305156, 7.42145e-08, 1.62005e-08, 1.1408, 0.967662, 2.32238e-07, 245.096
9170, 0.320477, 0.239098, 0.064291, 0, 1.00247e-09, 3.76417e-09, 0, 0, 0.303389, 7.43952e-08, 1.62938e-08, 1.13794, 0.96766, 2.32138e-07, 244.868
9171, 0.320372, 0.238574, 0.064212, 0, 9.978e-10, 3.75445e-09, 0, 0, 0.302786, 7.43385e-08, 1.63003e-08, 1.13827, 0.967658, 2.32039e-07, 244.786
9172, 0.320933, 0.238881, 0.0642475, 0, 1.00003e-09, 3.77259e-09, 0, 0, 0.303129, 7.44369e-08, 1.63969e-08, 1.13652, 0.967656, 2.31939e-07, 244.823
9173, 0.316018, 0.240992, 0.0647853, 0, 9.67441e-10, 3.66285e-09, 0, 0, 0.305778, 7.32662e-08, 1.59065e-08, 1.15196, 0.967654, 2.31839e-07, 245.15
9174, 0.309616, 0.242899, 0.0653215, 0, 9.23998e-10, 3.50794e-09, 0, 0, 0.308221, 7.17506e-08, 1.52263e-08, 1.17242, 0.967652, 2.31739e-07, 245.449
9175, 0.311488, 0.241764, 0.0650048, 0, 9.33885e-10, 3.53835e-09, 0, 0, 0.306769, 7.21522e-08, 1.53931e-08, 1.16639, 0.96765, 2.31639e-07, 245.262
9176, 0.316318, 0.239612, 0.0643994, 0, 9.63759e-10, 3.63581e-09, 0, 0, 0.304012, 7.32392e-08, 1.58624e-08, 1.15101, 0.967648, 2.31537e-07, 244.911
9177, 0.317008, 0.238781, 0.0641826, 0, 9.66809e-10, 3.63614e-09, 0, 0, 0.302963, 7.3363e-08, 1.58906e-08, 1.14883, 0.967646, 2.31424e-07, 244.773
9178, 0.319359, 0.23814, 0.0639593, 0, 9.80542e-10, 3.68494e-09, 0, 0, 0.302099, 7.38595e-08, 1.61229e-08, 1.14144, 0.967644, 2.31277e-07, 244.658
9179, 0.322412, 0.237598, 0.0637298, 0, 9.98968e-10, 3.75495e-09, 0, 0, 0.301328, 7.45106e-08, 1.6444e-08, 1.13192, 0.967642, 2.31105e-07, 244.555
9180, 0.320777, 0.238282, 0.063875, 0, 9.86812e-10, 3.71201e-09, 0, 0, 0.302157, 7.40872e-08, 1.62567e-08, 1.13701, 0.96764, 2.30961e-07, 244.654
9181, 0.316372, 0.240366, 0.0643919, 0, 9.56845e-10, 3.61449e-09, 0, 0, 0.304758, 7.30439e-08, 1.58059e-08, 1.15084, 0.967638, 2.30879e-07, 244.975
9182, 0.312263, 0.242806, 0.0649854, 0, 9.29037e-10, 3.5325e-09, 0, 0, 0.307792, 7.20837e-08, 1.5412e-08, 1.16391, 0.967636, 2.30844e-07, 245.349
9183, 0.311857, 0.243096, 0.0650276, 0, 9.2514e-10, 3.52325e-09, 0, 0, 0.308123, 7.1977e-08, 1.53744e-08, 1.16521, 0.967634, 2.30803e-07, 245.384
9184, 0.315695, 0.241001, 0.064452, 0, 9.48478e-10, 3.59682e-09, 0, 0, 0.305453, 7.284e-08, 1.5745e-08, 1.15298, 0.967632, 2.30731e-07, 245.045
9185, 0.320058, 0.238902, 0.0638652, 0, 9.74982e-10, 3.6824e-09, 0, 0, 0.302768, 7.38174e-08, 1.61688e-08, 1.13925, 0.96763, 2.30639e-07, 244.701
9186, 0.321332, 0.238171, 0.0636483, 0, 9.81479e-10, 3.70159e-09, 0, 0, 0.301819, 7.4079e-08, 1.62773e-08, 1.13528, 0.967628, 2.30537e-07, 244.576
9187, 0.319573, 0.238513, 0.0637292, 0, 9.6842e-10, 3.65303e-09, 0, 0, 0.302242, 7.36421e-08, 1.60709e-08, 1.14077, 0.967626, 2.30438e-07, 244.623
9188, 0.318966, 0.238898, 0.0637725, 0, 9.63482e-10, 3.6383e-09, 0, 0, 0.302671, 7.3472e-08, 1.60077e-08, 1.14267, 0.967624, 2.30344e-07, 244.672
9189, 0.318998, 0.239779, 0.0638695, 0, 9.64659e-10, 3.6518e-09, 0, 0, 0.303649, 7.34491e-08, 1.60526e-08, 1.14257, 0.967622, 2.30249e-07, 244.789
9190, 0.311982, 0.243473, 0.0646913, 0, 9.22956e-10, 3.51147e-09, 0, 0, 0.308165, 7.18044e-08, 1.53735e-08, 1.16481, 0.96762, 2.30151e-07, 245.348
9191, 0.300176, 0.248831, 0.0659834, 0, 8.50836e-10, 3.2579e-09, 0, 0, 0.314814, 6.90573e-08, 1.41735e-08, 1.20339, 0.967618, 2.30053e-07, 246.165
9192, 0.299105, 0.249521, 0.0661208, 0, 8.42189e-10, 3.23022e-09, 0, 0, 0.315642, 6.87796e-08, 1.40463e-08, 1.20696, 0.967616, 2.29954e-07, 246.261
9193, 0.307438, 0.24526, 0.0650764, 0, 8.88725e-10, 3.39017e-09, 0, 0, 0.310337, 7.06653e-08, 1.48353e-08, 1.17948, 0.967614, 2.29855e-07, 245.601
9194, 0.310814, 0.242009, 0.0643664, 0, 9.05117e-10, 3.42826e-09, 0, 0, 0.306375, 7.14116e-08, 1.50836e-08, 1.16856, 0.967612, 2.29757e-07, 245.102
9195, 0.309423, 0.24097, 0.0641956, 0, 8.93328e-10, 3.37086e-09, 0, 0, 0.305165, 7.10617e-08, 1.48757e-08, 1.17305, 0.96761, 2.29658e-07, 244.944
9196, 0.310916, 0.240307, 0.0639996, 0, 9.007e-10, 3.40103e-09, 0, 0, 0.304307, 7.13734e-08, 1.50353e-08, 1.16823, 0.967608, 2.2956e-07, 244.831
9197, 0.313617, 0.240048, 0.0638449, 0, 9.17018e-10, 3.47092e-09, 0, 0, 0.303893, 7.19627e-08, 1.53529e-08, 1.15958, 0.967606, 2.29461e-07, 244.773
9198, 0.312412, 0.241088, 0.0640529, 0, 9.09083e-10, 3.45462e-09, 0, 0, 0.305141, 7.1656e-08, 1.52713e-08, 1.16343, 0.967604, 2.29363e-07, 244.924
9199, 0.309615, 0.243474, 0.0645699, 0, 8.91252e-10, 3.41076e-09, 0, 0, 0.308044, 7.09839e-08, 1.50412e-08, 1.17243, 0.967602, 2.29264e-07, 245.281
9200, 0.305675, 0.246846, 0.0653226, 0, 8.67392e-10, 3.34223e-09, 0, 0, 0.312168, 7.00508e-08, 1.46809e-08, 1.18523, 0.9676, 2.29166e-07, 245.787
9201, 0.303524, 0.247979, 0.0655698, 0, 8.55105e-10, 3.29413e-09, 0, 0, 0.313549, 6.95273e-08, 1.44623e-08, 1.19229, 0.967598, 2.29068e-07, 245.952
9202, 0.311405, 0.24437, 0.0645751, 0, 9.04482e-10, 3.46129e-09, 0, 0, 0.308945, 7.13008e-08, 1.52767e-08, 1.16666, 0.967596, 2.28969e-07, 245.376
9203, 0.322179, 0.240218, 0.063409, 0, 9.70322e-10, 3.69593e-09, 0, 0, 0.303627, 7.37368e-08, 1.63875e-08, 1.13265, 0.967594, 2.28871e-07, 244.705
9204, 0.323959, 0.2391, 0.0631149, 0, 9.78215e-10, 3.72108e-09, 0, 0, 0.302215, 7.41133e-08, 1.65251e-08, 1.12714, 0.967592, 2.28773e-07, 244.521
9205, 0.321609, 0.239421, 0.0632159, 0, 9.6068e-10, 3.6549e-09, 0, 0, 0.302637, 7.35439e-08, 1.62398e-08, 1.13442, 0.96759, 2.28674e-07, 244.568
9206, 0.322379, 0.239358, 0.0631394, 0, 9.64384e-10, 3.67081e-09, 0, 0, 0.302498, 7.36882e-08, 1.63195e-08, 1.13203, 0.967588, 2.28576e-07, 244.545
9207, 0.320279, 0.2402, 0.0633097, 0, 9.50144e-10, 3.61998e-09, 0, 0, 0.30351, 7.31777e-08, 1.60913e-08, 1.13856, 0.967586, 2.28479e-07, 244.667
9208, 0.311451, 0.243653, 0.0641753, 0, 8.94388e-10, 3.42253e-09, 0, 0, 0.307829, 7.11308e-08, 1.51713e-08, 1.16651, 0.967584, 2.28381e-07, 245.202
9209, 0.300143, 0.249593, 0.0655926, 0, 8.26144e-10, 3.19376e-09, 0, 0, 0.315186, 6.8519e-08, 1.4059e-08, 1.2035, 0.967582, 2.28283e-07, 246.107
9210, 0.292574, 0.254659, 0.0666822, 0, 7.82683e-10, 3.0532e-09, 0, 0, 0.321341, 6.67615e-08, 1.33353e-08, 1.22904, 0.96758, 2.28185e-07, 246.852
9211, 0.291268, 0.256509, 0.0668203, 0, 7.76786e-10, 3.02857e-09, 0, 0, 0.323329, 6.64345e-08, 1.31501e-08, 1.23351, 0.967578, 2.28087e-07, 247.087
9212, 0.290472, 0.258495, 0.0668645, 0, 7.74583e-10, 3.00354e-09, 0, 0, 0.325359, 6.62243e-08, 1.2936e-08, 1.23625, 0.967576, 2.27988e-07, 247.326
9213, 0.294774, 0.258278, 0.0665325, 0, 8.01194e-10, 3.09198e-09, 0, 0, 0.324811, 6.71722e-08, 1.32871e-08, 1.22155, 0.967574, 2.27881e-07, 247.254
9214, 0.307177, 0.25209, 0.065165, 0, 8.71074e-10, 3.3475e-09, 0, 0, 0.317255, 6.99556e-08, 1.45602e-08, 1.18033, 0.967572, 2.27744e-07, 246.332
9215, 0.316271, 0.245643, 0.0639298, 0, 9.18783e-10, 3.52181e-09, 0, 0, 0.309573, 7.19736e-08, 1.55282e-08, 1.15116, 0.96757, 2.27571e-07, 245.379
9216, 0.319371, 0.242813, 0.0634362, 0, 9.33048e-10, 3.57743e-09, 0, 0, 0.306249, 7.2634e-08, 1.58901e-08, 1.1414, 0.967568, 2.27428e-07, 244.959
9217, 0.319312, 0.242876, 0.063489, 0, 9.32494e-10, 3.58613e-09, 0, 0, 0.306365, 7.25888e-08, 1.59619e-08, 1.14159, 0.967566, 2.27328e-07, 244.967
9218, 0.310306, 0.24704, 0.0645668, 0, 8.80339e-10, 3.4104e-09, 0, 0, 0.311607, 7.05119e-08, 1.51344e-08, 1.1702, 0.967564, 2.27231e-07, 245.614
9219, 0.294001, 0.254189, 0.0664491, 0, 7.84328e-10, 3.07372e-09, 0, 0, 0.320638, 6.67902e-08, 1.35397e-08, 1.22417, 0.967562, 2.27179e-07, 246.716
9220, 0.289107, 0.256203, 0.0670022, 0, 7.53506e-10, 2.96445e-09, 0, 0, 0.323206, 6.56713e-08, 1.30259e-08, 1.24096, 0.96756, 2.27157e-07, 247.021
9221, 0.300714, 0.250345, 0.0655361, 0, 8.18418e-10, 3.18638e-09, 0, 0, 0.315881, 6.82907e-08, 1.41066e-08, 1.2016, 0.967558, 2.27101e-07, 246.124
9222, 0.314221, 0.243694, 0.0638702, 0, 8.96552e-10, 3.45013e-09, 0, 0, 0.307565, 7.13311e-08, 1.53929e-08, 1.15766, 0.967556, 2.27014e-07, 245.089
9223, 0.322795, 0.24017, 0.0629556, 0, 9.48103e-10, 3.62781e-09, 0, 0, 0.303125, 7.32471e-08, 1.62443e-08, 1.13074, 0.967554, 2.26918e-07, 244.525
9224, 0.326628, 0.238932, 0.0626157, 0, 9.71469e-10, 3.71201e-09, 0, 0, 0.301547, 7.40859e-08, 1.66419e-08, 1.11893, 0.967552, 2.26821e-07, 244.32
9225, 0.325838, 0.239023, 0.0626654, 0, 9.6559e-10, 3.69006e-09, 0, 0, 0.301689, 7.38755e-08, 1.65507e-08, 1.12135, 0.96755, 2.26724e-07, 244.332
9226, 0.322983, 0.239995, 0.0629463, 0, 9.47165e-10, 3.62713e-09, 0, 0, 0.302941, 7.31969e-08, 1.6263e-08, 1.13016, 0.967548, 2.26626e-07, 244.485
9227, 0.31942, 0.242175, 0.0634726, 0, 9.26686e-10, 3.56717e-09, 0, 0, 0.305647, 7.23586e-08, 1.5965e-08, 1.14125, 0.967546, 2.26529e-07, 244.82
9228, 0.309538, 0.247472, 0.0647647, 0, 8.7212e-10, 3.38422e-09, 0, 0, 0.312236, 7.00912e-08, 1.50715e-08, 1.17267, 0.967544, 2.26432e-07, 245.635
9229, 0.294365, 0.254561, 0.0665571, 0, 7.87755e-10, 3.0833e-09, 0, 0, 0.321118, 6.66265e-08, 1.36321e-08, 1.22294, 0.967542, 2.26335e-07, 246.718
9230, 0.293351, 0.25518, 0.0667159, 0, 7.8206e-10, 3.06499e-09, 0, 0, 0.321896, 6.63661e-08, 1.35478e-08, 1.22639, 0.96754, 2.26239e-07, 246.807
9231, 0.307775, 0.248336, 0.0650097, 0, 8.60242e-10, 3.34555e-09, 0, 0, 0.313345, 6.9599e-08, 1.49022e-08, 1.17839, 0.967538, 2.26142e-07, 245.755
9232, 0.318192, 0.242437, 0.0636013, 0, 9.15633e-10, 3.52873e-09, 0, 0, 0.306038, 7.19247e-08, 1.58155e-08, 1.1451, 0.967536, 2.26045e-07, 244.84
9233, 0.323374, 0.239626, 0.0629215, 0, 9.4574e-10, 3.62082e-09, 0, 0, 0.302547, 7.30652e-08, 1.62784e-08, 1.12894, 0.967534, 2.25948e-07, 244.395
9234, 0.327707, 0.238138, 0.0625142, 0, 9.73001e-10, 3.71362e-09, 0, 0, 0.300652, 7.40127e-08, 1.67209e-08, 1.11563, 0.967532, 2.25851e-07, 244.149
9235, 0.328844, 0.23774, 0.0624132, 0, 9.79208e-10, 3.73637e-09, 0, 0, 0.300153, 7.4238e-08, 1.68344e-08, 1.11217, 0.96753, 2.25754e-07, 244.08
9236, 0.327354, 0.238347, 0.0625761, 0, 9.68873e-10, 3.70584e-09, 0, 0, 0.300923, 7.38702e-08, 1.66938e-08, 1.11671, 0.967528, 2.25657e-07, 244.172
9237, 0.323661, 0.24056, 0.0631031, 0, 9.46981e-10, 3.64392e-09, 0, 0, 0.303663, 7.30059e-08, 1.6382e-08, 1.12806, 0.967526, 2.2556e-07, 244.513
9238, 0.311996, 0.246534, 0.0645792, 0, 8.80975e-10, 3.42228e-09, 0, 0, 0.311113, 7.03458e-08, 1.52964e-08, 1.16476, 0.967524, 2.25464e-07, 245.439
9239, 0.292191, 0.255463, 0.0668502, 0, 7.71735e-10, 3.02739e-09, 0, 0, 0.322313, 6.58521e-08, 1.34078e-08, 1.23035, 0.967522, 2.25367e-07, 246.807
9240, 0.285489, 0.258442, 0.067606, 0, 7.37005e-10, 2.898e-09, 0, 0, 0.326048, 6.43113e-08, 1.28023e-08, 1.25355, 0.96752, 2.2527e-07, 247.252
9241, 0.301649, 0.251282, 0.0657791, 0, 8.25192e-10, 3.21972e-09, 0, 0, 0.317061, 6.79208e-08, 1.43483e-08, 1.19849, 0.967518, 2.25173e-07, 246.156
9242, 0.317096, 0.243411, 0.0638518, 0, 9.06575e-10, 3.50092e-09, 0, 0, 0.307263, 7.13695e-08, 1.57236e-08, 1.14855, 0.967516, 2.25076e-07, 244.937
9243, 0.319951, 0.240548, 0.0632432, 0, 9.18627e-10, 3.52012e-09, 0, 0, 0.303791, 7.1982e-08, 1.58584e-08, 1.13959, 0.967514, 2.24978e-07, 244.495
9244, 0.320115, 0.239965, 0.0631304, 0, 9.1824e-10, 3.50883e-09, 0, 0, 0.303096, 7.19875e-08, 1.58164e-08, 1.13908, 0.967512, 2.24881e-07, 244.401
9245, 0.321233, 0.240031, 0.0630849, 0, 9.2485e-10, 3.53506e-09, 0, 0, 0.303116, 7.22077e-08, 1.59213e-08, 1.13559, 0.96751, 2.24783e-07, 244.398
9246, 0.316299, 0.242264, 0.0635834, 0, 8.96238e-10, 3.42771e-09, 0, 0, 0.305847, 7.10689e-08, 1.53861e-08, 1.15107, 0.967508, 2.24685e-07, 244.736
9247, 0.300513, 0.247735, 0.0649696, 0, 8.08232e-10, 3.09364e-09, 0, 0, 0.312705, 6.74937e-08, 1.37986e-08, 1.20226, 0.967506, 2.24586e-07, 245.586
9248, 0.275769, 0.255692, 0.0671052, 0, 6.76506e-10, 2.5976e-09, 0, 0, 0.322798, 6.19097e-08, 1.14991e-08, 1.28819, 0.967504, 2.24487e-07, 246.816
9249, 0.254816, 0.26414, 0.0693176, 0, 5.71422e-10, 2.21613e-09, 0, 0, 0.333457, 5.7179e-08, 9.73842e-09, 1.36721, 0.967502, 2.24387e-07, 248.086
9250, 0.254977, 0.266959, 0.0699344, 0, 5.79644e-10, 2.27372e-09, 0, 0, 0.336894, 5.7186e-08, 9.99467e-09, 1.36658, 0.9675, 2.24286e-07, 248.486
9251, 0.281268, 0.258373, 0.0676557, 0, 7.18405e-10, 2.81101e-09, 0, 0, 0.326029, 6.30516e-08, 1.25036e-08, 1.26845, 0.967498, 2.24184e-07, 247.189
9252, 0.310504, 0.246401, 0.0646264, 0, 8.68987e-10, 3.36526e-09, 0, 0, 0.311027, 6.95744e-08, 1.51272e-08, 1.16956, 0.967496, 2.24078e-07, 245.35
9253, 0.32377, 0.240127, 0.063102, 0, 9.37593e-10, 3.60146e-09, 0, 0, 0.303229, 7.25132e-08, 1.62722e-08, 1.12772, 0.967494, 2.23968e-07, 244.367
9254, 0.32719, 0.238341, 0.0626941, 0, 9.55573e-10, 3.65785e-09, 0, 0, 0.301035, 7.32413e-08, 1.65564e-08, 1.11722, 0.967492, 2.2385e-07, 244.083
9255, 0.327204, 0.23819, 0.0626877, 0, 9.54772e-10, 3.65178e-09, 0, 0, 0.300878, 7.32014e-08, 1.65359e-08, 1.11717, 0.96749, 2.23717e-07, 244.057
9256, 0.324466, 0.238661, 0.0628627, 0, 9.37641e-10, 3.5827e-09, 0, 0, 0.301524, 7.25351e-08, 1.62261e-08, 1.12558, 0.967488, 2.2355e-07, 244.134
9257, 0.32149, 0.239499, 0.0630962, 0, 9.19461e-10, 3.51534e-09, 0, 0, 0.302596, 7.17782e-08, 1.59193e-08, 1.13479, 0.967486, 2.23257e-07, 244.264
9258, 0.318868, 0.242092, 0.0636495, 0, 9.0449e-10, 3.48201e-09, 0, 0, 0.305742, 7.09679e-08, 1.57308e-08, 1.14298, 0.967484, 2.22448e-07, 244.655
9259, 0.30422, 0.250299, 0.0655965, 0, 8.24425e-10, 3.21156e-09, 0, 0, 0.315896, 6.71985e-08, 1.44047e-08, 1.19, 0.967482, 2.20401e-07, 245.912
9260, 0.279561, 0.26143, 0.0683665, 0, 6.9338e-10, 2.72833e-09, 0, 0, 0.329797, 6.11391e-08, 1.21079e-08, 1.27454, 0.96748, 2.1788e-07, 247.591
9261, 0.275957, 0.262488, 0.0686725, 0, 6.73703e-10, 2.65129e-09, 0, 0, 0.33116, 6.03487e-08, 1.17564e-08, 1.28751, 0.967478, 2.17877e-07, 247.748
9262, 0.299006, 0.251984, 0.0660811, 0, 7.94186e-10, 3.09777e-09, 0, 0, 0.318065, 6.59952e-08, 1.38881e-08, 1.20729, 0.967476, 2.20219e-07, 246.162
9263, 0.319968, 0.242307, 0.0636906, 0, 9.08098e-10, 3.50666e-09, 0, 0, 0.305998, 7.10508e-08, 1.58611e-08, 1.13953, 0.967474, 2.21928e-07, 244.659
9264, 0.330082, 0.237779, 0.0625532, 0, 9.68027e-10, 3.71104e-09, 0, 0, 0.300332, 7.3442e-08, 1.68574e-08, 1.10842, 0.967472, 2.22482e-07, 243.936
9265, 0.335504, 0.236001, 0.0620632, 0, 1.00255e-09, 3.83159e-09, 0, 0, 0.298064, 7.46648e-08, 1.74326e-08, 1.09212, 0.96747, 2.22544e-07, 243.641
9266, 0.336125, 0.235843, 0.0620286, 0, 1.00584e-09, 3.84401e-09, 0, 0, 0.297872, 7.4781e-08, 1.74943e-08, 1.09027, 0.967468, 2.22481e-07, 243.611
9267, 0.331963, 0.236892, 0.0623674, 0, 9.78201e-10, 3.74258e-09, 0, 0, 0.299259, 7.38518e-08, 1.70253e-08, 1.10273, 0.967466, 2.22472e-07, 243.783
9268, 0.326573, 0.238617, 0.0628572, 0, 9.4366e-10, 3.61979e-09, 0, 0, 0.301474, 7.2658e-08, 1.64488e-08, 1.1191, 0.967464, 2.22487e-07, 244.059
9269, 0.319022, 0.242428, 0.0637842, 0, 9.00599e-10, 3.47614e-09, 0, 0, 0.306212, 7.09673e-08, 1.57438e-08, 1.1425, 0.967462, 2.2245e-07, 244.652
9270, 0.300884, 0.251677, 0.0660255, 0, 8.05596e-10, 3.14254e-09, 0, 0, 0.317703, 6.69112e-08, 1.4111e-08, 1.20103, 0.96746, 2.22374e-07, 246.073
9271, 0.277561, 0.262793, 0.0687561, 0, 6.88944e-10, 2.71452e-09, 0, 0, 0.331549, 6.16999e-08, 1.20486e-08, 1.28172, 0.967458, 2.22287e-07, 247.74
9272, 0.27747, 0.26294, 0.0687827, 0, 6.91753e-10, 2.72559e-09, 0, 0, 0.331722, 6.16516e-08, 1.21085e-08, 1.28204, 0.967456, 2.22198e-07, 247.755
9273, 0.301398, 0.25178, 0.0660374, 0, 8.12455e-10, 3.17045e-09, 0, 0, 0.317818, 6.69401e-08, 1.42549e-08, 1.19932, 0.967454, 2.22108e-07, 246.07
9274, 0.320649, 0.24216, 0.0637118, 0, 9.10626e-10, 3.51569e-09, 0, 0, 0.305871, 7.11878e-08, 1.59491e-08, 1.13741, 0.967452, 2.22016e-07, 244.581
9275, 0.329914, 0.237708, 0.062621, 0, 9.61852e-10, 3.68903e-09, 0, 0, 0.300329, 7.32154e-08, 1.68104e-08, 1.10892, 0.96745, 2.21925e-07, 243.874
9276, 0.333298, 0.236095, 0.0622285, 0, 9.80425e-10, 3.7511e-09, 0, 0, 0.298324, 7.39362e-08, 1.71254e-08, 1.09872, 0.967448, 2.21832e-07, 243.612
9277, 0.331687, 0.236086, 0.0622802, 0, 9.68388e-10, 3.70177e-09, 0, 0, 0.298366, 7.35485e-08, 1.69101e-08, 1.10356, 0.967446, 2.2174e-07, 243.612
9278, 0.328708, 0.236903, 0.0625257, 0, 9.48786e-10, 3.6298e-09, 0, 0, 0.299429, 7.28574e-08, 1.65749e-08, 1.11259, 0.967444, 2.21647e-07, 243.742
9279, 0.325318, 0.238869, 0.0629985, 0, 9.29103e-10, 3.57043e-09, 0, 0, 0.301868, 7.20761e-08, 1.62739e-08, 1.12295, 0.967442, 2.21554e-07, 244.047
9280, 0.314421, 0.244646, 0.0643818, 0, 8.72154e-10, 3.38052e-09, 0, 0, 0.309028, 6.9634e-08, 1.53338e-08, 1.15702, 0.96744, 2.21461e-07, 244.943
9281, 0.289191, 0.256571, 0.0672983, 0, 7.43656e-10, 2.9156e-09, 0, 0, 0.323869, 6.40206e-08, 1.30866e-08, 1.24067, 0.967438, 2.21368e-07, 246.763
9282, 0.26936, 0.26629, 0.0696604, 0, 6.43521e-10, 2.54584e-09, 0, 0, 0.33595, 5.96031e-08, 1.12953e-08, 1.3117, 0.967436, 2.21274e-07, 248.202
9283, 0.281399, 0.261495, 0.0684422, 0, 7.02414e-10, 2.76907e-09, 0, 0, 0.329937, 6.22373e-08, 1.23507e-08, 1.26798, 0.967434, 2.21181e-07, 247.482
9284, 0.308864, 0.248647, 0.0652853, 0, 8.4201e-10, 3.2828e-09, 0, 0, 0.313932, 6.82833e-08, 1.484e-08, 1.17485, 0.967432, 2.21087e-07, 245.531
9285, 0.324629, 0.2405, 0.0633276, 0, 9.24097e-10, 3.56911e-09, 0, 0, 0.303828, 7.17402e-08, 1.62557e-08, 1.12507, 0.96743, 2.20994e-07, 244.262
9286, 0.328775, 0.237924, 0.0627388, 0, 9.45283e-10, 3.6299e-09, 0, 0, 0.300663, 7.26263e-08, 1.65703e-08, 1.11238, 0.967428, 2.209e-07, 243.854
9287, 0.329283, 0.237143, 0.0625876, 0, 9.47275e-10, 3.62538e-09, 0, 0, 0.299731, 7.27081e-08, 1.65673e-08, 1.11084, 0.967426, 2.20807e-07, 243.73
9288, 0.330485, 0.236482, 0.0624236, 0, 9.55372e-10, 3.64923e-09, 0, 0, 0.298906, 7.29422e-08, 1.66973e-08, 1.10719, 0.967424, 2.20714e-07, 243.618
9289, 0.33407, 0.235987, 0.0622039, 0, 9.79107e-10, 3.74017e-09, 0, 0, 0.298191, 7.37023e-08, 1.71182e-08, 1.0964, 0.967422, 2.2062e-07, 243.521
9290, 0.333506, 0.237406, 0.0624427, 0, 9.76698e-10, 3.74282e-09, 0, 0, 0.299849, 7.35477e-08, 1.70916e-08, 1.09809, 0.96742, 2.20527e-07, 243.728
9291, 0.322487, 0.243234, 0.0637494, 0, 9.13357e-10, 3.52577e-09, 0, 0, 0.306983, 7.10888e-08, 1.5983e-08, 1.13169, 0.967418, 2.20433e-07, 244.626
9292, 0.298701, 0.254998, 0.0664856, 0, 7.8471e-10, 3.06357e-09, 0, 0, 0.321483, 6.58191e-08, 1.36868e-08, 1.20831, 0.967416, 2.2034e-07, 246.414
9293, 0.269483, 0.26846, 0.0697736, 0, 6.37907e-10, 2.51826e-09, 0, 0, 0.338234, 5.93556e-08, 1.10644e-08, 1.31125, 0.967414, 2.20247e-07, 248.412
9294, 0.259096, 0.272015, 0.0708184, 0, 5.91411e-10, 2.34029e-09, 0, 0, 0.342834, 5.704e-08, 1.02891e-08, 1.35056, 0.967412, 2.20153e-07, 248.946
9295, 0.282271, 0.26051, 0.0681585, 0, 7.07013e-10, 2.77353e-09, 0, 0, 0.328669, 6.2113e-08, 1.24311e-08, 1.26489, 0.96741, 2.2006e-07, 247.266
9296, 0.313382, 0.246219, 0.0647089, 0, 8.62233e-10, 3.34531e-09, 0, 0, 0.310928, 6.8931e-08, 1.52036e-08, 1.16033, 0.967408, 2.19967e-07, 245.092
9297, 0.328687, 0.239125, 0.0629861, 0, 9.41493e-10, 3.62311e-09, 0, 0, 0.302111, 7.22688e-08, 1.6559e-08, 1.11265, 0.967406, 2.19874e-07, 243.977
9298, 0.332579, 0.237346, 0.0625469, 0, 9.62926e-10, 3.68951e-09, 0, 0, 0.299893, 7.30943e-08, 1.68822e-08, 1.10088, 0.967404, 2.19781e-07, 243.688
9299, 0.33111, 0.237595, 0.0626352, 0, 9.53206e-10, 3.64699e-09, 0, 0, 0.30023, 7.27411e-08, 1.66815e-08, 1.10531, 0.967402, 2.19687e-07, 243.726
9300, 0.324785, 0.238721, 0.0630166, 0, 9.15008e-10, 3.49957e-09, 0, 0, 0.301738, 7.13219e-08, 1.6003e-08, 1.12459, 0.9674, 2.19594e-07, 243.912
9301, 0.309898, 0.241516, 0.0639155, 0, 8.31914e-10, 3.17542e-09, 0, 0, 0.305431, 6.80252e-08, 1.45096e-08, 1.17151, 0.967398, 2.19501e-07, 244.375
9302, 0.286604, 0.247038, 0.0655024, 0, 7.06344e-10, 2.68772e-09, 0, 0, 0.31254, 6.28857e-08, 1.22332e-08, 1.24966, 0.967396, 2.19408e-07, 245.259
9303, 0.26974, 0.255064, 0.067266, 0, 6.20304e-10, 2.37682e-09, 0, 0, 0.32233, 5.91595e-08, 1.0698e-08, 1.3103, 0.967394, 2.19315e-07, 246.457
9304, 0.254039, 0.269807, 0.0698107, 0, 5.57942e-10, 2.1849e-09, 0, 0, 0.339617, 5.56937e-08, 9.63068e-09, 1.37027, 0.967392, 2.19222e-07, 248.517
9305, 0.219842, 0.296274, 0.0735656, 0, 4.34642e-10, 1.74778e-09, 0, 0, 0.36984, 4.81786e-08, 7.41355e-09, 1.51485, 0.96739, 2.19129e-07, 251.956
9306, 0.176851, 0.32997, 0.0763637, 0, 3.02338e-10, 1.24228e-09, 0, 0, 0.406334, 3.8741e-08, 4.94517e-09, 1.73245, 0.967388, 2.19036e-07, 255.866
9307, 0.154966, 0.351155, 0.0767168, 0, 2.57727e-10, 1.05769e-09, 0, 0, 0.427872, 3.39286e-08, 4.0406e-09, 1.86455, 0.967386, 2.18944e-07, 258.062
9308, 0.185236, 0.333917, 0.0743024, 0, 3.68918e-10, 1.48131e-09, 0, 0, 0.408219, 4.0533e-08, 5.95188e-09, 1.68612, 0.967384, 2.18851e-07, 256.052
9309, 0.246778, 0.292592, 0.0700923, 0, 5.80414e-10, 2.28709e-09, 0, 0, 0.362684, 5.39783e-08, 9.73216e-09, 1.39926, 0.967382, 2.18758e-07, 251.138
9310, 0.29335, 0.261537, 0.0664431, 0, 7.61296e-10, 2.95967e-09, 0, 0, 0.327981, 6.41418e-08, 1.30571e-08, 1.22639, 0.96738, 2.18666e-07, 247.102
9311, 0.316811, 0.246914, 0.0642606, 0, 8.70377e-10, 3.35471e-09, 0, 0, 0.311175, 6.92446e-08, 1.51126e-08, 1.14945, 0.967378, 2.18573e-07, 245.04
9312, 0.326817, 0.240864, 0.0632031, 0, 9.22423e-10, 3.5403e-09, 0, 0, 0.304067, 7.14025e-08, 1.61251e-08, 1.11835, 0.967376, 2.1848e-07, 244.141
9313, 0.330078, 0.238594, 0.0628221, 0, 9.39074e-10, 3.60276e-09, 0, 0, 0.301416, 7.20849e-08, 1.64995e-08, 1.10843, 0.967374, 2.18388e-07, 243.799
9314, 0.329642, 0.238839, 0.0629442, 0, 9.36355e-10, 3.60248e-09, 0, 0, 0.301784, 7.19595e-08, 1.65235e-08, 1.10975, 0.967372, 2.18295e-07, 243.84
9315, 0.319951, 0.243717, 0.0641609, 0, 8.85297e-10, 3.42715e-09, 0, 0, 0.307877, 6.98161e-08, 1.56654e-08, 1.13959, 0.96737, 2.18203e-07, 244.605
9316, 0.293739, 0.255564, 0.0671218, 0, 7.51125e-10, 2.93386e-09, 0, 0, 0.322686, 6.40708e-08, 1.32741e-08, 1.22506, 0.967368, 2.1811e-07, 246.43
9317, 0.268445, 0.266586, 0.0698845, 0, 6.26343e-10, 2.46547e-09, 0, 0, 0.33647, 5.85262e-08, 1.10275e-08, 1.31511, 0.967366, 2.18015e-07, 248.077
9318, 0.275032, 0.263312, 0.0690942, 0, 6.58181e-10, 2.5877e-09, 0, 0, 0.332406, 5.99257e-08, 1.16333e-08, 1.29087, 0.967364, 2.17901e-07, 247.589
9319, 0.304357, 0.250174, 0.0658249, 0, 8.01614e-10, 3.12453e-09, 0, 0, 0.315998, 6.62624e-08, 1.42296e-08, 1.18955, 0.967362, 2.17733e-07, 245.594
9320, 0.324915, 0.241619, 0.0635945, 0, 9.07264e-10, 3.50835e-09, 0, 0, 0.305213, 7.06772e-08, 1.6066e-08, 1.12419, 0.96736, 2.17536e-07, 244.242
9321, 0.326739, 0.242065, 0.0634512, 0, 9.1752e-10, 3.54e-09, 0, 0, 0.305516, 7.10409e-08, 1.61434e-08, 1.11859, 0.967358, 2.17428e-07, 244.275
9322, 0.315571, 0.248501, 0.0646973, 0, 8.55773e-10, 3.31368e-09, 0, 0, 0.313199, 6.86067e-08, 1.49296e-08, 1.15337, 0.967356, 2.17408e-07, 245.231
9323, 0.308191, 0.252028, 0.0654368, 0, 8.13542e-10, 3.15535e-09, 0, 0, 0.317465, 6.69786e-08, 1.41186e-08, 1.17704, 0.967354, 2.17336e-07, 245.753
9324, 0.314733, 0.24725, 0.0645467, 0, 8.46943e-10, 3.26625e-09, 0, 0, 0.311797, 6.83469e-08, 1.47622e-08, 1.15603, 0.967352, 2.1717e-07, 245.046
9325, 0.324996, 0.240635, 0.0633064, 0, 9.01532e-10, 3.45776e-09, 0, 0, 0.303942, 7.05378e-08, 1.58353e-08, 1.12394, 0.96735, 2.17047e-07, 244.054
9326, 0.329827, 0.23809, 0.0628642, 0, 9.2821e-10, 3.56082e-09, 0, 0, 0.300954, 7.15873e-08, 1.64009e-08, 1.10919, 0.967348, 2.17044e-07, 243.668
9327, 0.325149, 0.240907, 0.0636013, 0, 9.04696e-10, 3.48943e-09, 0, 0, 0.304508, 7.05752e-08, 1.60511e-08, 1.12347, 0.967346, 2.17052e-07, 244.114
9328, 0.304562, 0.250505, 0.0660427, 0, 7.98433e-10, 3.10435e-09, 0, 0, 0.316548, 6.60921e-08, 1.4166e-08, 1.18888, 0.967344, 2.16998e-07, 245.613
9329, 0.279637, 0.261478, 0.0688598, 0, 6.71697e-10, 2.63212e-09, 0, 0, 0.330338, 6.06583e-08, 1.18763e-08, 1.27426, 0.967342, 2.16912e-07, 247.284
9330, 0.28091, 0.260735, 0.0686972, 0, 6.77322e-10, 2.6572e-09, 0, 0, 0.329432, 6.09052e-08, 1.20118e-08, 1.26972, 0.96734, 2.16821e-07, 247.17
9331, 0.304665, 0.249313, 0.065869, 0, 7.93597e-10, 3.08971e-09, 0, 0, 0.315182, 6.60274e-08, 1.41463e-08, 1.18854, 0.967338, 2.1673e-07, 245.428
9332, 0.321365, 0.240226, 0.0636963, 0, 8.75247e-10, 3.37534e-09, 0, 0, 0.303923, 6.96188e-08, 1.55938e-08, 1.13518, 0.967336, 2.16638e-07, 244.013
9333, 0.327866, 0.236399, 0.062805, 0, 9.09236e-10, 3.48382e-09, 0, 0, 0.299204, 7.09979e-08, 1.61641e-08, 1.11515, 0.967334, 2.16547e-07, 243.405
9334, 0.333883, 0.234381, 0.0622504, 0, 9.45423e-10, 3.61295e-09, 0, 0, 0.296632, 7.22701e-08, 1.67975e-08, 1.09697, 0.967332, 2.16455e-07, 243.069
9335, 0.337771, 0.233315, 0.0619338, 0, 9.69301e-10, 3.69967e-09, 0, 0, 0.295249, 7.30814e-08, 1.72175e-08, 1.08539, 0.96733, 2.16364e-07, 242.885
9336, 0.33676, 0.233336, 0.0619712, 0, 9.62968e-10, 3.67155e-09, 0, 0, 0.295307, 7.28322e-08, 1.70934e-08, 1.08839, 0.967328, 2.16273e-07, 242.887
9337, 0.334025, 0.233878, 0.0621558, 0, 9.46193e-10, 3.60663e-09, 0, 0, 0.296034, 7.22102e-08, 1.67932e-08, 1.09654, 0.967326, 2.16181e-07, 242.975
9338, 0.329086, 0.23528, 0.0625718, 0, 9.15769e-10, 3.49419e-09, 0, 0, 0.297851, 7.11129e-08, 1.62596e-08, 1.11144, 0.967324, 2.1609e-07, 243.204
9339, 0.319971, 0.238773, 0.0635171, 0, 8.62306e-10, 3.30208e-09, 0, 0, 0.30229, 6.91145e-08, 1.53225e-08, 1.13953, 0.967322, 2.15998e-07, 243.767
9340, 0.302738, 0.246589, 0.0655353, 0, 7.70602e-10, 2.9717e-09, 0, 0, 0.312124, 6.53656e-08, 1.36875e-08, 1.19489, 0.96732, 2.15907e-07, 245
9341, 0.280653, 0.257194, 0.0682511, 0, 6.60914e-10, 2.57307e-09, 0, 0, 0.325445, 6.05711e-08, 1.17159e-08, 1.27064, 0.967318, 2.15816e-07, 246.631
9342, 0.277225, 0.259957, 0.0689094, 0, 6.47775e-10, 2.53601e-09, 0, 0, 0.328867, 5.98029e-08, 1.15154e-08, 1.28293, 0.967316, 2.15725e-07, 247.039
9343, 0.298572, 0.250913, 0.0665329, 0, 7.5561e-10, 2.93882e-09, 0, 0, 0.317446, 6.43795e-08, 1.34828e-08, 1.20874, 0.967314, 2.15634e-07, 245.643
9344, 0.316663, 0.241312, 0.0641358, 0, 8.45831e-10, 3.24937e-09, 0, 0, 0.305448, 6.82533e-08, 1.50504e-08, 1.14992, 0.967312, 2.15542e-07, 244.14
9345, 0.321083, 0.237221, 0.0632215, 0, 8.66523e-10, 3.29782e-09, 0, 0, 0.300442, 6.91778e-08, 1.53493e-08, 1.13605, 0.96731, 2.15451e-07, 243.498
9346, 0.320947, 0.236076, 0.0630239, 0, 8.6329e-10, 3.2726e-09, 0, 0, 0.2991, 6.91193e-08, 1.52611e-08, 1.13648, 0.967308, 2.1536e-07, 243.32
9347, 0.322713, 0.235376, 0.062859, 0, 8.70787e-10, 3.30215e-09, 0, 0, 0.298235, 6.94698e-08, 1.54154e-08, 1.13099, 0.967306, 2.15269e-07, 243.204
9348, 0.327844, 0.234381, 0.0625291, 0, 8.9926e-10, 3.4191e-09, 0, 0, 0.29691, 7.05444e-08, 1.59765e-08, 1.11522, 0.967304, 2.15178e-07, 243.028
9349, 0.33257, 0.233605, 0.0622365, 0, 9.28281e-10, 3.53502e-09, 0, 0, 0.295842, 7.15313e-08, 1.65265e-08, 1.10091, 0.967302, 2.15088e-07, 242.884
9350, 0.331471, 0.234038, 0.0623302, 0, 9.2605e-10, 3.52207e-09, 0, 0, 0.296368, 7.12658e-08, 1.64612e-08, 1.10421, 0.9673, 2.14997e-07, 242.947
9351, 0.321215, 0.236701, 0.0631186, 0, 8.71915e-10, 3.30497e-09, 0, 0, 0.29982, 6.90326e-08, 1.54178e-08, 1.13564, 0.967298, 2.14906e-07, 243.385
9352, 0.303423, 0.242488, 0.0647568, 0, 7.75118e-10, 2.93901e-09, 0, 0, 0.307245, 6.51821e-08, 1.36468e-08, 1.19263, 0.967296, 2.14815e-07, 244.324
9353, 0.279917, 0.251928, 0.0672979, 0, 6.52773e-10, 2.49206e-09, 0, 0, 0.319226, 6.01075e-08, 1.14711e-08, 1.27326, 0.967294, 2.14724e-07, 245.809
9354, 0.260676, 0.259981, 0.0694504, 0, 5.53382e-10, 2.12796e-09, 0, 0, 0.329432, 5.5951e-08, 9.7021e-09, 1.34448, 0.967292, 2.14633e-07, 247.043
9355, 0.2587, 0.258786, 0.0692501, 0, 5.3643e-10, 2.05894e-09, 0, 0, 0.328036, 5.55017e-08, 9.40385e-09, 1.35208, 0.96729, 2.14543e-07, 246.87
9356, 0.2667, 0.251517, 0.0675526, 0, 5.70547e-10, 2.16761e-09, 0, 0, 0.31907, 5.71934e-08, 1.00063e-08, 1.32163, 0.967288, 2.14452e-07, 245.774
9357, 0.275067, 0.245742, 0.0661819, 0, 6.13789e-10, 2.30793e-09, 0, 0, 0.311924, 5.89629e-08, 1.07303e-08, 1.29074, 0.967286, 2.14361e-07, 244.883
9358, 0.283181, 0.242691, 0.0653748, 0, 6.62095e-10, 2.48034e-09, 0, 0, 0.308065, 6.06763e-08, 1.156e-08, 1.26167, 0.967284, 2.14271e-07, 244.395
9359, 0.294991, 0.240303, 0.0646058, 0, 7.25253e-10, 2.72739e-09, 0, 0, 0.304909, 6.318e-08, 1.27341e-08, 1.22081, 0.967282, 2.1418e-07, 243.99
9360, 0.301894, 0.239149, 0.0642196, 0, 7.55651e-10, 2.84235e-09, 0, 0, 0.303369, 6.46323e-08, 1.3287e-08, 1.19768, 0.96728, 2.1409e-07, 243.789
9361, 0.296996, 0.239964, 0.0645089, 0, 7.28819e-10, 2.71269e-09, 0, 0, 0.304473, 6.35576e-08, 1.26793e-08, 1.21404, 0.967278, 2.13999e-07, 243.924
9362, 0.293079, 0.240578, 0.0646929, 0, 7.14984e-10, 2.62749e-09, 0, 0, 0.305271, 6.2692e-08, 1.22747e-08, 1.22731, 0.967276, 2.13909e-07, 244.02
9363, 0.298903, 0.239769, 0.0643456, 0, 7.51352e-10, 2.76775e-09, 0, 0, 0.304114, 6.39098e-08, 1.29326e-08, 1.20764, 0.967274, 2.13818e-07, 243.868
9364, 0.304305, 0.239651, 0.0641734, 0, 7.81825e-10, 2.90813e-09, 0, 0, 0.303824, 6.50388e-08, 1.35838e-08, 1.18972, 0.967272, 2.13727e-07, 243.826
9365, 0.287932, 0.244561, 0.0655436, 0, 7.08127e-10, 2.60989e-09, 0, 0, 0.310104, 6.15159e-08, 1.21454e-08, 1.24503, 0.96727, 2.13637e-07, 244.613
9366, 0.257902, 0.253902, 0.0681599, 0, 5.69549e-10, 2.06028e-09, 0, 0, 0.322062, 5.50768e-08, 9.50727e-09, 1.35518, 0.967268, 2.13546e-07, 246.087
9367, 0.244237, 0.260211, 0.0698048, 0, 5.02408e-10, 1.83386e-09, 0, 0, 0.330016, 5.21338e-08, 8.39837e-09, 1.40961, 0.967266, 2.13456e-07, 247.046
9368, 0.256298, 0.257393, 0.0689534, 0, 5.49115e-10, 2.04487e-09, 0, 0, 0.326347, 5.46831e-08, 9.38623e-09, 1.36141, 0.967264, 2.13365e-07, 246.598
9369, 0.27663, 0.249769, 0.0668892, 0, 6.36719e-10, 2.3821e-09, 0, 0, 0.316658, 5.89959e-08, 1.10167e-08, 1.28508, 0.967262, 2.13275e-07, 245.407
9370, 0.295214, 0.243712, 0.0651883, 0, 7.23508e-10, 2.71976e-09, 0, 0, 0.3089, 6.29335e-08, 1.26475e-08, 1.22005, 0.96726, 2.13184e-07, 244.435
9371, 0.297741, 0.242618, 0.0648577, 0, 7.42521e-10, 2.78749e-09, 0, 0, 0.307475, 6.3448e-08, 1.29713e-08, 1.21153, 0.967258, 2.13093e-07, 244.25
9372, 0.271193, 0.247706, 0.066419, 0, 6.32505e-10, 2.31835e-09, 0, 0, 0.314125, 5.77686e-08, 1.07442e-08, 1.30493, 0.967256, 2.13002e-07, 245.077
9373, 0.237375, 0.254966, 0.0685273, 0, 4.89986e-10, 1.72386e-09, 0, 0, 0.323493, 5.05428e-08, 7.91654e-09, 1.43811, 0.967254, 2.12912e-07, 246.225
9374, 0.223704, 0.260073, 0.0696265, 0, 4.3255e-10, 1.50396e-09, 0, 0, 0.3297, 4.76088e-08, 6.82618e-09, 1.49743, 0.967252, 2.1282e-07, 246.971
9375, 0.231981, 0.264204, 0.0697579, 0, 4.58087e-10, 1.65512e-09, 0, 0, 0.333962, 4.93478e-08, 7.41692e-09, 1.4611, 0.96725, 2.12729e-07, 247.477
9376, 0.23229, 0.276268, 0.0706348, 0, 4.58652e-10, 1.72096e-09, 0, 0, 0.346903, 4.93953e-08, 7.56618e-09, 1.45977, 0.967248, 2.12637e-07, 248.995
9377, 0.194914, 0.308041, 0.0729195, 0, 3.51817e-10, 1.34274e-09, 0, 0, 0.380961, 4.14341e-08, 5.70542e-09, 1.6352, 0.967246, 2.12545e-07, 252.824
9378, 0.130642, 0.362026, 0.0736557, 0, 1.968e-10, 7.58733e-10, 0, 0, 0.435682, 2.77624e-08, 3.0356e-09, 2.0353, 0.967244, 2.12452e-07, 258.522
9379, 0.0789091, 0.412212, 0.0715873, 0, 9.36191e-11, 3.7001e-10, 0, 0, 0.483799, 1.67604e-08, 1.35578e-09, 2.53946, 0.967242, 2.12359e-07, 263.151
9380, 0.0774949, 0.412092, 0.0716215, 0, 8.81356e-11, 3.50118e-10, 0, 0, 0.483713, 1.64465e-08, 1.28181e-09, 2.55754, 0.96724, 2.12265e-07, 263.139
9381, 0.114939, 0.362919, 0.0744105, 0, 1.47496e-10, 5.5119e-10, 0, 0, 0.43733, 2.43821e-08, 2.14497e-09, 2.16335, 0.967238, 2.12169e-07, 258.673
9382, 0.144639, 0.313806, 0.0754847, 0, 1.99008e-10, 6.78664e-10, 0, 0, 0.38929, 3.06713e-08, 2.78787e-09, 1.93351, 0.967236, 2.12071e-07, 253.702
9383, 0.165583, 0.285847, 0.0741739, 0, 2.54018e-10, 8.31197e-10, 0, 0, 0.360021, 3.50953e-08, 3.62981e-09, 1.79828, 0.967234, 2.1197e-07, 250.466
9384, 0.202753, 0.269004, 0.0714423, 0, 3.74578e-10, 1.30191e-09, 0, 0, 0.340447, 4.29502e-08, 5.90887e-09, 1.59577, 0.967232, 2.11864e-07, 248.199
9385, 0.245101, 0.256855, 0.0686113, 0, 5.17695e-10, 1.89056e-09, 0, 0, 0.325466, 5.18961e-08, 8.69961e-09, 1.40609, 0.96723, 2.1175e-07, 246.403
9386, 0.257205, 0.25183, 0.0675887, 0, 5.55981e-10, 2.02928e-09, 0, 0, 0.319419, 5.44309e-08, 9.37744e-09, 1.35788, 0.967228, 2.11619e-07, 245.658
9387, 0.24258, 0.252764, 0.0682279, 0, 5.00488e-10, 1.77131e-09, 0, 0, 0.320992, 5.12954e-08, 8.19019e-09, 1.41642, 0.967226, 2.11443e-07, 245.846
9388, 0.227659, 0.254918, 0.0690769, 0, 4.45828e-10, 1.53564e-09, 0, 0, 0.323995, 4.80678e-08, 7.09566e-09, 1.47991, 0.967224, 2.1114e-07, 246.208
9389, 0.223997, 0.255465, 0.0693503, 0, 4.28506e-10, 1.47255e-09, 0, 0, 0.324815, 4.71613e-08, 6.80447e-09, 1.49612, 0.967222, 2.10557e-07, 246.303
9390, 0.223624, 0.255278, 0.0693725, 0, 4.23594e-10, 1.46419e-09, 0, 0, 0.32465, 4.68412e-08, 6.77631e-09, 1.49779, 0.96722, 2.0937e-07, 246.277
9391, 0.212265, 0.257274, 0.0700389, 0, 3.87989e-10, 1.32802e-09, 0, 0, 0.327313, 4.41122e-08, 6.1505e-09, 1.54992, 0.967218, 2.07473e-07, 246.595
9392, 0.190009, 0.261814, 0.0714459, 0, 3.25146e-10, 1.07991e-09, 0, 0, 0.33326, 3.92906e-08, 4.98692e-09, 1.66068, 0.967216, 2.06443e-07, 247.305
9393, 0.18622, 0.263423, 0.0719061, 0, 3.17117e-10, 1.05835e-09, 0, 0, 0.335329, 3.87108e-08, 4.87458e-09, 1.68083, 0.967214, 2.0757e-07, 247.547
9394, 0.192099, 0.262814, 0.0717104, 0, 3.32248e-10, 1.11966e-09, 0, 0, 0.334525, 4.02136e-08, 5.153e-09, 1.64974, 0.967212, 2.09222e-07, 247.446
9395, 0.178407, 0.264821, 0.0723878, 0, 2.96395e-10, 9.63278e-10, 0, 0, 0.337209, 3.74794e-08, 4.42807e-09, 1.72369, 0.96721, 2.10126e-07, 247.76
9396, 0.179973, 0.263603, 0.0720632, 0, 3.14696e-10, 1.03434e-09, 0, 0, 0.335666, 3.78775e-08, 4.7876e-09, 1.71495, 0.967208, 2.1048e-07, 247.572
9397, 0.212406, 0.25658, 0.0699349, 0, 4.18882e-10, 1.45127e-09, 0, 0, 0.326515, 4.47273e-08, 6.76983e-09, 1.54925, 0.967206, 2.10575e-07, 246.468
9398, 0.231998, 0.252015, 0.0685972, 0, 4.71807e-10, 1.64362e-09, 0, 0, 0.320612, 4.885e-08, 7.68171e-09, 1.46103, 0.967204, 2.1056e-07, 245.742
9399, 0.222597, 0.253453, 0.0691062, 0, 4.33693e-10, 1.46758e-09, 0, 0, 0.322559, 4.68604e-08, 6.84605e-09, 1.50239, 0.967202, 2.1051e-07, 245.976
9400, 0.199458, 0.258217, 0.0706013, 0, 3.53495e-10, 1.13998e-09, 0, 0, 0.328818, 4.19769e-08, 5.28388e-09, 1.61215, 0.9672, 2.10445e-07, 246.731
9401, 0.173659, 0.264298, 0.072418, 0, 2.74771e-10, 8.45694e-10, 0, 0, 0.336716, 3.65357e-08, 3.88446e-09, 1.75066, 0.967198, 2.10372e-07, 247.671
9402, 0.141305, 0.272237, 0.0747187, 0, 1.98812e-10, 5.86058e-10, 0, 0, 0.346956, 2.97187e-08, 2.67084e-09, 1.95683, 0.967196, 2.10295e-07, 248.87
9403, 0.124182, 0.276762, 0.0760077, 0, 1.67926e-10, 5.01188e-10, 0, 0, 0.35277, 2.61046e-08, 2.28412e-09, 2.08601, 0.967194, 2.10215e-07, 249.538
9404, 0.146046, 0.272115, 0.0746372, 0, 2.17975e-10, 6.97963e-10, 0, 0, 0.346753, 3.06859e-08, 3.2028e-09, 1.92384, 0.967192, 2.10134e-07, 248.837
9405, 0.170147, 0.266018, 0.072878, 0, 2.65492e-10, 8.53042e-10, 0, 0, 0.338896, 3.57384e-08, 3.92012e-09, 1.77109, 0.96719, 2.1005e-07, 247.91
9406, 0.173456, 0.26439, 0.0723925, 0, 2.70139e-10, 8.35937e-10, 0, 0, 0.336782, 3.64196e-08, 3.837e-09, 1.75183, 0.967188, 2.09966e-07, 247.654
9407, 0.185256, 0.262606, 0.071646, 0, 3.07415e-10, 9.65098e-10, 0, 0, 0.334252, 3.88795e-08, 4.43453e-09, 1.68602, 0.967186, 2.09881e-07, 247.348
9408, 0.210448, 0.261664, 0.0706311, 0, 3.85264e-10, 1.30794e-09, 0, 0, 0.332295, 4.4149e-08, 6.01103e-09, 1.55852, 0.967184, 2.09796e-07, 247.108
9409, 0.207813, 0.271885, 0.0719731, 0, 3.88658e-10, 1.39746e-09, 0, 0, 0.343858, 4.35837e-08, 6.39417e-09, 1.57112, 0.967182, 2.0971e-07, 248.474
9410, 0.150524, 0.295352, 0.0768019, 0, 2.5465e-10, 9.20959e-10, 0, 0, 0.372154, 3.1561e-08, 4.17797e-09, 1.89363, 0.96718, 2.09624e-07, 251.696
9411, 0.0894872, 0.310846, 0.0809704, 0, 1.13288e-10, 3.7636e-10, 0, 0, 0.391816, 1.87549e-08, 1.6823e-09, 2.41366, 0.967178, 2.09538e-07, 253.838
9412, 0.0802086, 0.304472, 0.0808512, 0, 8.01429e-11, 2.29965e-10, 0, 0, 0.385323, 1.67982e-08, 1.01683e-09, 2.52312, 0.967176, 2.09451e-07, 253.132
9413, 0.106013, 0.289991, 0.0784133, 0, 1.17925e-10, 3.46241e-10, 0, 0, 0.368405, 2.21924e-08, 1.54455e-09, 2.24419, 0.967174, 2.09365e-07, 251.264
9414, 0.129866, 0.280697, 0.0765118, 0, 1.58252e-10, 4.75214e-10, 0, 0, 0.357208, 2.71762e-08, 2.13404e-09, 2.04125, 0.967172, 2.09278e-07, 249.993
9415, 0.146741, 0.275244, 0.0752117, 0, 1.91433e-10, 5.8691e-10, 0, 0, 0.350456, 3.06953e-08, 2.65818e-09, 1.91909, 0.96717, 2.09191e-07, 249.212
9416, 0.156718, 0.27147, 0.0743091, 0, 2.15853e-10, 6.7928e-10, 0, 0, 0.345779, 3.27703e-08, 3.09923e-09, 1.85331, 0.967168, 2.09104e-07, 248.664
9417, 0.144985, 0.273044, 0.0749172, 0, 1.94102e-10, 6.04785e-10, 0, 0, 0.347961, 3.03067e-08, 2.7594e-09, 1.93113, 0.967166, 2.09017e-07, 248.913
9418, 0.119841, 0.278595, 0.0765727, 0, 1.41054e-10, 4.11306e-10, 0, 0, 0.355167, 2.5041e-08, 1.86128e-09, 2.12159, 0.967164, 2.0893e-07, 249.74
9419, 0.100867, 0.283072, 0.0778601, 0, 1.04107e-10, 2.78646e-10, 0, 0, 0.360932, 2.10668e-08, 1.24844e-09, 2.29395, 0.967162, 2.08843e-07, 250.393
9420, 0.0987989, 0.283394, 0.0779972, 0, 1.04248e-10, 2.8872e-10, 0, 0, 0.361391, 2.06238e-08, 1.30031e-09, 2.31467, 0.96716, 2.08756e-07, 250.44
9421, 0.120129, 0.278682, 0.0766862, 0, 1.49974e-10, 4.69973e-10, 0, 0, 0.355369, 2.50644e-08, 2.14466e-09, 2.11919, 0.967158, 2.08669e-07, 249.749
9422, 0.13816, 0.275008, 0.0756405, 0, 1.86038e-10, 6.04813e-10, 0, 0, 0.350649, 2.88175e-08, 2.7702e-09, 1.97935, 0.967156, 2.08582e-07, 249.2
9423, 0.120999, 0.27896, 0.0768126, 0, 1.49598e-10, 4.62514e-10, 0, 0, 0.355773, 2.52308e-08, 2.10812e-09, 2.11197, 0.967154, 2.08495e-07, 249.785
9424, 0.0942053, 0.285361, 0.0786525, 0, 9.44358e-11, 2.62805e-10, 0, 0, 0.364014, 1.96351e-08, 1.18074e-09, 2.36228, 0.967152, 2.08408e-07, 250.718
9425, 0.0888673, 0.28716, 0.0790869, 0, 8.40339e-11, 2.32952e-10, 0, 0, 0.366246, 1.85121e-08, 1.04311e-09, 2.42061, 0.96715, 2.08321e-07, 250.964
9426, 0.109593, 0.283116, 0.0777852, 0, 1.24234e-10, 3.83696e-10, 0, 0, 0.360901, 2.2818e-08, 1.74296e-09, 2.21098, 0.967148, 2.08234e-07, 250.356
9427, 0.132697, 0.279678, 0.0765565, 0, 1.66562e-10, 5.42221e-10, 0, 0, 0.356234, 2.76197e-08, 2.4751e-09, 2.01968, 0.967146, 2.08147e-07, 249.819
9428, 0.12126, 0.28526, 0.0778193, 0, 1.43794e-10, 4.56369e-10, 0, 0, 0.36308, 2.52322e-08, 2.07264e-09, 2.10982, 0.967144, 2.0806e-07, 250.593
9429, 0.0923129, 0.294007, 0.0800451, 0, 8.94741e-11, 2.55324e-10, 0, 0, 0.374052, 1.92011e-08, 1.13934e-09, 2.38257, 0.967142, 2.07973e-07, 251.816
9430, 0.0759184, 0.298933, 0.0811107, 0, 6.05442e-11, 1.55857e-10, 0, 0, 0.380043, 1.57835e-08, 6.79918e-10, 2.5781, 0.96714, 2.07886e-07, 252.472
9431, 0.0664192, 0.306454, 0.0819797, 0, 4.76106e-11, 1.18001e-10, 0, 0, 0.388433, 1.38028e-08, 5.05111e-10, 2.71177, 0.967138, 2.078e-07, 253.381
9432, 0.0610608, 0.318051, 0.0829415, 0, 4.205e-11, 1.05995e-10, 0, 0, 0.400993, 1.2683e-08, 4.4104e-10, 2.79589, 0.967136, 2.07713e-07, 254.719
9433, 0.0729507, 0.318574, 0.0822107, 0, 5.92139e-11, 1.68226e-10, 0, 0, 0.400785, 1.51443e-08, 7.0932e-10, 2.61797, 0.967134, 2.07626e-07, 254.693
9434, 0.0962764, 0.303421, 0.079834, 0, 9.21046e-11, 2.73801e-10, 0, 0, 0.383255, 1.99791e-08, 1.18854e-09, 2.34053, 0.967132, 2.0754e-07, 252.805
9435, 0.106439, 0.289937, 0.0783228, 0, 1.07058e-10, 3.11678e-10, 0, 0, 0.368259, 2.20811e-08, 1.37625e-09, 2.24018, 0.96713, 2.07453e-07, 251.142
9436, 0.0989628, 0.287107, 0.0786091, 0, 9.75954e-11, 2.78033e-10, 0, 0, 0.365717, 2.05226e-08, 1.23756e-09, 2.31301, 0.967128, 2.07366e-07, 250.852
9437, 0.0915914, 0.28888, 0.0793741, 0, 8.84647e-11, 2.60283e-10, 0, 0, 0.368254, 1.89855e-08, 1.16357e-09, 2.39042, 0.967126, 2.0728e-07, 251.132
9438, 0.0847034, 0.292076, 0.0802757, 0, 8.02147e-11, 2.46272e-10, 0, 0, 0.372352, 1.75512e-08, 1.10316e-09, 2.4686, 0.967124, 2.07193e-07, 251.585
9439, 0.0701447, 0.296127, 0.0814086, 0, 6.19815e-11, 1.85982e-10, 0, 0, 0.377536, 1.45285e-08, 8.3205e-10, 2.65719, 0.967122, 2.07106e-07, 252.154
9440, 0.0725245, 0.294868, 0.0810383, 0, 6.34618e-11, 1.83849e-10, 0, 0, 0.375907, 1.50126e-08, 8.2095e-10, 2.62383, 0.96712, 2.0702e-07, 251.97
9441, 0.0870232, 0.292276, 0.0801173, 0, 7.82208e-11, 2.29427e-10, 0, 0, 0.372393, 1.80072e-08, 1.02234e-09, 2.44158, 0.967118, 2.06934e-07, 251.576
9442, 0.0843287, 0.297038, 0.081008, 0, 7.01481e-11, 2.04846e-10, 0, 0, 0.378046, 1.74443e-08, 9.04873e-10, 2.47303, 0.967116, 2.06847e-07, 252.197
9443, 0.0754392, 0.303479, 0.0823676, 0, 5.70013e-11, 1.68341e-10, 0, 0, 0.385847, 1.55981e-08, 7.36105e-10, 2.58443, 0.967114, 2.06761e-07, 253.045
9444, 0.0834136, 0.301593, 0.081753, 0, 7.3972e-11, 2.34226e-10, 0, 0, 0.383346, 1.72377e-08, 1.03829e-09, 2.48394, 0.967112, 2.06674e-07, 252.768
9445, 0.099147, 0.295334, 0.080094, 0, 1.0082e-10, 3.27688e-10, 0, 0, 0.375428, 2.04817e-08, 1.46455e-09, 2.31115, 0.96711, 2.06588e-07, 251.894
9446, 0.0931095, 0.294945, 0.0800919, 0, 8.93329e-11, 2.80794e-10, 0, 0, 0.375037, 1.92292e-08, 1.24878e-09, 2.37398, 0.967108, 2.06502e-07, 251.846
9447, 0.070322, 0.299179, 0.0815965, 0, 5.51425e-11, 1.60466e-10, 0, 0, 0.380776, 1.4518e-08, 7.04031e-10, 2.65467, 0.967106, 2.06416e-07, 252.473
9448, 0.0486751, 0.304112, 0.0833325, 0, 2.9763e-11, 7.8681e-11, 0, 0, 0.387444, 1.00449e-08, 3.41334e-10, 3.02259, 0.967104, 2.06329e-07, 253.196
9449, 0.041179, 0.306089, 0.0840574, 0, 2.75544e-11, 7.8114e-11, 0, 0, 0.390146, 8.49221e-09, 3.5178e-10, 3.18983, 0.967102, 2.06243e-07, 253.484
9450, 0.0681426, 0.298368, 0.0819853, 0, 7.41782e-11, 2.50563e-10, 0, 0, 0.380354, 1.40433e-08, 1.16246e-09, 2.68615, 0.9671, 2.06157e-07, 252.413
9451, 0.12243, 0.282985, 0.077755, 0, 1.61807e-10, 5.71259e-10, 0, 0, 0.36074, 2.52241e-08, 2.66361e-09, 2.10022, 0.967098, 2.06071e-07, 250.217
9452, 0.144109, 0.276528, 0.0760126, 0, 1.95145e-10, 6.89307e-10, 0, 0, 0.35254, 2.96855e-08, 3.21359e-09, 1.93719, 0.967096, 2.05985e-07, 249.273
9453, 0.107257, 0.28629, 0.0787817, 0, 1.31437e-10, 4.49689e-10, 0, 0, 0.365072, 2.20891e-08, 2.0868e-09, 2.23253, 0.967094, 2.05899e-07, 250.699
9454, 0.0714221, 0.296467, 0.0815752, 0, 6.88419e-11, 2.18353e-10, 0, 0, 0.378042, 1.47011e-08, 9.98224e-10, 2.63915, 0.967092, 2.05813e-07, 252.141
9455, 0.0788967, 0.295423, 0.0810738, 0, 7.22398e-11, 2.26443e-10, 0, 0, 0.376497, 1.6229e-08, 1.02427e-09, 2.53962, 0.96709, 2.05727e-07, 251.965
9456, 0.0938439, 0.295216, 0.0804745, 0, 9.14246e-11, 2.9683e-10, 0, 0, 0.37569, 1.92982e-08, 1.34369e-09, 2.36612, 0.967088, 2.05641e-07, 251.871
9457, 0.0757481, 0.307041, 0.0829742, 0, 7.02061e-11, 2.31067e-10, 0, 0, 0.390015, 1.55737e-08, 1.04334e-09, 2.58034, 0.967086, 2.05556e-07, 253.433
9458, 0.0445718, 0.319021, 0.0859703, 0, 3.18073e-11, 9.99323e-11, 0, 0, 0.404991, 9.16074e-09, 4.46434e-10, 3.11065, 0.967084, 2.0547e-07, 255.025
9459, 0.0294969, 0.319836, 0.0866718, 0, 1.38522e-11, 3.58269e-11, 0, 0, 0.406508, 6.0587e-09, 1.55796e-10, 3.52347, 0.967082, 2.05384e-07, 255.18
9460, 0.0357307, 0.312354, 0.0853246, 0, 2.16749e-11, 5.93319e-11, 0, 0, 0.397678, 7.33351e-09, 2.63886e-10, 3.33175, 0.96708, 2.05298e-07, 254.242
9461, 0.0685828, 0.298547, 0.0820157, 0, 6.11004e-11, 1.87092e-10, 0, 0, 0.380563, 1.40695e-08, 8.49968e-10, 2.67971, 0.967078, 2.05213e-07, 252.386
9462, 0.1146, 0.282901, 0.077928, 0, 1.21975e-10, 3.87695e-10, 0, 0, 0.360829, 2.35035e-08, 1.77899e-09, 2.16631, 0.967076, 2.05127e-07, 250.175
9463, 0.136898, 0.27583, 0.0760362, 0, 1.55581e-10, 5.04554e-10, 0, 0, 0.351866, 2.80697e-08, 2.32819e-09, 1.98852, 0.967074, 2.05041e-07, 249.142
9464, 0.114819, 0.282527, 0.077892, 0, 1.25331e-10, 4.08172e-10, 0, 0, 0.360419, 2.3537e-08, 1.88625e-09, 2.1644, 0.967072, 2.04956e-07, 250.119
9465, 0.0688149, 0.296923, 0.081832, 0, 6.13245e-11, 1.90188e-10, 0, 0, 0.378755, 1.41026e-08, 8.75407e-10, 2.67634, 0.96707, 2.0487e-07, 252.168
9466, 0.0367079, 0.308334, 0.08488, 0, 2.01214e-11, 5.12408e-11, 0, 0, 0.393214, 7.51911e-09, 2.31061e-10, 3.30476, 0.967068, 2.04781e-07, 253.737
9467, 0.0272655, 0.312567, 0.085942, 0, 8.85082e-12, 1.61742e-11, 0, 0, 0.398509, 5.58081e-09, 6.80016e-11, 3.60213, 0.967066, 2.0467e-07, 254.299
9468, 0.0274706, 0.312828, 0.0859128, 0, 8.33228e-12, 1.53239e-11, 0, 0, 0.398741, 5.61824e-09, 6.27049e-11, 3.59464, 0.967064, 2.04488e-07, 254.319
9469, 0.0276781, 0.312808, 0.0857761, 0, 9.55355e-12, 1.86535e-11, 0, 0, 0.398585, 5.65481e-09, 7.75124e-11, 3.58712, 0.967062, 2.04258e-07, 254.298
9470, 0.0322585, 0.311669, 0.0852429, 0, 1.46224e-11, 3.21797e-11, 0, 0, 0.396912, 6.585e-09, 1.36738e-10, 3.43397, 0.96706, 2.04122e-07, 254.115
9471, 0.0450781, 0.31087, 0.0843922, 0, 2.53107e-11, 6.49167e-11, 0, 0, 0.395262, 9.20115e-09, 2.74868e-10, 3.09936, 0.967058, 2.04117e-07, 253.934
9472, 0.0650099, 0.314372, 0.0838685, 0, 4.43209e-11, 1.38228e-10, 0, 0, 0.39824, 1.32701e-08, 5.74301e-10, 2.73322, 0.967056, 2.04146e-07, 254.248
9473, 0.0930235, 0.318231, 0.0830804, 0, 7.70673e-11, 2.76012e-10, 0, 0, 0.401311, 1.89798e-08, 1.13698e-09, 2.3749, 0.967054, 2.04073e-07, 254.57
9474, 0.10711, 0.317149, 0.082346, 0, 9.72329e-11, 3.63212e-10, 0, 0, 0.399495, 2.18362e-08, 1.49892e-09, 2.2339, 0.967052, 2.03847e-07, 254.373
9475, 0.0857832, 0.314232, 0.0830574, 0, 7.50613e-11, 2.75e-10, 0, 0, 0.397289, 1.74751e-08, 1.14297e-09, 2.45593, 0.96705, 2.03645e-07, 254.133
9476, 0.0597472, 0.310603, 0.0838619, 0, 4.27082e-11, 1.40904e-10, 0, 0, 0.394464, 1.21702e-08, 5.95606e-10, 2.81763, 0.967048, 2.0365e-07, 253.827
9477, 0.0506313, 0.308237, 0.0841209, 0, 2.94386e-11, 8.40699e-11, 0, 0, 0.392358, 1.03175e-08, 3.63647e-10, 2.98318, 0.967046, 2.03737e-07, 253.596
9478, 0.0393565, 0.312729, 0.0855362, 0, 2.04027e-11, 5.50035e-11, 0, 0, 0.398266, 8.01993e-09, 2.39036e-10, 3.2351, 0.967044, 2.0374e-07, 254.224
9479, 0.0329568, 0.316028, 0.0864791, 0, 1.51308e-11, 3.98319e-11, 0, 0, 0.402507, 6.71214e-09, 1.71918e-10, 3.41256, 0.967042, 2.03675e-07, 254.671
9480, 0.045295, 0.309811, 0.0850014, 0, 2.45051e-11, 6.78243e-11, 0, 0, 0.394812, 9.21975e-09, 2.965e-10, 3.09456, 0.96704, 2.03593e-07, 253.846
9481, 0.0685318, 0.299294, 0.0823981, 0, 4.84619e-11, 1.43408e-10, 0, 0, 0.381693, 1.39442e-08, 6.38054e-10, 2.68046, 0.967038, 2.03508e-07, 252.418
9482, 0.0915564, 0.290556, 0.0801619, 0, 7.6355e-11, 2.35649e-10, 0, 0, 0.370718, 1.86228e-08, 1.05977e-09, 2.3908, 0.967036, 2.03424e-07, 251.198
9483, 0.102757, 0.286814, 0.0791791, 0, 9.33289e-11, 2.95998e-10, 0, 0, 0.365993, 2.08944e-08, 1.34197e-09, 2.27539, 0.967034, 2.03339e-07, 250.662
9484, 0.0912839, 0.290527, 0.0801774, 0, 8.13293e-11, 2.58019e-10, 0, 0, 0.370705, 1.85563e-08, 1.17214e-09, 2.39378, 0.967032, 2.03254e-07, 251.187
9485, 0.0617312, 0.29971, 0.0825805, 0, 4.49766e-11, 1.33073e-10, 0, 0, 0.382291, 1.25448e-08, 5.99198e-10, 2.78497, 0.96703, 2.0317e-07, 252.466
9486, 0.0437176, 0.307452, 0.084276, 0, 2.23826e-11, 5.68538e-11, 0, 0, 0.391728, 8.8791e-09, 2.4859e-10, 3.13, 0.967028, 2.03085e-07, 253.488
9487, 0.0449423, 0.313662, 0.0851062, 0, 2.21258e-11, 6.16986e-11, 0, 0, 0.398768, 9.12254e-09, 2.66964e-10, 3.10238, 0.967026, 2.03001e-07, 254.238
9488, 0.0573982, 0.317334, 0.0852998, 0, 3.64221e-11, 1.20311e-10, 0, 0, 0.402634, 1.16454e-08, 5.27792e-10, 2.85774, 0.967024, 2.02916e-07, 254.645
9489, 0.0710497, 0.314267, 0.0845361, 0, 5.22138e-11, 1.82594e-10, 0, 0, 0.398803, 1.44106e-08, 8.06217e-10, 2.64438, 0.967022, 2.02831e-07, 254.233
9490, 0.0610365, 0.313235, 0.0849496, 0, 4.46578e-11, 1.56352e-10, 0, 0, 0.398185, 1.23773e-08, 6.91624e-10, 2.79628, 0.96702, 2.02746e-07, 254.163
9491, 0.0372079, 0.316269, 0.0863627, 0, 2.37396e-11, 7.84197e-11, 0, 0, 0.402632, 7.54228e-09, 3.46527e-10, 3.29124, 0.967018, 2.02661e-07, 254.631
9492, 0.0361894, 0.312034, 0.085619, 0, 2.04198e-11, 5.8299e-11, 0, 0, 0.397653, 7.32977e-09, 2.57363e-10, 3.31899, 0.967016, 2.02577e-07, 254.097
9493, 0.0552245, 0.301813, 0.0831611, 0, 3.37402e-11, 9.32279e-11, 0, 0, 0.384974, 1.11807e-08, 4.13163e-10, 2.89635, 0.967014, 2.02493e-07, 252.723
9494, 0.0649266, 0.296371, 0.081897, 0, 3.99768e-11, 1.0771e-10, 0, 0, 0.378267, 1.31416e-08, 4.76804e-10, 2.7345, 0.967012, 2.02409e-07, 251.982
9495, 0.0625323, 0.296547, 0.0820397, 0, 3.69047e-11, 9.7571e-11, 0, 0, 0.378587, 1.26521e-08, 4.30326e-10, 2.77207, 0.96701, 2.02324e-07, 252.013
9496, 0.0584157, 0.298366, 0.0825113, 0, 3.41258e-11, 9.17517e-11, 0, 0, 0.380878, 1.18147e-08, 4.05031e-10, 2.84017, 0.967008, 2.0224e-07, 252.261
9497, 0.0488521, 0.302333, 0.0835225, 0, 2.84606e-11, 7.68981e-11, 0, 0, 0.385856, 9.87656e-09, 3.4122e-10, 3.01896, 0.967006, 2.02156e-07, 252.802
9498, 0.0527362, 0.301977, 0.0833743, 0, 3.72047e-11, 1.08853e-10, 0, 0, 0.385351, 1.06545e-08, 4.91917e-10, 2.94245, 0.967004, 2.02071e-07, 252.742
9499, 0.0823759, 0.293111, 0.0809271, 0, 7.24343e-11, 2.27648e-10, 0, 0, 0.374038, 1.66356e-08, 1.03882e-09, 2.49646, 0.967003, 2.01987e-07, 251.49
9500, 0.100303, 0.287352, 0.0793169, 0, 9.26567e-11, 2.92061e-10, 0, 0, 0.366669, 2.02514e-08, 1.3336e-09, 2.29956, 0.967004, 2.01902e-07, 250.66
9501, 0.082875, 0.293459, 0.080778, 0, 6.96645e-11, 2.09603e-10, 0, 0, 0.374237, 1.67286e-08, 9.51587e-10, 2.49042, 0.967007, 2.01818e-07, 251.503
9502, 0.051051, 0.308481, 0.0842165, 0, 3.48742e-11, 9.73399e-11, 0, 0, 0.392697, 1.03018e-08, 4.36771e-10, 2.97493, 0.967012, 2.01733e-07, 253.521
9503, 0.0273424, 0.324484, 0.0875109, 0, 1.30756e-11, 3.30334e-11, 0, 0, 0.411995, 5.51502e-09, 1.4519e-10, 3.59932, 0.967018, 2.01648e-07, 255.564
9504, 0.0217045, 0.331189, 0.0886774, 0, 6.65461e-12, 1.40723e-11, 0, 0, 0.419866, 4.37464e-09, 5.85574e-11, 3.83024, 0.967024, 2.01563e-07, 256.377
9505, 0.0280256, 0.325559, 0.0876238, 0, 1.10288e-11, 2.67507e-11, 0, 0, 0.413183, 5.64537e-09, 1.15642e-10, 3.57464, 0.96703, 2.01477e-07, 255.68
9506, 0.0475625, 0.312093, 0.0849713, 0, 3.13078e-11, 9.15579e-11, 0, 0, 0.397064, 9.57577e-09, 4.13372e-10, 3.04571, 0.967036, 2.01391e-07, 253.973
9507, 0.0790384, 0.298047, 0.0817878, 0, 6.70526e-11, 2.12722e-10, 0, 0, 0.379835, 1.59083e-08, 9.72378e-10, 2.53782, 0.967042, 2.01306e-07, 252.097
9508, 0.0859262, 0.295082, 0.0811653, 0, 7.88944e-11, 2.58974e-10, 0, 0, 0.376247, 1.72917e-08, 1.18852e-09, 2.45427, 0.967048, 2.01221e-07, 251.695
9509, 0.0620244, 0.302205, 0.0830222, 0, 5.35856e-11, 1.73681e-10, 0, 0, 0.385227, 1.24775e-08, 7.93247e-10, 2.78023, 0.967054, 2.01135e-07, 252.68
9510, 0.0592028, 0.304451, 0.083115, 0, 4.76944e-11, 1.49476e-10, 0, 0, 0.387566, 1.19007e-08, 6.64332e-10, 2.82679, 0.96706, 2.01047e-07, 252.93
9511, 0.0855057, 0.302328, 0.0813396, 0, 7.55837e-11, 2.44583e-10, 0, 0, 0.383667, 1.71803e-08, 1.07286e-09, 2.45917, 0.967066, 2.00959e-07, 252.5
9512, 0.0986068, 0.304311, 0.0807267, 0, 8.68413e-11, 2.79939e-10, 0, 0, 0.385037, 1.98072e-08, 1.22061e-09, 2.31662, 0.967072, 2.00869e-07, 252.646
9513, 0.0880637, 0.305831, 0.0813767, 0, 6.83915e-11, 2.09665e-10, 0, 0, 0.387207, 1.76831e-08, 9.07821e-10, 2.42969, 0.967078, 2.00776e-07, 252.878
9514, 0.0654281, 0.306301, 0.0827886, 0, 4.23517e-11, 1.21949e-10, 0, 0, 0.38909, 1.31333e-08, 5.25585e-10, 2.7268, 0.967084, 2.00679e-07, 253.078
9515, 0.0384272, 0.311299, 0.0850694, 0, 1.91693e-11, 5.06342e-11, 0, 0, 0.396368, 7.71043e-09, 2.16962e-10, 3.25899, 0.96709, 2.00576e-07, 253.859
9516, 0.0245487, 0.315741, 0.0865571, 0, 9.03532e-12, 2.07789e-11, 0, 0, 0.402298, 4.92117e-09, 8.85444e-11, 3.7071, 0.967096, 2.00459e-07, 254.488
9517, 0.0304169, 0.314255, 0.0860965, 0, 1.19657e-11, 2.88078e-11, 0, 0, 0.400351, 6.09087e-09, 1.24042e-10, 3.49276, 0.967102, 2.00315e-07, 254.276
9518, 0.0398695, 0.313611, 0.0854748, 0, 1.62198e-11, 4.08603e-11, 0, 0, 0.399086, 7.97697e-09, 1.75514e-10, 3.22214, 0.967108, 2.00083e-07, 254.137
9519, 0.0397938, 0.319042, 0.0861716, 0, 1.44128e-11, 3.63322e-11, 0, 0, 0.405213, 7.94288e-09, 1.53146e-10, 3.22404, 0.967114, 1.99481e-07, 254.784
9520, 0.0371453, 0.321514, 0.0865374, 0, 1.21805e-11, 2.92677e-11, 0, 0, 0.408051, 7.36292e-09, 1.20918e-10, 3.29292, 0.96712, 1.97843e-07, 255.079
9521, 0.0374109, 0.315659, 0.0855376, 0, 1.45308e-11, 3.39508e-11, 0, 0, 0.401197, 7.34033e-09, 1.44569e-10, 3.28579, 0.967126, 1.95477e-07, 254.349
9522, 0.0494073, 0.30518, 0.0834623, 0, 3.09909e-11, 8.4365e-11, 0, 0, 0.388642, 9.70799e-09, 3.81006e-10, 3.00766, 0.967132, 1.95031e-07, 252.994
9523, 0.0809526, 0.292107, 0.0803775, 0, 7.61954e-11, 2.35135e-10, 0, 0, 0.372485, 1.60556e-08, 1.09094e-09, 2.51389, 0.967138, 1.9701e-07, 251.208
9524, 0.117821, 0.280215, 0.0773807, 0, 1.3018e-10, 4.21189e-10, 0, 0, 0.357595, 2.34732e-08, 1.96768e-09, 2.13859, 0.967144, 1.98771e-07, 249.515
9525, 0.126915, 0.277348, 0.0767328, 0, 1.37601e-10, 4.44177e-10, 0, 0, 0.354081, 2.53167e-08, 2.06764e-09, 2.06424, 0.96715, 1.99412e-07, 249.105
9526, 0.103328, 0.284869, 0.0787714, 0, 9.8495e-11, 3.08302e-10, 0, 0, 0.363641, 2.06187e-08, 1.42057e-09, 2.26984, 0.967156, 1.99538e-07, 250.197
9527, 0.0646973, 0.298677, 0.0821513, 0, 4.96946e-11, 1.47367e-10, 0, 0, 0.380828, 1.29106e-08, 6.70625e-10, 2.73804, 0.967162, 1.99532e-07, 252.117
9528, 0.0362112, 0.313476, 0.085103, 0, 2.00837e-11, 5.45944e-11, 0, 0, 0.398579, 7.22447e-09, 2.42604e-10, 3.31839, 0.967168, 1.99487e-07, 254.04
9529, 0.0353998, 0.322942, 0.0861587, 0, 2.25928e-11, 6.98175e-11, 0, 0, 0.4091, 7.05837e-09, 3.03596e-10, 3.34105, 0.967174, 1.99428e-07, 255.151
9530, 0.060883, 0.319235, 0.0845246, 0, 4.90675e-11, 1.61762e-10, 0, 0, 0.40376, 1.21353e-08, 7.05136e-10, 2.7988, 0.96718, 1.99361e-07, 254.583
9531, 0.0757617, 0.308958, 0.0827313, 0, 6.08819e-11, 1.9619e-10, 0, 0, 0.39169, 1.50988e-08, 8.56125e-10, 2.58016, 0.967186, 1.99288e-07, 253.286
9532, 0.060034, 0.305152, 0.0831259, 0, 4.13526e-11, 1.22739e-10, 0, 0, 0.388278, 1.19614e-08, 5.3531e-10, 2.81284, 0.967192, 1.99213e-07, 252.911
9533, 0.0479363, 0.304219, 0.0835408, 0, 2.56015e-11, 6.44978e-11, 0, 0, 0.387759, 9.54604e-09, 2.80761e-10, 3.03788, 0.967198, 1.99137e-07, 252.85
9534, 0.0524749, 0.303369, 0.0831399, 0, 2.83542e-11, 6.92578e-11, 0, 0, 0.386509, 1.04448e-08, 3.04601e-10, 2.94742, 0.967204, 1.99058e-07, 252.71
9535, 0.0659824, 0.304993, 0.0829052, 0, 4.8922e-11, 1.45849e-10, 0, 0, 0.387899, 1.31271e-08, 6.63303e-10, 2.71837, 0.96721, 1.98979e-07, 252.857
9536, 0.0993784, 0.300375, 0.0812059, 0, 1.05421e-10, 3.6446e-10, 0, 0, 0.381581, 1.97622e-08, 1.69739e-09, 2.30882, 0.967216, 1.989e-07, 252.16
9537, 0.137112, 0.286528, 0.0778812, 0, 1.66191e-10, 5.86941e-10, 0, 0, 0.364409, 2.72584e-08, 2.75452e-09, 1.98696, 0.967222, 1.9882e-07, 250.235
9538, 0.133768, 0.279128, 0.0767543, 0, 1.55967e-10, 5.25184e-10, 0, 0, 0.355882, 2.65875e-08, 2.4652e-09, 2.01165, 0.967228, 1.98739e-07, 249.254
9539, 0.096017, 0.283954, 0.078699, 0, 9.33443e-11, 2.8089e-10, 0, 0, 0.362653, 1.90786e-08, 1.30968e-09, 2.34323, 0.967234, 1.98658e-07, 250.026
9540, 0.0607577, 0.292476, 0.0813001, 0, 4.22094e-11, 1.04871e-10, 0, 0, 0.373776, 1.20677e-08, 4.79787e-10, 2.80086, 0.96724, 1.98577e-07, 251.277
9541, 0.0436678, 0.29738, 0.0827463, 0, 2.1217e-11, 4.2397e-11, 0, 0, 0.380127, 8.66861e-09, 1.87448e-10, 3.13114, 0.967246, 1.98496e-07, 251.978
9542, 0.0447569, 0.296352, 0.0825202, 0, 2.25186e-11, 4.77491e-11, 0, 0, 0.378872, 8.8796e-09, 2.11883e-10, 3.10651, 0.967252, 1.98415e-07, 251.835
9543, 0.0577097, 0.291615, 0.0812547, 0, 3.49803e-11, 8.43094e-11, 0, 0, 0.37287, 1.14444e-08, 3.80383e-10, 2.85233, 0.967258, 1.98334e-07, 251.162
9544, 0.0667113, 0.288456, 0.080423, 0, 4.23335e-11, 1.05343e-10, 0, 0, 0.368879, 1.32256e-08, 4.77216e-10, 2.70738, 0.967264, 1.98252e-07, 250.709
9545, 0.060733, 0.289654, 0.080802, 0, 3.63685e-11, 8.71019e-11, 0, 0, 0.370456, 1.20364e-08, 3.93014e-10, 2.80127, 0.96727, 1.98171e-07, 250.882
9546, 0.0576095, 0.29005, 0.0809411, 0, 3.52399e-11, 8.38033e-11, 0, 0, 0.370991, 1.14113e-08, 3.7947e-10, 2.85407, 0.967276, 1.9809e-07, 250.938
9547, 0.0727468, 0.285535, 0.079687, 0, 5.47931e-11, 1.42384e-10, 0, 0, 0.365222, 1.44024e-08, 6.57e-10, 2.62077, 0.967282, 1.98008e-07, 250.282
9548, 0.0941862, 0.279501, 0.0779717, 0, 8.46809e-11, 2.37074e-10, 0, 0, 0.357473, 1.864e-08, 1.11013e-09, 2.36248, 0.967288, 1.97927e-07, 249.391
9549, 0.120104, 0.274021, 0.0762734, 0, 1.34995e-10, 4.27627e-10, 0, 0, 0.350294, 2.37586e-08, 2.03673e-09, 2.11939, 0.967294, 1.97845e-07, 248.554
9550, 0.162581, 0.268313, 0.0741683, 0, 2.25996e-10, 7.9407e-10, 0, 0, 0.342481, 3.21487e-08, 3.81492e-09, 1.81658, 0.9673, 1.97764e-07, 247.63
9551, 0.180068, 0.271708, 0.0742919, 0, 2.65843e-10, 9.67149e-10, 0, 0, 0.346, 3.55975e-08, 4.64215e-09, 1.71442, 0.967306, 1.97682e-07, 248.041
9552, 0.141177, 0.28685, 0.0778987, 0, 1.86973e-10, 6.69966e-10, 0, 0, 0.364749, 2.7902e-08, 3.19084e-09, 1.95774, 0.967312, 1.97601e-07, 250.206
9553, 0.094807, 0.296567, 0.0808458, 0, 9.31991e-11, 3.0753e-10, 0, 0, 0.377413, 1.87293e-08, 1.43744e-09, 2.35591, 0.967318, 1.97519e-07, 251.624
9554, 0.0819139, 0.293126, 0.080731, 0, 6.64445e-11, 1.96307e-10, 0, 0, 0.373857, 1.61725e-08, 9.01938e-10, 2.50209, 0.967324, 1.97438e-07, 251.224
9555, 0.0974334, 0.28399, 0.078817, 0, 9.01714e-11, 2.68065e-10, 0, 0, 0.362807, 1.92269e-08, 1.2475e-09, 2.32859, 0.96733, 1.97356e-07, 249.971
9556, 0.121423, 0.275653, 0.0767119, 0, 1.33538e-10, 4.20214e-10, 0, 0, 0.352364, 2.39514e-08, 1.98758e-09, 2.10848, 0.967336, 1.97275e-07, 248.763
9557, 0.136329, 0.270871, 0.075427, 0, 1.63807e-10, 5.32596e-10, 0, 0, 0.346298, 2.6883e-08, 2.53653e-09, 1.99268, 0.967342, 1.97193e-07, 248.049
9558, 0.121295, 0.272823, 0.0761118, 0, 1.35876e-10, 4.27644e-10, 0, 0, 0.348935, 2.39108e-08, 2.02917e-09, 2.10953, 0.967348, 1.97107e-07, 248.354
9559, 0.0942841, 0.27767, 0.0776468, 0, 8.7741e-11, 2.45358e-10, 0, 0, 0.355317, 1.85743e-08, 1.15193e-09, 2.36144, 0.967354, 1.96996e-07, 249.092
9560, 0.0942172, 0.276921, 0.0774899, 0, 9.08e-11, 2.48443e-10, 0, 0, 0.354411, 1.8533e-08, 1.17733e-09, 2.36215, 0.96736, 1.96812e-07, 248.983
9561, 0.129537, 0.268616, 0.0750764, 0, 1.55105e-10, 4.73602e-10, 0, 0, 0.343692, 2.54422e-08, 2.2777e-09, 2.04378, 0.967366, 1.96554e-07, 247.722
9562, 0.16714, 0.259776, 0.072493, 0, 2.27783e-10, 7.23521e-10, 0, 0, 0.332269, 3.28107e-08, 3.49919e-09, 1.78892, 0.967372, 1.96368e-07, 246.35
9563, 0.192413, 0.253962, 0.0707404, 0, 3.01212e-10, 9.91233e-10, 0, 0, 0.324703, 3.77878e-08, 4.83714e-09, 1.64811, 0.967378, 1.9639e-07, 245.422
9564, 0.230587, 0.246737, 0.0684286, 0, 4.24215e-10, 1.48276e-09, 0, 0, 0.315166, 4.53107e-08, 7.30274e-09, 1.46713, 0.967384, 1.96491e-07, 244.232
9565, 0.257255, 0.242166, 0.0669098, 0, 5.03206e-10, 1.79775e-09, 0, 0, 0.309076, 5.0547e-08, 8.87039e-09, 1.35769, 0.96739, 1.96477e-07, 243.457
9566, 0.239308, 0.246859, 0.0682221, 0, 4.43158e-10, 1.55224e-09, 0, 0, 0.315081, 4.69834e-08, 7.62315e-09, 1.43, 0.967396, 1.96308e-07, 244.211
9567, 0.196805, 0.259274, 0.071595, 0, 3.2199e-10, 1.09986e-09, 0, 0, 0.330869, 3.85895e-08, 5.34481e-09, 1.62554, 0.967402, 1.96071e-07, 246.157
9568, 0.161249, 0.273723, 0.0751887, 0, 2.2439e-10, 7.70079e-10, 0, 0, 0.348912, 3.15868e-08, 3.6793e-09, 1.82481, 0.967408, 1.95917e-07, 248.305
9569, 0.165024, 0.277862, 0.0758994, 0, 2.18927e-10, 7.71911e-10, 0, 0, 0.353762, 3.23265e-08, 3.66539e-09, 1.80166, 0.967414, 1.95905e-07, 248.866
9570, 0.201216, 0.267085, 0.0729855, 0, 3.08326e-10, 1.10465e-09, 0, 0, 0.34007, 3.94366e-08, 5.33961e-09, 1.60338, 0.96742, 1.95985e-07, 247.25
9571, 0.228629, 0.254219, 0.0699035, 0, 3.84233e-10, 1.38363e-09, 0, 0, 0.324123, 4.4817e-08, 6.77873e-09, 1.47566, 0.967426, 1.96019e-07, 245.312
9572, 0.212135, 0.252468, 0.0699954, 0, 3.42949e-10, 1.21133e-09, 0, 0, 0.322464, 4.15762e-08, 5.95737e-09, 1.55053, 0.967432, 1.95972e-07, 245.102
9573, 0.178168, 0.257186, 0.0717276, 0, 2.63349e-10, 8.84807e-10, 0, 0, 0.328914, 3.49044e-08, 4.33606e-09, 1.72503, 0.967438, 1.95897e-07, 245.89
9574, 0.184183, 0.255508, 0.0712839, 0, 2.86624e-10, 9.51647e-10, 0, 0, 0.326792, 3.60632e-08, 4.65538e-09, 1.69182, 0.967444, 1.95816e-07, 245.626
9575, 0.226279, 0.246907, 0.0686044, 0, 4.08133e-10, 1.41277e-09, 0, 0, 0.315511, 4.42862e-08, 6.96538e-09, 1.48599, 0.96745, 1.95736e-07, 244.222
9576, 0.276727, 0.236942, 0.0654131, 0, 5.79044e-10, 2.10423e-09, 0, 0, 0.302355, 5.41385e-08, 1.04769e-08, 1.28472, 0.967456, 1.95656e-07, 242.541
9577, 0.31672, 0.229302, 0.062934, 0, 7.26389e-10, 2.7199e-09, 0, 0, 0.292236, 6.19399e-08, 1.36246e-08, 1.14974, 0.967462, 1.95575e-07, 241.214
9578, 0.330751, 0.226441, 0.0620258, 0, 7.78434e-10, 2.94368e-09, 0, 0, 0.288467, 6.46599e-08, 1.47845e-08, 1.10639, 0.967468, 1.95495e-07, 240.708
9579, 0.324544, 0.227253, 0.0623291, 0, 7.50081e-10, 2.8296e-09, 0, 0, 0.289583, 6.34217e-08, 1.42179e-08, 1.12533, 0.967474, 1.95414e-07, 240.851
9580, 0.308788, 0.229902, 0.0632205, 0, 6.87381e-10, 2.56284e-09, 0, 0, 0.293123, 6.03184e-08, 1.286e-08, 1.1751, 0.96748, 1.95334e-07, 241.316
9581, 0.28989, 0.233282, 0.064326, 0, 6.21092e-10, 2.26763e-09, 0, 0, 0.297608, 5.66035e-08, 1.1343e-08, 1.23825, 0.967486, 1.95253e-07, 241.9
9582, 0.284764, 0.234624, 0.0647222, 0, 6.02738e-10, 2.18109e-09, 0, 0, 0.299347, 5.55773e-08, 1.08853e-08, 1.2561, 0.967492, 1.95173e-07, 242.122
9583, 0.303509, 0.232725, 0.0639237, 0, 6.67204e-10, 2.47561e-09, 0, 0, 0.296649, 5.92103e-08, 1.23716e-08, 1.19234, 0.967498, 1.95093e-07, 241.764
9584, 0.31685, 0.233872, 0.0638262, 0, 7.14283e-10, 2.72661e-09, 0, 0, 0.297698, 6.17896e-08, 1.36166e-08, 1.14933, 0.967504, 1.95012e-07, 241.897
9585, 0.302149, 0.243056, 0.065994, 0, 6.53195e-10, 2.53297e-09, 0, 0, 0.30905, 5.89011e-08, 1.25621e-08, 1.19684, 0.96751, 1.94932e-07, 243.356
9586, 0.27225, 0.253842, 0.0688573, 0, 5.32127e-10, 2.06428e-09, 0, 0, 0.322699, 5.30509e-08, 1.01382e-08, 1.30104, 0.967516, 1.94852e-07, 245.065
9587, 0.256896, 0.254218, 0.0692642, 0, 4.73157e-10, 1.78932e-09, 0, 0, 0.323482, 5.00365e-08, 8.77705e-09, 1.35908, 0.967522, 1.94772e-07, 245.157
9588, 0.263671, 0.245954, 0.0674123, 0, 5.0485e-10, 1.84916e-09, 0, 0, 0.313366, 5.1333e-08, 9.14512e-09, 1.33305, 0.967528, 1.94692e-07, 243.889
9589, 0.286004, 0.237888, 0.0652536, 0, 5.93445e-10, 2.17815e-09, 0, 0, 0.303142, 5.56574e-08, 1.08449e-08, 1.25175, 0.967534, 1.94611e-07, 242.579
9590, 0.301536, 0.235668, 0.0643057, 0, 6.52654e-10, 2.43743e-09, 0, 0, 0.299974, 5.86579e-08, 1.21283e-08, 1.19886, 0.96754, 1.94531e-07, 242.164
9591, 0.296069, 0.240644, 0.0651345, 0, 6.25092e-10, 2.36059e-09, 0, 0, 0.305779, 5.7572e-08, 1.16351e-08, 1.21716, 0.967546, 1.94451e-07, 242.909
9592, 0.288615, 0.245045, 0.0660288, 0, 5.86746e-10, 2.22317e-09, 0, 0, 0.311074, 5.60988e-08, 1.08611e-08, 1.24266, 0.967552, 1.94371e-07, 243.58
9593, 0.28755, 0.242781, 0.0658069, 0, 5.78588e-10, 2.16567e-09, 0, 0, 0.308587, 5.58685e-08, 1.06282e-08, 1.24636, 0.967558, 1.94291e-07, 243.259
9594, 0.282821, 0.23884, 0.0654645, 0, 5.63196e-10, 2.05473e-09, 0, 0, 0.304305, 5.49281e-08, 1.01728e-08, 1.26294, 0.967564, 1.94212e-07, 242.705
9595, 0.267212, 0.239035, 0.0660527, 0, 5.13048e-10, 1.81864e-09, 0, 0, 0.305088, 5.18763e-08, 9.02998e-09, 1.31971, 0.96757, 1.94132e-07, 242.801
9596, 0.238655, 0.243997, 0.0677515, 0, 4.2748e-10, 1.47071e-09, 0, 0, 0.311748, 4.63147e-08, 7.28095e-09, 1.43274, 0.967576, 1.94052e-07, 243.646
9597, 0.195479, 0.253311, 0.070614, 0, 3.16723e-10, 1.05976e-09, 0, 0, 0.323925, 3.79224e-08, 5.21729e-09, 1.6323, 0.967582, 1.93972e-07, 245.165
9598, 0.135557, 0.266539, 0.0745671, 0, 1.88146e-10, 6.06833e-10, 0, 0, 0.341106, 2.62894e-08, 2.96988e-09, 1.99836, 0.967588, 1.93892e-07, 247.245
9599, 0.0834521, 0.27814, 0.0779636, 0, 8.23437e-11, 2.32225e-10, 0, 0, 0.356104, 1.61776e-08, 1.12299e-09, 2.48348, 0.967594, 1.93813e-07, 249.003
9600, 0.0595905, 0.284851, 0.0798019, 0, 3.72381e-11, 7.4412e-11, 0, 0, 0.364653, 1.15459e-08, 3.474e-10, 2.82026, 0.9676, 1.93733e-07, 249.982
9601, 0.0526091, 0.289353, 0.0808204, 0, 2.75854e-11, 4.62373e-11, 0, 0, 0.370174, 1.01881e-08, 2.08119e-10, 2.94487, 0.967606, 1.93653e-07, 250.604
9602, 0.0547435, 0.293694, 0.0814922, 0, 2.93641e-11, 5.60779e-11, 0, 0, 0.375187, 1.05965e-08, 2.50986e-10, 2.9051, 0.967612, 1.93574e-07, 251.163
9603, 0.0558578, 0.299732, 0.0825216, 0, 2.93881e-11, 6.06792e-11, 0, 0, 0.382253, 1.08084e-08, 2.69708e-10, 2.88495, 0.967618, 1.93494e-07, 251.945
9604, 0.0504694, 0.303233, 0.0833734, 0, 2.45411e-11, 4.93143e-11, 0, 0, 0.386606, 9.76209e-09, 2.17063e-10, 2.98639, 0.967624, 1.93415e-07, 252.42
9605, 0.0480834, 0.299182, 0.0827728, 0, 2.41173e-11, 4.69791e-11, 0, 0, 0.381955, 9.29596e-09, 2.09656e-10, 3.03482, 0.96763, 1.93335e-07, 251.904
9606, 0.0562853, 0.291531, 0.0811703, 0, 3.3792e-11, 7.23669e-11, 0, 0, 0.372701, 1.08763e-08, 3.32379e-10, 2.87732, 0.967636, 1.93256e-07, 250.867
9607, 0.0669101, 0.286861, 0.0800966, 0, 4.43923e-11, 1.03545e-10, 0, 0, 0.366958, 1.2925e-08, 4.80738e-10, 2.70441, 0.967642, 1.93176e-07, 250.214
9608, 0.0626521, 0.288561, 0.0806558, 0, 3.94437e-11, 9.17459e-11, 0, 0, 0.369217, 1.20991e-08, 4.25327e-10, 2.77016, 0.967648, 1.93097e-07, 250.466
9609, 0.0505139, 0.292242, 0.0817441, 0, 2.6054e-11, 5.36475e-11, 0, 0, 0.373986, 9.75092e-09, 2.44926e-10, 2.98551, 0.967654, 1.93018e-07, 250.999
9610, 0.0464216, 0.292624, 0.0818967, 0, 2.06648e-11, 3.54438e-11, 0, 0, 0.374521, 8.95656e-09, 1.58441e-10, 3.06999, 0.96766, 1.92938e-07, 251.055
9611, 0.047205, 0.291232, 0.0815429, 0, 2.10846e-11, 3.3477e-11, 0, 0, 0.372775, 9.10375e-09, 1.49258e-10, 3.05326, 0.967666, 1.92859e-07, 250.854
9612, 0.0497591, 0.290033, 0.0812262, 0, 2.36905e-11, 3.96442e-11, 0, 0, 0.371259, 9.59233e-09, 1.77786e-10, 3.00056, 0.967672, 1.9278e-07, 250.679
9613, 0.0496215, 0.290607, 0.0813749, 0, 2.42819e-11, 4.22049e-11, 0, 0, 0.371982, 9.56241e-09, 1.89829e-10, 3.00333, 0.967678, 1.92701e-07, 250.756
9614, 0.045401, 0.29288, 0.0819822, 0, 2.10867e-11, 3.53661e-11, 0, 0, 0.374862, 8.74548e-09, 1.58552e-10, 3.09222, 0.967684, 1.92622e-07, 251.076
9615, 0.0476377, 0.292898, 0.0819786, 0, 2.28029e-11, 4.01541e-11, 0, 0, 0.374876, 9.17158e-09, 1.80658e-10, 3.04413, 0.96769, 1.92543e-07, 251.073
9616, 0.0574739, 0.29012, 0.081168, 0, 3.1488e-11, 6.10933e-11, 0, 0, 0.371288, 1.10607e-08, 2.77812e-10, 2.85642, 0.967696, 1.92463e-07, 250.665
9617, 0.0638302, 0.288764, 0.0805193, 0, 3.7776e-11, 7.43504e-11, 0, 0, 0.369284, 1.22797e-08, 3.39509e-10, 2.75153, 0.967702, 1.92384e-07, 250.434
9618, 0.0630437, 0.292701, 0.080761, 0, 3.70243e-11, 7.11642e-11, 0, 0, 0.373462, 1.2124e-08, 3.23419e-10, 2.76393, 0.967708, 1.92305e-07, 250.901
9619, 0.0560604, 0.303902, 0.0822496, 0, 3.00987e-11, 5.67182e-11, 0, 0, 0.386152, 1.07773e-08, 2.53566e-10, 2.88133, 0.967714, 1.92226e-07, 252.308
9620, 0.0443314, 0.316953, 0.0843753, 0, 2.02292e-11, 3.61257e-11, 0, 0, 0.401329, 8.51919e-09, 1.5705e-10, 3.11606, 0.96772, 1.92148e-07, 253.951
9621, 0.039461, 0.319222, 0.085166, 0, 1.72299e-11, 3.14384e-11, 0, 0, 0.404388, 7.57899e-09, 1.37643e-10, 3.23244, 0.967726, 1.92069e-07, 254.273
9622, 0.050089, 0.3076, 0.0835519, 0, 2.72762e-11, 5.96385e-11, 0, 0, 0.391152, 9.61491e-09, 2.73286e-10, 2.99395, 0.967732, 1.9199e-07, 252.843
9623, 0.0725582, 0.292152, 0.080732, 0, 4.97232e-11, 1.25503e-10, 0, 0, 0.372884, 1.39224e-08, 5.89126e-10, 2.62337, 0.967738, 1.91911e-07, 250.815
9624, 0.0940705, 0.281586, 0.0784926, 0, 7.28787e-11, 1.92155e-10, 0, 0, 0.360078, 1.80445e-08, 9.09352e-10, 2.36371, 0.967744, 1.91833e-07, 249.353
9625, 0.0972001, 0.278379, 0.0778624, 0, 7.60629e-11, 1.87624e-10, 0, 0, 0.356242, 1.86391e-08, 8.8782e-10, 2.33098, 0.96775, 1.91754e-07, 248.905
9626, 0.0874393, 0.280197, 0.0784731, 0, 6.42016e-11, 1.45529e-10, 0, 0, 0.35867, 1.67611e-08, 6.86034e-10, 2.43681, 0.967756, 1.91675e-07, 249.181
9627, 0.0701212, 0.286039, 0.0801215, 0, 4.68408e-11, 1.05474e-10, 0, 0, 0.366161, 1.34371e-08, 4.95675e-10, 2.65753, 0.967762, 1.91597e-07, 250.037
9628, 0.046548, 0.293792, 0.0822752, 0, 2.6474e-11, 5.71123e-11, 0, 0, 0.376067, 8.91665e-09, 2.6703e-10, 3.06727, 0.967768, 1.91518e-07, 251.151
9629, 0.0385388, 0.295998, 0.0828969, 0, 1.91123e-11, 3.81001e-11, 0, 0, 0.378895, 7.37738e-09, 1.76159e-10, 3.25609, 0.967774, 1.9144e-07, 251.463
9630, 0.0533711, 0.290746, 0.0814548, 0, 3.00904e-11, 6.5955e-11, 0, 0, 0.372201, 1.02112e-08, 3.05883e-10, 2.93049, 0.96778, 1.91361e-07, 250.708
9631, 0.0730971, 0.283853, 0.079521, 0, 4.76957e-11, 1.08834e-10, 0, 0, 0.363374, 1.39806e-08, 5.08507e-10, 2.61597, 0.967786, 1.91283e-07, 249.701
9632, 0.0893236, 0.279231, 0.0781226, 0, 6.82627e-11, 1.6847e-10, 0, 0, 0.357353, 1.70775e-08, 7.95715e-10, 2.41549, 0.967792, 1.91205e-07, 249.003
9633, 0.105908, 0.276166, 0.0771133, 0, 9.13606e-11, 2.47424e-10, 0, 0, 0.353279, 2.02406e-08, 1.17682e-09, 2.24519, 0.967798, 1.91126e-07, 248.525
9634, 0.105365, 0.2766, 0.0772447, 0, 9.17492e-11, 2.45978e-10, 0, 0, 0.353845, 2.01311e-08, 1.17033e-09, 2.25032, 0.967804, 1.91048e-07, 248.586
9635, 0.0853221, 0.280924, 0.078625, 0, 6.67157e-11, 1.59697e-10, 0, 0, 0.359549, 1.62959e-08, 7.55103e-10, 2.46132, 0.96781, 1.9097e-07, 249.244
9636, 0.0713212, 0.28475, 0.0797728, 0, 4.76506e-11, 1.01963e-10, 0, 0, 0.364522, 1.36152e-08, 4.76147e-10, 2.64056, 0.967816, 1.90891e-07, 249.811
9637, 0.0687566, 0.287379, 0.0803136, 0, 4.23619e-11, 8.87778e-11, 0, 0, 0.367693, 1.31197e-08, 4.10766e-10, 2.67718, 0.967822, 1.90813e-07, 250.168
9638, 0.0675683, 0.291163, 0.0809401, 0, 4.05889e-11, 8.25681e-11, 0, 0, 0.372103, 1.28878e-08, 3.80118e-10, 2.69462, 0.967828, 1.90735e-07, 250.663
9639, 0.0689473, 0.292907, 0.0811434, 0, 4.34789e-11, 9.02744e-11, 0, 0, 0.37405, 1.31447e-08, 4.19573e-10, 2.67441, 0.967834, 1.90657e-07, 250.879
9640, 0.0826583, 0.287072, 0.0797286, 0, 6.10525e-11, 1.45436e-10, 0, 0, 0.366801, 1.5751e-08, 6.91758e-10, 2.49304, 0.96784, 1.90579e-07, 250.054
9641, 0.103994, 0.277478, 0.0774842, 0, 8.66391e-11, 2.22646e-10, 0, 0, 0.354963, 1.98093e-08, 1.07067e-09, 2.26342, 0.967846, 1.90501e-07, 248.686
9642, 0.110651, 0.27308, 0.076535, 0, 9.33925e-11, 2.35807e-10, 0, 0, 0.349615, 2.10709e-08, 1.13427e-09, 2.20137, 0.967852, 1.90423e-07, 248.056
9643, 0.0993059, 0.27544, 0.0772874, 0, 7.75646e-11, 1.84574e-10, 0, 0, 0.352727, 1.89039e-08, 8.80865e-10, 2.30955, 0.967858, 1.90345e-07, 248.416
9644, 0.0814225, 0.28118, 0.0789015, 0, 5.6874e-11, 1.29355e-10, 0, 0, 0.360082, 1.54938e-08, 6.10278e-10, 2.5081, 0.967864, 1.90267e-07, 249.266
9645, 0.0626442, 0.287283, 0.0806228, 0, 3.85165e-11, 8.285e-11, 0, 0, 0.367906, 1.19157e-08, 3.87022e-10, 2.77028, 0.96787, 1.90189e-07, 250.158
9646, 0.0554573, 0.289166, 0.0811963, 0, 3.11062e-11, 6.22129e-11, 0, 0, 0.370362, 1.05428e-08, 2.88613e-10, 2.89214, 0.967876, 1.90111e-07, 250.433
9647, 0.0656415, 0.28522, 0.080136, 0, 4.07586e-11, 8.41249e-11, 0, 0, 0.365356, 1.24726e-08, 3.93714e-10, 2.72355, 0.967882, 1.90033e-07, 249.859
9648, 0.0824934, 0.279389, 0.0785216, 0, 6.06557e-11, 1.37474e-10, 0, 0, 0.357911, 1.56685e-08, 6.53872e-10, 2.49504, 0.967888, 1.89956e-07, 248.998
9649, 0.100136, 0.274235, 0.0770701, 0, 8.69842e-11, 2.21024e-10, 0, 0, 0.351305, 1.9012e-08, 1.06779e-09, 2.30122, 0.967894, 1.89878e-07, 248.224
9650, 0.112018, 0.271623, 0.0763252, 0, 1.06773e-10, 2.90083e-10, 0, 0, 0.347948, 2.12608e-08, 1.41096e-09, 2.18909, 0.9679, 1.898e-07, 247.824
9651, 0.105967, 0.27378, 0.0769532, 0, 9.90641e-11, 2.68761e-10, 0, 0, 0.350733, 2.01053e-08, 1.30648e-09, 2.24463, 0.967906, 1.89723e-07, 248.148
9652, 0.105041, 0.274581, 0.0771861, 0, 9.7321e-11, 2.70654e-10, 0, 0, 0.351767, 1.99195e-08, 1.31746e-09, 2.2534, 0.967912, 1.89645e-07, 248.265
9653, 0.119924, 0.271179, 0.0762013, 0, 1.15307e-10, 3.34146e-10, 0, 0, 0.34738, 2.27326e-08, 1.63008e-09, 2.1209, 0.967918, 1.89567e-07, 247.744
9654, 0.119234, 0.271229, 0.0761716, 0, 1.11546e-10, 3.10169e-10, 0, 0, 0.347401, 2.25946e-08, 1.50798e-09, 2.12667, 0.967924, 1.8949e-07, 247.742
9655, 0.106469, 0.27514, 0.0771163, 0, 9.39115e-11, 2.39847e-10, 0, 0, 0.352256, 2.01675e-08, 1.15856e-09, 2.23991, 0.96793, 1.89412e-07, 248.309
9656, 0.0993238, 0.279748, 0.0780805, 0, 8.39739e-11, 2.11619e-10, 0, 0, 0.357829, 1.88057e-08, 1.01793e-09, 2.30937, 0.967936, 1.89335e-07, 248.954
9657, 0.103101, 0.282135, 0.0784255, 0, 8.65922e-11, 2.33406e-10, 0, 0, 0.36056, 1.95115e-08, 1.12237e-09, 2.27205, 0.967942, 1.89257e-07, 249.266
9658, 0.116293, 0.278543, 0.0774255, 0, 1.03792e-10, 2.92e-10, 0, 0, 0.355968, 2.19993e-08, 1.41021e-09, 2.15164, 0.967948, 1.8918e-07, 248.73
9659, 0.118645, 0.274421, 0.0766075, 0, 1.09197e-10, 3.0175e-10, 0, 0, 0.351029, 2.24367e-08, 1.46128e-09, 2.13162, 0.967954, 1.89102e-07, 248.148
9660, 0.106188, 0.275431, 0.0772135, 0, 9.11376e-11, 2.43125e-10, 0, 0, 0.352644, 2.00736e-08, 1.17356e-09, 2.24254, 0.96796, 1.89025e-07, 248.333
9661, 0.0962269, 0.278681, 0.0782274, 0, 7.64571e-11, 2.07494e-10, 0, 0, 0.356909, 1.81822e-08, 9.97661e-10, 2.34105, 0.967966, 1.88947e-07, 248.826
9662, 0.09022, 0.282567, 0.0792381, 0, 7.29211e-11, 2.13692e-10, 0, 0, 0.361805, 1.70407e-08, 1.03033e-09, 2.4055, 0.967972, 1.88865e-07, 249.388
9663, 0.0687743, 0.289588, 0.0811208, 0, 5.35574e-11, 1.58395e-10, 0, 0, 0.370709, 1.29846e-08, 7.65233e-10, 2.67693, 0.967978, 1.88759e-07, 250.401
9664, 0.052669, 0.292813, 0.0820354, 0, 3.69624e-11, 9.62363e-11, 0, 0, 0.374849, 9.92952e-09, 4.6712e-10, 2.94373, 0.967984, 1.88576e-07, 250.864
9665, 0.0754815, 0.28529, 0.0799907, 0, 6.60956e-11, 1.89831e-10, 0, 0, 0.365281, 1.42025e-08, 9.39354e-10, 2.58387, 0.96799, 1.88325e-07, 249.774
9666, 0.125126, 0.272139, 0.0763104, 0, 1.36832e-10, 4.47252e-10, 0, 0, 0.348449, 2.35223e-08, 2.2335e-09, 2.07843, 0.967996, 1.88117e-07, 247.813
9667, 0.148326, 0.266256, 0.0746297, 0, 1.74082e-10, 5.88452e-10, 0, 0, 0.340886, 2.78761e-08, 2.94679e-09, 1.90834, 0.968002, 1.8805e-07, 246.909
9668, 0.126548, 0.27157, 0.0761681, 0, 1.41097e-10, 4.63343e-10, 0, 0, 0.347738, 2.37914e-08, 2.31286e-09, 2.06713, 0.968008, 1.88122e-07, 247.721
9669, 0.119794, 0.273564, 0.0767812, 0, 1.28679e-10, 4.11542e-10, 0, 0, 0.350345, 2.2534e-08, 2.03946e-09, 2.12198, 0.968014, 1.88177e-07, 248.024
9670, 0.137141, 0.268693, 0.0754481, 0, 1.47628e-10, 4.6837e-10, 0, 0, 0.344142, 2.57969e-08, 2.31474e-09, 1.98674, 0.96802, 1.88129e-07, 247.285
9671, 0.129805, 0.268903, 0.0755966, 0, 1.28518e-10, 3.87662e-10, 0, 0, 0.3445, 2.44026e-08, 1.90637e-09, 2.04172, 0.968026, 1.87978e-07, 247.323
9672, 0.113093, 0.272062, 0.0765439, 0, 9.88494e-11, 2.79439e-10, 0, 0, 0.348606, 2.12271e-08, 1.36044e-09, 2.17954, 0.968032, 1.87702e-07, 247.806
9673, 0.116369, 0.271344, 0.0762869, 0, 1.02878e-10, 2.94113e-10, 0, 0, 0.347631, 2.18142e-08, 1.43238e-09, 2.15099, 0.968038, 1.87484e-07, 247.686
9674, 0.133604, 0.26878, 0.0753545, 0, 1.37311e-10, 4.19452e-10, 0, 0, 0.344134, 2.50575e-08, 2.06241e-09, 2.01288, 0.968044, 1.87541e-07, 247.267
9675, 0.156496, 0.26695, 0.0744848, 0, 1.82881e-10, 5.99307e-10, 0, 0, 0.341434, 2.93778e-08, 2.96077e-09, 1.85473, 0.96805, 1.87703e-07, 246.94
9676, 0.155808, 0.270051, 0.0751733, 0, 1.82123e-10, 6.13172e-10, 0, 0, 0.345224, 2.92567e-08, 3.02311e-09, 1.85913, 0.968056, 1.87753e-07, 247.388
9677, 0.118828, 0.278114, 0.0776581, 0, 1.21177e-10, 3.92105e-10, 0, 0, 0.355772, 2.23085e-08, 1.92017e-09, 2.13007, 0.968062, 1.87704e-07, 248.625
9678, 0.0943305, 0.281816, 0.0789852, 0, 7.80571e-11, 2.30049e-10, 0, 0, 0.360801, 1.76992e-08, 1.11753e-09, 2.36095, 0.968068, 1.87624e-07, 249.204
9679, 0.100223, 0.279767, 0.0784848, 0, 7.91427e-11, 2.34851e-10, 0, 0, 0.358252, 1.87956e-08, 1.14124e-09, 2.30036, 0.968074, 1.87546e-07, 248.905
9680, 0.0951656, 0.282285, 0.0791397, 0, 7.41217e-11, 2.25731e-10, 0, 0, 0.361425, 1.78422e-08, 1.09626e-09, 2.35214, 0.96808, 1.87473e-07, 249.268
9681, 0.0779682, 0.28786, 0.0806143, 0, 5.61034e-11, 1.64702e-10, 0, 0, 0.368475, 1.4611e-08, 7.95595e-10, 2.55145, 0.968086, 1.87393e-07, 250.072
9682, 0.0820399, 0.286492, 0.0800863, 0, 5.94521e-11, 1.67062e-10, 0, 0, 0.366578, 1.53632e-08, 8.07019e-10, 2.50055, 0.968092, 1.87302e-07, 249.851
9683, 0.10766, 0.27952, 0.0779433, 0, 9.23671e-11, 2.77889e-10, 0, 0, 0.357463, 2.01487e-08, 1.36006e-09, 2.22878, 0.968098, 1.87202e-07, 248.797
9684, 0.132351, 0.2731, 0.0760978, 0, 1.28905e-10, 4.13857e-10, 0, 0, 0.349198, 2.47589e-08, 2.04469e-09, 2.02229, 0.968104, 1.87101e-07, 247.824
9685, 0.123874, 0.27445, 0.0766535, 0, 1.23067e-10, 4.00148e-10, 0, 0, 0.351103, 2.31674e-08, 1.98293e-09, 2.08849, 0.96811, 1.87036e-07, 248.044
9686, 0.105942, 0.279038, 0.078041, 0, 1.06008e-10, 3.4515e-10, 0, 0, 0.357079, 1.98087e-08, 1.70755e-09, 2.24486, 0.968116, 1.86997e-07, 248.739
9687, 0.129552, 0.275005, 0.0767244, 0, 1.46256e-10, 4.98023e-10, 0, 0, 0.351729, 2.42154e-08, 2.46417e-09, 2.04367, 0.968122, 1.86946e-07, 248.109
9688, 0.15682, 0.269586, 0.0750065, 0, 1.84747e-10, 6.35402e-10, 0, 0, 0.344592, 2.93056e-08, 3.14237e-09, 1.85265, 0.968128, 1.86876e-07, 247.26
9689, 0.138911, 0.272569, 0.0759807, 0, 1.51738e-10, 5.00078e-10, 0, 0, 0.348549, 2.59516e-08, 2.46404e-09, 1.97392, 0.968134, 1.86801e-07, 247.726
9690, 0.117382, 0.275077, 0.0769929, 0, 1.13948e-10, 3.47562e-10, 0, 0, 0.35207, 2.19188e-08, 1.70501e-09, 2.14232, 0.96814, 1.86725e-07, 248.136
9691, 0.122151, 0.27236, 0.0764116, 0, 1.19754e-10, 3.638e-10, 0, 0, 0.348772, 2.27985e-08, 1.79133e-09, 2.10249, 0.968146, 1.86649e-07, 247.744
9692, 0.132851, 0.269596, 0.0756482, 0, 1.39477e-10, 4.36917e-10, 0, 0, 0.345244, 2.47854e-08, 2.16996e-09, 2.01853, 0.968152, 1.86573e-07, 247.321
9693, 0.144882, 0.268166, 0.0750831, 0, 1.59238e-10, 5.16527e-10, 0, 0, 0.343249, 2.70195e-08, 2.58177e-09, 1.93184, 0.968158, 1.86497e-07, 247.078
9694, 0.134363, 0.273621, 0.0763921, 0, 1.42202e-10, 4.67423e-10, 0, 0, 0.350013, 2.50507e-08, 2.33522e-09, 2.00721, 0.968164, 1.86422e-07, 247.877
9695, 0.101637, 0.283372, 0.0790756, 0, 9.49154e-11, 3.05259e-10, 0, 0, 0.362447, 1.89418e-08, 1.51696e-09, 2.28635, 0.96817, 1.86346e-07, 249.323
9696, 0.102321, 0.282321, 0.0789141, 0, 9.49803e-11, 3.07483e-10, 0, 0, 0.361235, 1.90572e-08, 1.52756e-09, 2.27964, 0.968176, 1.8627e-07, 249.179
9697, 0.130179, 0.274202, 0.0767656, 0, 1.33083e-10, 4.46669e-10, 0, 0, 0.350968, 2.42369e-08, 2.22688e-09, 2.03885, 0.968182, 1.86194e-07, 247.977
9698, 0.119973, 0.277053, 0.0776392, 0, 1.22907e-10, 4.16981e-10, 0, 0, 0.354692, 2.23325e-08, 2.07795e-09, 2.12049, 0.968188, 1.86118e-07, 248.41
9699, 0.0790697, 0.287554, 0.0806628, 0, 7.08788e-11, 2.32342e-10, 0, 0, 0.368217, 1.47133e-08, 1.1513e-09, 2.53743, 0.968194, 1.86042e-07, 249.968
9700, 0.070961, 0.288679, 0.080993, 0, 5.96772e-11, 1.87108e-10, 0, 0, 0.369672, 1.31946e-08, 9.21963e-10, 2.64562, 0.9682, 1.85967e-07, 250.13
9701, 0.112089, 0.278514, 0.0779077, 0, 1.19329e-10, 4.05148e-10, 0, 0, 0.356421, 2.08312e-08, 2.01183e-09, 2.18846, 0.968206, 1.8589e-07, 248.599
9702, 0.161333, 0.269531, 0.0747906, 0, 1.96406e-10, 6.98198e-10, 0, 0, 0.344321, 2.99749e-08, 3.4727e-09, 1.82428, 0.968212, 1.85812e-07, 247.168
9703, 0.161813, 0.274057, 0.0754102, 0, 1.98933e-10, 7.14145e-10, 0, 0, 0.349467, 3.00566e-08, 3.5365e-09, 1.82131, 0.968218, 1.8573e-07, 247.774
9704, 0.130019, 0.283063, 0.0779097, 0, 1.48965e-10, 5.2888e-10, 0, 0, 0.360972, 2.41406e-08, 2.60921e-09, 2.04007, 0.968224, 1.85651e-07, 249.115
9705, 0.134561, 0.278337, 0.0771359, 0, 1.53634e-10, 5.42056e-10, 0, 0, 0.355473, 2.497e-08, 2.7017e-09, 2.00574, 0.96823, 1.85579e-07, 248.472
9706, 0.154688, 0.269104, 0.075048, 0, 1.82642e-10, 6.3984e-10, 0, 0, 0.344152, 2.86961e-08, 3.21043e-09, 1.86634, 0.968236, 1.85507e-07, 247.13
9707, 0.134081, 0.271687, 0.0760503, 0, 1.48974e-10, 5.02315e-10, 0, 0, 0.347737, 2.48661e-08, 2.51512e-09, 2.00931, 0.968242, 1.85428e-07, 247.553
9708, 0.110879, 0.276873, 0.0775542, 0, 1.06585e-10, 3.38876e-10, 0, 0, 0.354427, 2.05519e-08, 1.67733e-09, 2.19932, 0.968248, 1.85343e-07, 248.337
9709, 0.117101, 0.276836, 0.0772924, 0, 1.10408e-10, 3.54484e-10, 0, 0, 0.354129, 2.16926e-08, 1.73733e-09, 2.14472, 0.968254, 1.85249e-07, 248.298
9710, 0.130293, 0.277659, 0.0768298, 0, 1.30753e-10, 4.38887e-10, 0, 0, 0.354489, 2.41208e-08, 2.13011e-09, 2.03797, 0.96826, 1.8514e-07, 248.336
9711, 0.147245, 0.281271, 0.0765015, 0, 1.58928e-10, 5.58693e-10, 0, 0, 0.357772, 2.72434e-08, 2.68282e-09, 1.91566, 0.968266, 1.8504e-07, 248.715
9712, 0.138674, 0.293436, 0.078052, 0, 1.52086e-10, 5.43753e-10, 0, 0, 0.371488, 2.56519e-08, 2.59405e-09, 1.97563, 0.968272, 1.84983e-07, 250.287
9713, 0.0992199, 0.311558, 0.0814685, 0, 9.9181e-11, 3.47182e-10, 0, 0, 0.393027, 1.83506e-08, 1.65042e-09, 2.31042, 0.968278, 1.84949e-07, 252.683
9714, 0.0947082, 0.312568, 0.0817714, 0, 9.08531e-11, 3.10645e-10, 0, 0, 0.39434, 1.75086e-08, 1.50134e-09, 2.35695, 0.968284, 1.849e-07, 252.822
9715, 0.134078, 0.292486, 0.0781768, 0, 1.47492e-10, 5.14935e-10, 0, 0, 0.370663, 2.47787e-08, 2.5331e-09, 2.00934, 0.96829, 1.84834e-07, 250.181
9716, 0.144482, 0.279725, 0.0766579, 0, 1.66778e-10, 5.83197e-10, 0, 0, 0.356383, 2.66965e-08, 2.88321e-09, 1.9346, 0.968296, 1.8476e-07, 248.532
9717, 0.102973, 0.285898, 0.0793519, 0, 1.07485e-10, 3.62666e-10, 0, 0, 0.36525, 1.90219e-08, 1.78827e-09, 2.27329, 0.968302, 1.84685e-07, 249.555
9718, 0.0718048, 0.292257, 0.0813937, 0, 5.79319e-11, 1.78663e-10, 0, 0, 0.37365, 1.32566e-08, 8.68408e-10, 2.6338, 0.968308, 1.8461e-07, 250.508
9719, 0.087578, 0.287941, 0.0800517, 0, 7.49994e-11, 2.40186e-10, 0, 0, 0.367993, 1.6158e-08, 1.1598e-09, 2.43523, 0.968314, 1.84535e-07, 249.861
9720, 0.130551, 0.28028, 0.0773056, 0, 1.37316e-10, 4.72966e-10, 0, 0, 0.357586, 2.40779e-08, 2.29097e-09, 2.03599, 0.96832, 1.8446e-07, 248.656
9721, 0.149147, 0.279996, 0.0765315, 0, 1.65547e-10, 5.81531e-10, 0, 0, 0.356528, 2.75015e-08, 2.81212e-09, 1.90282, 0.968326, 1.84385e-07, 248.528
9722, 0.116965, 0.289373, 0.0789177, 0, 1.19308e-10, 4.1333e-10, 0, 0, 0.368291, 2.15618e-08, 1.98381e-09, 2.14588, 0.968332, 1.84311e-07, 249.882
9723, 0.0902256, 0.298323, 0.0809035, 0, 7.69533e-11, 2.58925e-10, 0, 0, 0.379227, 1.66231e-08, 1.2098e-09, 2.40544, 0.968338, 1.84236e-07, 251.116
9724, 0.10532, 0.302181, 0.0805015, 0, 8.80538e-11, 3.0308e-10, 0, 0, 0.382682, 1.93936e-08, 1.37246e-09, 2.25075, 0.968344, 1.84161e-07, 251.498
9725, 0.117532, 0.303628, 0.080072, 0, 1.00707e-10, 3.51338e-10, 0, 0, 0.3837, 2.16365e-08, 1.57454e-09, 2.14104, 0.96835, 1.84086e-07, 251.607
9726, 0.101633, 0.299854, 0.0803543, 0, 8.26954e-11, 2.75652e-10, 0, 0, 0.380209, 1.87034e-08, 1.24701e-09, 2.28638, 0.968356, 1.84011e-07, 251.214
9727, 0.0938056, 0.289302, 0.0795121, 0, 7.4228e-11, 2.27083e-10, 0, 0, 0.368814, 1.72538e-08, 1.07596e-09, 2.36653, 0.968362, 1.83937e-07, 249.922
9728, 0.109287, 0.278203, 0.0776649, 0, 9.99249e-11, 3.12149e-10, 0, 0, 0.355868, 2.00916e-08, 1.54092e-09, 2.21378, 0.968368, 1.83862e-07, 248.422
9729, 0.142758, 0.268336, 0.0752954, 0, 1.65506e-10, 5.6141e-10, 0, 0, 0.343631, 2.62333e-08, 2.83284e-09, 1.94661, 0.968374, 1.83787e-07, 246.97
9730, 0.179214, 0.260252, 0.0729897, 0, 2.39098e-10, 8.4627e-10, 0, 0, 0.333242, 3.29223e-08, 4.30619e-09, 1.71917, 0.96838, 1.83713e-07, 245.709
9731, 0.164951, 0.264628, 0.0741714, 0, 2.19027e-10, 7.75979e-10, 0, 0, 0.338799, 3.02953e-08, 3.95138e-09, 1.80211, 0.968386, 1.83638e-07, 246.38
9732, 0.114463, 0.277724, 0.0778718, 0, 1.30407e-10, 4.41532e-10, 0, 0, 0.355595, 2.10147e-08, 2.23432e-09, 2.1675, 0.968392, 1.83564e-07, 248.373
9733, 0.104742, 0.280577, 0.0786298, 0, 1.01637e-10, 3.17342e-10, 0, 0, 0.359207, 1.92176e-08, 1.58463e-09, 2.25625, 0.968398, 1.83489e-07, 248.791
9734, 0.125473, 0.274674, 0.076958, 0, 1.239e-10, 3.82895e-10, 0, 0, 0.351632, 2.30125e-08, 1.90863e-09, 2.07567, 0.968404, 1.83415e-07, 247.899
9735, 0.115114, 0.276376, 0.0775378, 0, 1.08948e-10, 3.34331e-10, 0, 0, 0.353914, 2.11078e-08, 1.66401e-09, 2.16183, 0.96841, 1.83341e-07, 248.164
9736, 0.0801101, 0.285305, 0.0801551, 0, 6.21591e-11, 1.82203e-10, 0, 0, 0.36546, 1.46843e-08, 8.97401e-10, 2.52435, 0.968416, 1.83266e-07, 249.501
9737, 0.0637285, 0.289316, 0.0813667, 0, 4.19602e-11, 1.17578e-10, 0, 0, 0.370683, 1.16744e-08, 5.74712e-10, 2.75312, 0.968422, 1.83192e-07, 250.095
9738, 0.0855275, 0.283094, 0.079668, 0, 7.56886e-11, 2.40932e-10, 0, 0, 0.362762, 1.56579e-08, 1.20711e-09, 2.45892, 0.968428, 1.83118e-07, 249.182
9739, 0.136376, 0.270293, 0.0760289, 0, 1.54538e-10, 5.32028e-10, 0, 0, 0.346322, 2.49583e-08, 2.69771e-09, 1.99234, 0.968434, 1.83043e-07, 247.249
9740, 0.163061, 0.264252, 0.0742688, 0, 2.01594e-10, 7.08641e-10, 0, 0, 0.338521, 2.98357e-08, 3.60702e-09, 1.81363, 0.96844, 1.82969e-07, 246.308
9741, 0.131794, 0.272085, 0.0765165, 0, 1.57034e-10, 5.42371e-10, 0, 0, 0.348601, 2.41083e-08, 2.75947e-09, 2.02651, 0.968446, 1.82894e-07, 247.512
9742, 0.105244, 0.277661, 0.0781835, 0, 1.11116e-10, 3.5576e-10, 0, 0, 0.355845, 1.92402e-08, 1.80066e-09, 2.25147, 0.968452, 1.82817e-07, 248.361
9743, 0.124865, 0.271071, 0.0763641, 0, 1.32925e-10, 4.0678e-10, 0, 0, 0.347435, 2.28148e-08, 2.0555e-09, 2.08052, 0.968458, 1.82738e-07, 247.365
9744, 0.136239, 0.267063, 0.0752593, 0, 1.45182e-10, 4.40192e-10, 0, 0, 0.342323, 2.48862e-08, 2.22203e-09, 1.99335, 0.968464, 1.82663e-07, 246.749
9745, 0.115329, 0.272095, 0.0767203, 0, 1.11598e-10, 3.30768e-10, 0, 0, 0.348816, 2.10601e-08, 1.65899e-09, 2.15996, 0.96847, 1.82593e-07, 247.521
9746, 0.103594, 0.274756, 0.0774852, 0, 9.29422e-11, 2.71595e-10, 0, 0, 0.352242, 1.89077e-08, 1.35405e-09, 2.26727, 0.968476, 1.82521e-07, 247.922
9747, 0.117096, 0.27107, 0.07644, 0, 1.15629e-10, 3.54827e-10, 0, 0, 0.34751, 2.13597e-08, 1.78259e-09, 2.14476, 0.968482, 1.82438e-07, 247.357
9748, 0.148236, 0.264177, 0.0744468, 0, 1.746e-10, 5.84993e-10, 0, 0, 0.338624, 2.70216e-08, 2.97819e-09, 1.90895, 0.968488, 1.82334e-07, 246.286
9749, 0.186456, 0.256491, 0.0721528, 0, 2.51601e-10, 8.88432e-10, 0, 0, 0.328644, 3.39703e-08, 4.56103e-09, 1.67956, 0.968494, 1.82219e-07, 245.062
9750, 0.182084, 0.258704, 0.07271, 0, 2.50662e-10, 8.88997e-10, 0, 0, 0.331414, 3.31643e-08, 4.57255e-09, 1.70329, 0.9685, 1.82125e-07, 245.399
9751, 0.129058, 0.272281, 0.0765727, 0, 1.5539e-10, 5.2763e-10, 0, 0, 0.348854, 2.35007e-08, 2.69998e-09, 2.04749, 0.968506, 1.82058e-07, 247.5
9752, 0.100457, 0.279645, 0.0786393, 0, 9.37499e-11, 2.87844e-10, 0, 0, 0.358284, 1.82861e-08, 1.45013e-09, 2.29802, 0.968512, 1.82015e-07, 248.605
9753, 0.119298, 0.274836, 0.0772292, 0, 1.08401e-10, 3.28719e-10, 0, 0, 0.352065, 2.17091e-08, 1.64613e-09, 2.12613, 0.968518, 1.81979e-07, 247.872
9754, 0.132387, 0.271814, 0.0763709, 0, 1.24416e-10, 3.87052e-10, 0, 0, 0.348185, 2.40858e-08, 1.93753e-09, 2.02203, 0.968524, 1.81927e-07, 247.408
9755, 0.107792, 0.278399, 0.0782903, 0, 9.52421e-11, 2.94208e-10, 0, 0, 0.35669, 1.96061e-08, 1.46622e-09, 2.22756, 0.96853, 1.81859e-07, 248.407
9756, 0.0801802, 0.284968, 0.080232, 0, 6.02259e-11, 1.75239e-10, 0, 0, 0.3652, 1.45767e-08, 8.6431e-10, 2.52348, 0.968536, 1.81787e-07, 249.391
9757, 0.0889084, 0.281761, 0.0794038, 0, 6.7184e-11, 1.9795e-10, 0, 0, 0.361165, 1.61536e-08, 9.78256e-10, 2.42015, 0.968542, 1.81713e-07, 248.92
9758, 0.121012, 0.272665, 0.0768534, 0, 1.14115e-10, 3.68017e-10, 0, 0, 0.349518, 2.19776e-08, 1.85611e-09, 2.11186, 0.968548, 1.8164e-07, 247.55
9759, 0.148325, 0.265548, 0.0747985, 0, 1.6562e-10, 5.59863e-10, 0, 0, 0.340346, 2.69296e-08, 2.86029e-09, 1.90835, 0.968554, 1.81566e-07, 246.448
9760, 0.138672, 0.268515, 0.075623, 0, 1.56792e-10, 5.2424e-10, 0, 0, 0.344138, 2.51707e-08, 2.68332e-09, 1.97564, 0.96856, 1.81493e-07, 246.9
9761, 0.108506, 0.276746, 0.0779863, 0, 1.11695e-10, 3.56305e-10, 0, 0, 0.354732, 1.96865e-08, 1.81582e-09, 2.22095, 0.968566, 1.8142e-07, 248.153
9762, 0.121581, 0.273459, 0.0770542, 0, 1.34292e-10, 4.40493e-10, 0, 0, 0.350513, 2.20449e-08, 2.25221e-09, 2.10717, 0.968572, 1.81346e-07, 247.651
9763, 0.160433, 0.26314, 0.0741027, 0, 1.99174e-10, 6.72254e-10, 0, 0, 0.337242, 2.908e-08, 3.45041e-09, 1.82988, 0.968578, 1.81273e-07, 246.056
9764, 0.15548, 0.263602, 0.0742839, 0, 1.88362e-10, 6.21607e-10, 0, 0, 0.337886, 2.81755e-08, 3.18368e-09, 1.86124, 0.968584, 1.81199e-07, 246.129
9765, 0.127333, 0.270283, 0.0762642, 0, 1.32398e-10, 4.13639e-10, 0, 0, 0.346547, 2.30648e-08, 2.09794e-09, 2.06095, 0.96859, 1.81126e-07, 247.168
9766, 0.128185, 0.269721, 0.0761455, 0, 1.22356e-10, 3.71273e-10, 0, 0, 0.345867, 2.32071e-08, 1.86841e-09, 2.05428, 0.968596, 1.81053e-07, 247.082
9767, 0.14114, 0.265592, 0.0749763, 0, 1.45514e-10, 4.50136e-10, 0, 0, 0.340568, 2.55423e-08, 2.28219e-09, 1.958, 0.968602, 1.8098e-07, 246.442
9768, 0.162985, 0.260379, 0.0734281, 0, 1.98683e-10, 6.65313e-10, 0, 0, 0.333808, 2.94823e-08, 3.42229e-09, 1.8141, 0.968608, 1.80906e-07, 245.616
9769, 0.189228, 0.255349, 0.0718906, 0, 2.56124e-10, 9.06013e-10, 0, 0, 0.327239, 3.42178e-08, 4.69246e-09, 1.6648, 0.968614, 1.80833e-07, 244.802
9770, 0.1673, 0.261561, 0.07363, 0, 2.20742e-10, 7.8248e-10, 0, 0, 0.335191, 3.02456e-08, 4.05196e-09, 1.78797, 0.96862, 1.8076e-07, 245.776
9771, 0.116228, 0.274407, 0.0773062, 0, 1.29664e-10, 4.38805e-10, 0, 0, 0.351713, 2.10041e-08, 2.25737e-09, 2.1522, 0.968626, 1.80687e-07, 247.757
9772, 0.109451, 0.276476, 0.0778745, 0, 1.04208e-10, 3.35169e-10, 0, 0, 0.35435, 1.97668e-08, 1.70484e-09, 2.21228, 0.968632, 1.80614e-07, 248.063
9773, 0.131469, 0.270868, 0.0762506, 0, 1.26245e-10, 4.02908e-10, 0, 0, 0.347119, 2.37344e-08, 2.04291e-09, 2.02899, 0.968638, 1.80541e-07, 247.203
9774, 0.123807, 0.272112, 0.0766302, 0, 1.13912e-10, 3.51088e-10, 0, 0, 0.348742, 2.23455e-08, 1.77188e-09, 2.08903, 0.968644, 1.80468e-07, 247.392
9775, 0.0948776, 0.278792, 0.0785991, 0, 7.53719e-11, 2.16048e-10, 0, 0, 0.357391, 1.71177e-08, 1.07833e-09, 2.35517, 0.96865, 1.80395e-07, 248.408
9776, 0.0836788, 0.281446, 0.0794183, 0, 5.98943e-11, 1.65705e-10, 0, 0, 0.360864, 1.50887e-08, 8.19692e-10, 2.48077, 0.968656, 1.80322e-07, 248.809
9777, 0.103882, 0.276342, 0.0780214, 0, 8.59704e-11, 2.5996e-10, 0, 0, 0.354363, 1.87217e-08, 1.30199e-09, 2.2645, 0.968662, 1.80249e-07, 248.045
9778, 0.139607, 0.267031, 0.0754037, 0, 1.45501e-10, 4.78909e-10, 0, 0, 0.342434, 2.51506e-08, 2.44324e-09, 1.96892, 0.968668, 1.80175e-07, 246.621
9779, 0.167523, 0.260034, 0.073362, 0, 2.05573e-10, 7.06757e-10, 0, 0, 0.333396, 3.017e-08, 3.64661e-09, 1.78663, 0.968674, 1.801e-07, 245.519
9780, 0.157023, 0.262793, 0.0741032, 0, 1.91931e-10, 6.53943e-10, 0, 0, 0.336897, 2.82702e-08, 3.37691e-09, 1.85136, 0.96868, 1.8001e-07, 245.942
9781, 0.115629, 0.27295, 0.0770131, 0, 1.17779e-10, 3.70625e-10, 0, 0, 0.349963, 2.08024e-08, 1.89696e-09, 2.15736, 0.968686, 1.79859e-07, 247.509
9782, 0.101515, 0.276179, 0.0779302, 0, 9.05918e-11, 2.61071e-10, 0, 0, 0.354109, 1.82306e-08, 1.32443e-09, 2.28755, 0.968692, 1.79622e-07, 247.995
9783, 0.128629, 0.26946, 0.0759604, 0, 1.29493e-10, 3.97321e-10, 0, 0, 0.345421, 2.30729e-08, 2.02741e-09, 2.05082, 0.968698, 1.79405e-07, 246.959
9784, 0.147202, 0.265834, 0.0748169, 0, 1.58284e-10, 5.10329e-10, 0, 0, 0.34065, 2.64022e-08, 2.60928e-09, 1.91595, 0.968704, 1.79291e-07, 246.381
9785, 0.134004, 0.269755, 0.075843, 0, 1.4201e-10, 4.60194e-10, 0, 0, 0.345598, 2.40395e-08, 2.35042e-09, 2.00988, 0.96871, 1.79261e-07, 246.972
9786, 0.1391, 0.268003, 0.0753758, 0, 1.53279e-10, 5.01192e-10, 0, 0, 0.343379, 2.49624e-08, 2.56616e-09, 1.97256, 0.968716, 1.79344e-07, 246.702
9787, 0.169081, 0.259818, 0.0731647, 0, 2.0633e-10, 6.96943e-10, 0, 0, 0.332983, 3.03457e-08, 3.58878e-09, 1.77738, 0.968722, 1.79437e-07, 245.434
9788, 0.191738, 0.253752, 0.0715159, 0, 2.54278e-10, 8.83514e-10, 0, 0, 0.325268, 3.44012e-08, 4.58024e-09, 1.65162, 0.968728, 1.79416e-07, 244.476
9789, 0.207445, 0.250147, 0.0704768, 0, 2.87533e-10, 1.01906e-09, 0, 0, 0.320624, 3.71962e-08, 5.31322e-09, 1.57289, 0.968734, 1.7927e-07, 243.889
9790, 0.187426, 0.255193, 0.0719221, 0, 2.47382e-10, 8.67029e-10, 0, 0, 0.327115, 3.35754e-08, 4.52252e-09, 1.67437, 0.96874, 1.78968e-07, 244.697
9791, 0.133947, 0.26841, 0.0757188, 0, 1.50556e-10, 4.95417e-10, 0, 0, 0.344129, 2.39638e-08, 2.56742e-09, 2.01031, 0.968746, 1.7864e-07, 246.771
9792, 0.111705, 0.27436, 0.0774018, 0, 1.06962e-10, 3.2827e-10, 0, 0, 0.351762, 1.9976e-08, 1.68216e-09, 2.19189, 0.968752, 1.78597e-07, 247.677
9793, 0.137158, 0.268257, 0.0756309, 0, 1.38022e-10, 4.3823e-10, 0, 0, 0.343888, 2.45443e-08, 2.24502e-09, 1.98662, 0.968758, 1.78804e-07, 246.734
9794, 0.15806, 0.263321, 0.0741939, 0, 1.71216e-10, 5.62384e-10, 0, 0, 0.337515, 2.82903e-08, 2.88694e-09, 1.84478, 0.968764, 1.78941e-07, 245.959
9795, 0.138407, 0.268407, 0.0756276, 0, 1.49654e-10, 4.93995e-10, 0, 0, 0.344034, 2.47691e-08, 2.53516e-09, 1.97755, 0.96877, 1.78932e-07, 246.743
9796, 0.108142, 0.275409, 0.0776513, 0, 1.0782e-10, 3.44994e-10, 0, 0, 0.353061, 1.93443e-08, 1.76502e-09, 2.22431, 0.968776, 1.78869e-07, 247.815
9797, 0.117468, 0.272446, 0.0768768, 0, 1.17705e-10, 3.7908e-10, 0, 0, 0.349322, 2.1e-08, 1.94122e-09, 2.14159, 0.968782, 1.78795e-07, 247.367
9798, 0.147215, 0.264287, 0.0746381, 0, 1.57618e-10, 5.2263e-10, 0, 0, 0.338925, 2.63048e-08, 2.68996e-09, 1.91586, 0.968788, 1.78707e-07, 246.114
9799, 0.165735, 0.2588, 0.073126, 0, 1.86268e-10, 6.27219e-10, 0, 0, 0.331926, 2.95969e-08, 3.24696e-09, 1.79736, 0.968794, 1.78599e-07, 245.254
9800, 0.162771, 0.258933, 0.0731855, 0, 1.84005e-10, 6.14949e-10, 0, 0, 0.332118, 2.90539e-08, 3.18896e-09, 1.81541, 0.9688, 1.78497e-07, 245.274
9801, 0.132963, 0.266138, 0.0752673, 0, 1.37999e-10, 4.39136e-10, 0, 0, 0.341405, 2.37254e-08, 2.26493e-09, 2.01768, 0.968806, 1.78423e-07, 246.402
9802, 0.112858, 0.271567, 0.0768084, 0, 1.04322e-10, 3.14498e-10, 0, 0, 0.348375, 2.01283e-08, 1.60785e-09, 2.18163, 0.968812, 1.78352e-07, 247.234
9803, 0.132505, 0.267057, 0.0754757, 0, 1.30988e-10, 4.07963e-10, 0, 0, 0.342533, 2.36209e-08, 2.09312e-09, 2.02114, 0.968818, 1.78281e-07, 246.53
9804, 0.164446, 0.259232, 0.0731831, 0, 1.82198e-10, 5.90742e-10, 0, 0, 0.332415, 2.93079e-08, 3.05202e-09, 1.80518, 0.968824, 1.78229e-07, 245.294
9805, 0.166823, 0.259144, 0.0730869, 0, 1.91955e-10, 6.33675e-10, 0, 0, 0.332231, 2.97268e-08, 3.28223e-09, 1.79082, 0.96883, 1.78188e-07, 245.267
9806, 0.14525, 0.264912, 0.0746692, 0, 1.61058e-10, 5.21501e-10, 0, 0, 0.339581, 2.58756e-08, 2.6946e-09, 1.9293, 0.968836, 1.78139e-07, 246.161
9807, 0.147781, 0.264301, 0.0744627, 0, 1.66177e-10, 5.31928e-10, 0, 0, 0.338764, 2.63145e-08, 2.74752e-09, 1.91202, 0.968842, 1.78077e-07, 246.057
9808, 0.176808, 0.256901, 0.0723751, 0, 2.19215e-10, 7.33144e-10, 0, 0, 0.329276, 3.14709e-08, 3.81102e-09, 1.73269, 0.968848, 1.78008e-07, 244.889
9809, 0.19739, 0.251344, 0.0708372, 0, 2.67138e-10, 9.26006e-10, 0, 0, 0.322181, 3.51218e-08, 4.84774e-09, 1.62258, 0.968854, 1.77937e-07, 244
9810, 0.200454, 0.250387, 0.0705943, 0, 2.81789e-10, 9.88488e-10, 0, 0, 0.320981, 3.56548e-08, 5.19551e-09, 1.60717, 0.96886, 1.77865e-07, 243.845
9811, 0.168856, 0.257663, 0.0727463, 0, 2.20449e-10, 7.49902e-10, 0, 0, 0.330409, 3.00255e-08, 3.93004e-09, 1.77871, 0.968866, 1.77794e-07, 245.017
9812, 0.124523, 0.268186, 0.0757972, 0, 1.32744e-10, 4.1447e-10, 0, 0, 0.343983, 2.21332e-08, 2.14722e-09, 2.08326, 0.968872, 1.77722e-07, 246.668
9813, 0.115867, 0.270855, 0.076487, 0, 1.09416e-10, 3.32548e-10, 0, 0, 0.347343, 2.05827e-08, 1.70892e-09, 2.15531, 0.968878, 1.77651e-07, 247.067
9814, 0.139354, 0.26602, 0.0750161, 0, 1.43777e-10, 4.68822e-10, 0, 0, 0.341036, 2.47441e-08, 2.42408e-09, 1.97074, 0.968884, 1.77579e-07, 246.304
9815, 0.150969, 0.263808, 0.0743621, 0, 1.64104e-10, 5.49802e-10, 0, 0, 0.33817, 2.67986e-08, 2.85008e-09, 1.89068, 0.96889, 1.77507e-07, 245.952
9816, 0.135713, 0.267493, 0.0754616, 0, 1.36287e-10, 4.44163e-10, 0, 0, 0.342954, 2.40818e-08, 2.28957e-09, 1.99721, 0.968896, 1.77436e-07, 246.528
9817, 0.129328, 0.268814, 0.0758831, 0, 1.21913e-10, 3.84548e-10, 0, 0, 0.344697, 2.29375e-08, 1.96922e-09, 2.04541, 0.968902, 1.77364e-07, 246.734
9818, 0.148272, 0.264195, 0.074542, 0, 1.60749e-10, 5.22529e-10, 0, 0, 0.338737, 2.62852e-08, 2.69523e-09, 1.9087, 0.968908, 1.77293e-07, 246.009
9819, 0.176797, 0.257441, 0.0725424, 0, 2.18144e-10, 7.3234e-10, 0, 0, 0.329984, 3.13301e-08, 3.80581e-09, 1.73275, 0.968914, 1.77221e-07, 244.931
9820, 0.193469, 0.253856, 0.0713624, 0, 2.53607e-10, 8.69375e-10, 0, 0, 0.325219, 3.42722e-08, 4.53929e-09, 1.64264, 0.96892, 1.7715e-07, 244.334
9821, 0.186967, 0.257049, 0.0718836, 0, 2.43695e-10, 8.35232e-10, 0, 0, 0.328932, 3.31097e-08, 4.35792e-09, 1.67682, 0.968926, 1.77078e-07, 244.793
9822, 0.152854, 0.270225, 0.0746321, 0, 1.75935e-10, 5.78986e-10, 0, 0, 0.344857, 2.70593e-08, 2.97655e-09, 1.87827, 0.968932, 1.77007e-07, 246.733
9823, 0.126878, 0.288155, 0.0775718, 0, 1.20802e-10, 3.85609e-10, 0, 0, 0.365726, 2.24503e-08, 1.90656e-09, 2.06453, 0.968938, 1.76935e-07, 249.188
9824, 0.123993, 0.301581, 0.0790498, 0, 1.13665e-10, 3.78429e-10, 0, 0, 0.380631, 2.19293e-08, 1.83348e-09, 2.08753, 0.968944, 1.76863e-07, 250.885
9825, 0.135887, 0.298836, 0.0782696, 0, 1.36217e-10, 4.71568e-10, 0, 0, 0.377106, 2.40225e-08, 2.31885e-09, 1.99593, 0.96895, 1.76792e-07, 250.483
9826, 0.144743, 0.28512, 0.0765587, 0, 1.52712e-10, 5.26896e-10, 0, 0, 0.361679, 2.5579e-08, 2.62584e-09, 1.93279, 0.968956, 1.7672e-07, 248.707
9827, 0.144822, 0.276303, 0.0757217, 0, 1.59926e-10, 5.48465e-10, 0, 0, 0.352025, 2.55817e-08, 2.76146e-09, 1.93225, 0.968962, 1.76648e-07, 247.569
9828, 0.172582, 0.26801, 0.0738013, 0, 2.16921e-10, 7.73326e-10, 0, 0, 0.341812, 3.04704e-08, 3.94346e-09, 1.75688, 0.968968, 1.76577e-07, 246.341
9829, 0.209786, 0.257277, 0.0711286, 0, 2.87663e-10, 1.03658e-09, 0, 0, 0.328405, 3.70262e-08, 5.34593e-09, 1.56167, 0.968974, 1.76505e-07, 244.694
9830, 0.217054, 0.250727, 0.0699971, 0, 3.04116e-10, 1.07463e-09, 0, 0, 0.320724, 3.82958e-08, 5.60612e-09, 1.52761, 0.96898, 1.76433e-07, 243.728
9831, 0.21076, 0.248723, 0.0699423, 0, 2.93334e-10, 1.02489e-09, 0, 0, 0.318666, 3.71706e-08, 5.39454e-09, 1.55704, 0.968986, 1.76361e-07, 243.463
9832, 0.190768, 0.252027, 0.0710903, 0, 2.51423e-10, 8.64945e-10, 0, 0, 0.323117, 3.36328e-08, 4.55408e-09, 1.65669, 0.968992, 1.76288e-07, 244.021
9833, 0.165032, 0.257825, 0.0728199, 0, 1.9759e-10, 6.53759e-10, 0, 0, 0.330645, 2.90825e-08, 3.42118e-09, 1.80162, 0.968998, 1.76215e-07, 244.955
9834, 0.161894, 0.259556, 0.0732811, 0, 1.90237e-10, 6.25706e-10, 0, 0, 0.332837, 2.8516e-08, 3.26752e-09, 1.82081, 0.969004, 1.76142e-07, 245.222
9835, 0.166375, 0.25947, 0.0731914, 0, 2.04337e-10, 6.8404e-10, 0, 0, 0.332662, 2.92932e-08, 3.58374e-09, 1.79351, 0.96901, 1.76068e-07, 245.196
9836, 0.16611, 0.259644, 0.0732139, 0, 2.10131e-10, 7.10576e-10, 0, 0, 0.332858, 2.9235e-08, 3.73219e-09, 1.79511, 0.969016, 1.75994e-07, 245.216
9837, 0.148897, 0.262841, 0.0741931, 0, 1.74813e-10, 5.73526e-10, 0, 0, 0.337035, 2.61958e-08, 3.00274e-09, 1.9045, 0.969022, 1.75918e-07, 245.724
9838, 0.135848, 0.264944, 0.0749008, 0, 1.39385e-10, 4.34097e-10, 0, 0, 0.339845, 2.38871e-08, 2.25601e-09, 1.99622, 0.969028, 1.7584e-07, 246.063
9839, 0.154971, 0.260073, 0.0735534, 0, 1.68981e-10, 5.47938e-10, 0, 0, 0.333626, 2.72344e-08, 2.86444e-09, 1.86452, 0.969034, 1.75759e-07, 245.298
9840, 0.188253, 0.252105, 0.0712444, 0, 2.38336e-10, 8.09872e-10, 0, 0, 0.32335, 3.30677e-08, 4.27475e-09, 1.66997, 0.96904, 1.75673e-07, 244.017
9841, 0.213952, 0.246082, 0.0694401, 0, 3.07673e-10, 1.06813e-09, 0, 0, 0.315522, 3.75633e-08, 5.67557e-09, 1.542, 0.969046, 1.75579e-07, 243.021
9842, 0.22139, 0.244367, 0.0689052, 0, 3.37049e-10, 1.17368e-09, 0, 0, 0.313272, 3.88488e-08, 6.25391e-09, 1.50783, 0.969052, 1.75466e-07, 242.729
9843, 0.196294, 0.249537, 0.0704819, 0, 2.81173e-10, 9.47245e-10, 0, 0, 0.320019, 3.44165e-08, 5.0343e-09, 1.62814, 0.969058, 1.75301e-07, 243.584
9844, 0.177368, 0.253806, 0.0717747, 0, 2.34174e-10, 7.69369e-10, 0, 0, 0.32558, 3.10262e-08, 4.07151e-09, 1.72953, 0.969064, 1.74931e-07, 244.28
9845, 0.182513, 0.253285, 0.0715955, 0, 2.3817e-10, 7.96842e-10, 0, 0, 0.32488, 3.17265e-08, 4.21532e-09, 1.70093, 0.96907, 1.73874e-07, 244.188
9846, 0.186052, 0.25264, 0.0713982, 0, 2.33876e-10, 7.85231e-10, 0, 0, 0.324038, 3.19411e-08, 4.15403e-09, 1.68173, 0.969076, 1.71918e-07, 244.078
9847, 0.19394, 0.251036, 0.0709147, 0, 2.40666e-10, 8.21207e-10, 0, 0, 0.321951, 3.30589e-08, 4.3511e-09, 1.64021, 0.969082, 1.70829e-07, 243.812
9848, 0.187394, 0.252668, 0.0713608, 0, 2.34408e-10, 8.04924e-10, 0, 0, 0.324028, 3.21577e-08, 4.2676e-09, 1.67454, 0.969088, 1.72062e-07, 244.069
9849, 0.17882, 0.254371, 0.0718299, 0, 2.30387e-10, 7.81745e-10, 0, 0, 0.326201, 3.10362e-08, 4.14345e-09, 1.72138, 0.969094, 1.7378e-07, 244.337
9850, 0.206445, 0.248286, 0.0699752, 0, 2.97387e-10, 1.03316e-09, 0, 0, 0.318261, 3.60396e-08, 5.495e-09, 1.57772, 0.9691, 1.74564e-07, 243.332
9851, 0.231212, 0.243054, 0.0683476, 0, 3.53089e-10, 1.24826e-09, 0, 0, 0.311402, 4.04073e-08, 6.6545e-09, 1.46442, 0.969106, 1.74753e-07, 242.45
9852, 0.228617, 0.243968, 0.0685131, 0, 3.4029e-10, 1.20089e-09, 0, 0, 0.312481, 3.99555e-08, 6.40085e-09, 1.47571, 0.969112, 1.74768e-07, 242.585
9853, 0.211305, 0.249126, 0.0697447, 0, 2.95372e-10, 1.021e-09, 0, 0, 0.318871, 3.69242e-08, 5.42059e-09, 1.55445, 0.969118, 1.74737e-07, 243.397
9854, 0.182302, 0.260216, 0.0719842, 0, 2.3219e-10, 7.71601e-10, 0, 0, 0.3322, 3.18478e-08, 4.02817e-09, 1.70209, 0.969124, 1.7469e-07, 245.062
9855, 0.166904, 0.278109, 0.0739147, 0, 1.98817e-10, 6.70684e-10, 0, 0, 0.352024, 2.91478e-08, 3.39269e-09, 1.79034, 0.96913, 1.74634e-07, 247.459
9856, 0.150725, 0.310127, 0.0761517, 0, 1.6969e-10, 5.96186e-10, 0, 0, 0.386278, 2.63148e-08, 2.93204e-09, 1.8923, 0.969136, 1.74574e-07, 251.401
9857, 0.122317, 0.342181, 0.0785728, 0, 1.20926e-10, 4.2659e-10, 0, 0, 0.420754, 2.13473e-08, 2.02892e-09, 2.10114, 0.969142, 1.74511e-07, 255.142
9858, 0.117061, 0.337573, 0.0787375, 0, 1.0686e-10, 3.74414e-10, 0, 0, 0.416311, 2.04204e-08, 1.75806e-09, 2.14506, 0.969148, 1.74447e-07, 254.668
9859, 0.122668, 0.306073, 0.0776182, 0, 1.13194e-10, 3.81536e-10, 0, 0, 0.383692, 2.13907e-08, 1.83859e-09, 2.09827, 0.969154, 1.7438e-07, 251.1
9860, 0.131524, 0.280271, 0.0760391, 0, 1.32775e-10, 4.2783e-10, 0, 0, 0.35631, 2.29245e-08, 2.17235e-09, 2.02856, 0.96916, 1.74313e-07, 247.947
9861, 0.165654, 0.262567, 0.0731461, 0, 1.96568e-10, 6.48425e-10, 0, 0, 0.335713, 2.88591e-08, 3.40805e-09, 1.79786, 0.969166, 1.74239e-07, 245.466
9862, 0.204652, 0.250206, 0.0702659, 0, 2.75884e-10, 9.33207e-10, 0, 0, 0.320472, 3.56335e-08, 4.96041e-09, 1.58645, 0.969172, 1.74144e-07, 243.563
9863, 0.230842, 0.242796, 0.0683324, 0, 3.39148e-10, 1.16861e-09, 0, 0, 0.311128, 4.01679e-08, 6.24482e-09, 1.46602, 0.969178, 1.74027e-07, 242.364
9864, 0.233182, 0.241098, 0.067964, 0, 3.4115e-10, 1.17149e-09, 0, 0, 0.309062, 4.05572e-08, 6.26175e-09, 1.45593, 0.969184, 1.73935e-07, 242.093
9865, 0.215192, 0.244071, 0.0689723, 0, 2.92337e-10, 9.77346e-10, 0, 0, 0.313043, 3.74196e-08, 5.20722e-09, 1.53623, 0.96919, 1.73893e-07, 242.603
9866, 0.210009, 0.24497, 0.0692596, 0, 2.87269e-10, 9.63107e-10, 0, 0, 0.31423, 3.65043e-08, 5.143e-09, 1.56061, 0.969196, 1.7384e-07, 242.751
9867, 0.221533, 0.242707, 0.0685414, 0, 3.24798e-10, 1.12134e-09, 0, 0, 0.311249, 3.84856e-08, 6.01975e-09, 1.50718, 0.969202, 1.73743e-07, 242.363
9868, 0.212121, 0.244642, 0.0691295, 0, 3.02142e-10, 1.03562e-09, 0, 0, 0.313772, 3.68369e-08, 5.5538e-09, 1.5506, 0.969208, 1.73663e-07, 242.684
9869, 0.186301, 0.250127, 0.0707786, 0, 2.40273e-10, 7.92672e-10, 0, 0, 0.320906, 3.23486e-08, 4.22341e-09, 1.68039, 0.969214, 1.73634e-07, 243.589
9870, 0.172044, 0.253511, 0.0717794, 0, 2.10223e-10, 6.82369e-10, 0, 0, 0.325291, 2.98684e-08, 3.62411e-09, 1.76001, 0.96922, 1.73609e-07, 244.137
9871, 0.181104, 0.251901, 0.0713149, 0, 2.32491e-10, 7.82564e-10, 0, 0, 0.323216, 3.14295e-08, 4.18487e-09, 1.70869, 0.969226, 1.73557e-07, 243.872
9872, 0.220953, 0.243465, 0.0688224, 0, 3.19318e-10, 1.13375e-09, 0, 0, 0.312288, 3.83297e-08, 6.11121e-09, 1.5098, 0.969232, 1.73491e-07, 242.476
9873, 0.252606, 0.236216, 0.0666814, 0, 3.91068e-10, 1.41296e-09, 0, 0, 0.302898, 4.38062e-08, 7.63585e-09, 1.37593, 0.969238, 1.73422e-07, 241.249
9874, 0.255154, 0.235002, 0.0663394, 0, 4.01583e-10, 1.44666e-09, 0, 0, 0.301341, 4.4232e-08, 7.82288e-09, 1.36589, 0.969244, 1.73353e-07, 241.04
9875, 0.246037, 0.236757, 0.0668822, 0, 3.80085e-10, 1.35649e-09, 0, 0, 0.303639, 4.26356e-08, 7.33392e-09, 1.40227, 0.96925, 1.73284e-07, 241.338
9876, 0.221759, 0.241768, 0.0684071, 0, 3.2008e-10, 1.10819e-09, 0, 0, 0.310175, 3.84141e-08, 5.97581e-09, 1.50616, 0.969256, 1.73215e-07, 242.186
9877, 0.210121, 0.244245, 0.0691384, 0, 2.92236e-10, 9.96128e-10, 0, 0, 0.313384, 3.63811e-08, 5.36665e-09, 1.56007, 0.969262, 1.73146e-07, 242.596
9878, 0.226564, 0.241055, 0.0681559, 0, 3.27747e-10, 1.14363e-09, 0, 0, 0.30921, 3.92118e-08, 6.17425e-09, 1.48473, 0.969268, 1.73077e-07, 242.053
9879, 0.22635, 0.241197, 0.0682197, 0, 3.22359e-10, 1.11941e-09, 0, 0, 0.309417, 3.91618e-08, 6.03201e-09, 1.48567, 0.969274, 1.73008e-07, 242.076
9880, 0.203034, 0.24653, 0.0698414, 0, 2.62116e-10, 8.81529e-10, 0, 0, 0.316372, 3.51147e-08, 4.72145e-09, 1.59438, 0.96928, 1.72939e-07, 242.967
9881, 0.175978, 0.252984, 0.0717214, 0, 2.02347e-10, 6.52246e-10, 0, 0, 0.324706, 3.04236e-08, 3.46951e-09, 1.7374, 0.969286, 1.72871e-07, 244.019
9882, 0.15794, 0.257062, 0.0728528, 0, 1.77623e-10, 5.57697e-10, 0, 0, 0.329915, 2.72925e-08, 2.96465e-09, 1.84554, 0.969292, 1.72802e-07, 244.666
9883, 0.180343, 0.252205, 0.0713559, 0, 2.37289e-10, 7.96095e-10, 0, 0, 0.32356, 3.11475e-08, 4.27389e-09, 1.71289, 0.969298, 1.72733e-07, 243.867
9884, 0.227548, 0.241983, 0.0682719, 0, 3.45569e-10, 1.2247e-09, 0, 0, 0.310255, 3.92857e-08, 6.61965e-09, 1.48039, 0.969304, 1.72664e-07, 242.163
9885, 0.259666, 0.234722, 0.0660498, 0, 4.29211e-10, 1.55189e-09, 0, 0, 0.300772, 4.48153e-08, 8.42904e-09, 1.34836, 0.96931, 1.72595e-07, 240.918
9886, 0.264611, 0.232893, 0.0655115, 0, 4.44768e-10, 1.59656e-09, 0, 0, 0.298405, 4.56533e-08, 8.6905e-09, 1.3295, 0.969316, 1.72526e-07, 240.6
9887, 0.238903, 0.237448, 0.0669954, 0, 3.67311e-10, 1.26369e-09, 0, 0, 0.304444, 4.12032e-08, 6.85228e-09, 1.4317, 0.969322, 1.72457e-07, 241.393
9888, 0.218927, 0.241518, 0.0682881, 0, 3.05539e-10, 1.01403e-09, 0, 0, 0.309806, 3.7741e-08, 5.46256e-09, 1.51901, 0.969328, 1.72388e-07, 242.088
9889, 0.226023, 0.240685, 0.0679359, 0, 3.20874e-10, 1.08362e-09, 0, 0, 0.308621, 3.89471e-08, 5.83772e-09, 1.48712, 0.969334, 1.7232e-07, 241.93
9890, 0.232358, 0.24146, 0.0677522, 0, 3.3351e-10, 1.14463e-09, 0, 0, 0.309212, 4.00244e-08, 6.16753e-09, 1.45947, 0.96934, 1.72251e-07, 242.003
9891, 0.214501, 0.252043, 0.0696158, 0, 2.89213e-10, 9.8933e-10, 0, 0, 0.321659, 3.69356e-08, 5.2783e-09, 1.53944, 0.969346, 1.72182e-07, 243.594
9892, 0.185971, 0.269925, 0.0726939, 0, 2.23942e-10, 7.53373e-10, 0, 0, 0.342619, 3.20101e-08, 3.9108e-09, 1.68216, 0.969352, 1.72114e-07, 246.186
9893, 0.17522, 0.277493, 0.0739398, 0, 1.98228e-10, 6.55773e-10, 0, 0, 0.351432, 3.01454e-08, 3.33503e-09, 1.74171, 0.969358, 1.72045e-07, 247.242
9894, 0.195523, 0.265211, 0.0718165, 0, 2.49438e-10, 8.41483e-10, 0, 0, 0.337027, 3.36225e-08, 4.39664e-09, 1.63208, 0.969364, 1.71976e-07, 245.496
9895, 0.233352, 0.246966, 0.0683592, 0, 3.48038e-10, 1.22392e-09, 0, 0, 0.315326, 4.01121e-08, 6.5702e-09, 1.45521, 0.96937, 1.71908e-07, 242.771
9896, 0.256883, 0.237083, 0.0663551, 0, 4.07991e-10, 1.46552e-09, 0, 0, 0.303438, 4.41417e-08, 7.93874e-09, 1.35913, 0.969376, 1.71839e-07, 241.223
9897, 0.256895, 0.236253, 0.0662454, 0, 4.05381e-10, 1.45299e-09, 0, 0, 0.302498, 4.41279e-08, 7.87916e-09, 1.35909, 0.969382, 1.71771e-07, 241.095
9898, 0.236446, 0.24326, 0.0677744, 0, 3.516e-10, 1.23037e-09, 0, 0, 0.311034, 4.06009e-08, 6.63263e-09, 1.44203, 0.969388, 1.71702e-07, 242.206
9899, 0.204154, 0.259568, 0.0707584, 0, 2.68049e-10, 9.04029e-10, 0, 0, 0.330327, 3.50419e-08, 4.74996e-09, 1.58888, 0.969394, 1.71634e-07, 244.649
9900, 0.193569, 0.276211, 0.0729449, 0, 2.34292e-10, 8.0638e-10, 0, 0, 0.349156, 3.32092e-08, 4.06862e-09, 1.64212, 0.9694, 1.71565e-07, 246.943
9901, 0.213082, 0.275473, 0.0721117, 0, 2.77247e-10, 1.00112e-09, 0, 0, 0.347585, 3.65405e-08, 5.07745e-09, 1.54608, 0.969406, 1.71497e-07, 246.751
9902, 0.23477, 0.259015, 0.0695448, 0, 3.35607e-10, 1.22099e-09, 0, 0, 0.328559, 4.02454e-08, 6.38725e-09, 1.44915, 0.969412, 1.71428e-07, 244.417
9903, 0.224958, 0.249024, 0.0689519, 0, 3.20109e-10, 1.13096e-09, 0, 0, 0.317976, 3.85511e-08, 6.02619e-09, 1.49184, 0.969418, 1.7136e-07, 243.078
9904, 0.191311, 0.250999, 0.0705823, 0, 2.46595e-10, 8.16625e-10, 0, 0, 0.321581, 3.27725e-08, 4.36595e-09, 1.65386, 0.969424, 1.71292e-07, 243.532
9905, 0.178505, 0.252398, 0.0712762, 0, 2.26176e-10, 7.28109e-10, 0, 0, 0.323674, 3.05634e-08, 3.90486e-09, 1.72314, 0.96943, 1.71223e-07, 243.792
9906, 0.210878, 0.245006, 0.0691758, 0, 3.06951e-10, 1.03848e-09, 0, 0, 0.314182, 3.60889e-08, 5.62533e-09, 1.55647, 0.969436, 1.71155e-07, 242.579
9907, 0.256688, 0.234425, 0.0660847, 0, 4.21967e-10, 1.48318e-09, 0, 0, 0.30051, 4.39126e-08, 8.10524e-09, 1.35989, 0.969442, 1.71086e-07, 240.79
9908, 0.284259, 0.227648, 0.0640861, 0, 5.02805e-10, 1.80853e-09, 0, 0, 0.291734, 4.86125e-08, 9.94406e-09, 1.25787, 0.969448, 1.71018e-07, 239.611
9909, 0.27678, 0.228228, 0.0643819, 0, 4.76064e-10, 1.69847e-09, 0, 0, 0.29261, 4.73174e-08, 9.34108e-09, 1.28453, 0.969454, 1.70949e-07, 239.725
9910, 0.252089, 0.232603, 0.0658421, 0, 3.94634e-10, 1.35787e-09, 0, 0, 0.298445, 4.30779e-08, 7.43737e-09, 1.37797, 0.96946, 1.70879e-07, 240.503
9911, 0.258537, 0.231303, 0.0654243, 0, 4.16331e-10, 1.44482e-09, 0, 0, 0.296727, 4.41545e-08, 7.92249e-09, 1.35272, 0.969466, 1.70796e-07, 240.27
9912, 0.288337, 0.225436, 0.0635602, 0, 5.08723e-10, 1.82993e-09, 0, 0, 0.288996, 4.92029e-08, 1.00844e-08, 1.24363, 0.969472, 1.70655e-07, 239.223
9913, 0.299833, 0.222991, 0.0628252, 0, 5.37414e-10, 1.95861e-09, 0, 0, 0.285816, 5.10894e-08, 1.08203e-08, 1.20453, 0.969478, 1.70405e-07, 238.784
9914, 0.28719, 0.225714, 0.0636934, 0, 4.9585e-10, 1.80416e-09, 0, 0, 0.289407, 4.88563e-08, 9.96396e-09, 1.24761, 0.969484, 1.70146e-07, 239.27
9915, 0.251146, 0.233357, 0.0660546, 0, 3.97787e-10, 1.41026e-09, 0, 0, 0.299412, 4.26973e-08, 7.75621e-09, 1.38172, 0.96949, 1.70012e-07, 240.611
9916, 0.21798, 0.240187, 0.0681576, 0, 3.10941e-10, 1.05153e-09, 0, 0, 0.308344, 3.70626e-08, 5.74567e-09, 1.52335, 0.969496, 1.69967e-07, 241.782
9917, 0.232832, 0.237322, 0.0672752, 0, 3.4841e-10, 1.20329e-09, 0, 0, 0.304597, 3.96168e-08, 6.5907e-09, 1.45744, 0.969502, 1.70071e-07, 241.288
9918, 0.277576, 0.22846, 0.0645336, 0, 4.64472e-10, 1.67811e-09, 0, 0, 0.292993, 4.7259e-08, 9.24562e-09, 1.28166, 0.969508, 1.70221e-07, 239.739
9919, 0.293876, 0.224867, 0.0634124, 0, 5.06998e-10, 1.83954e-09, 0, 0, 0.288279, 5.00329e-08, 1.01529e-08, 1.2246, 0.969514, 1.7024e-07, 239.095
9920, 0.273943, 0.22815, 0.0644377, 0, 4.50698e-10, 1.58603e-09, 0, 0, 0.292587, 4.66127e-08, 8.73446e-09, 1.29484, 0.96952, 1.7014e-07, 239.675
9921, 0.254936, 0.231599, 0.0655362, 0, 3.92509e-10, 1.33832e-09, 0, 0, 0.297136, 4.33197e-08, 7.34263e-09, 1.36674, 0.969526, 1.69907e-07, 240.282
9922, 0.249787, 0.232692, 0.0658858, 0, 3.72533e-10, 1.25813e-09, 0, 0, 0.298578, 4.23683e-08, 6.89272e-09, 1.38715, 0.969532, 1.69608e-07, 240.47
9923, 0.257354, 0.231273, 0.0654143, 0, 3.93695e-10, 1.35069e-09, 0, 0, 0.296687, 4.3599e-08, 7.42107e-09, 1.3573, 0.969538, 1.69413e-07, 240.214
9924, 0.278345, 0.227357, 0.0641522, 0, 4.54863e-10, 1.6187e-09, 0, 0, 0.29151, 4.71508e-08, 8.94204e-09, 1.27889, 0.969544, 1.69383e-07, 239.513
9925, 0.300003, 0.223721, 0.0629652, 0, 5.20021e-10, 1.91243e-09, 0, 0, 0.286686, 5.08701e-08, 1.06054e-08, 1.20396, 0.96955, 1.69541e-07, 238.852
9926, 0.293277, 0.225964, 0.063548, 0, 5.08285e-10, 1.87966e-09, 0, 0, 0.289512, 4.9772e-08, 1.04195e-08, 1.22664, 0.969556, 1.69697e-07, 239.233
9927, 0.245817, 0.23665, 0.0666674, 0, 3.84487e-10, 1.36794e-09, 0, 0, 0.303318, 4.17222e-08, 7.53346e-09, 1.40317, 0.969562, 1.69712e-07, 241.078
9928, 0.196299, 0.24748, 0.069876, 0, 2.57581e-10, 8.42715e-10, 0, 0, 0.317356, 3.33062e-08, 4.58245e-09, 1.62812, 0.969568, 1.69659e-07, 242.897
9929, 0.193141, 0.247486, 0.0699838, 0, 2.49285e-10, 8.05371e-10, 0, 0, 0.317469, 3.27532e-08, 4.37995e-09, 1.64434, 0.969574, 1.69593e-07, 242.908
9930, 0.241769, 0.236315, 0.0667637, 0, 3.74589e-10, 1.32148e-09, 0, 0, 0.303079, 4.09812e-08, 7.29095e-09, 1.41977, 0.96958, 1.69527e-07, 241.034
9931, 0.298383, 0.224026, 0.0630808, 0, 5.34175e-10, 1.98472e-09, 0, 0, 0.287106, 5.05606e-08, 1.10393e-08, 1.20938, 0.969586, 1.69459e-07, 238.883
9932, 0.308604, 0.221173, 0.0622586, 0, 5.68088e-10, 2.10994e-09, 0, 0, 0.283432, 5.22765e-08, 1.17521e-08, 1.1757, 0.969592, 1.69392e-07, 238.374
9933, 0.278346, 0.226275, 0.0639609, 0, 4.71662e-10, 1.68402e-09, 0, 0, 0.290236, 4.71333e-08, 9.34986e-09, 1.27889, 0.969598, 1.69325e-07, 239.302
9934, 0.267731, 0.227924, 0.064577, 0, 4.26254e-10, 1.49661e-09, 0, 0, 0.292501, 4.53148e-08, 8.29935e-09, 1.31777, 0.969604, 1.69258e-07, 239.604
9935, 0.287963, 0.223951, 0.0633994, 0, 4.74553e-10, 1.72547e-09, 0, 0, 0.287351, 4.87185e-08, 9.59932e-09, 1.24492, 0.96961, 1.6919e-07, 238.9
9936, 0.307791, 0.220203, 0.0622459, 0, 5.28907e-10, 1.97009e-09, 0, 0, 0.282449, 5.20528e-08, 1.09861e-08, 1.17833, 0.969616, 1.69121e-07, 238.221
9937, 0.31469, 0.21906, 0.0618373, 0, 5.52801e-10, 2.06861e-09, 0, 0, 0.280897, 5.31962e-08, 1.15524e-08, 1.15617, 0.969622, 1.6904e-07, 238.001
9938, 0.300065, 0.222071, 0.0627276, 0, 5.1622e-10, 1.90163e-09, 0, 0, 0.284798, 5.06963e-08, 1.06076e-08, 1.20376, 0.969628, 1.68938e-07, 238.537
9939, 0.268076, 0.228494, 0.0647101, 0, 4.28527e-10, 1.5193e-09, 0, 0, 0.293204, 4.52627e-08, 8.43201e-09, 1.31648, 0.969634, 1.68832e-07, 239.678
9940, 0.253716, 0.231648, 0.0656824, 0, 3.84714e-10, 1.33982e-09, 0, 0, 0.297331, 4.28124e-08, 7.40487e-09, 1.37154, 0.96964, 1.6875e-07, 240.229
9941, 0.268657, 0.228876, 0.0648161, 0, 4.22697e-10, 1.50546e-09, 0, 0, 0.293692, 4.53177e-08, 8.33091e-09, 1.31432, 0.969646, 1.68695e-07, 239.736
9942, 0.289383, 0.224665, 0.0634827, 0, 4.87803e-10, 1.76819e-09, 0, 0, 0.288148, 4.88042e-08, 9.81087e-09, 1.24001, 0.969652, 1.68653e-07, 238.979
9943, 0.295271, 0.223255, 0.0630416, 0, 5.09872e-10, 1.8465e-09, 0, 0, 0.286297, 4.97774e-08, 1.02573e-08, 1.21986, 0.969658, 1.68573e-07, 238.721
9944, 0.280327, 0.225703, 0.0638709, 0, 4.61203e-10, 1.63647e-09, 0, 0, 0.289574, 4.72304e-08, 9.08084e-09, 1.2718, 0.969664, 1.6847e-07, 239.165
9945, 0.271505, 0.227094, 0.0643608, 0, 4.27535e-10, 1.50013e-09, 0, 0, 0.291455, 4.57253e-08, 8.31999e-09, 1.30378, 0.96967, 1.68411e-07, 239.417
9946, 0.278129, 0.225605, 0.063891, 0, 4.45835e-10, 1.58005e-09, 0, 0, 0.289496, 4.68335e-08, 8.77954e-09, 1.27967, 0.969676, 1.68388e-07, 239.146
9947, 0.287714, 0.223483, 0.063208, 0, 4.7754e-10, 1.71323e-09, 0, 0, 0.286691, 4.84394e-08, 9.54981e-09, 1.24579, 0.969682, 1.68362e-07, 238.758
9948, 0.306187, 0.219979, 0.0620829, 0, 5.36717e-10, 1.97642e-09, 0, 0, 0.282062, 5.15337e-08, 1.10668e-08, 1.18356, 0.969688, 1.68314e-07, 238.116
9949, 0.329199, 0.215909, 0.0607463, 0, 6.15819e-10, 2.32115e-09, 0, 0, 0.276656, 5.53871e-08, 1.30364e-08, 1.11109, 0.969694, 1.68252e-07, 237.357
9950, 0.324115, 0.217149, 0.0611215, 0, 6.04628e-10, 2.27212e-09, 0, 0, 0.278271, 5.45135e-08, 1.27483e-08, 1.12666, 0.9697, 1.68186e-07, 237.579
9951, 0.283543, 0.225326, 0.0637298, 0, 4.74477e-10, 1.7309e-09, 0, 0, 0.289056, 4.7673e-08, 9.65744e-09, 1.26039, 0.969706, 1.68119e-07, 239.065
9952, 0.238315, 0.234695, 0.0666151, 0, 3.43736e-10, 1.18938e-09, 0, 0, 0.30131, 4.00524e-08, 6.57886e-09, 1.43416, 0.969712, 1.68052e-07, 240.709
9953, 0.224095, 0.238082, 0.0675184, 0, 3.1783e-10, 1.0768e-09, 0, 0, 0.305601, 3.76439e-08, 5.94182e-09, 1.49568, 0.969718, 1.67986e-07, 241.272
9954, 0.260561, 0.23193, 0.0654135, 0, 4.28915e-10, 1.5488e-09, 0, 0, 0.297343, 4.37489e-08, 8.6045e-09, 1.34492, 0.969724, 1.67919e-07, 240.172
9955, 0.305404, 0.224467, 0.06292, 0, 5.50419e-10, 2.0734e-09, 0, 0, 0.287387, 5.12607e-08, 1.15498e-08, 1.18612, 0.96973, 1.67853e-07, 238.82
9956, 0.303678, 0.224996, 0.0630666, 0, 5.32039e-10, 1.99242e-09, 0, 0, 0.288062, 5.09547e-08, 1.1079e-08, 1.19179, 0.969736, 1.67786e-07, 238.908
9957, 0.282019, 0.227846, 0.0641023, 0, 4.62397e-10, 1.67798e-09, 0, 0, 0.291948, 4.73009e-08, 9.32367e-09, 1.26578, 0.969742, 1.67719e-07, 239.433
9958, 0.289141, 0.224993, 0.0633663, 0, 4.86431e-10, 1.76923e-09, 0, 0, 0.288359, 4.84737e-08, 9.88602e-09, 1.24084, 0.969748, 1.67653e-07, 238.94
9959, 0.312329, 0.219783, 0.0618068, 0, 5.5961e-10, 2.08103e-09, 0, 0, 0.28159, 5.23404e-08, 1.16827e-08, 1.1637, 0.969754, 1.67586e-07, 238.003
9960, 0.331197, 0.216371, 0.0606707, 0, 6.22089e-10, 2.34736e-09, 0, 0, 0.277042, 5.54808e-08, 1.31934e-08, 1.10504, 0.96976, 1.6752e-07, 237.364
9961, 0.339799, 0.216376, 0.0604205, 0, 6.49194e-10, 2.47223e-09, 0, 0, 0.276797, 5.69009e-08, 1.38689e-08, 1.0794, 0.969766, 1.67454e-07, 237.325
9962, 0.322522, 0.223067, 0.0620421, 0, 5.86036e-10, 2.22179e-09, 0, 0, 0.28511, 5.39883e-08, 1.23708e-08, 1.13158, 0.969772, 1.67387e-07, 238.478
9963, 0.295304, 0.231961, 0.0642849, 0, 4.94433e-10, 1.84186e-09, 0, 0, 0.296246, 4.94122e-08, 1.01272e-08, 1.21975, 0.969778, 1.67321e-07, 239.988
9964, 0.284972, 0.234404, 0.0649673, 0, 4.64027e-10, 1.69989e-09, 0, 0, 0.299371, 4.76627e-08, 9.30099e-09, 1.25537, 0.969784, 1.67255e-07, 240.402
9965, 0.2936, 0.229486, 0.0639493, 0, 4.92651e-10, 1.79233e-09, 0, 0, 0.293435, 4.90856e-08, 9.88006e-09, 1.22554, 0.96979, 1.67188e-07, 239.601
9966, 0.298479, 0.224761, 0.0630896, 0, 5.06827e-10, 1.82844e-09, 0, 0, 0.287851, 4.98828e-08, 1.01555e-08, 1.20905, 0.969796, 1.67122e-07, 238.837
9967, 0.289301, 0.224189, 0.0632799, 0, 4.77258e-10, 1.6942e-09, 0, 0, 0.287469, 4.83302e-08, 9.44438e-09, 1.24029, 0.969802, 1.67056e-07, 238.781
9968, 0.283361, 0.224454, 0.0635136, 0, 4.54988e-10, 1.60823e-09, 0, 0, 0.287967, 4.73183e-08, 8.98519e-09, 1.26103, 0.969808, 1.6699e-07, 238.845
9969, 0.289372, 0.223053, 0.0631376, 0, 4.68456e-10, 1.68086e-09, 0, 0, 0.28619, 4.83023e-08, 9.41858e-09, 1.24004, 0.969814, 1.66923e-07, 238.597
9970, 0.298748, 0.220963, 0.0625319, 0, 4.95505e-10, 1.80311e-09, 0, 0, 0.283495, 4.98476e-08, 1.01315e-08, 1.20816, 0.96982, 1.66857e-07, 238.221
9971, 0.308468, 0.21881, 0.0618624, 0, 5.29583e-10, 1.94758e-09, 0, 0, 0.280672, 5.14487e-08, 1.09751e-08, 1.17614, 0.969826, 1.66791e-07, 237.825
9972, 0.330679, 0.214578, 0.0604591, 0, 6.11285e-10, 2.29513e-09, 0, 0, 0.275037, 5.51303e-08, 1.29828e-08, 1.10661, 0.969832, 1.66725e-07, 237.03
9973, 0.354191, 0.210158, 0.058995, 0, 6.99934e-10, 2.67231e-09, 0, 0, 0.269153, 5.90281e-08, 1.51479e-08, 1.03792, 0.969838, 1.66659e-07, 236.188
9974, 0.352121, 0.210416, 0.0591022, 0, 6.9356e-10, 2.64674e-09, 0, 0, 0.269518, 5.86622e-08, 1.49921e-08, 1.04378, 0.969844, 1.66593e-07, 236.236
9975, 0.33376, 0.214013, 0.060288, 0, 6.24954e-10, 2.35902e-09, 0, 0, 0.274301, 5.55815e-08, 1.33312e-08, 1.09733, 0.96985, 1.66527e-07, 236.913
9976, 0.313925, 0.218325, 0.0616051, 0, 5.65815e-10, 2.10561e-09, 0, 0, 0.27993, 5.22584e-08, 1.18786e-08, 1.1586, 0.969856, 1.66461e-07, 237.7
9977, 0.281671, 0.224841, 0.0635927, 0, 4.80446e-10, 1.73123e-09, 0, 0, 0.288433, 4.68713e-08, 9.74447e-09, 1.26702, 0.969862, 1.66395e-07, 238.871
9978, 0.267343, 0.227537, 0.0644526, 0, 4.36032e-10, 1.53234e-09, 0, 0, 0.291989, 4.44662e-08, 8.61014e-09, 1.31922, 0.969868, 1.66329e-07, 239.352
9979, 0.291653, 0.222686, 0.0629683, 0, 4.97141e-10, 1.79666e-09, 0, 0, 0.285654, 4.84891e-08, 1.01274e-08, 1.23219, 0.969874, 1.66264e-07, 238.481
9980, 0.306437, 0.219413, 0.0619811, 0, 5.3269e-10, 1.95292e-09, 0, 0, 0.281394, 5.09291e-08, 1.10313e-08, 1.18274, 0.96988, 1.66198e-07, 237.887
9981, 0.3049, 0.219208, 0.0619602, 0, 5.24778e-10, 1.9144e-09, 0, 0, 0.281168, 5.06534e-08, 1.08205e-08, 1.18777, 0.969886, 1.66132e-07, 237.851
9982, 0.318663, 0.216379, 0.0610653, 0, 5.71104e-10, 2.11099e-09, 0, 0, 0.277444, 5.29176e-08, 1.19652e-08, 1.14362, 0.969892, 1.66066e-07, 237.326
9983, 0.339648, 0.212308, 0.0597346, 0, 6.44506e-10, 2.42113e-09, 0, 0, 0.272043, 5.63802e-08, 1.37615e-08, 1.07985, 0.969898, 1.66001e-07, 236.558
9984, 0.359598, 0.208489, 0.0584532, 0, 7.21937e-10, 2.73991e-09, 0, 0, 0.266943, 5.96683e-08, 1.55969e-08, 1.02277, 0.969904, 1.65935e-07, 235.823
9985, 0.372388, 0.206036, 0.0576238, 0, 7.74533e-10, 2.96292e-09, 0, 0, 0.26366, 6.17677e-08, 1.68769e-08, 0.987818, 0.96991, 1.65869e-07, 235.343
9986, 0.360443, 0.208197, 0.0583359, 0, 7.28749e-10, 2.78088e-09, 0, 0, 0.266532, 5.97644e-08, 1.58251e-08, 1.02042, 0.969916, 1.65804e-07, 235.755
9987, 0.344944, 0.211477, 0.059364, 0, 6.6501e-10, 2.51694e-09, 0, 0, 0.270841, 5.71708e-08, 1.4291e-08, 1.06437, 0.969922, 1.65738e-07, 236.369
9988, 0.352101, 0.21102, 0.0590831, 0, 6.88593e-10, 2.61364e-09, 0, 0, 0.270103, 5.83325e-08, 1.48248e-08, 1.04384, 0.969928, 1.65673e-07, 236.26
9989, 0.35837, 0.210168, 0.0587574, 0, 7.14544e-10, 2.71786e-09, 0, 0, 0.268926, 5.93493e-08, 1.54202e-08, 1.02619, 0.969934, 1.65607e-07, 236.086
9990, 0.337449, 0.213562, 0.0599675, 0, 6.42632e-10, 2.4026e-09, 0, 0, 0.27353, 5.58643e-08, 1.36177e-08, 1.08634, 0.96994, 1.65542e-07, 236.739
9991, 0.308489, 0.218569, 0.0617157, 0, 5.37226e-10, 1.95307e-09, 0, 0, 0.280285, 5.10493e-08, 1.10376e-08, 1.17607, 0.969946, 1.65476e-07, 237.686
9992, 0.294497, 0.221275, 0.0626284, 0, 4.82662e-10, 1.73227e-09, 0, 0, 0.283904, 4.8713e-08, 9.77213e-09, 1.22249, 0.969952, 1.6541e-07, 238.185
9993, 0.29895, 0.220859, 0.0624272, 0, 4.94778e-10, 1.79134e-09, 0, 0, 0.283286, 4.94284e-08, 1.01153e-08, 1.20748, 0.969958, 1.65344e-07, 238.095
9994, 0.315685, 0.218546, 0.0615166, 0, 5.50533e-10, 2.03671e-09, 0, 0, 0.280063, 5.21747e-08, 1.15155e-08, 1.15301, 0.969964, 1.65279e-07, 237.643
9995, 0.32479, 0.21878, 0.0612141, 0, 5.80699e-10, 2.18406e-09, 0, 0, 0.279994, 5.36597e-08, 1.23127e-08, 1.12458, 0.96997, 1.65214e-07, 237.629
9996, 0.328142, 0.222052, 0.0615495, 0, 5.91285e-10, 2.25358e-09, 0, 0, 0.283601, 5.41918e-08, 1.26026e-08, 1.11431, 0.969976, 1.65149e-07, 238.127
9997, 0.34031, 0.223301, 0.0613236, 0, 6.3312e-10, 2.45032e-09, 0, 0, 0.284624, 5.61787e-08, 1.36309e-08, 1.0779, 0.969982, 1.65084e-07, 238.264
9998, 0.350201, 0.220266, 0.0605384, 0, 6.69143e-10, 2.59757e-09, 0, 0, 0.280805, 5.77897e-08, 1.45073e-08, 1.04925, 0.969988, 1.65019e-07, 237.729
9999, 0.344377, 0.21676, 0.0601957, 0, 6.4979e-10, 2.48664e-09, 0, 0, 0.276956, 5.68072e-08, 1.40034e-08, 1.06602, 0.969994, 1.64954e-07, 237.186
10000, 0.333254, 0.21539, 0.0603615, 0, 6.09835e-10, 2.29366e-09, 0, 0, 0.275752, 5.49504e-08, 1.30003e-08, 1.09885, 0.97, 1.64889e-07, 237.012
}
