case index 3 = {
los index, 0
num freq, 1001
num column, 15
Waveln,  combin,  path,  path thermal,  surface,  path multiple,  sing,  grnd,  drct,  total,  irrad,  irrad,  - nat log,  direct,  ToA,  bbody
  [nm],  path trans,  emission,   scat,   emission,   scat,  scat,  rflt,  rflt,   rad,   ref,  @obs,  path trans,  emiss,  irrad,  temp[K]
2000, 0.348983, 4.41293e-07, 1.77597e-08, 0, 1.02311e-08, 2.3793e-07, 0, 0, 7.07214e-07, 1.95594e-05, 1.73521e-05, 1.05273, 0.934994, 5.60153e-05, 266.548
2001, 0.276088, 5.21687e-07, 1.86467e-08, 0, 7.7907e-09, 1.82535e-07, 0, 0, 7.30658e-07, 1.54494e-05, 1.32174e-05, 1.28704, 0.935065, 5.59066e-05, 266.762
2002, 0.214291, 5.97412e-07, 1.93513e-08, 0, 5.78106e-09, 1.3636e-07, 0, 0, 7.58904e-07, 1.1972e-05, 9.77503e-06, 1.54042, 0.935132, 5.58199e-05, 267.029
2003, 0.182588, 6.39955e-07, 1.96697e-08, 0, 4.76626e-09, 1.12341e-07, 0, 0, 7.76732e-07, 1.01827e-05, 7.98914e-06, 1.70052, 0.935198, 5.57476e-05, 267.151
2004, 0.17606, 6.49655e-07, 1.98274e-08, 0, 4.54213e-09, 1.06295e-07, 0, 0, 7.80319e-07, 9.8016e-06, 7.53746e-06, 1.73693, 0.935264, 5.56592e-05, 267.088
2005, 0.179535, 6.45738e-07, 2.01595e-08, 0, 4.63881e-09, 1.07798e-07, 0, 0, 7.78335e-07, 9.97853e-06, 7.64757e-06, 1.71738, 0.935331, 5.55687e-05, 266.954
2006, 0.209705, 6.10645e-07, 2.02703e-08, 0, 5.58386e-09, 1.28331e-07, 0, 0, 7.6483e-07, 1.16371e-05, 9.17488e-06, 1.56205, 0.935396, 5.5502e-05, 266.672
2007, 0.278875, 5.28461e-07, 1.97264e-08, 0, 7.7619e-09, 1.76102e-07, 0, 0, 7.32052e-07, 1.54539e-05, 1.27342e-05, 1.27699, 0.935462, 5.54381e-05, 266.131
2008, 0.364282, 4.26882e-07, 1.88083e-08, 0, 1.04952e-08, 2.35805e-07, 0, 0, 6.9199e-07, 2.01608e-05, 1.72046e-05, 1.00983, 0.935528, 5.53627e-05, 265.468
2009, 0.41143, 3.75823e-07, 1.83543e-08, 0, 1.20321e-08, 2.69165e-07, 0, 0, 6.75375e-07, 2.27442e-05, 1.97204e-05, 0.888116, 0.935594, 5.52825e-05, 265.122
2010, 0.380539, 4.15e-07, 1.90016e-08, 0, 1.09926e-08, 2.46344e-07, 0, 0, 6.91338e-07, 2.10114e-05, 1.80144e-05, 0.966165, 0.93566, 5.52015e-05, 265.244
2011, 0.324814, 4.85062e-07, 1.9873e-08, 0, 9.11366e-09, 2.05484e-07, 0, 0, 7.19533e-07, 1.79079e-05, 1.49483e-05, 1.1245, 0.935726, 5.512e-05, 265.529
2012, 0.296039, 5.33595e-07, 2.02586e-08, 0, 8.14272e-09, 1.8489e-07, 0, 0, 7.46886e-07, 1.62952e-05, 1.34113e-05, 1.21726, 0.935792, 5.50335e-05, 265.79
2013, 0.289893, 5.5977e-07, 2.03888e-08, 0, 7.92372e-09, 1.8115e-07, 0, 0, 7.69232e-07, 1.59323e-05, 1.31435e-05, 1.23824, 0.935858, 5.49413e-05, 265.974
2014, 0.298247, 5.64313e-07, 2.04106e-08, 0, 8.15819e-09, 1.87592e-07, 0, 0, 7.80474e-07, 1.6367e-05, 1.36399e-05, 1.20983, 0.935924, 5.48598e-05, 266.01
2015, 0.312045, 5.56968e-07, 2.04669e-08, 0, 8.55582e-09, 1.97739e-07, 0, 0, 7.83729e-07, 1.70997e-05, 1.44165e-05, 1.16461, 0.93599, 5.4792e-05, 265.944
2016, 0.319671, 5.55304e-07, 2.07691e-08, 0, 8.74821e-09, 2.0355e-07, 0, 0, 7.88371e-07, 1.74921e-05, 1.48654e-05, 1.14046, 0.936056, 5.47197e-05, 265.895
2017, 0.332795, 5.46597e-07, 2.09532e-08, 0, 9.1431e-09, 2.13414e-07, 0, 0, 7.90107e-07, 1.81816e-05, 1.56301e-05, 1.10023, 0.936122, 5.46407e-05, 265.81
2018, 0.366608, 5.12438e-07, 2.06545e-08, 0, 1.02328e-08, 2.38068e-07, 0, 0, 7.81393e-07, 1.99984e-05, 1.75274e-05, 1.00346, 0.936188, 5.45614e-05, 265.593
2019, 0.410512, 4.68557e-07, 2.02039e-08, 0, 1.16317e-08, 2.70006e-07, 0, 0, 7.70399e-07, 2.23616e-05, 1.99767e-05, 0.89035, 0.936254, 5.44824e-05, 265.346
2020, 0.452874, 4.29338e-07, 1.97998e-08, 0, 1.29875e-08, 3.00944e-07, 0, 0, 7.6307e-07, 2.46342e-05, 2.23494e-05, 0.792141, 0.93632, 5.4403e-05, 265.144
2021, 0.49744, 3.87725e-07, 1.92137e-08, 0, 1.44934e-08, 3.33542e-07, 0, 0, 7.54974e-07, 2.70196e-05, 2.48647e-05, 0.698281, 0.936386, 5.43251e-05, 264.932
2022, 0.548299, 3.4069e-07, 1.837e-08, 0, 1.62577e-08, 3.70825e-07, 0, 0, 7.46144e-07, 2.97405e-05, 2.77547e-05, 0.600935, 0.936452, 5.42488e-05, 264.71
2023, 0.592896, 3.01776e-07, 1.76677e-08, 0, 1.77551e-08, 4.03272e-07, 0, 0, 7.4047e-07, 3.2115e-05, 3.02668e-05, 0.522737, 0.936518, 5.41722e-05, 264.528
2024, 0.63447, 2.6386e-07, 1.69391e-08, 0, 1.91397e-08, 4.33036e-07, 0, 0, 7.32975e-07, 3.43176e-05, 3.25745e-05, 0.454965, 0.936584, 5.40948e-05, 264.322
2025, 0.680442, 2.20913e-07, 1.5943e-08, 0, 2.07411e-08, 4.65889e-07, 0, 0, 7.23485e-07, 3.67513e-05, 3.51336e-05, 0.385012, 0.936651, 5.40168e-05, 264.087
2026, 0.720645, 1.86243e-07, 1.50352e-08, 0, 2.21691e-08, 4.94458e-07, 0, 0, 7.17905e-07, 3.88676e-05, 3.73644e-05, 0.327609, 0.936716, 5.39383e-05, 263.905
2027, 0.737934, 1.76613e-07, 1.48109e-08, 0, 2.27102e-08, 5.05856e-07, 0, 0, 7.19989e-07, 3.97436e-05, 3.82507e-05, 0.3039, 0.936782, 5.38581e-05, 263.828
2028, 0.738593, 1.84118e-07, 1.50903e-08, 0, 2.25977e-08, 5.04799e-07, 0, 0, 7.26606e-07, 3.97189e-05, 3.81633e-05, 0.303008, 0.936848, 5.37767e-05, 263.812
2029, 0.757424, 1.71289e-07, 1.47278e-08, 0, 2.32326e-08, 5.17411e-07, 0, 0, 7.26659e-07, 4.0669e-05, 3.91608e-05, 0.277833, 0.936914, 5.36973e-05, 263.706
2030, 0.790528, 1.41369e-07, 1.3838e-08, 0, 2.44594e-08, 5.40727e-07, 0, 0, 7.20393e-07, 4.2387e-05, 4.10101e-05, 0.235054, 0.93698, 5.36218e-05, 263.516
2031, 0.811854, 1.22139e-07, 1.32778e-08, 0, 2.52425e-08, 5.55259e-07, 0, 0, 7.15918e-07, 4.34715e-05, 4.2176e-05, 0.208435, 0.937046, 5.35474e-05, 263.349
2032, 0.817555, 1.18582e-07, 1.32031e-08, 0, 2.54218e-08, 5.58156e-07, 0, 0, 7.15363e-07, 4.37162e-05, 4.24296e-05, 0.201437, 0.937112, 5.34718e-05, 263.236
2033, 0.814793, 1.23238e-07, 1.34049e-08, 0, 2.52565e-08, 5.54691e-07, 0, 0, 7.1659e-07, 4.3506e-05, 4.2182e-05, 0.204822, 0.937178, 5.33953e-05, 263.147
2034, 0.822947, 1.15018e-07, 1.32074e-08, 0, 2.55345e-08, 5.59303e-07, 0, 0, 7.13063e-07, 4.38768e-05, 4.25766e-05, 0.194864, 0.937244, 5.33183e-05, 262.994
2035, 0.837649, 9.93738e-08, 1.27713e-08, 0, 2.60826e-08, 5.68814e-07, 0, 0, 7.07042e-07, 4.4597e-05, 4.33612e-05, 0.177156, 0.93731, 5.32418e-05, 262.806
2036, 0.844123, 9.30395e-08, 1.26351e-08, 0, 2.62885e-08, 5.72258e-07, 0, 0, 7.04221e-07, 4.48787e-05, 4.3664e-05, 0.169457, 0.937376, 5.31662e-05, 262.662
2037, 0.841986, 9.66489e-08, 1.28357e-08, 0, 2.61335e-08, 5.69365e-07, 0, 0, 7.04983e-07, 4.47018e-05, 4.34627e-05, 0.171992, 0.937442, 5.30903e-05, 262.567
2038, 0.832538, 1.08239e-07, 1.33211e-08, 0, 2.56787e-08, 5.61073e-07, 0, 0, 7.08312e-07, 4.41374e-05, 4.28325e-05, 0.183277, 0.937508, 5.30141e-05, 262.508
2039, 0.815741, 1.26423e-07, 1.40367e-08, 0, 2.4933e-08, 5.47255e-07, 0, 0, 7.12648e-07, 4.31854e-05, 4.17666e-05, 0.203659, 0.937574, 5.2938e-05, 262.463
2040, 0.798956, 1.42656e-07, 1.46968e-08, 0, 2.41912e-08, 5.33339e-07, 0, 0, 7.14883e-07, 4.22352e-05, 4.06972e-05, 0.22445, 0.93764, 5.2862e-05, 262.389
2041, 0.801137, 1.36852e-07, 1.4626e-08, 0, 2.42204e-08, 5.33429e-07, 0, 0, 7.09127e-07, 4.22878e-05, 4.07442e-05, 0.221723, 0.937706, 5.2786e-05, 262.205
2042, 0.811907, 1.23448e-07, 1.42936e-08, 0, 2.45885e-08, 5.40079e-07, 0, 0, 7.02409e-07, 4.27953e-05, 4.13085e-05, 0.20837, 0.937772, 5.27103e-05, 262.008
2043, 0.811511, 1.26394e-07, 1.45116e-08, 0, 2.44718e-08, 5.38825e-07, 0, 0, 7.04202e-07, 4.27141e-05, 4.12346e-05, 0.208858, 0.937838, 5.26349e-05, 261.928
2044, 0.809042, 1.33589e-07, 1.48667e-08, 0, 2.4262e-08, 5.36266e-07, 0, 0, 7.08983e-07, 4.25227e-05, 4.10548e-05, 0.211905, 0.937904, 5.25595e-05, 261.89
2045, 0.814725, 1.30017e-07, 1.48373e-08, 0, 2.44222e-08, 5.39706e-07, 0, 0, 7.08982e-07, 4.27595e-05, 4.136e-05, 0.204905, 0.93797, 5.24841e-05, 261.786
2046, 0.813602, 1.29091e-07, 1.49176e-08, 0, 2.43689e-08, 5.3791e-07, 0, 0, 7.06287e-07, 4.26406e-05, 4.12597e-05, 0.206284, 0.938036, 5.24085e-05, 261.645
2047, 0.78991, 1.47984e-07, 1.57191e-08, 0, 2.34776e-08, 5.19335e-07, 0, 0, 7.06516e-07, 4.13415e-05, 3.98341e-05, 0.235837, 0.938102, 5.23334e-05, 261.544
2048, 0.748602, 1.8611e-07, 1.71505e-08, 0, 2.19589e-08, 4.88019e-07, 0, 0, 7.13238e-07, 3.9125e-05, 3.73993e-05, 0.289547, 0.938169, 5.22588e-05, 261.532
2049, 0.700481, 2.37669e-07, 1.88983e-08, 0, 2.02379e-08, 4.52378e-07, 0, 0, 7.29182e-07, 3.65581e-05, 3.46216e-05, 0.355989, 0.938235, 5.2184e-05, 261.643
2050, 0.65328, 2.96373e-07, 2.06882e-08, 0, 1.85871e-08, 4.18136e-07, 0, 0, 7.53784e-07, 3.40452e-05, 3.19548e-05, 0.425749, 0.9383, 5.21086e-05, 261.863
2051, 0.614227, 3.50813e-07, 2.21742e-08, 0, 1.72531e-08, 3.89993e-07, 0, 0, 7.80233e-07, 3.19625e-05, 2.977e-05, 0.487391, 0.938366, 5.20324e-05, 262.097
2052, 0.583482, 3.96984e-07, 2.33191e-08, 0, 1.62163e-08, 3.67575e-07, 0, 0, 8.04095e-07, 3.03178e-05, 2.80329e-05, 0.538742, 0.938432, 5.19564e-05, 262.288
2053, 0.557998, 4.37874e-07, 2.43089e-08, 0, 1.53494e-08, 3.48728e-07, 0, 0, 8.2626e-07, 2.8952e-05, 2.6568e-05, 0.5834, 0.938498, 5.18818e-05, 262.451
2054, 0.540055, 4.67551e-07, 2.50518e-08, 0, 1.47337e-08, 3.35004e-07, 0, 0, 8.4234e-07, 2.79803e-05, 2.55025e-05, 0.616085, 0.938564, 5.18078e-05, 262.537
2055, 0.533714, 4.80269e-07, 2.54449e-08, 0, 1.45034e-08, 3.29336e-07, 0, 0, 8.49553e-07, 2.7611e-05, 2.50703e-05, 0.627895, 0.93863, 5.17336e-05, 262.517
2056, 0.535625, 4.80033e-07, 2.56774e-08, 0, 1.45226e-08, 3.29388e-07, 0, 0, 8.49621e-07, 2.76692e-05, 2.50821e-05, 0.624321, 0.938696, 5.16594e-05, 262.414
2057, 0.553213, 4.55976e-07, 2.54087e-08, 0, 1.5035e-08, 3.40173e-07, 0, 0, 8.36593e-07, 2.8535e-05, 2.59359e-05, 0.592013, 0.938762, 5.15859e-05, 262.158
2058, 0.599186, 3.93556e-07, 2.40735e-08, 0, 1.64795e-08, 3.70627e-07, 0, 0, 8.04736e-07, 3.0861e-05, 2.83452e-05, 0.512183, 0.938828, 5.15134e-05, 261.674
2059, 0.663243, 3.11401e-07, 2.20415e-08, 0, 1.85103e-08, 4.13964e-07, 0, 0, 7.65917e-07, 3.41135e-05, 3.17801e-05, 0.410613, 0.938894, 5.14423e-05, 261.088
2060, 0.708173, 2.60582e-07, 2.07489e-08, 0, 1.98996e-08, 4.44557e-07, 0, 0, 7.45788e-07, 3.63778e-05, 3.42132e-05, 0.345068, 0.93896, 5.13709e-05, 260.725
2061, 0.698817, 2.783e-07, 2.13903e-08, 0, 1.95341e-08, 4.37412e-07, 0, 0, 7.56636e-07, 3.58509e-05, 3.3666e-05, 0.358367, 0.939026, 5.12983e-05, 260.763
2062, 0.655156, 3.3936e-07, 2.31822e-08, 0, 1.8091e-08, 4.06536e-07, 0, 0, 7.8717e-07, 3.35639e-05, 3.12505e-05, 0.422882, 0.939092, 5.12248e-05, 261.046
2063, 0.619191, 3.95888e-07, 2.46695e-08, 0, 1.69126e-08, 3.81466e-07, 0, 0, 8.18935e-07, 3.16738e-05, 2.93005e-05, 0.479341, 0.939158, 5.11505e-05, 261.33
2064, 0.603832, 4.27752e-07, 2.53936e-08, 0, 1.63995e-08, 3.70821e-07, 0, 0, 8.40366e-07, 3.08422e-05, 2.84922e-05, 0.504459, 0.939224, 5.10766e-05, 261.48
2065, 0.59895, 4.45269e-07, 2.58095e-08, 0, 1.61956e-08, 3.67383e-07, 0, 0, 8.54657e-07, 3.05493e-05, 2.82473e-05, 0.512577, 0.93929, 5.10044e-05, 261.542
2066, 0.601546, 4.50748e-07, 2.60131e-08, 0, 1.62148e-08, 3.69038e-07, 0, 0, 8.62014e-07, 3.06382e-05, 2.84022e-05, 0.508253, 0.939356, 5.09334e-05, 261.524
2067, 0.614499, 4.38926e-07, 2.58034e-08, 0, 1.65843e-08, 3.77764e-07, 0, 0, 8.59077e-07, 3.12531e-05, 2.91216e-05, 0.486948, 0.939422, 5.08615e-05, 261.388
2068, 0.630342, 4.20525e-07, 2.55098e-08, 0, 1.70365e-08, 3.88327e-07, 0, 0, 8.51398e-07, 3.20123e-05, 2.99856e-05, 0.461493, 0.939488, 5.07879e-05, 261.197
2069, 0.643243, 4.03837e-07, 2.53878e-08, 0, 1.73548e-08, 3.96577e-07, 0, 0, 8.43157e-07, 3.26198e-05, 3.06593e-05, 0.441233, 0.939554, 5.07139e-05, 260.999
2070, 0.657034, 3.83817e-07, 2.51968e-08, 0, 1.76949e-08, 4.05186e-07, 0, 0, 8.31895e-07, 3.32719e-05, 3.13607e-05, 0.42002, 0.93962, 5.06422e-05, 260.765
2071, 0.676742, 3.54225e-07, 2.46453e-08, 0, 1.82621e-08, 4.1775e-07, 0, 0, 8.14882e-07, 3.42223e-05, 3.23853e-05, 0.390466, 0.939686, 5.05721e-05, 260.461
2072, 0.70014, 3.19565e-07, 2.38542e-08, 0, 1.89734e-08, 4.32744e-07, 0, 0, 7.95137e-07, 3.53566e-05, 3.36096e-05, 0.356475, 0.939752, 5.0502e-05, 260.119
2073, 0.719975, 2.89872e-07, 2.31823e-08, 0, 1.95474e-08, 4.44949e-07, 0, 0, 7.77551e-07, 3.63078e-05, 3.46064e-05, 0.328539, 0.939818, 5.04312e-05, 259.8
2074, 0.735923, 2.66635e-07, 2.26624e-08, 0, 1.99768e-08, 4.54317e-07, 0, 0, 7.63592e-07, 3.70599e-05, 3.53732e-05, 0.30663, 0.939883, 5.03602e-05, 259.522
2075, 0.752021, 2.46918e-07, 2.21649e-08, 0, 2.04212e-08, 4.64104e-07, 0, 0, 7.53608e-07, 3.78173e-05, 3.61769e-05, 0.284991, 0.93995, 5.02893e-05, 259.292
2076, 0.767246, 2.3203e-07, 2.17804e-08, 0, 2.08335e-08, 4.73558e-07, 0, 0, 7.48203e-07, 3.85287e-05, 3.69532e-05, 0.264948, 0.940016, 5.02183e-05, 259.121
2077, 0.778155, 2.27171e-07, 2.16904e-08, 0, 2.1103e-08, 4.80222e-07, 0, 0, 7.50187e-07, 3.90214e-05, 3.75021e-05, 0.25083, 0.940082, 5.01472e-05, 259.045
2078, 0.796625, 2.11615e-07, 2.11924e-08, 0, 2.16724e-08, 4.92125e-07, 0, 0, 7.46605e-07, 3.98898e-05, 3.84793e-05, 0.227371, 0.940148, 5.00762e-05, 258.898
2079, 0.826994, 1.74739e-07, 1.99632e-08, 0, 2.26923e-08, 5.12097e-07, 0, 0, 7.29491e-07, 4.13515e-05, 4.01183e-05, 0.189958, 0.940214, 5.0005e-05, 258.572
2080, 0.846807, 1.49559e-07, 1.91692e-08, 0, 2.33389e-08, 5.24711e-07, 0, 0, 7.16778e-07, 4.22834e-05, 4.11668e-05, 0.166282, 0.94028, 4.99337e-05, 258.301
2081, 0.847563, 1.49119e-07, 1.92882e-08, 0, 2.32919e-08, 5.24094e-07, 0, 0, 7.15793e-07, 4.22623e-05, 4.1145e-05, 0.16539, 0.940346, 4.98628e-05, 258.187
2082, 0.839299, 1.59719e-07, 1.98307e-08, 0, 2.29213e-08, 5.17204e-07, 0, 0, 7.19675e-07, 4.17915e-05, 4.06159e-05, 0.175188, 0.940412, 4.97924e-05, 258.138
2083, 0.830442, 1.72171e-07, 2.04166e-08, 0, 2.25451e-08, 5.10013e-07, 0, 0, 7.25147e-07, 4.1292e-05, 4.00618e-05, 0.185797, 0.940478, 4.97221e-05, 258.111
2084, 0.821329, 1.88857e-07, 2.11057e-08, 0, 2.21686e-08, 5.02846e-07, 0, 0, 7.34977e-07, 4.0781e-05, 3.95064e-05, 0.196831, 0.940544, 4.96516e-05, 258.14
2085, 0.818712, 1.97289e-07, 2.15076e-08, 0, 2.20153e-08, 5.00147e-07, 0, 0, 7.40958e-07, 4.05913e-05, 3.93131e-05, 0.200022, 0.94061, 4.95798e-05, 258.117
2086, 0.829269, 1.84018e-07, 2.11835e-08, 0, 2.23237e-08, 5.0636e-07, 0, 0, 7.33885e-07, 4.10544e-05, 3.9847e-05, 0.187211, 0.940676, 4.95081e-05, 257.924
2087, 0.841622, 1.67922e-07, 2.07553e-08, 0, 2.27008e-08, 5.13844e-07, 0, 0, 7.25222e-07, 4.16078e-05, 4.04855e-05, 0.172424, 0.940742, 4.94385e-05, 257.709
2088, 0.847303, 1.62791e-07, 2.06918e-08, 0, 2.284e-08, 5.16808e-07, 0, 0, 7.23131e-07, 4.18319e-05, 4.07546e-05, 0.165697, 0.940808, 4.93708e-05, 257.581
2089, 0.847993, 1.65581e-07, 2.09073e-08, 0, 2.27964e-08, 5.16344e-07, 0, 0, 7.25629e-07, 4.1809e-05, 4.07424e-05, 0.164883, 0.940874, 4.93034e-05, 257.514
2090, 0.849344, 1.67e-07, 2.10744e-08, 0, 2.27784e-08, 5.16303e-07, 0, 0, 7.27156e-07, 4.18175e-05, 4.07653e-05, 0.163291, 0.94094, 4.92353e-05, 257.434
2091, 0.854544, 1.61819e-07, 2.09978e-08, 0, 2.2901e-08, 5.18837e-07, 0, 0, 7.24555e-07, 4.20147e-05, 4.10001e-05, 0.157187, 0.941006, 4.91667e-05, 257.3
2092, 0.857044, 1.62045e-07, 2.1117e-08, 0, 2.29242e-08, 5.19524e-07, 0, 0, 7.25611e-07, 4.2079e-05, 4.10819e-05, 0.154266, 0.941072, 4.90977e-05, 257.214
2093, 0.852708, 1.75015e-07, 2.16869e-08, 0, 2.27026e-08, 5.15605e-07, 0, 0, 7.3501e-07, 4.1807e-05, 4.0784e-05, 0.159338, 0.941138, 4.90281e-05, 257.238
2094, 0.852457, 1.79825e-07, 2.19673e-08, 0, 2.26313e-08, 5.14372e-07, 0, 0, 7.38795e-07, 4.17344e-05, 4.07078e-05, 0.159632, 0.941204, 4.89583e-05, 257.187
2095, 0.86361, 1.625e-07, 2.14848e-08, 0, 2.29686e-08, 5.20703e-07, 0, 0, 7.27656e-07, 4.22204e-05, 4.12555e-05, 0.146633, 0.94127, 4.88894e-05, 256.941
2096, 0.872733, 1.48529e-07, 2.11299e-08, 0, 2.32322e-08, 5.25696e-07, 0, 0, 7.18588e-07, 4.26077e-05, 4.16934e-05, 0.136126, 0.941336, 4.88213e-05, 256.721
2097, 0.869767, 1.57468e-07, 2.15814e-08, 0, 2.30626e-08, 5.22689e-07, 0, 0, 7.24801e-07, 4.24049e-05, 4.1472e-05, 0.139529, 0.941402, 4.87534e-05, 256.704
2098, 0.855617, 1.8812e-07, 2.27833e-08, 0, 2.24942e-08, 5.12272e-07, 0, 0, 7.45669e-07, 4.16552e-05, 4.06385e-05, 0.155932, 0.941468, 4.86832e-05, 256.878
2099, 0.847523, 2.06469e-07, 2.35443e-08, 0, 2.214e-08, 5.05811e-07, 0, 0, 7.57964e-07, 4.11975e-05, 4.01322e-05, 0.165437, 0.941534, 4.86097e-05, 256.936
2100, 0.85123, 2.01505e-07, 2.35048e-08, 0, 2.22074e-08, 5.07165e-07, 0, 0, 7.54383e-07, 4.13151e-05, 4.02717e-05, 0.161073, 0.9416, 4.85365e-05, 256.79
2101, 0.849538, 2.08191e-07, 2.38497e-08, 0, 2.20919e-08, 5.04898e-07, 0, 0, 7.5903e-07, 4.1159e-05, 4.01131e-05, 0.163063, 0.941666, 4.84496e-05, 256.75
2102, 0.852529, 2.0475e-07, 2.38413e-08, 0, 2.21206e-08, 5.05252e-07, 0, 0, 7.55963e-07, 4.11932e-05, 4.01735e-05, 0.159548, 0.941732, 4.83232e-05, 256.612
2103, 0.868546, 1.73303e-07, 2.29113e-08, 0, 2.26002e-08, 5.14317e-07, 0, 0, 7.33132e-07, 4.18789e-05, 4.0953e-05, 0.140935, 0.941798, 4.82212e-05, 256.218
2104, 0.878529, 1.54003e-07, 2.24229e-08, 0, 2.29025e-08, 5.20337e-07, 0, 0, 7.19665e-07, 4.23499e-05, 4.14774e-05, 0.129507, 0.941864, 4.82065e-05, 255.942
2105, 0.879186, 1.5396e-07, 2.25983e-08, 0, 2.28803e-08, 5.20264e-07, 0, 0, 7.19703e-07, 4.23714e-05, 4.14978e-05, 0.128759, 0.941931, 4.8194e-05, 255.843
2106, 0.879105, 1.54813e-07, 2.2778e-08, 0, 2.28228e-08, 5.19286e-07, 0, 0, 7.197e-07, 4.23214e-05, 4.14457e-05, 0.128851, 0.941996, 4.81415e-05, 255.744
2107, 0.879779, 1.53172e-07, 2.28475e-08, 0, 2.27932e-08, 5.18661e-07, 0, 0, 7.17474e-07, 4.22955e-05, 4.14245e-05, 0.128085, 0.942062, 4.80752e-05, 255.616
2108, 0.879042, 1.544e-07, 2.30254e-08, 0, 2.27119e-08, 5.17105e-07, 0, 0, 7.17243e-07, 4.22014e-05, 4.13259e-05, 0.128923, 0.942128, 4.80082e-05, 255.515
2109, 0.875539, 1.62506e-07, 2.34744e-08, 0, 2.25249e-08, 5.1376e-07, 0, 0, 7.22265e-07, 4.19747e-05, 4.10767e-05, 0.132916, 0.942194, 4.79412e-05, 255.483
2110, 0.871203, 1.73879e-07, 2.40543e-08, 0, 2.23064e-08, 5.0991e-07, 0, 0, 7.30149e-07, 4.17085e-05, 4.07842e-05, 0.13788, 0.94226, 4.78743e-05, 255.488
2111, 0.866826, 1.86909e-07, 2.46813e-08, 0, 2.20913e-08, 5.06094e-07, 0, 0, 7.39775e-07, 4.14415e-05, 4.04934e-05, 0.142917, 0.942326, 4.78079e-05, 255.515
2112, 0.865661, 1.93644e-07, 2.5078e-08, 0, 2.19867e-08, 5.04355e-07, 0, 0, 7.45063e-07, 4.13271e-05, 4.03747e-05, 0.144261, 0.942392, 4.77409e-05, 255.485
2113, 0.873769, 1.79532e-07, 2.47409e-08, 0, 2.22059e-08, 5.08566e-07, 0, 0, 7.35044e-07, 4.16536e-05, 4.07524e-05, 0.134939, 0.942458, 4.76721e-05, 255.257
2114, 0.881817, 1.64464e-07, 2.43704e-08, 0, 2.24226e-08, 5.12672e-07, 0, 0, 7.23929e-07, 4.19733e-05, 4.11229e-05, 0.12577, 0.942524, 4.75987e-05, 255.014
2115, 0.88236, 1.64938e-07, 2.4554e-08, 0, 2.23665e-08, 5.11792e-07, 0, 0, 7.2365e-07, 4.19246e-05, 4.10784e-05, 0.125155, 0.94259, 4.7513e-05, 254.912
2116, 0.879557, 1.72543e-07, 2.49859e-08, 0, 2.21943e-08, 5.08689e-07, 0, 0, 7.28412e-07, 4.17113e-05, 4.08491e-05, 0.128336, 0.942656, 4.7421e-05, 254.877
2117, 0.873458, 1.88852e-07, 2.56871e-08, 0, 2.19306e-08, 5.03641e-07, 0, 0, 7.40111e-07, 4.13516e-05, 4.04565e-05, 0.135296, 0.942722, 4.73404e-05, 254.931
2118, 0.860802, 2.21652e-07, 2.69598e-08, 0, 2.14451e-08, 4.94377e-07, 0, 0, 7.64434e-07, 4.06747e-05, 3.97108e-05, 0.149891, 0.942788, 4.72505e-05, 255.143
2119, 0.855187, 2.37156e-07, 2.77198e-08, 0, 2.1164e-08, 4.89284e-07, 0, 0, 7.75324e-07, 4.03094e-05, 3.93137e-05, 0.156436, 0.942854, 4.71335e-05, 255.181
2120, 0.863786, 2.18163e-07, 2.73453e-08, 0, 2.13628e-08, 4.93462e-07, 0, 0, 7.60333e-07, 4.064e-05, 3.96904e-05, 0.146431, 0.94292, 4.70456e-05, 254.896
2121, 0.875869, 1.91328e-07, 2.66489e-08, 0, 2.17249e-08, 5.00434e-07, 0, 0, 7.40135e-07, 4.118e-05, 4.03007e-05, 0.132539, 0.942986, 4.70146e-05, 254.541
2122, 0.883426, 1.75779e-07, 2.62832e-08, 0, 2.19516e-08, 5.04672e-07, 0, 0, 7.28687e-07, 4.15143e-05, 4.06828e-05, 0.123948, 0.943052, 4.69924e-05, 254.295
2123, 0.881621, 1.8308e-07, 2.67029e-08, 0, 2.18575e-08, 5.03088e-07, 0, 0, 7.34728e-07, 4.14159e-05, 4.0575e-05, 0.125993, 0.943118, 4.69768e-05, 254.276
2124, 0.872861, 2.07353e-07, 2.77474e-08, 0, 2.15063e-08, 4.96805e-07, 0, 0, 7.53412e-07, 4.09666e-05, 4.0073e-05, 0.135979, 0.943184, 4.69336e-05, 254.418
2125, 0.871768, 2.12554e-07, 2.815e-08, 0, 2.13881e-08, 4.94656e-07, 0, 0, 7.56749e-07, 4.08197e-05, 3.99212e-05, 0.137232, 0.94325, 4.68259e-05, 254.363
2126, 0.875818, 2.05634e-07, 2.80968e-08, 0, 2.14356e-08, 4.9527e-07, 0, 0, 7.50437e-07, 4.08717e-05, 4.00041e-05, 0.132596, 0.943316, 4.66697e-05, 254.186
2127, 0.868311, 2.28508e-07, 2.89797e-08, 0, 2.11439e-08, 4.89591e-07, 0, 0, 7.68223e-07, 4.04579e-05, 3.95552e-05, 0.141205, 0.943381, 4.65974e-05, 254.313
2128, 0.864529, 2.40795e-07, 2.94942e-08, 0, 2.10049e-08, 4.87178e-07, 0, 0, 7.78472e-07, 4.02992e-05, 3.93774e-05, 0.145571, 0.943448, 4.66171e-05, 254.343
2129, 0.877605, 2.08452e-07, 2.85821e-08, 0, 2.13819e-08, 4.94629e-07, 0, 0, 7.53045e-07, 4.08796e-05, 4.00303e-05, 0.130558, 0.943514, 4.65828e-05, 253.928
2130, 0.888903, 1.80651e-07, 2.7856e-08, 0, 2.16834e-08, 5.00492e-07, 0, 0, 7.30682e-07, 4.13371e-05, 4.05511e-05, 0.117767, 0.94358, 4.6504e-05, 253.544
2131, 0.892006, 1.74323e-07, 2.78197e-08, 0, 2.17356e-08, 5.01627e-07, 0, 0, 7.25506e-07, 4.14409e-05, 4.06734e-05, 0.114282, 0.943645, 4.6458e-05, 253.38
2132, 0.892496, 1.74902e-07, 2.80038e-08, 0, 2.17063e-08, 5.01254e-07, 0, 0, 7.25867e-07, 4.14319e-05, 4.06686e-05, 0.113734, 0.943712, 4.64225e-05, 253.288
2133, 0.892555, 1.7671e-07, 2.82792e-08, 0, 2.16526e-08, 5.00378e-07, 0, 0, 7.27019e-07, 4.13838e-05, 4.06219e-05, 0.113667, 0.943778, 4.63655e-05, 253.207
2134, 0.891499, 1.81637e-07, 2.87121e-08, 0, 2.15575e-08, 4.98703e-07, 0, 0, 7.3061e-07, 4.12764e-05, 4.05075e-05, 0.114851, 0.943844, 4.62998e-05, 253.157
2135, 0.887754, 1.9386e-07, 2.93736e-08, 0, 2.13657e-08, 4.95267e-07, 0, 0, 7.39866e-07, 4.10369e-05, 4.02437e-05, 0.119061, 0.94391, 4.62253e-05, 253.181
2136, 0.885097, 2.02692e-07, 2.98103e-08, 0, 2.1198e-08, 4.92204e-07, 0, 0, 7.45905e-07, 4.08222e-05, 4.00132e-05, 0.122058, 0.943976, 4.61222e-05, 253.162
2137, 0.887685, 1.96926e-07, 2.96876e-08, 0, 2.12135e-08, 4.92466e-07, 0, 0, 7.40294e-07, 4.08553e-05, 4.0065e-05, 0.119139, 0.944042, 4.60255e-05, 252.994
2138, 0.89066, 1.90763e-07, 2.96571e-08, 0, 2.12703e-08, 4.9364e-07, 0, 0, 7.35331e-07, 4.09615e-05, 4.01912e-05, 0.115792, 0.944108, 4.59904e-05, 252.834
2139, 0.89147, 1.90953e-07, 2.98947e-08, 0, 2.12585e-08, 4.93608e-07, 0, 0, 7.35714e-07, 4.09787e-05, 4.02142e-05, 0.114883, 0.944174, 4.59677e-05, 252.743
2140, 0.89211, 1.91095e-07, 3.00606e-08, 0, 2.12296e-08, 4.93167e-07, 0, 0, 7.35552e-07, 4.0963e-05, 4.0204e-05, 0.114166, 0.94424, 4.59171e-05, 252.645
2141, 0.892733, 1.90392e-07, 3.00608e-08, 0, 2.11964e-08, 4.92588e-07, 0, 0, 7.34238e-07, 4.0936e-05, 4.01832e-05, 0.113467, 0.944306, 4.58547e-05, 252.532
2142, 0.892367, 1.91624e-07, 2.99854e-08, 0, 2.11307e-08, 4.91388e-07, 0, 0, 7.34128e-07, 4.08627e-05, 4.01099e-05, 0.113878, 0.944372, 4.57914e-05, 252.435
2143, 0.89175, 1.94138e-07, 3.00084e-08, 0, 2.1055e-08, 4.90032e-07, 0, 0, 7.35233e-07, 4.0778e-05, 4.00228e-05, 0.114569, 0.944438, 4.5728e-05, 252.353
2144, 0.891704, 1.9692e-07, 3.0237e-08, 0, 2.0994e-08, 4.89025e-07, 0, 0, 7.37176e-07, 4.07186e-05, 3.9964e-05, 0.114621, 0.944504, 4.56638e-05, 252.283
2145, 0.891712, 1.99707e-07, 3.05817e-08, 0, 2.09337e-08, 4.88048e-07, 0, 0, 7.3927e-07, 4.06612e-05, 3.99078e-05, 0.114612, 0.94457, 4.5599e-05, 252.214
2146, 0.891, 2.02857e-07, 3.09368e-08, 0, 2.08527e-08, 4.86608e-07, 0, 0, 7.41254e-07, 4.05708e-05, 3.98132e-05, 0.115411, 0.944636, 4.55339e-05, 252.144
2147, 0.889021, 2.08557e-07, 3.13469e-08, 0, 2.07321e-08, 4.84376e-07, 0, 0, 7.45012e-07, 4.04227e-05, 3.96512e-05, 0.117635, 0.944702, 4.54686e-05, 252.097
2148, 0.88608, 2.17185e-07, 3.18593e-08, 0, 2.05808e-08, 4.81572e-07, 0, 0, 7.51197e-07, 4.02314e-05, 3.94403e-05, 0.120948, 0.944768, 4.54035e-05, 252.08
2149, 0.881881, 2.30616e-07, 3.25505e-08, 0, 2.03892e-08, 4.78029e-07, 0, 0, 7.61585e-07, 3.99823e-05, 3.91661e-05, 0.125698, 0.944834, 4.5337e-05, 252.115
2150, 0.873166, 2.60348e-07, 3.38114e-08, 0, 2.00491e-08, 4.71695e-07, 0, 0, 7.85904e-07, 3.95175e-05, 3.86526e-05, 0.13563, 0.9449, 4.52568e-05, 252.318
2151, 0.859746, 3.05859e-07, 3.56244e-08, 0, 1.95464e-08, 4.62225e-07, 0, 0, 8.23255e-07, 3.88111e-05, 3.78714e-05, 0.151119, 0.944966, 4.51429e-05, 252.666
2152, 0.85326, 3.29343e-07, 3.66836e-08, 0, 1.92608e-08, 4.56944e-07, 0, 0, 8.42231e-07, 3.84241e-05, 3.74468e-05, 0.158691, 0.945032, 4.50353e-05, 252.788
2153, 0.858774, 3.15589e-07, 3.64335e-08, 0, 1.93832e-08, 4.5955e-07, 0, 0, 8.30956e-07, 3.86401e-05, 3.76932e-05, 0.15225, 0.945098, 4.4997e-05, 252.564
2154, 0.867793, 2.88941e-07, 3.56964e-08, 0, 1.963e-08, 4.64373e-07, 0, 0, 8.0864e-07, 3.90254e-05, 3.81311e-05, 0.141802, 0.945164, 4.4972e-05, 252.209
2155, 0.876052, 2.62526e-07, 3.49515e-08, 0, 1.98453e-08, 4.68371e-07, 0, 0, 7.85693e-07, 3.93459e-05, 3.8502e-05, 0.13233, 0.94523, 4.49135e-05, 251.841
2156, 0.882663, 2.43642e-07, 3.44931e-08, 0, 1.99997e-08, 4.71233e-07, 0, 0, 7.69368e-07, 3.95758e-05, 3.87747e-05, 0.124812, 0.945296, 4.48373e-05, 251.547
2157, 0.885004, 2.40705e-07, 3.46247e-08, 0, 2.00117e-08, 4.71493e-07, 0, 0, 7.66834e-07, 3.96062e-05, 3.88226e-05, 0.122163, 0.945362, 4.47524e-05, 251.421
2158, 0.88098, 2.58762e-07, 3.55148e-08, 0, 1.98173e-08, 4.67891e-07, 0, 0, 7.81985e-07, 3.93439e-05, 3.85392e-05, 0.12672, 0.945428, 4.46584e-05, 251.512
2159, 0.874334, 2.82914e-07, 3.66071e-08, 0, 1.95363e-08, 4.62591e-07, 0, 0, 8.01648e-07, 3.89542e-05, 3.81117e-05, 0.134293, 0.945494, 4.45523e-05, 251.653
2160, 0.871806, 2.87098e-07, 3.6961e-08, 0, 1.93813e-08, 4.5944e-07, 0, 0, 8.0288e-07, 3.87319e-05, 3.7873e-05, 0.137188, 0.94556, 4.44271e-05, 251.573
2161, 0.871283, 2.85203e-07, 3.70442e-08, 0, 1.92832e-08, 4.57153e-07, 0, 0, 7.98684e-07, 3.85702e-05, 3.77101e-05, 0.137789, 0.945626, 4.42672e-05, 251.429
2162, 0.862549, 3.24973e-07, 3.84335e-08, 0, 1.89236e-08, 4.49677e-07, 0, 0, 8.32007e-07, 3.79903e-05, 3.70991e-05, 0.147864, 0.945692, 4.40383e-05, 251.723
2163, 0.845797, 3.99403e-07, 4.094e-08, 0, 1.82653e-08, 4.35985e-07, 0, 0, 8.94593e-07, 3.69132e-05, 3.59579e-05, 0.167476, 0.945758, 4.3644e-05, 252.321
2164, 0.849642, 3.91243e-07, 4.08915e-08, 0, 1.7988e-08, 4.29274e-07, 0, 0, 8.79397e-07, 3.63488e-05, 3.54309e-05, 0.16294, 0.945824, 4.28163e-05, 252.063
2165, 0.871013, 3.10753e-07, 3.86185e-08, 0, 1.79124e-08, 4.25699e-07, 0, 0, 7.92983e-07, 3.59854e-05, 3.51943e-05, 0.138098, 0.94589, 4.13502e-05, 250.984
2166, 0.87875, 2.76955e-07, 3.78465e-08, 0, 1.76225e-08, 4.18405e-07, 0, 0, 7.50829e-07, 3.5368e-05, 3.46279e-05, 0.129255, 0.945956, 4.02606e-05, 250.374
2167, 0.873465, 2.95563e-07, 3.8722e-08, 0, 1.77356e-08, 4.21955e-07, 0, 0, 7.73976e-07, 3.5716e-05, 3.49352e-05, 0.135287, 0.946022, 4.0906e-05, 250.567
2168, 0.865093, 3.36452e-07, 4.0281e-08, 0, 1.80892e-08, 4.31597e-07, 0, 0, 8.26419e-07, 3.6581e-05, 3.57377e-05, 0.144918, 0.946088, 4.2299e-05, 251.094
2169, 0.865463, 3.44644e-07, 4.07647e-08, 0, 1.84377e-08, 4.40221e-07, 0, 0, 8.44067e-07, 3.7323e-05, 3.64724e-05, 0.144491, 0.946154, 4.31255e-05, 251.201
2170, 0.877808, 3.00271e-07, 3.95295e-08, 0, 1.89069e-08, 4.50325e-07, 0, 0, 8.09032e-07, 3.81471e-05, 3.73549e-05, 0.130327, 0.94622, 4.34545e-05, 250.705
2171, 0.884884, 2.70793e-07, 3.88189e-08, 0, 1.91489e-08, 4.55494e-07, 0, 0, 7.84254e-07, 3.8582e-05, 3.78208e-05, 0.122299, 0.946286, 4.36005e-05, 250.317
2172, 0.880334, 2.81711e-07, 3.95108e-08, 0, 1.90198e-08, 4.53152e-07, 0, 0, 7.93394e-07, 3.84367e-05, 3.76435e-05, 0.127454, 0.946352, 4.36617e-05, 250.333
2173, 0.872075, 3.15955e-07, 4.09574e-08, 0, 1.87535e-08, 4.48278e-07, 0, 0, 8.23945e-07, 3.80856e-05, 3.72446e-05, 0.13688, 0.946418, 4.36726e-05, 250.597
2174, 0.866509, 3.5247e-07, 4.23755e-08, 0, 1.85524e-08, 4.44865e-07, 0, 0, 8.58263e-07, 3.78339e-05, 3.69664e-05, 0.143283, 0.946484, 4.36626e-05, 250.891
2175, 0.865693, 3.66839e-07, 4.30607e-08, 0, 1.84892e-08, 4.44001e-07, 0, 0, 8.7239e-07, 3.77806e-05, 3.69111e-05, 0.144225, 0.94655, 4.36422e-05, 250.953
2176, 0.868891, 3.58161e-07, 4.30798e-08, 0, 1.85434e-08, 4.45223e-07, 0, 0, 8.65008e-07, 3.78929e-05, 3.70408e-05, 0.140537, 0.946616, 4.36108e-05, 250.779
2177, 0.873821, 3.3433e-07, 4.25663e-08, 0, 1.86554e-08, 4.47282e-07, 0, 0, 8.42834e-07, 3.80738e-05, 3.72478e-05, 0.13488, 0.946682, 4.35718e-05, 250.439
2178, 0.873048, 3.28471e-07, 4.26505e-08, 0, 1.86035e-08, 4.46002e-07, 0, 0, 8.35727e-07, 3.80023e-05, 3.71677e-05, 0.135765, 0.946748, 4.3528e-05, 250.265
2179, 0.870185, 3.43717e-07, 4.35345e-08, 0, 1.84753e-08, 4.4361e-07, 0, 0, 8.49337e-07, 3.78358e-05, 3.69844e-05, 0.139049, 0.946814, 4.34804e-05, 250.325
2180, 0.877756, 3.28151e-07, 4.34127e-08, 0, 1.86389e-08, 4.47221e-07, 0, 0, 8.37423e-07, 3.81206e-05, 3.73168e-05, 0.130387, 0.94688, 4.34303e-05, 250.098
2181, 0.885025, 3.10338e-07, 4.31664e-08, 0, 1.88028e-08, 4.50637e-07, 0, 0, 8.22944e-07, 3.83916e-05, 3.76349e-05, 0.12214, 0.946946, 4.33791e-05, 249.84
2182, 0.873496, 3.6684e-07, 4.51666e-08, 0, 1.84489e-08, 4.43491e-07, 0, 0, 8.73946e-07, 3.78475e-05, 3.70394e-05, 0.135252, 0.947013, 4.33273e-05, 250.317
2183, 0.845333, 4.92119e-07, 4.91356e-08, 0, 1.76448e-08, 4.27073e-07, 0, 0, 9.85972e-07, 3.65836e-05, 3.56416e-05, 0.168025, 0.947078, 4.32752e-05, 251.376
2184, 0.825823, 5.81597e-07, 5.19724e-08, 0, 1.70771e-08, 4.15484e-07, 0, 0, 1.06613e-06, 3.56945e-05, 3.46614e-05, 0.191375, 0.947144, 4.32225e-05, 252.034
2185, 0.832097, 5.63141e-07, 5.17081e-08, 0, 1.71972e-08, 4.18209e-07, 0, 0, 1.05026e-06, 3.59192e-05, 3.4919e-05, 0.183807, 0.94721, 4.31686e-05, 251.796
2186, 0.855781, 4.63161e-07, 4.92483e-08, 0, 1.77702e-08, 4.3046e-07, 0, 0, 9.60639e-07, 3.68945e-05, 3.60023e-05, 0.155741, 0.947276, 4.31137e-05, 250.847
2187, 0.867061, 4.1347e-07, 4.83954e-08, 0, 1.8001e-08, 4.35771e-07, 0, 0, 9.15638e-07, 3.73339e-05, 3.64839e-05, 0.142646, 0.947342, 4.30581e-05, 250.297
2188, 0.867973, 4.08611e-07, 4.86186e-08, 0, 1.79705e-08, 4.35381e-07, 0, 0, 9.10581e-07, 3.73241e-05, 3.64746e-05, 0.141595, 0.947408, 4.30017e-05, 250.151
2189, 0.873145, 3.83769e-07, 4.79361e-08, 0, 1.80789e-08, 4.37384e-07, 0, 0, 8.87168e-07, 3.74957e-05, 3.66775e-05, 0.135654, 0.947474, 4.29438e-05, 249.811
2190, 0.876559, 3.71483e-07, 4.77155e-08, 0, 1.81337e-08, 4.38404e-07, 0, 0, 8.75737e-07, 3.75884e-05, 3.67923e-05, 0.131751, 0.94754, 4.28821e-05, 249.596
2191, 0.881543, 3.55916e-07, 4.74318e-08, 0, 1.82214e-08, 4.40295e-07, 0, 0, 8.61864e-07, 3.77471e-05, 3.69808e-05, 0.126081, 0.947606, 4.28201e-05, 249.352
2192, 0.888949, 3.26742e-07, 4.66627e-08, 0, 1.83797e-08, 4.43596e-07, 0, 0, 8.35381e-07, 3.80164e-05, 3.72934e-05, 0.117716, 0.947673, 4.27659e-05, 248.965
2193, 0.887298, 3.37349e-07, 4.72629e-08, 0, 1.82852e-08, 4.41784e-07, 0, 0, 8.44682e-07, 3.78889e-05, 3.71598e-05, 0.119574, 0.947738, 4.27003e-05, 248.978
2194, 0.873456, 4.03401e-07, 4.96846e-08, 0, 1.78366e-08, 4.32832e-07, 0, 0, 9.03755e-07, 3.7205e-05, 3.64026e-05, 0.135298, 0.947804, 4.25934e-05, 249.526
2195, 0.863687, 4.49421e-07, 5.1337e-08, 0, 1.74988e-08, 4.26173e-07, 0, 0, 9.4443e-07, 3.66998e-05, 3.58462e-05, 0.146544, 0.94787, 4.24928e-05, 249.852
2196, 0.866593, 4.39996e-07, 5.11129e-08, 0, 1.75425e-08, 4.27327e-07, 0, 0, 9.35978e-07, 3.68054e-05, 3.59698e-05, 0.143186, 0.947935, 4.24722e-05, 249.675
2197, 0.859569, 4.78719e-07, 5.23869e-08, 0, 1.73481e-08, 4.23326e-07, 0, 0, 9.7178e-07, 3.65089e-05, 3.56427e-05, 0.151324, 0.948002, 4.24724e-05, 249.94
2198, 0.835049, 5.80246e-07, 5.57852e-08, 0, 1.66864e-08, 4.0925e-07, 0, 0, 1.06197e-06, 3.54382e-05, 3.44428e-05, 0.180265, 0.948068, 4.24362e-05, 250.697
2199, 0.814068, 6.20733e-07, 5.77909e-08, 0, 1.61004e-08, 3.96505e-07, 0, 0, 1.09113e-06, 3.45027e-05, 3.33717e-05, 0.205711, 0.948134, 4.23817e-05, 250.866
2200, 0.810188, 5.78877e-07, 5.7314e-08, 0, 1.59591e-08, 3.93053e-07, 0, 0, 1.0452e-06, 3.42895e-05, 3.31139e-05, 0.210489, 0.9482, 4.23235e-05, 250.361
2201, 0.825059, 5.12534e-07, 5.54672e-08, 0, 1.62966e-08, 4.00261e-07, 0, 0, 9.8456e-07, 3.48674e-05, 3.37673e-05, 0.1923, 0.948265, 4.22621e-05, 249.697
2202, 0.842516, 4.67052e-07, 5.39905e-08, 0, 1.66913e-08, 4.0905e-07, 0, 0, 9.46783e-07, 3.55515e-05, 3.45464e-05, 0.171363, 0.948332, 4.21979e-05, 249.233
2203, 0.8492, 4.74559e-07, 5.42478e-08, 0, 1.68103e-08, 4.12027e-07, 0, 0, 9.57644e-07, 3.57757e-05, 3.48177e-05, 0.163461, 0.948398, 4.21289e-05, 249.25
2204, 0.844671, 5.33916e-07, 5.61469e-08, 0, 1.66344e-08, 4.08653e-07, 0, 0, 1.01535e-06, 3.54938e-05, 3.4537e-05, 0.168808, 0.948464, 4.20228e-05, 249.716
2205, 0.844108, 5.57871e-07, 5.70591e-08, 0, 1.65097e-08, 4.05964e-07, 0, 0, 1.0374e-06, 3.52656e-05, 3.43267e-05, 0.169474, 0.94853, 4.17915e-05, 249.83
2206, 0.859066, 5.00888e-07, 5.57915e-08, 0, 1.67494e-08, 4.11076e-07, 0, 0, 9.84505e-07, 3.56555e-05, 3.48004e-05, 0.15191, 0.948597, 4.15229e-05, 249.239
2207, 0.873319, 4.474e-07, 5.47348e-08, 0, 1.70642e-08, 4.18176e-07, 0, 0, 9.37375e-07, 3.62232e-05, 3.54404e-05, 0.135454, 0.948662, 4.14874e-05, 248.681
2208, 0.882969, 4.07433e-07, 5.38324e-08, 0, 1.729e-08, 4.23049e-07, 0, 0, 9.01605e-07, 3.6621e-05, 3.58889e-05, 0.124466, 0.948728, 4.14801e-05, 248.222
2209, 0.888687, 3.80562e-07, 5.31524e-08, 0, 1.73881e-08, 4.24973e-07, 0, 0, 8.76075e-07, 3.67831e-05, 3.60839e-05, 0.11801, 0.948794, 4.13934e-05, 247.859
2210, 0.888441, 3.80231e-07, 5.32552e-08, 0, 1.73952e-08, 4.2536e-07, 0, 0, 8.76241e-07, 3.68404e-05, 3.61393e-05, 0.118287, 0.94886, 4.1468e-05, 247.77
2211, 0.887908, 3.80092e-07, 5.33084e-08, 0, 1.74024e-08, 4.25753e-07, 0, 0, 8.76556e-07, 3.69006e-05, 3.61949e-05, 0.118887, 0.948926, 4.15596e-05, 247.683
2212, 0.890428, 3.71522e-07, 5.31239e-08, 0, 1.7442e-08, 4.26693e-07, 0, 0, 8.68781e-07, 3.6991e-05, 3.62996e-05, 0.116053, 0.948992, 4.15432e-05, 247.508
2213, 0.89086, 3.78733e-07, 5.36308e-08, 0, 1.74041e-08, 4.26114e-07, 0, 0, 8.75882e-07, 3.69568e-05, 3.62696e-05, 0.115568, 0.949058, 4.14842e-05, 247.494
2214, 0.884067, 4.22677e-07, 5.55091e-08, 0, 1.71753e-08, 4.2164e-07, 0, 0, 9.17001e-07, 3.66181e-05, 3.58956e-05, 0.123222, 0.949124, 4.1419e-05, 247.837
2215, 0.871147, 4.92982e-07, 5.82348e-08, 0, 1.67971e-08, 4.13861e-07, 0, 0, 9.81874e-07, 3.60218e-05, 3.52329e-05, 0.137944, 0.94919, 4.13482e-05, 248.394
2216, 0.863249, 5.24023e-07, 5.95762e-08, 0, 1.6555e-08, 4.08594e-07, 0, 0, 1.00875e-06, 3.56269e-05, 3.47978e-05, 0.147052, 0.949256, 4.12696e-05, 248.56
2217, 0.871302, 4.75657e-07, 5.82955e-08, 0, 1.6712e-08, 4.11816e-07, 0, 0, 9.62481e-07, 3.58976e-05, 3.51094e-05, 0.137766, 0.949322, 4.11997e-05, 248.023
2218, 0.883813, 4.20756e-07, 5.68016e-08, 0, 1.69775e-08, 4.17659e-07, 0, 0, 9.12194e-07, 3.63673e-05, 3.56452e-05, 0.12351, 0.949388, 4.11481e-05, 247.425
2219, 0.888156, 4.07028e-07, 5.6746e-08, 0, 1.70388e-08, 4.19199e-07, 0, 0, 9.00012e-07, 3.64998e-05, 3.58018e-05, 0.118608, 0.949454, 4.10961e-05, 247.208
2220, 0.885118, 4.1695e-07, 5.75096e-08, 0, 1.69195e-08, 4.16696e-07, 0, 0, 9.08075e-07, 3.63221e-05, 3.56063e-05, 0.122034, 0.94952, 4.1036e-05, 247.202
2221, 0.878276, 4.36065e-07, 5.85254e-08, 0, 1.67087e-08, 4.12107e-07, 0, 0, 9.23405e-07, 3.59859e-05, 3.52298e-05, 0.129794, 0.949586, 4.09728e-05, 247.27
2222, 0.877155, 4.43935e-07, 5.91479e-08, 0, 1.66322e-08, 4.10608e-07, 0, 0, 9.30323e-07, 3.58836e-05, 3.51208e-05, 0.131071, 0.949652, 4.09093e-05, 247.251
2223, 0.882663, 4.37889e-07, 5.92668e-08, 0, 1.67143e-08, 4.12702e-07, 0, 0, 9.26572e-07, 3.60526e-05, 3.53231e-05, 0.124811, 0.949717, 4.08456e-05, 247.122
2224, 0.883732, 4.49594e-07, 5.98773e-08, 0, 1.66911e-08, 4.12472e-07, 0, 0, 9.38634e-07, 3.60402e-05, 3.53217e-05, 0.123602, 0.949784, 4.07816e-05, 247.155
2225, 0.878339, 4.83218e-07, 6.12225e-08, 0, 1.65109e-08, 4.08821e-07, 0, 0, 9.69773e-07, 3.57646e-05, 3.50208e-05, 0.129723, 0.94985, 4.07179e-05, 247.373
2226, 0.872944, 4.98802e-07, 6.21517e-08, 0, 1.63342e-08, 4.05044e-07, 0, 0, 9.82331e-07, 3.54891e-05, 3.47137e-05, 0.135883, 0.949916, 4.06542e-05, 247.405
2227, 0.873042, 4.85295e-07, 6.21535e-08, 0, 1.62936e-08, 4.0409e-07, 0, 0, 9.67832e-07, 3.54371e-05, 3.46567e-05, 0.135771, 0.949982, 4.05907e-05, 247.175
2228, 0.880026, 4.5827e-07, 6.15834e-08, 0, 1.64178e-08, 4.06846e-07, 0, 0, 9.43117e-07, 3.56651e-05, 3.4922e-05, 0.127804, 0.950048, 4.0528e-05, 246.841
2229, 0.886333, 4.39728e-07, 6.12868e-08, 0, 1.65255e-08, 4.09311e-07, 0, 0, 9.26851e-07, 3.58663e-05, 3.51607e-05, 0.120663, 0.950114, 4.04661e-05, 246.587
2230, 0.884361, 4.49251e-07, 6.19395e-08, 0, 1.64349e-08, 4.07418e-07, 0, 0, 9.35043e-07, 3.57325e-05, 3.50162e-05, 0.12289, 0.95018, 4.04043e-05, 246.58
2231, 0.874229, 4.85861e-07, 6.35575e-08, 0, 1.61505e-08, 4.01213e-07, 0, 0, 9.66782e-07, 3.5269e-05, 3.44927e-05, 0.134413, 0.950246, 4.03421e-05, 246.806
2232, 0.866222, 5.16499e-07, 6.50357e-08, 0, 1.59158e-08, 3.9613e-07, 0, 0, 9.9358e-07, 3.48911e-05, 3.40675e-05, 0.143615, 0.950312, 4.02794e-05, 246.975
2233, 0.868858, 5.14645e-07, 6.53484e-08, 0, 1.5929e-08, 3.96671e-07, 0, 0, 9.92594e-07, 3.49422e-05, 3.4136e-05, 0.140576, 0.950378, 4.02168e-05, 246.876
2234, 0.875235, 5.02112e-07, 6.51902e-08, 0, 1.60295e-08, 3.99201e-07, 0, 0, 9.82533e-07, 3.51443e-05, 3.43788e-05, 0.133262, 0.950444, 4.01546e-05, 246.691
2235, 0.875617, 5.11684e-07, 6.57456e-08, 0, 1.59894e-08, 3.98606e-07, 0, 0, 9.92025e-07, 3.51065e-05, 3.43455e-05, 0.132827, 0.95051, 4.00931e-05, 246.692
2236, 0.870161, 5.38742e-07, 6.69581e-08, 0, 1.58142e-08, 3.94948e-07, 0, 0, 1.01646e-06, 3.48349e-05, 3.40432e-05, 0.139077, 0.950576, 4.00323e-05, 246.833
2237, 0.867716, 5.44681e-07, 6.75547e-08, 0, 1.57144e-08, 3.92792e-07, 0, 0, 1.02074e-06, 3.46839e-05, 3.38758e-05, 0.141891, 0.950642, 3.99716e-05, 246.784
2238, 0.871823, 5.27259e-07, 6.73897e-08, 0, 1.57702e-08, 3.94061e-07, 0, 0, 1.00448e-06, 3.4796e-05, 3.40105e-05, 0.137169, 0.950708, 3.99122e-05, 246.543
2239, 0.875927, 5.16447e-07, 6.7415e-08, 0, 1.58256e-08, 3.95409e-07, 0, 0, 9.95097e-07, 3.49094e-05, 3.41509e-05, 0.132472, 0.950774, 3.98543e-05, 246.365
2240, 0.873069, 5.32156e-07, 6.83703e-08, 0, 1.57168e-08, 3.93139e-07, 0, 0, 1.00938e-06, 3.47447e-05, 3.39711e-05, 0.135741, 0.95084, 3.97957e-05, 246.411
2241, 0.869653, 5.48937e-07, 6.93255e-08, 0, 1.55922e-08, 3.9055e-07, 0, 0, 1.0244e-06, 3.45564e-05, 3.37631e-05, 0.139661, 0.950906, 3.97357e-05, 246.462
2242, 0.870583, 5.51787e-07, 6.97542e-08, 0, 1.55685e-08, 3.90227e-07, 0, 0, 1.02734e-06, 3.45406e-05, 3.37548e-05, 0.138593, 0.950972, 3.96753e-05, 246.4
2243, 0.868905, 5.68167e-07, 7.07098e-08, 0, 1.54858e-08, 3.88583e-07, 0, 0, 1.04295e-06, 3.44218e-05, 3.36288e-05, 0.140522, 0.951038, 3.96149e-05, 246.454
2244, 0.865797, 5.88257e-07, 7.187e-08, 0, 1.5372e-08, 3.86189e-07, 0, 0, 1.06169e-06, 3.4246e-05, 3.34368e-05, 0.144104, 0.951104, 3.95541e-05, 246.534
2245, 0.864747, 5.95993e-07, 7.25149e-08, 0, 1.53063e-08, 3.84846e-07, 0, 0, 1.06866e-06, 3.41521e-05, 3.33384e-05, 0.145319, 0.95117, 3.94934e-05, 246.507
2246, 0.855663, 6.37181e-07, 7.42967e-08, 0, 1.50577e-08, 3.7942e-07, 0, 0, 1.10596e-06, 3.3742e-05, 3.28774e-05, 0.155879, 0.951236, 3.94328e-05, 246.744
2247, 0.849775, 6.67197e-07, 7.56999e-08, 0, 1.48852e-08, 3.75626e-07, 0, 0, 1.13341e-06, 3.34575e-05, 3.25612e-05, 0.162783, 0.951302, 3.93725e-05, 246.889
2248, 0.861348, 6.22871e-07, 7.43633e-08, 0, 1.51065e-08, 3.80699e-07, 0, 0, 1.09304e-06, 3.38606e-05, 3.30327e-05, 0.149256, 0.951368, 3.93123e-05, 246.455
2249, 0.871029, 5.84074e-07, 7.32599e-08, 0, 1.52806e-08, 3.84808e-07, 0, 0, 1.05742e-06, 3.41896e-05, 3.3419e-05, 0.13808, 0.951434, 3.92522e-05, 246.053
2250, 0.869047, 5.94657e-07, 7.40517e-08, 0, 1.51905e-08, 3.8299e-07, 0, 0, 1.06689e-06, 3.406e-05, 3.3279e-05, 0.140358, 0.9515, 3.91921e-05, 246.049
2251, 0.86722, 6.07447e-07, 7.49141e-08, 0, 1.51027e-08, 3.81239e-07, 0, 0, 1.0787e-06, 3.39361e-05, 3.31448e-05, 0.142463, 0.951566, 3.91321e-05, 246.065
2252, 0.865598, 6.19679e-07, 7.57453e-08, 0, 1.5022e-08, 3.79611e-07, 0, 0, 1.09006e-06, 3.3821e-05, 3.30219e-05, 0.144335, 0.951632, 3.90721e-05, 246.076
2253, 0.857977, 6.55717e-07, 7.74981e-08, 0, 1.48134e-08, 3.74966e-07, 0, 0, 1.12299e-06, 3.34723e-05, 3.26307e-05, 0.153178, 0.951698, 3.90123e-05, 246.27
2254, 0.850638, 6.92011e-07, 7.92744e-08, 0, 1.46119e-08, 3.70464e-07, 0, 0, 1.15636e-06, 3.31349e-05, 3.22515e-05, 0.161769, 0.951764, 3.89527e-05, 246.46
2255, 0.847931, 7.09998e-07, 8.03632e-08, 0, 1.45092e-08, 3.68297e-07, 0, 0, 1.17317e-06, 3.29789e-05, 3.20794e-05, 0.164956, 0.95183, 3.88931e-05, 246.509
2256, 0.843015, 7.35571e-07, 8.17286e-08, 0, 1.43606e-08, 3.65052e-07, 0, 0, 1.19671e-06, 3.27376e-05, 3.18119e-05, 0.170771, 0.951896, 3.88336e-05, 246.61
2257, 0.842818, 7.41019e-07, 8.22895e-08, 0, 1.43155e-08, 3.64178e-07, 0, 0, 1.2018e-06, 3.26792e-05, 3.17567e-05, 0.171005, 0.951962, 3.87742e-05, 246.563
2258, 0.853584, 7.00467e-07, 8.11201e-08, 0, 1.45066e-08, 3.68758e-07, 0, 0, 1.16485e-06, 3.30456e-05, 3.21874e-05, 0.158311, 0.952028, 3.87149e-05, 246.177
2259, 0.860808, 6.73835e-07, 8.05201e-08, 0, 1.46227e-08, 3.71561e-07, 0, 0, 1.14054e-06, 3.32752e-05, 3.2459e-05, 0.149883, 0.952094, 3.86557e-05, 245.889
2260, 0.850461, 7.24751e-07, 8.28272e-08, 0, 1.43651e-08, 3.65672e-07, 0, 0, 1.18761e-06, 3.28262e-05, 3.19536e-05, 0.161977, 0.95216, 3.85965e-05, 246.186
2261, 0.829976, 8.24358e-07, 8.69426e-08, 0, 1.38977e-08, 3.54792e-07, 0, 0, 1.27999e-06, 3.19862e-05, 3.10018e-05, 0.186359, 0.952226, 3.85372e-05, 246.813
2262, 0.824265, 8.58353e-07, 8.85841e-08, 0, 1.37413e-08, 3.51166e-07, 0, 0, 1.31184e-06, 3.17157e-05, 3.06981e-05, 0.193264, 0.952292, 3.84779e-05, 246.96
2263, 0.833939, 8.21762e-07, 8.75808e-08, 0, 1.39001e-08, 3.55096e-07, 0, 0, 1.27834e-06, 3.20375e-05, 3.10695e-05, 0.181596, 0.952358, 3.84176e-05, 246.625
2264, 0.838995, 8.07712e-07, 8.74349e-08, 0, 1.39577e-08, 3.56759e-07, 0, 0, 1.26586e-06, 3.21797e-05, 3.12371e-05, 0.175551, 0.952424, 3.8355e-05, 246.443
2265, 0.847831, 7.75296e-07, 8.65818e-08, 0, 1.4098e-08, 3.60314e-07, 0, 0, 1.23629e-06, 3.24671e-05, 3.15756e-05, 0.165074, 0.95249, 3.82949e-05, 246.13
2266, 0.861902, 7.15749e-07, 8.46969e-08, 0, 1.43529e-08, 3.66519e-07, 0, 0, 1.18132e-06, 3.29591e-05, 3.21534e-05, 0.148613, 0.952556, 3.82401e-05, 245.609
2267, 0.855451, 7.55245e-07, 8.64877e-08, 0, 1.41803e-08, 3.62718e-07, 0, 0, 1.21863e-06, 3.26665e-05, 3.18337e-05, 0.156126, 0.952623, 3.81846e-05, 245.818
2268, 0.830266, 8.91511e-07, 9.18021e-08, 0, 1.36195e-08, 3.49779e-07, 0, 0, 1.34671e-06, 3.16563e-05, 3.06926e-05, 0.186009, 0.952688, 3.81262e-05, 246.685
2269, 0.822884, 9.37132e-07, 9.38038e-08, 0, 1.34281e-08, 3.45454e-07, 0, 0, 1.38982e-06, 3.13243e-05, 3.03249e-05, 0.19494, 0.952754, 3.80671e-05, 246.9
2270, 0.837997, 8.587e-07, 9.14226e-08, 0, 1.37017e-08, 3.5198e-07, 0, 0, 1.3158e-06, 3.18502e-05, 3.09335e-05, 0.176741, 0.95282, 3.80088e-05, 246.288
2271, 0.848467, 8.06007e-07, 9.00535e-08, 0, 1.38776e-08, 3.56228e-07, 0, 0, 1.26617e-06, 3.22006e-05, 3.13361e-05, 0.164324, 0.952886, 3.79518e-05, 245.833
2272, 0.848198, 8.14943e-07, 9.08408e-08, 0, 1.38297e-08, 3.55295e-07, 0, 0, 1.27491e-06, 3.21427e-05, 3.12708e-05, 0.164641, 0.952952, 3.78951e-05, 245.811
2273, 0.850168, 8.12453e-07, 9.11199e-08, 0, 1.38317e-08, 3.55469e-07, 0, 0, 1.27287e-06, 3.21688e-05, 3.13068e-05, 0.162322, 0.953018, 3.78385e-05, 245.709
2274, 0.846354, 8.37987e-07, 9.24562e-08, 0, 1.37263e-08, 3.52852e-07, 0, 0, 1.29702e-06, 3.19775e-05, 3.10919e-05, 0.166818, 0.953084, 3.77815e-05, 245.801
2275, 0.82067, 9.74857e-07, 9.79599e-08, 0, 1.31861e-08, 3.39702e-07, 0, 0, 1.42571e-06, 3.0961e-05, 2.99272e-05, 0.197634, 0.95315, 3.77243e-05, 246.62
2276, 0.80597, 1.05534e-06, 1.01374e-07, 0, 1.28541e-08, 3.31863e-07, 0, 0, 1.50143e-06, 3.03583e-05, 2.92408e-05, 0.215708, 0.953216, 3.76671e-05, 247.032
2277, 0.825931, 9.58535e-07, 9.81639e-08, 0, 1.32017e-08, 3.40704e-07, 0, 0, 1.4106e-06, 3.10623e-05, 3.00584e-05, 0.191244, 0.953282, 3.7611e-05, 246.344
2278, 0.854304, 8.21033e-07, 9.33902e-08, 0, 1.37227e-08, 3.53667e-07, 0, 0, 1.28181e-06, 3.2087e-05, 3.12484e-05, 0.157468, 0.953348, 3.75607e-05, 245.341
2279, 0.866943, 7.68686e-07, 9.17675e-08, 0, 1.39443e-08, 3.59234e-07, 0, 0, 1.23363e-06, 3.253e-05, 3.17711e-05, 0.142782, 0.953414, 3.75227e-05, 244.89
2280, 0.857615, 8.32848e-07, 9.44622e-08, 0, 1.37377e-08, 3.54374e-07, 0, 0, 1.29542e-06, 3.21536e-05, 3.13513e-05, 0.1536, 0.95348, 3.74911e-05, 245.268
2281, 0.842157, 9.24001e-07, 9.8221e-08, 0, 1.34017e-08, 3.46439e-07, 0, 0, 1.38206e-06, 3.15389e-05, 3.06535e-05, 0.171788, 0.953546, 3.74493e-05, 245.8
2282, 0.82734, 1.00502e-06, 1.01729e-07, 0, 1.30728e-08, 3.38643e-07, 0, 0, 1.45847e-06, 3.09406e-05, 2.99678e-05, 0.18954, 0.953612, 3.73964e-05, 246.23
2283, 0.811071, 1.0983e-06, 1.05622e-07, 0, 1.27197e-08, 3.30203e-07, 0, 0, 1.54684e-06, 3.02855e-05, 2.92233e-05, 0.2094, 0.953678, 3.73395e-05, 246.71
2284, 0.81497, 1.08633e-06, 1.05531e-07, 0, 1.27583e-08, 3.3138e-07, 0, 0, 1.536e-06, 3.03825e-05, 2.93491e-05, 0.204604, 0.953744, 3.72819e-05, 246.555
2285, 0.834039, 9.87183e-07, 1.02312e-07, 0, 1.30851e-08, 3.39655e-07, 0, 0, 1.44223e-06, 3.10447e-05, 3.0119e-05, 0.181475, 0.95381, 3.72239e-05, 245.862
2286, 0.85251, 8.91401e-07, 9.92877e-08, 0, 1.33957e-08, 3.4756e-07, 0, 0, 1.35164e-06, 3.16831e-05, 3.08558e-05, 0.159571, 0.953876, 3.71659e-05, 245.154
2287, 0.862464, 8.43404e-07, 9.80185e-08, 0, 1.35435e-08, 3.51483e-07, 0, 0, 1.30645e-06, 3.20053e-05, 3.12317e-05, 0.147962, 0.953942, 3.71095e-05, 244.744
2288, 0.855575, 8.88762e-07, 1.00146e-07, 0, 1.33754e-08, 3.47594e-07, 0, 0, 1.34988e-06, 3.17039e-05, 3.08989e-05, 0.155982, 0.954008, 3.70544e-05, 244.969
2289, 0.829865, 1.04404e-06, 1.0629e-07, 0, 1.28496e-08, 3.34889e-07, 0, 0, 1.49806e-06, 3.06981e-05, 2.97646e-05, 0.186492, 0.954074, 3.69897e-05, 245.881
2290, 0.811838, 1.16738e-06, 1.11197e-07, 0, 1.24472e-08, 3.25405e-07, 0, 0, 1.61642e-06, 2.99452e-05, 2.89205e-05, 0.208455, 0.95414, 3.68879e-05, 246.528
2291, 0.819684, 1.15537e-06, 1.11053e-07, 0, 1.25145e-08, 3.27704e-07, 0, 0, 1.60664e-06, 3.01293e-05, 2.91444e-05, 0.198836, 0.954206, 3.67619e-05, 246.383
2292, 0.827757, 1.12249e-06, 1.10319e-07, 0, 1.26001e-08, 3.30145e-07, 0, 0, 1.57556e-06, 3.03295e-05, 2.93842e-05, 0.189036, 0.954272, 3.66428e-05, 246.108
2293, 0.829034, 1.11082e-06, 1.10449e-07, 0, 1.25386e-08, 3.28579e-07, 0, 0, 1.56239e-06, 3.02014e-05, 2.92654e-05, 0.187494, 0.954338, 3.64284e-05, 245.94
2294, 0.819179, 1.19873e-06, 1.13735e-07, 0, 1.2261e-08, 3.22022e-07, 0, 0, 1.64675e-06, 2.96606e-05, 2.86888e-05, 0.199453, 0.954404, 3.62064e-05, 246.362
2295, 0.801005, 1.35858e-06, 1.19304e-07, 0, 1.18906e-08, 3.1353e-07, 0, 0, 1.8033e-06, 2.89769e-05, 2.79296e-05, 0.221889, 0.95447, 3.61792e-05, 247.158
2296, 0.80459, 1.33863e-06, 1.19067e-07, 0, 1.19611e-08, 3.15428e-07, 0, 0, 1.78509e-06, 2.91533e-05, 2.81204e-05, 0.217422, 0.954536, 3.6234e-05, 246.972
2297, 0.822948, 1.18977e-06, 1.14833e-07, 0, 1.23017e-08, 3.23496e-07, 0, 0, 1.6404e-06, 2.98366e-05, 2.88776e-05, 0.194862, 0.954602, 3.62534e-05, 246.066
2298, 0.816713, 1.20342e-06, 1.16416e-07, 0, 1.21717e-08, 3.20158e-07, 0, 0, 1.65216e-06, 2.95985e-05, 2.85928e-05, 0.202468, 0.954668, 3.624e-05, 246.049
2299, 0.800263, 1.29417e-06, 1.20531e-07, 0, 1.18398e-08, 3.1211e-07, 0, 0, 1.73865e-06, 2.89746e-05, 2.78781e-05, 0.222815, 0.954734, 3.62099e-05, 246.457
2300, 0.79987, 1.29291e-06, 1.21067e-07, 0, 1.18023e-08, 3.1145e-07, 0, 0, 1.73723e-06, 2.8935e-05, 2.78389e-05, 0.223307, 0.9548, 3.61817e-05, 246.363
2301, 0.814659, 1.2121e-06, 1.18517e-07, 0, 1.20448e-08, 3.17738e-07, 0, 0, 1.6604e-06, 2.94474e-05, 2.84328e-05, 0.204986, 0.954866, 3.61525e-05, 245.839
2302, 0.827022, 1.1552e-06, 1.16795e-07, 0, 1.22437e-08, 3.22879e-07, 0, 0, 1.60712e-06, 2.987e-05, 2.89193e-05, 0.189924, 0.954932, 3.61187e-05, 245.439
2303, 0.818956, 1.21568e-06, 1.19515e-07, 0, 1.207e-08, 3.18736e-07, 0, 0, 1.666e-06, 2.95514e-05, 2.85571e-05, 0.199725, 0.954998, 3.60829e-05, 245.7
2304, 0.807329, 1.29253e-06, 1.22852e-07, 0, 1.18316e-08, 3.12911e-07, 0, 0, 1.74012e-06, 2.90937e-05, 2.80434e-05, 0.214024, 0.955064, 3.6037e-05, 246.036
2305, 0.814061, 1.25904e-06, 1.22011e-07, 0, 1.19234e-08, 3.15263e-07, 0, 0, 1.70824e-06, 2.92882e-05, 2.82787e-05, 0.20572, 0.95513, 3.59819e-05, 245.771
2306, 0.827029, 1.19453e-06, 1.19932e-07, 0, 1.21313e-08, 3.20414e-07, 0, 0, 1.64701e-06, 2.97121e-05, 2.87682e-05, 0.189916, 0.955196, 3.59321e-05, 245.333
2307, 0.832418, 1.18042e-06, 1.19697e-07, 0, 1.22114e-08, 3.22242e-07, 0, 0, 1.63457e-06, 2.98753e-05, 2.89521e-05, 0.18342, 0.955262, 3.58958e-05, 245.174
2308, 0.841604, 1.1355e-06, 1.18451e-07, 0, 1.23535e-08, 3.25921e-07, 0, 0, 1.59223e-06, 3.01801e-05, 2.93082e-05, 0.172446, 0.955328, 3.58646e-05, 244.837
2309, 0.857047, 1.05426e-06, 1.1596e-07, 0, 1.25956e-08, 3.32478e-07, 0, 0, 1.51529e-06, 3.07048e-05, 2.99295e-05, 0.154262, 0.955394, 3.58281e-05, 244.276
2310, 0.871, 9.87409e-07, 1.14072e-07, 0, 1.28135e-08, 3.3822e-07, 0, 0, 1.45251e-06, 3.11685e-05, 3.04748e-05, 0.138113, 0.95546, 3.57855e-05, 243.787
2311, 0.880209, 9.4068e-07, 1.13053e-07, 0, 1.29516e-08, 3.41685e-07, 0, 0, 1.40837e-06, 3.14586e-05, 3.08114e-05, 0.127596, 0.955526, 3.57406e-05, 243.408
2312, 0.883667, 9.18448e-07, 1.12951e-07, 0, 1.29857e-08, 3.42544e-07, 0, 0, 1.38693e-06, 3.15423e-05, 3.09108e-05, 0.123675, 0.955592, 3.56957e-05, 243.177
2313, 0.888111, 8.882e-07, 1.12463e-07, 0, 1.30367e-08, 3.43863e-07, 0, 0, 1.35756e-06, 3.16614e-05, 3.10534e-05, 0.118658, 0.955658, 3.56507e-05, 242.889
2314, 0.885526, 9.18563e-07, 1.13963e-07, 0, 1.29564e-08, 3.42115e-07, 0, 0, 1.3876e-06, 3.1529e-05, 3.09111e-05, 0.121574, 0.955724, 3.56029e-05, 243.013
2315, 0.850787, 1.18529e-06, 1.23769e-07, 0, 1.23029e-08, 3.26232e-07, 0, 0, 1.64759e-06, 3.02483e-05, 2.94629e-05, 0.161594, 0.95579, 3.55473e-05, 244.57
2316, 0.770666, 1.78808e-06, 1.45429e-07, 0, 1.08704e-08, 2.90587e-07, 0, 0, 2.23497e-06, 2.73563e-05, 2.61912e-05, 0.2605, 0.955856, 3.54907e-05, 247.455
2317, 0.699906, 2.32202e-06, 1.64837e-07, 0, 9.61554e-09, 2.5917e-07, 0, 0, 2.75564e-06, 2.48077e-05, 2.3309e-05, 0.356809, 0.955922, 3.54434e-05, 249.45
2318, 0.705367, 2.27752e-06, 1.64272e-07, 0, 9.65691e-09, 2.60849e-07, 0, 0, 2.7123e-06, 2.49634e-05, 2.34793e-05, 0.349038, 0.955988, 3.53934e-05, 249.205
2319, 0.757853, 1.88768e-06, 1.51332e-07, 0, 1.05054e-08, 2.82992e-07, 0, 0, 2.33251e-06, 2.67875e-05, 2.55386e-05, 0.277265, 0.956054, 3.53481e-05, 247.62
2320, 0.796511, 1.65745e-06, 1.42637e-07, 0, 1.11374e-08, 2.99357e-07, 0, 0, 2.11059e-06, 2.812e-05, 2.70648e-05, 0.227514, 0.95612, 3.53035e-05, 246.55
2321, 0.801344, 1.81674e-06, 1.44985e-07, 0, 1.11727e-08, 3.00805e-07, 0, 0, 2.2737e-06, 2.81872e-05, 2.72083e-05, 0.221464, 0.956186, 3.5168e-05, 247.197
2322, 0.790415, 2.13691e-06, 1.52852e-07, 0, 1.08626e-08, 2.93768e-07, 0, 0, 2.59439e-06, 2.75342e-05, 2.65649e-05, 0.235198, 0.956252, 3.48249e-05, 248.419
2323, 0.799476, 2.07993e-06, 1.52275e-07, 0, 1.08744e-08, 2.94243e-07, 0, 0, 2.53732e-06, 2.75558e-05, 2.66278e-05, 0.223799, 0.956318, 3.44642e-05, 248.112
2324, 0.828222, 1.66447e-06, 1.4209e-07, 0, 1.13325e-08, 3.05065e-07, 0, 0, 2.12296e-06, 2.85025e-05, 2.76617e-05, 0.188473, 0.956384, 3.44126e-05, 246.267
2325, 0.846419, 1.35204e-06, 1.34311e-07, 0, 1.16784e-08, 3.13068e-07, 0, 0, 1.81109e-06, 2.92262e-05, 2.8434e-05, 0.166741, 0.95645, 3.4532e-05, 244.636
2326, 0.852692, 1.24919e-06, 1.31915e-07, 0, 1.18049e-08, 3.16116e-07, 0, 0, 1.70903e-06, 2.95101e-05, 2.87393e-05, 0.159357, 0.956516, 3.4612e-05, 243.992
2327, 0.85488, 1.25914e-06, 1.32434e-07, 0, 1.18452e-08, 3.17254e-07, 0, 0, 1.72068e-06, 2.96113e-05, 2.88619e-05, 0.156794, 0.956582, 3.46433e-05, 243.974
2328, 0.844804, 1.38232e-06, 1.36836e-07, 0, 1.16702e-08, 3.13002e-07, 0, 0, 1.84383e-06, 2.92665e-05, 2.84831e-05, 0.16865, 0.956648, 3.46525e-05, 244.557
2329, 0.839756, 1.43467e-06, 1.39364e-07, 0, 1.15632e-08, 3.10593e-07, 0, 0, 1.8962e-06, 2.90844e-05, 2.82763e-05, 0.174644, 0.956714, 3.46445e-05, 244.744
2330, 0.846212, 1.39271e-06, 1.38798e-07, 0, 1.16364e-08, 3.12924e-07, 0, 0, 1.85606e-06, 2.92945e-05, 2.85079e-05, 0.166985, 0.95678, 3.46236e-05, 244.452
2331, 0.841433, 1.44782e-06, 1.41453e-07, 0, 1.15191e-08, 3.10457e-07, 0, 0, 1.91125e-06, 2.91095e-05, 2.82922e-05, 0.172649, 0.956846, 3.45965e-05, 244.652
2332, 0.83678, 1.47517e-06, 1.43283e-07, 0, 1.14119e-08, 3.07935e-07, 0, 0, 1.9378e-06, 2.89235e-05, 2.80754e-05, 0.178194, 0.956912, 3.45647e-05, 244.702
2333, 0.841908, 1.42493e-06, 1.42309e-07, 0, 1.14717e-08, 3.09463e-07, 0, 0, 1.88817e-06, 2.90635e-05, 2.8237e-05, 0.172085, 0.956978, 3.45206e-05, 244.366
2334, 0.838803, 1.47636e-06, 1.44537e-07, 0, 1.13678e-08, 3.07081e-07, 0, 0, 1.93934e-06, 2.8869e-05, 2.80315e-05, 0.175779, 0.957044, 3.44226e-05, 244.541
2335, 0.832042, 1.56889e-06, 1.48141e-07, 0, 1.11809e-08, 3.02678e-07, 0, 0, 2.03089e-06, 2.85044e-05, 2.76365e-05, 0.183872, 0.95711, 3.42747e-05, 244.905
2336, 0.835407, 1.54322e-06, 1.47944e-07, 0, 1.12069e-08, 3.0342e-07, 0, 0, 2.00579e-06, 2.8579e-05, 2.77238e-05, 0.179836, 0.957176, 3.42253e-05, 244.7
2337, 0.836081, 1.55445e-06, 1.48874e-07, 0, 1.12054e-08, 3.03526e-07, 0, 0, 2.01805e-06, 2.86007e-05, 2.775e-05, 0.17903, 0.957242, 3.42144e-05, 244.676
2338, 0.813795, 1.84286e-06, 1.58623e-07, 0, 1.07737e-08, 2.93085e-07, 0, 0, 2.30534e-06, 2.77292e-05, 2.67849e-05, 0.206046, 0.957308, 3.40819e-05, 245.893
2339, 0.776091, 2.32665e-06, 1.74088e-07, 0, 1.01235e-08, 2.77169e-07, 0, 0, 2.78803e-06, 2.64035e-05, 2.5303e-05, 0.253485, 0.957374, 3.40433e-05, 247.69
2340, 0.744795, 2.77612e-06, 1.87302e-07, 0, 9.64564e-09, 2.65441e-07, 0, 0, 3.23851e-06, 2.54278e-05, 2.42129e-05, 0.294646, 0.95744, 3.41593e-05, 249.108
2341, 0.741987, 2.96307e-06, 1.90931e-07, 0, 9.61208e-09, 2.65074e-07, 0, 0, 3.42869e-06, 2.53805e-05, 2.41889e-05, 0.298424, 0.957506, 3.42155e-05, 249.6
2342, 0.767288, 2.74732e-06, 1.83238e-07, 0, 1.00082e-08, 2.75293e-07, 0, 0, 3.21586e-06, 2.62314e-05, 2.51649e-05, 0.264893, 0.957572, 3.41946e-05, 248.868
2343, 0.794201, 2.30492e-06, 1.72608e-07, 0, 1.04167e-08, 2.85366e-07, 0, 0, 2.77332e-06, 2.71213e-05, 2.61345e-05, 0.230418, 0.957638, 3.41558e-05, 247.3
2344, 0.798364, 2.13972e-06, 1.70845e-07, 0, 1.04485e-08, 2.86171e-07, 0, 0, 2.60719e-06, 2.72326e-05, 2.62294e-05, 0.225191, 0.957704, 3.41149e-05, 246.602
2345, 0.788399, 2.24224e-06, 1.75468e-07, 0, 1.02547e-08, 2.81587e-07, 0, 0, 2.70955e-06, 2.68643e-05, 2.58131e-05, 0.237752, 0.95777, 3.40738e-05, 246.9
2346, 0.783129, 2.27239e-06, 1.77764e-07, 0, 1.01469e-08, 2.78916e-07, 0, 0, 2.73922e-06, 2.66587e-05, 2.55805e-05, 0.244457, 0.957836, 3.40324e-05, 246.924
2347, 0.772638, 2.36279e-06, 1.81935e-07, 0, 9.96165e-09, 2.74073e-07, 0, 0, 2.82876e-06, 2.62724e-05, 2.51435e-05, 0.257944, 0.957902, 3.39905e-05, 247.16
2348, 0.75931, 2.5499e-06, 1.87885e-07, 0, 9.73349e-09, 2.68207e-07, 0, 0, 3.01573e-06, 2.57852e-05, 2.46077e-05, 0.275345, 0.957968, 3.39477e-05, 247.715
2349, 0.747745, 2.85819e-06, 1.95042e-07, 0, 9.54466e-09, 2.63514e-07, 0, 0, 3.32629e-06, 2.53606e-05, 2.41779e-05, 0.290693, 0.958034, 3.3904e-05, 248.617
2350, 0.719812, 3.4683e-06, 2.09612e-07, 0, 9.1029e-09, 2.52462e-07, 0, 0, 3.93948e-06, 2.43724e-05, 2.31453e-05, 0.328765, 0.9581, 3.38407e-05, 250.251
2351, 0.684996, 4.32562e-06, 2.27217e-07, 0, 8.53417e-09, 2.38374e-07, 0, 0, 4.79975e-06, 2.30907e-05, 2.18257e-05, 0.378342, 0.958166, 3.36637e-05, 252.202
2352, 0.670603, 4.91749e-06, 2.35992e-07, 0, 8.23219e-09, 2.31009e-07, 0, 0, 5.39273e-06, 2.23749e-05, 2.11447e-05, 0.399578, 0.958232, 3.32833e-05, 253.334
2353, 0.705238, 4.24372e-06, 2.21502e-07, 0, 8.65417e-09, 2.41367e-07, 0, 0, 4.71524e-06, 2.33024e-05, 2.21491e-05, 0.34922, 0.958298, 3.29658e-05, 251.848
2354, 0.762607, 2.96152e-06, 1.96729e-07, 0, 9.4783e-09, 2.61926e-07, 0, 0, 3.42965e-06, 2.51822e-05, 2.4117e-05, 0.271013, 0.958364, 3.29773e-05, 248.504
2355, 0.779713, 2.48227e-06, 1.89439e-07, 0, 9.7482e-09, 2.68497e-07, 0, 0, 2.94996e-06, 2.58249e-05, 2.47556e-05, 0.24883, 0.95843, 3.3107e-05, 246.908
2356, 0.768741, 2.63086e-06, 1.95543e-07, 0, 9.58761e-09, 2.64477e-07, 0, 0, 3.10046e-06, 2.55077e-05, 2.4387e-05, 0.263002, 0.958496, 3.31796e-05, 247.321
2357, 0.766487, 2.79516e-06, 2.00017e-07, 0, 9.53779e-09, 2.63941e-07, 0, 0, 3.26866e-06, 2.54478e-05, 2.43441e-05, 0.265937, 0.958562, 3.32053e-05, 247.768
2358, 0.755863, 3.01425e-06, 2.06237e-07, 0, 9.37708e-09, 2.59902e-07, 0, 0, 3.48977e-06, 2.5095e-05, 2.39765e-05, 0.279896, 0.958628, 3.32073e-05, 248.344
2359, 0.770294, 2.83584e-06, 2.01057e-07, 0, 9.60235e-09, 2.65389e-07, 0, 0, 3.31189e-06, 2.55663e-05, 2.45174e-05, 0.260983, 0.958694, 3.3196e-05, 247.733
2360, 0.819138, 2.19993e-06, 1.82526e-07, 0, 1.03251e-08, 2.84293e-07, 0, 0, 2.67708e-06, 2.71807e-05, 2.63277e-05, 0.199503, 0.95876, 3.31797e-05, 245.527
2361, 0.836946, 1.95605e-06, 1.76285e-07, 0, 1.05706e-08, 2.91033e-07, 0, 0, 2.43394e-06, 2.7765e-05, 2.69838e-05, 0.177996, 0.958826, 3.316e-05, 244.506
2362, 0.830233, 2.12692e-06, 1.81343e-07, 0, 1.04385e-08, 2.88161e-07, 0, 0, 2.60686e-06, 2.75235e-05, 2.67228e-05, 0.186049, 0.958892, 3.31373e-05, 245.098
2363, 0.816275, 2.56463e-06, 1.92005e-07, 0, 1.0188e-08, 2.82585e-07, 0, 0, 3.0494e-06, 2.70291e-05, 2.61954e-05, 0.203004, 0.958958, 3.31121e-05, 246.571
2364, 0.801711, 2.89102e-06, 2.00602e-07, 0, 9.93942e-09, 2.76602e-07, 0, 0, 3.37816e-06, 2.65159e-05, 2.56374e-05, 0.221008, 0.959024, 3.30854e-05, 247.514
2365, 0.812652, 2.60264e-06, 1.9442e-07, 0, 1.00904e-08, 2.80161e-07, 0, 0, 3.08731e-06, 2.68545e-05, 2.60016e-05, 0.207453, 0.95909, 3.30568e-05, 246.528
2366, 0.809314, 2.60284e-06, 1.95552e-07, 0, 1.00325e-08, 2.7841e-07, 0, 0, 3.08683e-06, 2.67253e-05, 2.58559e-05, 0.211569, 0.959156, 3.30283e-05, 246.443
2367, 0.770149, 3.30626e-06, 2.15256e-07, 0, 9.42702e-09, 2.63095e-07, 0, 0, 3.79404e-06, 2.54128e-05, 2.44068e-05, 0.261171, 0.959222, 3.29995e-05, 248.438
2368, 0.740204, 3.88458e-06, 2.32294e-07, 0, 8.94747e-09, 2.51323e-07, 0, 0, 4.37714e-06, 2.44038e-05, 2.32911e-05, 0.30083, 0.959288, 3.29705e-05, 249.814
2369, 0.702847, 4.4956e-06, 2.50121e-07, 0, 8.40237e-09, 2.36876e-07, 0, 0, 4.991e-06, 2.31472e-05, 2.19344e-05, 0.352616, 0.959354, 3.29407e-05, 251.085
2370, 0.608986, 5.92267e-06, 2.88046e-07, 0, 7.10546e-09, 2.01181e-07, 0, 0, 6.419e-06, 2.00335e-05, 1.85757e-05, 0.495959, 0.95942, 3.29117e-05, 253.64
2371, 0.538929, 7.09066e-06, 3.17e-07, 0, 6.12066e-09, 1.74366e-07, 0, 0, 7.58815e-06, 1.77062e-05, 1.60486e-05, 0.618171, 0.959486, 3.28738e-05, 255.34
2372, 0.594286, 6.11675e-06, 2.94648e-07, 0, 6.81701e-09, 1.9371e-07, 0, 0, 6.61192e-06, 1.94559e-05, 1.78912e-05, 0.520395, 0.959552, 3.27725e-05, 253.785
2373, 0.706944, 4.12983e-06, 2.47867e-07, 0, 8.25446e-09, 2.328e-07, 0, 0, 4.61875e-06, 2.28957e-05, 2.16222e-05, 0.346803, 0.959618, 3.24517e-05, 249.948
2374, 0.780475, 2.96559e-06, 2.17701e-07, 0, 9.15091e-09, 2.56802e-07, 0, 0, 3.44924e-06, 2.49488e-05, 2.39308e-05, 0.247853, 0.959684, 3.20244e-05, 246.893
2375, 0.788869, 3.03354e-06, 2.17349e-07, 0, 9.28311e-09, 2.60688e-07, 0, 0, 3.52086e-06, 2.52648e-05, 2.43093e-05, 0.237155, 0.95975, 3.20703e-05, 247.017
2376, 0.739722, 4.24966e-06, 2.4456e-07, 0, 8.6941e-09, 2.46108e-07, 0, 0, 4.74902e-06, 2.39789e-05, 2.29085e-05, 0.301481, 0.959816, 3.24407e-05, 249.984
2377, 0.683953, 5.78716e-06, 2.71728e-07, 0, 7.96369e-09, 2.27606e-07, 0, 0, 6.29446e-06, 2.23031e-05, 2.11425e-05, 0.379867, 0.959882, 3.26005e-05, 252.842
2378, 0.672967, 6.50375e-06, 2.76291e-07, 0, 7.82407e-09, 2.24223e-07, 0, 0, 7.01209e-06, 2.19412e-05, 2.08344e-05, 0.39606, 0.959948, 3.25866e-05, 253.903
2379, 0.711046, 5.60502e-06, 2.62285e-07, 0, 8.31369e-09, 2.37346e-07, 0, 0, 6.11297e-06, 2.31464e-05, 2.21024e-05, 0.341019, 0.960014, 3.25445e-05, 252.365
2380, 0.756017, 4.21366e-06, 2.45372e-07, 0, 8.8729e-09, 2.52075e-07, 0, 0, 4.71998e-06, 2.45428e-05, 2.3528e-05, 0.279691, 0.96008, 3.24666e-05, 249.588
2381, 0.784911, 3.55729e-06, 2.33782e-07, 0, 9.19349e-09, 2.60207e-07, 0, 0, 4.06047e-06, 2.52631e-05, 2.43314e-05, 0.242185, 0.960146, 3.21792e-05, 247.963
2382, 0.762721, 4.34656e-06, 2.46349e-07, 0, 8.73004e-09, 2.47537e-07, 0, 0, 4.84918e-06, 2.40534e-05, 2.3144e-05, 0.270864, 0.960212, 3.14876e-05, 249.7
2383, 0.674222, 6.75358e-06, 2.88911e-07, 0, 7.41939e-09, 2.1268e-07, 0, 0, 7.26259e-06, 2.08459e-05, 1.98259e-05, 0.394196, 0.960278, 3.09411e-05, 253.856
2384, 0.628635, 8.09394e-06, 3.11205e-07, 0, 6.87358e-09, 1.98816e-07, 0, 0, 8.61084e-06, 1.95824e-05, 1.85048e-05, 0.464205, 0.960344, 3.11869e-05, 255.602
2385, 0.661208, 7.26976e-06, 2.99109e-07, 0, 7.3835e-09, 2.13127e-07, 0, 0, 7.78937e-06, 2.09307e-05, 1.98758e-05, 0.413687, 0.96041, 3.16324e-05, 254.437
2386, 0.684439, 6.49708e-06, 2.89566e-07, 0, 7.70719e-09, 2.21858e-07, 0, 0, 7.01622e-06, 2.17884e-05, 2.07224e-05, 0.379156, 0.960476, 3.18121e-05, 253.236
2387, 0.694606, 6.22454e-06, 2.82893e-07, 0, 7.85013e-09, 2.25488e-07, 0, 0, 6.74077e-06, 2.214e-05, 2.10902e-05, 0.36441, 0.960542, 3.18547e-05, 252.727
2388, 0.710467, 6.08964e-06, 2.74427e-07, 0, 8.07235e-09, 2.31369e-07, 0, 0, 6.60351e-06, 2.26434e-05, 2.1674e-05, 0.341833, 0.960608, 3.18594e-05, 252.426
2389, 0.743542, 5.21631e-06, 2.60442e-07, 0, 8.49062e-09, 2.42425e-07, 0, 0, 5.72766e-06, 2.36705e-05, 2.27514e-05, 0.29633, 0.960674, 3.18359e-05, 250.847
2390, 0.74051, 5.18079e-06, 2.62815e-07, 0, 8.40565e-09, 2.40014e-07, 0, 0, 5.69203e-06, 2.34917e-05, 2.25335e-05, 0.300416, 0.96074, 3.17358e-05, 250.699
2391, 0.691383, 6.77843e-06, 2.85851e-07, 0, 7.65738e-09, 2.20117e-07, 0, 0, 7.29206e-06, 2.16311e-05, 2.06387e-05, 0.369061, 0.960806, 3.13646e-05, 253.228
2392, 0.70091, 6.68379e-06, 2.84486e-07, 0, 7.60901e-09, 2.18969e-07, 0, 0, 7.19485e-06, 2.14911e-05, 2.0549e-05, 0.355375, 0.960872, 3.08104e-05, 253.002
2393, 0.762961, 4.73652e-06, 2.60081e-07, 0, 8.38958e-09, 2.39992e-07, 0, 0, 5.24498e-06, 2.34777e-05, 2.2583e-05, 0.270548, 0.960938, 3.08263e-05, 249.599
2394, 0.787287, 3.83711e-06, 2.51551e-07, 0, 8.8288e-09, 2.52049e-07, 0, 0, 4.34954e-06, 2.46617e-05, 2.37474e-05, 0.239162, 0.961004, 3.13373e-05, 247.592
2395, 0.770705, 4.32547e-06, 2.61327e-07, 0, 8.68841e-09, 2.48577e-07, 0, 0, 4.84407e-06, 2.43661e-05, 2.34219e-05, 0.26045, 0.96107, 3.16149e-05, 248.613
2396, 0.720034, 6.03234e-06, 2.89413e-07, 0, 8.05618e-09, 2.31918e-07, 0, 0, 6.56173e-06, 2.28084e-05, 2.18244e-05, 0.328457, 0.961136, 3.16579e-05, 251.692
2397, 0.689228, 7.16177e-06, 3.10472e-07, 0, 7.64242e-09, 2.21321e-07, 0, 0, 7.70121e-06, 2.1815e-05, 2.08056e-05, 0.372183, 0.961202, 3.16337e-05, 253.31
2398, 0.736517, 5.80078e-06, 2.89725e-07, 0, 8.21161e-09, 2.36891e-07, 0, 0, 6.33561e-06, 2.32693e-05, 2.23213e-05, 0.305823, 0.961268, 3.15927e-05, 251.157
2399, 0.780015, 4.46195e-06, 2.67989e-07, 0, 8.75318e-09, 2.51324e-07, 0, 0, 4.99002e-06, 2.46282e-05, 2.37344e-05, 0.248442, 0.961334, 3.15621e-05, 248.59
2400, 0.776835, 4.56629e-06, 2.71787e-07, 0, 8.70051e-09, 2.49822e-07, 0, 0, 5.0966e-06, 2.45031e-05, 2.36032e-05, 0.252527, 0.9614, 3.15097e-05, 248.726
2401, 0.786323, 4.39551e-06, 2.68245e-07, 0, 8.77869e-09, 2.5196e-07, 0, 0, 4.92449e-06, 2.46896e-05, 2.3828e-05, 0.240388, 0.961466, 3.1377e-05, 248.29
2402, 0.803392, 4.02824e-06, 2.58228e-07, 0, 8.87142e-09, 2.54345e-07, 0, 0, 4.54969e-06, 2.48795e-05, 2.40868e-05, 0.218912, 0.961532, 3.09666e-05, 247.396
2403, 0.766895, 5.34554e-06, 2.7493e-07, 0, 8.23131e-09, 2.36854e-07, 0, 0, 5.86556e-06, 2.32136e-05, 2.24257e-05, 0.265406, 0.961598, 3.031e-05, 249.937
2404, 0.699844, 7.62949e-06, 3.09276e-07, 0, 7.38e-09, 2.14167e-07, 0, 0, 8.16031e-06, 2.10914e-05, 2.02454e-05, 0.356898, 0.961664, 3.02459e-05, 253.347
2405, 0.683641, 8.10394e-06, 3.24458e-07, 0, 7.30722e-09, 2.13179e-07, 0, 0, 8.64889e-06, 2.10602e-05, 2.01376e-05, 0.380323, 0.96173, 3.08305e-05, 253.889
2406, 0.667592, 8.57974e-06, 3.41818e-07, 0, 7.17116e-09, 2.10276e-07, 0, 0, 9.13901e-06, 2.08502e-05, 1.98393e-05, 0.404078, 0.961796, 3.12116e-05, 254.401
2407, 0.63093, 9.8674e-06, 3.64658e-07, 0, 6.72534e-09, 1.98381e-07, 0, 0, 1.04372e-05, 1.97492e-05, 1.86915e-05, 0.460561, 0.961862, 3.12798e-05, 255.763
2408, 0.659744, 8.97943e-06, 3.50007e-07, 0, 7.07976e-09, 2.07809e-07, 0, 0, 9.54432e-06, 2.06273e-05, 1.96287e-05, 0.415904, 0.961928, 3.1261e-05, 254.705
2409, 0.695776, 7.86866e-06, 3.31807e-07, 0, 7.52609e-09, 2.19656e-07, 0, 0, 8.42765e-06, 2.17361e-05, 2.07985e-05, 0.362728, 0.961994, 3.12336e-05, 253.278
2410, 0.693684, 8.06276e-06, 3.36997e-07, 0, 7.48266e-09, 2.18634e-07, 0, 0, 8.62588e-06, 2.16455e-05, 2.0708e-05, 0.365738, 0.96206, 3.1191e-05, 253.445
2411, 0.707278, 7.7147e-06, 3.36647e-07, 0, 7.60656e-09, 2.22631e-07, 0, 0, 8.28159e-06, 2.20311e-05, 2.10978e-05, 0.346332, 0.962126, 3.11444e-05, 252.925
2412, 0.718659, 7.38131e-06, 3.36193e-07, 0, 7.70041e-09, 2.25754e-07, 0, 0, 7.95096e-06, 2.23434e-05, 2.14042e-05, 0.330368, 0.962192, 3.10795e-05, 252.407
2413, 0.697924, 8.17218e-06, 3.47996e-07, 0, 7.39956e-09, 2.17633e-07, 0, 0, 8.74521e-06, 2.15934e-05, 2.06254e-05, 0.359645, 0.962258, 3.08638e-05, 253.345
2414, 0.625224, 1.09251e-05, 3.81482e-07, 0, 6.4591e-09, 1.91646e-07, 0, 0, 1.15047e-05, 1.91334e-05, 1.81185e-05, 0.469645, 0.962324, 3.04134e-05, 256.248
2415, 0.543915, 1.42456e-05, 4.09055e-07, 0, 5.44579e-09, 1.63083e-07, 0, 0, 1.48232e-05, 1.63763e-05, 1.53816e-05, 0.608962, 0.96239, 2.97692e-05, 258.987
2416, 0.512307, 1.57286e-05, 4.12361e-07, 0, 5.03595e-09, 1.5108e-07, 0, 0, 1.62971e-05, 1.51882e-05, 1.42556e-05, 0.668831, 0.962456, 2.91908e-05, 259.975
2417, 0.549239, 1.43706e-05, 3.99757e-07, 0, 5.4467e-09, 1.62871e-07, 0, 0, 1.49387e-05, 1.63345e-05, 1.54034e-05, 0.599222, 0.962522, 2.93878e-05, 258.907
2418, 0.511321, 1.60211e-05, 4.16666e-07, 0, 5.10421e-09, 1.53212e-07, 0, 0, 1.6596e-05, 1.542e-05, 1.44712e-05, 0.670759, 0.962588, 3.00993e-05, 260.013
2419, 0.452792, 1.85152e-05, 4.3794e-07, 0, 4.52387e-09, 1.36411e-07, 0, 0, 1.9094e-05, 1.37961e-05, 1.28641e-05, 0.792322, 0.962654, 3.04862e-05, 261.532
2420, 0.566306, 1.40545e-05, 3.97001e-07, 0, 5.81158e-09, 1.7291e-07, 0, 0, 1.46302e-05, 1.73143e-05, 1.64133e-05, 0.568621, 0.96272, 3.05701e-05, 258.421
2421, 0.714846, 8.16573e-06, 3.43305e-07, 0, 7.47621e-09, 2.20131e-07, 0, 0, 8.73665e-06, 2.18736e-05, 2.09969e-05, 0.335689, 0.962786, 3.05865e-05, 252.675
2422, 0.754509, 6.5529e-06, 3.32917e-07, 0, 7.90695e-09, 2.32371e-07, 0, 0, 7.12609e-06, 2.30752e-05, 2.21912e-05, 0.281688, 0.962852, 3.05705e-05, 250.423
2423, 0.725492, 7.60573e-06, 3.52401e-07, 0, 7.54933e-09, 2.22418e-07, 0, 0, 8.1881e-06, 2.21534e-05, 2.1231e-05, 0.320905, 0.962918, 3.05415e-05, 251.816
2424, 0.678887, 9.29814e-06, 3.82324e-07, 0, 6.97782e-09, 2.06778e-07, 0, 0, 9.89422e-06, 2.07037e-05, 1.97097e-05, 0.387301, 0.962984, 3.05266e-05, 253.772
2425, 0.666527, 9.77609e-06, 3.91552e-07, 0, 6.79733e-09, 2.02248e-07, 0, 0, 1.03767e-05, 2.03034e-05, 1.92725e-05, 0.405675, 0.96305, 3.04977e-05, 254.207
2426, 0.677606, 9.57521e-06, 3.81973e-07, 0, 6.92239e-09, 2.05699e-07, 0, 0, 1.01698e-05, 2.06167e-05, 1.96301e-05, 0.389189, 0.963116, 3.04576e-05, 253.905
2427, 0.727902, 7.84207e-06, 3.49259e-07, 0, 7.52157e-09, 2.21882e-07, 0, 0, 8.42074e-06, 2.21261e-05, 2.1245e-05, 0.317589, 0.963182, 3.04189e-05, 251.789
2428, 0.798711, 5.21896e-06, 3.0845e-07, 0, 8.33195e-09, 2.44101e-07, 0, 0, 5.77985e-06, 2.42239e-05, 2.34468e-05, 0.224756, 0.963248, 3.03385e-05, 247.747
2429, 0.828473, 4.15205e-06, 2.94803e-07, 0, 8.59957e-09, 2.51673e-07, 0, 0, 4.70712e-06, 2.49427e-05, 2.42047e-05, 0.188172, 0.963314, 3.01102e-05, 245.558
2430, 0.830757, 4.12338e-06, 2.97135e-07, 0, 8.4329e-09, 2.47098e-07, 0, 0, 4.67604e-06, 2.45015e-05, 2.37747e-05, 0.185418, 0.96338, 2.94996e-05, 245.411
2431, 0.819274, 4.6447e-06, 3.06878e-07, 0, 8.08397e-09, 2.37299e-07, 0, 0, 5.19696e-06, 2.35598e-05, 2.28324e-05, 0.199337, 0.963446, 2.87903e-05, 246.409
2432, 0.758748, 7.07799e-06, 3.48524e-07, 0, 7.40193e-09, 2.18916e-07, 0, 0, 7.65283e-06, 2.18484e-05, 2.1021e-05, 0.276085, 0.963512, 2.89277e-05, 250.363
2433, 0.641268, 1.18709e-05, 4.20612e-07, 0, 6.23779e-09, 1.87323e-07, 0, 0, 1.24851e-05, 1.88972e-05, 1.79e-05, 0.444308, 0.963578, 2.96359e-05, 255.577
2434, 0.495227, 1.84343e-05, 4.80205e-07, 0, 4.75248e-09, 1.45089e-07, 0, 0, 1.90643e-05, 1.48288e-05, 1.37788e-05, 0.702739, 0.963644, 3.00422e-05, 260.256
2435, 0.32844, 2.66651e-05, 5.12068e-07, 0, 3.07064e-09, 9.51567e-08, 0, 0, 2.72754e-05, 9.8863e-06, 8.96645e-06, 1.1134, 0.96371, 3.01528e-05, 264.341
2436, 0.292121, 2.87561e-05, 5.10477e-07, 0, 2.73401e-09, 8.46075e-08, 0, 0, 2.9354e-05, 8.80086e-06, 7.98158e-06, 1.23059, 0.963776, 3.0158e-05, 265.128
2437, 0.481761, 1.99323e-05, 4.58009e-07, 0, 4.71622e-09, 1.42707e-07, 0, 0, 2.05377e-05, 1.4503e-05, 1.36416e-05, 0.730307, 0.963842, 3.01232e-05, 260.861
2438, 0.703027, 9.86993e-06, 3.80044e-07, 0, 7.06965e-09, 2.10841e-07, 0, 0, 1.04679e-05, 2.11547e-05, 2.02977e-05, 0.35236, 0.963908, 3.00953e-05, 253.236
2439, 0.808165, 5.39106e-06, 3.29483e-07, 0, 8.23466e-09, 2.43587e-07, 0, 0, 5.97236e-06, 2.43057e-05, 2.35305e-05, 0.212989, 0.963974, 3.0076e-05, 247.202
2440, 0.834118, 4.39941e-06, 3.13537e-07, 0, 8.52754e-09, 2.51468e-07, 0, 0, 4.97293e-06, 2.50529e-05, 2.43296e-05, 0.18138, 0.96404, 3.00356e-05, 245.239
2441, 0.823118, 4.87115e-06, 3.24569e-07, 0, 8.37611e-09, 2.47385e-07, 0, 0, 5.45148e-06, 2.46798e-05, 2.3937e-05, 0.194656, 0.964106, 2.99833e-05, 246.1
2442, 0.776672, 6.70919e-06, 3.65541e-07, 0, 7.80578e-09, 2.3208e-07, 0, 0, 7.31461e-06, 2.32658e-05, 2.24189e-05, 0.252737, 0.964172, 2.99559e-05, 249.078
2443, 0.729656, 8.57646e-06, 4.06629e-07, 0, 7.2199e-09, 2.16505e-07, 0, 0, 9.20681e-06, 2.18294e-05, 2.08717e-05, 0.315182, 0.964238, 2.99175e-05, 251.443
2444, 0.695278, 1.02872e-05, 4.24367e-07, 0, 6.79894e-09, 2.05099e-07, 0, 0, 1.09234e-05, 2.07409e-05, 1.97538e-05, 0.363444, 0.964304, 2.98106e-05, 253.211
2445, 0.574445, 1.63781e-05, 4.68518e-07, 0, 5.49742e-09, 1.67622e-07, 0, 0, 1.70197e-05, 1.70813e-05, 1.60851e-05, 0.554351, 0.96437, 2.96253e-05, 258.052
2446, 0.402484, 2.48296e-05, 5.3879e-07, 0, 3.66145e-09, 1.14174e-07, 0, 0, 2.54862e-05, 1.18676e-05, 1.08483e-05, 0.910101, 0.964436, 2.93209e-05, 262.62
2447, 0.358897, 2.66924e-05, 5.7901e-07, 0, 3.08585e-09, 9.76019e-08, 0, 0, 2.73721e-05, 1.02864e-05, 9.21808e-06, 1.02472, 0.964502, 2.88409e-05, 263.376
2448, 0.454188, 2.18876e-05, 5.60167e-07, 0, 3.86475e-09, 1.20585e-07, 0, 0, 2.25722e-05, 1.25527e-05, 1.14784e-05, 0.789245, 0.964568, 2.81347e-05, 261.038
2449, 0.510578, 1.94468e-05, 5.34966e-07, 0, 4.34589e-09, 1.34435e-07, 0, 0, 2.01205e-05, 1.38803e-05, 1.28594e-05, 0.672212, 0.964634, 2.77385e-05, 259.629
2450, 0.40827, 2.4986e-05, 5.66221e-07, 0, 3.45774e-09, 1.07895e-07, 0, 0, 2.56636e-05, 1.12504e-05, 1.02729e-05, 0.895826, 0.9647, 2.82363e-05, 262.368
2451, 0.327571, 2.9322e-05, 5.9209e-07, 0, 2.81433e-09, 8.89886e-08, 0, 0, 3.00059e-05, 9.39482e-06, 8.42524e-06, 1.11605, 0.964766, 2.8945e-05, 264.13
2452, 0.423344, 2.44647e-05, 5.66456e-07, 0, 3.81118e-09, 1.19243e-07, 0, 0, 2.51542e-05, 1.24117e-05, 1.13848e-05, 0.85957, 0.964832, 2.92862e-05, 261.968
2453, 0.520955, 1.93773e-05, 5.50142e-07, 0, 4.76967e-09, 1.48209e-07, 0, 0, 2.00805e-05, 1.53123e-05, 1.42145e-05, 0.652092, 0.964898, 2.93731e-05, 259.277
2454, 0.508973, 2.01215e-05, 5.5952e-07, 0, 4.64644e-09, 1.44441e-07, 0, 0, 2.08301e-05, 1.49556e-05, 1.38506e-05, 0.67536, 0.964964, 2.93761e-05, 259.615
2455, 0.556627, 1.80876e-05, 5.23049e-07, 0, 5.16017e-09, 1.58939e-07, 0, 0, 1.87748e-05, 1.63495e-05, 1.53128e-05, 0.58586, 0.96503, 2.93723e-05, 258.344
2456, 0.6893, 1.16614e-05, 4.50239e-07, 0, 6.54017e-09, 1.98869e-07, 0, 0, 1.2317e-05, 2.02316e-05, 1.92886e-05, 0.372078, 0.965096, 2.93565e-05, 253.55
2457, 0.775764, 7.49357e-06, 4.02863e-07, 0, 7.44437e-09, 2.24842e-07, 0, 0, 8.12872e-06, 2.27512e-05, 2.18856e-05, 0.253907, 0.965162, 2.93305e-05, 248.991
2458, 0.799314, 6.4355e-06, 3.89736e-07, 0, 7.69099e-09, 2.31831e-07, 0, 0, 7.06476e-06, 2.34293e-05, 2.25983e-05, 0.224001, 0.965228, 2.93099e-05, 247.435
2459, 0.7935, 6.72712e-06, 3.99166e-07, 0, 7.60267e-09, 2.29615e-07, 0, 0, 7.3635e-06, 2.32359e-05, 2.23853e-05, 0.231302, 0.965294, 2.9277e-05, 247.789
2460, 0.771153, 7.86667e-06, 4.19178e-07, 0, 7.33461e-09, 2.22394e-07, 0, 0, 8.51558e-06, 2.25591e-05, 2.1669e-05, 0.259869, 0.96536, 2.92465e-05, 249.244
2461, 0.689538, 1.2202e-05, 4.64889e-07, 0, 6.46366e-09, 1.97588e-07, 0, 0, 1.28709e-05, 2.01591e-05, 1.92041e-05, 0.371734, 0.965426, 2.92212e-05, 253.63
2462, 0.532498, 2.0788e-05, 5.33179e-07, 0, 4.85023e-09, 1.50556e-07, 0, 0, 2.14765e-05, 1.55536e-05, 1.45464e-05, 0.630176, 0.965492, 2.91807e-05, 259.309
2463, 0.45168, 2.51845e-05, 5.75466e-07, 0, 4.01492e-09, 1.26202e-07, 0, 0, 2.58902e-05, 1.31742e-05, 1.21388e-05, 0.794782, 0.965558, 2.91436e-05, 261.395
2464, 0.535049, 2.03926e-05, 5.64756e-07, 0, 4.81364e-09, 1.50199e-07, 0, 0, 2.11123e-05, 1.55746e-05, 1.4514e-05, 0.625397, 0.965624, 2.91045e-05, 258.949
2465, 0.656725, 1.38642e-05, 5.15639e-07, 0, 6.022e-09, 1.85741e-07, 0, 0, 1.45715e-05, 1.90725e-05, 1.80552e-05, 0.42049, 0.96569, 2.90446e-05, 254.679
2466, 0.705172, 1.14929e-05, 4.88864e-07, 0, 6.4989e-09, 1.99693e-07, 0, 0, 1.2188e-05, 2.04345e-05, 1.94588e-05, 0.349313, 0.965756, 2.8972e-05, 252.629
2467, 0.658648, 1.40897e-05, 5.20156e-07, 0, 5.98123e-09, 1.84807e-07, 0, 0, 1.48006e-05, 1.89838e-05, 1.79834e-05, 0.417567, 0.965822, 2.88085e-05, 254.691
2468, 0.613023, 1.64525e-05, 5.57789e-07, 0, 5.39051e-09, 1.68001e-07, 0, 0, 1.71837e-05, 1.73561e-05, 1.63123e-05, 0.489353, 0.965888, 2.83705e-05, 256.281
2469, 0.638097, 1.49575e-05, 5.55769e-07, 0, 5.42555e-09, 1.69391e-07, 0, 0, 1.56881e-05, 1.75125e-05, 1.64565e-05, 0.449265, 0.965954, 2.75821e-05, 255.179
2470, 0.619147, 1.61818e-05, 5.66131e-07, 0, 5.12888e-09, 1.60543e-07, 0, 0, 1.69136e-05, 1.66505e-05, 1.55829e-05, 0.479412, 0.96602, 2.71042e-05, 255.941
2471, 0.458967, 2.63394e-05, 5.96516e-07, 0, 3.74154e-09, 1.18382e-07, 0, 0, 2.70581e-05, 1.24247e-05, 1.14256e-05, 0.778776, 0.966086, 2.75679e-05, 261.254
2472, 0.267804, 3.93028e-05, 5.87231e-07, 0, 2.16866e-09, 6.96934e-08, 0, 0, 3.99619e-05, 7.44545e-06, 6.66915e-06, 1.3175, 0.966152, 2.8267e-05, 265.824
2473, 0.268905, 3.9465e-05, 5.88582e-07, 0, 2.24503e-09, 7.21997e-08, 0, 0, 4.0128e-05, 7.69675e-06, 6.9269e-06, 1.3134, 0.966218, 2.86208e-05, 265.791
2474, 0.445898, 2.7487e-05, 6.16636e-07, 0, 3.83398e-09, 1.22026e-07, 0, 0, 2.82295e-05, 1.28266e-05, 1.18019e-05, 0.807666, 0.966284, 2.87278e-05, 261.506
2475, 0.58479, 1.84539e-05, 6.16823e-07, 0, 5.09734e-09, 1.61071e-07, 0, 0, 1.92369e-05, 1.68023e-05, 1.56498e-05, 0.536503, 0.96635, 2.87156e-05, 256.992
2476, 0.636473, 1.54645e-05, 6.0021e-07, 0, 5.59465e-09, 1.75824e-07, 0, 0, 1.62462e-05, 1.82708e-05, 1.7133e-05, 0.451813, 0.966416, 2.86937e-05, 255.006
2477, 0.627515, 1.60449e-05, 6.12049e-07, 0, 5.49946e-09, 1.7302e-07, 0, 0, 1.68355e-05, 1.80012e-05, 1.68637e-05, 0.465988, 0.966482, 2.86804e-05, 255.325
2478, 0.566796, 1.95878e-05, 6.59619e-07, 0, 4.86837e-09, 1.54583e-07, 0, 0, 2.04069e-05, 1.61809e-05, 1.50263e-05, 0.567756, 0.966548, 2.8545e-05, 257.421
2479, 0.468335, 2.56567e-05, 7.14273e-07, 0, 3.9012e-09, 1.25351e-07, 0, 0, 2.65003e-05, 1.32633e-05, 1.21213e-05, 0.758572, 0.966614, 2.83513e-05, 260.357
2480, 0.3402, 3.38905e-05, 7.61344e-07, 0, 2.72711e-09, 8.89061e-08, 0, 0, 3.47435e-05, 9.60718e-06, 8.51118e-06, 1.07822, 0.96668, 2.83265e-05, 263.477
2481, 0.271559, 3.8457e-05, 7.81524e-07, 0, 2.1101e-09, 6.97103e-08, 0, 0, 3.93104e-05, 7.69154e-06, 6.6104e-06, 1.30357, 0.966746, 2.83831e-05, 264.88
2482, 0.306283, 3.62297e-05, 7.80047e-07, 0, 2.39471e-09, 7.90212e-08, 0, 0, 3.70912e-05, 8.68207e-06, 7.51721e-06, 1.18325, 0.966812, 2.83756e-05, 264.097
2483, 0.307497, 3.6756e-05, 7.64347e-07, 0, 2.40673e-09, 7.94101e-08, 0, 0, 3.76022e-05, 8.71318e-06, 7.56281e-06, 1.17929, 0.966878, 2.8358e-05, 264.18
2484, 0.253148, 4.15058e-05, 7.363e-07, 0, 1.95804e-09, 6.48765e-08, 0, 0, 4.2309e-05, 7.16898e-06, 6.16081e-06, 1.37378, 0.966944, 2.83622e-05, 265.525
2485, 0.285976, 3.92655e-05, 7.5079e-07, 0, 2.22809e-09, 7.36106e-08, 0, 0, 4.00921e-05, 8.09029e-06, 7.0168e-06, 1.25185, 0.96701, 2.83439e-05, 264.79
2486, 0.320017, 3.66659e-05, 7.85204e-07, 0, 2.50317e-09, 8.25843e-08, 0, 0, 3.75362e-05, 9.04827e-06, 7.88814e-06, 1.13938, 0.967076, 2.83052e-05, 263.912
2487, 0.237321, 4.3414e-05, 7.70955e-07, 0, 1.821e-09, 6.05114e-08, 0, 0, 4.42473e-05, 6.70605e-06, 5.74807e-06, 1.43834, 0.967142, 2.82712e-05, 265.824
2488, 0.174284, 4.88962e-05, 7.453e-07, 0, 1.3071e-09, 4.3912e-08, 0, 0, 4.96867e-05, 4.91851e-06, 4.15168e-06, 1.74707, 0.967208, 2.82376e-05, 267.166
2489, 0.233539, 4.43289e-05, 7.81295e-07, 0, 1.78513e-09, 5.97986e-08, 0, 0, 4.51718e-05, 6.58431e-06, 5.70673e-06, 1.45441, 0.967274, 2.82012e-05, 265.913
2490, 0.30938, 3.82309e-05, 8.32134e-07, 0, 2.38831e-09, 7.98103e-08, 0, 0, 3.91452e-05, 8.71092e-06, 7.65167e-06, 1.17319, 0.96734, 2.81492e-05, 264.091
2491, 0.29727, 3.90747e-05, 8.52061e-07, 0, 2.26208e-09, 7.58841e-08, 0, 0, 4.00048e-05, 8.34483e-06, 7.25108e-06, 1.21311, 0.967406, 2.8056e-05, 264.271
2492, 0.234215, 4.38572e-05, 8.61778e-07, 0, 1.71975e-09, 5.81843e-08, 0, 0, 4.47789e-05, 6.54343e-06, 5.50217e-06, 1.45151, 0.967472, 2.79125e-05, 265.559
2493, 0.187554, 4.76518e-05, 8.64549e-07, 0, 1.32521e-09, 4.52531e-08, 0, 0, 4.8563e-05, 5.2088e-06, 4.23177e-06, 1.67369, 0.967538, 2.75842e-05, 266.472
2494, 0.147855, 5.23962e-05, 7.91007e-07, 0, 1.02497e-09, 3.51334e-08, 0, 0, 5.32234e-05, 4.06798e-06, 3.27718e-06, 1.91152, 0.967604, 2.68617e-05, 267.522
2495, 0.156334, 5.31756e-05, 7.35323e-07, 0, 1.10311e-09, 3.74809e-08, 0, 0, 5.39496e-05, 4.23944e-06, 3.54454e-06, 1.85576, 0.96767, 2.61825e-05, 267.607
2496, 0.255125, 4.49823e-05, 7.94447e-07, 0, 1.87425e-09, 6.29693e-08, 0, 0, 4.58416e-05, 6.94248e-06, 6.04089e-06, 1.366, 0.967736, 2.64195e-05, 265.518
2497, 0.363006, 3.62459e-05, 8.38854e-07, 0, 2.76043e-09, 9.18892e-08, 0, 0, 3.71794e-05, 9.98696e-06, 8.88975e-06, 1.01333, 0.967802, 2.71733e-05, 262.9
2498, 0.425369, 3.19108e-05, 8.28261e-07, 0, 3.31538e-09, 1.09436e-07, 0, 0, 3.28518e-05, 1.1789e-05, 1.06469e-05, 0.854798, 0.967867, 2.76372e-05, 261.343
2499, 0.455098, 2.99886e-05, 8.21402e-07, 0, 3.58263e-09, 1.17739e-07, 0, 0, 3.09313e-05, 1.26465e-05, 1.14828e-05, 0.787242, 0.967928, 2.77863e-05, 260.55
2500, 0.473938, 2.86689e-05, 8.26385e-07, 0, 3.73376e-09, 1.22619e-07, 0, 0, 2.96216e-05, 1.31771e-05, 1.19684e-05, 0.746678, 0.967974, 2.78157e-05, 259.96
2501, 0.448809, 3.08217e-05, 8.35294e-07, 0, 3.51189e-09, 1.15702e-07, 0, 0, 3.17762e-05, 1.24872e-05, 1.12796e-05, 0.801158, 0.968, 2.78344e-05, 260.707
2502, 0.334264, 4.03101e-05, 8.36267e-07, 0, 2.55546e-09, 8.50783e-08, 0, 0, 4.1234e-05, 9.30946e-06, 8.24218e-06, 1.09582, 0.968011, 2.78421e-05, 263.74
2503, 0.210104, 5.07449e-05, 8.30033e-07, 0, 1.52771e-09, 5.19597e-08, 0, 0, 5.16284e-05, 5.84489e-06, 4.96709e-06, 1.56015, 0.968018, 2.78097e-05, 266.406
2504, 0.168362, 5.40914e-05, 8.5641e-07, 0, 1.16685e-09, 4.05684e-08, 0, 0, 5.49895e-05, 4.66921e-06, 3.83664e-06, 1.78164, 0.968024, 2.77735e-05, 267.105
2505, 0.162266, 5.53278e-05, 8.4387e-07, 0, 1.12498e-09, 3.92337e-08, 0, 0, 5.6212e-05, 4.49852e-06, 3.72329e-06, 1.81852, 0.96803, 2.77655e-05, 267.297
2506, 0.1992, 5.35267e-05, 7.98387e-07, 0, 1.44716e-09, 4.94399e-08, 0, 0, 5.43759e-05, 5.51561e-06, 4.77731e-06, 1.61344, 0.968036, 2.77519e-05, 266.803
2507, 0.317915, 4.37726e-05, 8.15706e-07, 0, 2.39325e-09, 8.02701e-08, 0, 0, 4.4671e-05, 8.78552e-06, 7.85442e-06, 1.14597, 0.968042, 2.76998e-05, 264.306
2508, 0.373322, 3.86588e-05, 8.67597e-07, 0, 2.81214e-09, 9.41512e-08, 0, 0, 3.96233e-05, 1.03137e-05, 9.21888e-06, 0.985314, 0.968048, 2.76609e-05, 262.774
2509, 0.296687, 4.49125e-05, 8.98026e-07, 0, 2.17717e-09, 7.3703e-08, 0, 0, 4.58863e-05, 8.20419e-06, 7.16333e-06, 1.21508, 0.968054, 2.766e-05, 264.471
2510, 0.196702, 5.42964e-05, 8.59923e-07, 0, 1.38532e-09, 4.76994e-08, 0, 0, 5.52054e-05, 5.44362e-06, 4.58105e-06, 1.62606, 0.96806, 2.76215e-05, 266.664
2511, 0.129428, 6.12617e-05, 8.108e-07, 0, 8.69952e-10, 3.04837e-08, 0, 0, 6.21039e-05, 3.56952e-06, 2.89213e-06, 2.04463, 0.968066, 2.75037e-05, 268.051
2512, 0.127327, 6.11491e-05, 8.59439e-07, 0, 8.35149e-10, 2.95378e-08, 0, 0, 6.20389e-05, 3.48598e-06, 2.79714e-06, 2.061, 0.968073, 2.73875e-05, 267.956
2513, 0.17542, 5.64717e-05, 9.1952e-07, 0, 1.1821e-09, 4.13401e-08, 0, 0, 5.74338e-05, 4.79335e-06, 3.96178e-06, 1.74057, 0.968078, 2.73355e-05, 266.911
2514, 0.185132, 5.70724e-05, 8.62275e-07, 0, 1.27175e-09, 4.41385e-08, 0, 0, 5.79801e-05, 5.05759e-06, 4.2614e-06, 1.68669, 0.968084, 2.7308e-05, 266.947
2515, 0.108334, 6.72e-05, 6.91362e-07, 0, 7.42246e-10, 2.57943e-08, 0, 0, 6.79179e-05, 2.95659e-06, 2.49075e-06, 2.22253, 0.96809, 2.72927e-05, 268.85
2516, 0.0356707, 7.64114e-05, 5.5175e-07, 0, 2.3436e-10, 8.27053e-09, 0, 0, 7.69716e-05, 9.71035e-07, 7.89172e-07, 3.33343, 0.968096, 2.7307e-05, 270.358
2517, 0.0271248, 7.72167e-05, 5.75012e-07, 0, 1.60557e-10, 5.90536e-09, 0, 0, 7.77978e-05, 7.36618e-07, 5.46658e-07, 3.60731, 0.968102, 2.73007e-05, 270.413
2518, 0.0582064, 7.21033e-05, 7.47647e-07, 0, 3.45639e-10, 1.2737e-08, 0, 0, 7.2864e-05, 1.58241e-06, 1.18262e-06, 2.84376, 0.968108, 2.725e-05, 269.496
2519, 0.0921141, 6.72902e-05, 8.87053e-07, 0, 5.61039e-10, 2.0462e-08, 0, 0, 6.81983e-05, 2.50523e-06, 1.91983e-06, 2.38473, 0.968114, 2.71992e-05, 268.575
2520, 0.138934, 6.22173e-05, 9.61878e-07, 0, 8.82147e-10, 3.15574e-08, 0, 0, 6.32116e-05, 3.77416e-06, 3.01098e-06, 1.97375, 0.96812, 2.71632e-05, 267.539
2521, 0.188753, 5.71516e-05, 1.01829e-06, 0, 1.22594e-09, 4.34317e-08, 0, 0, 5.82145e-05, 5.11761e-06, 4.18534e-06, 1.66732, 0.968126, 2.71133e-05, 266.429
2522, 0.171462, 5.96559e-05, 9.97991e-07, 0, 1.10264e-09, 3.92533e-08, 0, 0, 6.06942e-05, 4.63681e-06, 3.77887e-06, 1.76339, 0.968132, 2.70177e-05, 266.868
2523, 0.109406, 6.75212e-05, 9.03101e-07, 0, 6.74859e-10, 2.44346e-08, 0, 0, 6.84494e-05, 2.94516e-06, 2.32649e-06, 2.21269, 0.968138, 2.68257e-05, 268.296
2524, 0.0605415, 7.42467e-05, 8.04296e-07, 0, 3.49886e-10, 1.29273e-08, 0, 0, 7.50643e-05, 1.61201e-06, 1.20878e-06, 2.80443, 0.968144, 2.64064e-05, 269.384
2525, 0.0362945, 7.75328e-05, 7.84734e-07, 0, 1.90006e-10, 7.16806e-09, 0, 0, 7.83249e-05, 9.36691e-07, 6.53625e-07, 3.31609, 0.96815, 2.5655e-05, 269.845
2526, 0.0256295, 7.93984e-05, 7.74404e-07, 0, 1.22185e-10, 4.69774e-09, 0, 0, 8.01775e-05, 6.38297e-07, 4.18937e-07, 3.66401, 0.968156, 2.5108e-05, 270.062
2527, 0.0205047, 8.07577e-05, 7.58205e-07, 0, 9.53315e-11, 3.70699e-09, 0, 0, 8.15197e-05, 5.17691e-07, 3.25796e-07, 3.8871, 0.968162, 2.54782e-05, 270.193
2528, 0.0204355, 8.11279e-05, 7.70601e-07, 0, 9.75587e-11, 3.78868e-09, 0, 0, 8.19024e-05, 5.3582e-07, 3.31518e-07, 3.89048, 0.968168, 2.62066e-05, 270.172
2529, 0.0160934, 8.31674e-05, 7.01315e-07, 0, 7.72983e-11, 2.99105e-09, 0, 0, 8.38718e-05, 4.27772e-07, 2.60692e-07, 4.12934, 0.968174, 2.66176e-05, 270.396
2530, 0.00737858, 8.68322e-05, 5.55224e-07, 0, 3.46005e-11, 1.34052e-09, 0, 0, 8.73888e-05, 1.96828e-07, 1.15371e-07, 4.90917, 0.96818, 2.67689e-05, 270.843
2531, 0.00225887, 8.97598e-05, 4.28117e-07, 0, 9.81972e-12, 3.86278e-10, 0, 0, 9.01884e-05, 6.03874e-08, 3.21302e-08, 6.09289, 0.968186, 2.68156e-05, 271.169
2532, 0.00181709, 9.11619e-05, 3.69448e-07, 0, 8.0004e-12, 3.20316e-10, 0, 0, 9.15317e-05, 4.87818e-08, 2.70946e-08, 6.31052, 0.968192, 2.68098e-05, 271.278
2533, 0.00603644, 8.99225e-05, 4.64805e-07, 0, 2.78924e-11, 1.11199e-09, 0, 0, 9.03885e-05, 1.62209e-07, 9.63446e-08, 5.10994, 0.968198, 2.67972e-05, 271.034
2534, 0.0116144, 8.76525e-05, 6.25145e-07, 0, 5.38919e-11, 2.14602e-09, 0, 0, 8.82798e-05, 3.12103e-07, 1.86263e-07, 4.45551, 0.968204, 2.68092e-05, 270.648
2535, 0.00989835, 8.89882e-05, 5.88293e-07, 0, 4.5743e-11, 1.82252e-09, 0, 0, 8.95783e-05, 2.65957e-07, 1.57913e-07, 4.61539, 0.96821, 2.68024e-05, 270.755
2536, 0.0044844, 9.20949e-05, 4.5502e-07, 0, 2.02306e-11, 8.09809e-10, 0, 0, 9.25507e-05, 1.20373e-07, 6.95347e-08, 5.40715, 0.968216, 2.67602e-05, 271.096
2537, 0.00427783, 9.19039e-05, 5.20609e-07, 0, 1.86561e-11, 7.49811e-10, 0, 0, 9.24253e-05, 1.14535e-07, 6.37574e-08, 5.45431, 0.968222, 2.67261e-05, 270.997
2538, 0.00919746, 8.97459e-05, 6.80521e-07, 0, 4.17147e-11, 1.65314e-09, 0, 0, 9.04281e-05, 2.45778e-07, 1.43472e-07, 4.68883, 0.968228, 2.67201e-05, 270.633
2539, 0.0180993, 8.76349e-05, 7.90195e-07, 0, 8.58878e-11, 3.34953e-09, 0, 0, 8.84285e-05, 4.82256e-07, 2.97277e-07, 4.01188, 0.968234, 2.66991e-05, 270.264
2540, 0.0250756, 8.65461e-05, 8.44743e-07, 0, 1.21412e-10, 4.69822e-09, 0, 0, 8.73957e-05, 6.66918e-07, 4.21099e-07, 3.68586, 0.96824, 2.66523e-05, 270.031
2541, 0.0179537, 9.0131e-05, 6.99304e-07, 0, 8.72464e-11, 3.36796e-09, 0, 0, 9.08337e-05, 4.76966e-07, 3.02491e-07, 4.01996, 0.968246, 2.66242e-05, 270.448
2542, 0.00587127, 9.58956e-05, 4.37297e-07, 0, 2.8416e-11, 1.09664e-09, 0, 0, 9.6334e-05, 1.55815e-07, 9.83697e-08, 5.13768, 0.968252, 2.6616e-05, 271.128
2543, 0.000853418, 9.93892e-05, 2.66436e-07, 0, 4.07999e-12, 1.57685e-10, 0, 0, 9.96558e-05, 2.26244e-08, 1.40816e-08, 7.06626, 0.968258, 2.65858e-05, 271.488
2544, 7.91472e-05, 0.000100686, 2.20942e-07, 0, 3.25094e-13, 1.29073e-11, 0, 0, 0.000100907, 2.0926e-09, 1.08547e-09, 9.4442, 0.968264, 2.65285e-05, 271.57
2545, 0.000122254, 0.000100448, 2.9321e-07, 0, 3.5284e-13, 1.51375e-11, 0, 0, 0.000100742, 3.21494e-09, 1.05977e-09, 9.00941, 0.96827, 2.64888e-05, 271.467
2546, 0.000258144, 9.96907e-05, 4.07436e-07, 0, 7.40533e-13, 3.18237e-11, 0, 0, 0.000100098, 6.77909e-09, 2.22115e-09, 8.26199, 0.968276, 2.64159e-05, 271.303
2547, 0.000240119, 0.000100689, 3.76565e-07, 0, 6.86445e-13, 2.95353e-11, 0, 0, 0.000101066, 6.29825e-09, 2.05976e-09, 8.33438, 0.968282, 2.63107e-05, 271.347
2548, 0.000125277, 0.000102483, 2.82017e-07, 0, 3.49289e-13, 1.51669e-11, 0, 0, 0.000102765, 3.28642e-09, 1.0462e-09, 8.98498, 0.968288, 2.6277e-05, 271.483
2549, 0.00010821, 0.000102616, 3.2846e-07, 0, 2.86692e-13, 1.27007e-11, 0, 0, 0.000102944, 2.84679e-09, 8.55368e-10, 9.13144, 0.968294, 2.63085e-05, 271.425
2550, 0.000107745, 0.000102737, 3.76508e-07, 0, 2.82276e-13, 1.25593e-11, 0, 0, 0.000103113, 2.8368e-09, 8.4135e-10, 9.13574, 0.9683, 2.631e-05, 271.366
2551, 5.36299e-05, 0.000104136, 3.16794e-07, 0, 1.40359e-13, 6.24564e-12, 0, 0, 0.000104453, 1.41196e-09, 4.18701e-10, 9.8334, 0.968306, 2.62591e-05, 271.454
2552, 3.96922e-05, 0.000105395, 2.66157e-07, 0, 1.12768e-13, 4.93013e-12, 0, 0, 0.000105661, 1.04211e-09, 3.50427e-10, 10.1344, 0.968312, 2.6217e-05, 271.523
2553, 0.000196601, 0.000105495, 3.06599e-07, 0, 5.95984e-13, 2.566e-11, 0, 0, 0.000105801, 5.14962e-09, 1.89619e-09, 8.53433, 0.968318, 2.62084e-05, 271.46
2554, 0.000760129, 0.000103715, 4.95428e-07, 0, 2.42324e-12, 1.02874e-10, 0, 0, 0.000104211, 1.98586e-08, 7.82671e-09, 7.18202, 0.968324, 2.61914e-05, 271.181
2555, 0.00199165, 0.000101285, 7.22921e-07, 0, 6.67462e-12, 2.79392e-10, 0, 0, 0.000102008, 5.18681e-08, 2.18615e-08, 6.21879, 0.96833, 2.61387e-05, 270.822
2556, 0.0033058, 9.98735e-05, 8.63086e-07, 0, 1.13359e-11, 4.70969e-10, 0, 0, 0.000100737, 8.59041e-08, 3.73245e-08, 5.71208, 0.968336, 2.60659e-05, 270.578
2557, 0.00301007, 0.000100606, 8.66159e-07, 0, 1.02737e-11, 4.26274e-10, 0, 0, 0.000101472, 7.81427e-08, 3.37214e-08, 5.80579, 0.968342, 2.60168e-05, 270.593
2558, 0.00145207, 0.000103421, 7.30878e-07, 0, 4.80157e-12, 2.00017e-10, 0, 0, 0.000104152, 3.76952e-08, 1.5578e-08, 6.53476, 0.968348, 2.60039e-05, 270.852
2559, 0.00039765, 0.000107286, 4.94794e-07, 0, 1.23258e-12, 5.18747e-11, 0, 0, 0.000107781, 1.03293e-08, 3.90919e-09, 7.82994, 0.968354, 2.59654e-05, 271.219
2560, 6.68439e-05, 0.000111068, 2.40623e-07, 0, 1.89448e-13, 8.09948e-12, 0, 0, 0.000111308, 1.73736e-09, 5.81889e-10, 9.61315, 0.96836, 2.5857e-05, 271.56
2561, 6.7269e-06, 0.000113483, 9.23833e-08, 0, 1.74493e-14, 7.58636e-13, 0, 0, 0.000113576, 1.74841e-10, 5.18737e-11, 11.9094, 0.968366, 2.56809e-05, 271.745
2562, 3.66162e-07, 0.0001146, 5.60232e-08, 0, 8.82553e-16, 3.89393e-14, 0, 0, 0.000114656, 9.51322e-12, 2.55242e-12, 14.8202, 0.968372, 2.53498e-05, 271.789
2563, 1.06427e-08, 0.00011525, 6.1425e-08, 0, 2.34277e-17, 1.05169e-15, 0, 0, 0.000115312, 2.76058e-13, 6.5671e-14, 18.3584, 0.968378, 2.46744e-05, 271.783
2564, 1.44815e-08, 0.000115789, 7.70413e-08, 0, 1.91819e-17, 9.5371e-16, 0, 0, 0.000115866, 3.69942e-13, 4.35523e-14, 18.0504, 0.968384, 2.39934e-05, 271.766
2565, 1.10488e-07, 0.000115877, 1.33366e-07, 0, 1.4612e-16, 7.2696e-15, 0, 0, 0.00011601, 2.82308e-12, 3.31235e-13, 16.0184, 0.96839, 2.4144e-05, 271.702
2566, 3.58567e-07, 0.00011534, 2.46132e-07, 0, 4.75064e-16, 2.36302e-14, 0, 0, 0.000115586, 9.16445e-12, 1.07782e-12, 14.8412, 0.968396, 2.48637e-05, 271.574
2567, 4.90832e-07, 0.000115488, 2.97617e-07, 0, 6.50261e-16, 3.23529e-14, 0, 0, 0.000115785, 1.25483e-11, 1.4756e-12, 14.5272, 0.968402, 2.5369e-05, 271.516
2568, 2.8353e-07, 0.000117078, 2.20068e-07, 0, 3.749e-16, 1.86661e-14, 0, 0, 0.000117298, 7.25033e-12, 8.50384e-13, 15.0759, 0.968408, 2.55707e-05, 271.607
2569, 6.91635e-08, 0.000118852, 1.2594e-07, 0, 9.10904e-17, 4.54096e-15, 0, 0, 0.000118978, 1.76902e-12, 2.06393e-13, 16.4868, 0.968414, 2.56092e-05, 271.714
2570, 7.15327e-09, 0.000119662, 1.19232e-07, 0, 9.34479e-18, 4.66811e-16, 0, 0, 0.000119781, 1.83002e-13, 2.11219e-14, 18.7557, 0.96842, 2.55897e-05, 271.723
2571, 3.70417e-10, 0.000119742, 1.79436e-07, 0, 4.35183e-19, 2.20933e-17, 0, 0, 0.000119922, 9.48401e-15, 9.50459e-16, 21.7164, 0.968426, 2.56031e-05, 271.658
2572, 6.86563e-11, 0.000120354, 1.91119e-07, 0, 4.09488e-20, 2.37529e-18, 0, 0, 0.000120545, 1.76348e-15, 5.9403e-17, 23.4019, 0.968432, 2.56386e-05, 271.647
2573, 2.82067e-11, 0.000121757, 1.30497e-07, 0, 1.50979e-20, 9.00892e-19, 0, 0, 0.000121888, 7.24886e-16, 1.93252e-17, 24.2915, 0.968438, 2.56354e-05, 271.713
2574, 5.32916e-12, 0.000122911, 9.33077e-08, 0, 2.84458e-21, 1.69856e-19, 0, 0, 0.000123004, 1.36972e-16, 3.63013e-18, 25.9578, 0.968444, 2.56091e-05, 271.753
2575, 6.48096e-13, 0.000123576, 1.01412e-07, 0, 3.49044e-22, 2.07316e-20, 0, 0, 0.000123677, 1.66235e-17, 4.52728e-19, 28.0647, 0.96845, 2.55907e-05, 271.746
2576, 4.34944e-12, 0.000124294, 1.04559e-07, 0, 2.43711e-21, 1.42667e-19, 0, 0, 0.000124399, 1.11154e-16, 3.30335e-18, 26.161, 0.968456, 2.5579e-05, 271.743
2577, 3.69684e-11, 0.000124918, 1.16314e-07, 0, 2.10558e-20, 1.2287e-18, 0, 0, 0.000125035, 9.4503e-16, 2.88813e-17, 24.021, 0.968462, 2.5548e-05, 271.73
2578, 1.38294e-10, 0.000124942, 1.83416e-07, 0, 7.9863e-20, 4.64804e-18, 0, 0, 0.000125125, 3.53612e-15, 1.10644e-16, 22.7016, 0.968468, 2.55128e-05, 271.66
2579, 2.25907e-10, 0.000125143, 2.34926e-07, 0, 1.31885e-19, 7.65955e-18, 0, 0, 0.000125378, 5.77744e-15, 1.84146e-16, 22.2109, 0.968474, 2.55022e-05, 271.607
2580, 1.59846e-10, 0.000126376, 1.9297e-07, 0, 9.40448e-20, 5.45338e-18, 0, 0, 0.000126569, 4.08848e-15, 1.32034e-16, 22.5568, 0.96848, 2.54658e-05, 271.652
2581, 4.85299e-11, 0.000127937, 1.21261e-07, 0, 2.86921e-20, 1.66204e-18, 0, 0, 0.000128059, 1.24137e-15, 4.04196e-17, 23.7488, 0.968486, 2.53802e-05, 271.728
2582, 6.26565e-12, 0.000129041, 9.16162e-08, 0, 3.71359e-21, 2.14987e-19, 0, 0, 0.000129133, 1.60278e-16, 5.24042e-18, 25.7959, 0.968492, 2.53086e-05, 271.759
2583, 3.41534e-13, 0.000130039, 7.16804e-08, 0, 2.02536e-22, 1.17225e-20, 0, 0, 0.000130111, 8.73667e-18, 2.8592e-19, 28.7053, 0.968498, 2.52827e-05, 271.779
2584, 7.81896e-15, 0.000130976, 5.76208e-08, 0, 4.63219e-24, 2.68124e-22, 0, 0, 0.000131034, 2.00012e-19, 6.53524e-21, 32.4822, 0.968504, 2.52421e-05, 271.793
2585, 7.49449e-17, 0.000131539, 7.86639e-08, 0, 4.428e-26, 2.56409e-24, 0, 0, 0.000131618, 1.91707e-21, 6.23798e-23, 37.1298, 0.96851, 2.52113e-05, 271.773
2586, 3.5992e-19, 0.0001322, 9.10441e-08, 0, 1.82989e-28, 1.08619e-26, 0, 0, 0.000132291, 9.1897e-24, 2.50467e-25, 42.4684, 0.968516, 2.5226e-05, 271.761
2587, 7.29649e-19, 0.00013325, 6.77654e-08, 0, 1.19499e-28, 9.91418e-27, 0, 0, 0.000133318, 1.83466e-23, 6.13659e-26, 41.7617, 0.968522, 2.52495e-05, 271.784
2588, 1.16712e-17, 0.000134188, 5.52137e-08, 0, 1.94373e-27, 1.60309e-25, 0, 0, 0.000134243, 2.93306e-22, 1.00469e-24, 38.9894, 0.968528, 2.52367e-05, 271.797
2589, 7.99876e-17, 0.000134772, 7.56337e-08, 0, 1.33499e-26, 1.09992e-24, 0, 0, 0.000134848, 2.00969e-21, 6.91138e-24, 37.0647, 0.968534, 2.51923e-05, 271.777
2590, 2.2737e-16, 0.000135093, 1.20504e-07, 0, 3.79963e-26, 3.12838e-24, 0, 0, 0.000135213, 5.71147e-21, 1.96903e-23, 36.02, 0.96854, 2.51512e-05, 271.734
2591, 2.68111e-16, 0.000135622, 1.46678e-07, 0, 4.48221e-26, 3.6889e-24, 0, 0, 0.000135768, 6.73352e-21, 2.3235e-23, 35.8551, 0.968546, 2.51329e-05, 271.709
2592, 1.31334e-16, 0.000136777, 1.1585e-07, 0, 2.19345e-26, 1.80536e-24, 0, 0, 0.000136893, 3.29785e-21, 1.13629e-23, 36.5688, 0.968552, 2.51283e-05, 271.74
2593, 2.6809e-17, 0.000138151, 6.51891e-08, 0, 4.46216e-27, 3.67602e-25, 0, 0, 0.000138216, 6.73096e-22, 2.3061e-24, 38.1578, 0.968558, 2.51078e-05, 271.789
2594, 2.453e-18, 0.000139339, 3.18748e-08, 0, 4.1272e-28, 3.38018e-26, 0, 0, 0.000139371, 6.15617e-23, 2.17339e-25, 40.5492, 0.968564, 2.50588e-05, 271.82
2595, 9.27667e-18, 0.0001403, 1.98067e-08, 0, 2.0048e-27, 1.48274e-25, 0, 0, 0.00014032, 2.31666e-22, 1.3535e-24, 39.219, 0.96857, 2.50137e-05, 271.832
2596, 2.26554e-16, 0.000141006, 3.17818e-08, 0, 4.95907e-26, 3.65381e-24, 0, 0, 0.000141038, 5.65835e-21, 3.38275e-23, 36.0235, 0.968576, 2.50011e-05, 271.821
2597, 2.36417e-15, 0.000141433, 6.96279e-08, 0, 5.21775e-25, 3.83571e-23, 0, 0, 0.000141503, 5.90508e-20, 3.58379e-22, 33.6783, 0.968582, 2.49926e-05, 271.786
2598, 1.04288e-14, 0.000141584, 1.32654e-07, 0, 2.31525e-24, 1.69933e-22, 0, 0, 0.000141716, 2.6048e-19, 1.59838e-21, 32.1942, 0.968588, 2.49593e-05, 271.727
2599, 1.94451e-14, 0.000141827, 1.87358e-07, 0, 4.33149e-24, 3.17652e-22, 0, 0, 0.000142014, 4.85627e-19, 3.00018e-21, 31.5712, 0.968594, 2.49102e-05, 271.676
2600, 1.5353e-14, 0.000142772, 1.78954e-07, 0, 3.42055e-24, 2.50871e-22, 0, 0, 0.000142951, 3.83355e-19, 2.37165e-21, 31.8075, 0.9686, 2.4869e-05, 271.685
2601, 5.16345e-15, 0.000144238, 1.23815e-07, 0, 1.14486e-24, 8.40989e-23, 0, 0, 0.000144362, 1.28885e-19, 7.91889e-22, 32.8972, 0.968606, 2.48473e-05, 271.737
2602, 7.49994e-16, 0.000145539, 8.39534e-08, 0, 1.64058e-25, 1.21025e-23, 0, 0, 0.000145623, 1.87109e-20, 1.12527e-22, 34.8265, 0.968612, 2.48276e-05, 271.774
2603, 4.83486e-17, 0.000146635, 6.28839e-08, 0, 1.0281e-26, 7.65187e-25, 0, 0, 0.000146698, 1.20523e-21, 6.91837e-24, 37.5681, 0.968618, 2.47824e-05, 271.794
2604, 1.44241e-18, 0.000147743, 4.10937e-08, 0, 2.92136e-28, 2.20856e-26, 0, 0, 0.000147784, 3.59157e-23, 1.89714e-25, 41.0802, 0.968624, 2.47182e-05, 271.814
2605, 2.0747e-20, 0.000148738, 2.99317e-08, 0, 3.93383e-30, 3.03998e-28, 0, 0, 0.000148768, 5.15931e-25, 2.42163e-27, 45.3219, 0.96863, 2.46715e-05, 271.824
2606, 1.51921e-22, 0.000149575, 3.37485e-08, 0, 2.64274e-32, 2.09989e-30, 0, 0, 0.000149609, 3.76642e-27, 1.5143e-29, 50.2387, 0.968636, 2.46383e-05, 271.82
2607, 5.48894e-22, 0.000150311, 4.71864e-08, 0, 5.46409e-32, 5.12292e-30, 0, 0, 0.000150358, 1.3019e-26, 1.84309e-29, 48.9541, 0.968642, 2.45768e-05, 271.809
2608, 1.81042e-20, 0.000150993, 6.58957e-08, 0, 1.82125e-30, 1.70045e-28, 0, 0, 0.000151059, 4.2902e-25, 6.21955e-28, 45.4581, 0.968648, 2.44825e-05, 271.792
2609, 2.51712e-19, 0.000151721, 8.07553e-08, 0, 2.55551e-29, 2.37756e-27, 0, 0, 0.000151802, 5.96043e-24, 8.82157e-27, 42.826, 0.968654, 2.43487e-05, 271.779
2610, 1.47109e-18, 0.000152408, 9.95137e-08, 0, 1.50462e-28, 1.39592e-26, 0, 0, 0.000152507, 3.48125e-23, 5.23853e-26, 41.0605, 0.96866, 2.41061e-05, 271.763
2611, 3.60159e-18, 0.000152993, 1.27873e-07, 0, 3.70487e-28, 3.42987e-26, 0, 0, 0.000153121, 8.51839e-23, 1.2984e-25, 40.1652, 0.968666, 2.35678e-05, 271.739
2612, 3.68262e-18, 0.000153967, 1.21641e-07, 0, 3.8045e-28, 3.51663e-26, 0, 0, 0.000154089, 8.70619e-23, 1.33983e-25, 40.1429, 0.968672, 2.28245e-05, 271.745
2613, 1.56861e-18, 0.000155183, 9.40063e-08, 0, 1.62549e-28, 1.50089e-26, 0, 0, 0.000155277, 3.70704e-23, 5.7445e-26, 40.9963, 0.968678, 2.2677e-05, 271.769
2614, 2.77757e-19, 0.000156166, 8.77984e-08, 0, 2.88416e-29, 2.6613e-27, 0, 0, 0.000156254, 6.56211e-24, 1.02169e-26, 42.7275, 0.968684, 2.3288e-05, 271.775
2615, 2.04175e-20, 0.000157172, 7.98208e-08, 0, 2.12242e-30, 1.95781e-28, 0, 0, 0.000157252, 4.82246e-25, 7.52937e-28, 45.3379, 0.96869, 2.38425e-05, 271.782
2616, 6.23967e-22, 0.000158393, 5.27733e-08, 0, 6.47826e-32, 5.97889e-30, 0, 0, 0.000158446, 1.47346e-26, 2.29831e-29, 48.8259, 0.968696, 2.40593e-05, 271.806
2617, 8.839e-24, 0.00015952, 3.46022e-08, 0, 8.90041e-34, 8.29945e-32, 0, 0, 0.000159555, 2.08858e-28, 3.09935e-31, 53.0829, 0.968702, 2.41197e-05, 271.821
2618, 8.38002e-21, 0.000160373, 4.18436e-08, 0, 1.39545e-30, 1.07467e-28, 0, 0, 0.000160415, 1.98916e-25, 8.26064e-28, 46.2284, 0.968708, 2.41284e-05, 271.815
2619, 6.48978e-19, 0.000161199, 5.19633e-08, 0, 1.08806e-28, 8.35515e-27, 0, 0, 0.000161251, 1.53725e-23, 6.49226e-26, 41.8789, 0.968714, 2.40995e-05, 271.807
2620, 2.22546e-17, 0.000162129, 5.28399e-08, 0, 3.77291e-27, 2.88601e-25, 0, 0, 0.000162182, 5.26669e-22, 2.2762e-24, 38.344, 0.96872, 2.4054e-05, 271.806
2621, 3.29601e-16, 0.000162756, 8.1361e-08, 0, 5.64031e-26, 4.30058e-24, 0, 0, 0.000162837, 7.79391e-21, 3.43459e-23, 35.6487, 0.968726, 2.40077e-05, 271.782
2622, 2.10802e-15, 0.000162871, 1.55853e-07, 0, 3.63258e-25, 2.76313e-23, 0, 0, 0.000163027, 4.98125e-20, 2.22765e-22, 33.793, 0.968732, 2.39177e-05, 271.72
2623, 5.8199e-15, 0.000163, 2.29059e-07, 0, 1.00713e-24, 7.64958e-23, 0, 0, 0.000163229, 1.37443e-19, 6.20409e-22, 32.7775, 0.968738, 2.36944e-05, 271.659
2624, 6.92778e-15, 0.00016378, 2.44901e-07, 0, 1.20036e-24, 9.11267e-23, 0, 0, 0.000164025, 1.63522e-19, 7.40813e-22, 32.6032, 0.968744, 2.31931e-05, 271.646
2625, 3.54954e-15, 0.00016535, 1.91259e-07, 0, 6.13945e-25, 4.66294e-23, 0, 0, 0.000165541, 8.37428e-20, 3.78604e-22, 33.272, 0.96875, 2.24259e-05, 271.692
2626, 7.81389e-16, 0.000167199, 1.13062e-07, 0, 1.34512e-25, 1.02303e-23, 0, 0, 0.000167312, 1.84258e-20, 8.26743e-23, 34.7855, 0.968756, 2.20885e-05, 271.758
2627, 7.37878e-17, 0.000168561, 7.85343e-08, 0, 1.26044e-26, 9.60808e-25, 0, 0, 0.00016864, 1.73899e-21, 7.70224e-24, 37.1453, 0.968762, 2.26136e-05, 271.787
2628, 2.98621e-18, 0.000169437, 8.78437e-08, 0, 5.04634e-28, 3.85899e-26, 0, 0, 0.000169525, 7.03303e-23, 3.05845e-25, 40.3525, 0.968768, 2.32718e-05, 271.78
2629, 5.17856e-20, 0.000170532, 7.78708e-08, 0, 8.62868e-30, 6.62601e-28, 0, 0, 0.00017061, 1.21866e-24, 5.17356e-27, 44.4072, 0.968774, 2.35933e-05, 271.788
2630, 1.56233e-19, 0.000171856, 4.77706e-08, 0, 3.80753e-29, 2.61995e-27, 0, 0, 0.000171903, 3.72316e-24, 3.35084e-26, 43.3029, 0.96878, 2.37194e-05, 271.812
2631, 3.2881e-16, 0.000172885, 4.44556e-08, 0, 1.39327e-25, 8.36717e-24, 0, 0, 0.00017293, 7.83139e-21, 1.92905e-22, 35.6511, 0.968786, 2.37905e-05, 271.815
2632, 5.76298e-14, 0.000173636, 6.66549e-08, 0, 3.28107e-23, 1.85734e-21, 0, 0, 0.000173703, 1.37208e-18, 5.74765e-20, 30.4847, 0.968792, 2.38249e-05, 271.798
2633, 3.08989e-12, 0.000174461, 8.24861e-08, 0, 1.91998e-21, 1.07069e-19, 0, 0, 0.000174543, 7.3538e-17, 3.55303e-18, 26.5029, 0.968798, 2.38162e-05, 271.785
2634, 8.6299e-11, 0.00017505, 1.18874e-07, 0, 5.70902e-20, 3.15071e-18, 0, 0, 0.000175169, 2.05286e-15, 1.09587e-16, 23.1732, 0.968804, 2.37908e-05, 271.756
2635, 1.17692e-09, 0.000174849, 2.24261e-07, 0, 8.0981e-19, 4.4409e-17, 0, 0, 0.000175073, 2.79801e-14, 1.59124e-15, 20.5604, 0.96881, 2.37782e-05, 271.671
2636, 7.62849e-09, 0.000174281, 3.60242e-07, 0, 5.38577e-18, 2.94178e-16, 0, 0, 0.000174642, 1.81247e-13, 1.07564e-14, 18.6914, 0.968816, 2.37766e-05, 271.561
2637, 2.34362e-08, 0.00017407, 4.64024e-07, 0, 1.6833e-17, 9.17333e-16, 0, 0, 0.000174534, 5.56477e-13, 3.40218e-14, 17.569, 0.968822, 2.37682e-05, 271.475
2638, 3.55744e-08, 0.000174673, 4.9886e-07, 0, 2.57901e-17, 1.40497e-15, 0, 0, 0.000175172, 8.44137e-13, 5.25676e-14, 17.1516, 0.968828, 2.37391e-05, 271.447
2639, 3.11729e-08, 0.000176042, 4.70178e-07, 0, 2.25833e-17, 1.23367e-15, 0, 0, 0.000176513, 7.39017e-13, 4.62805e-14, 17.2837, 0.968834, 2.3697e-05, 271.473
2640, 1.947e-08, 0.000177951, 3.96622e-07, 0, 1.39991e-17, 7.68544e-16, 0, 0, 0.000178348, 4.61092e-13, 2.87797e-14, 17.7544, 0.96884, 2.36723e-05, 271.535
2641, 7.93498e-09, 0.000180363, 2.80198e-07, 0, 5.67555e-18, 3.12692e-16, 0, 0, 0.000180644, 1.87806e-13, 1.16908e-14, 18.652, 0.968846, 2.36655e-05, 271.631
2642, 1.65343e-09, 0.000182139, 2.17969e-07, 0, 1.17289e-18, 6.48047e-17, 0, 0, 0.000182357, 3.91234e-14, 2.4129e-15, 20.2204, 0.968852, 2.36464e-05, 271.682
2643, 2.05616e-10, 0.000182721, 2.58488e-07, 0, 1.28963e-19, 7.27063e-18, 0, 0, 0.00018298, 4.85956e-15, 2.50796e-16, 22.305, 0.968858, 2.36146e-05, 271.651
2644, 6.28168e-11, 0.000183572, 2.76535e-07, 0, 2.74662e-20, 1.65805e-18, 0, 0, 0.000183848, 1.48042e-15, 4.15469e-17, 23.4908, 0.968864, 2.35816e-05, 271.638
2645, 5.55139e-11, 0.0001854, 2.10546e-07, 0, 2.87971e-20, 1.6738e-18, 0, 0, 0.00018561, 1.3059e-15, 4.97776e-17, 23.6144, 0.96887, 2.35583e-05, 271.69
2646, 4.79606e-10, 0.000186891, 1.73425e-07, 0, 2.93005e-19, 1.65183e-17, 0, 0, 0.000187065, 1.12693e-14, 5.59907e-16, 21.4581, 0.968876, 2.3535e-05, 271.719
2647, 3.15369e-09, 0.000186856, 2.67313e-07, 0, 1.96884e-18, 1.1064e-16, 0, 0, 0.000187123, 7.40892e-14, 3.81635e-15, 19.5747, 0.968882, 2.35028e-05, 271.646
2648, 9.47702e-09, 0.000186075, 4.2447e-07, 0, 5.98913e-18, 3.36074e-16, 0, 0, 0.000186499, 2.22604e-13, 1.17114e-14, 18.4744, 0.968888, 2.34784e-05, 271.524
2649, 1.29165e-08, 0.000186267, 4.99489e-07, 0, 8.19739e-18, 4.59977e-16, 0, 0, 0.000186766, 3.03335e-13, 1.60953e-14, 18.1648, 0.968894, 2.34557e-05, 271.467
2650, 8.03023e-09, 0.000188001, 4.45367e-07, 0, 5.06405e-18, 2.84681e-16, 0, 0, 0.000188446, 1.8854e-13, 9.92422e-15, 18.6401, 0.9689, 2.34208e-05, 271.511
2651, 2.32703e-09, 0.000190781, 3.02763e-07, 0, 1.43447e-18, 8.10235e-17, 0, 0, 0.000191084, 5.4621e-14, 2.78011e-15, 19.8787, 0.968906, 2.33701e-05, 271.623
2652, 3.29589e-10, 0.000193506, 1.64209e-07, 0, 1.93779e-19, 1.10465e-17, 0, 0, 0.00019367, 7.73424e-15, 3.65981e-16, 21.8332, 0.968912, 2.33308e-05, 271.729
2653, 2.42358e-11, 0.000195093, 1.23142e-07, 0, 1.32603e-20, 7.66559e-19, 0, 0, 0.000195216, 5.68633e-16, 2.39794e-17, 24.4432, 0.968918, 2.33173e-05, 271.761
2654, 9.43984e-13, 0.000195953, 1.45e-07, 0, 4.783e-22, 2.80779e-20, 0, 0, 0.000196098, 2.21476e-17, 8.21312e-19, 27.6887, 0.968924, 2.32781e-05, 271.745
2655, 1.8574e-14, 0.000197071, 1.4471e-07, 0, 8.85354e-24, 5.2626e-22, 0, 0, 0.000197215, 4.35782e-19, 1.45451e-20, 31.617, 0.96893, 2.32221e-05, 271.746
2656, 3.24314e-16, 0.000198099, 1.52529e-07, 0, 9.89998e-26, 6.42367e-24, 0, 0, 0.000198251, 7.56442e-21, 1.37079e-22, 35.6648, 0.968936, 2.31979e-05, 271.741
2657, 3.33806e-16, 0.000198806, 1.88612e-07, 0, 4.52249e-26, 3.77572e-24, 0, 0, 0.000198994, 7.73299e-21, 2.70374e-23, 35.636, 0.968942, 2.3191e-05, 271.715
2658, 3.01365e-16, 0.000199899, 1.91783e-07, 0, 4.05374e-26, 3.3936e-24, 0, 0, 0.000200091, 6.97988e-21, 2.39295e-23, 35.7382, 0.968948, 2.31696e-05, 271.714
2659, 1.1394e-16, 0.000201601, 1.4274e-07, 0, 1.52345e-26, 1.27788e-24, 0, 0, 0.000201744, 2.63851e-21, 8.95701e-24, 36.7109, 0.968954, 2.31345e-05, 271.749
2660, 1.82145e-17, 0.000203273, 9.6832e-08, 0, 2.4038e-27, 2.0249e-25, 0, 0, 0.000203369, 4.2175e-22, 1.40053e-24, 38.5443, 0.96896, 2.31027e-05, 271.782
2661, 1.26127e-18, 0.000204508, 8.9268e-08, 0, 1.62107e-28, 1.3774e-26, 0, 0, 0.000204597, 2.92059e-23, 9.2649e-26, 41.2144, 0.968966, 2.30836e-05, 271.788
2662, 3.94326e-20, 0.000205636, 9.13883e-08, 0, 4.83067e-30, 4.17069e-28, 0, 0, 0.000205728, 9.13394e-25, 2.65961e-27, 44.6797, 0.968972, 2.30681e-05, 271.787
2663, 5.8569e-22, 0.000206853, 8.6282e-08, 0, 6.6788e-32, 5.91074e-30, 0, 0, 0.000206939, 1.3575e-26, 3.45562e-29, 48.8893, 0.968977, 2.30349e-05, 271.791
2664, 4.25647e-24, 0.000208289, 6.24325e-08, 0, 4.47655e-34, 4.07925e-32, 0, 0, 0.000208351, 9.87287e-29, 2.13631e-31, 53.8136, 0.968984, 2.29877e-05, 271.807
2665, 1.48633e-26, 0.000209784, 3.38656e-08, 0, 1.46127e-36, 1.36582e-34, 0, 0, 0.000209818, 3.44963e-31, 6.45255e-34, 59.4709, 0.96899, 2.29464e-05, 271.827
2666, 2.37576e-29, 0.000211088, 2.25725e-08, 0, 2.23453e-39, 2.12464e-37, 0, 0, 0.00021111, 5.51597e-34, 9.32626e-37, 65.9097, 0.968996, 2.29217e-05, 271.835
2667, 1.66484e-32, 0.000212235, 2.53915e-08, 0, 1.52181e-42, 1.46318e-40, 0, 0, 0.000212261, 3.86604e-37, 6.14425e-40, 73.173, 0.969002, 2.2902e-05, 271.833
2668, 5.49364e-36, 0.000213311, 3.49725e-08, 0, 0, 4.2039e-44, 0, 0, 0.000213346, 1.27448e-40, 1.75162e-43, 81.1895, 0.969008, 2.28605e-05, 271.827
2669, 5.16223e-39, 0.000214471, 3.76931e-08, 0, 0, 0, 0, 0, 0.000214509, 1.17709e-43, 0, 88.1595, 0.969014, 2.27894e-05, 271.825
2670, 2.76921e-39, 0.00021574, 3.13331e-08, 0, 0, 0, 0, 0, 0.000215772, 0, 0, 88.7823, 0.96902, 2.27099e-05, 271.829
2671, 5.99811e-38, 0.000216874, 3.72271e-08, 0, 0, 0, 0, 0, 0.000216912, 0, 0, 85.7068, 0.969026, 2.2621e-05, 271.825
2672, 5.38654e-37, 0.000217877, 5.50436e-08, 0, 0, 0, 0, 0, 0.000217932, 0, 0, 83.5117, 0.969032, 2.24736e-05, 271.814
2673, 1.99278e-36, 0.000218968, 6.56866e-08, 0, 0, 0, 0, 0, 0.000219034, 0, 0, 82.2035, 0.969038, 2.21356e-05, 271.807
2674, 3.03739e-36, 0.000220182, 6.60717e-08, 0, 0, 0, 0, 0, 0.000220248, 0, 0, 81.7821, 0.969044, 2.14925e-05, 271.807
2675, 1.90732e-36, 0.000221554, 5.33542e-08, 0, 0, 0, 0, 0, 0.000221607, 0, 0, 82.2474, 0.96905, 2.09939e-05, 271.815
2676, 4.98902e-37, 0.000222982, 3.62228e-08, 0, 0, 0, 0, 0, 0.000223018, 1.21913e-43, 0, 83.5884, 0.969056, 2.12778e-05, 271.827
2677, 2.22499e-36, 0.00022432, 2.7383e-08, 0, 0, 0, 0, 0, 0.000224347, 4.88829e-41, 0, 82.0933, 0.969062, 2.19029e-05, 271.832
2678, 8.63923e-35, 0.000225538, 2.94608e-08, 0, 0, 0, 0, 0, 0.000225567, 1.94389e-39, 0, 78.4342, 0.969068, 2.22636e-05, 271.831
2679, 1.40092e-33, 0.000226704, 3.65391e-08, 0, 0, 0, 0, 0, 0.00022674, 3.15228e-38, 0, 75.6482, 0.969074, 2.2388e-05, 271.827
2680, 9.36382e-33, 0.000227741, 5.51104e-08, 0, 0, 0, 0, 0, 0.000227796, 2.10701e-37, 0, 73.7485, 0.96908, 2.2426e-05, 271.815
2681, 2.57902e-32, 0.000228642, 8.5819e-08, 0, 0, 0, 0, 0, 0.000228728, 5.80324e-37, 0, 72.7353, 0.969086, 2.24454e-05, 271.795
2682, 2.94052e-32, 0.000229778, 9.69041e-08, 0, 0, 1.34525e-43, 0, 0, 0.000229875, 6.61634e-37, 1.4013e-44, 72.6041, 0.969092, 2.24527e-05, 271.788
2683, 1.10227e-31, 0.000231249, 7.97291e-08, 0, 6.51604e-43, 1.12421e-40, 0, 0, 0.000231329, 2.43574e-36, 1.76423e-41, 71.2828, 0.969098, 2.24467e-05, 271.8
2684, 3.9336e-30, 0.000232649, 6.91777e-08, 0, 2.64831e-41, 4.57548e-39, 0, 0, 0.000232718, 8.66824e-35, 7.17776e-40, 67.708, 0.969104, 2.24372e-05, 271.807
2685, 1.7952e-28, 0.000233868, 7.45887e-08, 0, 2.07578e-39, 2.46827e-37, 0, 0, 0.000233942, 3.9909e-33, 1.31576e-37, 63.8873, 0.96911, 2.24229e-05, 271.803
2686, 6.63981e-27, 0.000235084, 8.06798e-08, 0, 9.51872e-38, 1.0219e-35, 0, 0, 0.000235164, 1.48212e-31, 7.27857e-36, 60.2767, 0.969116, 2.24022e-05, 271.8
2687, 1.5194e-25, 0.000236168, 9.84557e-08, 0, 2.34637e-36, 2.49166e-34, 0, 0, 0.000236267, 3.39381e-30, 1.95755e-34, 57.1463, 0.969122, 2.23689e-05, 271.789
2688, 1.68953e-24, 0.000237184, 1.2261e-07, 0, 2.78986e-35, 2.98667e-33, 0, 0, 0.000237306, 3.77281e-29, 2.57456e-33, 54.7376, 0.969128, 2.23378e-05, 271.774
2689, 9.42528e-24, 0.000238206, 1.46536e-07, 0, 1.67609e-34, 1.81036e-32, 0, 0, 0.000238353, 2.10353e-28, 1.71978e-32, 53.0186, 0.969134, 2.2329e-05, 271.759
2690, 2.72884e-23, 0.000239106, 1.81308e-07, 0, 5.12705e-34, 5.55431e-32, 0, 0, 0.000239287, 6.08655e-28, 5.68031e-32, 51.9556, 0.96914, 2.23109e-05, 271.738
2691, 3.93189e-23, 0.000240293, 1.92388e-07, 0, 7.56101e-34, 8.16726e-32, 0, 0, 0.000240485, 8.76606e-28, 8.71176e-32, 51.5903, 0.969146, 2.22728e-05, 271.731
2692, 2.61243e-23, 0.000242028, 1.5775e-07, 0, 5.03273e-34, 5.40598e-32, 0, 0, 0.000242186, 5.82285e-28, 5.88572e-32, 51.9992, 0.969152, 2.22346e-05, 271.753
2693, 7.56671e-24, 0.00024408, 9.67276e-08, 0, 1.4477e-34, 1.54601e-32, 0, 0, 0.000244177, 1.68631e-28, 1.69923e-32, 53.2383, 0.969158, 2.22109e-05, 271.791
2694, 9.30323e-25, 0.000245954, 5.12248e-08, 0, 1.76523e-35, 1.87441e-33, 0, 0, 0.000246005, 2.07309e-29, 2.07329e-33, 55.3343, 0.969163, 2.21942e-05, 271.819
2695, 5.25493e-25, 0.000247365, 4.54345e-08, 0, 1.30986e-35, 1.09911e-33, 0, 0, 0.00024741, 1.15581e-29, 2.40947e-33, 55.9055, 0.96917, 2.21688e-05, 271.823
2696, 1.87254e-23, 0.000248366, 7.48565e-08, 0, 4.788e-34, 3.93808e-32, 0, 0, 0.000248441, 4.11317e-28, 9.04296e-32, 52.3322, 0.969176, 2.21381e-05, 271.805
2697, 3.05133e-22, 0.000249132, 1.24527e-07, 0, 7.81545e-33, 6.42291e-31, 0, 0, 0.000249257, 6.7024e-27, 1.47645e-30, 49.5413, 0.969182, 2.21181e-05, 271.775
2698, 2.06537e-21, 0.000250071, 1.60026e-07, 0, 5.33395e-32, 4.37426e-30, 0, 0, 0.000250231, 4.53668e-26, 1.03372e-29, 47.629, 0.969188, 2.21068e-05, 271.754
2699, 6.76239e-21, 0.000251249, 1.75692e-07, 0, 2.0365e-31, 1.60841e-29, 0, 0, 0.000251425, 1.48557e-25, 5.86904e-29, 46.4429, 0.969194, 2.20827e-05, 271.745
2700, 4.60235e-20, 0.000252784, 1.62107e-07, 0, 2.2968e-30, 1.6473e-28, 0, 0, 0.000252946, 1.01163e-24, 1.18125e-27, 44.5251, 0.9692, 2.20467e-05, 271.754
2701, 6.09981e-19, 0.000254529, 1.31614e-07, 0, 3.27529e-29, 2.31829e-27, 0, 0, 0.00025466, 1.34094e-23, 1.75735e-26, 41.9409, 0.969206, 2.20119e-05, 271.772
2702, 3.85411e-18, 0.000255649, 1.53865e-07, 0, 2.0713e-28, 1.46246e-26, 0, 0, 0.000255803, 8.4727e-23, 1.10745e-25, 40.0974, 0.969212, 2.19857e-05, 271.76
2703, 1.01121e-17, 0.000256277, 2.17659e-07, 0, 5.42333e-28, 3.82159e-26, 0, 0, 0.000256494, 2.22299e-22, 2.88437e-25, 39.1328, 0.969218, 2.19718e-05, 271.722
2704, 1.09814e-17, 0.000257266, 2.5179e-07, 0, 5.87146e-28, 4.1309e-26, 0, 0, 0.000257517, 2.41407e-22, 3.10468e-25, 39.0503, 0.969224, 2.19544e-05, 271.703
2705, 4.96696e-18, 0.000258836, 2.38238e-07, 0, 2.63924e-28, 1.85729e-26, 0, 0, 0.000259075, 1.09186e-22, 1.38557e-25, 39.8437, 0.96923, 2.19172e-05, 271.711
2706, 9.73954e-19, 0.000260639, 2.06038e-07, 0, 5.06253e-29, 3.60195e-27, 0, 0, 0.000260845, 2.14051e-23, 2.61862e-26, 41.4729, 0.969236, 2.18629e-05, 271.731
2707, 1.05175e-19, 0.00026259, 1.61821e-07, 0, 4.95947e-30, 3.77691e-28, 0, 0, 0.000262752, 2.30899e-24, 2.42136e-27, 43.6987, 0.969242, 2.18158e-05, 271.758
2708, 1.11962e-20, 0.000264638, 1.09552e-07, 0, 4.40501e-31, 3.8658e-29, 0, 0, 0.000264748, 2.45359e-25, 1.8844e-28, 45.9387, 0.969248, 2.18055e-05, 271.788
2709, 1.14864e-21, 0.000266596, 6.51547e-08, 0, 5.03017e-32, 4.27619e-30, 0, 0, 0.000266661, 2.51285e-26, 2.16941e-29, 48.2157, 0.969254, 2.18132e-05, 271.814
2710, 3.90722e-20, 0.000268265, 4.55481e-08, 0, 4.38208e-30, 3.72112e-28, 0, 0, 0.000268311, 8.47688e-25, 4.15783e-27, 44.6889, 0.96926, 2.17972e-05, 271.825
2711, 1.84423e-18, 0.000269574, 5.70798e-08, 0, 2.07993e-28, 1.76817e-26, 0, 0, 0.000269631, 4.00084e-23, 1.98645e-25, 40.8345, 0.969266, 2.17607e-05, 271.818
2712, 3.76389e-17, 0.000270354, 1.1375e-07, 0, 4.26531e-27, 3.62924e-25, 0, 0, 0.000270468, 8.16431e-22, 4.10571e-24, 37.8185, 0.969272, 2.1726e-05, 271.787
2713, 3.3719e-16, 0.000270807, 1.98327e-07, 0, 3.84432e-26, 3.2686e-24, 0, 0, 0.000271005, 7.31232e-21, 3.72235e-23, 35.6259, 0.969278, 2.17063e-05, 271.74
2714, 1.3947e-15, 0.000271375, 2.73127e-07, 0, 1.60272e-25, 1.35876e-23, 0, 0, 0.000271648, 3.0234e-20, 1.55598e-22, 34.2061, 0.969284, 2.16891e-05, 271.699
2715, 2.81709e-15, 0.000272195, 3.27234e-07, 0, 3.26594e-25, 2.7579e-23, 0, 0, 0.000272522, 6.10392e-20, 3.16721e-22, 33.5031, 0.96929, 2.16628e-05, 271.669
2716, 2.83087e-15, 0.000273883, 3.09554e-07, 0, 3.30508e-25, 2.78461e-23, 0, 0, 0.000274193, 6.13129e-20, 3.19513e-22, 33.4982, 0.969296, 2.16289e-05, 271.68
2717, 1.36398e-15, 0.000276545, 2.11262e-07, 0, 1.5978e-25, 1.34763e-23, 0, 0, 0.000276757, 2.95351e-20, 1.54031e-22, 34.2284, 0.969302, 2.15953e-05, 271.735
2718, 2.97712e-16, 0.000279051, 1.26425e-07, 0, 3.48673e-26, 2.95262e-24, 0, 0, 0.000279177, 6.44594e-21, 3.35573e-23, 35.7504, 0.969308, 2.15693e-05, 271.782
2719, 2.82213e-17, 0.000281049, 8.42416e-08, 0, 3.29558e-27, 2.80724e-25, 0, 0, 0.000281133, 6.11033e-22, 3.16891e-24, 38.1065, 0.969314, 2.15435e-05, 271.805
2720, 1.13631e-18, 0.000282936, 5.15512e-08, 0, 1.32027e-28, 1.13256e-26, 0, 0, 0.000282988, 2.46034e-23, 1.26854e-25, 41.3187, 0.96932, 2.15097e-05, 271.823
2721, 1.9248e-20, 0.000284481, 4.86839e-08, 0, 2.22105e-30, 1.92015e-28, 0, 0, 0.000284529, 4.16778e-25, 2.13161e-27, 45.3969, 0.969326, 2.14755e-05, 271.825
2722, 4.74468e-21, 0.000285612, 8.17821e-08, 0, 6.01035e-31, 5.24457e-29, 0, 0, 0.000285693, 1.00851e-25, 5.49984e-28, 46.7973, 0.969332, 2.14564e-05, 271.807
2723, 6.52069e-17, 0.000286983, 9.48957e-08, 0, 2.33444e-26, 1.48144e-24, 0, 0, 0.000287078, 1.3906e-21, 4.2667e-23, 37.269, 0.969338, 2.1443e-05, 271.801
2724, 1.01237e-14, 0.000288798, 7.05841e-08, 0, 3.90161e-24, 2.494e-22, 0, 0, 0.000288868, 2.15674e-19, 8.03373e-21, 32.2239, 0.969344, 2.14167e-05, 271.814
2725, 5.20163e-13, 0.000290292, 7.40997e-08, 0, 2.03023e-22, 1.29643e-20, 0, 0, 0.000290366, 1.10793e-17, 4.24146e-19, 28.2846, 0.96935, 2.13887e-05, 271.812
2726, 1.19489e-11, 0.000290796, 1.61921e-07, 0, 4.74895e-21, 3.03402e-19, 0, 0, 0.000290958, 2.54414e-16, 1.01434e-17, 25.1504, 0.969356, 2.13726e-05, 271.766
2727, 1.26067e-10, 0.000290389, 3.26152e-07, 0, 5.14577e-20, 3.26638e-18, 0, 0, 0.000290715, 2.68287e-15, 1.11966e-16, 22.7942, 0.969362, 2.13507e-05, 271.681
2728, 6.77974e-10, 0.000289762, 5.0688e-07, 0, 2.89138e-19, 1.80015e-17, 0, 0, 0.000290269, 1.44197e-14, 6.36325e-16, 21.1119, 0.969368, 2.13177e-05, 271.585
2729, 2.07694e-09, 0.000289566, 6.50597e-07, 0, 9.33149e-19, 5.65913e-17, 0, 0, 0.000290216, 4.41545e-14, 2.06034e-15, 19.9924, 0.969374, 2.12825e-05, 271.509
2730, 3.57634e-09, 0.000290537, 6.99352e-07, 0, 1.66639e-18, 9.93071e-17, 0, 0, 0.000291236, 7.60178e-14, 3.67961e-15, 19.4489, 0.96938, 2.12493e-05, 271.484
2731, 3.07937e-09, 0.000292885, 6.37151e-07, 0, 1.45528e-18, 8.62244e-17, 0, 0, 0.000293522, 6.54514e-14, 3.21128e-15, 19.5985, 0.969386, 2.12204e-05, 271.52
2732, 1.21891e-09, 0.000295784, 5.30696e-07, 0, 5.73892e-19, 3.40239e-17, 0, 0, 0.000296315, 2.59048e-14, 1.26138e-15, 20.5253, 0.969392, 2.11955e-05, 271.578
2733, 2.18687e-10, 0.000298585, 4.31708e-07, 0, 1.00579e-19, 5.98543e-18, 0, 0, 0.000299016, 4.64618e-15, 2.1831e-16, 22.2434, 0.969398, 2.117e-05, 271.632
2734, 1.88425e-11, 0.000301753, 3.00992e-07, 0, 8.14726e-21, 4.89262e-19, 0, 0, 0.000302054, 4.00051e-16, 1.71292e-17, 24.6949, 0.969404, 2.1148e-05, 271.7
2735, 9.54705e-13, 0.000304496, 2.06044e-07, 0, 3.51964e-22, 2.18277e-20, 0, 0, 0.000304702, 2.02442e-17, 6.83475e-19, 27.6774, 0.96941, 2.11315e-05, 271.749
2736, 3.99459e-14, 0.000305816, 2.31623e-07, 0, 1.13032e-23, 7.55582e-22, 0, 0, 0.000306048, 8.45941e-19, 1.88747e-20, 30.8513, 0.969416, 2.11075e-05, 271.737
2737, 1.28931e-15, 0.000307207, 2.51268e-07, 0, 3.06429e-25, 2.17345e-23, 0, 0, 0.000307459, 2.72904e-20, 4.52458e-22, 34.2847, 0.969422, 2.10745e-05, 271.728
2738, 2.77619e-17, 0.000309767, 1.72008e-07, 0, 5.35537e-27, 3.99848e-25, 0, 0, 0.000309939, 5.87162e-22, 7.11496e-24, 38.1229, 0.969428, 2.10436e-05, 271.767
2739, 1.70783e-18, 0.000312494, 7.89021e-08, 0, 1.69686e-28, 1.5667e-26, 0, 0, 0.000312573, 3.60013e-23, 1.4124e-25, 40.9113, 0.969434, 2.10183e-05, 271.812
2740, 1.05195e-17, 0.000314581, 4.08949e-08, 0, 1.39624e-27, 1.27183e-25, 0, 0, 0.000314622, 2.20047e-22, 1.83938e-24, 39.0933, 0.969439, 2.09985e-05, 271.831
2741, 3.13531e-16, 0.000316177, 4.55805e-08, 0, 5.85266e-26, 4.78766e-24, 0, 0, 0.000316223, 6.55054e-21, 1.1156e-22, 35.6986, 0.969446, 2.09787e-05, 271.829
2742, 5.86072e-15, 0.000317262, 9.44118e-08, 0, 1.47315e-24, 1.12092e-22, 0, 0, 0.000317356, 1.22268e-19, 3.38856e-21, 32.7705, 0.969452, 2.09501e-05, 271.806
2743, 1.72366e-13, 0.000317591, 2.08018e-07, 0, 5.37795e-23, 3.91429e-21, 0, 0, 0.000317799, 3.5912e-18, 1.35028e-19, 29.3892, 0.969458, 2.09128e-05, 271.752
2744, 3.02483e-12, 0.000318068, 3.09461e-07, 0, 9.7119e-22, 7.03622e-20, 0, 0, 0.000318378, 6.30091e-17, 2.46317e-18, 26.5242, 0.969464, 2.08813e-05, 271.704
2745, 2.29208e-11, 0.000319513, 3.2921e-07, 0, 7.38661e-21, 5.35215e-19, 0, 0, 0.000319842, 4.77441e-16, 1.87654e-17, 24.499, 0.96947, 2.08604e-05, 271.695
2746, 7.21351e-11, 0.000320691, 3.71116e-07, 0, 2.32644e-20, 1.68676e-18, 0, 0, 0.000321062, 1.50255e-15, 5.9145e-17, 23.3525, 0.969476, 2.08406e-05, 271.676
2747, 9.40258e-11, 0.000321668, 4.30907e-07, 0, 3.03107e-20, 2.19938e-18, 0, 0, 0.000322099, 1.9585e-15, 7.7084e-17, 23.0875, 0.969482, 2.08106e-05, 271.648
2748, 5.09502e-11, 0.00032361, 4.11345e-07, 0, 1.63728e-20, 1.1892e-18, 0, 0, 0.000324021, 1.06122e-15, 4.16122e-17, 23.7002, 0.969488, 2.07697e-05, 271.658
2749, 1.20283e-11, 0.000325554, 3.9221e-07, 0, 3.76996e-21, 2.74235e-19, 0, 0, 0.000325946, 2.50466e-16, 9.49891e-18, 25.1438, 0.969494, 2.07292e-05, 271.669
2750, 2.17877e-12, 0.000327201, 3.98088e-07, 0, 5.47014e-22, 3.99579e-20, 0, 0, 0.000327599, 4.52643e-17, 1.25125e-18, 26.8523, 0.9695, 2.06964e-05, 271.667
2751, 8.90463e-13, 0.000329806, 3.2386e-07, 0, 1.71793e-22, 1.25981e-20, 0, 0, 0.00033013, 1.84584e-17, 3.32462e-19, 27.747, 0.969506, 2.06652e-05, 271.702
2752, 2.71003e-13, 0.000332679, 2.27958e-07, 0, 5.07283e-23, 3.72091e-21, 0, 0, 0.000332906, 5.61633e-18, 9.58723e-20, 28.9366, 0.969512, 2.06254e-05, 271.747
2753, 3.56451e-14, 0.000334901, 1.87283e-07, 0, 6.65634e-24, 4.88233e-22, 0, 0, 0.000335088, 7.38704e-19, 1.25661e-20, 30.9652, 0.969518, 2.05674e-05, 271.767
2754, 1.94248e-15, 0.000337233, 1.36893e-07, 0, 3.62297e-25, 2.65752e-23, 0, 0, 0.00033737, 4.02554e-20, 6.83981e-22, 33.8748, 0.969524, 2.04802e-05, 271.79
2755, 4.37668e-17, 0.000339682, 7.68356e-08, 0, 8.15134e-27, 5.97982e-25, 0, 0, 0.000339759, 9.07005e-22, 1.53889e-23, 37.6677, 0.96953, 2.03428e-05, 271.816
2756, 4.11256e-19, 0.00034151, 7.1126e-08, 0, 7.59142e-29, 5.56879e-27, 0, 0, 0.000341582, 8.51811e-24, 1.43133e-25, 42.3351, 0.969536, 2.00669e-05, 271.819
2757, 3.35593e-20, 0.000342661, 1.24501e-07, 0, 1.2234e-30, 7.8641e-29, 0, 0, 0.000342785, 6.5393e-25, 7.42144e-28, 44.841, 0.969542, 1.95318e-05, 271.796
2758, 1.20525e-19, 0.00034348, 2.06669e-07, 0, 3.51087e-30, 2.15665e-28, 0, 0, 0.000343686, 2.34144e-24, 7.24202e-28, 43.5624, 0.969548, 1.9042e-05, 271.76
2759, 1.8735e-19, 0.000344559, 2.67026e-07, 0, 5.45515e-30, 3.35071e-28, 0, 0, 0.000344826, 3.63996e-24, 1.1242e-27, 43.1213, 0.969554, 1.92016e-05, 271.734
2760, 1.20154e-19, 0.000346429, 2.60587e-07, 0, 3.49716e-30, 2.14799e-28, 0, 0, 0.000346689, 2.33464e-24, 7.20744e-28, 43.5655, 0.96956, 1.97467e-05, 271.738
2761, 3.17927e-20, 0.000348849, 2.0747e-07, 0, 9.2489e-31, 5.68079e-29, 0, 0, 0.000349056, 6.17804e-25, 1.90614e-28, 44.8951, 0.969566, 2.00997e-05, 271.761
2762, 3.47084e-21, 0.000351447, 1.39404e-07, 0, 1.00908e-31, 6.19823e-30, 0, 0, 0.000351586, 6.74527e-26, 2.0795e-29, 47.1099, 0.969572, 2.02314e-05, 271.791
2763, 1.56817e-22, 0.00035368, 1.03297e-07, 0, 4.54955e-33, 2.79811e-31, 0, 0, 0.000353784, 3.04822e-27, 9.36544e-31, 50.207, 0.969578, 2.02777e-05, 271.807
2764, 5.07484e-24, 0.000355301, 1.20721e-07, 0, 1.18402e-34, 8.89141e-33, 0, 0, 0.000355422, 1.00196e-28, 2.01521e-32, 53.6377, 0.969584, 2.02976e-05, 271.8
2765, 6.0578e-24, 0.000356725, 1.55889e-07, 0, 1.24388e-34, 1.305e-32, 0, 0, 0.000356881, 1.22195e-28, 1.88568e-32, 53.4607, 0.96959, 2.03007e-05, 271.785
2766, 5.56714e-23, 0.000358576, 1.54755e-07, 0, 1.90621e-33, 1.91316e-31, 0, 0, 0.000358731, 1.12719e-27, 4.66e-31, 51.2426, 0.969596, 2.02938e-05, 271.786
2767, 7.46027e-22, 0.000360599, 1.39485e-07, 0, 2.67475e-32, 2.68544e-30, 0, 0, 0.000360739, 1.51113e-26, 6.73621e-30, 48.6473, 0.969602, 2.02795e-05, 271.793
2768, 4.47266e-21, 0.000362217, 1.59814e-07, 0, 1.61793e-31, 1.62472e-29, 0, 0, 0.000362377, 9.05988e-26, 4.1258e-29, 46.8563, 0.969608, 2.02638e-05, 271.784
2769, 1.16066e-19, 0.000363512, 2.08721e-07, 0, 1.32308e-29, 5.74537e-28, 0, 0, 0.00036372, 2.3391e-24, 9.6684e-27, 43.6001, 0.969614, 2.02506e-05, 271.765
2770, 8.55033e-18, 0.000365413, 2.0605e-07, 0, 1.08465e-27, 4.43912e-26, 0, 0, 0.000365619, 1.7208e-22, 7.87922e-25, 39.3006, 0.96962, 2.02302e-05, 271.766
2771, 3.70356e-16, 0.000367726, 1.68397e-07, 0, 4.74032e-26, 1.93334e-24, 0, 0, 0.000367895, 7.45311e-21, 3.45819e-23, 35.5321, 0.969626, 2.02023e-05, 271.782
2772, 6.68457e-15, 0.000369276, 1.96933e-07, 0, 8.59177e-25, 3.49936e-23, 0, 0, 0.000369473, 1.34515e-19, 6.28388e-22, 32.639, 0.969632, 2.01812e-05, 271.77
2773, 5.00004e-14, 0.000369764, 3.16953e-07, 0, 6.44506e-24, 2.62281e-22, 0, 0, 0.000370081, 1.00613e-18, 4.72345e-21, 30.6267, 0.969638, 2.0168e-05, 271.721
2774, 1.54758e-13, 0.000370243, 4.37937e-07, 0, 1.99923e-23, 8.13081e-22, 0, 0, 0.000370681, 3.11399e-18, 1.4677e-20, 29.4969, 0.969644, 2.01493e-05, 271.672
2775, 1.98101e-13, 0.000372135, 4.39317e-07, 0, 2.56363e-23, 1.04211e-21, 0, 0, 0.000372575, 3.98598e-18, 1.88475e-20, 29.25, 0.96965, 2.01229e-05, 271.672
2776, 1.04843e-13, 0.000375289, 3.3457e-07, 0, 1.35865e-23, 5.52076e-22, 0, 0, 0.000375623, 2.10949e-18, 1.00006e-20, 29.8863, 0.969656, 2.00976e-05, 271.716
2777, 2.29382e-14, 0.000378415, 2.32468e-07, 0, 2.97547e-24, 1.20875e-22, 0, 0, 0.000378647, 4.61513e-19, 2.19233e-21, 31.406, 0.969662, 2.00762e-05, 271.758
2778, 2.09034e-15, 0.000380676, 2.04668e-07, 0, 2.70292e-25, 1.10206e-23, 0, 0, 0.00038088, 4.20548e-20, 1.99528e-22, 33.8014, 0.969668, 2.00585e-05, 271.77
2779, 2.16854e-16, 0.000382086, 2.50299e-07, 0, 3.17037e-26, 1.95884e-24, 0, 0, 0.000382337, 4.33883e-21, 5.34651e-23, 36.0673, 0.969674, 2.00403e-05, 271.752
2780, 4.61858e-15, 0.000383599, 2.87841e-07, 0, 1.03282e-24, 7.19697e-23, 0, 0, 0.000383887, 9.1847e-20, 2.46929e-21, 33.0087, 0.96968, 2.00162e-05, 271.738
2781, 1.13764e-13, 0.00038596, 2.53446e-07, 0, 2.58262e-23, 1.79615e-21, 0, 0, 0.000386213, 2.26207e-18, 6.18872e-20, 29.8046, 0.969685, 1.99869e-05, 271.752
2782, 1.17985e-12, 0.000388081, 2.40177e-07, 0, 2.67957e-22, 1.86147e-20, 0, 0, 0.000388321, 2.34603e-17, 6.41146e-19, 27.4656, 0.969692, 1.99593e-05, 271.758
2783, 5.05424e-12, 0.00038896, 3.33114e-07, 0, 1.1474e-21, 7.96197e-20, 0, 0, 0.000389293, 1.00501e-16, 2.74063e-18, 26.0108, 0.969698, 1.99385e-05, 271.721
2784, 8.94192e-12, 0.000389379, 4.66073e-07, 0, 2.0278e-21, 1.40557e-19, 0, 0, 0.000389845, 1.7781e-16, 4.83419e-18, 25.4403, 0.969704, 1.9922e-05, 271.67
2785, 6.53803e-12, 0.00039154, 4.52155e-07, 0, 1.47985e-21, 1.02465e-19, 0, 0, 0.000391993, 1.30012e-16, 3.52019e-18, 25.7534, 0.96971, 1.9902e-05, 271.676
2786, 2.1307e-12, 0.000395349, 2.98058e-07, 0, 5.29703e-22, 3.56774e-20, 0, 0, 0.000395647, 4.23533e-17, 1.32583e-18, 26.8746, 0.969716, 1.98736e-05, 271.737
2787, 7.2612e-12, 0.000398762, 1.77431e-07, 0, 4.29309e-21, 2.43987e-19, 0, 0, 0.00039894, 1.43426e-16, 1.44687e-17, 25.6485, 0.969722, 1.98417e-05, 271.784
2788, 2.72043e-10, 0.000400535, 1.98195e-07, 0, 1.74994e-19, 9.79891e-18, 0, 0, 0.000400733, 5.37045e-15, 6.0306e-16, 22.0251, 0.969728, 1.98153e-05, 271.776
2789, 4.94122e-09, 0.000400806, 3.48119e-07, 0, 3.21054e-18, 1.80192e-16, 0, 0, 0.000401155, 9.75361e-14, 1.11688e-14, 19.1257, 0.969734, 1.97955e-05, 271.719
2790, 3.90821e-08, 0.00040089, 5.12187e-07, 0, 2.54212e-17, 1.43696e-15, 0, 0, 0.000401402, 7.71386e-13, 8.93973e-14, 17.0576, 0.96974, 1.97747e-05, 271.656
2791, 1.43858e-07, 0.00040068, 6.96468e-07, 0, 9.56273e-17, 5.4609e-15, 0, 0, 0.000401376, 2.83861e-12, 3.44419e-13, 15.7544, 0.969746, 1.97499e-05, 271.584
2792, 3.61889e-07, 0.000400517, 8.77292e-07, 0, 2.72553e-16, 1.55355e-14, 0, 0, 0.000401394, 7.13371e-12, 1.03688e-12, 14.8319, 0.969752, 1.97232e-05, 271.513
2793, 1.07116e-06, 0.000402083, 9.17023e-07, 0, 9.28384e-16, 5.20389e-14, 0, 0, 0.000403, 2.10927e-11, 3.66428e-12, 13.7468, 0.969758, 1.96959e-05, 271.498
2794, 2.36395e-06, 0.000403736, 9.48586e-07, 0, 2.12548e-15, 1.18371e-13, 0, 0, 0.000404685, 4.65321e-11, 8.44595e-12, 12.9552, 0.969764, 1.96748e-05, 271.486
2795, 2.67535e-06, 0.000405641, 9.61673e-07, 0, 2.39625e-15, 1.33608e-13, 0, 0, 0.000406602, 5.26315e-11, 9.52527e-12, 12.8314, 0.96977, 1.9659e-05, 271.483
2796, 1.96182e-06, 0.000408469, 9.01849e-07, 0, 1.72044e-15, 9.73641e-14, 0, 0, 0.000409371, 3.85272e-11, 6.96073e-12, 13.1416, 0.969776, 1.96384e-05, 271.508
2797, 2.64951e-06, 0.000411464, 8.29008e-07, 0, 2.65211e-15, 1.57767e-13, 0, 0, 0.000412293, 5.18891e-11, 1.26611e-11, 12.8411, 0.969782, 1.96141e-05, 271.539
2798, 1.03045e-05, 0.000412312, 9.25502e-07, 0, 1.14875e-14, 6.96271e-13, 0, 0, 0.000413238, 2.01631e-10, 5.92389e-11, 11.4829, 0.969788, 1.95902e-05, 271.5
2799, 2.59165e-05, 0.000410354, 1.24293e-06, 0, 2.94566e-14, 1.79013e-12, 0, 0, 0.000411596, 5.07056e-10, 1.53543e-10, 10.5606, 0.969794, 1.95675e-05, 271.372
2800, 2.83959e-05, 0.000412249, 1.26141e-06, 0, 3.25325e-14, 1.98055e-12, 0, 0, 0.00041351, 5.55537e-10, 1.70402e-10, 10.4693, 0.9698, 1.9544e-05, 271.367
2801, 1.31049e-05, 0.000419276, 8.76966e-07, 0, 1.50875e-14, 9.20276e-13, 0, 0, 0.000420153, 2.56372e-10, 7.93425e-11, 11.2425, 0.969806, 1.9515e-05, 271.524
2802, 2.53316e-06, 0.000426424, 4.70446e-07, 0, 2.92461e-15, 1.78764e-13, 0, 0, 0.000426895, 4.95541e-11, 1.54344e-11, 12.886, 0.969812, 1.9487e-05, 271.681
2803, 2.04536e-07, 0.000431419, 2.31525e-07, 0, 2.36384e-16, 1.44818e-14, 0, 0, 0.000431651, 4.00099e-12, 1.25144e-12, 15.4025, 0.969818, 1.94659e-05, 271.769
2804, 6.98229e-09, 0.000434055, 1.91454e-07, 0, 8.01136e-18, 4.92416e-16, 0, 0, 0.000434246, 1.36554e-13, 4.24468e-14, 18.7799, 0.969824, 1.94446e-05, 271.784
2805, 2.25144e-09, 0.000435217, 2.78766e-07, 0, 1.7705e-18, 1.10696e-16, 0, 0, 0.000435495, 4.34825e-14, 7.59378e-15, 19.9117, 0.96983, 1.94211e-05, 271.754
2806, 4.24241e-08, 0.000435771, 4.17718e-07, 0, 4.34148e-17, 2.50274e-15, 0, 0, 0.000436188, 8.18981e-13, 2.00412e-13, 16.9755, 0.969836, 1.93955e-05, 271.706
2807, 7.12076e-07, 0.000435708, 6.06683e-07, 0, 8.1728e-16, 4.56616e-14, 0, 0, 0.000436315, 1.37468e-11, 3.87128e-12, 14.1551, 0.969842, 1.93693e-05, 271.639
2808, 6.43143e-06, 0.000435075, 8.34784e-07, 0, 7.66125e-15, 4.22999e-13, 0, 0, 0.00043591, 1.24136e-10, 3.65081e-11, 11.9543, 0.969848, 1.93472e-05, 271.555
2809, 3.1625e-05, 0.000432436, 1.20765e-06, 0, 4.12573e-14, 2.22802e-12, 0, 0, 0.000433643, 6.099e-10, 2.00453e-10, 10.3616, 0.969854, 1.93235e-05, 271.409
2810, 0.000134114, 0.000428545, 1.66517e-06, 0, 2.08438e-13, 1.08935e-11, 0, 0, 0.00043021, 2.58257e-09, 1.05155e-09, 8.91682, 0.96986, 1.92944e-05, 271.223
2811, 0.000500279, 0.000426196, 1.9667e-06, 0, 8.46132e-13, 4.37426e-11, 0, 0, 0.000428162, 9.62714e-09, 4.35212e-09, 7.60034, 0.969866, 1.92655e-05, 271.084
2812, 0.000996393, 0.000424467, 2.20416e-06, 0, 1.71474e-12, 8.87582e-11, 0, 0, 0.000426672, 1.91723e-08, 8.88712e-09, 6.91137, 0.969872, 1.9242e-05, 270.963
2813, 0.000871675, 0.000429712, 1.99392e-06, 0, 1.50136e-12, 7.8049e-11, 0, 0, 0.000431706, 1.67726e-08, 7.82e-09, 7.04509, 0.969878, 1.92212e-05, 271.061
2814, 0.000325124, 0.000441675, 1.31766e-06, 0, 5.56699e-13, 2.91099e-11, 0, 0, 0.000442993, 6.25597e-09, 2.91105e-09, 8.03131, 0.969884, 1.91977e-05, 271.361
2815, 5.83007e-05, 0.000448989, 9.59173e-07, 0, 9.54425e-14, 5.04044e-12, 0, 0, 0.000449948, 1.12112e-09, 4.95241e-10, 9.7499, 0.96989, 1.91734e-05, 271.515
2816, 3.38696e-05, 0.000448181, 1.20482e-06, 0, 4.26119e-14, 2.31084e-12, 0, 0, 0.000449386, 6.48561e-10, 1.99917e-10, 10.293, 0.969896, 1.91503e-05, 271.426
2817, 5.76072e-05, 0.000446472, 1.51192e-06, 0, 6.98857e-14, 3.80815e-12, 0, 0, 0.000447984, 1.10246e-09, 3.22663e-10, 9.76186, 0.969902, 1.91277e-05, 271.31
2818, 4.66678e-05, 0.000451369, 1.30648e-06, 0, 5.65155e-14, 3.08355e-12, 0, 0, 0.000452676, 8.93053e-10, 2.61139e-10, 9.97246, 0.969908, 1.91046e-05, 271.39
2819, 1.65126e-05, 0.000458937, 8.97685e-07, 0, 2.00544e-14, 1.09276e-12, 0, 0, 0.000459835, 3.1593e-10, 9.26921e-11, 11.0114, 0.969914, 1.90807e-05, 271.545
2820, 1.17179e-05, 0.000463962, 6.8178e-07, 0, 1.95407e-14, 9.73484e-13, 0, 0, 0.000464644, 2.22784e-10, 9.58553e-11, 11.3544, 0.96992, 1.90549e-05, 271.625
2821, 0.000143273, 0.00046635, 6.51329e-07, 0, 2.65184e-13, 1.30306e-11, 0, 0, 0.000467001, 2.71909e-09, 1.34364e-09, 8.85076, 0.969926, 1.90288e-05, 271.628
2822, 0.00100477, 0.000461268, 1.11829e-06, 0, 1.90534e-12, 9.40874e-11, 0, 0, 0.000462386, 1.90666e-08, 9.82963e-09, 6.903, 0.969932, 1.90058e-05, 271.413
2823, 0.00326699, 0.000445772, 2.24411e-06, 0, 6.29729e-12, 3.12202e-10, 0, 0, 0.000448016, 6.19832e-08, 3.28748e-08, 5.72389, 0.969938, 1.89871e-05, 270.888
2824, 0.00557105, 0.000432925, 3.19612e-06, 0, 1.08987e-11, 5.39256e-10, 0, 0, 0.000436121, 1.05637e-07, 5.6997e-08, 5.19017, 0.969944, 1.89679e-05, 270.43
2825, 0.00735787, 0.000430374, 3.47517e-06, 0, 1.48549e-11, 7.23437e-10, 0, 0, 0.00043385, 1.39325e-07, 7.69311e-08, 4.91198, 0.96995, 1.89425e-05, 270.285
2826, 0.00923066, 0.000432406, 3.40459e-06, 0, 1.92035e-11, 9.21745e-10, 0, 0, 0.000435812, 1.74573e-07, 9.8833e-08, 4.68523, 0.969956, 1.89124e-05, 270.279
2827, 0.00892806, 0.000440943, 2.98032e-06, 0, 1.89107e-11, 9.03756e-10, 0, 0, 0.000443924, 1.68615e-07, 9.78085e-08, 4.71856, 0.969962, 1.88849e-05, 270.474
2828, 0.0128107, 0.000439968, 2.99646e-06, 0, 2.86153e-11, 1.35173e-09, 0, 0, 0.000442966, 2.41341e-07, 1.50047e-07, 4.35747, 0.969968, 1.8861e-05, 270.373
2829, 0.0268842, 0.000418055, 3.92508e-06, 0, 6.24912e-11, 2.91006e-09, 0, 0, 0.000421983, 5.06074e-07, 3.27788e-07, 3.61622, 0.969974, 1.88389e-05, 269.607
2830, 0.0371209, 0.000404171, 4.48379e-06, 0, 8.70081e-11, 4.03012e-09, 0, 0, 0.000408659, 6.98559e-07, 4.55089e-07, 3.29358, 0.96998, 1.88197e-05, 269.08
2831, 0.0284671, 0.000423921, 3.7411e-06, 0, 6.60379e-11, 3.0642e-09, 0, 0, 0.000427665, 5.35514e-07, 3.4458e-07, 3.55901, 0.969986, 1.87983e-05, 269.659
2832, 0.011559, 0.000460755, 2.30134e-06, 0, 2.63477e-11, 1.22942e-09, 0, 0, 0.000463058, 2.17368e-07, 1.37238e-07, 4.46029, 0.969992, 1.87717e-05, 270.731
2833, 0.00233922, 0.000485046, 1.28379e-06, 0, 5.23921e-12, 2.4606e-10, 0, 0, 0.00048633, 4.39783e-08, 2.72502e-08, 6.05794, 0.969998, 1.87452e-05, 271.37
2834, 0.000223032, 0.000495351, 8.17112e-07, 0, 4.90145e-13, 2.31654e-11, 0, 0, 0.000496168, 4.19234e-09, 2.54383e-09, 8.40819, 0.970004, 1.87242e-05, 271.59
2835, 1.27798e-05, 0.000498195, 8.01772e-07, 0, 2.38122e-14, 1.16792e-12, 0, 0, 0.000498997, 2.3977e-10, 1.20755e-10, 11.2676, 0.97001, 1.87029e-05, 271.603
2836, 8.89914e-06, 0.00049745, 1.06679e-06, 0, 1.0074e-14, 5.73108e-13, 0, 0, 0.000498517, 1.66016e-10, 4.62875e-11, 11.6296, 0.970016, 1.86787e-05, 271.519
2837, 3.62434e-05, 0.000498932, 1.14524e-06, 0, 6.1522e-14, 3.05322e-12, 0, 0, 0.000500078, 6.7397e-10, 2.99864e-10, 10.2253, 0.970022, 1.86541e-05, 271.494
2838, 0.000347047, 0.00050135, 1.11059e-06, 0, 6.73382e-13, 3.22674e-11, 0, 0, 0.000502461, 6.44593e-09, 3.34324e-09, 7.96605, 0.970028, 1.86294e-05, 271.493
2839, 0.00185333, 0.000495628, 1.61451e-06, 0, 3.66883e-12, 1.75148e-10, 0, 0, 0.000497243, 3.44171e-08, 1.82917e-08, 6.29077, 0.970034, 1.86058e-05, 271.271
2840, 0.00450998, 0.00048359, 2.52147e-06, 0, 9.02289e-12, 4.29085e-10, 0, 0, 0.000486112, 8.3735e-08, 4.5045e-08, 5.40146, 0.97004, 1.8581e-05, 270.873
2841, 0.00704815, 0.000477734, 2.96595e-06, 0, 1.4924e-11, 6.94595e-10, 0, 0, 0.000480701, 1.30714e-07, 7.51743e-08, 4.95499, 0.970046, 1.85558e-05, 270.641
2842, 0.0180712, 0.000465785, 3.34539e-06, 0, 4.30883e-11, 1.9372e-09, 0, 0, 0.000469133, 3.34509e-07, 2.21569e-07, 4.01344, 0.970052, 1.85348e-05, 270.22
2843, 0.0508753, 0.000429265, 4.31922e-06, 0, 1.2807e-10, 5.68528e-09, 0, 0, 0.00043359, 9.41015e-07, 6.64279e-07, 2.97838, 0.970058, 1.8515e-05, 269.019
2844, 0.0859544, 0.000394724, 5.13415e-06, 0, 2.21671e-10, 9.79023e-09, 0, 0, 0.000399868, 1.58922e-06, 1.15406e-06, 2.45394, 0.970064, 1.84929e-05, 267.796
2845, 0.0774316, 0.000407907, 4.89463e-06, 0, 2.01197e-10, 8.86957e-09, 0, 0, 0.00041281, 1.43126e-06, 1.04834e-06, 2.55836, 0.97007, 1.84694e-05, 268.18
2846, 0.0355903, 0.000456861, 3.84043e-06, 0, 9.12138e-11, 4.02798e-09, 0, 0, 0.000460706, 6.57703e-07, 4.73579e-07, 3.33568, 0.970076, 1.84425e-05, 269.68
2847, 0.00875321, 0.00049438, 2.81916e-06, 0, 2.11185e-11, 9.43693e-10, 0, 0, 0.0004972, 1.61679e-07, 1.08332e-07, 4.73834, 0.970082, 1.84167e-05, 270.712
2848, 0.00178858, 0.000512148, 2.12681e-06, 0, 3.69043e-12, 1.71602e-10, 0, 0, 0.000514275, 3.29665e-08, 1.84302e-08, 6.32633, 0.970088, 1.83963e-05, 271.133
2849, 0.00257899, 0.000516489, 1.91882e-06, 0, 5.30537e-12, 2.49087e-10, 0, 0, 0.000518408, 4.72966e-08, 2.68327e-08, 5.96036, 0.970094, 1.83742e-05, 271.179
2850, 0.00864551, 0.000503649, 2.61202e-06, 0, 1.83345e-11, 8.55364e-10, 0, 0, 0.000506261, 1.58467e-07, 9.33759e-08, 4.75072, 0.9701, 1.83475e-05, 270.765
2851, 0.0141418, 0.000489498, 3.47954e-06, 0, 3.0192e-11, 1.40709e-09, 0, 0, 0.000492979, 2.59199e-07, 1.53992e-07, 4.25862, 0.970106, 1.8323e-05, 270.31
2852, 0.0103491, 0.000500947, 3.11545e-06, 0, 2.19992e-11, 1.0266e-09, 0, 0, 0.000504064, 1.89673e-07, 1.12108e-07, 4.57086, 0.970112, 1.83016e-05, 270.563
2853, 0.00343165, 0.000525811, 1.94672e-06, 0, 7.16872e-12, 3.35765e-10, 0, 0, 0.000527758, 6.28866e-08, 3.63861e-08, 5.67471, 0.970118, 1.82769e-05, 271.162
2854, 0.000688294, 0.000541518, 1.14454e-06, 0, 1.38416e-12, 6.53609e-11, 0, 0, 0.000542663, 1.25884e-08, 6.99063e-09, 7.28129, 0.970124, 1.82488e-05, 271.499
2855, 0.00152431, 0.000541926, 1.23582e-06, 0, 3.09272e-12, 1.46446e-10, 0, 0, 0.000543162, 2.77121e-08, 1.59e-08, 6.48621, 0.97013, 1.8222e-05, 271.443
2856, 0.00699805, 0.000525295, 2.26975e-06, 0, 1.47213e-11, 6.92288e-10, 0, 0, 0.000527565, 1.27155e-07, 7.63687e-08, 4.96212, 0.970136, 1.81988e-05, 270.948
2857, 0.0188299, 0.000497714, 3.67847e-06, 0, 4.09709e-11, 1.90863e-09, 0, 0, 0.000501394, 3.41994e-07, 2.13459e-07, 3.97231, 0.970142, 1.81792e-05, 270.139
2858, 0.0291071, 0.000479792, 4.50404e-06, 0, 6.46404e-11, 2.98734e-09, 0, 0, 0.000484299, 5.2846e-07, 3.36598e-07, 3.53677, 0.970148, 1.81593e-05, 269.569
2859, 0.0245982, 0.000492106, 4.13376e-06, 0, 5.4984e-11, 2.53018e-09, 0, 0, 0.000496243, 4.46415e-07, 2.855e-07, 3.70508, 0.970154, 1.81353e-05, 269.852
2860, 0.0163599, 0.000513436, 3.38098e-06, 0, 3.72468e-11, 1.70175e-09, 0, 0, 0.000516819, 2.9625e-07, 1.93325e-07, 4.11292, 0.97016, 1.81074e-05, 270.372
2861, 0.032558, 0.000498592, 3.73287e-06, 0, 7.93215e-11, 3.54596e-09, 0, 0, 0.000502328, 5.87702e-07, 4.14429e-07, 3.42473, 0.970166, 1.80786e-05, 269.89
2862, 0.0781368, 0.000447503, 4.9277e-06, 0, 1.98276e-10, 8.72685e-09, 0, 0, 0.000452439, 1.40936e-06, 1.03781e-06, 2.54929, 0.970172, 1.80509e-05, 268.315
2863, 0.11663, 0.000407708, 5.70625e-06, 0, 3.01963e-10, 1.31758e-08, 0, 0, 0.000413428, 2.10239e-06, 1.58113e-06, 2.14875, 0.970178, 1.80256e-05, 266.961
2864, 0.115321, 0.000409353, 5.78772e-06, 0, 2.97758e-10, 1.29948e-08, 0, 0, 0.000415154, 2.07655e-06, 1.5596e-06, 2.16003, 0.970184, 1.79992e-05, 266.952
2865, 0.0989275, 0.000428369, 5.54503e-06, 0, 2.51779e-10, 1.10505e-08, 0, 0, 0.000433925, 1.77845e-06, 1.31969e-06, 2.31337, 0.97019, 1.79669e-05, 267.512
2866, 0.0717761, 0.000463593, 4.80714e-06, 0, 1.79912e-10, 7.94345e-09, 0, 0, 0.000468408, 1.28882e-06, 9.43314e-07, 2.6342, 0.970196, 1.7928e-05, 268.537
2867, 0.0359568, 0.000505976, 4.04116e-06, 0, 8.58531e-11, 3.84853e-09, 0, 0, 0.000510021, 6.44615e-07, 4.48968e-07, 3.32544, 0.970202, 1.78834e-05, 269.697
2868, 0.0198382, 0.000522354, 4.02518e-06, 0, 4.26338e-11, 1.9838e-09, 0, 0, 0.000526381, 3.54006e-07, 2.22177e-07, 3.92014, 0.970208, 1.783e-05, 270.086
2869, 0.019544, 0.000521949, 4.31882e-06, 0, 4.05547e-11, 1.92556e-09, 0, 0, 0.00052627, 3.46812e-07, 2.12785e-07, 3.93509, 0.970214, 1.77535e-05, 270.014
2870, 0.0199485, 0.000525256, 4.28423e-06, 0, 4.144e-11, 1.97032e-09, 0, 0, 0.000529542, 3.52736e-07, 2.17898e-07, 3.9146, 0.97022, 1.76188e-05, 270.036
2871, 0.0133358, 0.000545625, 3.43936e-06, 0, 2.75129e-11, 1.30721e-09, 0, 0, 0.000549066, 2.35055e-07, 1.44207e-07, 4.3173, 0.970226, 1.73279e-05, 270.495
2872, 0.0104034, 0.000562933, 2.62431e-06, 0, 2.34262e-11, 1.07665e-09, 0, 0, 0.000565559, 1.80879e-07, 1.24098e-07, 4.56562, 0.970232, 1.6834e-05, 270.859
2873, 0.0381285, 0.000537625, 3.15752e-06, 0, 9.6261e-11, 4.26719e-09, 0, 0, 0.000540787, 6.60268e-07, 5.14881e-07, 3.26679, 0.970238, 1.6535e-05, 270.136
2874, 0.118039, 0.000458491, 4.74093e-06, 0, 3.07886e-10, 1.35032e-08, 0, 0, 0.000463246, 2.05187e-06, 1.64543e-06, 2.13674, 0.970244, 1.68137e-05, 267.831
2875, 0.199959, 0.00038196, 5.99208e-06, 0, 5.27431e-10, 2.30277e-08, 0, 0, 0.000387975, 3.48816e-06, 2.81266e-06, 1.60965, 0.97025, 1.72571e-05, 265.246
2876, 0.195562, 0.000383793, 6.13529e-06, 0, 5.12641e-10, 2.23966e-08, 0, 0, 0.000389951, 3.4219e-06, 2.72586e-06, 1.63188, 0.970256, 1.74915e-05, 265.25
2877, 0.120473, 0.000452669, 5.33615e-06, 0, 3.08298e-10, 1.35537e-08, 0, 0, 0.000458019, 2.11326e-06, 1.63336e-06, 2.11633, 0.970262, 1.75771e-05, 267.464
2878, 0.0747386, 0.000496675, 4.83659e-06, 0, 1.87223e-10, 8.28334e-09, 0, 0, 0.00050152, 1.31481e-06, 9.89753e-07, 2.59376, 0.970268, 1.76084e-05, 268.7
2879, 0.108543, 0.0004676, 5.33367e-06, 0, 2.83382e-10, 1.24158e-08, 0, 0, 0.000472947, 1.9126e-06, 1.50729e-06, 2.22061, 0.970274, 1.76169e-05, 267.787
2880, 0.164012, 0.000421094, 5.90616e-06, 0, 4.37472e-10, 1.90788e-08, 0, 0, 0.00042702, 2.88942e-06, 2.33664e-06, 1.80782, 0.97028, 1.76136e-05, 266.261
2881, 0.173282, 0.00041287, 6.05057e-06, 0, 4.59358e-10, 2.00461e-08, 0, 0, 0.000418941, 3.04916e-06, 2.45333e-06, 1.75284, 0.970286, 1.7598e-05, 265.923
2882, 0.156511, 0.000424421, 6.09849e-06, 0, 4.06869e-10, 1.77747e-08, 0, 0, 0.000430537, 2.74853e-06, 2.16209e-06, 1.85463, 0.970292, 1.75746e-05, 266.242
2883, 0.126182, 0.000451896, 5.90533e-06, 0, 3.21322e-10, 1.40682e-08, 0, 0, 0.000457816, 2.21363e-06, 1.69842e-06, 2.07003, 0.970298, 1.75622e-05, 267.05
2884, 0.0971435, 0.000487826, 5.33629e-06, 0, 2.46656e-10, 1.08453e-08, 0, 0, 0.000493173, 1.70411e-06, 1.30783e-06, 2.33157, 0.970304, 1.7558e-05, 268.049
2885, 0.118859, 0.000476602, 5.36251e-06, 0, 3.1045e-10, 1.36319e-08, 0, 0, 0.000481978, 2.08385e-06, 1.66205e-06, 2.12981, 0.97031, 1.75449e-05, 267.651
2886, 0.14694, 0.000450965, 5.80655e-06, 0, 3.84366e-10, 1.68992e-08, 0, 0, 0.000456789, 2.57495e-06, 2.06331e-06, 1.91773, 0.970316, 1.75262e-05, 266.814
2887, 0.11035, 0.000489283, 5.248e-06, 0, 2.82977e-10, 1.25273e-08, 0, 0, 0.000494544, 1.93314e-06, 1.51928e-06, 2.20409, 0.970322, 1.75069e-05, 267.885
2888, 0.0536753, 0.000554541, 4.0448e-06, 0, 1.34501e-10, 6.00288e-09, 0, 0, 0.000558592, 9.39444e-07, 7.22235e-07, 2.9248, 0.970328, 1.74885e-05, 269.582
2889, 0.0557236, 0.000558015, 3.97392e-06, 0, 1.44202e-10, 6.37747e-09, 0, 0, 0.000561996, 9.72265e-07, 7.78134e-07, 2.88735, 0.970334, 1.74711e-05, 269.603
2890, 0.122515, 0.000493576, 5.09937e-06, 0, 3.25875e-10, 1.42966e-08, 0, 0, 0.00049869, 2.13561e-06, 1.76215e-06, 2.09952, 0.97034, 1.74506e-05, 267.802
2891, 0.169382, 0.00044567, 6.07893e-06, 0, 4.50176e-10, 1.97559e-08, 0, 0, 0.00045177, 2.95142e-06, 2.43461e-06, 1.7756, 0.970346, 1.7429e-05, 266.319
2892, 0.162989, 0.000448276, 6.40133e-06, 0, 4.2831e-10, 1.88514e-08, 0, 0, 0.000454697, 2.83764e-06, 2.31316e-06, 1.81407, 0.970352, 1.74091e-05, 266.343
2893, 0.176355, 0.00044605, 6.24483e-06, 0, 4.73504e-10, 2.06332e-08, 0, 0, 0.000452316, 3.06544e-06, 2.54669e-06, 1.73526, 0.970358, 1.73882e-05, 266.201
2894, 0.268931, 0.000386731, 6.03069e-06, 0, 7.56594e-10, 3.23074e-08, 0, 0, 0.000392795, 4.66775e-06, 4.04638e-06, 1.3133, 0.970364, 1.73668e-05, 264.139
2895, 0.390261, 0.000301377, 6.03547e-06, 0, 1.12263e-09, 4.74615e-08, 0, 0, 0.000307461, 6.76691e-06, 5.98838e-06, 0.94094, 0.97037, 1.73455e-05, 260.679
2896, 0.448352, 0.000260372, 6.11535e-06, 0, 1.29549e-09, 5.4663e-08, 0, 0, 0.000266544, 7.7663e-06, 6.91046e-06, 0.802176, 0.970376, 1.73238e-05, 258.675
2897, 0.433902, 0.000270114, 6.29655e-06, 0, 1.24275e-09, 5.26501e-08, 0, 0, 0.000276465, 7.50878e-06, 6.64098e-06, 0.834936, 0.970382, 1.73035e-05, 259.102
2898, 0.342273, 0.000336281, 6.43447e-06, 0, 9.56998e-10, 4.09693e-08, 0, 0, 0.000342757, 5.91867e-06, 5.13057e-06, 1.07215, 0.970388, 1.7285e-05, 261.974
2899, 0.195142, 0.000458215, 5.69109e-06, 0, 5.25743e-10, 2.28571e-08, 0, 0, 0.000463929, 3.37248e-06, 2.82909e-06, 1.63403, 0.970394, 1.72659e-05, 266.159
2900, 0.0713772, 0.00057984, 3.98302e-06, 0, 1.84072e-10, 8.14148e-09, 0, 0, 0.000583831, 1.23297e-06, 9.93207e-07, 2.63978, 0.9704, 1.72427e-05, 269.413
2901, 0.0218732, 0.000632032, 3.20866e-06, 0, 5.15522e-11, 2.35095e-09, 0, 0, 0.000635243, 3.77099e-07, 2.7794e-07, 3.82249, 0.970407, 1.7218e-05, 270.586
2902, 0.0303917, 0.000612118, 4.25354e-06, 0, 6.72708e-11, 3.13747e-09, 0, 0, 0.000616375, 5.22194e-07, 3.6293e-07, 3.49359, 0.970412, 1.71977e-05, 270.074
2903, 0.055005, 0.000578598, 5.34813e-06, 0, 1.24092e-10, 5.75499e-09, 0, 0, 0.000583952, 9.44528e-07, 6.70909e-07, 2.90033, 0.970418, 1.71786e-05, 269.213
2904, 0.0543087, 0.000586247, 5.07433e-06, 0, 1.2304e-10, 5.69362e-09, 0, 0, 0.000591327, 9.32075e-07, 6.64849e-07, 2.91307, 0.970424, 1.71596e-05, 269.33
2905, 0.0438582, 0.000601586, 4.81742e-06, 0, 9.87384e-11, 4.5585e-09, 0, 0, 0.000606408, 7.51667e-07, 5.30894e-07, 3.12679, 0.97043, 1.71418e-05, 269.631
2906, 0.0611144, 0.000574637, 5.87092e-06, 0, 1.41227e-10, 6.43575e-09, 0, 0, 0.000580515, 1.04572e-06, 7.5748e-07, 2.79501, 0.970436, 1.71225e-05, 268.925
2907, 0.101409, 0.000530252, 6.89725e-06, 0, 2.45671e-10, 1.10351e-08, 0, 0, 0.000537161, 1.7332e-06, 1.32389e-06, 2.28859, 0.970442, 1.71008e-05, 267.729
2908, 0.152829, 0.000490484, 7.1736e-06, 0, 3.88426e-10, 1.72365e-08, 0, 0, 0.000497675, 2.60878e-06, 2.10708e-06, 1.87844, 0.970448, 1.70776e-05, 266.56
2909, 0.230852, 0.000438489, 7.06421e-06, 0, 6.18135e-10, 2.69828e-08, 0, 0, 0.000445581, 3.93496e-06, 3.36105e-06, 1.46598, 0.970454, 1.70548e-05, 264.915
2910, 0.341624, 0.000364598, 6.79727e-06, 0, 9.52503e-10, 4.08529e-08, 0, 0, 0.000371437, 5.81483e-06, 5.15438e-06, 1.07404, 0.97046, 1.70296e-05, 262.291
2911, 0.421422, 0.000313273, 6.5053e-06, 0, 1.19833e-09, 5.08101e-08, 0, 0, 0.000319831, 7.16424e-06, 6.4453e-06, 0.864121, 0.970466, 1.70022e-05, 260.16
2912, 0.373307, 0.000351437, 6.47735e-06, 0, 1.05197e-09, 4.46795e-08, 0, 0, 0.00035796, 6.34124e-06, 5.65051e-06, 0.985355, 0.970472, 1.698e-05, 261.646
2913, 0.237545, 0.000454243, 6.48363e-06, 0, 6.41398e-10, 2.76991e-08, 0, 0, 0.000460755, 4.03229e-06, 3.45774e-06, 1.4374, 0.970478, 1.69633e-05, 265.124
2914, 0.163023, 0.000515996, 6.25293e-06, 0, 4.20369e-10, 1.84663e-08, 0, 0, 0.000522268, 2.75927e-06, 2.2744e-06, 1.81387, 0.970484, 1.69392e-05, 266.853
2915, 0.205923, 0.000485654, 6.26931e-06, 0, 5.41291e-10, 2.35737e-08, 0, 0, 0.000491948, 3.46947e-06, 2.92817e-06, 1.58025, 0.97049, 1.68982e-05, 265.927
2916, 0.273984, 0.000432397, 6.54042e-06, 0, 7.32819e-10, 3.17324e-08, 0, 0, 0.00043897, 4.61154e-06, 3.96715e-06, 1.29469, 0.970496, 1.68672e-05, 264.238
2917, 0.285891, 0.000425373, 6.5904e-06, 0, 7.6895e-10, 3.32766e-08, 0, 0, 0.000431997, 4.81701e-06, 4.16884e-06, 1.25215, 0.970502, 1.68678e-05, 263.945
2918, 0.348215, 0.000380594, 6.60373e-06, 0, 9.58373e-10, 4.11125e-08, 0, 0, 0.00038724, 5.87057e-06, 5.18877e-06, 1.05493, 0.970508, 1.6868e-05, 262.343
2919, 0.432904, 0.000320275, 6.56433e-06, 0, 1.21511e-09, 5.16806e-08, 0, 0, 0.000326893, 7.29488e-06, 6.5627e-06, 0.83724, 0.970514, 1.68526e-05, 259.934
2920, 0.376302, 0.000368969, 6.44451e-06, 0, 1.05052e-09, 4.4784e-08, 0, 0, 0.000375459, 6.33686e-06, 5.68003e-06, 0.977364, 0.97052, 1.68303e-05, 261.781
2921, 0.205197, 0.000514791, 5.77015e-06, 0, 5.55611e-10, 2.40127e-08, 0, 0, 0.000520586, 3.45317e-06, 3.01984e-06, 1.58379, 0.970526, 1.68059e-05, 266.34
2922, 0.0682423, 0.000647532, 4.35278e-06, 0, 1.75706e-10, 7.75815e-09, 0, 0, 0.000651893, 1.14772e-06, 9.61219e-07, 2.68469, 0.970532, 1.67822e-05, 269.552
2923, 0.0184567, 0.000705514, 3.3782e-06, 0, 4.39793e-11, 1.99285e-09, 0, 0, 0.000708894, 3.09803e-07, 2.40708e-07, 3.99233, 0.970539, 1.67638e-05, 270.727
2924, 0.0363233, 0.000685888, 3.88603e-06, 0, 8.89107e-11, 3.9615e-09, 0, 0, 0.000689778, 6.07237e-07, 4.83071e-07, 3.3153, 0.970544, 1.67479e-05, 270.254
2925, 0.131984, 0.000586284, 5.49133e-06, 0, 3.43693e-10, 1.49678e-08, 0, 0, 0.00059179, 2.20465e-06, 1.86452e-06, 2.02508, 0.97055, 1.67291e-05, 267.932
2926, 0.302745, 0.000434141, 6.64596e-06, 0, 8.21547e-10, 3.52102e-08, 0, 0, 0.000440823, 5.05271e-06, 4.4459e-06, 1.19487, 0.970556, 1.67065e-05, 263.636
2927, 0.457831, 0.000312315, 6.77661e-06, 0, 1.2766e-09, 5.40923e-08, 0, 0, 0.000319147, 7.6317e-06, 6.88959e-06, 0.781254, 0.970562, 1.66789e-05, 259.083
2928, 0.513398, 0.000275473, 6.57259e-06, 0, 1.45023e-09, 6.10935e-08, 0, 0, 0.000282108, 8.54738e-06, 7.81374e-06, 0.666704, 0.970568, 1.66519e-05, 257.344
2929, 0.465155, 0.000316142, 6.61215e-06, 0, 1.30892e-09, 5.52514e-08, 0, 0, 0.000322811, 7.73841e-06, 7.06088e-06, 0.765385, 0.970574, 1.66347e-05, 259.108
2930, 0.431854, 0.00034435, 6.63769e-06, 0, 1.21218e-09, 5.1188e-08, 0, 0, 0.00035104, 7.17832e-06, 6.53912e-06, 0.839667, 0.97058, 1.66217e-05, 260.194
2931, 0.517154, 0.000285354, 6.24322e-06, 0, 1.48168e-09, 6.18311e-08, 0, 0, 0.000291661, 8.58698e-06, 7.94536e-06, 0.659414, 0.970586, 1.66065e-05, 257.599
2932, 0.571197, 0.000248536, 5.99934e-06, 0, 1.6503e-09, 6.84883e-08, 0, 0, 0.000254605, 9.47537e-06, 8.82369e-06, 0.560021, 0.970592, 1.6587e-05, 255.711
2933, 0.509008, 0.000294811, 6.288e-06, 0, 1.45205e-09, 6.05527e-08, 0, 0, 0.000301161, 8.43162e-06, 7.77978e-06, 0.675291, 0.970598, 1.65624e-05, 257.904
2934, 0.478901, 0.00031685, 6.49708e-06, 0, 1.35177e-09, 5.66208e-08, 0, 0, 0.000323405, 7.91675e-06, 7.2619e-06, 0.736261, 0.970604, 1.6535e-05, 258.808
2935, 0.514968, 0.000290724, 6.45246e-06, 0, 1.45836e-09, 6.10127e-08, 0, 0, 0.000297239, 8.50207e-06, 7.83923e-06, 0.66365, 0.97061, 1.65126e-05, 257.596
2936, 0.516929, 0.000292461, 6.39736e-06, 0, 1.46441e-09, 6.12507e-08, 0, 0, 0.000298921, 8.52831e-06, 7.8741e-06, 0.659849, 0.970616, 1.64963e-05, 257.608
2937, 0.408635, 0.000381538, 6.48766e-06, 0, 1.14043e-09, 4.79854e-08, 0, 0, 0.000388075, 6.73713e-06, 6.14462e-06, 0.894933, 0.970622, 1.64801e-05, 261.127
2938, 0.245681, 0.00051152, 6.81638e-06, 0, 6.52981e-10, 2.80407e-08, 0, 0, 0.000518365, 4.04646e-06, 3.54192e-06, 1.40372, 0.970628, 1.64621e-05, 265.153
2939, 0.181654, 0.000558389, 7.29148e-06, 0, 4.5415e-10, 2.00774e-08, 0, 0, 0.000565701, 2.98624e-06, 2.49585e-06, 1.70565, 0.970634, 1.64427e-05, 266.348
2940, 0.236988, 0.000510721, 7.57246e-06, 0, 6.04361e-10, 2.6622e-08, 0, 0, 0.00051832, 3.8898e-06, 3.33878e-06, 1.43975, 0.97064, 1.6423e-05, 265.021
2941, 0.314116, 0.000447528, 7.68151e-06, 0, 8.20374e-10, 3.57892e-08, 0, 0, 0.000455246, 5.15173e-06, 4.52254e-06, 1.15799, 0.970646, 1.64034e-05, 263.106
2942, 0.282279, 0.00047926, 7.56161e-06, 0, 7.3172e-10, 3.19838e-08, 0, 0, 0.000486854, 4.62695e-06, 4.03133e-06, 1.26486, 0.970652, 1.6384e-05, 263.994
2943, 0.179941, 0.000578477, 6.98088e-06, 0, 4.51882e-10, 1.99846e-08, 0, 0, 0.000585478, 2.946e-06, 2.49462e-06, 1.71513, 0.970658, 1.63633e-05, 266.583
2944, 0.175243, 0.000587224, 6.85977e-06, 0, 4.40233e-10, 1.94303e-08, 0, 0, 0.000594103, 2.86095e-06, 2.42912e-06, 1.74158, 0.970664, 1.63401e-05, 266.73
2945, 0.275803, 0.000494903, 7.38909e-06, 0, 7.10575e-10, 3.10378e-08, 0, 0, 0.000502324, 4.49709e-06, 3.91473e-06, 1.28807, 0.97067, 1.63166e-05, 264.244
2946, 0.289471, 0.000489123, 7.19373e-06, 0, 7.47218e-10, 3.26178e-08, 0, 0, 0.00049635, 4.71813e-06, 4.11804e-06, 1.2397, 0.970676, 1.62971e-05, 264.007
2947, 0.190131, 0.000593932, 6.21683e-06, 0, 4.8431e-10, 2.12368e-08, 0, 0, 0.000600171, 3.09656e-06, 2.67121e-06, 1.66004, 0.970682, 1.62812e-05, 266.68
2948, 0.191079, 0.000597854, 6.1114e-06, 0, 4.95069e-10, 2.14786e-08, 0, 0, 0.000603987, 3.10515e-06, 2.71785e-06, 1.65507, 0.970688, 1.62647e-05, 266.707
2949, 0.35615, 0.000445167, 6.83194e-06, 0, 9.55171e-10, 4.07514e-08, 0, 0, 0.000452041, 5.78036e-06, 5.21175e-06, 1.0324, 0.970694, 1.62443e-05, 262.484
2950, 0.518329, 0.000302922, 7.01445e-06, 0, 1.41548e-09, 5.98052e-08, 0, 0, 0.000309998, 8.40583e-06, 7.68857e-06, 0.657146, 0.9707, 1.62228e-05, 257.199
2951, 0.555559, 0.00027228, 7.00395e-06, 0, 1.52186e-09, 6.41251e-08, 0, 0, 0.000279349, 9.00281e-06, 8.25217e-06, 0.587781, 0.970706, 1.6204e-05, 255.731
2952, 0.450077, 0.00036328, 7.198e-06, 0, 1.21273e-09, 5.14489e-08, 0, 0, 0.000370531, 7.28869e-06, 6.59247e-06, 0.798338, 0.970712, 1.61866e-05, 259.512
2953, 0.256845, 0.000540788, 6.97926e-06, 0, 6.68544e-10, 2.8765e-08, 0, 0, 0.000547797, 4.15684e-06, 3.64981e-06, 1.35928, 0.970718, 1.61674e-05, 264.964
2954, 0.115489, 0.000677131, 6.59187e-06, 0, 2.82141e-10, 1.24347e-08, 0, 0, 0.000683736, 1.86649e-06, 1.54731e-06, 2.15858, 0.970724, 1.61468e-05, 268.131
2955, 0.12467, 0.000668105, 6.83537e-06, 0, 3.05141e-10, 1.34513e-08, 0, 0, 0.000674954, 2.00868e-06, 1.67821e-06, 2.08209, 0.97073, 1.6127e-05, 267.875
2956, 0.267564, 0.000535574, 7.24992e-06, 0, 6.97498e-10, 2.99973e-08, 0, 0, 0.000542855, 4.306e-06, 3.82125e-06, 1.3184, 0.970736, 1.61079e-05, 264.638
2957, 0.410426, 0.000407556, 7.39648e-06, 0, 1.09563e-09, 4.6675e-08, 0, 0, 0.000415, 6.6012e-06, 5.99161e-06, 0.890559, 0.970742, 1.60886e-05, 260.765
2958, 0.425945, 0.000391456, 7.68249e-06, 0, 1.13205e-09, 4.8387e-08, 0, 0, 0.000399188, 6.84515e-06, 6.20979e-06, 0.853444, 0.970748, 1.60687e-05, 260.159
2959, 0.393069, 0.000417434, 8.01738e-06, 0, 1.02959e-09, 4.43749e-08, 0, 0, 0.000425497, 6.30736e-06, 5.68189e-06, 0.933769, 0.970754, 1.60452e-05, 260.985
2960, 0.403267, 0.000408942, 8.04278e-06, 0, 1.05446e-09, 4.54434e-08, 0, 0, 0.000417031, 6.4591e-06, 5.82525e-06, 0.908157, 0.97076, 1.60196e-05, 260.639
2961, 0.440768, 0.000376701, 7.94316e-06, 0, 1.15968e-09, 4.96662e-08, 0, 0, 0.000384695, 7.05173e-06, 6.37833e-06, 0.819237, 0.970766, 1.60013e-05, 259.452
2962, 0.446706, 0.000371197, 8.01047e-06, 0, 1.17474e-09, 5.01989e-08, 0, 0, 0.000379259, 7.14209e-06, 6.44362e-06, 0.805855, 0.970772, 1.59882e-05, 259.191
2963, 0.44776, 0.000375243, 7.89363e-06, 0, 1.18506e-09, 5.04071e-08, 0, 0, 0.000383188, 7.1509e-06, 6.48098e-06, 0.803497, 0.970778, 1.59719e-05, 259.269
2964, 0.533063, 0.00031207, 7.18695e-06, 0, 1.45038e-09, 6.07747e-08, 0, 0, 0.000319319, 8.50188e-06, 7.87245e-06, 0.629116, 0.970784, 1.59533e-05, 256.706
2965, 0.599991, 0.000260975, 6.72315e-06, 0, 1.65439e-09, 6.88089e-08, 0, 0, 0.000267768, 9.56072e-06, 8.94669e-06, 0.510841, 0.97079, 1.59348e-05, 254.274
2966, 0.521327, 0.00032613, 7.30886e-06, 0, 1.41389e-09, 5.92632e-08, 0, 0, 0.000333499, 8.30041e-06, 7.67644e-06, 0.651378, 0.970796, 1.59166e-05, 257.169
2967, 0.365059, 0.000461258, 8.0873e-06, 0, 9.50389e-10, 4.06415e-08, 0, 0, 0.000469386, 5.80686e-06, 5.21145e-06, 1.0077, 0.970802, 1.58976e-05, 261.851
2968, 0.21407, 0.000606778, 8.13624e-06, 0, 5.27776e-10, 2.31595e-08, 0, 0, 0.000614938, 3.40174e-06, 2.92655e-06, 1.54145, 0.970808, 1.58759e-05, 265.661
2969, 0.108804, 0.000719847, 7.63165e-06, 0, 2.48807e-10, 1.12784e-08, 0, 0, 0.00072749, 1.72663e-06, 1.39327e-06, 2.2182, 0.970814, 1.58489e-05, 268.066
2970, 0.0538449, 0.00079009, 6.8614e-06, 0, 1.13475e-10, 5.29914e-09, 0, 0, 0.000796957, 8.52898e-07, 6.36924e-07, 2.92165, 0.97082, 1.58222e-05, 269.36
2971, 0.028341, 0.000832604, 6.07317e-06, 0, 5.70141e-11, 2.68679e-09, 0, 0, 0.00083868, 4.48066e-07, 3.17532e-07, 3.56345, 0.970826, 1.5806e-05, 270.06
2972, 0.0352493, 0.000826231, 6.24549e-06, 0, 7.30829e-11, 3.39448e-09, 0, 0, 0.00083248, 5.56339e-07, 4.06422e-07, 3.34531, 0.970832, 1.57947e-05, 269.883
2973, 0.0615621, 0.000786205, 7.25415e-06, 0, 1.2987e-10, 6.01694e-09, 0, 0, 0.000793465, 9.71116e-07, 7.257e-07, 2.78771, 0.970838, 1.57806e-05, 269.098
2974, 0.0756998, 0.000769958, 7.6436e-06, 0, 1.61197e-10, 7.48327e-09, 0, 0, 0.00077761, 1.19311e-06, 9.06809e-07, 2.58098, 0.970844, 1.57646e-05, 268.731
2975, 0.0973301, 0.000750538, 7.77855e-06, 0, 2.13955e-10, 9.85502e-09, 0, 0, 0.000758327, 1.53176e-06, 1.20953e-06, 2.32965, 0.97085, 1.57465e-05, 268.291
2976, 0.152664, 0.000692446, 8.15461e-06, 0, 3.54778e-10, 1.5962e-08, 0, 0, 0.000700617, 2.39931e-06, 1.99732e-06, 1.87952, 0.970856, 1.57275e-05, 267.053
2977, 0.241309, 0.000603486, 8.36224e-06, 0, 5.85862e-10, 2.58653e-08, 0, 0, 0.000611875, 3.78894e-06, 3.28357e-06, 1.42168, 0.970862, 1.57084e-05, 265.006
2978, 0.260714, 0.000587942, 8.3654e-06, 0, 6.3672e-10, 2.80374e-08, 0, 0, 0.000596336, 4.09136e-06, 3.56638e-06, 1.34433, 0.970868, 1.56876e-05, 264.568
2979, 0.173395, 0.000681852, 8.21756e-06, 0, 4.09788e-10, 1.82739e-08, 0, 0, 0.000690089, 2.71865e-06, 2.30121e-06, 1.75218, 0.970874, 1.56662e-05, 266.635
2980, 0.127049, 0.000727724, 8.40894e-06, 0, 2.85698e-10, 1.29744e-08, 0, 0, 0.000736146, 1.98795e-06, 1.61002e-06, 2.06318, 0.97088, 1.56474e-05, 267.525
2981, 0.172484, 0.000674725, 8.93516e-06, 0, 4.00692e-10, 1.78708e-08, 0, 0, 0.000683678, 2.69433e-06, 2.24193e-06, 1.75745, 0.970886, 1.56306e-05, 266.369
2982, 0.282912, 0.000565867, 8.91743e-06, 0, 6.99951e-10, 3.03186e-08, 0, 0, 0.000574816, 4.41416e-06, 3.87782e-06, 1.26262, 0.970892, 1.56126e-05, 263.779
2983, 0.404972, 0.000452105, 8.52826e-06, 0, 1.03376e-09, 4.4194e-08, 0, 0, 0.000460679, 6.31326e-06, 5.70738e-06, 0.903938, 0.970898, 1.55942e-05, 260.561
2984, 0.464898, 0.000395647, 8.42965e-06, 0, 1.19366e-09, 5.09207e-08, 0, 0, 0.000404129, 7.24056e-06, 6.59201e-06, 0.765937, 0.970904, 1.55761e-05, 258.667
2985, 0.506176, 0.00035698, 8.36323e-06, 0, 1.30583e-09, 5.55614e-08, 0, 0, 0.0003654, 7.87411e-06, 7.20677e-06, 0.68087, 0.97091, 1.55578e-05, 257.214
2986, 0.540636, 0.000326989, 8.22373e-06, 0, 1.40386e-09, 5.95025e-08, 0, 0, 0.000335273, 8.39977e-06, 7.7348e-06, 0.615009, 0.970916, 1.5538e-05, 255.975
2987, 0.569707, 0.000305704, 7.95002e-06, 0, 1.49199e-09, 6.29155e-08, 0, 0, 0.000313718, 8.83971e-06, 8.19944e-06, 0.562634, 0.970922, 1.55176e-05, 255.012
2988, 0.6027, 0.000283805, 7.51414e-06, 0, 1.59697e-09, 6.6883e-08, 0, 0, 0.000291387, 9.33976e-06, 8.74448e-06, 0.506336, 0.970928, 1.54978e-05, 253.956
2989, 0.646983, 0.000251314, 6.98307e-06, 0, 1.73591e-09, 7.21619e-08, 0, 0, 0.000258371, 1.00136e-05, 9.46606e-06, 0.435436, 0.970934, 1.5479e-05, 252.293
2990, 0.676959, 0.000228997, 6.67687e-06, 0, 1.82575e-09, 7.5662e-08, 0, 0, 0.000235751, 1.04668e-05, 9.94189e-06, 0.390145, 0.97094, 1.54608e-05, 251.025
2991, 0.603289, 0.000295627, 7.37493e-06, 0, 1.60033e-09, 6.69484e-08, 0, 0, 0.000303071, 9.31899e-06, 8.76914e-06, 0.505359, 0.970946, 1.54424e-05, 254.296
2992, 0.488953, 0.000398082, 8.40951e-06, 0, 1.25442e-09, 5.35011e-08, 0, 0, 0.000406546, 7.54392e-06, 6.96103e-06, 0.71549, 0.970952, 1.54248e-05, 258.244
2993, 0.440979, 0.000441794, 8.79716e-06, 0, 1.10846e-09, 4.7807e-08, 0, 0, 0.00045064, 6.79495e-06, 6.19838e-06, 0.818759, 0.970958, 1.54076e-05, 259.616
2994, 0.435187, 0.000446125, 8.8736e-06, 0, 1.08683e-09, 4.69415e-08, 0, 0, 0.000455047, 6.69745e-06, 6.08167e-06, 0.831979, 0.970964, 1.53894e-05, 259.69
2995, 0.419726, 0.000464679, 8.89698e-06, 0, 1.04099e-09, 4.50659e-08, 0, 0, 0.000473622, 6.45232e-06, 5.82993e-06, 0.868154, 0.97097, 1.53711e-05, 260.189
2996, 0.342148, 0.000556968, 8.61981e-06, 0, 8.3616e-10, 3.64718e-08, 0, 0, 0.000565625, 5.2549e-06, 4.69992e-06, 1.07251, 0.970976, 1.5353e-05, 262.651
2997, 0.25558, 0.000654754, 8.51942e-06, 0, 6.05419e-10, 2.68307e-08, 0, 0, 0.000663301, 3.92001e-06, 3.43016e-06, 1.36422, 0.970982, 1.5335e-05, 264.896
2998, 0.266526, 0.000642919, 8.74949e-06, 0, 6.29244e-10, 2.7959e-08, 0, 0, 0.000651697, 4.07989e-06, 3.57424e-06, 1.32228, 0.970988, 1.53158e-05, 264.574
2999, 0.372786, 0.000537695, 8.50757e-06, 0, 9.20034e-10, 3.99355e-08, 0, 0, 0.000546244, 5.69503e-06, 5.16406e-06, 0.98675, 0.970992, 1.52921e-05, 261.961
3000, 0.54077, 0.000372258, 7.86144e-06, 0, 1.38936e-09, 5.8968e-08, 0, 0, 0.00038018, 8.25121e-06, 7.6962e-06, 0.614762, 0.970989, 1.52682e-05, 256.814
}
