case index 0 = {
los index, 0
num freq, 9701
num column, 15
Waveln,  combin,  path,  path thermal,  surface,  path multiple,  sing,  grnd,  drct,  total,  irrad,  irrad,  - nat log,  direct,  ToA,  bbody
  [nm],  path trans,  emission,   scat,   emission,   scat,  scat,  rflt,  rflt,   rad,   ref,  @obs,  path trans,  emiss,  irrad,  temp[K]
300, 3.29233e-11, 0, 0, 0, 8.61351e-05, 3.96237e-07, 0, 0, 8.65312e-05, 1.54204e-09, 1.32707e-06, 24.1368, 0.970999, 41.1048, 1514.26
301, 1.91518e-10, 0, 0, 0, 0.000189978, 1.61435e-06, 0, 0, 0.000191592, 9.48241e-09, 5.3657e-06, 22.376, 0.970968, 42.439, 1548.93
302, 9.22588e-10, 0, 0, 0, 0.00041003, 5.54357e-06, 0, 0, 0.000415575, 4.58575e-08, 1.83069e-05, 20.8038, 0.970941, 45.5121, 1584.42
303, 3.79844e-09, 0, 0, 0, 0.000813063, 1.55872e-05, 0, 0, 0.000828652, 1.79408e-07, 5.11719e-05, 19.3887, 0.970909, 48.4225, 1617.21
304, 1.37201e-08, 0, 0, 0, 0.00148762, 3.86077e-05, 0, 0, 0.00152623, 6.22942e-07, 0.000125959, 18.1044, 0.970879, 48.3141, 1647.08
305, 4.2695e-08, 0, 0, 0, 0.00270511, 9.03136e-05, 0, 0, 0.00279542, 1.99436e-06, 0.000292905, 16.9692, 0.970849, 46.2186, 1677.99
306, 1.19935e-07, 0, 0, 0, 0.00511545, 0.000207982, 0, 0, 0.00532344, 6.1268e-06, 0.000670831, 15.9363, 0.970819, 46.4391, 1712.76
307, 3.00956e-07, 0, 0, 0, 0.00979288, 0.000459474, 0, 0, 0.0102523, 1.70815e-05, 0.00147528, 15.0163, 0.970792, 50.6227, 1750.01
308, 6.76237e-07, 0, 0, 0, 0.0176175, 0.000920155, 0, 0, 0.0185376, 4.19504e-05, 0.0029431, 14.2067, 0.970759, 57.0563, 1784.9
309, 1.42494e-06, 0, 0, 0, 0.0296819, 0.00170127, 0, 0, 0.0313829, 9.45358e-05, 0.00542124, 13.4614, 0.970729, 62.7023, 1816.81
310, 2.73302e-06, 0, 0, 0, 0.0484392, 0.00301042, 0, 0, 0.0514497, 0.000199303, 0.00956135, 12.8101, 0.970701, 68.0914, 1847.76
311, 4.90015e-06, 0, 0, 0, 0.076095, 0.00505294, 0, 0, 0.0811484, 0.000389694, 0.0160043, 12.2262, 0.97067, 75.8509, 1877.09
312, 8.42566e-06, 0, 0, 0, 0.109212, 0.00767354, 0, 0, 0.116885, 0.000679963, 0.0242444, 11.6842, 0.970641, 80.3884, 1900.45
313, 1.35338e-05, 0, 0, 0, 0.143053, 0.0106079, 0, 0, 0.15366, 0.00106977, 0.0334425, 11.2103, 0.970611, 79.3097, 1917.27
314, 2.08145e-05, 0, 0, 0, 0.184103, 0.0143885, 0, 0, 0.198491, 0.00164052, 0.0452722, 10.7799, 0.970581, 78.4523, 1933.09
315, 3.04495e-05, 0, 0, 0, 0.234043, 0.0191669, 0, 0, 0.253209, 0.00242674, 0.0602111, 10.3994, 0.970549, 79.5606, 1948.28
316, 4.25762e-05, 0, 0, 0, 0.290063, 0.0248474, 0, 0, 0.314909, 0.00346425, 0.0779519, 10.0642, 0.970521, 80.8559, 1961.69
317, 5.79984e-05, 0, 0, 0, 0.356868, 0.0318827, 0, 0, 0.388751, 0.00485111, 0.0999147, 9.7551, 0.970491, 83.2917, 1974.78
318, 7.80971e-05, 0, 0, 0, 0.42486, 0.0394748, 0, 0, 0.464334, 0.00653467, 0.123584, 9.45756, 0.97046, 84.0991, 1985.28
319, 0.000101604, 0, 0, 0, 0.495457, 0.0478799, 0, 0, 0.543336, 0.00857276, 0.149782, 9.19442, 0.970431, 83.8549, 1994.18
320, 0.000128315, 0, 0, 0, 0.585623, 0.0588211, 0, 0, 0.644443, 0.0112981, 0.183914, 8.96102, 0.970398, 86.7736, 2004.46
321, 0.000159523, 0, 0, 0, 0.673563, 0.0699672, 0, 0, 0.743527, 0.0142496, 0.218682, 8.74332, 0.970367, 89.1508, 2012.45
322, 0.0001888, 0, 0, 0, 0.707047, 0.0760108, 0, 0, 0.783057, 0.0162192, 0.237568, 8.57482, 0.97034, 86.5663, 2012.29
323, 0.000226402, 0, 0, 0, 0.75579, 0.0844801, 0, 0, 0.840269, 0.0191131, 0.264031, 8.3932, 0.970311, 84.2473, 2013.86
324, 0.000268468, 0, 0, 0, 0.879514, 0.101954, 0, 0, 0.981466, 0.0242939, 0.31865, 8.22278, 0.970281, 89.2789, 2023.27
325, 0.00030421, 0, 0, 0, 1.02763, 0.123275, 0, 0, 1.15091, 0.0305131, 0.385428, 8.09779, 0.970249, 98.697, 2033.23
326, 0.00035122, 0, 0, 0, 1.17657, 0.145687, 0, 0, 1.32226, 0.0376227, 0.455602, 7.9541, 0.970219, 105.753, 2041.45
327, 0.000398113, 0, 0, 0, 1.25404, 0.159975, 0, 0, 1.41402, 0.0427678, 0.500462, 7.82878, 0.97019, 106.835, 2043
328, 0.000440823, 0, 0, 0, 1.27252, 0.167885, 0, 0, 1.4404, 0.0463545, 0.525545, 7.72687, 0.970158, 104.496, 2039.97
329, 0.00049961, 0, 0, 0, 1.34379, 0.183156, 0, 0, 1.52694, 0.0525591, 0.573627, 7.60168, 0.97013, 104.436, 2040.75
330, 0.00055176, 0, 0, 0, 1.37742, 0.193301, 0, 0, 1.57072, 0.057027, 0.605763, 7.5024, 0.9701, 103.228, 2038.7
331, 0.000595329, 0, 0, 0, 1.32919, 0.192551, 0, 0, 1.52174, 0.0581252, 0.603953, 7.4264, 0.970069, 98.0217, 2030.97
332, 0.000657496, 0, 0, 0, 1.32454, 0.198219, 0, 0, 1.52276, 0.0617857, 0.622214, 7.32707, 0.970042, 94.1452, 2026.35
333, 0.000719514, 0, 0, 0, 1.37021, 0.211369, 0, 0, 1.58159, 0.0678059, 0.664012, 7.23694, 0.970012, 94.0677, 2025.28
334, 0.000776198, 0, 0, 0, 1.40042, 0.222422, 0, 0, 1.62284, 0.0730466, 0.699382, 7.1611, 0.969979, 94.1629, 2023.08
335, 0.000846891, 0, 0, 0, 1.35232, 0.220464, 0, 0, 1.57278, 0.0742172, 0.693797, 7.07394, 0.969949, 88.4806, 2015.49
336, 0.000911404, 0, 0, 0, 1.18444, 0.198399, 0, 0, 1.38284, 0.0683323, 0.624984, 7.00052, 0.969918, 75.7978, 1998.81
337, 0.000962945, 0, 0, 0, 1.06751, 0.185039, 0, 0, 1.25255, 0.0651702, 0.583758, 6.94551, 0.969889, 67.6334, 1985.09
338, 0.00103029, 0, 0, 0, 1.12657, 0.201844, 0, 0, 1.32842, 0.0728918, 0.637663, 6.87791, 0.969858, 70.1369, 1986.02
339, 0.0011095, 0, 0, 0, 1.26458, 0.232966, 0, 0, 1.49754, 0.0860939, 0.73688, 6.80385, 0.96983, 77.1243, 1992.67
340, 0.00118081, 0, 0, 0, 1.35111, 0.255339, 0, 0, 1.60645, 0.0961051, 0.808678, 6.74155, 0.969799, 81.478, 1994.77
341, 0.0012563, 0, 0, 0, 1.34366, 0.260831, 0, 0, 1.60449, 0.100171, 0.82726, 6.67959, 0.969772, 80.0027, 1990.18
342, 0.00133862, 0, 0, 0, 1.38331, 0.276523, 0, 0, 1.65984, 0.108679, 0.878479, 6.61611, 0.969739, 80.9711, 1988.92
343, 0.00141346, 0, 0, 0, 1.47096, 0.301876, 0, 0, 1.77285, 0.120809, 0.960487, 6.56172, 0.969709, 85.3178, 1990.7
344, 0.00148746, 0, 0, 0, 1.48896, 0.313559, 0, 0, 1.80252, 0.127623, 0.999067, 6.51069, 0.969681, 85.8346, 1987.85
345, 0.00157788, 0, 0, 0, 1.51919, 0.328881, 0, 0, 1.84807, 0.136682, 1.04931, 6.45167, 0.969649, 86.3947, 1985.81
346, 0.0016792, 0, 0, 0, 1.63715, 0.364048, 0, 0, 2.0012, 0.154573, 1.16299, 6.38944, 0.969619, 91.5584, 1988.99
347, 0.00177809, 0, 0, 0, 1.79867, 0.410072, 0, 0, 2.20873, 0.177421, 1.31174, 6.33222, 0.969589, 99.3322, 1994.04
348, 0.00187609, 0, 0, 0, 1.90171, 0.443708, 0, 0, 2.34541, 0.19524, 1.42123, 6.27856, 0.969558, 104.006, 1995.46
349, 0.00197757, 0, 0, 0, 1.88117, 0.449075, 0, 0, 2.33025, 0.200962, 1.44046, 6.22588, 0.96953, 101.898, 1990.5
350, 0.00207953, 0, 0, 0, 1.79372, 0.43839, 0, 0, 2.2321, 0.199543, 1.40835, 6.17561, 0.9695, 96.2989, 1982.06
351, 0.00218058, 0, 0, 0, 1.67598, 0.419312, 0, 0, 2.09529, 0.194004, 1.34919, 6.12816, 0.969471, 89.3271, 1971.76
352, 0.00228592, 0, 0, 0, 1.61123, 0.413634, 0, 0, 2.02486, 0.194897, 1.33333, 6.08099, 0.969439, 85.1827, 1964.27
353, 0.00239813, 0, 0, 0, 1.76269, 0.46445, 0, 0, 2.22712, 0.223007, 1.49995, 6.03306, 0.96941, 92.3174, 1969.06
354, 0.00251277, 0, 0, 0, 2.01532, 0.542528, 0, 0, 2.55784, 0.264552, 1.75494, 5.98637, 0.969379, 104.768, 1978.08
355, 0.00262768, 0, 0, 0, 2.10822, 0.578583, 0, 0, 2.68681, 0.286041, 1.87449, 5.94165, 0.969351, 108.954, 1978.6
356, 0.00274193, 0, 0, 0, 1.97125, 0.551658, 0, 0, 2.52289, 0.276502, 1.79032, 5.89909, 0.969318, 101.361, 1968.35
357, 0.00285486, 0, 0, 0, 1.77656, 0.508418, 0, 0, 2.28498, 0.258795, 1.65359, 5.85873, 0.969291, 90.9481, 1954.74
358, 0.00296922, 0, 0, 0, 1.75176, 0.513395, 0, 0, 2.26515, 0.265642, 1.67396, 5.81946, 0.969258, 89.3125, 1949.78
359, 0.00308693, 0, 0, 0, 1.87365, 0.561058, 0, 0, 2.4347, 0.294663, 1.83366, 5.78058, 0.969229, 95.1665, 1952.51
360, 0.00321243, 0, 0, 0, 1.97014, 0.601313, 0, 0, 2.57145, 0.320104, 1.96896, 5.74073, 0.9692, 99.6281, 1953.61
361, 0.00335593, 0, 0, 0, 1.94435, 0.604961, 0, 0, 2.54931, 0.326781, 1.98378, 5.69703, 0.969172, 97.5638, 1948.7
362, 0.00352145, 0, 0, 0, 1.93643, 0.615407, 0, 0, 2.55184, 0.338214, 2.02025, 5.64888, 0.969142, 95.9343, 1944.72
363, 0.00369821, 0, 0, 0, 2.06673, 0.670648, 0, 0, 2.73738, 0.374997, 2.2037, 5.59991, 0.969112, 100.979, 1947.37
364, 0.00387277, 0, 0, 0, 2.27329, 0.752138, 0, 0, 3.02544, 0.427206, 2.4743, 5.55378, 0.969082, 109.83, 1952.94
365, 0.00404317, 0, 0, 0, 2.49408, 0.840702, 0, 0, 3.33478, 0.484547, 2.76944, 5.51073, 0.969049, 119.417, 1958.34
366, 0.00421456, 0, 0, 0, 2.63937, 0.905196, 0, 0, 3.54457, 0.528842, 2.98621, 5.46921, 0.969019, 125.394, 1960.26
367, 0.00438774, 0, 0, 0, 2.60515, 0.908835, 0, 0, 3.51399, 0.5381, 3.00286, 5.42894, 0.968989, 122.883, 1955.41
368, 0.00456284, 0, 0, 0, 2.5168, 0.894376, 0, 0, 3.41118, 0.537191, 2.96027, 5.38981, 0.96896, 117.858, 1948.53
369, 0.00474176, 0, 0, 0, 2.5209, 0.912459, 0, 0, 3.43338, 0.55593, 3.02554, 5.35135, 0.968929, 117.214, 1945.2
370, 0.00492449, 0, 0, 0, 2.51941, 0.927439, 0, 0, 3.44686, 0.572514, 3.08039, 5.31354, 0.968902, 116.394, 1941.63
371, 0.00510979, 0, 0, 0, 2.42575, 0.907941, 0, 0, 3.33369, 0.567754, 3.02076, 5.2766, 0.968869, 111.385, 1934.48
372, 0.00529926, 0, 0, 0, 2.27049, 0.863938, 0, 0, 3.13443, 0.547187, 2.87926, 5.24019, 0.96884, 103.634, 1924.65
373, 0.0054959, 0, 0, 0, 2.07579, 0.803114, 0, 0, 2.87889, 0.515408, 2.68129, 5.20375, 0.968811, 94.1414, 1912.67
374, 0.00569656, 0, 0, 0, 1.96604, 0.774456, 0, 0, 2.74051, 0.504146, 2.59073, 5.16789, 0.96878, 88.5562, 1904.17
375, 0.00589572, 0, 0, 0, 2.05157, 0.822807, 0, 0, 2.87438, 0.54316, 2.75815, 5.13353, 0.968751, 91.8549, 1904.85
376, 0.00609385, 0, 0, 0, 2.27701, 0.92849, 0, 0, 3.20551, 0.620797, 3.11874, 5.10048, 0.968721, 101.455, 1911.4
377, 0.00629331, 0, 0, 0, 2.55649, 1.05883, 0, 0, 3.61532, 0.716516, 3.56392, 5.06827, 0.96869, 113.43, 1919.14
378, 0.00648988, 0, 0, 0, 2.74744, 1.15416, 0, 0, 3.90161, 0.789475, 3.89265, 5.03751, 0.968658, 121.536, 1922.71
379, 0.00668544, 0, 0, 0, 2.70232, 1.1514, 0, 0, 3.85374, 0.795975, 3.89122, 5.00782, 0.968632, 119.246, 1917.72
380, 0.00689765, 0, 0, 0, 2.58751, 1.11962, 0, 0, 3.70714, 0.783327, 3.79151, 4.97657, 0.968599, 113.711, 1910.2
381, 0.00714052, 0, 0, 0, 2.49406, 1.09494, 0, 0, 3.58903, 0.775363, 3.71397, 4.94197, 0.96857, 108.88, 1903.34
382, 0.00740673, 0, 0, 0, 2.27978, 1.01459, 0, 0, 3.29438, 0.727157, 3.44593, 4.90537, 0.968539, 98.693, 1891.44
383, 0.00767806, 0, 0, 0, 2.06287, 0.932268, 0, 0, 2.99515, 0.677298, 3.171, 4.86939, 0.968509, 88.4569, 1878.75
384, 0.00794445, 0, 0, 0, 2.0853, 0.957841, 0, 0, 3.04313, 0.705687, 3.26358, 4.83528, 0.968479, 88.6311, 1876.57
385, 0.00820894, 0, 0, 0, 2.25234, 1.04906, 0, 0, 3.30139, 0.782096, 3.5802, 4.80253, 0.968448, 95.0834, 1880.6
386, 0.00847488, 0, 0, 0, 2.32508, 1.09707, 0, 0, 3.42217, 0.826954, 3.75015, 4.77065, 0.96842, 97.5751, 1880.35
387, 0.00874061, 0, 0, 0, 2.31814, 1.10866, 0, 0, 3.42681, 0.845226, 3.79644, 4.73978, 0.968387, 96.7342, 1876.85
388, 0.00900765, 0, 0, 0, 2.34611, 1.13807, 0, 0, 3.48417, 0.877999, 3.90461, 4.70968, 0.96836, 97.3583, 1874.81
389, 0.00927911, 0, 0, 0, 2.53028, 1.24509, 0, 0, 3.77537, 0.972144, 4.28024, 4.67999, 0.96833, 104.421, 1878.83
390, 0.00955589, 0, 0, 0, 2.8131, 1.4023, 0, 0, 4.21539, 1.10687, 4.82941, 4.6506, 0.9683, 115.505, 1885.81
391, 0.00983859, 0, 0, 0, 2.94733, 1.48608, 0, 0, 4.43341, 1.18439, 5.12617, 4.62144, 0.968267, 120.465, 1887.09
392, 0.01013, 0, 0, 0, 2.67444, 1.36264, 0, 0, 4.03708, 1.09576, 4.70731, 4.59225, 0.968239, 108.835, 1874.5
393, 0.0104304, 0, 0, 0, 2.21031, 1.14112, 0, 0, 3.35144, 0.928272, 3.9496, 4.56304, 0.968209, 89.4294, 1853.31
394, 0.010732, 0, 0, 0, 2.23849, 1.17486, 0, 0, 3.41336, 0.969434, 4.07622, 4.53452, 0.968179, 89.9407, 1851.52
395, 0.01103, 0, 0, 0, 2.59984, 1.38031, 0, 0, 3.98016, 1.15008, 4.79736, 4.50714, 0.968151, 104.012, 1862.54
396, 0.0113282, 0, 0, 0, 2.58084, 1.38398, 0, 0, 3.96482, 1.16296, 4.8179, 4.48046, 0.968117, 102.91, 1858.67
397, 0.0116296, 0, 0, 0, 2.55876, 1.39218, 0, 0, 3.95096, 1.18443, 4.85792, 4.4542, 0.96809, 101.532, 1854.85
398, 0.0119388, 0, 0, 0, 3.1607, 1.74337, 0, 0, 4.90406, 1.50071, 6.09654, 4.42796, 0.96806, 124.781, 1872.1
399, 0.0122587, 0, 0, 0, 3.8519, 2.14613, 0, 0, 5.99804, 1.86372, 7.51681, 4.40152, 0.968032, 151.446, 1888.33
400, 0.012586, 0, 0, 0, 4.18313, 2.35527, 0, 0, 6.5384, 2.06421, 8.26279, 4.37517, 0.968001, 163.766, 1893.41
401, 0.0129264, 0, 0, 0, 4.38432, 2.49658, 0, 0, 6.8809, 2.21027, 8.77395, 4.34848, 0.967971, 170.765, 1895.03
402, 0.0132796, 0, 0, 0, 4.58926, 2.64243, 0, 0, 7.2317, 2.36326, 9.30299, 4.32153, 0.967941, 177.77, 1896.54
403, 0.0136309, 0, 0, 0, 4.73083, 2.75345, 0, 0, 7.48428, 2.48663, 9.71089, 4.29541, 0.967909, 182.357, 1896.53
404, 0.0139755, 0, 0, 0, 4.74507, 2.79129, 0, 0, 7.53637, 2.54456, 9.86172, 4.27045, 0.967881, 182.145, 1893.78
405, 0.0143271, 0, 0, 0, 4.66335, 2.77266, 0, 0, 7.43601, 2.5517, 9.81355, 4.2456, 0.967851, 178.246, 1889
406, 0.014694, 0, 0, 0, 4.53961, 2.72785, 0, 0, 7.26746, 2.53493, 9.67242, 4.22031, 0.967822, 172.683, 1883.29
407, 0.0150595, 0, 0, 0, 4.47186, 2.71664, 0, 0, 7.1885, 2.54955, 9.65078, 4.19574, 0.96779, 169.32, 1878.8
408, 0.0154119, 0, 0, 0, 4.53625, 2.78518, 0, 0, 7.32143, 2.63815, 9.91265, 4.17262, 0.96776, 171.146, 1877.25
409, 0.0157702, 0, 0, 0, 4.50478, 2.7933, 0, 0, 7.2981, 2.66887, 9.95902, 4.14963, 0.96773, 169.391, 1873.56
410, 0.0161468, 0, 0, 0, 4.36008, 2.7316, 0, 0, 7.09167, 2.63452, 9.75716, 4.12603, 0.9677, 163.262, 1867.35
411, 0.0165364, 0, 0, 0, 4.40202, 2.78753, 0, 0, 7.18959, 2.71525, 9.97639, 4.10219, 0.967672, 164.051, 1865.38
412, 0.0169231, 0, 0, 0, 4.59574, 2.93943, 0, 0, 7.53515, 2.88946, 10.5395, 4.07907, 0.967641, 170.575, 1866.73
413, 0.0173004, 0, 0, 0, 4.7374, 3.05957, 0, 0, 7.79698, 3.03364, 10.9903, 4.05703, 0.967611, 175.26, 1866.83
414, 0.0176918, 0, 0, 0, 4.84089, 3.15711, 0, 0, 7.99802, 3.15842, 11.3621, 4.03465, 0.967581, 178.429, 1866.08
415, 0.0180997, 0, 0, 0, 4.96155, 3.26712, 0, 0, 8.22868, 3.29824, 11.7809, 4.01186, 0.967549, 182.131, 1865.64
416, 0.0185056, 0, 0, 0, 5.03397, 3.34578, 0, 0, 8.37975, 3.40702, 12.0875, 3.98968, 0.96752, 184.119, 1864.18
417, 0.018908, 0, 0, 0, 4.97059, 3.33407, 0, 0, 8.30465, 3.42375, 12.0672, 3.96817, 0.967492, 181.192, 1860.02
418, 0.0193141, 0, 0, 0, 4.877, 3.3023, 0, 0, 8.1793, 3.42045, 11.9737, 3.94692, 0.967461, 177.155, 1855.24
419, 0.0197265, 0, 0, 0, 4.87502, 3.33201, 0, 0, 8.207, 3.48102, 12.1032, 3.92579, 0.967431, 176.451, 1852.35
420, 0.0201454, 0, 0, 0, 4.92484, 3.397, 0, 0, 8.32185, 3.57907, 12.3612, 3.90478, 0.967399, 177.62, 1850.51
421, 0.0205701, 0, 0, 0, 4.98616, 3.46999, 0, 0, 8.45614, 3.68633, 12.649, 3.88392, 0.96737, 179.198, 1848.9
422, 0.0209965, 0, 0, 0, 4.95679, 3.47961, 0, 0, 8.43639, 3.72649, 12.7061, 3.8634, 0.967339, 177.554, 1845.47
423, 0.0214193, 0, 0, 0, 4.92119, 3.48589, 0, 0, 8.40709, 3.76427, 12.7527, 3.84346, 0.967311, 175.735, 1841.94
424, 0.0218447, 0, 0, 0, 4.99658, 3.57077, 0, 0, 8.56734, 3.88743, 13.0874, 3.8238, 0.96728, 177.904, 1840.66
425, 0.022294, 0, 0, 0, 5.05328, 3.64196, 0, 0, 8.69519, 3.99715, 13.3724, 3.80344, 0.967252, 179.298, 1838.98
426, 0.0227559, 0, 0, 0, 5.01402, 3.64366, 0, 0, 8.65765, 4.03143, 13.4026, 3.78293, 0.967221, 177.243, 1835.41
427, 0.0232017, 0, 0, 0, 4.85067, 3.55405, 0, 0, 8.4047, 3.9628, 13.0961, 3.76353, 0.967188, 170.958, 1829.32
428, 0.0236548, 0, 0, 0, 4.61202, 3.40715, 0, 0, 8.01917, 3.82856, 12.5771, 3.74419, 0.967161, 162.068, 1821.56
429, 0.0241301, 0, 0, 0, 4.31405, 3.21281, 0, 0, 7.52687, 3.6388, 11.8806, 3.7243, 0.96713, 151.056, 1812.24
430, 0.0245926, 0, 0, 0, 4.0535, 3.04475, 0, 0, 7.09827, 3.47696, 11.2804, 3.70531, 0.9671, 141.457, 1803.45
431, 0.0250476, 0, 0, 0, 4.20714, 3.18961, 0, 0, 7.39676, 3.67428, 11.8414, 3.68698, 0.967072, 146.359, 1804.4
432, 0.0255195, 0, 0, 0, 4.7303, 3.61501, 0, 0, 8.34529, 4.19628, 13.4449, 3.66831, 0.967039, 164.073, 1813.19
433, 0.0259821, 0, 0, 0, 5.02496, 3.86794, 0, 0, 8.8929, 4.52013, 14.4092, 3.65035, 0.967011, 173.912, 1816.43
434, 0.0264259, 0, 0, 0, 5.02684, 3.89928, 0, 0, 8.92612, 4.58864, 14.5515, 3.63341, 0.966979, 173.672, 1813.75
435, 0.0268875, 0, 0, 0, 5.08621, 3.97746, 0, 0, 9.06363, 4.7163, 14.871, 3.61609, 0.966951, 175.303, 1812.24
436, 0.0273977, 0, 0, 0, 5.3047, 4.18033, 0, 0, 9.48503, 4.99545, 15.6576, 3.5973, 0.96692, 182.182, 1813.74
437, 0.0279275, 0, 0, 0, 5.40616, 4.29065, 0, 0, 9.69678, 5.16514, 16.0977, 3.57814, 0.966889, 184.977, 1812.94
438, 0.028408, 0, 0, 0, 5.27272, 4.21575, 0, 0, 9.48847, 5.11059, 15.8446, 3.56108, 0.966861, 180.004, 1807.77
439, 0.0288382, 0, 0, 0, 5.19748, 4.18871, 0, 0, 9.38618, 5.11309, 15.7737, 3.54605, 0.966829, 177.296, 1803.71
440, 0.0292952, 0, 0, 0, 5.29912, 4.30367, 0, 0, 9.60278, 5.29069, 16.2391, 3.53033, 0.966801, 180.529, 1803
441, 0.0297626, 0, 0, 0, 5.46817, 4.47472, 0, 0, 9.9429, 5.54084, 16.9219, 3.5145, 0.966769, 186.051, 1803.51
442, 0.0301665, 0, 0, 0, 5.66908, 4.67439, 0, 0, 10.3435, 5.8266, 17.7201, 3.50102, 0.966741, 193.032, 1804.5
443, 0.0305719, 0, 0, 0, 5.74983, 4.77535, 0, 0, 10.5252, 5.98927, 18.1415, 3.48767, 0.96671, 195.908, 1803.29
444, 0.0310424, 0, 0, 0, 5.66605, 4.73899, 0, 0, 10.405, 5.98182, 18.0333, 3.4724, 0.96668, 192.771, 1799.21
445, 0.0315398, 0, 0, 0, 5.5649, 4.68786, 0, 0, 10.2528, 5.95754, 17.8687, 3.4565, 0.96665, 188.922, 1794.82
446, 0.0321005, 0, 0, 0, 5.65262, 4.79635, 0, 0, 10.449, 6.14124, 18.313, 3.43888, 0.966621, 191.19, 1793.8
447, 0.0326992, 0, 0, 0, 5.95536, 5.08754, 0, 0, 11.0429, 6.56183, 19.4526, 3.4204, 0.96659, 200.5, 1796.43
448, 0.0332698, 0, 0, 0, 6.17824, 5.31183, 0, 0, 11.49, 6.89657, 20.3368, 3.40311, 0.96656, 207.23, 1797.52
449, 0.0338597, 0, 0, 0, 6.2754, 5.43074, 0, 0, 11.7061, 7.10024, 20.8215, 3.38553, 0.96653, 209.642, 1796.51
450, 0.0344799, 0, 0, 0, 6.41094, 5.58434, 0, 0, 11.9953, 7.35421, 21.4433, 3.36738, 0.966501, 213.213, 1796.1
451, 0.0350681, 0, 0, 0, 6.48238, 5.68239, 0, 0, 12.1648, 7.5338, 21.8537, 3.35046, 0.96647, 214.855, 1794.65
452, 0.0356212, 0, 0, 0, 6.38555, 5.63347, 0, 0, 12.019, 7.51747, 21.7011, 3.33481, 0.966441, 211.124, 1790.58
453, 0.0361699, 0, 0, 0, 6.30057, 5.59564, 0, 0, 11.8962, 7.51691, 21.5929, 3.31953, 0.96641, 207.837, 1786.71
454, 0.0367242, 0, 0, 0, 6.35063, 5.67735, 0, 0, 12.028, 7.67739, 21.9468, 3.30432, 0.966382, 209.014, 1784.99
455, 0.0372669, 0, 0, 0, 6.43816, 5.79282, 0, 0, 12.231, 7.88347, 22.432, 3.28965, 0.966351, 211.5, 1783.85
456, 0.0377956, 0, 0, 0, 6.5143, 5.89871, 0, 0, 12.413, 8.07693, 22.8813, 3.27556, 0.96632, 213.682, 1782.53
457, 0.038311, 0, 0, 0, 6.48792, 5.91132, 0, 0, 12.3993, 8.14182, 22.9685, 3.26202, 0.966291, 212.566, 1779.62
458, 0.0387985, 0, 0, 0, 6.37169, 5.84245, 0, 0, 12.2141, 8.0935, 22.7399, 3.24937, 0.96626, 208.639, 1775.32
459, 0.0392905, 0, 0, 0, 6.37313, 5.8819, 0, 0, 12.255, 8.19646, 22.9339, 3.23677, 0.966233, 208.567, 1772.88
460, 0.0398077, 0, 0, 0, 6.50866, 6.04478, 0, 0, 12.5534, 8.47328, 23.6095, 3.22369, 0.966201, 212.791, 1772.53
461, 0.0403372, 0, 0, 0, 6.6257, 6.19091, 0, 0, 12.8166, 8.7287, 24.2209, 3.21048, 0.966169, 216.367, 1771.86
462, 0.0408867, 0, 0, 0, 6.65833, 6.25883, 0, 0, 12.9172, 8.87677, 24.5278, 3.19695, 0.96614, 217.114, 1769.9
463, 0.0414369, 0, 0, 0, 6.64964, 6.28843, 0, 0, 12.938, 8.97178, 24.6861, 3.18358, 0.966111, 216.528, 1767.32
464, 0.0420025, 0, 0, 0, 6.63389, 6.31113, 0, 0, 12.945, 9.0582, 24.818, 3.17003, 0.966078, 215.677, 1764.65
465, 0.0426236, 0, 0, 0, 6.62675, 6.34167, 0, 0, 12.9684, 9.15996, 24.9816, 3.15535, 0.966049, 214.908, 1762.12
466, 0.043231, 0, 0, 0, 6.6487, 6.40027, 0, 0, 13.049, 9.30236, 25.2579, 3.1412, 0.96602, 215.163, 1760.03
467, 0.04374, 0, 0, 0, 6.65026, 6.44009, 0, 0, 13.0904, 9.41216, 25.4627, 3.12949, 0.96599, 215.179, 1757.65
468, 0.044188, 0, 0, 0, 6.62546, 6.4553, 0, 0, 13.0808, 9.48344, 25.573, 3.1193, 0.96596, 214.614, 1754.9
469, 0.0446357, 0, 0, 0, 6.61874, 6.48823, 0, 0, 13.107, 9.58162, 25.7562, 3.10922, 0.96593, 214.672, 1752.42
470, 0.0451001, 0, 0, 0, 6.5983, 6.50707, 0, 0, 13.1054, 9.65981, 25.8828, 3.09887, 0.965898, 214.212, 1749.75
471, 0.0455777, 0, 0, 0, 6.59937, 6.54696, 0, 0, 13.1463, 9.77026, 26.0911, 3.08834, 0.96587, 214.367, 1747.41
472, 0.0460239, 0, 0, 0, 6.66205, 6.64833, 0, 0, 13.3104, 9.97136, 26.5457, 3.07859, 0.965839, 216.643, 1746
473, 0.0464031, 0, 0, 0, 6.68016, 6.706, 0, 0, 13.3862, 10.1038, 26.829, 3.07039, 0.965811, 217.746, 1743.93
474, 0.0466965, 0, 0, 0, 6.65811, 6.7251, 0, 0, 13.3832, 10.1746, 26.9624, 3.06409, 0.96578, 217.895, 1741.29
475, 0.0469162, 0, 0, 0, 6.66119, 6.77076, 0, 0, 13.432, 10.2828, 27.2077, 3.05939, 0.96575, 219.174, 1739.04
476, 0.0471328, 0, 0, 0, 6.65212, 6.80402, 0, 0, 13.4561, 10.3726, 27.4052, 3.05479, 0.965721, 220.078, 1736.61
477, 0.0474693, 0, 0, 0, 6.61474, 6.80566, 0, 0, 13.4204, 10.4195, 27.4673, 3.04767, 0.965691, 219.531, 1733.75
478, 0.0480243, 0, 0, 0, 6.52722, 6.75071, 0, 0, 13.2779, 10.3882, 27.2841, 3.03605, 0.965662, 216.383, 1730.1
479, 0.0487665, 0, 0, 0, 6.45972, 6.71275, 0, 0, 13.1725, 10.3914, 27.1559, 3.02071, 0.965629, 213.112, 1726.74
480, 0.0496118, 0, 0, 0, 6.51696, 6.80265, 0, 0, 13.3196, 10.5977, 27.5398, 3.00353, 0.965601, 213.575, 1725.28
481, 0.05049, 0, 0, 0, 6.61441, 6.93435, 0, 0, 13.5488, 10.8716, 28.0945, 2.98598, 0.96557, 215.301, 1724.41
482, 0.051354, 0, 0, 0, 6.65274, 7.00535, 0, 0, 13.6581, 11.052, 28.4094, 2.96901, 0.965539, 215.229, 1722.67
483, 0.0521788, 0, 0, 0, 6.63414, 7.01795, 0, 0, 13.6521, 11.1405, 28.4948, 2.95308, 0.965511, 213.547, 1720.09
484, 0.0529185, 0, 0, 0, 6.55856, 6.9716, 0, 0, 13.5301, 11.1317, 28.3489, 2.939, 0.965481, 210.428, 1716.67
485, 0.0535869, 0, 0, 0, 6.37855, 6.81359, 0, 0, 13.1921, 10.9386, 27.7512, 2.92645, 0.965451, 204.274, 1711.65
486, 0.0542612, 0, 0, 0, 6.08714, 6.53423, 0, 0, 12.6214, 10.5474, 26.6545, 2.91395, 0.965418, 194.537, 1704.79
487, 0.0549175, 0, 0, 0, 5.92061, 6.38776, 0, 0, 12.3084, 10.3682, 26.0973, 2.90192, 0.965389, 188.825, 1699.84
488, 0.0554898, 0, 0, 0, 6.02234, 6.53128, 0, 0, 12.5536, 10.6552, 26.7262, 2.89156, 0.965359, 191.936, 1699.28
489, 0.0560311, 0, 0, 0, 6.31834, 6.88673, 0, 0, 13.2051, 11.2881, 28.2244, 2.88185, 0.965331, 201.344, 1701.78
490, 0.0566521, 0, 0, 0, 6.55376, 7.17654, 0, 0, 13.7303, 11.8197, 29.4539, 2.87083, 0.965301, 208.589, 1703.15
491, 0.0573276, 0, 0, 0, 6.56196, 7.21825, 0, 0, 13.7802, 11.948, 29.6665, 2.85897, 0.965271, 208.454, 1701.05
492, 0.0579635, 0, 0, 0, 6.50217, 7.18684, 0, 0, 13.689, 11.9559, 29.5816, 2.84794, 0.965241, 206.277, 1697.94
493, 0.0585356, 0, 0, 0, 6.58048, 7.30897, 0, 0, 13.8894, 12.2169, 30.1306, 2.83812, 0.96521, 208.671, 1696.93
494, 0.0590747, 0, 0, 0, 6.68988, 7.46583, 0, 0, 14.1557, 12.5345, 30.8238, 2.82895, 0.965178, 212.156, 1696.36
495, 0.059613, 0, 0, 0, 6.73396, 7.55064, 0, 0, 14.2846, 12.7328, 31.2214, 2.81988, 0.965152, 213.585, 1694.83
496, 0.0601489, 0, 0, 0, 6.72091, 7.57148, 0, 0, 14.2924, 12.8237, 31.3553, 2.81093, 0.965121, 213.216, 1692.46
497, 0.0606781, 0, 0, 0, 6.62209, 7.49523, 0, 0, 14.1173, 12.7494, 31.0876, 2.80217, 0.965089, 210.157, 1688.83
498, 0.061185, 0, 0, 0, 6.47172, 7.36014, 0, 0, 13.8319, 12.5732, 30.5767, 2.79385, 0.96506, 205.54, 1684.42
499, 0.0616074, 0, 0, 0, 6.3191, 7.22204, 0, 0, 13.5412, 12.3861, 30.0549, 2.78697, 0.965025, 201.089, 1679.95
500, 0.0618762, 0, 0, 0, 6.1859, 7.10625, 0, 0, 13.2921, 12.229, 29.6299, 2.78262, 0.964978, 197.664, 1675.76
501, 0.061908, 0, 0, 0, 6.06859, 7.01048, 0, 0, 13.0791, 12.0963, 29.3007, 2.78211, 0.964916, 195.436, 1671.81
502, 0.0615648, 0, 0, 0, 6.01634, 6.99492, 0, 0, 13.0113, 12.0905, 29.3357, 2.78767, 0.964842, 196.55, 1668.94
503, 0.0608288, 0, 0, 0, 6.05068, 7.085, 0, 0, 13.1357, 12.2571, 29.8453, 2.79969, 0.964759, 201.792, 1667.52
504, 0.0604806, 0, 0, 0, 6.07217, 7.1538, 0, 0, 13.226, 12.4007, 30.2366, 2.80543, 0.964681, 205.277, 1665.84
505, 0.061178, 0, 0, 0, 6.11679, 7.23496, 0, 0, 13.3518, 12.5997, 30.6025, 2.79397, 0.964601, 206.026, 1664.42
506, 0.062117, 0, 0, 0, 6.16948, 7.32242, 0, 0, 13.4919, 12.8211, 30.9837, 2.77874, 0.964519, 206.255, 1663.11
507, 0.0628622, 0, 0, 0, 6.16057, 7.34111, 0, 0, 13.5017, 12.9187, 31.0993, 2.76681, 0.964441, 205.255, 1660.86
508, 0.063772, 0, 0, 0, 6.16889, 7.37995, 0, 0, 13.5489, 13.0557, 31.2956, 2.75244, 0.96436, 204.58, 1658.88
509, 0.0649182, 0, 0, 0, 6.24391, 7.49507, 0, 0, 13.739, 13.3339, 31.7959, 2.73463, 0.96428, 205.382, 1657.93
510, 0.0660857, 0, 0, 0, 6.29174, 7.57611, 0, 0, 13.8679, 13.5533, 32.1456, 2.7168, 0.964201, 205.125, 1656.54
511, 0.0671506, 0, 0, 0, 6.28223, 7.58906, 0, 0, 13.8713, 13.6494, 32.2124, 2.70082, 0.964118, 203.287, 1654.28
512, 0.0680544, 0, 0, 0, 6.23656, 7.56024, 0, 0, 13.7968, 13.6644, 32.113, 2.68745, 0.964041, 200.809, 1651.47
513, 0.0688206, 0, 0, 0, 6.17494, 7.51394, 0, 0, 13.6889, 13.6431, 31.9489, 2.67625, 0.963961, 198.25, 1648.44
514, 0.069494, 0, 0, 0, 6.17484, 7.54372, 0, 0, 13.7185, 13.7569, 32.1145, 2.66652, 0.96388, 197.944, 1646.38
515, 0.0700939, 0, 0, 0, 6.13673, 7.52691, 0, 0, 13.6636, 13.7811, 32.085, 2.65792, 0.963799, 196.638, 1643.74
516, 0.0706526, 0, 0, 0, 5.87777, 7.23776, 0, 0, 13.1155, 13.3018, 30.8944, 2.64998, 0.963719, 188.37, 1637.54
517, 0.0711823, 0, 0, 0, 5.53329, 6.84249, 0, 0, 12.3758, 12.6248, 29.2503, 2.64251, 0.963639, 177.424, 1629.74
518, 0.0716718, 0, 0, 0, 5.49551, 6.82643, 0, 0, 12.3219, 12.6456, 29.2277, 2.63566, 0.963561, 176.394, 1627.1
519, 0.0721402, 0, 0, 0, 5.77697, 7.20706, 0, 0, 12.984, 13.4003, 30.9043, 2.62914, 0.96348, 185.663, 1629.88
520, 0.0726105, 0, 0, 0, 6.08507, 7.62232, 0, 0, 13.7074, 14.222, 32.732, 2.62265, 0.9634, 195.804, 1632.88
521, 0.0730561, 0, 0, 0, 6.26092, 7.87474, 0, 0, 14.1357, 14.743, 33.8655, 2.61653, 0.963321, 201.773, 1633.64
522, 0.0734207, 0, 0, 0, 6.34958, 8.02009, 0, 0, 14.3697, 15.0628, 34.5445, 2.61155, 0.963241, 205.143, 1633.02
523, 0.073652, 0, 0, 0, 6.35397, 8.06144, 0, 0, 14.4154, 15.1825, 34.7823, 2.6084, 0.96316, 206.136, 1631.13
524, 0.0737805, 0, 0, 0, 6.31332, 8.0467, 0, 0, 14.36, 15.1921, 34.7815, 2.60666, 0.963064, 205.904, 1628.57
525, 0.0739411, 0, 0, 0, 6.22305, 7.9659, 0, 0, 14.1889, 15.0756, 34.4865, 2.60449, 0.962932, 203.878, 1625.23
526, 0.0741743, 0, 0, 0, 6.04143, 7.76505, 0, 0, 13.8065, 14.7328, 33.6642, 2.60134, 0.962743, 198.613, 1620.43
527, 0.0744203, 0, 0, 0, 5.91677, 7.63752, 0, 0, 13.5543, 14.5305, 33.162, 2.59803, 0.962517, 195.213, 1616.5
528, 0.0746818, 0, 0, 0, 6.00804, 7.78852, 0, 0, 13.7965, 14.8593, 33.8702, 2.59452, 0.962281, 198.915, 1616.04
529, 0.0749608, 0, 0, 0, 6.13061, 7.97967, 0, 0, 14.1103, 15.2654, 34.7532, 2.59079, 0.962039, 203.618, 1616.05
530, 0.0752654, 0, 0, 0, 6.16488, 8.05653, 0, 0, 14.2214, 15.4557, 35.1398, 2.58673, 0.9618, 205.346, 1614.66
531, 0.0756247, 0, 0, 0, 6.15196, 8.07099, 0, 0, 14.223, 15.5294, 35.2526, 2.58197, 0.961561, 205.363, 1612.53
532, 0.076064, 0, 0, 0, 6.05869, 7.97831, 0, 0, 14.037, 15.4002, 34.8941, 2.57618, 0.96132, 202.493, 1609.14
533, 0.0766058, 0, 0, 0, 5.97328, 7.89514, 0, 0, 13.8684, 15.2954, 34.5759, 2.56908, 0.96108, 199.664, 1605.86
534, 0.0772481, 0, 0, 0, 6.0281, 7.99636, 0, 0, 14.0245, 15.5536, 35.0645, 2.56073, 0.960839, 201.313, 1604.82
535, 0.0779501, 0, 0, 0, 6.11398, 8.13799, 0, 0, 14.252, 15.8934, 35.7298, 2.55169, 0.960599, 203.883, 1604.25
536, 0.0786409, 0, 0, 0, 6.06691, 8.10258, 0, 0, 14.1695, 15.8868, 35.6189, 2.54286, 0.960359, 202.063, 1601.6
537, 0.0792416, 0, 0, 0, 5.93106, 7.9499, 0, 0, 13.8809, 15.6467, 34.9962, 2.53525, 0.960121, 197.497, 1597.54
538, 0.0796879, 0, 0, 0, 5.89277, 7.92947, 0, 0, 13.8222, 15.6605, 34.9618, 2.52964, 0.959881, 196.523, 1595.05
539, 0.0799162, 0, 0, 0, 5.8649, 7.92472, 0, 0, 13.7896, 15.6961, 35.0066, 2.52678, 0.95964, 196.38, 1592.75
540, 0.0798509, 0, 0, 0, 5.75256, 7.80991, 0, 0, 13.5625, 15.5042, 34.5834, 2.52759, 0.959401, 194.115, 1589.1
541, 0.0796652, 0, 0, 0, 5.67248, 7.74013, 0, 0, 13.4126, 15.3964, 34.365, 2.52992, 0.959161, 193.237, 1585.99
542, 0.0798392, 0, 0, 0, 5.67706, 7.77866, 0, 0, 13.4557, 15.5116, 34.5974, 2.52774, 0.958921, 194.306, 1584.24
543, 0.0803474, 0, 0, 0, 5.69147, 7.82465, 0, 0, 13.5161, 15.6517, 34.8381, 2.5214, 0.95868, 194.82, 1582.62
544, 0.0808413, 0, 0, 0, 5.72912, 7.90345, 0, 0, 13.6326, 15.8594, 35.2288, 2.51527, 0.958439, 196.169, 1581.39
545, 0.0812414, 0, 0, 0, 5.80464, 8.03669, 0, 0, 13.8413, 16.1751, 35.8721, 2.51033, 0.9582, 199.089, 1580.79
546, 0.0816531, 0, 0, 0, 5.83839, 8.11204, 0, 0, 13.9504, 16.3762, 36.2577, 2.50528, 0.95796, 200.543, 1579.5
547, 0.0823802, 0, 0, 0, 5.81514, 8.10322, 0, 0, 13.9184, 16.4176, 36.2458, 2.49641, 0.957721, 199.265, 1577.26
548, 0.083309, 0, 0, 0, 5.81174, 8.11909, 0, 0, 13.9308, 16.5154, 36.3325, 2.4852, 0.957482, 198.213, 1575.33
549, 0.084119, 0, 0, 0, 5.83986, 8.18204, 0, 0, 14.0219, 16.7078, 36.6442, 2.47552, 0.957249, 198.607, 1573.94
550, 0.0848279, 0, 0, 0, 5.86113, 8.23851, 0, 0, 14.0996, 16.8893, 36.9439, 2.46713, 0.957046, 199.097, 1572.46
551, 0.085525, 0, 0, 0, 5.8831, 8.29676, 0, 0, 14.1799, 17.0797, 37.2623, 2.45895, 0.956877, 199.698, 1571
552, 0.0861723, 0, 0, 0, 5.88163, 8.32239, 0, 0, 14.204, 17.2032, 37.4413, 2.45141, 0.956735, 199.645, 1569.17
553, 0.0867423, 0, 0, 0, 5.8462, 8.30119, 0, 0, 14.1474, 17.2283, 37.4159, 2.44481, 0.9566, 198.624, 1566.81
554, 0.0872562, 0, 0, 0, 5.82654, 8.30322, 0, 0, 14.1298, 17.3002, 37.4993, 2.43891, 0.956466, 198.272, 1564.72
555, 0.0877256, 0, 0, 0, 5.79264, 8.28513, 0, 0, 14.0778, 17.3278, 37.4934, 2.43354, 0.956334, 197.531, 1562.4
556, 0.0881342, 0, 0, 0, 5.73145, 8.22818, 0, 0, 13.9596, 17.271, 37.3128, 2.42889, 0.9562, 195.972, 1559.64
557, 0.0884655, 0, 0, 0, 5.63425, 8.11929, 0, 0, 13.7535, 17.1, 36.8964, 2.42514, 0.956067, 193.31, 1556.29
558, 0.0887224, 0, 0, 0, 5.47113, 7.9149, 0, 0, 13.386, 16.7225, 36.0454, 2.42224, 0.955933, 188.498, 1551.81
559, 0.0889196, 0, 0, 0, 5.32773, 7.73898, 0, 0, 13.0667, 16.4017, 35.3245, 2.42002, 0.9558, 184.462, 1547.62
560, 0.0890626, 0, 0, 0, 5.36261, 7.82242, 0, 0, 13.1851, 16.6282, 35.789, 2.41842, 0.955666, 186.696, 1546.52
561, 0.0891635, 0, 0, 0, 5.4931, 8.04511, 0, 0, 13.5382, 17.1483, 36.8909, 2.41728, 0.955534, 192.319, 1547.06
562, 0.0892383, 0, 0, 0, 5.52379, 8.12238, 0, 0, 13.6462, 17.3581, 37.3282, 2.41645, 0.955401, 194.514, 1545.88
563, 0.0893038, 0, 0, 0, 5.49794, 8.11735, 0, 0, 13.6153, 17.3934, 37.3906, 2.41571, 0.955267, 194.764, 1543.75
564, 0.08937, 0, 0, 0, 5.46916, 8.10813, 0, 0, 13.5773, 17.4203, 37.4355, 2.41497, 0.955133, 194.922, 1541.58
565, 0.089416, 0, 0, 0, 5.42879, 8.08263, 0, 0, 13.5114, 17.4127, 37.4102, 2.41446, 0.955001, 194.739, 1539.22
566, 0.0892905, 0, 0, 0, 5.38987, 8.06218, 0, 0, 13.452, 17.4118, 37.4217, 2.41586, 0.954868, 195.005, 1536.91
567, 0.088613, 0, 0, 0, 5.32104, 8.00397, 0, 0, 13.325, 17.3129, 37.2906, 2.42348, 0.954732, 195.376, 1534.14
568, 0.0871775, 0, 0, 0, 5.16759, 7.82697, 0, 0, 12.9946, 16.9351, 36.6485, 2.43981, 0.954599, 194.248, 1529.93
569, 0.0858663, 0, 0, 0, 4.99632, 7.6193, 0, 0, 12.6156, 16.4922, 35.8492, 2.45496, 0.954466, 192.104, 1525.33
570, 0.0858102, 0, 0, 0, 4.88847, 7.48923, 0, 0, 12.3777, 16.2469, 35.3294, 2.45562, 0.954333, 189.474, 1521.71
571, 0.08631, 0, 0, 0, 4.8495, 7.45623, 0, 0, 12.3057, 16.2263, 35.2303, 2.44981, 0.954201, 188.184, 1519.31
572, 0.0862416, 0, 0, 0, 4.88449, 7.5443, 0, 0, 12.4288, 16.4576, 35.7409, 2.4506, 0.954064, 190.982, 1518.37
573, 0.0860657, 0, 0, 0, 4.91732, 7.6306, 0, 0, 12.5479, 16.6855, 36.2542, 2.45264, 0.953934, 193.95, 1517.39
574, 0.0862169, 0, 0, 0, 4.89948, 7.63458, 0, 0, 12.5341, 16.7448, 36.3614, 2.45089, 0.953802, 194.234, 1515.45
575, 0.0866778, 0, 0, 0, 4.85883, 7.59928, 0, 0, 12.4581, 16.7289, 36.267, 2.44556, 0.953666, 192.947, 1513.05
576, 0.0874269, 0, 0, 0, 4.85071, 7.61124, 0, 0, 12.462, 16.8277, 36.387, 2.43695, 0.953534, 192.4, 1511.25
577, 0.0883874, 0, 0, 0, 4.88437, 7.68573, 0, 0, 12.5701, 17.0737, 36.799, 2.42603, 0.953399, 193.143, 1510.21
578, 0.0897085, 0, 0, 0, 4.9209, 7.75888, 0, 0, 12.6798, 17.3322, 37.1867, 2.41119, 0.953267, 193.229, 1509.18
579, 0.0914368, 0, 0, 0, 4.9493, 7.81293, 0, 0, 12.7622, 17.5667, 37.4652, 2.39211, 0.953133, 192.15, 1507.96
580, 0.093407, 0, 0, 0, 4.98582, 7.87675, 0, 0, 12.8626, 17.837, 37.7864, 2.37079, 0.953001, 190.973, 1506.86
581, 0.0954052, 0, 0, 0, 5.04689, 7.97979, 0, 0, 13.0267, 18.2013, 38.3013, 2.34962, 0.952867, 190.767, 1506.22
582, 0.0972078, 0, 0, 0, 5.12757, 8.11718, 0, 0, 13.2448, 18.64, 38.9938, 2.3309, 0.952732, 191.73, 1505.94
583, 0.0987083, 0, 0, 0, 5.18851, 8.22794, 0, 0, 13.4165, 19.0079, 39.5739, 2.31559, 0.9526, 192.56, 1505.32
584, 0.0998843, 0, 0, 0, 5.19147, 8.25143, 0, 0, 13.4429, 19.1631, 39.7502, 2.30374, 0.952467, 191.877, 1503.71
585, 0.100577, 0, 0, 0, 5.13529, 8.18749, 0, 0, 13.3228, 19.0995, 39.5309, 2.29684, 0.952332, 189.949, 1501.1
586, 0.100156, 0, 0, 0, 5.03934, 8.07366, 0, 0, 13.113, 18.8895, 39.1309, 2.30103, 0.952199, 188.642, 1497.87
587, 0.0973109, 0, 0, 0, 4.84799, 7.8288, 0, 0, 12.6768, 18.3171, 38.2094, 2.32984, 0.952067, 188.041, 1493.02
588, 0.091399, 0, 0, 0, 4.44252, 7.2573, 0, 0, 11.6998, 16.919, 35.8134, 2.39252, 0.951934, 184.326, 1484
589, 0.0856495, 0, 0, 0, 3.99168, 6.60277, 0, 0, 10.5944, 15.3275, 32.9764, 2.45749, 0.951801, 178.339, 1473.37
590, 0.0840703, 0, 0, 0, 3.86779, 6.44652, 0, 0, 10.3143, 14.9712, 32.3988, 2.4761, 0.951667, 178.25, 1469.25
591, 0.0853877, 0, 0, 0, 4.00783, 6.69375, 0, 0, 10.7016, 15.6166, 33.6603, 2.46055, 0.951533, 183.307, 1470.78
592, 0.0872674, 0, 0, 0, 4.1294, 6.89648, 0, 0, 11.0259, 16.1825, 34.6398, 2.43878, 0.951399, 185.909, 1471.7
593, 0.0894207, 0, 0, 0, 4.20226, 7.01583, 0, 0, 11.2181, 16.5608, 35.1883, 2.4144, 0.951268, 185.738, 1471.51
594, 0.0898181, 0, 0, 0, 4.19556, 7.02278, 0, 0, 11.2183, 16.6329, 35.2771, 2.40997, 0.951133, 185.651, 1469.79
595, 0.090207, 0, 0, 0, 4.19358, 7.04279, 0, 0, 11.2364, 16.7309, 35.4461, 2.40565, 0.951, 185.819, 1468.21
596, 0.0928518, 0, 0, 0, 4.30291, 7.23004, 0, 0, 11.533, 17.2698, 36.3398, 2.37675, 0.950865, 186.185, 1468.82
597, 0.0954954, 0, 0, 0, 4.41714, 7.42334, 0, 0, 11.8405, 17.8273, 37.2572, 2.34868, 0.950733, 186.773, 1469.46
598, 0.0979727, 0, 0, 0, 4.51004, 7.58209, 0, 0, 12.0921, 18.3046, 38.009, 2.32307, 0.9506, 186.898, 1469.64
599, 0.100726, 0, 0, 0, 4.59964, 7.73127, 0, 0, 12.3309, 18.7712, 38.6977, 2.29535, 0.950468, 186.415, 1469.69
600, 0.103557, 0, 0, 0, 4.67496, 7.85327, 0, 0, 12.5282, 19.181, 39.244, 2.26763, 0.950333, 185.286, 1469.42
601, 0.106152, 0, 0, 0, 4.71805, 7.92274, 0, 0, 12.6408, 19.4632, 39.5428, 2.24289, 0.950201, 183.419, 1468.53
602, 0.108178, 0, 1.00741e-33, 0, 4.73653, 7.95689, 0, 0, 12.6934, 19.6525, 39.7011, 2.22398, 0.950066, 181.683, 1467.21
603, 0.109804, 7.38696e-35, 5.85649e-32, 0, 4.78848, 8.05277, 0, 0, 12.8413, 19.991, 40.197, 2.20906, 0.949934, 182.02, 1466.56
604, 0.111168, 4.01822e-33, 1.46691e-30, 0, 4.85164, 8.17227, 0, 0, 13.0239, 20.3847, 40.8334, 2.19672, 0.949799, 183.346, 1466.16
605, 0.112316, 9.49536e-32, 1.63871e-29, 0, 4.86307, 8.20887, 0, 0, 13.072, 20.5692, 41.0733, 2.18644, 0.949666, 183.142, 1464.81
606, 0.113367, 1.00313e-30, 8.58141e-29, 0, 4.84426, 8.19687, 0, 0, 13.0412, 20.6324, 41.0809, 2.17712, 0.949534, 182.003, 1462.92
607, 0.114412, 4.99175e-30, 2.31444e-28, 0, 4.83775, 8.20646, 0, 0, 13.0442, 20.7518, 41.2013, 2.16795, 0.9494, 181.378, 1461.28
608, 0.115464, 1.29245e-29, 3.7941e-28, 0, 4.82955, 8.21354, 0, 0, 13.0431, 20.8657, 41.3116, 2.15879, 0.949268, 180.719, 1459.61
609, 0.116526, 2.10896e-29, 4.73939e-28, 0, 4.8026, 8.1889, 0, 0, 12.9915, 20.8999, 41.2641, 2.14964, 0.949132, 179.375, 1457.59
610, 0.117586, 3.15765e-29, 5.42867e-28, 0, 4.77196, 8.15803, 0, 0, 12.93, 20.9183, 41.1861, 2.14059, 0.948999, 177.91, 1455.51
611, 0.118618, 6.36007e-29, 6.13404e-28, 0, 4.7591, 8.1577, 0, 0, 12.9168, 21.0135, 41.2627, 2.13185, 0.948866, 177.158, 1453.78
612, 0.119616, 1.31352e-28, 6.92154e-28, 0, 4.75126, 8.1662, 0, 0, 12.9175, 21.1297, 41.3849, 2.12347, 0.948732, 176.652, 1452.14
613, 0.1206, 2.04643e-28, 7.80661e-28, 0, 4.73602, 8.16231, 0, 0, 12.8984, 21.2136, 41.4458, 2.11528, 0.948599, 175.907, 1450.37
614, 0.121566, 2.54626e-28, 8.8087e-28, 0, 4.72612, 8.16786, 0, 0, 12.894, 21.3216, 41.5557, 2.1073, 0.948465, 175.395, 1448.7
615, 0.122494, 2.92494e-28, 9.98176e-28, 0, 4.69218, 8.13161, 0, 0, 12.8238, 21.317, 41.4519, 2.09969, 0.948333, 174.046, 1446.59
616, 0.123369, 3.32432e-28, 1.14029e-27, 0, 4.58967, 7.97639, 0, 0, 12.566, 20.9965, 40.7412, 2.09258, 0.9482, 170.224, 1443.15
617, 0.124195, 3.77605e-28, 1.30368e-27, 0, 4.55009, 7.93134, 0, 0, 12.4814, 20.9658, 40.5962, 2.0859, 0.948066, 168.803, 1440.93
618, 0.124972, 4.27795e-28, 1.47776e-27, 0, 4.64025, 8.11279, 0, 0, 12.753, 21.5316, 41.6117, 2.07966, 0.947931, 172.264, 1441.24
619, 0.125674, 4.85377e-28, 1.66438e-27, 0, 4.70936, 8.25829, 0, 0, 12.9676, 21.9995, 42.4452, 2.07406, 0.947799, 175.043, 1441.12
620, 0.126286, 5.58481e-28, 1.87086e-27, 0, 4.71864, 8.30029, 0, 0, 13.0189, 22.1906, 42.7516, 2.06921, 0.947666, 175.717, 1439.87
621, 0.126821, 6.54535e-28, 2.10145e-27, 0, 4.69946, 8.2931, 0, 0, 12.9926, 22.2478, 42.8075, 2.06498, 0.947534, 175.43, 1438.09
622, 0.127285, 7.6361e-28, 2.35902e-27, 0, 4.65912, 8.24934, 0, 0, 12.9085, 22.2042, 42.6772, 2.06132, 0.9474, 174.449, 1435.92
623, 0.127662, 8.74008e-28, 2.6465e-27, 0, 4.61735, 8.20372, 0, 0, 12.8211, 22.1522, 42.54, 2.05837, 0.947267, 173.522, 1433.72
624, 0.127906, 9.91809e-28, 2.96704e-27, 0, 4.55825, 8.12821, 0, 0, 12.6865, 22.0144, 42.2515, 2.05646, 0.947134, 172.106, 1431.2
625, 0.127767, 1.12997e-27, 3.32309e-27, 0, 4.45914, 7.98476, 0, 0, 12.4439, 21.6826, 41.6242, 2.05755, 0.946999, 169.684, 1427.91
626, 0.126287, 1.30949e-27, 3.70741e-27, 0, 4.35721, 7.84517, 0, 0, 12.2024, 21.3327, 41.0563, 2.0692, 0.946868, 168.939, 1424.6
627, 0.122161, 1.55322e-27, 4.10258e-27, 0, 4.24281, 7.69452, 0, 0, 11.9373, 20.8988, 40.4826, 2.10242, 0.946734, 171.19, 1421.1
628, 0.117898, 1.81973e-27, 4.54231e-27, 0, 4.11984, 7.52349, 0, 0, 11.6433, 20.4078, 39.7857, 2.13794, 0.946599, 173.219, 1417.35
629, 0.118329, 2.03221e-27, 5.09883e-27, 0, 4.11653, 7.54019, 0, 0, 11.6567, 20.5264, 39.9559, 2.13429, 0.946467, 173.585, 1415.89
630, 0.121966, 2.21649e-27, 5.76468e-27, 0, 4.20031, 7.69572, 0, 0, 11.896, 21.0915, 40.777, 2.10401, 0.946334, 173.056, 1416.12
631, 0.125297, 2.44245e-27, 6.49765e-27, 0, 4.25519, 7.80545, 0, 0, 12.0607, 21.5213, 41.388, 2.07707, 0.9462, 171.904, 1415.78
632, 0.127823, 2.72238e-27, 7.30106e-27, 0, 4.27303, 7.85533, 0, 0, 12.1283, 21.7741, 41.7222, 2.05711, 0.946067, 170.491, 1414.73
633, 0.13061, 3.01693e-27, 8.21334e-27, 0, 4.307, 7.9254, 0, 0, 12.2324, 22.1028, 42.1296, 2.03554, 0.945933, 169.336, 1413.94
634, 0.133349, 3.33736e-27, 9.23526e-27, 0, 4.35453, 8.01439, 0, 0, 12.3689, 22.4938, 42.6174, 2.01478, 0.945801, 168.702, 1413.38
635, 0.135552, 3.70614e-27, 1.03638e-26, 0, 4.41219, 8.12576, 0, 0, 12.5379, 22.9399, 43.242, 1.9984, 0.945667, 169.183, 1413.04
636, 0.137568, 4.11647e-27, 1.1621e-26, 0, 4.47266, 8.24526, 0, 0, 12.7179, 23.405, 43.9199, 1.98364, 0.945535, 170.095, 1412.77
637, 0.139541, 4.57081e-27, 1.30246e-26, 0, 4.51978, 8.34102, 0, 0, 12.8608, 23.803, 44.4741, 1.9694, 0.9454, 170.57, 1412.23
638, 0.141489, 5.07444e-27, 1.45913e-26, 0, 4.54307, 8.39316, 0, 0, 12.9362, 24.077, 44.797, 1.95554, 0.945266, 170.182, 1411.22
639, 0.143266, 5.64443e-27, 1.63313e-26, 0, 4.53391, 8.38765, 0, 0, 12.9216, 24.1813, 44.821, 1.94305, 0.945134, 168.824, 1409.6
640, 0.144818, 6.29252e-27, 1.826e-26, 0, 4.51818, 8.3724, 0, 0, 12.8906, 24.2524, 44.8033, 1.93228, 0.945001, 167.504, 1407.88
641, 0.146235, 7.02064e-27, 2.04009e-26, 0, 4.51305, 8.37757, 0, 0, 12.8906, 24.3781, 44.8981, 1.92254, 0.944866, 166.725, 1406.37
642, 0.147486, 7.84551e-27, 2.27713e-26, 0, 4.49538, 8.36109, 0, 0, 12.8565, 24.4353, 44.883, 1.91402, 0.944734, 165.695, 1404.63
643, 0.148336, 8.81382e-27, 2.5371e-26, 0, 4.46368, 8.32369, 0, 0, 12.7874, 24.4204, 44.7751, 1.90827, 0.9446, 164.659, 1402.66
644, 0.148322, 1.00301e-26, 2.81669e-26, 0, 4.41753, 8.26939, 0, 0, 12.6869, 24.3351, 44.6166, 1.90837, 0.944466, 164.126, 1400.47
645, 0.146279, 1.17819e-26, 3.10267e-26, 0, 4.32263, 8.14219, 0, 0, 12.4648, 23.9913, 44.1496, 1.92224, 0.944333, 164.143, 1397.43
646, 0.141061, 1.4481e-26, 3.37829e-26, 0, 4.11882, 7.83162, 0, 0, 11.9504, 23.0472, 42.8048, 1.95856, 0.9442, 163.682, 1392.27
647, 0.134422, 1.79891e-26, 3.66205e-26, 0, 3.87486, 7.44421, 0, 0, 11.3191, 21.8616, 41.0608, 2.00677, 0.944066, 163.136, 1386.08
648, 0.131303, 2.1048e-26, 4.02743e-26, 0, 3.74457, 7.23774, 0, 0, 10.9823, 21.2769, 40.1388, 2.03025, 0.943933, 162.681, 1382.01
649, 0.134583, 2.25958e-26, 4.53315e-26, 0, 3.77508, 7.29155, 0, 0, 11.0666, 21.5662, 40.4001, 2.00558, 0.943799, 160.958, 1381.2
650, 0.140312, 2.3686e-26, 5.12887e-26, 0, 3.9083, 7.52492, 0, 0, 11.4332, 22.4317, 41.5593, 1.96389, 0.943668, 160.329, 1382.54
651, 0.142057, 2.6376e-26, 5.71028e-26, 0, 3.9944, 7.69653, 0, 0, 11.6909, 23.0507, 42.5298, 1.95153, 0.943533, 162.458, 1383.01
652, 0.142285, 2.95838e-26, 6.34032e-26, 0, 4.01741, 7.76074, 0, 0, 11.7781, 23.3247, 42.9765, 1.94992, 0.943401, 163.994, 1382.2
653, 0.145751, 3.16282e-26, 7.11632e-26, 0, 4.09213, 7.9051, 0, 0, 11.9972, 23.8884, 43.7565, 1.92586, 0.943267, 163.917, 1382.34
654, 0.148071, 3.46617e-26, 7.93593e-26, 0, 4.08644, 7.9032, 0, 0, 11.9896, 23.9882, 43.7703, 1.91006, 0.943134, 162.041, 1380.83
655, 0.14802, 3.90888e-26, 8.78473e-26, 0, 3.92441, 7.61608, 0, 0, 11.5405, 23.1809, 42.2936, 1.91041, 0.943, 156.734, 1376.09
656, 0.149052, 4.31342e-26, 9.76817e-26, 0, 3.75903, 7.31453, 0, 0, 11.0736, 22.3443, 40.6972, 1.90346, 0.942866, 150.02, 1371.1
657, 0.15198, 4.65669e-26, 1.0922e-25, 0, 3.82153, 7.43836, 0, 0, 11.2599, 22.8463, 41.3849, 1.884, 0.942732, 150.181, 1371.09
658, 0.155843, 4.96875e-26, 1.2239e-25, 0, 4.04938, 7.87544, 0, 0, 11.9248, 24.3277, 43.779, 1.85891, 0.942601, 155.928, 1374.6
659, 0.159806, 5.2808e-26, 1.37104e-25, 0, 4.21111, 8.1846, 0, 0, 12.3957, 25.4195, 45.4653, 1.8338, 0.942467, 159.027, 1376.52
660, 0.163333, 5.65587e-26, 1.53264e-25, 0, 4.30838, 8.37001, 0, 0, 12.6784, 26.1334, 46.4757, 1.81197, 0.942333, 160.004, 1377.05
661, 0.166349, 6.11202e-26, 1.70952e-25, 0, 4.39347, 8.53348, 0, 0, 12.9269, 26.7794, 47.3772, 1.79367, 0.9422, 160.988, 1377.32
662, 0.168696, 6.6681e-26, 1.90196e-25, 0, 4.43828, 8.6245, 0, 0, 13.0628, 27.1881, 47.9027, 1.77966, 0.942065, 161.182, 1376.81
663, 0.170288, 7.34374e-26, 2.11067e-25, 0, 4.42848, 8.61755, 0, 0, 13.0461, 27.2738, 47.9183, 1.77026, 0.941934, 160.186, 1375.28
664, 0.171543, 8.11749e-26, 2.33942e-25, 0, 4.4122, 8.60186, 0, 0, 13.0141, 27.3263, 47.9014, 1.76292, 0.9418, 159.314, 1373.65
665, 0.172819, 8.96881e-26, 2.59225e-25, 0, 4.42377, 8.63994, 0, 0, 13.0637, 27.551, 48.1835, 1.75551, 0.941666, 159.429, 1372.57
666, 0.174154, 9.90279e-26, 2.87178e-25, 0, 4.43423, 8.67502, 0, 0, 13.1092, 27.7677, 48.4468, 1.74782, 0.941534, 159.454, 1371.46
667, 0.175476, 1.09342e-25, 3.18021e-25, 0, 4.42894, 8.67949, 0, 0, 13.1084, 27.8872, 48.541, 1.74025, 0.9414, 158.933, 1370.05
668, 0.176763, 1.20756e-25, 3.5202e-25, 0, 4.42775, 8.69258, 0, 0, 13.1203, 28.0341, 48.6854, 1.73294, 0.941266, 158.601, 1368.73
669, 0.177984, 1.33426e-25, 3.89459e-25, 0, 4.4313, 8.71579, 0, 0, 13.1471, 28.2122, 48.8901, 1.72606, 0.941134, 158.513, 1367.51
670, 0.179146, 1.47475e-25, 4.30681e-25, 0, 4.42173, 8.71386, 0, 0, 13.1356, 28.3072, 48.9562, 1.71956, 0.941, 158.019, 1366.05
671, 0.180252, 1.63057e-25, 4.76055e-25, 0, 4.39384, 8.67637, 0, 0, 13.0702, 28.285, 48.8247, 1.7134, 0.940866, 156.928, 1364.22
672, 0.181313, 1.80316e-25, 5.25984e-25, 0, 4.36614, 8.63978, 0, 0, 13.0059, 28.2646, 48.7005, 1.70753, 0.940733, 155.891, 1362.41
673, 0.182348, 1.99376e-25, 5.80925e-25, 0, 4.3699, 8.66567, 0, 0, 13.0356, 28.4478, 48.9294, 1.70184, 0.940601, 156.005, 1361.23
674, 0.183362, 2.20403e-25, 6.41381e-25, 0, 4.37454, 8.69328, 0, 0, 13.0678, 28.6353, 49.1678, 1.69629, 0.940467, 156.17, 1360.07
675, 0.18435, 2.43619e-25, 7.07884e-25, 0, 4.35817, 8.67934, 0, 0, 13.0375, 28.6855, 49.1722, 1.69092, 0.940335, 155.607, 1358.49
676, 0.185312, 2.69258e-25, 7.81007e-25, 0, 4.347, 8.67598, 0, 0, 13.023, 28.7701, 49.2376, 1.68571, 0.940199, 155.252, 1357.03
677, 0.186248, 2.97585e-25, 8.61364e-25, 0, 4.34634, 8.69385, 0, 0, 13.0402, 28.9245, 49.4247, 1.68067, 0.940066, 155.299, 1355.78
678, 0.187146, 3.289e-25, 9.49615e-25, 0, 4.35122, 8.72322, 0, 0, 13.0744, 29.1164, 49.6789, 1.67586, 0.939933, 155.579, 1354.64
679, 0.187985, 3.63574e-25, 1.04647e-24, 0, 4.34842, 8.73765, 0, 0, 13.0861, 29.2572, 49.8502, 1.67139, 0.9398, 155.636, 1353.36
680, 0.188737, 4.02094e-25, 1.15264e-24, 0, 4.33125, 8.72406, 0, 0, 13.0553, 29.3017, 49.8644, 1.6674, 0.939666, 155.253, 1351.8
681, 0.189388, 4.44959e-25, 1.26895e-24, 0, 4.30598, 8.69505, 0, 0, 13.001, 29.2916, 49.7942, 1.66395, 0.939533, 154.665, 1350.09
682, 0.189956, 4.92581e-25, 1.39633e-24, 0, 4.28198, 8.6693, 0, 0, 12.9513, 29.2895, 49.7449, 1.66097, 0.939398, 154.194, 1348.41
683, 0.190503, 5.45273e-25, 1.53602e-24, 0, 4.25688, 8.64097, 0, 0, 12.8978, 29.2775, 49.6796, 1.65809, 0.939267, 153.688, 1346.71
684, 0.190651, 6.09149e-25, 1.68679e-24, 0, 4.22004, 8.58918, 0, 0, 12.8092, 29.181, 49.482, 1.65731, 0.939133, 153.06, 1344.78
685, 0.186723, 7.35732e-25, 1.82807e-24, 0, 4.10447, 8.38619, 0, 0, 12.4906, 28.5196, 48.4532, 1.67813, 0.939, 152.743, 1341.28
686, 0.168301, 1.06595e-24, 1.89971e-24, 0, 3.68695, 7.60236, 0, 0, 11.2893, 25.6977, 44.2184, 1.782, 0.938866, 152.713, 1331.35
687, 0.138821, 1.53883e-24, 1.92452e-24, 0, 3.03865, 6.37757, 0, 0, 9.41622, 21.2104, 37.5386, 1.97457, 0.938734, 152.763, 1314.88
688, 0.127323, 1.76561e-24, 2.07088e-24, 0, 2.77811, 5.9081, 0, 0, 8.68621, 19.4719, 35.0296, 2.06103, 0.9386, 152.765, 1306.94
689, 0.134276, 1.79387e-24, 2.33208e-24, 0, 2.9047, 6.1878, 0, 0, 9.0925, 20.5071, 36.6897, 2.00786, 0.938468, 152.582, 1309.38
690, 0.143182, 1.8452e-24, 2.61799e-24, 0, 3.05539, 6.51291, 0, 0, 9.56828, 21.7548, 38.6533, 1.94364, 0.938333, 152.016, 1312.28
691, 0.151723, 1.91609e-24, 2.92432e-24, 0, 3.182, 6.79347, 0, 0, 9.97547, 22.8753, 40.4353, 1.8857, 0.938201, 151.022, 1314.42
692, 0.154346, 2.13016e-24, 3.19975e-24, 0, 3.19384, 6.85421, 0, 0, 10.048, 23.1929, 41.07, 1.86856, 0.938067, 150.518, 1313.73
693, 0.149337, 2.5632e-24, 3.42453e-24, 0, 3.06357, 6.62948, 0, 0, 9.69305, 22.4629, 40.1052, 1.90155, 0.937932, 150.638, 1309.45
694, 0.145825, 3.00664e-24, 3.69507e-24, 0, 2.95977, 6.43825, 0, 0, 9.398, 21.8819, 39.1752, 1.92535, 0.937801, 150.345, 1305.61
695, 0.150946, 3.19881e-24, 4.11009e-24, 0, 3.03677, 6.59584, 0, 0, 9.6326, 22.5935, 40.0644, 1.89083, 0.937666, 149.967, 1306.35
696, 0.162993, 3.11201e-24, 4.67509e-24, 0, 3.26145, 7.0412, 0, 0, 10.3026, 24.3674, 42.5152, 1.81405, 0.937533, 149.692, 1310.63
697, 0.17478, 2.99647e-24, 5.29413e-24, 0, 3.46101, 7.4336, 0, 0, 10.8946, 25.9513, 44.6742, 1.74423, 0.937399, 148.652, 1314.01
698, 0.175856, 3.29704e-24, 5.78988e-24, 0, 3.43495, 7.3996, 0, 0, 10.8345, 25.9096, 44.5791, 1.73809, 0.937258, 147.516, 1312.26
699, 0.167535, 4.00117e-24, 6.17286e-24, 0, 3.23104, 7.03215, 0, 0, 10.2632, 24.578, 42.7388, 1.78656, 0.937064, 146.957, 1306.47
700, 0.161356, 4.64374e-24, 6.63951e-24, 0, 3.05689, 6.7158, 0, 0, 9.77267, 23.4451, 41.1427, 1.82414, 0.936701, 145.594, 1301.15
701, 0.160631, 5.11062e-24, 7.2513e-24, 0, 3.00361, 6.62984, 0, 0, 9.63346, 23.1966, 40.7693, 1.82865, 0.93609, 144.391, 1298.7
702, 0.164126, 5.46687e-24, 8.00445e-24, 0, 3.06944, 6.77163, 0, 0, 9.84107, 23.8314, 41.6247, 1.80712, 0.935312, 144.834, 1299.19
703, 0.171454, 5.65455e-24, 8.92178e-24, 0, 3.21276, 7.05614, 0, 0, 10.2689, 25.037, 43.2278, 1.76344, 0.93448, 145.836, 1301.44
704, 0.177626, 5.86261e-24, 9.89862e-24, 0, 3.31965, 7.27815, 0, 0, 10.5978, 25.9857, 44.5168, 1.72808, 0.933639, 146.285, 1302.79
705, 0.179231, 6.2939e-24, 1.08521e-23, 0, 3.32909, 7.32497, 0, 0, 10.6541, 26.2263, 44.9081, 1.71908, 0.932801, 146.264, 1301.97
706, 0.18066, 6.74658e-24, 1.19012e-23, 0, 3.32766, 7.3489, 0, 0, 10.6766, 26.386, 45.1683, 1.71114, 0.93196, 145.995, 1300.89
707, 0.184271, 7.10548e-24, 1.31158e-23, 0, 3.36317, 7.43668, 0, 0, 10.7998, 26.817, 45.7407, 1.69135, 0.93112, 145.571, 1300.59
708, 0.188324, 7.50116e-24, 1.44529e-23, 0, 3.40891, 7.5368, 0, 0, 10.9457, 27.3151, 46.3546, 1.66959, 0.930279, 145.131, 1300.46
709, 0.191722, 7.99598e-24, 1.58861e-23, 0, 3.44333, 7.61407, 0, 0, 11.0574, 27.7289, 46.8412, 1.65171, 0.929439, 144.718, 1300.06
710, 0.194072, 8.59812e-24, 1.7413e-23, 0, 3.45453, 7.64987, 0, 0, 11.1044, 27.9725, 47.1124, 1.63952, 0.9286, 144.224, 1299.17
711, 0.196687, 9.23755e-24, 1.90962e-23, 0, 3.46436, 7.67458, 0, 0, 11.1389, 28.1888, 47.2955, 1.62614, 0.92776, 143.413, 1298.18
712, 0.198764, 1.00198e-23, 2.0894e-23, 0, 3.47701, 7.70471, 0, 0, 11.1817, 28.4234, 47.5205, 1.61564, 0.92692, 143.01, 1297.26
713, 0.198006, 1.11904e-23, 2.26918e-23, 0, 3.44936, 7.66828, 0, 0, 11.1176, 28.3607, 47.4337, 1.61946, 0.926081, 143.142, 1295.55
714, 0.193872, 1.30032e-23, 2.4417e-23, 0, 3.35861, 7.51324, 0, 0, 10.8718, 27.8039, 46.7207, 1.64056, 0.925241, 143.342, 1292.46
715, 0.183464, 1.64346e-23, 2.57526e-23, 0, 3.15319, 7.12826, 0, 0, 10.2814, 26.3157, 44.736, 1.69574, 0.9244, 143.435, 1286.62
716, 0.160384, 2.39391e-23, 2.59581e-23, 0, 2.7277, 6.27788, 0, 0, 9.00556, 22.9868, 40.0683, 1.83018, 0.923559, 143.339, 1274.6
717, 0.126808, 3.63359e-23, 2.49513e-23, 0, 2.12759, 5.03385, 0, 0, 7.16143, 18.1464, 32.9972, 2.06508, 0.92272, 143.109, 1255.13
718, 0.101286, 4.87546e-23, 2.43962e-23, 0, 1.67014, 4.06349, 0, 0, 5.73365, 14.4248, 27.3446, 2.2898, 0.92188, 142.547, 1236.72
719, 0.0914008, 5.68174e-23, 2.54774e-23, 0, 1.48251, 3.66283, 0, 0, 5.14534, 12.919, 24.9959, 2.3925, 0.921039, 141.664, 1227.33
720, 0.0969449, 5.82302e-23, 2.87986e-23, 0, 1.55727, 3.84163, 0, 0, 5.39891, 13.648, 26.1432, 2.33361, 0.9202, 140.874, 1229.78
721, 0.11991, 5.24312e-23, 3.47331e-23, 0, 1.92018, 4.65123, 0, 0, 6.5714, 16.8725, 31.036, 2.12102, 0.91936, 140.41, 1243.65
722, 0.139925, 4.90376e-23, 4.04192e-23, 0, 2.2346, 5.34227, 0, 0, 7.57688, 19.6696, 35.1721, 1.96665, 0.918521, 140.333, 1253.59
723, 0.13489, 5.81205e-23, 4.26523e-23, 0, 2.14219, 5.14161, 0, 0, 7.28381, 18.9424, 34.0156, 2.0033, 0.917688, 140.448, 1249.3
724, 0.118819, 7.26868e-23, 4.354e-23, 0, 1.86513, 4.54361, 0, 0, 6.40875, 16.6257, 30.5224, 2.13015, 0.916895, 140.098, 1238.16
725, 0.11186, 8.24481e-23, 4.62958e-23, 0, 1.731, 4.25924, 0, 0, 5.99026, 15.5504, 28.8908, 2.19051, 0.916237, 139.266, 1231.8
726, 0.112452, 8.84509e-23, 5.06715e-23, 0, 1.72499, 4.2582, 0, 0, 5.98319, 15.5895, 28.9648, 2.18523, 0.915775, 138.702, 1230.54
727, 0.114869, 9.45948e-23, 5.56379e-23, 0, 1.75531, 4.33506, 0, 0, 6.09037, 15.9441, 29.496, 2.16396, 0.915447, 138.751, 1230.73
728, 0.118506, 1.006e-22, 6.12985e-23, 0, 1.80118, 4.44055, 0, 0, 6.24173, 16.4325, 30.1731, 2.13279, 0.915161, 138.668, 1231.45
729, 0.121896, 1.06681e-22, 6.74674e-23, 0, 1.83895, 4.53379, 0, 0, 6.37273, 16.8596, 30.8111, 2.10459, 0.914882, 138.209, 1231.88
730, 0.123711, 1.13709e-22, 7.39396e-23, 0, 1.85486, 4.58532, 0, 0, 6.44019, 17.101, 31.2375, 2.0898, 0.914599, 138.132, 1231.53
731, 0.130523, 1.16888e-22, 8.25206e-23, 0, 1.94806, 4.79914, 0, 0, 6.74718, 18.0359, 32.5895, 2.03621, 0.914319, 138.259, 1233.96
732, 0.148118, 1.1144e-22, 9.50178e-23, 0, 2.20603, 5.35814, 0, 0, 7.56418, 20.4564, 35.9049, 1.90975, 0.914041, 138.191, 1241.7
733, 0.169628, 1.02121e-22, 1.09783e-22, 0, 2.52049, 6.03624, 0, 0, 8.55673, 23.3961, 39.9067, 1.77415, 0.913759, 137.91, 1250.29
734, 0.183405, 9.8305e-23, 1.23514e-22, 0, 2.70916, 6.44748, 0, 0, 9.15663, 25.2107, 42.3725, 1.69606, 0.91348, 137.35, 1254.54
735, 0.187305, 1.02628e-22, 1.35292e-22, 0, 2.7368, 6.5216, 0, 0, 9.25839, 25.5906, 42.8963, 1.67502, 0.913199, 136.534, 1254.27
736, 0.187529, 1.10661e-22, 1.4691e-22, 0, 2.70779, 6.47992, 0, 0, 9.1877, 25.4782, 42.7556, 1.67382, 0.91292, 135.912, 1252.5
737, 0.191864, 1.15483e-22, 1.61155e-22, 0, 2.75336, 6.59061, 0, 0, 9.34397, 26.0366, 43.4828, 1.65097, 0.912639, 135.815, 1252.7
738, 0.200121, 1.16883e-22, 1.78172e-22, 0, 2.85778, 6.81563, 0, 0, 9.67342, 27.1112, 44.8379, 1.60883, 0.91236, 135.617, 1254.33
739, 0.208212, 1.18616e-22, 1.96648e-22, 0, 2.95198, 7.0118, 0, 0, 9.96379, 28.084, 45.9958, 1.5692, 0.91208, 135.044, 1255.57
740, 0.216663, 1.1943e-22, 2.17106e-22, 0, 3.05203, 7.21759, 0, 0, 10.2696, 29.1107, 47.2007, 1.52941, 0.911799, 134.462, 1256.87
741, 0.224625, 1.20477e-22, 2.39173e-22, 0, 3.14578, 7.41046, 0, 0, 10.5562, 30.083, 48.3345, 1.49332, 0.91152, 133.917, 1257.97
742, 0.230572, 1.24009e-22, 2.62148e-22, 0, 3.2146, 7.55417, 0, 0, 10.7688, 30.8365, 49.2037, 1.46719, 0.91124, 133.673, 1258.45
743, 0.235615, 1.28828e-22, 2.86668e-22, 0, 3.27974, 7.69343, 0, 0, 10.9732, 31.566, 50.0702, 1.44556, 0.91096, 133.937, 1258.84
744, 0.239753, 1.35147e-22, 3.12716e-22, 0, 3.32675, 7.7953, 0, 0, 11.1221, 32.1329, 50.7199, 1.42815, 0.91068, 134.022, 1258.8
745, 0.242487, 1.43784e-22, 3.40046e-22, 0, 3.34463, 7.83818, 0, 0, 11.1828, 32.4378, 51.0296, 1.41681, 0.910399, 133.774, 1258.11
746, 0.244419, 1.54157e-22, 3.69088e-22, 0, 3.34831, 7.85358, 0, 0, 11.2019, 32.6177, 51.1869, 1.40887, 0.91012, 133.454, 1257.11
747, 0.246033, 1.65824e-22, 4.00227e-22, 0, 3.34601, 7.85767, 0, 0, 11.2037, 32.7466, 51.2832, 1.40229, 0.909839, 133.102, 1255.99
748, 0.247469, 1.7876e-22, 4.33691e-22, 0, 3.34149, 7.8584, 0, 0, 11.1999, 32.8598, 51.366, 1.39647, 0.909558, 132.786, 1254.83
749, 0.24872, 1.93135e-22, 4.69616e-22, 0, 3.33663, 7.86042, 0, 0, 11.1971, 32.9765, 51.4661, 1.39143, 0.909275, 132.586, 1253.68
750, 0.249796, 2.09047e-22, 5.08172e-22, 0, 3.33007, 7.86048, 0, 0, 11.1905, 33.0826, 51.5612, 1.38711, 0.908983, 132.439, 1252.5
751, 0.250898, 2.26217e-22, 5.49769e-22, 0, 3.32271, 7.85856, 0, 0, 11.1813, 33.1814, 51.6439, 1.38271, 0.908676, 132.252, 1251.31
752, 0.252117, 2.44542e-22, 5.94747e-22, 0, 3.31575, 7.85634, 0, 0, 11.1721, 33.2817, 51.7212, 1.37786, 0.908359, 132.01, 1250.13
753, 0.253313, 2.64404e-22, 6.43208e-22, 0, 3.30674, 7.84941, 0, 0, 11.1562, 33.3617, 51.7684, 1.37313, 0.908039, 131.703, 1248.89
754, 0.25439, 2.86102e-22, 6.95324e-22, 0, 3.2945, 7.83596, 0, 0, 11.1305, 33.4115, 51.7766, 1.36889, 0.90772, 131.342, 1247.59
755, 0.255394, 3.09648e-22, 7.51428e-22, 0, 3.28151, 7.82112, 0, 0, 11.1026, 33.4533, 51.7771, 1.36495, 0.907399, 130.988, 1246.27
756, 0.256227, 3.3602e-22, 8.11557e-22, 0, 3.26694, 7.80289, 0, 0, 11.0698, 33.477, 51.7565, 1.36169, 0.907079, 130.654, 1244.92
757, 0.254851, 3.81551e-22, 8.71066e-22, 0, 3.22124, 7.7145, 0, 0, 10.9357, 33.1768, 51.2882, 1.36708, 0.906759, 130.176, 1242.82
758, 0.238395, 5.62486e-22, 8.96422e-22, 0, 2.98392, 7.18226, 0, 0, 10.1662, 30.8678, 47.949, 1.43383, 0.906441, 129.484, 1235.82
759, 0.180026, 1.15442e-21, 8.10749e-22, 0, 2.24078, 5.44737, 0, 0, 7.68815, 23.2159, 36.7012, 1.71465, 0.90612, 129.09, 1212.65
760, 0.0932581, 2.0568e-21, 6.43618e-22, 0, 1.16772, 2.89511, 0, 0, 4.06283, 12.0192, 19.9018, 2.37238, 0.905799, 129.089, 1164.05
761, 0.0471424, 2.50971e-21, 5.99706e-22, 0, 0.601802, 1.55846, 0, 0, 2.16026, 6.08028, 11.0926, 3.05458, 0.90548, 128.975, 1119.49
762, 0.0488582, 2.44049e-21, 7.00294e-22, 0, 0.624377, 1.66932, 0, 0, 2.2937, 6.2959, 12.0388, 3.01883, 0.905161, 128.786, 1122.45
763, 0.0535106, 2.46055e-21, 7.92138e-22, 0, 0.679399, 1.85157, 0, 0, 2.53097, 6.87992, 13.479, 2.92788, 0.90484, 128.573, 1128.01
764, 0.0642356, 2.49366e-21, 8.98402e-22, 0, 0.794259, 2.17846, 0, 0, 2.97272, 8.20863, 15.8836, 2.7452, 0.90452, 128.094, 1137.94
765, 0.0961967, 2.2818e-21, 1.08768e-21, 0, 1.14775, 3.09001, 0, 0, 4.23776, 12.1867, 22.204, 2.34136, 0.904199, 126.899, 1161.8
766, 0.140904, 1.92497e-21, 1.33589e-21, 0, 1.64496, 4.32099, 0, 0, 5.96595, 17.7535, 30.5588, 1.95968, 0.903879, 125.291, 1185.81
767, 0.184548, 1.58253e-21, 1.59841e-21, 0, 2.12996, 5.47761, 0, 0, 7.60756, 23.1832, 38.2644, 1.68985, 0.90356, 124.657, 1203.23
768, 0.218024, 1.33316e-21, 1.84691e-21, 0, 2.49412, 6.31642, 0, 0, 8.81053, 27.2797, 43.7547, 1.52315, 0.90324, 124.833, 1213.6
769, 0.239434, 1.18979e-21, 2.07351e-21, 0, 2.72387, 6.83194, 0, 0, 9.55581, 29.9048, 47.081, 1.42948, 0.90292, 124.976, 1218.95
770, 0.252375, 1.13161e-21, 2.28609e-21, 0, 2.85478, 7.11735, 0, 0, 9.97214, 31.4526, 48.893, 1.37684, 0.902601, 124.728, 1221.27
771, 0.260232, 1.13677e-21, 2.49319e-21, 0, 2.92274, 7.26232, 0, 0, 10.1851, 32.324, 49.8092, 1.34618, 0.90228, 124.274, 1221.89
772, 0.264425, 1.18888e-21, 2.69962e-21, 0, 2.95849, 7.34573, 0, 0, 10.3042, 32.8614, 50.3834, 1.3302, 0.90196, 124.301, 1221.76
773, 0.266682, 1.26762e-21, 2.91303e-21, 0, 2.9799, 7.40315, 0, 0, 10.3831, 33.2494, 50.8262, 1.3217, 0.901641, 124.688, 1221.31
774, 0.26833, 1.35893e-21, 3.13977e-21, 0, 2.9798, 7.40953, 0, 0, 10.3893, 33.3983, 50.9329, 1.31554, 0.901338, 124.475, 1220.3
775, 0.269653, 1.45968e-21, 3.38206e-21, 0, 2.9682, 7.38951, 0, 0, 10.3577, 33.4207, 50.8674, 1.31062, 0.901079, 123.945, 1218.99
776, 0.270689, 1.57014e-21, 3.64103e-21, 0, 2.96128, 7.38373, 0, 0, 10.345, 33.4981, 50.9084, 1.30679, 0.900885, 123.754, 1217.84
777, 0.271514, 1.69094e-21, 3.91789e-21, 0, 2.94596, 7.35922, 0, 0, 10.3052, 33.4831, 50.8279, 1.30374, 0.900735, 123.323, 1216.48
778, 0.272184, 1.82296e-21, 4.21378e-21, 0, 2.92579, 7.32444, 0, 0, 10.2502, 33.4168, 50.6832, 1.30128, 0.900601, 122.775, 1215
779, 0.272773, 1.96663e-21, 4.53021e-21, 0, 2.91481, 7.31372, 0, 0, 10.2285, 33.4583, 50.7093, 1.29912, 0.900467, 122.66, 1213.79
780, 0.273378, 2.12167e-21, 4.86926e-21, 0, 2.91259, 7.3251, 0, 0, 10.2377, 33.6011, 50.8896, 1.2969, 0.900333, 122.911, 1212.81
781, 0.273983, 2.28964e-21, 5.23219e-21, 0, 2.90744, 7.32935, 0, 0, 10.2368, 33.7114, 51.0215, 1.29469, 0.900199, 123.042, 1211.76
782, 0.274368, 2.47676e-21, 5.61836e-21, 0, 2.8887, 7.30133, 0, 0, 10.19, 33.6695, 50.9366, 1.29328, 0.900066, 122.718, 1210.36
783, 0.27418, 2.69475e-21, 6.02493e-21, 0, 2.85402, 7.2374, 0, 0, 10.0914, 33.4525, 50.619, 1.29397, 0.899934, 122.012, 1208.55
784, 0.273076, 2.95755e-21, 6.44856e-21, 0, 2.81307, 7.16369, 0, 0, 9.97674, 33.1755, 50.2593, 1.298, 0.8998, 121.494, 1206.61
785, 0.270661, 3.28918e-21, 6.88339e-21, 0, 2.77063, 7.09221, 0, 0, 9.86283, 32.8893, 49.946, 1.30689, 0.899667, 121.519, 1204.66
786, 0.265618, 3.7545e-21, 7.30988e-21, 0, 2.69954, 6.95703, 0, 0, 9.65658, 32.2725, 49.2406, 1.32569, 0.899534, 121.496, 1201.96
787, 0.258416, 4.35956e-21, 7.73182e-21, 0, 2.6001, 6.75352, 0, 0, 9.35361, 31.3142, 48.0883, 1.35319, 0.899401, 121.169, 1198.43
788, 0.251042, 5.06184e-21, 8.17096e-21, 0, 2.50064, 6.54499, 0, 0, 9.04562, 30.3359, 46.8786, 1.38214, 0.899267, 120.828, 1194.78
789, 0.243586, 5.87178e-21, 8.62865e-21, 0, 2.40382, 6.33977, 0, 0, 8.74359, 29.3773, 45.6693, 1.41229, 0.899133, 120.59, 1191.12
790, 0.240159, 6.53882e-21, 9.1895e-21, 0, 2.34665, 6.21861, 0, 0, 8.56527, 28.8572, 44.9608, 1.42645, 0.899, 120.183, 1188.5
791, 0.242879, 6.89712e-21, 9.90556e-21, 0, 2.34277, 6.21223, 0, 0, 8.555, 28.9329, 44.9467, 1.41519, 0.898867, 119.248, 1187.4
792, 0.247965, 7.13534e-21, 1.07208e-20, 0, 2.3573, 6.2431, 0, 0, 8.6004, 29.2102, 45.1505, 1.39447, 0.898732, 118.002, 1186.8
793, 0.2553, 7.21427e-21, 1.16515e-20, 0, 2.39991, 6.33862, 0, 0, 8.73854, 29.8182, 45.7754, 1.36532, 0.8986, 116.99, 1187.02
794, 0.261951, 7.33343e-21, 1.26288e-20, 0, 2.44295, 6.44265, 0, 0, 8.88559, 30.4492, 46.4921, 1.3396, 0.898466, 116.403, 1187.31
795, 0.25812, 8.26487e-21, 1.34031e-20, 0, 2.40152, 6.36767, 0, 0, 8.76919, 30.1148, 46.1434, 1.35433, 0.898333, 116.848, 1185.29
796, 0.246867, 9.81686e-21, 1.40468e-20, 0, 2.29719, 6.15542, 0, 0, 8.45261, 29.0509, 44.9556, 1.39891, 0.898199, 117.809, 1181.44
797, 0.244263, 1.06764e-20, 1.49927e-20, 0, 2.26428, 6.10345, 0, 0, 8.36774, 28.8344, 44.7587, 1.40951, 0.898066, 118.108, 1179.66
798, 0.249583, 1.09341e-20, 1.62191e-20, 0, 2.30225, 6.21103, 0, 0, 8.51329, 29.4558, 45.5567, 1.38796, 0.897935, 118.047, 1180
799, 0.250221, 1.17498e-20, 1.73614e-20, 0, 2.29514, 6.21113, 0, 0, 8.50627, 29.52, 45.6543, 1.38541, 0.8978, 117.982, 1178.94
800, 0.245177, 1.32728e-20, 1.83847e-20, 0, 2.23299, 6.07773, 0, 0, 8.31071, 28.8977, 44.8759, 1.40577, 0.897666, 117.865, 1176.16
801, 0.240047, 1.48827e-20, 1.94791e-20, 0, 2.16887, 5.93827, 0, 0, 8.10715, 28.2422, 44.0571, 1.42692, 0.897533, 117.657, 1173.26
802, 0.237466, 1.62048e-20, 2.07536e-20, 0, 2.12465, 5.84984, 0, 0, 7.97449, 27.8394, 43.5837, 1.43773, 0.8974, 117.258, 1171.02
803, 0.238455, 1.72329e-20, 2.22572e-20, 0, 2.11293, 5.83115, 0, 0, 7.94409, 27.8217, 43.5316, 1.43358, 0.897267, 116.726, 1169.74
804, 0.244565, 1.77402e-20, 2.40862e-20, 0, 2.15573, 5.93141, 0, 0, 8.08715, 28.4572, 44.218, 1.40827, 0.897133, 116.405, 1170.13
805, 0.254601, 1.76866e-20, 2.62331e-20, 0, 2.24044, 6.13099, 0, 0, 8.37144, 29.6189, 45.5556, 1.36806, 0.897, 116.356, 1171.8
806, 0.262407, 1.78981e-20, 2.84195e-20, 0, 2.29959, 6.27558, 0, 0, 8.57517, 30.4796, 46.5498, 1.33786, 0.896867, 116.164, 1172.67
807, 0.263682, 1.90759e-20, 3.04219e-20, 0, 2.29236, 6.27024, 0, 0, 8.56261, 30.5278, 46.5888, 1.33301, 0.896733, 115.784, 1171.58
808, 0.259322, 2.12841e-20, 3.22368e-20, 0, 2.23243, 6.14583, 0, 0, 8.37825, 29.924, 45.8747, 1.34968, 0.8966, 115.405, 1168.93
809, 0.250364, 2.46402e-20, 3.386e-20, 0, 2.13069, 5.92362, 0, 0, 8.05431, 28.7895, 44.5323, 1.38484, 0.896466, 115.019, 1164.95
810, 0.238505, 2.92368e-20, 3.53241e-20, 0, 2.00797, 5.64693, 0, 0, 7.65491, 27.3689, 42.8224, 1.43336, 0.896333, 114.798, 1160.11
811, 0.224051, 3.55911e-20, 3.65579e-20, 0, 1.87023, 5.31882, 0, 0, 7.18905, 25.7009, 40.7133, 1.49588, 0.8962, 114.742, 1154.41
812, 0.205884, 4.47266e-20, 3.73476e-20, 0, 1.7034, 4.90058, 0, 0, 6.60397, 23.5908, 37.9098, 1.58044, 0.896067, 114.597, 1147.11
813, 0.183172, 5.77354e-20, 3.74594e-20, 0, 1.49975, 4.37877, 0, 0, 5.87852, 20.9593, 34.3229, 1.69733, 0.895933, 114.414, 1137.59
814, 0.159653, 7.3141e-20, 3.72544e-20, 0, 1.29063, 3.83989, 0, 0, 5.13052, 18.2379, 30.5734, 1.83475, 0.895799, 114.197, 1126.78
815, 0.141098, 8.83877e-20, 3.7378e-20, 0, 1.12557, 3.41035, 0, 0, 4.53592, 16.0802, 27.541, 1.9583, 0.895666, 113.918, 1117.06
816, 0.130649, 1.01319e-19, 3.83643e-20, 0, 1.0305, 3.15779, 0, 0, 4.18828, 14.8417, 25.7176, 2.03524, 0.895533, 113.564, 1110.52
817, 0.129552, 1.09e-19, 4.08251e-20, 0, 1.01056, 3.10564, 0, 0, 4.11619, 14.6252, 25.3444, 2.04367, 0.8954, 112.897, 1108.37
818, 0.135362, 1.11447e-19, 4.46969e-20, 0, 1.03765, 3.18959, 0, 0, 4.22724, 15.0811, 26.0133, 1.9998, 0.895266, 111.629, 1109.3
819, 0.148418, 1.09357e-19, 4.99932e-20, 0, 1.11731, 3.41594, 0, 0, 4.53325, 16.2833, 27.7154, 1.90772, 0.895133, 110.371, 1113.29
820, 0.170863, 1.0206e-19, 5.70684e-20, 0, 1.28173, 3.85376, 0, 0, 5.13548, 18.6431, 30.8643, 1.76689, 0.895, 109.917, 1121.23
821, 0.18637, 1.00554e-19, 6.31393e-20, 0, 1.39951, 4.16526, 0, 0, 5.56477, 20.3516, 33.0918, 1.68002, 0.894867, 109.937, 1126.08
822, 0.169132, 1.2537e-19, 6.32493e-20, 0, 1.26718, 3.80912, 0, 0, 5.0763, 18.5452, 30.5423, 1.77708, 0.894733, 110.473, 1118.54
823, 0.144882, 1.55444e-19, 6.24818e-20, 0, 1.08648, 3.32179, 0, 0, 4.40826, 16.0558, 27.064, 1.93184, 0.8946, 111.35, 1107.62
824, 0.160788, 1.48617e-19, 7.0748e-20, 0, 1.20758, 3.66454, 0, 0, 4.87211, 17.9057, 29.6372, 1.82767, 0.894467, 111.535, 1113.77
825, 0.192333, 1.28056e-19, 8.26775e-20, 0, 1.44237, 4.31773, 0, 0, 5.76009, 21.3828, 34.451, 1.64853, 0.894333, 111.239, 1124.87
826, 0.201153, 1.28684e-19, 8.99956e-20, 0, 1.50236, 4.49454, 0, 0, 5.99689, 22.3463, 35.8197, 1.60369, 0.894199, 111.107, 1126.87
827, 0.192426, 1.47358e-19, 9.34992e-20, 0, 1.42798, 4.30592, 0, 0, 5.7339, 21.3773, 34.5463, 1.64804, 0.894065, 111.089, 1122.69
828, 0.180866, 1.7119e-19, 9.63875e-20, 0, 1.33005, 4.05003, 0, 0, 5.38008, 20.0669, 32.7559, 1.71, 0.893933, 110.941, 1117.18
829, 0.181449, 1.83363e-19, 1.02775e-19, 0, 1.3255, 4.03763, 0, 0, 5.36311, 20.085, 32.6815, 1.70678, 0.8938, 110.704, 1116.04
830, 0.190501, 1.8551e-19, 1.12103e-19, 0, 1.38527, 4.19916, 0, 0, 5.58443, 21.0308, 33.8739, 1.6581, 0.893667, 110.416, 1118.03
831, 0.19789, 1.89081e-19, 1.21608e-19, 0, 1.42758, 4.31848, 0, 0, 5.74606, 21.7386, 34.7847, 1.62005, 0.893534, 109.878, 1119.18
832, 0.203071, 1.95476e-19, 1.31115e-19, 0, 1.44592, 4.36734, 0, 0, 5.81327, 22.0837, 35.1612, 1.5942, 0.893399, 108.753, 1119.11
833, 0.210221, 1.96979e-19, 1.42417e-19, 0, 1.47969, 4.45552, 0, 0, 5.93521, 22.6428, 35.8268, 1.55959, 0.893267, 107.638, 1119.71
834, 0.222156, 1.91746e-19, 1.56267e-19, 0, 1.5618, 4.67261, 0, 0, 6.23441, 23.9115, 37.4282, 1.50438, 0.893134, 107.579, 1122.38
835, 0.235923, 1.85892e-19, 1.71319e-19, 0, 1.6632, 4.93744, 0, 0, 6.60064, 25.4614, 39.3545, 1.44425, 0.893001, 107.976, 1125.66
836, 0.245355, 1.8592e-19, 1.85724e-19, 0, 1.72753, 5.10472, 0, 0, 6.83225, 26.4785, 40.5815, 1.40505, 0.892868, 107.988, 1127.29
837, 0.252543, 1.86789e-19, 2.00544e-19, 0, 1.76856, 5.21765, 0, 0, 6.98622, 27.1813, 41.4406, 1.37617, 0.892733, 107.59, 1128.03
838, 0.259455, 1.86053e-19, 2.16537e-19, 0, 1.80027, 5.30834, 0, 0, 7.1086, 27.7567, 42.1449, 1.34917, 0.892599, 106.783, 1128.42
839, 0.267638, 1.84567e-19, 2.33987e-19, 0, 1.84138, 5.41668, 0, 0, 7.25806, 28.4545, 42.9468, 1.31812, 0.892467, 106.059, 1129.06
840, 0.274012, 1.87965e-19, 2.51483e-19, 0, 1.87849, 5.51322, 0, 0, 7.3917, 29.0892, 43.6717, 1.29458, 0.892334, 106.061, 1129.51
841, 0.278114, 1.95121e-19, 2.69172e-19, 0, 1.89701, 5.5605, 0, 0, 7.45751, 29.4506, 44.0415, 1.27972, 0.892201, 105.995, 1129.27
842, 0.284926, 1.9756e-19, 2.89399e-19, 0, 1.93045, 5.64417, 0, 0, 7.57462, 30.0366, 44.6435, 1.25553, 0.892067, 105.559, 1129.54
843, 0.29123, 2.006e-19, 3.1061e-19, 0, 1.95805, 5.71642, 0, 0, 7.67447, 30.5525, 45.1738, 1.23364, 0.891933, 104.979, 1129.62
844, 0.2954, 2.07041e-19, 3.32234e-19, 0, 1.97323, 5.75825, 0, 0, 7.73148, 30.8899, 45.5082, 1.21943, 0.8918, 104.569, 1129.28
845, 0.301796, 2.1022e-19, 3.56508e-19, 0, 2.0166, 5.86849, 0, 0, 7.88509, 31.6301, 46.331, 1.198, 0.891666, 104.787, 1129.85
846, 0.307877, 2.14482e-19, 3.82056e-19, 0, 2.04768, 5.94264, 0, 0, 7.99031, 32.1745, 46.8737, 1.17805, 0.891533, 104.535, 1129.96
847, 0.310707, 2.24524e-19, 4.07295e-19, 0, 2.04643, 5.93856, 0, 0, 7.985, 32.2555, 46.8722, 1.1689, 0.8914, 103.872, 1129.02
848, 0.31057, 2.40362e-19, 4.3228e-19, 0, 2.03048, 5.90616, 0, 0, 7.93664, 32.1433, 46.7114, 1.16935, 0.891265, 103.551, 1127.67
849, 0.30991, 2.58202e-19, 4.58464e-19, 0, 1.97775, 5.7682, 0, 0, 7.74596, 31.4476, 45.7235, 1.17147, 0.891119, 101.55, 1124.97
850, 0.309297, 2.77733e-19, 4.86101e-19, 0, 1.91415, 5.59742, 0, 0, 7.51157, 30.5741, 44.4724, 1.17345, 0.890938, 98.9784, 1121.79
851, 0.30769, 3.01012e-19, 5.14574e-19, 0, 1.91116, 5.60679, 0, 0, 7.51795, 30.6752, 44.6673, 1.17866, 0.890706, 99.8301, 1120.97
852, 0.307895, 3.20402e-19, 5.46294e-19, 0, 1.93281, 5.68159, 0, 0, 7.6144, 31.1521, 45.3436, 1.178, 0.890439, 101.258, 1121.04
853, 0.310535, 3.3482e-19, 5.81813e-19, 0, 1.88183, 5.533, 0, 0, 7.41483, 30.4272, 44.1876, 1.16946, 0.89016, 98.022, 1118.19
854, 0.312708, 3.51936e-19, 6.18936e-19, 0, 1.76804, 5.20105, 0, 0, 6.96909, 28.6887, 41.5793, 1.16248, 0.88988, 91.7498, 1112.74
855, 0.315255, 3.68472e-19, 6.58754e-19, 0, 1.78009, 5.23819, 0, 0, 7.01828, 28.9943, 41.9189, 1.15437, 0.8896, 91.9347, 1112.39
856, 0.318324, 3.84008e-19, 7.01514e-19, 0, 1.91565, 5.63647, 0, 0, 7.55212, 31.3036, 45.135, 1.14469, 0.88932, 98.2947, 1116.93
857, 0.320668, 4.02737e-19, 7.46079e-19, 0, 2.00108, 5.89024, 0, 0, 7.89133, 32.8077, 47.2103, 1.13735, 0.889039, 102.298, 1119.33
858, 0.322838, 4.22936e-19, 7.93198e-19, 0, 2.01991, 5.94837, 0, 0, 7.96828, 33.229, 47.7239, 1.13061, 0.888759, 102.933, 1119.18
859, 0.325292, 4.43287e-19, 8.4346e-19, 0, 2.01185, 5.92528, 0, 0, 7.93713, 33.2032, 47.58, 1.12303, 0.88848, 102.089, 1118.02
860, 0.327578, 4.65258e-19, 8.96506e-19, 0, 1.99856, 5.88751, 0, 0, 7.88607, 33.0934, 47.3225, 1.11603, 0.8882, 101.042, 1116.68
861, 0.329489, 4.89645e-19, 9.52221e-19, 0, 2.00084, 5.89769, 0, 0, 7.89854, 33.2472, 47.459, 1.11021, 0.88792, 100.914, 1115.93
862, 0.330941, 5.16989e-19, 1.01061e-18, 0, 2.01193, 5.93641, 0, 0, 7.94835, 33.5552, 47.8355, 1.10582, 0.88764, 101.396, 1115.54
863, 0.332253, 5.46438e-19, 1.0722e-18, 0, 2.01624, 5.95568, 0, 0, 7.97193, 33.753, 48.0584, 1.10186, 0.88736, 101.59, 1114.9
864, 0.33359, 5.77651e-19, 1.13735e-18, 0, 1.99725, 5.90558, 0, 0, 7.90284, 33.5581, 47.7198, 1.09784, 0.88708, 100.605, 1113.39
865, 0.334733, 6.11484e-19, 1.20594e-18, 0, 1.91714, 5.67543, 0, 0, 7.59257, 32.3306, 45.926, 1.09442, 0.8868, 96.6084, 1109.56
866, 0.335685, 6.47959e-19, 1.2782e-18, 0, 1.79482, 5.32112, 0, 0, 7.11594, 30.3883, 43.1287, 1.09158, 0.88652, 90.5465, 1103.93
867, 0.336537, 6.87042e-19, 1.35446e-18, 0, 1.77701, 5.27707, 0, 0, 7.05407, 30.2173, 42.848, 1.08905, 0.886239, 89.7833, 1102.44
868, 0.33733, 7.28661e-19, 1.43501e-18, 0, 1.86075, 5.53445, 0, 0, 7.39521, 31.7689, 45.0127, 1.08669, 0.88596, 94.1627, 1105.06
869, 0.338077, 7.72808e-19, 1.52015e-18, 0, 1.91703, 5.71077, 0, 0, 7.62781, 32.8569, 46.5219, 1.08448, 0.885679, 97.18, 1106.5
870, 0.338764, 8.1991e-19, 1.60997e-18, 0, 1.94549, 5.80513, 0, 0, 7.75062, 33.4778, 47.3703, 1.08245, 0.885401, 98.8199, 1106.83
871, 0.33944, 8.69923e-19, 1.70475e-18, 0, 1.96116, 5.86155, 0, 0, 7.82272, 33.8823, 47.9116, 1.08046, 0.885119, 99.8173, 1106.67
872, 0.34011, 9.22962e-19, 1.80477e-18, 0, 1.95973, 5.86695, 0, 0, 7.82668, 33.9927, 48.0369, 1.07849, 0.884839, 99.9465, 1105.87
873, 0.340604, 9.80497e-19, 1.90994e-18, 0, 1.94637, 5.83771, 0, 0, 7.78408, 33.8993, 47.8823, 1.07703, 0.884562, 99.528, 1104.62
874, 0.340914, 1.04278e-18, 2.02055e-18, 0, 1.91939, 5.76852, 0, 0, 7.68791, 33.5697, 47.403, 1.07612, 0.884296, 98.4715, 1102.86
875, 0.341194, 1.109e-18, 2.1373e-18, 0, 1.88591, 5.67981, 0, 0, 7.56573, 33.1249, 46.7625, 1.07531, 0.884067, 97.0876, 1100.84
876, 0.341349, 1.1805e-18, 2.26018e-18, 0, 1.87141, 5.64875, 0, 0, 7.52015, 33.0138, 46.5979, 1.07485, 0.883896, 96.7188, 1099.56
877, 0.341059, 1.26143e-18, 2.38823e-18, 0, 1.86997, 5.65891, 0, 0, 7.52888, 33.1369, 46.7816, 1.0757, 0.883763, 97.1659, 1098.81
878, 0.340171, 1.35368e-18, 2.52124e-18, 0, 1.86354, 5.65705, 0, 0, 7.5206, 33.1814, 46.879, 1.07831, 0.88364, 97.5535, 1097.9
879, 0.339644, 1.44636e-18, 2.66321e-18, 0, 1.85156, 5.6365, 0, 0, 7.48806, 33.119, 46.8123, 1.07986, 0.88352, 97.5224, 1096.75
880, 0.339288, 1.54315e-18, 2.81353e-18, 0, 1.81997, 5.55441, 0, 0, 7.37439, 32.6941, 46.2267, 1.08091, 0.883401, 96.3874, 1094.8
881, 0.338077, 1.65704e-18, 2.96859e-18, 0, 1.78802, 5.47466, 0, 0, 7.26268, 32.2711, 45.6765, 1.08448, 0.88328, 95.4995, 1092.85
882, 0.336747, 1.77803e-18, 3.1318e-18, 0, 1.78652, 5.48835, 0, 0, 7.27487, 32.3969, 45.9046, 1.08842, 0.883161, 96.2287, 1092.15
883, 0.336726, 1.88734e-18, 3.30951e-18, 0, 1.79116, 5.51445, 0, 0, 7.3056, 32.6137, 46.2064, 1.08849, 0.88304, 96.8221, 1091.63
884, 0.337213, 2.00201e-18, 3.49779e-18, 0, 1.78233, 5.49563, 0, 0, 7.27797, 32.5761, 46.1219, 1.08704, 0.882921, 96.5325, 1090.54
885, 0.335202, 2.17472e-18, 3.6822e-18, 0, 1.75241, 5.42032, 0, 0, 7.17272, 32.1764, 45.6125, 1.09302, 0.882801, 95.9457, 1088.65
886, 0.331662, 2.38222e-18, 3.86951e-18, 0, 1.70832, 5.30735, 0, 0, 7.01567, 31.5318, 44.8134, 1.10364, 0.882679, 95.0917, 1086.23
887, 0.330911, 2.54794e-18, 4.08225e-18, 0, 1.69337, 5.27516, 0, 0, 6.96854, 31.3966, 44.6379, 1.10591, 0.88256, 94.9184, 1084.92
888, 0.331727, 2.69641e-18, 4.31391e-18, 0, 1.70345, 5.31523, 0, 0, 7.01868, 31.7109, 45.0444, 1.10344, 0.88244, 95.6077, 1084.63
889, 0.332287, 2.8521e-18, 4.55671e-18, 0, 1.70658, 5.33613, 0, 0, 7.04271, 31.9038, 45.3058, 1.10176, 0.88232, 96.0132, 1084.06
890, 0.330365, 3.08228e-18, 4.79486e-18, 0, 1.68689, 5.29475, 0, 0, 6.98164, 31.696, 45.0894, 1.10756, 0.8822, 95.9412, 1082.62
891, 0.32403, 3.48277e-18, 5.00795e-18, 0, 1.63911, 5.17666, 0, 0, 6.81577, 30.992, 44.286, 1.12692, 0.88208, 95.6462, 1080.07
892, 0.308473, 4.27103e-18, 5.14666e-18, 0, 1.53994, 4.91812, 0, 0, 6.45807, 29.3732, 42.4093, 1.17612, 0.88196, 95.2417, 1075.39
893, 0.283379, 5.56109e-18, 5.19267e-18, 0, 1.39394, 4.5257, 0, 0, 5.91964, 26.8927, 39.4862, 1.26097, 0.88184, 94.9585, 1068.38
894, 0.255002, 7.27206e-18, 5.1766e-18, 0, 1.23847, 4.09089, 0, 0, 5.32936, 24.1694, 36.1567, 1.36648, 0.88172, 94.8437, 1060.2
895, 0.221778, 9.56172e-18, 5.06462e-18, 0, 1.06297, 3.58428, 0, 0, 4.64724, 21.0053, 32.1816, 1.50608, 0.8816, 94.7565, 1049.93
896, 0.188456, 1.21488e-17, 4.91474e-18, 0, 0.889529, 3.07766, 0, 0, 3.96719, 17.8383, 28.1622, 1.66889, 0.881481, 94.6596, 1038.4
897, 0.166343, 1.43528e-17, 4.87524e-18, 0, 0.774253, 2.7341, 0, 0, 3.50835, 15.7202, 25.3888, 1.7937, 0.88136, 94.4749, 1029.43
898, 0.152985, 1.63906e-17, 4.90826e-18, 0, 0.705078, 2.51238, 0, 0, 3.21746, 14.4132, 23.4884, 1.87741, 0.881237, 94.1272, 1022.97
899, 0.140163, 1.8546e-17, 4.94139e-18, 0, 0.63798, 2.29166, 0, 0, 2.92963, 13.116, 21.5638, 1.96495, 0.881104, 93.3528, 1016.11
900, 0.134683, 1.97236e-17, 5.16645e-18, 0, 0.598704, 2.18305, 0, 0, 2.78175, 12.4301, 20.7387, 2.00483, 0.880932, 92.0275, 1012.01
901, 0.135055, 2.02084e-17, 5.54178e-18, 0, 0.584151, 2.16221, 0, 0, 2.74636, 12.2511, 20.7328, 2.00207, 0.880705, 90.7383, 1010.43
902, 0.144827, 1.99947e-17, 6.09697e-18, 0, 0.623528, 2.30001, 0, 0, 2.92354, 13.1035, 22.0061, 1.93221, 0.880438, 90.5786, 1013.67
903, 0.17444, 1.82125e-17, 7.02107e-18, 0, 0.767566, 2.75484, 0, 0, 3.52241, 16.0102, 25.856, 1.74618, 0.880159, 91.6541, 1025.05
904, 0.209337, 1.60884e-17, 8.05725e-18, 0, 0.934043, 3.27308, 0, 0, 4.20712, 19.3629, 30.1767, 1.56381, 0.87988, 92.4112, 1036.13
905, 0.217732, 1.63867e-17, 8.61913e-18, 0, 0.968321, 3.38441, 0, 0, 4.35273, 20.115, 31.135, 1.52449, 0.8796, 92.1855, 1037.65
906, 0.193922, 1.99251e-17, 8.54709e-18, 0, 0.84931, 3.01803, 0, 0, 3.86735, 17.8021, 28.1343, 1.6403, 0.87932, 91.3811, 1028.94
907, 0.159422, 2.51221e-17, 8.19615e-18, 0, 0.68296, 2.48898, 0, 0, 3.17194, 14.4852, 23.7022, 1.8362, 0.87904, 90.6834, 1015.13
908, 0.139932, 2.91363e-17, 8.13754e-18, 0, 0.5849, 2.16676, 0, 0, 2.75167, 12.5195, 20.9342, 1.9666, 0.878761, 89.8342, 1005.22
909, 0.134745, 3.13932e-17, 8.45547e-18, 0, 0.552717, 2.06116, 0, 0, 2.61388, 11.9029, 20.0306, 2.00437, 0.87848, 88.7693, 1001.2
910, 0.137477, 3.26718e-17, 9.00634e-18, 0, 0.564575, 2.10046, 0, 0, 2.66504, 12.1881, 20.3892, 1.9843, 0.8782, 88.8161, 1001.68
911, 0.145945, 3.32733e-17, 9.73135e-18, 0, 0.605973, 2.23555, 0, 0, 2.84153, 13.0768, 21.5745, 1.92453, 0.87792, 89.8344, 1005.01
912, 0.144577, 3.53425e-17, 1.02024e-17, 0, 0.603487, 2.22957, 0, 0, 2.83306, 13.0505, 21.5733, 1.93395, 0.87764, 90.5957, 1004.07
913, 0.128515, 3.99411e-17, 1.02306e-17, 0, 0.535696, 2.00953, 0, 0, 2.54523, 11.6641, 19.7244, 2.05171, 0.87736, 90.9236, 996.522
914, 0.119594, 4.32895e-17, 1.05341e-17, 0, 0.494441, 1.88403, 0, 0, 2.37847, 10.8645, 18.7216, 2.12365, 0.87708, 90.8641, 991.526
915, 0.119186, 4.54335e-17, 1.11199e-17, 0, 0.488666, 1.87415, 0, 0, 2.36282, 10.8008, 18.7107, 2.12707, 0.876799, 90.5865, 990.372
916, 0.119447, 4.77052e-17, 1.17448e-17, 0, 0.486896, 1.87047, 0, 0, 2.35737, 10.7974, 18.718, 2.12488, 0.87652, 90.3569, 989.487
917, 0.122156, 4.94895e-17, 1.25145e-17, 0, 0.495753, 1.90314, 0, 0, 2.39889, 11.0245, 19.0499, 2.10246, 0.87624, 90.2395, 989.837
918, 0.134318, 4.95702e-17, 1.36743e-17, 0, 0.542518, 2.06446, 0, 0, 2.60698, 12.0935, 20.4865, 2.00755, 0.87596, 90.0823, 994.319
919, 0.167831, 4.52959e-17, 1.57445e-17, 0, 0.677665, 2.51665, 0, 0, 3.19432, 15.068, 24.4228, 1.7848, 0.875679, 89.8255, 1006.56
920, 0.200184, 4.10846e-17, 1.78754e-17, 0, 0.807943, 2.94352, 0, 0, 3.75147, 17.9046, 28.1063, 1.60852, 0.8754, 89.3276, 1016.33
921, 0.209708, 4.12509e-17, 1.92061e-17, 0, 0.837546, 3.04076, 0, 0, 3.87831, 18.5869, 28.9586, 1.56204, 0.875119, 88.2714, 1017.78
922, 0.206672, 4.40267e-17, 2.00884e-17, 0, 0.806751, 2.94036, 0, 0, 3.74711, 17.9807, 28.1052, 1.57662, 0.874841, 86.6574, 1014.76
923, 0.195729, 4.84978e-17, 2.06915e-17, 0, 0.746545, 2.74633, 0, 0, 3.49288, 16.7352, 26.4823, 1.63102, 0.874563, 85.4219, 1009.41
924, 0.176904, 5.50405e-17, 2.09596e-17, 0, 0.668029, 2.50106, 0, 0, 3.16908, 15.111, 24.4857, 1.73215, 0.874299, 85.6333, 1002.35
925, 0.169129, 5.94135e-17, 2.17381e-17, 0, 0.635948, 2.40987, 0, 0, 3.04582, 14.5015, 23.8163, 1.7771, 0.874079, 86.2263, 999.062
926, 0.166946, 6.31641e-17, 2.27339e-17, 0, 0.625026, 2.38449, 0, 0, 3.00951, 14.3321, 23.6963, 1.79008, 0.873926, 86.5545, 997.561
927, 0.146538, 7.46576e-17, 2.24211e-17, 0, 0.550852, 2.13193, 0, 0, 2.68279, 12.7049, 21.5078, 1.92047, 0.873816, 87.2639, 989.527
928, 0.10495, 9.66903e-17, 2.03377e-17, 0, 0.395594, 1.58032, 0, 0, 1.97591, 9.19335, 16.5189, 2.25427, 0.87372, 87.8191, 969.883
929, 0.0671097, 1.21029e-16, 1.79936e-17, 0, 0.251993, 1.05444, 0, 0, 1.30643, 5.89852, 11.6295, 2.70143, 0.873627, 87.8749, 944.706
930, 0.0433549, 1.4401e-16, 1.60433e-17, 0, 0.162668, 0.708725, 0, 0, 0.871392, 3.80696, 8.23524, 3.13833, 0.873533, 87.7225, 921.236
931, 0.026222, 1.68368e-16, 1.40056e-17, 0, 0.0997977, 0.446131, 0, 0, 0.545929, 2.29862, 5.45294, 3.64116, 0.873439, 87.5347, 895.596
932, 0.0131863, 1.93786e-16, 1.19406e-17, 0, 0.0523221, 0.237109, 0, 0, 0.289431, 1.15397, 3.09257, 4.32857, 0.873347, 87.3429, 863.16
933, 0.00585742, 2.16592e-16, 1.04372e-17, 0, 0.0250925, 0.113854, 0, 0, 0.138946, 0.511451, 1.61441, 5.14005, 0.873253, 87.1488, 828.489
934, 0.00345456, 2.3388e-16, 9.92363e-18, 0, 0.015877, 0.0718385, 0, 0, 0.0877156, 0.300553, 1.08676, 5.66806, 0.87316, 86.9448, 807.87
935, 0.00348406, 2.44355e-16, 1.06851e-17, 0, 0.016322, 0.074266, 0, 0, 0.0905881, 0.302223, 1.14636, 5.65956, 0.873067, 86.7198, 808.599
936, 0.00339267, 2.54737e-16, 1.16817e-17, 0, 0.0162377, 0.0734942, 0, 0, 0.0897319, 0.293781, 1.15296, 5.68614, 0.872972, 86.5051, 807.559
937, 0.0036256, 2.67002e-16, 1.25061e-17, 0, 0.0166827, 0.0751883, 0, 0, 0.0918711, 0.31266, 1.15203, 5.61974, 0.872879, 86.334, 807.924
938, 0.00841961, 2.69327e-16, 1.50501e-17, 0, 0.0331966, 0.15254, 0, 0, 0.185737, 0.722376, 2.08339, 4.77719, 0.872786, 86.1324, 838.35
939, 0.0183166, 2.57908e-16, 2.00014e-17, 0, 0.0676172, 0.313816, 0, 0, 0.381433, 1.56392, 4.058, 3.99995, 0.872693, 85.6824, 872.008
940, 0.0226687, 2.55966e-16, 2.36043e-17, 0, 0.0822791, 0.383305, 0, 0, 0.465584, 1.91101, 4.95537, 3.78677, 0.8726, 84.4987, 881.346
941, 0.0186126, 2.73518e-16, 2.41259e-17, 0, 0.0672431, 0.315122, 0, 0, 0.382365, 1.52435, 4.20939, 3.98391, 0.872506, 82.7171, 870.802
942, 0.0148206, 2.97753e-16, 2.35744e-17, 0, 0.0536139, 0.253319, 0, 0, 0.306933, 1.18723, 3.49595, 4.21174, 0.872414, 81.8043, 859.383
943, 0.0131271, 3.24338e-16, 2.27392e-17, 0, 0.0477183, 0.226649, 0, 0, 0.274367, 1.05861, 3.14489, 4.33308, 0.87232, 81.8286, 853.341
944, 0.0126629, 3.48293e-16, 2.25927e-17, 0, 0.0461107, 0.219473, 0, 0, 0.265584, 1.0397, 3.01746, 4.36908, 0.872226, 82.2086, 851.14
945, 0.0124546, 3.66661e-16, 2.36582e-17, 0, 0.0460352, 0.219113, 0, 0, 0.265148, 1.04219, 3.01695, 4.38566, 0.872134, 83.305, 850.413
946, 0.0119756, 3.83834e-16, 2.51513e-17, 0, 0.0448653, 0.2135, 0, 0, 0.258365, 1.00948, 2.9741, 4.42488, 0.87204, 84.1033, 848.536
947, 0.0135547, 3.9785e-16, 2.73408e-17, 0, 0.0497345, 0.236525, 0, 0, 0.286259, 1.14167, 3.25294, 4.30102, 0.871947, 84.2, 852.769
948, 0.0173613, 4.09376e-16, 3.00851e-17, 0, 0.0615478, 0.29128, 0, 0, 0.352828, 1.46084, 3.87716, 4.05351, 0.871854, 84.1442, 862.244
949, 0.0202717, 4.26067e-16, 3.219e-17, 0, 0.0702285, 0.330457, 0, 0, 0.400685, 1.70341, 4.29168, 3.89853, 0.87176, 84.0277, 867.867
950, 0.021321, 4.45047e-16, 3.41706e-17, 0, 0.073049, 0.344054, 0, 0, 0.417103, 1.78719, 4.44271, 3.84806, 0.871666, 83.8259, 869.214
951, 0.0221717, 4.60104e-16, 3.71108e-17, 0, 0.0757121, 0.357949, 0, 0, 0.433661, 1.85394, 4.64653, 3.80894, 0.871573, 83.6038, 870.508
952, 0.0203637, 4.88972e-16, 3.80922e-17, 0, 0.0694466, 0.328769, 0, 0, 0.398216, 1.69672, 4.30442, 3.894, 0.87148, 83.2941, 865.608
953, 0.0215056, 5.09638e-16, 4.05583e-17, 0, 0.071963, 0.341451, 0, 0, 0.413415, 1.7774, 4.45567, 3.83944, 0.871387, 82.5495, 866.82
954, 0.0253924, 5.2008e-16, 4.48837e-17, 0, 0.0831943, 0.395451, 0, 0, 0.478646, 2.07943, 5.12039, 3.6733, 0.871293, 81.1759, 873.523
955, 0.0272792, 5.44843e-16, 4.72193e-17, 0, 0.0880483, 0.416084, 0, 0, 0.504132, 2.22157, 5.32533, 3.60163, 0.8712, 80.4078, 875.504
956, 0.0325078, 5.6666e-16, 5.03918e-17, 0, 0.103499, 0.480524, 0, 0, 0.584022, 2.65931, 5.94715, 3.42628, 0.871107, 81.1654, 882.4
957, 0.0430298, 5.69882e-16, 5.693e-17, 0, 0.135508, 0.618481, 0, 0, 0.75399, 3.53797, 7.40055, 3.14586, 0.871014, 82.0387, 895.159
958, 0.0481147, 5.84546e-16, 6.19327e-17, 0, 0.150648, 0.685265, 0, 0, 0.835913, 3.95712, 8.13041, 3.03417, 0.870921, 82.2304, 900.032
959, 0.0416376, 6.30075e-16, 6.23031e-17, 0, 0.130165, 0.596431, 0, 0, 0.726596, 3.40817, 7.19147, 3.17875, 0.870827, 82.0136, 891.881
960, 0.0420133, 6.52681e-16, 6.67697e-17, 0, 0.130121, 0.595271, 0, 0, 0.725392, 3.41168, 7.19547, 3.16977, 0.870733, 81.6073, 891.14
961, 0.0529312, 6.48774e-16, 7.58298e-17, 0, 0.16205, 0.734258, 0, 0, 0.896309, 4.29631, 8.70434, 2.93876, 0.870641, 81.1732, 901.838
962, 0.0619959, 6.56644e-16, 8.33864e-17, 0, 0.188768, 0.847743, 0, 0, 1.03651, 5.04132, 9.89942, 2.78069, 0.870546, 80.7956, 909.144
963, 0.0716841, 6.64759e-16, 9.13851e-17, 0, 0.217119, 0.962645, 0, 0, 1.17976, 5.82435, 11.0498, 2.63549, 0.870453, 80.7665, 915.695
964, 0.0792651, 6.75412e-16, 9.92706e-17, 0, 0.237787, 1.05197, 0, 0, 1.28976, 6.41698, 11.9869, 2.53496, 0.87036, 80.8506, 920.064
965, 0.0791837, 6.97457e-16, 1.05694e-16, 0, 0.23425, 1.04496, 0, 0, 1.27921, 6.34864, 12.0016, 2.53598, 0.870268, 80.5298, 918.939
966, 0.0868311, 7.05885e-16, 1.15219e-16, 0, 0.255687, 1.11874, 0, 0, 1.37443, 6.89967, 12.6898, 2.44379, 0.870173, 80.1635, 922.364
967, 0.12207, 6.54296e-16, 1.3559e-16, 0, 0.363936, 1.51517, 0, 0, 1.8791, 9.73928, 16.4204, 2.10316, 0.870081, 80.1295, 939.916
968, 0.166476, 5.68659e-16, 1.6196e-16, 0, 0.499407, 2.02633, 0, 0, 2.52574, 13.3367, 21.3674, 1.79291, 0.869986, 80.108, 957.139
969, 0.189496, 5.28003e-16, 1.81058e-16, 0, 0.567669, 2.29049, 0, 0, 2.85816, 15.1876, 24.0098, 1.66339, 0.869894, 80.037, 964.149
970, 0.201812, 5.21931e-16, 1.95036e-16, 0, 0.603563, 2.4228, 0, 0, 3.02636, 16.1647, 25.3021, 1.60042, 0.8698, 80.0363, 967.07
971, 0.209224, 5.32891e-16, 2.06616e-16, 0, 0.624053, 2.49839, 0, 0, 3.12244, 16.7462, 26.0286, 1.56435, 0.869707, 80.0203, 968.372
972, 0.199377, 5.89006e-16, 2.10806e-16, 0, 0.590261, 2.38305, 0, 0, 2.97331, 15.9315, 24.9931, 1.61256, 0.869615, 79.8702, 964.615
973, 0.174654, 6.92507e-16, 2.07556e-16, 0, 0.511081, 2.09808, 0, 0, 2.60916, 13.9079, 22.326, 1.74495, 0.86952, 79.5638, 955.806
974, 0.154405, 7.89081e-16, 2.06121e-16, 0, 0.446211, 1.86357, 0, 0, 2.30978, 12.2463, 20.1214, 1.86818, 0.869427, 79.2729, 947.674
975, 0.147276, 8.48404e-16, 2.11799e-16, 0, 0.4226, 1.78006, 0, 0, 2.20266, 11.6638, 19.3693, 1.91545, 0.869334, 79.1986, 944.136
976, 0.154248, 8.67042e-16, 2.25702e-16, 0, 0.442876, 1.84719, 0, 0, 2.29007, 12.2103, 19.9916, 1.8692, 0.869239, 79.183, 945.834
977, 0.177758, 8.26452e-16, 2.50504e-16, 0, 0.511192, 2.09296, 0, 0, 2.60416, 14.0502, 22.3115, 1.72733, 0.869146, 79.0675, 953.039
978, 0.191905, 8.12701e-16, 2.70899e-16, 0, 0.54915, 2.24207, 0, 0, 2.79122, 15.1393, 23.797, 1.65075, 0.869053, 78.8948, 956.676
979, 0.193043, 8.48904e-16, 2.83668e-16, 0, 0.548655, 2.2461, 0, 0, 2.79476, 15.1934, 23.89, 1.64484, 0.868961, 78.7129, 956.095
980, 0.207847, 8.36112e-16, 3.0629e-16, 0, 0.59093, 2.38877, 0, 0, 2.9797, 16.3203, 25.214, 1.57095, 0.868867, 78.5445, 959.438
981, 0.235179, 7.69108e-16, 3.39326e-16, 0, 0.671376, 2.66305, 0, 0, 3.33443, 18.4295, 27.7667, 1.44741, 0.868773, 78.3793, 965.881
982, 0.252942, 7.39659e-16, 3.66815e-16, 0, 0.722699, 2.83482, 0, 0, 3.55752, 19.7808, 29.3676, 1.3746, 0.86868, 78.1846, 969.357
983, 0.266295, 7.30638e-16, 3.91777e-16, 0, 0.759847, 2.95671, 0, 0, 3.71656, 20.7762, 30.4843, 1.32315, 0.868586, 77.9647, 971.509
984, 0.282146, 7.01976e-16, 4.20678e-16, 0, 0.802708, 3.10662, 0, 0, 3.90933, 21.9605, 31.8924, 1.26533, 0.868494, 77.7819, 974.12
985, 0.29782, 6.6612e-16, 4.51766e-16, 0, 0.844856, 3.25299, 0, 0, 4.09785, 23.1198, 33.2741, 1.21127, 0.868399, 77.6247, 976.526
986, 0.31893, 6.12787e-16, 4.87793e-16, 0, 0.906109, 3.44839, 0, 0, 4.3545, 24.7029, 35.0455, 1.14278, 0.868307, 77.4694, 979.847
987, 0.332984, 5.90899e-16, 5.19521e-16, 0, 0.947003, 3.57223, 0, 0, 4.51923, 25.7504, 36.1539, 1.09966, 0.868214, 77.3395, 981.636
988, 0.342473, 5.83208e-16, 5.49575e-16, 0, 0.972219, 3.65046, 0, 0, 4.62268, 26.4367, 36.8701, 1.07156, 0.86812, 77.1994, 982.475
989, 0.350219, 5.75872e-16, 5.80199e-16, 0, 0.989801, 3.71356, 0, 0, 4.70336, 26.9778, 37.4879, 1.0492, 0.868026, 77.034, 982.965
990, 0.352976, 5.88272e-16, 6.08515e-16, 0, 0.992027, 3.7258, 0, 0, 4.71783, 27.1228, 37.6464, 1.04136, 0.867933, 76.8451, 982.511
991, 0.360797, 5.85885e-16, 6.41712e-16, 0, 1.011, 3.78034, 0, 0, 4.79134, 27.6403, 38.1323, 1.01944, 0.86784, 76.6191, 982.882
992, 0.367399, 5.90871e-16, 6.74871e-16, 0, 1.02572, 3.82189, 0, 0, 4.84761, 28.0556, 38.5054, 1.00131, 0.867746, 76.3682, 983.004
993, 0.371055, 6.05617e-16, 7.07387e-16, 0, 1.03106, 3.83716, 0, 0, 4.86822, 28.2543, 38.6632, 0.991405, 0.867653, 76.1499, 982.632
994, 0.381037, 5.91663e-16, 7.47167e-16, 0, 1.05718, 3.91455, 0, 0, 4.97172, 28.9632, 39.3594, 0.964858, 0.86756, 76.0158, 983.383
995, 0.390672, 5.78923e-16, 7.88286e-16, 0, 1.08132, 3.98604, 0, 0, 5.06736, 29.6252, 40.0034, 0.939887, 0.867467, 75.8364, 984.004
996, 0.39494, 5.89466e-16, 8.2636e-16, 0, 1.08686, 4.00121, 0, 0, 5.08808, 29.8283, 40.1577, 0.92902, 0.867374, 75.532, 983.625
997, 0.396791, 6.11323e-16, 8.63878e-16, 0, 1.08529, 3.99462, 0, 0, 5.07991, 29.8525, 40.124, 0.924347, 0.86728, 75.2338, 982.867
998, 0.39682, 6.42346e-16, 9.01241e-16, 0, 1.07613, 3.96509, 0, 0, 5.04122, 29.6886, 39.8851, 0.924273, 0.867188, 74.7846, 981.706
999, 0.39515, 6.82364e-16, 9.38474e-16, 0, 1.06169, 3.92185, 0, 0, 4.98354, 29.4045, 39.5349, 0.92849, 0.867099, 74.3348, 980.29
1000, 0.393236, 7.26606e-16, 9.76812e-16, 0, 1.05349, 3.9024, 0, 0, 4.95589, 29.2952, 39.4273, 0.933347, 0.867022, 74.4183, 979.272
1001, 0.388601, 7.91292e-16, 1.01311e-15, 0, 1.03965, 3.86765, 0, 0, 4.9073, 29.0486, 39.1968, 0.945201, 0.866966, 74.7173, 977.971
1002, 0.383557, 8.58288e-16, 1.05081e-15, 0, 1.02018, 3.81359, 0, 0, 4.83377, 28.6516, 38.7788, 0.958266, 0.866921, 74.6971, 976.323
1003, 0.38819, 8.67254e-16, 1.1023e-15, 0, 1.02352, 3.82187, 0, 0, 4.84538, 28.8002, 38.8666, 0.946261, 0.86688, 74.208, 975.84
1004, 0.395241, 8.63831e-16, 1.15856e-15, 0, 1.02452, 3.81566, 0, 0, 4.84018, 28.8578, 38.774, 0.928259, 0.86684, 73.0376, 975.127
1005, 0.398749, 8.8238e-16, 1.21263e-15, 0, 1.01488, 3.7785, 0, 0, 4.79338, 28.6537, 38.4142, 0.919424, 0.866801, 71.8802, 973.843
1006, 0.401354, 9.06858e-16, 1.26786e-15, 0, 1.02346, 3.81083, 0, 0, 4.83429, 28.9706, 38.7712, 0.912911, 0.86676, 72.1871, 973.767
1007, 0.401015, 9.54016e-16, 1.32097e-15, 0, 1.03353, 3.85586, 0, 0, 4.88939, 29.3591, 39.2969, 0.913757, 0.866719, 73.2126, 973.881
1008, 0.395303, 1.04323e-15, 1.36808e-15, 0, 1.01969, 3.82465, 0, 0, 4.84433, 29.1225, 39.1179, 0.928102, 0.86668, 73.67, 972.63
1009, 0.388661, 1.14083e-15, 1.41604e-15, 0, 0.996773, 3.76222, 0, 0, 4.75899, 28.6376, 38.6336, 0.945047, 0.86664, 73.6815, 970.819
1010, 0.390635, 1.1733e-15, 1.48014e-15, 0, 0.997086, 3.76625, 0, 0, 4.76334, 28.7317, 38.7145, 0.939981, 0.866601, 73.5556, 970.245
1011, 0.399154, 1.15804e-15, 1.55704e-15, 0, 1.01557, 3.82116, 0, 0, 4.83673, 29.2734, 39.2253, 0.918408, 0.86656, 73.3465, 970.623
1012, 0.404839, 1.16704e-15, 1.63211e-15, 0, 1.02516, 3.84817, 0, 0, 4.87333, 29.5814, 39.4857, 0.904266, 0.86652, 73.0792, 970.49
1013, 0.408314, 1.19278e-15, 1.70686e-15, 0, 1.02964, 3.86213, 0, 0, 4.89178, 29.7702, 39.6442, 0.895718, 0.86648, 72.9179, 970.109
1014, 0.409557, 1.2382e-15, 1.78047e-15, 0, 1.02939, 3.86518, 0, 0, 4.89457, 29.8531, 39.724, 0.892679, 0.866441, 72.8942, 969.517
1015, 0.409646, 1.29613e-15, 1.85478e-15, 0, 1.02535, 3.85594, 0, 0, 4.88129, 29.8339, 39.6913, 0.892461, 0.866401, 72.8295, 968.708
1016, 0.411185, 1.34326e-15, 1.93493e-15, 0, 1.02452, 3.85464, 0, 0, 4.87916, 29.8906, 39.7195, 0.888711, 0.86636, 72.6947, 968.052
1017, 0.412493, 1.39427e-15, 2.01789e-15, 0, 1.02253, 3.85045, 0, 0, 4.87298, 29.9208, 39.7233, 0.885537, 0.86632, 72.5371, 967.341
1018, 0.412443, 1.46275e-15, 2.10125e-15, 0, 1.01698, 3.83492, 0, 0, 4.8519, 29.8523, 39.6254, 0.885656, 0.86628, 72.379, 966.429
1019, 0.410718, 1.55192e-15, 2.18424e-15, 0, 1.00695, 3.80618, 0, 0, 4.81313, 29.6661, 39.4124, 0.889849, 0.86624, 72.2296, 965.276
1020, 0.411254, 1.61495e-15, 2.27621e-15, 0, 1.00246, 3.79543, 0, 0, 4.79789, 29.6356, 39.3604, 0.888543, 0.8662, 72.0634, 964.443
1021, 0.413575, 1.66111e-15, 2.37578e-15, 0, 1.00191, 3.79617, 0, 0, 4.79808, 29.7083, 39.4046, 0.882915, 0.866159, 71.8365, 963.824
1022, 0.412945, 1.75093e-15, 2.47141e-15, 0, 0.99377, 3.77258, 0, 0, 4.76634, 29.5692, 39.2295, 0.884442, 0.86612, 71.6104, 962.766
1023, 0.409285, 1.88576e-15, 2.56279e-15, 0, 0.979375, 3.73112, 0, 0, 4.7105, 29.2667, 38.9056, 0.893342, 0.866081, 71.5107, 961.372
1024, 0.40888, 1.97544e-15, 2.66746e-15, 0, 0.974193, 3.71823, 0, 0, 4.69242, 29.2132, 38.8385, 0.894334, 0.86604, 71.45, 960.502
1025, 0.414258, 1.98477e-15, 2.79268e-15, 0, 0.9838, 3.7491, 0, 0, 4.73289, 29.5488, 39.1532, 0.881266, 0.866, 71.3319, 960.449
1026, 0.417532, 2.02841e-15, 2.91609e-15, 0, 0.987183, 3.76124, 0, 0, 4.74841, 29.7192, 39.3009, 0.873394, 0.865959, 71.1787, 960.048
1027, 0.417202, 2.12979e-15, 3.03339e-15, 0, 0.980142, 3.74128, 0, 0, 4.72142, 29.6087, 39.1598, 0.874184, 0.86592, 70.9712, 959.059
1028, 0.417658, 2.21956e-15, 3.15803e-15, 0, 0.973116, 3.71969, 0, 0, 4.6928, 29.4915, 38.9911, 0.873093, 0.86588, 70.6201, 958.046
1029, 0.420734, 2.26745e-15, 3.29673e-15, 0, 0.973047, 3.71845, 0, 0, 4.6915, 29.557, 39.0003, 0.865754, 0.86584, 70.2626, 957.415
1030, 0.423959, 2.31553e-15, 3.44184e-15, 0, 0.978164, 3.73599, 0, 0, 4.71415, 29.7738, 39.2026, 0.858118, 0.8658, 70.2338, 957.12
1031, 0.425607, 2.39285e-15, 3.58651e-15, 0, 0.980849, 3.74787, 0, 0, 4.72871, 29.9324, 39.3659, 0.854238, 0.86576, 70.3301, 956.712
1032, 0.427048, 2.47504e-15, 3.7356e-15, 0, 0.980905, 3.75003, 0, 0, 4.73094, 30.012, 39.4298, 0.850858, 0.86572, 70.2785, 956.133
1033, 0.428719, 2.55578e-15, 3.89132e-15, 0, 0.980435, 3.74951, 0, 0, 4.72995, 30.0722, 39.4622, 0.846955, 0.86568, 70.1451, 955.511
1034, 0.430076, 2.64435e-15, 4.05232e-15, 0, 0.978842, 3.74579, 0, 0, 4.72464, 30.1036, 39.4656, 0.843793, 0.86564, 69.9963, 954.831
1035, 0.431035, 2.74304e-15, 4.21887e-15, 0, 0.975568, 3.73692, 0, 0, 4.7125, 30.0889, 39.4201, 0.841567, 0.8656, 69.8065, 954.056
1036, 0.431356, 2.85691e-15, 4.38987e-15, 0, 0.968261, 3.71439, 0, 0, 4.68265, 29.9567, 39.2386, 0.840822, 0.86556, 69.4487, 953.035
1037, 0.431614, 2.976e-15, 4.56645e-15, 0, 0.959264, 3.68547, 0, 0, 4.64473, 29.772, 38.9902, 0.840224, 0.86552, 68.9803, 951.9
1038, 0.432072, 3.09818e-15, 4.74921e-15, 0, 0.955866, 3.67751, 0, 0, 4.63338, 29.7603, 38.9617, 0.839163, 0.86548, 68.8792, 951.138
1039, 0.432581, 3.2249e-15, 4.93933e-15, 0, 0.956636, 3.68535, 0, 0, 4.64198, 29.8771, 39.0998, 0.837985, 0.86544, 69.0673, 950.658
1040, 0.432931, 3.35973e-15, 5.13682e-15, 0, 0.954787, 3.68352, 0, 0, 4.63831, 29.9134, 39.1371, 0.837178, 0.8654, 69.0952, 950.006
1041, 0.433083, 3.50481e-15, 5.34073e-15, 0, 0.950447, 3.67271, 0, 0, 4.62315, 29.8744, 39.0815, 0.836826, 0.86536, 68.9809, 949.193
1042, 0.433411, 3.6506e-15, 5.55329e-15, 0, 0.946242, 3.66171, 0, 0, 4.60794, 29.8354, 39.0209, 0.836068, 0.865319, 68.8387, 948.38
1043, 0.433956, 3.79552e-15, 5.77504e-15, 0, 0.942498, 3.65163, 0, 0, 4.59412, 29.8055, 38.966, 0.834811, 0.86528, 68.6833, 947.588
1044, 0.434298, 3.95061e-15, 6.00353e-15, 0, 0.937046, 3.6355, 0, 0, 4.57254, 29.7232, 38.8485, 0.834024, 0.86524, 68.4397, 946.685
1045, 0.434351, 4.1184e-15, 6.23846e-15, 0, 0.928127, 3.60676, 0, 0, 4.53488, 29.5339, 38.5995, 0.833903, 0.8652, 67.9958, 945.553
1046, 0.434374, 4.29248e-15, 6.4823e-15, 0, 0.92024, 3.58205, 0, 0, 4.50228, 29.3769, 38.3935, 0.833849, 0.86516, 67.6309, 944.492
1047, 0.434319, 4.47421e-15, 6.73604e-15, 0, 0.91827, 3.58051, 0, 0, 4.49878, 29.4083, 38.4359, 0.833975, 0.86512, 67.7116, 943.849
1048, 0.433938, 4.66709e-15, 6.99878e-15, 0, 0.916632, 3.58095, 0, 0, 4.49759, 29.4504, 38.5013, 0.834855, 0.86508, 67.8677, 943.24
1049, 0.433186, 4.87267e-15, 7.2692e-15, 0, 0.911521, 3.56865, 0, 0, 4.48017, 29.3815, 38.4323, 0.836587, 0.86504, 67.8263, 942.398
1050, 0.432452, 5.09185e-15, 7.54817e-15, 0, 0.90521, 3.55182, 0, 0, 4.45703, 29.2767, 38.316, 0.838283, 0.865, 67.6989, 941.474
1051, 0.431712, 5.32812e-15, 7.83634e-15, 0, 0.898625, 3.53416, 0, 0, 4.43279, 29.1663, 38.1926, 0.839997, 0.864961, 67.5594, 940.533
1052, 0.430642, 5.58052e-15, 8.13356e-15, 0, 0.891326, 3.51439, 0, 0, 4.40572, 29.0332, 38.0484, 0.842477, 0.86492, 67.4179, 939.551
1053, 0.429403, 5.84383e-15, 8.44083e-15, 0, 0.883652, 3.49332, 0, 0, 4.37697, 28.8856, 37.8899, 0.845359, 0.864881, 67.2686, 938.543
1054, 0.427988, 6.12111e-15, 8.75818e-15, 0, 0.875572, 3.47092, 0, 0, 4.34649, 28.7237, 37.7174, 0.848661, 0.86484, 67.113, 937.508
1055, 0.426243, 6.41699e-15, 9.08527e-15, 0, 0.867018, 3.44726, 0, 0, 4.31427, 28.5463, 37.5329, 0.852746, 0.864799, 66.9712, 936.446
1056, 0.423985, 6.73985e-15, 9.4204e-15, 0, 0.857247, 3.41984, 0, 0, 4.27709, 28.3303, 37.3116, 0.858058, 0.86476, 66.8175, 935.307
1057, 0.421064, 7.10276e-15, 9.76145e-15, 0, 0.844371, 3.38161, 0, 0, 4.22598, 28.0165, 36.9785, 0.86497, 0.864721, 66.5311, 933.955
1058, 0.417687, 7.50454e-15, 1.01094e-14, 0, 0.827538, 3.32857, 0, 0, 4.15611, 27.5761, 36.4891, 0.873022, 0.86468, 66.0065, 932.308
1059, 0.414973, 7.89739e-15, 1.04738e-14, 0, 0.81315, 3.28327, 0, 0, 4.09642, 27.2091, 36.0775, 0.879541, 0.86464, 65.5507, 930.806
1060, 0.413212, 8.27413e-15, 1.08568e-14, 0, 0.804837, 3.25967, 0, 0, 4.0645, 27.0363, 35.8965, 0.883795, 0.8646, 65.4118, 929.731
1061, 0.411271, 8.69453e-15, 1.12492e-14, 0, 0.798785, 3.24578, 0, 0, 4.04457, 26.9468, 35.8311, 0.888502, 0.864561, 65.5078, 928.841
1062, 0.40842, 9.18944e-15, 1.16462e-14, 0, 0.792477, 3.23337, 0, 0, 4.02584, 26.8618, 35.7971, 0.89546, 0.86452, 65.7656, 927.971
1063, 0.405837, 9.67917e-15, 1.2061e-14, 0, 0.784945, 3.21478, 0, 0, 3.99972, 26.7269, 35.6887, 0.901804, 0.86448, 65.8551, 926.984
1064, 0.403721, 1.0169e-14, 1.24933e-14, 0, 0.776053, 3.18866, 0, 0, 3.96471, 26.5344, 35.4885, 0.907031, 0.86444, 65.724, 925.853
1065, 0.401857, 1.06829e-14, 1.29415e-14, 0, 0.76516, 3.15377, 0, 0, 3.91893, 26.2736, 35.1895, 0.911658, 0.8644, 65.3839, 924.546
1066, 0.401685, 1.11404e-14, 1.34231e-14, 0, 0.756306, 3.12259, 0, 0, 3.8789, 26.0643, 34.9114, 0.912087, 0.86436, 64.8975, 923.326
1067, 0.401517, 1.1683e-14, 1.39142e-14, 0, 0.748059, 3.09348, 0, 0, 3.84154, 25.8789, 34.6597, 0.912507, 0.86432, 64.4696, 922.146
1068, 0.401272, 1.23328e-14, 1.44117e-14, 0, 0.73464, 3.04365, 0, 0, 3.77829, 25.5265, 34.1826, 0.913116, 0.864281, 63.6429, 920.533
1069, 0.401917, 1.30427e-14, 1.49269e-14, 0, 0.721992, 2.99436, 0, 0, 3.71635, 25.1992, 33.706, 0.91151, 0.86424, 62.7287, 918.927
1070, 0.405047, 1.35619e-14, 1.55e-14, 0, 0.728015, 3.01686, 0, 0, 3.74488, 25.4993, 34.0093, 0.903753, 0.8642, 62.9706, 918.842
1071, 0.409193, 1.39657e-14, 1.61142e-14, 0, 0.741947, 3.07052, 0, 0, 3.81246, 26.0631, 34.6502, 0.893569, 0.864161, 63.7112, 919.401
1072, 0.41003, 1.47073e-14, 1.6695e-14, 0, 0.742388, 3.07412, 0, 0, 3.8165, 26.1776, 34.7623, 0.891525, 0.86412, 63.8712, 918.903
1073, 0.411463, 1.54665e-14, 1.73022e-14, 0, 0.739518, 3.061, 0, 0, 3.80052, 26.16, 34.6674, 0.888037, 0.864079, 63.6117, 918.076
1074, 0.411516, 1.64963e-14, 1.78959e-14, 0, 0.735816, 3.04582, 0, 0, 3.78164, 26.1177, 34.5542, 0.887908, 0.864041, 63.5066, 917.201
1075, 0.412519, 1.72806e-14, 1.85522e-14, 0, 0.734489, 3.04107, 0, 0, 3.77556, 26.1609, 34.5584, 0.885474, 0.864, 63.465, 916.539
1076, 0.414498, 1.7905e-14, 1.92555e-14, 0, 0.737196, 3.05184, 0, 0, 3.78904, 26.3351, 34.7282, 0.880688, 0.86396, 63.5674, 916.203
1077, 0.407413, 1.98151e-14, 1.97763e-14, 0, 0.721846, 3.00053, 0, 0, 3.72238, 25.9201, 34.2762, 0.897928, 0.86392, 63.6456, 914.531
1078, 0.405541, 2.09148e-14, 2.04517e-14, 0, 0.710653, 2.96193, 0, 0, 3.67258, 25.6368, 33.9314, 0.902532, 0.86388, 63.2663, 913.13
1079, 0.408922, 2.13709e-14, 2.12592e-14, 0, 0.709713, 2.96092, 0, 0, 3.67064, 25.7007, 33.9673, 0.89423, 0.86384, 62.8848, 912.541
1080, 0.401053, 2.36612e-14, 2.18033e-14, 0, 0.693047, 2.90906, 0, 0, 3.60211, 25.2647, 33.5122, 0.913662, 0.8638, 62.8777, 910.81
1081, 0.396296, 2.53264e-14, 2.2476e-14, 0, 0.68138, 2.87184, 0, 0, 3.55322, 24.9752, 33.1891, 0.925593, 0.86376, 62.6817, 909.405
1082, 0.402999, 2.53116e-14, 2.34608e-14, 0, 0.687234, 2.88971, 0, 0, 3.57695, 25.2267, 33.392, 0.908822, 0.863721, 62.3148, 909.265
1083, 0.398667, 2.74586e-14, 2.4141e-14, 0, 0.671894, 2.83419, 0, 0, 3.50608, 24.7719, 32.8568, 0.919628, 0.86368, 62.1129, 907.471
1084, 0.383664, 3.12043e-14, 2.4578e-14, 0, 0.640235, 2.73074, 0, 0, 3.37097, 23.8225, 31.887, 0.957989, 0.86364, 62.1909, 904.491
1085, 0.371301, 3.49056e-14, 2.50611e-14, 0, 0.61635, 2.65463, 0, 0, 3.27098, 23.13, 31.1886, 0.990741, 0.863599, 62.3611, 902.089
1086, 0.360274, 3.90625e-14, 2.55409e-14, 0, 0.594059, 2.5738, 0, 0, 3.16786, 22.4319, 30.3775, 1.02089, 0.86356, 62.2678, 899.58
1087, 0.36708, 3.90121e-14, 2.67101e-14, 0, 0.60149, 2.59604, 0, 0, 3.19754, 22.7288, 30.6228, 1.00218, 0.863521, 61.8713, 899.603
1088, 0.379491, 3.75134e-14, 2.81314e-14, 0, 0.620932, 2.66739, 0, 0, 3.28832, 23.4643, 31.416, 0.968925, 0.86348, 61.7766, 900.772
1089, 0.371648, 4.09365e-14, 2.88373e-14, 0, 0.606035, 2.61968, 0, 0, 3.22571, 23.043, 30.9899, 0.989808, 0.863441, 61.9877, 899.049
1090, 0.3618, 4.5076e-14, 2.94883e-14, 0, 0.586364, 2.5537, 0, 0, 3.14006, 22.4575, 30.3622, 1.01666, 0.8634, 62.0742, 896.862
1091, 0.366414, 4.60445e-14, 3.06827e-14, 0, 0.590385, 2.56923, 0, 0, 3.15962, 22.6704, 30.5593, 1.00399, 0.86336, 61.8812, 896.697
1092, 0.358406, 5.08142e-14, 3.13455e-14, 0, 0.569491, 2.48806, 0, 0, 3.05755, 21.9693, 29.6999, 1.02609, 0.86332, 61.3101, 894.158
1093, 0.336907, 5.85105e-14, 3.15803e-14, 0, 0.518597, 2.29753, 0, 0, 2.81612, 20.2124, 27.6853, 1.08795, 0.86328, 60.1396, 888.656
1094, 0.320396, 6.43616e-14, 3.21197e-14, 0, 0.477382, 2.1477, 0, 0, 2.62508, 18.812, 26.1405, 1.1382, 0.86324, 59.0585, 883.924
1095, 0.302951, 7.17442e-14, 3.25103e-14, 0, 0.448964, 2.04733, 0, 0, 2.4963, 17.8654, 25.1512, 1.19418, 0.8632, 59.2866, 880.411
1096, 0.299526, 7.59685e-14, 3.34638e-14, 0, 0.449526, 2.05289, 0, 0, 2.50241, 17.9542, 25.2726, 1.20555, 0.86316, 60.0488, 880.021
1097, 0.299398, 7.97118e-14, 3.45569e-14, 0, 0.450983, 2.05653, 0, 0, 2.50751, 18.0444, 25.3301, 1.20598, 0.86312, 60.3736, 879.607
1098, 0.270958, 9.31203e-14, 3.4254e-14, 0, 0.402941, 1.87146, 0, 0, 2.2744, 16.3069, 23.3544, 1.30579, 0.863083, 60.4213, 873.358
1099, 0.233972, 1.1016e-13, 3.345e-14, 0, 0.343085, 1.643, 0, 0, 1.98608, 14.1308, 20.9297, 1.45255, 0.863059, 60.6525, 865.011
1100, 0.216669, 1.21698e-13, 3.35439e-14, 0, 0.316836, 1.53951, 0, 0, 1.85635, 13.1799, 19.8188, 1.52938, 0.863085, 60.9158, 860.641
1101, 0.211747, 1.29656e-13, 3.42512e-14, 0, 0.309151, 1.50478, 0, 0, 1.81393, 12.906, 19.426, 1.55237, 0.86318, 60.8996, 858.81
1102, 0.19754, 1.41204e-13, 3.44776e-14, 0, 0.285263, 1.40981, 0, 0, 1.69507, 12.0242, 18.4094, 1.62181, 0.863323, 60.7305, 854.48
1103, 0.187125, 1.51005e-13, 3.49972e-14, 0, 0.266354, 1.34083, 0, 0, 1.60719, 11.3678, 17.716, 1.67598, 0.86348, 60.6287, 850.993
1104, 0.18427, 1.59489e-13, 3.58218e-14, 0, 0.260548, 1.31665, 0, 0, 1.5772, 11.1748, 17.4544, 1.69135, 0.86364, 60.5934, 849.429
1105, 0.171744, 1.74265e-13, 3.58638e-14, 0, 0.241514, 1.22785, 0, 0, 1.46936, 10.3971, 16.4067, 1.76175, 0.8638, 60.5175, 845.009
1106, 0.15851, 1.89562e-13, 3.59054e-14, 0, 0.221662, 1.13414, 0, 0, 1.3558, 9.57583, 15.2986, 1.84194, 0.86396, 60.4065, 840.106
1107, 0.157847, 1.98385e-13, 3.68924e-14, 0, 0.21976, 1.12354, 0, 0, 1.3433, 9.51684, 15.1762, 1.84613, 0.86412, 60.2898, 839.09
1108, 0.147655, 2.13688e-13, 3.7005e-14, 0, 0.203028, 1.05567, 0, 0, 1.25869, 8.88674, 14.433, 1.91288, 0.86428, 60.1725, 835.069
1109, 0.137342, 2.28215e-13, 3.72699e-14, 0, 0.185475, 0.989282, 0, 0, 1.17476, 8.2481, 13.7601, 1.98528, 0.86444, 60.0526, 830.87
1110, 0.132428, 2.42599e-13, 3.76382e-14, 0, 0.176773, 0.954745, 0, 0, 1.13152, 7.93726, 13.4024, 2.02172, 0.8646, 59.9302, 828.371
1111, 0.119015, 2.66473e-13, 3.68072e-14, 0, 0.157542, 0.861294, 0, 0, 1.01883, 7.11969, 12.2383, 2.1285, 0.864759, 59.8099, 822.349
1112, 0.101111, 2.97269e-13, 3.51582e-14, 0, 0.133031, 0.735974, 0, 0, 0.869006, 6.03845, 10.5943, 2.29154, 0.86492, 59.6961, 813.623
1113, 0.0739319, 3.4204e-13, 3.16898e-14, 0, 0.0968063, 0.546506, 0, 0, 0.643313, 4.40857, 8.05657, 2.60461, 0.865081, 59.5832, 798.027
1114, 0.0524673, 3.80586e-13, 2.91644e-14, 0, 0.0684089, 0.397692, 0, 0, 0.466101, 3.12217, 6.07854, 2.94757, 0.86524, 59.4675, 781.972
1115, 0.0360296, 4.20991e-13, 2.63803e-14, 0, 0.047328, 0.281067, 0, 0, 0.328395, 2.14081, 4.46373, 3.32341, 0.8654, 59.3507, 765.253
1116, 0.0184717, 4.7438e-13, 2.17225e-14, 0, 0.0249388, 0.1525, 0, 0, 0.177439, 1.09595, 2.58795, 3.99152, 0.86556, 59.2342, 737.828
1117, 0.0110508, 5.08909e-13, 1.98924e-14, 0, 0.0152943, 0.0970876, 0, 0, 0.112382, 0.653598, 1.7624, 4.50525, 0.86572, 59.1174, 718.569
1118, 0.00975673, 5.27087e-13, 2.06762e-14, 0, 0.0136513, 0.087398, 0, 0, 0.101049, 0.575945, 1.62373, 4.6298, 0.86588, 58.9995, 713.871
1119, 0.0061314, 5.56569e-13, 1.99407e-14, 0, 0.00912283, 0.0579002, 0, 0, 0.0670231, 0.361604, 1.13616, 5.09433, 0.86604, 58.8809, 697.52
1120, 0.00310791, 5.83529e-13, 1.96977e-14, 0, 0.00537499, 0.0334104, 0, 0, 0.0387854, 0.182864, 0.733199, 5.77381, 0.866201, 58.7656, 676.972
1121, 0.002233, 6.08721e-13, 1.96227e-14, 0, 0.00424425, 0.0260389, 0, 0, 0.0302831, 0.131057, 0.606834, 6.10441, 0.86636, 58.653, 667.817
1122, 0.00155275, 6.45146e-13, 1.77251e-14, 0, 0.00309606, 0.0187297, 0, 0, 0.0218258, 0.0909764, 0.449435, 6.46773, 0.866519, 58.5374, 656.192
1123, 0.00135077, 6.69943e-13, 1.79641e-14, 0, 0.00277869, 0.016685, 0, 0, 0.0194637, 0.0788925, 0.409889, 6.60708, 0.866679, 58.3895, 651.935
1124, 0.00166536, 6.84837e-13, 2.00811e-14, 0, 0.00327742, 0.0199453, 0, 0, 0.0232228, 0.0970818, 0.481637, 6.39772, 0.86684, 58.0609, 657.411
1125, 0.00155385, 7.14828e-13, 1.98214e-14, 0, 0.00295509, 0.0181054, 0, 0, 0.0210605, 0.0904765, 0.430386, 6.46702, 0.866999, 57.4648, 653.695
1126, 0.00122071, 7.4593e-13, 1.95453e-14, 0, 0.00237072, 0.0143766, 0, 0, 0.0167473, 0.0709265, 0.346154, 6.70832, 0.86716, 57.1906, 645.698
1127, 0.00106065, 7.68063e-13, 2.10202e-14, 0, 0.00216622, 0.0128699, 0, 0, 0.0150361, 0.0615111, 0.318056, 6.84888, 0.867321, 57.5027, 641.773
1128, 0.00079373, 7.97178e-13, 2.15142e-14, 0, 0.00167859, 0.00964394, 0, 0, 0.0113225, 0.0459103, 0.242482, 7.13877, 0.86748, 57.698, 632.328
1129, 0.00163047, 8.20062e-13, 2.29183e-14, 0, 0.00262112, 0.0161999, 0, 0, 0.018821, 0.0937383, 0.355356, 6.41888, 0.86764, 57.621, 648.242
1130, 0.00560682, 8.08836e-13, 2.95337e-14, 0, 0.00780453, 0.0511549, 0, 0, 0.0589594, 0.322091, 1.03011, 5.18377, 0.867799, 57.5239, 687.772
1131, 0.0105141, 7.81532e-13, 3.88827e-14, 0, 0.0142873, 0.0945136, 0, 0, 0.108801, 0.604005, 1.87483, 4.55504, 0.867959, 57.4386, 710.86
1132, 0.00982932, 8.12308e-13, 3.9714e-14, 0, 0.0135106, 0.0890292, 0, 0, 0.10254, 0.564592, 1.7831, 4.62239, 0.86812, 57.2616, 708.061
1133, 0.00465244, 9.09682e-13, 3.01687e-14, 0, 0.00672732, 0.0436598, 0, 0, 0.0503871, 0.267145, 0.907988, 5.37036, 0.868281, 57.0197, 680.662
1134, 0.00129729, 1.00598e-12, 2.04034e-14, 0, 0.0021132, 0.0132061, 0, 0, 0.0153193, 0.0743708, 0.297713, 6.64748, 0.86844, 56.9411, 639.407
1135, 0.00132412, 1.0396e-12, 2.10611e-14, 0, 0.00210272, 0.013244, 0, 0, 0.0153467, 0.0753094, 0.298278, 6.62701, 0.8686, 56.9751, 639.043
1136, 0.00461858, 1.0034e-12, 3.34703e-14, 0, 0.00651675, 0.0427685, 0, 0, 0.0492852, 0.262219, 0.896868, 5.37767, 0.86876, 56.9032, 678.541
1137, 0.0103642, 9.53816e-13, 4.76738e-14, 0, 0.0137291, 0.0912139, 0, 0, 0.104943, 0.587352, 1.8304, 4.5694, 0.86892, 56.6519, 706.727
1138, 0.0178277, 9.3504e-13, 5.64953e-14, 0, 0.0220561, 0.146486, 0, 0, 0.168542, 1.00662, 2.78194, 4.027, 0.869079, 56.2616, 725.481
1139, 0.0248647, 9.39118e-13, 6.18223e-14, 0, 0.0294561, 0.19532, 0, 0, 0.224776, 1.39994, 3.57257, 3.69431, 0.86924, 55.9852, 737.209
1140, 0.0222762, 9.89414e-13, 6.1277e-14, 0, 0.0265701, 0.176538, 0, 0, 0.203108, 1.25268, 3.2692, 3.80423, 0.8694, 55.8085, 732.417
1141, 0.0146615, 1.05987e-12, 5.85204e-14, 0, 0.0183432, 0.122462, 0, 0, 0.140805, 0.823537, 2.39387, 4.22253, 0.86956, 55.7524, 716.72
1142, 0.0135249, 1.09288e-12, 6.11196e-14, 0, 0.0171188, 0.114945, 0, 0, 0.132063, 0.758971, 2.29281, 4.30322, 0.869721, 55.9491, 713.67
1143, 0.0144678, 1.13864e-12, 6.16721e-14, 0, 0.0178547, 0.120004, 0, 0, 0.137858, 0.812103, 2.34868, 4.23583, 0.86988, 56.0906, 714.962
1144, 0.00947123, 1.25313e-12, 5.25839e-14, 0, 0.0117755, 0.078434, 0, 0, 0.0902096, 0.531764, 1.54192, 4.6595, 0.87004, 56.0677, 697.704
1145, 0.00338015, 1.36788e-12, 4.39547e-14, 0, 0.00465826, 0.029862, 0, 0, 0.0345202, 0.189665, 0.634145, 5.68984, 0.8702, 55.9771, 661.978
1146, 0.00214691, 1.43629e-12, 4.19035e-14, 0, 0.0031047, 0.0195252, 0, 0, 0.0226299, 0.119756, 0.434738, 6.14372, 0.870359, 55.8712, 647.153
1147, 0.00660863, 1.44695e-12, 4.80084e-14, 0, 0.00792225, 0.0528853, 0, 0, 0.0608075, 0.367665, 1.03812, 5.01938, 0.87052, 55.7632, 681.463
1148, 0.0135975, 1.409e-12, 6.17454e-14, 0, 0.0157419, 0.106638, 0, 0, 0.12238, 0.756156, 2.04228, 4.29787, 0.870679, 55.6549, 707.937
1149, 0.0144782, 1.42744e-12, 6.80657e-14, 0, 0.0169987, 0.115668, 0, 0, 0.132667, 0.804533, 2.25727, 4.23511, 0.870831, 55.5438, 710.736
1150, 0.0116187, 1.48812e-12, 6.87545e-14, 0, 0.0140817, 0.0961849, 0, 0, 0.110267, 0.644272, 1.95035, 4.45514, 0.87096, 55.4278, 702.912
1151, 0.0124289, 1.51839e-12, 7.39671e-14, 0, 0.0148991, 0.101856, 0, 0, 0.116755, 0.687348, 2.06389, 4.38773, 0.871057, 55.3156, 704.738
1152, 0.0152222, 1.55092e-12, 7.86722e-14, 0, 0.01757, 0.119778, 0, 0, 0.137348, 0.840255, 2.35202, 4.185, 0.871132, 55.2151, 710.81
1153, 0.0177441, 1.59387e-12, 8.22034e-14, 0, 0.0198574, 0.13481, 0, 0, 0.154668, 0.977744, 2.57171, 4.0317, 0.871201, 55.1131, 715.204
1154, 0.0208898, 1.62527e-12, 8.78475e-14, 0, 0.0227978, 0.153887, 0, 0, 0.176685, 1.14866, 2.86801, 3.86849, 0.871267, 55.0041, 720.257
1155, 0.0283679, 1.61092e-12, 9.98906e-14, 0, 0.0302448, 0.201908, 0, 0, 0.232153, 1.55633, 3.66359, 3.5625, 0.871333, 54.8971, 731.352
1156, 0.0411149, 1.56593e-12, 1.16124e-13, 0, 0.0429404, 0.281149, 0, 0, 0.32409, 2.25119, 4.92685, 3.19139, 0.8714, 54.7929, 745.512
1157, 0.0557064, 1.53349e-12, 1.30617e-13, 0, 0.0571117, 0.368071, 0, 0, 0.425182, 3.04468, 6.25648, 2.88766, 0.871466, 54.6892, 757.38
1158, 0.0667443, 1.53095e-12, 1.41317e-13, 0, 0.0674478, 0.432158, 0, 0, 0.499605, 3.64111, 7.2349, 2.70689, 0.871533, 54.581, 764.437
1159, 0.0728789, 1.55447e-12, 1.49207e-13, 0, 0.0730619, 0.465596, 0, 0, 0.538659, 3.96848, 7.73915, 2.61896, 0.8716, 54.4727, 767.536
1160, 0.080245, 1.57768e-12, 1.57621e-13, 0, 0.0804193, 0.501928, 0, 0, 0.582347, 4.3607, 8.21787, 2.52267, 0.871667, 54.3616, 770.796
1161, 0.102304, 1.52363e-12, 1.76417e-13, 0, 0.103059, 0.617385, 0, 0, 0.720444, 5.54442, 9.77603, 2.27981, 0.871733, 54.2053, 780.665
1162, 0.13935, 1.39648e-12, 2.04952e-13, 0, 0.141617, 0.811045, 0, 0, 0.952663, 7.53068, 12.3723, 1.97076, 0.8718, 53.9918, 794.187
1163, 0.173169, 1.28864e-12, 2.3113e-13, 0, 0.176459, 0.986001, 0, 0, 1.16246, 9.33908, 14.7075, 1.75348, 0.871866, 53.8309, 803.99
1164, 0.176205, 1.31332e-12, 2.40618e-13, 0, 0.17794, 1.00055, 0, 0, 1.17849, 9.48014, 14.9578, 1.73611, 0.871934, 53.7481, 804.239
1165, 0.157037, 1.44349e-12, 2.3696e-13, 0, 0.15603, 0.894287, 0, 0, 1.05032, 8.39321, 13.5751, 1.85127, 0.872, 53.5468, 797.795
1166, 0.14989, 1.51922e-12, 2.40522e-13, 0, 0.146612, 0.84867, 0, 0, 0.995282, 7.93961, 12.988, 1.89785, 0.872066, 53.2487, 794.569
1167, 0.168311, 1.47459e-12, 2.60059e-13, 0, 0.164889, 0.939635, 0, 0, 1.10452, 8.91174, 14.2118, 1.78194, 0.872134, 53.1326, 799.47
1168, 0.198013, 1.39105e-12, 2.85246e-13, 0, 0.196799, 1.08794, 0, 0, 1.28474, 10.5333, 16.124, 1.61942, 0.8722, 53.1699, 806.918
1169, 0.22529, 1.31824e-12, 3.09243e-13, 0, 0.22633, 1.22101, 0, 0, 1.44734, 12.0081, 17.8211, 1.49037, 0.872267, 53.1611, 812.801
1170, 0.240304, 1.28795e-12, 3.27837e-13, 0, 0.241606, 1.2934, 0, 0, 1.53501, 12.8047, 18.7811, 1.42585, 0.872333, 53.1653, 815.503
1171, 0.247941, 1.29037e-12, 3.4254e-13, 0, 0.247875, 1.3292, 0, 0, 1.57708, 13.199, 19.2949, 1.39456, 0.8724, 53.1938, 816.502
1172, 0.246262, 1.35334e-12, 3.50165e-13, 0, 0.244481, 1.31639, 0, 0, 1.56087, 13.0901, 19.1472, 1.40136, 0.872468, 53.1453, 815.477
1173, 0.222403, 1.552e-12, 3.41475e-13, 0, 0.218912, 1.18786, 0, 0, 1.40677, 11.7818, 17.4114, 1.50326, 0.872533, 52.9971, 809.422
1174, 0.21183, 1.68772e-12, 3.41445e-13, 0, 0.206712, 1.1147, 0, 0, 1.32142, 11.1061, 16.3484, 1.55197, 0.8726, 52.6198, 805.631
1175, 0.248547, 1.54017e-12, 3.77597e-13, 0, 0.242108, 1.2718, 0, 0, 1.5139, 12.8833, 18.3669, 1.39212, 0.872667, 52.0246, 812.436
1176, 0.289683, 1.36618e-12, 4.17465e-13, 0, 0.28416, 1.4644, 0, 0, 1.74856, 15.0216, 20.8867, 1.23897, 0.872734, 51.7613, 819.815
1177, 0.280108, 1.48553e-12, 4.2048e-13, 0, 0.274996, 1.42277, 0, 0, 1.69777, 14.5964, 20.3524, 1.27258, 0.8728, 51.8875, 817.736
1178, 0.25807, 1.64906e-12, 4.17993e-13, 0, 0.250816, 1.32082, 0, 0, 1.57164, 13.4773, 19.0932, 1.35452, 0.872867, 52.0426, 813.074
1179, 0.265198, 1.61917e-12, 4.40486e-13, 0, 0.255916, 1.35965, 0, 0, 1.61556, 13.8673, 19.7343, 1.32728, 0.872933, 52.2055, 814.108
1180, 0.262755, 1.66174e-12, 4.5485e-13, 0, 0.251932, 1.34979, 0, 0, 1.60172, 13.7377, 19.7095, 1.33653, 0.873, 52.2298, 813.181
1181, 0.229962, 1.93362e-12, 4.41034e-13, 0, 0.217431, 1.18759, 0, 0, 1.40503, 11.9748, 17.6053, 1.46984, 0.873067, 52.0808, 805.68
1182, 0.20631, 2.15569e-12, 4.33963e-13, 0, 0.190466, 1.05754, 0, 0, 1.24801, 10.5889, 15.8804, 1.57838, 0.873133, 51.6653, 798.96
1183, 0.225659, 2.06264e-12, 4.67196e-13, 0, 0.205539, 1.13177, 0, 0, 1.3373, 11.4267, 16.8891, 1.48873, 0.8732, 51.1239, 802.146
1184, 0.236863, 2.03679e-12, 4.92723e-13, 0, 0.216232, 1.18564, 0, 0, 1.40187, 12.0324, 17.6413, 1.44027, 0.873267, 51.0386, 804.194
1185, 0.245274, 2.04231e-12, 5.14946e-13, 0, 0.225941, 1.23229, 0, 0, 1.45823, 12.5821, 18.2848, 1.40538, 0.873333, 51.3363, 805.842
1186, 0.262533, 1.98056e-12, 5.46056e-13, 0, 0.242747, 1.31566, 0, 0, 1.55841, 13.5255, 19.428, 1.33738, 0.8734, 51.5311, 808.957
1187, 0.238526, 2.23284e-12, 5.38522e-13, 0, 0.218444, 1.20385, 0, 0, 1.4223, 12.2852, 17.9835, 1.43328, 0.873467, 51.5152, 803.603
1188, 0.210894, 2.52385e-12, 5.27012e-13, 0, 0.190499, 1.06901, 0, 0, 1.25952, 10.8204, 16.1987, 1.5564, 0.873533, 51.3673, 796.729
1189, 0.238876, 2.36974e-12, 5.71696e-13, 0, 0.215429, 1.18616, 0, 0, 1.40159, 12.179, 17.7624, 1.43181, 0.8736, 51.1404, 801.919
1190, 0.276248, 2.12438e-12, 6.28703e-13, 0, 0.250079, 1.35117, 0, 0, 1.60125, 14.0593, 19.9848, 1.28646, 0.873666, 51.0272, 808.607
1191, 0.292, 2.05158e-12, 6.65134e-13, 0, 0.265936, 1.42304, 0, 0, 1.68897, 14.9064, 20.9646, 1.231, 0.873733, 51.1105, 811.049
1192, 0.309581, 1.98378e-12, 7.0127e-13, 0, 0.283667, 1.4996, 0, 0, 1.78326, 15.8319, 21.9761, 1.17254, 0.8738, 51.1556, 813.565
1193, 0.317896, 2.00593e-12, 7.26888e-13, 0, 0.290851, 1.52979, 0, 0, 1.82064, 16.2325, 22.3715, 1.14603, 0.873866, 51.0715, 814.252
1194, 0.311711, 2.1367e-12, 7.40232e-13, 0, 0.282343, 1.49196, 0, 0, 1.7743, 15.8436, 21.8914, 1.16568, 0.873934, 50.8711, 812.386
1195, 0.298315, 2.30907e-12, 7.49284e-13, 0, 0.266323, 1.42275, 0, 0, 1.68907, 15.0726, 21.0246, 1.20961, 0.874, 50.6331, 809.248
1196, 0.295646, 2.38896e-12, 7.69899e-13, 0, 0.262279, 1.40803, 0, 0, 1.67031, 14.923, 20.8781, 1.21859, 0.874067, 50.5588, 808.193
1197, 0.302608, 2.42673e-12, 7.96371e-13, 0, 0.268645, 1.436, 0, 0, 1.70464, 15.2897, 21.2498, 1.19532, 0.874134, 50.4364, 808.85
1198, 0.288023, 2.69979e-12, 7.95435e-13, 0, 0.253088, 1.35778, 0, 0, 1.61087, 14.4559, 20.1755, 1.24472, 0.8742, 49.8901, 805.335
1199, 0.269847, 2.97615e-12, 7.9515e-13, 0, 0.232259, 1.25957, 0, 0, 1.49183, 13.3717, 18.8714, 1.3099, 0.874267, 49.3799, 800.765
1200, 0.275533, 2.97001e-12, 8.29781e-13, 0, 0.235632, 1.28402, 0, 0, 1.51965, 13.6506, 19.277, 1.28905, 0.874334, 49.6008, 801.308
1201, 0.283762, 2.95672e-12, 8.65875e-13, 0, 0.243938, 1.32955, 0, 0, 1.57349, 14.1749, 19.9544, 1.25962, 0.8744, 50.0244, 802.732
1202, 0.286376, 3.04504e-12, 8.90448e-13, 0, 0.246008, 1.33577, 0, 0, 1.58178, 14.2888, 20.0262, 1.25045, 0.874467, 49.9412, 802.571
1203, 0.273163, 3.30085e-12, 8.94979e-13, 0, 0.232229, 1.26401, 0, 0, 1.49624, 13.494, 19.0082, 1.29769, 0.874533, 49.5072, 799.148
1204, 0.271308, 3.39648e-12, 9.19716e-13, 0, 0.230623, 1.25192, 0, 0, 1.48254, 13.3755, 18.8173, 1.3045, 0.8746, 49.4254, 798.215
1205, 0.309787, 3.01048e-12, 1.00539e-12, 0, 0.266928, 1.42303, 0, 0, 1.68996, 15.3921, 21.1652, 1.17187, 0.874667, 49.711, 804.815
1206, 0.337767, 2.75612e-12, 1.07724e-12, 0, 0.291932, 1.5434, 0, 0, 1.83533, 16.8241, 22.8507, 1.0854, 0.874734, 49.8145, 808.873
1207, 0.330712, 2.94169e-12, 1.09653e-12, 0, 0.283025, 1.50428, 0, 0, 1.78731, 16.4016, 22.3637, 1.10651, 0.8748, 49.6257, 806.979
1208, 0.323994, 3.1565e-12, 1.11293e-12, 0, 0.272986, 1.45643, 0, 0, 1.72942, 15.9068, 21.7279, 1.12703, 0.874867, 49.2163, 804.743
1209, 0.333414, 3.16761e-12, 1.15484e-12, 0, 0.278414, 1.47931, 0, 0, 1.75772, 16.2464, 22.0435, 1.09837, 0.874934, 48.9041, 805.186
1210, 0.34464, 3.1396e-12, 1.20339e-12, 0, 0.287454, 1.51673, 0, 0, 1.80419, 16.75, 22.5553, 1.06525, 0.875, 48.7972, 806.169
1211, 0.329371, 3.4226e-12, 1.21607e-12, 0, 0.2732, 1.45364, 0, 0, 1.72684, 16.0157, 21.7707, 1.11057, 0.875067, 48.8386, 803.341
1212, 0.308897, 3.73163e-12, 1.22632e-12, 0, 0.254896, 1.37992, 0, 0, 1.63481, 15.1193, 20.8995, 1.17475, 0.875133, 49.0711, 799.94
1213, 0.31356, 3.74827e-12, 1.27321e-12, 0, 0.259247, 1.40281, 0, 0, 1.66206, 15.4162, 21.2704, 1.15976, 0.875199, 49.1913, 800.394
1214, 0.313692, 3.8882e-12, 1.30673e-12, 0, 0.258763, 1.39883, 0, 0, 1.65759, 15.417, 21.2359, 1.15934, 0.875266, 49.1485, 799.812
1215, 0.323519, 3.86542e-12, 1.36013e-12, 0, 0.266351, 1.43237, 0, 0, 1.69872, 15.8703, 21.701, 1.1285, 0.875333, 49.0627, 800.701
1216, 0.353104, 3.51932e-12, 1.45303e-12, 0, 0.291874, 1.54618, 0, 0, 1.83806, 17.2896, 23.2402, 1.04099, 0.8754, 48.9729, 804.555
1217, 0.377614, 3.23955e-12, 1.53904e-12, 0, 0.313372, 1.63893, 0, 0, 1.9523, 18.4569, 24.4764, 0.973883, 0.875467, 48.8831, 807.43
1218, 0.389239, 3.11952e-12, 1.60653e-12, 0, 0.323437, 1.68098, 0, 0, 2.00441, 18.9917, 25.0207, 0.943562, 0.875534, 48.7928, 808.448
1219, 0.386957, 3.19e-12, 1.65304e-12, 0, 0.320068, 1.6684, 0, 0, 1.98846, 18.8461, 24.8734, 0.949441, 0.8756, 48.7027, 807.57
1220, 0.387611, 3.29603e-12, 1.69842e-12, 0, 0.318653, 1.66422, 0, 0, 1.98288, 18.8428, 24.8579, 0.947753, 0.875667, 48.6137, 806.979
1221, 0.389327, 3.4413e-12, 1.74097e-12, 0, 0.318697, 1.66281, 0, 0, 1.98151, 18.8923, 24.8604, 0.943335, 0.875733, 48.5253, 806.506
1222, 0.387451, 3.60433e-12, 1.782e-12, 0, 0.315579, 1.64879, 0, 0, 1.96437, 18.7669, 24.6934, 0.948165, 0.8758, 48.4368, 805.593
1223, 0.388743, 3.66939e-12, 1.83638e-12, 0, 0.314821, 1.64819, 0, 0, 1.96301, 18.7947, 24.7292, 0.944836, 0.875866, 48.3482, 805.122
1224, 0.395085, 3.64492e-12, 1.90359e-12, 0, 0.318478, 1.66669, 0, 0, 1.98517, 19.0644, 25.0322, 0.928654, 0.875934, 48.2568, 805.308
1225, 0.40631, 3.55674e-12, 1.97963e-12, 0, 0.32638, 1.70219, 0, 0, 2.02857, 19.5543, 25.5488, 0.900638, 0.876, 48.1299, 806.07
1226, 0.408816, 3.63221e-12, 2.03735e-12, 0, 0.32552, 1.69934, 0, 0, 2.02486, 19.5629, 25.5401, 0.894491, 0.876066, 47.8556, 805.537
1227, 0.406992, 3.76259e-12, 2.09014e-12, 0, 0.320029, 1.67689, 0, 0, 1.99692, 19.3217, 25.2729, 0.898962, 0.876133, 47.4863, 804.338
1228, 0.420943, 3.60039e-12, 2.17983e-12, 0, 0.330898, 1.72464, 0, 0, 2.05554, 19.97, 25.9443, 0.865257, 0.8762, 47.4396, 805.507
1229, 0.437623, 3.41089e-12, 2.27491e-12, 0, 0.346199, 1.79032, 0, 0, 2.13652, 20.8517, 26.8502, 0.826398, 0.876266, 47.6419, 807.222
1230, 0.449948, 3.27619e-12, 2.3646e-12, 0, 0.356569, 1.83445, 0, 0, 2.19102, 21.4613, 27.4658, 0.798624, 0.876333, 47.6986, 808.196
1231, 0.460922, 3.14079e-12, 2.45594e-12, 0, 0.364649, 1.86932, 0, 0, 2.23397, 21.9492, 27.9607, 0.774526, 0.876399, 47.6228, 808.851
1232, 0.460315, 3.23951e-12, 2.52195e-12, 0, 0.362225, 1.86079, 0, 0, 2.22301, 21.8764, 27.8883, 0.775844, 0.876466, 47.5262, 808.147
1233, 0.457893, 3.37863e-12, 2.58511e-12, 0, 0.358266, 1.84589, 0, 0, 2.20416, 21.7254, 27.7274, 0.78112, 0.876533, 47.4493, 807.242
1234, 0.469595, 3.22512e-12, 2.68455e-12, 0, 0.366904, 1.88246, 0, 0, 2.24936, 22.2479, 28.2308, 0.755884, 0.876599, 47.3802, 807.95
1235, 0.4818, 3.0579e-12, 2.78788e-12, 0, 0.376019, 1.92045, 0, 0, 2.29647, 22.7892, 28.7553, 0.730225, 0.876667, 47.3015, 808.684
1236, 0.483764, 3.11288e-12, 2.86748e-12, 0, 0.376162, 1.92066, 0, 0, 2.29683, 22.8411, 28.7883, 0.726158, 0.876733, 47.2154, 808.265
1237, 0.484218, 3.19169e-12, 2.94589e-12, 0, 0.374851, 1.91487, 0, 0, 2.28972, 22.815, 28.741, 0.725221, 0.8768, 47.1183, 807.665
1238, 0.489622, 3.15083e-12, 3.04029e-12, 0, 0.377525, 1.92513, 0, 0, 2.30265, 23.0005, 28.8966, 0.714121, 0.876867, 46.979, 807.555
1239, 0.493962, 3.13931e-12, 3.13395e-12, 0, 0.378688, 1.92831, 0, 0, 2.307, 23.0971, 28.953, 0.705297, 0.876933, 46.7623, 807.235
1240, 0.491871, 3.2731e-12, 3.21269e-12, 0, 0.374445, 1.91147, 0, 0, 2.28591, 22.9187, 28.7624, 0.709538, 0.877, 46.5996, 806.296
1241, 0.488491, 3.4261e-12, 3.29097e-12, 0, 0.370395, 1.89828, 0, 0, 2.26867, 22.773, 28.6402, 0.716434, 0.877067, 46.6234, 805.448
1242, 0.490562, 3.45575e-12, 3.38638e-12, 0, 0.37131, 1.90353, 0, 0, 2.27484, 22.8795, 28.7472, 0.712203, 0.877133, 46.6413, 805.177
1243, 0.492916, 3.48714e-12, 3.48437e-12, 0, 0.371791, 1.90524, 0, 0, 2.27703, 22.9468, 28.7951, 0.707416, 0.877201, 46.5537, 804.808
1244, 0.491558, 3.60473e-12, 3.57416e-12, 0, 0.368942, 1.89454, 0, 0, 2.26348, 22.8422, 28.6877, 0.710175, 0.877266, 46.4691, 804.052
1245, 0.489841, 3.72576e-12, 3.66525e-12, 0, 0.366047, 1.88431, 0, 0, 2.25035, 22.7389, 28.5898, 0.713675, 0.877333, 46.4212, 803.306
1246, 0.488789, 3.82987e-12, 3.76073e-12, 0, 0.36365, 1.87572, 0, 0, 2.23937, 22.6577, 28.5095, 0.715824, 0.8774, 46.3546, 802.612
1247, 0.486183, 3.97523e-12, 3.85444e-12, 0, 0.359807, 1.86142, 0, 0, 2.22123, 22.4971, 28.3543, 0.72117, 0.877467, 46.2723, 801.739
1248, 0.481918, 4.16181e-12, 3.94637e-12, 0, 0.354607, 1.84197, 0, 0, 2.19658, 22.2629, 28.1329, 0.729982, 0.877533, 46.1958, 800.698
1249, 0.478444, 4.32412e-12, 4.04402e-12, 0, 0.350203, 1.82526, 0, 0, 2.17546, 22.0656, 27.942, 0.737217, 0.8776, 46.119, 799.743
1250, 0.475702, 4.46753e-12, 4.14688e-12, 0, 0.346497, 1.81064, 0, 0, 2.15714, 21.8979, 27.7719, 0.742963, 0.877667, 46.0319, 798.856
1251, 0.471421, 4.65721e-12, 4.24752e-12, 0, 0.341301, 1.78989, 0, 0, 2.13119, 21.6455, 27.5179, 0.752004, 0.877734, 45.9135, 797.769
1252, 0.465862, 4.88826e-12, 4.34603e-12, 0, 0.334809, 1.76389, 0, 0, 2.0987, 21.3205, 27.1928, 0.763867, 0.8778, 45.7638, 796.504
1253, 0.460126, 5.13367e-12, 4.44554e-12, 0, 0.328658, 1.73958, 0, 0, 2.06823, 21.0135, 26.8927, 0.776255, 0.877866, 45.6683, 795.282
1254, 0.453239, 5.42134e-12, 4.54352e-12, 0, 0.321953, 1.71349, 0, 0, 2.03544, 20.6757, 26.5724, 0.791335, 0.877933, 45.6173, 793.988
1255, 0.44554, 5.73192e-12, 4.64198e-12, 0, 0.314278, 1.68293, 0, 0, 1.99721, 20.2755, 26.1859, 0.808469, 0.877999, 45.5087, 792.534
1256, 0.43823, 6.02312e-12, 4.74546e-12, 0, 0.306908, 1.6529, 0, 0, 1.95981, 19.88, 25.7982, 0.825011, 0.878066, 45.3677, 791.087
1257, 0.42977, 6.342e-12, 4.84863e-12, 0, 0.299077, 1.62096, 0, 0, 1.92003, 19.4481, 25.3829, 0.844505, 0.878134, 45.2574, 789.557
1258, 0.417022, 6.78282e-12, 4.94067e-12, 0, 0.288536, 1.57776, 0, 0, 1.8663, 18.8489, 24.814, 0.874615, 0.8782, 45.2037, 787.603
1259, 0.399731, 7.37005e-12, 5.01971e-12, 0, 0.27502, 1.5201, 0, 0, 1.79512, 18.0537, 24.0312, 0.916965, 0.878267, 45.1625, 785.09
1260, 0.379751, 8.10117e-12, 5.08762e-12, 0, 0.259547, 1.45052, 0, 0, 1.71006, 17.1173, 23.0554, 0.968239, 0.878333, 45.0628, 782.072
1261, 0.358358, 8.98435e-12, 5.14439e-12, 0, 0.242997, 1.37366, 0, 0, 1.61666, 16.0996, 21.9584, 1.02622, 0.8784, 44.9227, 778.668
1262, 0.336582, 9.99067e-12, 5.19323e-12, 0, 0.226699, 1.29773, 0, 0, 1.52443, 15.0945, 20.8756, 1.08891, 0.878467, 44.8621, 775.153
1263, 0.317265, 1.09457e-11, 5.2522e-12, 0, 0.212855, 1.23295, 0, 0, 1.44581, 14.2374, 19.952, 1.14802, 0.878533, 44.8882, 771.968
1264, 0.305142, 1.16126e-11, 5.34621e-12, 0, 0.20418, 1.19103, 0, 0, 1.39521, 13.6936, 19.3453, 1.18698, 0.8786, 44.8785, 769.705
1265, 0.300874, 1.19931e-11, 5.47569e-12, 0, 0.200663, 1.17349, 0, 0, 1.37416, 13.4828, 19.0961, 1.20106, 0.878667, 44.8121, 768.512
1266, 0.298954, 1.23493e-11, 5.61322e-12, 0, 0.19834, 1.16274, 0, 0, 1.36108, 13.3661, 18.9625, 1.20746, 0.878734, 44.7117, 767.614
1267, 0.286616, 1.33309e-11, 5.69209e-12, 0, 0.188859, 1.11288, 0, 0, 1.30174, 12.7633, 18.2197, 1.24961, 0.8788, 44.5439, 764.909
1268, 0.250784, 1.55667e-11, 5.64663e-12, 0, 0.164418, 0.979269, 0, 0, 1.14369, 11.1082, 16.1437, 1.38316, 0.878866, 44.3563, 757.899
1269, 0.229996, 1.69553e-11, 5.69024e-12, 0, 0.150426, 0.904365, 0, 0, 1.05479, 10.1723, 15.0024, 1.46969, 0.878933, 44.3155, 753.428
1270, 0.266542, 1.54455e-11, 6.03856e-12, 0, 0.173415, 1.03134, 0, 0, 1.20476, 11.8119, 17.0408, 1.32222, 0.879, 44.3502, 759.745
1271, 0.31696, 1.35209e-11, 6.44187e-12, 0, 0.20495, 1.19849, 0, 0, 1.40344, 14.043, 19.6698, 1.14898, 0.879067, 44.3178, 767.204
1272, 0.346002, 1.27664e-11, 6.73234e-12, 0, 0.222724, 1.28664, 0, 0, 1.50936, 15.3057, 21.0285, 1.06131, 0.879133, 44.2415, 770.606
1273, 0.363406, 1.25193e-11, 6.97487e-12, 0, 0.233153, 1.33418, 0, 0, 1.56733, 16.0451, 21.7466, 1.01223, 0.8792, 44.1564, 772.19
1274, 0.379261, 1.2287e-11, 7.22056e-12, 0, 0.242744, 1.37619, 0, 0, 1.61893, 16.7114, 22.3755, 0.969529, 0.879267, 44.0676, 773.504
1275, 0.395144, 1.20214e-11, 7.47481e-12, 0, 0.252356, 1.41802, 0, 0, 1.67037, 17.3745, 23.0031, 0.928506, 0.879333, 43.9743, 774.765
1276, 0.406552, 1.20537e-11, 7.70319e-12, 0, 0.258648, 1.44521, 0, 0, 1.70386, 17.8361, 23.4304, 0.900043, 0.8794, 43.8745, 775.423
1277, 0.415753, 1.22269e-11, 7.92235e-12, 0, 0.26314, 1.4647, 0, 0, 1.72783, 18.1919, 23.756, 0.877665, 0.879467, 43.7601, 775.77
1278, 0.425551, 1.22878e-11, 8.15779e-12, 0, 0.267691, 1.48571, 0, 0, 1.7534, 18.5583, 24.1113, 0.85437, 0.879533, 43.6125, 776.158
1279, 0.427986, 1.28291e-11, 8.34805e-12, 0, 0.266235, 1.48102, 0, 0, 1.74725, 18.5592, 24.1091, 0.848665, 0.879601, 43.3691, 775.572
1280, 0.432045, 1.32501e-11, 8.55858e-12, 0, 0.263755, 1.4683, 0, 0, 1.73206, 18.4705, 23.957, 0.839226, 0.879666, 42.7954, 774.708
1281, 0.449186, 1.27109e-11, 8.87853e-12, 0, 0.266284, 1.47078, 0, 0, 1.73706, 18.6383, 23.9435, 0.800317, 0.879734, 41.5857, 774.466
1282, 0.467405, 1.20152e-11, 9.22016e-12, 0, 0.270584, 1.48222, 0, 0, 1.7528, 18.922, 24.0646, 0.760559, 0.8798, 40.5337, 774.552
1283, 0.474161, 1.20994e-11, 9.48344e-12, 0, 0.277325, 1.51651, 0, 0, 1.79384, 19.4439, 24.6361, 0.746208, 0.879866, 41.0187, 775.395
1284, 0.474638, 1.26469e-11, 9.70317e-12, 0, 0.284482, 1.55695, 0, 0, 1.84143, 20.0202, 25.345, 0.745202, 0.879933, 42.1834, 776.406
1285, 0.479194, 1.28879e-11, 9.96114e-12, 0, 0.290746, 1.58838, 0, 0, 1.87913, 20.5031, 25.8756, 0.73565, 0.88, 42.7849, 777.103
1286, 0.479838, 1.34899e-11, 1.01874e-11, 0, 0.291191, 1.59188, 0, 0, 1.88307, 20.6038, 25.9797, 0.734307, 0.880067, 42.9382, 776.821
1287, 0.462487, 1.56799e-11, 1.02547e-11, 0, 0.278491, 1.5363, 0, 0, 1.81479, 19.8625, 25.2312, 0.771137, 0.880133, 42.9457, 774.441
1288, 0.436893, 1.86475e-11, 1.02481e-11, 0, 0.260109, 1.45436, 0, 0, 1.71447, 18.7462, 24.0949, 0.828066, 0.8802, 42.9071, 771.01
1289, 0.431428, 1.96816e-11, 1.04484e-11, 0, 0.255148, 1.43281, 0, 0, 1.68795, 18.4865, 23.8218, 0.840656, 0.880267, 42.8535, 769.789
1290, 0.44872, 1.86108e-11, 1.08741e-11, 0, 0.265478, 1.47928, 0, 0, 1.74476, 19.1986, 24.5196, 0.801356, 0.880334, 42.7905, 771.159
1291, 0.447897, 1.94405e-11, 1.11092e-11, 0, 0.263785, 1.47207, 0, 0, 1.73585, 19.1377, 24.4465, 0.803191, 0.8804, 42.7283, 770.496
1292, 0.429794, 2.197e-11, 1.11772e-11, 0, 0.250445, 1.41384, 0, 0, 1.66429, 18.3424, 23.6561, 0.844448, 0.880466, 42.6764, 767.87
1293, 0.431855, 2.24081e-11, 1.14712e-11, 0, 0.250472, 1.41503, 0, 0, 1.6655, 18.4058, 23.7166, 0.839666, 0.880534, 42.6213, 767.519
1294, 0.431669, 2.32439e-11, 1.17288e-11, 0, 0.249155, 1.40955, 0, 0, 1.65871, 18.37, 23.6646, 0.840095, 0.8806, 42.5525, 766.914
1295, 0.402009, 2.75796e-11, 1.16298e-11, 0, 0.228818, 1.31673, 0, 0, 1.54555, 17.0785, 22.3306, 0.911281, 0.880667, 42.4759, 762.808
1296, 0.368371, 3.27006e-11, 1.14583e-11, 0, 0.206437, 1.21138, 0, 0, 1.41782, 15.6226, 20.7885, 0.998664, 0.880734, 42.4048, 757.931
1297, 0.361703, 3.46399e-11, 1.16228e-11, 0, 0.201459, 1.18575, 0, 0, 1.38721, 15.314, 20.4042, 1.01693, 0.8808, 42.3375, 756.419
1298, 0.385621, 3.25247e-11, 1.22129e-11, 0, 0.215491, 1.25155, 0, 0, 1.46704, 16.2992, 21.3919, 0.952901, 0.880869, 42.2694, 758.931
1299, 0.395594, 3.25429e-11, 1.25878e-11, 0, 0.220657, 1.27681, 0, 0, 1.49746, 16.6952, 21.7927, 0.927366, 0.880947, 42.1995, 759.615
1300, 0.36874, 3.75948e-11, 1.24527e-11, 0, 0.202866, 1.19359, 0, 0, 1.39646, 15.5358, 20.5775, 0.997664, 0.881057, 42.1273, 755.611
1301, 0.356657, 4.01917e-11, 1.25904e-11, 0, 0.19412, 1.15396, 0, 0, 1.34808, 14.9989, 20.0185, 1.03098, 0.881213, 42.0566, 753.414
1302, 0.362664, 4.07294e-11, 1.29502e-11, 0, 0.196976, 1.16648, 0, 0, 1.36345, 15.2275, 20.2074, 1.01428, 0.881402, 41.9871, 753.615
1303, 0.338584, 4.67992e-11, 1.27345e-11, 0, 0.182621, 1.08877, 0, 0, 1.27139, 14.1951, 18.9658, 1.08298, 0.8816, 41.916, 749.659
1304, 0.309129, 5.34641e-11, 1.2471e-11, 0, 0.165177, 0.995512, 0, 0, 1.16069, 12.9356, 17.4905, 1.174, 0.881801, 41.8424, 744.672
1305, 0.313466, 5.34659e-11, 1.2925e-11, 0, 0.166735, 1.00559, 0, 0, 1.17232, 13.0908, 17.6935, 1.16006, 0.882001, 41.7646, 744.795
1306, 0.305676, 5.57631e-11, 1.31442e-11, 0, 0.161186, 0.981844, 0, 0, 1.14303, 12.7445, 17.3987, 1.18523, 0.8822, 41.6884, 743.147
1307, 0.283028, 6.09411e-11, 1.30605e-11, 0, 0.14693, 0.914262, 0, 0, 1.06119, 11.7797, 16.4154, 1.26221, 0.8824, 41.62, 739.066
1308, 0.280263, 6.23001e-11, 1.33897e-11, 0, 0.14376, 0.905891, 0, 0, 1.04965, 11.6454, 16.359, 1.27203, 0.8826, 41.5531, 738.148
1309, 0.261566, 6.76186e-11, 1.33279e-11, 0, 0.132715, 0.84876, 0, 0, 0.981475, 10.8524, 15.4678, 1.34107, 0.882799, 41.4826, 734.463
1310, 0.237241, 7.48212e-11, 1.30824e-11, 0, 0.119114, 0.771682, 0, 0, 0.890796, 9.81666, 14.2096, 1.43868, 0.883, 41.3915, 729.363
1311, 0.252617, 7.36036e-11, 1.37273e-11, 0, 0.126499, 0.808628, 0, 0, 0.935127, 10.3825, 14.7932, 1.37588, 0.8832, 41.1879, 731.351
1312, 0.250008, 7.64378e-11, 1.39544e-11, 0, 0.123283, 0.790689, 0, 0, 0.913972, 10.1482, 14.517, 1.38626, 0.8834, 40.8193, 729.866
1313, 0.196071, 9.06291e-11, 1.30033e-11, 0, 0.093408, 0.629546, 0, 0, 0.722954, 7.87396, 11.9476, 1.62928, 0.8836, 40.6273, 718.284
1314, 0.15577, 1.01569e-10, 1.24221e-11, 0, 0.0727785, 0.517276, 0, 0, 0.590054, 6.29209, 10.154, 1.85937, 0.8838, 40.6658, 708.481
1315, 0.164833, 1.01052e-10, 1.30519e-11, 0, 0.0778874, 0.545834, 0, 0, 0.623722, 6.71003, 10.6276, 1.80282, 0.884, 40.5434, 710.669
1316, 0.210024, 9.25976e-11, 1.44831e-11, 0, 0.100946, 0.675865, 0, 0, 0.77681, 8.5671, 12.754, 1.56053, 0.884199, 40.5331, 720.579
1317, 0.237026, 8.92772e-11, 1.53831e-11, 0, 0.114653, 0.752842, 0, 0, 0.867494, 9.68074, 14.0132, 1.43959, 0.884399, 40.7246, 725.494
1318, 0.210586, 9.98027e-11, 1.48789e-11, 0, 0.1011, 0.674115, 0, 0, 0.775215, 8.60123, 12.7117, 1.55786, 0.8846, 40.8087, 719.749
1319, 0.16431, 1.16171e-10, 1.37749e-11, 0, 0.077286, 0.536732, 0, 0, 0.614018, 6.70266, 10.4177, 1.806, 0.8848, 40.7755, 708.491
1320, 0.14878, 1.23332e-10, 1.36466e-11, 0, 0.0687851, 0.489749, 0, 0, 0.558534, 6.05662, 9.64217, 1.90529, 0.885, 40.7101, 703.798
1321, 0.156745, 1.22249e-10, 1.44294e-11, 0, 0.0720651, 0.513711, 0, 0, 0.585777, 6.36969, 10.1117, 1.85314, 0.8852, 40.6405, 705.607
1322, 0.149423, 1.2745e-10, 1.45792e-11, 0, 0.0683884, 0.491039, 0, 0, 0.559427, 6.06377, 9.75017, 1.90097, 0.8854, 40.571, 703.149
1323, 0.130076, 1.38408e-10, 1.41145e-11, 0, 0.0590353, 0.430419, 0, 0, 0.489455, 5.26898, 8.68989, 2.03963, 0.8856, 40.5015, 696.773
1324, 0.138437, 1.38591e-10, 1.47828e-11, 0, 0.0624223, 0.453576, 0, 0, 0.515998, 5.59545, 9.1289, 1.97734, 0.8858, 40.4317, 698.78
1325, 0.156743, 1.33513e-10, 1.60456e-11, 0, 0.0703684, 0.508849, 0, 0, 0.579217, 6.3258, 10.1691, 1.85314, 0.886, 40.3613, 703.653
1326, 0.146879, 1.39907e-10, 1.6124e-11, 0, 0.0653851, 0.479932, 0, 0, 0.545317, 5.91979, 9.69594, 1.91814, 0.8862, 40.2912, 700.556
1327, 0.114669, 1.57722e-10, 1.49772e-11, 0, 0.0505751, 0.382111, 0, 0, 0.432685, 4.61477, 7.92964, 2.16571, 0.8864, 40.2217, 689.89
1328, 0.0779058, 1.79861e-10, 1.33597e-11, 0, 0.0342488, 0.268804, 0, 0, 0.303053, 3.13043, 5.82478, 2.55225, 0.8866, 40.1534, 674.255
1329, 0.0512002, 1.98366e-10, 1.21655e-11, 0, 0.0225742, 0.185258, 0, 0, 0.207832, 2.0536, 4.24257, 2.97201, 0.886799, 40.0866, 658.446
1330, 0.038423, 2.11844e-10, 1.15057e-11, 0, 0.0169852, 0.143357, 0, 0, 0.160342, 1.53844, 3.40303, 3.2591, 0.887, 40.0195, 647.876
1331, 0.0269072, 2.27972e-10, 1.04966e-11, 0, 0.0120731, 0.103152, 0, 0, 0.115225, 1.07582, 2.52545, 3.61536, 0.8872, 39.9513, 634.967
1332, 0.0211587, 2.38294e-10, 1.01801e-11, 0, 0.00964261, 0.0833448, 0, 0, 0.0929874, 0.843832, 2.10409, 3.8557, 0.887401, 39.883, 626.735
1333, 0.0275368, 2.38118e-10, 1.10917e-11, 0, 0.012214, 0.104508, 0, 0, 0.116722, 1.09556, 2.56594, 3.59223, 0.8876, 39.8149, 634.776
1334, 0.0401306, 2.33817e-10, 1.24603e-11, 0, 0.0172722, 0.145328, 0, 0, 0.162601, 1.59413, 3.42724, 3.21562, 0.887799, 39.7472, 647.058
1335, 0.0485667, 2.31283e-10, 1.3665e-11, 0, 0.0206612, 0.173838, 0, 0, 0.194499, 1.9269, 4.06752, 3.02482, 0.888, 39.6791, 653.745
1336, 0.0457196, 2.38684e-10, 1.37795e-11, 0, 0.0194565, 0.165159, 0, 0, 0.184616, 1.81163, 3.91854, 3.08523, 0.8882, 39.6099, 651.344
1337, 0.0375008, 2.51903e-10, 1.32878e-11, 0, 0.0160676, 0.137396, 0, 0, 0.153463, 1.48361, 3.3279, 3.28339, 0.8884, 39.543, 643.806
1338, 0.0343002, 2.59805e-10, 1.34199e-11, 0, 0.0147173, 0.126962, 0, 0, 0.141679, 1.35429, 3.12731, 3.3726, 0.888601, 39.4814, 640.407
1339, 0.0352841, 2.65417e-10, 1.37574e-11, 0, 0.015012, 0.130631, 0, 0, 0.145643, 1.39101, 3.23216, 3.34432, 0.8888, 39.4192, 641.125
1340, 0.0303489, 2.79509e-10, 1.31177e-11, 0, 0.0129206, 0.113463, 0, 0, 0.126384, 1.19492, 2.84953, 3.495, 0.889, 39.3533, 635.41
1341, 0.0239615, 2.92717e-10, 1.27224e-11, 0, 0.0103238, 0.0918658, 0, 0, 0.102189, 0.941573, 2.38728, 3.73131, 0.8892, 39.2848, 627.188
1342, 0.0219658, 3.00338e-10, 1.30255e-11, 0, 0.00951443, 0.0855226, 0, 0, 0.095037, 0.861457, 2.27967, 3.81827, 0.8894, 39.215, 624.209
1343, 0.017143, 3.17767e-10, 1.19976e-11, 0, 0.00753347, 0.0680356, 0, 0, 0.0755691, 0.671581, 1.85879, 4.06616, 0.889601, 39.1464, 615.661
1344, 0.00905884, 3.44795e-10, 9.70725e-12, 0, 0.00417834, 0.0378352, 0, 0, 0.0420135, 0.354508, 1.08862, 4.70401, 0.8898, 39.0819, 595.248
1345, 0.00399363, 3.64803e-10, 8.4458e-12, 0, 0.00203732, 0.0182925, 0, 0, 0.0203298, 0.156045, 0.573704, 5.52306, 0.89, 39.0197, 571.843
1346, 0.00171129, 3.81103e-10, 7.65375e-12, 0, 0.000992467, 0.00861554, 0, 0, 0.00960801, 0.0667838, 0.29447, 6.37051, 0.8902, 38.9561, 549.51
1347, 0.000513289, 4.01636e-10, 6.03546e-12, 0, 0.000360166, 0.00289741, 0, 0, 0.00325758, 0.0200175, 0.109662, 7.57467, 0.8904, 38.8917, 520.273
1348, 9.65438e-05, 4.21408e-10, 4.44655e-12, 0, 9.61559e-05, 0.000669246, 0, 0, 0.000765403, 0.00376139, 0.0293931, 9.24551, 0.890601, 38.8209, 485.709
1349, 1.57424e-05, 4.34557e-10, 4.01901e-12, 0, 2.91877e-05, 0.000152759, 0, 0, 0.000181947, 0.00061213, 0.00812978, 11.0592, 0.89081, 38.7135, 455.637
1350, 4.268e-06, 4.46971e-10, 3.70711e-12, 0, 1.53914e-05, 6.10295e-05, 0, 0, 7.64214e-05, 0.000165482, 0.00381557, 12.3644, 0.891042, 38.5638, 439.097
1351, 1.41506e-06, 4.6209e-10, 2.91557e-12, 0, 6.16173e-06, 2.26732e-05, 0, 0, 2.88354e-05, 5.48108e-05, 0.00146974, 13.4683, 0.89131, 38.4855, 421.894
1352, 2.46176e-07, 4.76177e-10, 2.3538e-12, 0, 1.20214e-06, 4.02338e-06, 0, 0, 5.226e-06, 9.53401e-06, 0.000262914, 15.2172, 0.891601, 38.5003, 394.919
1353, 1.83132e-08, 4.89631e-10, 1.93274e-12, 0, 1.43973e-07, 3.05185e-07, 0, 0, 4.49649e-07, 7.09218e-07, 2.02969e-05, 17.8156, 0.8919, 38.4883, 361.747
1354, 5.70886e-10, 5.0353e-10, 1.45318e-12, 0, 1.95097e-08, 1.04366e-08, 0, 0, 3.04513e-08, 2.21079e-08, 7.64046e-07, 21.2838, 0.8922, 38.4251, 331.188
1355, 7.64186e-12, 5.16872e-10, 1.14127e-12, 0, 2.66967e-09, 2.30964e-10, 0, 0, 3.41865e-09, 2.95889e-10, 2.37377e-08, 25.5974, 0.892501, 38.315, 309.859
1356, 5.27217e-14, 5.28889e-10, 1.16815e-12, 0, 3.94164e-10, 5.8332e-12, 0, 0, 9.30054e-10, 2.03954e-12, 8.0473e-10, 30.5737, 0.8928, 38.1827, 298.33
1357, 3.46129e-16, 5.41105e-10, 1.20707e-12, 0, 1.46747e-10, 1.14102e-13, 0, 0, 6.89173e-10, 1.33613e-14, 1.72933e-11, 35.5997, 0.893101, 38.1118, 295.649
1358, 2.29115e-18, 5.54351e-10, 1.08017e-12, 0, 5.65217e-11, 1.65024e-15, 0, 0, 6.11954e-10, 8.83503e-17, 3.20061e-13, 40.6175, 0.8934, 38.077, 294.485
1359, 8.95421e-21, 5.67954e-10, 9.33813e-13, 0, 1.07354e-11, 8.92361e-17, 0, 0, 5.79623e-10, 3.45008e-19, 2.3408e-14, 46.1622, 0.8937, 38.0446, 293.855
1360, 6.28892e-23, 5.81821e-10, 7.89375e-13, 0, 1.21125e-12, 5.86838e-18, 0, 0, 5.83822e-10, 2.41087e-21, 1.57897e-15, 51.1207, 0.894, 38.023, 293.728
1361, 1.43816e-24, 5.96054e-10, 6.25914e-13, 0, 3.93721e-13, 1.73047e-19, 0, 0, 5.97074e-10, 5.50495e-23, 4.67056e-17, 54.8987, 0.8943, 37.9809, 293.725
1362, 1.73452e-26, 6.09867e-10, 6.17717e-13, 0, 1.11408e-12, 4.09559e-21, 0, 0, 6.11599e-10, 6.63858e-25, 1.32234e-18, 59.3165, 0.8946, 37.9199, 293.736
1363, 2.5256e-28, 6.22996e-10, 8.25052e-13, 0, 2.17463e-12, 3.98086e-21, 0, 0, 6.25995e-10, 9.59403e-27, 1.50736e-18, 63.5459, 0.8949, 37.8553, 293.74
1364, 1.3984e-28, 6.37038e-10, 8.98225e-13, 0, 1.95975e-12, 3.37419e-21, 0, 0, 6.39895e-10, 5.29087e-27, 1.27966e-18, 64.1371, 0.8952, 37.7922, 293.734
1365, 5.85446e-29, 6.51647e-10, 9.13647e-13, 0, 1.42953e-12, 1.61689e-21, 0, 0, 6.53991e-10, 2.21311e-27, 6.18773e-19, 65.0078, 0.8955, 37.7284, 293.728
1366, 2.72978e-29, 6.65911e-10, 1.07326e-12, 0, 1.60059e-12, 1.05989e-21, 0, 0, 6.68585e-10, 1.02925e-27, 4.13276e-19, 65.7708, 0.895801, 37.6645, 293.723
1367, 1.52141e-29, 6.81453e-10, 1.02329e-12, 0, 1.19706e-12, 6.77364e-22, 0, 0, 6.83674e-10, 5.73054e-28, 2.65953e-19, 66.3553, 0.8961, 37.6007, 293.721
1368, 2.20426e-27, 6.97774e-10, 8.73904e-13, 0, 4.12733e-13, 6.97729e-22, 0, 0, 6.99061e-10, 8.19636e-26, 2.22939e-19, 61.3794, 0.8964, 37.5276, 293.719
1369, 3.67564e-26, 7.13327e-10, 9.64867e-13, 0, 8.63705e-14, 8.8215e-21, 0, 0, 7.14378e-10, 1.36676e-24, 2.55731e-18, 58.5655, 0.8967, 37.4249, 293.712
1370, 2.10756e-24, 7.29239e-10, 1.05121e-12, 0, 1.59699e-13, 4.02913e-19, 0, 0, 7.3045e-10, 7.83083e-23, 1.15672e-16, 54.5165, 0.897, 37.3111, 293.71
1371, 5.79504e-23, 7.46012e-10, 1.02338e-12, 0, 2.30024e-12, 8.26528e-18, 0, 0, 7.49336e-10, 2.15151e-21, 2.33889e-15, 51.2025, 0.8973, 37.2495, 293.736
1372, 1.28973e-21, 7.62343e-10, 1.16726e-12, 0, 1.82594e-11, 1.06015e-16, 0, 0, 7.8177e-10, 4.78331e-20, 2.87939e-14, 48.0999, 0.897599, 37.2119, 293.9
1373, 1.76456e-20, 7.77961e-10, 1.54306e-12, 0, 7.98545e-11, 9.88302e-16, 0, 0, 8.59359e-10, 6.53951e-19, 2.57808e-13, 45.4838, 0.8979, 37.1522, 294.497
1374, 1.74024e-19, 7.93788e-10, 1.94976e-12, 0, 2.49301e-10, 6.06858e-15, 0, 0, 1.04504e-09, 6.43849e-18, 1.53073e-12, 43.1951, 0.8982, 37.0733, 295.94
1375, 1.69405e-18, 8.10347e-10, 2.27545e-12, 0, 5.58942e-10, 3.06378e-14, 0, 0, 1.3716e-09, 6.25703e-17, 7.28525e-12, 40.9194, 0.8985, 36.9966, 298.046
1376, 1.09775e-17, 8.27908e-10, 2.46643e-12, 0, 1.04718e-09, 1.48902e-13, 0, 0, 1.87771e-09, 4.05271e-16, 3.39822e-11, 39.0507, 0.8988, 36.9477, 300.549
1377, 3.25131e-17, 8.45767e-10, 2.67473e-12, 0, 1.97078e-09, 4.17958e-13, 0, 0, 2.81964e-09, 1.20026e-15, 9.45041e-11, 37.9649, 0.8991, 36.9132, 303.914
1378, 4.03711e-17, 8.64648e-10, 2.75141e-12, 0, 2.27122e-09, 5.15417e-13, 0, 0, 3.13914e-09, 1.49036e-15, 1.16382e-10, 37.7484, 0.8994, 36.8746, 304.677
1379, 2.07421e-17, 8.85969e-10, 2.39809e-12, 0, 1.19075e-09, 2.65087e-13, 0, 0, 2.07938e-09, 7.65738e-16, 5.98553e-11, 38.4144, 0.8997, 36.8205, 300.872
1380, 4.40177e-18, 9.08549e-10, 1.85929e-12, 0, 2.83574e-10, 5.64465e-14, 0, 0, 1.19404e-09, 1.62504e-16, 1.275e-11, 39.9645, 0.9, 36.7692, 295.95
1381, 3.85768e-19, 9.31313e-10, 1.36652e-12, 0, 3.74492e-11, 4.97605e-15, 0, 0, 9.70133e-10, 1.4242e-17, 1.12503e-12, 42.399, 0.9003, 36.7199, 294.033
1382, 1.39683e-20, 9.53476e-10, 1.09366e-12, 0, 3.66024e-12, 1.82456e-16, 0, 0, 9.58229e-10, 5.15695e-19, 4.1378e-14, 45.7175, 0.9006, 36.6658, 293.748
1383, 2.10758e-22, 9.75045e-10, 1.04208e-12, 0, 3.40104e-13, 3.14258e-18, 0, 0, 9.76427e-10, 7.78022e-21, 7.404e-16, 49.9113, 0.9009, 36.6091, 293.721
1384, 2.45446e-22, 9.95775e-10, 1.26904e-12, 0, 1.8626e-12, 8.71307e-18, 0, 0, 9.98906e-10, 8.89828e-21, 2.40393e-15, 49.759, 0.9012, 36.5488, 293.728
1385, 1.56095e-20, 1.01644e-09, 1.60381e-12, 0, 1.73522e-11, 2.17449e-16, 0, 0, 1.0354e-09, 5.65586e-19, 5.32331e-14, 45.6064, 0.9015, 36.4875, 293.844
1386, 4.41587e-19, 1.03684e-09, 2.09203e-12, 0, 8.00376e-11, 4.81452e-15, 0, 0, 1.11898e-09, 1.5999e-17, 1.10941e-12, 42.2639, 0.9018, 36.4272, 294.308
1387, 5.29702e-18, 1.0579e-09, 2.5356e-12, 0, 2.77858e-10, 5.52721e-14, 0, 0, 1.33835e-09, 1.91902e-16, 1.25914e-11, 39.7794, 0.9021, 36.3667, 295.627
1388, 2.82658e-17, 1.07978e-09, 2.89689e-12, 0, 9.43485e-10, 2.83716e-13, 0, 0, 2.02645e-09, 1.02371e-15, 6.43903e-11, 38.1049, 0.9024, 36.306, 298.979
1389, 8.59066e-17, 1.10003e-09, 3.71031e-12, 0, 2.15327e-09, 7.51819e-13, 0, 0, 3.25776e-09, 3.10791e-15, 1.68836e-10, 36.9933, 0.9027, 36.246, 302.944
1390, 2.14896e-16, 1.1215e-09, 4.36867e-12, 0, 3.23712e-09, 1.50562e-12, 0, 0, 4.3645e-09, 7.76339e-15, 3.30926e-10, 36.0764, 0.903, 36.1844, 305.37
1391, 3.66941e-16, 1.14733e-09, 4.2094e-12, 0, 3.71797e-09, 2.30249e-12, 0, 0, 4.87181e-09, 1.32486e-14, 4.9935e-10, 35.5413, 0.903299, 36.1201, 306.176
1392, 2.99166e-16, 1.17618e-09, 3.52236e-12, 0, 2.67778e-09, 1.82914e-12, 0, 0, 3.85932e-09, 1.08003e-14, 3.95263e-10, 35.7455, 0.9036, 36.0576, 303.893
1393, 1.05149e-16, 1.2037e-09, 3.23297e-12, 0, 1.05989e-09, 6.33961e-13, 0, 0, 2.26746e-09, 3.79526e-15, 1.36914e-10, 36.7912, 0.9039, 35.9982, 299.03
1394, 9.5461e-17, 1.23156e-09, 2.9819e-12, 0, 3.2604e-10, 2.07982e-13, 0, 0, 1.56079e-09, 3.41536e-15, 4.13127e-11, 36.8878, 0.904201, 35.9391, 295.65
1395, 1.57582e-15, 1.26232e-09, 2.21709e-12, 0, 4.65369e-10, 2.26579e-12, 0, 0, 1.73217e-09, 5.62855e-14, 4.17027e-10, 34.084, 0.9045, 35.8809, 296.353
1396, 1.26925e-14, 1.28965e-09, 2.2934e-12, 0, 3.08187e-09, 1.81893e-11, 0, 0, 4.392e-09, 4.53352e-13, 3.34473e-09, 31.9978, 0.9048, 35.8238, 304.307
1397, 4.22254e-14, 1.31003e-09, 3.96002e-12, 0, 1.03209e-08, 6.05604e-11, 0, 0, 1.16955e-08, 1.50819e-12, 1.1138e-08, 30.7958, 0.9051, 35.7654, 313.179
1398, 6.08422e-14, 1.33179e-09, 5.45762e-12, 0, 1.50723e-08, 8.44147e-11, 0, 0, 1.6494e-08, 2.17235e-12, 1.55142e-08, 30.4305, 0.905399, 35.7052, 316.296
1399, 1.30169e-13, 1.36463e-09, 4.74925e-12, 0, 1.03006e-08, 7.52331e-11, 0, 0, 1.17452e-08, 4.62297e-12, 1.28635e-08, 29.6699, 0.905692, 35.6439, 312.84
1400, 1.34164e-12, 1.40284e-09, 3.02805e-12, 0, 8.14808e-09, 3.82156e-10, 0, 0, 9.9361e-09, 4.75587e-11, 5.64155e-08, 27.3371, 0.905966, 35.584, 311.067
1401, 7.54043e-12, 1.43317e-09, 3.07528e-12, 0, 2.88449e-08, 2.09186e-09, 0, 0, 3.2373e-08, 2.67283e-10, 3.06227e-07, 25.6107, 0.906212, 35.5271, 322.407
1402, 1.75719e-11, 1.45478e-09, 5.08206e-12, 0, 6.66623e-08, 4.86851e-09, 0, 0, 7.29907e-08, 6.22863e-10, 7.12538e-07, 24.7647, 0.906439, 35.4694, 330.654
1403, 1.68888e-11, 1.48221e-09, 6.02447e-12, 0, 6.62506e-08, 4.68203e-09, 0, 0, 7.24209e-08, 5.98648e-10, 6.85522e-07, 24.8044, 0.90666, 35.405, 330.372
1404, 6.71484e-12, 1.52001e-09, 4.94128e-12, 0, 3.06683e-08, 1.88166e-09, 0, 0, 3.40748e-08, 2.38012e-10, 2.76513e-07, 25.7267, 0.90688, 35.3356, 322.345
1405, 1.1834e-12, 1.55505e-09, 4.55271e-12, 0, 1.49436e-08, 3.96317e-10, 0, 0, 1.68995e-08, 4.19279e-11, 6.12087e-08, 27.4626, 0.9071, 35.2775, 315.198
1406, 2.40926e-13, 1.58494e-09, 5.37074e-12, 0, 1.76979e-08, 1.85584e-10, 0, 0, 1.94738e-08, 8.50117e-12, 3.26645e-08, 29.0543, 0.90732, 35.2301, 316.389
1407, 2.45192e-13, 1.61782e-09, 5.70863e-12, 0, 1.91087e-08, 2.00237e-10, 0, 0, 2.09325e-08, 8.61547e-12, 3.55501e-08, 29.0367, 0.90754, 35.1781, 316.907
1408, 1.64003e-11, 1.65223e-09, 5.87254e-12, 0, 1.98916e-08, 5.91624e-10, 0, 0, 2.21414e-08, 5.71473e-10, 7.34867e-08, 24.8337, 0.90776, 35.1208, 317.269
1409, 7.72352e-10, 1.68947e-09, 5.59432e-12, 0, 2.77103e-08, 1.57164e-08, 0, 0, 4.51217e-08, 2.69079e-08, 1.35207e-06, 20.9816, 0.90798, 35.0627, 324.246
1410, 1.58749e-08, 1.72394e-09, 6.025e-12, 0, 1.53627e-07, 3.05357e-07, 0, 0, 4.60715e-07, 5.53051e-07, 2.50965e-05, 17.9585, 0.9082, 35.0048, 349.868
1411, 1.35587e-07, 1.75072e-09, 8.12342e-12, 0, 1.00458e-06, 2.57676e-06, 0, 0, 3.5831e-06, 4.72354e-06, 0.00020964, 15.8136, 0.90842, 34.9465, 376.119
1412, 4.81263e-07, 1.77458e-09, 1.08349e-11, 0, 3.35077e-06, 9.13813e-06, 0, 0, 1.24907e-05, 1.67656e-05, 0.000742071, 14.5469, 0.908641, 34.8883, 394.055
1413, 7.43475e-07, 1.80824e-09, 1.17475e-11, 0, 4.99586e-06, 1.39098e-05, 0, 0, 1.89075e-05, 2.58926e-05, 0.00112565, 14.1119, 0.908861, 34.8293, 400.247
1414, 9.07443e-07, 1.85907e-09, 9.53447e-12, 0, 4.21612e-06, 1.36266e-05, 0, 0, 1.78445e-05, 3.15183e-05, 0.00103285, 13.9126, 0.909081, 34.7657, 399.112
1415, 2.53031e-06, 1.89783e-09, 9.80996e-12, 0, 6.58527e-06, 2.89568e-05, 0, 0, 3.5544e-05, 8.76719e-05, 0.00195288, 12.8872, 0.9093, 34.687, 409.968
1416, 5.08385e-06, 1.91745e-09, 1.39579e-11, 0, 1.20463e-05, 5.62097e-05, 0, 0, 6.8258e-05, 0.000176106, 0.00371638, 12.1894, 0.90952, 34.5936, 420.809
1417, 4.39988e-06, 1.95316e-09, 1.52728e-11, 0, 1.05303e-05, 4.86524e-05, 0, 0, 5.91846e-05, 0.000152409, 0.00321546, 12.3339, 0.90974, 34.5361, 418.104
1418, 1.59448e-06, 2.00942e-09, 1.27662e-11, 0, 4.31826e-06, 1.79941e-05, 0, 0, 2.23144e-05, 5.52274e-05, 0.00120763, 13.349, 0.909961, 34.5162, 401.731
1419, 4.40701e-07, 2.06612e-09, 1.02139e-11, 0, 1.5713e-06, 4.97001e-06, 0, 0, 6.54338e-06, 1.51989e-05, 0.000346752, 14.6349, 0.91018, 34.4804, 382.903
1420, 2.25257e-06, 2.10456e-09, 1.13353e-11, 0, 4.11601e-06, 2.02512e-05, 0, 0, 2.43694e-05, 7.72769e-05, 0.00126205, 13.0034, 0.910399, 34.4278, 402.682
1421, 1.09613e-05, 2.12233e-09, 1.64741e-11, 0, 1.63371e-05, 9.37569e-05, 0, 0, 0.000110096, 0.000375987, 0.00565116, 11.4211, 0.91062, 34.3734, 428.118
1422, 2.3048e-05, 2.14718e-09, 2.02991e-11, 0, 3.2062e-05, 0.000192938, 0, 0, 0.000225002, 0.000790502, 0.011477, 10.6779, 0.910841, 34.3181, 441.217
1423, 2.21807e-05, 2.19767e-09, 1.95994e-11, 0, 3.16359e-05, 0.000188292, 0, 0, 0.00021993, 0.000760444, 0.0112969, 10.7163, 0.91106, 34.2613, 440.536
1424, 1.75289e-05, 2.24321e-09, 2.00878e-11, 0, 2.74068e-05, 0.000153708, 0, 0, 0.000181117, 0.000599354, 0.00949203, 10.9517, 0.91128, 34.2013, 436.6
1425, 3.85745e-05, 2.27515e-09, 2.3145e-11, 0, 4.40653e-05, 0.000283883, 0, 0, 0.000327951, 0.00131477, 0.0162177, 10.1629, 0.911499, 34.1367, 447.851
1426, 8.52725e-05, 2.31119e-09, 2.54363e-11, 0, 7.76789e-05, 0.000564744, 0, 0, 0.000642425, 0.00290464, 0.0302433, 9.36966, 0.91172, 34.0779, 461.369
1427, 9.73217e-05, 2.36868e-09, 2.42037e-11, 0, 8.19299e-05, 0.000619519, 0, 0, 0.000701451, 0.00331329, 0.032356, 9.23749, 0.91194, 34.0294, 462.981
1428, 0.000114251, 2.43303e-09, 2.19143e-11, 0, 8.07788e-05, 0.000648915, 0, 0, 0.000729697, 0.00387707, 0.031816, 9.07712, 0.91216, 33.9786, 463.572
1429, 0.000343997, 2.44593e-09, 2.82935e-11, 0, 0.000197531, 0.00171494, 0, 0, 0.00191247, 0.0116483, 0.0768045, 7.97488, 0.91238, 33.9223, 484.819
1430, 0.000724305, 2.43863e-09, 3.80385e-11, 0, 0.000387767, 0.00346291, 0, 0, 0.00385068, 0.0245187, 0.149666, 7.2303, 0.9126, 33.8604, 501.463
1431, 0.000692915, 2.50749e-09, 3.56641e-11, 0, 0.000364857, 0.0032806, 0, 0, 0.00364546, 0.0234532, 0.14036, 7.2746, 0.91282, 33.7987, 499.836
1432, 0.000306122, 2.61696e-09, 2.72986e-11, 0, 0.000170235, 0.00149343, 0, 0, 0.00166367, 0.0103567, 0.0652127, 8.09153, 0.91304, 33.7481, 480.819
1433, 0.000110778, 2.67707e-09, 2.73014e-11, 0, 8.16447e-05, 0.000637696, 0, 0, 0.000719344, 0.00373848, 0.0308971, 9.10798, 0.91326, 33.6938, 462.022
1434, 7.75553e-05, 2.71821e-09, 3.04793e-11, 0, 7.09913e-05, 0.000509197, 0, 0, 0.00058019, 0.00261046, 0.0265634, 9.46452, 0.91348, 33.6387, 457.25
1435, 7.42857e-05, 2.75731e-09, 3.41413e-11, 0, 7.39514e-05, 0.000510183, 0, 0, 0.000584137, 0.00249592, 0.027506, 9.50759, 0.913701, 33.5955, 457.145
1436, 7.56029e-05, 2.80778e-09, 3.59027e-11, 0, 7.61504e-05, 0.000522499, 0, 0, 0.000598652, 0.00253706, 0.0283883, 9.49002, 0.91392, 33.5502, 457.411
1437, 7.96785e-05, 2.8867e-09, 3.27754e-11, 0, 6.97577e-05, 0.000506499, 0, 0, 0.00057626, 0.00266742, 0.0264976, 9.43751, 0.91414, 33.4925, 456.371
1438, 0.000146469, 2.94314e-09, 3.35584e-11, 0, 0.000102485, 0.000828564, 0, 0, 0.000931051, 0.00489274, 0.0405083, 8.8287, 0.91436, 33.4119, 466.325
1439, 0.00020533, 2.97631e-09, 3.87288e-11, 0, 0.000139542, 0.00114846, 0, 0, 0.001288, 0.00685188, 0.0557493, 8.49089, 0.91458, 33.2583, 473.236
1440, 0.000156639, 3.03367e-09, 4.03846e-11, 0, 0.000114597, 0.000909565, 0, 0, 0.00102416, 0.00521533, 0.0453725, 8.76157, 0.9148, 33.0253, 467.908
1441, 7.84123e-05, 3.11101e-09, 3.89998e-11, 0, 6.67623e-05, 0.000488239, 0, 0, 0.000555005, 0.00259781, 0.0255613, 9.45353, 0.91502, 32.8723, 454.614
1442, 6.49243e-05, 3.17303e-09, 4.00117e-11, 0, 6.04197e-05, 0.000421052, 0, 0, 0.000481475, 0.00213622, 0.0225217, 9.64229, 0.915239, 32.7896, 451.448
1443, 0.000124743, 3.20265e-09, 4.62342e-11, 0, 0.000107917, 0.000790277, 0, 0, 0.000898197, 0.0041006, 0.0414491, 8.98926, 0.91546, 32.7317, 464.308
1444, 0.000151345, 3.25827e-09, 4.84647e-11, 0, 0.000128942, 0.000956647, 0, 0, 0.00108559, 0.0049761, 0.0503335, 8.79595, 0.91568, 32.7562, 468.193
1445, 0.000145844, 3.36891e-09, 4.17631e-11, 0, 0.000105057, 0.000809803, 0, 0, 0.000914863, 0.00479583, 0.0408755, 8.83297, 0.9159, 32.8125, 464.212
1446, 0.000467734, 3.43995e-09, 4.14425e-11, 0, 0.000202831, 0.0018768, 0, 0, 0.00207964, 0.0153745, 0.0774797, 7.66761, 0.91612, 32.8651, 482.439
1447, 0.00150476, 3.41066e-09, 5.70318e-11, 0, 0.0005813, 0.00570277, 0, 0, 0.00628408, 0.0494573, 0.222806, 6.49912, 0.91634, 32.882, 509.51
1448, 0.00237657, 3.3772e-09, 7.35757e-11, 0, 0.000922112, 0.00908399, 0, 0, 0.0100061, 0.0781064, 0.356202, 6.0421, 0.916558, 32.8684, 521.686
1449, 0.00192911, 3.47272e-09, 7.10562e-11, 0, 0.000779685, 0.00759174, 0, 0, 0.00837143, 0.0633897, 0.304039, 6.2507, 0.916768, 32.8389, 516.581
1450, 0.000907155, 3.67174e-09, 5.25254e-11, 0, 0.000391814, 0.00372285, 0, 0, 0.00411467, 0.0297956, 0.153934, 7.0052, 0.916949, 32.7935, 497.916
1451, 0.00043325, 3.79873e-09, 4.55262e-11, 0, 0.00020465, 0.00184178, 0, 0, 0.00204643, 0.0141679, 0.0796632, 7.74419, 0.917088, 32.7387, 480.804
1452, 0.00117996, 3.77754e-09, 6.1751e-11, 0, 0.000449176, 0.00425981, 0, 0, 0.00470898, 0.0382484, 0.167166, 6.74227, 0.917199, 32.666, 500.793
1453, 0.00350325, 3.68557e-09, 8.72154e-11, 0, 0.00116817, 0.0116207, 0, 0, 0.0127889, 0.112751, 0.425709, 5.65406, 0.9173, 32.5128, 527.159
1454, 0.00515325, 3.6665e-09, 1.01589e-10, 0, 0.00165947, 0.0167241, 0, 0, 0.0183836, 0.164086, 0.605404, 5.26813, 0.9174, 32.246, 537.275
1455, 0.00425612, 3.7855e-09, 9.75132e-11, 0, 0.0013844, 0.0139147, 0, 0, 0.0152991, 0.13424, 0.513237, 5.4594, 0.9175, 32.1114, 531.702
1456, 0.00418264, 3.86434e-09, 9.91914e-11, 0, 0.00135942, 0.0136926, 0, 0, 0.0150521, 0.133775, 0.506184, 5.47681, 0.9176, 32.2396, 530.97
1457, 0.00693876, 3.83388e-09, 1.14736e-10, 0, 0.00213336, 0.0217774, 0, 0, 0.0239108, 0.224514, 0.770631, 4.97063, 0.917701, 32.367, 544.241
1458, 0.0115384, 3.77105e-09, 1.33628e-10, 0, 0.00335898, 0.0346116, 0, 0, 0.0379706, 0.373894, 1.17202, 4.46208, 0.9178, 32.3996, 558.201
1459, 0.0133034, 3.82001e-09, 1.38831e-10, 0, 0.0037843, 0.0390889, 0, 0, 0.0428732, 0.431316, 1.29804, 4.31974, 0.9179, 32.4094, 561.786
1460, 0.0090498, 4.05964e-09, 1.20975e-10, 0, 0.00261199, 0.0268176, 0, 0, 0.0294296, 0.293485, 0.900304, 4.70501, 0.918, 32.3984, 549.726
1461, 0.00511513, 4.26786e-09, 1.07526e-10, 0, 0.00156464, 0.0158745, 0, 0, 0.0174391, 0.165632, 0.560561, 5.27555, 0.9181, 32.3553, 533.868
1462, 0.00566593, 4.33314e-09, 1.11366e-10, 0, 0.00171988, 0.0175762, 0, 0, 0.0192961, 0.18289, 0.624697, 5.17329, 0.9182, 32.2954, 536.545
1463, 0.00863534, 4.33999e-09, 1.21612e-10, 0, 0.00248613, 0.0256656, 0, 0, 0.0281517, 0.277902, 0.879463, 4.75189, 0.918301, 32.2193, 547.556
1464, 0.0122603, 4.32e-09, 1.35801e-10, 0, 0.00341194, 0.0353992, 0, 0, 0.0388112, 0.39395, 1.18099, 4.40139, 0.918401, 32.1545, 557.251
1465, 0.0104301, 4.49812e-09, 1.26423e-10, 0, 0.00290882, 0.0301211, 0, 0, 0.0330299, 0.335139, 1.00587, 4.56306, 0.9185, 32.1268, 551.929
1466, 0.00431777, 4.84373e-09, 9.68584e-11, 0, 0.00127108, 0.0129584, 0, 0, 0.0142295, 0.138767, 0.450263, 5.44501, 0.9186, 32.1017, 526.726
1467, 0.00140445, 5.03198e-09, 8.82538e-11, 0, 0.000501039, 0.00488845, 0, 0, 0.0053895, 0.0450527, 0.193901, 6.56811, 0.9187, 32.0565, 500.386
1468, 0.00163543, 5.05325e-09, 1.01537e-10, 0, 0.000612859, 0.00602391, 0, 0, 0.00663677, 0.0523135, 0.24892, 6.41585, 0.9188, 32.0058, 505.502
1469, 0.00180962, 5.16262e-09, 1.01271e-10, 0, 0.000656899, 0.00652829, 0, 0, 0.00718519, 0.057865, 0.265682, 6.31464, 0.9189, 31.9573, 507.324
1470, 0.000944559, 5.40458e-09, 8.2041e-11, 0, 0.000357804, 0.00346853, 0, 0, 0.00382634, 0.0301966, 0.143867, 6.96479, 0.919, 31.9075, 491.039
1471, 0.000337708, 5.58805e-09, 7.21536e-11, 0, 0.00015531, 0.0013564, 0, 0, 0.00151171, 0.010766, 0.0616383, 7.99333, 0.9191, 31.8568, 468.937
1472, 0.00110087, 5.63324e-09, 8.28235e-11, 0, 0.000345872, 0.00327962, 0, 0, 0.0036255, 0.0348803, 0.122664, 6.81166, 0.9192, 31.8046, 489.215
1473, 0.0063245, 5.51616e-09, 1.13617e-10, 0, 0.00161111, 0.0164176, 0, 0, 0.0180287, 0.200277, 0.528951, 5.06332, 0.9193, 31.7461, 531.655
1474, 0.017974, 5.2411e-09, 1.61547e-10, 0, 0.0043642, 0.0451223, 0, 0, 0.0494865, 0.569111, 1.39558, 4.01883, 0.9194, 31.6845, 562.303
1475, 0.0235562, 5.18196e-09, 1.83164e-10, 0, 0.00567871, 0.0588423, 0, 0, 0.0645209, 0.745747, 1.80929, 3.74837, 0.9195, 31.6299, 570.756
1476, 0.0146879, 5.5469e-09, 1.55877e-10, 0, 0.00362749, 0.0375255, 0, 0, 0.041153, 0.464635, 1.18455, 4.22073, 0.9196, 31.5592, 555.853
1477, 0.0061853, 5.88607e-09, 1.32122e-10, 0, 0.00166586, 0.0171761, 0, 0, 0.018842, 0.193964, 0.593656, 5.08558, 0.9197, 31.4464, 531.885
1478, 0.00554614, 5.96548e-09, 1.39296e-10, 0, 0.00154843, 0.0161144, 0, 0, 0.0176628, 0.170702, 0.585708, 5.19465, 0.9198, 31.3271, 529.754
1479, 0.00615833, 6.03433e-09, 1.47825e-10, 0, 0.00171335, 0.0179212, 0, 0, 0.0196346, 0.189137, 0.653437, 5.08995, 0.9199, 31.2936, 532.561
1480, 0.00556007, 6.1972e-09, 1.44146e-10, 0, 0.00157007, 0.0164733, 0, 0, 0.0180434, 0.172055, 0.608033, 5.19214, 0.92, 31.3233, 529.848
1481, 0.0077503, 6.22881e-09, 1.56854e-10, 0, 0.00208846, 0.0220925, 0, 0, 0.024181, 0.241607, 0.788315, 4.86002, 0.9201, 31.3152, 538.177
1482, 0.0139087, 6.10669e-09, 1.88936e-10, 0, 0.00349246, 0.0368204, 0, 0, 0.0403129, 0.434047, 1.2355, 4.27524, 0.9202, 31.2746, 553.592
1483, 0.0210481, 5.98147e-09, 2.21628e-10, 0, 0.00506783, 0.0528825, 0, 0, 0.0579503, 0.656282, 1.69749, 3.86095, 0.9203, 31.2142, 565.02
1484, 0.0219149, 6.09708e-09, 2.25962e-10, 0, 0.0052065, 0.0539822, 0, 0, 0.0591888, 0.682686, 1.70912, 3.82059, 0.9204, 31.145, 565.447
1485, 0.0165302, 6.38945e-09, 2.10368e-10, 0, 0.00399142, 0.0415442, 0, 0, 0.0455356, 0.514695, 1.34841, 4.10256, 0.9205, 31.0786, 556.662
1486, 0.0106326, 6.6976e-09, 1.93353e-10, 0, 0.00267924, 0.0280184, 0, 0, 0.0306976, 0.330616, 0.955097, 4.54383, 0.9206, 30.9613, 544.066
1487, 0.0111444, 6.85616e-09, 1.92424e-10, 0, 0.0027204, 0.0280388, 0, 0, 0.0307592, 0.344821, 0.929271, 4.49682, 0.9207, 30.6515, 543.865
1488, 0.0251841, 6.64167e-09, 2.32802e-10, 0, 0.00568641, 0.0569758, 0, 0, 0.0626622, 0.778098, 1.71426, 3.68154, 0.9208, 30.3223, 566.255
1489, 0.0531651, 6.1899e-09, 2.96534e-10, 0, 0.011671, 0.112377, 0, 0, 0.124048, 1.64306, 3.16307, 2.93435, 0.9209, 30.4548, 589.569
1490, 0.0855919, 5.76965e-09, 3.53706e-10, 0, 0.0186147, 0.173754, 0, 0, 0.192368, 2.64452, 4.69684, 2.45816, 0.921, 30.7615, 605.507
1491, 0.0908247, 5.78805e-09, 3.69066e-10, 0, 0.0197225, 0.183838, 0, 0, 0.20356, 2.80453, 4.96448, 2.39882, 0.9211, 30.8545, 607.382
1492, 0.077213, 6.08497e-09, 3.59612e-10, 0, 0.0168073, 0.158186, 0, 0, 0.174993, 2.38091, 4.34472, 2.56119, 0.9212, 30.8333, 601.378
1493, 0.0901216, 5.99488e-09, 3.85731e-10, 0, 0.0195672, 0.180663, 0, 0, 0.20023, 2.77448, 4.8663, 2.4066, 0.9213, 30.7976, 606.195
1494, 0.105317, 5.87991e-09, 4.13048e-10, 0, 0.0227381, 0.208032, 0, 0, 0.23077, 3.23816, 5.52515, 2.25078, 0.9214, 30.7608, 611.378
1495, 0.102648, 6.02252e-09, 4.16809e-10, 0, 0.0219762, 0.202393, 0, 0, 0.224369, 3.13751, 5.41101, 2.27645, 0.9215, 30.6915, 610.009
1496, 0.121022, 5.89273e-09, 4.44487e-10, 0, 0.0255714, 0.230387, 0, 0, 0.255958, 3.64154, 6.06149, 2.11179, 0.9216, 30.5184, 614.865
1497, 0.158842, 5.49813e-09, 4.96293e-10, 0, 0.0333571, 0.292185, 0, 0, 0.325542, 4.74206, 7.49167, 1.83984, 0.9217, 30.3383, 624.184
1498, 0.176289, 5.34399e-09, 5.29218e-10, 0, 0.0372396, 0.322984, 0, 0, 0.360224, 5.29443, 8.21015, 1.73563, 0.921796, 30.3573, 628.032
1499, 0.199905, 5.12453e-09, 5.68381e-10, 0, 0.0428456, 0.36036, 0, 0, 0.403206, 6.01571, 9.00531, 1.60991, 0.921873, 30.3573, 632.413
1500, 0.25138, 4.60999e-09, 6.30999e-10, 0, 0.0543389, 0.437998, 0, 0, 0.492337, 7.50795, 10.6536, 1.38079, 0.921881, 30.1685, 640.561
1501, 0.27381, 4.43835e-09, 6.63477e-10, 0, 0.058978, 0.473061, 0, 0, 0.53204, 8.16433, 11.4473, 1.29532, 0.921792, 30.0264, 643.611
1502, 0.23718, 4.99639e-09, 6.33827e-10, 0, 0.0503215, 0.414335, 0, 0, 0.464657, 7.05982, 10.1978, 1.43894, 0.921637, 29.8129, 637.528
1503, 0.168962, 6.05038e-09, 5.61409e-10, 0, 0.0349145, 0.299801, 0, 0, 0.334716, 4.97018, 7.62893, 1.77808, 0.921459, 29.3324, 623.628
1504, 0.136453, 6.65405e-09, 5.27892e-10, 0, 0.0280427, 0.245244, 0, 0, 0.273287, 4.00813, 6.37009, 1.99178, 0.92128, 28.8912, 615.22
1505, 0.199839, 5.86756e-09, 6.15729e-10, 0, 0.0428326, 0.349342, 0, 0, 0.392174, 5.97275, 8.66983, 1.61025, 0.921099, 28.9888, 629.569
1506, 0.307388, 4.49706e-09, 7.53221e-10, 0, 0.0677393, 0.522463, 0, 0, 0.590203, 9.25282, 12.4681, 1.17965, 0.92092, 29.5716, 646.701
1507, 0.342189, 4.19229e-09, 7.98007e-10, 0, 0.0758275, 0.57629, 0, 0, 0.652118, 10.3086, 13.6204, 1.07239, 0.92074, 29.866, 650.813
1508, 0.293909, 5.02051e-09, 7.46715e-10, 0, 0.0646267, 0.496983, 0, 0, 0.56161, 8.8398, 11.8662, 1.22449, 0.92056, 29.6912, 643.968
1509, 0.280963, 5.28111e-09, 7.45314e-10, 0, 0.0615193, 0.473992, 0, 0, 0.535511, 8.43087, 11.3564, 1.26953, 0.92038, 29.5886, 641.624
1510, 0.33005, 4.57263e-09, 8.28767e-10, 0, 0.0723114, 0.551115, 0, 0, 0.623427, 9.89044, 13.0883, 1.10851, 0.9202, 29.7679, 647.972
1511, 0.362179, 4.13318e-09, 8.89222e-10, 0, 0.0791574, 0.600765, 0, 0, 0.679923, 10.8322, 14.2216, 1.01562, 0.92002, 29.8635, 651.533
1512, 0.355743, 4.32059e-09, 8.9532e-10, 0, 0.0771639, 0.587684, 0, 0, 0.664848, 10.5941, 13.9602, 1.03355, 0.91984, 29.7107, 650.252
1513, 0.320044, 4.9112e-09, 8.68989e-10, 0, 0.0681466, 0.528502, 0, 0, 0.596649, 9.45689, 12.7086, 1.1393, 0.91966, 29.3649, 645.196
1514, 0.321534, 4.98983e-09, 8.84718e-10, 0, 0.068392, 0.526878, 0, 0, 0.59527, 9.46815, 12.6554, 1.13465, 0.91948, 29.2173, 644.813
1515, 0.37134, 4.41611e-09, 9.52598e-10, 0, 0.0804656, 0.601388, 0, 0, 0.681854, 10.98, 14.2135, 0.990638, 0.9193, 29.4178, 650.528
1516, 0.378419, 4.40323e-09, 9.76052e-10, 0, 0.0818934, 0.612472, 0, 0, 0.694364, 11.2018, 14.4745, 0.971752, 0.91912, 29.5189, 651.057
1517, 0.34685, 4.90596e-09, 9.59374e-10, 0, 0.073763, 0.564401, 0, 0, 0.638164, 10.2408, 13.5047, 1.05886, 0.91894, 29.4398, 647.028
1518, 0.335535, 5.14869e-09, 9.64204e-10, 0, 0.0703641, 0.543261, 0, 0, 0.613625, 9.83733, 13.0793, 1.09203, 0.91876, 29.2458, 645.021
1519, 0.345731, 5.07388e-09, 9.95114e-10, 0, 0.0718387, 0.55031, 0, 0, 0.622149, 10.0104, 13.2302, 1.06209, 0.91858, 28.8902, 645.347
1520, 0.395541, 4.42011e-09, 1.07139e-09, 0, 0.0834729, 0.619534, 0, 0, 0.703007, 11.4412, 14.6761, 0.927501, 0.9184, 28.8143, 650.483
1521, 0.461544, 3.56083e-09, 1.16266e-09, 0, 0.0999961, 0.718504, 0, 0, 0.818499, 13.4785, 16.7381, 0.773177, 0.91822, 29.1255, 657.072
1522, 0.499383, 3.08527e-09, 1.22392e-09, 0, 0.10941, 0.774826, 0, 0, 0.884237, 14.6481, 17.919, 0.694382, 0.91804, 29.3168, 660.335
1523, 0.505766, 3.02869e-09, 1.25346e-09, 0, 0.110585, 0.783223, 0, 0, 0.893808, 14.8266, 18.1278, 0.681681, 0.91786, 29.311, 660.549
1524, 0.474911, 3.49207e-09, 1.24401e-09, 0, 0.102307, 0.737516, 0, 0, 0.839823, 13.8757, 17.2415, 0.744627, 0.917681, 29.1983, 657.403
1525, 0.432277, 4.11295e-09, 1.22333e-09, 0, 0.0904997, 0.671024, 0, 0, 0.761523, 12.4978, 15.9144, 0.83869, 0.9175, 28.8615, 652.673
1526, 0.419943, 4.34928e-09, 1.23149e-09, 0, 0.0859313, 0.642774, 0, 0, 0.728705, 11.9524, 15.3163, 0.867637, 0.91732, 28.3728, 650.411
1527, 0.44393, 4.11026e-09, 1.27499e-09, 0, 0.09164, 0.673447, 0, 0, 0.765088, 12.6393, 15.9277, 0.812089, 0.91714, 28.348, 652.325
1528, 0.475993, 3.71486e-09, 1.33134e-09, 0, 0.100252, 0.724522, 0, 0, 0.824773, 13.7145, 17.0117, 0.742352, 0.91696, 28.7441, 655.455
1529, 0.482432, 3.65359e-09, 1.36375e-09, 0, 0.102044, 0.73742, 0, 0, 0.839464, 13.9766, 17.3292, 0.728916, 0.91678, 28.9576, 655.982
1530, 0.472673, 3.83288e-09, 1.37839e-09, 0, 0.099426, 0.723518, 0, 0, 0.822944, 13.6889, 17.0778, 0.749351, 0.9166, 28.9603, 654.795
1531, 0.481109, 3.74719e-09, 1.41221e-09, 0, 0.101194, 0.732488, 0, 0, 0.833682, 13.9037, 17.2595, 0.731662, 0.91642, 28.9049, 655.108
1532, 0.51504, 3.22813e-09, 1.4774e-09, 0, 0.108853, 0.774713, 0, 0, 0.883566, 14.8201, 18.1105, 0.663511, 0.91624, 28.7851, 657.493
1533, 0.539234, 2.82474e-09, 1.53425e-09, 0, 0.11316, 0.797351, 0, 0, 0.91051, 15.3219, 18.5573, 0.617606, 0.91606, 28.4256, 658.6
1534, 0.531996, 2.93566e-09, 1.55454e-09, 0, 0.109017, 0.770834, 0, 0, 0.879851, 14.7971, 17.9934, 0.631119, 0.91588, 27.8477, 656.742
1535, 0.515668, 3.23521e-09, 1.56232e-09, 0, 0.10437, 0.744773, 0, 0, 0.849143, 14.266, 17.4863, 0.662292, 0.9157, 27.7262, 654.835
1536, 0.515306, 3.33434e-09, 1.58554e-09, 0, 0.105618, 0.755295, 0, 0, 0.860913, 14.4988, 17.7722, 0.662994, 0.91552, 28.1639, 655.188
1537, 0.530109, 3.22532e-09, 1.62455e-09, 0, 0.110033, 0.781417, 0, 0, 0.891449, 15.0919, 18.3561, 0.634673, 0.915339, 28.4747, 656.512
1538, 0.546804, 3.035e-09, 1.66903e-09, 0, 0.114091, 0.803461, 0, 0, 0.917552, 15.6036, 18.8282, 0.603665, 0.91516, 28.5374, 657.566
1539, 0.552961, 2.93747e-09, 1.70603e-09, 0, 0.115357, 0.810216, 0, 0, 0.925573, 15.7669, 18.9805, 0.592468, 0.91498, 28.5137, 657.691
1540, 0.5549, 2.91075e-09, 1.73857e-09, 0, 0.115389, 0.810436, 0, 0, 0.925825, 15.7919, 19.0002, 0.588968, 0.9148, 28.4588, 657.427
1541, 0.550564, 3.0416e-09, 1.76123e-09, 0, 0.113613, 0.801264, 0, 0, 0.914877, 15.6222, 18.8407, 0.596812, 0.91462, 28.3725, 656.601
1542, 0.542888, 3.27068e-09, 1.77773e-09, 0, 0.110674, 0.784742, 0, 0, 0.895416, 15.308, 18.5287, 0.610853, 0.91444, 28.1827, 655.333
1543, 0.545517, 3.34981e-09, 1.8055e-09, 0, 0.109378, 0.773755, 0, 0, 0.883133, 15.1481, 18.2873, 0.606022, 0.91426, 27.6853, 654.423
1544, 0.55185, 3.36423e-09, 1.83865e-09, 0, 0.108809, 0.765925, 0, 0, 0.874733, 15.065, 18.0976, 0.594479, 0.91408, 27.1139, 653.709
1545, 0.56278, 3.25615e-09, 1.88112e-09, 0, 0.111324, 0.780508, 0, 0, 0.891831, 15.4197, 18.4357, 0.574867, 0.9139, 27.2316, 654.323
1546, 0.574297, 3.10809e-09, 1.9269e-09, 0, 0.115238, 0.806524, 0, 0, 0.921762, 15.9888, 19.0534, 0.554609, 0.91372, 27.7789, 655.569
1547, 0.584623, 2.99333e-09, 1.97006e-09, 0, 0.118217, 0.82456, 0, 0, 0.942777, 16.409, 19.4766, 0.536788, 0.91354, 28.0585, 656.337
1548, 0.596184, 2.86475e-09, 2.01397e-09, 0, 0.120876, 0.837867, 0, 0, 0.958743, 16.7501, 19.771, 0.517206, 0.913361, 28.0954, 656.842
1549, 0.601796, 2.82968e-09, 2.05226e-09, 0, 0.121824, 0.842229, 0, 0, 0.964053, 16.8893, 19.8814, 0.507837, 0.913184, 28.0647, 656.824
1550, 0.597806, 2.95812e-09, 2.07964e-09, 0, 0.120295, 0.834546, 0, 0, 0.954841, 16.749, 19.7547, 0.51449, 0.913017, 28.0165, 656.104
1551, 0.588915, 3.18457e-09, 2.1004e-09, 0, 0.117611, 0.820626, 0, 0, 0.938237, 16.4679, 19.5016, 0.529473, 0.912864, 27.9622, 655.018
1552, 0.587887, 3.27683e-09, 2.1314e-09, 0, 0.116924, 0.815791, 0, 0, 0.932715, 16.4026, 19.4233, 0.531221, 0.912721, 27.902, 654.472
1553, 0.598647, 3.13654e-09, 2.17847e-09, 0, 0.118863, 0.823858, 0, 0, 0.94272, 16.6363, 19.5945, 0.513083, 0.91258, 27.793, 654.693
1554, 0.606879, 3.03136e-09, 2.22303e-09, 0, 0.119196, 0.822953, 0, 0, 0.942149, 16.674, 19.5674, 0.499427, 0.91244, 27.4834, 654.393
1555, 0.613345, 2.96496e-09, 2.26642e-09, 0, 0.117425, 0.808332, 0, 0, 0.925757, 16.4289, 19.2242, 0.488828, 0.9123, 26.8035, 653.31
1556, 0.620562, 2.88864e-09, 2.3113e-09, 0, 0.116511, 0.798884, 0, 0, 0.915395, 16.2939, 18.9995, 0.47713, 0.91216, 26.2672, 652.519
1557, 0.622887, 2.90012e-09, 2.34989e-09, 0, 0.118362, 0.81081, 0, 0, 0.929173, 16.5761, 19.3053, 0.473391, 0.91202, 26.6145, 652.937
1558, 0.621037, 2.98615e-09, 2.3845e-09, 0, 0.120419, 0.826382, 0, 0, 0.946801, 16.9156, 19.717, 0.476365, 0.91188, 27.2393, 653.534
1559, 0.61839, 3.08986e-09, 2.41896e-09, 0, 0.120593, 0.829675, 0, 0, 0.950268, 17.0011, 19.8418, 0.480636, 0.91174, 27.4929, 653.432
1560, 0.616815, 3.18092e-09, 2.45392e-09, 0, 0.120011, 0.827139, 0, 0, 0.947151, 16.9724, 19.8236, 0.483186, 0.9116, 27.5162, 653.009
1561, 0.613073, 3.32287e-09, 2.48623e-09, 0, 0.118783, 0.820792, 0, 0, 0.939575, 16.8583, 19.7221, 0.489272, 0.91146, 27.4978, 652.368
1562, 0.605035, 3.55392e-09, 2.51368e-09, 0, 0.116505, 0.809338, 0, 0, 0.925843, 16.6218, 19.517, 0.502469, 0.91132, 27.472, 651.419
1563, 0.601217, 3.69161e-09, 2.54621e-09, 0, 0.115119, 0.802442, 0, 0, 0.91756, 16.4926, 19.403, 0.508799, 0.91118, 27.4322, 650.736
1564, 0.604787, 3.67412e-09, 2.58858e-09, 0, 0.11546, 0.80379, 0, 0, 0.91925, 16.5606, 19.4524, 0.502879, 0.91104, 27.383, 650.552
1565, 0.608638, 3.65001e-09, 2.63381e-09, 0, 0.115877, 0.805346, 0, 0, 0.921224, 16.6328, 19.5047, 0.496532, 0.9109, 27.3281, 650.382
1566, 0.607199, 3.71875e-09, 2.67418e-09, 0, 0.115056, 0.800971, 0, 0, 0.916026, 16.5564, 19.4351, 0.498898, 0.910759, 27.2658, 649.853
1567, 0.5984, 3.88463e-09, 2.70621e-09, 0, 0.112615, 0.788075, 0, 0, 0.900689, 16.2654, 19.1783, 0.513496, 0.91062, 27.1773, 648.81
1568, 0.580424, 4.14004e-09, 2.7307e-09, 0, 0.108097, 0.762081, 0, 0, 0.870177, 15.6635, 18.6105, 0.543996, 0.91048, 26.9664, 646.967
1569, 0.551292, 4.54093e-09, 2.74674e-09, 0, 0.100491, 0.714859, 0, 0, 0.81535, 14.6004, 17.5259, 0.595492, 0.910341, 26.4286, 643.745
1570, 0.516617, 5.08638e-09, 2.75624e-09, 0, 0.09137, 0.655821, 0, 0, 0.74719, 13.3138, 16.1431, 0.660453, 0.9102, 25.7199, 639.559
1571, 0.489047, 5.60705e-09, 2.77017e-09, 0, 0.0859456, 0.620435, 0, 0, 0.70638, 12.5599, 15.3198, 0.715296, 0.91006, 25.6852, 636.797
1572, 0.479534, 5.84814e-09, 2.80396e-09, 0, 0.086152, 0.621502, 0, 0, 0.707654, 12.6061, 15.3629, 0.734941, 0.90992, 26.2983, 636.612
1573, 0.491433, 5.69323e-09, 2.86401e-09, 0, 0.0897995, 0.643512, 0, 0, 0.733311, 13.1318, 15.8966, 0.710429, 0.90978, 26.7242, 637.929
1574, 0.519015, 5.27436e-09, 2.94114e-09, 0, 0.0953318, 0.67776, 0, 0, 0.773092, 13.9348, 16.7291, 0.655822, 0.90964, 26.8508, 640.024
1575, 0.543251, 4.96514e-09, 3.01164e-09, 0, 0.0996955, 0.706001, 0, 0, 0.805696, 14.5958, 17.4339, 0.610184, 0.9095, 26.8683, 641.616
1576, 0.543099, 5.0892e-09, 3.0549e-09, 0, 0.0992857, 0.704158, 0, 0, 0.803444, 14.5806, 17.4227, 0.610464, 0.90936, 26.8464, 641.226
1577, 0.526553, 5.5166e-09, 3.08005e-09, 0, 0.095744, 0.681976, 0, 0, 0.77772, 14.1127, 16.921, 0.641404, 0.90922, 26.8026, 639.5
1578, 0.515008, 5.92512e-09, 3.10828e-09, 0, 0.0929735, 0.66516, 0, 0, 0.758134, 13.7664, 16.5545, 0.663573, 0.90908, 26.7372, 638.095
1579, 0.518289, 6.04125e-09, 3.15589e-09, 0, 0.0930565, 0.666052, 0, 0, 0.759108, 13.8227, 16.6082, 0.657222, 0.90894, 26.6804, 637.89
1580, 0.533843, 5.84554e-09, 3.22383e-09, 0, 0.095732, 0.682132, 0, 0, 0.777864, 14.2284, 17.0118, 0.627653, 0.9088, 26.6589, 638.719
1581, 0.552647, 5.57332e-09, 3.29784e-09, 0, 0.099034, 0.701834, 0, 0, 0.800867, 14.7191, 17.5012, 0.593035, 0.90866, 26.6359, 639.765
1582, 0.568221, 5.40267e-09, 3.36652e-09, 0, 0.101511, 0.717271, 0, 0, 0.818783, 15.1097, 17.9005, 0.565245, 0.90852, 26.5923, 640.499
1583, 0.581263, 5.2978e-09, 3.4312e-09, 0, 0.103351, 0.729257, 0, 0, 0.832607, 15.4229, 18.2218, 0.542552, 0.90838, 26.5349, 640.993
1584, 0.596663, 5.10023e-09, 3.5012e-09, 0, 0.10565, 0.742596, 0, 0, 0.848246, 15.7827, 18.5576, 0.516402, 0.90824, 26.454, 641.573
1585, 0.608536, 4.99557e-09, 3.56641e-09, 0, 0.107114, 0.750105, 0, 0, 0.857218, 16.0169, 18.7512, 0.496699, 0.9081, 26.322, 641.788
1586, 0.610696, 5.15808e-09, 3.61731e-09, 0, 0.106098, 0.743423, 0, 0, 0.849521, 15.9183, 18.6225, 0.493156, 0.90796, 26.0696, 641.118
1587, 0.61282, 5.25838e-09, 3.67335e-09, 0, 0.103524, 0.725978, 0, 0, 0.829503, 15.5839, 18.22, 0.489683, 0.90782, 25.4512, 639.778
1588, 0.622785, 5.06711e-09, 3.74772e-09, 0, 0.101187, 0.706767, 0, 0, 0.807954, 15.2344, 17.7355, 0.473554, 0.907681, 24.4924, 638.331
1589, 0.629755, 4.9555e-09, 3.81717e-09, 0, 0.101168, 0.704478, 0, 0, 0.805646, 15.2385, 17.6836, 0.462424, 0.90754, 24.2171, 637.943
1590, 0.627898, 5.1204e-09, 3.86934e-09, 0, 0.103832, 0.72429, 0, 0, 0.828121, 15.6897, 18.2207, 0.465377, 0.9074, 25.0035, 638.922
1591, 0.623953, 5.35679e-09, 3.91753e-09, 0, 0.106005, 0.741371, 0, 0, 0.847375, 16.0755, 18.6971, 0.47168, 0.90726, 25.77, 639.7
1592, 0.621976, 5.52189e-09, 3.97141e-09, 0, 0.106469, 0.74588, 0, 0, 0.852349, 16.1944, 18.85, 0.474854, 0.90712, 26.0377, 639.705
1593, 0.622663, 5.59025e-09, 4.03201e-09, 0, 0.106507, 0.746472, 0, 0, 0.852978, 16.236, 18.8941, 0.47375, 0.90698, 26.075, 639.479
1594, 0.621171, 5.73575e-09, 4.08829e-09, 0, 0.105798, 0.742867, 0, 0, 0.848664, 16.1776, 18.8418, 0.476148, 0.90684, 26.0436, 638.991
1595, 0.6193, 5.88447e-09, 4.14557e-09, 0, 0.104698, 0.736575, 0, 0, 0.841273, 16.0576, 18.7215, 0.479165, 0.9067, 25.9293, 638.336
1596, 0.614313, 6.11581e-09, 4.19803e-09, 0, 0.102777, 0.725703, 0, 0, 0.828479, 15.8214, 18.4939, 0.48725, 0.90656, 25.7577, 637.387
1597, 0.604058, 6.44551e-09, 4.24239e-09, 0, 0.100495, 0.713939, 0, 0, 0.814434, 15.5385, 18.2549, 0.504085, 0.90642, 25.7301, 636.359
1598, 0.593363, 6.61928e-09, 4.29421e-09, 0, 0.0990102, 0.705413, 0, 0, 0.804423, 15.3212, 18.0709, 0.521948, 0.906282, 25.8236, 635.546
1599, 0.574412, 6.93894e-09, 4.33927e-09, 0, 0.0960251, 0.685789, 0, 0, 0.781814, 14.8481, 17.5973, 0.554409, 0.906153, 25.8391, 634.013
1600, 0.54411, 7.69902e-09, 4.36302e-09, 0, 0.0906381, 0.650981, 0, 0, 0.741619, 14.0371, 16.754, 0.608604, 0.906056, 25.7616, 631.407
1601, 0.512466, 8.70724e-09, 4.37548e-09, 0, 0.0847218, 0.613242, 0, 0, 0.697964, 13.1769, 15.845, 0.66852, 0.906005, 25.6646, 628.474
1602, 0.495222, 9.35829e-09, 4.41024e-09, 0, 0.0813247, 0.590857, 0, 0, 0.672182, 12.6904, 15.3072, 0.702748, 0.905986, 25.6063, 626.569
1603, 0.502241, 9.18646e-09, 4.49373e-09, 0, 0.0824035, 0.595762, 0, 0, 0.678167, 12.8528, 15.4291, 0.688676, 0.905976, 25.5947, 626.702
1604, 0.529758, 8.4023e-09, 4.61447e-09, 0, 0.0870811, 0.623717, 0, 0, 0.710797, 13.5582, 16.1274, 0.635336, 0.905968, 25.5978, 628.51
1605, 0.563057, 7.58001e-09, 4.74043e-09, 0, 0.0923408, 0.655998, 0, 0, 0.748338, 14.369, 16.9454, 0.574375, 0.905959, 25.519, 630.53
1606, 0.574192, 7.44907e-09, 4.82643e-09, 0, 0.0934651, 0.662985, 0, 0, 0.75645, 14.5723, 17.1428, 0.554792, 0.905952, 25.3671, 630.754
1607, 0.555001, 8.19986e-09, 4.85973e-09, 0, 0.089611, 0.64017, 0, 0, 0.729781, 14.0437, 16.612, 0.588785, 0.905944, 25.2951, 628.91
1608, 0.532269, 9.1152e-09, 4.88474e-09, 0, 0.0851468, 0.614067, 0, 0, 0.699214, 13.4303, 16.0032, 0.630606, 0.905936, 25.2357, 626.772
1609, 0.52606, 9.52386e-09, 4.94117e-09, 0, 0.0826319, 0.598162, 0, 0, 0.680794, 13.083, 15.6277, 0.64234, 0.905928, 24.8992, 625.35
1610, 0.532695, 9.50623e-09, 5.02363e-09, 0, 0.0810512, 0.586304, 0, 0, 0.667355, 12.8566, 15.3369, 0.629807, 0.90592, 24.1962, 624.226
1611, 0.546993, 9.21861e-09, 5.12303e-09, 0, 0.0809805, 0.584055, 0, 0, 0.665036, 12.8629, 15.2878, 0.60332, 0.905912, 23.5675, 623.823
1612, 0.565022, 8.81831e-09, 5.23115e-09, 0, 0.0843976, 0.606252, 0, 0, 0.69065, 13.4232, 15.8747, 0.57089, 0.905904, 23.7595, 625.221
1613, 0.581274, 8.53133e-09, 5.33537e-09, 0, 0.0893492, 0.640139, 0, 0, 0.729488, 14.2404, 16.7768, 0.542534, 0.905896, 24.4848, 627.374
1614, 0.597359, 8.20169e-09, 5.44258e-09, 0, 0.0934039, 0.666771, 0, 0, 0.760175, 14.9025, 17.4807, 0.515237, 0.905888, 24.9404, 628.946
1615, 0.609881, 7.95233e-09, 5.5445e-09, 0, 0.0957631, 0.681683, 0, 0, 0.777446, 15.2962, 17.8789, 0.494491, 0.90588, 25.079, 629.692
1616, 0.61384, 8.05641e-09, 5.62681e-09, 0, 0.0961282, 0.685153, 0, 0, 0.781282, 15.4088, 18.0037, 0.488021, 0.905872, 25.1022, 629.659
1617, 0.616781, 8.18269e-09, 5.70922e-09, 0, 0.0962355, 0.686405, 0, 0, 0.782641, 15.4755, 18.0686, 0.483241, 0.905864, 25.091, 629.485
1618, 0.622243, 8.17382e-09, 5.80095e-09, 0, 0.0968256, 0.689433, 0, 0, 0.786259, 15.5967, 18.1656, 0.474424, 0.905856, 25.0657, 629.439
1619, 0.62854, 8.10746e-09, 5.89768e-09, 0, 0.0975588, 0.692895, 0, 0, 0.790454, 15.7334, 18.2689, 0.464355, 0.905848, 25.0322, 629.425
1620, 0.637431, 7.87514e-09, 6.00525e-09, 0, 0.0988149, 0.698705, 0, 0, 0.79752, 15.9323, 18.4207, 0.450309, 0.90584, 24.9952, 629.571
1621, 0.64331, 7.75592e-09, 6.10818e-09, 0, 0.0995256, 0.701793, 0, 0, 0.801319, 16.0553, 18.5108, 0.441128, 0.905832, 24.9575, 629.532
1622, 0.645377, 7.8121e-09, 6.20189e-09, 0, 0.0995125, 0.701369, 0, 0, 0.800881, 16.0826, 18.5233, 0.437921, 0.905824, 24.9198, 629.257
1623, 0.645466, 7.9541e-09, 6.29026e-09, 0, 0.0991324, 0.699174, 0, 0, 0.798307, 16.0604, 18.496, 0.437783, 0.905816, 24.8818, 628.863
1624, 0.64305, 8.22476e-09, 6.37166e-09, 0, 0.0982562, 0.694726, 0, 0, 0.792982, 15.9756, 18.4195, 0.441533, 0.905808, 24.8433, 628.315
1625, 0.641098, 8.46369e-09, 6.45609e-09, 0, 0.0974737, 0.690697, 0, 0, 0.788171, 15.9015, 18.3516, 0.444573, 0.9058, 24.8035, 627.794
1626, 0.642768, 8.46417e-09, 6.55522e-09, 0, 0.0974725, 0.690053, 0, 0, 0.787526, 15.9172, 18.3535, 0.441972, 0.905792, 24.7637, 627.509
1627, 0.644366, 8.44183e-09, 6.65652e-09, 0, 0.0975054, 0.689438, 0, 0, 0.786944, 15.9322, 18.3534, 0.439488, 0.905785, 24.7254, 627.227
1628, 0.643689, 8.55368e-09, 6.75137e-09, 0, 0.0970765, 0.686756, 0, 0, 0.783832, 15.8908, 18.3091, 0.440539, 0.905776, 24.687, 626.802
1629, 0.642752, 8.72245e-09, 6.84536e-09, 0, 0.096549, 0.683712, 0, 0, 0.780261, 15.8419, 18.2591, 0.441996, 0.905768, 24.6469, 626.351
1630, 0.638879, 9.04583e-09, 6.93074e-09, 0, 0.0954828, 0.678065, 0, 0, 0.773548, 15.7196, 18.1501, 0.448041, 0.90576, 24.6046, 625.719
1631, 0.631719, 9.60897e-09, 7.00232e-09, 0, 0.0937707, 0.669385, 0, 0, 0.763156, 15.5158, 17.9749, 0.459311, 0.905752, 24.5606, 624.872
1632, 0.622719, 1.03059e-08, 7.06898e-09, 0, 0.0917161, 0.658929, 0, 0, 0.750645, 15.2642, 17.7587, 0.473659, 0.905743, 24.5115, 623.894
1633, 0.619818, 1.05629e-08, 7.1632e-09, 0, 0.0908125, 0.653778, 0, 0, 0.74459, 15.1553, 17.6553, 0.47833, 0.905736, 24.4516, 623.29
1634, 0.623965, 1.04595e-08, 7.28171e-09, 0, 0.0911989, 0.654744, 0, 0, 0.745943, 15.2215, 17.6895, 0.471662, 0.905728, 24.3949, 623.124
1635, 0.623156, 1.06291e-08, 7.38593e-09, 0, 0.0907997, 0.651658, 0, 0, 0.742457, 15.1758, 17.63, 0.472958, 0.90572, 24.3531, 622.671
1636, 0.622754, 1.07321e-08, 7.49186e-09, 0, 0.0904259, 0.648863, 0, 0, 0.73929, 15.1343, 17.577, 0.473604, 0.905712, 24.3017, 622.237
1637, 0.620086, 1.09284e-08, 7.59444e-09, 0, 0.0896028, 0.643381, 0, 0, 0.732984, 15.0202, 17.4544, 0.477897, 0.905704, 24.2196, 621.614
1638, 0.61211, 1.15372e-08, 7.67795e-09, 0, 0.0876213, 0.631542, 0, 0, 0.719163, 14.7394, 17.1803, 0.490843, 0.905696, 24.0733, 620.533
1639, 0.600274, 1.24978e-08, 7.7431e-09, 0, 0.0842776, 0.611231, 0, 0, 0.695509, 14.2485, 16.6915, 0.510368, 0.905688, 23.7306, 618.826
1640, 0.590562, 1.30561e-08, 7.82916e-09, 0, 0.0801494, 0.583581, 0, 0, 0.66373, 13.5883, 15.9801, 0.526681, 0.90568, 23.0337, 616.549
1641, 0.595846, 1.27493e-08, 7.9648e-09, 0, 0.078649, 0.571252, 0, 0, 0.649901, 13.3385, 15.6468, 0.517773, 0.905672, 22.4329, 615.394
1642, 0.598823, 1.27303e-08, 8.08833e-09, 0, 0.0798967, 0.579479, 0, 0, 0.659376, 13.5686, 15.8847, 0.512789, 0.905664, 22.6939, 615.776
1643, 0.59853, 1.29123e-08, 8.20261e-09, 0, 0.0822231, 0.595853, 0, 0, 0.678076, 13.98, 16.3519, 0.513279, 0.905656, 23.3682, 616.746
1644, 0.602306, 1.32086e-08, 8.31491e-09, 0, 0.0838324, 0.607526, 0, 0, 0.691358, 14.2989, 16.699, 0.506989, 0.905648, 23.7399, 617.346
1645, 0.592412, 1.45301e-08, 8.37661e-09, 0, 0.0821468, 0.599681, 0, 0, 0.681828, 14.1198, 16.5533, 0.523553, 0.90564, 23.8345, 616.5
1646, 0.588001, 1.51539e-08, 8.47255e-09, 0, 0.0810475, 0.59464, 0, 0, 0.675688, 14.0089, 16.4654, 0.531027, 0.905632, 23.8261, 615.864
1647, 0.595187, 1.4551e-08, 8.62809e-09, 0, 0.0819409, 0.599831, 0, 0, 0.681772, 14.157, 16.6111, 0.51888, 0.905624, 23.7871, 616.011
1648, 0.590354, 1.45843e-08, 8.75076e-09, 0, 0.0811678, 0.594831, 0, 0, 0.675998, 14.0251, 16.4936, 0.527033, 0.905615, 23.7577, 615.4
1649, 0.587361, 1.49059e-08, 8.86561e-09, 0, 0.0804586, 0.591, 0, 0, 0.671459, 13.9387, 16.4212, 0.532116, 0.905608, 23.7305, 614.866
1650, 0.587505, 1.5368e-08, 8.97979e-09, 0, 0.080112, 0.588705, 0, 0, 0.668817, 13.919, 16.3852, 0.531871, 0.9056, 23.6858, 614.454
1651, 0.583355, 1.63795e-08, 9.06765e-09, 0, 0.0791146, 0.58206, 0, 0, 0.661175, 13.7966, 16.2389, 0.538959, 0.905592, 23.6407, 613.716
1652, 0.58515, 1.72399e-08, 9.16496e-09, 0, 0.0788301, 0.580626, 0, 0, 0.659456, 13.8145, 16.2413, 0.535887, 0.905584, 23.6029, 613.363
1653, 0.588677, 1.75471e-08, 9.29125e-09, 0, 0.0788686, 0.581067, 0, 0, 0.659935, 13.8705, 16.282, 0.529878, 0.905577, 23.5613, 613.154
1654, 0.594812, 1.72106e-08, 9.45051e-09, 0, 0.0794306, 0.584359, 0, 0, 0.663791, 13.9864, 16.3848, 0.51951, 0.905568, 23.5149, 613.165
1655, 0.601488, 1.68818e-08, 9.61188e-09, 0, 0.0800084, 0.588695, 0, 0, 0.668704, 14.1153, 16.5266, 0.508349, 0.90556, 23.4674, 613.244
1656, 0.598311, 1.73944e-08, 9.73438e-09, 0, 0.0790727, 0.584357, 0, 0, 0.66343, 14.012, 16.4525, 0.513645, 0.905552, 23.4188, 612.662
1657, 0.600291, 1.76383e-08, 9.8732e-09, 0, 0.0788956, 0.583707, 0, 0, 0.662603, 14.029, 16.4649, 0.51034, 0.905544, 23.3711, 612.369
1658, 0.616241, 1.67166e-08, 1.00719e-08, 0, 0.0809286, 0.59454, 0, 0, 0.67547, 14.3722, 16.7513, 0.484117, 0.905537, 23.324, 612.961
1659, 0.629886, 1.57664e-08, 1.02713e-08, 0, 0.0827317, 0.603499, 0, 0, 0.68623, 14.6594, 16.9809, 0.462217, 0.905528, 23.2737, 613.407
1660, 0.627553, 1.64989e-08, 1.03863e-08, 0, 0.0819811, 0.59879, 0, 0, 0.680771, 14.5695, 16.8843, 0.465928, 0.90552, 23.2155, 612.822
1661, 0.609363, 1.89671e-08, 1.04152e-08, 0, 0.0787339, 0.580761, 0, 0, 0.659495, 14.1095, 16.4712, 0.495341, 0.905512, 23.1535, 611.211
1662, 0.595363, 2.07166e-08, 1.04839e-08, 0, 0.0762435, 0.566951, 0, 0, 0.643194, 13.7556, 16.1566, 0.518583, 0.905504, 23.1054, 609.896
1663, 0.600935, 2.023e-08, 1.06675e-08, 0, 0.0768853, 0.569671, 0, 0, 0.646556, 13.8614, 16.2299, 0.509269, 0.905496, 23.0673, 609.882
1664, 0.595804, 2.0034e-08, 1.08344e-08, 0, 0.0763309, 0.563548, 0, 0, 0.639879, 13.7201, 16.0438, 0.517843, 0.905488, 23.0252, 609.199
1665, 0.547493, 2.29796e-08, 1.08427e-08, 0, 0.0699942, 0.522039, 0, 0, 0.592033, 12.5838, 14.9257, 0.602406, 0.90548, 22.978, 605.645
1666, 0.507949, 2.5883e-08, 1.0856e-08, 0, 0.0645414, 0.488148, 0, 0, 0.552689, 11.6472, 14.0422, 0.677374, 0.905472, 22.9294, 602.505
1667, 0.539753, 2.3912e-08, 1.11163e-08, 0, 0.0683034, 0.513134, 0, 0, 0.581438, 12.3476, 14.745, 0.616643, 0.905464, 22.8819, 604.408
1668, 0.587693, 2.12773e-08, 1.14125e-08, 0, 0.0740634, 0.550351, 0, 0, 0.624414, 13.4175, 15.7805, 0.531551, 0.905456, 22.8337, 607.205
1669, 0.606833, 2.09791e-08, 1.15999e-08, 0, 0.0759858, 0.563092, 0, 0, 0.639078, 13.8245, 16.1644, 0.499502, 0.905449, 22.7823, 607.963
1670, 0.614889, 2.07879e-08, 1.17859e-08, 0, 0.0765664, 0.566409, 0, 0, 0.642976, 13.9612, 16.2745, 0.486313, 0.90544, 22.7075, 607.988
1671, 0.620893, 2.03914e-08, 1.19811e-08, 0, 0.0766915, 0.566028, 0, 0, 0.642719, 13.9933, 16.2702, 0.476596, 0.905432, 22.5459, 607.736
1672, 0.628019, 1.9952e-08, 1.2182e-08, 0, 0.0767765, 0.565293, 0, 0, 0.642069, 14.022, 16.2556, 0.465185, 0.905424, 22.3408, 607.457
1673, 0.627609, 2.02934e-08, 1.23472e-08, 0, 0.0764151, 0.563408, 0, 0, 0.639823, 13.9988, 16.2293, 0.465838, 0.905416, 22.3067, 607.072
1674, 0.614812, 2.19934e-08, 1.24457e-08, 0, 0.0746794, 0.553614, 0, 0, 0.628293, 13.7448, 16.0017, 0.486439, 0.905408, 22.3065, 606.059
1675, 0.605663, 2.38057e-08, 1.25415e-08, 0, 0.0728804, 0.54197, 0, 0, 0.61485, 13.4666, 15.7112, 0.501431, 0.9054, 22.1059, 604.902
1676, 0.603497, 2.48748e-08, 1.26747e-08, 0, 0.071881, 0.535175, 0, 0, 0.607056, 13.3238, 15.5491, 0.505014, 0.905392, 21.9506, 604.125
1677, 0.598432, 2.56667e-08, 1.28166e-08, 0, 0.0709864, 0.529943, 0, 0, 0.600929, 13.1965, 15.4357, 0.513442, 0.905385, 22.0041, 603.461
1678, 0.601211, 2.56258e-08, 1.30015e-08, 0, 0.0712257, 0.531487, 0, 0, 0.602713, 13.2625, 15.4986, 0.50881, 0.905376, 22.0575, 603.354
1679, 0.616283, 2.42111e-08, 1.32666e-08, 0, 0.0722754, 0.536564, 0, 0, 0.60884, 13.4515, 15.6335, 0.484049, 0.905368, 21.8315, 603.55
1680, 0.624472, 2.30015e-08, 1.35281e-08, 0, 0.0712227, 0.527143, 0, 0, 0.598366, 13.2481, 15.3534, 0.470849, 0.90536, 21.2142, 602.581
1681, 0.629443, 2.22488e-08, 1.37641e-08, 0, 0.0701267, 0.517725, 0, 0, 0.587852, 13.039, 15.0799, 0.46292, 0.905352, 20.712, 601.598
1682, 0.634789, 2.24404e-08, 1.39506e-08, 0, 0.071556, 0.527266, 0, 0, 0.598821, 13.3243, 15.3703, 0.454463, 0.905344, 20.9879, 602.149
1683, 0.621219, 2.56549e-08, 1.39813e-08, 0, 0.0714884, 0.529685, 0, 0, 0.601173, 13.3899, 15.5028, 0.476072, 0.905336, 21.5643, 602.083
1684, 0.604665, 2.87767e-08, 1.4018e-08, 0, 0.0701007, 0.522872, 0, 0, 0.592973, 13.2071, 15.3695, 0.50308, 0.905327, 21.8461, 601.27
1685, 0.615622, 2.71843e-08, 1.43046e-08, 0, 0.0715053, 0.531779, 0, 0, 0.603285, 13.4718, 15.6295, 0.485122, 0.90532, 21.8844, 601.769
1686, 0.623463, 2.58304e-08, 1.45846e-08, 0, 0.0721611, 0.535927, 0, 0, 0.608089, 13.6012, 15.7581, 0.472466, 0.905312, 21.8191, 601.874
1687, 0.615658, 2.68426e-08, 1.47441e-08, 0, 0.0708435, 0.528107, 0, 0, 0.598951, 13.3938, 15.5696, 0.485064, 0.905304, 21.7591, 601.001
1688, 0.616266, 2.72835e-08, 1.49344e-08, 0, 0.0706355, 0.526976, 0, 0, 0.597611, 13.3899, 15.5593, 0.484077, 0.905296, 21.711, 600.676
1689, 0.603991, 3.0912e-08, 1.49553e-08, 0, 0.0685983, 0.51442, 0, 0, 0.583019, 13.0802, 15.2461, 0.504197, 0.905289, 21.6088, 599.401
1690, 0.560389, 4.0111e-08, 1.46774e-08, 0, 0.0628356, 0.478912, 0, 0, 0.541747, 12.1191, 14.3227, 0.579124, 0.90528, 21.5884, 596.091
1691, 0.533263, 4.56471e-08, 1.46047e-08, 0, 0.0593914, 0.458413, 0, 0, 0.517805, 11.5596, 13.8078, 0.62874, 0.905272, 21.6669, 593.981
1692, 0.55982, 4.04742e-08, 1.51157e-08, 0, 0.0625974, 0.479094, 0, 0, 0.541691, 12.1446, 14.3895, 0.58014, 0.905264, 21.695, 595.629
1693, 0.594415, 3.35353e-08, 1.57178e-08, 0, 0.0667906, 0.505069, 0, 0, 0.571859, 12.8787, 15.0993, 0.520178, 0.905256, 21.6676, 597.669
1694, 0.603153, 3.18148e-08, 1.60381e-08, 0, 0.0676518, 0.510484, 0, 0, 0.578136, 13.042, 15.2609, 0.505585, 0.905248, 21.6235, 597.9
1695, 0.60123, 3.37074e-08, 1.61584e-08, 0, 0.0671569, 0.506221, 0, 0, 0.573378, 12.9693, 15.1539, 0.508778, 0.90524, 21.5704, 597.323
1696, 0.566897, 4.32381e-08, 1.58644e-08, 0, 0.0627748, 0.47651, 0, 0, 0.539285, 12.1994, 14.3498, 0.567578, 0.905232, 21.5151, 594.53
1697, 0.528746, 5.23834e-08, 1.55974e-08, 0, 0.0579226, 0.445083, 0, 0, 0.503006, 11.3529, 13.5086, 0.637247, 0.905224, 21.4712, 591.415
1698, 0.554648, 4.67211e-08, 1.61475e-08, 0, 0.0607296, 0.463796, 0, 0, 0.524525, 11.8871, 14.0412, 0.589422, 0.905216, 21.4356, 592.921
1699, 0.578437, 4.15229e-08, 1.66871e-08, 0, 0.0631807, 0.481322, 0, 0, 0.544503, 12.3784, 14.5546, 0.547425, 0.905208, 21.3998, 594.249
1700, 0.561, 4.54498e-08, 1.67248e-08, 0, 0.0607235, 0.467317, 0, 0, 0.52804, 11.9846, 14.207, 0.578034, 0.9052, 21.3613, 592.745
1701, 0.556799, 4.6473e-08, 1.69085e-08, 0, 0.0600209, 0.462732, 0, 0, 0.522753, 11.8696, 14.0952, 0.585551, 0.905192, 21.3187, 592.101
1702, 0.578742, 4.12029e-08, 1.74424e-08, 0, 0.0624897, 0.477925, 0, 0, 0.540415, 12.311, 14.5146, 0.546898, 0.905184, 21.2737, 593.255
1703, 0.584274, 3.9638e-08, 1.78009e-08, 0, 0.0627919, 0.480915, 0, 0, 0.543707, 12.3994, 14.6201, 0.537386, 0.905176, 21.2221, 593.282
1704, 0.575298, 4.17389e-08, 1.79706e-08, 0, 0.0611873, 0.472528, 0, 0, 0.533716, 12.1684, 14.427, 0.552866, 0.905168, 21.1539, 592.285
1705, 0.560735, 4.53654e-08, 1.80499e-08, 0, 0.0590979, 0.460022, 0, 0, 0.519119, 11.823, 14.1106, 0.578507, 0.90516, 21.0891, 590.909
1706, 0.526387, 5.44567e-08, 1.78354e-08, 0, 0.0549248, 0.433361, 0, 0, 0.488286, 11.0838, 13.3989, 0.641719, 0.905152, 21.059, 588.162
1707, 0.485537, 6.65361e-08, 1.74357e-08, 0, 0.0500908, 0.401339, 0, 0, 0.45143, 10.2125, 12.5208, 0.7225, 0.905144, 21.0338, 584.736
1708, 0.459985, 7.64721e-08, 1.71094e-08, 0, 0.0471573, 0.379139, 0, 0, 0.426296, 9.65313, 11.8791, 0.776562, 0.905136, 20.9904, 582.198
1709, 0.483517, 7.2999e-08, 1.75425e-08, 0, 0.049681, 0.392761, 0, 0, 0.442443, 10.1038, 12.2425, 0.726668, 0.905128, 20.9159, 583.475
1710, 0.543684, 5.75449e-08, 1.8694e-08, 0, 0.0557701, 0.432582, 0, 0, 0.488352, 11.2564, 13.3728, 0.609387, 0.90512, 20.738, 587.271
1711, 0.582667, 4.74265e-08, 1.95609e-08, 0, 0.0592222, 0.455723, 0, 0, 0.514946, 11.9328, 14.0443, 0.540139, 0.905112, 20.512, 589.229
1712, 0.585936, 4.73047e-08, 1.98735e-08, 0, 0.0593854, 0.458053, 0, 0, 0.517438, 12.0113, 14.148, 0.534545, 0.905104, 20.5217, 589.205
1713, 0.537369, 6.18371e-08, 1.93893e-08, 0, 0.05419, 0.426226, 0, 0, 0.480416, 11.1059, 13.3068, 0.62107, 0.905096, 20.6799, 585.931
1714, 0.471143, 8.2524e-08, 1.85477e-08, 0, 0.0467824, 0.378385, 0, 0, 0.425167, 9.76745, 11.9919, 0.752593, 0.905088, 20.7325, 580.758
1715, 0.468483, 8.55536e-08, 1.86558e-08, 0, 0.0462281, 0.37456, 0, 0, 0.420788, 9.69849, 11.8956, 0.758255, 0.90508, 20.7057, 580.121
1716, 0.517088, 7.31057e-08, 1.96141e-08, 0, 0.0513527, 0.407795, 0, 0, 0.459148, 10.6818, 12.8391, 0.659542, 0.905072, 20.6631, 583.42
1717, 0.57462, 5.68569e-08, 2.07956e-08, 0, 0.0575666, 0.44741, 0, 0, 0.504976, 11.845, 13.958, 0.554047, 0.905064, 20.6185, 587.086
1718, 0.613889, 4.56202e-08, 2.17206e-08, 0, 0.0617616, 0.473824, 0, 0, 0.535586, 12.6289, 14.7083, 0.487942, 0.905056, 20.5737, 589.294
1719, 0.608455, 4.80844e-08, 2.19048e-08, 0, 0.0609403, 0.468402, 0, 0, 0.529342, 12.4926, 14.5709, 0.496833, 0.905048, 20.529, 588.586
1720, 0.548745, 6.83327e-08, 2.10791e-08, 0, 0.0542179, 0.424285, 0, 0, 0.478503, 11.2447, 13.3278, 0.600122, 0.90504, 20.4843, 584.215
1721, 0.473878, 9.41428e-08, 1.99083e-08, 0, 0.04597, 0.369165, 0, 0, 0.415135, 9.68794, 11.7522, 0.746806, 0.905032, 20.4385, 578.256
1722, 0.453401, 1.00257e-07, 1.99029e-08, 0, 0.0434253, 0.353836, 0, 0, 0.397261, 9.23945, 11.3446, 0.790979, 0.905024, 20.3795, 576.281
1723, 0.429406, 1.08428e-07, 1.98354e-08, 0, 0.0405167, 0.33583, 0, 0, 0.376346, 8.7127, 10.8724, 0.845354, 0.905016, 20.2938, 573.921
1724, 0.377525, 1.28694e-07, 1.90729e-08, 0, 0.0349551, 0.296742, 0, 0, 0.331697, 7.62629, 9.7614, 0.974119, 0.905008, 20.2228, 568.765
1725, 0.400379, 1.21686e-07, 1.98207e-08, 0, 0.0372737, 0.311854, 0, 0, 0.349127, 8.08215, 10.2073, 0.915345, 0.905, 20.2061, 570.539
1726, 0.475084, 9.44571e-08, 2.16913e-08, 0, 0.0447811, 0.364499, 0, 0, 0.40928, 9.58318, 11.7486, 0.744263, 0.904992, 20.1809, 576.593
1727, 0.507625, 8.2379e-08, 2.27304e-08, 0, 0.0477542, 0.38626, 0, 0, 0.434014, 10.2013, 12.4022, 0.678013, 0.904984, 20.1007, 578.723
1728, 0.488742, 9.0406e-08, 2.26693e-08, 0, 0.0454165, 0.371018, 0, 0, 0.416434, 9.77958, 11.9833, 0.715921, 0.904976, 20.0181, 576.848
1729, 0.488748, 9.27232e-08, 2.28747e-08, 0, 0.045228, 0.369162, 0, 0, 0.41439, 9.76324, 11.9383, 0.715908, 0.904968, 19.988, 576.433
1730, 0.519269, 8.40677e-08, 2.36197e-08, 0, 0.048286, 0.388706, 0, 0, 0.436992, 10.3601, 12.4998, 0.655333, 0.90496, 19.9525, 578.343
1731, 0.4797, 1.03754e-07, 2.27772e-08, 0, 0.0442035, 0.358616, 0, 0, 0.40282, 9.53483, 11.6025, 0.734595, 0.904952, 19.8594, 574.869
1732, 0.406522, 1.37149e-07, 2.12115e-08, 0, 0.0364914, 0.303378, 0, 0, 0.339869, 8.00077, 9.97181, 0.900118, 0.904944, 19.693, 567.976
1733, 0.43678, 1.25343e-07, 2.23083e-08, 0, 0.0386364, 0.31969, 0, 0, 0.358326, 8.48721, 10.4846, 0.828326, 0.904936, 19.4676, 569.821
1734, 0.494628, 1.00738e-07, 2.41719e-08, 0, 0.0435109, 0.355702, 0, 0, 0.399213, 9.51613, 11.5814, 0.703948, 0.904928, 19.1663, 573.862
1735, 0.447364, 1.21939e-07, 2.34089e-08, 0, 0.0383459, 0.318815, 0, 0, 0.357161, 8.47251, 10.4846, 0.804383, 0.90492, 18.6475, 569.262
1736, 0.360669, 1.61338e-07, 2.15967e-08, 0, 0.0293419, 0.253825, 0, 0, 0.283167, 6.64253, 8.53708, 1.01979, 0.904912, 17.945, 560.119
1737, 0.373534, 1.56783e-07, 2.22762e-08, 0, 0.0300007, 0.259498, 0, 0, 0.289499, 6.82003, 8.72924, 0.984747, 0.904904, 17.7708, 560.743
1738, 0.447009, 1.24385e-07, 2.45465e-08, 0, 0.0370918, 0.313111, 0, 0, 0.350202, 8.33841, 10.3946, 0.805176, 0.904896, 18.3779, 567.849
1739, 0.452269, 1.23161e-07, 2.50484e-08, 0, 0.0381815, 0.322979, 0, 0, 0.361161, 8.60415, 10.7401, 0.793477, 0.904888, 18.9911, 568.837
1740, 0.386054, 1.55429e-07, 2.36451e-08, 0, 0.0324321, 0.282179, 0, 0, 0.314611, 7.43123, 9.53816, 0.951777, 0.90488, 19.27, 563.278
1741, 0.338453, 1.81063e-07, 2.2562e-08, 0, 0.0283137, 0.250554, 0, 0, 0.278867, 6.55297, 8.57678, 1.08337, 0.904872, 19.3617, 558.475
1742, 0.381245, 1.64029e-07, 2.3907e-08, 0, 0.0322692, 0.27848, 0, 0, 0.31075, 7.38906, 9.42664, 0.964313, 0.904864, 19.3805, 562.378
1743, 0.44708, 1.35197e-07, 2.59458e-08, 0, 0.037995, 0.322077, 0, 0, 0.360072, 8.65265, 10.7821, 0.805018, 0.904856, 19.3639, 567.862
1744, 0.439724, 1.41555e-07, 2.59785e-08, 0, 0.0369695, 0.315935, 0, 0, 0.352905, 8.48172, 10.619, 0.821608, 0.904848, 19.313, 566.864
1745, 0.403335, 1.6244e-07, 2.51769e-08, 0, 0.0333795, 0.289317, 0, 0, 0.322697, 7.73188, 9.80519, 0.907988, 0.90484, 19.2185, 563.188
1746, 0.330514, 2.0655e-07, 2.28992e-08, 0, 0.0270238, 0.23827, 0, 0, 0.265294, 6.31452, 8.17264, 1.10711, 0.904832, 19.1852, 555.541
1747, 0.267179, 2.45893e-07, 2.092e-08, 0, 0.0216546, 0.194995, 0, 0, 0.21665, 5.12084, 6.78867, 1.31984, 0.904824, 19.2383, 547.848
1748, 0.334767, 2.07152e-07, 2.38303e-08, 0, 0.0272862, 0.24208, 0, 0, 0.269367, 6.44033, 8.34097, 1.09432, 0.904816, 19.2616, 555.691
1749, 0.433344, 1.50323e-07, 2.78418e-08, 0, 0.0355548, 0.309797, 0, 0, 0.345352, 8.33853, 10.5543, 0.836223, 0.904808, 19.2438, 564.96
1750, 0.436456, 1.49243e-07, 2.8451e-08, 0, 0.0356224, 0.311571, 0, 0, 0.347194, 8.38081, 10.6497, 0.829068, 0.9048, 19.191, 564.954
1751, 0.375654, 1.84637e-07, 2.68798e-08, 0, 0.0300798, 0.269844, 0, 0, 0.299924, 7.18351, 9.3641, 0.979086, 0.904792, 19.1207, 559.118
1752, 0.368229, 1.90312e-07, 2.7024e-08, 0, 0.0291993, 0.263771, 0, 0, 0.29297, 7.02127, 9.1905, 0.999051, 0.904784, 19.0844, 558.017
1753, 0.417377, 1.65297e-07, 2.8922e-08, 0, 0.0333367, 0.295486, 0, 0, 0.328823, 7.95676, 10.1972, 0.873766, 0.904776, 19.0702, 562.218
1754, 0.402452, 1.78186e-07, 2.86089e-08, 0, 0.0320472, 0.28525, 0, 0, 0.317298, 7.67263, 9.88818, 0.91018, 0.904768, 19.0483, 560.637
1755, 0.312522, 2.32829e-07, 2.59952e-08, 0, 0.0242828, 0.225801, 0, 0, 0.250085, 5.94688, 8.04477, 1.16308, 0.90476, 18.9957, 551.453
1756, 0.242999, 2.76474e-07, 2.40403e-08, 0, 0.0183318, 0.179372, 0, 0, 0.197704, 4.60914, 6.59167, 1.4147, 0.904752, 18.9559, 542.664
1757, 0.23631, 2.869e-07, 2.3839e-08, 0, 0.0178626, 0.173368, 0, 0, 0.191231, 4.47757, 6.37291, 1.44261, 0.904744, 18.9582, 541.263
1758, 0.325674, 2.37444e-07, 2.70977e-08, 0, 0.0252738, 0.230259, 0, 0, 0.255533, 6.16455, 8.17102, 1.12186, 0.904736, 18.9469, 551.628
1759, 0.430174, 1.76447e-07, 3.10987e-08, 0, 0.0338279, 0.297135, 0, 0, 0.330963, 8.12729, 10.3071, 0.843566, 0.904729, 18.897, 561.206
1760, 0.42294, 1.83404e-07, 3.12562e-08, 0, 0.0330466, 0.291923, 0, 0, 0.32497, 7.97509, 10.1657, 0.860525, 0.90472, 18.8292, 560.294
1761, 0.340463, 2.36446e-07, 2.88304e-08, 0, 0.0260048, 0.238591, 0, 0, 0.264596, 6.40588, 8.50529, 1.07745, 0.904711, 18.7695, 552.303
1762, 0.270031, 2.83164e-07, 2.67793e-08, 0, 0.0201201, 0.192589, 0, 0, 0.21271, 5.06369, 7.0555, 1.30922, 0.904705, 18.7288, 544.066
1763, 0.251601, 2.95975e-07, 2.66827e-08, 0, 0.0184396, 0.179993, 0, 0, 0.198433, 4.69376, 6.6742, 1.37991, 0.904696, 18.6848, 541.354
1764, 0.270054, 2.8663e-07, 2.77261e-08, 0, 0.0196459, 0.191399, 0, 0, 0.211045, 5.01859, 7.06256, 1.30913, 0.904688, 18.6395, 543.371
1765, 0.227038, 3.29571e-07, 2.53202e-08, 0, 0.0163714, 0.162156, 0, 0, 0.178528, 4.2179, 6.04581, 1.48264, 0.90468, 18.6351, 537.176
1766, 0.172019, 3.78382e-07, 2.2785e-08, 0, 0.012223, 0.125436, 0, 0, 0.13766, 3.19914, 4.80389, 1.76015, 0.904672, 18.6402, 527.927
1767, 0.198094, 3.53794e-07, 2.53559e-08, 0, 0.0139783, 0.143733, 0, 0, 0.157712, 3.6797, 5.51592, 1.61901, 0.904664, 18.6102, 532.417
1768, 0.226924, 3.27938e-07, 2.7968e-08, 0, 0.0159672, 0.163809, 0, 0, 0.179777, 4.20966, 6.27672, 1.48314, 0.904656, 18.5712, 536.812
1769, 0.198701, 3.52544e-07, 2.72157e-08, 0, 0.0138792, 0.145206, 0, 0, 0.159085, 3.68336, 5.65156, 1.61596, 0.904648, 18.5441, 532.314
1770, 0.173026, 3.79034e-07, 2.61266e-08, 0, 0.0120236, 0.127396, 0, 0, 0.13942, 3.20279, 5.02005, 1.75431, 0.90464, 18.5173, 527.555
1771, 0.210663, 3.55873e-07, 2.79496e-08, 0, 0.0147456, 0.150868, 0, 0, 0.165613, 3.89139, 5.80977, 1.5575, 0.904632, 18.4844, 533.314
1772, 0.254592, 3.26833e-07, 3.02196e-08, 0, 0.0178684, 0.178799, 0, 0, 0.196668, 4.69628, 6.76863, 1.36809, 0.904624, 18.4481, 539.196
1773, 0.221583, 3.62773e-07, 2.85624e-08, 0, 0.0154307, 0.15653, 0, 0, 0.171961, 4.0823, 5.9881, 1.50696, 0.904616, 18.4108, 534.229
1774, 0.145794, 4.36035e-07, 2.45984e-08, 0, 0.0100113, 0.106265, 0, 0, 0.116276, 2.68141, 4.22445, 1.92556, 0.904608, 18.3734, 520.613
1775, 0.0987487, 4.8443e-07, 2.2179e-08, 0, 0.00665164, 0.0751404, 0, 0, 0.0817926, 1.8099, 3.14164, 2.31518, 0.904601, 18.3311, 508.92
1776, 0.0910439, 4.99529e-07, 2.17829e-08, 0, 0.00601547, 0.0693802, 0, 0, 0.0753962, 1.65555, 2.94117, 2.39641, 0.904592, 18.2661, 506.135
1777, 0.106535, 4.89924e-07, 2.30665e-08, 0, 0.00694029, 0.0791971, 0, 0, 0.0861379, 1.92251, 3.31067, 2.23928, 0.904584, 18.176, 510.185
1778, 0.103271, 5.04163e-07, 2.2584e-08, 0, 0.00669485, 0.076553, 0, 0, 0.0832484, 1.86179, 3.19794, 2.2704, 0.904576, 18.106, 508.895
1779, 0.088329, 5.27479e-07, 2.16505e-08, 0, 0.00571395, 0.0666248, 0, 0, 0.0723393, 1.5972, 2.82921, 2.42669, 0.904568, 18.0731, 504.244
1780, 0.0928236, 5.2233e-07, 2.29463e-08, 0, 0.00598617, 0.0704889, 0, 0, 0.0764757, 1.681, 3.01319, 2.37705, 0.90456, 18.0568, 505.802
1781, 0.094471, 5.29508e-07, 2.30529e-08, 0, 0.00605573, 0.0711452, 0, 0, 0.0772014, 1.70593, 3.03596, 2.35946, 0.904552, 18.0157, 505.906
1782, 0.106573, 5.21065e-07, 2.44607e-08, 0, 0.00676091, 0.0787089, 0, 0, 0.0854704, 1.91285, 3.33359, 2.23893, 0.904544, 17.9389, 508.955
1783, 0.106367, 5.2482e-07, 2.51973e-08, 0, 0.00672351, 0.0784338, 0, 0, 0.0851578, 1.90108, 3.34212, 2.24086, 0.904536, 17.896, 508.642
1784, 0.0640109, 5.97749e-07, 2.03449e-08, 0, 0.00407746, 0.0486287, 0, 0, 0.0527068, 1.14182, 2.14779, 2.7487, 0.904528, 17.9129, 493.52
1785, 0.02484, 6.71242e-07, 1.52923e-08, 0, 0.00164519, 0.0207011, 0, 0, 0.0223469, 0.443514, 1.00772, 3.6953, 0.90452, 17.9272, 468.712
1786, 0.0177085, 6.87076e-07, 1.51252e-08, 0, 0.00120475, 0.0157885, 0, 0, 0.016994, 0.316668, 0.823816, 4.03371, 0.904512, 17.9098, 461.182
1787, 0.040573, 6.51786e-07, 1.89787e-08, 0, 0.00258699, 0.0323566, 0, 0, 0.0349442, 0.724338, 1.52946, 3.20465, 0.904504, 17.885, 480.845
1788, 0.0854654, 5.85181e-07, 2.49302e-08, 0, 0.00529118, 0.0640744, 0, 0, 0.0693662, 1.5228, 2.84329, 2.45964, 0.904496, 17.8527, 501.182
1789, 0.116592, 5.47368e-07, 2.84323e-08, 0, 0.00716051, 0.0852074, 0, 0, 0.0923685, 2.07288, 3.68936, 2.14907, 0.904488, 17.8074, 510.09
1790, 0.0960464, 5.95722e-07, 2.54163e-08, 0, 0.00591032, 0.0699803, 0, 0, 0.0758912, 1.70513, 3.02958, 2.34292, 0.90448, 17.7672, 503.618
1791, 0.0446427, 6.94196e-07, 1.87066e-08, 0, 0.00279346, 0.0336273, 0, 0, 0.0364214, 0.792219, 1.51768, 3.10906, 0.904472, 17.7253, 481.283
1792, 0.0134431, 7.61593e-07, 1.42566e-08, 0, 0.000895654, 0.0113987, 0, 0, 0.0122952, 0.238513, 0.585755, 4.30929, 0.904464, 17.6732, 451.702
1793, 0.00433086, 7.9343e-07, 1.24284e-08, 0, 0.000335829, 0.00451124, 0, 0, 0.00484788, 0.0767224, 0.276272, 5.44199, 0.904456, 17.6467, 429.052
1794, 0.00238004, 8.06585e-07, 1.23837e-08, 0, 0.000219083, 0.0029484, 0, 0, 0.0031683, 0.0419863, 0.202771, 6.04064, 0.904448, 17.6309, 419.339
1795, 0.00245017, 8.10719e-07, 1.33075e-08, 0, 0.000234179, 0.00316451, 0, 0, 0.00339951, 0.0430366, 0.224617, 6.0116, 0.90444, 17.5877, 420.716
1796, 0.00290404, 8.18305e-07, 1.36907e-08, 0, 0.000267219, 0.0036419, 0, 0, 0.00390996, 0.0508655, 0.255675, 5.84165, 0.904432, 17.5252, 423.654
1797, 0.00451471, 8.19693e-07, 1.47229e-08, 0, 0.000374304, 0.00513448, 0, 0, 0.00550962, 0.0789478, 0.337484, 5.40041, 0.904424, 17.4735, 431.305
1798, 0.00823487, 8.0936e-07, 1.69808e-08, 0, 0.000619939, 0.00855678, 0, 0, 0.00917755, 0.143962, 0.522738, 4.79938, 0.904416, 17.4539, 443.317
1799, 0.00935093, 8.25152e-07, 1.61123e-08, 0, 0.000679765, 0.00940797, 0, 0, 0.0100886, 0.163468, 0.558842, 4.67228, 0.904408, 17.4473, 445.475
1800, 0.00506097, 8.84803e-07, 1.02102e-08, 0, 0.000367355, 0.00508264, 0, 0, 0.00545089, 0.088467, 0.301651, 5.2862, 0.9044, 17.4186, 430.531
1801, 0.00121758, 9.36573e-07, 5.39809e-09, 0, 9.00349e-05, 0.00124051, 0, 0, 0.00133149, 0.0212813, 0.0746842, 6.71089, 0.904392, 17.3685, 399.986
1802, 0.000141279, 9.55031e-07, 4.82329e-09, 0, 1.2727e-05, 0.000162639, 0, 0, 0.000176326, 0.00246594, 0.0111479, 8.86477, 0.904384, 17.3054, 363.063
1803, 8.94879e-05, 9.5479e-07, 6.74448e-09, 0, 1.49955e-05, 0.000165449, 0, 0, 0.000181406, 0.00154429, 0.0151744, 9.32141, 0.904376, 17.2498, 363.377
1804, 0.000243063, 9.49505e-07, 9.28988e-09, 0, 3.78062e-05, 0.000436359, 0, 0, 0.000475124, 0.0041879, 0.0390147, 8.32219, 0.904369, 17.2065, 379.879
1805, 0.00032358, 9.58957e-07, 9.62166e-09, 0, 4.83083e-05, 0.000568145, 0, 0, 0.000617421, 0.00557061, 0.0501032, 8.03606, 0.90436, 17.1229, 384.518
1806, 0.000194541, 9.88223e-07, 7.14986e-09, 0, 2.91324e-05, 0.000341775, 0, 0, 0.000371903, 0.0033434, 0.0302026, 8.54486, 0.904352, 16.9648, 375.18
1807, 7.03746e-05, 1.00779e-06, 6.2625e-09, 0, 1.23004e-05, 0.000134529, 0, 0, 0.000147844, 0.00119521, 0.012602, 9.56168, 0.904344, 16.8769, 359.406
1808, 5.07123e-05, 1.01104e-06, 7.83058e-09, 0, 1.1583e-05, 0.000113924, 0, 0, 0.000126526, 0.000844188, 0.011679, 9.88934, 0.904336, 16.9164, 356.744
1809, 4.37199e-05, 1.01918e-06, 8.62297e-09, 0, 1.1315e-05, 0.00010554, 0, 0, 0.000117882, 0.000729019, 0.0111926, 10.0377, 0.904328, 16.9292, 355.463
1810, 2.30928e-05, 1.04152e-06, 7.18624e-09, 0, 6.97775e-06, 6.09132e-05, 0, 0, 6.89396e-05, 0.000388164, 0.0067023, 10.676, 0.90432, 16.9248, 346.99
1811, 7.73331e-06, 1.06918e-06, 4.91564e-09, 0, 2.66334e-06, 2.20206e-05, 0, 0, 2.5758e-05, 0.000130932, 0.00249134, 11.77, 0.904312, 16.9362, 332.548
1812, 1.50372e-06, 1.08875e-06, 3.96181e-09, 0, 6.55186e-07, 4.67461e-06, 0, 0, 6.42251e-06, 2.5527e-05, 0.000552347, 13.4076, 0.904304, 16.9024, 314.137
1813, 4.07829e-07, 1.09717e-06, 4.82214e-09, 0, 5.80648e-07, 2.32769e-06, 0, 0, 4.01033e-06, 6.84237e-06, 0.000345649, 14.7124, 0.904296, 16.8158, 308.254
1814, 5.31352e-07, 1.10283e-06, 6.14409e-09, 0, 9.92289e-07, 3.67319e-06, 0, 0, 5.77445e-06, 8.85224e-06, 0.000569385, 14.4478, 0.904288, 16.6898, 312.544
1815, 4.11378e-07, 1.12153e-06, 5.33951e-09, 0, 7.91036e-07, 2.88274e-06, 0, 0, 4.80066e-06, 6.84306e-06, 0.000448971, 14.7038, 0.90428, 16.4955, 310.148
1816, 1.35476e-07, 1.1437e-06, 4.01711e-09, 0, 2.85787e-07, 9.69811e-07, 0, 0, 2.40331e-06, 2.24775e-06, 0.000152629, 15.8145, 0.904272, 16.1019, 301.839
1817, 2.10072e-08, 1.15564e-06, 4.43791e-09, 0, 9.43054e-08, 1.79744e-07, 0, 0, 1.43413e-06, 3.40334e-07, 3.08736e-05, 17.6784, 0.904264, 15.4659, 295.884
1818, 4.15845e-09, 1.16771e-06, 4.83471e-09, 0, 7.0239e-08, 6.4674e-08, 0, 0, 1.30746e-06, 5.87336e-08, 1.33099e-05, 19.2981, 0.904256, 15.1339, 294.733
1819, 1.60943e-09, 1.18752e-06, 3.92444e-09, 0, 3.55264e-08, 2.90083e-08, 0, 0, 1.25598e-06, 2.13329e-08, 6.14326e-06, 20.2474, 0.904248, 15.523, 294.161
1820, 3.40351e-10, 1.21036e-06, 2.50055e-09, 0, 8.67611e-09, 6.18515e-09, 0, 0, 1.22772e-06, 4.47768e-09, 1.31396e-06, 21.801, 0.90424, 16.0656, 293.781
1821, 8.33589e-11, 1.22993e-06, 1.65987e-09, 0, 4.16501e-09, 2.18461e-09, 0, 0, 1.23794e-06, 1.27332e-09, 4.8567e-07, 23.2079, 0.904232, 16.3291, 293.74
1822, 4.1259e-10, 1.24052e-06, 2.41499e-09, 0, 2.27723e-08, 1.2571e-08, 0, 0, 1.27828e-06, 6.81035e-09, 2.82556e-06, 21.6086, 0.904224, 16.3949, 293.959
1823, 1.3343e-09, 1.24156e-06, 4.85312e-09, 0, 7.25375e-08, 4.0598e-08, 0, 0, 1.35955e-06, 2.20408e-08, 9.11673e-06, 20.4349, 0.904216, 16.4256, 294.504
1824, 1.83009e-09, 1.24705e-06, 6.55695e-09, 0, 1.01391e-07, 5.59019e-08, 0, 0, 1.4109e-06, 3.02357e-08, 1.25625e-05, 20.1189, 0.904208, 16.4779, 294.78
1825, 1.06461e-09, 1.26966e-06, 5.34402e-09, 0, 6.23974e-08, 3.28939e-08, 0, 0, 1.3703e-06, 1.75915e-08, 7.41217e-06, 20.6607, 0.9042, 16.5058, 294.328
1826, 2.63307e-10, 1.29749e-06, 3.2466e-09, 0, 1.70216e-08, 8.30255e-09, 0, 0, 1.32606e-06, 4.35146e-09, 1.8803e-06, 22.0577, 0.904191, 16.5029, 293.836
1827, 2.77457e-11, 1.31794e-06, 2.44741e-09, 0, 2.08482e-09, 9.02011e-10, 0, 0, 1.32338e-06, 4.58585e-10, 2.05836e-07, 24.3079, 0.904184, 16.4861, 293.683
1828, 1.24798e-12, 1.33544e-06, 2.18083e-09, 0, 1.31108e-10, 4.23072e-11, 0, 0, 1.33779e-06, 2.06287e-11, 9.75368e-09, 27.4095, 0.904176, 16.4631, 293.671
1829, 2.3998e-14, 1.35387e-06, 1.7722e-09, 0, 1.0395e-11, 8.5858e-13, 0, 0, 1.35565e-06, 3.96711e-13, 2.00492e-10, 31.3608, 0.904168, 16.4386, 293.686
1830, 1.97517e-16, 1.37137e-06, 1.56023e-09, 0, 1.34511e-12, 7.5554e-15, 0, 0, 1.37293e-06, 3.26534e-15, 1.79379e-12, 36.1607, 0.904159, 16.4112, 293.694
1831, 6.96347e-19, 1.38784e-06, 1.56519e-09, 0, 2.45338e-13, 2.95399e-17, 0, 0, 1.38941e-06, 1.15123e-17, 7.36622e-15, 41.8084, 0.904152, 16.3666, 293.695
1832, 1.05408e-21, 1.40324e-06, 1.79614e-09, 0, 8.70444e-13, 5.22649e-19, 0, 0, 1.40504e-06, 1.74265e-20, 2.95533e-16, 48.3016, 0.904144, 16.303, 293.687
1833, 5.92211e-24, 1.41864e-06, 2.05764e-09, 0, 2.48732e-12, 1.33951e-18, 0, 0, 1.4207e-06, 9.67642e-23, 8.04502e-16, 53.4833, 0.904135, 16.2704, 293.679
1834, 6.35152e-24, 1.43633e-06, 1.93764e-09, 0, 3.06588e-12, 1.6302e-18, 0, 0, 1.43827e-06, 1.0362e-22, 9.79535e-16, 53.4133, 0.904128, 16.2765, 293.684
1835, 3.17448e-24, 1.45694e-06, 1.32275e-09, 0, 1.58017e-12, 8.18297e-19, 0, 0, 1.45826e-06, 5.1789e-23, 4.91934e-16, 54.1069, 0.90412, 16.2697, 293.705
1836, 6.53812e-25, 1.47696e-06, 8.48678e-10, 0, 3.38533e-13, 1.69398e-19, 0, 0, 1.4778e-06, 1.06664e-23, 1.01896e-16, 55.687, 0.904112, 16.2443, 293.722
1837, 5.54911e-26, 1.49495e-06, 7.74264e-10, 0, 3.01336e-14, 1.4464e-20, 0, 0, 1.49573e-06, 9.05288e-25, 8.70635e-18, 58.1536, 0.904104, 16.2145, 293.725
1838, 1.94145e-27, 1.51172e-06, 9.56338e-10, 0, 1.18675e-15, 5.09606e-22, 0, 0, 1.51268e-06, 3.16729e-26, 3.06988e-19, 61.5064, 0.904096, 16.1845, 293.719
1839, 3.57498e-29, 1.52872e-06, 1.13268e-09, 0, 1.35416e-16, 9.49311e-24, 0, 0, 1.52985e-06, 5.80624e-28, 5.72855e-21, 65.501, 0.904088, 16.1539, 293.714
1840, 3.21033e-28, 1.54737e-06, 1.04139e-09, 0, 3.41756e-16, 1.00282e-22, 0, 0, 1.54841e-06, 5.12987e-27, 6.1403e-20, 63.306, 0.90408, 16.1225, 293.717
1841, 1.39238e-26, 1.56643e-06, 9.10029e-10, 0, 1.08197e-14, 4.35908e-21, 0, 0, 1.56734e-06, 2.22489e-25, 2.66928e-18, 59.5362, 0.904072, 16.0913, 293.721
1842, 2.49111e-25, 1.58434e-06, 1.02188e-09, 0, 1.88976e-13, 7.82884e-20, 0, 0, 1.58536e-06, 3.9805e-24, 4.79542e-17, 56.6519, 0.904064, 16.0605, 293.718
1843, 1.84352e-24, 1.59945e-06, 1.67556e-09, 0, 1.42003e-12, 5.83798e-19, 0, 0, 1.60113e-06, 2.9457e-23, 3.57831e-16, 54.6504, 0.904056, 16.0296, 293.698
1844, 5.6483e-24, 1.61279e-06, 2.68191e-09, 0, 4.57813e-12, 1.81121e-18, 0, 0, 1.61548e-06, 9.02513e-23, 1.1114e-15, 53.5307, 0.904047, 15.9928, 293.667
1845, 7.17479e-24, 1.62944e-06, 3.12515e-09, 0, 6.35887e-12, 2.34473e-18, 0, 0, 1.63257e-06, 1.1464e-22, 1.4412e-15, 53.2915, 0.90404, 15.9157, 293.654
1846, 3.7857e-24, 1.65336e-06, 2.29923e-09, 0, 3.82424e-12, 1.2714e-18, 0, 0, 1.65566e-06, 6.04876e-23, 7.83352e-16, 53.9308, 0.904032, 15.7473, 293.681
1847, 8.31864e-25, 1.6794e-06, 1.12748e-09, 0, 9.99514e-13, 2.90123e-19, 0, 0, 1.68053e-06, 1.32911e-23, 1.79334e-16, 55.4461, 0.904024, 15.6113, 293.717
1848, 7.63917e-26, 1.70132e-06, 7.34504e-10, 0, 1.16331e-13, 2.80326e-20, 0, 0, 1.70206e-06, 1.2205e-24, 1.74017e-17, 57.8339, 0.90402, 15.6841, 293.729
1849, 3.04196e-27, 1.7193e-06, 1.09158e-09, 0, 4.54871e-14, 1.49696e-21, 0, 0, 1.72039e-06, 4.85785e-26, 9.64318e-19, 61.0573, 0.904042, 15.7916, 293.718
1850, 6.85547e-28, 1.73608e-06, 1.70178e-09, 0, 2.56254e-13, 2.2751e-21, 0, 0, 1.73778e-06, 1.0819e-26, 1.6176e-18, 62.5473, 0.904147, 15.7927, 293.701
1851, 1.72124e-27, 1.7527e-06, 2.3746e-09, 0, 6.96197e-13, 6.0748e-21, 0, 0, 1.75507e-06, 2.71388e-26, 4.32322e-18, 61.6268, 0.904374, 15.7436, 293.682
1852, 1.91836e-27, 1.77224e-06, 2.55901e-09, 0, 7.94947e-13, 6.76984e-21, 0, 0, 1.7748e-06, 3.02465e-26, 4.81787e-18, 61.5183, 0.904684, 15.7008, 293.678
1853, 8.83291e-28, 1.79704e-06, 1.8391e-09, 0, 3.8188e-13, 3.12147e-21, 0, 0, 1.79888e-06, 1.39266e-26, 2.22175e-18, 62.2939, 0.90502, 15.6749, 293.699
1854, 1.67993e-28, 1.82049e-06, 1.40077e-09, 0, 8.01821e-14, 5.95581e-22, 0, 0, 1.82189e-06, 2.64868e-27, 4.24036e-19, 63.9536, 0.90536, 15.661, 293.712
1855, 1.31985e-29, 1.84008e-06, 1.6974e-09, 0, 1.4402e-14, 4.70416e-23, 0, 0, 1.84178e-06, 2.08094e-28, 3.35087e-20, 66.4974, 0.905701, 15.6412, 293.704
1856, 4.35845e-31, 1.8611e-06, 1.77529e-09, 0, 9.83164e-15, 1.56608e-24, 0, 0, 1.86287e-06, 6.86932e-30, 1.11874e-21, 69.908, 0.90604, 15.6167, 293.702
1857, 7.05817e-30, 1.88315e-06, 1.70557e-09, 0, 1.22677e-14, 4.49204e-24, 0, 0, 1.88486e-06, 1.08864e-28, 2.9973e-21, 67.1234, 0.90638, 15.5932, 293.705
1858, 4.79285e-28, 1.90331e-06, 2.01872e-09, 0, 2.10438e-14, 2.8328e-22, 0, 0, 1.90533e-06, 7.39182e-27, 1.87352e-19, 62.9053, 0.90672, 15.5659, 293.697
1859, 1.31686e-26, 1.92606e-06, 1.90406e-09, 0, 6.94687e-14, 7.39777e-21, 0, 0, 1.92797e-06, 2.03088e-25, 4.8717e-18, 59.592, 0.90706, 15.5351, 293.7
1860, 1.51797e-25, 1.95047e-06, 1.52974e-09, 0, 5.2329e-13, 8.20045e-20, 0, 0, 1.952e-06, 2.34098e-24, 5.38229e-17, 57.1473, 0.9074, 15.5028, 293.71
1861, 7.30698e-25, 1.9695e-06, 2.16259e-09, 0, 2.13995e-12, 3.83482e-19, 0, 0, 1.97167e-06, 1.12685e-23, 2.51064e-16, 55.5758, 0.90774, 15.4675, 293.694
1862, 1.46917e-24, 1.98655e-06, 3.19477e-09, 0, 3.83029e-12, 7.54678e-19, 0, 0, 1.98975e-06, 2.26565e-23, 4.93192e-16, 54.8773, 0.90808, 15.4255, 293.668
1863, 1.30809e-24, 2.00974e-06, 3.17378e-09, 0, 3.03455e-12, 6.49275e-19, 0, 0, 2.01291e-06, 2.01618e-23, 4.23716e-16, 54.9935, 0.90842, 15.3834, 293.67
1864, 1.25381e-24, 2.03632e-06, 2.58429e-09, 0, 1.64243e-12, 4.95769e-19, 0, 0, 2.03891e-06, 1.92288e-23, 3.22417e-16, 55.0359, 0.90876, 15.3537, 293.686
1865, 3.41616e-24, 2.05916e-06, 2.70498e-09, 0, 2.63679e-12, 1.16037e-18, 0, 0, 2.06187e-06, 5.22498e-23, 7.5201e-16, 54.0335, 0.9091, 15.3273, 293.683
1866, 5.60997e-24, 2.08054e-06, 3.12945e-09, 0, 4.06631e-12, 1.87328e-18, 0, 0, 2.08367e-06, 8.57907e-23, 1.21252e-15, 53.5375, 0.909441, 15.2927, 293.674
1867, 3.86872e-24, 2.10838e-06, 2.44422e-09, 0, 2.78252e-12, 1.28385e-18, 0, 0, 2.11082e-06, 5.91617e-23, 8.3035e-16, 53.9091, 0.909781, 15.2515, 293.691
1868, 1.10213e-24, 2.13855e-06, 1.38572e-09, 0, 8.01576e-13, 3.64519e-19, 0, 0, 2.13994e-06, 1.6854e-23, 2.35644e-16, 55.1648, 0.91012, 15.2051, 293.717
1869, 1.29603e-25, 2.16535e-06, 9.76959e-10, 0, 9.69068e-14, 4.28194e-20, 0, 0, 2.16632e-06, 1.98191e-24, 2.76746e-17, 57.3053, 0.91046, 15.1515, 293.727
1870, 6.29125e-27, 2.19109e-06, 7.97969e-10, 0, 4.91399e-15, 2.0807e-21, 0, 0, 2.19189e-06, 9.62061e-26, 1.34481e-18, 60.3306, 0.9108, 15.0861, 293.732
1871, 1.26097e-28, 2.21653e-06, 7.20502e-10, 0, 1.04515e-16, 4.18298e-23, 0, 0, 2.21725e-06, 1.92827e-27, 2.70424e-20, 64.2405, 0.91114, 15.0001, 293.734
1872, 1.04376e-30, 2.24123e-06, 8.22205e-10, 0, 9.32755e-19, 3.47969e-25, 0, 0, 2.24205e-06, 1.59611e-29, 2.25064e-22, 69.0347, 0.91148, 14.8695, 293.731
1873, 3.56823e-33, 2.26652e-06, 8.62628e-10, 0, 9.97387e-21, 1.19787e-27, 0, 0, 2.26738e-06, 5.45645e-32, 7.75323e-25, 74.7132, 0.91182, 14.6159, 293.731
1874, 7.80849e-28, 2.2916e-06, 9.88071e-10, 0, 7.96537e-17, 1.09924e-22, 0, 0, 2.29259e-06, 1.14611e-26, 6.74969e-20, 62.4172, 0.91216, 14.0629, 293.728
1875, 1.63805e-25, 2.31623e-06, 1.24209e-09, 0, 4.55702e-15, 1.04369e-20, 0, 0, 2.31747e-06, 2.41134e-24, 6.15298e-18, 57.0711, 0.9125, 13.3116, 293.723
1876, 7.08283e-24, 2.34166e-06, 1.39875e-09, 0, 1.11727e-13, 3.61393e-19, 0, 0, 2.34306e-06, 1.04318e-22, 2.09027e-16, 53.3044, 0.91284, 13.1768, 293.72
1877, 1.41548e-22, 2.36591e-06, 1.8097e-09, 0, 1.2703e-12, 6.15713e-18, 0, 0, 2.36772e-06, 2.0854e-21, 3.50399e-15, 50.3094, 0.91318, 13.8128, 293.711
1878, 1.24436e-21, 2.38576e-06, 3.04833e-09, 0, 7.0554e-12, 4.90109e-17, 0, 0, 2.38882e-06, 1.83362e-20, 2.76009e-14, 48.1357, 0.91352, 14.3824, 293.684
1879, 5.30029e-21, 2.40478e-06, 4.47836e-09, 0, 1.95983e-11, 1.82086e-16, 0, 0, 2.40928e-06, 7.81306e-20, 1.01576e-13, 46.6865, 0.91386, 14.6255, 293.654
1880, 1.79715e-20, 2.43078e-06, 4.71848e-09, 0, 2.87841e-11, 4.15259e-16, 0, 0, 2.43553e-06, 2.65163e-19, 2.25934e-13, 45.4655, 0.9142, 14.7153, 293.65
1881, 6.38473e-20, 2.46037e-06, 4.37346e-09, 0, 3.37074e-11, 1.02162e-15, 0, 0, 2.46477e-06, 9.42612e-19, 5.37807e-13, 44.1978, 0.91454, 14.7507, 293.658
1882, 1.31422e-19, 2.48533e-06, 4.8954e-09, 0, 4.52457e-11, 1.92975e-15, 0, 0, 2.49027e-06, 1.94047e-18, 1.00606e-12, 43.4759, 0.914881, 14.7612, 293.648
1883, 1.17889e-19, 2.51361e-06, 4.8836e-09, 0, 3.8655e-11, 1.71077e-15, 0, 0, 2.51853e-06, 1.74067e-18, 8.90743e-13, 43.5845, 0.91522, 14.7534, 293.649
1884, 5.30537e-20, 2.54777e-06, 3.8881e-09, 0, 1.53279e-11, 6.76022e-16, 0, 0, 2.55168e-06, 7.82542e-19, 3.50179e-13, 44.383, 0.91556, 14.7267, 293.671
1885, 2.29849e-19, 2.57694e-06, 3.82407e-09, 0, 7.0268e-12, 1.01522e-15, 0, 0, 2.58077e-06, 3.37394e-18, 4.84195e-13, 42.9169, 0.9159, 14.7, 293.673
1886, 2.25627e-18, 2.60125e-06, 4.65861e-09, 0, 3.40619e-11, 9.01714e-15, 0, 0, 2.60594e-06, 3.31129e-17, 4.24666e-12, 40.6328, 0.91624, 14.6954, 293.657
1887, 9.53313e-18, 2.62296e-06, 5.98689e-09, 0, 1.27959e-10, 3.72755e-14, 0, 0, 2.62908e-06, 1.39904e-16, 1.75198e-11, 39.1918, 0.916579, 14.6925, 293.631
1888, 1.68191e-17, 2.64505e-06, 7.30284e-09, 0, 2.1739e-10, 6.48902e-14, 0, 0, 2.65257e-06, 2.46825e-16, 3.04687e-11, 38.624, 0.91692, 14.6765, 293.606
1889, 1.23776e-17, 2.67965e-06, 6.48778e-09, 0, 1.62745e-10, 4.75342e-14, 0, 0, 2.68631e-06, 1.81642e-16, 2.23213e-11, 38.9306, 0.91726, 14.6544, 293.624
1890, 3.79816e-18, 2.72248e-06, 4.28709e-09, 0, 5.3992e-11, 1.46594e-14, 0, 0, 2.72682e-06, 5.57368e-17, 6.89283e-12, 40.112, 0.9176, 14.6304, 293.668
1891, 5.02549e-19, 2.7592e-06, 3.21098e-09, 0, 8.11576e-12, 1.9445e-15, 0, 0, 2.76242e-06, 7.37161e-18, 9.15918e-13, 42.1346, 0.91794, 14.6017, 293.69
1892, 5.66667e-19, 2.79134e-06, 2.985e-09, 0, 2.36016e-12, 1.3643e-15, 0, 0, 2.79433e-06, 8.21834e-18, 6.15709e-13, 42.0145, 0.91828, 14.5607, 293.694
1893, 7.30418e-18, 2.82093e-06, 3.25649e-09, 0, 2.30513e-11, 1.68317e-14, 0, 0, 2.82421e-06, 1.0587e-16, 7.55563e-12, 39.4581, 0.91862, 14.5184, 293.69
1894, 4.09518e-17, 2.84366e-06, 4.77768e-09, 0, 1.24414e-10, 9.34904e-14, 0, 0, 2.84856e-06, 5.93566e-16, 4.19232e-11, 37.7341, 0.91896, 14.5026, 293.662
1895, 9.52995e-17, 2.86232e-06, 7.06124e-09, 0, 2.84503e-10, 2.1594e-13, 0, 0, 2.86966e-06, 1.38128e-15, 9.67552e-11, 36.8895, 0.9193, 14.4968, 293.621
1896, 9.20315e-17, 2.89042e-06, 7.75935e-09, 0, 2.77797e-10, 2.07376e-13, 0, 0, 2.89845e-06, 1.33389e-15, 9.28703e-11, 36.9244, 0.91964, 14.4779, 293.609
1897, 3.68757e-17, 2.93247e-06, 6.08043e-09, 0, 1.18759e-10, 8.28072e-14, 0, 0, 2.93867e-06, 5.34464e-16, 3.70774e-11, 37.839, 0.91998, 14.4491, 293.641
1898, 6.1294e-18, 2.97909e-06, 3.64595e-09, 0, 2.36313e-11, 1.37522e-14, 0, 0, 2.98276e-06, 8.88363e-17, 6.15947e-12, 39.6334, 0.920318, 14.4099, 293.686
1899, 4.22596e-19, 3.0214e-06, 2.0123e-09, 0, 2.44282e-12, 9.50792e-16, 0, 0, 3.02342e-06, 6.12479e-18, 4.26325e-13, 42.3079, 0.920646, 14.3636, 293.715
1900, 1.20876e-20, 3.05647e-06, 1.71068e-09, 0, 1.45931e-13, 2.74453e-17, 0, 0, 3.05819e-06, 1.75187e-19, 1.23411e-14, 45.8621, 0.920941, 14.3386, 293.721
1901, 1.43484e-22, 3.08534e-06, 2.56876e-09, 0, 1.36766e-14, 3.33323e-19, 0, 0, 3.08791e-06, 2.07951e-21, 1.5094e-16, 50.2958, 0.921186, 14.3338, 293.706
1902, 7.07232e-25, 3.11568e-06, 3.22079e-09, 0, 1.37652e-14, 1.73969e-21, 0, 0, 3.1189e-06, 1.02497e-23, 8.01966e-19, 55.6084, 0.921398, 14.3196, 293.696
1903, 1.46206e-27, 3.15087e-06, 3.07377e-09, 0, 9.80929e-15, 9.00714e-24, 0, 0, 3.15394e-06, 2.11846e-26, 5.34141e-21, 61.79, 0.9216, 14.2951, 293.699
1904, 9.50385e-28, 3.18697e-06, 2.8244e-09, 0, 6.4659e-15, 3.12168e-22, 0, 0, 3.18979e-06, 1.3448e-26, 2.12394e-19, 62.2207, 0.9218, 14.2678, 293.703
1905, 3.55503e-26, 3.22566e-06, 2.17247e-09, 0, 4.0393e-14, 9.57251e-21, 0, 0, 3.22783e-06, 5.02826e-25, 6.44618e-18, 58.5989, 0.921999, 14.2406, 293.715
1906, 7.18104e-25, 3.2624e-06, 1.92562e-09, 0, 4.11041e-13, 1.43891e-19, 0, 0, 3.26432e-06, 1.01514e-23, 9.5311e-17, 55.5932, 0.922201, 14.2145, 293.719
1907, 7.6108e-24, 3.2898e-06, 3.38571e-09, 0, 2.0312e-12, 1.14007e-18, 0, 0, 3.29319e-06, 1.07542e-22, 7.39931e-16, 53.2325, 0.9224, 14.1886, 293.695
1908, 3.91056e-23, 3.31349e-06, 5.56042e-09, 0, 5.0418e-12, 4.81926e-18, 0, 0, 3.31906e-06, 5.52437e-22, 3.07551e-15, 51.5958, 0.9226, 14.162, 293.661
1909, 8.97727e-23, 3.34545e-06, 6.34449e-09, 0, 6.89533e-12, 1.00376e-17, 0, 0, 3.3518e-06, 1.26806e-21, 6.34521e-15, 50.7648, 0.9228, 14.1348, 293.649
1910, 8.7903e-23, 3.38733e-06, 5.448e-09, 0, 5.19297e-12, 9.42881e-18, 0, 0, 3.39278e-06, 1.2416e-21, 5.93545e-15, 50.7858, 0.923, 14.1079, 293.665
1911, 3.59672e-23, 3.4335e-06, 3.86235e-09, 0, 1.9573e-12, 3.79363e-18, 0, 0, 3.43736e-06, 5.08014e-22, 2.38421e-15, 51.6794, 0.9232, 14.0799, 293.69
1912, 3.52191e-22, 3.4765e-06, 2.89409e-09, 0, 3.47991e-13, 1.01474e-18, 0, 0, 3.47939e-06, 4.89927e-21, 5.63733e-16, 49.3979, 0.9234, 14.045, 293.706
1913, 6.58007e-19, 3.51639e-06, 2.53088e-09, 0, 1.85706e-13, 2.72818e-16, 0, 0, 3.51892e-06, 9.14783e-18, 1.06719e-13, 41.8651, 0.9236, 14.007, 293.712
1914, 3.33495e-17, 3.55293e-06, 2.81932e-09, 0, 2.36653e-12, 1.3733e-14, 0, 0, 3.55575e-06, 4.63627e-16, 5.36383e-12, 37.9395, 0.9238, 13.9843, 293.708
1915, 7.01866e-16, 3.58451e-06, 4.04225e-09, 0, 3.45429e-11, 2.88592e-13, 0, 0, 3.58858e-06, 9.75719e-15, 1.12676e-10, 34.8928, 0.924, 13.969, 293.69
1916, 6.14736e-15, 3.61551e-06, 5.40996e-09, 0, 2.84749e-10, 2.53881e-12, 0, 0, 3.62121e-06, 8.54574e-14, 9.91809e-10, 32.7228, 0.9242, 13.9441, 293.671
1917, 2.24497e-14, 3.63835e-06, 8.22486e-09, 0, 1.05543e-09, 9.37631e-12, 0, 0, 3.64764e-06, 3.12075e-13, 3.66896e-09, 31.4275, 0.9244, 13.9167, 293.631
1918, 3.42861e-14, 3.661e-06, 1.11462e-08, 0, 1.70569e-09, 1.45951e-11, 0, 0, 3.67387e-06, 4.76597e-13, 5.7272e-09, 31.004, 0.9246, 13.8925, 293.59
1919, 2.20338e-14, 3.7122e-06, 9.23602e-09, 0, 1.20659e-09, 9.64334e-12, 0, 0, 3.72265e-06, 3.06262e-13, 3.79966e-09, 31.4462, 0.9248, 13.863, 293.618
1920, 7.01508e-15, 3.77661e-06, 5.10984e-09, 0, 4.25365e-10, 3.13297e-12, 0, 0, 3.78215e-06, 9.73503e-14, 1.24237e-09, 32.5907, 0.925, 13.833, 293.678
1921, 1.86944e-14, 3.81732e-06, 5.13294e-09, 0, 4.10488e-10, 3.84593e-12, 0, 0, 3.82287e-06, 2.56122e-13, 1.486e-09, 31.6105, 0.925201, 13.8124, 293.678
1922, 4.23514e-13, 3.83566e-06, 9.07566e-09, 0, 1.13482e-09, 2.71362e-11, 0, 0, 3.8459e-06, 5.78297e-12, 8.91687e-09, 28.4902, 0.9254, 13.7909, 293.625
1923, 5.98483e-12, 3.86542e-06, 1.11033e-08, 0, 2.43601e-09, 2.75819e-10, 0, 0, 3.87924e-06, 8.17208e-11, 8.16548e-08, 25.8418, 0.9256, 13.7592, 293.601
1924, 3.64958e-11, 3.9099e-06, 1.06337e-08, 0, 6.91534e-09, 1.60646e-09, 0, 0, 3.92905e-06, 4.98505e-10, 4.67679e-07, 24.0338, 0.9258, 13.7236, 293.626
1925, 9.26221e-11, 3.94185e-06, 1.23573e-08, 0, 1.51909e-08, 4.03009e-09, 0, 0, 3.97343e-06, 1.26558e-09, 1.16961e-06, 23.1025, 0.926, 13.6959, 293.632
1926, 9.75045e-11, 3.98282e-06, 1.26808e-08, 0, 1.55366e-08, 4.21629e-09, 0, 0, 4.01525e-06, 1.33272e-09, 1.22216e-06, 23.0511, 0.9262, 13.6753, 293.631
1927, 4.25569e-11, 4.04663e-06, 9.23578e-09, 0, 6.83212e-09, 1.83383e-09, 0, 0, 4.06453e-06, 5.81854e-10, 5.31332e-07, 23.8802, 0.9264, 13.654, 293.649
1928, 7.73382e-12, 4.10098e-06, 7.4501e-09, 0, 1.51046e-09, 3.34595e-10, 0, 0, 4.11027e-06, 1.05763e-10, 9.72104e-08, 25.5854, 0.9266, 13.6292, 293.656
1929, 1.54558e-12, 4.13893e-06, 8.50055e-09, 0, 8.41212e-10, 6.34105e-11, 0, 0, 4.14833e-06, 2.09857e-11, 1.89508e-08, 27.1956, 0.9268, 13.5981, 293.64
1930, 1.45995e-11, 4.18079e-06, 8.93908e-09, 0, 1.84106e-09, 4.48137e-10, 0, 0, 4.19202e-06, 1.97187e-10, 1.27169e-07, 24.95, 0.927001, 13.5628, 293.639
1931, 1.7108e-10, 4.22478e-06, 9.05484e-09, 0, 6.74215e-09, 3.05332e-09, 0, 0, 4.24363e-06, 2.30421e-09, 8.14055e-07, 22.4889, 0.9272, 13.5329, 293.659
1932, 2.59642e-09, 4.2526e-06, 1.19589e-08, 0, 2.03122e-08, 2.10076e-08, 0, 0, 4.30588e-06, 3.48942e-08, 4.64765e-06, 19.7691, 0.9274, 13.5055, 293.705
1933, 2.51512e-08, 4.27904e-06, 1.51436e-08, 0, 6.38539e-08, 1.6117e-07, 0, 0, 4.51921e-06, 3.37881e-07, 3.21637e-05, 17.4984, 0.9276, 13.4836, 294.144
1934, 1.08427e-07, 4.30815e-06, 1.78245e-08, 0, 2.04124e-07, 6.71278e-07, 0, 0, 5.20137e-06, 1.45649e-06, 0.00013173, 16.0372, 0.9278, 13.4622, 295.665
1935, 1.98353e-07, 4.33608e-06, 2.07697e-08, 0, 3.52708e-07, 1.21778e-06, 0, 0, 5.92733e-06, 2.66431e-06, 0.000238373, 15.4332, 0.928, 13.4286, 297.085
1936, 1.53305e-07, 4.3941e-06, 1.90626e-08, 0, 2.69148e-07, 9.3697e-07, 0, 0, 5.61929e-06, 2.05911e-06, 0.000183341, 15.6908, 0.9282, 13.3769, 296.331
1937, 5.01918e-08, 4.46616e-06, 1.5195e-08, 0, 9.00574e-08, 3.05153e-07, 0, 0, 4.87656e-06, 6.74043e-07, 5.97349e-05, 16.8074, 0.9284, 13.328, 294.543
1938, 2.33079e-08, 4.52807e-06, 1.29404e-08, 0, 1.83678e-08, 6.45717e-08, 0, 0, 4.62395e-06, 3.06035e-07, 1.0926e-05, 17.5745, 0.9286, 13.3051, 293.801
1939, 5.61035e-07, 4.58328e-06, 1.17575e-08, 0, 6.92414e-08, 7.45837e-07, 0, 0, 5.41012e-06, 7.29443e-06, 8.49327e-05, 14.3935, 0.9288, 13.279, 295.516
1940, 8.00054e-06, 4.61915e-06, 1.37065e-08, 0, 8.63537e-07, 1.04573e-05, 0, 0, 1.59537e-05, 0.000103992, 0.00117391, 11.736, 0.929, 13.2281, 308.691
1941, 4.78857e-05, 4.61972e-06, 2.08591e-08, 0, 5.05285e-06, 6.21612e-05, 0, 0, 7.18546e-05, 0.000622227, 0.00694674, 9.94669, 0.9292, 13.1498, 329.187
1942, 0.000120715, 4.58499e-06, 3.30853e-08, 0, 1.2751e-05, 0.000156661, 0, 0, 0.00017403, 0.00156792, 0.0175039, 9.02207, 0.9294, 13.0171, 342.512
1943, 0.000129174, 4.60417e-06, 3.77905e-08, 0, 1.39113e-05, 0.000169039, 0, 0, 0.000187593, 0.00167677, 0.0189761, 8.95435, 0.9296, 12.7442, 343.569
1944, 6.16041e-05, 4.71291e-06, 2.96216e-08, 0, 6.96283e-06, 8.25076e-05, 0, 0, 9.42129e-05, 0.000798183, 0.00938195, 9.69478, 0.9298, 12.2731, 332.797
1945, 2.85783e-05, 4.78955e-06, 2.6076e-08, 0, 3.46635e-06, 4.00013e-05, 0, 0, 4.82832e-05, 0.000365199, 0.00464261, 10.4629, 0.93, 11.938, 322.956
1946, 4.72226e-05, 4.80448e-06, 3.15121e-08, 0, 5.4998e-06, 6.55081e-05, 0, 0, 7.58439e-05, 0.000598557, 0.00753629, 9.96064, 0.9302, 12.1515, 329.32
1947, 5.36214e-05, 4.84687e-06, 3.29912e-08, 0, 6.14835e-06, 7.39482e-05, 0, 0, 8.49764e-05, 0.00067997, 0.00848612, 9.83356, 0.9304, 12.5846, 330.864
1948, 3.5773e-05, 4.91813e-06, 3.04387e-08, 0, 4.09742e-06, 4.85771e-05, 0, 0, 5.76231e-05, 0.000456858, 0.00557721, 10.2383, 0.930599, 12.8381, 325.078
1949, 9.68289e-05, 4.94483e-06, 3.4096e-08, 0, 7.82071e-06, 0.000102428, 0, 0, 0.000115228, 0.00125598, 0.0101795, 9.24257, 0.930788, 12.9361, 335.172
1950, 0.000444935, 4.90293e-06, 4.65072e-08, 0, 2.87102e-05, 0.000409785, 0, 0, 0.000443445, 0.00577836, 0.0361826, 7.71758, 0.930949, 12.972, 356.878
1951, 0.00102614, 4.83347e-06, 6.19009e-08, 0, 6.19124e-05, 0.000907822, 0, 0, 0.00097463, 0.0133266, 0.0768871, 6.88195, 0.931068, 12.9824, 370.868
1952, 0.00105765, 4.86903e-06, 6.44128e-08, 0, 6.38897e-05, 0.000937621, 0, 0, 0.00100644, 0.0137353, 0.0792381, 6.85171, 0.931158, 12.9803, 371.325
1953, 0.000496048, 5.01329e-06, 5.38404e-08, 0, 3.25203e-05, 0.000464144, 0, 0, 0.000501732, 0.00644116, 0.0409601, 7.60884, 0.93124, 12.9716, 358.606
1954, 0.000136974, 5.12809e-06, 4.68733e-08, 0, 1.19724e-05, 0.000156146, 0, 0, 0.000173294, 0.00177743, 0.0157591, 8.89572, 0.93132, 12.9588, 340.827
1955, 4.71319e-05, 5.21024e-06, 4.36453e-08, 0, 5.83837e-06, 6.89356e-05, 0, 0, 8.00278e-05, 0.000610745, 0.00782077, 9.96256, 0.9314, 12.9434, 328.929
1956, 2.05951e-05, 5.29133e-06, 4.03398e-08, 0, 3.15593e-06, 3.38851e-05, 0, 0, 4.23727e-05, 0.000266512, 0.00401265, 10.7905, 0.931481, 12.926, 319.711
1957, 2.58506e-05, 5.35344e-06, 3.96104e-08, 0, 2.96423e-06, 3.19812e-05, 0, 0, 4.03385e-05, 0.000332708, 0.0034644, 10.5632, 0.93156, 12.9071, 318.901
1958, 0.000182006, 5.39184e-06, 4.17843e-08, 0, 1.06188e-05, 0.000145867, 0, 0, 0.00016192, 0.00233756, 0.0124024, 8.61147, 0.93164, 12.8873, 339.226
1959, 0.000840994, 5.36494e-06, 5.16178e-08, 0, 4.27254e-05, 0.000625548, 0, 0, 0.00067369, 0.0107979, 0.0501604, 7.08093, 0.93172, 12.8667, 362.985
1960, 0.00183902, 5.27906e-06, 6.87143e-08, 0, 9.1747e-05, 0.00135884, 0, 0, 0.00145594, 0.0236041, 0.108518, 6.29852, 0.9318, 12.8453, 377.215
1961, 0.00207363, 5.27575e-06, 7.641e-08, 0, 0.000105885, 0.0015685, 0, 0, 0.00167974, 0.0265983, 0.127592, 6.17845, 0.931881, 12.823, 379.863
1962, 0.00143026, 5.39453e-06, 6.98375e-08, 0, 7.70964e-05, 0.00113284, 0, 0, 0.0012154, 0.0183266, 0.0953503, 6.5499, 0.93196, 12.8005, 373.463
1963, 0.0010009, 5.52195e-06, 6.20525e-08, 0, 5.29801e-05, 0.000768967, 0, 0, 0.000827532, 0.0127852, 0.0640661, 6.90686, 0.93204, 12.7782, 366.152
1964, 0.00249314, 5.49642e-06, 7.13425e-08, 0, 0.000106736, 0.00156054, 0, 0, 0.00167284, 0.0317272, 0.113321, 5.99421, 0.93212, 12.7565, 379.353
1965, 0.00825305, 5.30569e-06, 9.59351e-08, 0, 0.000315656, 0.00457589, 0, 0, 0.00489695, 0.104893, 0.300673, 4.79717, 0.9322, 12.735, 401.547
1966, 0.0189013, 5.0337e-06, 1.24473e-07, 0, 0.000686114, 0.00981817, 0, 0, 0.0105094, 0.240012, 0.606789, 3.96852, 0.93228, 12.7132, 418.946
1967, 0.0289314, 4.85193e-06, 1.4376e-07, 0, 0.00102027, 0.014427, 0, 0, 0.0154522, 0.366936, 0.864292, 3.54283, 0.93236, 12.6908, 428.246
1968, 0.0416478, 4.76118e-06, 1.53334e-07, 0, 0.00141129, 0.0193559, 0, 0, 0.0207721, 0.527113, 1.11473, 3.17851, 0.932441, 12.6681, 435.639
1969, 0.0653486, 4.54506e-06, 1.70603e-07, 0, 0.00214141, 0.0284451, 0, 0, 0.0305912, 0.825739, 1.57198, 2.72802, 0.93252, 12.6453, 445.768
1970, 0.0742731, 4.54877e-06, 1.72696e-07, 0, 0.00240191, 0.0316279, 0, 0, 0.0340345, 0.937526, 1.72723, 2.60001, 0.932601, 12.6209, 448.529
1971, 0.0515805, 5.01704e-06, 1.42956e-07, 0, 0.00165968, 0.0221845, 0, 0, 0.0238493, 0.64912, 1.23622, 2.96461, 0.93268, 12.5873, 438.787
1972, 0.0352502, 5.29556e-06, 1.29924e-07, 0, 0.00111912, 0.0157222, 0, 0, 0.0168467, 0.438875, 0.927076, 3.34528, 0.93276, 12.5387, 429.653
1973, 0.0432067, 5.14932e-06, 1.48785e-07, 0, 0.00134632, 0.0192358, 0, 0, 0.0205874, 0.535461, 1.14852, 3.14176, 0.93284, 12.5029, 434.632
1974, 0.0571452, 5.02032e-06, 1.62889e-07, 0, 0.00175759, 0.0243679, 0, 0, 0.0261307, 0.708698, 1.41723, 2.86216, 0.93292, 12.4926, 440.742
1975, 0.0779074, 4.86079e-06, 1.76973e-07, 0, 0.00238102, 0.0315357, 0, 0, 0.0339218, 0.967279, 1.76723, 2.55223, 0.933, 12.4827, 447.651
1976, 0.114824, 4.51965e-06, 2.01294e-07, 0, 0.00351169, 0.0445336, 0, 0, 0.04805, 1.42922, 2.40111, 2.16436, 0.93308, 12.4725, 457.279
1977, 0.148483, 4.20574e-06, 2.23972e-07, 0, 0.00453002, 0.0564385, 0, 0, 0.060973, 1.84951, 2.98964, 1.90729, 0.93316, 12.4506, 464.064
1978, 0.140752, 4.33856e-06, 2.20794e-07, 0, 0.00426173, 0.0537617, 0, 0, 0.058028, 1.75177, 2.8786, 1.96075, 0.93324, 12.4088, 462.444
1979, 0.101648, 4.8975e-06, 1.87907e-07, 0, 0.00305178, 0.0396885, 0, 0, 0.0427454, 1.2633, 2.18299, 2.28624, 0.93332, 12.3753, 453.471
1980, 0.0742518, 5.34179e-06, 1.61114e-07, 0, 0.00221244, 0.0295696, 0, 0, 0.0317876, 0.920095, 1.66659, 2.60029, 0.9334, 12.3684, 445.089
1981, 0.0967228, 5.0713e-06, 1.85818e-07, 0, 0.00285854, 0.0376166, 0, 0, 0.0404804, 1.19414, 2.09444, 2.33591, 0.93348, 12.3589, 451.622
1982, 0.139197, 4.59134e-06, 2.23732e-07, 0, 0.00411105, 0.0522468, 0, 0, 0.0563627, 1.71558, 2.836, 1.97186, 0.93356, 12.3355, 460.953
1983, 0.179992, 4.2699e-06, 2.45052e-07, 0, 0.00532922, 0.0652633, 0, 0, 0.0705971, 2.2162, 3.44631, 1.71484, 0.933641, 12.3154, 467.48
1984, 0.218144, 3.97523e-06, 2.63315e-07, 0, 0.00645089, 0.0775389, 0, 0, 0.083994, 2.68354, 4.02703, 1.5226, 0.93372, 12.2976, 472.612
1985, 0.217906, 4.04001e-06, 2.62974e-07, 0, 0.0064138, 0.0772602, 0, 0, 0.0836784, 2.67714, 4.01535, 1.52369, 0.9338, 12.2741, 472.336
1986, 0.17888, 4.51118e-06, 2.4024e-07, 0, 0.00524179, 0.0640327, 0, 0, 0.0692792, 2.19451, 3.37245, 1.72104, 0.93388, 12.2533, 466.435
1987, 0.138594, 4.96782e-06, 2.2021e-07, 0, 0.0040382, 0.0505753, 0, 0, 0.0546186, 1.69689, 2.7307, 1.97621, 0.93396, 12.2358, 459.244
1988, 0.153423, 4.81072e-06, 2.35967e-07, 0, 0.0044499, 0.0555327, 0, 0, 0.0599877, 1.87389, 2.99298, 1.87455, 0.93404, 12.213, 461.833
1989, 0.172683, 4.71744e-06, 2.43525e-07, 0, 0.00501392, 0.0612334, 0, 0, 0.0662523, 2.10634, 3.24444, 1.7563, 0.93412, 12.1808, 464.621
1990, 0.158282, 5.04832e-06, 2.25032e-07, 0, 0.00461581, 0.0552051, 0, 0, 0.0598262, 1.92664, 2.89602, 1.84338, 0.9342, 12.1523, 461.438
1991, 0.196778, 4.68995e-06, 2.48839e-07, 0, 0.0057752, 0.0670443, 0, 0, 0.0728245, 2.38834, 3.45522, 1.62568, 0.93428, 12.1368, 467.142
1992, 0.266953, 3.89273e-06, 2.9953e-07, 0, 0.00787088, 0.0899409, 0, 0, 0.097816, 3.23554, 4.57939, 1.32068, 0.93436, 12.1225, 476.065
1993, 0.273035, 3.79439e-06, 3.11651e-07, 0, 0.00805116, 0.0923398, 0, 0, 0.100395, 3.30628, 4.71298, 1.29815, 0.93444, 12.1059, 476.723
1994, 0.210005, 4.42637e-06, 2.85924e-07, 0, 0.00613236, 0.072916, 0, 0, 0.0790531, 2.54009, 3.81368, 1.56063, 0.93452, 12.0868, 469.157
1995, 0.148162, 4.99996e-06, 2.65005e-07, 0, 0.00428055, 0.0540437, 0, 0, 0.0583296, 1.78879, 2.9347, 1.90945, 0.9346, 12.0653, 459.906
1996, 0.111567, 5.32262e-06, 2.56576e-07, 0, 0.00325072, 0.0427745, 0, 0, 0.0460308, 1.34434, 2.38132, 2.19313, 0.93468, 12.0425, 452.908
1997, 0.0794782, 5.70695e-06, 2.42687e-07, 0, 0.0023737, 0.0320381, 0, 0, 0.0344178, 0.955971, 1.81923, 2.53227, 0.93476, 12.0188, 444.629
1998, 0.0486161, 6.13252e-06, 2.25937e-07, 0, 0.00151944, 0.0210845, 0, 0, 0.0226103, 0.583712, 1.23315, 3.0238, 0.93484, 11.9969, 433.24
1999, 0.0293398, 6.33452e-06, 2.23275e-07, 0, 0.000996924, 0.0142074, 0, 0, 0.0152109, 0.351599, 0.854391, 3.52881, 0.934918, 11.9773, 422.999
2000, 0.0202915, 6.48892e-06, 2.20051e-07, 0, 0.00074575, 0.0106542, 0, 0, 0.0114066, 0.242806, 0.642341, 3.89755, 0.934994, 11.9554, 415.815
2001, 0.0118916, 6.89603e-06, 1.95684e-07, 0, 0.000466655, 0.00662257, 0, 0, 0.00709631, 0.142145, 0.401515, 4.43192, 0.935065, 11.9307, 404.567
2002, 0.00503167, 7.37167e-06, 1.65355e-07, 0, 0.000217976, 0.00306628, 0, 0, 0.00329179, 0.0600714, 0.19141, 5.292, 0.935132, 11.9089, 387.664
2003, 0.00197147, 7.63143e-06, 1.5273e-07, 0, 0.000102218, 0.00140791, 0, 0, 0.00151791, 0.0234839, 0.0931718, 6.22898, 0.935198, 11.8894, 371.988
2004, 0.00120903, 7.74077e-06, 1.52682e-07, 0, 7.20455e-05, 0.000968953, 0, 0, 0.00104889, 0.014357, 0.067257, 6.71794, 0.935265, 11.8665, 364.866
2005, 0.00171218, 7.83929e-06, 1.51818e-07, 0, 8.65208e-05, 0.00115634, 0, 0, 0.00125085, 0.0202545, 0.0773305, 6.36999, 0.935331, 11.8431, 368.024
2006, 0.00514946, 7.71213e-06, 1.68398e-07, 0, 0.000210469, 0.0028075, 0, 0, 0.00302585, 0.0607733, 0.172075, 5.26886, 0.935396, 11.8248, 385.348
2007, 0.0153395, 7.19874e-06, 2.14832e-07, 0, 0.000562839, 0.00732914, 0, 0, 0.00789939, 0.180773, 0.42243, 4.17732, 0.935462, 11.8072, 406.149
2008, 0.035278, 6.48435e-06, 2.72655e-07, 0, 0.00121048, 0.0152513, 0, 0, 0.0164685, 0.4153, 0.840779, 3.3445, 0.935528, 11.787, 423.64
2009, 0.0510211, 6.08065e-06, 3.06277e-07, 0, 0.00170537, 0.0211235, 0, 0, 0.0228353, 0.600209, 1.14252, 2.97552, 0.935594, 11.7659, 431.838
2010, 0.0425478, 6.29849e-06, 3.00615e-07, 0, 0.00144607, 0.0179975, 0, 0, 0.0194501, 0.500144, 0.978542, 3.15713, 0.93566, 11.7447, 427.551
2011, 0.024471, 6.74451e-06, 2.80428e-07, 0, 0.000891624, 0.0113378, 0, 0, 0.0122364, 0.287237, 0.632914, 3.71027, 0.935726, 11.7233, 415.888
2012, 0.0147692, 7.12533e-06, 2.61091e-07, 0, 0.000584277, 0.00761582, 0, 0, 0.00820748, 0.172965, 0.440539, 4.21521, 0.935792, 11.7009, 406.307
2013, 0.0115184, 7.46883e-06, 2.4193e-07, 0, 0.000464649, 0.00618818, 0, 0, 0.00666054, 0.134588, 0.368334, 4.46381, 0.935858, 11.6772, 401.399
2014, 0.0110478, 7.68633e-06, 2.32891e-07, 0, 0.000434652, 0.00590367, 0, 0, 0.00634624, 0.128817, 0.357418, 4.50552, 0.935924, 11.6559, 400.169
2015, 0.0114073, 7.79757e-06, 2.33191e-07, 0, 0.000436818, 0.00603997, 0, 0, 0.00648481, 0.132779, 0.369972, 4.4735, 0.93599, 11.6375, 400.511
2016, 0.0115266, 7.9671e-06, 2.27938e-07, 0, 0.000427447, 0.00599394, 0, 0, 0.00642959, 0.133894, 0.369514, 4.4631, 0.936056, 11.6182, 400.176
2017, 0.0149646, 8.02799e-06, 2.28666e-07, 0, 0.000519945, 0.00733475, 0, 0, 0.00786296, 0.173392, 0.445144, 4.20207, 0.936122, 11.5974, 404.6
2018, 0.0220343, 7.83375e-06, 2.49989e-07, 0, 0.000730848, 0.0103954, 0, 0, 0.0111344, 0.254893, 0.624446, 3.81515, 0.936188, 11.5766, 412.598
2019, 0.0290756, 7.61112e-06, 2.74908e-07, 0, 0.000939745, 0.0134189, 0, 0, 0.0143665, 0.335807, 0.804265, 3.53786, 0.936254, 11.5559, 418.628
2020, 0.0409387, 7.41091e-06, 2.94422e-07, 0, 0.00127581, 0.0176733, 0, 0, 0.0189568, 0.471822, 1.03386, 3.19568, 0.93632, 11.5351, 425.412
2021, 0.0694417, 6.99552e-06, 3.21104e-07, 0, 0.00207976, 0.0270815, 0, 0, 0.0291686, 0.798763, 1.50893, 2.66727, 0.936386, 11.5147, 436.501
2022, 0.107753, 6.44874e-06, 3.53178e-07, 0, 0.00315066, 0.0395284, 0, 0, 0.0426859, 1.23788, 2.1372, 2.22792, 0.936452, 11.4945, 446.783
2023, 0.127567, 6.24139e-06, 3.69261e-07, 0, 0.00366437, 0.0459244, 0, 0, 0.0495954, 1.4635, 2.48061, 2.05911, 0.936518, 11.4744, 450.88
2024, 0.145743, 6.02206e-06, 3.87106e-07, 0, 0.00413715, 0.0517252, 0, 0, 0.0558688, 1.66863, 2.79166, 1.92591, 0.936584, 11.4541, 454.158
2025, 0.193868, 5.3631e-06, 4.22398e-07, 0, 0.00551642, 0.0663946, 0, 0, 0.0719168, 2.21522, 3.50237, 1.64058, 0.936651, 11.4337, 461.45
2026, 0.250134, 4.69733e-06, 4.54115e-07, 0, 0.00713848, 0.0827837, 0, 0, 0.0899274, 2.85393, 4.27528, 1.38576, 0.936716, 11.4131, 468.092
2027, 0.255136, 4.8332e-06, 4.51023e-07, 0, 0.00723434, 0.0834404, 0, 0, 0.0906801, 2.90731, 4.31142, 1.36596, 0.936782, 11.3923, 468.195
2028, 0.219672, 5.55916e-06, 4.23199e-07, 0, 0.00613759, 0.0718376, 0, 0, 0.0779812, 2.49848, 3.77247, 1.51562, 0.936848, 11.3712, 463.427
2029, 0.233712, 5.56323e-06, 4.26754e-07, 0, 0.00648442, 0.0744793, 0, 0, 0.0809697, 2.65159, 3.89296, 1.45367, 0.936914, 11.3505, 464.415
2030, 0.288335, 4.89115e-06, 4.60544e-07, 0, 0.00801069, 0.0894652, 0, 0, 0.0974812, 3.26568, 4.59733, 1.24363, 0.93698, 11.3307, 469.974
2031, 0.334063, 4.30551e-06, 4.89276e-07, 0, 0.00929786, 0.102053, 0, 0, 0.111356, 3.77761, 5.18283, 1.09643, 0.937046, 11.3111, 474.003
2032, 0.360992, 4.05339e-06, 5.01674e-07, 0, 0.0100652, 0.108729, 0, 0, 0.118799, 4.07577, 5.4733, 1.0189, 0.937112, 11.2913, 475.908
2033, 0.366982, 4.11833e-06, 5.00906e-07, 0, 0.0102429, 0.109169, 0, 0, 0.119417, 4.136, 5.46788, 1.00244, 0.937178, 11.2713, 475.919
2034, 0.40836, 3.64475e-06, 5.22696e-07, 0, 0.0115075, 0.119413, 0, 0, 0.130925, 4.59303, 5.90955, 0.895606, 0.937244, 11.2512, 478.725
2035, 0.477582, 2.77196e-06, 5.59833e-07, 0, 0.0136512, 0.137235, 0, 0, 0.150889, 5.36246, 6.68819, 0.73902, 0.93731, 11.2312, 483.212
2036, 0.518182, 2.31368e-06, 5.80655e-07, 0, 0.0149288, 0.147078, 0, 0, 0.16201, 5.80916, 7.10499, 0.657429, 0.937376, 11.2114, 485.415
2037, 0.514365, 2.4641e-06, 5.80877e-07, 0, 0.0147526, 0.145086, 0, 0, 0.159841, 5.75716, 7.01326, 0.664822, 0.937442, 11.1916, 484.81
2038, 0.472863, 3.11009e-06, 5.64734e-07, 0, 0.0133482, 0.133311, 0, 0, 0.146663, 5.28393, 6.50369, 0.748949, 0.937508, 11.1718, 481.808
2039, 0.411097, 3.99077e-06, 5.38248e-07, 0, 0.0114309, 0.116388, 0, 0, 0.127824, 4.58605, 5.74871, 0.888925, 0.937574, 11.1519, 477.174
2040, 0.353741, 4.72494e-06, 5.16467e-07, 0, 0.00974524, 0.101078, 0, 0, 0.110829, 3.93859, 5.0545, 1.03919, 0.93764, 11.1321, 472.46
2041, 0.365311, 4.43185e-06, 5.35903e-07, 0, 0.0100675, 0.104236, 0, 0, 0.114309, 4.05842, 5.20152, 1.00701, 0.937706, 11.1123, 473.287
2042, 0.403897, 3.80398e-06, 5.68907e-07, 0, 0.0111723, 0.114456, 0, 0, 0.125632, 4.48006, 5.67049, 0.906594, 0.937772, 11.0926, 476.153
2043, 0.376587, 4.15173e-06, 5.65782e-07, 0, 0.0103199, 0.107694, 0, 0, 0.118019, 4.1711, 5.38816, 0.976605, 0.937838, 11.073, 473.996
2044, 0.340397, 4.65656e-06, 5.55381e-07, 0, 0.0092124, 0.098741, 0, 0, 0.107959, 3.76262, 5.00709, 1.07764, 0.937904, 11.0534, 471.017
2045, 0.37578, 4.20884e-06, 5.76877e-07, 0, 0.0102537, 0.107925, 0, 0, 0.118184, 4.14488, 5.41708, 0.978753, 0.93797, 11.0338, 473.733
2046, 0.431307, 3.4547e-06, 6.09329e-07, 0, 0.0119452, 0.121932, 0, 0, 0.133881, 4.74977, 6.01824, 0.840934, 0.938036, 11.0141, 477.59
2047, 0.427944, 3.40241e-06, 6.20282e-07, 0, 0.011921, 0.120885, 0, 0, 0.13281, 4.70589, 5.93934, 0.848763, 0.938102, 10.9946, 477.176
2048, 0.372679, 4.02181e-06, 6.09734e-07, 0, 0.0103446, 0.106737, 0, 0, 0.117086, 4.09171, 5.28095, 0.987037, 0.938169, 10.9752, 472.975
2049, 0.303667, 4.94422e-06, 5.86471e-07, 0, 0.00836955, 0.0888155, 0, 0, 0.0971906, 3.32844, 4.45122, 1.19182, 0.938235, 10.9558, 466.966
2050, 0.240327, 5.9212e-06, 5.58045e-07, 0, 0.00657766, 0.0720161, 0, 0, 0.0786003, 2.62947, 3.66643, 1.42575, 0.9383, 10.9363, 460.314
2051, 0.200108, 6.5778e-06, 5.39623e-07, 0, 0.00545528, 0.0612117, 0, 0, 0.0666741, 2.1851, 3.15259, 1.6089, 0.938366, 10.9166, 455.249
2052, 0.176154, 6.95401e-06, 5.31763e-07, 0, 0.00481605, 0.0546958, 0, 0, 0.0595194, 1.92009, 2.83277, 1.7364, 0.938432, 10.8969, 451.77
2053, 0.150622, 7.40216e-06, 5.21652e-07, 0, 0.00413318, 0.0476093, 0, 0, 0.0517504, 1.63898, 2.48837, 1.89298, 0.938498, 10.8776, 447.587
2054, 0.135911, 7.68757e-06, 5.17147e-07, 0, 0.00374118, 0.0433673, 0, 0, 0.0471167, 1.47588, 2.2767, 1.99576, 0.938564, 10.8584, 444.773
2055, 0.139649, 7.65052e-06, 5.24563e-07, 0, 0.00385314, 0.0441703, 0, 0, 0.0480316, 1.51354, 2.30251, 1.96862, 0.93863, 10.8392, 445.169
2056, 0.141872, 7.72029e-06, 5.28499e-07, 0, 0.00389879, 0.0444481, 0, 0, 0.0483552, 1.53504, 2.31194, 1.95283, 0.938696, 10.82, 445.212
2057, 0.150227, 7.72786e-06, 5.36152e-07, 0, 0.00407834, 0.0462193, 0, 0, 0.0503059, 1.62214, 2.40391, 1.89561, 0.938762, 10.8009, 446.187
2058, 0.191766, 7.12791e-06, 5.68221e-07, 0, 0.00513818, 0.0567043, 0, 0, 0.0618502, 2.06643, 2.91615, 1.65148, 0.938828, 10.7821, 451.997
2059, 0.256968, 6.19313e-06, 6.10596e-07, 0, 0.00681866, 0.0730249, 0, 0, 0.0798504, 2.7646, 3.70386, 1.3588, 0.938894, 10.7636, 459.437
2060, 0.29688, 5.80759e-06, 6.29268e-07, 0, 0.00779244, 0.0826014, 0, 0, 0.0904003, 3.18975, 4.17213, 1.21443, 0.93896, 10.745, 463.066
2061, 0.281205, 6.22213e-06, 6.2071e-07, 0, 0.00732399, 0.0783533, 0, 0, 0.0856841, 3.01702, 3.97744, 1.26867, 0.939026, 10.7262, 461.277
2062, 0.239703, 6.88701e-06, 6.05296e-07, 0, 0.00624934, 0.0679575, 0, 0, 0.0742143, 2.56738, 3.47906, 1.42835, 0.939092, 10.7072, 456.789
2063, 0.212727, 7.26996e-06, 5.99069e-07, 0, 0.00557374, 0.0614093, 0, 0, 0.0669909, 2.27383, 3.16023, 1.54774, 0.939158, 10.6881, 453.599
2064, 0.210618, 7.23588e-06, 6.07569e-07, 0, 0.0055401, 0.0611664, 0, 0, 0.0667144, 2.24703, 3.14132, 1.55771, 0.939224, 10.669, 453.329
2065, 0.205142, 7.37091e-06, 6.09927e-07, 0, 0.00538852, 0.0598459, 0, 0, 0.0652424, 2.18505, 3.08138, 1.58405, 0.93929, 10.6504, 452.524
2066, 0.198746, 7.61268e-06, 6.07904e-07, 0, 0.00518826, 0.0581798, 0, 0, 0.0633763, 2.113, 3.01347, 1.61573, 0.939356, 10.632, 451.525
2067, 0.211488, 7.50651e-06, 6.18766e-07, 0, 0.00547818, 0.0615114, 0, 0, 0.0669977, 2.24422, 3.18686, 1.55359, 0.939422, 10.6134, 453.009
2068, 0.220793, 7.47459e-06, 6.28452e-07, 0, 0.00566311, 0.0639603, 0, 0, 0.0696316, 2.33913, 3.32582, 1.51053, 0.939488, 10.5944, 454.001
2069, 0.209439, 7.77281e-06, 6.29132e-07, 0, 0.00530571, 0.0612058, 0, 0, 0.0665199, 2.21507, 3.22394, 1.56332, 0.939554, 10.5754, 452.503
2070, 0.202234, 7.94334e-06, 6.34872e-07, 0, 0.00506804, 0.059495, 0, 0, 0.0645716, 2.13474, 3.166, 1.59833, 0.93962, 10.5569, 451.482
2071, 0.229929, 7.53469e-06, 6.57988e-07, 0, 0.0057578, 0.0661818, 0, 0, 0.0719479, 2.42226, 3.48776, 1.46998, 0.939686, 10.5388, 454.529
2072, 0.281193, 6.77357e-06, 6.90759e-07, 0, 0.00708745, 0.0783233, 0, 0, 0.0854183, 2.95734, 4.05166, 1.26871, 0.939752, 10.5206, 459.542
2073, 0.318806, 6.17117e-06, 7.18768e-07, 0, 0.00807646, 0.0871722, 0, 0, 0.0952555, 3.34767, 4.45801, 1.14317, 0.939818, 10.5024, 462.732
2074, 0.338089, 5.8171e-06, 7.39165e-07, 0, 0.00857104, 0.091693, 0, 0, 0.100271, 3.54419, 4.66782, 1.08445, 0.939883, 10.484, 464.172
2075, 0.351872, 5.6408e-06, 7.52407e-07, 0, 0.00887706, 0.0947653, 0, 0, 0.103649, 3.6824, 4.82082, 1.04449, 0.93995, 10.4658, 465.054
2076, 0.351311, 5.74576e-06, 7.56244e-07, 0, 0.00877516, 0.0945429, 0, 0, 0.103325, 3.67055, 4.83395, 1.04608, 0.940016, 10.4475, 464.808
2077, 0.3396, 6.16385e-06, 7.47222e-07, 0, 0.00837948, 0.09135, 0, 0, 0.0997364, 3.54174, 4.70751, 1.07999, 0.940082, 10.4292, 463.56
2078, 0.377236, 5.8373e-06, 7.58954e-07, 0, 0.00933623, 0.0991609, 0, 0, 0.108504, 3.92576, 5.06701, 0.974885, 0.940148, 10.4109, 466.039
2079, 0.474943, 4.41136e-06, 8.0666e-07, 0, 0.0119324, 0.120971, 0, 0, 0.132908, 4.93392, 6.05798, 0.74456, 0.940214, 10.3926, 472.342
2080, 0.535971, 3.47467e-06, 8.42386e-07, 0, 0.0135321, 0.134685, 0, 0, 0.148221, 5.55995, 6.68916, 0.623675, 0.94028, 10.3743, 475.733
2081, 0.517407, 3.70242e-06, 8.46447e-07, 0, 0.0129526, 0.130714, 0, 0, 0.143671, 5.3592, 6.53161, 0.658925, 0.940346, 10.3561, 474.566
2082, 0.474378, 4.25108e-06, 8.41955e-07, 0, 0.0117384, 0.121274, 0, 0, 0.133017, 4.90479, 6.11812, 0.745751, 0.940412, 10.338, 471.92
2083, 0.453833, 4.5482e-06, 8.41847e-07, 0, 0.011173, 0.11642, 0, 0, 0.127599, 4.68382, 5.8915, 0.790026, 0.940478, 10.32, 470.434
2084, 0.436427, 4.98704e-06, 8.34433e-07, 0, 0.0106759, 0.111887, 0, 0, 0.122569, 4.49646, 5.67832, 0.829134, 0.940544, 10.3019, 469.001
2085, 0.428119, 5.29995e-06, 8.32298e-07, 0, 0.0103847, 0.109425, 0, 0, 0.119816, 4.40233, 5.57263, 0.848353, 0.94061, 10.2835, 468.13
2086, 0.465017, 4.76016e-06, 8.58076e-07, 0, 0.0113099, 0.117199, 0, 0, 0.128514, 4.7724, 5.93257, 0.765681, 0.940676, 10.2652, 470.217
2087, 0.516559, 4.00618e-06, 8.87815e-07, 0, 0.0126528, 0.128077, 0, 0, 0.140734, 5.29261, 6.42442, 0.660565, 0.940742, 10.2474, 472.998
2088, 0.53699, 3.80927e-06, 8.9958e-07, 0, 0.0131519, 0.132077, 0, 0, 0.145234, 5.4934, 6.60816, 0.621776, 0.940808, 10.2299, 473.873
2089, 0.530188, 4.04373e-06, 8.99863e-07, 0, 0.0129126, 0.130162, 0, 0, 0.14308, 5.41481, 6.52836, 0.634524, 0.940874, 10.2125, 473.237
2090, 0.530231, 4.13641e-06, 9.04854e-07, 0, 0.012864, 0.129722, 0, 0, 0.142592, 5.40552, 6.51304, 0.634442, 0.94094, 10.195, 472.978
2091, 0.547174, 3.90886e-06, 9.19408e-07, 0, 0.0132513, 0.133138, 0, 0, 0.146394, 5.56852, 6.67697, 0.602988, 0.941006, 10.1774, 473.686
2092, 0.545458, 4.02975e-06, 9.24001e-07, 0, 0.0131203, 0.132517, 0, 0, 0.145642, 5.5421, 6.66439, 0.60613, 0.941072, 10.1597, 473.37
2093, 0.517053, 4.69371e-06, 9.11254e-07, 0, 0.0122861, 0.125823, 0, 0, 0.138114, 5.24445, 6.37136, 0.659611, 0.941138, 10.1419, 471.499
2094, 0.517425, 4.8529e-06, 9.12388e-07, 0, 0.0122263, 0.125194, 0, 0, 0.137426, 5.23785, 6.34384, 0.658891, 0.941204, 10.1241, 471.189
2095, 0.571645, 3.99191e-06, 9.44827e-07, 0, 0.0135947, 0.136227, 0, 0, 0.149827, 5.77612, 6.84211, 0.559236, 0.94127, 10.1065, 473.849
2096, 0.614772, 3.31837e-06, 9.72443e-07, 0, 0.0146873, 0.14485, 0, 0, 0.159542, 6.20214, 7.23085, 0.486504, 0.941336, 10.089, 475.764
2097, 0.598035, 3.75462e-06, 9.67128e-07, 0, 0.014223, 0.140614, 0, 0, 0.154842, 6.02416, 7.03761, 0.514105, 0.941402, 10.0716, 474.632
2098, 0.528725, 5.19683e-06, 9.31006e-07, 0, 0.0124146, 0.125079, 0, 0, 0.1375, 5.31701, 6.32848, 0.637287, 0.941468, 10.0538, 470.616
2099, 0.485976, 6.09324e-06, 9.12749e-07, 0, 0.0112524, 0.115438, 0, 0, 0.126697, 4.87667, 5.89482, 0.721596, 0.941534, 10.0352, 467.841
2100, 0.498072, 5.90674e-06, 9.29013e-07, 0, 0.0114578, 0.117765, 0, 0, 0.12923, 4.98833, 6.01347, 0.697011, 0.9416, 10.0168, 468.327
2101, 0.503474, 5.94971e-06, 9.34248e-07, 0, 0.0115431, 0.118302, 0, 0, 0.129852, 5.03131, 6.03373, 0.686223, 0.941666, 9.99554, 468.335
2102, 0.534312, 5.48947e-06, 9.53592e-07, 0, 0.0122943, 0.12398, 0, 0, 0.136281, 5.32108, 6.2834, 0.626776, 0.941732, 9.96613, 469.741
2103, 0.608525, 4.05321e-06, 1.00644e-06, 0, 0.0141504, 0.13921, 0, 0, 0.153365, 6.04654, 6.9805, 0.496718, 0.941798, 9.94179, 473.432
2104, 0.643877, 3.31383e-06, 1.04091e-06, 0, 0.0150204, 0.146744, 0, 0, 0.161768, 6.3965, 7.33623, 0.440247, 0.941864, 9.93545, 475.038
2105, 0.634325, 3.44396e-06, 1.04974e-06, 0, 0.0147231, 0.144882, 0, 0, 0.159609, 6.29859, 7.26645, 0.455193, 0.941931, 9.92957, 474.448
2106, 0.635482, 3.42133e-06, 1.05963e-06, 0, 0.0147296, 0.14484, 0, 0, 0.159574, 6.30081, 7.2659, 0.453371, 0.941996, 9.91546, 474.294
2107, 0.653789, 3.09797e-06, 1.07557e-06, 0, 0.015223, 0.1481, 0, 0, 0.163327, 6.47119, 7.40224, 0.42497, 0.942062, 9.89852, 474.913
2108, 0.661424, 2.96415e-06, 1.08713e-06, 0, 0.0154324, 0.149227, 0, 0, 0.164663, 6.53595, 7.44488, 0.41336, 0.942128, 9.88143, 475.036
2109, 0.639009, 3.40167e-06, 1.08549e-06, 0, 0.0148195, 0.144351, 0, 0, 0.159175, 6.30405, 7.2287, 0.447837, 0.942194, 9.86435, 473.771
2110, 0.606727, 4.07634e-06, 1.07792e-06, 0, 0.013918, 0.137438, 0, 0, 0.151362, 5.9752, 6.92589, 0.499676, 0.94226, 9.84732, 471.974
2111, 0.577891, 4.7813e-06, 1.06837e-06, 0, 0.0131025, 0.131058, 0, 0, 0.144167, 5.68147, 6.64481, 0.54837, 0.942326, 9.8304, 470.243
2112, 0.562328, 5.24177e-06, 1.0658e-06, 0, 0.0126207, 0.127331, 0, 0, 0.139958, 5.51813, 6.48624, 0.57567, 0.942392, 9.81335, 469.138
2113, 0.603741, 4.51253e-06, 1.09522e-06, 0, 0.0135973, 0.135161, 0, 0, 0.148764, 5.91308, 6.84703, 0.50461, 0.942458, 9.79597, 470.971
2114, 0.650957, 3.61485e-06, 1.12912e-06, 0, 0.0147388, 0.144275, 0, 0, 0.159019, 6.36474, 7.26206, 0.429311, 0.942524, 9.77765, 473.007
2115, 0.645422, 3.69904e-06, 1.13889e-06, 0, 0.014524, 0.143058, 0, 0, 0.157587, 6.29914, 7.2186, 0.437851, 0.94259, 9.75679, 472.564
2116, 0.625867, 4.07338e-06, 1.14001e-06, 0, 0.0139684, 0.138953, 0, 0, 0.152927, 6.09544, 7.04052, 0.468617, 0.942656, 9.73466, 471.435
2117, 0.606931, 4.56194e-06, 1.13342e-06, 0, 0.0134621, 0.134673, 0, 0, 0.14814, 5.89892, 6.84142, 0.49934, 0.942722, 9.71491, 470.252
2118, 0.554391, 5.82286e-06, 1.10459e-06, 0, 0.0121265, 0.123618, 0, 0, 0.135751, 5.37683, 6.33376, 0.589885, 0.942788, 9.69325, 467.283
2119, 0.51128, 6.76017e-06, 1.09174e-06, 0, 0.0110169, 0.114733, 0, 0, 0.125758, 4.94692, 5.93814, 0.670839, 0.942854, 9.66604, 464.694
2120, 0.528733, 6.31561e-06, 1.12092e-06, 0, 0.0113964, 0.118085, 0, 0, 0.129489, 5.1048, 6.10631, 0.637272, 0.94292, 9.64483, 465.481
2121, 0.599342, 4.8723e-06, 1.16995e-06, 0, 0.0131135, 0.131537, 0, 0, 0.144656, 5.77647, 6.71518, 0.511923, 0.942986, 9.63527, 468.9
2122, 0.66522, 3.63408e-06, 1.20893e-06, 0, 0.0147447, 0.14377, 0, 0, 0.158519, 6.40402, 7.25664, 0.407638, 0.943052, 9.62754, 471.74
2123, 0.663476, 3.82643e-06, 1.21182e-06, 0, 0.0147121, 0.142921, 0, 0, 0.157638, 6.38381, 7.21103, 0.410263, 0.943118, 9.62115, 471.412
2124, 0.605808, 5.17387e-06, 1.18669e-06, 0, 0.0132766, 0.131246, 0, 0, 0.144529, 5.82181, 6.68211, 0.501192, 0.943184, 9.60912, 468.438
2125, 0.596187, 5.43646e-06, 1.19086e-06, 0, 0.0129657, 0.128831, 0, 0, 0.141804, 5.71158, 6.57738, 0.517201, 0.94325, 9.58392, 467.678
2126, 0.631994, 4.73431e-06, 1.21847e-06, 0, 0.0137351, 0.135143, 0, 0, 0.148885, 6.03148, 6.86683, 0.458876, 0.943316, 9.54879, 469.113
2127, 0.611151, 5.35075e-06, 1.20776e-06, 0, 0.0131836, 0.130631, 0, 0, 0.143822, 5.82163, 6.65768, 0.492412, 0.943381, 9.53085, 467.847
2128, 0.598258, 5.73031e-06, 1.20573e-06, 0, 0.0128604, 0.127946, 0, 0, 0.140813, 5.69982, 6.53627, 0.513733, 0.943448, 9.53172, 467.02
2129, 0.657842, 4.36927e-06, 1.25593e-06, 0, 0.014254, 0.139243, 0, 0, 0.153502, 6.26177, 7.06127, 0.41879, 0.943514, 9.52157, 469.676
2130, 0.70943, 3.19665e-06, 1.30067e-06, 0, 0.0154461, 0.148821, 0, 0, 0.164271, 6.74056, 7.50559, 0.343293, 0.94358, 9.50232, 471.755
2131, 0.724547, 2.88429e-06, 1.32013e-06, 0, 0.015777, 0.151393, 0, 0, 0.167174, 6.87574, 7.62661, 0.322209, 0.943645, 9.4898, 472.189
2132, 0.727388, 2.85699e-06, 1.33156e-06, 0, 0.0158121, 0.151627, 0, 0, 0.167443, 6.89521, 7.64069, 0.318296, 0.943712, 9.47941, 472.098
2133, 0.727169, 2.90019e-06, 1.34133e-06, 0, 0.015761, 0.151212, 0, 0, 0.166977, 6.88245, 7.62557, 0.318596, 0.943778, 9.46465, 471.862
2134, 0.718214, 3.14594e-06, 1.34625e-06, 0, 0.015503, 0.14913, 0, 0, 0.164638, 6.78616, 7.5343, 0.330988, 0.943844, 9.44812, 471.253
2135, 0.684018, 3.94526e-06, 1.33877e-06, 0, 0.0146268, 0.142405, 0, 0, 0.157037, 6.45079, 7.23634, 0.379771, 0.94391, 9.42981, 469.558
2136, 0.658293, 4.52309e-06, 1.33709e-06, 0, 0.013934, 0.137245, 0, 0, 0.151184, 6.19084, 7.01015, 0.418106, 0.943976, 9.40569, 468.176
2137, 0.680046, 4.02725e-06, 1.36024e-06, 0, 0.0143855, 0.140899, 0, 0, 0.15529, 6.37915, 7.17893, 0.385595, 0.944042, 9.38288, 468.906
2138, 0.701179, 3.57184e-06, 1.38308e-06, 0, 0.0148275, 0.144631, 0, 0, 0.159464, 6.57131, 7.35474, 0.354992, 0.944108, 9.37263, 469.631
2139, 0.701177, 3.61353e-06, 1.39447e-06, 0, 0.0147656, 0.144457, 0, 0, 0.159227, 6.56635, 7.35607, 0.354994, 0.944174, 9.36491, 469.439
2140, 0.708461, 3.50176e-06, 1.40758e-06, 0, 0.0149171, 0.145379, 0, 0, 0.160301, 6.62495, 7.3982, 0.34466, 0.94424, 9.35153, 469.517
2141, 0.722771, 3.20815e-06, 1.42336e-06, 0, 0.0152619, 0.147532, 0, 0, 0.162799, 6.74743, 7.49038, 0.324663, 0.944306, 9.33576, 469.881
2142, 0.727434, 3.08117e-06, 1.43468e-06, 0, 0.0153627, 0.148072, 0, 0, 0.163439, 6.77955, 7.51244, 0.318232, 0.944372, 9.3198, 469.868
2143, 0.724753, 3.12831e-06, 1.44293e-06, 0, 0.0152646, 0.147308, 0, 0, 0.162577, 6.74308, 7.47969, 0.321924, 0.944438, 9.30384, 469.551
2144, 0.718566, 3.3182e-06, 1.4507e-06, 0, 0.0150481, 0.145842, 0, 0, 0.160895, 6.67398, 7.4208, 0.330497, 0.944504, 9.28773, 469.068
2145, 0.713149, 3.49089e-06, 1.46047e-06, 0, 0.0148464, 0.144515, 0, 0, 0.159366, 6.61203, 7.3683, 0.338064, 0.94457, 9.27151, 468.613
2146, 0.710478, 3.54033e-06, 1.47195e-06, 0, 0.0147455, 0.143742, 0, 0, 0.158492, 6.57572, 7.33497, 0.341818, 0.944636, 9.25523, 468.291
2147, 0.699307, 3.75069e-06, 1.47878e-06, 0, 0.0144608, 0.141535, 0, 0, 0.156001, 6.46117, 7.23561, 0.357666, 0.944702, 9.23892, 467.631
2148, 0.677284, 4.22758e-06, 1.48016e-06, 0, 0.0139133, 0.137426, 0, 0, 0.151345, 6.24682, 7.05277, 0.389665, 0.944768, 9.22267, 466.503
2149, 0.64713, 4.97365e-06, 1.47559e-06, 0, 0.0131781, 0.131787, 0, 0, 0.144971, 5.95832, 6.79949, 0.435208, 0.944834, 9.20613, 464.968
2150, 0.589157, 6.5948e-06, 1.44851e-06, 0, 0.0118152, 0.120892, 0, 0, 0.132715, 5.41386, 6.30136, 0.529062, 0.9449, 9.18683, 461.992
2151, 0.504463, 9.03498e-06, 1.39901e-06, 0, 0.00988109, 0.104888, 0, 0, 0.11478, 4.62144, 5.55953, 0.684261, 0.944966, 9.16071, 457.267
2152, 0.451936, 1.05294e-05, 1.37608e-06, 0, 0.00866303, 0.0949439, 0, 0, 0.103619, 4.12592, 5.10395, 0.794214, 0.945032, 9.13589, 453.952
2153, 0.466637, 1.01187e-05, 1.40421e-06, 0, 0.00891412, 0.0976418, 0, 0, 0.106567, 4.2554, 5.2458, 0.762205, 0.945098, 9.12512, 454.679
2154, 0.519666, 8.60912e-06, 1.45809e-06, 0, 0.0100375, 0.107337, 0, 0, 0.117385, 4.73626, 5.70616, 0.654568, 0.945164, 9.11705, 457.55
2155, 0.587252, 6.71959e-06, 1.51668e-06, 0, 0.0115212, 0.11934, 0, 0, 0.13087, 5.34394, 6.25976, 0.532301, 0.94523, 9.10222, 460.844
2156, 0.644693, 5.27897e-06, 1.56069e-06, 0, 0.0127818, 0.129075, 0, 0, 0.141863, 5.85539, 6.70319, 0.438982, 0.945296, 9.0838, 463.284
2157, 0.663347, 4.98181e-06, 1.5775e-06, 0, 0.0131615, 0.131747, 0, 0, 0.144915, 6.0126, 6.82388, 0.410457, 0.945362, 9.06366, 463.829
2158, 0.632163, 6.03273e-06, 1.56413e-06, 0, 0.0124159, 0.125655, 0, 0, 0.138078, 5.71708, 6.54439, 0.458608, 0.945428, 9.04164, 462.136
2159, 0.586746, 7.33874e-06, 1.54694e-06, 0, 0.0113629, 0.117232, 0, 0, 0.128604, 5.29169, 6.15757, 0.533163, 0.945494, 9.01721, 459.73
2160, 0.577652, 7.34069e-06, 1.56372e-06, 0, 0.0111348, 0.115583, 0, 0, 0.126727, 5.19211, 6.08301, 0.548783, 0.94556, 8.98895, 459.125
2161, 0.590934, 6.76141e-06, 1.59155e-06, 0, 0.0113987, 0.117762, 0, 0, 0.129169, 5.29125, 6.18154, 0.526052, 0.945626, 8.95368, 459.591
2162, 0.569052, 7.8018e-06, 1.56741e-06, 0, 0.0108707, 0.112868, 0, 0, 0.123748, 5.07047, 5.94097, 0.563784, 0.945692, 8.90447, 458.096
2163, 0.518634, 1.00449e-05, 1.50357e-06, 0, 0.00969695, 0.101954, 0, 0, 0.111662, 4.57335, 5.40468, 0.656556, 0.945758, 8.82189, 454.739
2164, 0.544686, 9.48295e-06, 1.52785e-06, 0, 0.00999353, 0.103629, 0, 0, 0.113633, 4.69028, 5.46866, 0.607546, 0.945824, 8.65182, 455.145
2165, 0.622079, 6.75362e-06, 1.62811e-06, 0, 0.0111621, 0.113325, 0, 0, 0.124495, 5.17875, 5.92449, 0.474688, 0.94589, 8.35284, 457.869
2166, 0.639718, 5.79421e-06, 1.68005e-06, 0, 0.011222, 0.114054, 0, 0, 0.125284, 5.20179, 5.96012, 0.446727, 0.945956, 8.13001, 457.93
2167, 0.614255, 6.51833e-06, 1.67656e-06, 0, 0.010879, 0.111704, 0, 0, 0.122591, 5.06892, 5.86232, 0.487345, 0.946022, 8.25752, 457.106
2168, 0.58214, 7.96177e-06, 1.6449e-06, 0, 0.0105715, 0.109455, 0, 0, 0.120036, 4.96277, 5.77325, 0.541044, 0.946088, 8.53596, 456.306
2169, 0.584684, 8.23828e-06, 1.6476e-06, 0, 0.0108152, 0.111652, 0, 0, 0.122477, 5.08651, 5.89138, 0.536684, 0.946154, 8.69996, 456.801
2170, 0.64483, 6.32801e-06, 1.71342e-06, 0, 0.0121522, 0.122759, 0, 0, 0.134919, 5.65313, 6.42351, 0.438769, 0.94622, 8.76351, 459.726
2171, 0.686432, 4.8705e-06, 1.76731e-06, 0, 0.0130831, 0.130282, 0, 0, 0.143371, 6.0345, 6.77843, 0.376249, 0.946286, 8.79009, 461.533
2172, 0.663278, 5.35301e-06, 1.77403e-06, 0, 0.0126169, 0.126675, 0, 0, 0.139299, 5.83658, 6.61278, 0.410562, 0.946352, 8.79956, 460.47
2173, 0.602322, 7.34812e-06, 1.7413e-06, 0, 0.0112846, 0.116259, 0, 0, 0.127553, 5.29981, 6.13492, 0.506964, 0.946418, 8.7989, 457.529
2174, 0.550612, 9.51485e-06, 1.69793e-06, 0, 0.0101184, 0.106893, 0, 0, 0.117023, 4.84207, 5.70522, 0.596724, 0.946484, 8.79403, 454.684
2175, 0.535413, 1.03548e-05, 1.68921e-06, 0, 0.00975852, 0.103839, 0, 0, 0.11361, 4.70455, 5.56661, 0.624716, 0.94655, 8.78705, 453.624
2176, 0.555847, 9.79763e-06, 1.71774e-06, 0, 0.0101887, 0.106974, 0, 0, 0.117175, 4.8787, 5.71194, 0.587262, 0.946616, 8.77788, 454.45
2177, 0.604785, 8.05111e-06, 1.77663e-06, 0, 0.0112263, 0.115153, 0, 0, 0.126389, 5.30172, 6.0909, 0.502883, 0.946682, 8.76718, 456.69
2178, 0.621654, 7.19555e-06, 1.81556e-06, 0, 0.0115891, 0.11811, 0, 0, 0.129708, 5.44315, 6.22681, 0.475372, 0.946748, 8.75552, 457.372
2179, 0.600757, 7.971e-06, 1.81216e-06, 0, 0.0111072, 0.114364, 0, 0, 0.125481, 5.25256, 6.05674, 0.509564, 0.946814, 8.7431, 456.188
2180, 0.626376, 7.48835e-06, 1.83852e-06, 0, 0.0115297, 0.118221, 0, 0, 0.12976, 5.46764, 6.25356, 0.467804, 0.94688, 8.73021, 457.11
2181, 0.66379, 6.51572e-06, 1.87646e-06, 0, 0.0122244, 0.124117, 0, 0, 0.136349, 5.78622, 6.54108, 0.409789, 0.946946, 8.71707, 458.547
2182, 0.617541, 8.36049e-06, 1.8383e-06, 0, 0.0112621, 0.115966, 0, 0, 0.127239, 5.37639, 6.1536, 0.482011, 0.947013, 8.70384, 456.216
2183, 0.504337, 1.26052e-05, 1.73039e-06, 0, 0.00898725, 0.096455, 0, 0, 0.105457, 4.3846, 5.21425, 0.68451, 0.947078, 8.69056, 450.229
2184, 0.429659, 1.55706e-05, 1.65493e-06, 0, 0.00751201, 0.0833226, 0, 0, 0.0908518, 3.72868, 4.57299, 0.844763, 0.947144, 8.67716, 445.556
2185, 0.446491, 1.5194e-05, 1.68058e-06, 0, 0.00781545, 0.0857825, 0, 0, 0.0936148, 3.86722, 4.69428, 0.806336, 0.94721, 8.66353, 446.325
2186, 0.518426, 1.25156e-05, 1.78408e-06, 0, 0.00915072, 0.0979304, 0, 0, 0.107095, 4.48333, 5.2995, 0.656958, 0.947276, 8.64971, 450.297
2187, 0.535809, 1.1786e-05, 1.83495e-06, 0, 0.00942873, 0.100887, 0, 0, 0.110329, 4.62732, 5.45717, 0.623978, 0.947342, 8.63576, 451.08
2188, 0.535142, 1.17435e-05, 1.85729e-06, 0, 0.00939178, 0.100634, 0, 0, 0.11004, 4.61334, 5.44724, 0.625223, 0.947408, 8.62165, 450.863
2189, 0.583153, 9.89443e-06, 1.91884e-06, 0, 0.0103383, 0.108475, 0, 0, 0.118825, 5.01847, 5.81831, 0.539305, 0.947474, 8.60725, 453.114
2190, 0.616944, 8.76361e-06, 1.9589e-06, 0, 0.0109971, 0.113743, 0, 0, 0.12475, 5.30031, 6.0663, 0.482976, 0.94754, 8.5921, 454.504
2191, 0.648402, 7.80166e-06, 1.99646e-06, 0, 0.0115922, 0.118466, 0, 0, 0.130068, 5.56035, 6.29191, 0.433245, 0.947606, 8.57691, 455.684
2192, 0.691574, 6.26035e-06, 2.05214e-06, 0, 0.0124206, 0.125279, 0, 0, 0.137708, 5.92177, 6.61979, 0.368786, 0.947673, 8.56329, 457.36
2193, 0.682914, 6.66853e-06, 2.05799e-06, 0, 0.012228, 0.123585, 0, 0, 0.135822, 5.83902, 6.54, 0.381386, 0.947738, 8.54739, 456.785
2194, 0.604863, 9.7977e-06, 1.9923e-06, 0, 0.0106734, 0.110347, 0, 0, 0.121032, 5.15948, 5.90422, 0.502754, 0.947804, 8.52323, 453.013
2195, 0.540401, 1.22743e-05, 1.94818e-06, 0, 0.00936138, 0.0995367, 0, 0, 0.108912, 4.59592, 5.39294, 0.615444, 0.94787, 8.50034, 449.6
2196, 0.535096, 1.23435e-05, 1.97212e-06, 0, 0.00917382, 0.0988942, 0, 0, 0.108082, 4.54539, 5.38341, 0.625308, 0.947935, 8.49348, 449.23
2197, 0.512629, 1.32675e-05, 1.96105e-06, 0, 0.00871929, 0.0953154, 0, 0, 0.10405, 4.35327, 5.21338, 0.668203, 0.948002, 8.49078, 447.928
2198, 0.447848, 1.55852e-05, 1.90783e-06, 0, 0.00758149, 0.0846759, 0, 0, 0.0922749, 3.79922, 4.67018, 0.803301, 0.948068, 8.48083, 444.144
2199, 0.394597, 1.62028e-05, 1.93186e-06, 0, 0.00673224, 0.0766138, 0, 0, 0.0833642, 3.34163, 4.25258, 0.929891, 0.948134, 8.46737, 440.972
2200, 0.402318, 1.41703e-05, 2.03587e-06, 0, 0.0069868, 0.0787184, 0, 0, 0.0857214, 3.4004, 4.34453, 0.910513, 0.9482, 8.45362, 441.669
2201, 0.462945, 1.13822e-05, 2.12868e-06, 0, 0.0081154, 0.0889337, 0, 0, 0.0970627, 3.90618, 4.84829, 0.770146, 0.948265, 8.43993, 445.273
2202, 0.517955, 9.68512e-06, 2.17543e-06, 0, 0.00908452, 0.097789, 0, 0, 0.106885, 4.36381, 5.29067, 0.657867, 0.948332, 8.42613, 448.083
2203, 0.527855, 1.04402e-05, 2.15501e-06, 0, 0.00916681, 0.0985725, 0, 0, 0.107752, 4.44017, 5.33925, 0.638934, 0.948398, 8.41152, 448.197
2204, 0.498606, 1.31325e-05, 2.08172e-06, 0, 0.00849424, 0.092484, 0, 0, 0.100993, 4.18159, 5.04988, 0.695939, 0.948464, 8.38953, 446.081
2205, 0.498153, 1.39959e-05, 2.06572e-06, 0, 0.00836529, 0.0910598, 0, 0, 0.0994411, 4.14629, 4.98228, 0.696848, 0.94853, 8.34254, 445.476
2206, 0.540954, 1.26157e-05, 2.12709e-06, 0, 0.00900597, 0.0968646, 0, 0, 0.105885, 4.46857, 5.28072, 0.61442, 0.948597, 8.28813, 447.26
2207, 0.569807, 1.17937e-05, 2.17879e-06, 0, 0.00944124, 0.10114, 0, 0, 0.110595, 4.70639, 5.51275, 0.562458, 0.948662, 8.28023, 448.466
2208, 0.612945, 1.01917e-05, 2.24085e-06, 0, 0.0102053, 0.107752, 0, 0, 0.11797, 5.06568, 5.84217, 0.48948, 0.948728, 8.27796, 450.333
2209, 0.657075, 8.41433e-06, 2.30089e-06, 0, 0.0110045, 0.114336, 0, 0, 0.125351, 5.42175, 6.15809, 0.419957, 0.948794, 8.25987, 452.096
2210, 0.667091, 7.96279e-06, 2.32656e-06, 0, 0.0112416, 0.116077, 0, 0, 0.127329, 5.51669, 6.23889, 0.404828, 0.94886, 8.27395, 452.454
2211, 0.678649, 7.36921e-06, 2.35338e-06, 0, 0.0115235, 0.11812, 0, 0, 0.129653, 5.62606, 6.33297, 0.387651, 0.948926, 8.29143, 452.89
2212, 0.699542, 6.57359e-06, 2.3858e-06, 0, 0.0119027, 0.121207, 0, 0, 0.133118, 5.79712, 6.48295, 0.35733, 0.948992, 8.28737, 453.589
2213, 0.692836, 7.09942e-06, 2.39108e-06, 0, 0.0117154, 0.119848, 0, 0, 0.131573, 5.73351, 6.42539, 0.366962, 0.949058, 8.27478, 453.087
2214, 0.642374, 9.52644e-06, 2.35111e-06, 0, 0.0107291, 0.111678, 0, 0, 0.122419, 5.3077, 6.0359, 0.442584, 0.949124, 8.261, 450.688
2215, 0.579089, 1.2406e-05, 2.29476e-06, 0, 0.00955056, 0.101519, 0, 0, 0.111084, 4.77609, 5.53936, 0.546299, 0.94919, 8.24607, 447.539
2216, 0.565137, 1.26893e-05, 2.30454e-06, 0, 0.00931016, 0.0992367, 0, 0, 0.108562, 4.65077, 5.41976, 0.570687, 0.949256, 8.2296, 446.699
2217, 0.614155, 1.02134e-05, 2.39066e-06, 0, 0.0101835, 0.106808, 0, 0, 0.117005, 5.04478, 5.79165, 0.487509, 0.949322, 8.21487, 448.881
2218, 0.658482, 8.4102e-06, 2.45992e-06, 0, 0.0109154, 0.113534, 0, 0, 0.124461, 5.40199, 6.1352, 0.417817, 0.949388, 8.20378, 450.674
2219, 0.665854, 8.23605e-06, 2.48753e-06, 0, 0.0109813, 0.114511, 0, 0, 0.125503, 5.45519, 6.19563, 0.406685, 0.949454, 8.19262, 450.803
2220, 0.6595, 8.26223e-06, 2.50993e-06, 0, 0.0108581, 0.113436, 0, 0, 0.124305, 5.39473, 6.14185, 0.416274, 0.94952, 8.17984, 450.37
2221, 0.649342, 8.17038e-06, 2.53482e-06, 0, 0.0107161, 0.111831, 0, 0, 0.122558, 5.30301, 6.05164, 0.431796, 0.949586, 8.16647, 449.795
2222, 0.640835, 8.55718e-06, 2.54731e-06, 0, 0.0105228, 0.110325, 0, 0, 0.120858, 5.22479, 5.98303, 0.444983, 0.949652, 8.15303, 449.227
2223, 0.644275, 9.03876e-06, 2.55221e-06, 0, 0.0104743, 0.110428, 0, 0, 0.120913, 5.24401, 6.00592, 0.439629, 0.949717, 8.13954, 449.11
2224, 0.643201, 9.63693e-06, 2.54805e-06, 0, 0.0104043, 0.109791, 0, 0, 0.120207, 5.22684, 5.97903, 0.441299, 0.949784, 8.12601, 448.795
2225, 0.621668, 1.08052e-05, 2.53337e-06, 0, 0.0100225, 0.106176, 0, 0, 0.116212, 5.04366, 5.79731, 0.47535, 0.94985, 8.11252, 447.614
2226, 0.608142, 1.08922e-05, 2.55892e-06, 0, 0.00980692, 0.104169, 0, 0, 0.113989, 4.92541, 5.69302, 0.497347, 0.949916, 8.09906, 446.885
2227, 0.623368, 9.58001e-06, 2.61957e-06, 0, 0.0100917, 0.106564, 0, 0, 0.116668, 5.03993, 5.80634, 0.472618, 0.949982, 8.08562, 447.472
2228, 0.659153, 8.17776e-06, 2.66818e-06, 0, 0.0106916, 0.11156, 0, 0, 0.122263, 5.32039, 6.05314, 0.416799, 0.950048, 8.07235, 448.797
2229, 0.688327, 7.33567e-06, 2.70011e-06, 0, 0.0111626, 0.115367, 0, 0, 0.126539, 5.54718, 6.24241, 0.373491, 0.950114, 8.05925, 449.741
2230, 0.686427, 7.34197e-06, 2.72083e-06, 0, 0.0111191, 0.114846, 0, 0, 0.125975, 5.5234, 6.21434, 0.376255, 0.95018, 8.04617, 449.469
2231, 0.656196, 8.0639e-06, 2.73385e-06, 0, 0.0106119, 0.110407, 0, 0, 0.12103, 5.27173, 5.98809, 0.421295, 0.950246, 8.03299, 448.088
2232, 0.630087, 8.77841e-06, 2.74708e-06, 0, 0.010159, 0.106509, 0, 0, 0.116679, 5.05331, 5.79232, 0.461897, 0.950312, 8.01975, 446.82
2233, 0.632032, 8.96581e-06, 2.76448e-06, 0, 0.010132, 0.106514, 0, 0, 0.116658, 5.06016, 5.80207, 0.458815, 0.950378, 8.00651, 446.683
2234, 0.643323, 9.05908e-06, 2.77824e-06, 0, 0.0102492, 0.107789, 0, 0, 0.11805, 5.14222, 5.87849, 0.441108, 0.950444, 7.99334, 446.92
2235, 0.632967, 9.87856e-06, 2.77458e-06, 0, 0.0100345, 0.106004, 0, 0, 0.116051, 5.05165, 5.79715, 0.457337, 0.95051, 7.98035, 446.261
2236, 0.607185, 1.08878e-05, 2.77273e-06, 0, 0.00959349, 0.102184, 0, 0, 0.111791, 4.83799, 5.60801, 0.498922, 0.950576, 7.96746, 444.977
2237, 0.606868, 1.04414e-05, 2.80956e-06, 0, 0.00959497, 0.102131, 0, 0, 0.111739, 4.82717, 5.60114, 0.499444, 0.950642, 7.95462, 444.832
2238, 0.631908, 9.31558e-06, 2.85775e-06, 0, 0.00998982, 0.105473, 0, 0, 0.115475, 5.01824, 5.76729, 0.459011, 0.950708, 7.94203, 445.716
2239, 0.651547, 8.77876e-06, 2.88952e-06, 0, 0.0102754, 0.107871, 0, 0, 0.118158, 5.16652, 5.89006, 0.428406, 0.950774, 7.92975, 446.297
2240, 0.643695, 9.03307e-06, 2.90936e-06, 0, 0.0101323, 0.10658, 0, 0, 0.116724, 5.09658, 5.82537, 0.44053, 0.95084, 7.91733, 445.789
2241, 0.628719, 9.48733e-06, 2.9258e-06, 0, 0.00987184, 0.104409, 0, 0, 0.114293, 4.9699, 5.71899, 0.464071, 0.950906, 7.90463, 445.009
2242, 0.622049, 1.00518e-05, 2.93706e-06, 0, 0.00971172, 0.103228, 0, 0, 0.112952, 4.90926, 5.67043, 0.474736, 0.950972, 7.89186, 444.515
2243, 0.603037, 1.12934e-05, 2.936e-06, 0, 0.00933641, 0.100199, 0, 0, 0.10955, 4.75171, 5.53087, 0.505776, 0.951038, 7.87907, 443.446
2244, 0.590891, 1.19849e-05, 2.94642e-06, 0, 0.00909789, 0.098144, 0, 0, 0.107257, 4.64804, 5.43077, 0.526124, 0.951104, 7.86623, 442.669
2245, 0.595922, 1.16304e-05, 2.97651e-06, 0, 0.00917918, 0.0986875, 0, 0, 0.107881, 4.68011, 5.45288, 0.517646, 0.95117, 7.8534, 442.718
2246, 0.567166, 1.25301e-05, 2.98805e-06, 0, 0.00873116, 0.0946555, 0, 0, 0.103402, 4.44752, 5.24455, 0.567103, 0.951236, 7.8406, 441.296
2247, 0.548273, 1.34152e-05, 2.99642e-06, 0, 0.00839699, 0.0917157, 0, 0, 0.100129, 4.29158, 5.09788, 0.600983, 0.951302, 7.82784, 440.192
2248, 0.591587, 1.19624e-05, 3.03589e-06, 0, 0.00903025, 0.0973716, 0, 0, 0.106417, 4.62253, 5.39036, 0.524947, 0.951368, 7.81512, 441.914
2249, 0.628673, 1.04103e-05, 3.08046e-06, 0, 0.00960133, 0.10239, 0, 0, 0.112005, 4.90499, 5.64546, 0.464144, 0.951434, 7.80243, 443.352
2250, 0.624642, 1.03083e-05, 3.10835e-06, 0, 0.00953814, 0.101788, 0, 0, 0.11134, 4.86596, 5.61251, 0.470577, 0.9515, 7.78974, 443.04
2251, 0.617157, 1.05414e-05, 3.1289e-06, 0, 0.00939917, 0.100648, 0, 0, 0.11006, 4.79969, 5.55667, 0.482631, 0.951566, 7.77704, 442.557
2252, 0.611161, 1.08189e-05, 3.14792e-06, 0, 0.00927797, 0.0996398, 0, 0, 0.108932, 4.74548, 5.50845, 0.492395, 0.951632, 7.76438, 442.113
2253, 0.58837, 1.16769e-05, 3.16093e-06, 0, 0.00890304, 0.0963056, 0, 0, 0.105223, 4.56131, 5.33888, 0.530399, 0.951698, 7.75176, 440.928
2254, 0.563228, 1.27417e-05, 3.17076e-06, 0, 0.00848102, 0.0926352, 0, 0, 0.101132, 4.35918, 5.15492, 0.574071, 0.951764, 7.73917, 439.596
2255, 0.549731, 1.33722e-05, 3.18627e-06, 0, 0.00824071, 0.0906288, 0, 0, 0.0988861, 4.24771, 5.05762, 0.598326, 0.95183, 7.72658, 438.789
2256, 0.537349, 1.37884e-05, 3.2069e-06, 0, 0.00804492, 0.0887573, 0, 0, 0.0968192, 4.14527, 4.96005, 0.621108, 0.951896, 7.71402, 438.025
2257, 0.538027, 1.38855e-05, 3.22857e-06, 0, 0.00803771, 0.0886054, 0, 0, 0.0966602, 4.14338, 4.95421, 0.619847, 0.951962, 7.70147, 437.848
2258, 0.566777, 1.31279e-05, 3.25633e-06, 0, 0.0084352, 0.0922573, 0, 0, 0.100709, 4.35742, 5.15098, 0.56779, 0.952028, 7.68896, 438.958
2259, 0.591405, 1.22709e-05, 3.28819e-06, 0, 0.00878743, 0.0953913, 0, 0, 0.104194, 4.53983, 5.31495, 0.525255, 0.952094, 7.67647, 439.862
2260, 0.569481, 1.3e-05, 3.30588e-06, 0, 0.0084554, 0.09224, 0, 0, 0.100712, 4.36513, 5.1471, 0.563029, 0.95216, 7.66398, 438.704
2261, 0.52287, 1.49625e-05, 3.30894e-06, 0, 0.0077392, 0.0854554, 0, 0, 0.0932129, 4.00125, 4.78911, 0.648422, 0.952226, 7.65146, 436.251
2262, 0.514963, 1.56241e-05, 3.32527e-06, 0, 0.00758161, 0.083785, 0, 0, 0.0913855, 3.93356, 4.70123, 0.66366, 0.952292, 7.63895, 435.533
2263, 0.539039, 1.49278e-05, 3.35773e-06, 0, 0.00790008, 0.0867165, 0, 0, 0.0946348, 4.11069, 4.85915, 0.617967, 0.952358, 7.62624, 436.45
2264, 0.54325, 1.49125e-05, 3.38071e-06, 0, 0.00793093, 0.0872494, 0, 0, 0.0951986, 4.13603, 4.89541, 0.610185, 0.952424, 7.61309, 436.502
2265, 0.558872, 1.4539e-05, 3.40237e-06, 0, 0.00811942, 0.089306, 0, 0, 0.0974434, 4.24749, 5.01404, 0.581835, 0.95249, 7.60042, 437.075
2266, 0.593094, 1.35076e-05, 3.43156e-06, 0, 0.00857921, 0.0937547, 0, 0, 0.102351, 4.50085, 5.25673, 0.522402, 0.952556, 7.58882, 438.431
2267, 0.571378, 1.48686e-05, 3.43423e-06, 0, 0.0082414, 0.090639, 0, 0, 0.0988987, 4.33027, 5.09708, 0.559705, 0.952623, 7.57708, 437.268
2268, 0.498754, 1.88173e-05, 3.39554e-06, 0, 0.00716734, 0.0803994, 0, 0, 0.0875889, 3.77385, 4.55907, 0.695641, 0.952688, 7.56475, 433.514
2269, 0.478738, 2.02097e-05, 3.39272e-06, 0, 0.00684698, 0.0771956, 0, 0, 0.0840662, 3.61521, 4.39275, 0.736601, 0.952754, 7.5523, 432.176
2270, 0.529657, 1.7379e-05, 3.46963e-06, 0, 0.00756508, 0.0839162, 0, 0, 0.0915022, 3.99285, 4.74659, 0.635527, 0.95282, 7.54003, 434.561
2271, 0.563836, 1.5226e-05, 3.53865e-06, 0, 0.00804663, 0.0885898, 0, 0, 0.0966551, 4.24443, 4.99332, 0.572992, 0.952886, 7.52798, 436.074
2272, 0.560406, 1.51865e-05, 3.56947e-06, 0, 0.00798271, 0.0881767, 0, 0, 0.0961781, 4.21209, 4.97477, 0.579094, 0.952952, 7.51602, 435.799
2273, 0.570403, 1.48105e-05, 3.59824e-06, 0, 0.00811031, 0.0892361, 0, 0, 0.0973648, 4.28008, 5.02954, 0.561413, 0.953018, 7.50406, 436.041
2274, 0.574002, 1.48228e-05, 3.62131e-06, 0, 0.00814765, 0.0892372, 0, 0, 0.0974032, 4.30077, 5.02424, 0.555123, 0.953084, 7.49204, 435.928
2275, 0.523493, 1.71721e-05, 3.62159e-06, 0, 0.00741991, 0.0820466, 0, 0, 0.0894873, 3.91655, 4.63616, 0.647232, 0.95315, 7.47998, 433.271
2276, 0.488118, 1.87906e-05, 3.63128e-06, 0, 0.00689611, 0.0771111, 0, 0, 0.0840296, 3.64519, 4.37496, 0.717198, 0.953216, 7.46792, 431.287
2277, 0.525786, 1.71883e-05, 3.67303e-06, 0, 0.00739045, 0.0821485, 0, 0, 0.0895598, 3.9195, 4.65338, 0.642861, 0.953282, 7.45609, 433.045
2278, 0.588253, 1.4659e-05, 3.72229e-06, 0, 0.00823071, 0.0903748, 0, 0, 0.0986238, 4.37914, 5.10162, 0.530598, 0.953348, 7.44541, 435.8
2279, 0.621272, 1.363e-05, 3.75531e-06, 0, 0.00865685, 0.0944641, 0, 0, 0.103138, 4.62041, 5.32536, 0.475987, 0.953414, 7.43716, 437.025
2280, 0.604288, 1.48037e-05, 3.76617e-06, 0, 0.00838953, 0.0919122, 0, 0, 0.10032, 4.49029, 5.19163, 0.503704, 0.95348, 7.43017, 436.063
2281, 0.567474, 1.6628e-05, 3.7727e-06, 0, 0.00785739, 0.0868789, 0, 0, 0.0947567, 4.21174, 4.92481, 0.566559, 0.953546, 7.42118, 434.225
2282, 0.526606, 1.8612e-05, 3.77669e-06, 0, 0.00727913, 0.0813179, 0, 0, 0.0886195, 3.90278, 4.62956, 0.641302, 0.953612, 7.40998, 432.108
2283, 0.48434, 2.08965e-05, 3.77389e-06, 0, 0.00667273, 0.0754684, 0, 0, 0.0821658, 3.58343, 4.31921, 0.724969, 0.953678, 7.398, 429.757
2284, 0.494376, 2.05242e-05, 3.80497e-06, 0, 0.0067785, 0.0766427, 0, 0, 0.0834455, 3.65086, 4.38604, 0.704458, 0.953744, 7.38586, 430.086
2285, 0.538645, 1.82558e-05, 3.8617e-06, 0, 0.00736084, 0.0824488, 0, 0, 0.0898317, 3.97116, 4.70171, 0.618698, 0.95381, 7.37368, 432.138
2286, 0.572082, 1.66744e-05, 3.9075e-06, 0, 0.00778734, 0.0869056, 0, 0, 0.0947135, 4.21097, 4.95169, 0.558473, 0.953876, 7.36149, 433.589
2287, 0.583834, 1.6244e-05, 3.93935e-06, 0, 0.00791358, 0.0885113, 0, 0, 0.0964451, 4.29084, 5.05037, 0.538139, 0.953942, 7.3496, 434.006
2288, 0.568598, 1.71037e-05, 3.95814e-06, 0, 0.00768583, 0.0863169, 0, 0, 0.0940238, 4.17281, 4.93394, 0.564582, 0.954008, 7.338, 433.122
2289, 0.516271, 1.99918e-05, 3.9512e-06, 0, 0.00696063, 0.079024, 0, 0, 0.0860086, 3.78289, 4.53591, 0.661123, 0.954074, 7.32448, 430.357
2290, 0.461706, 2.36701e-05, 3.91333e-06, 0, 0.00617929, 0.0715063, 0, 0, 0.0777132, 3.37515, 4.13777, 0.772827, 0.95414, 7.30362, 427.266
2291, 0.441894, 2.62698e-05, 3.86293e-06, 0, 0.00583546, 0.0687082, 0, 0, 0.0745739, 3.22078, 4.00995, 0.816685, 0.954206, 7.27797, 425.948
2292, 0.446405, 2.64398e-05, 3.87793e-06, 0, 0.00585437, 0.0690857, 0, 0, 0.0749704, 3.24137, 4.03863, 0.806529, 0.954272, 7.25369, 425.978
2293, 0.463752, 2.48271e-05, 3.94949e-06, 0, 0.00607412, 0.0709746, 0, 0, 0.0770774, 3.34561, 4.13154, 0.768406, 0.954338, 7.21057, 426.658
2294, 0.436818, 2.74546e-05, 3.91228e-06, 0, 0.00567482, 0.0668857, 0, 0, 0.0725918, 3.13145, 3.91184, 0.828238, 0.954404, 7.16594, 424.803
2295, 0.378771, 3.28293e-05, 3.80719e-06, 0, 0.0048714, 0.0589592, 0, 0, 0.0638672, 2.71103, 3.49262, 0.970823, 0.95447, 7.15986, 421.029
2296, 0.391207, 3.17807e-05, 3.871e-06, 0, 0.00503796, 0.0607212, 0, 0, 0.0657948, 2.80496, 3.59116, 0.93852, 0.954536, 7.17002, 421.749
2297, 0.453218, 2.64422e-05, 4.0451e-06, 0, 0.00586913, 0.0689592, 0, 0, 0.0748588, 3.25146, 4.0333, 0.791383, 0.954602, 7.17318, 425.323
2298, 0.454305, 2.51995e-05, 4.1323e-06, 0, 0.00590817, 0.069062, 0, 0, 0.0749995, 3.25731, 4.02935, 0.788985, 0.954668, 7.16982, 425.255
2299, 0.421814, 2.63629e-05, 4.16207e-06, 0, 0.00550241, 0.0648359, 0, 0, 0.0703689, 3.0206, 3.79363, 0.863191, 0.954734, 7.16311, 423.3
2300, 0.419472, 2.6107e-05, 4.20073e-06, 0, 0.0054743, 0.0646237, 0, 0, 0.0701283, 3.00002, 3.78357, 0.868757, 0.9548, 7.15663, 423.08
2301, 0.445391, 2.49191e-05, 4.23895e-06, 0, 0.0057835, 0.0680152, 0, 0, 0.0738278, 3.18202, 3.97854, 0.808802, 0.954866, 7.14971, 424.434
2302, 0.46775, 2.41442e-05, 4.27056e-06, 0, 0.00604139, 0.0708228, 0, 0, 0.0768926, 3.33907, 4.13982, 0.759822, 0.954932, 7.14172, 425.487
2303, 0.451527, 2.50473e-05, 4.29399e-06, 0, 0.00582793, 0.0686435, 0, 0, 0.0745008, 3.22037, 4.01928, 0.795119, 0.954998, 7.13328, 424.452
2304, 0.431588, 2.62851e-05, 4.31336e-06, 0, 0.00555702, 0.0658178, 0, 0, 0.0714055, 3.07356, 3.86348, 0.840284, 0.955064, 7.12285, 423.111
2305, 0.450615, 2.57801e-05, 4.34189e-06, 0, 0.00576236, 0.0678749, 0, 0, 0.0736674, 3.20285, 3.98091, 0.797142, 0.95513, 7.11058, 423.885
2306, 0.485447, 2.45397e-05, 4.37568e-06, 0, 0.00616647, 0.0719194, 0, 0, 0.0781147, 3.44472, 4.20619, 0.722685, 0.955196, 7.09938, 425.458
2307, 0.511294, 2.36059e-05, 4.41237e-06, 0, 0.00647094, 0.0747557, 0, 0, 0.0812546, 3.62365, 4.35826, 0.67081, 0.955262, 7.09087, 426.482
2308, 0.532653, 2.29328e-05, 4.4407e-06, 0, 0.00671524, 0.0771916, 0, 0, 0.0839342, 3.77165, 4.49604, 0.629885, 0.955328, 7.08334, 427.309
2309, 0.543387, 2.37434e-05, 4.43201e-06, 0, 0.00677771, 0.0783581, 0, 0, 0.085164, 3.84381, 4.58321, 0.609934, 0.955394, 7.07477, 427.614
2310, 0.555316, 2.47689e-05, 4.42818e-06, 0, 0.00682437, 0.079462, 0, 0, 0.0863155, 3.92271, 4.6688, 0.588218, 0.95546, 7.06501, 427.886
2311, 0.578785, 2.41424e-05, 4.47063e-06, 0, 0.00705597, 0.0819473, 0, 0, 0.0890319, 4.08234, 4.81369, 0.546824, 0.955526, 7.05481, 428.678
2312, 0.605696, 2.22825e-05, 4.53911e-06, 0, 0.00739972, 0.0849006, 0, 0, 0.0923271, 4.26579, 4.96599, 0.501378, 0.955592, 7.04459, 429.631
2313, 0.63963, 1.97642e-05, 4.61535e-06, 0, 0.0078524, 0.0887705, 0, 0, 0.0966473, 4.49913, 5.16338, 0.446866, 0.955658, 7.03436, 430.87
2314, 0.633663, 2.04037e-05, 4.63459e-06, 0, 0.00776765, 0.087911, 0, 0, 0.0957036, 4.45286, 5.1177, 0.456238, 0.955724, 7.02359, 430.456
2315, 0.542278, 2.66638e-05, 4.56791e-06, 0, 0.00663166, 0.0766433, 0, 0, 0.0833063, 3.80675, 4.5008, 0.611977, 0.95579, 7.01129, 426.24
2316, 0.378253, 3.78148e-05, 4.4333e-06, 0, 0.00465698, 0.0559726, 0, 0, 0.0606718, 2.65105, 3.33933, 0.972192, 0.955856, 6.99878, 417.049
2317, 0.246545, 4.6961e-05, 4.34242e-06, 0, 0.00307645, 0.0390778, 0, 0, 0.0422056, 1.7239, 2.38259, 1.40021, 0.955922, 6.98812, 407.012
2318, 0.237706, 4.65888e-05, 4.41282e-06, 0, 0.00296127, 0.0383671, 0, 0, 0.0413794, 1.65823, 2.35197, 1.43672, 0.955988, 6.97692, 406.367
2319, 0.307692, 4.03585e-05, 4.56213e-06, 0, 0.00378043, 0.0480755, 0, 0, 0.0519008, 2.14346, 2.91876, 1.17866, 0.956054, 6.96666, 412.366
2320, 0.361767, 3.75803e-05, 4.59739e-06, 0, 0.00437283, 0.0551171, 0, 0, 0.0595321, 2.51734, 3.33685, 1.01676, 0.95612, 6.95655, 416.042
2321, 0.347174, 4.43362e-05, 4.34862e-06, 0, 0.00409864, 0.0523873, 0, 0, 0.0565347, 2.41059, 3.20652, 1.05793, 0.956186, 6.92853, 414.486
2322, 0.286948, 5.66274e-05, 3.94536e-06, 0, 0.00326248, 0.0433099, 0, 0, 0.046633, 1.97825, 2.71714, 1.24845, 0.956252, 6.85963, 409.099
2323, 0.282223, 5.94115e-05, 3.88852e-06, 0, 0.00312214, 0.0417965, 0, 0, 0.044982, 1.92227, 2.64269, 1.26506, 0.956318, 6.78728, 408.01
2324, 0.371954, 4.77644e-05, 4.30202e-06, 0, 0.00418484, 0.053177, 0, 0, 0.057414, 2.52527, 3.27333, 0.988985, 0.956384, 6.77581, 414.558
2325, 0.466133, 3.46562e-05, 4.73683e-06, 0, 0.00536673, 0.0654182, 0, 0, 0.0708244, 3.17051, 3.93525, 0.763285, 0.95645, 6.79802, 420.348
2326, 0.510684, 2.90763e-05, 4.92171e-06, 0, 0.00593414, 0.0711185, 0, 0, 0.0770866, 3.47843, 4.24011, 0.672004, 0.956516, 6.81248, 422.662
2327, 0.52103, 2.96306e-05, 4.92388e-06, 0, 0.00602718, 0.0721284, 0, 0, 0.0781902, 3.54991, 4.30206, 0.651947, 0.956582, 6.81733, 422.953
2328, 0.49925, 3.31815e-05, 4.8633e-06, 0, 0.00573304, 0.0691384, 0, 0, 0.0749095, 3.39998, 4.14268, 0.694649, 0.956648, 6.81785, 421.597
2329, 0.480185, 3.49781e-05, 4.86585e-06, 0, 0.00549633, 0.0668013, 0, 0, 0.0723375, 3.26855, 4.01782, 0.733585, 0.956714, 6.81497, 420.476
2330, 0.463519, 3.69653e-05, 4.86922e-06, 0, 0.0052692, 0.0648104, 0, 0, 0.0701214, 3.15401, 3.92357, 0.768907, 0.95678, 6.80957, 419.468
2331, 0.424082, 4.0941e-05, 4.83214e-06, 0, 0.00478241, 0.0600443, 0, 0, 0.0648724, 2.88397, 3.67113, 0.857828, 0.956846, 6.80294, 417.144
2332, 0.419195, 4.00862e-05, 4.91183e-06, 0, 0.00473605, 0.0596861, 0, 0, 0.0644672, 2.84836, 3.64781, 0.869419, 0.956912, 6.79538, 416.849
2333, 0.449205, 3.62996e-05, 5.04225e-06, 0, 0.00508961, 0.0634203, 0, 0, 0.0685513, 3.04777, 3.84989, 0.800277, 0.956978, 6.78544, 418.468
2334, 0.443286, 3.71184e-05, 5.05426e-06, 0, 0.00500811, 0.0624195, 0, 0, 0.0674698, 2.99583, 3.79115, 0.81354, 0.957044, 6.76489, 417.898
2335, 0.419208, 4.00017e-05, 5.02021e-06, 0, 0.00470424, 0.0590635, 0, 0, 0.0638127, 2.81532, 3.60354, 0.869389, 0.95711, 6.73452, 416.208
2336, 0.43368, 3.84489e-05, 5.09983e-06, 0, 0.00486628, 0.0607183, 0, 0, 0.0656281, 2.90886, 3.69466, 0.835448, 0.957176, 6.72354, 416.88
2337, 0.441367, 3.79353e-05, 5.15501e-06, 0, 0.00495759, 0.0616616, 0, 0, 0.0666622, 2.96494, 3.74657, 0.817879, 0.957242, 6.72012, 417.203
2338, 0.374463, 4.66206e-05, 4.97999e-06, 0, 0.00416599, 0.0530663, 0, 0, 0.0572839, 2.5066, 3.26518, 0.982263, 0.957308, 6.69283, 412.843
2339, 0.273529, 6.05787e-05, 4.64419e-06, 0, 0.00299304, 0.0401379, 0, 0, 0.0431962, 1.82404, 2.53833, 1.29635, 0.957374, 6.68396, 405.054
2340, 0.202568, 7.20475e-05, 4.3322e-06, 0, 0.00218674, 0.0310436, 0, 0, 0.0333067, 1.35536, 2.02661, 1.59668, 0.95744, 6.70547, 398.121
2341, 0.185478, 7.64303e-05, 4.19562e-06, 0, 0.00198065, 0.0288395, 0, 0, 0.0309008, 1.24451, 1.91304, 1.68482, 0.957506, 6.71522, 396.083
2342, 0.23569, 6.9964e-05, 4.40342e-06, 0, 0.00252139, 0.0353034, 0, 0, 0.0378991, 1.57949, 2.29275, 1.44524, 0.957572, 6.70986, 401.248
2343, 0.30784, 5.80148e-05, 4.84262e-06, 0, 0.00333185, 0.0446823, 0, 0, 0.048077, 2.06038, 2.82524, 1.17818, 0.957638, 6.70096, 407.464
2344, 0.32072, 5.49008e-05, 5.02397e-06, 0, 0.00348933, 0.0464202, 0, 0, 0.0499695, 2.14434, 2.91866, 1.13719, 0.957704, 6.69167, 408.394
2345, 0.287713, 5.93943e-05, 4.96034e-06, 0, 0.00311877, 0.0422745, 0, 0, 0.0454576, 1.92203, 2.68482, 1.24579, 0.95777, 6.68233, 405.723
2346, 0.272565, 6.09484e-05, 4.99938e-06, 0, 0.00293504, 0.0403832, 0, 0, 0.0433842, 1.81973, 2.58224, 1.29988, 0.957836, 6.67294, 404.359
2347, 0.260965, 6.21173e-05, 5.04398e-06, 0, 0.00280258, 0.0387398, 0, 0, 0.0416096, 1.74043, 2.48334, 1.34337, 0.957902, 6.66346, 403.133
2348, 0.251924, 6.35052e-05, 5.04379e-06, 0, 0.00271134, 0.0373866, 0, 0, 0.0401665, 1.67755, 2.39575, 1.37863, 0.957968, 6.65381, 402.084
2349, 0.240427, 6.7772e-05, 4.90176e-06, 0, 0.00257281, 0.0356128, 0, 0, 0.0382583, 1.59939, 2.29241, 1.42534, 0.958034, 6.64397, 400.69
2350, 0.189483, 7.99894e-05, 4.50415e-06, 0, 0.00199097, 0.0285223, 0, 0, 0.0305977, 1.25871, 1.88162, 1.66345, 0.9581, 6.63033, 394.803
2351, 0.128107, 9.50643e-05, 3.94447e-06, 0, 0.00131215, 0.0198723, 0, 0, 0.0212835, 0.846904, 1.36603, 2.05489, 0.958166, 6.5944, 385.661
2352, 0.108235, 0.000102457, 3.59921e-06, 0, 0.00108627, 0.0166919, 0, 0, 0.0178842, 0.706561, 1.16621, 2.22345, 0.958232, 6.51864, 381.366
2353, 0.167687, 9.05275e-05, 4.10688e-06, 0, 0.0016869, 0.0243908, 0, 0, 0.0261723, 1.08596, 1.6285, 1.78566, 0.958298, 6.45523, 390.526
2354, 0.262393, 7.03803e-05, 4.98235e-06, 0, 0.00266492, 0.036955, 0, 0, 0.0396952, 1.70094, 2.38632, 1.33791, 0.958364, 6.45625, 401.085
2355, 0.301245, 6.1941e-05, 5.38025e-06, 0, 0.00308308, 0.0420934, 0, 0, 0.0452438, 1.95612, 2.68936, 1.19983, 0.95843, 6.48041, 404.443
2356, 0.279458, 6.63582e-05, 5.29391e-06, 0, 0.002846, 0.0392337, 0, 0, 0.0421513, 1.8152, 2.5244, 1.2749, 0.958496, 6.49338, 402.442
2357, 0.254066, 7.36372e-05, 5.0669e-06, 0, 0.0025403, 0.0358382, 0, 0, 0.0384572, 1.64882, 2.33897, 1.37016, 0.958562, 6.49718, 399.91
2358, 0.256876, 7.609e-05, 4.97791e-06, 0, 0.00255659, 0.0357091, 0, 0, 0.0383467, 1.66569, 2.32078, 1.35916, 0.958628, 6.49634, 399.721
2359, 0.315248, 6.91374e-05, 5.1935e-06, 0, 0.00315038, 0.042407, 0, 0, 0.0456318, 2.04367, 2.70354, 1.15439, 0.958694, 6.49291, 404.213
2360, 0.388991, 5.85793e-05, 5.56519e-06, 0, 0.0038746, 0.0515274, 0, 0, 0.0554661, 2.52214, 3.26024, 0.944199, 0.95876, 6.48848, 409.395
2361, 0.400127, 5.61663e-05, 5.7246e-06, 0, 0.00397127, 0.0531895, 0, 0, 0.0572227, 2.59534, 3.37594, 0.915974, 0.958826, 6.48341, 410.138
2362, 0.363486, 6.235e-05, 5.59088e-06, 0, 0.00358313, 0.0488468, 0, 0, 0.0524979, 2.35785, 3.13293, 1.01201, 0.958892, 6.47774, 407.658
2363, 0.302424, 7.47586e-05, 5.2019e-06, 0, 0.00293828, 0.0412969, 0, 0, 0.0443151, 1.95961, 2.70105, 1.19593, 0.958958, 6.47158, 402.973
2364, 0.274558, 8.04568e-05, 5.03338e-06, 0, 0.00265377, 0.0376786, 0, 0, 0.0404179, 1.77463, 2.48342, 1.29259, 0.959024, 6.46515, 400.419
2365, 0.328488, 7.08485e-05, 5.38939e-06, 0, 0.00320874, 0.044056, 0, 0, 0.047341, 2.11966, 2.84659, 1.11325, 0.95909, 6.45834, 404.514
2366, 0.346661, 6.79388e-05, 5.52935e-06, 0, 0.00339532, 0.0460801, 0, 0, 0.0495489, 2.23535, 2.95687, 1.05941, 0.959156, 6.45155, 405.629
2367, 0.264707, 8.23808e-05, 5.13005e-06, 0, 0.0025707, 0.0360455, 0, 0, 0.0387037, 1.70587, 2.36297, 1.32913, 0.959222, 6.4447, 398.941
2368, 0.179632, 9.76432e-05, 4.71392e-06, 0, 0.00171859, 0.0257714, 0, 0, 0.0275924, 1.15745, 1.76161, 1.71685, 0.959288, 6.43781, 390.161
2369, 0.135631, 0.000106227, 4.49404e-06, 0, 0.00128736, 0.0203037, 0, 0, 0.0217018, 0.872942, 1.42882, 1.99782, 0.959354, 6.43078, 384.125
2370, 0.0967726, 0.00011483, 4.21693e-06, 0, 0.000930594, 0.0148934, 0, 0, 0.015943, 0.621296, 1.0566, 2.33539, 0.95942, 6.42391, 376.667
2371, 0.0693915, 0.000121597, 3.96053e-06, 0, 0.000689876, 0.0109389, 0, 0, 0.0117544, 0.444334, 0.773561, 2.66799, 0.959486, 6.41529, 369.567
2372, 0.100722, 0.000112407, 4.42069e-06, 0, 0.000995624, 0.0152368, 0, 0, 0.0163492, 0.640212, 1.04977, 2.29539, 0.959552, 6.39431, 377.036
2373, 0.180037, 9.35039e-05, 5.26627e-06, 0, 0.00171732, 0.0254669, 0, 0, 0.027283, 1.12657, 1.71394, 1.71459, 0.959618, 6.33055, 389.321
2374, 0.255488, 7.98005e-05, 5.77936e-06, 0, 0.0023773, 0.0344832, 0, 0, 0.0369461, 1.57843, 2.28592, 1.36458, 0.959684, 6.246, 396.938
2375, 0.268569, 8.08788e-05, 5.69463e-06, 0, 0.00249208, 0.0359968, 0, 0, 0.0385755, 1.66592, 2.38101, 1.31465, 0.95975, 6.25374, 397.951
2376, 0.197379, 9.98041e-05, 4.97796e-06, 0, 0.00184396, 0.0273027, 0, 0, 0.0292515, 1.24106, 1.84344, 1.62263, 0.959816, 6.32478, 390.736
2377, 0.112001, 0.000120948, 4.21032e-06, 0, 0.00104753, 0.0166489, 0, 0, 0.0178216, 0.711453, 1.1895, 2.18925, 0.959882, 6.35475, 378.52
2378, 0.0821913, 0.000129482, 3.93252e-06, 0, 0.000754604, 0.0129501, 0, 0, 0.0138381, 0.523174, 0.9767, 2.49871, 0.959948, 6.35084, 372.516
2379, 0.0998581, 0.00012508, 4.25348e-06, 0, 0.000900265, 0.0153766, 0, 0, 0.0164062, 0.634079, 1.15065, 2.30401, 0.960014, 6.34143, 376.353
2380, 0.138005, 0.000115792, 4.76067e-06, 0, 0.00123498, 0.0202153, 0, 0, 0.0215708, 0.87304, 1.46581, 1.98047, 0.96008, 6.32506, 382.764
2381, 0.182124, 0.000108369, 5.06164e-06, 0, 0.00161481, 0.0254026, 0, 0, 0.0271308, 1.14537, 1.79075, 1.70307, 0.960146, 6.2679, 388.293
2382, 0.174009, 0.000113934, 4.79888e-06, 0, 0.00152186, 0.0237535, 0, 0, 0.0253941, 1.08166, 1.66959, 1.74865, 0.960212, 6.13205, 386.539
2383, 0.103797, 0.000134127, 3.89251e-06, 0, 0.000889849, 0.0143236, 0, 0, 0.0153514, 0.631851, 1.03925, 2.26531, 0.960278, 6.02446, 374.369
2384, 0.0636531, 0.000145761, 3.39512e-06, 0, 0.000541697, 0.0092923, 0, 0, 0.00998316, 0.385588, 0.709863, 2.75431, 0.960344, 6.07114, 364.533
2385, 0.0715967, 0.000142152, 3.72867e-06, 0, 0.000616841, 0.0107885, 0, 0, 0.0115513, 0.441955, 0.829678, 2.63671, 0.96041, 6.15673, 367.667
2386, 0.0836767, 0.000136796, 4.14996e-06, 0, 0.000728484, 0.012621, 0, 0, 0.0134904, 0.519654, 0.961381, 2.48079, 0.960476, 6.19054, 371.069
2387, 0.0960848, 0.000133128, 4.40356e-06, 0, 0.000836583, 0.014326, 0, 0, 0.0153001, 0.59741, 1.07875, 2.34252, 0.960542, 6.19766, 373.858
2388, 0.111023, 0.000131022, 4.51922e-06, 0, 0.000955745, 0.0162363, 0, 0, 0.0173276, 0.689369, 1.21279, 2.19802, 0.960608, 6.19741, 376.658
2389, 0.140741, 0.000123497, 4.9303e-06, 0, 0.00120364, 0.0200363, 0, 0, 0.0213683, 0.872299, 1.46744, 1.96083, 0.960674, 6.19167, 381.55
2390, 0.14779, 0.000122115, 5.05649e-06, 0, 0.00126505, 0.0207963, 0, 0, 0.0221885, 0.9141, 1.50656, 1.91196, 0.96074, 6.17104, 382.353
2391, 0.11231, 0.000135052, 4.46865e-06, 0, 0.00095353, 0.0158689, 0, 0, 0.0169619, 0.687587, 1.16787, 2.18649, 0.960806, 6.09773, 375.831
2392, 0.109631, 0.00013669, 4.47451e-06, 0, 0.000912958, 0.0153163, 0, 0, 0.0163704, 0.659384, 1.13642, 2.21064, 0.960872, 5.98885, 374.892
2393, 0.15782, 0.000122026, 5.25736e-06, 0, 0.00132154, 0.0215677, 0, 0, 0.0230165, 0.955023, 1.55608, 1.8463, 0.960938, 5.99078, 382.917
2394, 0.18694, 0.000114116, 5.66927e-06, 0, 0.00158207, 0.0254376, 0, 0, 0.0271394, 1.1432, 1.80814, 1.67697, 0.961004, 6.08894, 386.869
2395, 0.176459, 0.000117754, 5.55749e-06, 0, 0.00150078, 0.0242616, 0, 0, 0.0258856, 1.08416, 1.73057, 1.73467, 0.96107, 6.14174, 385.585
2396, 0.136677, 0.00013161, 4.95132e-06, 0, 0.00116198, 0.0191544, 0, 0, 0.0204529, 0.840301, 1.39041, 1.99013, 0.961136, 6.14894, 379.734
2397, 0.104324, 0.000143616, 4.45838e-06, 0, 0.000877837, 0.0148727, 0, 0, 0.0158986, 0.639464, 1.10756, 2.26025, 0.961202, 6.14307, 373.672
2398, 0.126912, 0.000135971, 4.97855e-06, 0, 0.00105764, 0.0178804, 0, 0, 0.019079, 0.775806, 1.32464, 2.06426, 0.961268, 6.13396, 377.855
2399, 0.164449, 0.000124231, 5.6245e-06, 0, 0.00137135, 0.0227722, 0, 0, 0.0242734, 1.00632, 1.65717, 1.80515, 0.961334, 6.1268, 383.564
2400, 0.174482, 0.000123686, 5.65811e-06, 0, 0.00144974, 0.0238628, 0, 0, 0.0254419, 1.0677, 1.72423, 1.74594, 0.9614, 6.11523, 384.612
2401, 0.183868, 0.000123541, 5.69807e-06, 0, 0.00150898, 0.0247803, 0, 0, 0.0264185, 1.12018, 1.78848, 1.69354, 0.961466, 6.08783, 385.435
2402, 0.191335, 0.000122073, 5.85204e-06, 0, 0.00154549, 0.0254812, 0, 0, 0.0271546, 1.15265, 1.84426, 1.65373, 0.961532, 6.00641, 386.009
2403, 0.158528, 0.000132633, 5.43873e-06, 0, 0.00125384, 0.021036, 0, 0, 0.0224279, 0.935633, 1.54709, 1.84183, 0.961598, 5.87721, 381.201
2404, 0.100623, 0.000151615, 4.61337e-06, 0, 0.000786962, 0.0137652, 0, 0, 0.0147084, 0.584259, 1.05616, 2.29637, 0.961664, 5.86287, 371.123
2405, 0.0698354, 0.000160881, 4.3207e-06, 0, 0.000562484, 0.010346, 0, 0, 0.0110737, 0.413035, 0.833249, 2.66161, 0.96173, 5.97432, 364.599
2406, 0.0551597, 0.000167324, 4.07733e-06, 0, 0.000456943, 0.00854737, 0, 0, 0.00917572, 0.332711, 0.702422, 2.89752, 0.961796, 6.04631, 360.364
2407, 0.0463533, 0.000174416, 3.68381e-06, 0, 0.00038274, 0.0071138, 0, 0, 0.00767464, 0.280285, 0.584469, 3.07146, 0.961862, 6.05763, 356.422
2408, 0.0688048, 0.000167741, 4.09181e-06, 0, 0.000553163, 0.0100509, 0, 0, 0.0107759, 0.415416, 0.796841, 2.67648, 0.961928, 6.0521, 363.678
2409, 0.0893636, 0.00016026, 4.59784e-06, 0, 0.000713491, 0.0129137, 0, 0, 0.013792, 0.539854, 1.012, 2.41504, 0.961994, 6.04492, 369.118
2410, 0.0824944, 0.000163694, 4.52264e-06, 0, 0.000658041, 0.0120511, 0, 0, 0.0128774, 0.498315, 0.95629, 2.49502, 0.96206, 6.03479, 367.454
2411, 0.074573, 0.000167432, 4.45894e-06, 0, 0.000592664, 0.0110174, 0, 0, 0.0117819, 0.449683, 0.890599, 2.59598, 0.962126, 6.02389, 365.349
2412, 0.0693562, 0.000170036, 4.44721e-06, 0, 0.000550255, 0.0103277, 0, 0, 0.0110524, 0.417328, 0.845717, 2.6685, 0.962192, 6.00944, 363.82
2413, 0.0618967, 0.000174471, 4.2784e-06, 0, 0.000490874, 0.00924698, 0, 0, 0.00991661, 0.37161, 0.761666, 2.78229, 0.962258, 5.96589, 361.325
2414, 0.0388606, 0.000186677, 3.60687e-06, 0, 0.0003131, 0.00594805, 0, 0, 0.00645143, 0.232583, 0.502881, 3.24778, 0.962324, 5.87703, 352.048
2415, 0.0166217, 0.000198799, 2.90899e-06, 0, 0.000142771, 0.00280459, 0, 0, 0.00314907, 0.0986482, 0.258571, 4.09704, 0.96239, 5.75076, 337.64
2416, 0.0110482, 0.000202585, 2.74157e-06, 0, 0.000100773, 0.00206613, 0, 0, 0.00237223, 0.0647237, 0.204625, 4.50549, 0.962456, 5.63723, 332.206
2417, 0.0142428, 0.000200229, 3.06447e-06, 0, 0.000128343, 0.00265462, 0, 0, 0.00298625, 0.0833187, 0.260875, 4.2515, 0.962522, 5.67345, 336.428
2418, 0.0134507, 0.000203824, 2.82989e-06, 0, 0.00012049, 0.00248791, 0, 0, 0.00281506, 0.078861, 0.243077, 4.30872, 0.962588, 5.809, 335.209
2419, 0.0143691, 0.000207982, 2.49472e-06, 0, 0.000122411, 0.00247198, 0, 0, 0.00280487, 0.0845527, 0.231052, 4.24267, 0.962654, 5.88186, 335.041
2420, 0.0333876, 0.000196509, 3.46874e-06, 0, 0.000267889, 0.00528061, 0, 0, 0.00574848, 0.196786, 0.463221, 3.39957, 0.96272, 5.89622, 349.053
2421, 0.0600849, 0.000180478, 4.7599e-06, 0, 0.000471288, 0.00918259, 0, 0, 0.00983911, 0.354195, 0.782525, 2.812, 0.962786, 5.89754, 360.321
2422, 0.0722703, 0.000175276, 5.19269e-06, 0, 0.000561457, 0.0108571, 0, 0, 0.011599, 0.425677, 0.911921, 2.62734, 0.962852, 5.89263, 363.848
2423, 0.0673977, 0.000179338, 5.01148e-06, 0, 0.000524358, 0.0101188, 0, 0, 0.0108276, 0.396417, 0.849217, 2.69714, 0.962918, 5.8852, 362.217
2424, 0.0495743, 0.000188651, 4.57235e-06, 0, 0.00039347, 0.0076713, 0, 0, 0.00825799, 0.291144, 0.658708, 3.00428, 0.962984, 5.88049, 356.225
2425, 0.0377617, 0.000194062, 4.41176e-06, 0, 0.000308365, 0.00611434, 0, 0, 0.00662118, 0.221263, 0.541842, 3.27646, 0.96305, 5.87311, 351.462
2426, 0.0466067, 0.000191928, 4.58668e-06, 0, 0.000371177, 0.00723144, 0, 0, 0.00779913, 0.272778, 0.624343, 3.06601, 0.963116, 5.86356, 354.802
2427, 0.0809054, 0.000179225, 5.30759e-06, 0, 0.000617328, 0.0116264, 0, 0, 0.0124283, 0.473169, 0.951269, 2.51447, 0.963182, 5.85429, 364.872
2428, 0.116124, 0.000164867, 6.19722e-06, 0, 0.000869051, 0.0161588, 0, 0, 0.017199, 0.677452, 1.29379, 2.1531, 0.963248, 5.83702, 372.212
2429, 0.118967, 0.000163251, 6.47172e-06, 0, 0.000882244, 0.0165183, 0, 0, 0.0175703, 0.68901, 1.33164, 2.12891, 0.963314, 5.7913, 372.607
2430, 0.109885, 0.00016701, 6.4348e-06, 0, 0.000797626, 0.0151301, 0, 0, 0.0161012, 0.622447, 1.23701, 2.20832, 0.96338, 5.67213, 370.466
2431, 0.104151, 0.000171325, 6.28147e-06, 0, 0.000732446, 0.0139788, 0, 0, 0.0148889, 0.573499, 1.15041, 2.26192, 0.963446, 5.53399, 368.556
2432, 0.0789281, 0.000185913, 5.51264e-06, 0, 0.000552828, 0.0106314, 0, 0, 0.0113756, 0.430785, 0.888103, 2.53922, 0.963512, 5.55861, 362.378
2433, 0.038008, 0.000209688, 4.14197e-06, 0, 0.000276859, 0.00539279, 0, 0, 0.00588348, 0.209661, 0.469, 3.26996, 0.963578, 5.69294, 348.21
2434, 0.0109951, 0.000229327, 2.83224e-06, 0, 8.93301e-05, 0.00176904, 0, 0, 0.00209052, 0.0617547, 0.169027, 4.5103, 0.963644, 5.76922, 328.115
2435, 0.0026896, 0.000241603, 1.78336e-06, 0, 2.6301e-05, 0.000530894, 0, 0, 0.000800581, 0.0153883, 0.0576386, 5.91836, 0.96371, 5.78868, 311.424
2436, 0.00447479, 0.00024313, 1.6917e-06, 0, 3.94775e-05, 0.00081263, 0, 0, 0.00109693, 0.0258178, 0.0821389, 5.4093, 0.963776, 5.7879, 316.585
2437, 0.0183435, 0.000228625, 3.12847e-06, 0, 0.000147869, 0.00301666, 0, 0, 0.00339628, 0.105834, 0.283733, 3.99848, 0.963842, 5.77942, 336.901
2438, 0.0478087, 0.000206144, 5.02207e-06, 0, 0.000364561, 0.00730744, 0, 0, 0.00788317, 0.27577, 0.652372, 3.04055, 0.963908, 5.77228, 353.805
2439, 0.0818356, 0.000188996, 6.19532e-06, 0, 0.00060125, 0.0118439, 0, 0, 0.0126404, 0.47169, 1.01653, 2.50304, 0.963974, 5.76679, 364.009
2440, 0.101345, 0.000182254, 6.60772e-06, 0, 0.000731474, 0.0142725, 0, 0, 0.0151929, 0.583243, 1.20206, 2.28923, 0.96404, 5.75727, 368.084
2441, 0.0972376, 0.00018618, 6.4643e-06, 0, 0.000699719, 0.0136739, 0, 0, 0.0145663, 0.558588, 1.15408, 2.3306, 0.964106, 5.74545, 367.015
2442, 0.0720467, 0.000200259, 5.77408e-06, 0, 0.000524237, 0.0103701, 0, 0, 0.0111004, 0.413521, 0.895002, 2.63044, 0.964172, 5.73842, 360.806
2443, 0.0436661, 0.000215613, 5.03558e-06, 0, 0.000328662, 0.00665344, 0, 0, 0.00720275, 0.250491, 0.60235, 3.13118, 0.964238, 5.72931, 351.395
2444, 0.0264255, 0.000226018, 4.54564e-06, 0, 0.000209425, 0.0043425, 0, 0, 0.00478249, 0.151207, 0.416933, 3.63343, 0.964304, 5.70707, 342.915
2445, 0.0134783, 0.000240475, 3.48866e-06, 0, 0.000112153, 0.00234882, 0, 0, 0.00270493, 0.0768655, 0.23609, 4.30667, 0.96437, 5.66985, 331.8
2446, 0.00413271, 0.000256191, 2.17246e-06, 0, 3.64615e-05, 0.000763389, 0, 0, 0.00105821, 0.0234366, 0.0805614, 5.48882, 0.964436, 5.60986, 315.03
2447, 0.0014609, 0.000261514, 1.85417e-06, 0, 1.37267e-05, 0.00028493, 0, 0, 0.000562025, 0.00767881, 0.032775, 6.52871, 0.964502, 5.51634, 304.611
2448, 0.00293344, 0.000256914, 2.55318e-06, 0, 2.67039e-05, 0.000558297, 0, 0, 0.000844468, 0.0144815, 0.0652782, 5.83158, 0.964568, 5.37961, 311.081
2449, 0.00427332, 0.000254246, 3.00746e-06, 0, 3.85723e-05, 0.000808698, 0, 0, 0.00110452, 0.0210036, 0.0944283, 5.45537, 0.964634, 5.30217, 315.471
2450, 0.00282541, 0.000261851, 2.34061e-06, 0, 2.60149e-05, 0.00054392, 0, 0, 0.000834126, 0.0139548, 0.0641353, 5.8691, 0.9647, 5.39561, 310.692
2451, 0.00127007, 0.000269036, 1.74314e-06, 0, 1.31225e-05, 0.000272131, 0, 0, 0.000556032, 0.00661573, 0.0335236, 6.66869, 0.964766, 5.52934, 304.074
2452, 0.00170515, 0.000266618, 2.25403e-06, 0, 1.93633e-05, 0.000402541, 0, 0, 0.000690776, 0.00951826, 0.0507952, 6.3741, 0.964832, 5.59282, 307.438
2453, 0.00257545, 0.000263311, 2.85745e-06, 0, 2.84273e-05, 0.000592727, 0, 0, 0.000887322, 0.0144457, 0.0735508, 5.96173, 0.964898, 5.60771, 311.431
2454, 0.0039003, 0.000264178, 2.90511e-06, 0, 3.73984e-05, 0.000784307, 0, 0, 0.00108879, 0.0218516, 0.0899054, 5.5467, 0.964964, 5.60654, 314.758
2455, 0.0100207, 0.000258277, 3.53226e-06, 0, 8.41849e-05, 0.00178205, 0, 0, 0.00212805, 0.0561059, 0.18699, 4.6031, 0.96503, 5.6041, 326.409
2456, 0.0212494, 0.000245216, 4.80765e-06, 0, 0.000169332, 0.00358617, 0, 0, 0.00400553, 0.118881, 0.362212, 3.85143, 0.965096, 5.59935, 338.229
2457, 0.0331218, 0.000235226, 5.72027e-06, 0, 0.000253572, 0.00534909, 0, 0, 0.0058436, 0.18522, 0.52407, 3.40756, 0.965162, 5.59267, 345.669
2458, 0.0393456, 0.000232109, 6.05606e-06, 0, 0.000295665, 0.00622381, 0, 0, 0.00675764, 0.220093, 0.601158, 3.23537, 0.965228, 5.58702, 348.56
2459, 0.0357239, 0.000236117, 5.93869e-06, 0, 0.000270555, 0.00571062, 0, 0, 0.00622323, 0.199843, 0.557255, 3.33194, 0.965294, 5.57903, 346.76
2460, 0.0283494, 0.000243698, 5.5581e-06, 0, 0.000218754, 0.00464067, 0, 0, 0.00510868, 0.158447, 0.463093, 3.56315, 0.96536, 5.57151, 342.652
2461, 0.0182809, 0.000256895, 4.64282e-06, 0, 0.000144494, 0.00307172, 0, 0, 0.00347775, 0.102057, 0.314262, 4.0019, 0.965426, 5.56498, 335.005
2462, 0.00727632, 0.000274509, 3.234e-06, 0, 6.07656e-05, 0.00128629, 0, 0, 0.0016248, 0.0405775, 0.137546, 4.92313, 0.965492, 5.55556, 320.913
2463, 0.00246801, 0.000283679, 2.56157e-06, 0, 2.38586e-05, 0.000497058, 0, 0, 0.000807157, 0.0137124, 0.0585635, 6.00434, 0.965558, 5.54678, 308.947
2464, 0.00427616, 0.000279433, 3.21082e-06, 0, 4.02712e-05, 0.00085052, 0, 0, 0.00117344, 0.0236297, 0.0990923, 5.4547, 0.965624, 5.53764, 315.091
2465, 0.00908536, 0.000270397, 4.27667e-06, 0, 8.05387e-05, 0.0017233, 0, 0, 0.00207851, 0.0501438, 0.194005, 4.70109, 0.96569, 5.52455, 325.026
2466, 0.0109418, 0.00026779, 4.71092e-06, 0, 9.64884e-05, 0.00207155, 0, 0, 0.00244054, 0.0603332, 0.23276, 4.51517, 0.965756, 5.50905, 327.863
2467, 0.00778955, 0.00027509, 4.22263e-06, 0, 7.10637e-05, 0.00152026, 0, 0, 0.00187063, 0.0428475, 0.174739, 4.85497, 0.965822, 5.47629, 322.941
2468, 0.00407479, 0.000283487, 3.64871e-06, 0, 4e-05, 0.000845268, 0, 0, 0.0011724, 0.0220647, 0.102485, 5.50294, 0.965888, 5.39139, 314.703
2469, 0.00296798, 0.00028515, 3.74955e-06, 0, 3.0947e-05, 0.000645611, 0, 0, 0.000965457, 0.0154114, 0.0825878, 5.81987, 0.965954, 5.23997, 311.346
2470, 0.00241053, 0.000287927, 3.6791e-06, 0, 2.5724e-05, 0.000530788, 0, 0, 0.000848118, 0.0121922, 0.069289, 6.02791, 0.96602, 5.14756, 309.113
2471, 0.00109981, 0.00029842, 2.67575e-06, 0, 1.24859e-05, 0.000251637, 0, 0, 0.000565219, 0.00548804, 0.0338945, 6.81262, 0.966086, 5.23396, 302.506
2472, 0.000262942, 0.000309409, 1.54308e-06, 0, 3.49832e-06, 6.71129e-05, 0, 0, 0.000381563, 0.00131314, 0.00964897, 8.24358, 0.966152, 5.36506, 296.365
2473, 0.000145624, 0.000311647, 1.51291e-06, 0, 2.63017e-06, 4.78513e-05, 0, 0, 0.000363641, 0.000781826, 0.0075539, 8.83448, 0.966218, 5.43058, 295.551
2474, 0.000430969, 0.00030651, 2.4422e-06, 0, 6.93162e-06, 0.000131429, 0, 0, 0.000447313, 0.00234842, 0.019954, 7.74947, 0.966284, 5.44921, 298.604
2475, 0.00117308, 0.000301817, 3.24883e-06, 0, 1.53781e-05, 0.000308185, 0, 0, 0.00062863, 0.00638677, 0.0433955, 6.74812, 0.96635, 5.44525, 303.823
2476, 0.00221879, 0.000299463, 3.70157e-06, 0, 2.59119e-05, 0.000536155, 0, 0, 0.000865231, 0.0120789, 0.0718264, 6.11079, 0.966416, 5.43942, 308.89
2477, 0.00224594, 0.000301852, 3.64942e-06, 0, 2.57844e-05, 0.000535704, 0, 0, 0.00086699, 0.0122324, 0.0713119, 6.09863, 0.966482, 5.43524, 308.832
2478, 0.0011183, 0.000309374, 3.05508e-06, 0, 1.37717e-05, 0.000280069, 0, 0, 0.000606269, 0.00609133, 0.0387377, 6.79594, 0.966548, 5.40792, 302.978
2479, 0.000298952, 0.000317236, 2.375e-06, 0, 4.61122e-06, 8.77841e-05, 0, 0, 0.000412007, 0.00162396, 0.0135134, 8.11523, 0.966614, 5.36957, 296.902
2480, 5.69486e-05, 0.000324007, 1.76146e-06, 0, 1.29021e-06, 2.20161e-05, 0, 0, 0.000349075, 0.000306338, 0.00390599, 9.77336, 0.96668, 5.36322, 294.317
2481, 1.0328e-05, 0.000328173, 1.47533e-06, 0, 3.71987e-07, 5.32289e-06, 0, 0, 0.000335343, 5.49594e-05, 0.00106134, 11.4807, 0.966746, 5.3723, 293.631
2482, 3.90006e-06, 0.000329033, 1.64371e-06, 0, 2.75816e-07, 3.04239e-06, 0, 0, 0.000333994, 2.07997e-05, 0.000686128, 12.4545, 0.966812, 5.36925, 293.483
2483, 3.36434e-06, 0.000331018, 1.64812e-06, 0, 2.70922e-07, 2.87694e-06, 0, 0, 0.000335815, 1.80061e-05, 0.000661436, 12.6023, 0.966878, 5.36428, 293.475
2484, 2.22085e-06, 0.000334662, 1.41535e-06, 0, 1.92222e-07, 1.96578e-06, 0, 0, 0.000338236, 1.18874e-05, 0.000457033, 13.0176, 0.966944, 5.36344, 293.494
2485, 2.40596e-06, 0.000335436, 1.59778e-06, 0, 2.32777e-07, 2.26353e-06, 0, 0, 0.00033953, 1.28435e-05, 0.000536579, 12.9376, 0.96701, 5.35835, 293.462
2486, 2.73816e-06, 0.000336373, 1.76049e-06, 0, 2.69737e-07, 2.60666e-06, 0, 0, 0.00034101, 1.46014e-05, 0.000620986, 12.8082, 0.967076, 5.3494, 293.439
2487, 1.52939e-06, 0.000341234, 1.3585e-06, 0, 1.55285e-07, 1.47662e-06, 0, 0, 0.000344224, 8.15316e-06, 0.000354608, 13.3906, 0.967142, 5.34132, 293.49
2488, 5.57734e-07, 0.000345671, 1.0174e-06, 0, 6.24736e-08, 5.71729e-07, 0, 0, 0.000347323, 2.97381e-06, 0.000142916, 14.3994, 0.967208, 5.33335, 293.536
2489, 7.31053e-07, 0.000346639, 1.18257e-06, 0, 8.38691e-08, 7.88696e-07, 0, 0, 0.000348694, 3.89905e-06, 0.000205443, 14.1288, 0.967274, 5.32486, 293.506
2490, 1.02476e-06, 0.000347049, 1.43143e-06, 0, 1.18878e-07, 1.11794e-06, 0, 0, 0.000349717, 5.46401e-06, 0.000293214, 13.791, 0.96734, 5.31343, 293.462
2491, 6.39697e-07, 0.000349402, 1.39992e-06, 0, 8.29618e-08, 7.26816e-07, 0, 0, 0.000351612, 3.40944e-06, 0.000194017, 14.2623, 0.967406, 5.29422, 293.455
2492, 1.75029e-07, 0.000352698, 1.23181e-06, 0, 3.11802e-08, 2.21754e-07, 0, 0, 0.000354182, 9.32192e-07, 6.17245e-05, 15.5583, 0.967472, 5.26554, 293.476
2493, 2.32966e-08, 0.000355801, 1.0899e-06, 0, 8.95303e-09, 3.85337e-08, 0, 0, 0.000356939, 1.238e-07, 1.16667e-05, 17.575, 0.967538, 5.20205, 293.503
2494, 9.93982e-09, 0.000359114, 9.116e-07, 0, 4.99224e-09, 1.66815e-08, 0, 0, 0.000360047, 5.18736e-08, 5.17304e-06, 18.4267, 0.967604, 5.06426, 293.545
2495, 1.13762e-07, 0.000361151, 9.22791e-07, 0, 1.70344e-08, 1.15804e-07, 0, 0, 0.000362206, 5.94866e-07, 3.09665e-05, 15.9892, 0.96767, 4.93468, 293.547
2496, 9.87529e-07, 0.000360636, 1.31564e-06, 0, 7.81767e-08, 7.71426e-07, 0, 0, 0.000362801, 5.17726e-06, 0.000187039, 13.8281, 0.967736, 4.97778, 293.483
2497, 4.95602e-06, 0.000359639, 1.77058e-06, 0, 2.70388e-07, 3.29205e-06, 0, 0, 0.000364972, 2.60114e-05, 0.000746448, 12.2149, 0.967802, 5.11824, 293.485
2498, 1.30057e-05, 0.00035947, 2.09289e-06, 0, 6.01948e-07, 8.02668e-06, 0, 0, 0.000370192, 6.82788e-05, 0.00175981, 11.2501, 0.967867, 5.20407, 293.61
2499, 1.83298e-05, 0.00036023, 2.28752e-06, 0, 8.23643e-07, 1.11831e-05, 0, 0, 0.000374525, 9.6198e-05, 0.00243648, 10.907, 0.967928, 5.23057, 293.697
2500, 1.72067e-05, 0.000361605, 2.40659e-06, 0, 8.22616e-07, 1.08749e-05, 0, 0, 0.000375709, 9.02083e-05, 0.00240537, 10.9702, 0.967974, 5.23451, 293.656
2501, 1.18178e-05, 0.000364627, 2.29803e-06, 0, 6.32529e-07, 7.94587e-06, 0, 0, 0.000375503, 6.18643e-05, 0.00180283, 11.3459, 0.968, 5.23643, 293.561
2502, 4.89199e-06, 0.000370712, 1.75311e-06, 0, 3.04015e-07, 3.55864e-06, 0, 0, 0.000376328, 2.5576e-05, 0.000831696, 12.2279, 0.968011, 5.23629, 293.506
2503, 1.05715e-06, 0.000377097, 1.15981e-06, 0, 7.90845e-08, 8.43425e-07, 0, 0, 0.000379179, 5.52329e-06, 0.000203539, 13.7599, 0.968018, 5.22862, 293.532
2504, 1.17181e-07, 0.000380905, 9.3651e-07, 0, 1.15854e-08, 1.04225e-07, 0, 0, 0.000381958, 6.12211e-07, 2.61472e-05, 15.9595, 0.968024, 5.22022, 293.554
2505, 6.46068e-08, 0.000383583, 8.71384e-07, 0, 1.01288e-08, 7.68993e-08, 0, 0, 0.000384541, 3.35306e-07, 2.13948e-05, 16.5549, 0.96803, 5.21713, 293.568
2506, 4.01927e-07, 0.0003847, 1.02962e-06, 0, 5.64208e-08, 4.70336e-07, 0, 0, 0.000386256, 2.08468e-06, 0.000129774, 14.727, 0.968036, 5.21299, 293.547
2507, 1.19612e-06, 0.000382963, 1.60902e-06, 0, 1.58337e-07, 1.36577e-06, 0, 0, 0.000386096, 6.20616e-06, 0.000373303, 13.6364, 0.968042, 5.20164, 293.454
2508, 1.55009e-06, 0.000383203, 1.90954e-06, 0, 1.99713e-07, 1.74598e-06, 0, 0, 0.000387058, 8.04729e-06, 0.000474727, 13.3772, 0.968048, 5.19275, 293.404
2509, 8.72362e-07, 0.000387905, 1.56896e-06, 0, 1.13488e-07, 9.80525e-07, 0, 0, 0.000390568, 4.53204e-06, 0.000266461, 13.9521, 0.968054, 5.19101, 293.453
2510, 2.12548e-07, 0.000393324, 1.1196e-06, 0, 3.04615e-08, 2.42505e-07, 0, 0, 0.000394716, 1.10505e-06, 6.64173e-05, 15.3641, 0.96806, 5.18222, 293.525
2511, 2.25198e-08, 0.000397702, 8.15424e-07, 0, 4.92152e-09, 2.76756e-08, 0, 0, 0.000398551, 1.17163e-07, 7.88325e-06, 17.6089, 0.968066, 5.15855, 293.583
2512, 1.57916e-09, 0.000400184, 7.94657e-07, 0, 2.05367e-09, 4.30201e-09, 0, 0, 0.000400985, 8.17757e-09, 1.56953e-06, 20.2664, 0.968073, 5.1352, 293.588
2513, 1.7188e-09, 0.000401118, 1.00509e-06, 0, 4.76463e-09, 8.70865e-09, 0, 0, 0.000402136, 8.80144e-09, 3.43837e-06, 20.1816, 0.968078, 5.1239, 293.544
2514, 2.29805e-09, 0.000403282, 1.02994e-06, 0, 6.43828e-09, 1.17582e-08, 0, 0, 0.00040433, 1.17593e-08, 4.65103e-06, 19.8912, 0.968084, 5.11719, 293.539
2515, 1.29777e-09, 0.000408065, 6.63811e-07, 0, 3.72165e-09, 6.68376e-09, 0, 0, 0.000408739, 6.63791e-09, 2.64975e-06, 20.4626, 0.96809, 5.11277, 293.615
2516, 3.05111e-10, 0.00041259, 3.39918e-07, 0, 9.10309e-10, 1.58741e-09, 0, 0, 0.000412933, 1.55999e-09, 6.31329e-07, 21.9103, 0.968096, 5.11391, 293.683
2517, 2.98847e-11, 0.00041514, 3.1755e-07, 0, 9.75397e-11, 1.57888e-10, 0, 0, 0.000415458, 1.52743e-10, 6.30855e-08, 24.2337, 0.968102, 5.11119, 293.688
2518, 1.77977e-12, 0.000416517, 4.76165e-07, 0, 3.0973e-11, 1.4675e-11, 0, 0, 0.000416993, 9.08737e-12, 6.55778e-09, 27.0545, 0.968108, 5.10015, 293.657
2519, 5.68291e-12, 0.000417826, 6.45079e-07, 0, 1.98895e-10, 8.1962e-11, 0, 0, 0.000418471, 2.89697e-11, 3.95628e-08, 25.8936, 0.968114, 5.0891, 293.624
2520, 2.37976e-11, 0.000418762, 8.69187e-07, 0, 8.02855e-10, 3.46911e-10, 0, 0, 0.000419633, 1.21298e-10, 1.67652e-07, 24.4614, 0.96812, 5.08084, 293.579
2521, 4.18975e-11, 0.000419769, 1.08383e-06, 0, 1.45565e-09, 6.21384e-10, 0, 0, 0.000420855, 2.13518e-10, 3.01111e-07, 23.8958, 0.968126, 5.06997, 293.536
2522, 3.10127e-11, 0.000422871, 9.85028e-07, 0, 1.15599e-09, 4.72309e-10, 0, 0, 0.000423858, 1.58011e-10, 2.29902e-07, 24.1966, 0.968132, 5.05057, 293.557
2523, 9.69188e-12, 0.000427186, 7.05263e-07, 0, 4.05645e-10, 1.53003e-10, 0, 0, 0.000427892, 4.93662e-11, 7.49453e-08, 25.3597, 0.968138, 5.01318, 293.614
2524, 1.28432e-12, 0.000430983, 5.04127e-07, 0, 6.60905e-11, 2.12061e-11, 0, 0, 0.000431487, 6.53942e-12, 1.0471e-08, 27.3808, 0.968144, 4.93334, 293.654
2525, 7.24587e-14, 0.000434018, 4.2009e-07, 0, 6.08033e-12, 1.26162e-12, 0, 0, 0.000434438, 3.68784e-13, 6.29177e-10, 30.2558, 0.96815, 4.79155, 293.671
2526, 1.74581e-15, 0.000436778, 3.79723e-07, 0, 5.09453e-13, 3.23667e-14, 0, 0, 0.000437157, 8.88115e-15, 1.63679e-11, 33.9816, 0.968156, 4.68792, 293.679
2527, 1.79902e-17, 0.000439377, 3.65534e-07, 0, 6.70929e-14, 3.64274e-16, 0, 0, 0.000439743, 9.14695e-17, 1.89593e-13, 38.5567, 0.968162, 4.75555, 293.682
2528, 7.93181e-20, 0.000441743, 3.89064e-07, 0, 3.25851e-14, 1.94823e-18, 0, 0, 0.000442132, 4.03042e-19, 1.10502e-15, 43.9808, 0.968168, 4.89004, 293.678
2529, 1.50104e-22, 0.00044446, 3.60196e-07, 0, 2.7675e-14, 6.99189e-21, 0, 0, 0.000444821, 7.62128e-22, 5.14639e-18, 50.2507, 0.968174, 4.96526, 293.684
2530, 1.24951e-25, 0.000447596, 2.6848e-07, 0, 1.27173e-14, 1.90067e-22, 0, 0, 0.000447865, 6.33436e-25, 2.39211e-19, 57.3419, 0.96818, 4.992, 293.701
2531, 6.92033e-29, 0.000450676, 1.87283e-07, 0, 2.63662e-15, 3.45191e-23, 0, 0, 0.000450863, 3.48435e-28, 4.50986e-20, 64.8405, 0.968186, 4.9992, 293.716
2532, 1.56545e-30, 0.000453488, 1.49239e-07, 0, 4.64014e-16, 3.03445e-24, 0, 0, 0.000453637, 7.8329e-30, 3.96725e-21, 68.6294, 0.968192, 4.9966, 293.723
2533, 5.71372e-32, 0.000455763, 1.96303e-07, 0, 1.1159e-15, 1.72314e-25, 0, 0, 0.000455959, 2.85926e-31, 2.45148e-22, 71.9398, 0.968198, 4.99277, 293.715
2534, 1.90311e-33, 0.000457806, 2.81297e-07, 0, 2.20474e-15, 1.25728e-25, 0, 0, 0.000458088, 9.52824e-33, 2.04644e-22, 75.3418, 0.968204, 4.99348, 293.699
2535, 1.97714e-31, 0.000460542, 2.61026e-07, 0, 1.84199e-15, 1.89356e-25, 0, 0, 0.000460803, 9.83765e-31, 2.74973e-22, 70.6985, 0.96821, 4.99072, 293.703
2536, 1.24666e-29, 0.000463631, 1.87955e-07, 0, 7.56445e-16, 5.46011e-24, 0, 0, 0.000463819, 6.20268e-29, 6.76206e-21, 66.5545, 0.968216, 4.98137, 293.717
2537, 3.27848e-28, 0.000466086, 2.1487e-07, 0, 1.62176e-15, 1.42093e-22, 0, 0, 0.000466301, 1.63111e-27, 1.75494e-19, 63.285, 0.968222, 4.97354, 293.712
2538, 3.5667e-27, 0.000468166, 3.01534e-07, 0, 1.31499e-14, 1.54422e-21, 0, 0, 0.000468468, 1.77439e-26, 1.90658e-18, 60.8982, 0.968228, 4.97091, 293.697
2539, 1.60529e-26, 0.000470246, 3.89617e-07, 0, 5.51003e-14, 6.96168e-21, 0, 0, 0.000470635, 7.98549e-26, 8.59477e-18, 59.3939, 0.968234, 4.96552, 293.681
2540, 2.98931e-26, 0.000472522, 4.49217e-07, 0, 1.00809e-13, 1.30176e-20, 0, 0, 0.000472971, 1.48688e-25, 1.60741e-17, 58.7722, 0.96824, 4.95534, 293.671
2541, 2.30341e-26, 0.000475779, 3.60382e-07, 0, 7.8478e-14, 1.00967e-20, 0, 0, 0.000476139, 1.14558e-25, 1.24723e-17, 59.0328, 0.968246, 4.94862, 293.687
2542, 7.34554e-27, 0.000479536, 1.96494e-07, 0, 2.58288e-14, 3.24875e-21, 0, 0, 0.000479733, 3.65275e-26, 4.01548e-18, 60.1757, 0.968252, 4.9456, 293.716
2543, 9.69584e-28, 0.000482852, 1.02391e-07, 0, 3.58439e-15, 4.33715e-22, 0, 0, 0.000482954, 4.82072e-27, 5.36498e-19, 62.2007, 0.968258, 4.93851, 293.732
2544, 5.29904e-29, 0.0004857, 8.21443e-08, 0, 2.09413e-16, 2.40327e-23, 0, 0, 0.000485782, 2.63416e-28, 2.97572e-20, 65.1074, 0.968264, 4.92639, 293.736
2545, 1.19973e-30, 0.000488217, 1.15007e-07, 0, 5.14681e-18, 5.53044e-25, 0, 0, 0.000488333, 5.96259e-30, 6.8558e-22, 68.8955, 0.96827, 4.91754, 293.73
2546, 1.12576e-32, 0.000490642, 1.64164e-07, 0, 5.56658e-20, 5.28809e-27, 0, 0, 0.000490806, 5.59354e-32, 6.56431e-24, 73.5643, 0.968276, 4.90255, 293.722
2547, 4.37936e-35, 0.00049348, 1.51428e-07, 0, 2.53881e-21, 2.10173e-29, 0, 0, 0.000493632, 2.17534e-34, 2.61301e-26, 79.1136, 0.968282, 4.88155, 293.724
2548, 7.06419e-38, 0.000496514, 1.104e-07, 0, 8.79675e-22, 3.4729e-32, 0, 0, 0.000496625, 3.50782e-37, 4.32528e-29, 85.5432, 0.968288, 4.87383, 293.731
2549, 4.7256e-41, 0.000499188, 1.2703e-07, 0, 1.59422e-22, 2.3862e-35, 0, 0, 0.000499315, 2.34566e-40, 2.9776e-32, 92.853, 0.968294, 4.87822, 293.729
2550, 1.26117e-44, 0.000501865, 1.45167e-07, 0, 3.61704e-23, 6.81796e-39, 0, 0, 0.00050201, 6.5861e-44, 8.52568e-36, 99.99, 0.9683, 4.87704, 293.726
2551, 0, 0.000504836, 1.20055e-07, 0, 9.18537e-23, 1.36342e-38, 0, 0, 0.000504956, 0, 2.89985e-35, 99.99, 0.968306, 4.86615, 293.73
2552, 0, 0.000507788, 9.97689e-08, 0, 3.72477e-21, 9.77859e-37, 0, 0, 0.000507888, 0, 2.0769e-33, 99.99, 0.968312, 4.8569, 293.734
2553, 0, 0.000510499, 1.18576e-07, 0, 9.43032e-20, 3.04096e-35, 0, 0, 0.000510618, 0, 6.4523e-32, 99.99, 0.968318, 4.85385, 293.73
2554, 4.2039e-45, 0.000512816, 1.99937e-07, 0, 1.0883e-18, 3.92844e-34, 0, 0, 0.000513015, 0, 8.32905e-31, 99.99, 0.968324, 4.84925, 293.717
2555, 1.68156e-44, 0.000515009, 3.02078e-07, 0, 5.44189e-18, 2.10594e-33, 0, 0, 0.000515311, 0, 4.46252e-30, 99.99, 0.96833, 4.83805, 293.701
2556, 3.78351e-44, 0.000517413, 3.73708e-07, 0, 1.16264e-17, 4.68056e-33, 0, 0, 0.000517787, 0, 9.91438e-30, 99.9831, 0.968336, 4.82312, 293.689
2557, 3.36312e-44, 0.000520273, 3.77808e-07, 0, 1.05803e-17, 4.31023e-33, 0, 0, 0.00052065, 0, 9.12777e-30, 99.99, 0.968342, 4.81261, 293.689
2558, 1.4013e-44, 0.000523605, 3.11701e-07, 0, 4.10749e-18, 1.64374e-33, 0, 0, 0.000523917, 0, 3.48054e-30, 99.99, 0.968348, 4.80877, 293.7
2559, 1.4013e-45, 0.000527211, 2.05652e-07, 0, 6.84091e-19, 2.59492e-34, 0, 0, 0.000527417, 0, 5.49457e-31, 99.99, 0.968354, 4.80023, 293.717
2560, 0, 0.000530844, 9.75045e-08, 0, 4.94517e-20, 1.69547e-35, 0, 0, 0.000530941, 0, 3.59037e-32, 99.99, 0.96836, 4.77877, 293.734
2561, 0, 0.000534185, 3.60696e-08, 0, 1.58702e-21, 4.5856e-37, 0, 0, 0.000534221, 0, 9.71243e-34, 99.99, 0.968366, 4.74481, 293.744
2562, 0, 0.000537236, 2.11315e-08, 0, 2.35418e-23, 5.13498e-39, 0, 0, 0.000537258, 0, 1.08792e-35, 99.99, 0.968372, 4.68225, 293.747
2563, 0, 0.000540192, 2.29856e-08, 0, 1.71163e-25, 2.38109e-41, 0, 0, 0.000540215, 0, 5.04701e-38, 99.99, 0.968378, 4.55616, 293.746
2564, 0, 0.000543136, 2.87033e-08, 0, 6.4096e-28, 4.48416e-44, 0, 0, 0.000543165, 0, 9.69951e-41, 99.99, 0.968384, 4.42908, 293.746
2565, 0, 0.000545993, 4.98136e-08, 0, 1.23949e-30, 0, 0, 0, 0.000546043, 0, 7.56701e-44, 99.99, 0.96839, 4.45548, 293.742
2566, 0, 0.000548719, 9.3073e-08, 0, 2.78638e-32, 0, 0, 0, 0.000548812, 0, 0, 99.99, 0.968396, 4.58692, 293.736
2567, 0, 0.000551608, 1.13524e-07, 0, 3.61993e-32, 0, 0, 0, 0.000551722, 0, 0, 99.99, 0.968402, 4.67877, 293.732
2568, 0, 0.000554836, 8.43104e-08, 0, 2.03832e-32, 0, 0, 0, 0.00055492, 0, 0, 99.99, 0.968408, 4.71458, 293.737
2569, 0, 0.000558118, 4.88279e-08, 0, 4.7706e-33, 0, 0, 0, 0.000558167, 0, 0, 99.99, 0.968414, 4.72027, 293.743
2570, 0, 0.000561195, 4.69674e-08, 0, 4.6417e-34, 0, 0, 0, 0.000561242, 0, 0, 99.99, 0.96842, 4.71527, 293.743
2571, 0, 0.000564118, 7.06369e-08, 0, 1.87826e-35, 0, 0, 0, 0.000564189, 0, 0, 99.99, 0.968426, 4.71634, 293.739
2572, 0, 0.000567184, 7.46942e-08, 0, 3.16224e-37, 0, 0, 0, 0.000567258, 0, 0, 99.99, 0.968432, 4.72149, 293.739
2573, 0, 0.00057045, 5.03288e-08, 0, 2.21568e-39, 0, 0, 0, 0.0005705, 0, 0, 99.99, 0.968438, 4.71949, 293.742
2574, 0, 0.000573668, 3.539e-08, 0, 6.45999e-42, 0, 0, 0, 0.000573704, 0, 0, 99.99, 0.968444, 4.71326, 293.745
2575, 0, 0.000576784, 3.836e-08, 0, 7.00649e-45, 0, 0, 0, 0.000576822, 0, 0, 99.99, 0.96845, 4.70846, 293.744
2576, 0, 0.000579923, 3.98847e-08, 0, 0, 0, 0, 0, 0.000579963, 0, 0, 99.99, 0.968456, 4.70491, 293.744
2577, 0, 0.000583049, 4.54651e-08, 0, 0, 0, 0, 0, 0.000583095, 0, 0, 99.99, 0.968462, 4.69782, 293.743
2578, 0, 0.000586048, 7.25688e-08, 0, 0, 0, 0, 0, 0.000586121, 0, 0, 99.99, 0.968468, 4.68995, 293.739
2579, 0, 0.000589109, 9.24974e-08, 0, 0, 0, 0, 0, 0.000589201, 0, 0, 99.99, 0.968474, 4.68661, 293.736
2580, 0, 0.000592424, 7.59298e-08, 0, 0, 0, 0, 0, 0.0005925, 0, 0, 99.99, 0.96848, 4.67853, 293.739
2581, 0, 0.000595827, 4.82233e-08, 0, 0, 0, 0, 0, 0.000595876, 0, 0, 99.99, 0.968486, 4.66142, 293.743
2582, 0, 0.000599139, 3.6643e-08, 0, 0, 0, 0, 0, 0.000599176, 0, 0, 99.99, 0.968492, 4.6469, 293.745
2583, 0, 0.000602444, 2.84371e-08, 0, 0, 0, 0, 0, 0.000602472, 0, 0, 99.99, 0.968498, 4.64076, 293.746
2584, 0, 0.000605747, 2.26124e-08, 0, 0, 0, 0, 0, 0.000605769, 0, 0, 99.99, 0.968504, 4.63193, 293.747
2585, 0, 0.000608971, 3.09194e-08, 0, 0, 0, 0, 0, 0.000609002, 0, 0, 99.99, 0.96851, 4.62491, 293.746
2586, 0, 0.000612232, 3.59524e-08, 0, 0, 0, 0, 0, 0.000612268, 0, 0, 99.99, 0.968516, 4.62623, 293.745
2587, 0, 0.000615601, 2.69318e-08, 0, 0, 0, 0, 0, 0.000615628, 0, 0, 99.99, 0.968522, 4.62917, 293.746
2588, 0, 0.000618956, 2.21931e-08, 0, 0, 0, 0, 0, 0.000618978, 0, 0, 99.99, 0.968528, 4.62545, 293.747
2589, 0, 0.000622241, 3.02506e-08, 0, 0, 0, 0, 0, 0.000622272, 0, 0, 99.99, 0.968534, 4.61596, 293.746
2590, 0, 0.00062548, 4.74509e-08, 0, 0, 0, 0, 0, 0.000625528, 0, 0, 99.99, 0.96854, 4.60705, 293.743
2591, 0, 0.000628786, 5.69784e-08, 0, 0, 0, 0, 0, 0.000628843, 0, 0, 99.99, 0.968546, 4.60234, 293.742
2592, 0, 0.00063225, 4.4874e-08, 0, 0, 0, 0, 0, 0.000632295, 0, 0, 99.99, 0.968552, 4.60015, 293.744
2593, 0, 0.000635776, 2.57148e-08, 0, 0, 0, 0, 0, 0.000635802, 0, 0, 99.99, 0.968558, 4.59504, 293.746
2594, 0, 0.000639274, 1.29773e-08, 0, 0, 0, 0, 0, 0.000639287, 0, 0, 99.99, 0.968564, 4.5847, 293.748
2595, 0, 0.000642735, 8.18962e-09, 0, 0, 0, 0, 0, 0.000642743, 0, 0, 99.99, 0.96857, 4.5751, 293.749
2596, 0, 0.000646148, 1.29579e-08, 0, 0, 0, 0, 0, 0.000646161, 0, 0, 99.99, 0.968576, 4.57144, 293.748
2597, 0, 0.000649506, 2.80805e-08, 0, 0, 0, 0, 0, 0.000649535, 0, 0, 99.99, 0.968582, 4.56855, 293.746
2598, 0, 0.000652811, 5.3649e-08, 0, 0, 0, 0, 0, 0.000652864, 0, 0, 99.99, 0.968588, 4.56111, 293.743
2599, 0, 0.00065615, 7.62019e-08, 0, 0, 0, 0, 0, 0.000656227, 0, 0, 99.99, 0.968594, 4.55085, 293.74
2600, 0, 0.000659678, 7.28687e-08, 0, 0, 0, 0, 0, 0.000659751, 0, 0, 99.99, 0.9686, 4.54216, 293.74
2601, 0, 0.00066335, 5.04525e-08, 0, 0, 0, 0, 0, 0.0006634, 0, 0, 99.99, 0.968606, 4.53721, 293.743
2602, 0, 0.000666994, 3.43755e-08, 0, 0, 0, 0, 0, 0.000667028, 0, 0, 99.99, 0.968612, 4.53278, 293.745
2603, 0, 0.000670604, 2.58001e-08, 0, 0, 0, 0, 0, 0.000670629, 0, 0, 99.99, 0.968618, 4.52372, 293.747
2604, 0, 0.000674232, 1.68184e-08, 0, 0, 0, 0, 0, 0.000674249, 0, 0, 99.99, 0.968624, 4.51119, 293.748
2605, 0, 0.000677845, 1.23951e-08, 0, 0, 0, 0, 0, 0.000677857, 0, 0, 99.99, 0.96863, 4.50188, 293.748
2606, 0, 0.000681433, 1.42584e-08, 0, 0, 0, 0, 0, 0.000681447, 0, 0, 99.99, 0.968636, 4.49502, 293.748
2607, 0, 0.000685009, 2.00163e-08, 0, 0, 0, 0, 0, 0.00068503, 0, 0, 99.99, 0.968642, 4.48302, 293.747
2608, 0, 0.000688587, 2.79865e-08, 0, 0, 0, 0, 0, 0.000688615, 0, 0, 99.99, 0.968648, 4.46503, 293.746
2609, 0, 0.000692192, 3.42917e-08, 0, 0, 0, 0, 0, 0.000692226, 0, 0, 99.99, 0.968654, 4.43984, 293.746
2610, 0, 0.000695806, 4.17202e-08, 0, 0, 0, 0, 0, 0.000695848, 0, 0, 99.99, 0.96866, 4.39483, 293.745
2611, 0, 0.00069941, 5.28681e-08, 0, 0, 0, 0, 0, 0.000699463, 0, 0, 99.99, 0.968666, 4.29595, 293.743
2612, 0, 0.000703125, 4.99739e-08, 0, 0, 0, 0, 0, 0.000703175, 0, 0, 99.99, 0.968672, 4.15972, 293.744
2613, 0, 0.000706912, 3.87256e-08, 0, 0, 0, 0, 0, 0.000706951, 0, 0, 99.99, 0.968678, 4.13207, 293.745
2614, 0, 0.000710654, 3.65966e-08, 0, 0, 0, 0, 0, 0.000710691, 0, 0, 99.99, 0.968684, 4.24265, 293.745
2615, 0, 0.000714419, 3.34517e-08, 0, 0, 0, 0, 0, 0.000714453, 0, 0, 99.99, 0.96869, 4.34291, 293.746
2616, 0, 0.000718256, 2.21796e-08, 0, 0, 0, 0, 0, 0.000718278, 0, 0, 99.99, 0.968696, 4.38163, 293.747
2617, 0, 0.000722083, 1.4612e-08, 0, 0, 0, 0, 0, 0.000722098, 0, 0, 99.99, 0.968702, 4.39186, 293.748
2618, 0, 0.000725856, 1.76366e-08, 0, 0, 0, 0, 0, 0.000725874, 0, 0, 99.99, 0.968708, 4.39268, 293.748
2619, 0, 0.000729637, 2.19255e-08, 0, 0, 0, 0, 0, 0.000729659, 0, 0, 99.99, 0.968714, 4.38665, 293.747
2620, 0, 0.000733459, 2.24275e-08, 0, 0, 0, 0, 0, 0.000733482, 0, 0, 99.99, 0.96872, 4.37759, 293.747
2621, 0, 0.000737222, 3.43281e-08, 0, 0, 0, 0, 0, 0.000737256, 0, 0, 99.99, 0.968726, 4.36839, 293.746
2622, 0, 0.000740872, 6.50997e-08, 0, 0, 0, 0, 0, 0.000740937, 0, 0, 99.99, 0.968732, 4.35124, 293.742
2623, 0, 0.000744542, 9.53942e-08, 0, 0, 0, 0, 0, 0.000744638, 0, 0, 99.99, 0.968738, 4.30988, 293.738
2624, 0, 0.000748389, 1.02149e-07, 0, 0, 0, 0, 0, 0.000748491, 0, 0, 99.99, 0.968744, 4.21795, 293.738
2625, 0, 0.000752447, 8.02555e-08, 0, 0, 0, 0, 0, 0.000752528, 0, 0, 99.99, 0.96875, 4.07773, 293.74
2626, 0, 0.000756593, 4.80298e-08, 0, 0, 0, 0, 0, 0.000756641, 0, 0, 99.99, 0.968756, 4.01563, 293.744
2627, 0, 0.000760632, 3.37869e-08, 0, 0, 0, 0, 0, 0.000760666, 0, 0, 99.99, 0.968762, 4.11035, 293.746
2628, 0, 0.000764565, 3.78556e-08, 0, 0, 0, 0, 0, 0.000764603, 0, 0, 99.99, 0.968768, 4.22926, 293.745
2629, 0, 0.000768573, 3.34532e-08, 0, 0, 0, 0, 0, 0.000768606, 0, 0, 99.99, 0.968774, 4.28692, 293.746
2630, 0, 0.000772656, 2.04169e-08, 0, 0, 0, 0, 0, 0.000772676, 0, 0, 99.99, 0.96878, 4.30909, 293.748
2631, 0, 0.000776678, 1.86895e-08, 0, 0, 0, 0, 0, 0.000776697, 0, 0, 99.99, 0.968786, 4.32125, 293.748
2632, 0, 0.000780647, 2.7614e-08, 0, 1.48398e-42, 0, 0, 0, 0.000780675, 0, 0, 99.99, 0.968792, 4.32673, 293.747
2633, 0, 0.000784649, 3.40437e-08, 0, 1.43923e-40, 0, 0, 0, 0.000784683, 0, 0, 99.99, 0.968798, 4.3244, 293.746
2634, 0, 0.000788608, 4.92125e-08, 0, 6.11601e-39, 0, 0, 0, 0.000788657, 0, 0, 99.99, 0.968804, 4.31903, 293.744
2635, 0, 0.000792393, 9.23387e-08, 0, 1.1433e-37, 0, 0, 0, 0.000792486, 0, 0, 99.99, 0.96881, 4.31598, 293.739
2636, 0, 0.000796113, 1.47551e-07, 0, 9.37834e-37, 0, 0, 0, 0.00079626, 0, 0, 99.99, 0.968816, 4.31492, 293.733
2637, 0, 0.000799937, 1.89935e-07, 0, 3.36603e-36, 0, 0, 0, 0.000800127, 0, 0, 99.99, 0.968822, 4.31265, 293.728
2638, 0, 0.000803985, 2.02139e-07, 0, 5.34022e-36, 0, 0, 0, 0.000804188, 0, 0, 99.99, 0.968828, 4.30661, 293.727
2639, 0, 0.000808253, 1.85017e-07, 0, 3.9814e-36, 0, 0, 0, 0.000808438, 0, 0, 99.99, 0.968834, 4.29822, 293.729
2640, 0, 0.000812655, 1.50877e-07, 0, 1.67323e-36, 0, 0, 0, 0.000812806, 0, 0, 99.99, 0.96884, 4.29298, 293.733
2641, 0, 0.000817157, 1.04933e-07, 0, 4.81067e-37, 0, 0, 0, 0.000817262, 0, 0, 99.99, 0.968846, 4.29098, 293.738
2642, 0, 0.000821503, 8.41032e-08, 0, 8.41987e-38, 0, 0, 0, 0.000821587, 0, 0, 99.99, 0.968852, 4.28677, 293.74
2643, 0, 0.000825595, 1.02914e-07, 0, 7.12473e-39, 0, 0, 0, 0.000825698, 0, 0, 99.99, 0.968858, 4.28027, 293.738
2644, 0, 0.00082978, 1.10774e-07, 0, 2.6754e-40, 0, 0, 0, 0.000829891, 0, 0, 99.99, 0.968864, 4.27352, 293.738
2645, 0, 0.000834212, 8.53384e-08, 0, 2.52035e-40, 0, 0, 0, 0.000834297, 0, 0, 99.99, 0.96887, 4.26855, 293.74
2646, 0, 0.000838585, 7.11673e-08, 0, 4.62029e-39, 0, 0, 0, 0.000838656, 0, 0, 99.99, 0.968876, 4.26359, 293.742
2647, 0, 0.000842619, 1.08624e-07, 0, 3.64509e-38, 0, 0, 0, 0.000842727, 0, 0, 99.99, 0.968882, 4.257, 293.738
2648, 0, 0.000846497, 1.71263e-07, 0, 1.21638e-37, 0, 0, 0, 0.000846668, 0, 0, 99.99, 0.968888, 4.25183, 293.731
2649, 0, 0.000850625, 2.00352e-07, 0, 1.71592e-37, 0, 0, 0, 0.000850825, 0, 0, 99.99, 0.968894, 4.24699, 293.728
2650, 0, 0.000855128, 1.77833e-07, 0, 1.02296e-37, 0, 0, 0, 0.000855306, 0, 0, 99.99, 0.9689, 4.23991, 293.73
2651, 0, 0.000859886, 1.21171e-07, 0, 2.57691e-38, 0, 0, 0, 0.000860007, 0, 0, 99.99, 0.968906, 4.23, 293.737
2652, 0, 0.000864653, 6.57826e-08, 0, 2.74257e-39, 0, 0, 0, 0.000864719, 0, 0, 99.99, 0.968912, 4.22214, 293.743
2653, 0, 0.000869176, 4.84029e-08, 0, 1.23314e-40, 0, 0, 0, 0.000869225, 0, 0, 99.99, 0.968918, 4.21895, 293.745
2654, 0, 0.000873545, 5.60076e-08, 0, 2.34297e-42, 0, 0, 0, 0.000873601, 0, 0, 99.99, 0.968924, 4.21113, 293.744
2655, 0, 0.000877985, 5.57922e-08, 0, 1.96182e-44, 0, 0, 0, 0.000878041, 0, 0, 99.99, 0.96893, 4.20025, 293.744
2656, 0, 0.000882416, 5.96893e-08, 0, 0, 0, 0, 0, 0.000882476, 0, 0, 99.99, 0.968936, 4.19515, 293.744
2657, 0, 0.000886786, 7.51444e-08, 0, 0, 0, 0, 0, 0.000886861, 0, 0, 99.99, 0.968942, 4.19316, 293.742
2658, 0, 0.000891266, 7.73286e-08, 0, 0, 0, 0, 0, 0.000891344, 0, 0, 99.99, 0.968948, 4.18856, 293.742
2659, 0, 0.000895916, 5.78483e-08, 0, 0, 0, 0, 0, 0.000895974, 0, 0, 99.99, 0.968954, 4.1815, 293.744
2660, 0, 0.000900584, 3.84251e-08, 0, 0, 0, 0, 0, 0.000900622, 0, 0, 99.99, 0.96896, 4.175, 293.746
2661, 0, 0.000905162, 3.46489e-08, 0, 0, 0, 0, 0, 0.000905197, 0, 0, 99.99, 0.968966, 4.17083, 293.746
2662, 0, 0.000909724, 3.59164e-08, 0, 0, 0, 0, 0, 0.00090976, 0, 0, 99.99, 0.968972, 4.16729, 293.746
2663, 0, 0.000914324, 3.44096e-08, 0, 0, 0, 0, 0, 0.000914359, 0, 0, 99.99, 0.968977, 4.16057, 293.746
2664, 0, 0.000918999, 2.50667e-08, 0, 0, 0, 0, 0, 0.000919023, 0, 0, 99.99, 0.968984, 4.15133, 293.747
2665, 0, 0.000923706, 1.37251e-08, 0, 0, 0, 0, 0, 0.000923719, 0, 0, 99.99, 0.96899, 4.14313, 293.749
2666, 0, 0.000928383, 9.30397e-09, 0, 0, 0, 0, 0, 0.000928393, 0, 0, 99.99, 0.968996, 4.13795, 293.749
2667, 0, 0.000933041, 1.05041e-08, 0, 0, 0, 0, 0, 0.000933052, 0, 0, 99.99, 0.969002, 4.13366, 293.749
2668, 0, 0.0009377, 1.43268e-08, 0, 0, 0, 0, 0, 0.000937715, 0, 0, 99.99, 0.969008, 4.12546, 293.749
2669, 0, 0.000942398, 1.533e-08, 0, 0, 0, 0, 0, 0.000942414, 0, 0, 99.99, 0.969014, 4.1119, 293.748
2670, 0, 0.000947141, 1.27395e-08, 0, 0, 0, 0, 0, 0.000947153, 0, 0, 99.99, 0.96902, 4.09684, 293.749
2671, 0, 0.000951867, 1.52628e-08, 0, 0, 0, 0, 0, 0.000951882, 0, 0, 99.99, 0.969026, 4.0801, 293.748
2672, 0, 0.000956578, 2.27104e-08, 0, 0, 0, 0, 0, 0.000956601, 0, 0, 99.99, 0.969032, 4.05281, 293.748
2673, 0, 0.000961328, 2.74907e-08, 0, 0, 0, 0, 0, 0.000961355, 0, 0, 99.99, 0.969038, 3.99116, 293.747
2674, 0, 0.000966124, 2.82932e-08, 0, 0, 0, 0, 0, 0.000966152, 0, 0, 99.99, 0.969044, 3.87455, 293.747
2675, 0, 0.000970984, 2.30008e-08, 0, 0, 0, 0, 0, 0.000971007, 0, 0, 99.99, 0.96905, 3.78398, 293.748
2676, 0, 0.000975879, 1.54137e-08, 0, 0, 0, 0, 0, 0.000975894, 0, 0, 99.99, 0.969056, 3.83445, 293.748
2677, 0, 0.000980766, 1.18456e-08, 0, 0, 0, 0, 0, 0.000980777, 0, 0, 99.99, 0.969062, 3.94641, 293.749
2678, 0, 0.000985635, 1.36185e-08, 0, 0, 0, 0, 0, 0.000985649, 0, 0, 99.99, 0.969068, 4.01072, 293.749
2679, 0, 0.000990507, 1.78122e-08, 0, 0, 0, 0, 0, 0.000990525, 0, 0, 99.99, 0.969074, 4.03243, 293.748
2680, 0, 0.000995355, 2.81375e-08, 0, 0, 0, 0, 0, 0.000995384, 0, 0, 99.99, 0.96908, 4.03857, 293.747
2681, 0, 0.00100018, 4.53393e-08, 0, 0, 0, 0, 0, 0.00100022, 0, 0, 99.99, 0.969086, 4.04136, 293.746
2682, 0, 0.00100509, 5.14503e-08, 0, 0, 0, 0, 0, 0.00100515, 0, 0, 99.99, 0.969092, 4.04196, 293.745
2683, 0, 0.00101015, 4.0737e-08, 0, 0, 0, 0, 0, 0.00101019, 0, 0, 99.99, 0.969098, 4.04018, 293.746
2684, 0, 0.00101521, 3.31192e-08, 0, 0, 0, 0, 0, 0.00101524, 0, 0, 99.99, 0.969104, 4.03777, 293.747
2685, 0, 0.00102022, 3.48419e-08, 0, 0, 0, 0, 0, 0.00102025, 0, 0, 99.99, 0.96911, 4.03449, 293.747
2686, 0, 0.00102524, 3.84647e-08, 0, 0, 0, 0, 0, 0.00102527, 0, 0, 99.99, 0.969116, 4.03006, 293.746
2687, 0, 0.00103022, 4.8825e-08, 0, 0, 0, 0, 0, 0.00103027, 0, 0, 99.99, 0.969122, 4.02337, 293.745
2688, 0, 0.00103522, 6.10426e-08, 0, 0, 0, 0, 0, 0.00103528, 0, 0, 99.99, 0.969128, 4.01709, 293.744
2689, 0, 0.00104025, 7.17972e-08, 0, 0, 0, 0, 0, 0.00104032, 0, 0, 99.99, 0.969134, 4.01481, 293.743
2690, 0, 0.00104526, 8.73128e-08, 0, 0, 0, 0, 0, 0.00104535, 0, 0, 99.99, 0.96914, 4.01085, 293.742
2691, 0, 0.0010504, 8.9131e-08, 0, 0, 0, 0, 0, 0.00105049, 0, 0, 99.99, 0.969146, 4.00329, 293.742
2692, 0, 0.0010557, 6.9765e-08, 0, 0, 0, 0, 0, 0.00105577, 0, 0, 99.99, 0.969152, 3.99574, 293.743
2693, 0, 0.00106109, 4.17946e-08, 0, 0, 0, 0, 0, 0.00106113, 0, 0, 99.99, 0.969158, 3.99079, 293.746
2694, 0, 0.00106643, 2.25169e-08, 0, 0, 0, 0, 0, 0.00106645, 0, 0, 99.99, 0.969163, 3.98708, 293.748
2695, 0, 0.00107167, 2.12511e-08, 0, 0, 0, 0, 0, 0.00107169, 0, 0, 99.99, 0.96917, 3.98183, 293.748
2696, 0, 0.00107681, 3.66406e-08, 0, 0, 0, 0, 0, 0.00107685, 0, 0, 99.99, 0.969176, 3.97563, 293.747
2697, 0, 0.0010819, 6.22427e-08, 0, 0, 0, 0, 0, 0.00108196, 0, 0, 99.99, 0.969182, 3.97135, 293.744
2698, 0, 0.00108704, 8.28338e-08, 0, 0, 0, 0, 0, 0.00108713, 0, 0, 99.99, 0.969188, 3.96861, 293.742
2699, 0, 0.00109227, 9.47197e-08, 0, 0, 0, 0, 0, 0.00109237, 0, 0, 99.99, 0.969194, 3.96361, 293.741
2700, 0, 0.00109765, 8.82296e-08, 0, 0, 0, 0, 0, 0.00109774, 0, 0, 99.99, 0.9692, 3.95652, 293.742
2701, 0, 0.00110314, 6.98572e-08, 0, 0, 0, 0, 0, 0.00110321, 0, 0, 99.99, 0.969206, 3.94964, 293.744
2702, 0, 0.00110843, 8.15329e-08, 0, 0, 0, 0, 0, 0.00110851, 0, 0, 99.99, 0.969212, 3.94438, 293.743
2703, 0, 0.00111357, 1.18321e-07, 0, 0, 0, 0, 0, 0.00111369, 0, 0, 99.99, 0.969218, 3.9413, 293.739
2704, 0, 0.00111886, 1.36825e-07, 0, 0, 0, 0, 0, 0.00111899, 0, 0, 99.99, 0.969224, 3.93761, 293.738
2705, 0, 0.00112438, 1.24621e-07, 0, 0, 0, 0, 0, 0.00112451, 0, 0, 99.99, 0.96923, 3.93038, 293.739
2706, 0, 0.00113, 1.02915e-07, 0, 0, 0, 0, 0, 0.00113011, 0, 0, 99.99, 0.969236, 3.92007, 293.741
2707, 0, 0.00113566, 7.88185e-08, 0, 0, 0, 0, 0, 0.00113574, 0, 0, 99.99, 0.969242, 3.91105, 293.743
2708, 0, 0.00114136, 5.22831e-08, 0, 0, 0, 0, 0, 0.00114141, 0, 0, 99.99, 0.969248, 3.90864, 293.745
2709, 0, 0.00114704, 3.00687e-08, 0, 0, 0, 0, 0, 0.00114707, 0, 0, 99.99, 0.969254, 3.90946, 293.747
2710, 0, 0.00115267, 1.99827e-08, 0, 0, 0, 0, 0, 0.00115269, 0, 0, 99.99, 0.96926, 3.90601, 293.748
2711, 0, 0.0011582, 2.5026e-08, 0, 0, 0, 0, 0, 0.00115823, 0, 0, 99.99, 0.969266, 3.89892, 293.748
2712, 0, 0.00116361, 5.07275e-08, 0, 0, 0, 0, 0, 0.00116367, 0, 0, 99.99, 0.969272, 3.89214, 293.746
2713, 0, 0.00116896, 8.82117e-08, 0, 0, 0, 0, 0, 0.00116905, 0, 0, 99.99, 0.969278, 3.88804, 293.742
2714, 0, 0.00117437, 1.20998e-07, 0, 0, 0, 0, 0, 0.00117449, 0, 0, 99.99, 0.969284, 3.88441, 293.74
2715, 0, 0.00117986, 1.44606e-07, 0, 0, 0, 0, 0, 0.00118001, 0, 0, 99.99, 0.96929, 3.87914, 293.738
2716, 0, 0.00118562, 1.34487e-07, 0, 0, 0, 0, 0, 0.00118575, 0, 0, 99.99, 0.969296, 3.87249, 293.739
2717, 0, 0.00119164, 8.9905e-08, 0, 0, 0, 0, 0, 0.00119173, 0, 0, 99.99, 0.969302, 3.86592, 293.742
2718, 0, 0.00119763, 5.33062e-08, 0, 0, 0, 0, 0, 0.00119768, 0, 0, 99.99, 0.969308, 3.86072, 293.746
2719, 0, 0.00120351, 3.50194e-08, 0, 0, 0, 0, 0, 0.00120354, 0, 0, 99.99, 0.969314, 3.85554, 293.747
2720, 0, 0.00120938, 2.0995e-08, 0, 0, 0, 0, 0, 0.0012094, 0, 0, 99.99, 0.96932, 3.84893, 293.748
2721, 0, 0.00121519, 1.95857e-08, 0, 0, 0, 0, 0, 0.00121521, 0, 0, 99.99, 0.969326, 3.84225, 293.748
2722, 0, 0.00122091, 3.29631e-08, 0, 0, 0, 0, 0, 0.00122094, 0, 0, 99.99, 0.969332, 3.83829, 293.747
2723, 0, 0.00122671, 3.82639e-08, 0, 0, 0, 0, 0, 0.00122675, 0, 0, 99.99, 0.969338, 3.83533, 293.747
2724, 0, 0.00123265, 2.82213e-08, 0, 4.2039e-45, 0, 0, 0, 0.00123268, 0, 0, 99.99, 0.969344, 3.83008, 293.748
2725, 0, 0.00123853, 2.91441e-08, 0, 4.4281e-43, 0, 0, 0, 0.00123856, 0, 0, 99.99, 0.96935, 3.82452, 293.748
2726, 0, 0.0012442, 6.27059e-08, 0, 2.2837e-41, 0, 0, 0, 0.00124426, 0, 0, 99.99, 0.969356, 3.82108, 293.745
2727, 0, 0.0012497, 1.23727e-07, 0, 5.75679e-40, 0, 0, 0, 0.00124982, 0, 0, 99.99, 0.969362, 3.81662, 293.74
2728, 0, 0.00125518, 1.90914e-07, 0, 6.85875e-39, 0, 0, 0, 0.00125537, 0, 0, 99.99, 0.969368, 3.81017, 293.735
2729, 0, 0.00126075, 2.47728e-07, 0, 3.58244e-38, 0, 0, 0, 0.001261, 0, 0, 99.99, 0.969374, 3.80333, 293.73
2730, 0, 0.00126661, 2.67639e-07, 0, 7.91536e-38, 0, 0, 0, 0.00126688, 0, 0, 99.99, 0.96938, 3.79685, 293.729
2731, 0, 0.00127282, 2.42252e-07, 0, 7.29529e-38, 0, 0, 0, 0.00127306, 0, 0, 99.99, 0.969386, 3.79113, 293.731
2732, 0, 0.00127916, 2.01628e-07, 0, 2.7903e-38, 0, 0, 0, 0.00127936, 0, 0, 99.99, 0.969392, 3.78614, 293.734
2733, 0, 0.00128548, 1.66451e-07, 0, 4.42034e-39, 0, 0, 0, 0.00128564, 0, 0, 99.99, 0.969398, 3.78105, 293.737
2734, 0, 0.00129192, 1.17095e-07, 0, 2.8984e-40, 0, 0, 0, 0.00129204, 0, 0, 99.99, 0.969404, 3.77656, 293.741
2735, 0, 0.00129831, 7.93444e-08, 0, 7.86549e-42, 0, 0, 0, 0.00129839, 0, 0, 99.99, 0.96941, 3.77308, 293.744
2736, 0, 0.00130439, 8.82784e-08, 0, 8.68805e-44, 0, 0, 0, 0.00130448, 0, 0, 99.99, 0.969416, 3.76826, 293.743
2737, 0, 0.0013105, 9.58698e-08, 0, 0, 0, 0, 0, 0.00131059, 0, 0, 99.99, 0.969422, 3.76181, 293.743
2738, 0, 0.0013169, 6.56792e-08, 0, 0, 0, 0, 0, 0.00131697, 0, 0, 99.99, 0.969428, 3.75576, 293.745
2739, 0, 0.00132337, 3.00409e-08, 0, 0, 0, 0, 0, 0.0013234, 0, 0, 99.99, 0.969434, 3.75069, 293.748
2740, 0, 0.00132971, 1.54012e-08, 0, 0, 0, 0, 0, 0.00132972, 0, 0, 99.99, 0.969439, 3.74662, 293.749
2741, 0, 0.00133596, 1.70459e-08, 0, 0, 0, 0, 0, 0.00133598, 0, 0, 99.99, 0.969446, 3.74255, 293.749
2742, 0, 0.00134211, 3.5978e-08, 0, 1.82169e-44, 0, 0, 0, 0.00134215, 0, 0, 99.99, 0.969452, 3.73692, 293.747
2743, 0, 0.0013481, 8.11353e-08, 0, 8.23963e-43, 0, 0, 0, 0.00134818, 0, 0, 99.99, 0.969458, 3.72973, 293.744
2744, 0, 0.00135414, 1.21875e-07, 0, 1.5141e-41, 0, 0, 0, 0.00135427, 0, 0, 99.99, 0.969464, 3.72358, 293.741
2745, 0, 0.00136043, 1.31747e-07, 0, 1.1488e-40, 0, 0, 0, 0.00136056, 0, 0, 99.99, 0.96947, 3.7193, 293.74
2746, 0, 0.00136663, 1.57879e-07, 0, 3.5939e-40, 0, 0, 0, 0.00136679, 0, 0, 99.99, 0.969476, 3.71524, 293.738
2747, 0, 0.00137278, 1.93584e-07, 0, 4.63611e-40, 0, 0, 0, 0.00137298, 0, 0, 99.99, 0.969482, 3.70936, 293.736
2748, 0, 0.00137924, 1.90586e-07, 0, 2.46616e-40, 0, 0, 0, 0.00137943, 0, 0, 99.99, 0.969488, 3.70154, 293.736
2749, 0, 0.00138573, 1.85069e-07, 0, 5.40971e-41, 0, 0, 0, 0.00138591, 0, 0, 99.99, 0.969494, 3.69379, 293.737
2750, 0, 0.00139218, 1.88942e-07, 0, 4.89333e-42, 0, 0, 0, 0.00139237, 0, 0, 99.99, 0.9695, 3.68742, 293.736
2751, 0, 0.00139895, 1.51811e-07, 0, 1.82169e-43, 0, 0, 0, 0.0013991, 0, 0, 99.99, 0.969506, 3.68133, 293.739
2752, 0, 0.00140581, 1.04284e-07, 0, 2.8026e-45, 0, 0, 0, 0.00140592, 0, 0, 99.99, 0.969512, 3.67371, 293.743
2753, 0, 0.0014125, 8.49855e-08, 0, 0, 0, 0, 0, 0.00141259, 0, 0, 99.99, 0.969518, 3.66285, 293.744
2754, 0, 0.00141924, 6.18086e-08, 0, 0, 0, 0, 0, 0.00141931, 0, 0, 99.99, 0.969524, 3.6468, 293.746
2755, 0, 0.00142605, 3.36412e-08, 0, 0, 0, 0, 0, 0.00142608, 0, 0, 99.99, 0.96953, 3.6218, 293.748
2756, 0, 0.00143269, 3.10384e-08, 0, 0, 0, 0, 0, 0.00143272, 0, 0, 99.99, 0.969536, 3.57219, 293.748
2757, 0, 0.00143915, 5.86706e-08, 0, 0, 0, 0, 0, 0.00143921, 0, 0, 99.99, 0.969542, 3.47644, 293.746
2758, 0, 0.0014455, 1.04935e-07, 0, 0, 0, 0, 0, 0.00144561, 0, 0, 99.99, 0.969548, 3.38876, 293.743
2759, 0, 0.00145195, 1.41804e-07, 0, 0, 0, 0, 0, 0.00145209, 0, 0, 99.99, 0.969554, 3.41666, 293.74
2760, 0, 0.00145869, 1.39448e-07, 0, 0, 0, 0, 0, 0.00145883, 0, 0, 99.99, 0.96956, 3.51315, 293.74
2761, 0, 0.00146568, 1.05446e-07, 0, 0, 0, 0, 0, 0.00146579, 0, 0, 99.99, 0.969566, 3.57544, 293.743
2762, 0, 0.00147276, 6.36047e-08, 0, 0, 0, 0, 0, 0.00147282, 0, 0, 99.99, 0.969572, 3.59835, 293.746
2763, 0, 0.00147971, 4.28408e-08, 0, 0, 0, 0, 0, 0.00147975, 0, 0, 99.99, 0.969578, 3.60607, 293.747
2764, 0, 0.00148648, 5.05929e-08, 0, 0, 0, 0, 0, 0.00148654, 0, 0, 99.99, 0.969584, 3.6091, 293.747
2765, 0, 0.00149323, 6.56062e-08, 0, 0, 0, 0, 0, 0.0014933, 0, 0, 99.99, 0.96959, 3.60913, 293.746
2766, 0, 0.00150014, 6.24518e-08, 0, 0, 0, 0, 0, 0.0015002, 0, 0, 99.99, 0.969596, 3.60738, 293.746
2767, 0, 0.0015071, 5.40349e-08, 0, 0, 0, 0, 0, 0.00150716, 0, 0, 99.99, 0.969602, 3.60432, 293.746
2768, 0, 0.00151398, 6.19141e-08, 0, 0, 0, 0, 0, 0.00151404, 0, 0, 99.99, 0.969608, 3.60102, 293.746
2769, 0, 0.00152081, 8.07392e-08, 0, 0, 0, 0, 0, 0.00152089, 0, 0, 99.99, 0.969614, 3.59815, 293.745
2770, 0, 0.0015278, 7.91895e-08, 0, 7.9874e-44, 0, 0, 0, 0.00152788, 0, 0, 99.99, 0.96962, 3.59401, 293.745
2771, 0, 0.0015349, 6.7554e-08, 0, 3.65599e-42, 0, 0, 0, 0.00153496, 0, 0, 99.99, 0.969626, 3.58854, 293.746
2772, 0, 0.0015418, 8.67417e-08, 0, 6.85964e-41, 0, 0, 0, 0.00154188, 0, 0, 99.99, 0.969632, 3.58427, 293.744
2773, 0, 0.00154842, 1.49781e-07, 0, 5.30696e-40, 0, 0, 0, 0.00154857, 0, 0, 99.99, 0.969638, 3.58142, 293.74
2774, 0, 0.00155505, 2.15307e-07, 0, 1.69228e-39, 0, 0, 0, 0.00155526, 0, 0, 99.99, 0.969644, 3.57758, 293.736
2775, 0, 0.00156216, 2.15234e-07, 0, 2.22425e-39, 0, 0, 0, 0.00156238, 0, 0, 99.99, 0.96965, 3.57238, 293.736
2776, 0, 0.00156971, 1.57616e-07, 0, 1.20498e-39, 0, 0, 0, 0.00156987, 0, 0, 99.99, 0.969656, 3.56737, 293.74
2777, 0, 0.00157726, 1.03636e-07, 0, 2.69066e-40, 0, 0, 0, 0.00157736, 0, 0, 99.99, 0.969662, 3.56307, 293.743
2778, 0, 0.00158458, 8.60078e-08, 0, 2.47637e-41, 0, 0, 0, 0.00158466, 0, 0, 99.99, 0.969668, 3.55943, 293.745
2779, 0, 0.00159165, 1.06422e-07, 0, 9.57087e-43, 0, 0, 0, 0.00159176, 0, 0, 99.99, 0.969674, 3.55568, 293.743
2780, 0, 0.00159877, 1.25069e-07, 0, 9.8231e-43, 0, 0, 0, 0.0015989, 0, 0, 99.99, 0.96968, 3.5509, 293.742
2781, 0, 0.00160615, 1.10086e-07, 0, 2.87098e-41, 0, 0, 0, 0.00160626, 0, 0, 99.99, 0.969685, 3.54519, 293.743
2782, 0, 0.00161348, 1.06102e-07, 0, 3.63154e-40, 0, 0, 0, 0.00161358, 0, 0, 99.99, 0.969692, 3.53978, 293.743
2783, 0, 0.00162049, 1.51539e-07, 0, 1.95461e-39, 0, 0, 0, 0.00162064, 0, 0, 99.99, 0.969698, 3.5356, 293.741
2784, 0, 0.0016274, 2.15314e-07, 0, 4.46072e-39, 0, 0, 0, 0.00162761, 0, 0, 99.99, 0.969704, 3.53217, 293.737
2785, 0, 0.00163486, 2.04368e-07, 0, 4.29732e-39, 0, 0, 0, 0.00163506, 0, 0, 99.99, 0.96971, 3.52811, 293.737
2786, 0, 0.00164283, 1.23493e-07, 0, 4.02824e-34, 0, 0, 0, 0.00164295, 0, 0, 99.99, 0.969716, 3.52258, 293.742
2787, 0, 0.00165068, 6.46706e-08, 0, 1.9194e-31, 0, 0, 0, 0.00165074, 0, 0, 99.99, 0.969722, 3.51642, 293.746
2788, 0, 0.00165808, 7.2734e-08, 0, 9.95784e-30, 0, 0, 0, 0.00165816, 0, 0, 99.99, 0.969728, 3.51123, 293.746
2789, 0, 0.00166512, 1.37456e-07, 0, 2.09183e-28, 0, 0, 0, 0.00166526, 0, 0, 99.99, 0.969734, 3.50722, 293.742
2790, 0, 0.00167213, 2.10135e-07, 0, 1.8331e-27, 0, 0, 0, 0.00167234, 0, 0, 99.99, 0.96974, 3.50304, 293.737
2791, 0, 0.00167911, 2.91829e-07, 0, 7.26462e-27, 0, 0, 0, 0.0016794, 0, 0, 99.99, 0.969746, 3.49815, 293.733
2792, 0, 0.00168615, 3.67333e-07, 0, 2.11297e-26, 0, 0, 0, 0.00168652, 0, 0, 99.99, 0.969752, 3.49292, 293.728
2793, 0, 0.0016937, 3.74994e-07, 0, 7.59852e-26, 0, 0, 0, 0.00169408, 0, 0, 99.99, 0.969758, 3.48757, 293.728
2794, 0, 0.00170126, 3.84858e-07, 0, 1.78662e-25, 0, 0, 0, 0.00170164, 0, 0, 99.99, 0.969764, 3.48334, 293.727
2795, 0, 0.00170883, 3.97876e-07, 0, 2.15807e-25, 0, 0, 0, 0.00170922, 0, 0, 99.99, 0.96977, 3.48004, 293.727
2796, 0, 0.0017166, 3.84208e-07, 0, 9.54808e-25, 0, 0, 0, 0.00171699, 0, 0, 99.99, 0.969776, 3.4759, 293.728
2797, 0, 0.00172454, 3.52139e-07, 0, 1.29793e-23, 0, 0, 0, 0.00172489, 0, 0, 99.99, 0.969782, 3.47112, 293.73
2798, 0, 0.00173212, 3.75574e-07, 0, 8.19774e-23, 0, 0, 0, 0.00173249, 0, 0, 99.99, 0.969788, 3.46638, 293.728
2799, 0, 0.00173899, 5.02615e-07, 0, 2.15855e-22, 0, 0, 0, 0.0017395, 0, 0, 99.99, 0.969794, 3.46185, 293.721
2800, 0, 0.00174673, 5.10852e-07, 0, 2.36064e-22, 0, 0, 0, 0.00174724, 0, 0, 99.99, 0.9698, 3.45723, 293.721
2801, 0, 0.00175575, 3.40149e-07, 0, 1.07132e-22, 0, 0, 0, 0.00175609, 0, 0, 99.99, 0.969806, 3.45182, 293.731
2802, 0, 0.00176479, 1.69991e-07, 0, 2.01644e-23, 0, 0, 0, 0.00176496, 0, 0, 99.99, 0.969812, 3.44668, 293.74
2803, 0, 0.00177331, 7.80167e-08, 0, 1.57357e-24, 0, 0, 0, 0.00177339, 0, 0, 99.99, 0.969818, 3.44274, 293.746
2804, 0, 0.00178133, 6.21205e-08, 0, 5.09143e-26, 0, 0, 0, 0.00178139, 0, 0, 99.99, 0.969824, 3.43875, 293.746
2805, 0, 0.00178905, 9.37048e-08, 0, 1.88743e-26, 0, 0, 0, 0.00178914, 0, 1.68156e-44, 99.99, 0.96983, 3.43436, 293.745
2806, 0, 0.00179664, 1.46447e-07, 0, 9.79034e-25, 0, 0, 0, 0.00179679, 0, 9.03838e-43, 99.99, 0.969836, 3.42961, 293.742
2807, 1.26117e-44, 0.00180416, 2.14746e-07, 0, 1.29509e-22, 3.36342e-35, 0, 0, 0.00180438, 4.34403e-44, 7.13736e-32, 99.99, 0.969842, 3.42476, 293.738
2808, 8.18358e-43, 0.00181162, 2.96227e-07, 0, 7.28258e-21, 2.1793e-33, 0, 0, 0.00181192, 2.74094e-42, 4.62932e-30, 96.909, 0.969848, 3.42063, 293.734
2809, 2.52346e-41, 0.00181861, 4.48212e-07, 0, 2.09728e-19, 6.72372e-32, 0, 0, 0.00181906, 8.43736e-41, 1.42848e-28, 93.4804, 0.969854, 3.41621, 293.725
2810, 3.19902e-40, 0.00182523, 6.57804e-07, 0, 2.56659e-18, 8.55643e-31, 0, 0, 0.00182589, 1.07016e-39, 1.81816e-27, 90.9406, 0.96986, 3.41085, 293.714
2811, 1.67329e-39, 0.00183216, 8.26402e-07, 0, 1.30925e-17, 4.49589e-30, 0, 0, 0.00183299, 5.59963e-39, 9.55533e-27, 89.286, 0.969866, 3.40553, 293.705
2812, 3.6109e-39, 0.00183944, 9.48813e-07, 0, 2.77542e-17, 9.75255e-30, 0, 0, 0.00184039, 1.20865e-38, 2.07325e-26, 88.5169, 0.969872, 3.40115, 293.698
2813, 3.21477e-39, 0.00184857, 8.10859e-07, 0, 2.44315e-17, 8.73337e-30, 0, 0, 0.00184938, 1.07615e-38, 1.85709e-26, 88.6331, 0.969878, 3.39726, 293.706
2814, 1.1808e-39, 0.00185906, 4.82327e-07, 0, 8.92646e-18, 3.22842e-30, 0, 0, 0.00185955, 3.95266e-39, 6.86702e-27, 89.6346, 0.969884, 3.39288, 293.724
2815, 1.78935e-40, 0.00186829, 3.39311e-07, 0, 1.35316e-18, 4.92631e-31, 0, 0, 0.00186863, 5.98883e-40, 1.04819e-27, 91.5216, 0.96989, 3.38837, 293.732
2816, 1.11866e-41, 0.00187575, 4.53533e-07, 0, 8.53236e-20, 3.1032e-32, 0, 0, 0.0018762, 3.74343e-41, 6.60501e-29, 94.2939, 0.969896, 3.38406, 293.726
2817, 2.88667e-43, 0.00188312, 5.84506e-07, 0, 2.71634e-21, 8.0721e-34, 0, 0, 0.00188371, 9.66896e-43, 1.71872e-30, 97.9511, 0.969902, 3.37984, 293.719
2818, 7.68469e-40, 0.00189208, 4.92516e-07, 0, 5.52118e-22, 2.35537e-35, 0, 0, 0.00189257, 2.5763e-39, 2.4136e-32, 90.0642, 0.969908, 3.37554, 293.724
2819, 8.95666e-35, 0.00190173, 3.04367e-07, 0, 4.31588e-20, 4.23013e-28, 0, 0, 0.00190203, 3.00126e-34, 6.9326e-25, 78.3981, 0.969914, 3.3711, 293.734
2820, 4.54566e-33, 0.00191077, 2.07541e-07, 0, 2.07968e-18, 2.14253e-26, 0, 0, 0.00191098, 1.52319e-32, 3.51054e-23, 74.4711, 0.96992, 3.36634, 293.739
2821, 9.56836e-32, 0.00191912, 2.15773e-07, 0, 4.17477e-17, 4.49142e-25, 0, 0, 0.00191933, 3.2062e-31, 7.35719e-22, 71.4243, 0.969926, 3.36149, 293.739
2822, 8.38029e-31, 0.00192585, 4.59454e-07, 0, 3.4893e-16, 3.8914e-24, 0, 0, 0.00192631, 2.80799e-30, 6.37266e-21, 69.2543, 0.969932, 3.35722, 293.726
2823, 3.29349e-30, 0.00193051, 1.00333e-06, 0, 1.23171e-15, 1.43072e-23, 0, 0, 0.00193152, 1.10327e-29, 2.34212e-20, 67.8856, 0.969938, 3.35369, 293.698
2824, 6.237e-27, 0.00193614, 1.41421e-06, 0, 2.04439e-15, 5.74015e-23, 0, 0, 0.00193756, 2.07434e-26, 7.86864e-20, 60.3393, 0.969944, 3.35008, 293.676
2825, 3.2391e-25, 0.00194427, 1.47129e-06, 0, 2.55798e-15, 1.67356e-21, 0, 0, 0.00194574, 1.07641e-24, 1.9391e-18, 56.3893, 0.96995, 3.34539, 293.674
2826, 1.51288e-23, 0.00195323, 1.4126e-06, 0, 4.18454e-15, 7.58648e-20, 0, 0, 0.00195464, 5.02732e-23, 8.6937e-17, 52.5454, 0.969956, 3.33985, 293.677
2827, 2.89161e-22, 0.00196312, 1.22505e-06, 0, 1.89852e-14, 1.45082e-18, 0, 0, 0.00196434, 9.60859e-22, 1.66138e-15, 49.5951, 0.969962, 3.33479, 293.687
2828, 2.28446e-21, 0.00197105, 1.32094e-06, 0, 1.27883e-13, 1.15118e-17, 0, 0, 0.00197237, 7.59086e-21, 1.31794e-14, 47.5282, 0.969968, 3.33035, 293.682
2829, 7.46208e-21, 0.00197494, 1.9971e-06, 0, 4.24357e-13, 3.79199e-17, 0, 0, 0.00197694, 2.47945e-20, 4.34118e-14, 46.3445, 0.969974, 3.32623, 293.648
2830, 1.00847e-20, 0.0019802, 2.4818e-06, 0, 6.17001e-13, 5.19678e-17, 0, 0, 0.00198268, 3.35077e-20, 5.95087e-14, 46.0433, 0.96998, 3.32263, 293.623
2831, 5.64437e-21, 0.00199209, 2.0272e-06, 0, 3.97709e-13, 2.97288e-17, 0, 0, 0.00199412, 1.87537e-20, 3.40647e-14, 46.6236, 0.969986, 3.31864, 293.647
2832, 1.31027e-21, 0.00200748, 1.07953e-06, 0, 1.16607e-13, 7.13414e-18, 0, 0, 0.00200856, 4.35334e-21, 8.18515e-15, 48.0841, 0.969992, 3.31372, 293.696
2833, 1.26434e-22, 0.0020204, 4.86321e-07, 0, 1.5931e-14, 7.23412e-19, 0, 0, 0.00202089, 4.20066e-22, 8.31896e-16, 50.4223, 0.969998, 3.30883, 293.726
2834, 5.08956e-24, 0.00203069, 2.72353e-07, 0, 1.02292e-15, 3.1323e-20, 0, 0, 0.00203096, 1.69094e-23, 3.61602e-17, 53.6348, 0.970004, 3.3049, 293.737
2835, 8.5924e-26, 0.00203967, 2.50088e-07, 0, 3.04806e-17, 5.87152e-22, 0, 0, 0.00203992, 2.85469e-25, 6.82022e-19, 57.7163, 0.97001, 3.30093, 293.738
2836, 6.12892e-28, 0.00204806, 3.17346e-07, 0, 5.25474e-19, 4.84007e-24, 0, 0, 0.00204837, 2.03622e-27, 5.67383e-21, 62.6594, 0.970016, 3.29645, 293.734
2837, 1.8658e-30, 0.00205684, 3.33069e-07, 0, 3.81804e-18, 1.9082e-26, 0, 0, 0.00205717, 6.19878e-30, 2.34345e-23, 68.4539, 0.970022, 3.2919, 293.734
2838, 7.03828e-23, 0.00206566, 3.46985e-07, 0, 5.66455e-17, 2.10608e-20, 0, 0, 0.002066, 2.29623e-22, 1.89301e-17, 51.0081, 0.970028, 3.28731, 293.733
2839, 1.14813e-19, 0.00207295, 5.84511e-07, 0, 7.91261e-16, 6.85942e-18, 0, 0, 0.00207354, 3.74367e-19, 5.2711e-15, 43.611, 0.970034, 3.28295, 293.722
2840, 1.21344e-17, 0.00207922, 9.75787e-07, 0, 2.21515e-14, 5.47039e-16, 0, 0, 0.00208019, 3.95635e-17, 4.01049e-13, 38.9505, 0.97004, 3.27836, 293.703
2841, 4.77242e-16, 0.00208659, 1.2114e-06, 0, 4.44678e-13, 1.93012e-14, 0, 0, 0.0020878, 1.55597e-15, 1.37939e-11, 35.2785, 0.970046, 3.27369, 293.691
2842, 7.91897e-15, 0.00209256, 1.64524e-06, 0, 4.61351e-12, 3.04182e-13, 0, 0, 0.00209421, 2.5818e-14, 2.14591e-10, 32.4695, 0.970052, 3.26979, 293.67
2843, 5.48859e-14, 0.00209351, 2.79258e-06, 0, 2.39645e-11, 2.0597e-12, 0, 0, 0.00209631, 1.78941e-13, 1.4444e-09, 30.5335, 0.970058, 3.26607, 293.614
2844, 1.58385e-13, 0.00209473, 3.9022e-06, 0, 5.92265e-11, 5.88469e-12, 0, 0, 0.00209863, 5.16367e-13, 4.11604e-09, 29.4737, 0.970064, 3.26196, 293.56
2845, 1.90051e-13, 0.00210612, 3.58338e-06, 0, 6.59629e-11, 7.03713e-12, 0, 0, 0.0021097, 6.19598e-13, 4.91739e-09, 29.2915, 0.97007, 3.25761, 293.576
2846, 9.47718e-14, 0.00212514, 2.19419e-06, 0, 3.19299e-11, 3.5097e-12, 0, 0, 0.00212733, 3.08969e-13, 2.45223e-09, 29.9873, 0.970076, 3.25266, 293.645
2847, 1.96341e-14, 0.00214153, 1.17833e-06, 0, 6.58746e-12, 7.28838e-13, 0, 0, 0.0021427, 6.40092e-14, 5.09437e-10, 31.5615, 0.970082, 3.2479, 293.694
2848, 1.68962e-15, 0.00215373, 7.54097e-07, 0, 5.74153e-13, 6.29683e-14, 0, 0, 0.00215449, 5.5083e-15, 4.40449e-11, 34.0143, 0.970088, 3.24409, 293.715
2849, 6.04033e-17, 0.00216333, 7.04808e-07, 0, 2.7159e-14, 2.2628e-15, 0, 0, 0.00216404, 1.96917e-16, 1.58432e-12, 37.3455, 0.970094, 3.23998, 293.717
2850, 8.97179e-19, 0.00216961, 1.13778e-06, 0, 2.58228e-14, 3.38421e-17, 0, 0, 0.00217075, 2.92482e-18, 2.37374e-14, 41.555, 0.9701, 3.23507, 293.697
2851, 5.53687e-21, 0.0021757, 1.60417e-06, 0, 4.36819e-14, 2.46705e-19, 0, 0, 0.0021773, 1.80501e-20, 1.98228e-16, 46.6429, 0.970106, 3.23054, 293.675
2852, 1.44429e-23, 0.00218677, 1.35821e-06, 0, 3.10947e-14, 2.627e-20, 0, 0, 0.00218813, 4.70763e-23, 3.61132e-17, 52.5918, 0.970112, 3.22655, 293.687
2853, 9.17887e-26, 0.00220041, 7.47078e-07, 0, 9.20249e-15, 7.52663e-21, 0, 0, 0.00220116, 2.96976e-25, 1.04489e-17, 57.6503, 0.970118, 3.22198, 293.716
2854, 2.25462e-25, 0.00221239, 3.79031e-07, 0, 1.23579e-15, 2.49742e-21, 0, 0, 0.00221276, 7.21533e-25, 3.12669e-18, 56.7516, 0.970124, 3.21684, 293.733
2855, 7.7121e-24, 0.00222171, 3.96979e-07, 0, 2.3612e-15, 5.18008e-20, 0, 0, 0.00222211, 2.46695e-23, 6.02551e-17, 53.2192, 0.97013, 3.2119, 293.732
2856, 1.14494e-22, 0.00222808, 8.46761e-07, 0, 2.43446e-14, 7.24828e-19, 0, 0, 0.00222893, 3.66231e-22, 8.37492e-16, 50.5215, 0.970136, 3.20761, 293.712
2857, 1.00572e-21, 0.00223236, 1.60148e-06, 0, 1.18614e-13, 4.43461e-18, 0, 0, 0.00223396, 3.21158e-21, 5.07871e-15, 48.3486, 0.970142, 3.20394, 293.677
2858, 3.4599e-16, 0.00223802, 2.15995e-06, 0, 2.64184e-13, 2.26406e-15, 0, 0, 0.00224018, 1.09908e-15, 1.264e-12, 35.6001, 0.970148, 3.20022, 293.652
2859, 2.47414e-14, 0.00224888, 1.9762e-06, 0, 4.5101e-13, 1.55603e-13, 0, 0, 0.00225086, 7.85934e-14, 8.59459e-11, 31.3303, 0.970154, 3.19579, 293.661
2860, 6.63725e-13, 0.00226154, 1.53994e-06, 0, 4.67015e-12, 4.14381e-12, 0, 0, 0.00226308, 2.10837e-12, 2.2858e-09, 28.0409, 0.97016, 3.19067, 293.681
2861, 7.37864e-12, 0.00226789, 2.00572e-06, 0, 4.68526e-11, 4.58879e-11, 0, 0, 0.00226989, 2.34387e-11, 2.53014e-08, 25.6324, 0.970166, 3.18538, 293.66
2862, 3.39565e-11, 0.00226712, 3.47766e-06, 0, 2.07774e-10, 2.11005e-10, 0, 0, 0.0022706, 1.07864e-10, 1.16369e-07, 24.1059, 0.970172, 3.18029, 293.592
2863, 6.46894e-11, 0.00226838, 4.66376e-06, 0, 3.94339e-10, 4.02998e-10, 0, 0, 0.00227304, 2.05487e-10, 2.22471e-07, 23.4614, 0.970178, 3.17564, 293.538
2864, 5.10493e-11, 0.00227868, 4.59038e-06, 0, 3.31929e-10, 3.2091e-10, 0, 0, 0.00228327, 1.62157e-10, 1.7766e-07, 23.6982, 0.970184, 3.17077, 293.543
2865, 1.67633e-11, 0.00229203, 4.09717e-06, 0, 1.54107e-10, 1.09366e-10, 0, 0, 0.00229612, 5.32467e-11, 6.12707e-08, 24.8118, 0.97019, 3.16489, 293.566
2866, 2.36111e-12, 0.00230767, 3.27737e-06, 0, 6.25963e-11, 1.85612e-11, 0, 0, 0.00231094, 7.49845e-12, 1.09773e-08, 26.7719, 0.970196, 3.15782, 293.604
2867, 1.69941e-13, 0.00232488, 2.23831e-06, 0, 2.00568e-11, 2.48551e-12, 0, 0, 0.00232712, 5.39219e-13, 1.64869e-09, 29.4033, 0.970202, 3.14976, 293.652
2868, 1.01738e-14, 0.00233763, 1.83667e-06, 0, 3.28419e-12, 2.95864e-13, 0, 0, 0.00233947, 3.22197e-14, 2.08896e-10, 32.219, 0.970208, 3.14016, 293.67
2869, 6.23148e-16, 0.00234744, 1.85549e-06, 0, 2.69163e-13, 1.97998e-14, 0, 0, 0.00234929, 1.96163e-15, 1.41008e-11, 35.0117, 0.970214, 3.12649, 293.67
2870, 1.07077e-14, 0.00235743, 1.84968e-06, 0, 7.8819e-14, 4.49207e-14, 0, 0, 0.00235928, 3.28083e-14, 2.34121e-11, 32.1678, 0.97022, 3.10256, 293.671
2871, 5.27653e-13, 0.00237005, 1.46899e-06, 0, 1.46033e-12, 2.14763e-12, 0, 0, 0.00237151, 1.61725e-12, 1.10622e-09, 28.2703, 0.970226, 3.05114, 293.687
2872, 1.10336e-11, 0.00238244, 1.12236e-06, 0, 2.7952e-11, 4.41323e-11, 0, 0, 0.00238356, 3.38315e-11, 2.25936e-08, 25.2301, 0.970232, 2.96399, 293.702
2873, 9.91665e-11, 0.00238712, 1.87504e-06, 0, 2.37391e-10, 3.91513e-10, 0, 0, 0.002389, 3.04236e-10, 1.99331e-07, 23.0342, 0.970238, 2.91114, 293.669
2874, 3.91226e-10, 0.00238024, 4.25416e-06, 0, 9.06233e-10, 1.53407e-09, 0, 0, 0.00238449, 1.20119e-09, 7.77335e-07, 21.6617, 0.970244, 2.96002, 293.564
2875, 6.97448e-10, 0.00237259, 6.73965e-06, 0, 1.61706e-09, 2.7412e-09, 0, 0, 0.00237933, 2.14362e-09, 1.38412e-06, 21.0836, 0.97025, 3.03789, 293.455
2876, 5.79885e-10, 0.0023819, 6.86559e-06, 0, 1.405e-09, 2.31065e-09, 0, 0, 0.00238877, 1.7845e-09, 1.1648e-06, 21.2682, 0.970256, 3.07894, 293.451
2877, 2.45744e-10, 0.00240658, 4.85143e-06, 0, 6.32088e-10, 9.89011e-10, 0, 0, 0.00241143, 7.57514e-10, 4.9878e-07, 22.1267, 0.970262, 3.09382, 293.541
2878, 1.95694e-10, 0.00242623, 3.53578e-06, 0, 3.61344e-10, 6.74099e-10, 0, 0, 0.00242977, 6.06244e-10, 3.39261e-07, 22.3545, 0.970268, 3.09913, 293.6
2879, 5.45253e-10, 0.00243061, 4.35719e-06, 0, 8.37842e-10, 1.77135e-09, 0, 0, 0.00243497, 1.69116e-09, 8.91094e-07, 21.3298, 0.970274, 3.10043, 293.565
2880, 7.99915e-10, 0.00243177, 5.63185e-06, 0, 1.29416e-09, 2.64359e-09, 0, 0, 0.00243741, 2.481e-09, 1.33684e-06, 20.9465, 0.97028, 3.09964, 293.51
2881, 5.10225e-10, 0.00244029, 5.88731e-06, 0, 1.03503e-09, 1.80337e-09, 0, 0, 0.00244619, 1.58205e-09, 9.25429e-07, 21.3962, 0.970286, 3.0967, 293.5
2882, 1.68873e-10, 0.0024514, 5.78897e-06, 0, 6.24737e-10, 7.34462e-10, 0, 0, 0.00245719, 5.22662e-10, 3.89283e-07, 22.5019, 0.970292, 3.09238, 293.506
2883, 8.41642e-11, 0.00246627, 5.16413e-06, 0, 3.9835e-10, 3.91746e-10, 0, 0, 0.00247144, 2.59341e-10, 2.08162e-07, 23.1983, 0.970298, 3.09, 293.533
2884, 2.69091e-10, 0.00248406, 4.1257e-06, 0, 4.52322e-10, 8.59499e-10, 0, 0, 0.00248819, 8.29088e-10, 4.2887e-07, 22.036, 0.970304, 3.08906, 293.578
2885, 7.33268e-10, 0.00249231, 4.42849e-06, 0, 9.48288e-10, 2.22353e-09, 0, 0, 0.00249674, 2.25926e-09, 1.09671e-06, 21.0335, 0.97031, 3.08656, 293.566
2886, 8.64414e-10, 0.00249781, 5.13214e-06, 0, 1.11614e-09, 2.62167e-09, 0, 0, 0.00250295, 2.66304e-09, 1.29216e-06, 20.869, 0.970316, 3.08306, 293.537
2887, 4.2917e-10, 0.00251555, 4.12772e-06, 0, 5.79519e-10, 1.30691e-09, 0, 0, 0.00251968, 1.32192e-09, 6.44764e-07, 21.5692, 0.970322, 3.07948, 293.58
2888, 1.92188e-10, 0.00253762, 2.50423e-06, 0, 2.04556e-10, 5.13973e-10, 0, 0, 0.00254013, 5.90369e-10, 2.51033e-07, 22.3725, 0.970328, 3.07604, 293.648
2889, 8.00166e-10, 0.00254838, 2.47646e-06, 0, 5.27135e-10, 1.84805e-09, 0, 0, 0.00255086, 2.45272e-09, 8.86751e-07, 20.9462, 0.970334, 3.07278, 293.65
2890, 2.6657e-09, 0.00254676, 4.19835e-06, 0, 1.54018e-09, 5.70977e-09, 0, 0, 0.00255096, 8.16785e-09, 2.71849e-06, 19.7428, 0.97034, 3.06897, 293.579
2891, 1.20772e-08, 0.00254829, 5.48829e-06, 0, 2.2693e-09, 1.09229e-08, 0, 0, 0.00255379, 3.68946e-08, 4.59995e-06, 18.2319, 0.970346, 3.06498, 293.526
2892, 1.66583e-07, 0.00255877, 5.52015e-06, 0, 5.42834e-09, 6.67566e-08, 0, 0, 0.00256436, 5.08221e-07, 2.04061e-05, 15.6078, 0.970352, 3.06128, 293.526
2893, 1.40003e-06, 0.00256391, 6.22606e-06, 0, 3.19597e-08, 5.04342e-07, 0, 0, 0.00257067, 4.27004e-06, 0.000145232, 13.479, 0.970358, 3.0574, 293.497
2894, 5.74039e-06, 0.00254951, 9.5118e-06, 0, 1.1765e-07, 1.96378e-06, 0, 0, 0.0025611, 1.75015e-05, 0.000554447, 12.068, 0.970364, 3.05344, 293.361
2895, 1.23421e-05, 0.00252853, 1.36686e-05, 0, 2.35694e-07, 4.0672e-06, 0, 0, 0.0025465, 3.76075e-05, 0.00113226, 11.3025, 0.97037, 3.0495, 293.191
2896, 1.51673e-05, 0.00252505, 1.5548e-05, 0, 2.85873e-07, 4.96578e-06, 0, 0, 0.00254585, 4.61834e-05, 0.00137757, 11.0964, 0.970376, 3.0455, 293.115
2897, 1.09245e-05, 0.00254197, 1.48264e-05, 0, 2.20978e-07, 3.7095e-06, 0, 0, 0.00256073, 3.32447e-05, 0.00104295, 11.4245, 0.970382, 3.04173, 293.145
2898, 4.40782e-06, 0.00257855, 1.15236e-05, 0, 1.03911e-07, 1.61666e-06, 0, 0, 0.0025918, 1.3409e-05, 0.000468698, 12.3321, 0.970388, 3.03829, 293.282
2899, 9.46311e-07, 0.00262513, 6.76772e-06, 0, 2.77822e-08, 3.87285e-07, 0, 0, 0.00263231, 2.8783e-06, 0.000117206, 13.8707, 0.970394, 3.03473, 293.48
2900, 1.0446e-07, 0.00266374, 2.96722e-06, 0, 3.98513e-09, 4.86896e-08, 0, 0, 0.00266675, 3.17688e-07, 1.54503e-05, 16.0745, 0.9704, 3.03045, 293.634
2901, 5.74037e-09, 0.00268487, 1.55528e-06, 0, 2.91221e-10, 3.06814e-09, 0, 0, 0.00268643, 1.74555e-08, 1.01879e-06, 18.9757, 0.970407, 3.02592, 293.691
2902, 1.51755e-10, 0.00269224, 2.09574e-06, 0, 1.2113e-11, 9.26528e-11, 0, 0, 0.00269434, 4.61389e-10, 3.20342e-08, 22.6088, 0.970412, 3.02216, 293.671
2903, 1.8752e-12, 0.0026971, 2.99379e-06, 0, 4.01842e-12, 1.31234e-12, 0, 0, 0.00270009, 5.70029e-12, 4.75753e-10, 27.0023, 0.970418, 3.0186, 293.636
2904, 6.0657e-13, 0.00270903, 2.87658e-06, 0, 4.77722e-12, 9.82877e-13, 0, 0, 0.00271191, 1.81812e-12, 4.78823e-10, 28.131, 0.970424, 3.01507, 293.641
2905, 3.18857e-11, 0.00272244, 2.55406e-06, 0, 1.64631e-11, 3.10079e-11, 0, 0, 0.002725, 9.55172e-11, 1.32903e-08, 24.1689, 0.97043, 3.01175, 293.654
2906, 1.6679e-09, 0.00272876, 3.25372e-06, 0, 1.46165e-10, 8.85134e-10, 0, 0, 0.00273201, 4.99083e-09, 3.18008e-07, 20.2117, 0.970436, 3.00817, 293.628
2907, 4.97298e-08, 0.00273204, 4.3781e-06, 0, 1.38628e-09, 1.72111e-08, 0, 0, 0.00273644, 1.48659e-07, 5.36888e-06, 16.8167, 0.970442, 3.00416, 293.585
2908, 9.4019e-07, 0.0027357, 5.41865e-06, 0, 1.30379e-08, 2.32166e-07, 0, 0, 0.00274136, 2.80852e-06, 6.24529e-05, 13.8772, 0.970448, 2.9999, 293.545
2909, 9.1913e-06, 0.00273308, 7.2405e-06, 0, 9.29088e-08, 1.94226e-06, 0, 0, 0.00274235, 2.74452e-05, 0.000476098, 11.5973, 0.970454, 2.9957, 293.48
2910, 4.11363e-05, 0.00271586, 1.08821e-05, 0, 3.74467e-07, 8.25472e-06, 0, 0, 0.00273538, 0.000122798, 0.00195386, 10.0986, 0.97046, 2.99108, 293.365
2911, 8.10657e-05, 0.00269883, 1.44549e-05, 0, 7.18397e-07, 1.60359e-05, 0, 0, 0.00273003, 0.000241931, 0.00375808, 9.42025, 0.970466, 2.98608, 293.26
2912, 6.97071e-05, 0.00271889, 1.33811e-05, 0, 6.18286e-07, 1.3787e-05, 0, 0, 0.00274667, 0.000207983, 0.00322868, 9.57121, 0.970472, 2.98197, 293.295
2913, 2.60973e-05, 0.00276613, 8.85521e-06, 0, 2.3556e-07, 5.20472e-06, 0, 0, 0.00278042, 7.78493e-05, 0.00122406, 10.5537, 0.970478, 2.97885, 293.437
2914, 4.31212e-06, 0.00279594, 6.51762e-06, 0, 4.43424e-08, 9.04082e-07, 0, 0, 0.0028034, 1.28576e-05, 0.000219329, 12.3541, 0.970484, 2.97443, 293.51
2915, 5.97186e-07, 0.00279667, 7.9976e-06, 0, 2.16899e-08, 2.47459e-07, 0, 0, 0.00280494, 1.76719e-06, 7.86707e-05, 14.331, 0.97049, 2.96703, 293.449
2916, 9.41463e-07, 0.00279302, 1.00617e-05, 0, 3.57559e-08, 4.14916e-07, 0, 0, 0.00280354, 2.77668e-06, 0.000133355, 13.8758, 0.970496, 2.9614, 293.369
2917, 5.17671e-06, 0.00280376, 1.01506e-05, 0, 7.83e-08, 1.36408e-06, 0, 0, 0.00281535, 1.53095e-05, 0.000369505, 12.1713, 0.970502, 2.96133, 293.372
2918, 2.17021e-05, 0.00280038, 1.2035e-05, 0, 2.49701e-07, 5.05596e-06, 0, 0, 0.00281772, 6.41951e-05, 0.0012856, 10.7381, 0.970508, 2.96116, 293.316
2919, 4.17185e-05, 0.00278797, 1.50938e-05, 0, 4.62521e-07, 9.55206e-06, 0, 0, 0.00281308, 0.000123396, 0.00240082, 10.0846, 0.970514, 2.95826, 293.216
2920, 3.49489e-05, 0.00281308, 1.33245e-05, 0, 3.92825e-07, 8.07346e-06, 0, 0, 0.00283487, 0.000103364, 0.00203337, 10.2616, 0.97052, 2.95416, 293.281
2921, 1.27712e-05, 0.0028688, 7.54789e-06, 0, 1.49839e-07, 3.02799e-06, 0, 0, 0.00287953, 3.77684e-05, 0.000770601, 11.2683, 0.970526, 2.9497, 293.483
2922, 2.04883e-06, 0.00291356, 3.11515e-06, 0, 2.56644e-08, 5.05239e-07, 0, 0, 0.0029172, 6.05832e-06, 0.000130683, 13.0982, 0.970532, 2.94534, 293.64
2923, 1.65819e-07, 0.00293676, 1.54513e-06, 0, 2.28838e-09, 4.26939e-08, 0, 0, 0.00293835, 4.89646e-07, 1.12714e-05, 15.6124, 0.970539, 2.94192, 293.696
2924, 5.11239e-07, 0.00294348, 2.26603e-06, 0, 6.22756e-09, 1.16352e-07, 0, 0, 0.00294587, 1.49611e-06, 2.95636e-05, 14.4864, 0.970544, 2.93895, 293.67
2925, 5.9327e-06, 0.00293032, 5.70807e-06, 0, 5.9564e-08, 1.22446e-06, 0, 0, 0.00293731, 1.73514e-05, 0.000298211, 12.035, 0.97055, 2.93546, 293.549
2926, 3.81894e-05, 0.002897, 1.17078e-05, 0, 3.09344e-07, 6.89695e-06, 0, 0, 0.00291592, 0.000111615, 0.00159188, 10.173, 0.970556, 2.9313, 293.351
2927, 0.000146982, 0.00286308, 1.74616e-05, 0, 9.63198e-07, 2.30579e-05, 0, 0, 0.00290456, 0.000429347, 0.00499731, 8.8252, 0.970562, 2.92626, 293.212
2928, 0.000315413, 0.00285339, 1.98799e-05, 0, 1.79848e-06, 4.50805e-05, 0, 0, 0.00292015, 0.000921119, 0.00932689, 8.06163, 0.970568, 2.92135, 293.235
2929, 0.000418473, 0.00287944, 1.7933e-05, 0, 2.07659e-06, 5.38457e-05, 0, 0, 0.0029533, 0.00122119, 0.0106499, 7.7789, 0.970574, 2.91814, 293.363
2930, 0.00082918, 0.00289604, 1.70026e-05, 0, 3.1373e-06, 8.58587e-05, 0, 0, 0.00300203, 0.00241535, 0.0152978, 7.09507, 0.97058, 2.91567, 293.58
2931, 0.00195755, 0.00285658, 2.24108e-05, 0, 6.69051e-06, 0.000187004, 0, 0, 0.00307269, 0.00569873, 0.0316839, 6.23606, 0.970586, 2.91282, 293.918
2932, 0.00244767, 0.00283544, 2.61175e-05, 0, 8.32835e-06, 0.000232645, 0, 0, 0.00310253, 0.00712378, 0.0392493, 6.01262, 0.970592, 2.90922, 294.018
2933, 0.00153624, 0.00287633, 2.33659e-05, 0, 5.56135e-06, 0.000152764, 0, 0, 0.00305802, 0.00446769, 0.0264615, 6.47842, 0.970598, 2.9047, 293.694
2934, 0.000847491, 0.0029036, 2.20355e-05, 0, 3.63314e-06, 9.60713e-05, 0, 0, 0.00302534, 0.00245718, 0.0177329, 7.07323, 0.970604, 2.89972, 293.435
2935, 0.000887074, 0.00290127, 2.37316e-05, 0, 4.00381e-06, 0.000105239, 0, 0, 0.00303425, 0.00256639, 0.019773, 7.02758, 0.97061, 2.89561, 293.416
2936, 0.000980951, 0.00291181, 2.38646e-05, 0, 4.30194e-06, 0.000114045, 0, 0, 0.00305402, 0.00283721, 0.0212406, 6.92699, 0.970616, 2.89255, 293.46
2937, 0.000673018, 0.00296734, 1.88284e-05, 0, 2.94196e-06, 7.78913e-05, 0, 0, 0.003067, 0.00194625, 0.0144927, 7.30374, 0.970622, 2.88952, 293.465
2938, 0.000224831, 0.00304478, 1.11767e-05, 0, 1.00898e-06, 2.64055e-05, 0, 0, 0.00308338, 0.000650028, 0.00496135, 8.40016, 0.970628, 2.88618, 293.488
2939, 3.4067e-05, 0.00308686, 7.70893e-06, 0, 1.69116e-07, 4.24476e-06, 0, 0, 0.00309898, 9.84616e-05, 0.000832643, 10.2872, 0.970634, 2.8826, 293.507
2940, 4.63006e-06, 0.00309245, 8.72864e-06, 0, 5.66599e-08, 1.07475e-06, 0, 0, 0.00310231, 1.3345e-05, 0.000288966, 12.2829, 0.97064, 2.87897, 293.456
2941, 4.14589e-06, 0.00308887, 1.08991e-05, 0, 8.03076e-08, 1.38135e-06, 0, 0, 0.00310123, 1.19207e-05, 0.000409609, 12.3934, 0.970646, 2.87535, 293.38
2942, 2.99357e-06, 0.00310776, 1.00445e-05, 0, 6.36161e-08, 1.05552e-06, 0, 0, 0.00311892, 8.60475e-06, 0.000318768, 12.719, 0.970652, 2.87176, 293.411
2943, 1.0474e-06, 0.00314252, 7.0258e-06, 0, 2.60529e-08, 4.01525e-07, 0, 0, 0.00314997, 3.00883e-06, 0.000124527, 13.7692, 0.970658, 2.86794, 293.515
2944, 4.94456e-07, 0.00315399, 7.1766e-06, 0, 2.02837e-08, 2.48667e-07, 0, 0, 0.00316144, 1.41525e-06, 8.24849e-05, 14.5198, 0.970664, 2.8637, 293.51
2945, 8.21979e-07, 0.00314098, 1.06967e-05, 0, 3.79862e-08, 4.44077e-07, 0, 0, 0.00315216, 2.34914e-06, 0.000149229, 14.0116, 0.97067, 2.85939, 293.388
2946, 9.90246e-07, 0.00315086, 1.10893e-05, 0, 3.91575e-08, 4.71047e-07, 0, 0, 0.00316246, 2.82692e-06, 0.000154755, 13.8253, 0.970676, 2.85578, 293.376
2947, 3.78928e-06, 0.00318793, 7.71597e-06, 0, 4.55406e-08, 8.18984e-07, 0, 0, 0.00319651, 1.07719e-05, 0.000211085, 12.4833, 0.970682, 2.85282, 293.495
2948, 3.38436e-05, 0.00319412, 8.4245e-06, 0, 2.29833e-07, 5.26194e-06, 0, 0, 0.00320803, 9.61194e-05, 0.00115455, 10.2938, 0.970688, 2.84974, 293.489
2949, 0.000194435, 0.00314715, 1.59805e-05, 0, 1.02216e-06, 2.53128e-05, 0, 0, 0.00318947, 0.000552018, 0.00506753, 8.54541, 0.970694, 2.846, 293.317
2950, 0.000596416, 0.0030903, 2.43492e-05, 0, 2.71318e-06, 7.04045e-05, 0, 0, 0.00318777, 0.00169299, 0.0132673, 7.42457, 0.9707, 2.84204, 293.238
2951, 0.000868097, 0.00307903, 2.70196e-05, 0, 3.75666e-06, 9.91177e-05, 0, 0, 0.00320893, 0.002464, 0.0182525, 7.04921, 0.970706, 2.83856, 293.285
2952, 0.000566558, 0.00313794, 2.16555e-05, 0, 2.46911e-06, 6.48879e-05, 0, 0, 0.00322696, 0.00160805, 0.0119707, 7.47593, 0.970712, 2.83533, 293.314
2953, 0.000163247, 0.00322693, 1.24657e-05, 0, 7.52504e-07, 1.93047e-05, 0, 0, 0.00325945, 0.00046332, 0.00364192, 8.72024, 0.970718, 2.83179, 293.422
2954, 2.44736e-05, 0.00328821, 6.31672e-06, 0, 1.31402e-07, 3.19451e-06, 0, 0, 0.00329785, 6.93786e-05, 0.000640105, 10.6179, 0.970724, 2.828, 293.56
2955, 3.79324e-05, 0.00329836, 6.64902e-06, 0, 2.23696e-07, 5.526e-06, 0, 0, 0.00331076, 0.000106875, 0.00115303, 10.1797, 0.97073, 2.82435, 293.559
2956, 0.000158424, 0.00326073, 1.30359e-05, 0, 8.98111e-07, 2.25349e-05, 0, 0, 0.0032972, 0.000446221, 0.00464326, 8.75024, 0.970736, 2.82082, 293.417
2957, 0.000295531, 0.0032211, 1.96304e-05, 0, 1.64606e-06, 4.15216e-05, 0, 0, 0.0032839, 0.000832323, 0.00851373, 8.12674, 0.970742, 2.81725, 293.277
2958, 0.000243438, 0.00323606, 1.96076e-05, 0, 1.38297e-06, 3.45902e-05, 0, 0, 0.00329165, 0.000685489, 0.00716512, 8.32065, 0.970748, 2.8136, 293.249
2959, 0.000117585, 0.00327231, 1.70121e-05, 0, 7.22988e-07, 1.74845e-05, 0, 0, 0.00330753, 0.000330598, 0.00375044, 9.04835, 0.970754, 2.80931, 293.265
2960, 0.000148259, 0.00328077, 1.76022e-05, 0, 8.22094e-07, 2.03353e-05, 0, 0, 0.00331953, 0.000415271, 0.00418391, 8.81655, 0.97076, 2.80464, 293.26
2961, 0.000296136, 0.00326835, 2.05998e-05, 0, 1.47138e-06, 3.76194e-05, 0, 0, 0.00332804, 0.000828853, 0.00737229, 8.12469, 0.970766, 2.80125, 293.236
2962, 0.000582571, 0.00327217, 2.15291e-05, 0, 2.22178e-06, 5.9396e-05, 0, 0, 0.00335531, 0.00162792, 0.0105834, 7.44806, 0.970772, 2.79878, 293.311
2963, 0.00217872, 0.00326332, 2.28708e-05, 0, 6.10265e-06, 0.000173545, 0, 0, 0.00346584, 0.00607943, 0.0266577, 6.12902, 0.970778, 2.79575, 293.817
2964, 0.00605774, 0.0031797, 3.13395e-05, 0, 1.60234e-05, 0.00046118, 0, 0, 0.00368825, 0.0168979, 0.0683219, 5.10642, 0.970784, 2.79231, 294.858
2965, 0.00836608, 0.00312181, 3.7987e-05, 0, 2.21094e-05, 0.000635842, 0, 0, 0.00381775, 0.0233328, 0.0938877, 4.78357, 0.97079, 2.7889, 295.408
2966, 0.00557955, 0.00320576, 3.17592e-05, 0, 1.50236e-05, 0.000430033, 0, 0, 0.00368258, 0.0155587, 0.0640721, 5.18865, 0.970796, 2.78553, 294.692
2967, 0.00178294, 0.00334408, 1.97739e-05, 0, 5.01292e-06, 0.000141862, 0, 0, 0.00351073, 0.00497104, 0.0216484, 6.32949, 0.970802, 2.78202, 293.77
2968, 0.000269685, 0.00344072, 1.06788e-05, 0, 8.34725e-07, 2.29144e-05, 0, 0, 0.00347515, 0.000751799, 0.0036856, 8.21825, 0.970808, 2.77804, 293.52
2969, 1.94643e-05, 0.00349299, 5.85284e-06, 0, 7.50578e-08, 1.90989e-06, 0, 0, 0.00350083, 5.42487e-05, 0.000342001, 10.8469, 0.970814, 2.77315, 293.582
2970, 7.15731e-07, 0.00352134, 3.8688e-06, 0, 4.13653e-09, 9.22975e-08, 0, 0, 0.0035253, 1.99403e-06, 1.93237e-05, 14.15, 0.97082, 2.7683, 293.637
2971, 1.51263e-08, 0.00354102, 3.02054e-06, 0, 1.49318e-10, 2.72615e-09, 0, 0, 0.00354405, 4.21178e-08, 6.51362e-07, 18.0068, 0.970826, 2.76529, 293.662
2972, 1.96013e-10, 0.00355212, 3.40385e-06, 0, 4.06474e-11, 5.37061e-11, 0, 0, 0.00355553, 5.45318e-10, 1.69337e-08, 22.3528, 0.970832, 2.76313, 293.651
2973, 3.6232e-10, 0.00355826, 4.51265e-06, 0, 8.14376e-11, 1.41931e-10, 0, 0, 0.00356278, 9.94809e-10, 4.73931e-08, 21.7385, 0.970838, 2.76048, 293.618
2974, 1.32426e-08, 0.00357012, 4.8042e-06, 0, 3.63039e-10, 4.56185e-09, 0, 0, 0.00357493, 3.63565e-08, 1.3476e-06, 18.1398, 0.970844, 2.75751, 293.61
2975, 2.04032e-07, 0.00358017, 5.3387e-06, 0, 4.35524e-09, 6.93468e-08, 0, 0, 0.00358558, 5.6014e-07, 2.03208e-05, 15.405, 0.97085, 2.75417, 293.594
2976, 1.31464e-06, 0.00357705, 7.66479e-06, 0, 2.72603e-08, 4.4433e-07, 0, 0, 0.00358519, 3.60904e-06, 0.000129895, 13.5419, 0.970856, 2.75067, 293.524
2977, 3.5439e-06, 0.00356222, 1.15489e-05, 0, 7.31859e-08, 1.19712e-06, 0, 0, 0.00357504, 9.72869e-06, 0.000349896, 12.5503, 0.970862, 2.74715, 293.405
2978, 4.01001e-06, 0.00357022, 1.23575e-05, 0, 8.3401e-08, 1.35842e-06, 0, 0, 0.00358402, 1.10077e-05, 0.000397674, 12.4267, 0.970868, 2.74334, 293.381
2979, 2.46517e-06, 0.00361186, 8.63501e-06, 0, 4.27036e-08, 7.10546e-07, 0, 0, 0.00362125, 6.75614e-06, 0.000201982, 12.9133, 0.970874, 2.73942, 293.496
2980, 1.33801e-05, 0.00363973, 6.7754e-06, 0, 5.95076e-08, 1.50218e-06, 0, 0, 0.00364807, 3.64843e-05, 0.000284314, 11.2217, 0.97088, 2.73596, 293.559
2981, 0.000124544, 0.00363094, 9.62112e-06, 0, 4.74483e-07, 1.28862e-05, 0, 0, 0.00365392, 0.00033953, 0.00228329, 8.99085, 0.970886, 2.73284, 293.519
2982, 0.000509276, 0.00358344, 1.69208e-05, 0, 1.90377e-06, 5.20772e-05, 0, 0, 0.00365434, 0.0013883, 0.00916967, 7.58252, 0.970892, 2.72953, 293.453
2983, 0.000952806, 0.00353151, 2.46719e-05, 0, 3.5348e-06, 9.68911e-05, 0, 0, 0.00365661, 0.00259664, 0.0170448, 6.9561, 0.970898, 2.72612, 293.396
2984, 0.00119615, 0.00351921, 2.78175e-05, 0, 4.24389e-06, 0.000117095, 0, 0, 0.00366837, 0.00325565, 0.0203227, 6.72865, 0.970904, 2.7228, 293.384
2985, 0.00197255, 0.00350862, 3.01758e-05, 0, 6.15444e-06, 0.00017372, 0, 0, 0.00371867, 0.00535922, 0.0286363, 6.22843, 0.97091, 2.71942, 293.559
2986, 0.0037122, 0.00348884, 3.28807e-05, 0, 1.01308e-05, 0.00029078, 0, 0, 0.00382263, 0.0100717, 0.0450682, 5.59613, 0.970916, 2.71579, 293.985
2987, 0.00720128, 0.00345377, 3.6427e-05, 0, 1.73706e-05, 0.000500829, 0, 0, 0.0040084, 0.0195109, 0.0725844, 4.9335, 0.970922, 2.71205, 294.77
2988, 0.0138283, 0.00338722, 4.18511e-05, 0, 3.04962e-05, 0.000871753, 0, 0, 0.00433132, 0.0374174, 0.118626, 4.28104, 0.970928, 2.70841, 296.105
2989, 0.0253788, 0.00327982, 4.92947e-05, 0, 5.26359e-05, 0.00148363, 0, 0, 0.00486538, 0.0686012, 0.191258, 3.67384, 0.970934, 2.70495, 298.169
2990, 0.0326517, 0.00322372, 5.34581e-05, 0, 6.62459e-05, 0.00185293, 0, 0, 0.00519636, 0.0882219, 0.233716, 3.42186, 0.97094, 2.70159, 299.321
2991, 0.0222857, 0.00337792, 4.35354e-05, 0, 4.54662e-05, 0.00126905, 0, 0, 0.00473597, 0.0602016, 0.16088, 3.80381, 0.970946, 2.6982, 297.534
2992, 0.0074184, 0.00359436, 2.90249e-05, 0, 1.57687e-05, 0.000439878, 0, 0, 0.00407903, 0.020036, 0.0579367, 4.90379, 0.970952, 2.69495, 294.743
2993, 0.0013524, 0.00368887, 2.34724e-05, 0, 3.58917e-06, 9.87408e-05, 0, 0, 0.00381467, 0.00364984, 0.015416, 6.60587, 0.970958, 2.69177, 293.469
2994, 0.000371588, 0.00370718, 2.37198e-05, 0, 1.67586e-06, 4.43338e-05, 0, 0, 0.00377691, 0.000999814, 0.00876181, 7.89773, 0.970964, 2.68843, 293.223
2995, 0.000242372, 0.00372788, 2.31285e-05, 0, 1.31997e-06, 3.38572e-05, 0, 0, 0.00378618, 0.000651031, 0.00705531, 8.32504, 0.97097, 2.68506, 293.199
2996, 0.000132118, 0.00378115, 1.84046e-05, 0, 7.86192e-07, 1.95915e-05, 0, 0, 0.00381993, 0.000354635, 0.00420716, 8.93181, 0.970976, 2.68173, 293.29
2997, 5.51092e-05, 0.00383914, 1.30461e-05, 0, 3.15686e-07, 7.79459e-06, 0, 0, 0.0038603, 0.00014761, 0.00166933, 9.80619, 0.970982, 2.67842, 293.41
2998, 0.000183788, 0.00385223, 1.32022e-05, 0, 6.05909e-07, 1.69461e-05, 0, 0, 0.00388299, 0.000489634, 0.0029941, 8.60173, 0.970988, 2.67488, 293.448
2999, 0.00121999, 0.00380182, 2.03283e-05, 0, 3.40791e-06, 9.84621e-05, 0, 0, 0.00392401, 0.00324962, 0.0160131, 6.70891, 0.970992, 2.67057, 293.568
3000, 0.00461338, 0.00368439, 3.3644e-05, 0, 1.16054e-05, 0.000337991, 0, 0, 0.00406763, 0.0122878, 0.0515577, 5.37879, 0.970989, 2.66624, 294.147
3001, 0.00941979, 0.00357508, 4.48901e-05, 0, 2.2334e-05, 0.000651625, 0, 0, 0.00429392, 0.0250866, 0.0953634, 4.66494, 0.970977, 2.66344, 295.059
3002, 0.00973418, 0.00359218, 4.44528e-05, 0, 2.28534e-05, 0.000666404, 0, 0, 0.00432589, 0.0259199, 0.0967404, 4.63211, 0.97096, 2.66116, 295.126
3003, 0.00488096, 0.00373243, 3.33298e-05, 0, 1.18827e-05, 0.0003452, 0, 0, 0.00412284, 0.0129946, 0.0513508, 5.32241, 0.97094, 2.65812, 294.187
3004, 0.00120248, 0.0038608, 2.2672e-05, 0, 3.28949e-06, 9.35668e-05, 0, 0, 0.00398033, 0.00320049, 0.014964, 6.72337, 0.97092, 2.65455, 293.485
3005, 0.000168859, 0.00394528, 1.47796e-05, 0, 6.52706e-07, 1.71063e-05, 0, 0, 0.00397781, 0.000449098, 0.00324241, 8.68645, 0.9709, 2.65104, 293.406
3006, 2.13653e-05, 0.00399723, 1.01584e-05, 0, 1.45475e-07, 3.30845e-06, 0, 0, 0.00401084, 5.67249e-05, 0.000757265, 10.7537, 0.97088, 2.64751, 293.487
3007, 1.57592e-05, 0.00400949, 1.07169e-05, 0, 8.31256e-08, 1.78764e-06, 0, 0, 0.00402207, 4.15434e-05, 0.000380169, 11.0581, 0.97086, 2.64325, 293.47
3008, 0.000225411, 0.00400831, 1.2755e-05, 0, 5.8068e-07, 1.59924e-05, 0, 0, 0.00403764, 0.00059333, 0.00238112, 8.39759, 0.97084, 2.63896, 293.472
3009, 0.00182527, 0.00396244, 1.89931e-05, 0, 4.31235e-06, 0.000122405, 0, 0, 0.00410815, 0.00480386, 0.0172828, 6.30603, 0.97082, 2.63619, 293.716
3010, 0.00682617, 0.00382349, 3.37498e-05, 0, 1.56777e-05, 0.000447642, 0, 0, 0.00432055, 0.0179622, 0.0621176, 4.98699, 0.9708, 2.63405, 294.561
3011, 0.0126695, 0.00368478, 4.76596e-05, 0, 2.8815e-05, 0.000825338, 0, 0, 0.00458659, 0.0333272, 0.11387, 4.36856, 0.97078, 2.63135, 295.581
3012, 0.0130433, 0.00368891, 4.86076e-05, 0, 2.98567e-05, 0.000856731, 0, 0, 0.00462411, 0.0342943, 0.118738, 4.33948, 0.97076, 2.62826, 295.663
3013, 0.0078832, 0.0038287, 3.77876e-05, 0, 1.84679e-05, 0.000529687, 0, 0, 0.00441465, 0.0207168, 0.074557, 4.84302, 0.97074, 2.62497, 294.749
3014, 0.00318742, 0.00394559, 2.94184e-05, 0, 8.19467e-06, 0.000233469, 0, 0, 0.00421667, 0.00836682, 0.0348404, 5.74854, 0.97072, 2.62159, 293.849
3015, 0.00223757, 0.00393878, 3.27979e-05, 0, 6.80656e-06, 0.000192381, 0, 0, 0.00417076, 0.00585806, 0.0312234, 6.10237, 0.9707, 2.61817, 293.584
3016, 0.00211738, 0.00394236, 3.4429e-05, 0, 6.68728e-06, 0.000188517, 0, 0, 0.00417199, 0.00553935, 0.0309831, 6.15758, 0.97068, 2.61463, 293.522
3017, 0.00102997, 0.00404993, 2.42766e-05, 0, 3.32199e-06, 9.30343e-05, 0, 0, 0.00417057, 0.00269418, 0.0153898, 6.87822, 0.97066, 2.61113, 293.448
3018, 0.000222026, 0.00416231, 1.29137e-05, 0, 7.44163e-07, 2.05458e-05, 0, 0, 0.00419652, 0.000580723, 0.00344971, 8.41272, 0.97064, 2.60776, 293.493
3019, 2.09786e-05, 0.00420805, 9.37104e-06, 0, 7.61223e-08, 2.02083e-06, 0, 0, 0.00421952, 5.48664e-05, 0.000349442, 10.772, 0.97062, 2.6043, 293.524
3020, 9.81834e-07, 0.00421958, 1.01105e-05, 0, 5.76379e-09, 1.07874e-07, 0, 0, 0.0042298, 2.56439e-06, 2.11255e-05, 13.8338, 0.9706, 2.60096, 293.501
3021, 3.9529e-06, 0.00424058, 9.36087e-06, 0, 1.85733e-08, 4.40946e-07, 0, 0, 0.0042504, 1.0222e-05, 8.22435e-05, 12.4411, 0.97058, 2.5979, 293.522
3022, 6.72669e-05, 0.004258, 8.83228e-06, 0, 2.54891e-07, 6.67683e-06, 0, 0, 0.00427377, 0.000173898, 0.0011617, 9.60684, 0.97056, 2.59461, 293.554
3023, 0.000570275, 0.0042088, 1.65107e-05, 0, 1.89025e-06, 5.11152e-05, 0, 0, 0.00427831, 0.00147388, 0.00839421, 7.46939, 0.97054, 2.59117, 293.506
3024, 0.00240333, 0.00407028, 3.40457e-05, 0, 7.21707e-06, 0.000199309, 0, 0, 0.00431086, 0.00620985, 0.0312311, 6.0309, 0.97052, 2.58782, 293.576
3025, 0.0049935, 0.00394749, 4.85509e-05, 0, 1.41922e-05, 0.000396278, 0, 0, 0.00440651, 0.0128992, 0.0604179, 5.29962, 0.9705, 2.58441, 293.907
3026, 0.00525848, 0.00396511, 4.81368e-05, 0, 1.47479e-05, 0.000412926, 0, 0, 0.00444092, 0.013578, 0.0626134, 5.24791, 0.97048, 2.58072, 293.981
3027, 0.00398925, 0.00405865, 4.00635e-05, 0, 1.11601e-05, 0.000312749, 0, 0, 0.00442262, 0.0102839, 0.0475904, 5.52415, 0.97046, 2.57699, 293.839
3028, 0.00485325, 0.0040637, 4.06983e-05, 0, 1.30032e-05, 0.000367132, 0, 0, 0.00448454, 0.0124844, 0.0548795, 5.32811, 0.97044, 2.57351, 294.025
3029, 0.0053246, 0.00406384, 4.2325e-05, 0, 1.40852e-05, 0.000398367, 0, 0, 0.00451862, 0.0136897, 0.0591909, 5.23542, 0.97042, 2.57001, 294.095
3030, 0.0029149, 0.00416274, 3.48045e-05, 0, 8.00571e-06, 0.000224347, 0, 0, 0.0044299, 0.0074928, 0.0340692, 5.83792, 0.9704, 2.56615, 293.668
3031, 0.000782836, 0.00426801, 2.60492e-05, 0, 2.53331e-06, 6.81386e-05, 0, 0, 0.00436473, 0.0020114, 0.0112795, 7.15259, 0.97038, 2.5618, 293.332
3032, 0.000141587, 0.0043541, 1.77172e-05, 0, 6.82162e-07, 1.67635e-05, 0, 0, 0.00438927, 0.000363219, 0.00325559, 8.86259, 0.97036, 2.55698, 293.367
3033, 5.52103e-05, 0.00438518, 1.60006e-05, 0, 3.74929e-07, 8.52152e-06, 0, 0, 0.00441007, 0.000140806, 0.00180191, 9.80436, 0.97034, 2.55164, 293.386
3034, 8.62754e-05, 0.00435662, 2.20723e-05, 0, 6.04689e-07, 1.36047e-05, 0, 0, 0.0043929, 0.00021941, 0.00287367, 9.35797, 0.97032, 2.54523, 293.248
3035, 8.63956e-05, 0.00437317, 2.20773e-05, 0, 6.10379e-07, 1.37021e-05, 0, 0, 0.00440957, 0.000219662, 0.00289883, 9.35657, 0.9703, 2.53639, 293.25
3036, 3.73912e-05, 0.00445218, 1.37471e-05, 0, 2.69754e-07, 6.00891e-06, 0, 0, 0.0044722, 9.50584e-05, 0.00127878, 10.1941, 0.97028, 2.52152, 293.439
3037, 6.88071e-06, 0.00451359, 7.71464e-06, 0, 5.21241e-08, 1.13441e-06, 0, 0, 0.00452249, 1.74867e-05, 0.000244662, 11.8868, 0.97026, 2.48983, 293.576
3038, 7.45049e-07, 0.0045256, 8.49833e-06, 0, 1.06179e-08, 1.63451e-07, 0, 0, 0.00453427, 1.86388e-06, 4.1567e-05, 14.1098, 0.97024, 2.42958, 293.557
3039, 2.62269e-06, 0.00451155, 1.29436e-05, 0, 2.79682e-08, 4.62362e-07, 0, 0, 0.00452498, 6.51589e-06, 0.000110439, 12.8513, 0.97022, 2.37867, 293.453
3040, 2.82835e-05, 0.00450988, 1.54065e-05, 0, 1.61791e-07, 3.70766e-06, 0, 0, 0.00452916, 7.08342e-05, 0.000737813, 10.4732, 0.9702, 2.40009, 293.403
3041, 0.000151202, 0.00449031, 1.98213e-05, 0, 7.62545e-07, 1.87473e-05, 0, 0, 0.00452964, 0.000379081, 0.00359136, 8.79689, 0.97018, 2.45774, 293.338
3042, 0.000372206, 0.00442888, 2.97256e-05, 0, 1.81738e-06, 4.54239e-05, 0, 0, 0.00450585, 0.000933553, 0.00864384, 7.89606, 0.97016, 2.49276, 293.176
3043, 0.000452879, 0.00441296, 3.40264e-05, 0, 2.19356e-06, 5.51925e-05, 0, 0, 0.00450437, 0.00113645, 0.0105466, 7.69989, 0.97014, 2.50625, 293.104
3044, 0.000300134, 0.00448089, 2.76867e-05, 0, 1.47098e-06, 3.69938e-05, 0, 0, 0.00454704, 0.000753576, 0.00716027, 8.11128, 0.97012, 2.51099, 293.208
3045, 0.000117088, 0.00456681, 1.8882e-05, 0, 6.17826e-07, 1.5158e-05, 0, 0, 0.00460147, 0.000294097, 0.00302172, 9.05259, 0.9701, 2.51194, 293.359
3046, 5.6284e-05, 0.00458467, 1.8931e-05, 0, 4.11029e-07, 9.10319e-06, 0, 0, 0.00461312, 0.000141338, 0.00196167, 9.7851, 0.97008, 2.51101, 293.338
3047, 6.72348e-05, 0.00456534, 2.38676e-05, 0, 5.57234e-07, 1.19343e-05, 0, 0, 0.0046017, 0.00016879, 0.00262711, 9.60732, 0.97006, 2.50887, 293.227
3048, 5.01557e-05, 0.0046085, 2.04016e-05, 0, 4.2121e-07, 8.97126e-06, 0, 0, 0.0046383, 0.000125907, 0.00197718, 9.90038, 0.97004, 2.50592, 293.305
3049, 1.63388e-05, 0.00467666, 1.3656e-05, 0, 1.41261e-07, 2.95793e-06, 0, 0, 0.00469341, 4.10141e-05, 0.000655802, 11.022, 0.97002, 2.50391, 293.454
3050, 2.31143e-06, 0.00470365, 1.25477e-05, 0, 2.50342e-08, 4.51634e-07, 0, 0, 0.00471668, 5.8017e-06, 0.00010545, 12.9776, 0.97, 2.50274, 293.478
3051, 1.83128e-07, 0.00472647, 1.17825e-05, 0, 6.96693e-09, 6.5911e-08, 0, 0, 0.00473832, 4.59279e-07, 2.02904e-05, 15.5131, 0.96998, 2.50077, 293.495
3052, 2.60434e-08, 0.00476736, 8.33249e-06, 0, 2.72514e-09, 1.96436e-08, 0, 0, 0.00477571, 6.51915e-08, 6.97888e-06, 17.4635, 0.96996, 2.49786, 293.572
3053, 4.54037e-09, 0.00479808, 6.40792e-06, 0, 5.31767e-10, 3.69757e-09, 0, 0, 0.00480449, 1.13575e-08, 1.32877e-06, 19.2103, 0.96994, 2.49462, 293.616
3054, 2.72095e-08, 0.00481897, 5.91588e-06, 0, 1.64552e-10, 3.05672e-09, 0, 0, 0.00482489, 6.74374e-08, 5.96717e-07, 17.4197, 0.96992, 2.49175, 293.627
3055, 1.38295e-06, 0.00483175, 6.63452e-06, 0, 5.23973e-09, 1.32556e-07, 0, 0, 0.00483853, 3.42683e-06, 2.24686e-05, 13.4913, 0.9699, 2.48903, 293.613
3056, 3.1838e-05, 0.00482939, 9.51154e-06, 0, 1.10151e-07, 2.8816e-06, 0, 0, 0.00484189, 7.88824e-05, 0.000470135, 10.3549, 0.96988, 2.48497, 293.56
3057, 0.000331235, 0.00479485, 1.61477e-05, 0, 1.07443e-06, 2.86613e-05, 0, 0, 0.00484073, 0.000820563, 0.00453621, 8.01268, 0.96986, 2.48007, 293.489
3058, 0.00158705, 0.00468043, 3.16317e-05, 0, 4.92261e-06, 0.000132881, 0, 0, 0.00484987, 0.00393095, 0.0205626, 6.44588, 0.96984, 2.47766, 293.457
3059, 0.00357211, 0.0045358, 4.97973e-05, 0, 1.08063e-05, 0.000293362, 0, 0, 0.00488977, 0.00884618, 0.0447841, 5.6346, 0.96982, 2.47685, 293.542
3060, 0.00382753, 0.00453104, 5.24088e-05, 0, 1.15416e-05, 0.000313239, 0, 0, 0.00490823, 0.00947703, 0.0476803, 5.56554, 0.9698, 2.47483, 293.545
3061, 0.00195372, 0.00468811, 3.72466e-05, 0, 6.01742e-06, 0.000162188, 0, 0, 0.00489356, 0.00483667, 0.0249224, 6.23802, 0.96978, 2.4715, 293.424
3062, 0.000470261, 0.0048431, 2.16509e-05, 0, 1.52615e-06, 4.0443e-05, 0, 0, 0.00490672, 0.00116402, 0.006369, 7.66222, 0.96976, 2.4668, 293.407
3063, 5.65922e-05, 0.00490329, 1.68785e-05, 0, 2.23076e-07, 5.49786e-06, 0, 0, 0.00492589, 0.000139984, 0.000943315, 9.77964, 0.96974, 2.46212, 293.413
3064, 2.84777e-05, 0.00489963, 1.99811e-05, 0, 2.05585e-07, 4.41879e-06, 0, 0, 0.00492424, 6.99757e-05, 0.000927559, 10.4664, 0.96972, 2.45988, 293.341
3065, 7.15727e-05, 0.00487487, 2.56507e-05, 0, 5.1549e-07, 1.13133e-05, 0, 0, 0.00491234, 0.000175754, 0.00236724, 9.5448, 0.9697, 2.4586, 293.23
3066, 8.52336e-05, 0.00488284, 2.6909e-05, 0, 6.19288e-07, 1.35717e-05, 0, 0, 0.00492394, 0.000209316, 0.00284362, 9.37011, 0.96968, 2.45657, 293.208
3067, 4.80426e-05, 0.00492577, 2.36652e-05, 0, 3.88866e-07, 8.16355e-06, 0, 0, 0.00495799, 0.00011796, 0.0017599, 9.94342, 0.96966, 2.45406, 293.268
3068, 2.27093e-05, 0.00494389, 2.38691e-05, 0, 2.54035e-07, 4.76748e-06, 0, 0, 0.00497278, 5.5689e-05, 0.00111287, 10.6927, 0.96964, 2.45109, 293.257
3069, 1.39454e-05, 0.00498145, 2.11916e-05, 0, 1.85451e-07, 3.30807e-06, 0, 0, 0.00500614, 3.41657e-05, 0.000802263, 11.1804, 0.96962, 2.44776, 293.314
3070, 5.30256e-06, 0.00504394, 1.50545e-05, 0, 7.40678e-08, 1.29382e-06, 0, 0, 0.00506036, 1.29887e-05, 0.000317249, 12.1473, 0.9696, 2.44455, 293.446
3071, 9.96056e-07, 0.00507373, 1.36094e-05, 0, 1.5804e-08, 2.46863e-07, 0, 0, 0.0050876, 2.43788e-06, 6.17701e-05, 13.8195, 0.96958, 2.44185, 293.479
3072, 2.39636e-06, 0.00509216, 1.36021e-05, 0, 2.05842e-08, 3.83876e-07, 0, 0, 0.00510617, 5.82425e-06, 8.26979e-05, 12.9416, 0.96956, 2.43912, 293.481
3073, 3.07177e-05, 0.00509697, 1.52899e-05, 0, 1.75193e-07, 3.93511e-06, 0, 0, 0.00511637, 7.4604e-05, 0.000764361, 10.3907, 0.96954, 2.43604, 293.452
3074, 0.000239352, 0.00503485, 2.59545e-05, 0, 1.03407e-06, 2.52762e-05, 0, 0, 0.00508712, 0.00058102, 0.00446664, 8.33757, 0.96952, 2.43308, 293.281
3075, 0.00103341, 0.00492718, 4.14815e-05, 0, 3.73883e-06, 9.63727e-05, 0, 0, 0.00506878, 0.0025077, 0.0158224, 6.87489, 0.9695, 2.43032, 293.149
3076, 0.00224807, 0.00483927, 5.32748e-05, 0, 7.56546e-06, 0.000199293, 0, 0, 0.0050994, 0.00545382, 0.0316292, 6.09768, 0.96948, 2.42739, 293.194
3077, 0.00246107, 0.00483229, 5.62225e-05, 0, 8.33218e-06, 0.000219643, 0, 0, 0.00511649, 0.00596825, 0.0349365, 6.00716, 0.96946, 2.42416, 293.19
3078, 0.00159898, 0.00490039, 5.12766e-05, 0, 5.86859e-06, 0.000152346, 0, 0, 0.00510989, 0.00387443, 0.0251184, 6.43839, 0.96944, 2.42076, 293.101
3079, 0.000762731, 0.00501732, 3.98961e-05, 0, 3.10795e-06, 7.90554e-05, 0, 0, 0.00513937, 0.00184625, 0.0136036, 7.17861, 0.96942, 2.41766, 293.142
3080, 0.000237532, 0.00515829, 2.45468e-05, 0, 1.04083e-06, 2.59984e-05, 0, 0, 0.00520988, 0.000574607, 0.00460011, 8.34521, 0.9694, 2.41512, 293.327
3081, 3.76222e-05, 0.00526389, 1.28631e-05, 0, 1.76609e-07, 4.29549e-06, 0, 0, 0.00528123, 9.09823e-05, 0.000779494, 10.1879, 0.96938, 2.41258, 293.513
3082, 2.74096e-06, 0.00530292, 1.01305e-05, 0, 1.63031e-08, 3.44764e-07, 0, 0, 0.00531341, 6.62662e-06, 6.73412e-05, 12.8072, 0.96936, 2.40972, 293.559
3083, 2.24134e-07, 0.00529148, 1.47754e-05, 0, 9.20336e-09, 9.0084e-08, 0, 0, 0.00530636, 5.39819e-07, 2.7428e-05, 15.311, 0.96934, 2.40639, 293.47
3084, 2.94844e-07, 0.00528225, 1.90219e-05, 0, 1.62317e-08, 1.52975e-07, 0, 0, 0.00530144, 7.07856e-07, 4.80587e-05, 15.0368, 0.96932, 2.40178, 293.387
3085, 1.0283e-06, 0.0052981, 1.94782e-05, 0, 2.50918e-08, 3.12769e-07, 0, 0, 0.00531791, 2.4623e-06, 8.46499e-05, 13.7876, 0.9693, 2.39559, 293.379
3086, 5.55985e-06, 0.00531059, 2.02799e-05, 0, 7.91508e-08, 1.31704e-06, 0, 0, 0.00533227, 1.33053e-05, 0.000316494, 12.0999, 0.96928, 2.39071, 293.364
3087, 1.51892e-05, 0.00529237, 2.54839e-05, 0, 1.97747e-07, 3.47431e-06, 0, 0, 0.00532153, 3.63468e-05, 0.000818707, 11.0949, 0.96926, 2.39006, 293.262
3088, 1.7892e-05, 0.00529955, 2.72111e-05, 0, 2.2951e-07, 4.06483e-06, 0, 0, 0.00533106, 4.28112e-05, 0.000954269, 10.9312, 0.96924, 2.39037, 293.229
3089, 9.79764e-06, 0.00535731, 2.17791e-05, 0, 1.31812e-07, 2.28179e-06, 0, 0, 0.0053815, 2.34318e-05, 0.00054062, 11.5334, 0.96922, 2.38818, 293.338
3090, 5.67871e-06, 0.0053784, 2.16074e-05, 0, 9.6242e-08, 1.51923e-06, 0, 0, 0.00540162, 1.35409e-05, 0.000376887, 12.0788, 0.9692, 2.38406, 293.342
3091, 6.7016e-06, 0.00536373, 2.66151e-05, 0, 1.25562e-07, 1.91637e-06, 0, 0, 0.00539239, 1.5952e-05, 0.000485087, 11.9132, 0.96918, 2.38031, 293.246
3092, 4.8388e-06, 0.00540181, 2.3971e-05, 0, 9.45193e-08, 1.41638e-06, 0, 0, 0.00542729, 1.15138e-05, 0.000362094, 12.2388, 0.96916, 2.37833, 293.3
3093, 1.5683e-06, 0.00547313, 1.64563e-05, 0, 3.3358e-08, 4.78146e-07, 0, 0, 0.00549009, 3.73085e-06, 0.000124416, 13.3655, 0.96914, 2.37663, 293.448
3094, 2.28912e-07, 0.00551036, 1.39599e-05, 0, 6.4102e-09, 7.59961e-08, 0, 0, 0.0055244, 5.44468e-07, 2.05894e-05, 15.2899, 0.96912, 2.37414, 293.498
3095, 1.66561e-08, 0.00553421, 1.33596e-05, 0, 1.696e-09, 8.37144e-09, 0, 0, 0.00554759, 3.96019e-08, 2.74118e-06, 17.9105, 0.9691, 2.3714, 293.511
3096, 1.04536e-08, 0.00556167, 1.21774e-05, 0, 1.37722e-09, 4.87811e-09, 0, 0, 0.00557386, 2.46508e-08, 1.76791e-06, 18.3763, 0.96908, 2.36856, 293.533
3097, 3.89754e-07, 0.00557374, 1.33616e-05, 0, 3.95801e-09, 5.47076e-08, 0, 0, 0.00558716, 9.17757e-07, 1.15745e-05, 14.7577, 0.96906, 2.36526, 293.513
3098, 8.15604e-06, 0.00558538, 1.45326e-05, 0, 4.44023e-08, 1.00696e-06, 0, 0, 0.00560097, 1.92025e-05, 0.000187915, 11.7168, 0.96904, 2.36146, 293.494
3099, 7.66554e-05, 0.00557162, 1.90241e-05, 0, 3.8259e-07, 9.11875e-06, 0, 0, 0.00560014, 0.000180455, 0.00165905, 9.47619, 0.96902, 2.35842, 293.426
3100, 0.000327098, 0.00548846, 3.25835e-05, 0, 1.56846e-06, 3.79018e-05, 0, 0, 0.00556052, 0.000769915, 0.00678506, 8.02525, 0.969, 2.35644, 293.23
3101, 0.000642508, 0.00539527, 4.72692e-05, 0, 3.01205e-06, 7.32271e-05, 0, 0, 0.00551878, 0.00151209, 0.0129759, 7.35013, 0.96898, 2.3542, 293.026
3102, 0.000583799, 0.00542438, 4.63462e-05, 0, 2.72918e-06, 6.62637e-05, 0, 0, 0.00553972, 0.00137373, 0.0117141, 7.44595, 0.96896, 2.35147, 293.031
3103, 0.000243937, 0.00556203, 3.1184e-05, 0, 1.1664e-06, 2.8002e-05, 0, 0, 0.00562238, 0.000573926, 0.00498745, 8.3186, 0.96894, 2.34842, 293.241
3104, 4.63198e-05, 0.00568372, 1.74536e-05, 0, 2.3461e-07, 5.48399e-06, 0, 0, 0.0057069, 0.000108967, 0.000996359, 9.97994, 0.96892, 2.34495, 293.453
3105, 3.95935e-06, 0.00575279, 1.03886e-05, 0, 2.271e-08, 4.98211e-07, 0, 0, 0.0057637, 9.31318e-06, 9.40808e-05, 12.4394, 0.9689, 2.34138, 293.573
3106, 1.67391e-07, 0.00577753, 9.70135e-06, 0, 3.31207e-09, 3.43808e-08, 0, 0, 0.00578727, 3.93418e-07, 8.79114e-06, 15.6029, 0.96888, 2.33852, 293.584
3107, 5.26237e-08, 0.00575867, 1.57123e-05, 0, 7.03447e-09, 4.32355e-08, 0, 0, 0.00577442, 1.22891e-07, 1.47919e-05, 16.7601, 0.96886, 2.33619, 293.478
3108, 6.7856e-08, 0.00575117, 2.00216e-05, 0, 9.4197e-09, 5.78672e-08, 0, 0, 0.00577126, 1.58402e-07, 1.98445e-05, 16.5059, 0.96884, 2.33378, 293.404
3109, 3.89801e-08, 0.00578655, 1.78061e-05, 0, 5.61763e-09, 3.33558e-08, 0, 0, 0.00580439, 9.0989e-08, 1.14601e-05, 17.0602, 0.96882, 2.33126, 293.446
3110, 1.51409e-08, 0.00583248, 1.39309e-05, 0, 2.01447e-09, 1.14871e-08, 0, 0, 0.00584642, 3.52594e-08, 3.85736e-06, 18.0059, 0.9688, 2.32861, 293.515
3111, 6.29251e-08, 0.00586321, 1.22916e-05, 0, 4.03724e-09, 3.47203e-08, 0, 0, 0.00587554, 1.45984e-07, 1.05517e-05, 16.5813, 0.96878, 2.32583, 293.544
3112, 2.83621e-07, 0.00584571, 1.8033e-05, 0, 1.62615e-08, 1.51953e-07, 0, 0, 0.00586391, 6.57894e-07, 4.56738e-05, 15.0756, 0.96876, 2.32297, 293.442
3113, 5.61331e-07, 0.00581269, 2.6177e-05, 0, 3.13564e-08, 2.97639e-07, 0, 0, 0.00583919, 1.30194e-06, 8.93009e-05, 14.393, 0.96874, 2.31956, 293.299
3114, 6.87134e-07, 0.00584298, 2.47375e-05, 0, 2.89219e-08, 2.87688e-07, 0, 0, 0.00586804, 1.59059e-06, 8.3651e-05, 14.1907, 0.96872, 2.31293, 293.327
3115, 6.02139e-06, 0.00590952, 1.77202e-05, 0, 4.3935e-08, 7.94911e-07, 0, 0, 0.00592807, 1.38759e-05, 0.000160102, 12.0202, 0.9687, 2.30066, 293.452
3116, 8.83376e-05, 0.00590498, 2.09953e-05, 0, 3.59408e-07, 8.42888e-06, 0, 0, 0.00593476, 0.000203453, 0.00139878, 9.33434, 0.96868, 2.29082, 293.409
3117, 0.00070116, 0.00579428, 3.8305e-05, 0, 2.30794e-06, 5.80182e-05, 0, 0, 0.00589292, 0.00161431, 0.00879824, 7.26277, 0.96866, 2.29286, 293.213
3118, 0.00292349, 0.00561888, 6.08356e-05, 0, 8.54648e-06, 0.000221389, 0, 0, 0.00590965, 0.0067278, 0.0317399, 5.83498, 0.96864, 2.29945, 293.201
3119, 0.00691099, 0.00544276, 8.02674e-05, 0, 1.8666e-05, 0.000489892, 0, 0, 0.00603159, 0.0158918, 0.0675219, 4.97464, 0.96862, 2.30074, 293.518
3120, 0.0100625, 0.00536483, 8.86763e-05, 0, 2.58678e-05, 0.000682777, 0, 0, 0.00616214, 0.0231123, 0.0918382, 4.59894, 0.9686, 2.29691, 293.855
3121, 0.0093781, 0.00542668, 8.46179e-05, 0, 2.39853e-05, 0.000634295, 0, 0, 0.00616958, 0.0215141, 0.085446, 4.66938, 0.96858, 2.29215, 293.813
3122, 0.00644179, 0.0055422, 7.65333e-05, 0, 1.7311e-05, 0.000457534, 0, 0, 0.00609358, 0.0147676, 0.0637018, 5.04495, 0.96856, 2.29055, 293.517
3123, 0.00376787, 0.00567451, 6.5917e-05, 0, 1.09563e-05, 0.00028806, 0, 0, 0.00603945, 0.00863733, 0.0419175, 5.58125, 0.96854, 2.29042, 293.286
3124, 0.00155892, 0.00586862, 4.6405e-05, 0, 4.95795e-06, 0.000128677, 0, 0, 0.00604866, 0.00357335, 0.0195355, 6.46376, 0.96852, 2.28886, 293.251
3125, 0.000372927, 0.00605815, 2.54875e-05, 0, 1.30893e-06, 3.33314e-05, 0, 0, 0.00611828, 0.000854624, 0.00526723, 7.89413, 0.9685, 2.28627, 293.4
3126, 4.70957e-05, 0.00616578, 1.39336e-05, 0, 1.8121e-07, 4.51398e-06, 0, 0, 0.00618441, 0.000107902, 0.000737254, 9.96333, 0.96848, 2.28345, 293.538
3127, 5.6074e-06, 0.0062167, 9.58676e-06, 0, 2.38726e-08, 5.69125e-07, 0, 0, 0.00622688, 1.27683e-05, 9.56023e-05, 12.0914, 0.96846, 2.28015, 293.602
3128, 5.05458e-05, 0.00622315, 1.15732e-05, 0, 1.93396e-07, 4.70591e-06, 0, 0, 0.00623963, 0.000114345, 0.000755238, 9.89263, 0.96844, 2.27559, 293.576
3129, 0.000445277, 0.00614065, 2.55212e-05, 0, 1.52795e-06, 3.83269e-05, 0, 0, 0.00620603, 0.00100745, 0.0058863, 7.71681, 0.96842, 2.27087, 293.411
3130, 0.00192597, 0.00594831, 5.21896e-05, 0, 6.06274e-06, 0.000155562, 0, 0, 0.00616212, 0.00435909, 0.0230401, 6.25233, 0.9684, 2.26757, 293.215
3131, 0.0043648, 0.00576626, 7.52343e-05, 0, 1.28543e-05, 0.000335676, 0, 0, 0.00619002, 0.00988317, 0.048394, 5.43418, 0.96838, 2.26558, 293.235
3132, 0.00623652, 0.00571985, 8.13623e-05, 0, 1.72757e-05, 0.000458685, 0, 0, 0.00627717, 0.0141223, 0.0646387, 5.07733, 0.96836, 2.26483, 293.433
3133, 0.00849278, 0.00570967, 8.27357e-05, 0, 2.17179e-05, 0.000582722, 0, 0, 0.00639684, 0.019212, 0.0791932, 4.76854, 0.96834, 2.26356, 293.724
3134, 0.01332, 0.00561044, 9.24786e-05, 0, 3.16651e-05, 0.000843727, 0, 0, 0.00657831, 0.0300784, 0.109596, 4.31849, 0.96832, 2.2606, 294.187
3135, 0.0182745, 0.00550011, 0.000103398, 0, 4.19922e-05, 0.00110631, 0, 0, 0.00675181, 0.0411976, 0.139597, 4.00225, 0.9683, 2.25643, 294.614
3136, 0.0174308, 0.00552653, 0.000103842, 0, 4.03779e-05, 0.00105638, 0, 0, 0.00672713, 0.0392547, 0.133202, 4.04952, 0.96828, 2.253, 294.481
3137, 0.0101479, 0.00574068, 8.85554e-05, 0, 2.48599e-05, 0.000646386, 0, 0, 0.00650049, 0.022844, 0.0841536, 4.59049, 0.96826, 2.25126, 293.771
3138, 0.00345862, 0.00604672, 6.06333e-05, 0, 9.46275e-06, 0.000243007, 0, 0, 0.00635983, 0.00778555, 0.0336264, 5.66689, 0.96824, 2.24922, 293.297
3139, 0.000693527, 0.00630307, 3.32241e-05, 0, 2.22804e-06, 5.57351e-05, 0, 0, 0.00639426, 0.00156139, 0.00833494, 7.27372, 0.96822, 2.24633, 293.334
3140, 9.72215e-05, 0.00639033, 2.55487e-05, 0, 4.56539e-07, 1.03762e-05, 0, 0, 0.00642671, 0.000218686, 0.00180789, 9.23852, 0.9682, 2.24402, 293.366
3141, 9.39932e-05, 0.00633972, 3.62929e-05, 0, 5.89198e-07, 1.27811e-05, 0, 0, 0.00638939, 0.000210429, 0.00243282, 9.27229, 0.96818, 2.24203, 293.193
3142, 0.000295218, 0.00627276, 4.83846e-05, 0, 1.50891e-06, 3.48737e-05, 0, 0, 0.00635752, 0.000660458, 0.00622981, 8.1278, 0.96816, 2.23974, 293.036
3143, 0.000528037, 0.00622962, 5.66843e-05, 0, 2.54795e-06, 6.00215e-05, 0, 0, 0.00634888, 0.00118105, 0.0105125, 7.54634, 0.96814, 2.23723, 292.947
3144, 0.000455176, 0.00628128, 5.27458e-05, 0, 2.24715e-06, 5.25558e-05, 0, 0, 0.00638882, 0.00101788, 0.0092715, 7.69483, 0.96812, 2.23444, 293.001
3145, 0.000186063, 0.00644003, 3.41956e-05, 0, 9.78069e-07, 2.23943e-05, 0, 0, 0.0064976, 0.000415997, 0.0040291, 8.58943, 0.9681, 2.23125, 293.255
3146, 3.75166e-05, 0.00657414, 1.84873e-05, 0, 2.19895e-07, 4.83568e-06, 0, 0, 0.00659768, 8.38405e-05, 0.000899425, 10.1907, 0.96808, 2.22754, 293.479
3147, 2.23854e-05, 0.00658805, 1.99763e-05, 0, 1.38901e-07, 2.8801e-06, 0, 0, 0.00661105, 4.97248e-05, 0.000552315, 10.7071, 0.96806, 2.22399, 293.454
3148, 0.000183048, 0.00650556, 3.5219e-05, 0, 7.16988e-07, 1.68652e-05, 0, 0, 0.00655836, 0.000405919, 0.00276435, 8.60576, 0.96804, 2.22167, 293.24
3149, 0.00106993, 0.0064004, 5.14507e-05, 0, 3.26583e-06, 8.29285e-05, 0, 0, 0.00653805, 0.00237171, 0.0121321, 6.84016, 0.96802, 2.22008, 293.118
3150, 0.00341786, 0.00627179, 6.7262e-05, 0, 9.45029e-06, 0.000245352, 0, 0, 0.00659385, 0.00757311, 0.034115, 5.67874, 0.968, 2.21814, 293.215
3151, 0.00712978, 0.00613057, 8.28829e-05, 0, 1.8222e-05, 0.000473858, 0, 0, 0.00670553, 0.015785, 0.0631232, 4.94347, 0.96798, 2.21571, 293.468
3152, 0.011722, 0.00601911, 9.42659e-05, 0, 2.7793e-05, 0.000720287, 0, 0, 0.00686146, 0.025931, 0.0917046, 4.44629, 0.96796, 2.21311, 293.839
3153, 0.0123901, 0.00606075, 9.14233e-05, 0, 2.85192e-05, 0.000737085, 0, 0, 0.00691778, 0.0273974, 0.0921494, 4.39086, 0.96794, 2.21046, 293.931
3154, 0.00670675, 0.00631985, 6.84544e-05, 0, 1.57914e-05, 0.000406429, 0, 0, 0.00681052, 0.0148265, 0.0517165, 5.00464, 0.96792, 2.20779, 293.572
3155, 0.00184795, 0.00654883, 4.81073e-05, 0, 4.95074e-06, 0.000125058, 0, 0, 0.00672694, 0.00408345, 0.0172633, 6.29368, 0.9679, 2.20498, 293.276
3156, 0.000475086, 0.00662005, 4.40541e-05, 0, 1.79149e-06, 4.32916e-05, 0, 0, 0.00670919, 0.00104735, 0.00697332, 7.65201, 0.96788, 2.20175, 293.163
3157, 0.000743378, 0.00659572, 5.02848e-05, 0, 2.43401e-06, 6.28735e-05, 0, 0, 0.00671132, 0.0016326, 0.00941028, 7.20431, 0.96786, 2.19843, 293.106
3158, 0.00225031, 0.00647728, 6.66429e-05, 0, 6.31786e-06, 0.000168938, 0, 0, 0.00671918, 0.00493805, 0.0234637, 6.09669, 0.96784, 2.19593, 293.065
3159, 0.00474132, 0.00636342, 8.09377e-05, 0, 1.22128e-05, 0.000321757, 0, 0, 0.00677833, 0.0103953, 0.0428786, 5.35144, 0.96782, 2.19362, 293.167
3160, 0.0110581, 0.00629211, 8.59375e-05, 0, 2.41544e-05, 0.00061244, 0, 0, 0.00701464, 0.0242044, 0.0739506, 4.50459, 0.9678, 2.19092, 293.753
3161, 0.0308026, 0.00602792, 0.000101611, 0, 6.03108e-05, 0.00148159, 0, 0, 0.00767143, 0.0673483, 0.163485, 3.48016, 0.96778, 2.18857, 295.396
3162, 0.066364, 0.00554435, 0.00013048, 0, 0.000124436, 0.00297197, 0, 0, 0.00877124, 0.144983, 0.311681, 2.7126, 0.96776, 2.18637, 297.923
3163, 0.106991, 0.00507897, 0.00015422, 0, 0.000196221, 0.00455686, 0, 0, 0.00998627, 0.233539, 0.46002, 2.23501, 0.96774, 2.18386, 300.412
3164, 0.131647, 0.00482369, 0.000166365, 0, 0.00023974, 0.00548592, 0, 0, 0.0107157, 0.287133, 0.543457, 2.02763, 0.96772, 2.1813, 301.753
3165, 0.121029, 0.00491779, 0.000165293, 0, 0.000221952, 0.00510881, 0, 0, 0.0104138, 0.263776, 0.508489, 2.11172, 0.9677, 2.1788, 301.119
3166, 0.0892328, 0.00522085, 0.000156583, 0, 0.000167146, 0.00394087, 0, 0, 0.00948545, 0.194277, 0.400588, 2.41651, 0.96768, 2.17627, 299.204
3167, 0.0737079, 0.00538093, 0.000152139, 0, 0.000140473, 0.00336817, 0, 0, 0.00904171, 0.16022, 0.346937, 2.60765, 0.96766, 2.17366, 298.2
3168, 0.0757874, 0.00539146, 0.000152211, 0, 0.000144086, 0.00345007, 0, 0, 0.00913783, 0.164533, 0.356557, 2.57982, 0.96764, 2.17104, 298.344
3169, 0.0739571, 0.00546332, 0.000149453, 0, 0.000140006, 0.00335922, 0, 0, 0.009112, 0.160378, 0.350562, 2.60427, 0.96762, 2.16838, 298.225
3170, 0.0704393, 0.00557064, 0.000143909, 0, 0.000132511, 0.003186, 0, 0, 0.00903306, 0.152572, 0.334473, 2.653, 0.9676, 2.16553, 297.992
3171, 0.0527847, 0.00591719, 0.000122398, 0, 9.95545e-05, 0.00240285, 0, 0, 0.00854199, 0.114245, 0.254976, 2.94153, 0.96758, 2.16258, 296.839
3172, 0.0244221, 0.00644739, 8.83146e-05, 0, 4.73492e-05, 0.00115739, 0, 0, 0.00774044, 0.0528178, 0.127161, 3.71227, 0.96756, 2.16002, 294.875
3173, 0.0134348, 0.00663909, 7.77746e-05, 0, 2.76599e-05, 0.000694036, 0, 0, 0.00743855, 0.0289835, 0.0800458, 4.30991, 0.96754, 2.15778, 294.052
3174, 0.0212548, 0.00640165, 0.000100546, 0, 4.36224e-05, 0.00110473, 0, 0, 0.00765055, 0.0457838, 0.125585, 3.85117, 0.96752, 2.1554, 294.526
3175, 0.0277265, 0.00618989, 0.000122211, 0, 5.65804e-05, 0.0014391, 0, 0, 0.00780778, 0.0596815, 0.162092, 3.58537, 0.9675, 2.15282, 294.853
3176, 0.0321242, 0.00610495, 0.000130891, 0, 6.49312e-05, 0.00164673, 0, 0, 0.0079475, 0.0690417, 0.184273, 3.43814, 0.96748, 2.15009, 295.131
3177, 0.0437041, 0.00594494, 0.00014087, 0, 8.65205e-05, 0.00216304, 0, 0, 0.00833537, 0.0937684, 0.238105, 3.13031, 0.96746, 2.14689, 295.987
3178, 0.0527427, 0.00581693, 0.000149377, 0, 0.000103414, 0.00256671, 0, 0, 0.00863643, 0.112977, 0.280133, 2.94233, 0.96744, 2.14293, 296.613
3179, 0.0514417, 0.00585556, 0.000149083, 0, 0.000101182, 0.0025168, 0, 0, 0.00862262, 0.110067, 0.27657, 2.96731, 0.96742, 2.13974, 296.519
3180, 0.0383217, 0.00613767, 0.000132177, 0, 7.67044e-05, 0.00191773, 0, 0, 0.00826428, 0.0819738, 0.214787, 3.26174, 0.9674, 2.13822, 295.634
3181, 0.018993, 0.0066155, 9.78417e-05, 0, 3.96206e-05, 0.000996631, 0, 0, 0.00774959, 0.0406237, 0.115503, 3.96368, 0.96738, 2.13633, 294.334
3182, 0.00776521, 0.00690994, 7.70284e-05, 0, 1.78786e-05, 0.00045665, 0, 0, 0.00746149, 0.0165781, 0.0565277, 4.8581, 0.96736, 2.13296, 293.548
3183, 0.00701728, 0.00685895, 8.75058e-05, 0, 1.72466e-05, 0.000449651, 0, 0, 0.00741335, 0.0149315, 0.0574727, 4.95938, 0.96734, 2.12956, 293.363
3184, 0.0078621, 0.00679427, 9.8354e-05, 0, 1.9154e-05, 0.000502352, 0, 0, 0.00741413, 0.0167116, 0.0638049, 4.8457, 0.96732, 2.1277, 293.302
3185, 0.0106344, 0.00673134, 0.000105958, 0, 2.47539e-05, 0.000644395, 0, 0, 0.00750645, 0.0225931, 0.0799672, 4.54366, 0.9673, 2.12652, 293.476
3186, 0.0170244, 0.00655568, 0.000121843, 0, 3.84069e-05, 0.000991016, 0, 0, 0.00770694, 0.0361565, 0.120316, 4.0731, 0.96728, 2.12463, 293.917
3187, 0.0175283, 0.0065366, 0.000126282, 0, 3.99835e-05, 0.00102737, 0, 0, 0.00773023, 0.0372123, 0.125117, 4.04394, 0.96726, 2.12207, 293.913
3188, 0.0100808, 0.00678866, 0.000108858, 0, 2.42613e-05, 0.000620173, 0, 0, 0.00754195, 0.0213918, 0.0779795, 4.59712, 0.96724, 2.11931, 293.379
3189, 0.00331289, 0.00711479, 8.10363e-05, 0, 8.9815e-06, 0.000226009, 0, 0, 0.00743081, 0.00702622, 0.030471, 5.70993, 0.96722, 2.1168, 293.034
3190, 0.000668352, 0.00739701, 5.06431e-05, 0, 2.23308e-06, 5.41877e-05, 0, 0, 0.00750407, 0.00141651, 0.00811339, 7.3107, 0.9672, 2.11443, 293.159
3191, 8.90025e-05, 0.00760084, 2.58676e-05, 0, 3.82034e-07, 8.80096e-06, 0, 0, 0.00763589, 0.000188499, 0.00145888, 9.32685, 0.96718, 2.11166, 293.429
3192, 1.17952e-05, 0.0076736, 1.90317e-05, 0, 7.37594e-08, 1.55245e-06, 0, 0, 0.00769426, 2.49061e-05, 0.0002909, 11.3478, 0.96716, 2.1086, 293.513
3193, 3.64713e-05, 0.00761335, 3.21415e-05, 0, 2.51443e-07, 5.26908e-06, 0, 0, 0.00765101, 7.66779e-05, 0.00101233, 10.219, 0.96714, 2.10618, 293.343
3194, 0.000134619, 0.0074897, 5.39878e-05, 0, 8.57364e-07, 1.84386e-05, 0, 0, 0.00756299, 0.000282963, 0.00346752, 8.91306, 0.96712, 2.10426, 293.06
3195, 0.000231577, 0.00742969, 6.5951e-05, 0, 1.42329e-06, 3.09833e-05, 0, 0, 0.00752805, 0.000486695, 0.00577264, 8.3706, 0.9671, 2.10205, 292.91
3196, 0.000182926, 0.0075273, 5.55115e-05, 0, 1.12328e-06, 2.4463e-05, 0, 0, 0.00760839, 0.000384394, 0.00456175, 8.60643, 0.96708, 2.09954, 293.051
3197, 6.5925e-05, 0.00770677, 3.31434e-05, 0, 4.14434e-07, 8.94855e-06, 0, 0, 0.00774928, 0.000138514, 0.00168183, 9.62699, 0.96706, 2.09685, 293.339
3198, 1.07331e-05, 0.00784104, 1.67273e-05, 0, 7.0355e-08, 1.49308e-06, 0, 0, 0.00785933, 2.25486e-05, 0.000284098, 11.4422, 0.96704, 2.09402, 293.547
3199, 7.79595e-07, 0.0078892, 1.33272e-05, 0, 5.87774e-09, 1.12844e-07, 0, 0, 0.00790265, 1.63763e-06, 2.20422e-05, 14.0645, 0.96702, 2.09106, 293.591
3200, 2.64926e-08, 0.00788189, 1.88043e-05, 0, 1.52892e-09, 6.93268e-09, 0, 0, 0.00790071, 5.56256e-08, 2.04588e-06, 17.4464, 0.967, 2.08836, 293.524
3201, 2.28131e-09, 0.00789746, 2.04678e-05, 0, 1.61733e-09, 3.90731e-09, 0, 0, 0.00791794, 4.76713e-09, 1.58063e-06, 19.8985, 0.96698, 2.08636, 293.504
3202, 9.8957e-10, 0.00795854, 1.46386e-05, 0, 8.85072e-10, 2.00113e-09, 0, 0, 0.00797319, 2.06574e-09, 8.18315e-07, 20.7337, 0.96696, 2.08443, 293.576
3203, 3.82743e-10, 0.00798884, 1.39484e-05, 0, 5.26598e-10, 8.94786e-10, 0, 0, 0.00800279, 7.9726e-10, 3.76073e-07, 21.6837, 0.96694, 2.08211, 293.585
3204, 5.07914e-10, 0.00797519, 2.05476e-05, 0, 8.70269e-10, 1.31965e-09, 0, 0, 0.00799574, 1.05552e-09, 5.63245e-07, 21.4007, 0.96692, 2.07963, 293.507
3205, 5.47362e-10, 0.00799811, 2.10685e-05, 0, 9.17741e-10, 1.41803e-09, 0, 0, 0.00801918, 1.13727e-09, 6.04473e-07, 21.3259, 0.9669, 2.07718, 293.501
3206, 2.54108e-10, 0.00806615, 1.41152e-05, 0, 4.31929e-10, 6.5786e-10, 0, 0, 0.00808027, 5.27948e-10, 2.80498e-07, 22.0933, 0.96688, 2.07468, 293.585
3207, 4.92208e-11, 0.00810975, 1.12628e-05, 0, 1.03503e-10, 1.28816e-10, 0, 0, 0.00812102, 1.0226e-10, 5.51738e-08, 23.7347, 0.96686, 2.07208, 293.62
3208, 3.99233e-12, 0.00813243, 1.18901e-05, 0, 3.32867e-11, 1.1448e-11, 0, 0, 0.00814432, 8.29398e-12, 5.119e-09, 26.2466, 0.96684, 2.06962, 293.614
3209, 3.38468e-13, 0.00816958, 1.0068e-05, 0, 1.64118e-11, 1.18847e-12, 0, 0, 0.00817965, 6.98764e-13, 6.28775e-10, 28.7143, 0.96682, 2.06734, 293.635
3210, 1.16009e-11, 0.00819853, 9.64717e-06, 0, 9.17588e-12, 1.18035e-11, 0, 0, 0.00820818, 2.3839e-11, 4.27337e-09, 25.1799, 0.9668, 2.06504, 293.641
3211, 2.99278e-10, 0.00820492, 1.30316e-05, 0, 6.89656e-11, 2.83853e-10, 0, 0, 0.00821796, 6.14981e-10, 9.91981e-08, 21.9296, 0.96678, 2.06261, 293.602
3212, 3.22614e-09, 0.00820782, 1.69591e-05, 0, 5.92906e-10, 3.00136e-09, 0, 0, 0.00822479, 6.62922e-09, 1.04095e-06, 19.552, 0.96676, 2.06013, 293.557
3213, 1.45638e-08, 0.00821471, 2.01277e-05, 0, 2.49976e-09, 1.34207e-08, 0, 0, 0.00823486, 2.99253e-08, 4.64081e-06, 18.0447, 0.96674, 2.05765, 293.519
3214, 2.87942e-08, 0.00822461, 2.28026e-05, 0, 4.75821e-09, 2.62271e-08, 0, 0, 0.00824744, 5.91553e-08, 9.04312e-06, 17.3631, 0.96672, 2.05519, 293.487
3215, 3.34149e-08, 0.00825689, 2.18723e-05, 0, 5.00194e-09, 2.90663e-08, 0, 0, 0.0082788, 6.85845e-08, 9.91409e-06, 17.2143, 0.9667, 2.05259, 293.499
3216, 4.8815e-08, 0.00828252, 2.20726e-05, 0, 5.49222e-09, 3.59312e-08, 0, 0, 0.00830463, 9.99946e-08, 1.18582e-05, 16.8352, 0.96668, 2.04997, 293.497
3217, 1.88352e-07, 0.00829932, 2.37273e-05, 0, 8.13634e-09, 7.51565e-08, 0, 0, 0.00832313, 3.84759e-07, 2.14004e-05, 15.485, 0.96666, 2.04771, 293.479
3218, 1.32539e-06, 0.00830758, 2.66359e-05, 0, 2.55301e-08, 3.5879e-07, 0, 0, 0.0083346, 2.70491e-06, 8.65754e-05, 13.5338, 0.96664, 2.04555, 293.444
3219, 5.29957e-06, 0.00826521, 3.74791e-05, 0, 8.24868e-08, 1.30748e-06, 0, 0, 0.00830408, 1.08137e-05, 0.000299849, 12.1479, 0.96662, 2.04321, 293.312
3220, 9.48203e-06, 0.00823529, 4.63273e-05, 0, 1.36307e-07, 2.25833e-06, 0, 0, 0.00828401, 1.93466e-05, 0.000506538, 11.5661, 0.9666, 2.0407, 293.204
3221, 7.29709e-06, 0.00830477, 3.96996e-05, 0, 1.01745e-07, 1.71637e-06, 0, 0, 0.00834629, 1.48879e-05, 0.000380844, 11.828, 0.96658, 2.038, 293.287
3222, 2.37885e-06, 0.00843106, 2.40394e-05, 0, 3.30905e-08, 5.59675e-07, 0, 0, 0.00845569, 4.85332e-06, 0.000123653, 12.9489, 0.96656, 2.03538, 293.477
3223, 3.26191e-07, 0.00852981, 1.24725e-05, 0, 4.62273e-09, 7.73769e-08, 0, 0, 0.00854236, 6.65481e-07, 1.70899e-05, 14.9358, 0.96654, 2.03313, 293.613
3224, 1.88007e-08, 0.00858339, 8.12903e-06, 0, 2.9111e-10, 4.5643e-09, 0, 0, 0.00859152, 3.83549e-08, 1.01774e-06, 17.7894, 0.96652, 2.03096, 293.663
3225, 1.24983e-09, 0.00860863, 8.48007e-06, 0, 2.11e-10, 9.81888e-10, 0, 0, 0.00861712, 2.53556e-09, 3.32539e-07, 20.5003, 0.9665, 2.02863, 293.659
3226, 5.85971e-09, 0.00860148, 1.42369e-05, 0, 1.40567e-09, 6.26905e-09, 0, 0, 0.00861572, 1.18496e-08, 2.20419e-06, 18.9552, 0.96648, 2.02621, 293.595
3227, 1.81551e-08, 0.00856297, 2.51823e-05, 0, 4.20705e-09, 1.92214e-08, 0, 0, 0.00858818, 3.67119e-08, 6.73958e-06, 17.8243, 0.96646, 2.02343, 293.472
3228, 2.38327e-08, 0.0085658, 2.92664e-05, 0, 5.45913e-09, 2.51247e-08, 0, 0, 0.0085951, 4.81902e-08, 8.8037e-06, 17.5522, 0.96644, 2.01981, 293.426
3229, 1.94278e-08, 0.00864892, 2.00518e-05, 0, 3.11169e-09, 1.48043e-08, 0, 0, 0.00866899, 3.91707e-08, 5.06528e-06, 17.7566, 0.96642, 2.01641, 293.531
3230, 3.45439e-07, 0.00872867, 1.14096e-05, 0, 2.61914e-09, 4.24002e-08, 0, 0, 0.00874013, 6.92637e-07, 8.166e-06, 14.8785, 0.9664, 2.01465, 293.628
3231, 8.88978e-06, 0.00874566, 1.31084e-05, 0, 4.04101e-08, 8.96696e-07, 0, 0, 0.0087597, 1.78289e-05, 0.000150615, 11.6306, 0.96638, 2.01302, 293.61
3232, 0.000111365, 0.00868248, 2.69344e-05, 0, 4.33238e-07, 1.0103e-05, 0, 0, 0.00871995, 0.000223367, 0.00159889, 9.1027, 0.96636, 2.01006, 293.462
3233, 0.000708565, 0.00849211, 5.76013e-05, 0, 2.42256e-06, 5.8441e-05, 0, 0, 0.00861057, 0.00142097, 0.00875794, 7.25227, 0.96634, 2.00719, 293.157
3234, 0.00248948, 0.00820747, 9.72516e-05, 0, 7.61523e-06, 0.000187815, 0, 0, 0.00850015, 0.00499054, 0.0267166, 5.99568, 0.96632, 2.00558, 292.847
3235, 0.00519836, 0.00796508, 0.000127185, 0, 1.46677e-05, 0.000366151, 0, 0, 0.00847308, 0.0104154, 0.0498485, 5.25941, 0.9663, 2.00428, 292.725
3236, 0.00681212, 0.00787249, 0.000138867, 0, 1.85339e-05, 0.000464634, 0, 0, 0.00849452, 0.0136402, 0.0617134, 4.98905, 0.96628, 2.00228, 292.713
3237, 0.00592247, 0.00799219, 0.000128711, 0, 1.61056e-05, 0.000403698, 0, 0, 0.0085407, 0.0118512, 0.0535196, 5.129, 0.96626, 1.99979, 292.757
3238, 0.00326203, 0.00830412, 9.72752e-05, 0, 9.07632e-06, 0.00022659, 0, 0, 0.00863706, 0.0065245, 0.0305242, 5.72541, 0.96624, 1.99696, 292.912
3239, 0.000993065, 0.00861035, 6.48558e-05, 0, 2.94357e-06, 7.24405e-05, 0, 0, 0.0087506, 0.00198556, 0.0101034, 6.91471, 0.96622, 1.99439, 293.104
3240, 0.000260233, 0.00869995, 5.81555e-05, 0, 1.02652e-06, 2.39951e-05, 0, 0, 0.00878313, 0.000519061, 0.00364483, 8.25393, 0.9662, 1.99258, 293.115
3241, 0.000372256, 0.00859943, 7.58538e-05, 0, 1.73492e-06, 3.98852e-05, 0, 0, 0.0087169, 0.000740467, 0.00626768, 7.89593, 0.96618, 1.99074, 292.908
3242, 0.000488662, 0.00856516, 8.44679e-05, 0, 2.27625e-06, 5.22882e-05, 0, 0, 0.0087042, 0.000971819, 0.00829041, 7.62384, 0.96616, 1.98852, 292.82
3243, 0.000288731, 0.00875346, 6.21763e-05, 0, 1.36456e-06, 3.1099e-05, 0, 0, 0.0088481, 0.000574167, 0.00500377, 8.15001, 0.96614, 1.98604, 293.076
3244, 7.49541e-05, 0.00898965, 3.20684e-05, 0, 3.67642e-07, 8.23749e-06, 0, 0, 0.00903033, 0.000149042, 0.00135366, 9.49863, 0.96612, 1.98318, 293.411
3245, 8.53888e-06, 0.00911495, 1.75058e-05, 0, 4.47251e-08, 9.72348e-07, 0, 0, 0.00913347, 1.6978e-05, 0.000164475, 11.6709, 0.9661, 1.98028, 293.571
3246, 4.28404e-07, 0.00916407, 1.43357e-05, 0, 2.49493e-09, 5.14874e-08, 0, 0, 0.00917845, 8.51703e-07, 9.05281e-06, 14.6632, 0.96608, 1.97816, 293.606
3247, 1.52959e-07, 0.00919684, 1.36642e-05, 0, 6.8344e-10, 1.50995e-08, 0, 0, 0.00921052, 3.01011e-07, 2.30072e-06, 15.6931, 0.96606, 1.97652, 293.613
3248, 5.02684e-06, 0.00921389, 1.55572e-05, 0, 1.93446e-08, 4.49628e-07, 0, 0, 0.00922992, 9.88438e-06, 6.55956e-05, 12.2007, 0.96604, 1.97454, 293.594
3249, 8.42795e-05, 0.00918126, 2.47711e-05, 0, 2.89868e-07, 6.88619e-06, 0, 0, 0.00921321, 0.000165681, 0.000974536, 9.38137, 0.96602, 1.97225, 293.498
3250, 0.000717846, 0.00901095, 5.21558e-05, 0, 2.1879e-06, 5.30204e-05, 0, 0, 0.00911831, 0.00141071, 0.0072244, 7.23925, 0.966, 1.96988, 293.237
3251, 0.00328275, 0.00866514, 9.83319e-05, 0, 8.93921e-06, 0.000220178, 0, 0, 0.00899259, 0.00644854, 0.0287718, 5.71908, 0.96598, 1.96754, 292.907
3252, 0.00846537, 0.00828788, 0.000141395, 0, 2.12284e-05, 0.000528342, 0, 0, 0.00897884, 0.0166207, 0.0665231, 4.77177, 0.96596, 1.96521, 292.817
3253, 0.0136001, 0.00805066, 0.000165097, 0, 3.25248e-05, 0.000813741, 0, 0, 0.00906203, 0.0266838, 0.0998199, 4.29767, 0.96594, 1.96284, 292.935
3254, 0.0167306, 0.00796586, 0.000173755, 0, 3.88495e-05, 0.00097441, 0, 0, 0.00915288, 0.0327959, 0.117793, 4.09052, 0.96592, 1.96056, 293.069
3255, 0.0176106, 0.00798421, 0.000174479, 0, 4.03765e-05, 0.00101338, 0, 0, 0.00921245, 0.0344918, 0.122341, 4.03925, 0.9659, 1.9584, 293.135
3256, 0.0141428, 0.00813448, 0.000166089, 0, 3.32928e-05, 0.000834787, 0, 0, 0.00916864, 0.0276804, 0.102576, 4.25855, 0.96588, 1.95618, 292.982
3257, 0.0078937, 0.00842603, 0.000145015, 0, 1.99752e-05, 0.000498632, 0, 0, 0.00908965, 0.0154395, 0.0636145, 4.84169, 0.96586, 1.95389, 292.754
3258, 0.00290859, 0.00880308, 0.00011044, 0, 8.23377e-06, 0.000202642, 0, 0, 0.0091244, 0.00568566, 0.0272527, 5.84009, 0.96584, 1.95159, 292.768
3259, 0.000655828, 0.00917704, 6.80754e-05, 0, 2.15878e-06, 5.14809e-05, 0, 0, 0.00929876, 0.00128139, 0.00739082, 7.32961, 0.96582, 1.94931, 293.076
3260, 8.37772e-05, 0.00945773, 3.20629e-05, 0, 3.36569e-07, 7.58788e-06, 0, 0, 0.00949771, 0.000163627, 0.0011783, 9.38735, 0.9658, 1.94706, 293.428
3261, 5.75185e-06, 0.00959541, 1.53968e-05, 0, 2.99392e-08, 6.1984e-07, 0, 0, 0.00961146, 1.12304e-05, 0.000105317, 12.066, 0.96578, 1.9448, 293.6
3262, 3.37579e-07, 0.00963921, 1.32752e-05, 0, 3.03828e-09, 5.2416e-08, 0, 0, 0.00965254, 6.56613e-07, 1.06009e-05, 14.9015, 0.96576, 1.9425, 293.624
3263, 2.15701e-06, 0.00964073, 1.78808e-05, 0, 2.19195e-08, 3.78947e-07, 0, 0, 0.00965901, 4.17197e-06, 8.00645e-05, 13.0468, 0.96574, 1.94013, 293.577
3264, 1.58233e-05, 0.00955921, 3.57453e-05, 0, 1.41754e-07, 2.59444e-06, 0, 0, 0.00959769, 3.0601e-05, 0.000531809, 11.054, 0.96572, 1.9377, 293.392
3265, 5.16282e-05, 0.0094215, 6.20882e-05, 0, 4.26087e-07, 8.0906e-06, 0, 0, 0.00949211, 9.98359e-05, 0.00162486, 9.87144, 0.9657, 1.9354, 293.116
3266, 7.40206e-05, 0.00938567, 7.22359e-05, 0, 5.87174e-07, 1.13412e-05, 0, 0, 0.00946983, 0.000143126, 0.00225561, 9.51117, 0.96568, 1.93326, 293.011
3267, 4.6719e-05, 0.00949771, 5.97707e-05, 0, 3.76283e-07, 7.20253e-06, 0, 0, 0.00956506, 9.03257e-05, 0.00143803, 9.97136, 0.96566, 1.93106, 293.146
3268, 1.51349e-05, 0.00959708, 4.92984e-05, 0, 1.50979e-07, 2.63694e-06, 0, 0, 0.00964917, 2.92415e-05, 0.000548963, 11.0985, 0.96564, 1.92877, 293.257
3269, 6.91969e-06, 0.00960638, 5.27047e-05, 0, 1.08746e-07, 1.64565e-06, 0, 0, 0.00966084, 1.3337e-05, 0.000365406, 11.8811, 0.96562, 1.92643, 293.221
3270, 5.02739e-06, 0.00967549, 4.64013e-05, 0, 8.52787e-08, 1.26937e-06, 0, 0, 0.00972325, 9.68049e-06, 0.000282626, 12.2006, 0.9656, 1.92408, 293.287
3271, 6.02527e-06, 0.00982113, 2.76989e-05, 0, 5.13405e-08, 8.99265e-07, 0, 0, 0.00984978, 1.15542e-05, 0.000176338, 12.0195, 0.96558, 1.92187, 293.48
3272, 6.23185e-05, 0.00986296, 2.51735e-05, 0, 2.52027e-07, 5.76036e-06, 0, 0, 0.00989414, 0.000119261, 0.00091273, 9.68325, 0.96556, 1.91973, 293.508
3273, 0.000453684, 0.0096895, 5.45222e-05, 0, 1.58093e-06, 3.77489e-05, 0, 0, 0.00978336, 0.000867966, 0.00563132, 7.69811, 0.96554, 1.9175, 293.228
3274, 0.00168943, 0.00936862, 0.000101528, 0, 5.31165e-06, 0.000129928, 0, 0, 0.00960539, 0.00323118, 0.0185395, 6.38336, 0.96552, 1.91518, 292.81
3275, 0.00330438, 0.00913204, 0.00013403, 0, 9.74706e-06, 0.00024131, 0, 0, 0.00951712, 0.00631754, 0.0335341, 5.71251, 0.9655, 1.9128, 292.57
3276, 0.0037185, 0.00912821, 0.000138047, 0, 1.07502e-05, 0.00026678, 0, 0, 0.00954379, 0.00710481, 0.0369351, 5.59443, 0.96548, 1.91037, 292.565
3277, 0.00278526, 0.00929723, 0.000122326, 0, 8.20023e-06, 0.000202703, 0, 0, 0.00963046, 0.0053172, 0.0284734, 5.88341, 0.96546, 1.90804, 292.682
3278, 0.00136946, 0.00958362, 9.09202e-05, 0, 4.20045e-06, 0.000102851, 0, 0, 0.00978159, 0.00261276, 0.0147672, 6.59334, 0.96544, 1.90592, 292.926
3279, 0.000399711, 0.00988459, 5.4435e-05, 0, 1.30112e-06, 3.1208e-05, 0, 0, 0.00997153, 0.000761925, 0.00460766, 7.82477, 0.96542, 1.90365, 293.243
3280, 0.000489173, 0.00999001, 4.24782e-05, 0, 1.3402e-06, 3.23775e-05, 0, 0, 0.0100662, 0.000926774, 0.00440422, 7.6228, 0.9654, 1.90076, 293.369
3281, 0.00300811, 0.00973839, 7.67515e-05, 0, 7.11197e-06, 0.000174863, 0, 0, 0.00999711, 0.00569526, 0.0219938, 5.80644, 0.96538, 1.89733, 293.174
3282, 0.0114126, 0.00920377, 0.000137105, 0, 2.45031e-05, 0.000603313, 0, 0, 0.00996869, 0.021606, 0.071614, 4.47304, 0.96536, 1.89464, 293.059
3283, 0.0259844, 0.00865579, 0.000185968, 0, 5.2052e-05, 0.00127426, 0, 0, 0.0101681, 0.0491701, 0.144128, 3.65026, 0.96534, 1.89306, 293.388
3284, 0.0376828, 0.00834943, 0.000208589, 0, 7.28542e-05, 0.00177194, 0, 0, 0.0104028, 0.0712324, 0.194685, 3.27855, 0.96532, 1.89093, 293.778
3285, 0.0407767, 0.00830713, 0.000212653, 0, 7.79186e-05, 0.00188676, 0, 0, 0.0104845, 0.0769599, 0.20486, 3.19965, 0.9653, 1.88799, 293.872
3286, 0.0444031, 0.0082798, 0.000214832, 0, 8.35565e-05, 0.00200746, 0, 0, 0.0105856, 0.0836742, 0.21516, 3.11445, 0.96528, 1.88533, 294.002
3287, 0.053528, 0.00814438, 0.000222141, 0, 9.84302e-05, 0.00233753, 0, 0, 0.0108025, 0.100759, 0.245783, 2.92755, 0.96526, 1.88307, 294.344
3288, 0.0620423, 0.00799029, 0.000231383, 0, 0.000112794, 0.00265771, 0, 0, 0.0109922, 0.116699, 0.275871, 2.77994, 0.96524, 1.88109, 294.629
3289, 0.0595117, 0.00803275, 0.000231598, 0, 0.000109059, 0.00256421, 0, 0, 0.0109376, 0.111867, 0.265845, 2.82158, 0.96522, 1.87895, 294.471
3290, 0.0417583, 0.00844135, 0.000211358, 0, 7.87487e-05, 0.00185542, 0, 0, 0.0105869, 0.0784402, 0.194751, 3.17586, 0.9652, 1.87572, 293.767
3291, 0.0192605, 0.00907199, 0.000174751, 0, 3.87294e-05, 0.000916363, 0, 0, 0.0102018, 0.0361502, 0.0997297, 3.9497, 0.96518, 1.8712, 292.979
3292, 0.00596913, 0.00961994, 0.000134682, 0, 1.37808e-05, 0.000327256, 0, 0, 0.0100957, 0.011189, 0.03876, 5.12115, 0.96516, 1.86562, 292.714
3293, 0.0014691, 0.0100626, 8.96824e-05, 0, 4.11157e-06, 9.72677e-05, 0, 0, 0.0102536, 0.00274894, 0.0128993, 6.5231, 0.96514, 1.85869, 292.96
3294, 0.000268764, 0.010401, 4.86887e-05, 0, 8.89e-07, 2.06118e-05, 0, 0, 0.0104711, 0.00050226, 0.00299955, 8.22168, 0.96512, 1.84776, 293.314
3295, 2.79411e-05, 0.0105772, 2.7467e-05, 0, 1.09729e-07, 2.438e-06, 0, 0, 0.0106072, 5.21741e-05, 0.000386181, 10.4854, 0.9651, 1.82288, 293.509
3296, 1.45123e-06, 0.0106325, 2.41049e-05, 0, 7.28829e-09, 1.47676e-07, 0, 0, 0.0106567, 2.70788e-06, 2.5608e-05, 13.4431, 0.96508, 1.7791, 293.542
3297, 3.79692e-08, 0.0106635, 2.43618e-05, 0, 5.23846e-10, 4.88692e-09, 0, 0, 0.0106879, 7.0763e-08, 9.83101e-07, 17.0865, 0.96506, 1.75261, 293.54
3298, 5.00155e-08, 0.0107345, 1.75838e-05, 0, 7.08064e-10, 8.37787e-09, 0, 0, 0.0107521, 9.23797e-08, 1.77013e-06, 16.8109, 0.96504, 1.77755, 293.6
3299, 1.41897e-06, 0.0107819, 1.47903e-05, 0, 1.00415e-08, 1.81427e-07, 0, 0, 0.0107969, 2.62101e-06, 3.35997e-05, 13.4656, 0.96502, 1.81679, 293.623
3300, 1.99542e-05, 0.0107178, 3.05376e-05, 0, 1.07081e-07, 2.19731e-06, 0, 0, 0.0107506, 3.68589e-05, 0.000376399, 10.8221, 0.965, 1.83721, 293.479
3301, 0.000129226, 0.0105361, 6.41041e-05, 0, 6.07971e-07, 1.32445e-05, 0, 0, 0.010614, 0.000238705, 0.00218766, 8.95394, 0.96498, 1.8442, 293.167
3302, 0.000374808, 0.0103424, 9.74176e-05, 0, 1.66986e-06, 3.72462e-05, 0, 0, 0.0104787, 0.000692334, 0.00607583, 7.8891, 0.96496, 1.84631, 292.856
3303, 0.000482874, 0.0103259, 0.00010402, 0, 2.12664e-06, 4.76669e-05, 0, 0, 0.0104797, 0.000891935, 0.00778305, 7.63575, 0.96494, 1.84631, 292.799
3304, 0.000290239, 0.010533, 7.85129e-05, 0, 1.30401e-06, 2.90005e-05, 0, 0, 0.0106418, 0.00053603, 0.00478967, 8.14481, 0.96492, 1.84479, 293.042
3305, 0.000194834, 0.0106769, 6.20267e-05, 0, 8.51319e-07, 1.90992e-05, 0, 0, 0.0107589, 0.000359275, 0.00315189, 8.54336, 0.9649, 1.84305, 293.199
3306, 0.000443403, 0.0105691, 8.22149e-05, 0, 1.77535e-06, 4.10749e-05, 0, 0, 0.0106941, 0.000816849, 0.00660015, 7.72103, 0.96488, 1.84238, 293.021
3307, 0.000680605, 0.0104749, 0.000100181, 0, 2.65523e-06, 6.19754e-05, 0, 0, 0.0106397, 0.00125363, 0.00986344, 7.29253, 0.96486, 1.84166, 292.862
3308, 0.000527874, 0.0105722, 9.06471e-05, 0, 2.06107e-06, 4.79436e-05, 0, 0, 0.0107128, 0.000971854, 0.0075298, 7.54665, 0.96484, 1.84012, 292.938
3309, 0.000577479, 0.0105392, 9.827e-05, 0, 2.03521e-06, 4.71904e-05, 0, 0, 0.0106867, 0.00106063, 0.00650258, 7.45684, 0.96482, 1.83815, 292.831
3310, 0.00154383, 0.0102465, 0.00013849, 0, 4.81196e-06, 0.000113203, 0, 0, 0.010503, 0.00283275, 0.0141401, 6.47349, 0.9648, 1.83618, 292.431
3311, 0.00241707, 0.0101043, 0.000158494, 0, 7.33126e-06, 0.000173004, 0, 0, 0.0104431, 0.00443445, 0.021323, 6.0252, 0.96478, 1.83422, 292.26
3312, 0.00170023, 0.0103938, 0.000126176, 0, 5.23946e-06, 0.000122967, 0, 0, 0.0106482, 0.00311898, 0.0152445, 6.37699, 0.96476, 1.83169, 292.584
3313, 0.000534746, 0.0108549, 7.11076e-05, 0, 1.72809e-06, 4.00717e-05, 0, 0, 0.0109678, 0.00098084, 0.0050414, 7.53372, 0.96474, 1.82878, 293.11
3314, 7.61414e-05, 0.0111383, 3.71035e-05, 0, 2.6511e-07, 6.03785e-06, 0, 0, 0.0111818, 0.000139639, 0.000774772, 9.48292, 0.96472, 1.82675, 293.434
3315, 4.95855e-06, 0.011247, 2.60734e-05, 0, 1.89824e-08, 4.225e-07, 0, 0, 0.0112736, 9.09229e-06, 5.53825e-05, 12.2144, 0.9647, 1.82541, 293.537
3316, 1.47933e-07, 0.0112894, 2.47287e-05, 0, 6.48369e-10, 1.36898e-08, 0, 0, 0.0113141, 2.71219e-07, 1.83885e-06, 15.7265, 0.96468, 1.82346, 293.55
3317, 2.02107e-09, 0.0113028, 2.82386e-05, 0, 5.07346e-11, 2.87259e-10, 0, 0, 0.011331, 3.7048e-09, 5.65732e-08, 20.0196, 0.96466, 1.82083, 293.521
3318, 3.2207e-11, 0.0113475, 2.63244e-05, 0, 3.73807e-11, 7.84135e-11, 0, 0, 0.0113738, 5.87264e-11, 2.60854e-08, 24.1588, 0.96464, 1.81876, 293.538
3319, 1.65745e-09, 0.0114193, 1.97303e-05, 0, 2.76276e-11, 2.40364e-10, 0, 0, 0.011439, 2.99703e-09, 4.35773e-08, 20.218, 0.96462, 1.81736, 293.593
3320, 1.00462e-07, 0.011454, 1.96366e-05, 0, 5.25513e-10, 1.20142e-08, 0, 0, 0.0114736, 1.81639e-07, 1.84302e-06, 16.1135, 0.9646, 1.81544, 293.594
3321, 2.89945e-06, 0.0114596, 2.43965e-05, 0, 1.30116e-08, 3.18568e-07, 0, 0, 0.0114843, 5.24162e-06, 4.69392e-05, 12.751, 0.96458, 1.81333, 293.554
3322, 3.88762e-05, 0.0114042, 3.79652e-05, 0, 1.58319e-07, 3.96684e-06, 0, 0, 0.0114463, 7.02686e-05, 0.000564379, 10.1551, 0.96456, 1.81167, 293.43
3323, 0.000252141, 0.0111563, 7.88474e-05, 0, 9.52193e-07, 2.41225e-05, 0, 0, 0.0112602, 0.000455634, 0.00332688, 8.28552, 0.96454, 1.81017, 293.046
3324, 0.000852174, 0.0107667, 0.000136067, 0, 3.02687e-06, 7.69581e-05, 0, 0, 0.0109827, 0.00153937, 0.0103577, 7.06772, 0.96452, 1.8084, 292.494
3325, 0.00165422, 0.0105173, 0.000170677, 0, 5.5698e-06, 0.000141417, 0, 0, 0.010835, 0.00298671, 0.0188032, 6.40443, 0.9645, 1.8064, 292.168
3326, 0.00190475, 0.010639, 0.000157381, 0, 6.13744e-06, 0.000155397, 0, 0, 0.0109579, 0.0034374, 0.0206997, 6.2634, 0.96448, 1.80431, 292.333
3327, 0.00121507, 0.0110873, 0.000102919, 0, 3.79628e-06, 9.58997e-05, 0, 0, 0.0112899, 0.00219183, 0.0128938, 6.71296, 0.96446, 1.80224, 292.865
3328, 0.000741228, 0.0114747, 5.51138e-05, 0, 1.92862e-06, 4.82406e-05, 0, 0, 0.01158, 0.00133348, 0.00626523, 7.2072, 0.96444, 1.80006, 293.311
3329, 0.00329757, 0.0114242, 6.10776e-05, 0, 6.63751e-06, 0.000162959, 0, 0, 0.0116548, 0.00591665, 0.0189235, 5.71457, 0.96442, 1.79766, 293.381
3330, 0.0143993, 0.0108096, 0.000126985, 0, 2.7369e-05, 0.000659185, 0, 0, 0.0116231, 0.025823, 0.072827, 4.24058, 0.9644, 1.7956, 293.268
3331, 0.0386196, 0.0098834, 0.000208703, 0, 6.99109e-05, 0.0016241, 0, 0, 0.0117861, 0.0692072, 0.169595, 3.254, 0.96438, 1.79386, 293.488
3332, 0.0714484, 0.00905343, 0.000261558, 0, 0.00012494, 0.00278351, 0, 0, 0.0122234, 0.127916, 0.27495, 2.63878, 0.96436, 1.79173, 294.158
3333, 0.0875714, 0.00872167, 0.000276503, 0, 0.000152012, 0.00330342, 0, 0, 0.0124536, 0.156637, 0.316427, 2.4353, 0.96434, 1.78927, 294.474
3334, 0.074355, 0.00898165, 0.000263939, 0, 0.000131096, 0.00283203, 0, 0, 0.0122087, 0.132812, 0.269844, 2.5989, 0.96432, 1.78683, 294.017
3335, 0.0719309, 0.00901125, 0.000266355, 0, 0.000127041, 0.00275836, 0, 0, 0.012163, 0.128194, 0.264169, 2.63205, 0.9643, 1.78405, 293.884
3336, 0.0847545, 0.00884268, 0.000276785, 0, 0.000146062, 0.00319898, 0, 0, 0.0124645, 0.150885, 0.30863, 2.468, 0.96428, 1.78125, 294.317
3337, 0.0703773, 0.00941808, 0.000240271, 0, 0.000120104, 0.00266538, 0, 0, 0.0124438, 0.125246, 0.261689, 2.65388, 0.96426, 1.77882, 294.226
3338, 0.0326545, 0.0106462, 0.000154896, 0, 5.63794e-05, 0.00127532, 0, 0, 0.0121327, 0.0580997, 0.129167, 3.42177, 0.96424, 1.77659, 293.66
3339, 0.00784118, 0.0115894, 8.0499e-05, 0, 1.39681e-05, 0.000323033, 0, 0, 0.0120069, 0.013949, 0.0342281, 4.84837, 0.96422, 1.7747, 293.394
3340, 0.00101412, 0.0119082, 5.58188e-05, 0, 2.01902e-06, 4.7201e-05, 0, 0, 0.0120132, 0.00180296, 0.00559514, 6.89374, 0.9642, 1.7731, 293.346
3341, 0.000928856, 0.0118932, 6.38527e-05, 0, 1.99493e-06, 4.72579e-05, 0, 0, 0.0120063, 0.00164208, 0.00593607, 6.98156, 0.96418, 1.77163, 293.277
3342, 0.00549811, 0.0116502, 9.19436e-05, 0, 1.05074e-05, 0.000252611, 0, 0, 0.0120052, 0.00971463, 0.0287433, 5.20335, 0.96416, 1.77014, 293.217
3343, 0.0161851, 0.0110925, 0.000148544, 0, 3.01599e-05, 0.000723743, 0, 0, 0.0119949, 0.0285912, 0.0801557, 4.12366, 0.96414, 1.76814, 293.142
3344, 0.0216589, 0.0108142, 0.000178454, 0, 4.0181e-05, 0.000961257, 0, 0, 0.0119941, 0.03825, 0.105384, 3.83234, 0.96412, 1.76581, 293.083
3345, 0.0131419, 0.0113081, 0.000134768, 0, 2.45748e-05, 0.000586671, 0, 0, 0.0120541, 0.0232021, 0.0642876, 4.33195, 0.9641, 1.76364, 293.125
3346, 0.00412456, 0.0119083, 7.75442e-05, 0, 7.87835e-06, 0.000188077, 0, 0, 0.0121818, 0.00727648, 0.0209329, 5.4908, 0.96408, 1.76154, 293.278
3347, 0.00513898, 0.0119339, 7.71234e-05, 0, 9.52122e-06, 0.000227674, 0, 0, 0.0122482, 0.00903693, 0.0255213, 5.2709, 0.96406, 1.76013, 293.329
3348, 0.0189496, 0.0112893, 0.000142073, 0, 3.37081e-05, 0.000799862, 0, 0, 0.012265, 0.0333052, 0.0867934, 3.96597, 0.96404, 1.75924, 293.298
3349, 0.0365865, 0.0105754, 0.000208338, 0, 6.38467e-05, 0.001506, 0, 0, 0.0123536, 0.064289, 0.160299, 3.30808, 0.96402, 1.75779, 293.385
3350, 0.0351825, 0.0106509, 0.000206296, 0, 6.14619e-05, 0.00144909, 0, 0, 0.0123677, 0.0618026, 0.154311, 3.34721, 0.964, 1.75592, 293.35
3351, 0.0220105, 0.0111067, 0.000176609, 0, 3.96613e-05, 0.000946234, 0, 0, 0.0122692, 0.0386243, 0.104022, 3.81624, 0.96398, 1.75396, 293.132
3352, 0.0193864, 0.0111545, 0.000180192, 0, 3.57084e-05, 0.000866481, 0, 0, 0.0122368, 0.0339577, 0.0978867, 3.94318, 0.96396, 1.75195, 293.022
3353, 0.0197738, 0.0111829, 0.000180291, 0, 3.62007e-05, 0.000883369, 0, 0, 0.0122828, 0.0346058, 0.0998321, 3.9234, 0.96394, 1.74991, 293.039
3354, 0.0130498, 0.0115765, 0.000146022, 0, 2.40828e-05, 0.000589353, 0, 0, 0.012336, 0.022827, 0.0671074, 4.33898, 0.96392, 1.74791, 293.068
3355, 0.00482642, 0.0120097, 0.000109627, 0, 9.45319e-06, 0.000230473, 0, 0, 0.0123593, 0.00843888, 0.0270931, 5.33365, 0.9639, 1.74592, 293.049
3356, 0.00128249, 0.0121764, 9.96159e-05, 0, 3.23262e-06, 7.66455e-05, 0, 0, 0.0123559, 0.00223951, 0.00989775, 6.65895, 0.96388, 1.74378, 292.986
3357, 0.0013732, 0.0122583, 9.29426e-05, 0, 3.26976e-06, 7.78202e-05, 0, 0, 0.0124323, 0.00238833, 0.00978805, 6.59061, 0.96386, 1.74167, 293.052
3358, 0.00576517, 0.0120977, 0.000108895, 0, 1.13306e-05, 0.000275042, 0, 0, 0.012493, 0.0100147, 0.0319335, 5.15592, 0.96384, 1.73982, 293.092
3359, 0.0148763, 0.0115604, 0.000164958, 0, 2.83855e-05, 0.000690609, 0, 0, 0.0124443, 0.0258344, 0.0787107, 4.20798, 0.96382, 1.73797, 292.956
3360, 0.0183879, 0.0113794, 0.000185952, 0, 3.49275e-05, 0.000851431, 0, 0, 0.0124517, 0.0319246, 0.096827, 3.99606, 0.9638, 1.73597, 292.911
3361, 0.0108423, 0.0119022, 0.000138406, 0, 2.08183e-05, 0.000508751, 0, 0, 0.0125702, 0.0188192, 0.0585595, 4.5243, 0.96378, 1.73404, 293.043
3362, 0.00349376, 0.0124078, 9.31827e-05, 0, 6.991e-06, 0.000169631, 0, 0, 0.0126776, 0.00605844, 0.0202382, 5.65678, 0.96376, 1.73218, 293.157
3363, 0.0047811, 0.0124114, 9.48494e-05, 0, 8.99936e-06, 0.000208717, 0, 0, 0.0127239, 0.00825346, 0.0233457, 5.34308, 0.96374, 1.73024, 293.173
3364, 0.0205441, 0.0117269, 0.000155659, 0, 3.629e-05, 0.000818733, 0, 0, 0.0127375, 0.0354349, 0.0847634, 3.88518, 0.96372, 1.72813, 293.137
3365, 0.0507819, 0.0105878, 0.000245182, 0, 8.73161e-05, 0.00192014, 0, 0, 0.0128404, 0.0875535, 0.190345, 2.98021, 0.9637, 1.72583, 293.241
3366, 0.0678804, 0.0100793, 0.000281885, 0, 0.000115322, 0.00249862, 0, 0, 0.0129751, 0.116987, 0.242591, 2.69001, 0.96368, 1.72361, 293.394
3367, 0.0481134, 0.0107834, 0.000238299, 0, 8.21926e-05, 0.00178594, 0, 0, 0.0128898, 0.0828895, 0.174687, 3.0342, 0.96366, 1.7217, 293.204
3368, 0.0181226, 0.0118343, 0.000169271, 0, 3.21553e-05, 0.0007148, 0, 0, 0.0127505, 0.0312055, 0.0730514, 4.0106, 0.96364, 1.72006, 292.928
3369, 0.00576927, 0.0123096, 0.00013848, 0, 1.16424e-05, 0.000275653, 0, 0, 0.0127354, 0.00991819, 0.031989, 5.15521, 0.96362, 1.71836, 292.847
3370, 0.00518271, 0.0123298, 0.000142084, 0, 1.11409e-05, 0.000273329, 0, 0, 0.0127563, 0.00888884, 0.0338437, 5.26243, 0.9636, 1.71644, 292.823
3371, 0.00954983, 0.0122524, 0.000146608, 0, 1.81574e-05, 0.000427767, 0, 0, 0.012845, 0.0163088, 0.0485882, 4.65123, 0.96358, 1.71388, 292.905
3372, 0.0302115, 0.0116491, 0.00018686, 0, 5.1372e-05, 0.00113857, 0, 0, 0.0130259, 0.0514076, 0.115316, 3.49953, 0.96356, 1.70966, 293.13
3373, 0.0775881, 0.0104054, 0.000264847, 0, 0.000126659, 0.00267536, 0, 0, 0.0134722, 0.131874, 0.255303, 2.55634, 0.96354, 1.70478, 293.753
3374, 0.126889, 0.00938591, 0.000316289, 0, 0.000203846, 0.00418179, 0, 0, 0.0140878, 0.215824, 0.386606, 2.06444, 0.96352, 1.70291, 294.602
3375, 0.123721, 0.00961616, 0.000299282, 0, 0.000198374, 0.00406189, 0, 0, 0.0141757, 0.210738, 0.374406, 2.08972, 0.9635, 1.70401, 294.672
3376, 0.0764593, 0.0108131, 0.000232627, 0, 0.000123949, 0.00258335, 0, 0, 0.013753, 0.130267, 0.242905, 2.571, 0.96348, 1.70392, 293.999
3377, 0.0651442, 0.0110218, 0.000223628, 0, 0.000108182, 0.00223697, 0, 0, 0.0135906, 0.110527, 0.209727, 2.73115, 0.96346, 1.7012, 293.701
3378, 0.0972471, 0.0100127, 0.000285681, 0, 0.000163897, 0.00328075, 0, 0, 0.013743, 0.164575, 0.297734, 2.3305, 0.96344, 1.69756, 293.87
3379, 0.0926698, 0.0100074, 0.000289818, 0, 0.000159431, 0.00314074, 0, 0, 0.0135974, 0.156815, 0.280735, 2.37871, 0.96342, 1.69591, 293.598
3380, 0.0452576, 0.0113171, 0.000220831, 0, 8.10043e-05, 0.00160247, 0, 0, 0.0132214, 0.0766349, 0.144808, 3.09538, 0.9634, 1.6951, 292.974
3381, 0.0143186, 0.0122418, 0.000176189, 0, 2.82835e-05, 0.000595271, 0, 0, 0.0130416, 0.024254, 0.0591297, 4.2462, 0.96338, 1.69212, 292.641
3382, 0.00674725, 0.0125807, 0.000159904, 0, 1.46841e-05, 0.00034275, 0, 0, 0.013098, 0.0114173, 0.0394528, 4.99862, 0.96336, 1.689, 292.672
3383, 0.00821653, 0.0126663, 0.000155053, 0, 1.63079e-05, 0.000393881, 0, 0, 0.0132315, 0.0138854, 0.0463682, 4.80161, 0.96334, 1.68856, 292.819
3384, 0.016902, 0.0124636, 0.000169411, 0, 3.04098e-05, 0.000685326, 0, 0, 0.0133487, 0.0285276, 0.0742424, 4.08032, 0.96332, 1.68876, 292.94
3385, 0.0493782, 0.0117994, 0.000201152, 0, 8.39597e-05, 0.00158955, 0, 0, 0.013674, 0.0832089, 0.147197, 3.00825, 0.9633, 1.68765, 293.37
3386, 0.150622, 0.00986093, 0.000279132, 0, 0.000252031, 0.00434091, 0, 0, 0.014733, 0.253598, 0.365218, 1.89298, 0.96328, 1.68581, 294.832
3387, 0.297082, 0.00719912, 0.000375298, 0, 0.000497372, 0.00828504, 0, 0, 0.0163568, 0.499784, 0.676862, 1.21375, 0.96326, 1.68356, 296.929
3388, 0.384026, 0.00568214, 0.000426166, 0, 0.000644941, 0.0105991, 0, 0, 0.0173523, 0.645352, 0.857458, 0.957044, 0.96324, 1.68103, 298.103
3389, 0.371496, 0.00575255, 0.000431421, 0, 0.000626766, 0.0103364, 0, 0, 0.0171471, 0.623764, 0.836532, 0.990218, 0.96322, 1.67911, 297.798
3390, 0.275253, 0.00724563, 0.000394257, 0, 0.000468276, 0.00785061, 0, 0, 0.0159588, 0.462005, 0.640935, 1.29007, 0.9632, 1.67773, 296.248
3391, 0.14104, 0.00973437, 0.000310801, 0, 0.000243302, 0.00419778, 0, 0, 0.0144863, 0.236655, 0.349403, 1.95871, 0.96318, 1.67575, 294.203
3392, 0.0652095, 0.0112753, 0.000252602, 0, 0.000113999, 0.00211103, 0, 0, 0.0137529, 0.109223, 0.183455, 2.73015, 0.96316, 1.67325, 293.09
3393, 0.0736049, 0.0110077, 0.000271835, 0, 0.000125414, 0.00245442, 0, 0, 0.0138594, 0.122992, 0.219418, 2.60904, 0.96314, 1.671, 293.19
3394, 0.10596, 0.0104238, 0.00029946, 0, 0.000175132, 0.00339928, 0, 0, 0.0142977, 0.176784, 0.303461, 2.24469, 0.96312, 1.66873, 293.766
3395, 0.160751, 0.00953328, 0.000330442, 0, 0.000262843, 0.00484624, 0, 0, 0.0149728, 0.267646, 0.420801, 1.8279, 0.9631, 1.66604, 294.651
3396, 0.243643, 0.00794487, 0.000384896, 0, 0.000404916, 0.00703062, 0, 0, 0.0157653, 0.4052, 0.588774, 1.41205, 0.96308, 1.66344, 295.655
3397, 0.304774, 0.00675182, 0.000423812, 0, 0.000513397, 0.00859233, 0, 0, 0.0162814, 0.506664, 0.703809, 1.18819, 0.96306, 1.66151, 296.265
3398, 0.343008, 0.00629409, 0.000434127, 0, 0.000574493, 0.00948601, 0, 0, 0.0167887, 0.569908, 0.771824, 1.07, 0.96304, 1.66031, 296.845
3399, 0.370996, 0.00613546, 0.000432848, 0, 0.00061457, 0.0101307, 0, 0, 0.0173135, 0.61589, 0.824823, 0.991565, 0.96302, 1.65936, 297.43
3400, 0.356602, 0.00642276, 0.000427324, 0, 0.000586574, 0.00981115, 0, 0, 0.0172478, 0.591585, 0.805145, 1.03114, 0.963, 1.65847, 297.294
3401, 0.296053, 0.00725929, 0.000414726, 0, 0.000483848, 0.00840064, 0, 0, 0.0165585, 0.490827, 0.701412, 1.21722, 0.96298, 1.65739, 296.388
3402, 0.215013, 0.00852478, 0.000383476, 0, 0.000352093, 0.00635161, 0, 0, 0.015612, 0.356204, 0.538617, 1.53706, 0.96296, 1.65581, 295.114
3403, 0.118206, 0.0105515, 0.000303782, 0, 0.000196604, 0.00361675, 0, 0, 0.0146686, 0.195715, 0.309225, 2.13533, 0.96294, 1.65399, 293.78
3404, 0.0397843, 0.0125474, 0.000211207, 0, 6.81198e-05, 0.00128572, 0, 0, 0.0141125, 0.0658399, 0.113126, 3.22428, 0.96292, 1.65209, 292.937
3405, 0.0115427, 0.0132791, 0.000181383, 0, 2.16143e-05, 0.000461495, 0, 0, 0.0139436, 0.0190691, 0.0474777, 4.4617, 0.9629, 1.6499, 292.636
3406, 0.00754314, 0.0133713, 0.000182698, 0, 1.54245e-05, 0.000363992, 0, 0, 0.0139334, 0.0124364, 0.0421643, 4.88712, 0.96288, 1.64683, 292.565
3407, 0.00579535, 0.0135915, 0.000164768, 0, 1.21998e-05, 0.000295115, 0, 0, 0.0140636, 0.00954165, 0.0359933, 5.1507, 0.96286, 1.64338, 292.698
3408, 0.00720408, 0.0137201, 0.000149807, 0, 1.40024e-05, 0.000327689, 0, 0, 0.0142116, 0.0118342, 0.0384923, 4.93311, 0.96284, 1.64189, 292.854
3409, 0.0230218, 0.0132559, 0.000173928, 0, 3.95339e-05, 0.000828507, 0, 0, 0.0142979, 0.0377604, 0.0824181, 3.77131, 0.96282, 1.64176, 292.921
3410, 0.0681729, 0.0117762, 0.000263886, 0, 0.000112195, 0.00222745, 0, 0, 0.0143797, 0.11176, 0.204691, 2.68571, 0.9628, 1.64081, 292.981
3411, 0.115727, 0.0105542, 0.000332923, 0, 0.0001855, 0.00361441, 0, 0, 0.014687, 0.189643, 0.324223, 2.15652, 0.96278, 1.63914, 293.356
3412, 0.121614, 0.010783, 0.000316493, 0, 0.000191091, 0.00371378, 0, 0, 0.0150043, 0.199111, 0.332592, 2.1069, 0.96276, 1.63721, 293.736
3413, 0.134463, 0.0106935, 0.000314527, 0, 0.000211276, 0.00404072, 0, 0, 0.01526, 0.219761, 0.357408, 2.00646, 0.96274, 1.63514, 294.026
3414, 0.164478, 0.00983314, 0.000359695, 0, 0.000262614, 0.00491454, 0, 0, 0.01537, 0.268575, 0.42543, 1.80498, 0.96272, 1.63319, 294.118
3415, 0.130673, 0.0103749, 0.000351579, 0, 0.000213369, 0.00395592, 0, 0, 0.0148958, 0.213287, 0.339335, 2.03506, 0.9627, 1.6315, 293.42
3416, 0.0925467, 0.0113537, 0.000310879, 0, 0.000155427, 0.00278137, 0, 0, 0.0146013, 0.150813, 0.235253, 2.38004, 0.96268, 1.62974, 292.956
3417, 0.166514, 0.0101212, 0.000341766, 0, 0.000277787, 0.00466999, 0, 0, 0.0154108, 0.270846, 0.383452, 1.79267, 0.96266, 1.62787, 294.004
3418, 0.305254, 0.00760881, 0.000418059, 0, 0.000503199, 0.0082575, 0, 0, 0.0167876, 0.496171, 0.669679, 1.18661, 0.96264, 1.62612, 295.715
3419, 0.400509, 0.00600633, 0.000461808, 0, 0.000659121, 0.010594, 0, 0, 0.0177213, 0.650464, 0.851368, 0.91502, 0.96262, 1.62439, 296.788
3420, 0.446083, 0.00527222, 0.000477799, 0, 0.000739085, 0.0116289, 0, 0, 0.018118, 0.72379, 0.925912, 0.80725, 0.9626, 1.62264, 297.195
3421, 0.437839, 0.0053685, 0.000480418, 0, 0.00072351, 0.0114362, 0, 0, 0.0180086, 0.709764, 0.91254, 0.825904, 0.96258, 1.62088, 297.012
3422, 0.389033, 0.00606217, 0.000475665, 0, 0.000634238, 0.0103439, 0, 0, 0.017516, 0.629979, 0.836808, 0.944092, 0.96256, 1.61911, 296.375
3423, 0.365638, 0.00629372, 0.000477034, 0, 0.000595965, 0.00981899, 0, 0, 0.0171857, 0.591365, 0.797463, 1.00611, 0.96254, 1.61735, 295.922
3424, 0.365238, 0.00619465, 0.000478775, 0, 0.00060479, 0.00976298, 0, 0, 0.0170412, 0.5901, 0.785713, 1.00721, 0.96252, 1.61558, 295.69
3425, 0.314164, 0.00703671, 0.000460675, 0, 0.000525987, 0.00844796, 0, 0, 0.0164713, 0.507175, 0.679251, 1.15784, 0.9625, 1.61381, 294.929
3426, 0.215319, 0.00869021, 0.000428649, 0, 0.000363154, 0.00600992, 0, 0, 0.0154919, 0.347294, 0.490818, 1.53564, 0.96248, 1.61202, 293.609
3427, 0.131998, 0.0102856, 0.000389379, 0, 0.000225733, 0.00389831, 0, 0, 0.0147991, 0.212685, 0.32474, 2.02497, 0.96246, 1.61023, 292.617
3428, 0.0933682, 0.0113251, 0.000354977, 0, 0.000161013, 0.00277488, 0, 0, 0.0146159, 0.150163, 0.231302, 2.3712, 0.96244, 1.60843, 292.308
3429, 0.169868, 0.010131, 0.00037995, 0, 0.000286509, 0.00459199, 0, 0, 0.0153895, 0.272629, 0.369393, 1.77273, 0.96242, 1.60664, 293.306
3430, 0.339312, 0.00718045, 0.000448962, 0, 0.000565797, 0.00878405, 0, 0, 0.0169793, 0.544218, 0.695336, 1.08084, 0.9624, 1.60486, 295.279
3431, 0.449348, 0.00540457, 0.000487837, 0, 0.000742301, 0.0114535, 0, 0, 0.0180882, 0.720239, 0.904759, 0.799958, 0.96238, 1.60307, 296.544
3432, 0.439752, 0.00577979, 0.000478078, 0, 0.000715308, 0.011199, 0, 0, 0.0181722, 0.704281, 0.892702, 0.821544, 0.96236, 1.60127, 296.586
3433, 0.34704, 0.00758657, 0.000433874, 0, 0.000552055, 0.00898437, 0, 0, 0.0175569, 0.555304, 0.733598, 1.05832, 0.96234, 1.59947, 295.809
3434, 0.256574, 0.00912049, 0.000401395, 0, 0.000399263, 0.00688274, 0, 0, 0.0168039, 0.410023, 0.58061, 1.36034, 0.96232, 1.5977, 294.841
3435, 0.260304, 0.00869303, 0.000426279, 0, 0.000409248, 0.00704167, 0, 0, 0.0165702, 0.415344, 0.591363, 1.34591, 0.9623, 1.59595, 294.495
3436, 0.307253, 0.0075743, 0.000464698, 0, 0.000492993, 0.00817026, 0, 0, 0.0167023, 0.48974, 0.671374, 1.18008, 0.96228, 1.59418, 294.604
3437, 0.332149, 0.00711845, 0.000478525, 0, 0.000536148, 0.00874591, 0, 0, 0.016879, 0.528895, 0.712705, 1.10217, 0.96226, 1.59241, 294.767
3438, 0.317447, 0.00743523, 0.000473635, 0, 0.00051153, 0.00841059, 0, 0, 0.016831, 0.505034, 0.687379, 1.14744, 0.96224, 1.59061, 294.652
3439, 0.231477, 0.00904423, 0.000437404, 0, 0.000372725, 0.00635681, 0, 0, 0.0162112, 0.367991, 0.528384, 1.46327, 0.96222, 1.5888, 293.82
3440, 0.132559, 0.0109605, 0.000389576, 0, 0.000215813, 0.00389024, 0, 0, 0.0154561, 0.2105, 0.33231, 2.02073, 0.9622, 1.58705, 292.784
3441, 0.12682, 0.011146, 0.000386228, 0, 0.000205975, 0.00369231, 0, 0, 0.0154305, 0.200943, 0.314337, 2.06499, 0.96218, 1.58532, 292.695
3442, 0.210253, 0.00978131, 0.000416187, 0, 0.000332364, 0.00571679, 0, 0, 0.0162467, 0.332758, 0.476281, 1.55944, 0.96216, 1.58354, 293.699
3443, 0.294695, 0.00845696, 0.000441237, 0, 0.000458986, 0.00773609, 0, 0, 0.0170933, 0.465986, 0.638281, 1.22182, 0.96214, 1.58171, 294.696
3444, 0.341526, 0.00767181, 0.000462836, 0, 0.000528741, 0.00884492, 0, 0, 0.0175083, 0.539551, 0.726496, 1.07433, 0.96212, 1.57991, 295.14
3445, 0.310384, 0.00818491, 0.000458633, 0, 0.000477713, 0.0081197, 0, 0, 0.017241, 0.489951, 0.672666, 1.16994, 0.9621, 1.57818, 294.764
3446, 0.265879, 0.00888687, 0.000446574, 0, 0.000410072, 0.0070439, 0, 0, 0.0167874, 0.419142, 0.587611, 1.32471, 0.96208, 1.57647, 294.155
3447, 0.304875, 0.00797146, 0.000473608, 0, 0.000478707, 0.00793037, 0, 0, 0.0168541, 0.479875, 0.648585, 1.18785, 0.96206, 1.5745, 294.182
3448, 0.358135, 0.00673629, 0.00050968, 0, 0.00057183, 0.00917696, 0, 0, 0.0169948, 0.562927, 0.737427, 1.02685, 0.96204, 1.57216, 294.299
3449, 0.395902, 0.00606811, 0.000523532, 0, 0.000637512, 0.0100252, 0, 0, 0.0172543, 0.621468, 0.79863, 0.926587, 0.96202, 1.57005, 294.559
3450, 0.420914, 0.00579528, 0.000523743, 0, 0.000680224, 0.0105875, 0, 0, 0.0175867, 0.660256, 0.840354, 0.865327, 0.962, 1.56864, 294.901
3451, 0.365594, 0.00667436, 0.000511576, 0, 0.00059339, 0.00942032, 0, 0, 0.0171996, 0.57312, 0.75374, 1.00623, 0.96198, 1.56713, 294.382
3452, 0.254118, 0.00847436, 0.000488351, 0, 0.000414234, 0.00696031, 0, 0, 0.0163373, 0.397868, 0.569798, 1.36996, 0.96196, 1.56505, 293.262
3453, 0.165927, 0.0101246, 0.000459795, 0, 0.000269768, 0.00489114, 0, 0, 0.0157453, 0.259362, 0.413505, 1.79621, 0.96194, 1.56312, 292.447
3454, 0.118622, 0.011422, 0.000414638, 0, 0.000188445, 0.00365376, 0, 0, 0.0156789, 0.185204, 0.320364, 2.13181, 0.96192, 1.5616, 292.306
3455, 0.101808, 0.0124035, 0.00035674, 0, 0.000155288, 0.00308671, 0, 0, 0.0160022, 0.158794, 0.278604, 2.28466, 0.9619, 1.55986, 292.67
3456, 0.145848, 0.0119766, 0.000351541, 0, 0.00021743, 0.00401742, 0, 0, 0.016563, 0.226998, 0.353278, 1.92519, 0.96188, 1.55759, 293.325
3457, 0.276861, 0.00952636, 0.000424226, 0, 0.000415549, 0.00707105, 0, 0, 0.0174372, 0.430271, 0.591765, 1.28424, 0.96186, 1.55528, 294.337
3458, 0.390034, 0.00740825, 0.000485396, 0, 0.000590503, 0.00966719, 0, 0, 0.0181513, 0.605618, 0.790083, 0.941521, 0.96184, 1.55323, 295.12
3459, 0.399144, 0.00723458, 0.000493441, 0, 0.000604548, 0.0098689, 0, 0, 0.0182015, 0.619313, 0.805377, 0.918434, 0.96182, 1.55172, 295.122
3460, 0.374759, 0.00753815, 0.00049158, 0, 0.000568529, 0.00935732, 0, 0, 0.0179556, 0.58104, 0.766371, 0.981473, 0.9618, 1.55053, 294.783
3461, 0.398193, 0.00683585, 0.000512603, 0, 0.00061622, 0.00990773, 0, 0, 0.0178724, 0.61698, 0.801359, 0.920819, 0.96178, 1.54961, 294.631
3462, 0.444727, 0.00578502, 0.00053685, 0, 0.000702572, 0.0109293, 0, 0, 0.0179538, 0.688689, 0.869246, 0.810294, 0.96176, 1.54864, 294.671
3463, 0.438898, 0.00575272, 0.000542624, 0, 0.00069888, 0.0108149, 0, 0, 0.0178091, 0.67914, 0.85713, 0.823489, 0.96174, 1.54712, 294.447
3464, 0.348231, 0.0070923, 0.000533336, 0, 0.000556781, 0.00886122, 0, 0, 0.0170436, 0.538341, 0.710225, 1.05489, 0.96172, 1.54521, 293.478
3465, 0.22709, 0.00894617, 0.000518452, 0, 0.000366545, 0.00617488, 0, 0, 0.0160061, 0.350643, 0.506619, 1.48241, 0.9617, 1.54331, 292.127
3466, 0.177936, 0.00977571, 0.000511679, 0, 0.000286845, 0.00503149, 0, 0, 0.0156057, 0.274262, 0.419664, 1.72633, 0.96168, 1.54162, 291.553
3467, 0.245095, 0.00881499, 0.000521977, 0, 0.000386157, 0.00650346, 0, 0, 0.0162266, 0.377136, 0.533841, 1.40611, 0.96166, 1.53964, 292.299
3468, 0.371603, 0.0069958, 0.000537964, 0, 0.000579514, 0.00925057, 0, 0, 0.0173638, 0.571094, 0.743589, 0.98993, 0.96164, 1.5371, 293.646
3469, 0.479725, 0.00557176, 0.000546511, 0, 0.000747383, 0.0115174, 0, 0, 0.0183831, 0.736744, 0.913281, 0.734542, 0.96162, 1.53537, 294.781
3470, 0.507659, 0.00534436, 0.000544386, 0, 0.000786833, 0.0120853, 0, 0, 0.0187609, 0.779306, 0.957221, 0.677946, 0.9616, 1.53469, 295.153
3471, 0.439636, 0.00656897, 0.000522265, 0, 0.00067504, 0.0106162, 0, 0, 0.0183825, 0.674463, 0.850051, 0.821808, 0.96158, 1.53362, 294.671
3472, 0.312163, 0.0088249, 0.000478531, 0, 0.000476203, 0.00780113, 0, 0, 0.0175808, 0.478495, 0.638827, 1.16423, 0.96156, 1.53203, 293.685
3473, 0.227973, 0.0100571, 0.000467079, 0, 0.000348078, 0.0059892, 0, 0, 0.0168615, 0.348927, 0.502735, 1.47853, 0.96154, 1.53031, 292.764
3474, 0.254484, 0.00907379, 0.000509066, 0, 0.00039105, 0.00670179, 0, 0, 0.0166757, 0.388912, 0.557466, 1.36852, 0.96152, 1.52862, 292.48
3475, 0.304607, 0.00792981, 0.000543604, 0, 0.000468429, 0.0078958, 0, 0, 0.0168376, 0.465084, 0.648486, 1.18873, 0.9615, 1.52695, 292.626
3476, 0.301182, 0.00796136, 0.000549069, 0, 0.000462961, 0.00786792, 0, 0, 0.0168413, 0.459454, 0.647707, 1.20004, 0.96148, 1.52529, 292.576
3477, 0.262529, 0.00855059, 0.000546222, 0, 0.000407142, 0.00705162, 0, 0, 0.0165556, 0.400067, 0.585162, 1.33739, 0.96146, 1.52367, 292.168
3478, 0.251051, 0.00864855, 0.000549591, 0, 0.00039559, 0.00679561, 0, 0, 0.0163893, 0.382065, 0.561777, 1.3821, 0.96144, 1.52202, 291.905
3479, 0.291726, 0.0080512, 0.000555668, 0, 0.000459869, 0.00763576, 0, 0, 0.0167025, 0.443376, 0.622417, 1.23194, 0.96142, 1.52022, 292.242
3480, 0.347355, 0.0073481, 0.000558254, 0, 0.00054155, 0.00876526, 0, 0, 0.0172132, 0.527116, 0.707863, 1.05741, 0.9614, 1.51732, 292.81
3481, 0.378636, 0.00709398, 0.000554372, 0, 0.000582124, 0.00932961, 0, 0, 0.0175601, 0.572759, 0.752024, 0.97118, 0.96138, 1.50827, 293.17
3482, 0.358626, 0.00769121, 0.00054107, 0, 0.000540708, 0.00877769, 0, 0, 0.0175507, 0.538663, 0.713622, 1.02548, 0.96136, 1.48756, 293.105
3483, 0.357109, 0.00788347, 0.00053614, 0, 0.000533574, 0.00864262, 0, 0, 0.0175958, 0.533397, 0.703945, 1.02972, 0.96134, 1.47412, 293.104
3484, 0.442682, 0.00652167, 0.000552048, 0, 0.00067334, 0.0103949, 0, 0, 0.0181419, 0.664361, 0.8294, 0.814905, 0.96132, 1.48724, 293.687
3485, 0.480734, 0.00571923, 0.000564564, 0, 0.000742243, 0.0112265, 0, 0, 0.0182525, 0.724516, 0.886468, 0.732441, 0.9613, 1.50334, 293.759
3486, 0.412579, 0.00662139, 0.000557506, 0, 0.000639125, 0.00987765, 0, 0, 0.0176957, 0.622295, 0.786491, 0.885329, 0.96128, 1.50765, 293.059
3487, 0.334854, 0.00796198, 0.000543252, 0, 0.000514084, 0.00826303, 0, 0, 0.0172823, 0.504696, 0.669194, 1.09406, 0.96126, 1.50686, 292.514
3488, 0.278707, 0.00889767, 0.000540549, 0, 0.000423855, 0.00707424, 0, 0, 0.0169363, 0.419632, 0.582675, 1.27759, 0.96124, 1.50531, 292.041
3489, 0.235064, 0.00949231, 0.000543296, 0, 0.000356623, 0.00619111, 0, 0, 0.0165833, 0.353541, 0.518579, 1.4479, 0.96122, 1.50373, 291.552
3490, 0.210164, 0.0100534, 0.00053167, 0, 0.000316397, 0.00568941, 0, 0, 0.0165908, 0.315708, 0.48368, 1.55987, 0.9612, 1.50212, 291.507
3491, 0.225202, 0.0101417, 0.000518468, 0, 0.000333871, 0.00600275, 0, 0, 0.0169967, 0.337839, 0.510073, 1.49076, 0.96118, 1.50048, 291.952
3492, 0.275206, 0.00931815, 0.000534014, 0, 0.000406612, 0.00710149, 0, 0, 0.0173603, 0.41239, 0.59449, 1.29024, 0.96116, 1.49883, 292.337
3493, 0.318723, 0.00830816, 0.000561202, 0, 0.000475101, 0.00805301, 0, 0, 0.0173975, 0.477108, 0.664359, 1.14343, 0.96114, 1.49716, 292.327
3494, 0.368728, 0.00736065, 0.000577599, 0, 0.000552356, 0.00905478, 0, 0, 0.0175454, 0.551309, 0.736093, 0.997696, 0.96112, 1.4955, 292.449
3495, 0.448555, 0.00627452, 0.000584961, 0, 0.00067177, 0.010605, 0, 0, 0.0181362, 0.669903, 0.848962, 0.801725, 0.9611, 1.49383, 293.084
3496, 0.511326, 0.00552657, 0.000585923, 0, 0.000768198, 0.0117868, 0, 0, 0.0186675, 0.76291, 0.933971, 0.670748, 0.96108, 1.49212, 293.634
3497, 0.488617, 0.00592767, 0.000580699, 0, 0.000735351, 0.0112963, 0, 0, 0.0185401, 0.728317, 0.897307, 0.716177, 0.96106, 1.49026, 293.437
3498, 0.408589, 0.00703668, 0.000575103, 0, 0.00061323, 0.00970063, 0, 0, 0.0179256, 0.607831, 0.781083, 0.895045, 0.96104, 1.48747, 292.679
3499, 0.379859, 0.00731669, 0.000579071, 0, 0.000566633, 0.00907508, 0, 0, 0.0175375, 0.56102, 0.734127, 0.967954, 0.961023, 1.47939, 292.17
3500, 0.401825, 0.00713273, 0.000580101, 0, 0.000586183, 0.00930162, 0, 0, 0.0176006, 0.583481, 0.749587, 0.911738, 0.961014, 1.45865, 292.191
3501, 0.38239, 0.00789617, 0.000563894, 0, 0.000540821, 0.00870567, 0, 0, 0.0177066, 0.546184, 0.707595, 0.961314, 0.961015, 1.43952, 292.262
3502, 0.31435, 0.00924317, 0.000546499, 0, 0.000440795, 0.0074002, 0, 0, 0.0176307, 0.451093, 0.613918, 1.15725, 0.961024, 1.44911, 292.119
3503, 0.283688, 0.00947356, 0.000554309, 0, 0.000411951, 0.00697691, 0, 0, 0.0174167, 0.415304, 0.580308, 1.25988, 0.961036, 1.46908, 291.812
3504, 0.351289, 0.00802005, 0.000581119, 0, 0.000526785, 0.00848154, 0, 0, 0.0176095, 0.51859, 0.687568, 1.04615, 0.961048, 1.47677, 291.986
3505, 0.461002, 0.00630274, 0.000599155, 0, 0.000690798, 0.0107334, 0, 0, 0.0183261, 0.680783, 0.854862, 0.774354, 0.96106, 1.47695, 292.763
3506, 0.485502, 0.00619211, 0.000597087, 0, 0.0007154, 0.0111991, 0, 0, 0.0187037, 0.716451, 0.894945, 0.722572, 0.961072, 1.47547, 293.136
3507, 0.430459, 0.00733477, 0.000583424, 0, 0.000621696, 0.0100383, 0, 0, 0.0185782, 0.634495, 0.814392, 0.842902, 0.961084, 1.4735, 292.941
3508, 0.401719, 0.00792151, 0.000574634, 0, 0.000578367, 0.00937866, 0, 0, 0.0184532, 0.591171, 0.76496, 0.912003, 0.961096, 1.47152, 292.746
3509, 0.412975, 0.00767145, 0.000578151, 0, 0.000599368, 0.00956683, 0, 0, 0.0184158, 0.607021, 0.775889, 0.884367, 0.961108, 1.47001, 292.65
3510, 0.386773, 0.00798488, 0.000581178, 0, 0.00055975, 0.00906729, 0, 0, 0.0181931, 0.567988, 0.739213, 0.949917, 0.96112, 1.46861, 292.343
3511, 0.38114, 0.00794794, 0.000589285, 0, 0.000550658, 0.00895318, 0, 0, 0.0180411, 0.558974, 0.72925, 0.964588, 0.961132, 1.46687, 292.114
3512, 0.415884, 0.00740646, 0.000595323, 0, 0.000601152, 0.00961634, 0, 0, 0.0182193, 0.609259, 0.776358, 0.877349, 0.961144, 1.46503, 292.266
3513, 0.389789, 0.00825566, 0.000572508, 0, 0.000557405, 0.0090289, 0, 0, 0.0184145, 0.57058, 0.734366, 0.942151, 0.961156, 1.46342, 292.434
3514, 0.304217, 0.0101866, 0.000532646, 0, 0.000428259, 0.00720909, 0, 0, 0.0183566, 0.444953, 0.599806, 1.19001, 0.961168, 1.46222, 292.315
3515, 0.280467, 0.0107478, 0.000522018, 0, 0.000390637, 0.00671001, 0, 0, 0.0183705, 0.40976, 0.564045, 1.2713, 0.96118, 1.46109, 292.278
3516, 0.319186, 0.00993405, 0.000542668, 0, 0.000443394, 0.00758036, 0, 0, 0.0185005, 0.465837, 0.633135, 1.14198, 0.961192, 1.45968, 292.371
3517, 0.3517, 0.00916762, 0.000565797, 0, 0.000488814, 0.00833119, 0, 0, 0.0185534, 0.512689, 0.692593, 1.04498, 0.961204, 1.45792, 292.378
3518, 0.361543, 0.00890804, 0.000576581, 0, 0.000503972, 0.00853147, 0, 0, 0.0185201, 0.526192, 0.706779, 1.01737, 0.961216, 1.4556, 292.287
3519, 0.357402, 0.00888525, 0.000581254, 0, 0.00050066, 0.0084107, 0, 0, 0.0183779, 0.518391, 0.694459, 1.0289, 0.961228, 1.45151, 292.072
3520, 0.375708, 0.00833127, 0.000595411, 0, 0.000526215, 0.00873759, 0, 0, 0.0181905, 0.539121, 0.716173, 0.978943, 0.96124, 1.44035, 291.805
3521, 0.411617, 0.00766043, 0.000605379, 0, 0.000566622, 0.00924538, 0, 0, 0.0180778, 0.577462, 0.751401, 0.887663, 0.961252, 1.41609, 291.623
3522, 0.398912, 0.00827682, 0.000586218, 0, 0.000537067, 0.00871775, 0, 0, 0.0181179, 0.54949, 0.709947, 0.919014, 0.961264, 1.39902, 291.615
3523, 0.337558, 0.00977253, 0.000556153, 0, 0.000455873, 0.00751065, 0, 0, 0.0182952, 0.469835, 0.620471, 1.08602, 0.961276, 1.41355, 291.765
3524, 0.369279, 0.00918425, 0.000566062, 0, 0.000517377, 0.00831463, 0, 0, 0.0185823, 0.52803, 0.680001, 0.996202, 0.961288, 1.4346, 292.037
3525, 0.458427, 0.00729727, 0.00059887, 0, 0.000656948, 0.0102039, 0, 0, 0.018757, 0.661146, 0.817733, 0.779953, 0.9613, 1.44232, 292.179
3526, 0.433729, 0.00759656, 0.000599621, 0, 0.000622784, 0.00976664, 0, 0, 0.0185856, 0.626055, 0.784288, 0.835335, 0.961312, 1.44313, 291.934
3527, 0.325443, 0.00971836, 0.000569671, 0, 0.000460615, 0.00759365, 0, 0, 0.0183423, 0.469501, 0.624031, 1.12257, 0.961324, 1.4422, 291.606
3528, 0.276943, 0.0107851, 0.000556446, 0, 0.000382586, 0.0066151, 0, 0, 0.0183392, 0.399006, 0.554744, 1.28394, 0.961336, 1.44082, 291.549
3529, 0.328759, 0.0098537, 0.000575533, 0, 0.000451308, 0.00767348, 0, 0, 0.018554, 0.473073, 0.636801, 1.11243, 0.961348, 1.43934, 291.739
3530, 0.377505, 0.00890033, 0.000593088, 0, 0.000520536, 0.00866071, 0, 0, 0.0186747, 0.54276, 0.710293, 0.974171, 0.96136, 1.43782, 291.821
3531, 0.367627, 0.00900065, 0.000592272, 0, 0.000510187, 0.00845886, 0, 0, 0.018562, 0.528049, 0.692511, 1.00069, 0.961372, 1.43627, 291.642
3532, 0.354679, 0.00916313, 0.000588359, 0, 0.000496695, 0.00819731, 0, 0, 0.0184455, 0.508891, 0.670048, 1.03654, 0.961384, 1.43473, 291.458
3533, 0.33422, 0.00966397, 0.000576136, 0, 0.000468141, 0.00773567, 0, 0, 0.0184439, 0.479045, 0.633455, 1.09595, 0.961396, 1.43318, 291.403
3534, 0.310442, 0.0101153, 0.000575355, 0, 0.00043381, 0.00719579, 0, 0, 0.0183202, 0.444486, 0.591133, 1.16976, 0.961408, 1.43163, 291.21
3535, 0.257318, 0.0109296, 0.000578653, 0, 0.000362383, 0.00606856, 0, 0, 0.0179392, 0.368121, 0.501946, 1.35744, 0.96142, 1.43006, 290.72
3536, 0.192314, 0.0124215, 0.000550494, 0, 0.000272008, 0.00465081, 0, 0, 0.0178948, 0.274748, 0.391088, 1.64863, 0.961432, 1.42848, 290.615
3537, 0.240558, 0.0118133, 0.000547425, 0, 0.000337052, 0.00558327, 0, 0, 0.018281, 0.343039, 0.462833, 1.42479, 0.961444, 1.42684, 291.006
3538, 0.32202, 0.00992323, 0.000588169, 0, 0.000453451, 0.00727574, 0, 0, 0.0182406, 0.45887, 0.591296, 1.13314, 0.961456, 1.42518, 290.907
3539, 0.265739, 0.0107882, 0.000584395, 0, 0.000378021, 0.00613889, 0, 0, 0.0178895, 0.378486, 0.50249, 1.32524, 0.961468, 1.42357, 290.451
3540, 0.153749, 0.0134733, 0.000525716, 0, 0.000218557, 0.00379553, 0, 0, 0.0180131, 0.218747, 0.323555, 1.87244, 0.96148, 1.42195, 290.541
3541, 0.134487, 0.0140999, 0.000511583, 0, 0.00018639, 0.00342432, 0, 0, 0.0182221, 0.190914, 0.29855, 2.00629, 0.961492, 1.42013, 290.728
3542, 0.174416, 0.0129703, 0.000551936, 0, 0.000238672, 0.00437258, 0, 0, 0.0181335, 0.24724, 0.377005, 1.74631, 0.961504, 1.41792, 290.574
3543, 0.183273, 0.0127162, 0.000566418, 0, 0.000249142, 0.00460486, 0, 0, 0.0181366, 0.259026, 0.398481, 1.69678, 0.961516, 1.41416, 290.525
3544, 0.195963, 0.012491, 0.000571445, 0, 0.00026298, 0.0048353, 0, 0, 0.0181607, 0.273847, 0.417414, 1.62983, 0.961528, 1.40336, 290.5
3545, 0.22754, 0.0115925, 0.000592833, 0, 0.000301639, 0.00541094, 0, 0, 0.0178979, 0.310925, 0.460519, 1.48043, 0.96154, 1.37867, 290.145
3546, 0.235391, 0.0114126, 0.000590056, 0, 0.000309917, 0.00546898, 0, 0, 0.0177815, 0.316323, 0.462332, 1.44651, 0.961552, 1.35902, 289.957
3547, 0.257679, 0.0111293, 0.000587769, 0, 0.000346831, 0.00591139, 0, 0, 0.0179753, 0.352259, 0.493199, 1.35604, 0.961564, 1.37183, 290.129
3548, 0.334086, 0.00964322, 0.000615141, 0, 0.000461033, 0.00749156, 0, 0, 0.0182109, 0.466752, 0.610908, 1.09636, 0.961576, 1.3948, 290.347
3549, 0.369208, 0.00922896, 0.00061798, 0, 0.000508425, 0.00820667, 0, 0, 0.018562, 0.51875, 0.666476, 0.996396, 0.961588, 1.40435, 290.692
3550, 0.33189, 0.0102075, 0.000602065, 0, 0.00044934, 0.00750826, 0, 0, 0.0187672, 0.466524, 0.61853, 1.10295, 0.9616, 1.40558, 290.869
3551, 0.301304, 0.010861, 0.000596957, 0, 0.000401571, 0.00695509, 0, 0, 0.0188146, 0.42331, 0.581208, 1.19964, 0.961612, 1.4048, 290.869
3552, 0.249207, 0.0121608, 0.000569765, 0, 0.000328624, 0.00588271, 0, 0, 0.0189419, 0.349894, 0.500624, 1.38947, 0.961624, 1.40358, 290.957
3553, 0.181027, 0.0138387, 0.000532526, 0, 0.000236317, 0.00445343, 0, 0, 0.019061, 0.253937, 0.390359, 1.70911, 0.961636, 1.40222, 291.036
3554, 0.13957, 0.0148677, 0.000507994, 0, 0.000181704, 0.00356291, 0, 0, 0.0191203, 0.195548, 0.319326, 1.96919, 0.961648, 1.4008, 291.048
3555, 0.146885, 0.0147447, 0.00051069, 0, 0.000191377, 0.00370143, 0, 0, 0.0191482, 0.205474, 0.329158, 1.91811, 0.96166, 1.39933, 291.026
3556, 0.200898, 0.0134081, 0.000549996, 0, 0.000261508, 0.00486359, 0, 0, 0.0190832, 0.280715, 0.422275, 1.60496, 0.961672, 1.3978, 290.903
3557, 0.244502, 0.0122726, 0.000584477, 0, 0.00031969, 0.00580336, 0, 0, 0.0189801, 0.341349, 0.496999, 1.40853, 0.961684, 1.3963, 290.737
3558, 0.264992, 0.0117731, 0.000595941, 0, 0.000349486, 0.00620702, 0, 0, 0.0189255, 0.369607, 0.526202, 1.32806, 0.961696, 1.39486, 290.625
3559, 0.270059, 0.0117463, 0.000592313, 0, 0.000359819, 0.00622846, 0, 0, 0.0189269, 0.376281, 0.523009, 1.30912, 0.961708, 1.39339, 290.574
3560, 0.311705, 0.0109022, 0.000605214, 0, 0.000422055, 0.00696184, 0, 0, 0.0188913, 0.433701, 0.573321, 1.1657, 0.96172, 1.39189, 290.482
3561, 0.42893, 0.00840292, 0.000647828, 0, 0.000587113, 0.00923558, 0, 0, 0.0188734, 0.59615, 0.742866, 0.846462, 0.961732, 1.39037, 290.41
3562, 0.524179, 0.00640692, 0.00067928, 0, 0.000721304, 0.0110845, 0, 0, 0.018892, 0.727901, 0.880993, 0.645922, 0.961744, 1.38885, 290.378
3563, 0.540414, 0.00586354, 0.000691843, 0, 0.000749168, 0.011407, 0, 0, 0.0187116, 0.749759, 0.902766, 0.615419, 0.961756, 1.38727, 290.126
3564, 0.478763, 0.00652557, 0.000699178, 0, 0.000669424, 0.0103216, 0, 0, 0.0182158, 0.663542, 0.820152, 0.73655, 0.961768, 1.38558, 289.515
3565, 0.398475, 0.00771413, 0.000698314, 0, 0.000558949, 0.00887373, 0, 0, 0.0178451, 0.551602, 0.712484, 0.92011, 0.96178, 1.3839, 289.037
3566, 0.322962, 0.00953201, 0.000670342, 0, 0.000448259, 0.00738002, 0, 0, 0.0180306, 0.446617, 0.602137, 1.13022, 0.961792, 1.3824, 289.199
3567, 0.230537, 0.0123361, 0.000605196, 0, 0.000311153, 0.00543766, 0, 0, 0.0186901, 0.318495, 0.457468, 1.46734, 0.961804, 1.38088, 289.894
3568, 0.163634, 0.0146872, 0.000534338, 0, 0.000211804, 0.00400006, 0, 0, 0.0194334, 0.225752, 0.350598, 1.81012, 0.961816, 1.37919, 290.656
3569, 0.143767, 0.0156471, 0.000491408, 0, 0.000181934, 0.00354612, 0, 0, 0.0198665, 0.197922, 0.316129, 1.93956, 0.961828, 1.37705, 291.067
3570, 0.17864, 0.0145784, 0.000525023, 0, 0.000228227, 0.004298, 0, 0, 0.0196297, 0.245256, 0.37512, 1.72238, 0.96184, 1.37416, 290.763
3571, 0.233567, 0.0123625, 0.000614926, 0, 0.000304685, 0.00555067, 0, 0, 0.0188327, 0.319852, 0.473645, 1.45428, 0.961852, 1.3696, 289.844
3572, 0.242344, 0.0114207, 0.00066353, 0, 0.000322332, 0.00581032, 0, 0, 0.0182169, 0.330445, 0.491702, 1.4174, 0.961864, 1.35806, 289.101
3573, 0.202482, 0.0123622, 0.000646171, 0, 0.000271749, 0.00493921, 0, 0, 0.0182193, 0.274096, 0.420312, 1.59711, 0.961876, 1.33282, 289.051
3574, 0.140993, 0.014318, 0.000593723, 0, 0.000190302, 0.00355655, 0, 0, 0.0186585, 0.189459, 0.309165, 1.95905, 0.961888, 1.31296, 289.495
3575, 0.115794, 0.0153709, 0.000558859, 0, 0.00015675, 0.00299227, 0, 0, 0.0190787, 0.155935, 0.264722, 2.15595, 0.9619, 1.32592, 289.907
3576, 0.160506, 0.0145003, 0.000568851, 0, 0.000215718, 0.00391335, 0, 0, 0.0191982, 0.217983, 0.337352, 1.82943, 0.961912, 1.34982, 289.986
3577, 0.278603, 0.0114725, 0.000632046, 0, 0.000376326, 0.00632634, 0, 0, 0.0188072, 0.379541, 0.523041, 1.27797, 0.961924, 1.36054, 289.504
3578, 0.405864, 0.00821278, 0.000696634, 0, 0.000554195, 0.00883903, 0, 0, 0.0183026, 0.553174, 0.711503, 0.901738, 0.961936, 1.36272, 288.887
3579, 0.464187, 0.00686015, 0.000719839, 0, 0.000637032, 0.00991616, 0, 0, 0.0181332, 0.632509, 0.789597, 0.767469, 0.961948, 1.36256, 288.642
3580, 0.432807, 0.00775293, 0.000705512, 0, 0.000591609, 0.00924716, 0, 0, 0.0182972, 0.5894, 0.738448, 0.837463, 0.96196, 1.36158, 288.778
3581, 0.327557, 0.0105826, 0.00065252, 0, 0.000442116, 0.00713586, 0, 0, 0.0188131, 0.44574, 0.579844, 1.11609, 0.961972, 1.36033, 289.304
3582, 0.252907, 0.0126734, 0.000611092, 0, 0.000333825, 0.00567473, 0, 0, 0.019293, 0.343698, 0.472769, 1.37473, 0.961984, 1.35895, 289.778
3583, 0.269084, 0.0122996, 0.000623664, 0, 0.000350557, 0.0060595, 0, 0, 0.0193333, 0.365191, 0.50696, 1.31273, 0.961996, 1.35739, 289.77
3584, 0.247053, 0.0128617, 0.000613501, 0, 0.000321478, 0.00563985, 0, 0, 0.0194365, 0.335026, 0.475511, 1.39815, 0.962008, 1.35591, 289.829
3585, 0.189207, 0.0143289, 0.00058688, 0, 0.000245475, 0.00447026, 0, 0, 0.0196316, 0.256331, 0.385049, 1.66491, 0.96202, 1.35467, 289.987
3586, 0.191647, 0.0141651, 0.000601683, 0, 0.000247334, 0.00452791, 0, 0, 0.0195421, 0.259342, 0.390204, 1.6521, 0.962032, 1.35319, 289.84
3587, 0.20941, 0.0139075, 0.000605212, 0, 0.000267218, 0.00486949, 0, 0, 0.0196494, 0.283087, 0.417353, 1.56346, 0.962044, 1.35126, 289.903
3588, 0.220219, 0.0138824, 0.000602389, 0, 0.000277148, 0.00507945, 0, 0, 0.0198414, 0.297223, 0.435819, 1.51313, 0.962056, 1.34925, 290.055
3589, 0.233546, 0.0135191, 0.00061616, 0, 0.000293435, 0.00537244, 0, 0, 0.0198011, 0.314709, 0.460692, 1.45438, 0.962068, 1.34738, 289.961
3590, 0.24556, 0.0129354, 0.000634353, 0, 0.000314201, 0.00564285, 0, 0, 0.0195268, 0.330533, 0.479857, 1.40422, 0.96208, 1.34612, 289.617
3591, 0.265013, 0.0120576, 0.000660389, 0, 0.000346366, 0.00606655, 0, 0, 0.019131, 0.356439, 0.509358, 1.32797, 0.962092, 1.34507, 289.137
3592, 0.227512, 0.01323, 0.000632385, 0, 0.000298864, 0.00525777, 0, 0, 0.019419, 0.305761, 0.444215, 1.48055, 0.962104, 1.3439, 289.398
3593, 0.19115, 0.0148633, 0.000582017, 0, 0.000247849, 0.00438605, 0, 0, 0.0200792, 0.256616, 0.374962, 1.6547, 0.962116, 1.34301, 290.047
3594, 0.278557, 0.0129397, 0.000615914, 0, 0.000358805, 0.00603022, 0, 0, 0.0199446, 0.373581, 0.501241, 1.27813, 0.962128, 1.34194, 289.855
3595, 0.390315, 0.0099701, 0.000682295, 0, 0.000504606, 0.00823922, 0, 0, 0.0193962, 0.523145, 0.671521, 0.940802, 0.96214, 1.34054, 289.219
3596, 0.377576, 0.0103215, 0.000675431, 0, 0.000486498, 0.00800688, 0, 0, 0.0194903, 0.505713, 0.654708, 0.973984, 0.962152, 1.33901, 289.269
3597, 0.31786, 0.0120556, 0.000635757, 0, 0.00040507, 0.00681731, 0, 0, 0.0199137, 0.425192, 0.56446, 1.14614, 0.962164, 1.33748, 289.668
3598, 0.348333, 0.011253, 0.000658052, 0, 0.000443203, 0.00739818, 0, 0, 0.0197524, 0.46529, 0.609588, 1.0546, 0.962176, 1.33598, 289.446
3599, 0.375953, 0.010404, 0.000685662, 0, 0.00047847, 0.00796208, 0, 0, 0.0195302, 0.501747, 0.653895, 0.978292, 0.962188, 1.33433, 289.158
3600, 0.323134, 0.011883, 0.00065387, 0, 0.000408086, 0.00693113, 0, 0, 0.0198761, 0.430773, 0.57531, 1.12969, 0.9622, 1.33252, 289.474
3601, 0.335277, 0.0118247, 0.000647188, 0, 0.000424432, 0.00707816, 0, 0, 0.0199745, 0.446104, 0.584219, 1.0928, 0.962212, 1.33079, 289.526
3602, 0.461704, 0.00874013, 0.000702678, 0, 0.000595137, 0.00937804, 0, 0, 0.019416, 0.613359, 0.754566, 0.772832, 0.962224, 1.329, 288.882
3603, 0.5584, 0.0062882, 0.000746463, 0, 0.000729341, 0.0111239, 0, 0, 0.0188879, 0.740664, 0.881705, 0.582679, 0.962236, 1.32645, 288.255
3604, 0.551197, 0.00609368, 0.000760439, 0, 0.000723082, 0.0109987, 0, 0, 0.0185759, 0.729139, 0.87002, 0.595663, 0.962248, 1.32127, 287.858
3605, 0.469534, 0.00759833, 0.000752838, 0, 0.000612795, 0.00951524, 0, 0, 0.0184792, 0.617694, 0.758545, 0.756014, 0.96226, 1.30729, 287.699
3606, 0.348095, 0.0106072, 0.000706318, 0, 0.000446799, 0.0072054, 0, 0, 0.0189658, 0.453845, 0.584403, 1.05528, 0.962272, 1.28039, 288.188
3607, 0.247244, 0.0134388, 0.000654618, 0, 0.000310094, 0.00526279, 0, 0, 0.0196663, 0.320229, 0.437492, 1.39738, 0.962284, 1.26422, 288.894
3608, 0.262186, 0.0131264, 0.000669535, 0, 0.000325321, 0.00560771, 0, 0, 0.019729, 0.341644, 0.468128, 1.3387, 0.962296, 1.28088, 288.909
3609, 0.32209, 0.011784, 0.000697813, 0, 0.000397828, 0.0068099, 0, 0, 0.0196896, 0.422266, 0.565716, 1.13292, 0.962308, 1.30393, 288.816
3610, 0.311749, 0.0123629, 0.000681683, 0, 0.00038222, 0.00662305, 0, 0, 0.0200498, 0.409715, 0.554161, 1.16556, 0.96232, 1.31354, 289.145
3611, 0.270389, 0.0134516, 0.000662269, 0, 0.000330447, 0.00585375, 0, 0, 0.0202981, 0.355674, 0.49556, 1.30789, 0.962332, 1.31543, 289.352
3612, 0.235617, 0.0142849, 0.000648495, 0, 0.000287807, 0.00521047, 0, 0, 0.0204317, 0.309896, 0.445831, 1.44555, 0.962344, 1.31517, 289.439
3613, 0.220332, 0.0149107, 0.00062813, 0, 0.000267203, 0.00489369, 0, 0, 0.0206997, 0.289575, 0.421334, 1.51262, 0.962356, 1.31432, 289.663
3614, 0.264234, 0.0140304, 0.000641082, 0, 0.000319981, 0.00568661, 0, 0, 0.0206781, 0.346886, 0.482935, 1.33092, 0.962368, 1.31323, 289.59
3615, 0.35785, 0.0116419, 0.000694682, 0, 0.000436831, 0.00743259, 0, 0, 0.020206, 0.469402, 0.617503, 1.02764, 0.96238, 1.312, 289.053
3616, 0.372119, 0.0113529, 0.000700342, 0, 0.000455118, 0.00767446, 0, 0, 0.0201828, 0.487803, 0.635048, 0.988542, 0.962392, 1.31066, 288.978
3617, 0.332505, 0.0125357, 0.000668832, 0, 0.00040707, 0.00688147, 0, 0, 0.0204931, 0.43538, 0.57168, 1.1011, 0.962404, 1.30933, 289.248
3618, 0.396638, 0.0109075, 0.000696, 0, 0.000493026, 0.00801798, 0, 0, 0.0201145, 0.518677, 0.654768, 0.924732, 0.962416, 1.30806, 288.805
3619, 0.496957, 0.00814286, 0.000754, 0, 0.000625806, 0.00987413, 0, 0, 0.0193968, 0.649313, 0.793817, 0.699252, 0.962428, 1.30678, 287.994
3620, 0.537701, 0.00695031, 0.000780929, 0, 0.000681974, 0.0106262, 0, 0, 0.0190395, 0.701892, 0.849302, 0.620452, 0.96244, 1.30543, 287.556
3621, 0.573332, 0.00618602, 0.000787554, 0, 0.000732701, 0.0111888, 0, 0, 0.0188951, 0.747591, 0.887958, 0.55629, 0.962452, 1.30406, 287.347
3622, 0.607679, 0.0055775, 0.000789485, 0, 0.00077921, 0.011713, 0, 0, 0.0188592, 0.791529, 0.924467, 0.498108, 0.962464, 1.30257, 287.257
3623, 0.588851, 0.00602676, 0.000789486, 0, 0.00074991, 0.0113943, 0, 0, 0.0189604, 0.766003, 0.902917, 0.529581, 0.962476, 1.30068, 287.318
3624, 0.510913, 0.00763376, 0.000786349, 0, 0.000640888, 0.0101021, 0, 0, 0.0191631, 0.663516, 0.81172, 0.671556, 0.962488, 1.29856, 287.488
3625, 0.411507, 0.00963368, 0.000779243, 0, 0.000510034, 0.0084121, 0, 0, 0.0193351, 0.533816, 0.688016, 0.88793, 0.9625, 1.29734, 287.624
3626, 0.323203, 0.0115864, 0.000757315, 0, 0.000399573, 0.00683905, 0, 0, 0.0195823, 0.419113, 0.568062, 1.12947, 0.962512, 1.29674, 287.838
3627, 0.273146, 0.0133255, 0.000711411, 0, 0.000335173, 0.00582244, 0, 0, 0.0201945, 0.35392, 0.487849, 1.29775, 0.962524, 1.29575, 288.432
3628, 0.326095, 0.0127287, 0.000700021, 0, 0.000397159, 0.00664319, 0, 0, 0.0204691, 0.421929, 0.548996, 1.12057, 0.962536, 1.29445, 288.665
3629, 0.458554, 0.0097487, 0.000743494, 0, 0.000561207, 0.00896905, 0, 0, 0.0200224, 0.592774, 0.7262, 0.779677, 0.962548, 1.29307, 288.151
3630, 0.494224, 0.00900116, 0.00075339, 0, 0.000605641, 0.00958549, 0, 0, 0.0199457, 0.638482, 0.773126, 0.704766, 0.96256, 1.29162, 288.02
3631, 0.379834, 0.0119957, 0.000701969, 0, 0.000460383, 0.00754199, 0, 0, 0.0207001, 0.490305, 0.619486, 0.968022, 0.962572, 1.29004, 288.749
3632, 0.28032, 0.0143806, 0.000675585, 0, 0.000331822, 0.00583668, 0, 0, 0.0212247, 0.361291, 0.49479, 1.27182, 0.962584, 1.2885, 289.226
3633, 0.278708, 0.0141689, 0.000699824, 0, 0.000324581, 0.00590579, 0, 0, 0.0210991, 0.358713, 0.505499, 1.27759, 0.962596, 1.28717, 289.05
3634, 0.283479, 0.0140699, 0.000700835, 0, 0.000330323, 0.00597926, 0, 0, 0.0210803, 0.36443, 0.510064, 1.26062, 0.962608, 1.28575, 288.981
3635, 0.320094, 0.0130232, 0.000715869, 0, 0.000380408, 0.00661009, 0, 0, 0.0207296, 0.410751, 0.554095, 1.13914, 0.96262, 1.28387, 288.577
3636, 0.422809, 0.0100916, 0.00077107, 0, 0.000514956, 0.00844268, 0, 0, 0.0198203, 0.541743, 0.689726, 0.860835, 0.962632, 1.28186, 287.586
3637, 0.528121, 0.00752658, 0.000806401, 0, 0.000653186, 0.0102083, 0, 0, 0.0191945, 0.675945, 0.818206, 0.63843, 0.962644, 1.28012, 286.867
3638, 0.572455, 0.00675886, 0.000811281, 0, 0.000708711, 0.0108883, 0, 0, 0.0191671, 0.732071, 0.867671, 0.55782, 0.962656, 1.27878, 286.787
3639, 0.536552, 0.00768854, 0.000806178, 0, 0.000658724, 0.0102844, 0, 0, 0.0194378, 0.685515, 0.825564, 0.622592, 0.962668, 1.27754, 287.028
3640, 0.520478, 0.00799769, 0.000806711, 0, 0.000638591, 0.0100185, 0, 0, 0.0194615, 0.66402, 0.806077, 0.653007, 0.96268, 1.27594, 287.003
3641, 0.56999, 0.00685344, 0.000815106, 0, 0.000704395, 0.0108116, 0, 0, 0.0191845, 0.726156, 0.861766, 0.562137, 0.962692, 1.27413, 286.655
3642, 0.591814, 0.00643249, 0.000819886, 0, 0.000728189, 0.0111486, 0, 0, 0.0191292, 0.752644, 0.886838, 0.524563, 0.962704, 1.27157, 286.545
3643, 0.55862, 0.00728287, 0.000818505, 0, 0.000675987, 0.0105742, 0, 0, 0.0193515, 0.707622, 0.84794, 0.582285, 0.962716, 1.26598, 286.735
3644, 0.513103, 0.00824202, 0.000818469, 0, 0.000609861, 0.00973591, 0, 0, 0.0194062, 0.642926, 0.786998, 0.667279, 0.962728, 1.25123, 286.744
3645, 0.477385, 0.00861337, 0.000827725, 0, 0.000562146, 0.00896963, 0, 0, 0.0189729, 0.586607, 0.724694, 0.739433, 0.96274, 1.22443, 286.224
3646, 0.423016, 0.00909858, 0.000843299, 0, 0.000502631, 0.00798428, 0, 0, 0.0184288, 0.513625, 0.643207, 0.860346, 0.962752, 1.20997, 285.571
3647, 0.388702, 0.00949689, 0.000851623, 0, 0.000474382, 0.00750792, 0, 0, 0.0183308, 0.478071, 0.603537, 0.944943, 0.962764, 1.22733, 285.411
3648, 0.447057, 0.00868832, 0.000845753, 0, 0.000550591, 0.00856739, 0, 0, 0.0186521, 0.55996, 0.684883, 0.805069, 0.962777, 1.24971, 285.72
3649, 0.50449, 0.00831086, 0.000824758, 0, 0.000613251, 0.00955319, 0, 0, 0.0193021, 0.635652, 0.765483, 0.684208, 0.962788, 1.2592, 286.381
3650, 0.432107, 0.0107425, 0.000781438, 0, 0.000514453, 0.00832858, 0, 0, 0.020367, 0.545095, 0.679869, 0.839083, 0.9628, 1.26143, 287.453
3651, 0.319484, 0.01379, 0.000740298, 0, 0.000370883, 0.00640579, 0, 0, 0.021307, 0.403029, 0.538434, 1.14105, 0.962812, 1.2615, 288.351
3652, 0.306316, 0.0140666, 0.000746833, 0, 0.000351537, 0.0062035, 0, 0, 0.0213685, 0.386177, 0.525732, 1.18314, 0.962824, 1.26087, 288.362
3653, 0.353795, 0.0127358, 0.00077702, 0, 0.000407253, 0.00705066, 0, 0, 0.0209708, 0.445698, 0.591684, 1.03904, 0.962836, 1.25992, 287.916
3654, 0.398603, 0.0115388, 0.000799229, 0, 0.000460927, 0.0078341, 0, 0, 0.0206331, 0.501699, 0.651387, 0.919789, 0.962848, 1.25879, 287.525
3655, 0.460028, 0.010012, 0.000817453, 0, 0.000538533, 0.0088547, 0, 0, 0.0202227, 0.578417, 0.72601, 0.776469, 0.96286, 1.25758, 287.054
3656, 0.555891, 0.0077444, 0.000833925, 0, 0.000664775, 0.0103805, 0, 0, 0.0196236, 0.698263, 0.833932, 0.587183, 0.962872, 1.25635, 286.376
3657, 0.630605, 0.00599763, 0.000843609, 0, 0.000765419, 0.0115414, 0, 0, 0.019148, 0.79129, 0.914485, 0.461075, 0.962884, 1.25491, 285.816
3658, 0.632732, 0.00595758, 0.000843805, 0, 0.00076815, 0.0115558, 0, 0, 0.0191253, 0.79297, 0.914957, 0.457709, 0.962896, 1.25321, 285.741
3659, 0.579405, 0.00731009, 0.000834955, 0, 0.000694485, 0.0106882, 0, 0, 0.0195277, 0.725121, 0.854401, 0.545754, 0.962908, 1.25149, 286.125
3660, 0.51874, 0.00893999, 0.00082128, 0, 0.000611547, 0.00967897, 0, 0, 0.0200518, 0.648278, 0.782842, 0.656352, 0.96292, 1.24988, 286.627
3661, 0.446229, 0.0108905, 0.000800375, 0, 0.000518411, 0.00845512, 0, 0, 0.0206644, 0.557116, 0.692896, 0.806922, 0.962932, 1.24869, 287.208
3662, 0.373664, 0.0127162, 0.000784763, 0, 0.000427369, 0.00725731, 0, 0, 0.0211856, 0.46601, 0.605191, 0.984398, 0.962944, 1.2475, 287.682
3663, 0.368663, 0.0126902, 0.00079463, 0, 0.000421535, 0.00720494, 0, 0, 0.0211113, 0.459366, 0.6023, 0.997873, 0.962956, 1.24656, 287.558
3664, 0.439106, 0.0107904, 0.000821902, 0, 0.000508977, 0.00838883, 0, 0, 0.0205101, 0.546962, 0.689397, 0.823014, 0.962968, 1.24596, 286.901
3665, 0.499249, 0.00918875, 0.000845416, 0, 0.000581718, 0.00939558, 0, 0, 0.0200115, 0.621556, 0.76347, 0.69465, 0.96298, 1.24502, 286.337
3666, 0.453158, 0.0102074, 0.000840155, 0, 0.000527529, 0.00860856, 0, 0, 0.0201836, 0.563782, 0.701868, 0.791513, 0.962992, 1.24375, 286.466
3667, 0.309045, 0.0139753, 0.000785556, 0, 0.000360856, 0.00608004, 0, 0, 0.0212018, 0.384203, 0.504395, 1.17427, 0.963004, 1.24242, 287.449
3668, 0.194014, 0.0175153, 0.000715627, 0, 0.000224814, 0.0040246, 0, 0, 0.0224804, 0.240866, 0.34594, 1.63982, 0.963016, 1.24113, 288.638
3669, 0.214422, 0.0172835, 0.000716924, 0, 0.000240436, 0.00442432, 0, 0, 0.0226652, 0.26577, 0.383749, 1.53981, 0.963028, 1.23988, 288.762
3670, 0.245818, 0.0165963, 0.000725109, 0, 0.000271749, 0.0050172, 0, 0, 0.0226103, 0.304508, 0.43384, 1.40316, 0.96304, 1.23861, 288.661
3671, 0.166873, 0.0196003, 0.000624767, 0, 0.000183935, 0.00349145, 0, 0, 0.0239005, 0.206641, 0.308137, 1.79052, 0.963052, 1.23732, 289.795
3672, 0.067769, 0.0233738, 0.000496855, 0, 7.56837e-05, 0.00154623, 0, 0, 0.0254926, 0.0838668, 0.14627, 2.69165, 0.963064, 1.23602, 291.134
3673, 0.0304631, 0.0248541, 0.000444631, 0, 3.5174e-05, 0.00081788, 0, 0, 0.0261518, 0.0376295, 0.0863021, 3.49124, 0.963076, 1.23472, 291.637
3674, 0.0299688, 0.0249771, 0.000435961, 0, 3.40712e-05, 0.000818273, 0, 0, 0.0262654, 0.0369588, 0.0870276, 3.5076, 0.963088, 1.2334, 291.682
3675, 0.0326723, 0.0251469, 0.000415141, 0, 3.62057e-05, 0.000843825, 0, 0, 0.0264421, 0.0402494, 0.0868534, 3.42123, 0.9631, 1.23207, 291.778
3676, 0.0502623, 0.0246225, 0.000430904, 0, 5.41087e-05, 0.00117523, 0, 0, 0.0262828, 0.0618087, 0.113805, 2.9905, 0.963112, 1.23075, 291.597
3677, 0.0988622, 0.0224809, 0.000537781, 0, 0.000104764, 0.00219346, 0, 0, 0.0253169, 0.121469, 0.204754, 2.31403, 0.963124, 1.22944, 290.736
3678, 0.138644, 0.0207333, 0.000624225, 0, 0.000146387, 0.00302401, 0, 0, 0.0245279, 0.170237, 0.278663, 1.97585, 0.963136, 1.22813, 290.004
3679, 0.154301, 0.0200204, 0.000660029, 0, 0.000163386, 0.00335204, 0, 0, 0.0241959, 0.189289, 0.307144, 1.86885, 0.963148, 1.22682, 289.661
3680, 0.153202, 0.0198755, 0.000681673, 0, 0.000162882, 0.00335868, 0, 0, 0.0240788, 0.187765, 0.308777, 1.876, 0.96316, 1.2255, 289.508
3681, 0.137334, 0.0204324, 0.000677588, 0, 0.000145922, 0.00304894, 0, 0, 0.0243049, 0.168143, 0.283501, 1.98534, 0.963172, 1.22415, 289.659
3682, 0.129322, 0.0208234, 0.00066965, 0, 0.000137236, 0.00287258, 0, 0, 0.0245029, 0.158119, 0.268415, 2.04545, 0.963184, 1.22276, 289.783
3683, 0.161329, 0.019851, 0.000692192, 0, 0.000172729, 0.00343121, 0, 0, 0.0241471, 0.196934, 0.311701, 1.82431, 0.963196, 1.22134, 289.42
3684, 0.255019, 0.0169445, 0.000755068, 0, 0.000276775, 0.0050709, 0, 0, 0.0230473, 0.310896, 0.439694, 1.36642, 0.963208, 1.21987, 288.375
3685, 0.361694, 0.0136365, 0.000823922, 0, 0.000397305, 0.0069101, 0, 0, 0.0217679, 0.440527, 0.581693, 1.01696, 0.96322, 1.21833, 287.114
3686, 0.391229, 0.0123044, 0.000861232, 0, 0.000435952, 0.00742798, 0, 0, 0.0210295, 0.476053, 0.618458, 0.938461, 0.963232, 1.21666, 286.338
3687, 0.328528, 0.0133568, 0.000868042, 0, 0.000372041, 0.00641712, 0, 0, 0.021014, 0.399264, 0.537652, 1.11313, 0.963244, 1.21477, 286.274
3688, 0.269849, 0.0148771, 0.000857532, 0, 0.000304166, 0.00546476, 0, 0, 0.0215036, 0.327172, 0.466744, 1.30989, 0.963256, 1.21241, 286.709
3689, 0.293685, 0.0147796, 0.000852276, 0, 0.000321535, 0.00584319, 0, 0, 0.0217966, 0.354799, 0.501079, 1.22525, 0.963268, 1.20884, 286.945
3690, 0.339944, 0.0140069, 0.000852261, 0, 0.000366232, 0.00655246, 0, 0, 0.0217778, 0.408723, 0.557529, 1.07898, 0.96328, 1.20117, 286.878
3691, 0.332476, 0.014454, 0.000837994, 0, 0.000353545, 0.00634464, 0, 0, 0.0219901, 0.396184, 0.540514, 1.10119, 0.963292, 1.18259, 287.034
3692, 0.298542, 0.0156432, 0.000812399, 0, 0.000311361, 0.00567908, 0, 0, 0.0224461, 0.351266, 0.487523, 1.20884, 0.963304, 1.15633, 287.419
3693, 0.305414, 0.0155639, 0.000814688, 0, 0.000317265, 0.00575867, 0, 0, 0.0224546, 0.358273, 0.493445, 1.18609, 0.963316, 1.15155, 287.378
3694, 0.351024, 0.0141944, 0.000844668, 0, 0.000371618, 0.00656821, 0, 0, 0.0219789, 0.415706, 0.556403, 1.0469, 0.963328, 1.17346, 286.876
3695, 0.411392, 0.0125074, 0.000867916, 0, 0.000447317, 0.00757638, 0, 0, 0.021399, 0.491571, 0.630853, 0.88821, 0.96334, 1.19203, 286.263
3696, 0.495607, 0.0101329, 0.000892546, 0, 0.000552361, 0.00892328, 0, 0, 0.0205011, 0.594409, 0.727825, 0.701972, 0.963352, 1.19869, 285.315
3697, 0.555502, 0.00830504, 0.000914657, 0, 0.000628134, 0.0098925, 0, 0, 0.0197403, 0.66682, 0.79724, 0.587883, 0.963364, 1.20029, 284.477
3698, 0.582002, 0.00762081, 0.000922471, 0, 0.000660388, 0.0103016, 0, 0, 0.0195053, 0.698587, 0.826819, 0.541281, 0.963376, 1.20033, 284.179
3699, 0.583145, 0.00774397, 0.000922088, 0, 0.000658613, 0.0103059, 0, 0, 0.0196306, 0.699627, 0.828294, 0.539319, 0.963388, 1.19971, 284.264
3700, 0.561266, 0.00837672, 0.000919543, 0, 0.000629902, 0.00996775, 0, 0, 0.0198939, 0.672935, 0.804819, 0.577561, 0.9634, 1.19889, 284.492
3701, 0.577956, 0.00807066, 0.000919162, 0, 0.000650577, 0.0101821, 0, 0, 0.0198225, 0.692412, 0.819486, 0.548258, 0.963412, 1.19804, 284.368
3702, 0.634363, 0.00677526, 0.000922981, 0, 0.000720615, 0.0109805, 0, 0, 0.0193994, 0.759421, 0.875264, 0.455135, 0.963424, 1.19714, 283.872
3703, 0.647677, 0.00649926, 0.000925196, 0, 0.00073619, 0.0111588, 0, 0, 0.0193194, 0.774749, 0.887831, 0.434363, 0.963436, 1.19601, 283.737
3704, 0.595313, 0.00780663, 0.000923967, 0, 0.000668834, 0.0103867, 0, 0, 0.0197862, 0.711396, 0.834067, 0.518668, 0.963448, 1.19459, 284.184
3705, 0.536079, 0.00913931, 0.000926429, 0, 0.000594744, 0.00953081, 0, 0, 0.0201913, 0.639786, 0.773689, 0.623473, 0.96346, 1.1931, 284.557
3706, 0.50583, 0.00948362, 0.000937429, 0, 0.000562002, 0.00911434, 0, 0, 0.0200974, 0.602712, 0.741854, 0.681554, 0.963472, 1.19148, 284.412
3707, 0.49671, 0.00932507, 0.000947698, 0, 0.000556881, 0.00898787, 0, 0, 0.0198175, 0.590746, 0.72938, 0.69975, 0.963484, 1.18957, 284.071
3708, 0.463842, 0.0102781, 0.000938072, 0, 0.000519063, 0.00843458, 0, 0, 0.0201698, 0.550836, 0.686968, 0.768212, 0.963496, 1.18791, 284.389
3709, 0.362234, 0.0135302, 0.000891561, 0, 0.000399921, 0.00675899, 0, 0, 0.0215807, 0.429954, 0.561339, 1.01546, 0.963508, 1.18731, 285.757
3710, 0.270245, 0.0167505, 0.000833677, 0, 0.000291913, 0.00522938, 0, 0, 0.0231055, 0.320757, 0.447012, 1.30843, 0.96352, 1.18719, 287.153
3711, 0.287708, 0.016478, 0.000836743, 0, 0.000306967, 0.00552642, 0, 0, 0.0231481, 0.341299, 0.473107, 1.24581, 0.963532, 1.18656, 287.143
3712, 0.322042, 0.0154757, 0.000855315, 0, 0.000343023, 0.00611084, 0, 0, 0.0227849, 0.381781, 0.519814, 1.13307, 0.963544, 1.18543, 286.758
3713, 0.290771, 0.0167881, 0.000818203, 0, 0.000308317, 0.00553837, 0, 0, 0.023453, 0.344374, 0.474041, 1.23522, 0.963556, 1.18416, 287.324
3714, 0.320639, 0.016015, 0.000819108, 0, 0.000344518, 0.00595728, 0, 0, 0.0231359, 0.379187, 0.501905, 1.13744, 0.963568, 1.18294, 286.986
3715, 0.436562, 0.0120985, 0.000891761, 0, 0.000479041, 0.00784233, 0, 0, 0.0213116, 0.515788, 0.642889, 0.828824, 0.96358, 1.18178, 285.202
3716, 0.492877, 0.0104092, 0.0009226, 0, 0.000542641, 0.00872714, 0, 0, 0.0206015, 0.581914, 0.709393, 0.707495, 0.963592, 1.18061, 284.443
3717, 0.438185, 0.0126034, 0.000881129, 0, 0.000475909, 0.00778324, 0, 0, 0.0217437, 0.516902, 0.638516, 0.825114, 0.963604, 1.1794, 285.527
3718, 0.403827, 0.013908, 0.000859784, 0, 0.000433363, 0.00720409, 0, 0, 0.0224052, 0.475738, 0.595562, 0.90677, 0.963616, 1.17817, 286.111
3719, 0.47688, 0.0115738, 0.00090572, 0, 0.000513957, 0.00838674, 0, 0, 0.0213803, 0.561113, 0.686357, 0.740491, 0.963628, 1.17691, 285.075
3720, 0.551205, 0.00924521, 0.000948703, 0, 0.00059698, 0.00957298, 0, 0, 0.0203639, 0.647891, 0.776563, 0.595649, 0.96364, 1.17546, 284.008
3721, 0.571955, 0.00863016, 0.000961729, 0, 0.000619059, 0.00988963, 0, 0, 0.0201006, 0.671284, 0.800712, 0.558695, 0.963652, 1.17332, 283.688
3722, 0.561601, 0.00891074, 0.000963593, 0, 0.000605001, 0.00972533, 0, 0, 0.0202047, 0.657906, 0.789339, 0.576964, 0.963664, 1.17078, 283.747
3723, 0.562272, 0.00882721, 0.000966385, 0, 0.000607204, 0.00972682, 0, 0, 0.0201276, 0.657887, 0.78862, 0.57577, 0.963676, 1.16948, 283.62
3724, 0.585057, 0.00804282, 0.000972967, 0, 0.000639441, 0.0100565, 0, 0, 0.0197117, 0.684005, 0.809788, 0.536046, 0.963688, 1.16887, 283.138
3725, 0.59726, 0.00750095, 0.000980203, 0, 0.000658956, 0.0102339, 0, 0, 0.019374, 0.69757, 0.82002, 0.515402, 0.9637, 1.16781, 282.731
3726, 0.586755, 0.00753488, 0.000987329, 0, 0.000650467, 0.0100938, 0, 0, 0.0192665, 0.684891, 0.808185, 0.533147, 0.963712, 1.16715, 282.568
3727, 0.558405, 0.00815202, 0.000990735, 0, 0.000617474, 0.00969517, 0, 0, 0.0194554, 0.651454, 0.779315, 0.582671, 0.963724, 1.16654, 282.722
3728, 0.510369, 0.00974097, 0.000974224, 0, 0.000556822, 0.00895472, 0, 0, 0.0202267, 0.594901, 0.726706, 0.672622, 0.963736, 1.16543, 283.481
3729, 0.418298, 0.0132108, 0.000909798, 0, 0.000446665, 0.00743953, 0, 0, 0.0220068, 0.48711, 0.613877, 0.87156, 0.963748, 1.16407, 285.2
3730, 0.327836, 0.0166313, 0.000836377, 0, 0.000343964, 0.00591556, 0, 0, 0.0237272, 0.381206, 0.49656, 1.11524, 0.96376, 1.16263, 286.747
3731, 0.367202, 0.015402, 0.000860605, 0, 0.000385544, 0.0065195, 0, 0, 0.0231676, 0.426117, 0.542731, 1.00184, 0.963772, 1.16101, 286.191
3732, 0.455232, 0.012336, 0.000929686, 0, 0.000479834, 0.00794837, 0, 0, 0.0216938, 0.52754, 0.653962, 0.786949, 0.963784, 1.159, 284.754
3733, 0.410259, 0.0135694, 0.000917972, 0, 0.000430908, 0.00726843, 0, 0, 0.0221867, 0.474843, 0.603006, 0.890967, 0.963796, 1.15645, 285.179
3734, 0.28148, 0.0179484, 0.000833914, 0, 0.000290536, 0.00519906, 0, 0, 0.0242719, 0.325053, 0.444175, 1.26769, 0.963808, 1.15302, 287.039
3735, 0.219843, 0.0202659, 0.000792877, 0, 0.000220234, 0.00418076, 0, 0, 0.0254598, 0.252687, 0.367148, 1.51484, 0.96382, 1.14941, 288.016
3736, 0.235359, 0.0196571, 0.000822834, 0, 0.000233982, 0.00444235, 0, 0, 0.0251563, 0.269662, 0.389373, 1.44664, 0.963832, 1.14715, 287.71
3737, 0.272708, 0.018291, 0.000859492, 0, 0.000272622, 0.00504384, 0, 0, 0.024467, 0.31162, 0.436251, 1.29935, 0.963844, 1.14444, 287.066
3738, 0.323658, 0.0166793, 0.000886363, 0, 0.000324316, 0.0057776, 0, 0, 0.0236675, 0.366259, 0.491426, 1.12807, 0.963856, 1.13639, 286.308
3739, 0.410325, 0.01388, 0.000929563, 0, 0.000410247, 0.00696823, 0, 0, 0.022188, 0.455322, 0.580209, 0.890805, 0.963868, 1.11718, 284.892
3740, 0.444693, 0.0128522, 0.000941126, 0, 0.00043886, 0.00731584, 0, 0, 0.021548, 0.483307, 0.604362, 0.810372, 0.96388, 1.09322, 284.228
3741, 0.367744, 0.0156612, 0.000884098, 0, 0.000358219, 0.00610674, 0, 0, 0.0230103, 0.397416, 0.510814, 1.00037, 0.963892, 1.09109, 285.566
3742, 0.341945, 0.0166176, 0.00086671, 0, 0.000340206, 0.00586561, 0, 0, 0.0236901, 0.379465, 0.493033, 1.0731, 0.963904, 1.11206, 286.136
3743, 0.440369, 0.013162, 0.000937757, 0, 0.000451957, 0.00753324, 0, 0, 0.022085, 0.498508, 0.62182, 0.820143, 0.963916, 1.12958, 284.602
3744, 0.53631, 0.0098881, 0.000997138, 0, 0.000559934, 0.00905531, 0, 0, 0.0205005, 0.609746, 0.736928, 0.623042, 0.963928, 1.13621, 282.994
3745, 0.577909, 0.00854596, 0.00101573, 0, 0.000609059, 0.00967796, 0, 0, 0.0198487, 0.657245, 0.782028, 0.548339, 0.96394, 1.13724, 282.275
3746, 0.597515, 0.00797178, 0.00102088, 0, 0.00063236, 0.00992904, 0, 0, 0.0195541, 0.678076, 0.798933, 0.514975, 0.963952, 1.13491, 281.917
3747, 0.611491, 0.00762585, 0.00102281, 0, 0.000645104, 0.0100403, 0, 0, 0.019334, 0.689127, 0.805554, 0.491856, 0.963964, 1.12655, 281.636
3748, 0.591163, 0.00831557, 0.00101526, 0, 0.000611717, 0.00957201, 0, 0, 0.0195146, 0.655234, 0.769887, 0.525663, 0.963976, 1.10619, 281.78
3749, 0.498399, 0.0114285, 0.000969347, 0, 0.000497703, 0.00801286, 0, 0, 0.0209084, 0.539559, 0.652705, 0.696355, 0.963988, 1.08347, 283.167
3750, 0.369517, 0.0159878, 0.000888521, 0, 0.000359014, 0.00607548, 0, 0, 0.0233108, 0.397492, 0.50657, 0.995559, 0.964, 1.08668, 285.41
3751, 0.338675, 0.0169135, 0.000883052, 0, 0.000334546, 0.00581334, 0, 0, 0.0239444, 0.374477, 0.489484, 1.08271, 0.964012, 1.10934, 285.933
3752, 0.397547, 0.0143581, 0.000957102, 0, 0.000401572, 0.00692028, 0, 0, 0.0226371, 0.447439, 0.578077, 0.922443, 0.964024, 1.12461, 284.693
3753, 0.40837, 0.0139988, 0.00097086, 0, 0.00041287, 0.00712945, 0, 0, 0.0225119, 0.461485, 0.595623, 0.895582, 0.964036, 1.12992, 284.528
3754, 0.344778, 0.0168491, 0.000897322, 0, 0.000344955, 0.00605507, 0, 0, 0.0241464, 0.390012, 0.51135, 1.06485, 0.964048, 1.13129, 285.968
3755, 0.325017, 0.0179167, 0.000866062, 0, 0.00032367, 0.00569004, 0, 0, 0.0247965, 0.367668, 0.482055, 1.12388, 0.96406, 1.13138, 286.488
3756, 0.413722, 0.0147457, 0.000936952, 0, 0.000415743, 0.00708215, 0, 0, 0.0231806, 0.46785, 0.590348, 0.882562, 0.964072, 1.13098, 285.005
3757, 0.456891, 0.013215, 0.000974356, 0, 0.000460922, 0.00775425, 0, 0, 0.0224045, 0.516476, 0.642552, 0.78331, 0.964084, 1.13033, 284.237
3758, 0.365886, 0.0164452, 0.000920349, 0, 0.000365556, 0.00633668, 0, 0, 0.0240678, 0.413403, 0.533894, 1.00543, 0.964096, 1.12953, 285.708
3759, 0.261995, 0.0200298, 0.000865042, 0, 0.000256449, 0.00473559, 0, 0, 0.0258869, 0.295755, 0.411617, 1.33943, 0.964108, 1.12863, 287.222
3760, 0.261802, 0.0200071, 0.000872068, 0, 0.000255659, 0.00472889, 0, 0, 0.0258637, 0.295161, 0.410964, 1.34017, 0.96412, 1.12767, 287.155
3761, 0.338068, 0.0172742, 0.00092396, 0, 0.000334284, 0.00591662, 0, 0, 0.0244491, 0.380775, 0.502295, 1.08451, 0.964132, 1.12659, 285.9
3762, 0.364946, 0.0162166, 0.000946669, 0, 0.000361948, 0.00635841, 0, 0, 0.0238836, 0.410728, 0.536894, 1.00801, 0.964144, 1.1254, 285.354
3763, 0.326178, 0.0175369, 0.000923893, 0, 0.000322663, 0.00576194, 0, 0, 0.0245454, 0.366697, 0.490494, 1.12031, 0.964156, 1.12423, 285.889
3764, 0.321246, 0.0175601, 0.000927753, 0, 0.000318717, 0.00569961, 0, 0, 0.0245062, 0.360784, 0.485335, 1.13555, 0.964168, 1.12319, 285.808
3765, 0.309311, 0.0181034, 0.000912047, 0, 0.000307047, 0.00549293, 0, 0, 0.0248154, 0.347139, 0.468183, 1.17341, 0.96418, 1.12216, 286.028
3766, 0.317442, 0.0181575, 0.000901032, 0, 0.000314893, 0.0055633, 0, 0, 0.0249367, 0.355834, 0.472373, 1.14746, 0.964192, 1.12104, 286.085
3767, 0.422528, 0.0144981, 0.00097108, 0, 0.000423209, 0.00715734, 0, 0, 0.0230497, 0.47301, 0.595206, 0.861499, 0.964204, 1.11983, 284.362
3768, 0.52247, 0.0110708, 0.00103346, 0, 0.000527111, 0.00865148, 0, 0, 0.0212829, 0.584247, 0.709419, 0.649188, 0.964216, 1.11843, 282.636
3769, 0.510021, 0.0116056, 0.0010261, 0, 0.000512835, 0.00844814, 0, 0, 0.0215927, 0.569792, 0.694274, 0.673303, 0.964228, 1.11715, 282.892
3770, 0.395904, 0.0157008, 0.000954862, 0, 0.000392656, 0.0067201, 0, 0, 0.0237684, 0.442021, 0.562581, 0.926584, 0.96424, 1.11637, 284.871
3771, 0.32733, 0.0182398, 0.000905025, 0, 0.000321241, 0.00566135, 0, 0, 0.0251274, 0.365142, 0.480719, 1.11679, 0.964252, 1.11567, 286.011
3772, 0.390026, 0.0159206, 0.000953268, 0, 0.00038547, 0.00661742, 0, 0, 0.0238767, 0.434645, 0.554457, 0.941541, 0.964264, 1.11469, 284.873
3773, 0.42248, 0.0147896, 0.000977952, 0, 0.000418741, 0.00710136, 0, 0, 0.0232876, 0.470504, 0.591445, 0.861613, 0.964276, 1.11354, 284.295
3774, 0.350348, 0.0176201, 0.000920334, 0, 0.00034441, 0.00596768, 0, 0, 0.0248525, 0.389819, 0.502929, 1.04883, 0.964288, 1.11235, 285.633
3775, 0.349793, 0.0176953, 0.000922632, 0, 0.000342131, 0.00594935, 0, 0, 0.0249094, 0.388566, 0.502065, 1.05041, 0.9643, 1.11112, 285.635
3776, 0.458743, 0.0135792, 0.00100919, 0, 0.000453858, 0.00761531, 0, 0, 0.0226576, 0.508883, 0.631092, 0.779265, 0.964312, 1.10967, 283.574
3777, 0.545731, 0.010361, 0.00106724, 0, 0.000546688, 0.00891005, 0, 0, 0.020885, 0.604682, 0.728701, 0.60563, 0.964324, 1.10814, 281.818
3778, 0.577984, 0.00926929, 0.00108226, 0, 0.000581999, 0.00935933, 0, 0, 0.0202929, 0.639772, 0.761307, 0.548209, 0.964336, 1.1069, 281.173
3779, 0.565805, 0.0096818, 0.00107795, 0, 0.00056861, 0.00917254, 0, 0, 0.0205009, 0.62575, 0.747103, 0.569505, 0.964348, 1.10589, 281.337
3780, 0.497967, 0.0121421, 0.00104148, 0, 0.000496025, 0.00816391, 0, 0, 0.0218435, 0.550409, 0.671199, 0.697221, 0.96436, 1.10508, 282.615
3781, 0.400955, 0.0158611, 0.00097977, 0, 0.000392759, 0.00669619, 0, 0, 0.0239298, 0.442895, 0.560053, 0.913906, 0.964372, 1.10417, 284.496
3782, 0.375403, 0.0168393, 0.000970011, 0, 0.000363604, 0.0063161, 0, 0, 0.024489, 0.414224, 0.532375, 0.979755, 0.964384, 1.10315, 284.941
3783, 0.374894, 0.0168324, 0.000978611, 0, 0.000363091, 0.00630661, 0, 0, 0.0244807, 0.413352, 0.531724, 0.981111, 0.964396, 1.10228, 284.886
3784, 0.297036, 0.0198493, 0.000923715, 0, 0.000287744, 0.00508121, 0, 0, 0.026142, 0.327247, 0.434289, 1.2139, 0.964408, 1.10134, 286.247
3785, 0.290023, 0.0201618, 0.000915072, 0, 0.000283053, 0.00494121, 0, 0, 0.0263011, 0.319001, 0.421377, 1.2378, 0.96442, 1.10027, 286.331
3786, 0.424875, 0.0151353, 0.00100356, 0, 0.000418373, 0.00697524, 0, 0, 0.0235325, 0.46682, 0.578998, 0.85596, 0.964432, 1.09916, 283.905
3787, 0.51707, 0.0117066, 0.00106756, 0, 0.000509087, 0.00837569, 0, 0, 0.0216589, 0.567745, 0.688595, 0.659576, 0.964444, 1.09805, 282.109
3788, 0.460978, 0.0137105, 0.00103809, 0, 0.000449612, 0.00756926, 0, 0, 0.0227674, 0.505814, 0.628128, 0.774404, 0.964456, 1.09693, 283.112
3789, 0.311184, 0.0195576, 0.000916298, 0, 0.00029874, 0.00529883, 0, 0, 0.0260715, 0.341197, 0.451287, 1.16737, 0.964468, 1.0958, 285.953
3790, 0.194191, 0.0242615, 0.000817029, 0, 0.000182278, 0.00350229, 0, 0, 0.0287631, 0.212661, 0.310963, 1.63891, 0.96448, 1.09468, 288.038
3791, 0.186372, 0.0244686, 0.000831861, 0, 0.000172943, 0.00340281, 0, 0, 0.0288762, 0.203759, 0.305752, 1.68001, 0.964492, 1.09357, 288.076
3792, 0.259539, 0.021638, 0.000900952, 0, 0.00024284, 0.0045119, 0, 0, 0.0272937, 0.283418, 0.393887, 1.34885, 0.964504, 1.09245, 286.802
3793, 0.326334, 0.0191775, 0.000950778, 0, 0.000307022, 0.00550593, 0, 0, 0.0259412, 0.356088, 0.471625, 1.11983, 0.964516, 1.09132, 285.658
3794, 0.340015, 0.0188154, 0.00094994, 0, 0.000322069, 0.00567429, 0, 0, 0.0257617, 0.370601, 0.482705, 1.07877, 0.964528, 1.09012, 285.461
3795, 0.416403, 0.0159163, 0.000998372, 0, 0.000402187, 0.0067771, 0, 0, 0.024094, 0.453255, 0.565279, 0.876101, 0.96454, 1.08892, 283.984
3796, 0.530483, 0.0113744, 0.00108173, 0, 0.000521656, 0.0084576, 0, 0, 0.0214354, 0.576976, 0.69233, 0.633968, 0.964552, 1.08785, 281.471
3797, 0.573897, 0.00933342, 0.00112333, 0, 0.000570656, 0.00910526, 0, 0, 0.0201327, 0.623719, 0.739724, 0.555306, 0.964564, 1.08683, 280.12
3798, 0.581599, 0.00887062, 0.00113356, 0, 0.000581079, 0.00920423, 0, 0, 0.0197895, 0.631461, 0.745795, 0.541974, 0.964576, 1.08576, 279.718
3799, 0.603363, 0.00837475, 0.00113334, 0, 0.000602958, 0.00947325, 0, 0, 0.0195843, 0.654414, 0.765651, 0.505237, 0.964588, 1.08466, 279.457
3800, 0.618285, 0.00802805, 0.00113364, 0, 0.000618089, 0.0096652, 0, 0, 0.019445, 0.669942, 0.779984, 0.480807, 0.9646, 1.08356, 279.263
3801, 0.612758, 0.00828242, 0.00113413, 0, 0.00061003, 0.00958612, 0, 0, 0.0196127, 0.6633, 0.775015, 0.489784, 0.964612, 1.08245, 279.394
3802, 0.579862, 0.00954782, 0.00112718, 0, 0.000570119, 0.00912783, 0, 0, 0.0203729, 0.627085, 0.743122, 0.544966, 0.964624, 1.08132, 280.134
3803, 0.504263, 0.012384, 0.00109477, 0, 0.000488327, 0.00804932, 0, 0, 0.0220165, 0.544825, 0.663367, 0.684657, 0.964636, 1.08019, 281.706
3804, 0.415485, 0.0158025, 0.00104161, 0, 0.000398084, 0.00674639, 0, 0, 0.0239886, 0.448402, 0.563847, 0.878309, 0.964648, 1.07905, 283.47
3805, 0.430835, 0.015406, 0.0010421, 0, 0.000414042, 0.00692669, 0, 0, 0.0237889, 0.464286, 0.576654, 0.842029, 0.96466, 1.0779, 283.246
3806, 0.536618, 0.0115873, 0.00109618, 0, 0.000521344, 0.00840987, 0, 0, 0.0216147, 0.577674, 0.688686, 0.622468, 0.964672, 1.07673, 281.18
3807, 0.562882, 0.010574, 0.00111518, 0, 0.000548442, 0.00877749, 0, 0, 0.0210151, 0.605466, 0.716371, 0.574685, 0.964684, 1.07553, 280.547
3808, 0.447069, 0.0147945, 0.00106638, 0, 0.000431278, 0.00713672, 0, 0, 0.0234289, 0.480514, 0.592822, 0.805041, 0.964696, 1.0743, 282.783
3809, 0.290862, 0.0207332, 0.000992444, 0, 0.000272551, 0.00490484, 0, 0, 0.026903, 0.312272, 0.425099, 1.23491, 0.964708, 1.07297, 285.694
3810, 0.230515, 0.0230902, 0.000969145, 0, 0.000208163, 0.00405388, 0, 0, 0.0283214, 0.247046, 0.363143, 1.46744, 0.96472, 1.0714, 286.761
3811, 0.240572, 0.0228232, 0.000971247, 0, 0.000215196, 0.00419807, 0, 0, 0.0282078, 0.257467, 0.374845, 1.42474, 0.964732, 1.06968, 286.627
3812, 0.215386, 0.0242116, 0.000921222, 0, 0.000192909, 0.00376443, 0, 0, 0.0290901, 0.230268, 0.337098, 1.53532, 0.964744, 1.06795, 287.252
3813, 0.154589, 0.0271972, 0.000831693, 0, 0.000138801, 0.00276758, 0, 0, 0.0309352, 0.164929, 0.253024, 1.86698, 0.964756, 1.06626, 288.556
3814, 0.181658, 0.0264122, 0.000832169, 0, 0.000164922, 0.00310915, 0, 0, 0.0305185, 0.193079, 0.27714, 1.70563, 0.964768, 1.06461, 288.211
3815, 0.317267, 0.0207536, 0.000957924, 0, 0.000290462, 0.00512857, 0, 0, 0.0271305, 0.336542, 0.438134, 1.14801, 0.96478, 1.06223, 285.596
3816, 0.397904, 0.0172444, 0.00104508, 0, 0.000364644, 0.00633469, 0, 0, 0.0249888, 0.420963, 0.534948, 0.921545, 0.964792, 1.05826, 283.782
3817, 0.397886, 0.0171493, 0.00105095, 0, 0.000363517, 0.00627177, 0, 0, 0.0248355, 0.416794, 0.528739, 0.92159, 0.964804, 1.04956, 283.605
3818, 0.458324, 0.0145813, 0.00109173, 0, 0.000418198, 0.00696378, 0, 0, 0.023055, 0.470216, 0.578394, 0.780179, 0.964816, 1.03008, 281.98
3819, 0.548129, 0.0108422, 0.00115136, 0, 0.000500071, 0.00804487, 0, 0, 0.0205384, 0.552944, 0.657771, 0.601245, 0.964828, 1.00768, 279.516
3820, 0.608415, 0.00881366, 0.00117283, 0, 0.000561561, 0.00884823, 0, 0, 0.0193963, 0.616666, 0.717518, 0.496899, 0.96484, 1.00913, 278.288
3821, 0.653268, 0.00771378, 0.00117278, 0, 0.000616433, 0.00956989, 0, 0, 0.0190729, 0.675025, 0.772271, 0.425767, 0.964852, 1.03072, 277.897
3822, 0.675576, 0.007174, 0.00117278, 0, 0.000647199, 0.00996797, 0, 0, 0.0189619, 0.707174, 0.802429, 0.39219, 0.964864, 1.04623, 277.732
3823, 0.673423, 0.00716982, 0.00117638, 0, 0.000649116, 0.00999544, 0, 0, 0.0189908, 0.708336, 0.80462, 0.395382, 0.964876, 1.05182, 277.717
3824, 0.655254, 0.00753238, 0.00118135, 0, 0.000632635, 0.0097996, 0, 0, 0.019146, 0.690242, 0.790313, 0.422732, 0.964888, 1.05341, 277.838
3825, 0.631226, 0.00828696, 0.00118047, 0, 0.000606849, 0.00950176, 0, 0, 0.019576, 0.665127, 0.769179, 0.460091, 0.9649, 1.0537, 278.249
3826, 0.579556, 0.0104458, 0.00115844, 0, 0.000550049, 0.00879015, 0, 0, 0.0209445, 0.610566, 0.717767, 0.545493, 0.964912, 1.05343, 279.601
3827, 0.485324, 0.0142933, 0.00111296, 0, 0.000451692, 0.00748202, 0, 0, 0.0233399, 0.511055, 0.620966, 0.722938, 0.964924, 1.05292, 281.824
3828, 0.455339, 0.0154994, 0.0011022, 0, 0.00041987, 0.00706713, 0, 0, 0.0240886, 0.479088, 0.590511, 0.786714, 0.964936, 1.05226, 282.447
3829, 0.53601, 0.0123473, 0.00114699, 0, 0.000499735, 0.00817638, 0, 0, 0.0221704, 0.563514, 0.674081, 0.623603, 0.964948, 1.05148, 280.65
3830, 0.602859, 0.00969049, 0.00118333, 0, 0.00056718, 0.00909223, 0, 0, 0.0205332, 0.633347, 0.742341, 0.506072, 0.96496, 1.05062, 279.006
3831, 0.603585, 0.00947458, 0.00119212, 0, 0.000568301, 0.00911693, 0, 0, 0.0203519, 0.633612, 0.744143, 0.504868, 0.964972, 1.0497, 278.776
3832, 0.545026, 0.0116142, 0.00116923, 0, 0.00050944, 0.00832831, 0, 0, 0.0216212, 0.571662, 0.685168, 0.606922, 0.964984, 1.04867, 279.988
3833, 0.408307, 0.0173445, 0.00107494, 0, 0.000375665, 0.00638998, 0, 0, 0.025185, 0.427912, 0.536399, 0.895737, 0.964996, 1.04753, 283.164
3834, 0.237291, 0.0248171, 0.00093835, 0, 0.000213059, 0.00390719, 0, 0, 0.0298757, 0.248461, 0.342589, 1.43847, 0.965008, 1.0464, 286.814
3835, 0.157046, 0.0281584, 0.00089245, 0, 0.000137216, 0.00276207, 0, 0, 0.0319502, 0.164197, 0.254345, 1.85121, 0.96502, 1.04537, 288.247
3836, 0.191798, 0.0263785, 0.000951095, 0, 0.000166906, 0.00331868, 0, 0, 0.0308151, 0.200275, 0.301566, 1.65131, 0.965032, 1.04443, 287.402
3837, 0.269009, 0.0229151, 0.0010278, 0, 0.000236672, 0.00446304, 0, 0, 0.0286426, 0.280669, 0.393014, 1.31301, 0.965044, 1.0435, 285.754
3838, 0.347025, 0.0194453, 0.00109643, 0, 0.000310252, 0.00559109, 0, 0, 0.0264431, 0.361757, 0.480723, 1.05836, 0.965056, 1.04248, 283.979
3839, 0.429642, 0.0157707, 0.0011562, 0, 0.000393052, 0.00675787, 0, 0, 0.0240778, 0.447442, 0.568462, 0.844804, 0.965068, 1.04148, 281.932
3840, 0.51663, 0.0119895, 0.00120454, 0, 0.000483185, 0.00795853, 0, 0, 0.0216358, 0.537545, 0.656663, 0.660429, 0.96508, 1.04057, 279.636
3841, 0.569313, 0.00983488, 0.00122696, 0, 0.000538203, 0.00866088, 0, 0, 0.0202609, 0.591843, 0.707527, 0.563325, 0.965092, 1.03963, 278.227
3842, 0.575515, 0.00957108, 0.00123129, 0, 0.000544799, 0.00873549, 0, 0, 0.0200827, 0.597753, 0.712606, 0.55249, 0.965104, 1.03862, 277.999
3843, 0.532172, 0.0111858, 0.00121895, 0, 0.000501192, 0.00815732, 0, 0, 0.0210633, 0.552254, 0.669653, 0.630789, 0.965116, 1.03761, 278.941
3844, 0.446387, 0.0147403, 0.0011787, 0, 0.0004147, 0.00697919, 0, 0, 0.0233129, 0.46284, 0.581592, 0.806568, 0.965128, 1.03667, 281.02
3845, 0.391469, 0.016864, 0.00115916, 0, 0.000360549, 0.00623131, 0, 0, 0.024615, 0.405458, 0.525154, 0.937849, 0.96514, 1.03572, 282.126
3846, 0.418806, 0.0149397, 0.00120406, 0, 0.000391339, 0.00667154, 0, 0, 0.0232066, 0.433289, 0.557571, 0.870346, 0.965152, 1.03472, 280.832
3847, 0.4651, 0.0124377, 0.00125026, 0, 0.000440562, 0.00735284, 0, 0, 0.0214814, 0.480728, 0.607898, 0.765504, 0.965164, 1.0337, 279.168
3848, 0.495954, 0.0114271, 0.00126099, 0, 0.000469404, 0.00775128, 0, 0, 0.0209087, 0.512131, 0.638082, 0.701272, 0.965176, 1.03267, 278.56
3849, 0.504697, 0.0117821, 0.00124744, 0, 0.000472791, 0.0078098, 0, 0, 0.0213121, 0.520691, 0.643755, 0.683797, 0.965188, 1.03166, 278.912
3850, 0.463563, 0.0140566, 0.00121298, 0, 0.000428207, 0.00719583, 0, 0, 0.0228936, 0.47783, 0.59852, 0.768814, 0.9652, 1.03064, 280.364
3851, 0.427503, 0.0158003, 0.00119105, 0, 0.00039102, 0.00667441, 0, 0, 0.0240568, 0.440137, 0.559527, 0.849795, 0.965212, 1.02958, 281.365
3852, 0.469159, 0.0140262, 0.00121873, 0, 0.000431172, 0.00723848, 0, 0, 0.0229146, 0.482388, 0.602053, 0.756813, 0.965224, 1.02839, 280.293
3853, 0.513976, 0.0120572, 0.0012493, 0, 0.000474695, 0.00785266, 0, 0, 0.0216339, 0.527888, 0.648302, 0.665579, 0.965236, 1.0271, 279.043
3854, 0.480226, 0.0135394, 0.0012317, 0, 0.000441501, 0.0073803, 0, 0, 0.0225929, 0.492786, 0.612486, 0.733499, 0.965248, 1.02585, 279.905
3855, 0.372572, 0.018327, 0.00116267, 0, 0.000338273, 0.00587234, 0, 0, 0.0257003, 0.381971, 0.497141, 0.987326, 0.96526, 1.02465, 282.59
3856, 0.307233, 0.021165, 0.00112443, 0, 0.000275829, 0.00496187, 0, 0, 0.0275272, 0.314586, 0.427357, 1.18015, 0.965272, 1.02376, 284.021
3857, 0.34995, 0.0190061, 0.00117197, 0, 0.000314939, 0.00558757, 0, 0, 0.0260806, 0.357935, 0.476467, 1.04996, 0.965284, 1.02299, 282.813
3858, 0.361316, 0.0183816, 0.00119412, 0, 0.000324738, 0.00575973, 0, 0, 0.0256602, 0.369268, 0.490443, 1.018, 0.965296, 1.022, 282.42
3859, 0.299812, 0.0211959, 0.00115671, 0, 0.000266929, 0.0048868, 0, 0, 0.0275064, 0.306159, 0.423136, 1.2046, 0.965308, 1.02112, 283.868
3860, 0.285262, 0.0216533, 0.00116183, 0, 0.000253512, 0.00469296, 0, 0, 0.0277616, 0.291027, 0.408387, 1.25435, 0.96532, 1.02032, 284.022
3861, 0.301054, 0.0206162, 0.00119707, 0, 0.000267863, 0.00494327, 0, 0, 0.0270244, 0.306899, 0.4287, 1.20047, 0.965332, 1.01941, 283.396
3862, 0.293368, 0.0206434, 0.00121263, 0, 0.00026152, 0.00485629, 0, 0, 0.0269739, 0.298771, 0.42216, 1.22633, 0.965344, 1.01842, 283.31
3863, 0.323007, 0.0187962, 0.00124867, 0, 0.000293232, 0.00528055, 0, 0, 0.0256186, 0.328567, 0.452265, 1.13008, 0.965356, 1.01741, 282.158
3864, 0.379349, 0.0158778, 0.0012939, 0, 0.00035029, 0.00604958, 0, 0, 0.0235715, 0.38551, 0.507731, 0.969298, 0.965368, 1.01638, 280.344
3865, 0.405287, 0.0146539, 0.00131355, 0, 0.000375979, 0.0063749, 0, 0, 0.0227183, 0.411467, 0.530498, 0.903159, 0.96538, 1.01526, 279.523
3866, 0.391708, 0.0153758, 0.00130797, 0, 0.000361685, 0.00615328, 0, 0, 0.0231987, 0.397118, 0.513004, 0.937238, 0.965392, 1.01374, 279.917
3867, 0.348513, 0.0174557, 0.00128432, 0, 0.000318963, 0.00553316, 0, 0, 0.0245922, 0.352658, 0.465629, 1.05408, 0.965404, 1.01179, 281.106
3868, 0.31774, 0.0187043, 0.00127543, 0, 0.000290435, 0.00510488, 0, 0, 0.0253751, 0.321094, 0.432146, 1.14652, 0.965416, 1.01013, 281.728
3869, 0.329501, 0.0177412, 0.00130151, 0, 0.000303934, 0.00527583, 0, 0, 0.0246224, 0.332845, 0.443744, 1.11018, 0.965428, 1.00907, 281.041
3870, 0.342309, 0.0169779, 0.0013208, 0, 0.000316887, 0.00544526, 0, 0, 0.0240608, 0.345593, 0.455758, 1.07204, 0.96544, 1.00853, 280.507
3871, 0.315666, 0.0184361, 0.00130195, 0, 0.000290593, 0.00504819, 0, 0, 0.0250768, 0.318464, 0.425144, 1.15307, 0.965452, 1.00813, 281.34
3872, 0.259635, 0.0213858, 0.0012589, 0, 0.000236689, 0.00424053, 0, 0, 0.0271219, 0.261755, 0.363057, 1.34848, 0.965464, 1.00778, 282.974
3873, 0.229749, 0.0228616, 0.00124285, 0, 0.000208244, 0.00381723, 0, 0, 0.0281299, 0.231409, 0.330548, 1.47077, 0.965476, 1.00716, 283.717
3874, 0.234376, 0.0224891, 0.00125799, 0, 0.000212794, 0.00389233, 0, 0, 0.0278522, 0.235828, 0.336553, 1.45083, 0.965488, 1.00628, 283.457
3875, 0.259816, 0.0211258, 0.00128424, 0, 0.000237137, 0.00425079, 0, 0, 0.0268979, 0.261161, 0.363712, 1.34778, 0.9655, 1.00532, 282.66
3876, 0.278553, 0.020267, 0.00129604, 0, 0.000254746, 0.00450342, 0, 0, 0.0263212, 0.279762, 0.382345, 1.27815, 0.965512, 1.00433, 282.149
3877, 0.254133, 0.0219176, 0.00125616, 0, 0.000231173, 0.00413793, 0, 0, 0.0275429, 0.255017, 0.353632, 1.3699, 0.965524, 1.00332, 283.08
3878, 0.236606, 0.0231618, 0.00122698, 0, 0.000213772, 0.00387041, 0, 0, 0.028473, 0.237149, 0.332861, 1.44136, 0.965536, 1.00232, 283.754
3879, 0.257763, 0.0218107, 0.00126487, 0, 0.000233565, 0.00417164, 0, 0, 0.0274807, 0.258078, 0.356142, 1.35572, 0.965548, 1.00132, 282.941
3880, 0.264604, 0.0212332, 0.00128907, 0, 0.000240142, 0.00427121, 0, 0, 0.0270337, 0.264681, 0.36375, 1.32952, 0.96556, 1.00027, 282.543
3881, 0.260797, 0.0215225, 0.0012864, 0, 0.000236254, 0.00420364, 0, 0, 0.0272488, 0.260546, 0.358226, 1.34401, 0.965572, 0.999108, 282.668
3882, 0.282579, 0.0202456, 0.00131448, 0, 0.000257214, 0.00449954, 0, 0, 0.0263168, 0.28197, 0.380317, 1.2638, 0.965584, 0.997979, 281.875
3883, 0.305655, 0.0188247, 0.00134758, 0, 0.000279678, 0.00481806, 0, 0, 0.02527, 0.304757, 0.404188, 1.1853, 0.965596, 0.997098, 280.963
3884, 0.30815, 0.0187612, 0.00135173, 0, 0.000281628, 0.00484224, 0, 0, 0.0252368, 0.307009, 0.405961, 1.17717, 0.965608, 0.996265, 280.89
3885, 0.296027, 0.0196696, 0.00133523, 0, 0.000268616, 0.00466158, 0, 0, 0.025935, 0.294657, 0.392688, 1.2173, 0.96562, 0.995322, 281.427
3886, 0.290863, 0.0200273, 0.00133137, 0, 0.000262682, 0.004586, 0, 0, 0.0262074, 0.289208, 0.387445, 1.2349, 0.965632, 0.994327, 281.606
3887, 0.299413, 0.01945, 0.00134678, 0, 0.000270645, 0.00470687, 0, 0, 0.0257743, 0.297408, 0.396927, 1.20593, 0.965644, 0.993324, 281.205
3888, 0.292153, 0.019847, 0.00134523, 0, 0.000262948, 0.00461597, 0, 0, 0.0260711, 0.289932, 0.390996, 1.23048, 0.965656, 0.992319, 281.405
3889, 0.266677, 0.0211184, 0.00133293, 0, 0.000238065, 0.00429038, 0, 0, 0.0269798, 0.264386, 0.367699, 1.32172, 0.965668, 0.991309, 282.095
3890, 0.255097, 0.0213369, 0.00134103, 0, 0.000227903, 0.00416017, 0, 0, 0.027066, 0.252617, 0.358359, 1.36611, 0.96568, 0.990293, 282.119
3891, 0.271192, 0.020238, 0.00136218, 0, 0.000244331, 0.00438397, 0, 0, 0.0262285, 0.268231, 0.374803, 1.30493, 0.965692, 0.989233, 281.399
3892, 0.30448, 0.0185684, 0.00138266, 0, 0.000275987, 0.00482176, 0, 0, 0.0250489, 0.300767, 0.407403, 1.18915, 0.965704, 0.988033, 280.372
3893, 0.333208, 0.0172604, 0.00139554, 0, 0.000302368, 0.00520088, 0, 0, 0.0241592, 0.328707, 0.436323, 1.09899, 0.965716, 0.986708, 279.561
3894, 0.354543, 0.0165164, 0.00139852, 0, 0.00032045, 0.00547525, 0, 0, 0.0237106, 0.349328, 0.458114, 1.03693, 0.965728, 0.985426, 279.12
3895, 0.374312, 0.0160399, 0.00139561, 0, 0.000335752, 0.00572036, 0, 0, 0.0234916, 0.368377, 0.478323, 0.982665, 0.96574, 0.984237, 278.88
3896, 0.385438, 0.0159914, 0.00138779, 0, 0.00034313, 0.00585845, 0, 0, 0.0235807, 0.378968, 0.490812, 0.953375, 0.965752, 0.98325, 278.915
3897, 0.360203, 0.0176313, 0.00136376, 0, 0.000317091, 0.00553924, 0, 0, 0.0248514, 0.353895, 0.469506, 1.02109, 0.965764, 0.982308, 279.981
3898, 0.310986, 0.0204868, 0.00132589, 0, 0.000268214, 0.00490943, 0, 0, 0.0269903, 0.305239, 0.425179, 1.16801, 0.965776, 0.98128, 281.7
3899, 0.291519, 0.0221451, 0.00129301, 0, 0.000246427, 0.00463603, 0, 0, 0.0283205, 0.285792, 0.406554, 1.23265, 0.965788, 0.980306, 282.694
3900, 0.311437, 0.0219535, 0.00127706, 0, 0.000261659, 0.00485089, 0, 0, 0.0283431, 0.304889, 0.423282, 1.16656, 0.9658, 0.979182, 282.666
3901, 0.369023, 0.0193833, 0.00130418, 0, 0.000313095, 0.00558777, 0, 0, 0.0265883, 0.360717, 0.479045, 0.996896, 0.965812, 0.977759, 281.244
3902, 0.403029, 0.0171522, 0.00134759, 0, 0.000345941, 0.00606582, 0, 0, 0.0249115, 0.393355, 0.514796, 0.908746, 0.965824, 0.975998, 279.809
3903, 0.397393, 0.0165435, 0.0013755, 0, 0.000344654, 0.00601935, 0, 0, 0.024283, 0.386927, 0.50941, 0.92283, 0.965836, 0.973676, 279.223
3904, 0.407206, 0.0154883, 0.00139973, 0, 0.000356457, 0.00612252, 0, 0, 0.023367, 0.394964, 0.514223, 0.898435, 0.965848, 0.970092, 278.368
3905, 0.419692, 0.0147318, 0.00141548, 0, 0.000366802, 0.00620829, 0, 0, 0.0227224, 0.404082, 0.518139, 0.868235, 0.96586, 0.962662, 277.737
3906, 0.417547, 0.0148612, 0.00142169, 0, 0.000358913, 0.00604651, 0, 0, 0.0226883, 0.395538, 0.503783, 0.873359, 0.965872, 0.946081, 277.661
3907, 0.411754, 0.0152049, 0.00142451, 0, 0.000345998, 0.00582589, 0, 0, 0.0228013, 0.38235, 0.485401, 0.88733, 0.965884, 0.925154, 277.721
3908, 0.401334, 0.0156553, 0.00142715, 0, 0.000336263, 0.00567594, 0, 0, 0.0230946, 0.37215, 0.473388, 0.91296, 0.965896, 0.923647, 277.945
3909, 0.376863, 0.0165074, 0.00143059, 0, 0.000321926, 0.00547176, 0, 0, 0.0237316, 0.355313, 0.457584, 0.975872, 0.965908, 0.94223, 278.472
3910, 0.343609, 0.0177183, 0.0014316, 0, 0.000299141, 0.00513979, 0, 0, 0.0245888, 0.328666, 0.431704, 1.06825, 0.96592, 0.957148, 279.178
3911, 0.324766, 0.0187405, 0.00142446, 0, 0.00028388, 0.00493107, 0, 0, 0.02538, 0.312672, 0.416161, 1.12465, 0.965932, 0.962948, 279.806
3912, 0.329941, 0.0189164, 0.00141978, 0, 0.000286952, 0.00499814, 0, 0, 0.0256212, 0.31834, 0.422296, 1.10884, 0.965944, 0.964734, 279.963
3913, 0.345894, 0.0182312, 0.00142952, 0, 0.000300984, 0.00520316, 0, 0, 0.0251649, 0.333893, 0.43792, 1.06162, 0.965956, 0.965138, 279.536
3914, 0.353896, 0.0177469, 0.00143986, 0, 0.000308946, 0.00530931, 0, 0, 0.024805, 0.341574, 0.445523, 1.03875, 0.965968, 0.965068, 279.186
3915, 0.345235, 0.0181139, 0.00144134, 0, 0.000301325, 0.00520453, 0, 0, 0.0250611, 0.333081, 0.437607, 1.06353, 0.96598, 0.964732, 279.36
3916, 0.322126, 0.0193191, 0.0014333, 0, 0.000279311, 0.0049146, 0, 0, 0.0259463, 0.310605, 0.416496, 1.13281, 0.965992, 0.964171, 280.055
3917, 0.304368, 0.0204269, 0.00142354, 0, 0.000261188, 0.00468116, 0, 0, 0.0267928, 0.293255, 0.399879, 1.18952, 0.966004, 0.96348, 280.697
3918, 0.314096, 0.0201082, 0.00142798, 0, 0.000269016, 0.00478866, 0, 0, 0.0265939, 0.302364, 0.407967, 1.15806, 0.966016, 0.962714, 280.493
3919, 0.333129, 0.0192293, 0.00143867, 0, 0.000286175, 0.00501755, 0, 0, 0.0259717, 0.320425, 0.424721, 1.09923, 0.966028, 0.961903, 279.943
3920, 0.329264, 0.0195344, 0.00143707, 0, 0.000281785, 0.00496365, 0, 0, 0.0262169, 0.316459, 0.420938, 1.1109, 0.96604, 0.961074, 280.099
3921, 0.313646, 0.0205272, 0.00142567, 0, 0.000266375, 0.00475841, 0, 0, 0.0269777, 0.301178, 0.406061, 1.15949, 0.966052, 0.960212, 280.668
3922, 0.306203, 0.0210825, 0.00141812, 0, 0.000259186, 0.00465203, 0, 0, 0.0274118, 0.29375, 0.398201, 1.18351, 0.966064, 0.95929, 280.967
3923, 0.291877, 0.0218357, 0.00141238, 0, 0.000246312, 0.00446693, 0, 0, 0.0279613, 0.279747, 0.38446, 1.23142, 0.966076, 0.958349, 281.35
3924, 0.27506, 0.0225881, 0.00141083, 0, 0.000231225, 0.00426356, 0, 0, 0.0284938, 0.263371, 0.369534, 1.29077, 0.966088, 0.957464, 281.714
3925, 0.271572, 0.0226194, 0.00141832, 0, 0.0002283, 0.00423262, 0, 0, 0.0284986, 0.259786, 0.367333, 1.30353, 0.9661, 0.956623, 281.673
3926, 0.283611, 0.0219912, 0.00142869, 0, 0.00023913, 0.00438707, 0, 0, 0.0280461, 0.271042, 0.378881, 1.26015, 0.966112, 0.955764, 281.283
3927, 0.311781, 0.0205481, 0.00144663, 0, 0.000264607, 0.00474153, 0, 0, 0.0270009, 0.29768, 0.405213, 1.16545, 0.966124, 0.95487, 280.421
3928, 0.332989, 0.0194895, 0.00146218, 0, 0.000283256, 0.00500659, 0, 0, 0.0262415, 0.317651, 0.425046, 1.09965, 0.966136, 0.953961, 279.766
3929, 0.331633, 0.0197512, 0.00146299, 0, 0.000280013, 0.00498275, 0, 0, 0.026477, 0.316069, 0.424154, 1.10373, 0.966148, 0.953046, 279.913
3930, 0.335601, 0.0198261, 0.00146061, 0, 0.000281543, 0.00502228, 0, 0, 0.0265905, 0.319517, 0.428132, 1.09183, 0.96616, 0.95211, 279.961
3931, 0.35819, 0.0188264, 0.00146786, 0, 0.000301349, 0.00529711, 0, 0, 0.0258927, 0.340676, 0.448854, 1.02669, 0.966172, 0.951159, 279.349
3932, 0.376646, 0.0179526, 0.00147675, 0, 0.000317772, 0.0055229, 0, 0, 0.02527, 0.357873, 0.465733, 0.976449, 0.966184, 0.950161, 278.787
3933, 0.387476, 0.017555, 0.00148079, 0, 0.000326473, 0.00564838, 0, 0, 0.0250106, 0.367764, 0.475534, 0.948101, 0.966196, 0.949086, 278.524
3934, 0.394635, 0.0173866, 0.00148179, 0, 0.000331393, 0.00572604, 0, 0, 0.0249259, 0.374126, 0.482039, 0.929795, 0.966208, 0.948025, 278.408
3935, 0.397467, 0.0173743, 0.00148221, 0, 0.000332553, 0.00575449, 0, 0, 0.0249436, 0.376325, 0.484876, 0.922644, 0.96622, 0.946938, 278.379
3936, 0.400496, 0.01732, 0.0014837, 0, 0.000334366, 0.00578699, 0, 0, 0.024925, 0.378795, 0.487667, 0.915053, 0.966232, 0.945998, 278.32
3937, 0.400039, 0.0174794, 0.00148282, 0, 0.0003332, 0.00577668, 0, 0, 0.0250721, 0.378118, 0.487167, 0.916194, 0.966244, 0.945301, 278.401
3938, 0.396365, 0.0178089, 0.00148074, 0, 0.000328826, 0.00572749, 0, 0, 0.0253459, 0.374325, 0.484007, 0.925419, 0.966256, 0.944461, 278.588
3939, 0.400345, 0.0176489, 0.00148533, 0, 0.000331518, 0.00577621, 0, 0, 0.025242, 0.377745, 0.488105, 0.91543, 0.966268, 0.943617, 278.457
3940, 0.405856, 0.0172413, 0.00149428, 0, 0.000336555, 0.00585065, 0, 0, 0.0249227, 0.382666, 0.493668, 0.901758, 0.96628, 0.942882, 278.143
3941, 0.399971, 0.0171854, 0.0015026, 0, 0.000332795, 0.00579787, 0, 0, 0.0248186, 0.376808, 0.489281, 0.916363, 0.966292, 0.942063, 278.011
3942, 0.391375, 0.0173685, 0.00150735, 0, 0.000326178, 0.00570887, 0, 0, 0.0249109, 0.368352, 0.482527, 0.938089, 0.966304, 0.941167, 278.046
3943, 0.396555, 0.0173609, 0.00150742, 0, 0.000328848, 0.00576191, 0, 0, 0.0249591, 0.372851, 0.48744, 0.924941, 0.966316, 0.940255, 278.043
3944, 0.404758, 0.0174102, 0.00150457, 0, 0.000332819, 0.00584476, 0, 0, 0.0250923, 0.380205, 0.495221, 0.904467, 0.966328, 0.93934, 278.112
3945, 0.39438, 0.0182269, 0.00149772, 0, 0.000321048, 0.00571498, 0, 0, 0.0257607, 0.370109, 0.487116, 0.930441, 0.96634, 0.938398, 278.627
3946, 0.374769, 0.0193998, 0.00148875, 0, 0.000302124, 0.00547535, 0, 0, 0.0266661, 0.35132, 0.470357, 0.981447, 0.966352, 0.937332, 279.32
3947, 0.36876, 0.0198523, 0.00148481, 0, 0.000296266, 0.00539325, 0, 0, 0.0270266, 0.345258, 0.464567, 0.997608, 0.966364, 0.936156, 279.564
3948, 0.391023, 0.0187695, 0.00149392, 0, 0.000315997, 0.00565328, 0, 0, 0.0262327, 0.365726, 0.483603, 0.938988, 0.966376, 0.935246, 278.883
3949, 0.42314, 0.0170999, 0.00150978, 0, 0.00034438, 0.00603976, 0, 0, 0.0249939, 0.395472, 0.512049, 0.860052, 0.966388, 0.9346, 277.811
3950, 0.432709, 0.0165909, 0.00151771, 0, 0.000352377, 0.00615901, 0, 0, 0.02462, 0.404093, 0.521108, 0.837691, 0.9664, 0.933844, 277.448
3951, 0.417894, 0.0173292, 0.00151638, 0, 0.000338447, 0.00598791, 0, 0, 0.025172, 0.3899, 0.50898, 0.872528, 0.966412, 0.932961, 277.874
3952, 0.403669, 0.0179922, 0.00151499, 0, 0.000325639, 0.00582275, 0, 0, 0.0256555, 0.376244, 0.496933, 0.907159, 0.966424, 0.932048, 278.235
3953, 0.409828, 0.0175763, 0.00152155, 0, 0.000331746, 0.00589633, 0, 0, 0.0253259, 0.381592, 0.501938, 0.892017, 0.966436, 0.931133, 277.917
3954, 0.424755, 0.0167737, 0.00153092, 0, 0.000345349, 0.00606868, 0, 0, 0.0247187, 0.395099, 0.514287, 0.856243, 0.966448, 0.930211, 277.359
3955, 0.439813, 0.0161732, 0.00153618, 0, 0.000357631, 0.00623601, 0, 0, 0.024303, 0.408702, 0.526952, 0.821406, 0.96646, 0.929291, 276.958
3956, 0.451095, 0.0158426, 0.00153828, 0, 0.000365828, 0.0063587, 0, 0, 0.0241054, 0.41878, 0.536719, 0.796077, 0.966472, 0.928375, 276.742
3957, 0.451076, 0.0158564, 0.00154099, 0, 0.000365398, 0.00635615, 0, 0, 0.024119, 0.418361, 0.53666, 0.796119, 0.966484, 0.92746, 276.711
3958, 0.440041, 0.016154, 0.00154552, 0, 0.00035702, 0.00623268, 0, 0, 0.0242892, 0.407744, 0.526868, 0.820888, 0.966496, 0.926583, 276.816
3959, 0.433973, 0.0163818, 0.00154786, 0, 0.000351745, 0.00616064, 0, 0, 0.024442, 0.401737, 0.521372, 0.834773, 0.966508, 0.925724, 276.905
3960, 0.439689, 0.0164719, 0.00154471, 0, 0.00035383, 0.00621055, 0, 0, 0.024581, 0.406637, 0.526231, 0.821687, 0.96652, 0.924842, 276.981
3961, 0.443111, 0.0166651, 0.00154137, 0, 0.000353938, 0.00623419, 0, 0, 0.0247946, 0.409408, 0.529172, 0.813936, 0.966532, 0.923946, 277.121
3962, 0.448497, 0.016506, 0.00154386, 0, 0.000357503, 0.00628924, 0, 0, 0.0246966, 0.413977, 0.533593, 0.801854, 0.966544, 0.92305, 276.994
3963, 0.454673, 0.0162189, 0.00154823, 0, 0.000362518, 0.00635587, 0, 0, 0.0244855, 0.419276, 0.538512, 0.788176, 0.966556, 0.922154, 276.769
3964, 0.454318, 0.0162853, 0.0015502, 0, 0.00036161, 0.00634542, 0, 0, 0.0245426, 0.418547, 0.537855, 0.788957, 0.966568, 0.92126, 276.775
3965, 0.45559, 0.0162437, 0.00155341, 0, 0.00036229, 0.00635478, 0, 0, 0.0245142, 0.419306, 0.538571, 0.786161, 0.96658, 0.920366, 276.707
3966, 0.458481, 0.0160923, 0.00155755, 0, 0.000364522, 0.00638507, 0, 0, 0.0243995, 0.421561, 0.540833, 0.779836, 0.966592, 0.919473, 276.565
3967, 0.454543, 0.0163037, 0.00155919, 0, 0.000360436, 0.00633677, 0, 0, 0.0245601, 0.417541, 0.537539, 0.788463, 0.966604, 0.918579, 276.661
3968, 0.447823, 0.016649, 0.0015606, 0, 0.000353998, 0.00625559, 0, 0, 0.0248192, 0.410966, 0.531689, 0.803357, 0.966616, 0.917685, 276.839
3969, 0.443031, 0.0169045, 0.00156262, 0, 0.000349467, 0.00619499, 0, 0, 0.0250116, 0.406173, 0.52715, 0.814115, 0.966628, 0.916791, 276.959
3970, 0.435197, 0.0173641, 0.00156171, 0, 0.000342137, 0.00609684, 0, 0, 0.0253648, 0.398607, 0.519974, 0.831958, 0.96664, 0.915902, 277.213
3971, 0.427885, 0.0177955, 0.00156013, 0, 0.000335502, 0.00600305, 0, 0, 0.0256942, 0.391523, 0.513014, 0.848902, 0.966652, 0.915012, 277.444
3972, 0.431537, 0.0175734, 0.00156526, 0, 0.00033881, 0.00603964, 0, 0, 0.0255171, 0.394454, 0.515396, 0.840402, 0.966664, 0.914085, 277.254
3973, 0.437224, 0.01715, 0.00157482, 0, 0.000344085, 0.00610494, 0, 0, 0.0251739, 0.39922, 0.519784, 0.827309, 0.966676, 0.913067, 276.924
3974, 0.426508, 0.0174101, 0.00158232, 0, 0.000336247, 0.00598624, 0, 0, 0.0253149, 0.389031, 0.510171, 0.852125, 0.966688, 0.912074, 276.999
3975, 0.402299, 0.0182461, 0.0015866, 0, 0.000317778, 0.00571669, 0, 0, 0.0258672, 0.366624, 0.489035, 0.91056, 0.9667, 0.911258, 277.414
3976, 0.387399, 0.0189231, 0.00158673, 0, 0.000305238, 0.0055459, 0, 0, 0.026361, 0.352712, 0.476176, 0.948299, 0.966712, 0.910449, 277.774
3977, 0.398623, 0.0186318, 0.00158759, 0, 0.000312637, 0.00566229, 0, 0, 0.0261943, 0.362554, 0.485603, 0.91974, 0.966724, 0.909559, 277.596
3978, 0.417049, 0.0178952, 0.00159245, 0, 0.000326804, 0.00586076, 0, 0, 0.0256752, 0.378914, 0.500738, 0.874552, 0.966736, 0.908568, 277.127
3979, 0.417962, 0.0176975, 0.00159962, 0, 0.000328363, 0.00586769, 0, 0, 0.0254932, 0.379234, 0.500585, 0.872366, 0.966748, 0.907235, 276.933
3980, 0.40617, 0.0179991, 0.00160653, 0, 0.000319982, 0.00573104, 0, 0, 0.0256566, 0.367946, 0.489307, 0.900983, 0.96676, 0.905708, 277.026
3981, 0.397371, 0.0183493, 0.00161027, 0, 0.000312918, 0.00562326, 0, 0, 0.0258957, 0.359581, 0.480764, 0.922884, 0.966772, 0.90478, 277.18
3982, 0.399191, 0.0184808, 0.00161004, 0, 0.000312792, 0.00563484, 0, 0, 0.0260385, 0.36101, 0.482313, 0.918315, 0.966784, 0.904332, 277.254
3983, 0.408652, 0.0183427, 0.00160919, 0, 0.000318327, 0.00573509, 0, 0, 0.0260053, 0.369325, 0.490976, 0.894891, 0.966796, 0.903766, 277.184
3984, 0.415912, 0.0181365, 0.00161101, 0, 0.000323168, 0.00581094, 0, 0, 0.0258816, 0.375522, 0.497083, 0.877281, 0.966808, 0.902883, 277.039
3985, 0.416992, 0.0181204, 0.00161359, 0, 0.000323571, 0.00581632, 0, 0, 0.0258739, 0.376061, 0.497474, 0.874687, 0.96682, 0.90183, 276.99
3986, 0.415413, 0.0182243, 0.0016159, 0, 0.000321903, 0.00579359, 0, 0, 0.0259557, 0.374311, 0.495788, 0.878483, 0.966832, 0.901057, 277.015
3987, 0.415642, 0.0182242, 0.0016191, 0, 0.000321895, 0.00579235, 0, 0, 0.0259576, 0.374259, 0.495648, 0.877932, 0.966844, 0.900437, 276.973
3988, 0.415777, 0.0182308, 0.00162259, 0, 0.000321731, 0.00578849, 0, 0, 0.0259636, 0.37405, 0.495284, 0.877606, 0.966856, 0.899638, 276.935
3989, 0.413584, 0.0183707, 0.0016253, 0, 0.000319488, 0.00575793, 0, 0, 0.0260734, 0.37173, 0.493001, 0.882895, 0.966868, 0.898794, 276.982
3990, 0.409334, 0.0186228, 0.00162712, 0, 0.000315456, 0.00570417, 0, 0, 0.0262695, 0.367546, 0.489045, 0.893225, 0.96688, 0.897885, 277.099
3991, 0.402354, 0.0189947, 0.00162847, 0, 0.000309201, 0.00561815, 0, 0, 0.0265506, 0.360769, 0.4826, 0.910424, 0.966892, 0.896551, 277.283
3992, 0.392814, 0.0194334, 0.00163059, 0, 0.000301296, 0.0055056, 0, 0, 0.0268709, 0.351691, 0.473955, 0.93442, 0.966904, 0.895166, 277.496
3993, 0.387879, 0.0196109, 0.00163475, 0, 0.00029764, 0.0054508, 0, 0, 0.0269941, 0.347053, 0.469576, 0.947062, 0.966916, 0.894648, 277.551
3994, 0.3874, 0.0196165, 0.00163921, 0, 0.000297438, 0.00544601, 0, 0, 0.0269992, 0.346532, 0.469121, 0.948298, 0.966928, 0.894473, 277.513
3995, 0.383587, 0.0198312, 0.00164173, 0, 0.000294176, 0.00540017, 0, 0, 0.0271673, 0.342888, 0.465712, 0.958188, 0.96694, 0.893881, 277.603
3996, 0.379719, 0.0200589, 0.00164363, 0, 0.000290727, 0.00535207, 0, 0, 0.0273454, 0.339103, 0.462137, 0.968325, 0.966952, 0.893035, 277.7
3997, 0.380816, 0.020011, 0.00164751, 0, 0.00029141, 0.00536004, 0, 0, 0.0273099, 0.339739, 0.462638, 0.965438, 0.966964, 0.89214, 277.629
3998, 0.381608, 0.0199445, 0.00165217, 0, 0.000292036, 0.00536581, 0, 0, 0.0272545, 0.340112, 0.462865, 0.963361, 0.966975, 0.891257, 277.543
3999, 0.376907, 0.0201535, 0.00165535, 0, 0.00028826, 0.00531037, 0, 0, 0.0274075, 0.335604, 0.458525, 0.975756, 0.966979, 0.890397, 277.62
4000, 0.369551, 0.0205013, 0.00165791, 0, 0.000282368, 0.00522503, 0, 0, 0.0276667, 0.328738, 0.45194, 0.995468, 0.96696, 0.889545, 277.78
4001, 0.364443, 0.0207285, 0.00166129, 0, 0.000278393, 0.00516487, 0, 0, 0.027833, 0.323877, 0.447176, 1.00938, 0.966909, 0.888679, 277.866
4002, 0.358315, 0.0210402, 0.00166329, 0, 0.000273428, 0.00509235, 0, 0, 0.0280693, 0.318121, 0.441568, 1.02634, 0.966835, 0.887802, 278.005
4003, 0.348994, 0.0215636, 0.001663, 0, 0.000265643, 0.00498255, 0, 0, 0.0284748, 0.309539, 0.433317, 1.0527, 0.966754, 0.886918, 278.271
4004, 0.342481, 0.0218998, 0.00166448, 0, 0.000260417, 0.0049055, 0, 0, 0.0287302, 0.303452, 0.427392, 1.07154, 0.966672, 0.88603, 278.421
4005, 0.340999, 0.0218808, 0.00166995, 0, 0.000259807, 0.00488756, 0, 0, 0.0286981, 0.301831, 0.425594, 1.07588, 0.96659, 0.885135, 278.354
4006, 0.337087, 0.0219062, 0.00167685, 0, 0.000257767, 0.00484267, 0, 0, 0.0286835, 0.298069, 0.421422, 1.08741, 0.966508, 0.884223, 278.3
4007, 0.323644, 0.0223147, 0.00168352, 0, 0.000248878, 0.0046893, 0, 0, 0.0289364, 0.285884, 0.408521, 1.12811, 0.966426, 0.88326, 278.447
4008, 0.304952, 0.0229556, 0.00168958, 0, 0.000236078, 0.00447468, 0, 0, 0.029356, 0.269044, 0.390724, 1.1876, 0.966344, 0.882162, 278.716
4009, 0.29446, 0.0233731, 0.00169323, 0, 0.000228524, 0.00435046, 0, 0, 0.0296453, 0.259428, 0.380543, 1.22261, 0.966262, 0.880992, 278.886
4010, 0.299807, 0.0232793, 0.00169428, 0, 0.00023161, 0.00440568, 0, 0, 0.0296109, 0.263837, 0.385309, 1.20462, 0.96618, 0.880051, 278.818
4011, 0.312115, 0.0229275, 0.00169525, 0, 0.000239565, 0.00454107, 0, 0, 0.0294034, 0.274429, 0.396673, 1.16438, 0.966098, 0.879289, 278.623
4012, 0.317707, 0.0227927, 0.00169728, 0, 0.000243009, 0.00460004, 0, 0, 0.0293331, 0.279076, 0.401671, 1.14662, 0.966016, 0.878407, 278.529
4013, 0.315433, 0.0229442, 0.00169963, 0, 0.000240997, 0.00456902, 0, 0, 0.0294538, 0.276748, 0.399267, 1.15381, 0.965934, 0.87734, 278.575
4014, 0.310603, 0.0231925, 0.00170203, 0, 0.000237173, 0.00450863, 0, 0, 0.0296403, 0.272133, 0.394466, 1.16924, 0.965852, 0.876118, 278.67
4015, 0.305548, 0.0234489, 0.00170457, 0, 0.00023315, 0.00444492, 0, 0, 0.0298316, 0.267267, 0.389374, 1.18565, 0.96577, 0.874686, 278.767
4016, 0.301105, 0.0237066, 0.00170667, 0, 0.000229333, 0.00438496, 0, 0, 0.0300275, 0.262826, 0.384613, 1.2003, 0.965688, 0.872844, 278.866
4017, 0.297862, 0.0239034, 0.00170921, 0, 0.000226214, 0.00433391, 0, 0, 0.0301727, 0.259176, 0.38048, 1.21112, 0.965606, 0.87009, 278.929
4018, 0.295002, 0.0240372, 0.00171301, 0, 0.000223071, 0.00427729, 0, 0, 0.0302506, 0.255211, 0.375667, 1.22077, 0.965524, 0.864972, 278.942
4019, 0.290839, 0.0242543, 0.00171575, 0, 0.000217379, 0.00417605, 0, 0, 0.0303634, 0.248423, 0.367106, 1.23498, 0.965442, 0.85342, 278.981
4020, 0.284694, 0.0246362, 0.00171588, 0, 0.000208295, 0.00401904, 0, 0, 0.0305794, 0.238143, 0.354007, 1.25634, 0.96536, 0.834714, 279.093
4021, 0.278197, 0.0250479, 0.00171569, 0, 0.000201368, 0.00390465, 0, 0, 0.0308696, 0.230359, 0.344705, 1.27942, 0.965278, 0.826321, 279.256
4022, 0.272845, 0.0253672, 0.00171727, 0, 0.000200398, 0.00389915, 0, 0, 0.031184, 0.229117, 0.344772, 1.29885, 0.965196, 0.839159, 279.435
4023, 0.269402, 0.0255276, 0.00172137, 0, 0.000201812, 0.00392973, 0, 0, 0.0313805, 0.230257, 0.34763, 1.31155, 0.965114, 0.854673, 279.529
4024, 0.267472, 0.0255611, 0.00172711, 0, 0.000202631, 0.00394164, 0, 0, 0.0314325, 0.230509, 0.348527, 1.31874, 0.965032, 0.861826, 279.523
4025, 0.264428, 0.0256722, 0.00173216, 0, 0.000201355, 0.00391805, 0, 0, 0.0315238, 0.228497, 0.346455, 1.33019, 0.96495, 0.864129, 279.544
4026, 0.258228, 0.0260088, 0.00173451, 0, 0.000197075, 0.00384812, 0, 0, 0.0317885, 0.223301, 0.340777, 1.35391, 0.964868, 0.864747, 279.685
4027, 0.249912, 0.0265198, 0.00173377, 0, 0.000190847, 0.00374894, 0, 0, 0.0321934, 0.216105, 0.332928, 1.38665, 0.964786, 0.86472, 279.92
4028, 0.243824, 0.0268811, 0.00173455, 0, 0.00018635, 0.00367523, 0, 0, 0.0324772, 0.210759, 0.327027, 1.41131, 0.964704, 0.864383, 280.07
4029, 0.241552, 0.0269572, 0.00173914, 0, 0.000185008, 0.00364676, 0, 0, 0.0325282, 0.208672, 0.324452, 1.42067, 0.964622, 0.863875, 280.062
4030, 0.239266, 0.0270429, 0.00174367, 0, 0.000183615, 0.00361728, 0, 0, 0.0325874, 0.20655, 0.321781, 1.43018, 0.96454, 0.863255, 280.06
4031, 0.234919, 0.0272804, 0.00174645, 0, 0.000180525, 0.00356275, 0, 0, 0.0327701, 0.202636, 0.317223, 1.44851, 0.964458, 0.862562, 280.141
4032, 0.229464, 0.0275935, 0.00174841, 0, 0.000176549, 0.00349502, 0, 0, 0.0330135, 0.197763, 0.311652, 1.47201, 0.964376, 0.861834, 280.261
4033, 0.224144, 0.0279135, 0.00174993, 0, 0.000172603, 0.00342856, 0, 0, 0.0332646, 0.193012, 0.306217, 1.49547, 0.964294, 0.861086, 280.386
4034, 0.217024, 0.0283275, 0.00175083, 0, 0.000167393, 0.00334057, 0, 0, 0.0335863, 0.186719, 0.298998, 1.52775, 0.964212, 0.86032, 280.556
4035, 0.205463, 0.0289265, 0.00175163, 0, 0.000159266, 0.00320052, 0, 0, 0.0340379, 0.176613, 0.28736, 1.58249, 0.96413, 0.859531, 280.809
4036, 0.196922, 0.0293456, 0.00175422, 0, 0.000153388, 0.00309649, 0, 0, 0.0343497, 0.169103, 0.278588, 1.62495, 0.964048, 0.858715, 280.969
4037, 0.199421, 0.0292719, 0.0017583, 0, 0.000154938, 0.00312181, 0, 0, 0.0343069, 0.171071, 0.280646, 1.61234, 0.963966, 0.857873, 280.899
4038, 0.205142, 0.0290807, 0.00176218, 0, 0.000158502, 0.00318412, 0, 0, 0.0341855, 0.175804, 0.285872, 1.58405, 0.963884, 0.857005, 280.778
4039, 0.20612, 0.0291087, 0.00176528, 0, 0.000158834, 0.00319071, 0, 0, 0.0342235, 0.176464, 0.286452, 1.5793, 0.963802, 0.856118, 280.761
4040, 0.202922, 0.0293232, 0.00176764, 0, 0.000156421, 0.00314883, 0, 0, 0.0343961, 0.173545, 0.28297, 1.59494, 0.96372, 0.855206, 280.83
4041, 0.19602, 0.0297009, 0.00176934, 0, 0.000151594, 0.00306325, 0, 0, 0.0346851, 0.16746, 0.275785, 1.62954, 0.963638, 0.854257, 280.973
4042, 0.187793, 0.0301438, 0.00177054, 0, 0.000145896, 0.00296127, 0, 0, 0.0350216, 0.160243, 0.267203, 1.67241, 0.963556, 0.853255, 281.145
4043, 0.183368, 0.0304193, 0.00177196, 0, 0.00014274, 0.00290559, 0, 0, 0.0352396, 0.156266, 0.262594, 1.69626, 0.963474, 0.852183, 281.241
4044, 0.182279, 0.0305383, 0.00177391, 0, 0.000141799, 0.00289146, 0, 0, 0.0353455, 0.155123, 0.261563, 1.70221, 0.963392, 0.851017, 281.266
4045, 0.182629, 0.0306359, 0.00177497, 0, 0.000141616, 0.00289278, 0, 0, 0.0354453, 0.15518, 0.261903, 1.7003, 0.96331, 0.849705, 281.286
4046, 0.182896, 0.0307951, 0.00177446, 0, 0.000141154, 0.00289015, 0, 0, 0.0356008, 0.155125, 0.261969, 1.69884, 0.963228, 0.848151, 281.342
4047, 0.181968, 0.030946, 0.00177569, 0, 0.000140033, 0.0028729, 0, 0, 0.0357346, 0.153978, 0.260666, 1.70393, 0.963146, 0.846173, 281.383
4048, 0.181099, 0.0310235, 0.00177907, 0, 0.000139024, 0.0028557, 0, 0, 0.0357973, 0.152737, 0.259262, 1.70871, 0.963064, 0.843357, 281.38
4049, 0.179194, 0.0312146, 0.00178021, 0, 0.000136793, 0.00281887, 0, 0, 0.0359505, 0.150273, 0.256306, 1.71929, 0.962982, 0.838502, 281.434
4050, 0.177167, 0.0314165, 0.00178119, 0, 0.000133629, 0.00276251, 0, 0, 0.0360939, 0.146763, 0.251554, 1.73066, 0.9629, 0.828138, 281.48
4051, 0.176764, 0.0314601, 0.00178506, 0, 0.000130437, 0.0026972, 0, 0, 0.0360728, 0.14309, 0.245615, 1.73294, 0.962818, 0.808556, 281.425
4052, 0.176665, 0.031497, 0.00178874, 0, 0.000127807, 0.00264293, 0, 0, 0.0360565, 0.140068, 0.240666, 1.7335, 0.962736, 0.791227, 281.373
4053, 0.175865, 0.0316084, 0.00179124, 0, 0.000128154, 0.00265427, 0, 0, 0.0361821, 0.140336, 0.24187, 1.73804, 0.962654, 0.797124, 281.409
4054, 0.174487, 0.0317588, 0.00179352, 0, 0.000130265, 0.00270424, 0, 0, 0.0363868, 0.142531, 0.246676, 1.74591, 0.962572, 0.816818, 281.493
4055, 0.173424, 0.0318993, 0.00179561, 0, 0.000131569, 0.00273702, 0, 0, 0.0365635, 0.143923, 0.2499, 1.75201, 0.96249, 0.829922, 281.559
4056, 0.17339, 0.0319888, 0.00179766, 0, 0.000132312, 0.00275586, 0, 0, 0.0366747, 0.14481, 0.251761, 1.75221, 0.962408, 0.835164, 281.585
4057, 0.174065, 0.0320734, 0.00179869, 0, 0.000132886, 0.00277126, 0, 0, 0.0367763, 0.145713, 0.253324, 1.74832, 0.962326, 0.837113, 281.605
4058, 0.174911, 0.0321848, 0.00179852, 0, 0.00013324, 0.00278336, 0, 0, 0.0369, 0.146547, 0.254669, 1.74348, 0.962244, 0.83784, 281.638
4059, 0.175988, 0.0322644, 0.00179931, 0, 0.000133715, 0.00279612, 0, 0, 0.0369936, 0.147475, 0.255993, 1.73734, 0.962162, 0.837984, 281.653
4060, 0.177881, 0.032253, 0.00180236, 0, 0.000134851, 0.00281798, 0, 0, 0.0370082, 0.149034, 0.257935, 1.72664, 0.96208, 0.837834, 281.62
4061, 0.18018, 0.032184, 0.001807, 0, 0.000136355, 0.00284411, 0, 0, 0.0369715, 0.150901, 0.260127, 1.7138, 0.961998, 0.837505, 281.556
4062, 0.180116, 0.0322296, 0.00181092, 0, 0.00013629, 0.00284182, 0, 0, 0.0370186, 0.150763, 0.259896, 1.71415, 0.961916, 0.837024, 281.543
4063, 0.176547, 0.0324552, 0.00181336, 0, 0.000133885, 0.0027978, 0, 0, 0.0372002, 0.147677, 0.25614, 1.73417, 0.961834, 0.83646, 281.611
4064, 0.170534, 0.0328096, 0.00181508, 0, 0.000129866, 0.00272379, 0, 0, 0.0374783, 0.142549, 0.249808, 1.76882, 0.961752, 0.83587, 281.736
4065, 0.163185, 0.0332405, 0.00181647, 0, 0.000124966, 0.00263258, 0, 0, 0.0378145, 0.136306, 0.241972, 1.81287, 0.96167, 0.835251, 281.895
4066, 0.158221, 0.0335678, 0.00181787, 0, 0.000121562, 0.00256954, 0, 0, 0.0380768, 0.132051, 0.236591, 1.84376, 0.961588, 0.83458, 282.008
4067, 0.156256, 0.0337662, 0.00181917, 0, 0.000120026, 0.00254168, 0, 0, 0.038247, 0.130295, 0.234283, 1.85626, 0.961506, 0.833847, 282.067
4068, 0.153236, 0.0340259, 0.00182009, 0, 0.000117778, 0.0025002, 0, 0, 0.038464, 0.127655, 0.230777, 1.87578, 0.961424, 0.833041, 282.152
4069, 0.148854, 0.0343458, 0.0018211, 0, 0.000114682, 0.00244223, 0, 0, 0.0387238, 0.12388, 0.225794, 1.90479, 0.961342, 0.832204, 282.262
4070, 0.145227, 0.0346271, 0.00182239, 0, 0.000112092, 0.00239287, 0, 0, 0.0389545, 0.120728, 0.221539, 1.92946, 0.96126, 0.831296, 282.354
4071, 0.142153, 0.0348797, 0.001824, 0, 0.000109871, 0.00234975, 0, 0, 0.0391633, 0.118034, 0.217804, 1.95085, 0.961178, 0.830313, 282.433
4072, 0.13866, 0.0351599, 0.00182546, 0, 0.000107396, 0.00230197, 0, 0, 0.0393948, 0.115026, 0.213658, 1.97573, 0.961096, 0.829531, 282.525
4073, 0.135271, 0.035451, 0.00182655, 0, 0.000104984, 0.00225581, 0, 0, 0.0396383, 0.112128, 0.20968, 2.00048, 0.961014, 0.828893, 282.623
4074, 0.131756, 0.0357604, 0.00182724, 0, 0.000102463, 0.00220803, 0, 0, 0.0398982, 0.109125, 0.205581, 2.0268, 0.960932, 0.828199, 282.729
4075, 0.127649, 0.0361204, 0.00182704, 0, 9.95192e-05, 0.00215262, 0, 0, 0.0401996, 0.10564, 0.200827, 2.05847, 0.96085, 0.827545, 282.858
4076, 0.122734, 0.0365465, 0.00182561, 0, 9.60308e-05, 0.00208686, 0, 0, 0.040555, 0.101494, 0.195192, 2.09773, 0.960768, 0.82692, 283.016
4077, 0.117529, 0.0369856, 0.00182404, 0, 9.23867e-05, 0.0020181, 0, 0, 0.0409202, 0.0971162, 0.189299, 2.14107, 0.960686, 0.826302, 283.178
4078, 0.113999, 0.037321, 0.00182369, 0, 8.98613e-05, 0.00197058, 0, 0, 0.0412051, 0.0941233, 0.185239, 2.17157, 0.960604, 0.82564, 283.294
4079, 0.111809, 0.0375627, 0.00182474, 0, 8.82399e-05, 0.00193902, 0, 0, 0.0414147, 0.0922339, 0.182494, 2.19096, 0.960522, 0.824908, 283.368
4080, 0.109613, 0.0377955, 0.00182597, 0, 8.6619e-05, 0.00190706, 0, 0, 0.0416151, 0.0903393, 0.179683, 2.2108, 0.96044, 0.824152, 283.436
4081, 0.108637, 0.0379686, 0.00182721, 0, 8.57875e-05, 0.00189179, 0, 0, 0.0417733, 0.0894511, 0.178408, 2.21975, 0.960358, 0.823398, 283.481
4082, 0.108434, 0.0380791, 0.00182955, 0, 8.55294e-05, 0.00188756, 0, 0, 0.0418818, 0.0892036, 0.178088, 2.22161, 0.960276, 0.822645, 283.498
4083, 0.10721, 0.0382375, 0.00183182, 0, 8.4627e-05, 0.00187035, 0, 0, 0.0420243, 0.0881154, 0.176598, 2.23297, 0.960194, 0.821884, 283.534
4084, 0.105364, 0.0384418, 0.00183323, 0, 8.32791e-05, 0.00184474, 0, 0, 0.0422031, 0.0865172, 0.174394, 2.25033, 0.960112, 0.82111, 283.59
4085, 0.103552, 0.0386656, 0.00183388, 0, 8.19058e-05, 0.00181909, 0, 0, 0.0424004, 0.0849434, 0.172215, 2.26768, 0.96003, 0.820291, 283.655
4086, 0.102196, 0.0388997, 0.00183334, 0, 8.0778e-05, 0.00179788, 0, 0, 0.0426117, 0.0837404, 0.170436, 2.28086, 0.959948, 0.819424, 283.727
4087, 0.100789, 0.039146, 0.00183253, 0, 7.96241e-05, 0.00177578, 0, 0, 0.042834, 0.0825078, 0.168566, 2.29472, 0.959866, 0.818638, 283.805
4088, 0.0991439, 0.0393359, 0.00183431, 0, 7.84552e-05, 0.00175331, 0, 0, 0.043002, 0.0810954, 0.16662, 2.31118, 0.959784, 0.817959, 283.853
4089, 0.0974377, 0.0394945, 0.00183735, 0, 7.73065e-05, 0.00173155, 0, 0, 0.0431407, 0.0796331, 0.164726, 2.32854, 0.959702, 0.817265, 283.885
4090, 0.096422, 0.0396364, 0.00183958, 0, 7.65642e-05, 0.00171756, 0, 0, 0.0432701, 0.0787315, 0.163538, 2.33902, 0.95962, 0.816525, 283.912
4091, 0.0955545, 0.0397978, 0.00184082, 0, 7.58785e-05, 0.00170439, 0, 0, 0.0434189, 0.0779509, 0.162434, 2.34806, 0.959538, 0.815766, 283.949
4092, 0.0945235, 0.0399736, 0.00184183, 0, 7.50722e-05, 0.00168882, 0, 0, 0.0435793, 0.0770376, 0.161114, 2.35891, 0.959456, 0.814999, 283.993
4093, 0.0932776, 0.0401636, 0.00184266, 0, 7.41162e-05, 0.00167072, 0, 0, 0.0437511, 0.0759506, 0.159581, 2.37217, 0.959374, 0.814228, 284.042
4094, 0.0916006, 0.0403863, 0.00184299, 0, 7.28698e-05, 0.00164697, 0, 0, 0.0439491, 0.0745147, 0.157551, 2.39032, 0.959292, 0.813453, 284.104
4095, 0.0890301, 0.0406813, 0.0018423, 0, 7.10201e-05, 0.00161071, 0, 0, 0.0442053, 0.0723558, 0.15439, 2.41878, 0.95921, 0.812681, 284.196
4096, 0.0872848, 0.0409246, 0.00184201, 0, 6.97102e-05, 0.00158529, 0, 0, 0.0444216, 0.0708693, 0.152196, 2.43858, 0.959128, 0.811919, 284.267
4097, 0.0875904, 0.0410279, 0.00184301, 0, 6.97574e-05, 0.00158801, 0, 0, 0.0445286, 0.0710509, 0.152554, 2.43508, 0.959046, 0.811172, 284.281
4098, 0.0880638, 0.0410918, 0.00184535, 0, 6.99676e-05, 0.00159372, 0, 0, 0.0446008, 0.0713682, 0.153151, 2.42969, 0.958964, 0.810418, 284.277
4099, 0.088405, 0.0411184, 0.00184949, 0, 7.01623e-05, 0.00159756, 0, 0, 0.0446356, 0.0715776, 0.153496, 2.42583, 0.958882, 0.809655, 284.254
4100, 0.0878607, 0.0412398, 0.00185179, 0, 6.9715e-05, 0.00158896, 0, 0, 0.0447503, 0.0710713, 0.15276, 2.432, 0.9588, 0.808899, 284.272
4101, 0.0865461, 0.0414996, 0.00185009, 0, 6.86151e-05, 0.00156892, 0, 0, 0.0449872, 0.069944, 0.151134, 2.44708, 0.958718, 0.808152, 284.352
4102, 0.0840532, 0.041931, 0.00184391, 0, 6.66044e-05, 0.00153214, 0, 0, 0.0453736, 0.0678668, 0.14815, 2.47631, 0.958636, 0.807401, 284.508
4103, 0.0828911, 0.0421636, 0.00184293, 0, 6.56441e-05, 0.00151415, 0, 0, 0.0455863, 0.0668633, 0.146672, 2.49023, 0.958554, 0.806646, 284.575
4104, 0.0843608, 0.0420073, 0.00185234, 0, 6.67417e-05, 0.0015335, 0, 0, 0.0454599, 0.067984, 0.148196, 2.47265, 0.958472, 0.805889, 284.469
4105, 0.0852985, 0.041901, 0.00186075, 0, 6.74772e-05, 0.00154593, 0, 0, 0.0453752, 0.0686744, 0.149123, 2.4616, 0.95839, 0.805109, 284.385
4106, 0.0850567, 0.0419668, 0.00186411, 0, 6.73016e-05, 0.0015419, 0, 0, 0.0454401, 0.0684085, 0.148745, 2.46444, 0.958308, 0.804261, 284.377
4107, 0.0840001, 0.0421388, 0.00186506, 0, 6.65169e-05, 0.00152642, 0, 0, 0.0455968, 0.0674841, 0.147407, 2.47694, 0.958226, 0.803371, 284.415
4108, 0.083189, 0.0422951, 0.00186636, 0, 6.58782e-05, 0.00151363, 0, 0, 0.045741, 0.0667609, 0.146301, 2.48664, 0.958144, 0.802521, 284.447
4109, 0.0824717, 0.0424416, 0.0018679, 0, 6.5301e-05, 0.00150177, 0, 0, 0.0458766, 0.0661167, 0.145263, 2.4953, 0.958062, 0.801685, 284.474
4110, 0.081323, 0.0426239, 0.00186902, 0, 6.44534e-05, 0.0014845, 0, 0, 0.0460418, 0.065139, 0.14374, 2.50933, 0.95798, 0.80098, 284.516
4111, 0.0800342, 0.042811, 0.00187027, 0, 6.35293e-05, 0.00146534, 0, 0, 0.0462101, 0.0640584, 0.142027, 2.5253, 0.957898, 0.800359, 284.56
4112, 0.0780759, 0.0430594, 0.00187054, 0, 6.21448e-05, 0.00143663, 0, 0, 0.0464287, 0.0624353, 0.139446, 2.55007, 0.957816, 0.799629, 284.628
4113, 0.0763928, 0.0433146, 0.00186989, 0, 6.09087e-05, 0.00141161, 0, 0, 0.046657, 0.0610352, 0.137257, 2.57187, 0.957734, 0.798935, 284.7
4114, 0.0751752, 0.0436112, 0.00186624, 0, 5.98722e-05, 0.00139225, 0, 0, 0.0469295, 0.0600149, 0.135709, 2.58793, 0.957652, 0.798311, 284.794
4115, 0.0731654, 0.0440007, 0.00186044, 0, 5.82626e-05, 0.00136125, 0, 0, 0.0472806, 0.0583606, 0.133125, 2.61503, 0.95757, 0.797626, 284.926
4116, 0.0715977, 0.0441924, 0.00186238, 0, 5.71795e-05, 0.00133774, 0, 0, 0.0474497, 0.057056, 0.130952, 2.63669, 0.957488, 0.796888, 284.968
4117, 0.0715751, 0.044158, 0.0018706, 0, 5.7268e-05, 0.00133691, 0, 0, 0.0474228, 0.0569833, 0.130691, 2.63701, 0.957406, 0.796139, 284.914
4118, 0.0721432, 0.0441451, 0.00187633, 0, 5.76507e-05, 0.00134421, 0, 0, 0.0474233, 0.0573818, 0.131295, 2.6291, 0.957324, 0.795392, 284.873
4119, 0.0721189, 0.0442349, 0.00187889, 0, 5.75685e-05, 0.00134288, 0, 0, 0.0475142, 0.0573091, 0.131202, 2.62944, 0.957242, 0.794642, 284.877
4120, 0.0712794, 0.0444046, 0.00188003, 0, 5.69324e-05, 0.00132974, 0, 0, 0.0476713, 0.0565885, 0.130045, 2.64115, 0.95716, 0.793884, 284.913
4121, 0.0698733, 0.044629, 0.00188032, 0, 5.5916e-05, 0.00130859, 0, 0, 0.0478738, 0.0554199, 0.128151, 2.66107, 0.957078, 0.793132, 284.97
4122, 0.0685574, 0.0448448, 0.00188079, 0, 5.49576e-05, 0.00128856, 0, 0, 0.0480691, 0.0543259, 0.126352, 2.68008, 0.956996, 0.792402, 285.024
4123, 0.0673677, 0.0450503, 0.00188152, 0, 5.40785e-05, 0.00127017, 0, 0, 0.0482561, 0.0533344, 0.1247, 2.69759, 0.956914, 0.791674, 285.073
4124, 0.0658137, 0.0452976, 0.00188143, 0, 5.29503e-05, 0.00124672, 0, 0, 0.0484787, 0.0520558, 0.122592, 2.72093, 0.956832, 0.790938, 285.14
4125, 0.0642806, 0.0455595, 0.0018803, 0, 5.18147e-05, 0.00122319, 0, 0, 0.0487148, 0.0507957, 0.120498, 2.7445, 0.95675, 0.790198, 285.212
4126, 0.0620893, 0.0459444, 0.00187519, 0, 5.01651e-05, 0.00118945, 0, 0, 0.0490592, 0.0490192, 0.117538, 2.77918, 0.956668, 0.789458, 285.336
4127, 0.0595429, 0.0464083, 0.00186759, 0, 4.823e-05, 0.00115029, 0, 0, 0.0494744, 0.0469639, 0.114129, 2.82106, 0.956585, 0.788715, 285.492
4128, 0.0590406, 0.0465594, 0.00186862, 0, 4.78128e-05, 0.00114143, 0, 0, 0.0496173, 0.0465212, 0.113354, 2.82953, 0.956504, 0.787959, 285.518
4129, 0.0593978, 0.046517, 0.00187634, 0, 4.81119e-05, 0.00114616, 0, 0, 0.0495877, 0.0467576, 0.113666, 2.8235, 0.956422, 0.787193, 285.464
4130, 0.0588226, 0.0466045, 0.00188088, 0, 4.77372e-05, 0.00113727, 0, 0, 0.0496704, 0.0462615, 0.112767, 2.83323, 0.95634, 0.786449, 285.462
4131, 0.0582435, 0.0467356, 0.00188318, 0, 4.73051e-05, 0.00112745, 0, 0, 0.0497936, 0.045764, 0.111849, 2.84312, 0.956258, 0.785727, 285.479
4132, 0.0571506, 0.0469395, 0.00188385, 0, 4.65087e-05, 0.00111009, 0, 0, 0.0499799, 0.0448643, 0.110253, 2.86206, 0.956176, 0.784993, 285.526
4133, 0.0554079, 0.0472211, 0.00188302, 0, 4.52651e-05, 0.00108335, 0, 0, 0.0502327, 0.0434546, 0.107796, 2.89303, 0.956094, 0.78424, 285.603
4134, 0.0539958, 0.047471, 0.00188237, 0, 4.42434e-05, 0.00106082, 0, 0, 0.0504584, 0.0423059, 0.105734, 2.91885, 0.956012, 0.783479, 285.667
4135, 0.0521263, 0.0477943, 0.00187991, 0, 4.28918e-05, 0.00103133, 0, 0, 0.0507484, 0.0408023, 0.103041, 2.95409, 0.95593, 0.782722, 285.761
4136, 0.0500237, 0.0481489, 0.00187688, 0, 4.13754e-05, 0.000998435, 0, 0, 0.0510655, 0.0391165, 0.100024, 2.99526, 0.955848, 0.781931, 285.866
4137, 0.0487594, 0.0483842, 0.00187659, 0, 4.04548e-05, 0.000977817, 0, 0, 0.051279, 0.0380886, 0.0981081, 3.02086, 0.955766, 0.781135, 285.924
4138, 0.0472258, 0.0486614, 0.00187531, 0, 3.93466e-05, 0.000953352, 0, 0, 0.0515294, 0.0368573, 0.0958335, 3.05281, 0.955684, 0.780417, 285.998
4139, 0.0454064, 0.0489839, 0.00187292, 0, 3.80378e-05, 0.000924667, 0, 0, 0.0518195, 0.0354065, 0.0931768, 3.0921, 0.955602, 0.779741, 286.089
4140, 0.0443205, 0.0492007, 0.00187299, 0, 3.72524e-05, 0.000906638, 0, 0, 0.0520176, 0.0345283, 0.0914886, 3.11631, 0.95552, 0.779038, 286.138
4141, 0.0430594, 0.0494472, 0.00187239, 0, 3.63377e-05, 0.000885927, 0, 0, 0.0522418, 0.0335155, 0.0895434, 3.14517, 0.955438, 0.778321, 286.199
4142, 0.0415538, 0.0497382, 0.00187054, 0, 3.5241e-05, 0.000861592, 0, 0, 0.0525055, 0.0323135, 0.0872739, 3.18077, 0.955356, 0.7776, 286.277
4143, 0.0407237, 0.0499406, 0.00187042, 0, 3.46187e-05, 0.000847228, 0, 0, 0.0526929, 0.0316385, 0.0859328, 3.20095, 0.955274, 0.776888, 286.321
4144, 0.0397991, 0.050164, 0.0018698, 0, 3.39251e-05, 0.000831447, 0, 0, 0.0528992, 0.0308928, 0.084455, 3.22391, 0.955192, 0.776193, 286.372
4145, 0.0384969, 0.0504437, 0.00186796, 0, 3.29604e-05, 0.000810038, 0, 0, 0.0531547, 0.0298549, 0.082453, 3.25718, 0.95511, 0.775489, 286.445
4146, 0.0376153, 0.0506628, 0.00186735, 0, 3.22927e-05, 0.000794677, 0, 0, 0.0533571, 0.029144, 0.0810121, 3.28034, 0.955028, 0.774775, 286.495
4147, 0.036574, 0.0509136, 0.00186574, 0, 3.1505e-05, 0.000776601, 0, 0, 0.0535875, 0.0283112, 0.079313, 3.30842, 0.954946, 0.774049, 286.556
4148, 0.0350874, 0.0512281, 0.00186285, 0, 3.04044e-05, 0.000751848, 0, 0, 0.0538732, 0.0271348, 0.0769778, 3.34991, 0.954864, 0.773319, 286.641
4149, 0.0340987, 0.0514599, 0.00186218, 0, 2.96709e-05, 0.000734723, 0, 0, 0.0540865, 0.0263448, 0.0753435, 3.3785, 0.954782, 0.772585, 286.695
4150, 0.0330387, 0.0517159, 0.00186059, 0, 2.88786e-05, 0.000715963, 0, 0, 0.0543213, 0.0255016, 0.0735487, 3.41008, 0.9547, 0.77183, 286.757
4151, 0.0310239, 0.0521377, 0.00185452, 0, 2.73848e-05, 0.000681733, 0, 0, 0.0547013, 0.0239232, 0.0702895, 3.473, 0.954618, 0.771062, 286.882
4152, 0.0288927, 0.0525993, 0.00184669, 0, 2.57908e-05, 0.000644973, 0, 0, 0.0551167, 0.0222581, 0.0667903, 3.54417, 0.954536, 0.77032, 287.021
4153, 0.0269705, 0.0530902, 0.00183607, 0, 2.43051e-05, 0.000610518, 0, 0, 0.0555611, 0.0207585, 0.0635355, 3.61301, 0.954454, 0.769615, 287.171
4154, 0.0249509, 0.0536323, 0.00182332, 0, 2.27255e-05, 0.0005743, 0, 0, 0.0560527, 0.019186, 0.0601241, 3.69085, 0.954372, 0.76889, 287.341
4155, 0.023626, 0.0539713, 0.00181894, 0, 2.17147e-05, 0.000550489, 0, 0, 0.0563624, 0.0181478, 0.057825, 3.74541, 0.95429, 0.768098, 287.432
4156, 0.0228274, 0.0541812, 0.00181929, 0, 2.11169e-05, 0.000535489, 0, 0, 0.0565571, 0.0175158, 0.0563239, 3.77979, 0.954208, 0.767279, 287.474
4157, 0.0216298, 0.0544961, 0.00181586, 0, 2.01997e-05, 0.000513388, 0, 0, 0.0568455, 0.01658, 0.0541466, 3.83368, 0.954126, 0.766474, 287.555
4158, 0.0203258, 0.0548222, 0.00181247, 0, 1.92066e-05, 0.000489524, 0, 0, 0.0571434, 0.0155631, 0.0517817, 3.89587, 0.954044, 0.765627, 287.639
4159, 0.0194177, 0.0550795, 0.00181075, 0, 1.85084e-05, 0.000472245, 0, 0, 0.057381, 0.0148524, 0.0500559, 3.94157, 0.953962, 0.764849, 287.698
4160, 0.0185934, 0.0553539, 0.00180757, 0, 1.78538e-05, 0.0004562, 0, 0, 0.0576356, 0.0142088, 0.0484715, 3.98495, 0.95388, 0.764138, 287.763
4161, 0.01757, 0.0556856, 0.00180235, 0, 1.70344e-05, 0.000436621, 0, 0, 0.0579416, 0.0134125, 0.0465486, 4.04156, 0.953798, 0.763311, 287.85
4162, 0.0165972, 0.0560109, 0.00179722, 0, 1.62494e-05, 0.000417696, 0, 0, 0.058242, 0.0126552, 0.0446828, 4.09852, 0.953716, 0.762431, 287.933
4163, 0.0157095, 0.0563295, 0.00179193, 0, 1.55239e-05, 0.000400015, 0, 0, 0.058537, 0.0119646, 0.0429353, 4.15349, 0.953634, 0.761548, 288.014
4164, 0.0147158, 0.0566937, 0.00178464, 0, 1.47025e-05, 0.000380293, 0, 0, 0.0588733, 0.0111934, 0.0409924, 4.21883, 0.953552, 0.760554, 288.111
4165, 0.0137055, 0.0570779, 0.00177624, 0, 1.38555e-05, 0.000359976, 0, 0, 0.0592279, 0.0104086, 0.0389888, 4.28996, 0.95347, 0.759342, 288.216
4166, 0.0127888, 0.0574443, 0.00176831, 0, 1.30722e-05, 0.000340841, 0, 0, 0.0595665, 0.00969237, 0.0370839, 4.35918, 0.953388, 0.757717, 288.312
4167, 0.0117988, 0.0578376, 0.00175941, 0, 1.2215e-05, 0.000319727, 0, 0, 0.059929, 0.00891545, 0.0349588, 4.43976, 0.953306, 0.755296, 288.418
4168, 0.0106629, 0.0582931, 0.00174779, 0, 1.12028e-05, 0.000294764, 0, 0, 0.0603468, 0.00801373, 0.0324293, 4.54099, 0.953224, 0.750777, 288.545
4169, 0.00954779, 0.05877, 0.00173462, 0, 1.01295e-05, 0.000267939, 0, 0, 0.0607827, 0.00708769, 0.0296804, 4.65145, 0.953142, 0.740594, 288.679
4170, 0.00849974, 0.0592606, 0.00172002, 0, 9.03915e-06, 0.000240407, 0, 0, 0.06123, 0.00617884, 0.0268295, 4.76772, 0.95306, 0.725021, 288.816
4171, 0.00746143, 0.059788, 0.00170291, 0, 8.05907e-06, 0.000215867, 0, 0, 0.0617148, 0.00536227, 0.0243078, 4.89801, 0.952978, 0.719338, 288.966
4172, 0.00648535, 0.0603237, 0.00168471, 0, 7.31067e-06, 0.000197396, 0, 0, 0.0622132, 0.00472327, 0.0224476, 5.03821, 0.952896, 0.7308, 289.121
4173, 0.00562003, 0.0608444, 0.00166651, 0, 6.64763e-06, 0.000180955, 0, 0, 0.0626985, 0.00416909, 0.0207834, 5.18142, 0.952814, 0.743405, 289.269
4174, 0.00479947, 0.0613995, 0.00164532, 0, 5.91732e-06, 0.000162779, 0, 0, 0.0632135, 0.00359205, 0.018918, 5.33925, 0.952732, 0.74902, 289.427
4175, 0.00398111, 0.0620344, 0.00161802, 0, 5.11547e-06, 0.000142985, 0, 0, 0.0638005, 0.00298809, 0.0168838, 5.5262, 0.95265, 0.750771, 289.612
4176, 0.00317239, 0.0627862, 0.00158092, 0, 4.27023e-06, 0.000122209, 0, 0, 0.0644936, 0.00238303, 0.0147487, 5.75327, 0.952568, 0.751217, 289.835
4177, 0.00236971, 0.0637207, 0.00152763, 0, 3.37343e-06, 9.99528e-05, 0, 0, 0.0653516, 0.00178022, 0.0124405, 6.04499, 0.952486, 0.751171, 290.117
4178, 0.00162248, 0.0648243, 0.00145662, 0, 2.47938e-06, 7.72901e-05, 0, 0, 0.0663607, 0.00121857, 0.0100393, 6.4238, 0.952404, 0.750891, 290.452
4179, 0.00101817, 0.0660461, 0.00136675, 0, 1.69538e-06, 5.6509e-05, 0, 0, 0.067471, 0.000764377, 0.00774216, 6.88975, 0.952322, 0.750474, 290.819
4180, 0.000577007, 0.0674066, 0.00125052, 0, 1.06235e-06, 3.83744e-05, 0, 0, 0.0686966, 0.000432952, 0.00560613, 7.45766, 0.95224, 0.749972, 291.221
4181, 0.000285233, 0.0688659, 0.00110796, 0, 5.94003e-07, 2.36426e-05, 0, 0, 0.0699981, 0.000213901, 0.0037344, 8.16221, 0.952158, 0.749437, 291.644
4182, 0.000118414, 0.0703399, 0.000946317, 0, 2.87454e-07, 1.28698e-05, 0, 0, 0.0712994, 8.87515e-05, 0.00223181, 9.04133, 0.952076, 0.748878, 292.06
4183, 3.87804e-05, 0.0717088, 0.0007822, 0, 1.14662e-07, 5.95302e-06, 0, 0, 0.072497, 2.90513e-05, 0.00115668, 10.1576, 0.951994, 0.748285, 292.434
4184, 9.54464e-06, 0.0728679, 0.000633023, 0, 3.72038e-08, 2.32368e-06, 0, 0, 0.0735032, 7.1464e-06, 0.000515664, 11.5595, 0.951912, 0.747666, 292.736
4185, 1.80028e-06, 0.0738508, 0.000498882, 0, 1.00974e-08, 7.65249e-07, 0, 0, 0.0743505, 1.34715e-06, 0.000194317, 13.2276, 0.95183, 0.747033, 292.982
4186, 2.60709e-07, 0.0746754, 0.000383243, 0, 2.2158e-09, 1.99433e-07, 0, 0, 0.0750588, 1.94982e-07, 5.76238e-05, 15.1599, 0.951748, 0.746389, 293.179
4187, 2.67299e-08, 0.0753189, 0.000293991, 0, 3.6224e-10, 3.76921e-08, 0, 0, 0.0756129, 1.99819e-08, 1.24738e-05, 17.4375, 0.951666, 0.745733, 293.323
4188, 1.7328e-09, 0.0758258, 0.000225891, 0, 4.41071e-11, 5.02754e-09, 0, 0, 0.0760517, 1.29489e-09, 1.94319e-06, 20.1735, 0.951584, 0.745065, 293.428
4189, 6.54733e-11, 0.0762415, 0.000172762, 0, 4.61678e-12, 4.87615e-10, 0, 0, 0.0764143, 4.89113e-11, 2.20827e-07, 23.4494, 0.951502, 0.744396, 293.507
4190, 1.45624e-12, 0.0765845, 0.000132198, 0, 4.55815e-13, 3.37513e-11, 0, 0, 0.0767167, 1.08746e-12, 1.75067e-08, 27.2552, 0.95142, 0.74373, 293.566
4191, 2.05514e-14, 0.0768695, 0.000102033, 0, 3.98435e-14, 1.54071e-12, 0, 0, 0.0769715, 1.534e-14, 9.00714e-10, 31.5158, 0.951338, 0.743061, 293.609
4192, 1.90277e-16, 0.0771127, 7.94818e-05, 0, 2.85502e-15, 4.4363e-14, 0, 0, 0.0771922, 1.41965e-16, 2.91523e-11, 36.1981, 0.951256, 0.742404, 293.641
4193, 1.07877e-18, 0.0773312, 6.15145e-05, 0, 1.59168e-16, 7.858e-16, 0, 0, 0.0773927, 8.04597e-19, 5.74747e-13, 41.3707, 0.951174, 0.741752, 293.666
4194, 3.36711e-21, 0.0775298, 4.72947e-05, 0, 6.72815e-18, 8.27544e-18, 0, 0, 0.077577, 2.5107e-21, 6.72098e-15, 47.1402, 0.951092, 0.74109, 293.686
4195, 5.58672e-24, 0.0777091, 3.67105e-05, 0, 2.16895e-19, 5.21155e-20, 0, 0, 0.0777458, 4.16459e-24, 4.71326e-17, 53.5416, 0.95101, 0.740416, 293.7
4196, 5.11434e-27, 0.0778735, 2.8973e-05, 0, 5.19682e-21, 1.94004e-22, 0, 0, 0.0779025, 3.81121e-27, 1.92088e-19, 60.5378, 0.950928, 0.739738, 293.711
4197, 2.58294e-30, 0.078026, 2.35444e-05, 0, 8.15045e-23, 4.02872e-25, 0, 0, 0.0780495, 1.92427e-30, 4.32023e-22, 68.1286, 0.950846, 0.739065, 293.718
4198, 6.72225e-34, 0.0781708, 1.95935e-05, 0, 7.04888e-25, 4.68791e-28, 0, 0, 0.0781904, 5.00703e-34, 5.52228e-25, 76.3825, 0.950764, 0.738396, 293.724
4199, 8.71969e-38, 0.0783132, 1.61309e-05, 0, 3.21922e-27, 3.22304e-31, 0, 0, 0.0783293, 6.49351e-38, 4.17699e-28, 85.3326, 0.950682, 0.737705, 293.728
4200, 5.92469e-42, 0.0784522, 1.33368e-05, 0, 8.57458e-30, 1.27519e-34, 0, 0, 0.0784656, 4.40989e-42, 1.7821e-31, 94.9294, 0.9506, 0.736948, 293.732
4201, 0, 0.0785876, 1.12742e-05, 0, 1.40814e-32, 2.78257e-38, 0, 0, 0.0785988, 0, 4.19823e-35, 99.99, 0.950518, 0.736153, 293.735
4202, 0, 0.0787216, 9.47891e-06, 0, 1.34484e-35, 3.52707e-42, 0, 0, 0.0787311, 0, 5.83339e-39, 99.99, 0.950436, 0.735408, 293.737
4203, 0, 0.0788544, 7.94986e-06, 0, 7.58563e-39, 0, 0, 0, 0.0788623, 0, 4.72238e-43, 99.99, 0.950354, 0.734709, 293.739
4204, 0, 0.0789853, 6.79647e-06, 0, 2.65826e-42, 0, 0, 0, 0.0789921, 0, 0, 99.99, 0.950272, 0.734088, 293.741
4205, 0, 0.0791151, 5.89477e-06, 0, 0, 0, 0, 0, 0.079121, 0, 0, 99.99, 0.95019, 0.733506, 293.742
4206, 0, 0.0792442, 5.12588e-06, 0, 0, 0, 0, 0, 0.0792494, 0, 0, 99.99, 0.950108, 0.732848, 293.743
4207, 0, 0.079373, 4.45273e-06, 0, 0, 0, 0, 0, 0.0793775, 0, 0, 99.99, 0.950026, 0.732212, 293.744
4208, 0, 0.0795013, 3.89571e-06, 0, 0, 0, 0, 0, 0.0795052, 0, 0, 99.99, 0.949944, 0.731641, 293.745
4209, 0, 0.0796289, 3.50083e-06, 0, 0, 0, 0, 0, 0.0796324, 0, 0, 99.99, 0.949862, 0.731026, 293.745
4210, 0, 0.0797561, 3.21035e-06, 0, 0, 0, 0, 0, 0.0797593, 0, 0, 99.99, 0.94978, 0.730367, 293.746
4211, 0, 0.0798836, 2.87029e-06, 0, 0, 0, 0, 0, 0.0798865, 0, 0, 99.99, 0.949698, 0.7297, 293.746
4212, 0, 0.080011, 2.57871e-06, 0, 0, 0, 0, 0, 0.0800136, 0, 0, 99.99, 0.949616, 0.729031, 293.747
4213, 0, 0.0801383, 2.32441e-06, 0, 0, 0, 0, 0, 0.0801407, 0, 0, 99.99, 0.949534, 0.728358, 293.747
4214, 0, 0.0802654, 2.13307e-06, 0, 0, 0, 0, 0, 0.0802676, 0, 0, 99.99, 0.949452, 0.727692, 293.747
4215, 0, 0.0803926, 1.94487e-06, 0, 0, 0, 0, 0, 0.0803946, 0, 0, 99.99, 0.94937, 0.727031, 293.747
4216, 0, 0.0805197, 1.80441e-06, 0, 0, 0, 0, 0, 0.0805215, 0, 0, 99.99, 0.949288, 0.726359, 293.748
4217, 0, 0.0806469, 1.6608e-06, 0, 0, 0, 0, 0, 0.0806486, 0, 0, 99.99, 0.949206, 0.725677, 293.748
4218, 0, 0.080774, 1.56525e-06, 0, 0, 0, 0, 0, 0.0807756, 0, 0, 99.99, 0.949124, 0.724995, 293.748
4219, 0, 0.0809012, 1.45626e-06, 0, 0, 0, 0, 0, 0.0809027, 0, 0, 99.99, 0.949042, 0.724311, 293.748
4220, 0, 0.0810284, 1.3874e-06, 0, 0, 0, 0, 0, 0.0810298, 0, 0, 99.99, 0.94896, 0.723639, 293.748
4221, 0, 0.0811559, 1.27972e-06, 0, 0, 0, 0, 0, 0.0811572, 0, 0, 99.99, 0.948878, 0.72297, 293.748
4222, 0, 0.0812832, 1.21463e-06, 0, 0, 0, 0, 0, 0.0812845, 0, 0, 99.99, 0.948796, 0.722277, 293.748
4223, 0, 0.0814108, 1.1386e-06, 0, 0, 0, 0, 0, 0.081412, 0, 0, 99.99, 0.948714, 0.721614, 293.749
4224, 0, 0.0815382, 1.1087e-06, 0, 0, 0, 0, 0, 0.0815393, 0, 0, 99.99, 0.948632, 0.720991, 293.749
4225, 0, 0.0816659, 1.05929e-06, 0, 0, 0, 0, 0, 0.0816669, 0, 0, 99.99, 0.94855, 0.720347, 293.749
4226, 0, 0.0817936, 1.03037e-06, 0, 0, 0, 0, 0, 0.0817946, 0, 0, 99.99, 0.948468, 0.719701, 293.749
4227, 0, 0.0819214, 9.85517e-07, 0, 0, 0, 0, 0, 0.0819224, 0, 0, 99.99, 0.948386, 0.719072, 293.749
4228, 0, 0.0820495, 9.19933e-07, 0, 0, 0, 0, 0, 0.0820504, 0, 0, 99.99, 0.948304, 0.718426, 293.749
4229, 0, 0.0821774, 9.03923e-07, 0, 0, 0, 0, 0, 0.0821783, 0, 0, 99.99, 0.948222, 0.717778, 293.749
4230, 0, 0.0823054, 8.92295e-07, 0, 0, 0, 0, 0, 0.0823063, 0, 0, 99.99, 0.94814, 0.717142, 293.749
4231, 0, 0.0824333, 9.28355e-07, 0, 0, 0, 0, 0, 0.0824343, 0, 0, 99.99, 0.948058, 0.716499, 293.749
4232, 0, 0.0825618, 8.71372e-07, 0, 0, 0, 0, 0, 0.0825627, 0, 0, 99.99, 0.947976, 0.715849, 293.749
4233, 0, 0.0826902, 8.48986e-07, 0, 0, 0, 0, 0, 0.0826911, 0, 0, 99.99, 0.947894, 0.715195, 293.749
4234, 0, 0.0828187, 8.34735e-07, 0, 0, 0, 0, 0, 0.0828196, 0, 0, 99.99, 0.947812, 0.714542, 293.749
4235, 0, 0.0829474, 8.1639e-07, 0, 0, 0, 0, 0, 0.0829482, 0, 0, 99.99, 0.94773, 0.713893, 293.749
4236, 0, 0.083076, 8.27816e-07, 0, 0, 0, 0, 0, 0.0830768, 0, 0, 99.99, 0.947648, 0.713245, 293.749
4237, 0, 0.0832049, 7.98372e-07, 0, 0, 0, 0, 0, 0.0832057, 0, 0, 99.99, 0.947566, 0.712597, 293.749
4238, 0, 0.0833335, 8.53128e-07, 0, 0, 0, 0, 0, 0.0833343, 0, 0, 99.99, 0.947484, 0.711948, 293.749
4239, 0, 0.0834626, 8.42598e-07, 0, 0, 0, 0, 0, 0.0834634, 0, 0, 99.99, 0.947402, 0.7113, 293.749
4240, 0, 0.0835917, 8.30729e-07, 0, 0, 0, 0, 0, 0.0835925, 0, 0, 99.99, 0.94732, 0.710652, 293.749
4241, 0, 0.0837208, 8.63417e-07, 0, 0, 0, 0, 0, 0.0837216, 0, 0, 99.99, 0.947238, 0.710005, 293.749
4242, 0, 0.0838502, 8.4379e-07, 0, 0, 0, 0, 0, 0.0838511, 0, 0, 99.99, 0.947156, 0.709356, 293.749
4243, 0, 0.0839793, 9.27182e-07, 0, 0, 0, 0, 0, 0.0839802, 0, 0, 99.99, 0.947074, 0.708706, 293.749
4244, 0, 0.0841088, 9.46078e-07, 0, 0, 0, 0, 0, 0.0841097, 0, 0, 99.99, 0.946992, 0.708058, 293.749
4245, 0, 0.0842384, 9.61261e-07, 0, 0, 0, 0, 0, 0.0842393, 0, 0, 99.99, 0.94691, 0.707415, 293.749
4246, 0, 0.0843676, 1.07002e-06, 0, 0, 0, 0, 0, 0.0843687, 0, 0, 99.99, 0.946828, 0.706764, 293.749
4247, 0, 0.0844976, 1.0607e-06, 0, 0, 0, 0, 0, 0.0844987, 0, 0, 99.99, 0.946746, 0.706079, 293.749
4248, 0, 0.0846272, 1.15604e-06, 0, 0, 0, 0, 0, 0.0846283, 0, 0, 99.99, 0.946664, 0.705383, 293.749
4249, 0, 0.0847569, 1.23926e-06, 0, 0, 0, 0, 0, 0.0847582, 0, 0, 99.99, 0.946582, 0.70471, 293.748
4250, 0, 0.0848871, 1.2585e-06, 0, 0, 0, 0, 0, 0.0848884, 0, 0, 99.99, 0.9465, 0.704008, 293.748
4251, 0, 0.0850164, 1.46736e-06, 0, 0, 0, 0, 0, 0.0850179, 0, 0, 99.99, 0.946418, 0.703362, 293.748
4252, 0, 0.0851463, 1.57905e-06, 0, 0, 0, 0, 0, 0.0851479, 0, 0, 99.99, 0.946336, 0.702804, 293.748
4253, 0, 0.085276, 1.7647e-06, 0, 0, 0, 0, 0, 0.0852777, 0, 0, 99.99, 0.946254, 0.702179, 293.748
4254, 0, 0.0854046, 2.17532e-06, 0, 0, 0, 0, 0, 0.0854067, 0, 0, 99.99, 0.946172, 0.701535, 293.747
4255, 0, 0.0855346, 2.33345e-06, 0, 0, 0, 0, 0, 0.0855369, 0, 0, 99.99, 0.94609, 0.700956, 293.747
4256, 0, 0.0856638, 2.68278e-06, 0, 0, 0, 0, 0, 0.0856664, 0, 0, 99.99, 0.946008, 0.700367, 293.747
4257, 0, 0.0857922, 3.19875e-06, 0, 0, 0, 0, 0, 0.0857954, 0, 0, 99.99, 0.945926, 0.699741, 293.746
4258, 0, 0.0859238, 3.10944e-06, 0, 0, 0, 0, 0, 0.0859269, 0, 0, 99.99, 0.945844, 0.699106, 293.746
4259, 0, 0.0860583, 2.49303e-06, 0, 0, 0, 0, 0, 0.0860608, 0, 0, 99.99, 0.945762, 0.698466, 293.747
4260, 0, 0.0861919, 2.08598e-06, 0, 0, 0, 0, 0, 0.086194, 0, 0, 99.99, 0.94568, 0.697821, 293.747
4261, 0, 0.0863238, 2.00693e-06, 0, 0, 0, 0, 0, 0.0863258, 0, 0, 99.99, 0.945598, 0.697192, 293.747
4262, 0, 0.0864571, 1.69601e-06, 0, 0, 0, 0, 0, 0.0864588, 0, 0, 99.99, 0.945516, 0.696577, 293.748
4263, 0, 0.0865899, 1.48228e-06, 0, 0, 0, 0, 0, 0.0865914, 0, 0, 99.99, 0.945434, 0.695957, 293.748
4264, 0, 0.0867216, 1.52664e-06, 0, 0, 0, 0, 0, 0.0867231, 0, 0, 99.99, 0.945352, 0.69533, 293.748
4265, 0, 0.0868546, 1.33797e-06, 0, 0, 0, 0, 0, 0.0868559, 0, 0, 99.99, 0.94527, 0.6947, 293.748
4266, 0, 0.0869869, 1.29069e-06, 0, 0, 0, 0, 0, 0.0869882, 0, 0, 99.99, 0.945188, 0.69406, 293.748
4267, 0, 0.0871187, 1.38437e-06, 0, 0, 0, 0, 0, 0.0871201, 0, 0, 99.99, 0.945106, 0.693378, 293.748
4268, 0, 0.0872519, 1.21797e-06, 0, 0, 0, 0, 0, 0.0872531, 0, 0, 99.99, 0.945024, 0.692635, 293.749
4269, 0, 0.0873844, 1.20957e-06, 0, 0, 0, 0, 0, 0.0873856, 0, 0, 99.99, 0.944942, 0.691929, 293.749
4270, 0, 0.0875162, 1.34801e-06, 0, 0, 0, 0, 0, 0.0875176, 0, 0, 99.99, 0.94486, 0.69133, 293.748
4271, 0, 0.0876496, 1.22268e-06, 0, 0, 0, 0, 0, 0.0876508, 0, 0, 99.99, 0.944778, 0.690748, 293.749
4272, 0, 0.0877824, 1.22517e-06, 0, 0, 0, 0, 0, 0.0877836, 0, 0, 99.99, 0.944696, 0.690118, 293.749
4273, 0, 0.0879143, 1.42597e-06, 0, 0, 0, 0, 0, 0.0879157, 0, 0, 99.99, 0.944614, 0.689492, 293.748
4274, 0, 0.0880479, 1.30399e-06, 0, 0, 0, 0, 0, 0.0880492, 0, 0, 99.99, 0.944532, 0.688887, 293.748
4275, 0, 0.0881812, 1.26977e-06, 0, 0, 0, 0, 0, 0.0881825, 0, 0, 99.99, 0.94445, 0.688343, 293.748
4276, 0, 0.0883133, 1.51018e-06, 0, 0, 0, 0, 0, 0.0883148, 0, 0, 99.99, 0.944368, 0.687794, 293.748
4277, 0, 0.0884472, 1.39712e-06, 0, 0, 0, 0, 0, 0.0884486, 0, 0, 99.99, 0.944286, 0.687196, 293.748
4278, 0, 0.0885814, 1.27261e-06, 0, 0, 0, 0, 0, 0.0885826, 0, 0, 99.99, 0.944204, 0.686579, 293.748
4279, 0, 0.0887141, 1.45224e-06, 0, 0, 0, 0, 0, 0.0887155, 0, 0, 99.99, 0.944122, 0.68596, 293.748
4280, 0, 0.0888483, 1.35579e-06, 0, 0, 0, 0, 0, 0.0888496, 0, 0, 99.99, 0.94404, 0.685341, 293.748
4281, 0, 0.0889827, 1.25636e-06, 0, 0, 0, 0, 0, 0.0889839, 0, 0, 99.99, 0.943958, 0.684723, 293.748
4282, 0, 0.0891149, 1.58589e-06, 0, 0, 0, 0, 0, 0.0891165, 0, 0, 99.99, 0.943876, 0.684105, 293.748
4283, 0, 0.0892486, 1.65494e-06, 0, 0, 0, 0, 0, 0.0892503, 0, 0, 99.99, 0.943794, 0.683488, 293.748
4284, 0, 0.0893842, 1.37177e-06, 0, 0, 0, 0, 0, 0.0893856, 0, 0, 99.99, 0.943712, 0.682871, 293.748
4285, 0, 0.0895178, 1.50724e-06, 0, 0, 0, 0, 0, 0.0895193, 0, 0, 99.99, 0.94363, 0.682252, 293.748
4286, 0, 0.0896512, 1.7106e-06, 0, 0, 0, 0, 0, 0.0896529, 0, 0, 99.99, 0.943548, 0.681634, 293.748
4287, 0, 0.0897871, 1.44792e-06, 0, 0, 0, 0, 0, 0.0897885, 0, 0, 99.99, 0.943466, 0.681016, 293.748
4288, 0, 0.0899217, 1.46172e-06, 0, 0, 0, 0, 0, 0.0899231, 0, 0, 99.99, 0.943384, 0.680398, 293.748
4289, 0, 0.0900547, 1.78539e-06, 0, 0, 0, 0, 0, 0.0900565, 0, 0, 99.99, 0.943302, 0.679777, 293.748
4290, 0, 0.0901906, 1.59815e-06, 0, 0, 0, 0, 0, 0.0901922, 0, 0, 99.99, 0.94322, 0.679153, 293.748
4291, 0, 0.0903263, 1.46132e-06, 0, 0, 0, 0, 0, 0.0903277, 0, 0, 99.99, 0.943138, 0.678502, 293.748
4292, 0, 0.0904594, 1.83163e-06, 0, 0, 0, 0, 0, 0.0904613, 0, 0, 99.99, 0.943056, 0.677462, 293.748
4293, 0, 0.0905948, 1.80817e-06, 0, 0, 0, 0, 0, 0.0905966, 0, 0, 99.99, 0.942974, 0.673272, 293.748
4294, 0, 0.0907316, 1.51149e-06, 0, 0, 0, 0, 0, 0.0907331, 0, 0, 99.99, 0.942892, 0.659344, 293.748
4295, 0, 0.0908658, 1.76388e-06, 0, 0, 0, 0, 0, 0.0908675, 0, 0, 99.99, 0.94281, 0.639449, 293.748
4296, 0, 0.0909999, 2.0326e-06, 0, 0, 0, 0, 0, 0.091002, 0, 0, 99.99, 0.942728, 0.632112, 293.748
4297, 0, 0.0911368, 1.79117e-06, 0, 0, 0, 0, 0, 0.0911387, 0, 0, 99.99, 0.942646, 0.637631, 293.748
4298, 0, 0.0912727, 1.77793e-06, 0, 0, 0, 0, 0, 0.0912745, 0, 0, 99.99, 0.942564, 0.64357, 293.748
4299, 0, 0.0914061, 2.25703e-06, 0, 0, 0, 0, 0, 0.0914084, 0, 0, 99.99, 0.942482, 0.646755, 293.747
4300, 0, 0.0915419, 2.29789e-06, 0, 0, 0, 0, 0, 0.0915442, 0, 0, 99.99, 0.9424, 0.648495, 293.747
4301, 0, 0.0916801, 1.89926e-06, 0, 0, 0, 0, 0, 0.091682, 0, 0, 99.99, 0.942318, 0.649611, 293.748
4302, 0, 0.0918152, 2.12656e-06, 0, 0, 0, 0, 0, 0.0918173, 0, 0, 99.99, 0.942236, 0.650405, 293.747
4303, 0, 0.0919494, 2.54374e-06, 0, 0, 0, 0, 0, 0.0919519, 0, 0, 99.99, 0.942154, 0.650893, 293.747
4304, 0, 0.0920876, 2.19782e-06, 0, 0, 0, 0, 0, 0.0920898, 0, 0, 99.99, 0.942072, 0.65111, 293.747
4305, 0, 0.0922247, 2.10887e-06, 0, 0, 0, 0, 0, 0.0922268, 0, 0, 99.99, 0.94199, 0.651242, 293.748
4306, 0, 0.0923577, 2.80846e-06, 0, 0, 0, 0, 0, 0.0923605, 0, 0, 99.99, 0.941908, 0.65118, 293.747
4307, 0, 0.0924946, 2.80429e-06, 0, 0, 0, 0, 0, 0.0924974, 0, 0, 99.99, 0.941826, 0.651049, 293.747
4308, 0, 0.0926343, 2.2665e-06, 0, 0, 0, 0, 0, 0.0926365, 0, 0, 99.99, 0.941744, 0.651006, 293.747
4309, 0, 0.0927688, 2.76135e-06, 0, 0, 0, 0, 0, 0.0927715, 0, 0, 99.99, 0.941662, 0.650868, 293.747
4310, 0, 0.0929026, 3.40023e-06, 0, 0, 0, 0, 0, 0.092906, 0, 0, 99.99, 0.94158, 0.65056, 293.746
4311, 0, 0.0930423, 2.93201e-06, 0, 0, 0, 0, 0, 0.0930452, 0, 0, 99.99, 0.941498, 0.650225, 293.747
4312, 0, 0.0931804, 2.80478e-06, 0, 0, 0, 0, 0, 0.0931832, 0, 0, 99.99, 0.941416, 0.649891, 293.747
4313, 0, 0.093313, 3.73018e-06, 0, 0, 0, 0, 0, 0.0933168, 0, 0, 99.99, 0.941334, 0.649632, 293.746
4314, 0, 0.0934492, 4.00752e-06, 0, 0, 0, 0, 0, 0.0934533, 0, 0, 99.99, 0.941252, 0.649215, 293.745
4315, 0, 0.0935897, 3.47176e-06, 0, 0, 0, 0, 0, 0.0935932, 0, 0, 99.99, 0.94117, 0.64884, 293.746
4316, 0, 0.093726, 3.77009e-06, 0, 0, 0, 0, 0, 0.0937298, 0, 0, 99.99, 0.941088, 0.648379, 293.746
4317, 0, 0.093859, 4.72783e-06, 0, 0, 0, 0, 0, 0.0938638, 0, 0, 99.99, 0.941006, 0.647997, 293.745
4318, 0, 0.0939967, 4.79504e-06, 0, 0, 0, 0, 0, 0.0940015, 0, 0, 99.99, 0.940924, 0.64762, 293.744
4319, 0, 0.0941381, 4.16536e-06, 0, 0, 0, 0, 0, 0.0941423, 0, 0, 99.99, 0.940842, 0.647266, 293.745
4320, 0, 0.0942746, 4.51676e-06, 0, 0, 0, 0, 0, 0.0942791, 0, 0, 99.99, 0.94076, 0.646598, 293.745
4321, 0, 0.0944068, 5.71376e-06, 0, 0, 0, 0, 0, 0.0944125, 0, 0, 99.99, 0.940678, 0.64632, 293.743
4322, 0, 0.0945461, 5.56867e-06, 0, 0, 0, 0, 0, 0.0945517, 0, 0, 99.99, 0.940596, 0.645766, 293.744
4323, 0, 0.0946899, 4.56612e-06, 0, 0, 0, 0, 0, 0.0946945, 0, 0, 99.99, 0.940514, 0.645881, 293.745
4324, 0, 0.0948247, 5.34058e-06, 0, 0, 0, 0, 0, 0.09483, 0, 0, 99.99, 0.940432, 0.64485, 293.744
4325, 0, 0.0949571, 6.58395e-06, 0, 0, 0, 0, 0, 0.0949637, 0, 0, 99.99, 0.94035, 0.644909, 293.742
4326, 0, 0.0951007, 5.68944e-06, 0, 0, 0, 0, 0, 0.0951064, 0, 0, 99.99, 0.940268, 0.64381, 293.743
4327, 0, 0.0952448, 4.70842e-06, 0, 0, 0, 0, 0, 0.0952495, 0, 0, 99.99, 0.940186, 0.643848, 293.745
4328, 0, 0.095377, 6.07927e-06, 0, 0, 0, 0, 0, 0.095383, 0, 0, 99.99, 0.940104, 0.643177, 293.743
4329, 0, 0.0955095, 7.37839e-06, 0, 0, 0, 0, 0, 0.0955169, 0, 0, 99.99, 0.940022, 0.642084, 293.742
4330, 0, 0.0956549, 6.233e-06, 0, 0, 0, 0, 0, 0.0956611, 0, 0, 99.99, 0.93994, 0.642471, 293.743
4331, 0, 0.0957986, 5.42035e-06, 0, 0, 0, 0, 0, 0.0958041, 0, 0, 99.99, 0.939858, 0.640749, 293.744
4332, 0, 0.0959301, 6.99641e-06, 0, 0, 0, 0, 0, 0.0959371, 0, 0, 99.99, 0.939776, 0.641334, 293.742
4333, 0, 0.0960634, 8.2577e-06, 0, 0, 0, 0, 0, 0.0960716, 0, 0, 99.99, 0.939694, 0.640519, 293.741
4334, 0, 0.0962067, 7.58747e-06, 0, 0, 0, 0, 0, 0.0962143, 0, 0, 99.99, 0.939612, 0.639306, 293.741
4335, 0, 0.096345, 7.91351e-06, 0, 0, 0, 0, 0, 0.0963529, 0, 0, 99.99, 0.93953, 0.64031, 293.741
4336, 0, 0.0964725, 1.03412e-05, 0, 0, 0, 0, 0, 0.0964829, 0, 0, 99.99, 0.939448, 0.638152, 293.738
4337, 0, 0.0966063, 1.1593e-05, 0, 0, 0, 0, 0, 0.0966179, 0, 0, 99.99, 0.939366, 0.638394, 293.737
4338, 0, 0.0967483, 1.12577e-05, 0, 0, 0, 0, 0, 0.0967596, 0, 0, 99.99, 0.939284, 0.638618, 293.737
4339, 0, 0.0968841, 1.21636e-05, 0, 0, 0, 0, 0, 0.0968963, 0, 0, 99.99, 0.939202, 0.636086, 293.736
4340, 0, 0.0970113, 1.47284e-05, 0, 0, 0, 0, 0, 0.0970261, 0, 0, 99.99, 0.93912, 0.637549, 293.733
4341, 0, 0.0971497, 1.51741e-05, 0, 0, 0, 0, 0, 0.0971649, 0, 0, 99.99, 0.939038, 0.63668, 293.733
4342, 0, 0.0972992, 1.34947e-05, 0, 0, 0, 0, 0, 0.0973127, 0, 0, 99.99, 0.938956, 0.634384, 293.735
4343, 0, 0.0974469, 1.21872e-05, 0, 0, 0, 0, 0, 0.0974591, 0, 0, 99.99, 0.938874, 0.636367, 293.736
4344, 0, 0.0975813, 1.34639e-05, 0, 3.50325e-44, 0, 0, 0, 0.0975947, 0, 0, 99.99, 0.938792, 0.634534, 293.735
4345, 0, 0.0977166, 1.45932e-05, 0, 2.35278e-42, 0, 0, 0, 0.0977311, 0, 0, 99.99, 0.93871, 0.632747, 293.734
4346, 0, 0.0978643, 1.33294e-05, 0, 6.31509e-41, 0, 0, 0, 0.0978777, 0, 0, 99.99, 0.938628, 0.635216, 293.735
4347, 0, 0.0980084, 1.28101e-05, 0, 7.02774e-40, 0, 0, 0, 0.0980212, 0, 0, 99.99, 0.938546, 0.632667, 293.736
4348, 0, 0.0981304, 1.65634e-05, 0, 3.2365e-39, 0, 0, 0, 0.098147, 0, 0, 99.99, 0.938464, 0.62962, 293.732
4349, 0, 0.0982429, 2.21663e-05, 0, 6.19472e-39, 0, 0, 0, 0.098265, 0, 0, 99.99, 0.938382, 0.626469, 293.725
4350, 0, 0.0983855, 2.19817e-05, 0, 6.39642e-39, 0, 0, 0, 0.0984075, 0, 0, 99.99, 0.9383, 0.610214, 293.726
4351, 0, 0.098544, 1.87712e-05, 0, 3.49131e-38, 0, 0, 0, 0.0985627, 0, 0, 99.99, 0.938218, 0.595452, 293.729
4352, 0, 0.0986807, 1.97778e-05, 0, 1.00414e-36, 0, 0, 0, 0.0987005, 0, 0, 99.99, 0.938136, 0.597202, 293.728
4353, 0, 0.0988085, 2.25091e-05, 0, 5.46877e-35, 0, 0, 0, 0.098831, 0, 0, 99.99, 0.938054, 0.600481, 293.725
4354, 0, 0.0989484, 2.29406e-05, 0, 1.65693e-33, 0, 0, 0, 0.0989714, 0, 0, 99.99, 0.937972, 0.601955, 293.725
4355, 0, 0.0991071, 1.97642e-05, 0, 2.11574e-32, 0, 0, 0, 0.0991269, 0, 0, 99.99, 0.93789, 0.607835, 293.728
4356, 0, 0.0992385, 2.18752e-05, 0, 1.11819e-31, 0, 0, 0, 0.0992604, 0, 0, 99.99, 0.937808, 0.609664, 293.726
4357, 0, 0.0993446, 2.88763e-05, 0, 2.44322e-31, 0, 0, 0, 0.0993735, 0, 0, 99.99, 0.937726, 0.606998, 293.718
4358, 0, 0.0994929, 2.77846e-05, 0, 2.20976e-31, 0, 0, 0, 0.0995207, 0, 0, 99.99, 0.937644, 0.609834, 293.719
4359, 0, 0.0996648, 2.21688e-05, 0, 8.87714e-32, 0, 0, 0, 0.099687, 0, 0, 99.99, 0.937562, 0.612074, 293.726
4360, 0, 0.0998058, 2.25078e-05, 0, 2.35059e-29, 0, 0, 0, 0.0998283, 0, 0, 99.99, 0.93748, 0.608157, 293.725
4361, 0, 0.099911, 2.97758e-05, 0, 1.38605e-27, 0, 0, 0, 0.0999408, 0, 0, 99.99, 0.937398, 0.608383, 293.717
4362, 0, 0.100024, 3.54744e-05, 0, 3.43264e-26, 0, 0, 0, 0.10006, 0, 0, 99.99, 0.937316, 0.61178, 293.711
4363, 0, 0.100179, 3.32464e-05, 0, 3.53544e-25, 0, 0, 0, 0.100212, 0, 0, 99.99, 0.937234, 0.608206, 293.714
4364, 0, 0.100305, 3.65744e-05, 0, 1.51395e-24, 0, 0, 0, 0.100342, 0, 0, 99.99, 0.937152, 0.604826, 293.71
4365, 0, 0.100392, 4.74067e-05, 0, 2.70447e-24, 0, 0, 0, 0.100439, 0, 0, 99.99, 0.93707, 0.608991, 293.698
4366, 0, 0.100525, 4.93964e-05, 0, 2.06594e-24, 0, 0, 0, 0.100574, 0, 0, 99.99, 0.936988, 0.609385, 293.696
4367, 0, 0.100679, 4.73458e-05, 0, 7.83711e-25, 0, 0, 0, 0.100727, 0, 0, 99.99, 0.936906, 0.603795, 293.698
4368, 0, 0.100843, 4.35717e-05, 0, 5.78247e-25, 1.17932e-34, 0, 0, 0.100886, 0, 1.73574e-31, 99.99, 0.936824, 0.604928, 293.703
4369, 2.8026e-45, 0.100982, 4.44071e-05, 0, 3.00746e-23, 1.18835e-32, 0, 0, 0.101027, 0, 1.7495e-29, 99.99, 0.936742, 0.609498, 293.702
4370, 1.35926e-43, 0.10107, 5.51041e-05, 0, 1.03649e-21, 4.37525e-31, 0, 0, 0.101126, 0, 6.44211e-28, 98.7042, 0.93666, 0.605774, 293.69
4371, 4.88493e-42, 0.101199, 5.80572e-05, 0, 1.4873e-20, 6.67778e-30, 0, 0, 0.101257, 1.5162e-42, 9.82393e-27, 95.1224, 0.936578, 0.601333, 293.687
4372, 1.76629e-40, 0.101337, 5.9182e-05, 0, 8.97162e-20, 4.44155e-29, 0, 0, 0.101396, 8.87204e-41, 6.4881e-26, 91.5345, 0.936496, 0.604797, 293.686
4373, 1.13354e-33, 0.101393, 7.60666e-05, 0, 2.45596e-19, 2.26905e-27, 0, 0, 0.101469, 6.84767e-34, 2.12274e-24, 75.86, 0.936414, 0.605664, 293.667
4374, 6.41576e-32, 0.101478, 8.74553e-05, 0, 4.7313e-19, 1.92265e-25, 0, 0, 0.101565, 3.83754e-32, 1.8106e-22, 71.824, 0.936332, 0.596611, 293.655
4375, 3.22194e-30, 0.10161, 8.96846e-05, 0, 1.40178e-18, 9.62527e-24, 0, 0, 0.1017, 1.94325e-30, 9.03294e-21, 67.9076, 0.93625, 0.588054, 293.653
4376, 7.53049e-29, 0.101722, 9.59093e-05, 0, 8.53059e-18, 2.30105e-22, 0, 0, 0.101818, 4.58437e-29, 2.1481e-19, 64.756, 0.936168, 0.584993, 293.646
4377, 9.80197e-28, 0.101856, 9.79362e-05, 0, 5.65944e-17, 3.11393e-21, 0, 0, 0.101954, 6.03041e-28, 2.87666e-18, 62.1898, 0.936086, 0.585485, 293.644
4378, 7.12114e-27, 0.101876, 0.000121436, 0, 2.13731e-16, 2.32614e-20, 0, 0, 0.101998, 4.41233e-27, 2.1289e-17, 60.2067, 0.936004, 0.588289, 293.618
4379, 2.55839e-26, 0.101832, 0.000157361, 0, 4.46217e-16, 8.45557e-20, 0, 0, 0.101989, 1.59008e-26, 7.6998e-17, 58.9278, 0.935922, 0.596197, 293.579
4380, 4.0967e-26, 0.10196, 0.000160653, 0, 5.16411e-16, 1.35966e-19, 0, 0, 0.10212, 2.54884e-26, 1.23558e-16, 58.457, 0.93584, 0.603877, 293.575
4381, 2.787e-26, 0.102274, 0.000128648, 0, 3.0008e-16, 9.26915e-20, 0, 0, 0.102403, 1.73455e-26, 8.41739e-17, 58.8422, 0.935758, 0.601406, 293.611
4382, 7.9165e-27, 0.102539, 0.000105966, 0, 8.54651e-17, 2.63859e-20, 0, 0, 0.102645, 4.92751e-27, 2.39594e-17, 60.1008, 0.935676, 0.596489, 293.636
4383, 9.33629e-28, 0.102629, 0.000116537, 0, 3.34268e-17, 3.16063e-21, 0, 0, 0.102745, 5.81141e-28, 2.87668e-18, 62.2385, 0.935594, 0.598889, 293.624
4384, 4.60738e-29, 0.102753, 0.000120551, 0, 3.72915e-17, 2.20863e-22, 0, 0, 0.102874, 2.86791e-29, 2.10621e-19, 65.2473, 0.935512, 0.604997, 293.62
4385, 1.22504e-30, 0.102995, 0.000102345, 0, 2.46232e-17, 4.5038e-23, 0, 0, 0.103097, 7.6254e-31, 4.70517e-20, 68.8746, 0.93543, 0.600926, 293.64
4386, 8.58738e-32, 0.103133, 0.00010368, 0, 1.20636e-17, 1.06353e-23, 0, 0, 0.103237, 5.34502e-32, 1.12121e-20, 71.5324, 0.935348, 0.594766, 293.639
4387, 1.0103e-32, 0.103214, 0.000116067, 0, 9.74604e-18, 1.11366e-24, 0, 0, 0.10333, 6.28486e-33, 1.17273e-21, 73.6725, 0.935266, 0.599342, 293.625
4388, 1.50552e-33, 0.1034, 0.000108433, 0, 6.69633e-18, 5.1794e-26, 0, 0, 0.103508, 9.34776e-34, 5.35698e-23, 75.5762, 0.935184, 0.602842, 293.634
4389, 2.7751e-34, 0.103525, 0.00011241, 0, 4.66764e-18, 2.07396e-27, 0, 0, 0.103638, 1.71615e-34, 1.90452e-24, 77.2672, 0.935102, 0.599884, 293.63
4390, 2.99101e-35, 0.103656, 0.000115504, 0, 3.77401e-18, 4.06296e-28, 0, 0, 0.103771, 1.78024e-35, 3.66796e-25, 79.4949, 0.93502, 0.593686, 293.626
4391, 3.77575e-36, 0.103898, 9.71855e-05, 0, 2.00841e-18, 1.52199e-28, 0, 0, 0.103995, 1.91524e-36, 1.41323e-25, 81.5645, 0.934938, 0.596116, 293.646
4392, 5.13278e-36, 0.104017, 0.000102459, 0, 2.34556e-18, 4.96217e-29, 0, 0, 0.104119, 2.81883e-36, 4.19417e-26, 81.2574, 0.934856, 0.603159, 293.641
4393, 1.10372e-35, 0.104022, 0.000129158, 0, 4.78944e-18, 5.09895e-29, 0, 0, 0.104152, 6.14073e-36, 3.70599e-26, 80.4918, 0.934774, 0.597792, 293.612
4394, 1.06689e-35, 0.104201, 0.000123108, 0, 4.77484e-18, 4.92208e-29, 0, 0, 0.104324, 5.90603e-36, 3.57724e-26, 80.5257, 0.934692, 0.590853, 293.619
4395, 7.03888e-36, 0.104426, 0.00010823, 0, 2.67009e-18, 3.58956e-29, 0, 0, 0.104534, 4.03023e-36, 2.85813e-26, 80.9416, 0.93461, 0.595278, 293.635
4396, 1.12819e-34, 0.104497, 0.000122828, 0, 2.17558e-18, 9.85307e-29, 0, 0, 0.10462, 6.91401e-35, 7.40859e-26, 78.1673, 0.934528, 0.599062, 293.62
4397, 2.03364e-33, 0.104644, 0.000122775, 0, 2.91704e-18, 1.10729e-27, 0, 0, 0.104767, 1.2479e-33, 7.39989e-25, 75.2755, 0.934446, 0.597705, 293.62
4398, 1.53616e-32, 0.104839, 0.000113598, 0, 9.84794e-18, 8.19612e-27, 0, 0, 0.104952, 9.42675e-33, 5.42178e-24, 73.2534, 0.934364, 0.591427, 293.63
4399, 4.81356e-32, 0.104841, 0.000141019, 0, 2.95424e-17, 2.5939e-26, 0, 0, 0.104982, 2.95379e-32, 1.71604e-23, 72.1113, 0.934282, 0.589347, 293.6
4400, 6.35503e-32, 0.104923, 0.000153453, 0, 4.00301e-17, 3.46106e-26, 0, 0, 0.105076, 3.89698e-32, 2.29113e-23, 71.8335, 0.9342, 0.598023, 293.587
4401, 4.3309e-32, 0.105205, 0.000127718, 0, 2.72189e-17, 2.33741e-26, 0, 0, 0.105333, 2.6337e-32, 1.54717e-23, 72.2169, 0.934118, 0.599291, 293.615
4402, 4.07229e-32, 0.105293, 0.000139077, 0, 2.32063e-17, 2.13428e-26, 0, 0, 0.105432, 2.41839e-32, 1.41212e-23, 72.2785, 0.934036, 0.58861, 293.603
4403, 4.75398e-32, 0.105285, 0.000168543, 0, 2.7227e-17, 2.58721e-26, 0, 0, 0.105454, 2.80582e-32, 1.71604e-23, 72.1237, 0.933954, 0.587863, 293.572
4404, 2.74e-32, 0.10554, 0.000148376, 0, 1.73038e-17, 1.58008e-26, 0, 0, 0.105688, 1.61764e-32, 1.05123e-23, 72.6748, 0.933872, 0.595567, 293.593
4405, 6.75306e-33, 0.10576, 0.000134663, 0, 8.49835e-18, 4.28066e-27, 0, 0, 0.105894, 3.98936e-33, 2.856e-24, 74.0753, 0.93379, 0.59341, 293.608
4406, 1.09035e-33, 0.105749, 0.00016469, 0, 1.19283e-17, 1.16961e-27, 0, 0, 0.105914, 6.40058e-34, 7.8084e-25, 75.8988, 0.933708, 0.581908, 293.576
4407, 1.05432e-33, 0.105903, 0.000163725, 0, 1.43046e-17, 1.73804e-27, 0, 0, 0.106066, 6.14113e-34, 1.19289e-24, 75.9324, 0.933626, 0.564742, 293.578
4408, 1.02897e-30, 0.106198, 0.000135724, 0, 1.14908e-17, 2.43079e-26, 0, 0, 0.106334, 6.18109e-31, 1.47396e-23, 69.049, 0.933544, 0.557241, 293.607
4409, 7.16093e-29, 0.106257, 0.000152804, 0, 1.92844e-17, 1.09306e-24, 0, 0, 0.10641, 4.30522e-29, 6.00682e-22, 64.8063, 0.933462, 0.565127, 293.59
4410, 2.15798e-27, 0.1063, 0.000172713, 0, 3.99761e-17, 3.16669e-23, 0, 0, 0.106473, 1.29831e-27, 1.72069e-20, 61.4006, 0.93338, 0.570343, 293.569
4411, 2.69518e-26, 0.106595, 0.000144971, 0, 1.4039e-16, 3.93159e-22, 0, 0, 0.106739, 1.62236e-26, 2.13298e-19, 58.8757, 0.933298, 0.5644, 293.598
4412, 1.40538e-25, 0.106764, 0.000140834, 0, 6.19979e-16, 2.03608e-21, 0, 0, 0.106905, 8.46191e-26, 1.10364e-18, 57.2243, 0.933216, 0.565202, 293.602
4413, 3.53316e-25, 0.106697, 0.000181491, 0, 1.34967e-15, 4.6568e-21, 0, 0, 0.106878, 2.12361e-25, 2.51759e-18, 56.3024, 0.933134, 0.575796, 293.559
4414, 1.33238e-24, 0.106882, 0.000174602, 0, 1.3658e-15, 9.83272e-21, 0, 0, 0.107056, 7.95022e-25, 5.22221e-18, 54.9751, 0.933052, 0.576253, 293.567
4415, 8.72307e-24, 0.107206, 0.000141404, 0, 1.45344e-15, 4.94231e-20, 0, 0, 0.107348, 5.20268e-24, 2.59373e-17, 53.0961, 0.93297, 0.567491, 293.602
4416, 2.89374e-23, 0.107186, 0.000173192, 0, 3.22731e-15, 1.60936e-19, 0, 0, 0.10736, 1.72847e-23, 8.43965e-17, 51.8969, 0.932888, 0.566234, 293.568
4417, 4.05569e-23, 0.107189, 0.000200878, 0, 4.3483e-15, 2.25978e-19, 0, 0, 0.10739, 2.42588e-23, 1.18556e-16, 51.5593, 0.932806, 0.572416, 293.539
4418, 2.70838e-23, 0.107538, 0.000163286, 0, 2.8992e-15, 1.54386e-19, 0, 0, 0.107701, 1.62184e-23, 8.11477e-17, 51.9631, 0.932724, 0.573614, 293.579
4419, 2.29615e-23, 0.107703, 0.000160206, 0, 2.43444e-15, 1.41288e-19, 0, 0, 0.107864, 1.37471e-23, 7.46116e-17, 52.1282, 0.932642, 0.572655, 293.583
4420, 3.2775e-23, 0.1076, 0.00020792, 0, 3.41384e-15, 2.05155e-19, 0, 0, 0.107808, 1.96088e-23, 1.08384e-16, 51.7724, 0.93256, 0.569848, 293.533
4421, 2.5099e-23, 0.10778, 0.000202249, 0, 2.65635e-15, 1.56359e-19, 0, 0, 0.107983, 1.50095e-23, 8.26115e-17, 52.0392, 0.932478, 0.565475, 293.539
4422, 1.08203e-23, 0.108121, 0.000166387, 0, 1.42698e-15, 6.92211e-20, 0, 0, 0.108287, 6.46521e-24, 3.71359e-17, 52.8806, 0.932396, 0.569072, 293.577
4423, 1.0282e-23, 0.108155, 0.000188072, 0, 1.86765e-15, 6.82812e-20, 0, 0, 0.108344, 6.12539e-24, 3.78722e-17, 52.9316, 0.932314, 0.577527, 293.555
4424, 4.50373e-23, 0.108138, 0.000219691, 0, 2.23601e-15, 1.06717e-19, 0, 0, 0.108358, 2.61635e-23, 5.70622e-17, 51.4546, 0.932232, 0.576236, 293.522
4425, 9.50637e-22, 0.108412, 0.000196414, 0, 1.61699e-15, 9.11038e-19, 0, 0, 0.108608, 5.48375e-22, 4.38364e-16, 48.4049, 0.93215, 0.565434, 293.546
4426, 1.08263e-20, 0.108653, 0.000179261, 0, 3.4665e-15, 1.00072e-17, 0, 0, 0.108832, 6.25311e-21, 4.78012e-15, 45.9723, 0.932068, 0.5661, 293.565
4427, 6.40513e-20, 0.108579, 0.000221238, 0, 1.28624e-14, 4.93088e-17, 0, 0, 0.1088, 3.71907e-20, 2.34771e-14, 44.1946, 0.931986, 0.576977, 293.52
4428, 7.23378e-19, 0.108558, 0.000253097, 0, 2.47547e-14, 1.7516e-16, 0, 0, 0.108811, 4.25198e-19, 7.98533e-14, 41.7704, 0.931904, 0.576835, 293.487
4429, 1.21941e-17, 0.108878, 0.000221196, 0, 2.88532e-14, 1.60935e-15, 0, 0, 0.109099, 7.17583e-18, 6.93014e-13, 38.9456, 0.931822, 0.566912, 293.521
4430, 9.82191e-17, 0.109104, 0.000207102, 0, 7.28102e-14, 1.21615e-14, 0, 0, 0.109311, 5.77376e-17, 5.18813e-12, 36.8593, 0.93174, 0.563796, 293.536
4431, 3.34303e-16, 0.108969, 0.000260165, 0, 2.10886e-13, 4.0387e-14, 0, 0, 0.109229, 1.96282e-16, 1.71681e-11, 35.6345, 0.931658, 0.571108, 293.479
4432, 5.49644e-16, 0.109038, 0.000274896, 0, 2.87914e-13, 5.94859e-14, 0, 0, 0.109313, 3.22281e-16, 2.51801e-11, 35.1373, 0.931576, 0.572679, 293.464
4433, 1.38073e-15, 0.109526, 0.00021209, 0, 2.13423e-13, 7.98458e-14, 0, 0, 0.109738, 8.09589e-16, 3.31809e-11, 34.2162, 0.931494, 0.568732, 293.53
4434, 6.23387e-15, 0.109715, 0.00020511, 0, 3.16286e-13, 2.70748e-13, 0, 0, 0.10992, 3.65969e-15, 1.10962e-10, 32.7088, 0.931412, 0.566134, 293.538
4435, 1.43537e-14, 0.109499, 0.000273485, 0, 6.39998e-13, 6.09936e-13, 0, 0, 0.109772, 8.43199e-15, 2.49198e-10, 31.8748, 0.93133, 0.564078, 293.466
4436, 1.54587e-14, 0.109648, 0.000273894, 0, 6.39913e-13, 6.4186e-13, 0, 0, 0.109922, 9.04411e-15, 2.60174e-10, 31.8006, 0.931248, 0.56376, 293.466
4437, 1.91761e-14, 0.110062, 0.000224957, 0, 4.83177e-13, 6.96303e-13, 0, 0, 0.110287, 1.09101e-14, 2.70673e-10, 31.5851, 0.931166, 0.567261, 293.518
4438, 4.57591e-14, 0.109979, 0.000268054, 0, 8.0802e-13, 1.50476e-12, 0, 0, 0.110247, 2.57101e-14, 5.70522e-10, 30.7154, 0.931084, 0.572951, 293.472
4439, 1.16559e-13, 0.109753, 0.000337847, 0, 1.0729e-12, 2.19822e-12, 0, 0, 0.110091, 6.71551e-14, 8.12642e-10, 29.7804, 0.931002, 0.567941, 293.398
4440, 1.13134e-12, 0.110105, 0.000301262, 0, 9.70489e-13, 6.35192e-12, 0, 0, 0.110406, 6.68817e-13, 2.05139e-09, 27.5076, 0.93092, 0.556773, 293.438
4441, 8.50041e-12, 0.110508, 0.000254268, 0, 2.84156e-12, 4.15587e-11, 0, 0, 0.110763, 5.0327e-12, 1.29978e-08, 25.4909, 0.930838, 0.557229, 293.487
4442, 2.72457e-11, 0.110269, 0.000325171, 0, 8.69323e-12, 1.33955e-10, 0, 0, 0.110594, 1.61309e-11, 4.18983e-08, 24.3261, 0.930756, 0.570474, 293.411
4443, 3.66674e-11, 0.109992, 0.00040375, 0, 1.18407e-11, 1.82065e-10, 0, 0, 0.110396, 2.1688e-11, 5.70244e-08, 24.0291, 0.930674, 0.574534, 293.327
4444, 2.5238e-11, 0.110355, 0.000365705, 0, 7.8542e-12, 1.21612e-10, 0, 0, 0.110721, 1.46334e-11, 3.80823e-08, 24.4027, 0.930592, 0.561688, 293.369
4445, 3.31681e-11, 0.110742, 0.000322408, 0, 7.95769e-12, 1.35221e-10, 0, 0, 0.111064, 1.78116e-11, 4.20219e-08, 24.1294, 0.93051, 0.552768, 293.415
4446, 6.68617e-11, 0.110547, 0.000384866, 0, 1.51603e-11, 2.62799e-10, 0, 0, 0.110932, 3.5125e-11, 8.15835e-08, 23.4284, 0.930428, 0.560659, 293.347
4447, 6.6074e-11, 0.110381, 0.000443235, 0, 1.6434e-11, 2.69202e-10, 0, 0, 0.110825, 3.46069e-11, 8.3972e-08, 23.4402, 0.930346, 0.571139, 293.286
4448, 3.0621e-11, 0.110734, 0.000407649, 0, 1.01238e-11, 1.42369e-10, 0, 0, 0.111142, 1.62186e-11, 4.51281e-08, 24.2093, 0.930264, 0.568848, 293.326
4449, 1.70714e-11, 0.11113, 0.000363397, 0, 7.34601e-12, 9.22553e-11, 0, 0, 0.111494, 9.66941e-12, 3.02777e-08, 24.7936, 0.930182, 0.556794, 293.374
4450, 4.64129e-11, 0.111107, 0.00039541, 0, 1.25581e-11, 1.9766e-10, 0, 0, 0.111502, 2.7125e-11, 6.40982e-08, 23.7934, 0.9301, 0.554456, 293.34
4451, 9.34528e-11, 0.111062, 0.000431604, 0, 1.91552e-11, 3.49511e-10, 0, 0, 0.111494, 5.47659e-11, 1.11363e-07, 23.0936, 0.930018, 0.561603, 293.302
4452, 8.41371e-11, 0.111397, 0.000398959, 0, 1.56411e-11, 2.98784e-10, 0, 0, 0.111796, 4.93158e-11, 9.43463e-08, 23.1986, 0.929936, 0.563441, 293.338
4453, 3.47882e-11, 0.111793, 0.000355316, 0, 6.98298e-12, 1.23696e-10, 0, 0, 0.112148, 2.01433e-11, 3.89427e-08, 24.0817, 0.929854, 0.561489, 293.385
4454, 1.68405e-11, 0.111724, 0.000395888, 0, 5.50998e-12, 7.125e-11, 0, 0, 0.11212, 8.84936e-12, 2.26038e-08, 24.8072, 0.929772, 0.560408, 293.343
4455, 2.00656e-11, 0.111498, 0.000464567, 0, 8.23281e-12, 9.42806e-11, 0, 0, 0.111962, 1.01072e-11, 3.00435e-08, 24.632, 0.92969, 0.556582, 293.269
4456, 1.55651e-11, 0.111751, 0.000445803, 0, 7.32842e-12, 7.41196e-11, 0, 0, 0.112197, 8.01175e-12, 2.37049e-08, 24.886, 0.929608, 0.556141, 293.289
4457, 3.65367e-11, 0.11239, 0.00035779, 0, 4.96353e-12, 6.71314e-11, 0, 0, 0.112748, 2.09924e-11, 1.94399e-08, 24.0327, 0.929526, 0.556259, 293.384
4458, 2.93431e-10, 0.112601, 0.00034817, 0, 1.51036e-11, 3.70635e-10, 0, 0, 0.112949, 1.70894e-10, 9.83945e-08, 21.9494, 0.929444, 0.558369, 293.396
4459, 1.11046e-09, 0.112323, 0.000425326, 0, 5.31922e-11, 1.39142e-09, 0, 0, 0.112748, 6.46832e-10, 3.68539e-07, 20.6185, 0.929362, 0.566608, 293.312
4460, 1.75621e-09, 0.112319, 0.000451623, 0, 8.37157e-11, 2.22104e-09, 0, 0, 0.112771, 1.02287e-09, 5.89627e-07, 20.1601, 0.92928, 0.562967, 293.282
4461, 1.25586e-09, 0.112785, 0.000395136, 0, 6.23442e-11, 1.64252e-09, 0, 0, 0.11318, 7.30033e-10, 4.3809e-07, 20.4954, 0.929198, 0.550694, 293.342
4462, 9.82733e-10, 0.112816, 0.000417396, 0, 5.18621e-11, 1.27358e-09, 0, 0, 0.113233, 5.59178e-10, 3.3555e-07, 20.7407, 0.929116, 0.552255, 293.319
4463, 2.073e-09, 0.112404, 0.00051773, 0, 9.22072e-11, 2.20253e-09, 0, 0, 0.112921, 1.15393e-09, 5.55395e-07, 19.9943, 0.929034, 0.561253, 293.21
4464, 2.93995e-09, 0.112514, 0.000524535, 0, 1.15907e-10, 2.78981e-09, 0, 0, 0.113039, 1.62022e-09, 6.86009e-07, 19.6449, 0.928952, 0.558034, 293.202
4465, 1.88791e-09, 0.113203, 0.000429988, 0, 7.27641e-11, 1.73598e-09, 0, 0, 0.113633, 1.03283e-09, 4.23699e-07, 20.0878, 0.92887, 0.543123, 293.306
4466, 6.00785e-10, 0.113428, 0.000418779, 0, 3.12697e-11, 6.21631e-10, 0, 0, 0.113846, 3.28237e-10, 1.54103e-07, 21.2328, 0.928788, 0.528167, 293.32
4467, 2.61217e-10, 0.113144, 0.000497792, 0, 2.71822e-11, 3.87168e-10, 0, 0, 0.113642, 1.43974e-10, 1.01015e-07, 22.0657, 0.928706, 0.528396, 293.236
4468, 6.41853e-10, 0.113295, 0.000499272, 0, 3.07507e-11, 4.73853e-10, 0, 0, 0.113794, 3.3134e-10, 1.19407e-07, 21.1667, 0.928624, 0.542409, 293.236
4469, 4.75017e-09, 0.113793, 0.000437278, 0, 7.48964e-11, 1.61526e-09, 0, 0, 0.11423, 2.40586e-09, 3.47077e-07, 19.1651, 0.928542, 0.550984, 293.303
4470, 1.95435e-08, 0.113765, 0.00046584, 0, 2.65369e-10, 6.09881e-09, 0, 0, 0.114231, 9.96523e-09, 1.26659e-06, 17.7506, 0.92846, 0.542356, 293.267
4471, 3.40218e-08, 0.113328, 0.000568284, 0, 4.60107e-10, 1.05723e-08, 0, 0, 0.113896, 1.74814e-08, 2.18709e-06, 17.1963, 0.928378, 0.529664, 293.153
4472, 2.49093e-08, 0.113509, 0.000567284, 0, 3.39892e-10, 7.7476e-09, 0, 0, 0.114076, 1.28908e-08, 1.59992e-06, 17.508, 0.928296, 0.533805, 293.159
4473, 1.08499e-08, 0.114154, 0.000483753, 0, 1.44001e-10, 3.19165e-09, 0, 0, 0.114638, 5.62743e-09, 6.45677e-07, 18.3391, 0.928214, 0.545109, 293.255
4474, 2.13555e-08, 0.114331, 0.000476507, 0, 2.52279e-10, 5.46357e-09, 0, 0, 0.114808, 1.10124e-08, 1.04831e-06, 17.662, 0.928132, 0.546003, 293.259
4475, 5.85476e-08, 0.113721, 0.000604307, 0, 6.73656e-10, 1.49526e-08, 0, 0, 0.114325, 3.06424e-08, 2.87731e-06, 16.6534, 0.92805, 0.541629, 293.111
4476, 9.69316e-08, 0.113268, 0.000707414, 0, 1.08209e-09, 2.50771e-08, 0, 0, 0.113976, 5.23984e-08, 4.88531e-06, 16.1493, 0.927968, 0.538536, 292.993
4477, 1.02461e-07, 0.113605, 0.000677491, 0, 1.11571e-09, 2.67636e-08, 0, 0, 0.114283, 5.70333e-08, 5.26407e-06, 16.0938, 0.927886, 0.5346, 293.029
4478, 6.10782e-08, 0.114268, 0.000593535, 0, 6.77142e-10, 1.62024e-08, 0, 0, 0.114862, 3.43452e-08, 3.20247e-06, 16.6111, 0.927804, 0.536489, 293.129
4479, 3.02358e-08, 0.114283, 0.000620357, 0, 3.6868e-10, 8.17349e-09, 0, 0, 0.114903, 1.6316e-08, 1.62968e-06, 17.3142, 0.927722, 0.544171, 293.103
4480, 6.42206e-08, 0.113817, 0.000726587, 0, 5.96888e-10, 1.36114e-08, 0, 0, 0.114543, 3.27048e-08, 2.67447e-06, 16.5609, 0.92764, 0.541756, 292.984
4481, 1.48405e-07, 0.113814, 0.00075114, 0, 1.12499e-09, 2.7425e-08, 0, 0, 0.114565, 7.52173e-08, 5.31539e-06, 15.7233, 0.927558, 0.537964, 292.953
4482, 1.91496e-07, 0.114218, 0.000706993, 0, 1.39445e-09, 3.53979e-08, 0, 0, 0.114925, 9.82832e-08, 6.86497e-06, 15.4684, 0.927476, 0.541903, 293.001
4483, 2.64401e-07, 0.11424, 0.000728502, 0, 1.84106e-09, 4.9455e-08, 0, 0, 0.114968, 1.43607e-07, 9.42726e-06, 15.1458, 0.927394, 0.544174, 292.976
4484, 5.1169e-07, 0.113728, 0.000839462, 0, 3.24347e-09, 9.07561e-08, 0, 0, 0.114567, 2.87931e-07, 1.67837e-05, 14.4855, 0.927312, 0.541649, 292.847
4485, 7.44746e-07, 0.113363, 0.000926388, 0, 4.41094e-09, 1.27449e-07, 0, 0, 0.114289, 4.22546e-07, 2.30743e-05, 14.1102, 0.92723, 0.538518, 292.747
4486, 8.10025e-07, 0.113396, 0.00094741, 0, 4.5758e-09, 1.35696e-07, 0, 0, 0.114343, 4.60453e-07, 2.41948e-05, 14.0262, 0.927148, 0.544278, 292.724
4487, 7.4495e-07, 0.11364, 0.000934331, 0, 4.16668e-09, 1.23274e-07, 0, 0, 0.114575, 4.23148e-07, 2.19764e-05, 14.1099, 0.927066, 0.550229, 292.742
4488, 8.57804e-07, 0.113765, 0.000942091, 0, 4.39504e-09, 1.29166e-07, 0, 0, 0.114707, 4.84197e-07, 2.32693e-05, 13.9689, 0.926984, 0.542267, 292.738
4489, 2.37709e-06, 0.113806, 0.000961473, 0, 7.91371e-09, 2.62079e-07, 0, 0, 0.114768, 1.32108e-06, 4.6374e-05, 12.9496, 0.926902, 0.529388, 292.716
4490, 8.77463e-06, 0.113435, 0.00103639, 0, 2.22134e-08, 8.09847e-07, 0, 0, 0.114472, 4.81449e-06, 0.000139784, 11.6436, 0.92682, 0.530063, 292.612
4491, 2.2172e-05, 0.112809, 0.00114471, 0, 4.7607e-08, 1.72547e-06, 0, 0, 0.113956, 1.19789e-05, 0.000294531, 10.7167, 0.926738, 0.539678, 292.456
4492, 5.35106e-05, 0.112419, 0.00121779, 0, 8.76918e-08, 2.9872e-06, 0, 0, 0.11364, 2.89101e-05, 0.000488084, 9.83563, 0.926656, 0.543619, 292.346
4493, 0.00014196, 0.11162, 0.00134134, 0, 1.82792e-07, 6.03883e-06, 0, 0, 0.112967, 7.8148e-05, 0.000908393, 8.85997, 0.926574, 0.540498, 292.153
4494, 0.000306348, 0.110322, 0.00152499, 0, 3.3202e-07, 1.11123e-05, 0, 0, 0.111858, 0.000167744, 0.00158793, 8.09079, 0.926492, 0.533363, 291.855
4495, 0.000770324, 0.109302, 0.0016575, 0, 6.12829e-07, 2.1203e-05, 0, 0, 0.110982, 0.000407101, 0.00290264, 7.1687, 0.92641, 0.524337, 291.61
4496, 0.00206382, 0.108112, 0.00176141, 0, 1.3679e-06, 4.76653e-05, 0, 0, 0.109922, 0.00108049, 0.00629638, 6.1832, 0.926328, 0.525887, 291.32
4497, 0.00312618, 0.106764, 0.00188663, 0, 2.05419e-06, 7.08798e-05, 0, 0, 0.108724, 0.00165166, 0.00922948, 5.76794, 0.926246, 0.537528, 290.995
4498, 0.00248799, 0.106796, 0.00192206, 0, 1.77445e-06, 6.04645e-05, 0, 0, 0.108781, 0.0013381, 0.00786401, 5.99628, 0.926165, 0.546246, 290.973
4499, 0.00145037, 0.108021, 0.00183467, 0, 1.18585e-06, 3.985e-05, 0, 0, 0.109897, 0.000798729, 0.00522232, 6.53594, 0.92609, 0.544053, 291.208
4500, 0.000817275, 0.109681, 0.00168068, 0, 7.42768e-07, 2.49706e-05, 0, 0, 0.111388, 0.000455096, 0.00333151, 7.10953, 0.926036, 0.530917, 291.531
4501, 0.000416012, 0.110883, 0.00157096, 0, 4.39298e-07, 1.47853e-05, 0, 0, 0.112469, 0.000230779, 0.00204136, 7.7848, 0.926013, 0.526785, 291.753
4502, 0.000309657, 0.111237, 0.00154418, 0, 3.76302e-07, 1.20248e-05, 0, 0, 0.112794, 0.000172029, 0.00167382, 8.08004, 0.926009, 0.540501, 291.794
4503, 0.000281809, 0.111689, 0.00150838, 0, 3.50734e-07, 1.07363e-05, 0, 0, 0.113208, 0.000157585, 0.00147862, 8.17428, 0.926012, 0.547251, 291.857
4504, 0.000168912, 0.112699, 0.00141888, 0, 2.22126e-07, 6.74137e-06, 0, 0, 0.114125, 9.46225e-05, 0.000936274, 8.68613, 0.926016, 0.539462, 292.037
4505, 6.64384e-05, 0.113883, 0.00130082, 0, 1.00238e-07, 3.04189e-06, 0, 0, 0.115187, 3.71469e-05, 0.000434004, 9.61924, 0.92602, 0.526089, 292.249
4506, 1.97605e-05, 0.115094, 0.0011624, 0, 3.67779e-08, 1.08238e-06, 0, 0, 0.116257, 1.09806e-05, 0.000160875, 10.8318, 0.926024, 0.520172, 292.461
4507, 7.35001e-06, 0.11596, 0.00105932, 0, 1.85829e-08, 5.09503e-07, 0, 0, 0.11702, 4.05697e-06, 8.06765e-05, 11.8208, 0.926028, 0.527209, 292.601
4508, 1.3049e-05, 0.116028, 0.00106669, 0, 2.99057e-08, 8.14792e-07, 0, 0, 0.117095, 7.25696e-06, 0.000125445, 11.2468, 0.926032, 0.53489, 292.583
4509, 3.21359e-05, 0.115429, 0.00116582, 0, 6.29284e-08, 1.71414e-06, 0, 0, 0.116597, 1.78733e-05, 0.000250046, 10.3455, 0.926036, 0.53371, 292.434
4510, 5.28194e-05, 0.114872, 0.0012545, 0, 9.75116e-08, 2.63455e-06, 0, 0, 0.116129, 2.91998e-05, 0.000374594, 9.84863, 0.92604, 0.531726, 292.291
4511, 5.99648e-05, 0.114765, 0.00128328, 0, 1.08714e-07, 2.88195e-06, 0, 0, 0.116051, 3.2548e-05, 0.000405807, 9.72175, 0.926044, 0.530197, 292.238
4512, 5.71634e-05, 0.11499, 0.00127176, 0, 1.0194e-07, 2.65458e-06, 0, 0, 0.116265, 3.00308e-05, 0.000373312, 9.7696, 0.926048, 0.527095, 292.252
4513, 4.8604e-05, 0.115423, 0.00123818, 0, 8.54083e-08, 2.21699e-06, 0, 0, 0.116663, 2.44616e-05, 0.000314949, 9.9318, 0.926052, 0.522978, 292.309
4514, 3.72718e-05, 0.11589, 0.00120326, 0, 6.76443e-08, 1.77397e-06, 0, 0, 0.117096, 1.84261e-05, 0.000257439, 10.1973, 0.926056, 0.525131, 292.373
4515, 2.27888e-05, 0.116579, 0.00113527, 0, 4.72659e-08, 1.26864e-06, 0, 0, 0.117715, 1.16476e-05, 0.000191491, 10.6892, 0.92606, 0.53101, 292.479
4516, 1.42761e-05, 0.117109, 0.00108333, 0, 3.49969e-08, 9.36832e-07, 0, 0, 0.118193, 7.71043e-06, 0.000144786, 11.1569, 0.926064, 0.531732, 292.553
4517, 1.11788e-05, 0.117216, 0.00109268, 0, 2.94008e-08, 7.51347e-07, 0, 0, 0.118309, 6.16598e-06, 0.000114256, 11.4015, 0.926068, 0.530508, 292.544
4518, 7.45612e-06, 0.1174, 0.00109341, 0, 2.1027e-08, 5.13971e-07, 0, 0, 0.118494, 4.11061e-06, 7.76046e-05, 11.8065, 0.926072, 0.529171, 292.551
4519, 4.74988e-06, 0.117753, 0.001067, 0, 1.46795e-08, 3.49341e-07, 0, 0, 0.11882, 2.57256e-06, 5.41253e-05, 12.2574, 0.926076, 0.529085, 292.59
4520, 7.1016e-06, 0.118193, 0.00102032, 0, 1.84366e-08, 4.6025e-07, 0, 0, 0.119214, 3.75809e-06, 7.30715e-05, 11.8552, 0.92608, 0.529702, 292.644
4521, 1.59153e-05, 0.118497, 0.000986497, 0, 3.35102e-08, 8.62633e-07, 0, 0, 0.119484, 8.44116e-06, 0.000133121, 11.0482, 0.926084, 0.52398, 292.67
4522, 3.30652e-05, 0.118269, 0.00102957, 0, 6.12415e-08, 1.57398e-06, 0, 0, 0.1193, 1.77476e-05, 0.000229886, 10.317, 0.926088, 0.517979, 292.594
4523, 4.61022e-05, 0.117647, 0.00114245, 0, 8.2649e-08, 2.1301e-06, 0, 0, 0.118792, 2.48412e-05, 0.000304805, 9.98465, 0.926092, 0.522652, 292.444
4524, 3.84492e-05, 0.117644, 0.00117831, 0, 7.12623e-08, 1.88987e-06, 0, 0, 0.118824, 2.04785e-05, 0.000276529, 10.1662, 0.926096, 0.522752, 292.416
4525, 2.74628e-05, 0.117981, 0.00116262, 0, 5.47988e-08, 1.51324e-06, 0, 0, 0.119145, 1.43274e-05, 0.000230779, 10.5027, 0.9261, 0.512219, 292.454
4526, 2.42189e-05, 0.118576, 0.0010994, 0, 4.91376e-08, 1.34014e-06, 0, 0, 0.119677, 1.27002e-05, 0.000206987, 10.6284, 0.926104, 0.503074, 292.539
4527, 4.1952e-05, 0.11896, 0.00105491, 0, 7.01111e-08, 1.87611e-06, 0, 0, 0.120017, 2.23917e-05, 0.000274454, 10.079, 0.926108, 0.49828, 292.581
4528, 9.26665e-05, 0.118289, 0.00115326, 0, 1.35452e-07, 3.6552e-06, 0, 0, 0.119446, 4.9768e-05, 0.000507968, 9.2865, 0.926112, 0.506194, 292.417
4529, 0.000123101, 0.117445, 0.00129049, 0, 1.78111e-07, 4.83109e-06, 0, 0, 0.118741, 6.62964e-05, 0.000665875, 9.0025, 0.926116, 0.523085, 292.223
4530, 0.000102288, 0.117656, 0.00129399, 0, 1.54791e-07, 4.20845e-06, 0, 0, 0.118955, 5.52057e-05, 0.000587269, 9.18771, 0.92612, 0.52751, 292.237
4531, 6.72308e-05, 0.118551, 0.00120262, 0, 1.07618e-07, 2.92592e-06, 0, 0, 0.119757, 3.62862e-05, 0.000415482, 9.60738, 0.926124, 0.514216, 292.383
4532, 3.17457e-05, 0.119569, 0.00109565, 0, 5.51737e-08, 1.48226e-06, 0, 0, 0.120666, 1.69183e-05, 0.000216213, 10.3578, 0.926128, 0.499306, 292.552
4533, 1.34196e-05, 0.12014, 0.00104535, 0, 2.77364e-08, 7.21611e-07, 0, 0, 0.121186, 6.80543e-06, 0.000111308, 11.2188, 0.926132, 0.501331, 292.633
4534, 9.92974e-06, 0.120861, 0.000960323, 0, 2.0296e-08, 5.28552e-07, 0, 0, 0.121822, 4.83688e-06, 8.3754e-05, 11.52, 0.926136, 0.513413, 292.739
4535, 3.04918e-05, 0.120767, 0.000988956, 0, 4.25737e-08, 1.17774e-06, 0, 0, 0.121757, 1.48491e-05, 0.000168549, 10.3981, 0.92614, 0.520962, 292.69
4536, 9.71718e-05, 0.119171, 0.0012249, 0, 1.21175e-07, 3.426e-06, 0, 0, 0.120399, 4.75856e-05, 0.000465638, 9.23903, 0.926144, 0.522893, 292.353
4537, 0.000154977, 0.117877, 0.00141903, 0, 1.91551e-07, 5.45018e-06, 0, 0, 0.119301, 7.61926e-05, 0.000736247, 8.77223, 0.926148, 0.519797, 292.072
4538, 0.000159414, 0.117842, 0.00144956, 0, 1.97578e-07, 5.65555e-06, 0, 0, 0.119298, 7.89421e-05, 0.000767521, 8.74401, 0.926152, 0.511346, 292.036
4539, 0.000251506, 0.117748, 0.00147396, 0, 2.76839e-07, 7.98456e-06, 0, 0, 0.11923, 0.000131016, 0.00105671, 8.28804, 0.926156, 0.507771, 291.986
4540, 0.000588468, 0.116935, 0.00155441, 0, 5.70903e-07, 1.65179e-05, 0, 0, 0.118506, 0.000316752, 0.00211436, 7.43799, 0.92616, 0.516003, 291.788
4541, 0.000982186, 0.116035, 0.0016444, 0, 8.95378e-07, 2.59538e-05, 0, 0, 0.117706, 0.000531404, 0.00328481, 6.92573, 0.926164, 0.517755, 291.571
4542, 0.00125772, 0.115969, 0.00165272, 0, 1.0787e-06, 3.13902e-05, 0, 0, 0.117654, 0.000679927, 0.00395579, 6.67846, 0.926168, 0.514534, 291.525
4543, 0.00124929, 0.116939, 0.00155528, 0, 1.03555e-06, 3.02464e-05, 0, 0, 0.118526, 0.000674856, 0.00381173, 6.68518, 0.926172, 0.518382, 291.688
4544, 0.000708144, 0.119714, 0.00126322, 0, 5.89056e-07, 1.72606e-05, 0, 0, 0.120995, 0.000381077, 0.00220065, 7.25286, 0.926176, 0.515732, 292.208
4545, 0.000402614, 0.121216, 0.00111857, 0, 3.27012e-07, 9.70247e-06, 0, 0, 0.122344, 0.000207269, 0.00126851, 7.81753, 0.92618, 0.502775, 292.473
4546, 0.000796131, 0.119635, 0.00132112, 0, 6.01171e-07, 1.79987e-05, 0, 0, 0.120975, 0.00039941, 0.00230392, 7.13575, 0.926184, 0.497684, 292.135
4547, 0.00116804, 0.117934, 0.00154321, 0, 8.8322e-07, 2.65599e-05, 0, 0, 0.119505, 0.000592161, 0.00337934, 6.75243, 0.926188, 0.508679, 291.771
4548, 0.000971814, 0.118139, 0.00156098, 0, 7.79226e-07, 2.37152e-05, 0, 0, 0.119724, 0.000503636, 0.00306876, 6.93635, 0.926192, 0.522239, 291.786
4549, 0.000724686, 0.118186, 0.00160165, 0, 6.34603e-07, 1.95724e-05, 0, 0, 0.119808, 0.000381062, 0.00259326, 7.22977, 0.926196, 0.521788, 291.77
4550, 0.000597948, 0.117964, 0.00166257, 0, 5.39087e-07, 1.66528e-05, 0, 0, 0.119644, 0.00030196, 0.00221733, 7.42201, 0.9262, 0.508437, 291.698
4551, 0.000575565, 0.117756, 0.0017088, 0, 5.12307e-07, 1.58056e-05, 0, 0, 0.119481, 0.000275892, 0.00209433, 7.46016, 0.926204, 0.497106, 291.627
4552, 0.000718928, 0.117707, 0.00172494, 0, 6.09713e-07, 1.86984e-05, 0, 0, 0.119451, 0.000356188, 0.00243157, 7.23775, 0.926208, 0.496857, 291.586
4553, 0.00120409, 0.117151, 0.00178332, 0, 9.42861e-07, 2.86688e-05, 0, 0, 0.118964, 0.000623764, 0.003623, 6.72203, 0.926212, 0.506546, 291.441
4554, 0.00161556, 0.116634, 0.00183964, 0, 1.22578e-06, 3.72624e-05, 0, 0, 0.118512, 0.000846505, 0.00465192, 6.42807, 0.926216, 0.514905, 291.305
4555, 0.00187791, 0.116472, 0.00185476, 0, 1.41459e-06, 4.32819e-05, 0, 0, 0.118371, 0.000993244, 0.00538085, 6.2776, 0.92622, 0.519972, 291.238
4556, 0.0024958, 0.116519, 0.00181869, 0, 1.76837e-06, 5.41545e-05, 0, 0, 0.118394, 0.00131213, 0.00669425, 5.99315, 0.926224, 0.516412, 291.209
4557, 0.00362278, 0.116738, 0.00175444, 0, 2.26829e-06, 6.90065e-05, 0, 0, 0.118564, 0.00184861, 0.00845019, 5.62051, 0.926228, 0.506686, 291.213
4558, 0.00449212, 0.116533, 0.00177759, 0, 2.62023e-06, 7.94771e-05, 0, 0, 0.118393, 0.0022492, 0.00970777, 5.40543, 0.926232, 0.504159, 291.14
4559, 0.00408463, 0.11726, 0.0017561, 0, 2.37682e-06, 7.27203e-05, 0, 0, 0.119092, 0.00206505, 0.00903467, 5.50052, 0.926236, 0.508088, 291.264
4560, 0.0049049, 0.11676, 0.00182774, 0, 2.76021e-06, 8.45392e-05, 0, 0, 0.118675, 0.00249034, 0.0105356, 5.31752, 0.92624, 0.51598, 291.135
4561, 0.00850333, 0.114451, 0.00200203, 0, 4.25845e-06, 0.000127306, 0, 0, 0.116585, 0.00411907, 0.0153425, 4.7673, 0.926244, 0.515179, 290.624
4562, 0.0124087, 0.112287, 0.00215102, 0, 5.81428e-06, 0.000170807, 0, 0, 0.114614, 0.00586326, 0.0201206, 4.38936, 0.926248, 0.502414, 290.134
4563, 0.0136026, 0.111684, 0.00219491, 0, 6.52446e-06, 0.000189809, 0, 0, 0.114075, 0.00663221, 0.0220949, 4.29749, 0.926252, 0.500264, 289.974
4564, 0.0138477, 0.111498, 0.00221567, 0, 6.94901e-06, 0.000200625, 0, 0, 0.113921, 0.00705639, 0.0231246, 4.27964, 0.926256, 0.51007, 289.904
4565, 0.0105243, 0.113855, 0.00208295, 0, 5.36899e-06, 0.000155743, 0, 0, 0.116099, 0.00538916, 0.0180458, 4.55406, 0.92626, 0.511849, 290.375
4566, 0.00615786, 0.116793, 0.00192167, 0, 3.21005e-06, 9.52017e-05, 0, 0, 0.118813, 0.00308831, 0.0113302, 5.09003, 0.926264, 0.502456, 290.96
4567, 0.00682773, 0.116503, 0.00194941, 0, 3.5694e-06, 0.00010561, 0, 0, 0.118561, 0.00347624, 0.0125099, 4.98676, 0.926268, 0.496344, 290.869
4568, 0.01099, 0.113717, 0.00214018, 0, 5.67677e-06, 0.000164741, 0, 0, 0.116028, 0.00575069, 0.0190112, 4.51077, 0.926272, 0.500669, 290.256
4569, 0.0113554, 0.11258, 0.00227301, 0, 5.94349e-06, 0.000173014, 0, 0, 0.115032, 0.00596667, 0.0199988, 4.47806, 0.926276, 0.50447, 289.991
4570, 0.00711725, 0.114929, 0.00216759, 0, 3.8988e-06, 0.000117692, 0, 0, 0.117218, 0.003684, 0.014196, 4.94523, 0.92628, 0.504095, 290.46
4571, 0.0040183, 0.118199, 0.00190947, 0, 2.32404e-06, 7.42508e-05, 0, 0, 0.120185, 0.00202546, 0.00959053, 5.5169, 0.926284, 0.506264, 291.098
4572, 0.00228103, 0.121902, 0.00152994, 0, 1.37429e-06, 4.53283e-05, 0, 0, 0.123479, 0.00114998, 0.00608641, 6.08313, 0.926288, 0.506523, 291.793
4573, 0.00225869, 0.122691, 0.00144503, 0, 1.37324e-06, 4.47721e-05, 0, 0, 0.124182, 0.00117543, 0.0058223, 6.09297, 0.926292, 0.501389, 291.913
4574, 0.00405298, 0.119681, 0.00177536, 0, 2.38977e-06, 7.64852e-05, 0, 0, 0.121535, 0.00212193, 0.00961567, 5.5083, 0.926296, 0.501768, 291.296
4575, 0.00504247, 0.118178, 0.00195147, 0, 2.90363e-06, 9.23292e-05, 0, 0, 0.120224, 0.00262586, 0.0115443, 5.28986, 0.9263, 0.500381, 290.97
4576, 0.00498694, 0.119197, 0.00187209, 0, 2.71102e-06, 8.46195e-05, 0, 0, 0.121156, 0.0025686, 0.0105528, 5.30093, 0.926304, 0.499086, 291.143
4577, 0.00934184, 0.117141, 0.00201706, 0, 4.4912e-06, 0.00013214, 0, 0, 0.119295, 0.00473596, 0.0156534, 4.67325, 0.926308, 0.506839, 290.693
4578, 0.0169608, 0.112199, 0.00237017, 0, 7.78464e-06, 0.000222932, 0, 0, 0.114799, 0.00847038, 0.0255139, 4.07685, 0.926312, 0.507293, 289.63
4579, 0.0166984, 0.111499, 0.00246688, 0, 7.7025e-06, 0.000220839, 0, 0, 0.114194, 0.00824549, 0.025192, 4.09244, 0.926316, 0.496818, 289.454
4580, 0.0125936, 0.113652, 0.00237469, 0, 6.01747e-06, 0.000175193, 0, 0, 0.116207, 0.00629403, 0.0202208, 4.37457, 0.92632, 0.491109, 289.887
4581, 0.0161804, 0.112788, 0.00241848, 0, 7.43598e-06, 0.000215663, 0, 0, 0.11543, 0.0081882, 0.0247895, 4.12396, 0.926324, 0.49611, 289.673
4582, 0.0264036, 0.11013, 0.0025034, 0, 1.11651e-05, 0.000319722, 0, 0, 0.112965, 0.0132201, 0.0364151, 3.63426, 0.926328, 0.499169, 289.064
4583, 0.0310738, 0.11124, 0.00229316, 0, 1.25695e-05, 0.000360203, 0, 0, 0.113906, 0.0155113, 0.041212, 3.47139, 0.926332, 0.497568, 289.251
4584, 0.0249881, 0.116011, 0.00190725, 0, 9.98974e-06, 0.000291555, 0, 0, 0.11822, 0.0125047, 0.0340561, 3.68936, 0.926336, 0.49303, 290.211
4585, 0.0243506, 0.115612, 0.00199405, 0, 9.82144e-06, 0.000290941, 0, 0, 0.117907, 0.0121764, 0.0343504, 3.7152, 0.92634, 0.489404, 290.106
4586, 0.0263416, 0.112109, 0.00235961, 0, 1.10131e-05, 0.000323779, 0, 0, 0.114803, 0.0131857, 0.0377578, 3.63661, 0.926344, 0.490468, 289.358
4587, 0.0232126, 0.111548, 0.00248889, 0, 1.02015e-05, 0.000296565, 0, 0, 0.114344, 0.0116589, 0.0342347, 3.76306, 0.926348, 0.489839, 289.217
4588, 0.0248419, 0.111598, 0.0024952, 0, 1.04573e-05, 0.000300221, 0, 0, 0.114403, 0.0121809, 0.0345423, 3.69522, 0.926352, 0.48452, 289.197
4589, 0.0426402, 0.108026, 0.00261424, 0, 1.5881e-05, 0.000436762, 0, 0, 0.111093, 0.0201005, 0.0490727, 3.15496, 0.926356, 0.477732, 288.382
4590, 0.0698366, 0.101609, 0.0028346, 0, 2.52329e-05, 0.000658602, 0, 0, 0.105128, 0.0330846, 0.0713153, 2.6616, 0.92636, 0.480573, 286.891
4591, 0.0940443, 0.0957109, 0.00303005, 0, 3.51457e-05, 0.000876848, 0, 0, 0.099653, 0.0463454, 0.0919754, 2.36399, 0.926364, 0.495511, 285.46
4592, 0.107671, 0.092219, 0.00314997, 0, 4.13911e-05, 0.00100951, 0, 0, 0.0964199, 0.0544945, 0.104355, 2.22867, 0.926368, 0.504029, 284.571
4593, 0.0900191, 0.0951961, 0.00311215, 0, 3.50558e-05, 0.000864047, 0, 0, 0.0992074, 0.0453925, 0.0897959, 2.40773, 0.926372, 0.497867, 285.276
4594, 0.0633242, 0.101337, 0.00292757, 0, 2.46715e-05, 0.0006257, 0, 0, 0.104915, 0.0310999, 0.0660304, 2.75949, 0.926376, 0.483886, 286.703
4595, 0.0524379, 0.104917, 0.00278066, 0, 2.02646e-05, 0.000521987, 0, 0, 0.10824, 0.0254432, 0.0556206, 2.94813, 0.92638, 0.473088, 287.49
4596, 0.0638238, 0.102734, 0.00284367, 0, 2.43183e-05, 0.0006277, 0, 0, 0.10623, 0.031362, 0.0670287, 2.75163, 0.926384, 0.476537, 286.962
4597, 0.07585, 0.100254, 0.00291069, 0, 2.87084e-05, 0.000748209, 0, 0, 0.103942, 0.0375245, 0.0804565, 2.579, 0.926388, 0.490227, 286.357
4598, 0.0801359, 0.0988602, 0.0029701, 0, 3.05855e-05, 0.000800032, 0, 0, 0.102661, 0.0397774, 0.0861132, 2.52403, 0.926392, 0.499051, 285.999
4599, 0.0961463, 0.0941039, 0.00315442, 0, 3.66947e-05, 0.000937631, 0, 0, 0.0982327, 0.0476087, 0.0992057, 2.34188, 0.926396, 0.497405, 284.817
4600, 0.105864, 0.091599, 0.00325039, 0, 4.0251e-05, 0.00101098, 0, 0, 0.0959007, 0.0523671, 0.105759, 2.2456, 0.9264, 0.491992, 284.162
4601, 0.0906207, 0.0962647, 0.00308361, 0, 3.43953e-05, 0.000863565, 0, 0, 0.100246, 0.0447328, 0.0905039, 2.40107, 0.926404, 0.483051, 285.277
4602, 0.0584967, 0.106303, 0.00268968, 0, 2.2137e-05, 0.000567297, 0, 0, 0.109582, 0.0286625, 0.0606806, 2.83879, 0.926408, 0.475093, 287.579
4603, 0.0382551, 0.11303, 0.00242598, 0, 1.43846e-05, 0.000393241, 0, 0, 0.115864, 0.0187771, 0.0443292, 3.26348, 0.926412, 0.479648, 289.028
4604, 0.0380196, 0.11355, 0.00239134, 0, 1.41725e-05, 0.000406346, 0, 0, 0.116362, 0.018794, 0.0472064, 3.26965, 0.926416, 0.486307, 289.108
4605, 0.0377229, 0.114613, 0.00226129, 0, 1.41815e-05, 0.000405458, 0, 0, 0.117294, 0.0187242, 0.0471081, 3.27749, 0.92642, 0.492652, 289.288
4606, 0.0543322, 0.111019, 0.00235, 0, 2.01568e-05, 0.000538312, 0, 0, 0.113927, 0.0269287, 0.0597749, 2.91264, 0.926424, 0.499992, 288.477
4607, 0.0987951, 0.0990857, 0.00285, 0, 3.53313e-05, 0.000889049, 0, 0, 0.10286, 0.0479028, 0.0942409, 2.31471, 0.926428, 0.494556, 285.746
4608, 0.121146, 0.0919581, 0.00318509, 0, 4.25444e-05, 0.00104977, 0, 0, 0.0962355, 0.0573325, 0.109351, 2.11076, 0.926432, 0.477462, 283.982
4609, 0.0959275, 0.0961807, 0.00311987, 0, 3.42821e-05, 0.000853622, 0, 0, 0.100188, 0.0448432, 0.0891588, 2.34416, 0.926436, 0.468172, 284.992
4610, 0.0746035, 0.100804, 0.00299355, 0, 2.8207e-05, 0.000710693, 0, 0, 0.104537, 0.03587, 0.0746914, 2.59557, 0.92644, 0.47765, 286.068
4611, 0.100153, 0.0955842, 0.00313113, 0, 3.80294e-05, 0.000938376, 0, 0, 0.0996917, 0.0496566, 0.0975698, 2.30106, 0.926444, 0.492446, 284.796
4612, 0.140916, 0.0884185, 0.00327409, 0, 5.15273e-05, 0.00124809, 0, 0, 0.0929922, 0.0696831, 0.12883, 1.95959, 0.926448, 0.49582, 282.966
4613, 0.150462, 0.0890628, 0.0031735, 0, 5.32423e-05, 0.00128835, 0, 0, 0.0935779, 0.0738251, 0.13356, 1.89405, 0.926452, 0.491099, 283.093
4614, 0.156361, 0.0900873, 0.00308243, 0, 5.39395e-05, 0.00128571, 0, 0, 0.0945094, 0.0758482, 0.132847, 1.85559, 0.926456, 0.483543, 283.314
4615, 0.178258, 0.0861413, 0.00319344, 0, 6.09892e-05, 0.00141524, 0, 0, 0.090811, 0.0858645, 0.144159, 1.72453, 0.92646, 0.478438, 282.257
4616, 0.154532, 0.0892766, 0.00320288, 0, 5.34101e-05, 0.00124871, 0, 0, 0.0937816, 0.0741689, 0.127576, 1.86736, 0.926464, 0.477459, 283.049
4617, 0.0976095, 0.0996909, 0.00299255, 0, 3.46811e-05, 0.000845168, 0, 0, 0.103563, 0.0467859, 0.0883861, 2.32678, 0.926468, 0.48133, 285.588
4618, 0.0868204, 0.102486, 0.00291854, 0, 3.11591e-05, 0.0007736, 0, 0, 0.106209, 0.0421658, 0.0818381, 2.44391, 0.926472, 0.488256, 286.217
4619, 0.136552, 0.0936988, 0.0031117, 0, 4.69464e-05, 0.00113124, 0, 0, 0.0979887, 0.0659895, 0.117546, 1.99105, 0.926476, 0.486799, 284.081
4620, 0.166714, 0.0889397, 0.00316708, 0, 5.54061e-05, 0.00132909, 0, 0, 0.0934913, 0.0791552, 0.137799, 1.79147, 0.92648, 0.477102, 282.835
4621, 0.124855, 0.0995146, 0.00274598, 0, 4.08361e-05, 0.00101476, 0, 0, 0.103316, 0.0585132, 0.10809, 2.0806, 0.926484, 0.476384, 285.392
4622, 0.0594741, 0.116224, 0.002072, 0, 1.95865e-05, 0.000526088, 0, 0, 0.118842, 0.0278795, 0.0599595, 2.82221, 0.926488, 0.484179, 289.068
4623, 0.0262023, 0.124444, 0.00177973, 0, 9.03533e-06, 0.000274341, 0, 0, 0.126508, 0.0124404, 0.0348097, 3.64191, 0.926492, 0.487393, 290.722
4624, 0.020619, 0.125236, 0.0017995, 0, 7.44987e-06, 0.00023745, 0, 0, 0.12728, 0.0099572, 0.0310419, 3.88154, 0.926496, 0.48425, 290.854
4625, 0.0175314, 0.127728, 0.00156553, 0, 6.29244e-06, 0.000198338, 0, 0, 0.129498, 0.00850839, 0.0256155, 4.04376, 0.9265, 0.475607, 291.291
4626, 0.0211697, 0.128605, 0.00143084, 0, 7.06749e-06, 0.000216009, 0, 0, 0.130259, 0.0102623, 0.0271411, 3.85518, 0.926504, 0.472233, 291.418
4627, 0.0435472, 0.121906, 0.00187936, 0, 1.41418e-05, 0.000416532, 0, 0, 0.124216, 0.0213349, 0.0503274, 3.13391, 0.926508, 0.48027, 290.093
4628, 0.0767369, 0.112462, 0.00243009, 0, 2.49034e-05, 0.000698297, 0, 0, 0.115616, 0.0376822, 0.0808622, 2.56737, 0.926512, 0.49003, 288.131
4629, 0.121663, 0.10197, 0.00283729, 0, 3.9097e-05, 0.00102048, 0, 0, 0.105867, 0.0585783, 0.112181, 2.1065, 0.926516, 0.487254, 285.764
4630, 0.179183, 0.0899044, 0.00317251, 0, 5.76884e-05, 0.00139674, 0, 0, 0.0945313, 0.0849921, 0.1462, 1.71935, 0.92652, 0.477408, 282.786
4631, 0.217937, 0.0820699, 0.00335659, 0, 7.18719e-05, 0.00166215, 0, 0, 0.0871605, 0.104387, 0.168957, 1.52355, 0.926524, 0.477796, 280.679
4632, 0.193216, 0.0860895, 0.00328205, 0, 6.57973e-05, 0.00150898, 0, 0, 0.0909463, 0.0942116, 0.152587, 1.64394, 0.926528, 0.482132, 281.728
4633, 0.136602, 0.0966474, 0.0030537, 0, 4.74178e-05, 0.00111147, 0, 0, 0.10086, 0.067029, 0.113923, 1.99068, 0.926532, 0.479583, 284.364
4634, 0.133747, 0.0979156, 0.00302366, 0, 4.53895e-05, 0.00108989, 0, 0, 0.102075, 0.0653528, 0.113148, 2.01181, 0.926536, 0.480403, 284.642
4635, 0.160449, 0.094605, 0.00304895, 0, 5.32617e-05, 0.00128685, 0, 0, 0.098994, 0.0788757, 0.134056, 1.82978, 0.92654, 0.485218, 283.812
4636, 0.137466, 0.102044, 0.0027095, 0, 4.49449e-05, 0.00110618, 0, 0, 0.105904, 0.0677499, 0.116989, 1.98438, 0.926544, 0.481234, 285.54
4637, 0.109105, 0.109289, 0.00242212, 0, 3.50099e-05, 0.000880839, 0, 0, 0.112627, 0.0533124, 0.094793, 2.21545, 0.926548, 0.474311, 287.133
4638, 0.143768, 0.101465, 0.00272182, 0, 4.5444e-05, 0.00111927, 0, 0, 0.105352, 0.069046, 0.118463, 1.93956, 0.926552, 0.473427, 285.336
4639, 0.176786, 0.0935884, 0.00305536, 0, 5.51348e-05, 0.00133751, 0, 0, 0.0980364, 0.0833102, 0.139951, 1.73282, 0.926556, 0.472463, 283.427
4640, 0.142466, 0.100234, 0.00291728, 0, 4.419e-05, 0.00108724, 0, 0, 0.104283, 0.0663967, 0.115087, 1.94865, 0.92656, 0.474821, 285.003
4641, 0.10566, 0.107553, 0.00272309, 0, 3.3264e-05, 0.00083098, 0, 0, 0.11114, 0.0494264, 0.0889992, 2.24753, 0.926564, 0.479126, 286.647
4642, 0.137464, 0.100824, 0.0029233, 0, 4.31261e-05, 0.00105204, 0, 0, 0.104843, 0.0642546, 0.110504, 1.98439, 0.926568, 0.476382, 285.077
4643, 0.175215, 0.0936806, 0.00311178, 0, 5.43563e-05, 0.0013218, 0, 0, 0.0981685, 0.0820333, 0.138251, 1.74174, 0.926572, 0.473021, 283.329
4644, 0.144246, 0.101951, 0.0027653, 0, 4.45807e-05, 0.00111162, 0, 0, 0.105873, 0.0681513, 0.118477, 1.93623, 0.926576, 0.474239, 285.267
4645, 0.0788721, 0.118059, 0.00207906, 0, 2.4394e-05, 0.000638486, 0, 0, 0.120801, 0.0376177, 0.0708205, 2.53993, 0.92658, 0.47454, 288.741
4646, 0.057095, 0.122954, 0.00190961, 0, 1.77407e-05, 0.000488025, 0, 0, 0.125369, 0.0275014, 0.0560944, 2.86304, 0.926584, 0.472672, 289.71
4647, 0.0780575, 0.11629, 0.00234923, 0, 2.42559e-05, 0.000665782, 0, 0, 0.119329, 0.0376922, 0.075873, 2.55031, 0.926588, 0.470673, 288.345
4648, 0.0823228, 0.113791, 0.00258761, 0, 2.57761e-05, 0.000693237, 0, 0, 0.117098, 0.0395111, 0.0780983, 2.49711, 0.926592, 0.465842, 287.806
4649, 0.0956468, 0.110738, 0.00270076, 0, 3.08168e-05, 0.000759888, 0, 0, 0.114229, 0.0459419, 0.0815074, 2.34709, 0.926596, 0.464391, 287.11
4650, 0.174406, 0.0959794, 0.00305969, 0, 5.62188e-05, 0.00129027, 0, 0, 0.100386, 0.0841218, 0.131588, 1.74637, 0.9266, 0.471399, 283.677
4651, 0.254971, 0.0822345, 0.00334785, 0, 8.05076e-05, 0.00182025, 0, 0, 0.0874831, 0.121944, 0.183466, 1.3666, 0.926604, 0.474187, 280.111
4652, 0.256494, 0.082764, 0.00333649, 0, 7.81928e-05, 0.00180021, 0, 0, 0.0879789, 0.119916, 0.183396, 1.36065, 0.926608, 0.463162, 280.221
4653, 0.197119, 0.0939744, 0.0030954, 0, 5.72923e-05, 0.00138544, 0, 0, 0.0985126, 0.0892798, 0.145492, 1.62395, 0.926612, 0.449162, 283.089
4654, 0.123552, 0.108695, 0.00267213, 0, 3.47606e-05, 0.000895799, 0, 0, 0.112298, 0.0547446, 0.0983224, 2.0911, 0.926616, 0.450225, 286.492
4655, 0.0618742, 0.122215, 0.00217792, 0, 1.76837e-05, 0.000491144, 0, 0, 0.124902, 0.0276042, 0.0576048, 2.78265, 0.92662, 0.464746, 289.311
4656, 0.0318309, 0.129746, 0.00181287, 0, 9.66198e-06, 0.000287602, 0, 0, 0.131856, 0.0147374, 0.0359147, 3.44732, 0.926624, 0.474419, 290.752
4657, 0.0383105, 0.128263, 0.00185841, 0, 1.16673e-05, 0.000333122, 0, 0, 0.130466, 0.01796, 0.0396723, 3.26203, 0.926628, 0.473708, 290.43
4658, 0.0731028, 0.119055, 0.00234167, 0, 2.17725e-05, 0.00060155, 0, 0, 0.12202, 0.0342586, 0.0687349, 2.61589, 0.926632, 0.469031, 288.581
4659, 0.0859679, 0.11636, 0.00246529, 0, 2.5458e-05, 0.000706029, 0, 0, 0.119557, 0.0404311, 0.0808367, 2.45378, 0.926636, 0.460618, 287.999
4660, 0.0525609, 0.126541, 0.00186982, 0, 1.55834e-05, 0.000440447, 0, 0, 0.128867, 0.0246894, 0.0516283, 2.94578, 0.92664, 0.453517, 289.994
4661, 0.0221677, 0.135779, 0.00132905, 0, 6.65349e-06, 0.00019196, 0, 0, 0.137306, 0.0103177, 0.0235361, 3.80912, 0.926644, 0.462188, 291.7
4662, 0.0382957, 0.131795, 0.00157007, 0, 1.13735e-05, 0.000306762, 0, 0, 0.133683, 0.0178474, 0.0356619, 3.26242, 0.926648, 0.474475, 290.931
4663, 0.111673, 0.114684, 0.00235449, 0, 3.29513e-05, 0.000833743, 0, 0, 0.117905, 0.0523447, 0.09073, 2.19218, 0.926652, 0.474693, 287.494
4664, 0.21239, 0.0942924, 0.0030563, 0, 6.31645e-05, 0.00151617, 0, 0, 0.098928, 0.100132, 0.158415, 1.54933, 0.926656, 0.471807, 282.836
4665, 0.28743, 0.0811626, 0.0033793, 0, 8.58682e-05, 0.00198139, 0, 0, 0.0866092, 0.13536, 0.201934, 1.24678, 0.92666, 0.470416, 279.396
4666, 0.305963, 0.0786528, 0.00341693, 0, 8.98542e-05, 0.00204641, 0, 0, 0.084206, 0.141412, 0.207196, 1.18429, 0.926664, 0.462451, 278.653
4667, 0.264371, 0.0861913, 0.00327718, 0, 7.50397e-05, 0.00174581, 0, 0, 0.0912893, 0.118906, 0.179429, 1.3304, 0.926668, 0.453186, 280.669
4668, 0.213517, 0.0949147, 0.00313615, 0, 5.94485e-05, 0.00144624, 0, 0, 0.0995565, 0.0954627, 0.152742, 1.54404, 0.926672, 0.454838, 282.869
4669, 0.206863, 0.0956608, 0.00316095, 0, 5.87594e-05, 0.00145974, 0, 0, 0.10034, 0.0950647, 0.155558, 1.5757, 0.926676, 0.464667, 283.04
4670, 0.222784, 0.0923889, 0.00325016, 0, 6.50084e-05, 0.00160593, 0, 0, 0.09731, 0.104944, 0.170042, 1.50155, 0.92668, 0.472334, 282.212
4671, 0.216283, 0.0936978, 0.0031957, 0, 6.31923e-05, 0.0015651, 0, 0, 0.0985218, 0.101968, 0.165928, 1.53117, 0.926684, 0.468023, 282.5
4672, 0.1561, 0.106555, 0.0027322, 0, 4.47232e-05, 0.00113768, 0, 0, 0.110469, 0.0725015, 0.123123, 1.85726, 0.926688, 0.454603, 285.464
4673, 0.0720264, 0.126326, 0.0018448, 0, 2.01272e-05, 0.000535301, 0, 0, 0.128726, 0.032695, 0.0602332, 2.63072, 0.926692, 0.446171, 289.537
4674, 0.0214498, 0.139193, 0.00118425, 0, 6.04044e-06, 0.000174001, 0, 0, 0.140557, 0.00955945, 0.0214317, 3.84204, 0.926696, 0.4495, 291.918
4675, 0.0114497, 0.140393, 0.00126599, 0, 3.64832e-06, 0.000120311, 0, 0, 0.141783, 0.00529605, 0.0171091, 4.46979, 0.9267, 0.4581, 292.126
4676, 0.0124518, 0.138768, 0.00150833, 0, 4.17648e-06, 0.000140934, 0, 0, 0.140421, 0.00589857, 0.0205433, 4.38589, 0.926704, 0.465818, 291.825
4677, 0.0085064, 0.140377, 0.00140988, 0, 3.00825e-06, 0.000101791, 0, 0, 0.141892, 0.00404733, 0.01528, 4.76694, 0.926708, 0.469357, 292.081
4678, 0.00384359, 0.143204, 0.00114692, 0, 1.49556e-06, 5.08659e-05, 0, 0, 0.144403, 0.00182035, 0.00808383, 5.56135, 0.926712, 0.466514, 292.536
4679, 0.00129591, 0.145723, 0.000872379, 0, 5.5517e-07, 1.88176e-05, 0, 0, 0.146615, 0.000609156, 0.00315959, 6.64854, 0.926716, 0.4597, 292.927
4680, 0.000439927, 0.147053, 0.000726797, 0, 1.90148e-07, 6.02853e-06, 0, 0, 0.147786, 0.000205028, 0.00102153, 7.7289, 0.92672, 0.456767, 293.116
4681, 0.00266797, 0.146637, 0.000745333, 0, 8.26638e-07, 2.36955e-05, 0, 0, 0.147407, 0.00124513, 0.0029608, 5.92644, 0.926724, 0.457626, 293.011
4682, 0.0191174, 0.14086, 0.0011931, 0, 5.66105e-06, 0.000156718, 0, 0, 0.142216, 0.00897296, 0.0182181, 3.95715, 0.926728, 0.45965, 291.981
4683, 0.0720941, 0.125883, 0.00208818, 0, 2.09477e-05, 0.000556315, 0, 0, 0.128548, 0.0336999, 0.0621362, 2.62978, 0.926732, 0.460888, 289.171
4684, 0.158414, 0.105967, 0.00291425, 0, 4.53807e-05, 0.00114689, 0, 0, 0.110073, 0.0729793, 0.123426, 1.84255, 0.926736, 0.459814, 284.977
4685, 0.241202, 0.0896485, 0.00335412, 0, 6.92642e-05, 0.00165689, 0, 0, 0.0947288, 0.110226, 0.172195, 1.42212, 0.92674, 0.456219, 281.03
4686, 0.301385, 0.0792207, 0.00352061, 0, 8.89655e-05, 0.00203102, 0, 0, 0.0848613, 0.139885, 0.205582, 1.19937, 0.926744, 0.461458, 278.197
4687, 0.33216, 0.0735885, 0.00358508, 0, 0.00010069, 0.00223681, 0, 0, 0.0795111, 0.156533, 0.22322, 1.10214, 0.926748, 0.469664, 276.532
4688, 0.331053, 0.0721226, 0.00361376, 0, 0.000101065, 0.00222151, 0, 0, 0.078059, 0.155263, 0.220519, 1.10548, 0.926752, 0.467804, 276.041
4689, 0.299682, 0.0754048, 0.00358928, 0, 9.15617e-05, 0.00201553, 0, 0, 0.0811012, 0.138999, 0.200237, 1.20503, 0.926756, 0.461487, 276.962
4690, 0.230121, 0.086403, 0.0034301, 0, 7.05691e-05, 0.001574, 0, 0, 0.0914776, 0.105654, 0.157554, 1.46915, 0.92676, 0.453832, 279.972
4691, 0.158266, 0.0984435, 0.00323467, 0, 4.91933e-05, 0.00111873, 0, 0, 0.102846, 0.0720914, 0.113438, 1.84348, 0.926764, 0.448895, 282.965
4692, 0.158305, 0.0954454, 0.0033217, 0, 5.06759e-05, 0.00113776, 0, 0, 0.0999556, 0.0731002, 0.11508, 1.84323, 0.926768, 0.454928, 282.19
4693, 0.202257, 0.0843839, 0.00354383, 0, 6.5499e-05, 0.0014335, 0, 0, 0.0894267, 0.0948175, 0.14332, 1.59822, 0.926772, 0.46438, 279.296
4694, 0.195565, 0.0854656, 0.00354624, 0, 6.31862e-05, 0.00137864, 0, 0, 0.0904536, 0.0917391, 0.137877, 1.63186, 0.926776, 0.464705, 279.555
4695, 0.124328, 0.100183, 0.00336219, 0, 4.04779e-05, 0.000903842, 0, 0, 0.10449, 0.0580219, 0.0919435, 2.08483, 0.92678, 0.45889, 283.249
4696, 0.0673135, 0.110852, 0.00328451, 0, 2.28934e-05, 0.000536439, 0, 0, 0.114696, 0.0313009, 0.0565151, 2.6984, 0.926784, 0.455471, 285.678
4697, 0.0701887, 0.108051, 0.00338003, 0, 2.38903e-05, 0.00056209, 0, 0, 0.112017, 0.0322514, 0.0598154, 2.65657, 0.926788, 0.457175, 285.017
4698, 0.0986742, 0.100953, 0.00346126, 0, 3.20534e-05, 0.000721668, 0, 0, 0.105168, 0.04426, 0.0752436, 2.31593, 0.926792, 0.454391, 283.322
4699, 0.103518, 0.100785, 0.00341607, 0, 3.29583e-05, 0.000718216, 0, 0, 0.104952, 0.0456357, 0.0736534, 2.26801, 0.926796, 0.448543, 283.235
4700, 0.092259, 0.104322, 0.0033394, 0, 2.96909e-05, 0.000639904, 0, 0, 0.108331, 0.0411201, 0.0653859, 2.38316, 0.9268, 0.451593, 284.035
4701, 0.11573, 0.0983884, 0.003444, 0, 3.69843e-05, 0.00078572, 0, 0, 0.102655, 0.0524725, 0.0796783, 2.1565, 0.926804, 0.457702, 282.592
4702, 0.153218, 0.0896339, 0.00358025, 0, 4.79836e-05, 0.00101146, 0, 0, 0.0942735, 0.069534, 0.101816, 1.87589, 0.926808, 0.457249, 280.355
4703, 0.149489, 0.0910701, 0.00354551, 0, 4.64124e-05, 0.000995414, 0, 0, 0.0956574, 0.0679422, 0.101024, 1.90053, 0.926812, 0.453028, 280.697
4704, 0.110876, 0.102781, 0.00323901, 0, 3.44048e-05, 0.000770638, 0, 0, 0.106825, 0.0506121, 0.0801553, 2.19934, 0.926816, 0.452808, 283.538
4705, 0.0616964, 0.121395, 0.00250725, 0, 1.92801e-05, 0.000451604, 0, 0, 0.124373, 0.0283752, 0.048411, 2.78553, 0.92682, 0.456814, 287.56
4706, 0.021612, 0.138731, 0.00166846, 0, 6.90037e-06, 0.000167501, 0, 0, 0.140574, 0.00999986, 0.0187299, 3.83451, 0.926824, 0.458764, 290.877
4707, 0.00644068, 0.144914, 0.00142446, 0, 2.25831e-06, 5.97162e-05, 0, 0, 0.146401, 0.00297905, 0.00743455, 5.04512, 0.926828, 0.45387, 291.973
4708, 0.00824897, 0.141177, 0.00181595, 0, 3.05846e-06, 8.35528e-05, 0, 0, 0.14308, 0.00384167, 0.0104857, 4.79767, 0.926832, 0.448063, 291.302
4709, 0.0148991, 0.134708, 0.0023211, 0, 5.38716e-06, 0.000142143, 0, 0, 0.137176, 0.00698129, 0.0171812, 4.20646, 0.926836, 0.451403, 290.104
4710, 0.0185425, 0.132039, 0.00250484, 0, 6.47697e-06, 0.000168872, 0, 0, 0.134719, 0.00861211, 0.0203097, 3.98769, 0.92684, 0.45532, 289.575
4711, 0.0225368, 0.131978, 0.00245687, 0, 7.26389e-06, 0.00018847, 0, 0, 0.13463, 0.0101197, 0.0224841, 3.7926, 0.926844, 0.451573, 289.525
4712, 0.0297017, 0.130269, 0.00246223, 0, 9.08303e-06, 0.00023055, 0, 0, 0.132971, 0.0130715, 0.0267857, 3.51655, 0.926848, 0.447164, 289.152
4713, 0.0260627, 0.132459, 0.00229785, 0, 8.09452e-06, 0.000200048, 0, 0, 0.134965, 0.0115205, 0.0230692, 3.64725, 0.926852, 0.444755, 289.528
4714, 0.0226016, 0.133473, 0.00218145, 0, 7.52726e-06, 0.000175315, 0, 0, 0.135838, 0.0102558, 0.0199551, 3.78973, 0.926856, 0.445325, 289.673
4715, 0.0389489, 0.121991, 0.00266122, 0, 1.3345e-05, 0.000287445, 0, 0, 0.124953, 0.0179171, 0.0309999, 3.2455, 0.92686, 0.452005, 287.363
4716, 0.0564332, 0.110126, 0.0032066, 0, 1.95052e-05, 0.00040564, 0, 0, 0.113758, 0.0260193, 0.0423452, 2.8747, 0.926864, 0.456443, 284.813
4717, 0.0517305, 0.112565, 0.00322704, 0, 1.80139e-05, 0.000377671, 0, 0, 0.116188, 0.0237604, 0.0393052, 2.96171, 0.926868, 0.449934, 285.344
4718, 0.0477878, 0.116992, 0.00311563, 0, 1.60007e-05, 0.000347472, 0, 0, 0.120471, 0.0214055, 0.0365245, 3.04099, 0.926872, 0.436949, 286.281
4719, 0.0767932, 0.108259, 0.0033128, 0, 2.4372e-05, 0.000528078, 0, 0, 0.112124, 0.0340772, 0.0546535, 2.56664, 0.926876, 0.433362, 284.332
4720, 0.114439, 0.0963363, 0.00357928, 0, 3.59704e-05, 0.000770594, 0, 0, 0.100722, 0.0513822, 0.078574, 2.16772, 0.92688, 0.442792, 281.484
4721, 0.122876, 0.0928322, 0.0036781, 0, 3.87809e-05, 0.000826822, 0, 0, 0.0973759, 0.0557319, 0.0840866, 2.09658, 0.926884, 0.453123, 280.577
4722, 0.115619, 0.0954194, 0.00363603, 0, 3.63162e-05, 0.000788789, 0, 0, 0.0998806, 0.052651, 0.0811932, 2.15746, 0.926888, 0.457009, 281.202
4723, 0.104007, 0.102946, 0.00342316, 0, 3.20936e-05, 0.000732141, 0, 0, 0.107133, 0.0474378, 0.0772094, 2.2633, 0.926892, 0.456519, 283.001
4724, 0.071664, 0.118127, 0.00288588, 0, 2.17784e-05, 0.000521707, 0, 0, 0.121556, 0.0326036, 0.0566376, 2.63577, 0.926896, 0.453961, 286.329
4725, 0.0304422, 0.136319, 0.00210029, 0, 9.26646e-06, 0.000230783, 0, 0, 0.138659, 0.0137734, 0.0260972, 3.49193, 0.9269, 0.447581, 289.885
4726, 0.00728164, 0.14828, 0.00143766, 0, 2.3175e-06, 6.04509e-05, 0, 0, 0.149781, 0.00327281, 0.00744663, 4.9224, 0.926904, 0.438534, 291.998
4727, 0.00106888, 0.153942, 0.000909555, 0, 3.94325e-07, 1.11409e-05, 0, 0, 0.154863, 0.000471609, 0.0016252, 6.84114, 0.926908, 0.440982, 292.903
4728, 0.000279665, 0.156766, 0.000522099, 0, 1.11925e-07, 3.53048e-06, 0, 0, 0.157291, 0.00012405, 0.000566781, 8.18192, 0.926912, 0.449602, 293.31
4729, 0.00187164, 0.156124, 0.000585815, 0, 6.07816e-07, 1.93897e-05, 0, 0, 0.15673, 0.000855451, 0.00271641, 6.28094, 0.926916, 0.450869, 293.177
4730, 0.0114642, 0.149892, 0.00122509, 0, 3.47561e-06, 0.000106365, 0, 0, 0.151227, 0.00518671, 0.0137712, 4.46852, 0.92692, 0.452035, 292.138
4731, 0.0412754, 0.137028, 0.00216858, 0, 1.18445e-05, 0.000341857, 0, 0, 0.13955, 0.0183594, 0.0411646, 3.18749, 0.926924, 0.453719, 289.869
4732, 0.0968835, 0.120676, 0.0029523, 0, 2.65565e-05, 0.000722791, 0, 0, 0.124378, 0.0422635, 0.0818512, 2.33425, 0.926928, 0.44685, 286.692
4733, 0.153847, 0.107928, 0.00336214, 0, 4.10568e-05, 0.00107332, 0, 0, 0.112404, 0.0660549, 0.11705, 1.8718, 0.926932, 0.435231, 283.949
4734, 0.166878, 0.105735, 0.00341482, 0, 4.44863e-05, 0.00114037, 0, 0, 0.110335, 0.0712607, 0.122469, 1.79049, 0.926936, 0.43106, 283.425
4735, 0.133069, 0.113388, 0.00320201, 0, 3.66772e-05, 0.000934458, 0, 0, 0.117562, 0.0577682, 0.10016, 2.01689, 0.92694, 0.437421, 285.08
4736, 0.118278, 0.115908, 0.00312504, 0, 3.45787e-05, 0.000864036, 0, 0, 0.119931, 0.0533423, 0.0918535, 2.13472, 0.926944, 0.446056, 285.583
4737, 0.143019, 0.107123, 0.00338514, 0, 4.26788e-05, 0.00103606, 0, 0, 0.111587, 0.0653234, 0.108592, 1.94478, 0.926948, 0.450681, 283.628
4738, 0.142463, 0.101257, 0.00359706, 0, 4.26809e-05, 0.00101196, 0, 0, 0.105908, 0.064379, 0.105584, 1.94867, 0.926952, 0.447602, 282.22
4739, 0.126017, 0.098776, 0.00366617, 0, 3.78616e-05, 0.000859831, 0, 0, 0.10334, 0.0557526, 0.0891569, 2.07134, 0.926956, 0.440863, 281.545
4740, 0.12533, 0.0952028, 0.00371278, 0, 3.75594e-05, 0.00081558, 0, 0, 0.0997688, 0.0546383, 0.083605, 2.07681, 0.92696, 0.435852, 280.598
4741, 0.114829, 0.0971004, 0.0036988, 0, 3.45983e-05, 0.000748693, 0, 0, 0.101582, 0.0500643, 0.0770847, 2.16431, 0.926964, 0.435078, 281.034
4742, 0.0965568, 0.103526, 0.00359615, 0, 2.94073e-05, 0.000657851, 0, 0, 0.107809, 0.0425921, 0.0690521, 2.33762, 0.926968, 0.438656, 282.559
4743, 0.0794614, 0.112294, 0.00328665, 0, 2.43551e-05, 0.000563662, 0, 0, 0.116169, 0.0355425, 0.0603036, 2.53248, 0.926972, 0.444674, 284.506
4744, 0.0489415, 0.127668, 0.00262465, 0, 1.51937e-05, 0.000362105, 0, 0, 0.13067, 0.0221137, 0.0398272, 3.01713, 0.926976, 0.445514, 287.648
4745, 0.0204693, 0.141191, 0.00209746, 0, 6.63228e-06, 0.000168874, 0, 0, 0.143464, 0.00929691, 0.0197908, 3.88883, 0.92698, 0.438804, 290.187
4746, 0.0105054, 0.14543, 0.00200618, 0, 3.682e-06, 0.000104277, 0, 0, 0.147544, 0.00475615, 0.0132413, 4.55587, 0.926984, 0.437591, 290.937
4747, 0.00762569, 0.148665, 0.00177578, 0, 2.70899e-06, 7.87546e-05, 0, 0, 0.150523, 0.00342309, 0.0102503, 4.87623, 0.926988, 0.44108, 291.464
4748, 0.0101313, 0.149504, 0.00164642, 0, 3.20077e-06, 8.48376e-05, 0, 0, 0.151238, 0.00440462, 0.0102497, 4.59212, 0.926992, 0.442498, 291.565
4749, 0.0348493, 0.138518, 0.00218026, 0, 1.009e-05, 0.000248384, 0, 0, 0.140957, 0.0149335, 0.0272483, 3.35672, 0.926996, 0.442146, 289.571
4750, 0.0838483, 0.118642, 0.00302047, 0, 2.38187e-05, 0.000573037, 0, 0, 0.122259, 0.0359088, 0.0608738, 2.47875, 0.927, 0.436777, 285.654
4751, 0.123851, 0.103896, 0.00355537, 0, 3.52804e-05, 0.000836715, 0, 0, 0.108324, 0.053213, 0.0875871, 2.08868, 0.927004, 0.432315, 282.399
4752, 0.131964, 0.10055, 0.00369236, 0, 3.83676e-05, 0.000904012, 0, 0, 0.105184, 0.0573173, 0.094136, 2.02523, 0.927008, 0.435956, 281.595
4753, 0.110017, 0.107807, 0.00351835, 0, 3.28117e-05, 0.000779044, 0, 0, 0.112137, 0.0486061, 0.0816057, 2.20712, 0.927012, 0.441164, 283.249
4754, 0.0754783, 0.120192, 0.00318519, 0, 2.27352e-05, 0.000551126, 0, 0, 0.123951, 0.0335, 0.058751, 2.58391, 0.927016, 0.438515, 285.897
4755, 0.0752081, 0.121363, 0.00316874, 0, 2.20063e-05, 0.000535897, 0, 0, 0.12509, 0.0326673, 0.0572165, 2.5875, 0.92702, 0.433393, 286.113
4756, 0.114209, 0.109523, 0.00349266, 0, 3.26079e-05, 0.000779143, 0, 0, 0.113828, 0.0493347, 0.0816772, 2.16972, 0.927024, 0.43363, 283.551
4757, 0.13944, 0.101623, 0.00368207, 0, 3.95444e-05, 0.000937345, 0, 0, 0.106282, 0.0606175, 0.0976808, 1.97012, 0.927028, 0.436341, 281.708
4758, 0.121993, 0.106159, 0.00355636, 0, 3.45621e-05, 0.000826949, 0, 0, 0.110577, 0.053261, 0.0871285, 2.10379, 0.927032, 0.435931, 282.72
4759, 0.0760008, 0.121859, 0.00302479, 0, 2.15798e-05, 0.000532992, 0, 0, 0.125438, 0.0330766, 0.0579708, 2.57701, 0.927036, 0.435133, 286.061
4760, 0.032385, 0.141198, 0.00213455, 0, 9.34268e-06, 0.000243558, 0, 0, 0.143586, 0.0140432, 0.0279888, 3.43006, 0.92704, 0.438689, 289.734
4761, 0.0131548, 0.151026, 0.00162722, 0, 3.95967e-06, 0.000110942, 0, 0, 0.152768, 0.00569299, 0.0137424, 4.33097, 0.927044, 0.442143, 291.434
4762, 0.0174857, 0.146322, 0.00205088, 0, 5.27595e-06, 0.000149491, 0, 0, 0.148528, 0.007444, 0.0183977, 4.04637, 0.927048, 0.438561, 290.614
4763, 0.0285059, 0.137595, 0.00271466, 0, 8.57539e-06, 0.000238371, 0, 0, 0.140556, 0.0121339, 0.0283085, 3.55764, 0.927052, 0.429726, 289.048
4764, 0.0399348, 0.132756, 0.00302189, 0, 1.1818e-05, 0.000325137, 0, 0, 0.136115, 0.0172115, 0.0376046, 3.22051, 0.927056, 0.427711, 288.131
4765, 0.0541792, 0.129445, 0.00311816, 0, 1.53568e-05, 0.000420987, 0, 0, 0.132999, 0.0233322, 0.04824, 2.91546, 0.92706, 0.429973, 287.464
4766, 0.0533535, 0.131938, 0.00289249, 0, 1.47763e-05, 0.000405811, 0, 0, 0.135251, 0.022856, 0.0468375, 2.93082, 0.927064, 0.430761, 287.893
4767, 0.0328355, 0.142647, 0.00223356, 0, 9.18886e-06, 0.000256318, 0, 0, 0.145146, 0.0141042, 0.0303561, 3.41624, 0.927068, 0.432303, 289.813
4768, 0.0232142, 0.148263, 0.00188832, 0, 6.6305e-06, 0.000189736, 0, 0, 0.150347, 0.0101165, 0.0230483, 3.76299, 0.927072, 0.433401, 290.764
4769, 0.0404223, 0.140127, 0.00239716, 0, 1.13562e-05, 0.000319443, 0, 0, 0.142855, 0.0176171, 0.0378841, 3.20837, 0.927076, 0.433203, 289.308
4770, 0.0638271, 0.129134, 0.00301806, 0, 1.76257e-05, 0.000481279, 0, 0, 0.132651, 0.0275665, 0.055702, 2.75158, 0.92708, 0.431935, 287.235
4771, 0.0672904, 0.127899, 0.00308905, 0, 1.8532e-05, 0.000496907, 0, 0, 0.131503, 0.0290534, 0.0569093, 2.69874, 0.927084, 0.432984, 286.966
4772, 0.0444078, 0.137452, 0.0027065, 0, 1.25178e-05, 0.000338662, 0, 0, 0.14051, 0.0193608, 0.0393256, 3.11434, 0.927088, 0.433422, 288.755
4773, 0.0236073, 0.144679, 0.00247705, 0, 7.13836e-06, 0.000201185, 0, 0, 0.147364, 0.0103927, 0.0241043, 3.7462, 0.927092, 0.429164, 290.046
4774, 0.023135, 0.142479, 0.00267953, 0, 7.29367e-06, 0.000210738, 0, 0, 0.145377, 0.0101146, 0.0253063, 3.76641, 0.927096, 0.42693, 289.636
4775, 0.0220955, 0.14202, 0.00276312, 0, 6.96541e-06, 0.000203138, 0, 0, 0.144993, 0.009543, 0.0245551, 3.81238, 0.9271, 0.427433, 289.531
4776, 0.0130289, 0.147477, 0.00247842, 0, 4.18258e-06, 0.000124643, 0, 0, 0.150084, 0.00558006, 0.0155895, 4.34058, 0.927104, 0.428097, 290.463
4777, 0.0125805, 0.149581, 0.00230314, 0, 3.82793e-06, 0.000115651, 0, 0, 0.152004, 0.00538792, 0.0149343, 4.37561, 0.927108, 0.42824, 290.788
4778, 0.0226841, 0.146044, 0.00247026, 0, 6.4185e-06, 0.000194938, 0, 0, 0.148715, 0.00964243, 0.0250986, 3.78609, 0.927112, 0.428636, 290.144
4779, 0.0279212, 0.14428, 0.002599, 0, 7.74024e-06, 0.000239686, 0, 0, 0.147126, 0.0117811, 0.0311979, 3.57837, 0.927116, 0.426793, 289.812
4780, 0.0231604, 0.14608, 0.0025478, 0, 6.54586e-06, 0.000207139, 0, 0, 0.148841, 0.00974251, 0.0276731, 3.76531, 0.92712, 0.423403, 290.104
4781, 0.0141924, 0.150545, 0.00226647, 0, 4.23172e-06, 0.000135922, 0, 0, 0.152952, 0.00597408, 0.0189178, 4.25505, 0.927124, 0.424595, 290.837
4782, 0.0059991, 0.157532, 0.00165111, 0, 1.92531e-06, 6.2791e-05, 0, 0, 0.159248, 0.00253409, 0.00926002, 5.11615, 0.927128, 0.4292, 291.943
4783, 0.00155365, 0.163995, 0.00091953, 0, 5.42193e-07, 1.79204e-05, 0, 0, 0.164933, 0.000661149, 0.00281535, 6.46715, 0.927132, 0.429765, 292.909
4784, 0.000225285, 0.167653, 0.000420385, 0, 8.7917e-08, 2.91009e-06, 0, 0, 0.168076, 9.66436e-05, 0.000492499, 8.39814, 0.927136, 0.428533, 293.417
4785, 9.78643e-05, 0.16805, 0.000389882, 0, 5.00375e-08, 1.65175e-06, 0, 0, 0.168441, 4.06751e-05, 0.000326476, 9.23193, 0.92714, 0.423697, 293.448
4786, 0.000437299, 0.165473, 0.000832463, 0, 2.12232e-07, 7.03632e-06, 0, 0, 0.166313, 0.000182363, 0.00133991, 7.73489, 0.927144, 0.414999, 293.053
4787, 0.00123737, 0.161594, 0.00143352, 0, 5.60479e-07, 1.84937e-05, 0, 0, 0.163047, 0.000523071, 0.00335064, 6.69476, 0.927148, 0.415233, 292.456
4788, 0.00200792, 0.159475, 0.00173629, 0, 8.68789e-07, 2.85936e-05, 0, 0, 0.161241, 0.000859055, 0.00501955, 6.21065, 0.927152, 0.425403, 292.108
4789, 0.00181689, 0.161276, 0.00149602, 0, 7.76386e-07, 2.57234e-05, 0, 0, 0.162798, 0.000783103, 0.00450716, 6.31063, 0.927156, 0.433979, 292.35
4790, 0.00106544, 0.164888, 0.00100766, 0, 4.47283e-07, 1.50166e-05, 0, 0, 0.165911, 0.000458177, 0.0026356, 6.84437, 0.92716, 0.435481, 292.858
4791, 0.00189693, 0.164868, 0.000994498, 0, 6.63862e-07, 2.19574e-05, 0, 0, 0.165885, 0.000791807, 0.00345432, 6.26752, 0.927164, 0.431484, 292.822
4792, 0.00710556, 0.159136, 0.00162962, 0, 2.17625e-06, 6.80972e-05, 0, 0, 0.160836, 0.00290932, 0.00958984, 4.94688, 0.927168, 0.423685, 291.911
4793, 0.0194693, 0.150271, 0.00237742, 0, 5.44515e-06, 0.000161695, 0, 0, 0.152816, 0.00786621, 0.0208228, 3.93892, 0.927172, 0.413744, 290.435
4794, 0.0352203, 0.142505, 0.00286244, 0, 9.45698e-06, 0.000273649, 0, 0, 0.145651, 0.0142479, 0.0335023, 3.34613, 0.927176, 0.409396, 289.061
4795, 0.0503657, 0.137498, 0.00309717, 0, 1.34803e-05, 0.00038119, 0, 0, 0.14099, 0.0208365, 0.0452276, 2.98844, 0.92718, 0.413291, 288.127
4796, 0.0763845, 0.130159, 0.00331615, 0, 2.05031e-05, 0.000554261, 0, 0, 0.13405, 0.0323908, 0.0632512, 2.57198, 0.927184, 0.420078, 286.706
4797, 0.104436, 0.121987, 0.00353621, 0, 2.81614e-05, 0.00073465, 0, 0, 0.126286, 0.0449003, 0.0812973, 2.25918, 0.927188, 0.427423, 285.049
4798, 0.101333, 0.12112, 0.00360978, 0, 2.78127e-05, 0.000715017, 0, 0, 0.125472, 0.0438799, 0.0783082, 2.28934, 0.927192, 0.433453, 284.843
4799, 0.0827934, 0.124016, 0.00358992, 0, 2.31189e-05, 0.000595239, 0, 0, 0.128224, 0.0356551, 0.0656507, 2.49141, 0.927196, 0.432844, 285.4
4800, 0.0827264, 0.124806, 0.00353892, 0, 2.24605e-05, 0.000591294, 0, 0, 0.128958, 0.0348301, 0.0660704, 2.49222, 0.9272, 0.42391, 285.524
4801, 0.0759918, 0.130651, 0.00324867, 0, 1.98565e-05, 0.000537633, 0, 0, 0.134457, 0.0313613, 0.0608903, 2.57713, 0.927204, 0.41305, 286.633
4802, 0.0440322, 0.145096, 0.00252552, 0, 1.136e-05, 0.000315386, 0, 0, 0.147949, 0.0179568, 0.0364252, 3.12283, 0.927208, 0.408294, 289.248
4803, 0.0171537, 0.157151, 0.00182396, 0, 4.58208e-06, 0.000132495, 0, 0, 0.159112, 0.00696686, 0.0161796, 4.06554, 0.927212, 0.411584, 291.262
4804, 0.0153362, 0.15606, 0.00197198, 0, 4.39515e-06, 0.000132077, 0, 0, 0.158168, 0.00627757, 0.0169895, 4.17754, 0.927216, 0.417113, 291.062
4805, 0.0251292, 0.1471, 0.00270361, 0, 7.38099e-06, 0.000216774, 0, 0, 0.150028, 0.0104213, 0.0269753, 3.68372, 0.92722, 0.420175, 289.544
4806, 0.0320006, 0.141711, 0.00313313, 0, 9.55832e-06, 0.000278524, 0, 0, 0.145132, 0.0134661, 0.0337689, 3.442, 0.927224, 0.422342, 288.588
4807, 0.0307192, 0.143416, 0.00306415, 0, 9.2356e-06, 0.000275375, 0, 0, 0.146765, 0.0129884, 0.0336974, 3.48287, 0.927228, 0.421597, 288.868
4808, 0.0213231, 0.149015, 0.00278226, 0, 6.56476e-06, 0.000203535, 0, 0, 0.152007, 0.00900747, 0.0258288, 3.84797, 0.927232, 0.420489, 289.818
4809, 0.0112279, 0.1554, 0.00236741, 0, 3.63275e-06, 0.000116136, 0, 0, 0.157887, 0.00473349, 0.0152541, 4.48935, 0.927236, 0.419051, 290.857
4810, 0.00404064, 0.163043, 0.00165088, 0, 1.38249e-06, 4.44992e-05, 0, 0, 0.16474, 0.0016932, 0.00597284, 5.51135, 0.92724, 0.418679, 292.032
4811, 0.000793628, 0.16877, 0.0010322, 0, 2.92112e-07, 9.32792e-06, 0, 0, 0.169812, 0.000329782, 0.00128826, 7.1389, 0.927244, 0.421435, 292.868
4812, 8.01683e-05, 0.170202, 0.000924216, 0, 3.33498e-08, 1.04477e-06, 0, 0, 0.171127, 3.31324e-05, 0.000151553, 9.43138, 0.927248, 0.418787, 293.058
4813, 8.62384e-05, 0.170047, 0.000991655, 0, 3.61242e-08, 1.07155e-06, 0, 0, 0.17104, 3.66673e-05, 0.000141245, 9.35839, 0.927252, 0.408468, 293.013
4814, 0.000858176, 0.16894, 0.00110757, 0, 3.33167e-07, 9.97206e-06, 0, 0, 0.170058, 0.000362374, 0.0012894, 7.0607, 0.927256, 0.406372, 292.816
4815, 0.00430971, 0.163627, 0.00165699, 0, 1.56487e-06, 4.73892e-05, 0, 0, 0.165333, 0.00180628, 0.0061025, 5.44689, 0.92726, 0.415737, 291.979
4816, 0.0113971, 0.155389, 0.00245846, 0, 3.88294e-06, 0.000119368, 0, 0, 0.157971, 0.00476702, 0.0154061, 4.4744, 0.927264, 0.422656, 290.654
4817, 0.0180521, 0.150691, 0.00286952, 0, 5.83287e-06, 0.000182315, 0, 0, 0.153749, 0.00758566, 0.023757, 4.01449, 0.927268, 0.423619, 289.859
4818, 0.0186404, 0.152129, 0.00275315, 0, 5.8407e-06, 0.000185019, 0, 0, 0.155073, 0.0078532, 0.0245267, 3.98243, 0.927272, 0.420161, 290.07
4819, 0.0119134, 0.158816, 0.00218143, 0, 3.72799e-06, 0.000119342, 0, 0, 0.161121, 0.00498082, 0.0162863, 4.4301, 0.927276, 0.41489, 291.121
4820, 0.00429573, 0.167238, 0.00133835, 0, 1.38328e-06, 4.47947e-05, 0, 0, 0.168622, 0.00176653, 0.00640361, 5.45013, 0.92728, 0.415587, 292.387
4821, 0.000918295, 0.171967, 0.000821415, 0, 3.25091e-07, 1.06698e-05, 0, 0, 0.1728, 0.000370136, 0.00165708, 6.99299, 0.927284, 0.420105, 293.059
4822, 0.000663528, 0.171058, 0.00102548, 0, 2.69771e-07, 9.12747e-06, 0, 0, 0.172092, 0.000259147, 0.00153501, 7.31794, 0.927288, 0.419159, 292.91
4823, 0.00172124, 0.16773, 0.00152761, 0, 6.43621e-07, 2.21164e-05, 0, 0, 0.16928, 0.000661499, 0.0035887, 6.36471, 0.927292, 0.408091, 292.406
4824, 0.00270302, 0.166308, 0.00171697, 0, 9.55306e-07, 3.25565e-05, 0, 0, 0.168058, 0.00104835, 0.00508466, 5.91338, 0.927296, 0.40151, 292.168
4825, 0.00517685, 0.165336, 0.00176478, 0, 1.63985e-06, 5.2903e-05, 0, 0, 0.167155, 0.00212202, 0.00735551, 5.26356, 0.9273, 0.409681, 291.983
4826, 0.0166439, 0.158703, 0.00224614, 0, 4.78048e-06, 0.000148087, 0, 0, 0.161102, 0.00689965, 0.0187084, 4.09571, 0.927304, 0.418036, 290.901
4827, 0.0379271, 0.147613, 0.00293456, 0, 1.04078e-05, 0.000313619, 0, 0, 0.150872, 0.0155629, 0.0380644, 3.27209, 0.927308, 0.415664, 289.02
4828, 0.0515992, 0.140552, 0.00331126, 0, 1.40002e-05, 0.000410656, 0, 0, 0.144288, 0.0210742, 0.0486648, 2.96425, 0.927312, 0.411991, 287.744
4829, 0.0473097, 0.140983, 0.00335364, 0, 1.31606e-05, 0.000380346, 0, 0, 0.14473, 0.0194706, 0.0447133, 3.05104, 0.927316, 0.416591, 287.798
4830, 0.044858, 0.14197, 0.00335173, 0, 1.27189e-05, 0.000371301, 0, 0, 0.145706, 0.0186322, 0.0439447, 3.10425, 0.92732, 0.420253, 287.954
4831, 0.0503245, 0.141243, 0.00336228, 0, 1.39444e-05, 0.000413087, 0, 0, 0.145032, 0.0207785, 0.0492561, 2.98926, 0.927324, 0.41684, 287.795
4832, 0.0434086, 0.144976, 0.00320065, 0, 1.19193e-05, 0.000356434, 0, 0, 0.148545, 0.0178122, 0.0429535, 3.1371, 0.927328, 0.411458, 288.431
4833, 0.0260114, 0.151953, 0.00294114, 0, 7.35842e-06, 0.00022564, 0, 0, 0.155127, 0.0106351, 0.0281024, 3.64922, 0.927332, 0.404604, 289.617
4834, 0.0188774, 0.15527, 0.0028084, 0, 5.52756e-06, 0.000179382, 0, 0, 0.158263, 0.00772346, 0.0237151, 3.96979, 0.927336, 0.402412, 290.151
4835, 0.0182678, 0.157433, 0.002629, 0, 5.34001e-06, 0.000178001, 0, 0, 0.160245, 0.00756665, 0.0242807, 4.00261, 0.92734, 0.410742, 290.472
4836, 0.0113673, 0.162868, 0.00222547, 0, 3.3826e-06, 0.000113435, 0, 0, 0.16521, 0.00476225, 0.015889, 4.47701, 0.927344, 0.416552, 291.309
4837, 0.00368055, 0.168221, 0.00181439, 0, 1.19919e-06, 4.02011e-05, 0, 0, 0.170077, 0.00154889, 0.0060235, 5.60469, 0.927348, 0.414087, 292.109
4838, 0.000747601, 0.171768, 0.00142971, 0, 3.29942e-07, 1.09596e-05, 0, 0, 0.173209, 0.000311025, 0.00195915, 7.19864, 0.927352, 0.412582, 292.603
4839, 0.000159215, 0.175177, 0.000927992, 0, 1.02952e-07, 3.37241e-06, 0, 0, 0.176109, 6.49609e-05, 0.000708779, 8.74526, 0.927356, 0.414701, 293.051
4840, 3.06271e-05, 0.17817, 0.000448605, 0, 2.38273e-08, 7.64963e-07, 0, 0, 0.17862, 1.25008e-05, 0.0001731, 10.3936, 0.92736, 0.41536, 293.43
4841, 3.24537e-06, 0.17978, 0.000194074, 0, 2.86822e-09, 8.9055e-08, 0, 0, 0.179974, 1.33323e-06, 2.12413e-05, 12.6383, 0.927364, 0.413966, 293.618
4842, 2.43835e-07, 0.18035, 0.00012379, 0, 2.58812e-10, 7.49031e-09, 0, 0, 0.180474, 1.00883e-07, 1.9067e-06, 15.2268, 0.927368, 0.410646, 293.668
4843, 1.92838e-06, 0.180279, 0.000172413, 0, 1.83861e-09, 5.45089e-08, 0, 0, 0.180451, 7.97472e-07, 1.34226e-05, 13.1588, 0.927372, 0.40238, 293.633
4844, 2.09705e-05, 0.179107, 0.000421408, 0, 1.7204e-08, 5.33224e-07, 0, 0, 0.179529, 8.59535e-06, 0.00012474, 10.7724, 0.927376, 0.397363, 293.454
4845, 0.000107727, 0.176762, 0.000865321, 0, 7.83336e-08, 2.50005e-06, 0, 0, 0.177629, 4.36601e-05, 0.000558684, 9.13591, 0.92738, 0.40378, 293.115
4846, 0.000304428, 0.17427, 0.00130795, 0, 1.90039e-07, 6.20613e-06, 0, 0, 0.175584, 0.000121695, 0.00130488, 8.09708, 0.927384, 0.406599, 292.75
4847, 0.000805786, 0.172496, 0.00159382, 0, 3.76247e-07, 1.27265e-05, 0, 0, 0.174103, 0.000318919, 0.0023643, 7.12369, 0.927388, 0.400486, 292.475
4848, 0.00225622, 0.170562, 0.0018331, 0, 8.63718e-07, 3.00372e-05, 0, 0, 0.172426, 0.00089529, 0.00506253, 6.09406, 0.927392, 0.396904, 292.166
4849, 0.00391725, 0.168789, 0.00203323, 0, 1.44011e-06, 5.03946e-05, 0, 0, 0.170874, 0.0015667, 0.00830872, 5.54237, 0.927396, 0.400714, 291.875
4850, 0.00347336, 0.169902, 0.00191176, 0, 1.30628e-06, 4.55937e-05, 0, 0, 0.171861, 0.00140152, 0.00756073, 5.66263, 0.9274, 0.408107, 292.01
4851, 0.00155161, 0.173988, 0.00140942, 0, 6.18085e-07, 2.1416e-05, 0, 0, 0.17542, 0.000630658, 0.00361774, 6.46846, 0.927404, 0.413933, 292.57
4852, 0.000350841, 0.178256, 0.000813957, 0, 1.51406e-07, 5.18395e-06, 0, 0, 0.179075, 0.000143264, 0.000898169, 7.95518, 0.927408, 0.412604, 293.136
4853, 7.10218e-05, 0.180548, 0.000470066, 0, 3.14481e-08, 1.06244e-06, 0, 0, 0.181019, 2.84505e-05, 0.000186824, 9.55252, 0.927412, 0.403427, 293.418
4854, 0.000366001, 0.179774, 0.000614903, 0, 1.34158e-07, 4.5938e-06, 0, 0, 0.180394, 0.000142218, 0.000761737, 7.91288, 0.927416, 0.395714, 293.287
4855, 0.00209263, 0.175772, 0.00121326, 0, 7.02525e-07, 2.41035e-05, 0, 0, 0.17701, 0.000820069, 0.00381499, 6.16933, 0.92742, 0.395378, 292.708
4856, 0.00629617, 0.170098, 0.00192695, 0, 1.99994e-06, 6.83801e-05, 0, 0, 0.172096, 0.00251022, 0.0103515, 5.06781, 0.927424, 0.396926, 291.866
4857, 0.0107525, 0.165929, 0.00237112, 0, 3.31862e-06, 0.000111863, 0, 0, 0.168416, 0.00436685, 0.0161912, 4.53261, 0.927428, 0.402595, 291.216
4858, 0.0164667, 0.163178, 0.00255848, 0, 4.77874e-06, 0.000153765, 0, 0, 0.165895, 0.00675165, 0.0205583, 4.10641, 0.927432, 0.41121, 290.754
4859, 0.0344721, 0.156735, 0.00286151, 0, 9.17574e-06, 0.000282494, 0, 0, 0.159888, 0.0141082, 0.0350058, 3.36761, 0.927436, 0.413757, 289.675
4860, 0.056787, 0.149017, 0.00321971, 0, 1.46361e-05, 0.000444414, 0, 0, 0.152696, 0.0232371, 0.0537512, 2.86845, 0.92744, 0.412066, 288.346
4861, 0.0585808, 0.148171, 0.00327292, 0, 1.51144e-05, 0.000455173, 0, 0, 0.151914, 0.0239155, 0.0545625, 2.83735, 0.927444, 0.410555, 288.171
4862, 0.0556546, 0.149542, 0.00320366, 0, 1.41083e-05, 0.000416074, 0, 0, 0.153176, 0.0222174, 0.0490873, 2.88859, 0.927448, 0.406152, 288.373
4863, 0.0776203, 0.144001, 0.00338065, 0, 1.86636e-05, 0.000537362, 0, 0, 0.147937, 0.0302063, 0.062063, 2.55593, 0.927452, 0.396787, 287.368
4864, 0.0926455, 0.140009, 0.00352912, 0, 2.1984e-05, 0.000629479, 0, 0, 0.144189, 0.0360099, 0.0722442, 2.37897, 0.927456, 0.388885, 286.623
4865, 0.0693769, 0.146381, 0.0033421, 0, 1.69612e-05, 0.000491161, 0, 0, 0.150231, 0.0272999, 0.0569613, 2.6682, 0.92746, 0.387121, 287.737
4866, 0.0429715, 0.154027, 0.00309726, 0, 1.12103e-05, 0.000337691, 0, 0, 0.157474, 0.0173435, 0.0407064, 3.14722, 0.927464, 0.394572, 289.031
4867, 0.0377323, 0.15642, 0.00299708, 0, 1.01099e-05, 0.000317471, 0, 0, 0.159744, 0.015547, 0.0398031, 3.27724, 0.927468, 0.406605, 289.406
4868, 0.0350825, 0.158739, 0.00284438, 0, 9.31281e-06, 0.000296634, 0, 0, 0.161889, 0.0144764, 0.0377111, 3.35005, 0.927472, 0.411377, 289.754
4869, 0.0302135, 0.161382, 0.00267694, 0, 7.93466e-06, 0.000250549, 0, 0, 0.164318, 0.0123411, 0.0316252, 3.49947, 0.927476, 0.408227, 290.147
4870, 0.039154, 0.15892, 0.0027581, 0, 9.87677e-06, 0.000303283, 0, 0, 0.161991, 0.0157088, 0.0372152, 3.24025, 0.92748, 0.402507, 289.711
4871, 0.059174, 0.152894, 0.00300177, 0, 1.44236e-05, 0.000432691, 0, 0, 0.156343, 0.0235565, 0.0518326, 2.82727, 0.927484, 0.398663, 288.676
4872, 0.0650644, 0.150311, 0.00316719, 0, 1.5906e-05, 0.000472128, 0, 0, 0.153967, 0.0259415, 0.0559227, 2.73238, 0.927488, 0.398227, 288.214
4873, 0.0484167, 0.154319, 0.0030988, 0, 1.21467e-05, 0.000366841, 0, 0, 0.157797, 0.019208, 0.0442504, 3.02791, 0.927492, 0.397315, 288.877
4874, 0.0378171, 0.157751, 0.00300026, 0, 9.51858e-06, 0.000301313, 0, 0, 0.161062, 0.0147346, 0.0381133, 3.27499, 0.927496, 0.393902, 289.427
4875, 0.0403233, 0.157393, 0.00303375, 0, 9.96307e-06, 0.000320768, 0, 0, 0.160757, 0.0156481, 0.0410886, 3.21083, 0.9275, 0.389748, 289.343
4876, 0.0410685, 0.1568, 0.00307855, 0, 1.02843e-05, 0.000325774, 0, 0, 0.160214, 0.0160756, 0.0409019, 3.19251, 0.927504, 0.387394, 289.216
4877, 0.0482071, 0.154161, 0.00318477, 0, 1.23518e-05, 0.000378713, 0, 0, 0.157737, 0.0193313, 0.0460487, 3.03225, 0.927508, 0.392873, 288.745
4878, 0.0598592, 0.150178, 0.00335577, 0, 1.5346e-05, 0.000465272, 0, 0, 0.154014, 0.0242131, 0.0560103, 2.81576, 0.927512, 0.399655, 288.042
4879, 0.0550083, 0.151518, 0.00333298, 0, 1.42023e-05, 0.000434962, 0, 0, 0.1553, 0.0221637, 0.0528887, 2.90027, 0.927516, 0.401534, 288.245
4880, 0.0397832, 0.157154, 0.00311653, 0, 1.04297e-05, 0.000326928, 0, 0, 0.160608, 0.0159804, 0.0407577, 3.22431, 0.92752, 0.40121, 289.165
4881, 0.037234, 0.159662, 0.00299358, 0, 9.45438e-06, 0.000303943, 0, 0, 0.162969, 0.0149128, 0.038934, 3.29053, 0.927524, 0.399063, 289.549
4882, 0.0478185, 0.157644, 0.00305356, 0, 1.15072e-05, 0.000370828, 0, 0, 0.16108, 0.0189592, 0.0474322, 3.04034, 0.927528, 0.393885, 289.188
4883, 0.0428578, 0.159949, 0.00293602, 0, 1.01553e-05, 0.0003284, 0, 0, 0.163223, 0.0167229, 0.0422371, 3.14987, 0.927532, 0.385361, 289.533
4884, 0.0218128, 0.168237, 0.00246363, 0, 5.35355e-06, 0.000176798, 0, 0, 0.170883, 0.00837496, 0.0237306, 3.82526, 0.927536, 0.381843, 290.814
4885, 0.00714414, 0.176697, 0.00175508, 0, 1.96639e-06, 6.77516e-05, 0, 0, 0.178522, 0.00272917, 0.0100044, 4.94146, 0.92754, 0.386155, 292.045
4886, 0.00194976, 0.182231, 0.00114967, 0, 6.30027e-07, 2.25005e-05, 0, 0, 0.183403, 0.000754977, 0.00368379, 6.24005, 0.927544, 0.390536, 292.798
4887, 0.00117636, 0.182523, 0.00118401, 0, 4.41375e-07, 1.58781e-05, 0, 0, 0.183723, 0.000466098, 0.00277582, 6.74533, 0.927548, 0.392434, 292.818
4888, 0.00241156, 0.179308, 0.00167151, 0, 9.02321e-07, 3.24261e-05, 0, 0, 0.181013, 0.000959517, 0.00565938, 6.02748, 0.927552, 0.395039, 292.356
4889, 0.00313969, 0.177831, 0.00190408, 0, 1.17569e-06, 4.20568e-05, 0, 0, 0.179778, 0.00124823, 0.0073886, 5.76363, 0.927556, 0.395316, 292.127
4890, 0.00203219, 0.180297, 0.00160471, 0, 7.88534e-07, 2.79321e-05, 0, 0, 0.18193, 0.000806323, 0.00502012, 6.19864, 0.92756, 0.394704, 292.443
4891, 0.000657619, 0.184621, 0.00100091, 0, 2.74746e-07, 9.5709e-06, 0, 0, 0.185632, 0.000259912, 0.00178806, 7.32688, 0.927564, 0.398597, 292.999
4892, 0.000106695, 0.187837, 0.000515163, 0, 4.99818e-08, 1.69463e-06, 0, 0, 0.188354, 4.19142e-05, 0.000333798, 9.14554, 0.927568, 0.402484, 293.395
4893, 8.78109e-06, 0.188466, 0.000451615, 0, 5.64504e-09, 1.69506e-07, 0, 0, 0.188918, 3.42336e-06, 3.79413e-05, 11.6429, 0.927572, 0.399896, 293.452
4894, 1.00156e-06, 0.187342, 0.000699051, 0, 3.28587e-09, 6.33094e-08, 0, 0, 0.188041, 3.80934e-07, 2.12772e-05, 13.814, 0.927576, 0.391267, 293.286
4895, 1.1481e-06, 0.18658, 0.000876575, 0, 4.90752e-09, 9.35045e-08, 0, 0, 0.187456, 4.32842e-07, 3.253e-05, 13.6774, 0.92758, 0.385409, 293.165
4896, 9.45821e-07, 0.18732, 0.000776697, 0, 4.06782e-09, 7.72235e-08, 0, 0, 0.188097, 3.59416e-07, 2.70635e-05, 13.8712, 0.927584, 0.389293, 293.234
4897, 3.6279e-07, 0.18908, 0.000485801, 0, 1.67046e-09, 3.05797e-08, 0, 0, 0.189566, 1.39413e-07, 1.08906e-05, 14.8294, 0.927588, 0.390223, 293.432
4898, 6.83656e-08, 0.19066, 0.000224684, 0, 3.35123e-10, 5.78077e-09, 0, 0, 0.190885, 2.65739e-08, 2.09435e-06, 16.4984, 0.927592, 0.386307, 293.606
4899, 2.88263e-07, 0.19117, 0.000164883, 0, 2.73988e-10, 7.21119e-09, 0, 0, 0.191335, 1.1201e-07, 1.87873e-06, 15.0594, 0.927596, 0.388875, 293.645
4900, 6.89549e-06, 0.19041, 0.000344987, 0, 4.21699e-09, 1.35631e-07, 0, 0, 0.190755, 2.68596e-06, 3.05653e-05, 11.8846, 0.9276, 0.394839, 293.526
4901, 8.42498e-05, 0.188669, 0.00069447, 0, 4.21196e-08, 1.44492e-06, 0, 0, 0.189365, 3.299e-05, 0.000301219, 9.38172, 0.927604, 0.3976, 293.281
4902, 0.000546707, 0.186103, 0.00114155, 0, 2.34763e-07, 8.29694e-06, 0, 0, 0.187253, 0.000214985, 0.00161907, 7.5116, 0.927608, 0.396602, 292.923
4903, 0.00198941, 0.182747, 0.00163752, 0, 7.51681e-07, 2.70186e-05, 0, 0, 0.184412, 0.000779324, 0.00497212, 6.21992, 0.927612, 0.393991, 292.447
4904, 0.00413016, 0.179723, 0.0020305, 0, 1.41903e-06, 5.15285e-05, 0, 0, 0.181807, 0.00159165, 0.00909113, 5.48944, 0.927616, 0.389662, 292.003
4905, 0.00480912, 0.179023, 0.00212913, 0, 1.57858e-06, 5.76543e-05, 0, 0, 0.181212, 0.00181054, 0.00999911, 5.33724, 0.92762, 0.384437, 291.878
4906, 0.00309561, 0.181681, 0.00182162, 0, 1.03865e-06, 3.79715e-05, 0, 0, 0.183542, 0.0011473, 0.00666141, 5.77777, 0.927624, 0.386668, 292.22
4907, 0.00123372, 0.185938, 0.0012651, 0, 4.47363e-07, 1.62185e-05, 0, 0, 0.18722, 0.00046245, 0.00292524, 6.69772, 0.927628, 0.390272, 292.768
4908, 0.00163975, 0.187348, 0.00105206, 0, 4.95344e-07, 1.75781e-05, 0, 0, 0.188419, 0.000646336, 0.00284337, 6.41321, 0.927632, 0.385717, 292.925
4909, 0.00776902, 0.182694, 0.00156993, 0, 2.02951e-06, 7.0709e-05, 0, 0, 0.184336, 0.00306884, 0.0104018, 4.85761, 0.927636, 0.382197, 292.256
4910, 0.0235149, 0.173796, 0.00238488, 0, 5.73706e-06, 0.00019579, 0, 0, 0.176382, 0.0092575, 0.0273502, 3.75012, 0.92764, 0.387146, 290.946
4911, 0.042318, 0.165853, 0.00294424, 0, 9.9405e-06, 0.000333486, 0, 0, 0.169141, 0.0166256, 0.044939, 3.16254, 0.927644, 0.391828, 289.71
4912, 0.0476001, 0.163544, 0.00311184, 0, 1.11088e-05, 0.000370622, 0, 0, 0.167037, 0.0186375, 0.0493605, 3.04492, 0.927648, 0.392284, 289.322
4913, 0.038643, 0.16624, 0.00301663, 0, 9.18653e-06, 0.000309499, 0, 0, 0.169575, 0.0150158, 0.0418927, 3.25339, 0.927652, 0.390423, 289.724
4914, 0.0302859, 0.170067, 0.00277377, 0, 7.29169e-06, 0.0002495, 0, 0, 0.173097, 0.0116852, 0.0346596, 3.49707, 0.927656, 0.385871, 290.285
4915, 0.0211817, 0.17614, 0.0022428, 0, 5.12e-06, 0.000177031, 0, 0, 0.178565, 0.00817338, 0.025112, 3.85462, 0.92766, 0.379755, 291.153
4916, 0.0134118, 0.181678, 0.00173001, 0, 3.26747e-06, 0.000113152, 0, 0, 0.183525, 0.0052014, 0.0162876, 4.31162, 0.927664, 0.378962, 291.918
4917, 0.0234706, 0.177809, 0.00200075, 0, 5.40808e-06, 0.000181264, 0, 0, 0.179996, 0.00905285, 0.0247606, 3.75201, 0.927668, 0.384822, 291.325
4918, 0.0513314, 0.16644, 0.00278973, 0, 1.12784e-05, 0.000367255, 0, 0, 0.169608, 0.0195819, 0.0477332, 2.96945, 0.927672, 0.38545, 289.581
4919, 0.0728808, 0.158265, 0.00329537, 0, 1.57363e-05, 0.000503957, 0, 0, 0.16208, 0.0276324, 0.0637942, 2.61893, 0.927676, 0.379424, 288.256
4920, 0.0765277, 0.156584, 0.00341704, 0, 1.66363e-05, 0.000528957, 0, 0, 0.160546, 0.0291293, 0.0663359, 2.5701, 0.92768, 0.375935, 287.956
4921, 0.0847961, 0.15476, 0.00347563, 0, 1.85669e-05, 0.000581803, 0, 0, 0.158836, 0.0328058, 0.0719914, 2.46751, 0.927684, 0.380597, 287.623
4922, 0.101638, 0.150822, 0.00358828, 0, 2.20799e-05, 0.000680309, 0, 0, 0.155113, 0.0395312, 0.0827246, 2.28634, 0.927688, 0.385993, 286.924
4923, 0.105005, 0.149781, 0.00363189, 0, 2.26161e-05, 0.000694489, 0, 0, 0.15413, 0.0404125, 0.0840541, 2.25375, 0.927692, 0.383587, 286.715
4924, 0.0898363, 0.153788, 0.00350817, 0, 1.94027e-05, 0.000601637, 0, 0, 0.157917, 0.0342276, 0.0736119, 2.40977, 0.927696, 0.379511, 287.37
4925, 0.0640196, 0.161859, 0.00319608, 0, 1.40048e-05, 0.000442537, 0, 0, 0.165512, 0.0242552, 0.0556287, 2.74857, 0.9277, 0.376857, 288.674
4926, 0.0465649, 0.167476, 0.00297498, 0, 1.02152e-05, 0.000330971, 0, 0, 0.170792, 0.0172903, 0.0430112, 3.06691, 0.927704, 0.373004, 289.543
4927, 0.0499961, 0.165751, 0.00310047, 0, 1.08518e-05, 0.000355006, 0, 0, 0.169217, 0.0182929, 0.0462785, 2.99581, 0.927708, 0.370471, 289.248
4928, 0.0547691, 0.163688, 0.00324899, 0, 1.20708e-05, 0.000396212, 0, 0, 0.167346, 0.0203603, 0.0516985, 2.90463, 0.927712, 0.375321, 288.9
4929, 0.0460295, 0.166778, 0.00314259, 0, 1.05607e-05, 0.000350895, 0, 0, 0.170282, 0.0175647, 0.0468387, 3.07847, 0.927716, 0.384614, 289.368
4930, 0.0288404, 0.173298, 0.00282543, 0, 7.02985e-06, 0.000238157, 0, 0, 0.176368, 0.0112012, 0.0332287, 3.54598, 0.92772, 0.387352, 290.349
4931, 0.0133033, 0.180749, 0.00231156, 0, 3.52456e-06, 0.000121775, 0, 0, 0.183186, 0.00517987, 0.0180478, 4.31974, 0.927724, 0.382978, 291.419
4932, 0.00432063, 0.188118, 0.00156113, 0, 1.26549e-06, 4.42083e-05, 0, 0, 0.189724, 0.00167001, 0.00698694, 5.44435, 0.927728, 0.381542, 292.414
4933, 0.000884205, 0.193958, 0.00079854, 0, 2.89394e-07, 1.00834e-05, 0, 0, 0.194767, 0.000338129, 0.00169596, 7.03082, 0.927732, 0.384693, 293.155
4934, 0.000138783, 0.196397, 0.00046047, 0, 5.38635e-08, 1.84422e-06, 0, 0, 0.19686, 5.26416e-05, 0.000339785, 8.8826, 0.927736, 0.383392, 293.441
4935, 0.000334536, 0.195084, 0.000715429, 0, 1.33792e-07, 4.65467e-06, 0, 0, 0.195804, 0.000128018, 0.000880099, 8.00277, 0.92774, 0.37785, 293.253
4936, 0.00141801, 0.191223, 0.00134016, 0, 5.1976e-07, 1.83638e-05, 0, 0, 0.192582, 0.000537462, 0.00335386, 6.5585, 0.927744, 0.374231, 292.735
4937, 0.00350981, 0.187087, 0.00193072, 0, 1.18205e-06, 4.22334e-05, 0, 0, 0.189061, 0.00131424, 0.00745934, 5.65219, 0.927748, 0.373724, 292.164
4938, 0.00550958, 0.184655, 0.00224055, 0, 1.76416e-06, 6.35373e-05, 0, 0, 0.186961, 0.00206537, 0.0109595, 5.20127, 0.927752, 0.375353, 291.808
4939, 0.00551125, 0.184809, 0.00224543, 0, 1.78942e-06, 6.46649e-05, 0, 0, 0.187121, 0.00209689, 0.011186, 5.20096, 0.927756, 0.381523, 291.803
4940, 0.0034107, 0.187563, 0.00195482, 0, 1.1916e-06, 4.29696e-05, 0, 0, 0.189562, 0.00131581, 0.00770671, 5.68084, 0.92776, 0.385705, 292.153
4941, 0.00130311, 0.191842, 0.00141304, 0, 5.10396e-07, 1.8239e-05, 0, 0, 0.193274, 0.000505309, 0.00347822, 6.643, 0.927764, 0.384317, 292.693
4942, 0.000300352, 0.196, 0.000803534, 0, 1.34995e-07, 4.73618e-06, 0, 0, 0.196809, 0.00011637, 0.000969282, 8.11055, 0.927768, 0.378967, 293.197
4943, 4.35736e-05, 0.19813, 0.000483177, 0, 2.4651e-08, 8.21592e-07, 0, 0, 0.198614, 1.68361e-05, 0.000185853, 10.0411, 0.927772, 0.372772, 293.438
4944, 4.44502e-05, 0.197339, 0.000663135, 0, 3.29031e-08, 1.04025e-06, 0, 0, 0.198003, 1.69673e-05, 0.000255619, 10.0211, 0.927776, 0.374034, 293.317
4945, 0.000183321, 0.194814, 0.00113246, 0, 1.17687e-07, 3.86945e-06, 0, 0, 0.195951, 6.91763e-05, 0.000904486, 8.60427, 0.92778, 0.379378, 292.98
4946, 0.000424823, 0.192551, 0.00153252, 0, 2.4896e-07, 8.37061e-06, 0, 0, 0.194092, 0.000158806, 0.00189069, 7.76384, 0.927784, 0.378908, 292.67
4947, 0.000548122, 0.191805, 0.0016793, 0, 3.12433e-07, 1.05559e-05, 0, 0, 0.193496, 0.000203927, 0.00235445, 7.50901, 0.927788, 0.373711, 292.55
4948, 0.000409315, 0.192828, 0.00155667, 0, 2.40329e-07, 8.02868e-06, 0, 0, 0.194393, 0.000151819, 0.00180921, 7.80103, 0.927792, 0.368917, 292.657
4949, 0.000175115, 0.194893, 0.00126799, 0, 1.11712e-07, 3.62328e-06, 0, 0, 0.196164, 6.45778e-05, 0.000842586, 8.65007, 0.927796, 0.36976, 292.895
4950, 4.10099e-05, 0.197029, 0.000947425, 0, 3.10303e-08, 9.42121e-07, 0, 0, 0.197977, 1.50318e-05, 0.000232457, 10.1017, 0.9278, 0.376735, 293.137
4951, 5.16302e-06, 0.199077, 0.000615715, 0, 5.59485e-09, 1.47284e-07, 0, 0, 0.199693, 1.89292e-06, 4.04657e-05, 12.174, 0.927804, 0.382335, 293.363
4952, 3.75858e-07, 0.200901, 0.000311168, 0, 7.30659e-10, 1.56205e-08, 0, 0, 0.201212, 1.39425e-07, 4.93428e-06, 14.7941, 0.927808, 0.383491, 293.558
4953, 1.80122e-08, 0.202036, 0.000132542, 0, 6.25645e-11, 1.11195e-09, 0, 0, 0.202169, 6.81035e-09, 3.89394e-07, 17.8322, 0.927812, 0.379451, 293.67
4954, 5.51669e-10, 0.202496, 8.25968e-05, 0, 2.89348e-12, 4.39984e-11, 0, 0, 0.202578, 2.11543e-10, 1.63264e-08, 21.3181, 0.927816, 0.372455, 293.701
4955, 8.99261e-12, 0.202601, 0.000101355, 0, 6.60066e-14, 8.37178e-13, 0, 0, 0.202702, 3.47166e-12, 3.23594e-10, 25.4346, 0.92782, 0.369473, 293.689
4956, 6.86497e-14, 0.202665, 0.000128084, 0, 8.63392e-16, 7.31234e-15, 0, 0, 0.202793, 2.6583e-14, 2.95551e-12, 30.3098, 0.927824, 0.372159, 293.673
4957, 1.65713e-13, 0.202978, 0.000105908, 0, 5.58845e-15, 2.70308e-14, 0, 0, 0.203084, 5.88135e-14, 1.24105e-11, 29.4285, 0.927828, 0.371563, 293.687
4958, 1.71377e-11, 0.203354, 7.14513e-05, 0, 2.67742e-13, 2.09885e-12, 0, 0, 0.203425, 6.24044e-12, 8.8721e-10, 24.7897, 0.927832, 0.368998, 293.707
4959, 8.50681e-10, 0.203345, 0.000112153, 0, 7.02139e-12, 7.93843e-11, 0, 0, 0.203457, 3.12307e-10, 3.12017e-08, 20.885, 0.927836, 0.368688, 293.683
4960, 2.33583e-08, 0.202761, 0.000263781, 0, 1.04643e-10, 1.58649e-09, 0, 0, 0.203025, 8.70632e-09, 5.74181e-07, 17.5723, 0.92784, 0.369068, 293.59
4961, 4.48728e-07, 0.2017, 0.000503936, 0, 9.75758e-10, 1.9471e-08, 0, 0, 0.202204, 1.69951e-07, 6.21859e-06, 14.6168, 0.927844, 0.372792, 293.441
4962, 6.2416e-06, 0.200399, 0.00078207, 0, 6.79938e-09, 1.75838e-07, 0, 0, 0.201181, 2.3839e-06, 4.77145e-05, 11.9843, 0.927848, 0.37592, 293.261
4963, 5.54087e-05, 0.199019, 0.00105944, 0, 3.83973e-08, 1.17854e-06, 0, 0, 0.20008, 2.1176e-05, 0.00027927, 9.80077, 0.927852, 0.376844, 293.069
4964, 0.000296806, 0.197339, 0.00135773, 0, 1.57137e-07, 5.24143e-06, 0, 0, 0.198702, 0.000112511, 0.00113328, 8.12243, 0.927856, 0.379148, 292.835
4965, 0.0010015, 0.195153, 0.00169547, 0, 4.34963e-07, 1.51077e-05, 0, 0, 0.196864, 0.000372554, 0.0030396, 6.90626, 0.92786, 0.37936, 292.531
4966, 0.00223842, 0.192946, 0.00199929, 0, 8.36716e-07, 2.9658e-05, 0, 0, 0.194976, 0.000815823, 0.00562963, 6.10199, 0.927864, 0.372746, 292.218
4967, 0.00348308, 0.191526, 0.00218314, 0, 1.19076e-06, 4.25556e-05, 0, 0, 0.193753, 0.00126296, 0.00776121, 5.65984, 0.927868, 0.362899, 292.004
4968, 0.00444475, 0.190902, 0.00226405, 0, 1.44726e-06, 5.18877e-05, 0, 0, 0.19322, 0.00163171, 0.00919057, 5.41603, 0.927872, 0.359642, 291.893
4969, 0.0056018, 0.190302, 0.00233194, 0, 1.73478e-06, 6.23791e-05, 0, 0, 0.192698, 0.00206305, 0.0107601, 5.18467, 0.927876, 0.362803, 291.785
4970, 0.00711418, 0.189519, 0.00241103, 0, 2.05763e-06, 7.40792e-05, 0, 0, 0.192006, 0.00256668, 0.0124627, 4.94566, 0.92788, 0.362214, 291.65
4971, 0.00784344, 0.189382, 0.00243186, 0, 2.17436e-06, 7.81934e-05, 0, 0, 0.191895, 0.00277645, 0.0129986, 4.84808, 0.927884, 0.358131, 291.604
4972, 0.00618318, 0.190899, 0.0023122, 0, 1.77296e-06, 6.35105e-05, 0, 0, 0.193276, 0.00219003, 0.0107446, 5.08592, 0.927888, 0.360811, 291.785
4973, 0.00401185, 0.192749, 0.00216147, 0, 1.2837e-06, 4.57251e-05, 0, 0, 0.194958, 0.00145687, 0.00805646, 5.5185, 0.927892, 0.369045, 292.011
4974, 0.00262635, 0.194649, 0.00196155, 0, 9.31758e-07, 3.29945e-05, 0, 0, 0.196644, 0.000979209, 0.00601443, 5.94216, 0.927896, 0.374517, 292.236
4975, 0.00127095, 0.198238, 0.00148442, 0, 4.89824e-07, 1.71572e-05, 0, 0, 0.19974, 0.000478482, 0.00322841, 6.66799, 0.9279, 0.376037, 292.669
4976, 0.000341153, 0.202391, 0.000875806, 0, 1.45598e-07, 4.99698e-06, 0, 0, 0.203272, 0.000128615, 0.000981325, 7.98318, 0.927904, 0.376321, 293.16
4977, 4.70819e-05, 0.204327, 0.000601783, 0, 2.38888e-08, 7.77241e-07, 0, 0, 0.20493, 1.77087e-05, 0.00016408, 9.96362, 0.927908, 0.372547, 293.373
4978, 4.06639e-06, 0.204013, 0.000707446, 0, 4.92778e-09, 1.15609e-07, 0, 0, 0.20472, 1.49018e-06, 3.31842e-05, 12.4128, 0.927912, 0.362522, 293.313
4979, 1.19926e-06, 0.204147, 0.000720915, 0, 3.52897e-09, 6.74403e-08, 0, 0, 0.204868, 4.01458e-07, 2.34083e-05, 13.6338, 0.927916, 0.356899, 293.306
4980, 4.22741e-06, 0.205476, 0.000509, 0, 3.51768e-09, 9.19377e-08, 0, 0, 0.205985, 1.49253e-06, 2.44716e-05, 12.3739, 0.92792, 0.363473, 293.439
4981, 5.80004e-05, 0.20577, 0.000482098, 0, 2.5039e-08, 8.53278e-07, 0, 0, 0.206253, 2.09702e-05, 0.000177687, 9.75506, 0.927924, 0.369658, 293.448
4982, 0.000450108, 0.203448, 0.000899231, 0, 1.68322e-07, 5.94503e-06, 0, 0, 0.204353, 0.000164839, 0.0011548, 7.70602, 0.927928, 0.36673, 293.144
4983, 0.00181774, 0.199342, 0.00154661, 0, 6.16402e-07, 2.2134e-05, 0, 0, 0.200912, 0.000671568, 0.0040772, 6.31016, 0.927932, 0.362923, 292.61
4984, 0.00394403, 0.195854, 0.00202785, 0, 1.25228e-06, 4.52861e-05, 0, 0, 0.197928, 0.00146329, 0.00802857, 5.53555, 0.927936, 0.36568, 292.138
4985, 0.00539434, 0.194916, 0.00213304, 0, 1.61906e-06, 5.8535e-05, 0, 0, 0.197109, 0.00200672, 0.0100373, 5.22241, 0.92794, 0.369518, 291.987
4986, 0.00776083, 0.194215, 0.00216741, 0, 2.13224e-06, 7.66066e-05, 0, 0, 0.196461, 0.00290417, 0.0124311, 4.85867, 0.927944, 0.371298, 291.861
4987, 0.0134737, 0.190809, 0.00247613, 0, 3.44237e-06, 0.000122924, 0, 0, 0.193412, 0.00504645, 0.0189987, 4.30701, 0.927948, 0.372812, 291.371
4988, 0.0193396, 0.187328, 0.00279287, 0, 4.71556e-06, 0.000167672, 0, 0, 0.190293, 0.00715529, 0.0252794, 3.9456, 0.927952, 0.370434, 290.864
4989, 0.0212162, 0.186374, 0.00288956, 0, 4.9977e-06, 0.000177508, 0, 0, 0.189446, 0.00765292, 0.026571, 3.85299, 0.927956, 0.361405, 290.705
4990, 0.0184917, 0.18783, 0.00281014, 0, 4.31518e-06, 0.000153601, 0, 0, 0.190798, 0.00650196, 0.0232337, 3.99043, 0.92796, 0.352973, 290.884
4991, 0.0128911, 0.190856, 0.00261858, 0, 3.12865e-06, 0.000111697, 0, 0, 0.193589, 0.00449732, 0.0174083, 4.35121, 0.927964, 0.352552, 291.282
4992, 0.00910512, 0.192913, 0.00249577, 0, 2.39881e-06, 8.57931e-05, 0, 0, 0.195497, 0.00323894, 0.0138349, 4.69892, 0.927968, 0.357382, 291.542
4993, 0.0109724, 0.191858, 0.00259729, 0, 2.88354e-06, 0.000102967, 0, 0, 0.194561, 0.00398205, 0.0163244, 4.51237, 0.927972, 0.361545, 291.372
4994, 0.0145762, 0.189979, 0.00275271, 0, 3.68333e-06, 0.00013136, 0, 0, 0.192867, 0.00527402, 0.0203774, 4.22836, 0.927976, 0.362532, 291.086
4995, 0.0144727, 0.190219, 0.00275151, 0, 3.67201e-06, 0.000131178, 0, 0, 0.193105, 0.00523145, 0.0204611, 4.23549, 0.92798, 0.364293, 291.093
4996, 0.0108405, 0.192738, 0.00255949, 0, 2.89655e-06, 0.000103841, 0, 0, 0.195404, 0.0039688, 0.0166333, 4.52447, 0.927984, 0.369205, 291.413
4997, 0.00619482, 0.196568, 0.00222092, 0, 1.79022e-06, 6.4226e-05, 0, 0, 0.198854, 0.00229657, 0.0107272, 5.08404, 0.927988, 0.371517, 291.901
4998, 0.00262697, 0.199928, 0.00190986, 0, 8.71843e-07, 3.09523e-05, 0, 0, 0.20187, 0.000976171, 0.00556411, 5.94192, 0.927992, 0.369329, 292.318
4999, 0.000961376, 0.202512, 0.00162039, 0, 3.94213e-07, 1.36231e-05, 0, 0, 0.204146, 0.000355769, 0.00267984, 6.94714, 0.927998, 0.362915, 292.623
5000, 0.000303044, 0.205575, 0.00118571, 0, 1.46541e-07, 4.91038e-06, 0, 0, 0.206766, 0.000111607, 0.00102276, 8.10163, 0.92801, 0.355536, 292.974
5001, 5.90672e-05, 0.208571, 0.00071601, 0, 3.22279e-08, 1.04423e-06, 0, 0, 0.209288, 2.16778e-05, 0.000226224, 9.73683, 0.92803, 0.351815, 293.307
5002, 5.85849e-06, 0.210639, 0.000378294, 0, 3.70871e-09, 1.13707e-07, 0, 0, 0.211017, 2.14443e-06, 2.58111e-05, 12.0476, 0.928056, 0.352051, 293.525
5003, 1.04151e-06, 0.211125, 0.000325239, 0, 1.32611e-09, 3.26704e-08, 0, 0, 0.211451, 3.7705e-07, 9.04131e-06, 13.7748, 0.928084, 0.355955, 293.557
5004, 7.51693e-06, 0.209808, 0.000607054, 0, 8.51555e-09, 2.24118e-07, 0, 0, 0.210415, 2.67718e-06, 6.04811e-05, 11.7984, 0.928112, 0.363238, 293.382
5005, 3.88477e-05, 0.20756, 0.00104751, 0, 3.58879e-08, 1.01552e-06, 0, 0, 0.208609, 1.3733e-05, 0.000260966, 10.1559, 0.92814, 0.366009, 293.095
5006, 0.000110001, 0.205606, 0.00141671, 0, 8.86289e-08, 2.63542e-06, 0, 0, 0.207026, 3.89746e-05, 0.000653104, 9.11502, 0.928168, 0.361389, 292.839
5007, 0.00017756, 0.204673, 0.00160232, 0, 1.35059e-07, 4.11643e-06, 0, 0, 0.20628, 6.34569e-05, 0.00100348, 8.6362, 0.928196, 0.358547, 292.702
5008, 0.000177846, 0.204745, 0.00162505, 0, 1.38252e-07, 4.21289e-06, 0, 0, 0.206375, 6.40557e-05, 0.00103385, 8.63459, 0.928224, 0.360119, 292.688
5009, 0.000128687, 0.205364, 0.0015627, 0, 1.09277e-07, 3.2586e-06, 0, 0, 0.20693, 4.65262e-05, 0.000820831, 8.95813, 0.928252, 0.361065, 292.739
5010, 7.2744e-05, 0.206319, 0.00144474, 0, 7.06118e-08, 2.02333e-06, 0, 0, 0.207766, 2.63056e-05, 0.000529967, 9.52856, 0.92828, 0.360135, 292.831
5011, 2.93824e-05, 0.20752, 0.0012822, 0, 3.4962e-08, 9.33076e-07, 0, 0, 0.208803, 1.0571e-05, 0.000258815, 10.4351, 0.928308, 0.358063, 292.951
5012, 7.99434e-06, 0.208769, 0.00110463, 0, 1.32826e-08, 3.12863e-07, 0, 0, 0.209874, 2.85461e-06, 9.43655e-05, 11.7368, 0.928336, 0.355204, 293.075
5013, 1.5347e-06, 0.210036, 0.00091593, 0, 4.11016e-09, 8.03763e-08, 0, 0, 0.210952, 5.44462e-07, 2.68353e-05, 13.3872, 0.928364, 0.356005, 293.2
5014, 2.18733e-07, 0.211392, 0.000704364, 0, 1.02034e-09, 1.57142e-08, 0, 0, 0.212096, 7.66295e-08, 5.79032e-06, 15.3354, 0.928392, 0.357869, 293.333
5015, 2.18279e-08, 0.21281, 0.000475311, 0, 1.85312e-10, 2.11984e-09, 0, 0, 0.213286, 7.52612e-09, 8.53597e-07, 17.6401, 0.92842, 0.355767, 293.473
5016, 1.33761e-09, 0.214129, 0.000261299, 0, 2.23827e-11, 1.77685e-10, 0, 0, 0.214391, 4.59709e-10, 7.77418e-08, 20.4324, 0.928448, 0.355986, 293.599
5017, 4.60495e-11, 0.215097, 0.000113052, 0, 1.6617e-12, 8.58657e-12, 0, 0, 0.21521, 1.6045e-11, 4.0577e-09, 23.8013, 0.928476, 0.356589, 293.685
5018, 8.56918e-13, 0.215657, 4.3615e-05, 0, 7.12428e-14, 2.25076e-13, 0, 0, 0.215701, 3.0495e-13, 1.1402e-10, 27.7854, 0.928504, 0.354579, 293.725
5019, 8.35675e-15, 0.215986, 1.92122e-05, 0, 1.683e-15, 3.04293e-15, 0, 0, 0.216005, 3.02602e-15, 1.64316e-12, 32.4157, 0.928532, 0.35688, 293.739
5020, 4.11348e-17, 0.216192, 1.90446e-05, 0, 7.44883e-17, 2.07017e-17, 0, 0, 0.216211, 1.50346e-17, 1.19692e-14, 37.7297, 0.92856, 0.359256, 293.739
5021, 2.79924e-19, 0.216241, 4.96533e-05, 0, 1.41492e-15, 8.98284e-18, 0, 0, 0.216291, 1.00584e-19, 8.76168e-15, 42.7198, 0.928588, 0.355094, 293.722
5022, 3.77062e-18, 0.21607, 0.00012357, 0, 1.86535e-14, 1.69303e-16, 0, 0, 0.216193, 1.33987e-18, 1.63684e-13, 40.1193, 0.928616, 0.351786, 293.68
5023, 3.60449e-17, 0.215724, 0.00023125, 0, 1.23848e-13, 1.49091e-15, 0, 0, 0.215955, 1.27839e-17, 1.42725e-12, 37.8618, 0.928644, 0.351793, 293.618
5024, 1.61833e-16, 0.215381, 0.000337949, 0, 4.21489e-13, 6.23496e-15, 0, 0, 0.215719, 5.71448e-17, 5.92308e-12, 36.36, 0.928672, 0.351181, 293.557
5025, 3.44988e-16, 0.215269, 0.000399453, 0, 7.51054e-13, 1.2598e-14, 0, 0, 0.215668, 1.20978e-16, 1.19127e-11, 35.603, 0.9287, 0.350141, 293.521
5026, 3.46542e-16, 0.215564, 0.000382054, 0, 7.06237e-13, 1.22898e-14, 0, 0, 0.215946, 1.20498e-16, 1.16102e-11, 35.5985, 0.928728, 0.34786, 293.531
5027, 1.75286e-16, 0.216269, 0.000284856, 0, 3.4475e-13, 5.69426e-15, 0, 0, 0.216554, 6.01671e-17, 5.3893e-12, 36.2801, 0.928756, 0.345601, 293.587
5028, 1.74177e-14, 0.217122, 0.000158652, 0, 8.58437e-14, 5.70588e-15, 0, 0, 0.21728, 6.11787e-15, 3.42719e-12, 31.6813, 0.928784, 0.347006, 293.66
5029, 2.60393e-12, 0.217705, 8.48563e-05, 0, 7.61155e-14, 3.91594e-13, 0, 0, 0.217789, 9.3668e-13, 1.80379e-10, 26.674, 0.928812, 0.351208, 293.702
5030, 1.62534e-10, 0.217753, 0.0001155, 0, 2.00251e-12, 1.74819e-11, 0, 0, 0.217869, 5.86389e-11, 7.37646e-09, 22.5401, 0.92884, 0.352206, 293.685
5031, 5.37892e-09, 0.217297, 0.000244061, 0, 3.4242e-11, 4.27928e-10, 0, 0, 0.217541, 1.93602e-09, 1.65264e-07, 19.0408, 0.928868, 0.351712, 293.611
5032, 1.01852e-07, 0.216431, 0.000449368, 0, 3.49651e-10, 5.85418e-09, 0, 0, 0.216881, 3.63679e-08, 2.06596e-06, 16.0997, 0.928896, 0.350019, 293.491
5033, 1.29132e-06, 0.215259, 0.000708189, 0, 2.32136e-09, 5.0132e-08, 0, 0, 0.215967, 4.57255e-07, 1.57641e-05, 13.5598, 0.928924, 0.350242, 293.335
5034, 1.1446e-05, 0.214047, 0.000965887, 0, 1.18112e-08, 3.16551e-07, 0, 0, 0.215013, 4.04996e-06, 8.73383e-05, 11.3779, 0.928952, 0.353736, 293.174
5035, 6.30523e-05, 0.212807, 0.00121231, 0, 4.72319e-08, 1.43315e-06, 0, 0, 0.214021, 2.2381e-05, 0.000360372, 9.67155, 0.92898, 0.353437, 293.006
5036, 0.00020025, 0.211313, 0.00148442, 0, 1.27181e-07, 4.07957e-06, 0, 0, 0.212802, 7.12475e-05, 0.000972592, 8.51594, 0.929008, 0.352418, 292.807
5037, 0.000366043, 0.210244, 0.00167975, 0, 2.11777e-07, 6.96879e-06, 0, 0, 0.211931, 0.000130373, 0.00160932, 7.91276, 0.929036, 0.355266, 292.655
5038, 0.00046246, 0.210457, 0.00166873, 0, 2.39944e-07, 8.02892e-06, 0, 0, 0.212134, 0.000163635, 0.00179278, 7.67895, 0.929064, 0.358531, 292.656
5039, 0.000834749, 0.210545, 0.00165934, 0, 3.3117e-07, 1.15038e-05, 0, 0, 0.212216, 0.000288837, 0.00235085, 7.08838, 0.929092, 0.357736, 292.639
5040, 0.0019353, 0.208713, 0.00191403, 0, 6.54458e-07, 2.33924e-05, 0, 0, 0.210651, 0.000668333, 0.00446529, 6.24749, 0.92912, 0.352238, 292.389
5041, 0.00294717, 0.206914, 0.00217103, 0, 9.61876e-07, 3.46463e-05, 0, 0, 0.20912, 0.00102802, 0.0064664, 5.82691, 0.929148, 0.347966, 292.142
5042, 0.00279798, 0.207257, 0.00216099, 0, 9.19881e-07, 3.3067e-05, 0, 0, 0.209452, 0.000983044, 0.00615839, 5.87886, 0.929176, 0.344492, 292.161
5043, 0.00249827, 0.208076, 0.00208699, 0, 8.15261e-07, 2.92637e-05, 0, 0, 0.210193, 0.000880722, 0.00543515, 5.99216, 0.929204, 0.342424, 292.239
5044, 0.00301029, 0.207825, 0.00213171, 0, 9.47312e-07, 3.43068e-05, 0, 0, 0.209992, 0.00107015, 0.00629136, 5.80572, 0.929232, 0.347956, 292.182
5045, 0.00306596, 0.208017, 0.0021295, 0, 9.75132e-07, 3.55293e-05, 0, 0, 0.210183, 0.00109773, 0.00657175, 5.78739, 0.92926, 0.354965, 292.181
5046, 0.00236728, 0.20924, 0.00200556, 0, 7.94347e-07, 2.90026e-05, 0, 0, 0.211275, 0.00084922, 0.00552994, 6.04601, 0.929288, 0.353912, 292.308
5047, 0.00164508, 0.210989, 0.0017976, 0, 5.79952e-07, 2.11338e-05, 0, 0, 0.212808, 0.000587965, 0.00415018, 6.40997, 0.929316, 0.348648, 292.496
5048, 0.00197406, 0.211758, 0.00168528, 0, 6.21477e-07, 2.25032e-05, 0, 0, 0.213467, 0.000704501, 0.00418226, 6.22766, 0.929344, 0.350087, 292.561
5049, 0.00505062, 0.209191, 0.00195864, 0, 1.35004e-06, 4.89712e-05, 0, 0, 0.2112, 0.00180533, 0.00825241, 5.28824, 0.929372, 0.355501, 292.212
5050, 0.0102937, 0.204398, 0.00248169, 0, 2.57628e-06, 9.35503e-05, 0, 0, 0.206976, 0.00367741, 0.0151293, 4.57623, 0.9294, 0.357422, 291.58
5051, 0.0139186, 0.201482, 0.00279551, 0, 3.38424e-06, 0.000122817, 0, 0, 0.204403, 0.00495501, 0.0195529, 4.27453, 0.929428, 0.356043, 291.179
5052, 0.0139227, 0.201422, 0.00283657, 0, 3.35599e-06, 0.000121783, 0, 0, 0.204384, 0.00489572, 0.0194286, 4.27424, 0.929456, 0.350957, 291.148
5053, 0.0127282, 0.202181, 0.00280401, 0, 3.02737e-06, 0.000109961, 0, 0, 0.205098, 0.0043433, 0.0177078, 4.36394, 0.929484, 0.341134, 291.224
5054, 0.0120668, 0.202771, 0.00277322, 0, 2.81036e-06, 0.000102167, 0, 0, 0.205649, 0.00399299, 0.0165406, 4.41729, 0.929512, 0.332958, 291.276
5055, 0.0096762, 0.204832, 0.00260315, 0, 2.29708e-06, 8.34892e-05, 0, 0, 0.207521, 0.00317887, 0.0137255, 4.63809, 0.92954, 0.336035, 291.518
5056, 0.00557833, 0.208451, 0.00228152, 0, 1.45031e-06, 5.24989e-05, 0, 0, 0.210787, 0.00186511, 0.0089847, 5.18887, 0.929568, 0.346476, 291.957
5057, 0.00275375, 0.211012, 0.00206206, 0, 8.48751e-07, 3.03404e-05, 0, 0, 0.213106, 0.000947523, 0.00554992, 5.89479, 0.929596, 0.350678, 292.256
5058, 0.00155144, 0.212907, 0.00185782, 0, 5.5e-07, 1.93604e-05, 0, 0, 0.214785, 0.000541087, 0.00372288, 6.46857, 0.929624, 0.347235, 292.464
5059, 0.000688193, 0.216407, 0.00136508, 0, 2.65691e-07, 9.1996e-06, 0, 0, 0.217782, 0.000240795, 0.0018239, 7.28144, 0.929652, 0.343982, 292.853
5060, 0.000189835, 0.219545, 0.000902468, 0, 8.3104e-08, 2.78981e-06, 0, 0, 0.22045, 6.66858e-05, 0.000579702, 8.56935, 0.92968, 0.347238, 293.193
5061, 0.000230935, 0.219182, 0.00100102, 0, 9.9865e-08, 3.37343e-06, 0, 0, 0.220187, 8.20616e-05, 0.000700929, 8.37338, 0.929708, 0.352879, 293.129
5062, 0.000932188, 0.215963, 0.00153357, 0, 3.43166e-07, 1.20552e-05, 0, 0, 0.217509, 0.000330655, 0.00235604, 6.97798, 0.929736, 0.355454, 292.731
5063, 0.00232791, 0.212494, 0.00204347, 0, 7.74684e-07, 2.77527e-05, 0, 0, 0.214566, 0.000819464, 0.00521706, 6.06278, 0.929764, 0.354351, 292.293
5064, 0.00376876, 0.21031, 0.00233516, 0, 1.16416e-06, 4.21002e-05, 0, 0, 0.212688, 0.0013051, 0.00772226, 5.58101, 0.929792, 0.348907, 292.001
5065, 0.00468181, 0.2094, 0.0024571, 0, 1.36715e-06, 4.96406e-05, 0, 0, 0.211908, 0.00158439, 0.00897273, 5.36407, 0.92982, 0.339926, 291.863
5066, 0.00483819, 0.209365, 0.0024851, 0, 1.38147e-06, 5.02011e-05, 0, 0, 0.211902, 0.00160696, 0.00905816, 5.33122, 0.929848, 0.332404, 291.834
5067, 0.00418712, 0.210112, 0.00243727, 0, 1.22719e-06, 4.44974e-05, 0, 0, 0.212594, 0.00138299, 0.00815077, 5.47574, 0.929876, 0.331641, 291.904
5068, 0.00311016, 0.211377, 0.00233574, 0, 9.88567e-07, 3.56067e-05, 0, 0, 0.21375, 0.00104161, 0.00673083, 5.77308, 0.929904, 0.339294, 292.039
5069, 0.0021177, 0.212711, 0.0022215, 0, 7.58917e-07, 2.70242e-05, 0, 0, 0.21496, 0.00072898, 0.00532241, 6.15742, 0.929932, 0.347735, 292.18
5070, 0.0014468, 0.213819, 0.00212413, 0, 5.78309e-07, 2.03091e-05, 0, 0, 0.215964, 0.000504186, 0.00416106, 6.5384, 0.92996, 0.347951, 292.292
5071, 0.000974126, 0.214881, 0.00202272, 0, 4.26169e-07, 1.47073e-05, 0, 0, 0.216919, 0.000336311, 0.00312849, 6.93397, 0.929988, 0.344903, 292.397
5072, 0.000571843, 0.216147, 0.00188611, 0, 2.84588e-07, 9.54843e-06, 0, 0, 0.218043, 0.00019656, 0.00213035, 7.46665, 0.930016, 0.347105, 292.525
5073, 0.00027737, 0.217602, 0.00171087, 0, 1.67066e-07, 5.36836e-06, 0, 0, 0.219318, 9.63503e-05, 0.0012733, 8.19016, 0.930044, 0.350307, 292.673
5074, 0.000108522, 0.219261, 0.00148755, 0, 8.23717e-08, 2.49534e-06, 0, 0, 0.220751, 3.80883e-05, 0.000634313, 9.12856, 0.930072, 0.34881, 292.842
5075, 3.19953e-05, 0.221077, 0.00122262, 0, 3.14409e-08, 8.82318e-07, 0, 0, 0.2223, 1.12484e-05, 0.000241273, 10.3499, 0.9301, 0.344205, 293.026
5076, 6.42928e-06, 0.222698, 0.00097897, 0, 8.52771e-09, 2.14721e-07, 0, 0, 0.223677, 2.25095e-06, 6.34655e-05, 11.9546, 0.930128, 0.340363, 293.185
5077, 8.00792e-07, 0.224006, 0.000781145, 0, 1.6351e-09, 3.38917e-08, 0, 0, 0.224787, 2.78642e-07, 1.10424e-05, 14.0377, 0.930156, 0.336877, 293.307
5078, 6.00607e-08, 0.225168, 0.000603632, 0, 2.46874e-10, 3.62351e-09, 0, 0, 0.225771, 2.07694e-08, 1.34149e-06, 16.6279, 0.930184, 0.332974, 293.412
5079, 2.90754e-09, 0.226256, 0.000436414, 0, 3.02885e-11, 2.76692e-10, 0, 0, 0.226692, 1.00035e-09, 1.16006e-07, 19.656, 0.930212, 0.330918, 293.508
5080, 9.47302e-11, 0.227292, 0.000276833, 0, 2.83838e-12, 1.37941e-11, 0, 0, 0.227569, 3.25144e-11, 6.38865e-09, 23.08, 0.93024, 0.33459, 293.598
5081, 1.8633e-12, 0.22819, 0.000142833, 0, 2.03715e-13, 4.03994e-13, 0, 0, 0.228333, 6.38707e-13, 2.0623e-10, 27.0087, 0.930268, 0.341597, 293.672
5082, 1.98621e-14, 0.228824, 5.9602e-05, 0, 1.05129e-14, 6.85576e-15, 0, 0, 0.228884, 6.7751e-15, 3.90492e-12, 31.55, 0.930296, 0.34218, 293.718
5083, 1.13461e-16, 0.229172, 3.24045e-05, 0, 3.28184e-16, 6.92739e-17, 0, 0, 0.229205, 3.82438e-17, 4.45225e-14, 36.7151, 0.930324, 0.338681, 293.732
5084, 1.42366e-17, 0.229354, 3.77504e-05, 0, 5.23675e-17, 1.92499e-17, 0, 0, 0.229392, 4.73073e-18, 1.29794e-14, 38.7907, 0.930352, 0.340233, 293.73
5085, 8.35406e-15, 0.229524, 4.55694e-05, 0, 3.00565e-15, 3.87412e-15, 0, 0, 0.229569, 2.85395e-15, 2.23127e-12, 32.416, 0.93038, 0.344285, 293.725
5086, 7.72075e-13, 0.229581, 7.52624e-05, 0, 9.99163e-14, 2.41924e-13, 0, 0, 0.229657, 2.59516e-13, 1.29906e-10, 27.8897, 0.930408, 0.343849, 293.709
5087, 3.49315e-11, 0.229282, 0.000174586, 0, 1.87905e-12, 7.73489e-12, 0, 0, 0.229456, 1.15586e-11, 3.87804e-09, 24.0776, 0.930436, 0.340708, 293.655
5088, 8.731e-10, 0.228607, 0.000345767, 0, 2.09279e-11, 1.3604e-10, 0, 0, 0.228953, 2.84237e-10, 6.32729e-08, 20.859, 0.930464, 0.337329, 293.56
5089, 1.26992e-08, 0.227727, 0.000554027, 0, 1.4676e-10, 1.41309e-09, 0, 0, 0.228281, 4.07876e-09, 6.06155e-07, 18.1817, 0.930492, 0.333986, 293.443
5090, 1.09176e-07, 0.226811, 0.000765591, 0, 6.94885e-10, 9.1574e-09, 0, 0, 0.227577, 3.4893e-08, 3.6336e-06, 16.0303, 0.93052, 0.332098, 293.321
5091, 5.65916e-07, 0.22597, 0.000958877, 0, 2.33164e-09, 3.84102e-08, 0, 0, 0.226929, 1.8273e-07, 1.42541e-05, 14.3848, 0.930548, 0.327299, 293.206
5092, 1.82208e-06, 0.225286, 0.0011195, 0, 5.66229e-09, 1.07456e-07, 0, 0, 0.226405, 6.01581e-07, 3.78989e-05, 13.2155, 0.930576, 0.323011, 293.109
5093, 3.72581e-06, 0.224875, 0.00122891, 0, 9.90902e-09, 2.02876e-07, 0, 0, 0.226104, 1.25473e-06, 6.93514e-05, 12.5002, 0.930604, 0.328009, 293.04
5094, 4.85122e-06, 0.224876, 0.001265, 0, 1.21675e-08, 2.55769e-07, 0, 0, 0.226141, 1.64649e-06, 8.64096e-05, 12.2363, 0.930632, 0.334991, 293.018
5095, 3.90794e-06, 0.225473, 0.00119608, 0, 1.00541e-08, 2.08283e-07, 0, 0, 0.226669, 1.32204e-06, 7.07975e-05, 12.4525, 0.93066, 0.335717, 293.061
5096, 1.84394e-06, 0.226835, 0.000987722, 0, 5.2795e-09, 1.03666e-07, 0, 0, 0.227823, 6.17769e-07, 3.6021e-05, 13.2036, 0.930688, 0.336132, 293.188
5097, 4.8193e-07, 0.228782, 0.000666761, 0, 1.65716e-09, 2.9755e-08, 0, 0, 0.229449, 1.59772e-07, 1.06993e-05, 14.5455, 0.930716, 0.337573, 293.377
5098, 6.70035e-08, 0.230621, 0.000359603, 0, 2.95257e-10, 4.70636e-09, 0, 0, 0.23098, 2.20979e-08, 1.76384e-06, 16.5185, 0.930744, 0.337043, 293.552
5099, 1.31955e-08, 0.23148, 0.000235481, 0, 7.55537e-11, 1.07375e-09, 0, 0, 0.231716, 4.46967e-09, 4.1677e-07, 18.1434, 0.930772, 0.336989, 293.622
5100, 1.03389e-07, 0.230905, 0.000384967, 0, 4.24223e-10, 6.90755e-09, 0, 0, 0.23129, 3.53843e-08, 2.55056e-06, 16.0848, 0.9308, 0.336739, 293.538
5101, 8.87216e-07, 0.229394, 0.000709148, 0, 2.10967e-09, 4.11696e-08, 0, 0, 0.230103, 3.01406e-07, 1.3885e-05, 13.9352, 0.930828, 0.336501, 293.353
5102, 6.11471e-06, 0.227975, 0.0010088, 0, 8.12998e-09, 1.98152e-07, 0, 0, 0.228984, 2.06154e-06, 5.91313e-05, 12.0048, 0.930856, 0.339174, 293.177
5103, 2.68408e-05, 0.226865, 0.0012389, 0, 2.62285e-08, 7.2912e-07, 0, 0, 0.228104, 8.98277e-06, 0.000201913, 10.5256, 0.930884, 0.34028, 293.032
5104, 6.5454e-05, 0.225727, 0.00146389, 0, 5.63603e-08, 1.64729e-06, 0, 0, 0.227193, 2.16462e-05, 0.000442789, 9.63416, 0.930912, 0.335405, 292.883
5105, 9.02379e-05, 0.225203, 0.00158491, 0, 7.40979e-08, 2.20205e-06, 0, 0, 0.22679, 2.93704e-05, 0.00058826, 9.31306, 0.93094, 0.327897, 292.801
5106, 7.36251e-05, 0.22609, 0.0014689, 0, 6.16728e-08, 1.82509e-06, 0, 0, 0.227561, 2.37477e-05, 0.000494243, 9.51653, 0.930968, 0.32683, 292.877
5107, 3.51333e-05, 0.228349, 0.00111278, 0, 3.20387e-08, 9.27245e-07, 0, 0, 0.229463, 1.1407e-05, 0.000258434, 10.2564, 0.930996, 0.329961, 293.103
5108, 9.14827e-06, 0.230609, 0.000750862, 0, 9.54966e-09, 2.65236e-07, 0, 0, 0.23136, 3.018e-06, 7.67883e-05, 11.6019, 0.931024, 0.329951, 293.326
5109, 1.21137e-06, 0.231548, 0.000624015, 0, 1.58719e-09, 3.97936e-08, 0, 0, 0.232172, 4.05749e-07, 1.21714e-05, 13.6238, 0.931052, 0.32946, 293.406
5110, 7.96145e-08, 0.23196, 0.00058838, 0, 2.14499e-10, 3.445e-09, 0, 0, 0.232549, 2.68971e-08, 1.2164e-06, 16.3461, 0.93108, 0.332735, 293.428
5111, 3.1305e-09, 0.232778, 0.000472981, 0, 4.91208e-11, 3.2507e-10, 0, 0, 0.233251, 1.04793e-09, 1.52033e-07, 19.5821, 0.931108, 0.336896, 293.493
5112, 1.56719e-10, 0.233611, 0.000354077, 0, 1.14239e-11, 4.40378e-11, 0, 0, 0.233965, 5.11114e-11, 2.35427e-08, 22.5766, 0.931136, 0.33553, 293.559
5113, 1.03328e-11, 0.234135, 0.000294149, 0, 1.62896e-12, 4.50111e-12, 0, 0, 0.234429, 3.39819e-12, 2.52008e-09, 25.2957, 0.931164, 0.333358, 293.592
5114, 1.63896e-11, 0.234766, 0.000212439, 0, 3.29111e-13, 1.86062e-12, 0, 0, 0.234979, 5.15517e-12, 8.37187e-10, 24.8344, 0.931192, 0.335754, 293.636
5115, 7.57119e-10, 0.235283, 0.00015258, 0, 5.2088e-12, 6.10422e-11, 0, 0, 0.235436, 2.37678e-10, 2.46934e-08, 21.0015, 0.93122, 0.339048, 293.668
5116, 1.833e-08, 0.234986, 0.00025025, 0, 7.97369e-11, 1.18768e-09, 0, 0, 0.235236, 5.76739e-09, 4.50737e-07, 17.8147, 0.931248, 0.339524, 293.615
5117, 2.3986e-07, 0.233789, 0.000518286, 0, 6.8941e-10, 1.24646e-08, 0, 0, 0.234308, 7.53873e-08, 4.42487e-06, 15.2432, 0.931276, 0.33507, 293.466
5118, 1.7946e-06, 0.232194, 0.000855069, 0, 3.56203e-09, 7.53518e-08, 0, 0, 0.233049, 5.61537e-07, 2.49881e-05, 13.2307, 0.931304, 0.325718, 293.274
5119, 7.99315e-06, 0.230727, 0.00115808, 0, 1.17734e-08, 2.80942e-07, 0, 0, 0.231885, 2.50337e-06, 8.74555e-05, 11.7369, 0.931332, 0.317883, 293.094
5120, 2.17362e-05, 0.229654, 0.00138102, 0, 2.63708e-08, 6.82365e-07, 0, 0, 0.231036, 6.91807e-06, 0.000202119, 10.7365, 0.93136, 0.316251, 292.954
5121, 3.73308e-05, 0.229081, 0.00151272, 0, 4.15151e-08, 1.12088e-06, 0, 0, 0.230595, 1.21994e-05, 0.000322163, 10.1957, 0.931388, 0.322577, 292.868
5122, 4.42505e-05, 0.229033, 0.00155534, 0, 4.85005e-08, 1.32614e-06, 0, 0, 0.23059, 1.47734e-05, 0.000376832, 10.0256, 0.931416, 0.331732, 292.84
5123, 4.03373e-05, 0.229546, 0.00150314, 0, 4.49548e-08, 1.22311e-06, 0, 0, 0.23105, 1.35822e-05, 0.000348055, 10.1182, 0.931444, 0.334446, 292.874
5124, 2.65211e-05, 0.230863, 0.0013108, 0, 3.09081e-08, 8.24926e-07, 0, 0, 0.232175, 8.93826e-06, 0.000237402, 10.5376, 0.931472, 0.331219, 292.995
5125, 1.097e-05, 0.232353, 0.00108824, 0, 1.4736e-08, 3.70937e-07, 0, 0, 0.233442, 3.69114e-06, 0.00011043, 11.4203, 0.9315, 0.329131, 293.134
5126, 3.89172e-06, 0.232786, 0.00105397, 0, 7.73314e-09, 1.69432e-07, 0, 0, 0.23384, 1.30461e-06, 5.47621e-05, 12.4567, 0.931528, 0.331058, 293.159
5127, 2.11482e-06, 0.232941, 0.00106774, 0, 5.62538e-09, 1.12317e-07, 0, 0, 0.234009, 7.0736e-07, 3.82288e-05, 13.0665, 0.931556, 0.330575, 293.154
5128, 9.18052e-07, 0.233739, 0.000963039, 0, 2.96614e-09, 5.40309e-08, 0, 0, 0.234702, 3.06338e-07, 1.9059e-05, 13.901, 0.931584, 0.326203, 293.217
5129, 2.25319e-07, 0.234967, 0.000775214, 0, 1.09839e-09, 1.64094e-08, 0, 0, 0.235743, 7.44137e-08, 6.25111e-06, 15.3057, 0.931612, 0.32437, 293.325
5130, 3.9362e-08, 0.236036, 0.000615239, 0, 3.67457e-10, 4.11851e-09, 0, 0, 0.236651, 1.26927e-08, 1.74257e-06, 17.0505, 0.93164, 0.32499, 293.416
5131, 7.46306e-09, 0.236055, 0.000653101, 0, 1.91937e-10, 1.32947e-09, 0, 0, 0.236708, 2.34282e-09, 6.38948e-07, 18.7133, 0.931668, 0.320137, 293.396
5132, 3.60196e-09, 0.235691, 0.00076306, 0, 1.88841e-10, 9.94383e-10, 0, 0, 0.236454, 1.11169e-09, 5.1185e-07, 19.4418, 0.931696, 0.312586, 293.336
5133, 2.03798e-09, 0.236, 0.00074581, 0, 1.31846e-10, 6.1753e-10, 0, 0, 0.236745, 6.26522e-10, 3.22232e-07, 20.0113, 0.931724, 0.314144, 293.346
5134, 6.08668e-10, 0.23691, 0.000614108, 0, 5.21446e-11, 2.00364e-10, 0, 0, 0.237524, 1.85846e-10, 1.06476e-07, 21.2197, 0.931752, 0.323445, 293.42
5135, 8.90021e-11, 0.23805, 0.00043702, 0, 1.20918e-11, 3.3502e-11, 0, 0, 0.238487, 2.69193e-11, 1.83557e-08, 23.1424, 0.93178, 0.328869, 293.517
5136, 6.43332e-12, 0.239184, 0.000259087, 0, 1.68045e-12, 2.95227e-12, 0, 0, 0.239443, 1.9341e-12, 1.68684e-09, 25.7695, 0.931808, 0.328667, 293.613
5137, 2.31896e-13, 0.240098, 0.000122744, 0, 1.37108e-13, 1.37961e-13, 0, 0, 0.240221, 6.99892e-14, 8.27813e-11, 29.0925, 0.931836, 0.327864, 293.685
5138, 4.17616e-15, 0.240631, 6.00917e-05, 0, 6.31656e-15, 3.36963e-15, 0, 0, 0.240691, 1.2804e-15, 2.12798e-12, 33.1094, 0.931864, 0.330884, 293.719
5139, 3.73994e-17, 0.240899, 4.93497e-05, 0, 1.58503e-16, 4.19436e-17, 0, 0, 0.240948, 1.17357e-17, 2.78613e-14, 37.8249, 0.931892, 0.334428, 293.724
5140, 1.64969e-19, 0.241113, 4.91702e-05, 0, 2.10998e-18, 2.59387e-19, 0, 0, 0.241162, 5.30005e-20, 1.80937e-16, 43.2485, 0.93192, 0.33516, 293.724
5141, 3.5392e-22, 0.241218, 7.01822e-05, 0, 7.78055e-20, 7.79765e-22, 0, 0, 0.241288, 1.15838e-22, 5.70044e-19, 49.393, 0.931948, 0.333297, 293.713
5142, 3.64144e-25, 0.241189, 0.000117718, 0, 2.12704e-19, 1.11861e-24, 0, 0, 0.241306, 1.20595e-25, 8.55127e-22, 56.2722, 0.931976, 0.329322, 293.689
5143, 1.77142e-28, 0.241243, 0.000148827, 0, 3.14724e-19, 7.53603e-28, 0, 0, 0.241392, 5.89985e-29, 6.01136e-25, 63.9006, 0.932004, 0.323735, 293.672
5144, 4.0188e-32, 0.241518, 0.000136748, 0, 2.06089e-19, 2.37414e-31, 0, 0, 0.241654, 1.34011e-32, 2.01027e-28, 72.2917, 0.932032, 0.315946, 293.679
5145, 4.19811e-36, 0.24194, 9.56141e-05, 0, 5.98381e-20, 6.40913e-34, 0, 0, 0.242036, 1.39755e-36, 1.56951e-30, 81.4584, 0.93206, 0.309973, 293.7
5146, 1.96857e-40, 0.242382, 5.07069e-05, 0, 7.7368e-21, 7.06316e-35, 0, 0, 0.242433, 6.53187e-41, 1.79289e-31, 91.4261, 0.932088, 0.311727, 293.724
5147, 1.04976e-37, 0.242749, 2.04799e-05, 0, 4.82541e-22, 1.05102e-31, 0, 0, 0.242769, 3.46326e-38, 1.97763e-28, 85.1471, 0.932116, 0.319894, 293.739
5148, 4.68982e-31, 0.243008, 1.13553e-05, 0, 8.11784e-21, 7.83698e-27, 0, 0, 0.24302, 1.53366e-31, 1.19759e-23, 69.8347, 0.932144, 0.326183, 293.744
5149, 1.26053e-23, 0.243184, 1.87585e-05, 0, 5.49879e-19, 6.60007e-22, 0, 0, 0.243203, 4.19142e-24, 6.67762e-19, 52.7279, 0.932172, 0.326391, 293.74
5150, 2.77754e-20, 0.243279, 4.20084e-05, 0, 2.25999e-17, 2.92507e-19, 0, 0, 0.243321, 8.7524e-21, 2.57166e-16, 45.0301, 0.9322, 0.326845, 293.728
5151, 2.4388e-18, 0.243222, 9.5065e-05, 0, 6.66042e-16, 2.1203e-17, 0, 0, 0.243317, 7.74469e-19, 1.8177e-14, 40.555, 0.932228, 0.328959, 293.701
5152, 1.05041e-16, 0.243025, 0.00017535, 0, 1.26898e-14, 7.47844e-16, 0, 0, 0.2432, 3.31442e-17, 6.24437e-13, 36.7922, 0.932256, 0.328937, 293.659
5153, 2.41868e-15, 0.24281, 0.000258754, 0, 1.34331e-13, 1.27042e-14, 0, 0, 0.243068, 7.54833e-16, 1.0327e-11, 33.6556, 0.932284, 0.327173, 293.615
5154, 5.90399e-14, 0.242548, 0.000350576, 0, 7.57108e-13, 1.18942e-13, 0, 0, 0.242899, 1.8275e-14, 9.11476e-11, 30.4606, 0.932312, 0.325672, 293.566
5155, 1.89309e-12, 0.242228, 0.000453327, 0, 2.4626e-12, 1.09206e-12, 0, 0, 0.242681, 5.84789e-13, 7.02169e-10, 26.9928, 0.93234, 0.324738, 293.512
5156, 3.8432e-11, 0.242109, 0.000516934, 0, 7.06882e-12, 1.34871e-11, 0, 0, 0.242626, 1.19938e-11, 7.49053e-09, 23.9821, 0.932368, 0.32356, 293.478
5157, 3.81561e-10, 0.242067, 0.00056518, 0, 2.81363e-11, 1.14993e-10, 0, 0, 0.242633, 1.20611e-10, 6.09005e-08, 21.6868, 0.932396, 0.321022, 293.452
5158, 1.95074e-09, 0.241751, 0.000665151, 0, 9.60933e-11, 5.2274e-10, 0, 0, 0.242416, 6.23065e-10, 2.70059e-07, 20.0551, 0.932424, 0.315105, 293.397
5159, 6.33029e-09, 0.241491, 0.000754096, 0, 2.12154e-10, 1.41668e-09, 0, 0, 0.242245, 2.03194e-09, 7.08663e-07, 18.8779, 0.932452, 0.313008, 293.348
5160, 1.55983e-08, 0.241544, 0.000783399, 0, 3.45275e-10, 2.81834e-09, 0, 0, 0.242327, 5.02724e-09, 1.35033e-06, 17.9761, 0.93248, 0.315154, 293.332
5161, 4.04895e-08, 0.241706, 0.000792545, 0, 4.90575e-10, 5.04255e-09, 0, 0, 0.242498, 1.32132e-08, 2.23798e-06, 17.0222, 0.932508, 0.316625, 293.327
5162, 1.85149e-07, 0.241764, 0.000820463, 0, 1.00037e-09, 1.47159e-08, 0, 0, 0.242585, 6.0826e-08, 5.76227e-06, 15.5021, 0.932536, 0.31947, 293.311
5163, 7.32321e-07, 0.241174, 0.000966692, 0, 2.77052e-09, 4.88116e-08, 0, 0, 0.242141, 2.39594e-07, 1.80497e-05, 14.127, 0.932564, 0.324201, 293.227
5164, 1.74734e-06, 0.240294, 0.00116498, 0, 5.57683e-09, 1.06e-07, 0, 0, 0.241459, 5.66797e-07, 3.81927e-05, 13.2574, 0.932592, 0.326108, 293.114
5165, 2.53868e-06, 0.239987, 0.00125849, 0, 7.44353e-09, 1.46246e-07, 0, 0, 0.241246, 8.15857e-07, 5.20849e-05, 12.8839, 0.93262, 0.323662, 293.059
5166, 2.40805e-06, 0.240344, 0.00123245, 0, 7.08089e-09, 1.39006e-07, 0, 0, 0.241577, 7.68007e-07, 4.97282e-05, 12.9367, 0.932648, 0.320536, 293.075
5167, 1.80832e-06, 0.240856, 0.00117922, 0, 5.68385e-09, 1.09236e-07, 0, 0, 0.242036, 5.71062e-07, 3.97209e-05, 13.2231, 0.932676, 0.317532, 293.106
5168, 1.33025e-06, 0.241129, 0.00116992, 0, 4.57912e-09, 8.51175e-08, 0, 0, 0.242299, 4.15511e-07, 3.14395e-05, 13.5301, 0.932704, 0.313994, 293.113
5169, 7.96565e-07, 0.241653, 0.00111525, 0, 3.13353e-09, 5.48594e-08, 0, 0, 0.242768, 2.47616e-07, 2.0647e-05, 14.043, 0.932732, 0.312567, 293.146
5170, 2.9541e-07, 0.242876, 0.000930962, 0, 1.44845e-09, 2.28091e-08, 0, 0, 0.243806, 9.16008e-08, 8.8716e-06, 15.0349, 0.93276, 0.314604, 293.251
5171, 6.22969e-08, 0.244657, 0.000638264, 0, 4.20142e-10, 5.65922e-09, 0, 0, 0.245295, 1.92657e-08, 2.30713e-06, 16.5914, 0.932788, 0.314681, 293.412
5172, 7.33969e-09, 0.246403, 0.000347322, 0, 7.32206e-11, 8.12725e-10, 0, 0, 0.246751, 2.27033e-09, 3.49346e-07, 18.73, 0.932816, 0.313654, 293.569
5173, 6.15278e-10, 0.247282, 0.000220431, 0, 8.49206e-12, 7.91098e-11, 0, 0, 0.247503, 1.91757e-10, 3.54329e-08, 21.2089, 0.932844, 0.315661, 293.636
5174, 3.63832e-09, 0.247145, 0.000288789, 0, 2.56346e-11, 3.30121e-10, 0, 0, 0.247433, 1.14329e-09, 1.36923e-07, 19.4317, 0.932872, 0.315754, 293.601
5175, 4.40676e-08, 0.24652, 0.000448855, 0, 2.39991e-10, 3.50769e-09, 0, 0, 0.246969, 1.39114e-08, 1.40204e-06, 16.9375, 0.9329, 0.316534, 293.516
5176, 2.73763e-07, 0.245392, 0.000700208, 0, 1.19462e-09, 1.94374e-08, 0, 0, 0.246092, 8.69374e-08, 7.50253e-06, 15.111, 0.932928, 0.318689, 293.379
5177, 9.01211e-07, 0.243966, 0.00100377, 0, 3.31547e-09, 5.86042e-08, 0, 0, 0.24497, 2.87922e-07, 2.19666e-05, 13.9195, 0.932956, 0.318723, 293.21
5178, 1.6977e-06, 0.243117, 0.00119834, 0, 5.57958e-09, 1.0388e-07, 0, 0, 0.244316, 5.4387e-07, 3.8132e-05, 13.2862, 0.932984, 0.319652, 293.101
5179, 2.2943e-06, 0.242964, 0.00126469, 0, 6.87587e-09, 1.32239e-07, 0, 0, 0.244229, 7.31532e-07, 4.77483e-05, 12.9851, 0.933012, 0.320138, 293.063
5180, 2.91721e-06, 0.243016, 0.00129324, 0, 8.01403e-09, 1.58694e-07, 0, 0, 0.244309, 9.27907e-07, 5.64455e-05, 12.7449, 0.93304, 0.319387, 293.047
5181, 3.1585e-06, 0.243145, 0.00130813, 0, 8.59993e-09, 1.71406e-07, 0, 0, 0.244454, 1.01194e-06, 6.08043e-05, 12.6654, 0.933068, 0.320756, 293.038
5182, 2.54873e-06, 0.243449, 0.0012931, 0, 7.57886e-09, 1.46634e-07, 0, 0, 0.244742, 8.21407e-07, 5.27312e-05, 12.8799, 0.933096, 0.32217, 293.048
5183, 1.71861e-06, 0.243848, 0.00126121, 0, 5.95018e-09, 1.08919e-07, 0, 0, 0.245109, 5.54001e-07, 4.01343e-05, 13.274, 0.933124, 0.321363, 293.068
5184, 1.08851e-06, 0.244339, 0.00121274, 0, 4.45491e-09, 7.62089e-08, 0, 0, 0.245551, 3.48992e-07, 2.89038e-05, 13.7307, 0.933152, 0.316394, 293.097
5185, 5.94477e-07, 0.245071, 0.00111958, 0, 2.91692e-09, 4.58101e-08, 0, 0, 0.246191, 1.87379e-07, 1.79792e-05, 14.3356, 0.93318, 0.309288, 293.151
5186, 2.41055e-07, 0.24619, 0.000954172, 0, 1.49066e-09, 2.08599e-08, 0, 0, 0.247144, 7.41446e-08, 8.53454e-06, 15.2382, 0.933208, 0.307886, 293.244
5187, 6.49083e-08, 0.247253, 0.000798178, 0, 5.67259e-10, 6.61721e-09, 0, 0, 0.248051, 1.9673e-08, 2.8517e-06, 16.5503, 0.933236, 0.308444, 293.331
5188, 1.13574e-08, 0.247648, 0.000766441, 0, 2.13049e-10, 1.61995e-09, 0, 0, 0.248414, 3.44619e-09, 7.6741e-07, 18.2934, 0.933264, 0.306642, 293.349
5189, 2.0289e-09, 0.24792, 0.000756781, 0, 1.17709e-10, 5.40403e-10, 0, 0, 0.248677, 6.10175e-10, 2.88331e-07, 20.0158, 0.933292, 0.309067, 293.355
5190, 5.58393e-10, 0.248495, 0.000689635, 0, 5.68804e-11, 2.0298e-10, 0, 0, 0.249185, 1.64916e-10, 1.13074e-07, 21.306, 0.93332, 0.316049, 293.392
5191, 1.10298e-10, 0.249016, 0.000632453, 0, 1.95077e-11, 4.65908e-11, 0, 0, 0.249648, 3.26534e-11, 2.67727e-08, 22.9278, 0.933348, 0.318593, 293.423
5192, 1.12644e-11, 0.249502, 0.000581123, 0, 6.85873e-12, 6.59575e-12, 0, 0, 0.250083, 3.39027e-12, 4.09379e-09, 25.2094, 0.933376, 0.31625, 293.451
5193, 6.88258e-13, 0.250157, 0.00049716, 0, 2.53395e-12, 8.80682e-13, 0, 0, 0.250654, 2.13263e-13, 6.2067e-10, 28.0046, 0.933404, 0.316416, 293.495
5194, 4.04479e-14, 0.250923, 0.000391326, 0, 6.91444e-13, 1.17138e-13, 0, 0, 0.251315, 1.28455e-14, 8.94576e-11, 30.8388, 0.933432, 0.319602, 293.55
5195, 2.29863e-15, 0.251649, 0.000292978, 0, 1.2024e-13, 1.03455e-14, 0, 0, 0.251941, 7.29336e-16, 8.29179e-12, 33.7065, 0.93346, 0.321332, 293.601
5196, 8.19266e-17, 0.252281, 0.000211979, 0, 1.25898e-14, 5.08737e-16, 0, 0, 0.252493, 2.57299e-17, 4.26449e-13, 37.0407, 0.933488, 0.321013, 293.643
5197, 1.54208e-18, 0.252874, 0.000138527, 0, 7.57657e-16, 1.33385e-17, 0, 0, 0.253012, 4.79677e-19, 1.17098e-14, 41.0134, 0.933516, 0.31758, 293.68
5198, 1.46737e-20, 0.253416, 7.4666e-05, 0, 2.60814e-17, 1.82893e-19, 0, 0, 0.25349, 4.54067e-21, 1.68275e-16, 45.6682, 0.933544, 0.309326, 293.712
5199, 6.9465e-23, 0.25385, 3.17161e-05, 0, 5.64113e-19, 1.28767e-21, 0, 0, 0.253882, 2.1505e-23, 1.24001e-18, 51.0212, 0.933572, 0.300764, 293.734
5200, 1.62417e-25, 0.254158, 1.36829e-05, 0, 8.65499e-21, 4.54812e-24, 0, 0, 0.254172, 5.05391e-26, 4.56854e-21, 57.0796, 0.9336, 0.300208, 293.743
5201, 1.86284e-28, 0.254383, 1.20954e-05, 0, 9.47157e-23, 7.8439e-27, 0, 0, 0.254395, 5.83972e-29, 8.18163e-24, 63.8503, 0.933628, 0.307851, 293.744
5202, 1.03654e-31, 0.254549, 2.18758e-05, 0, 1.93208e-22, 6.43026e-30, 0, 0, 0.254571, 3.27369e-32, 6.93292e-27, 71.3443, 0.933656, 0.312011, 293.739
5203, 2.75499e-35, 0.254616, 5.11577e-05, 0, 3.361e-21, 2.54376e-33, 0, 0, 0.254667, 8.75553e-36, 2.95972e-30, 79.5771, 0.933684, 0.309704, 293.724
5204, 3.43731e-39, 0.254599, 9.68755e-05, 0, 3.4497e-20, 1.54457e-33, 0, 0, 0.254696, 1.09726e-39, 3.88516e-30, 88.5661, 0.933712, 0.309024, 293.701
5205, 7.9902e-42, 0.2546, 0.000139168, 0, 1.9515e-19, 1.07417e-32, 0, 0, 0.254739, 6.16571e-44, 2.69824e-29, 94.6304, 0.93374, 0.311869, 293.68
5206, 2.37576e-41, 0.254675, 0.000166764, 0, 5.51137e-19, 3.2321e-32, 0, 0, 0.254842, 0, 8.1104e-29, 93.5407, 0.933768, 0.315611, 293.666
5207, 3.10696e-41, 0.254844, 0.000176151, 0, 7.38243e-19, 4.22064e-32, 0, 0, 0.25502, 0, 1.05857e-28, 93.2723, 0.933796, 0.31773, 293.662
5208, 1.74616e-41, 0.255152, 0.00015816, 0, 4.62985e-19, 2.39952e-32, 0, 0, 0.25531, 0, 6.01881e-29, 93.8486, 0.933824, 0.318532, 293.671
5209, 4.22491e-42, 0.255567, 0.000119409, 0, 1.3624e-19, 5.95545e-33, 0, 0, 0.255686, 0, 1.49497e-29, 95.2676, 0.933852, 0.318345, 293.69
5210, 4.40008e-43, 0.25597, 8.28183e-05, 0, 1.89411e-20, 6.46617e-34, 0, 0, 0.256053, 0, 1.62554e-30, 97.5295, 0.93388, 0.315076, 293.709
5211, 1.96182e-44, 0.256333, 5.41605e-05, 0, 1.25744e-21, 3.07553e-35, 0, 0, 0.256387, 0, 7.74805e-32, 99.99, 0.933908, 0.307036, 293.723
5212, 0, 0.256677, 2.909e-05, 0, 4.04546e-23, 6.4113e-37, 0, 0, 0.256706, 0, 1.6196e-33, 99.99, 0.933936, 0.29841, 293.736
5213, 0, 0.256978, 1.26024e-05, 0, 6.63968e-25, 5.89501e-39, 0, 0, 0.25699, 0, 1.49451e-35, 99.99, 0.933964, 0.296087, 293.744
5214, 8.41272e-40, 0.257207, 1.00752e-05, 0, 1.27415e-23, 2.43505e-33, 0, 0, 0.257217, 2.66583e-40, 4.78076e-30, 89.9737, 0.933992, 0.302071, 293.745
5215, 4.03017e-35, 0.257359, 2.27818e-05, 0, 9.871e-22, 4.42407e-30, 0, 0, 0.257382, 1.26967e-35, 7.46559e-27, 79.1967, 0.93402, 0.310093, 293.739
5216, 1.22945e-30, 0.257439, 4.96875e-05, 0, 4.31157e-20, 6.69719e-27, 0, 0, 0.257489, 3.88947e-31, 9.74671e-24, 68.871, 0.934048, 0.311222, 293.725
5217, 5.27244e-28, 0.257455, 8.92509e-05, 0, 9.99258e-19, 1.50948e-24, 0, 0, 0.257544, 1.6562e-28, 2.09202e-21, 62.8099, 0.934076, 0.306325, 293.706
5218, 3.44665e-26, 0.257414, 0.000139687, 0, 1.40449e-17, 8.65712e-23, 0, 0, 0.257554, 1.08143e-26, 1.19061e-19, 58.6298, 0.934104, 0.306017, 293.681
5219, 1.81304e-24, 0.25735, 0.000194524, 0, 1.37833e-16, 2.39608e-21, 0, 0, 0.257545, 5.65348e-25, 3.22759e-18, 54.667, 0.934132, 0.311681, 293.653
5220, 1.07662e-22, 0.257332, 0.000240372, 0, 9.2838e-16, 3.93818e-20, 0, 0, 0.257572, 3.27935e-23, 5.03182e-17, 50.583, 0.93416, 0.31497, 293.63
5221, 5.95874e-21, 0.257401, 0.000269055, 0, 3.84167e-15, 5.72305e-19, 0, 0, 0.25767, 1.75524e-21, 6.6497e-16, 46.5694, 0.934188, 0.314228, 293.616
5222, 2.63231e-19, 0.257528, 0.000286446, 0, 1.09312e-14, 9.71148e-18, 0, 0, 0.257815, 7.73633e-20, 1.00306e-14, 42.7813, 0.934216, 0.311587, 293.607
5223, 6.10474e-18, 0.257654, 0.000304117, 0, 3.04156e-14, 1.55434e-16, 0, 0, 0.257958, 1.80019e-18, 1.49959e-13, 39.6375, 0.934244, 0.308928, 293.598
5224, 6.74693e-17, 0.25768, 0.000340984, 0, 1.03405e-13, 1.49932e-15, 0, 0, 0.258021, 1.99721e-17, 1.4128e-12, 37.2349, 0.934272, 0.305456, 293.58
5225, 3.55509e-16, 0.257584, 0.000401499, 0, 3.33967e-13, 7.33458e-15, 0, 0, 0.257985, 1.05702e-16, 6.83938e-12, 35.573, 0.9343, 0.30044, 293.549
5226, 9.08223e-16, 0.257439, 0.00047126, 0, 6.95489e-13, 1.7938e-14, 0, 0, 0.25791, 2.71367e-16, 1.66285e-11, 34.635, 0.934328, 0.297471, 293.514
5227, 1.13739e-15, 0.257529, 0.000495745, 0, 8.2814e-13, 2.21707e-14, 0, 0, 0.258025, 3.41025e-16, 2.05115e-11, 34.41, 0.934356, 0.299174, 293.501
5228, 6.97106e-16, 0.257944, 0.000457785, 0, 5.65103e-13, 1.38417e-14, 0, 0, 0.258402, 2.0893e-16, 1.2837e-11, 34.8996, 0.934384, 0.303801, 293.521
5229, 2.06681e-16, 0.258411, 0.000409965, 0, 2.43122e-13, 4.34024e-15, 0, 0, 0.258821, 6.16501e-17, 4.05897e-12, 36.1154, 0.934412, 0.306974, 293.545
5230, 2.93663e-17, 0.258831, 0.000370985, 0, 8.53295e-14, 7.08328e-16, 0, 0, 0.259202, 8.70164e-18, 6.77546e-13, 38.0667, 0.93444, 0.306771, 293.565
5231, 2.05956e-18, 0.259321, 0.000318328, 0, 2.56228e-14, 7.27494e-17, 0, 0, 0.25964, 6.08801e-19, 7.35151e-14, 40.724, 0.934468, 0.305864, 293.592
5232, 8.44729e-20, 0.259899, 0.000248352, 0, 5.07331e-15, 6.10096e-18, 0, 0, 0.260148, 2.52858e-20, 6.57412e-15, 43.9179, 0.934496, 0.304496, 293.627
5233, 2.70701e-21, 0.26054, 0.000166051, 0, 6.34059e-16, 3.55112e-19, 0, 0, 0.260706, 8.29137e-22, 3.94892e-16, 47.3584, 0.934524, 0.305182, 293.668
5234, 6.21877e-23, 0.26115, 8.93941e-05, 0, 5.40643e-17, 1.05455e-20, 0, 0, 0.261239, 1.92307e-23, 1.18911e-17, 51.1319, 0.934552, 0.307239, 293.706
5235, 7.43028e-25, 0.261622, 3.95697e-05, 0, 2.85012e-18, 1.42425e-22, 0, 0, 0.261661, 2.29456e-25, 1.6272e-19, 55.5591, 0.93458, 0.307488, 293.731
5236, 3.99661e-27, 0.261895, 2.87362e-05, 0, 7.89114e-20, 8.71765e-25, 0, 0, 0.261924, 1.22779e-27, 1.02005e-21, 60.7844, 0.934608, 0.306075, 293.736
5237, 9.34578e-30, 0.261992, 5.25513e-05, 0, 1.06018e-21, 2.59413e-27, 0, 0, 0.262044, 2.85136e-30, 3.19714e-24, 66.8426, 0.934636, 0.306203, 293.724
5238, 9.47331e-33, 0.262043, 8.52287e-05, 0, 1.34483e-23, 4.35289e-30, 0, 0, 0.262128, 2.86764e-33, 5.84974e-27, 73.7368, 0.934664, 0.305593, 293.708
5239, 1.33303e-29, 0.262224, 9.25015e-05, 0, 2.86617e-21, 3.19995e-26, 0, 0, 0.262317, 4.13932e-30, 4.36095e-23, 66.4875, 0.934692, 0.300484, 293.705
5240, 4.04396e-25, 0.262573, 6.68749e-05, 0, 2.65606e-19, 6.51085e-23, 0, 0, 0.26264, 1.24169e-25, 7.34137e-20, 56.1674, 0.93472, 0.297897, 293.717
5241, 8.96728e-23, 0.262902, 4.50986e-05, 0, 1.19061e-17, 8.2623e-21, 0, 0, 0.262947, 2.66728e-23, 8.96445e-18, 50.7659, 0.934748, 0.299376, 293.728
5242, 9.80206e-21, 0.262982, 7.20491e-05, 0, 2.83304e-16, 4.57053e-19, 0, 0, 0.263054, 2.83995e-21, 4.75783e-16, 46.0717, 0.934776, 0.298813, 293.715
5243, 4.31862e-19, 0.262773, 0.000155653, 0, 3.70331e-15, 1.30434e-17, 0, 0, 0.262928, 1.24074e-19, 1.301e-14, 42.2862, 0.934804, 0.300825, 293.674
5244, 9.62414e-18, 0.262412, 0.000268261, 0, 2.77079e-14, 2.14136e-16, 0, 0, 0.262681, 2.75327e-18, 2.05205e-13, 39.1823, 0.934832, 0.305427, 293.618
5245, 1.00935e-16, 0.262073, 0.000376211, 0, 1.27407e-13, 1.90979e-15, 0, 0, 0.26245, 2.89022e-17, 1.78447e-12, 36.8321, 0.93486, 0.305788, 293.564
5246, 4.83257e-16, 0.261865, 0.000458401, 0, 3.75442e-13, 8.51881e-15, 0, 0, 0.262324, 1.39216e-16, 7.86138e-12, 35.266, 0.934888, 0.302073, 293.523
5247, 1.04799e-15, 0.261855, 0.00050236, 0, 6.69315e-13, 1.81361e-14, 0, 0, 0.262357, 3.05e-16, 1.66535e-11, 34.4919, 0.934916, 0.299298, 293.501
5248, 1.02999e-15, 0.262188, 0.000480251, 0, 6.60103e-13, 1.81243e-14, 0, 0, 0.262668, 3.03584e-16, 1.66369e-11, 34.5092, 0.934944, 0.300334, 293.512
5249, 4.6136e-16, 0.262982, 0.000369021, 0, 3.40569e-13, 8.4647e-15, 0, 0, 0.263351, 1.37782e-16, 7.79439e-12, 35.3124, 0.934972, 0.303355, 293.568
5250, 2.21853e-16, 0.263983, 0.000217279, 0, 9.08571e-14, 2.19997e-15, 0, 0, 0.264201, 6.76915e-17, 1.97556e-12, 36.0445, 0.935, 0.306419, 293.643
5251, 4.55317e-15, 0.264587, 0.000142405, 0, 5.01758e-14, 1.13511e-14, 0, 0, 0.26473, 1.40097e-15, 8.41237e-12, 33.023, 0.935028, 0.306836, 293.68
5252, 7.2682e-14, 0.26441, 0.000219262, 0, 4.1884e-13, 1.59765e-13, 0, 0, 0.264629, 2.2378e-14, 1.15987e-10, 30.2527, 0.935056, 0.302457, 293.642
5253, 5.21675e-13, 0.263704, 0.000397975, 0, 2.23407e-12, 1.05694e-12, 0, 0, 0.264102, 1.60621e-13, 7.5796e-10, 28.2817, 0.935084, 0.296443, 293.554
5254, 1.68231e-12, 0.263113, 0.000553659, 0, 5.9441e-12, 3.24084e-12, 0, 0, 0.263666, 5.17316e-13, 2.30743e-09, 27.1109, 0.935112, 0.296224, 293.476
5255, 2.54632e-12, 0.26309, 0.000599702, 0, 8.29463e-12, 4.83589e-12, 0, 0, 0.26369, 7.78701e-13, 3.44455e-09, 26.6964, 0.93514, 0.297336, 293.453
5256, 2.2941e-12, 0.263498, 0.000563457, 0, 7.33995e-12, 4.29854e-12, 0, 0, 0.264061, 6.91596e-13, 3.09416e-09, 26.8007, 0.935168, 0.294328, 293.471
5257, 6.28542e-12, 0.264123, 0.00048535, 0, 5.74337e-12, 4.96137e-12, 0, 0, 0.264609, 1.90716e-12, 3.3336e-09, 25.7928, 0.935196, 0.294227, 293.51
5258, 7.01008e-11, 0.264712, 0.000413977, 0, 1.01947e-11, 2.86321e-11, 0, 0, 0.265126, 2.13159e-11, 1.67071e-08, 23.3811, 0.935224, 0.298115, 293.546
5259, 4.70497e-10, 0.264431, 0.000508835, 0, 4.07284e-11, 1.65267e-10, 0, 0, 0.26494, 1.41933e-10, 9.27739e-08, 21.4772, 0.935252, 0.302231, 293.498
5260, 1.67724e-09, 0.263487, 0.000729915, 0, 1.10272e-10, 5.242e-10, 0, 0, 0.264216, 4.99073e-10, 2.86488e-07, 20.2061, 0.93528, 0.302569, 293.386
5261, 3.64127e-09, 0.262859, 0.00088973, 0, 1.88939e-10, 1.01255e-09, 0, 0, 0.263749, 1.06521e-09, 5.39877e-07, 19.4309, 0.935308, 0.297258, 293.304
5262, 5.59123e-09, 0.262747, 0.000951639, 0, 2.44996e-10, 1.41799e-09, 0, 0, 0.263699, 1.61667e-09, 7.43026e-07, 19.0021, 0.935336, 0.291103, 293.273
5263, 6.22544e-09, 0.262917, 0.000960869, 0, 2.6255e-10, 1.53359e-09, 0, 0, 0.263878, 1.79359e-09, 8.00706e-07, 18.8946, 0.935364, 0.289291, 293.268
5264, 4.74989e-09, 0.263254, 0.000939214, 0, 2.24463e-10, 1.22434e-09, 0, 0, 0.264193, 1.37113e-09, 6.45693e-07, 19.1651, 0.935392, 0.292551, 293.28
5265, 2.40779e-09, 0.263744, 0.000888919, 0, 1.5066e-10, 7.04841e-10, 0, 0, 0.264633, 7.01851e-10, 3.80316e-07, 19.8446, 0.93542, 0.297191, 293.306
5266, 8.29136e-10, 0.264379, 0.000811437, 0, 8.22168e-11, 3.00878e-10, 0, 0, 0.26519, 2.456e-10, 1.68377e-07, 20.9106, 0.935448, 0.296434, 293.347
5267, 2.08113e-10, 0.26503, 0.000730477, 0, 3.89706e-11, 9.98399e-11, 0, 0, 0.26576, 6.24186e-11, 5.87371e-08, 22.2929, 0.935476, 0.291685, 293.389
5268, 4.04527e-11, 0.2657, 0.000645112, 0, 1.76528e-11, 2.74002e-11, 0, 0, 0.266345, 1.21027e-11, 1.72362e-08, 23.9309, 0.935504, 0.29, 293.432
5269, 6.66621e-12, 0.266605, 0.000514371, 0, 6.89704e-12, 6.72023e-12, 0, 0, 0.267119, 1.95587e-12, 4.51298e-09, 25.734, 0.935532, 0.290712, 293.498
5270, 9.17385e-13, 0.26744, 0.000396464, 0, 1.72077e-12, 1.2226e-12, 0, 0, 0.267837, 2.65299e-13, 8.51439e-10, 27.7172, 0.93556, 0.291879, 293.557
5271, 7.86705e-14, 0.267832, 0.000363769, 0, 2.65792e-13, 1.22903e-13, 0, 0, 0.268195, 2.2784e-14, 8.73431e-11, 30.1735, 0.935588, 0.294174, 293.573
5272, 3.36274e-15, 0.268163, 0.000342385, 0, 5.08399e-14, 5.98001e-15, 0, 0, 0.268505, 9.82167e-16, 4.33807e-12, 33.326, 0.935616, 0.297533, 293.584
5273, 6.64054e-17, 0.268768, 0.000267661, 0, 1.37081e-14, 1.44882e-16, 0, 0, 0.269036, 1.9579e-17, 1.11805e-13, 37.2508, 0.935644, 0.298695, 293.621
5274, 5.99337e-19, 0.269496, 0.000168843, 0, 2.29774e-15, 2.97301e-18, 0, 0, 0.269665, 1.77959e-19, 2.89419e-15, 41.9585, 0.935672, 0.298281, 293.669
5275, 2.83474e-21, 0.270149, 8.41591e-05, 0, 1.94802e-16, 9.77052e-20, 0, 0, 0.270234, 8.35895e-22, 1.11203e-16, 47.3123, 0.9357, 0.299934, 293.71
5276, 1.51826e-23, 0.270619, 3.52438e-05, 0, 8.32339e-18, 2.26132e-21, 0, 0, 0.270655, 4.29991e-24, 2.64844e-18, 52.5419, 0.935728, 0.300028, 293.733
5277, 1.09611e-25, 0.27087, 2.92432e-05, 0, 1.90227e-19, 2.44471e-23, 0, 0, 0.270899, 3.07105e-26, 2.90292e-20, 57.4729, 0.935756, 0.297316, 293.736
5278, 4.4498e-28, 0.270927, 6.11609e-05, 0, 3.9023e-19, 1.92659e-25, 0, 0, 0.270988, 1.25795e-28, 2.6476e-22, 62.9795, 0.935784, 0.297274, 293.721
5279, 5.70581e-29, 0.270901, 0.000109403, 0, 7.85998e-18, 2.09833e-24, 0, 0, 0.27101, 1.58708e-29, 3.4301e-21, 65.0335, 0.935812, 0.298404, 293.698
5280, 7.28808e-28, 0.270911, 0.000150294, 0, 7.56142e-17, 2.61143e-23, 0, 0, 0.271062, 2.04644e-28, 4.2542e-20, 62.4861, 0.93584, 0.294103, 293.678
5281, 4.07755e-27, 0.270873, 0.000200655, 0, 3.45353e-16, 1.42879e-22, 0, 0, 0.271073, 1.15607e-27, 2.32278e-19, 60.7643, 0.935868, 0.286951, 293.654
5282, 9.85036e-27, 0.27082, 0.000253823, 0, 7.50857e-16, 3.4299e-22, 0, 0, 0.271073, 2.81877e-27, 5.57172e-19, 59.8823, 0.935896, 0.285674, 293.628
5283, 1.02707e-26, 0.271007, 0.000260171, 0, 7.89338e-16, 3.60742e-22, 0, 0, 0.271267, 2.9646e-27, 5.86298e-19, 59.8405, 0.935924, 0.292028, 293.625
5284, 4.62031e-27, 0.27131, 0.000244107, 0, 4.49157e-16, 1.66488e-22, 0, 0, 0.271554, 1.3442e-27, 2.71163e-19, 60.6393, 0.935952, 0.296685, 293.633
5285, 8.97713e-28, 0.271539, 0.000242625, 0, 1.99623e-16, 3.44165e-23, 0, 0, 0.271781, 2.63022e-28, 5.64214e-20, 62.2777, 0.93598, 0.294211, 293.634
5286, 7.62494e-29, 0.271847, 0.000225429, 0, 8.28199e-17, 3.59181e-24, 0, 0, 0.272073, 2.24781e-29, 6.02665e-21, 64.7435, 0.936008, 0.290257, 293.642
5287, 3.05256e-30, 0.272282, 0.00018371, 0, 2.20779e-17, 2.74485e-25, 0, 0, 0.272466, 9.04464e-31, 4.84887e-22, 67.9616, 0.936036, 0.292138, 293.662
5288, 7.78493e-32, 0.272751, 0.000135253, 0, 3.03338e-18, 1.84235e-26, 0, 0, 0.272886, 2.31381e-32, 3.37563e-23, 71.6305, 0.936064, 0.297356, 293.686
5289, 1.78429e-33, 0.27321, 8.85558e-05, 0, 2.08034e-19, 7.37027e-28, 0, 0, 0.273299, 5.30994e-34, 1.36689e-24, 75.4063, 0.936092, 0.300182, 293.708
5290, 2.74171e-35, 0.273632, 4.91198e-05, 0, 7.21308e-21, 1.37738e-29, 0, 0, 0.273681, 8.17152e-36, 2.57091e-26, 79.5819, 0.93612, 0.300343, 293.727
5291, 2.02174e-37, 0.27399, 2.20852e-05, 0, 1.30092e-22, 1.14121e-31, 0, 0, 0.274012, 6.03596e-38, 2.14479e-28, 84.4917, 0.936148, 0.298274, 293.74
5292, 6.5332e-40, 0.274271, 1.0287e-05, 0, 1.60786e-24, 4.17801e-34, 0, 0, 0.274281, 1.95331e-40, 7.92187e-31, 90.2265, 0.936176, 0.293392, 293.745
5293, 4.97546e-39, 0.27447, 1.44228e-05, 0, 4.63454e-23, 8.796e-33, 0, 0, 0.274485, 1.48658e-39, 1.73267e-29, 88.1963, 0.936204, 0.288625, 293.743
5294, 1.33359e-33, 0.274591, 3.41021e-05, 0, 3.50845e-21, 6.36659e-29, 0, 0, 0.274625, 3.65105e-34, 1.06239e-25, 75.6974, 0.936232, 0.285507, 293.734
5295, 6.70422e-31, 0.274633, 6.9032e-05, 0, 1.32028e-19, 1.14837e-26, 0, 0, 0.274702, 1.95739e-31, 1.81614e-23, 69.4774, 0.93626, 0.282994, 293.717
5296, 5.90357e-29, 0.274612, 0.000116424, 0, 2.78591e-18, 7.38127e-25, 0, 0, 0.274728, 1.68079e-29, 1.14337e-21, 64.9994, 0.936288, 0.283926, 293.695
5297, 2.33985e-27, 0.274555, 0.000170712, 0, 3.3764e-17, 2.33727e-23, 0, 0, 0.274725, 6.61462e-28, 3.55963e-20, 61.3197, 0.936316, 0.289708, 293.669
5298, 4.35561e-26, 0.274487, 0.000226999, 0, 2.41076e-16, 3.64255e-22, 0, 0, 0.274714, 1.22602e-26, 5.47254e-19, 58.3957, 0.936344, 0.294627, 293.642
5299, 3.7871e-25, 0.274434, 0.00028017, 0, 1.02972e-15, 2.78635e-21, 0, 0, 0.274714, 1.06679e-25, 4.14389e-18, 56.233, 0.936372, 0.293516, 293.617
5300, 1.52775e-24, 0.274441, 0.000321587, 0, 2.62079e-15, 1.03903e-20, 0, 0, 0.274763, 4.32892e-25, 1.53505e-17, 54.8382, 0.9364, 0.289671, 293.597
5301, 2.83705e-24, 0.274589, 0.000335642, 0, 3.87164e-15, 1.86529e-20, 0, 0, 0.274925, 8.11367e-25, 2.74679e-17, 54.2193, 0.936428, 0.289261, 293.59
5302, 2.40492e-24, 0.274985, 0.00030172, 0, 3.16563e-15, 1.58595e-20, 0, 0, 0.275287, 6.9487e-25, 2.33465e-17, 54.3845, 0.936456, 0.292842, 293.607
5303, 9.22913e-25, 0.275625, 0.000220352, 0, 1.35269e-15, 6.28012e-21, 0, 0, 0.275845, 2.6916e-25, 9.26319e-18, 55.3423, 0.936484, 0.295166, 293.646
5304, 1.9737e-25, 0.276294, 0.000133083, 0, 2.86811e-16, 1.14981e-21, 0, 0, 0.276427, 5.77773e-26, 1.69961e-18, 56.8847, 0.936512, 0.29469, 293.687
5305, 2.3768e-22, 0.276798, 7.78564e-05, 0, 3.26415e-17, 8.04919e-21, 0, 0, 0.276876, 6.90169e-23, 8.17672e-18, 49.7911, 0.93654, 0.293458, 293.713
5306, 3.99761e-20, 0.277099, 6.22511e-05, 0, 1.35034e-16, 7.21675e-19, 0, 0, 0.277161, 1.14004e-20, 6.94555e-16, 44.666, 0.936568, 0.291468, 293.721
5307, 2.58873e-18, 0.277088, 0.00010756, 0, 2.59702e-15, 3.12282e-17, 0, 0, 0.277195, 7.38819e-19, 2.88452e-14, 40.4954, 0.936596, 0.287668, 293.699
5308, 8.90574e-17, 0.276737, 0.000218955, 0, 2.79959e-14, 7.41195e-16, 0, 0, 0.276956, 2.55708e-17, 6.5553e-13, 36.9573, 0.936624, 0.282361, 293.646
5309, 1.75468e-15, 0.276251, 0.000355986, 0, 1.79281e-13, 1.01912e-14, 0, 0, 0.276607, 5.04907e-16, 8.62513e-12, 33.9765, 0.936652, 0.280115, 293.581
5310, 2.05516e-14, 0.275837, 0.00047838, 0, 7.46162e-13, 8.5168e-14, 0, 0, 0.276315, 5.90406e-15, 6.90751e-11, 31.5158, 0.93668, 0.283012, 293.522
5311, 1.49154e-13, 0.275569, 0.000572169, 0, 2.19906e-12, 4.56716e-13, 0, 0, 0.276141, 4.29182e-14, 3.55888e-10, 29.5338, 0.936708, 0.285673, 293.477
5312, 7.11882e-13, 0.275431, 0.000640537, 0, 4.91859e-12, 1.67747e-12, 0, 0, 0.276072, 2.06668e-13, 1.26011e-09, 27.9709, 0.936736, 0.287376, 293.443
5313, 2.32027e-12, 0.275392, 0.000689952, 0, 8.86554e-12, 4.45114e-12, 0, 0, 0.276082, 6.80023e-13, 3.24332e-09, 26.7893, 0.936764, 0.289386, 293.419
5314, 4.95454e-12, 0.275438, 0.000723123, 0, 1.30229e-11, 8.36348e-12, 0, 0, 0.276161, 1.45727e-12, 5.97597e-09, 26.0307, 0.936792, 0.291393, 293.403
5315, 6.64891e-12, 0.275586, 0.00073705, 0, 1.49924e-11, 1.06368e-11, 0, 0, 0.276323, 1.95125e-12, 7.54054e-09, 25.7366, 0.93682, 0.289911, 293.396
5316, 6.34118e-12, 0.275817, 0.000735194, 0, 1.44023e-11, 1.0176e-11, 0, 0, 0.276553, 1.85106e-12, 7.22204e-09, 25.784, 0.936848, 0.286424, 293.397
5317, 5.55736e-12, 0.276115, 0.000720786, 0, 1.32804e-11, 9.14013e-12, 0, 0, 0.276836, 1.61975e-12, 6.5155e-09, 25.9159, 0.936876, 0.287048, 293.405
5318, 3.91459e-12, 0.276699, 0.000651512, 0, 1.00788e-11, 6.63623e-12, 0, 0, 0.277351, 1.14311e-12, 4.75595e-09, 26.2663, 0.936904, 0.289109, 293.439
5319, 1.59289e-12, 0.277797, 0.000483485, 0, 4.80074e-12, 2.84703e-12, 0, 0, 0.278281, 4.65271e-13, 2.0583e-09, 27.1655, 0.936932, 0.289541, 293.52
5320, 3.29621e-13, 0.27897, 0.000300627, 0, 1.33175e-12, 6.46683e-13, 0, 0, 0.279271, 9.60323e-14, 4.74821e-10, 28.7408, 0.93696, 0.290792, 293.608
5321, 8.39741e-14, 0.279386, 0.000263293, 0, 7.91006e-13, 2.346e-13, 0, 0, 0.27965, 2.34321e-14, 1.83177e-10, 30.1083, 0.936988, 0.29126, 293.626
5322, 2.62316e-13, 0.278888, 0.000401937, 0, 2.42963e-12, 7.57377e-13, 0, 0, 0.27929, 7.13392e-14, 5.93133e-10, 28.9692, 0.937016, 0.287136, 293.56
5323, 6.46478e-13, 0.278195, 0.000577857, 0, 5.07457e-12, 1.7577e-12, 0, 0, 0.278773, 1.7665e-13, 1.36021e-09, 28.0672, 0.937044, 0.280782, 293.475
5324, 8.1163e-13, 0.277999, 0.000658014, 0, 6.1914e-12, 2.17864e-12, 0, 0, 0.278657, 2.2393e-13, 1.67696e-09, 27.8397, 0.937072, 0.279474, 293.437
5325, 5.25646e-13, 0.278264, 0.000650127, 0, 4.78958e-12, 1.48037e-12, 0, 0, 0.278914, 1.46803e-13, 1.14419e-09, 28.2741, 0.9371, 0.280781, 293.441
5326, 1.84804e-13, 0.27872, 0.000605618, 0, 2.81826e-12, 6.05717e-13, 0, 0, 0.279325, 5.20809e-14, 4.77942e-10, 29.3195, 0.937128, 0.281568, 293.463
5327, 4.23455e-14, 0.279417, 0.000514507, 0, 1.46666e-12, 1.89372e-13, 0, 0, 0.279931, 1.19133e-14, 1.55528e-10, 30.7929, 0.937156, 0.285533, 293.507
5328, 7.90452e-15, 0.280312, 0.000385073, 0, 5.63486e-13, 4.85803e-14, 0, 0, 0.280697, 2.21415e-15, 4.12824e-11, 32.4713, 0.937184, 0.288428, 293.569
5329, 1.05036e-15, 0.280762, 0.000341315, 0, 1.99882e-13, 8.42695e-15, 0, 0, 0.281103, 2.96006e-16, 7.41136e-12, 34.4896, 0.937212, 0.288161, 293.59
5330, 1.51705e-16, 0.280565, 0.00042226, 0, 2.56696e-13, 3.28296e-15, 0, 0, 0.280987, 4.29448e-17, 3.20913e-12, 36.4246, 0.93724, 0.286391, 293.551
5331, 1.41243e-16, 0.280369, 0.000503026, 0, 3.90166e-13, 4.5149e-15, 0, 0, 0.280872, 3.94079e-17, 4.5033e-12, 36.4961, 0.937268, 0.28299, 293.513
5332, 1.20365e-16, 0.280489, 0.000522666, 0, 3.91411e-13, 4.06726e-15, 0, 0, 0.281012, 3.33868e-17, 4.08081e-12, 36.656, 0.937296, 0.282643, 293.504
5333, 5.67705e-17, 0.280788, 0.000507987, 0, 2.8867e-13, 2.20987e-15, 0, 0, 0.281296, 1.58257e-17, 2.24971e-12, 37.4075, 0.937324, 0.286731, 293.511
5334, 1.60737e-17, 0.281149, 0.000481433, 0, 1.72989e-13, 8.00082e-16, 0, 0, 0.281631, 4.54784e-18, 8.33983e-13, 38.6693, 0.937352, 0.289386, 293.524
5335, 2.94182e-18, 0.281539, 0.000449346, 0, 8.73474e-14, 2.03077e-16, 0, 0, 0.281988, 8.45213e-19, 2.18363e-13, 40.3675, 0.93738, 0.288829, 293.539
5336, 3.56248e-19, 0.281948, 0.000413534, 0, 3.76426e-14, 3.67238e-17, 0, 0, 0.282361, 1.03207e-19, 4.10167e-14, 42.4787, 0.937408, 0.285116, 293.557
5337, 2.88701e-20, 0.282369, 0.000375171, 0, 1.3694e-14, 4.78855e-18, 0, 0, 0.282744, 8.37877e-21, 5.58247e-15, 44.9915, 0.937436, 0.280192, 293.575
5338, 1.58092e-21, 0.282798, 0.000335299, 0, 4.13095e-15, 4.43503e-19, 0, 0, 0.283134, 4.58321e-22, 5.40732e-16, 47.8963, 0.937464, 0.278943, 293.594
5339, 5.72658e-23, 0.283233, 0.000294285, 0, 1.03168e-15, 2.81193e-20, 0, 0, 0.283527, 1.65839e-23, 3.59047e-17, 51.2143, 0.937492, 0.277231, 293.613
5340, 1.32206e-24, 0.283672, 0.0002523, 0, 2.0832e-16, 1.18296e-21, 0, 0, 0.283924, 3.82291e-25, 1.58514e-18, 54.9828, 0.93752, 0.27405, 293.633
5341, 1.89463e-26, 0.284115, 0.000209498, 0, 3.16712e-17, 3.25151e-23, 0, 0, 0.284324, 5.44758e-27, 4.58685e-20, 59.2282, 0.937548, 0.276486, 293.653
5342, 1.65798e-28, 0.284564, 0.000165513, 0, 3.39927e-18, 5.81907e-25, 0, 0, 0.284729, 4.70545e-29, 8.66604e-22, 63.9668, 0.937576, 0.28319, 293.674
5343, 8.75699e-31, 0.285022, 0.000119423, 0, 2.4802e-19, 6.67137e-27, 0, 0, 0.285142, 2.4426e-31, 1.04758e-23, 69.2103, 0.937604, 0.286896, 293.695
5344, 2.76249e-33, 0.285481, 7.33632e-05, 0, 1.17907e-20, 4.67684e-29, 0, 0, 0.285554, 7.61831e-34, 7.70733e-26, 74.9692, 0.937632, 0.286024, 293.716
5345, 5.1106e-36, 0.285878, 3.91935e-05, 0, 3.46255e-22, 1.89617e-31, 0, 0, 0.285917, 1.41301e-36, 3.266e-28, 81.2617, 0.93766, 0.283644, 293.732
5346, 5.37571e-39, 0.28617, 2.57212e-05, 0, 5.97455e-24, 4.26907e-34, 0, 0, 0.286196, 1.50553e-39, 7.6699e-31, 88.1189, 0.937688, 0.281631, 293.738
5347, 3.10247e-42, 0.286419, 2.06047e-05, 0, 5.78031e-26, 5.21272e-37, 0, 0, 0.28644, 8.78614e-43, 9.76524e-34, 95.5764, 0.937716, 0.281453, 293.741
5348, 0, 0.286682, 1.27076e-05, 0, 2.99522e-28, 3.40731e-40, 0, 0, 0.286695, 0, 6.65878e-37, 99.99, 0.937744, 0.284358, 293.744
5349, 0, 0.28694, 5.87413e-06, 0, 7.98665e-31, 1.14906e-43, 0, 0, 0.286946, 0, 2.40858e-40, 99.99, 0.937772, 0.286149, 293.747
5350, 0, 0.287171, 4.4187e-06, 0, 1.06264e-33, 0, 0, 0, 0.287175, 0, 4.34403e-44, 99.99, 0.9378, 0.28376, 293.748
5351, 0, 0.287382, 6.65115e-06, 0, 6.89531e-37, 0, 0, 0, 0.287389, 0, 0, 99.99, 0.937828, 0.27831, 293.747
5352, 0, 0.287599, 7.95638e-06, 0, 2.1442e-40, 0, 0, 0, 0.287607, 0, 0, 99.99, 0.937856, 0.274346, 293.746
5353, 0, 0.287827, 6.90599e-06, 0, 2.94273e-44, 0, 0, 0, 0.287834, 0, 0, 99.99, 0.937884, 0.275129, 293.747
5354, 0, 0.288041, 8.86188e-06, 0, 7.00649e-45, 0, 0, 0, 0.28805, 0, 0, 99.99, 0.937912, 0.278126, 293.746
5355, 0, 0.288225, 1.64969e-05, 0, 4.09798e-34, 0, 0, 0, 0.288242, 0, 0, 99.99, 0.93794, 0.277414, 293.742
5356, 0, 0.28842, 2.20284e-05, 0, 1.07535e-28, 0, 0, 0, 0.288442, 0, 4.2039e-45, 99.99, 0.937968, 0.275871, 293.74
5357, 0, 0.288657, 1.94479e-05, 0, 4.83535e-26, 1.13085e-41, 0, 0, 0.288676, 0, 3.13583e-38, 99.99, 0.937996, 0.278358, 293.741
5358, 0, 0.288879, 1.95686e-05, 0, 4.49904e-24, 1.30308e-38, 0, 0, 0.288899, 0, 3.43707e-35, 99.99, 0.938024, 0.281286, 293.741
5359, 0, 0.289007, 3.84301e-05, 0, 1.74438e-22, 7.74654e-37, 0, 0, 0.289045, 0, 2.03832e-33, 99.99, 0.938052, 0.283556, 293.732
5360, 6.38311e-36, 0.289035, 7.65142e-05, 0, 3.2673e-21, 1.2855e-30, 0, 0, 0.289112, 1.69533e-36, 2.33295e-27, 81.0394, 0.93808, 0.284555, 293.715
5361, 9.19419e-33, 0.289026, 0.000122023, 0, 3.56729e-20, 4.49588e-28, 0, 0, 0.289148, 2.43927e-33, 7.63304e-25, 73.7667, 0.938108, 0.282874, 293.694
5362, 7.75639e-31, 0.289055, 0.000159991, 0, 4.55362e-19, 3.11334e-26, 0, 0, 0.289215, 2.06609e-31, 5.21406e-23, 69.3316, 0.938136, 0.279547, 293.677
5363, 2.99573e-29, 0.289205, 0.000174395, 0, 6.73551e-18, 1.0202e-24, 0, 0, 0.289379, 7.93536e-30, 1.6888e-21, 65.6778, 0.938164, 0.278617, 293.67
5364, 5.54344e-28, 0.289405, 0.000178843, 0, 6.0607e-17, 1.57918e-23, 0, 0, 0.289584, 1.4716e-28, 2.58724e-20, 62.7598, 0.938192, 0.278407, 293.668
5365, 6.03448e-27, 0.289414, 0.000220455, 0, 2.87314e-16, 1.21888e-22, 0, 0, 0.289635, 1.63395e-27, 1.96957e-19, 60.3723, 0.93822, 0.274848, 293.649
5366, 6.13725e-26, 0.289305, 0.00028512, 0, 7.38254e-16, 6.26208e-22, 0, 0, 0.28959, 1.71303e-26, 9.79064e-19, 58.0528, 0.938248, 0.272181, 293.62
5367, 5.03027e-25, 0.289351, 0.000319661, 0, 1.24178e-15, 3.1937e-21, 0, 0, 0.289671, 1.42048e-25, 4.80814e-18, 55.9492, 0.938276, 0.274145, 293.604
5368, 2.12781e-24, 0.289518, 0.000330693, 0, 2.04815e-15, 1.18834e-20, 0, 0, 0.289849, 6.02211e-25, 1.76597e-17, 54.5069, 0.938304, 0.278629, 293.599
5369, 4.02598e-24, 0.289716, 0.000335557, 0, 2.96471e-15, 2.19455e-20, 0, 0, 0.290052, 1.14008e-24, 3.25397e-17, 53.8693, 0.938332, 0.28087, 293.596
5370, 3.32389e-24, 0.290118, 0.000301077, 0, 2.45362e-15, 1.81667e-20, 0, 0, 0.290419, 9.4155e-25, 2.69503e-17, 54.0609, 0.93836, 0.278331, 293.612
5371, 1.19417e-24, 0.290765, 0.000218877, 0, 1.00659e-15, 6.64261e-21, 0, 0, 0.290984, 3.38335e-25, 9.87339e-18, 55.0846, 0.938388, 0.273338, 293.65
5372, 2.31586e-25, 0.2913, 0.000158314, 0, 2.54707e-16, 1.40958e-21, 0, 0, 0.291459, 6.55701e-26, 2.11907e-18, 56.7248, 0.938416, 0.273247, 293.678
5373, 4.16535e-25, 0.291472, 0.000168503, 0, 4.43812e-16, 3.03355e-21, 0, 0, 0.29164, 1.17581e-25, 4.66043e-18, 56.1378, 0.938444, 0.278158, 293.673
5374, 1.50314e-24, 0.291396, 0.000226806, 0, 1.47316e-15, 1.08249e-20, 0, 0, 0.291623, 4.24249e-25, 1.661e-17, 54.8545, 0.938472, 0.281306, 293.647
5375, 2.38703e-24, 0.291393, 0.000270817, 0, 2.30257e-15, 1.7076e-20, 0, 0, 0.291664, 6.73696e-25, 2.61762e-17, 54.392, 0.9385, 0.281326, 293.627
5376, 1.62016e-24, 0.2918, 0.000235292, 0, 1.62754e-15, 1.16324e-20, 0, 0, 0.292035, 4.57241e-25, 1.78302e-17, 54.7795, 0.938528, 0.279362, 293.643
5377, 4.69996e-25, 0.292308, 0.000180181, 0, 5.24223e-16, 3.42279e-21, 0, 0, 0.292488, 1.32636e-25, 5.25088e-18, 56.0171, 0.938556, 0.275076, 293.668
5378, 5.82729e-26, 0.292554, 0.000176099, 0, 8.43335e-17, 4.35038e-22, 0, 0, 0.29273, 1.64441e-26, 6.68564e-19, 58.1047, 0.938584, 0.268509, 293.67
5379, 9.71271e-27, 0.292866, 0.000158888, 0, 1.32106e-17, 2.97069e-23, 0, 0, 0.293025, 2.68942e-27, 4.46318e-20, 59.8964, 0.938612, 0.262995, 293.678
5380, 4.94188e-25, 0.293361, 0.000106018, 0, 9.97007e-18, 3.89977e-22, 0, 0, 0.293467, 1.33906e-25, 5.19454e-19, 55.9669, 0.93864, 0.262111, 293.702
5381, 1.68459e-23, 0.293615, 0.000100194, 0, 1.29873e-16, 1.19433e-20, 0, 0, 0.293715, 4.55947e-24, 1.57522e-17, 52.4379, 0.938668, 0.265859, 293.705
5382, 2.56066e-22, 0.293447, 0.000176656, 0, 1.27374e-15, 1.66278e-19, 0, 0, 0.293623, 6.9378e-23, 2.17489e-16, 49.7166, 0.938696, 0.271459, 293.67
5383, 1.74406e-21, 0.293123, 0.000283165, 0, 6.33557e-15, 1.06148e-18, 0, 0, 0.293406, 4.74009e-22, 1.37939e-15, 47.7981, 0.938724, 0.275811, 293.622
5384, 5.39889e-21, 0.292922, 0.00036558, 0, 1.6161e-14, 3.16394e-18, 0, 0, 0.293287, 1.47455e-21, 4.094e-15, 46.6681, 0.938752, 0.27651, 293.584
5385, 7.89292e-21, 0.293017, 0.000390544, 0, 2.19152e-14, 4.5419e-18, 0, 0, 0.293407, 2.16843e-21, 5.86441e-15, 46.2883, 0.93878, 0.275319, 293.573
5386, 8.81556e-21, 0.293466, 0.000347007, 0, 1.69689e-14, 3.80155e-18, 0, 0, 0.293813, 2.42976e-21, 4.84423e-15, 46.1778, 0.938808, 0.273353, 293.592
5387, 4.45799e-20, 0.293932, 0.000300176, 0, 1.38818e-14, 8.06547e-18, 0, 0, 0.294232, 1.23058e-20, 9.57392e-15, 44.557, 0.938836, 0.271587, 293.614
5388, 2.62817e-19, 0.293939, 0.000342259, 0, 3.27105e-14, 3.84915e-17, 0, 0, 0.294281, 7.28557e-20, 4.45658e-14, 42.7828, 0.938864, 0.271351, 293.595
5389, 8.55519e-19, 0.293711, 0.000429608, 0, 7.37937e-14, 1.13936e-16, 0, 0, 0.294141, 2.37598e-19, 1.30625e-13, 41.6026, 0.938892, 0.273126, 293.555
5390, 1.5601e-18, 0.293681, 0.000478699, 0, 1.09464e-13, 1.95778e-16, 0, 0, 0.29416, 4.32556e-19, 2.23153e-13, 41.0018, 0.93892, 0.275417, 293.532
5391, 1.61701e-18, 0.293895, 0.000480773, 0, 1.11458e-13, 2.00961e-16, 0, 0, 0.294376, 4.46523e-19, 2.28904e-13, 40.966, 0.938948, 0.275757, 293.532
5392, 9.35045e-19, 0.294329, 0.000440354, 0, 7.79789e-14, 1.22046e-16, 0, 0, 0.294769, 2.57268e-19, 1.39676e-13, 41.5137, 0.938976, 0.275642, 293.55
5393, 2.94458e-19, 0.294852, 0.000382838, 0, 3.69496e-14, 4.25688e-17, 0, 0, 0.295235, 8.09405e-20, 4.91761e-14, 42.6692, 0.939004, 0.273391, 293.577
5394, 5.01299e-20, 0.295134, 0.000371818, 0, 1.74716e-14, 8.8815e-18, 0, 0, 0.295506, 1.37953e-20, 1.04851e-14, 44.4397, 0.939032, 0.268617, 293.582
5395, 5.98952e-21, 0.295252, 0.000392547, 0, 1.49466e-14, 2.18212e-18, 0, 0, 0.295645, 1.64027e-21, 2.74935e-15, 46.5643, 0.93906, 0.267996, 293.573
5396, 1.41717e-21, 0.295585, 0.000371618, 0, 1.11103e-14, 1.01744e-18, 0, 0, 0.295957, 3.85451e-22, 1.32633e-15, 48.0056, 0.939088, 0.269947, 293.582
5397, 3.77324e-22, 0.296226, 0.00029116, 0, 4.75977e-15, 3.15252e-19, 0, 0, 0.296517, 1.03246e-22, 4.14857e-16, 49.3289, 0.939116, 0.270074, 293.619
5398, 5.04563e-23, 0.296865, 0.000210754, 0, 1.16028e-15, 4.75669e-20, 0, 0, 0.297076, 1.38872e-23, 6.3309e-17, 51.3409, 0.939144, 0.271759, 293.655
5399, 3.09409e-24, 0.297065, 0.000215637, 0, 3.37445e-16, 3.53271e-21, 0, 0, 0.297281, 8.54874e-25, 4.79236e-18, 54.1325, 0.939172, 0.274886, 293.653
5400, 9.18455e-26, 0.296958, 0.000280163, 0, 5.41376e-16, 2.73076e-22, 0, 0, 0.297238, 2.54269e-26, 4.18495e-19, 57.6497, 0.9392, 0.275655, 293.624
5401, 6.33325e-27, 0.296965, 0.000322569, 0, 7.8957e-16, 2.14732e-22, 0, 0, 0.297287, 1.74659e-27, 3.57743e-19, 60.324, 0.939228, 0.272696, 293.605
5402, 3.42993e-27, 0.297165, 0.00032739, 0, 7.06671e-16, 1.53221e-22, 0, 0, 0.297492, 9.38747e-28, 2.57146e-19, 60.9373, 0.939256, 0.269358, 293.603
5403, 1.15082e-27, 0.297466, 0.000312761, 0, 4.30415e-16, 5.96926e-23, 0, 0, 0.297778, 3.11383e-28, 1.01217e-19, 62.0293, 0.939284, 0.269232, 293.61
5404, 2.09345e-28, 0.297815, 0.000288642, 0, 1.91073e-16, 1.34036e-23, 0, 0, 0.298104, 5.58278e-29, 2.30557e-20, 63.7336, 0.939312, 0.269185, 293.621
5405, 2.10455e-29, 0.298203, 0.000257213, 0, 6.20371e-17, 1.75303e-24, 0, 0, 0.29846, 5.55028e-30, 3.0705e-21, 66.0309, 0.93934, 0.269551, 293.635
5406, 1.13615e-30, 0.298624, 0.000219175, 0, 1.43384e-17, 1.32489e-25, 0, 0, 0.298843, 2.9895e-31, 2.37418e-22, 68.9499, 0.939368, 0.272661, 293.652
5407, 3.22893e-32, 0.299073, 0.00017549, 0, 2.27073e-18, 5.81111e-27, 0, 0, 0.299249, 8.55772e-33, 1.06978e-23, 72.5106, 0.939396, 0.273762, 293.672
5408, 4.90642e-34, 0.299552, 0.000126108, 0, 2.31782e-19, 1.47178e-28, 0, 0, 0.299678, 1.31734e-34, 2.78824e-25, 76.6973, 0.939424, 0.270182, 293.694
5409, 4.07624e-36, 0.300006, 8.13827e-05, 0, 1.4136e-20, 2.10282e-30, 0, 0, 0.300088, 1.10744e-36, 4.10322e-27, 81.4879, 0.939452, 0.265936, 293.714
5410, 1.84239e-38, 0.300389, 5.05073e-05, 0, 4.94201e-22, 1.66011e-32, 0, 0, 0.30044, 5.03079e-39, 3.34219e-29, 86.8872, 0.93948, 0.264429, 293.728
5411, 4.41493e-41, 0.300731, 2.77375e-05, 0, 1.01012e-23, 7.16131e-35, 0, 0, 0.300759, 1.20203e-41, 1.48975e-31, 92.921, 0.939508, 0.263774, 293.738
5412, 5.60519e-44, 0.301005, 1.81515e-05, 0, 1.24713e-25, 1.66365e-37, 0, 0, 0.301024, 1.4013e-44, 3.57494e-34, 99.59, 0.939536, 0.264908, 293.742
5413, 0, 0.301182, 2.77121e-05, 0, 9.00644e-28, 2.02653e-40, 0, 0, 0.30121, 0, 4.48769e-37, 99.99, 0.939564, 0.268531, 293.738
5414, 0, 0.301317, 4.54879e-05, 0, 3.50639e-30, 1.24716e-43, 0, 0, 0.301362, 0, 2.84209e-40, 99.99, 0.939592, 0.271227, 293.73
5415, 0, 0.301494, 5.48619e-05, 0, 6.85251e-33, 0, 0, 0, 0.301549, 0, 8.82818e-44, 99.99, 0.93962, 0.272486, 293.726
5416, 0, 0.301753, 4.84248e-05, 0, 6.40652e-36, 0, 0, 0, 0.301801, 0, 0, 99.99, 0.939648, 0.272045, 293.729
5417, 0, 0.302064, 3.16431e-05, 0, 4.26025e-39, 0, 0, 0, 0.302096, 0, 0, 99.99, 0.939676, 0.268753, 293.736
5418, 0, 0.302364, 1.71114e-05, 0, 1.86974e-40, 0, 0, 0, 0.302381, 0, 0, 99.99, 0.939704, 0.26654, 293.742
5419, 0, 0.302623, 1.05012e-05, 0, 9.90998e-42, 0, 0, 0, 0.302634, 0, 0, 99.99, 0.939732, 0.268713, 293.745
5420, 0, 0.302863, 7.73316e-06, 0, 2.2701e-43, 0, 0, 0, 0.302871, 0, 0, 99.99, 0.93976, 0.270331, 293.747
5421, 0, 0.303104, 4.67453e-06, 0, 1.4013e-45, 0, 0, 0, 0.303109, 0, 0, 99.99, 0.939788, 0.268442, 293.748
5422, 0, 0.303342, 2.3288e-06, 0, 0, 0, 0, 0, 0.303344, 0, 0, 99.99, 0.939816, 0.265825, 293.749
5423, 0, 0.303565, 2.87285e-06, 0, 0, 0, 0, 0, 0.303568, 0, 0, 99.99, 0.939844, 0.264051, 293.749
5424, 0, 0.30377, 6.8605e-06, 0, 1.98984e-43, 0, 0, 0, 0.303777, 0, 0, 99.99, 0.939872, 0.263956, 293.747
5425, 0, 0.303956, 1.46622e-05, 0, 3.57153e-35, 0, 0, 0, 0.303971, 0, 0, 99.99, 0.9399, 0.264164, 293.744
5426, 0, 0.304132, 2.44199e-05, 0, 1.09982e-31, 0, 0, 0, 0.304157, 0, 0, 99.99, 0.939928, 0.261516, 293.739
5427, 0, 0.304331, 2.96975e-05, 0, 2.80658e-29, 0, 0, 0, 0.304361, 0, 0, 99.99, 0.939956, 0.259959, 293.737
5428, 0, 0.304548, 3.15382e-05, 0, 1.87858e-27, 0, 0, 0, 0.304579, 0, 0, 99.99, 0.939984, 0.263913, 293.736
5429, 0, 0.3047, 4.59528e-05, 0, 6.77914e-26, 0, 0, 0, 0.304746, 0, 3.74147e-43, 99.99, 0.940012, 0.268553, 293.73
5430, 0, 0.304769, 7.66847e-05, 0, 1.29773e-24, 5.60519e-44, 0, 0, 0.304845, 0, 1.90917e-40, 99.99, 0.94004, 0.26928, 293.716
5431, 0, 0.304832, 0.000108559, 0, 1.46532e-23, 3.36732e-42, 0, 0, 0.30494, 0, 1.113e-38, 99.99, 0.940068, 0.268749, 293.702
5432, 0, 0.304935, 0.000132437, 0, 1.25026e-22, 8.85368e-41, 0, 0, 0.305068, 0, 2.86326e-37, 99.99, 0.940096, 0.268906, 293.692
5433, 0, 0.305087, 0.000146972, 0, 8.205e-22, 1.02321e-39, 0, 0, 0.305234, 0, 3.26386e-36, 99.99, 0.940124, 0.267444, 293.685
5434, 0, 0.305259, 0.000157395, 0, 3.18865e-21, 5.21741e-39, 0, 0, 0.305417, 0, 1.65205e-35, 99.99, 0.940152, 0.265814, 293.681
5435, 0, 0.305446, 0.000165011, 0, 6.27158e-21, 1.17582e-38, 0, 0, 0.305611, 0, 3.71487e-35, 99.99, 0.94018, 0.267202, 293.678
5436, 0, 0.305721, 0.000155575, 0, 6.01669e-21, 1.17042e-38, 0, 0, 0.305876, 0, 3.70621e-35, 99.99, 0.940208, 0.267964, 293.682
5437, 0, 0.30603, 0.000139441, 0, 3.07365e-21, 5.12934e-39, 0, 0, 0.306169, 0, 1.64135e-35, 99.99, 0.940236, 0.264026, 293.689
5438, 0, 0.306253, 0.00013994, 0, 1.40336e-21, 9.84566e-40, 0, 0, 0.306393, 0, 3.35577e-36, 99.99, 0.940264, 0.257397, 293.689
5439, 0, 0.306486, 0.000138653, 0, 7.91905e-22, 8.22646e-41, 0, 0, 0.306625, 0, 4.36956e-37, 99.99, 0.940292, 0.255663, 293.689
5440, 0, 0.306815, 0.000118642, 0, 2.8192e-22, 2.97356e-42, 0, 0, 0.306934, 0, 7.13523e-38, 99.99, 0.94032, 0.261194, 293.698
5441, 0, 0.307221, 8.36896e-05, 0, 4.65403e-23, 4.62428e-44, 0, 0, 0.307304, 0, 9.58946e-39, 99.99, 0.940348, 0.265637, 293.713
5442, 0, 0.307643, 4.54521e-05, 0, 3.44813e-24, 0, 0, 0, 0.307688, 0, 6.14397e-40, 99.99, 0.940376, 0.263308, 293.73
5443, 0, 0.307968, 2.60446e-05, 0, 1.22754e-25, 0, 0, 0, 0.307994, 0, 1.90016e-41, 99.99, 0.940404, 0.25868, 293.739
5444, 0, 0.308133, 3.8071e-05, 0, 2.89533e-25, 2.8026e-44, 0, 0, 0.308171, 0, 1.68198e-40, 99.99, 0.940432, 0.25966, 293.733
5445, 0, 0.308204, 6.84625e-05, 0, 8.55663e-24, 1.03836e-42, 0, 0, 0.308273, 0, 5.93209e-39, 99.99, 0.94046, 0.264454, 293.72
5446, 0, 0.30831, 9.20148e-05, 0, 1.12531e-22, 1.63097e-41, 0, 0, 0.308402, 0, 8.92272e-38, 99.99, 0.940488, 0.267439, 293.71
5447, 0, 0.308445, 0.000109825, 0, 6.53515e-22, 1.07561e-40, 0, 0, 0.308555, 0, 5.71384e-37, 99.99, 0.940516, 0.268154, 293.702
5448, 0, 0.308553, 0.000132899, 0, 1.6769e-21, 2.98215e-40, 0, 0, 0.308686, 0, 1.55757e-36, 99.99, 0.940544, 0.267455, 293.692
5449, 0, 0.308769, 0.000135114, 0, 1.91041e-21, 3.48022e-40, 0, 0, 0.308904, 0, 1.80721e-36, 99.99, 0.940572, 0.264809, 293.691
5450, 0, 0.309078, 0.000118903, 0, 1.04045e-21, 1.7108e-40, 0, 0, 0.309197, 0, 8.95431e-37, 99.99, 0.9406, 0.261644, 293.698
5451, 0, 0.309274, 0.000124881, 0, 5.47809e-22, 3.54304e-41, 0, 0, 0.309399, 0, 2.10127e-37, 99.99, 0.940628, 0.260559, 293.696
5452, 0, 0.309406, 0.000143468, 0, 7.05246e-22, 3.08986e-42, 0, 0, 0.309549, 0, 8.19058e-38, 99.99, 0.940656, 0.259482, 293.688
5453, 0, 0.309644, 0.000141239, 0, 7.50576e-22, 1.12104e-43, 0, 0, 0.309785, 0, 8.21345e-38, 99.99, 0.940684, 0.257624, 293.689
5454, 0, 0.31001, 0.000114069, 0, 4.06836e-22, 1.4013e-45, 0, 0, 0.310124, 0, 4.39423e-38, 99.99, 0.940712, 0.256837, 293.701
5455, 0, 0.310328, 9.61825e-05, 0, 1.02446e-22, 0, 0, 0, 0.310425, 0, 1.01159e-38, 99.99, 0.94074, 0.258245, 293.708
5456, 0, 0.310519, 0.000103213, 0, 1.16516e-23, 0, 0, 0, 0.310623, 0, 9.91768e-40, 99.99, 0.940768, 0.260816, 293.705
5457, 0, 0.310735, 0.000105383, 0, 6.14625e-25, 0, 0, 0, 0.31084, 0, 4.13803e-41, 99.99, 0.940796, 0.261808, 293.704
5458, 0, 0.311033, 9.15164e-05, 0, 2.20632e-26, 0, 0, 0, 0.311124, 0, 7.35682e-43, 99.99, 0.940824, 0.259577, 293.71
5459, 0, 0.311362, 7.16162e-05, 0, 1.40307e-27, 0, 0, 0, 0.311433, 0, 5.60519e-45, 99.99, 0.940852, 0.257275, 293.719
5460, 0, 0.31169, 5.17167e-05, 0, 8.26869e-29, 0, 0, 0, 0.311742, 0, 0, 99.99, 0.94088, 0.258124, 293.728
5461, 0, 0.312011, 3.34966e-05, 0, 2.41555e-30, 0, 0, 0, 0.312044, 0, 0, 99.99, 0.940908, 0.26147, 293.736
5462, 0, 0.312314, 1.84734e-05, 0, 3.26114e-32, 0, 0, 0, 0.312333, 0, 0, 99.99, 0.940936, 0.263738, 293.742
5463, 0, 0.312593, 8.25727e-06, 0, 2.03615e-34, 0, 0, 0, 0.312602, 0, 0, 99.99, 0.940964, 0.263902, 293.746
5464, 0, 0.312844, 3.67685e-06, 0, 5.90373e-37, 0, 0, 0, 0.312847, 0, 0, 99.99, 0.940992, 0.263024, 293.748
5465, 0, 0.313072, 3.39301e-06, 0, 7.97876e-40, 0, 0, 0, 0.313076, 0, 0, 99.99, 0.94102, 0.260334, 293.749
5466, 0, 0.313295, 4.1673e-06, 0, 5.05869e-43, 0, 0, 0, 0.3133, 0, 0, 99.99, 0.941048, 0.256279, 293.748
5467, 0, 0.313514, 5.83844e-06, 0, 4.82047e-43, 0, 0, 0, 0.31352, 0, 0, 99.99, 0.941076, 0.25427, 293.747
5468, 0, 0.313708, 1.2429e-05, 0, 3.22425e-41, 0, 0, 0, 0.31372, 0, 0, 99.99, 0.941104, 0.255654, 293.745
5469, 0, 0.313869, 2.52642e-05, 0, 9.60028e-40, 0, 0, 0, 0.313894, 0, 0, 99.99, 0.941132, 0.257634, 293.739
5470, 0, 0.314015, 4.10862e-05, 0, 1.28507e-38, 0, 0, 0, 0.314056, 0, 0, 99.99, 0.94116, 0.259037, 293.732
5471, 0, 0.314168, 5.5622e-05, 0, 7.76209e-38, 0, 0, 0, 0.314224, 0, 0, 99.99, 0.941188, 0.259285, 293.726
5472, 0, 0.314346, 6.53138e-05, 0, 2.12271e-37, 0, 0, 0, 0.314411, 0, 0, 99.99, 0.941216, 0.257763, 293.722
5473, 0, 0.314562, 6.74944e-05, 0, 2.63463e-37, 0, 0, 0, 0.31463, 0, 0, 99.99, 0.941244, 0.25705, 293.721
5474, 0, 0.31482, 6.14203e-05, 0, 1.48567e-37, 0, 0, 0, 0.314882, 0, 0, 99.99, 0.941272, 0.257063, 293.724
5475, 0, 0.315113, 4.86481e-05, 0, 3.80441e-38, 0, 0, 0, 0.315162, 0, 0, 99.99, 0.9413, 0.256472, 293.729
5476, 0, 0.315423, 3.25412e-05, 0, 4.41573e-39, 0, 0, 0, 0.315455, 0, 0, 99.99, 0.941328, 0.255965, 293.736
5477, 0, 0.315727, 1.7487e-05, 0, 2.31649e-40, 0, 0, 0, 0.315745, 0, 0, 99.99, 0.941356, 0.25591, 293.743
5478, 0, 0.316005, 7.65623e-06, 0, 1.57962e-39, 0, 0, 0, 0.316013, 0, 0, 99.99, 0.941384, 0.257644, 293.747
5479, 0, 0.316242, 5.74242e-06, 0, 8.75289e-37, 0, 0, 0, 0.316248, 0, 0, 99.99, 0.941412, 0.259927, 293.748
5480, 0, 0.316435, 1.24564e-05, 0, 5.75505e-35, 0, 0, 0, 0.316448, 0, 0, 99.99, 0.94144, 0.260747, 293.745
5481, 0, 0.31659, 2.67872e-05, 0, 1.67161e-33, 0, 0, 0, 0.316616, 0, 0, 99.99, 0.941468, 0.258189, 293.739
5482, 0, 0.316718, 4.62401e-05, 0, 2.53959e-32, 0, 0, 0, 0.316764, 0, 0, 99.99, 0.941496, 0.253058, 293.73
5483, 0, 0.316844, 6.5958e-05, 0, 5.34352e-31, 0, 0, 0, 0.31691, 0, 0, 99.99, 0.941524, 0.251601, 293.722
5484, 0, 0.317019, 7.63302e-05, 0, 1.76801e-29, 0, 0, 0, 0.317095, 0, 0, 99.99, 0.941552, 0.25372, 293.717
5485, 0, 0.317285, 6.87752e-05, 0, 3.49928e-28, 0, 0, 0, 0.317354, 0, 0, 99.99, 0.94158, 0.254478, 293.721
5486, 0, 0.317564, 5.86667e-05, 0, 1.6333e-25, 3.79577e-39, 0, 0, 0.317623, 0, 1.01417e-35, 99.99, 0.941608, 0.256241, 293.725
5487, 3.22299e-44, 0.317732, 7.03366e-05, 0, 1.7179e-23, 4.87234e-36, 0, 0, 0.317803, 7.00649e-45, 1.20569e-32, 99.99, 0.941636, 0.258682, 293.72
5488, 2.49151e-42, 0.317865, 8.8948e-05, 0, 7.35881e-22, 3.39195e-34, 0, 0, 0.317954, 6.01157e-43, 8.33878e-31, 95.7957, 0.941664, 0.258694, 293.712
5489, 8.63288e-40, 0.318036, 9.98767e-05, 0, 1.48684e-20, 1.46589e-32, 0, 0, 0.318136, 2.19288e-40, 3.46525e-29, 89.9478, 0.941692, 0.256017, 293.707
5490, 9.63601e-38, 0.318161, 0.000119901, 0, 1.4494e-19, 5.23803e-31, 0, 0, 0.318281, 2.47359e-38, 1.16236e-27, 85.2327, 0.94172, 0.252157, 293.699
5491, 4.48675e-36, 0.318161, 0.000164318, 0, 7.3123e-19, 1.5818e-29, 0, 0, 0.318325, 1.1562e-36, 3.38196e-26, 81.3919, 0.941748, 0.251408, 293.68
5492, 1.06702e-34, 0.318131, 0.000214397, 0, 2.44852e-18, 2.91035e-28, 0, 0, 0.318345, 2.75468e-35, 6.12376e-25, 78.223, 0.941776, 0.25405, 293.659
5493, 1.33379e-33, 0.318204, 0.000244572, 0, 7.9524e-18, 2.89714e-27, 0, 0, 0.318448, 3.44356e-34, 6.02771e-24, 75.6973, 0.941804, 0.255047, 293.646
5494, 9.14224e-33, 0.318321, 0.000265915, 0, 2.29035e-17, 1.60691e-26, 0, 0, 0.318587, 2.3538e-33, 3.30961e-23, 73.7724, 0.941832, 0.254478, 293.637
5495, 3.5406e-32, 0.318444, 0.000286275, 0, 4.66429e-17, 5.22311e-26, 0, 0, 0.31873, 9.04728e-33, 1.06696e-22, 72.4184, 0.94186, 0.255383, 293.628
5496, 7.80834e-32, 0.318609, 0.000298297, 0, 6.72125e-17, 1.02488e-25, 0, 0, 0.318907, 1.97064e-32, 2.08339e-22, 71.6275, 0.941888, 0.25504, 293.623
5497, 9.70809e-32, 0.318824, 0.000300711, 0, 7.25786e-17, 1.22413e-25, 0, 0, 0.319125, 2.41926e-32, 2.48711e-22, 71.4098, 0.941916, 0.252813, 293.622
5498, 6.76815e-32, 0.319086, 0.000294217, 0, 6.08963e-17, 9.02429e-26, 0, 0, 0.31938, 1.67795e-32, 1.84197e-22, 71.7705, 0.941945, 0.252251, 293.624
5499, 2.70175e-32, 0.319424, 0.000272734, 0, 3.87328e-17, 4.20591e-26, 0, 0, 0.319697, 6.74385e-33, 8.66532e-23, 72.6888, 0.941976, 0.251218, 293.634
5500, 6.31912e-33, 0.319912, 0.000222209, 0, 1.66614e-17, 1.21202e-26, 0, 0, 0.320135, 1.59899e-33, 2.52545e-23, 74.1417, 0.942015, 0.249504, 293.655
5501, 8.38533e-34, 0.320542, 0.000144154, 0, 4.273e-18, 1.97471e-27, 0, 0, 0.320686, 2.14459e-34, 4.16008e-24, 76.1614, 0.942068, 0.250781, 293.689
5502, 5.83224e-35, 0.321057, 8.84149e-05, 0, 6.62371e-19, 1.66235e-28, 0, 0, 0.321145, 1.49773e-35, 3.54047e-25, 78.8271, 0.942128, 0.254263, 293.712
5503, 2.04421e-36, 0.321187, 0.000107483, 0, 5.07449e-19, 9.7843e-30, 0, 0, 0.321294, 5.24371e-37, 2.17846e-26, 82.178, 0.942192, 0.256733, 293.704
5504, 2.86394e-37, 0.321077, 0.000173186, 0, 1.62403e-18, 1.24435e-29, 0, 0, 0.32125, 7.3216e-38, 2.97206e-26, 84.1434, 0.942256, 0.256903, 293.676
5505, 5.5604e-37, 0.321102, 0.000212575, 0, 2.73296e-18, 2.31564e-29, 0, 0, 0.321314, 1.41559e-37, 5.51665e-26, 83.48, 0.94232, 0.255335, 293.66
5506, 2.17407e-36, 0.321343, 0.000210042, 0, 2.71448e-18, 3.74219e-29, 0, 0, 0.321553, 5.52964e-37, 8.66885e-26, 82.1165, 0.942384, 0.252571, 293.661
5507, 1.42718e-35, 0.321557, 0.000212776, 0, 3.54164e-18, 1.51123e-28, 0, 0, 0.321769, 3.6494e-36, 3.39817e-25, 80.2348, 0.942448, 0.24965, 293.66
5508, 4.79878e-35, 0.321677, 0.000233546, 0, 6.87034e-18, 4.7751e-28, 0, 0, 0.321911, 1.22975e-35, 1.0684e-24, 79.0221, 0.942512, 0.249934, 293.651
5509, 7.04178e-35, 0.321862, 0.000242003, 0, 9.14617e-18, 6.99754e-28, 0, 0, 0.322104, 1.80578e-35, 1.56507e-24, 78.6386, 0.942576, 0.25287, 293.647
5510, 4.46651e-35, 0.322158, 0.00022887, 0, 6.51308e-18, 4.5269e-28, 0, 0, 0.322386, 1.14555e-35, 1.01358e-24, 79.0939, 0.94264, 0.252911, 293.653
5511, 1.22485e-35, 0.322417, 0.000222813, 0, 2.92895e-18, 1.29008e-28, 0, 0, 0.32264, 3.14077e-36, 2.89576e-25, 80.3877, 0.942704, 0.249369, 293.655
5512, 1.4558e-36, 0.322621, 0.000227425, 0, 1.47674e-18, 1.66872e-29, 0, 0, 0.322849, 3.72535e-37, 3.77344e-26, 82.5175, 0.942768, 0.247257, 293.654
5513, 7.61409e-38, 0.322905, 0.000216723, 0, 7.61751e-19, 1.22495e-30, 0, 0, 0.323122, 1.91312e-38, 2.86161e-27, 85.4682, 0.942832, 0.248072, 293.658
5514, 1.97895e-39, 0.323286, 0.000187043, 0, 2.48353e-19, 9.95585e-32, 0, 0, 0.323473, 4.25429e-40, 2.47036e-28, 89.1183, 0.942896, 0.249596, 293.671
5515, 4.53026e-41, 0.323729, 0.000145539, 0, 4.56184e-20, 8.2499e-33, 0, 0, 0.323874, 4.09319e-42, 2.09832e-29, 92.8952, 0.94296, 0.250068, 293.688
5516, 1.26537e-42, 0.324204, 9.764e-05, 0, 4.66545e-21, 3.82573e-34, 0, 0, 0.324302, 1.54143e-44, 9.82507e-31, 96.4732, 0.943024, 0.248058, 293.709
5517, 1.96182e-44, 0.324658, 5.38418e-05, 0, 2.6204e-22, 8.5598e-36, 0, 0, 0.324712, 0, 2.21969e-32, 99.99, 0.943088, 0.247756, 293.727
5518, 0, 0.325001, 3.16777e-05, 0, 7.98283e-24, 9.15159e-38, 0, 0, 0.325032, 0, 2.40111e-34, 99.99, 0.943152, 0.250649, 293.737
5519, 0, 0.325218, 3.38609e-05, 0, 1.31053e-25, 4.69351e-40, 0, 0, 0.325252, 0, 1.24846e-36, 99.99, 0.943216, 0.252386, 293.736
5520, 0, 0.325426, 3.77443e-05, 0, 1.1423e-27, 1.15607e-42, 0, 0, 0.325464, 0, 3.12363e-39, 99.99, 0.94328, 0.25315, 293.734
5521, 0, 0.325701, 2.87401e-05, 0, 5.10977e-30, 0, 0, 0, 0.32573, 0, 3.74567e-42, 99.99, 0.943344, 0.253408, 293.738
5522, 0, 0.326, 1.51513e-05, 0, 1.12582e-32, 0, 0, 0, 0.326015, 0, 0, 99.99, 0.943408, 0.25189, 293.744
5523, 0, 0.326256, 9.76758e-06, 0, 4.33567e-33, 0, 0, 0, 0.326266, 0, 0, 99.99, 0.943472, 0.247955, 293.746
5524, 0, 0.326442, 1.79394e-05, 0, 2.14921e-31, 0, 0, 0, 0.32646, 0, 0, 99.99, 0.943536, 0.242935, 293.742
5525, 0, 0.326572, 3.71661e-05, 0, 4.60298e-30, 0, 0, 0, 0.326609, 0, 0, 99.99, 0.9436, 0.239312, 293.734
5526, 0, 0.326685, 5.95363e-05, 0, 4.22946e-29, 0, 0, 0, 0.326745, 0, 0, 99.99, 0.943664, 0.239542, 293.725
5527, 0, 0.32682, 7.78005e-05, 0, 1.6664e-28, 0, 0, 0, 0.326898, 0, 0, 99.99, 0.943728, 0.241393, 293.717
5528, 0, 0.327006, 8.61145e-05, 0, 2.81438e-28, 0, 0, 0, 0.327092, 0, 0, 99.99, 0.943792, 0.241732, 293.714
5529, 0, 0.327261, 8.09031e-05, 0, 2.17518e-28, 0, 0, 0, 0.327342, 0, 0, 99.99, 0.943856, 0.244197, 293.716
5530, 0, 0.327567, 6.5885e-05, 0, 1.26565e-27, 0, 0, 0, 0.327633, 0, 1.4013e-45, 99.99, 0.94392, 0.248789, 293.722
5531, 0, 0.327901, 4.54603e-05, 0, 5.45924e-26, 0, 0, 0, 0.327947, 0, 7.03452e-43, 99.99, 0.943984, 0.250174, 293.731
5532, 0, 0.328152, 4.12474e-05, 0, 1.2377e-24, 0, 0, 0, 0.328193, 0, 3.86394e-41, 99.99, 0.944048, 0.247108, 293.733
5533, 0, 0.328226, 7.11347e-05, 0, 1.56641e-23, 0, 0, 0, 0.328297, 0, 9.1514e-40, 99.99, 0.944112, 0.24386, 293.72
5534, 0, 0.328222, 0.000116163, 0, 1.11216e-22, 0, 0, 0, 0.328338, 0, 9.35095e-39, 99.99, 0.944176, 0.245766, 293.701
5535, 0, 0.328279, 0.000149359, 0, 4.11302e-22, 0, 0, 0, 0.328428, 0, 4.13032e-38, 99.99, 0.94424, 0.249805, 293.687
5536, 0, 0.328442, 0.000162052, 0, 7.37196e-22, 0, 0, 0, 0.328604, 0, 7.89763e-38, 99.99, 0.944304, 0.251557, 293.682
5537, 0, 0.328723, 0.000151996, 0, 6.16367e-22, 0, 0, 0, 0.328875, 0, 6.54357e-38, 99.99, 0.944368, 0.251619, 293.686
5538, 0, 0.32912, 0.000119439, 0, 2.36369e-22, 0, 0, 0, 0.32924, 0, 2.35022e-38, 99.99, 0.944432, 0.250805, 293.7
5539, 0, 0.329555, 7.97901e-05, 0, 4.12586e-23, 0, 0, 0, 0.329634, 0, 3.65814e-39, 99.99, 0.944496, 0.248619, 293.716
5540, 0, 0.329839, 6.8974e-05, 0, 3.71852e-24, 0, 0, 0, 0.329908, 0, 2.46565e-40, 99.99, 0.94456, 0.245646, 293.721
5541, 0, 0.329923, 9.70765e-05, 0, 2.34943e-24, 0, 0, 0, 0.33002, 0, 7.18866e-42, 99.99, 0.944624, 0.244177, 293.709
5542, 0, 0.329991, 0.00012806, 0, 4.97649e-24, 0, 0, 0, 0.330119, 0, 9.10844e-44, 99.99, 0.944688, 0.243571, 293.696
5543, 0, 0.33018, 0.000135822, 0, 5.19069e-24, 0, 0, 0, 0.330316, 0, 0, 99.99, 0.944752, 0.242139, 293.693
5544, 0, 0.330481, 0.000121987, 0, 2.56416e-24, 0, 0, 0, 0.330603, 0, 0, 99.99, 0.944816, 0.242205, 293.699
5545, 0, 0.330851, 9.47402e-05, 0, 6.04669e-25, 0, 0, 0, 0.330946, 0, 0, 99.99, 0.94488, 0.244155, 293.71
5546, 0, 0.331255, 6.09386e-05, 0, 6.83244e-26, 0, 0, 0, 0.331316, 0, 0, 99.99, 0.944944, 0.244417, 293.724
5547, 0, 0.33164, 3.08182e-05, 0, 3.69581e-27, 0, 0, 0, 0.331671, 0, 0, 99.99, 0.945008, 0.244693, 293.737
5548, 0, 0.331945, 1.61554e-05, 0, 9.53562e-29, 0, 0, 0, 0.331961, 0, 0, 99.99, 0.945072, 0.245349, 293.743
5549, 0, 0.332172, 1.67316e-05, 0, 1.1702e-30, 0, 0, 0, 0.332188, 0, 0, 99.99, 0.945136, 0.244589, 293.743
5550, 0, 0.332388, 1.91956e-05, 0, 6.83758e-33, 0, 0, 0, 0.332407, 0, 0, 99.99, 0.9452, 0.243772, 293.742
5551, 0, 0.332624, 1.79819e-05, 0, 1.91331e-35, 0, 0, 0, 0.332642, 0, 0, 99.99, 0.945264, 0.244286, 293.742
5552, 0, 0.332834, 2.15044e-05, 0, 2.58311e-38, 0, 0, 0, 0.332856, 0, 0, 99.99, 0.945328, 0.246297, 293.741
5553, 0, 0.333027, 2.85121e-05, 0, 1.68674e-41, 0, 0, 0, 0.333056, 0, 0, 99.99, 0.945392, 0.247622, 293.738
5554, 0, 0.333263, 2.73037e-05, 0, 5.60519e-45, 0, 0, 0, 0.33329, 0, 0, 99.99, 0.945456, 0.247455, 293.739
5555, 0, 0.333542, 1.76798e-05, 0, 0, 0, 0, 0, 0.33356, 0, 0, 99.99, 0.94552, 0.246733, 293.743
5556, 0, 0.333819, 8.59407e-06, 0, 1.4013e-44, 0, 0, 0, 0.333827, 0, 0, 99.99, 0.945584, 0.244417, 293.746
5557, 0, 0.334058, 6.68964e-06, 0, 5.03627e-42, 0, 0, 0, 0.334065, 0, 0, 99.99, 0.945648, 0.241143, 293.747
5558, 0, 0.334255, 1.29673e-05, 0, 3.47183e-40, 0, 0, 0, 0.334268, 0, 0, 99.99, 0.945712, 0.241409, 293.745
5559, 0, 0.334427, 2.40427e-05, 0, 1.09301e-38, 0, 0, 0, 0.334451, 0, 0, 99.99, 0.945776, 0.243209, 293.74
5560, 0, 0.334587, 3.72922e-05, 0, 1.51252e-37, 0, 0, 0, 0.334624, 0, 0, 99.99, 0.94584, 0.243063, 293.734
5561, 0, 0.334739, 5.21881e-05, 0, 9.19906e-37, 0, 0, 0, 0.334791, 0, 0, 99.99, 0.945904, 0.242119, 293.728
5562, 0, 0.334904, 6.45218e-05, 0, 2.45582e-36, 0, 0, 0, 0.334969, 0, 0, 99.99, 0.945968, 0.24183, 293.723
5563, 0, 0.335127, 6.58716e-05, 0, 2.87351e-36, 0, 0, 0, 0.335193, 0, 0, 99.99, 0.946032, 0.242022, 293.722
5564, 0, 0.335426, 5.24645e-05, 0, 1.47178e-36, 0, 0, 0, 0.335478, 0, 0, 99.99, 0.946096, 0.240968, 293.728
5565, 0, 0.335748, 3.46604e-05, 0, 3.29851e-37, 0, 0, 0, 0.335783, 0, 0, 99.99, 0.94616, 0.240437, 293.736
5566, 0, 0.336039, 2.28579e-05, 0, 3.23825e-38, 0, 0, 0, 0.336062, 0, 0, 99.99, 0.946224, 0.241623, 293.74
5567, 0, 0.336315, 1.39234e-05, 0, 1.39704e-39, 0, 0, 0, 0.336329, 0, 0, 99.99, 0.946288, 0.242311, 293.744
5568, 0, 0.336566, 9.71746e-06, 0, 2.66275e-41, 0, 0, 0, 0.336576, 0, 0, 99.99, 0.946352, 0.241944, 293.746
5569, 0, 0.336776, 1.35868e-05, 0, 2.25609e-43, 0, 0, 0, 0.33679, 0, 0, 99.99, 0.946416, 0.2433, 293.744
5570, 0, 0.336976, 1.93179e-05, 0, 0, 0, 0, 0, 0.336995, 0, 0, 99.99, 0.94648, 0.245059, 293.742
5571, 0, 0.337178, 2.46246e-05, 0, 0, 0, 0, 0, 0.337202, 0, 0, 99.99, 0.946544, 0.244733, 293.74
5572, 0, 0.337376, 3.07181e-05, 0, 0, 0, 0, 0, 0.337406, 0, 0, 99.99, 0.946608, 0.242242, 293.737
5573, 0, 0.337601, 3.15997e-05, 0, 0, 0, 0, 0, 0.337632, 0, 0, 99.99, 0.946672, 0.239703, 293.737
5574, 0, 0.337861, 2.5702e-05, 0, 0, 0, 0, 0, 0.337887, 0, 0, 99.99, 0.946736, 0.238939, 293.739
5575, 0, 0.338133, 1.75144e-05, 0, 0, 0, 0, 0, 0.338151, 0, 0, 99.99, 0.9468, 0.239099, 293.743
5576, 0, 0.338402, 1.00229e-05, 0, 0, 0, 0, 0, 0.338412, 0, 0, 99.99, 0.946864, 0.240046, 293.746
5577, 0, 0.33866, 4.58037e-06, 0, 0, 0, 0, 0, 0.338665, 0, 0, 99.99, 0.946928, 0.242099, 293.748
5578, 0, 0.338903, 2.05036e-06, 0, 0, 0, 0, 0, 0.338905, 0, 0, 99.99, 0.946992, 0.243102, 293.749
5579, 0, 0.33913, 2.58316e-06, 0, 0, 0, 0, 0, 0.339133, 0, 0, 99.99, 0.947056, 0.242283, 293.749
5580, 0, 0.339346, 5.31151e-06, 0, 0, 0, 0, 0, 0.339351, 0, 0, 99.99, 0.94712, 0.24018, 293.748
5581, 0, 0.339562, 7.9457e-06, 0, 0, 0, 0, 0, 0.33957, 0, 0, 99.99, 0.947184, 0.237949, 293.747
5582, 0, 0.339792, 7.84897e-06, 0, 0, 0, 0, 0, 0.3398, 0, 0, 99.99, 0.947248, 0.237368, 293.747
5583, 0, 0.340033, 5.85151e-06, 0, 0, 0, 0, 0, 0.340039, 0, 0, 99.99, 0.947312, 0.23961, 293.748
5584, 0, 0.340258, 6.83105e-06, 0, 6.254e-42, 0, 0, 0, 0.340264, 0, 0, 99.99, 0.947376, 0.241374, 293.747
5585, 0, 0.340457, 1.27594e-05, 0, 4.74691e-40, 0, 0, 0, 0.340469, 0, 0, 99.99, 0.94744, 0.240234, 293.745
5586, 0, 0.340645, 2.06697e-05, 0, 1.8778e-38, 0, 0, 0, 0.340666, 0, 0, 99.99, 0.947504, 0.238895, 293.741
5587, 0, 0.340814, 3.22667e-05, 0, 3.25358e-37, 0, 0, 0, 0.340847, 0, 0, 99.99, 0.947568, 0.238648, 293.737
5588, 0, 0.340952, 4.9874e-05, 0, 4.22692e-35, 0, 0, 0, 0.341002, 0, 0, 99.99, 0.947632, 0.238359, 293.729
5589, 0, 0.34111, 6.36235e-05, 0, 9.17945e-33, 0, 0, 0, 0.341174, 0, 0, 99.99, 0.947696, 0.238758, 293.724
5590, 0, 0.341344, 6.28408e-05, 0, 4.92684e-31, 0, 0, 0, 0.341407, 0, 0, 99.99, 0.94776, 0.238099, 293.724
5591, 0, 0.34162, 5.39821e-05, 0, 1.26767e-29, 0, 0, 0, 0.341674, 0, 0, 99.99, 0.947824, 0.23574, 293.728
5592, 0, 0.341826, 5.87021e-05, 0, 1.60327e-28, 0, 0, 0, 0.341884, 0, 0, 99.99, 0.947888, 0.235646, 293.726
5593, 0, 0.341933, 8.20523e-05, 0, 1.03504e-27, 0, 0, 0, 0.342015, 0, 0, 99.99, 0.947952, 0.238733, 293.716
5594, 0, 0.342038, 0.00010585, 0, 3.50877e-27, 0, 0, 0, 0.342144, 0, 0, 99.99, 0.948016, 0.240943, 293.706
5595, 0, 0.342208, 0.000117224, 0, 6.26664e-27, 0, 0, 0, 0.342326, 0, 0, 99.99, 0.94808, 0.240974, 293.701
5596, 0, 0.342434, 0.00011811, 0, 5.86608e-27, 0, 0, 0, 0.342552, 0, 0, 99.99, 0.948144, 0.240415, 293.701
5597, 0, 0.342685, 0.000113992, 0, 3.04386e-27, 0, 0, 0, 0.342799, 0, 0, 99.99, 0.948208, 0.239742, 293.703
5598, 0, 0.342964, 0.000104771, 0, 1.05378e-27, 0, 0, 0, 0.343069, 0, 0, 99.99, 0.948272, 0.237273, 293.706
5599, 0, 0.343287, 8.69883e-05, 0, 2.71743e-28, 0, 0, 0, 0.343374, 0, 0, 99.99, 0.948336, 0.234208, 293.714
5600, 0, 0.34365, 6.17508e-05, 0, 4.32749e-29, 0, 0, 0, 0.343712, 0, 0, 99.99, 0.9484, 0.234229, 293.724
5601, 0, 0.34402, 3.51314e-05, 0, 3.50989e-30, 0, 0, 0, 0.344055, 0, 0, 99.99, 0.948464, 0.236526, 293.735
5602, 0, 0.344343, 1.74731e-05, 0, 1.35029e-31, 0, 0, 0, 0.34436, 0, 0, 99.99, 0.948528, 0.236832, 293.743
5603, 0, 0.344575, 1.71862e-05, 0, 2.42094e-33, 0, 0, 0, 0.344592, 0, 0, 99.99, 0.948592, 0.233845, 293.743
5604, 0, 0.344748, 2.79597e-05, 0, 2.80631e-35, 0, 0, 0, 0.344776, 0, 0, 99.99, 0.948656, 0.232172, 293.738
5605, 0, 0.344935, 3.62238e-05, 0, 2.24691e-34, 0, 0, 0, 0.344971, 0, 0, 99.99, 0.94872, 0.234474, 293.735
5606, 0, 0.345114, 4.60397e-05, 0, 3.48905e-33, 0, 0, 0, 0.34516, 0, 0, 99.99, 0.948784, 0.23751, 293.731
5607, 0, 0.345254, 6.31694e-05, 0, 2.59637e-32, 0, 0, 0, 0.345317, 0, 0, 99.99, 0.948848, 0.23758, 293.724
5608, 0, 0.34541, 7.72919e-05, 0, 8.65883e-32, 0, 0, 0, 0.345487, 0, 0, 99.99, 0.948912, 0.234754, 293.718
5609, 0, 0.345613, 8.2477e-05, 0, 1.26754e-31, 0, 0, 0, 0.345695, 0, 0, 99.99, 0.948976, 0.23359, 293.716
5610, 0, 0.345891, 7.3371e-05, 0, 8.11238e-32, 0, 0, 0, 0.345964, 0, 0, 99.99, 0.94904, 0.235806, 293.72
5611, 0, 0.346233, 5.21262e-05, 0, 2.27323e-32, 0, 0, 0, 0.346285, 0, 0, 99.99, 0.949104, 0.237945, 293.728
5612, 0, 0.346551, 3.55515e-05, 0, 2.79854e-33, 0, 0, 0, 0.346586, 0, 0, 99.99, 0.949168, 0.23872, 293.735
5613, 0, 0.346815, 2.91806e-05, 0, 1.52075e-34, 0, 0, 0, 0.346844, 0, 0, 99.99, 0.949232, 0.23869, 293.738
5614, 0, 0.347086, 2.13656e-05, 0, 3.66829e-36, 0, 0, 0, 0.347107, 0, 0, 99.99, 0.949296, 0.238014, 293.741
5615, 0, 0.34737, 1.12252e-05, 0, 3.9508e-38, 0, 0, 0, 0.347381, 0, 0, 99.99, 0.94936, 0.236251, 293.745
5616, 0, 0.34762, 7.48168e-06, 0, 1.90921e-40, 0, 0, 0, 0.347628, 0, 0, 99.99, 0.949424, 0.234145, 293.747
5617, 0, 0.347819, 1.35054e-05, 0, 4.14784e-43, 0, 0, 0, 0.347832, 0, 0, 99.99, 0.949488, 0.232044, 293.744
5618, 0, 0.347992, 2.43362e-05, 0, 7.00649e-45, 0, 0, 0, 0.348017, 0, 0, 99.99, 0.949552, 0.229407, 293.74
5619, 0, 0.348194, 2.98654e-05, 0, 3.53688e-42, 0, 0, 0, 0.348223, 0, 0, 99.99, 0.949616, 0.22882, 293.738
5620, 0, 0.348445, 2.58385e-05, 0, 2.27383e-40, 0, 0, 0, 0.348471, 0, 0, 99.99, 0.94968, 0.230075, 293.739
5621, 0, 0.348692, 2.28317e-05, 0, 6.33122e-39, 0, 0, 0, 0.348715, 0, 0, 99.99, 0.949744, 0.231207, 293.741
5622, 0, 0.348888, 2.92996e-05, 0, 7.62064e-38, 0, 0, 0, 0.348917, 0, 0, 99.99, 0.949808, 0.233052, 293.738
5623, 0, 0.349046, 4.29716e-05, 0, 4.04931e-37, 0, 0, 0, 0.349089, 0, 0, 99.99, 0.949872, 0.234806, 293.732
5624, 0, 0.349195, 5.8462e-05, 0, 1.01704e-36, 0, 0, 0, 0.349253, 0, 0, 99.99, 0.949936, 0.234038, 293.726
5625, 0, 0.349378, 6.74363e-05, 0, 1.40916e-36, 0, 0, 0, 0.349445, 0, 0, 99.99, 0.95, 0.231939, 293.722
5626, 0, 0.349595, 7.00262e-05, 0, 1.24154e-36, 0, 0, 0, 0.349665, 0, 0, 99.99, 0.950064, 0.231434, 293.721
5627, 0, 0.349841, 6.7029e-05, 0, 6.46703e-37, 0, 0, 0, 0.349908, 0, 0, 99.99, 0.950128, 0.233211, 293.722
5628, 0, 0.350122, 5.752e-05, 0, 1.69123e-37, 0, 0, 0, 0.35018, 0, 0, 99.99, 0.950192, 0.23522, 293.726
5629, 0, 0.350428, 4.33361e-05, 0, 2.03674e-38, 0, 0, 0, 0.350471, 0, 0, 99.99, 0.950256, 0.235778, 293.732
5630, 0, 0.350744, 2.71572e-05, 0, 1.10029e-39, 0, 0, 0, 0.350771, 0, 0, 99.99, 0.95032, 0.235496, 293.739
5631, 0, 0.351045, 1.38526e-05, 0, 2.65028e-41, 0, 0, 0, 0.351059, 0, 0, 99.99, 0.950384, 0.234765, 293.744
5632, 0, 0.351299, 9.36765e-06, 0, 2.83062e-43, 0, 0, 0, 0.351309, 0, 0, 99.99, 0.950448, 0.232883, 293.746
5633, 0, 0.351505, 1.40651e-05, 0, 0, 0, 0, 0, 0.351519, 0, 0, 99.99, 0.950512, 0.23071, 293.744
5634, 0, 0.351699, 2.10376e-05, 0, 0, 0, 0, 0, 0.35172, 0, 0, 99.99, 0.950576, 0.230215, 293.741
5635, 0, 0.351915, 2.38504e-05, 0, 0, 0, 0, 0, 0.351939, 0, 0, 99.99, 0.95064, 0.230275, 293.74
5636, 0, 0.352158, 2.15583e-05, 0, 0, 0, 0, 0, 0.352179, 0, 0, 99.99, 0.950704, 0.228436, 293.741
5637, 0, 0.352416, 1.64195e-05, 0, 0, 0, 0, 0, 0.352432, 0, 0, 99.99, 0.950768, 0.226736, 293.743
5638, 0, 0.352677, 1.07534e-05, 0, 0, 0, 0, 0, 0.352687, 0, 0, 99.99, 0.950832, 0.228104, 293.746
5639, 0, 0.352933, 5.90822e-06, 0, 0, 0, 0, 0, 0.352939, 0, 0, 99.99, 0.950896, 0.229293, 293.748
5640, 0, 0.353181, 2.63228e-06, 0, 0, 0, 0, 0, 0.353184, 0, 0, 99.99, 0.95096, 0.229776, 293.749
5641, 0, 0.353419, 1.35994e-06, 0, 0, 0, 0, 0, 0.35342, 0, 0, 99.99, 0.951024, 0.230539, 293.749
5642, 0, 0.353646, 1.93763e-06, 0, 0, 0, 0, 0, 0.353648, 0, 0, 99.99, 0.951088, 0.230585, 293.749
5643, 0, 0.353871, 3.20254e-06, 0, 0, 0, 0, 0, 0.353874, 0, 0, 99.99, 0.951152, 0.230224, 293.749
5644, 0, 0.3541, 3.47483e-06, 0, 0, 0, 0, 0, 0.354103, 0, 0, 99.99, 0.951216, 0.229819, 293.749
5645, 0, 0.354335, 2.64648e-06, 0, 0, 0, 0, 0, 0.354338, 0, 0, 99.99, 0.95128, 0.230706, 293.749
5646, 0, 0.354565, 2.8418e-06, 0, 0, 0, 0, 0, 0.354568, 0, 0, 99.99, 0.951344, 0.231961, 293.749
5647, 0, 0.354781, 5.68334e-06, 0, 0, 0, 0, 0, 0.354787, 0, 0, 99.99, 0.951408, 0.23255, 293.748
5648, 0, 0.354984, 1.0992e-05, 0, 0, 0, 0, 0, 0.354995, 0, 0, 99.99, 0.951472, 0.23223, 293.745
5649, 0, 0.355175, 1.83563e-05, 0, 0, 0, 0, 0, 0.355194, 0, 0, 99.99, 0.951536, 0.230047, 293.742
5650, 0, 0.355366, 2.59069e-05, 0, 0, 0, 0, 0, 0.355392, 0, 0, 99.99, 0.9516, 0.227386, 293.739
5651, 0, 0.355574, 3.0169e-05, 0, 0, 0, 0, 0, 0.355605, 0, 0, 99.99, 0.951664, 0.227668, 293.738
5652, 0, 0.355811, 2.9189e-05, 0, 0, 0, 0, 0, 0.35584, 0, 0, 99.99, 0.951728, 0.228968, 293.738
5653, 0, 0.356075, 2.28258e-05, 0, 0, 0, 0, 0, 0.356098, 0, 0, 99.99, 0.951792, 0.229124, 293.741
5654, 0, 0.356356, 1.34247e-05, 0, 0, 0, 0, 0, 0.35637, 0, 0, 99.99, 0.951856, 0.229506, 293.744
5655, 0, 0.356626, 6.18803e-06, 0, 0, 0, 0, 0, 0.356632, 0, 0, 99.99, 0.95192, 0.228837, 293.747
5656, 0, 0.356859, 5.75009e-06, 0, 4.2039e-45, 0, 0, 0, 0.356865, 0, 0, 99.99, 0.951984, 0.226882, 293.748
5657, 0, 0.357055, 1.23807e-05, 0, 1.32142e-42, 0, 0, 0, 0.357067, 0, 0, 99.99, 0.952048, 0.225905, 293.745
5658, 0, 0.357235, 2.18808e-05, 0, 8.30858e-41, 0, 0, 0, 0.357257, 0, 0, 99.99, 0.952112, 0.225352, 293.741
5659, 0, 0.357411, 3.22885e-05, 0, 2.47884e-39, 0, 0, 0, 0.357443, 0, 0, 99.99, 0.952176, 0.226087, 293.737
5660, 0, 0.357567, 4.62431e-05, 0, 3.56603e-38, 0, 0, 0, 0.357614, 0, 0, 99.99, 0.95224, 0.227975, 293.731
5661, 0, 0.357721, 6.0819e-05, 0, 2.46101e-37, 0, 0, 0, 0.357781, 0, 0, 99.99, 0.952304, 0.228212, 293.725
5662, 0, 0.357903, 6.99706e-05, 0, 8.08487e-37, 0, 0, 0, 0.357973, 0, 0, 99.99, 0.952368, 0.227641, 293.721
5663, 0, 0.358129, 7.08355e-05, 0, 1.26299e-36, 0, 0, 0, 0.3582, 0, 0, 99.99, 0.952432, 0.228479, 293.721
5664, 0, 0.358387, 6.58865e-05, 0, 1.01013e-36, 0, 0, 0, 0.358452, 0, 0, 99.99, 0.952496, 0.229064, 293.723
5665, 0, 0.358623, 6.48237e-05, 0, 6.37564e-37, 0, 0, 0, 0.358688, 0, 0, 99.99, 0.95256, 0.227942, 293.723
5666, 0, 0.358844, 6.67763e-05, 0, 4.85548e-37, 0, 0, 0, 0.358911, 0, 0, 99.99, 0.952624, 0.226966, 293.723
5667, 0, 0.359107, 6.0807e-05, 0, 2.54779e-37, 0, 0, 0, 0.359168, 0, 0, 99.99, 0.952688, 0.226521, 293.725
5668, 0, 0.359397, 4.97211e-05, 0, 6.42793e-38, 0, 0, 0, 0.359447, 0, 0, 99.99, 0.952752, 0.225251, 293.73
5669, 0, 0.359656, 4.45956e-05, 0, 7.33507e-39, 0, 0, 0, 0.3597, 0, 0, 99.99, 0.952816, 0.225012, 293.732
5670, 0, 0.359893, 4.34469e-05, 0, 3.75416e-40, 0, 0, 0, 0.359937, 0, 0, 99.99, 0.95288, 0.226498, 293.732
5671, 0, 0.360154, 3.77962e-05, 0, 8.58576e-42, 0, 0, 0, 0.360192, 0, 0, 99.99, 0.952944, 0.228094, 293.734
5672, 0, 0.360438, 2.79229e-05, 0, 8.68805e-44, 0, 0, 0, 0.360466, 0, 0, 99.99, 0.953008, 0.228819, 293.739
5673, 0, 0.360725, 1.76015e-05, 0, 0, 0, 0, 0, 0.360742, 0, 0, 99.99, 0.953072, 0.228298, 293.743
5674, 0, 0.361, 9.36244e-06, 0, 0, 0, 0, 0, 0.361009, 0, 0, 99.99, 0.953136, 0.225526, 293.746
5675, 0, 0.361259, 4.19382e-06, 0, 0, 0, 0, 0, 0.361263, 0, 0, 99.99, 0.9532, 0.221061, 293.748
5676, 0, 0.361499, 2.47519e-06, 0, 0, 0, 0, 0, 0.361502, 0, 0, 99.99, 0.953264, 0.219276, 293.749
5677, 0, 0.361722, 4.13907e-06, 0, 0, 0, 0, 0, 0.361726, 0, 0, 99.99, 0.953328, 0.222069, 293.748
5678, 0, 0.361928, 8.74752e-06, 0, 0, 0, 0, 0, 0.361937, 0, 0, 99.99, 0.953392, 0.225637, 293.746
5679, 0, 0.362116, 1.68184e-05, 0, 0, 0, 0, 0, 0.362133, 0, 0, 99.99, 0.953456, 0.226166, 293.743
5680, 0, 0.36229, 2.76455e-05, 0, 0, 0, 0, 0, 0.362317, 0, 0, 99.99, 0.95352, 0.2243, 293.739
5681, 0, 0.362464, 3.8229e-05, 0, 0, 0, 0, 0, 0.362502, 0, 0, 99.99, 0.953584, 0.223293, 293.734
5682, 0, 0.362651, 4.64508e-05, 0, 0, 0, 0, 0, 0.362698, 0, 0, 99.99, 0.953648, 0.223973, 293.731
5683, 0, 0.362859, 5.08775e-05, 0, 0, 0, 0, 0, 0.36291, 0, 0, 99.99, 0.953712, 0.224815, 293.729
5684, 0, 0.363099, 4.91847e-05, 0, 0, 0, 0, 0, 0.363148, 0, 0, 99.99, 0.953776, 0.224805, 293.73
5685, 0, 0.363383, 3.93381e-05, 0, 0, 0, 0, 0, 0.363422, 0, 0, 99.99, 0.95384, 0.223512, 293.734
5686, 0, 0.363683, 2.66535e-05, 0, 0, 0, 0, 0, 0.363709, 0, 0, 99.99, 0.953904, 0.222458, 293.739
5687, 0, 0.363934, 2.28741e-05, 0, 0, 0, 0, 0, 0.363957, 0, 0, 99.99, 0.953968, 0.223901, 293.741
5688, 0, 0.364147, 2.62807e-05, 0, 0, 0, 0, 0, 0.364173, 0, 0, 99.99, 0.954032, 0.225511, 293.739
5689, 0, 0.364387, 2.47546e-05, 0, 0, 0, 0, 0, 0.364412, 0, 0, 99.99, 0.954096, 0.225817, 293.74
5690, 0, 0.364661, 1.67177e-05, 0, 0, 0, 0, 0, 0.364678, 0, 0, 99.99, 0.95416, 0.225982, 293.743
5691, 0, 0.364937, 8.40679e-06, 0, 0, 0, 0, 0, 0.364946, 0, 0, 99.99, 0.954224, 0.225982, 293.747
5692, 0, 0.365189, 4.70897e-06, 0, 0, 0, 0, 0, 0.365193, 0, 0, 99.99, 0.954288, 0.224901, 293.748
5693, 0, 0.365404, 7.61502e-06, 0, 0, 0, 0, 0, 0.365412, 0, 0, 99.99, 0.954352, 0.222226, 293.747
5694, 0, 0.365589, 1.63933e-05, 0, 0, 0, 0, 0, 0.365605, 0, 0, 99.99, 0.954416, 0.219072, 293.743
5695, 0, 0.365755, 2.84862e-05, 0, 0, 0, 0, 0, 0.365783, 0, 0, 99.99, 0.95448, 0.217564, 293.738
5696, 0, 0.365919, 4.09443e-05, 0, 0, 0, 0, 0, 0.36596, 0, 0, 99.99, 0.954544, 0.218823, 293.733
5697, 0, 0.366094, 5.15339e-05, 0, 0, 0, 0, 0, 0.366145, 0, 0, 99.99, 0.954608, 0.220314, 293.729
5698, 0, 0.366285, 5.89721e-05, 0, 0, 0, 0, 0, 0.366344, 0, 0, 99.99, 0.954672, 0.219894, 293.726
5699, 0, 0.366498, 6.23139e-05, 0, 0, 0, 0, 0, 0.366561, 0, 0, 99.99, 0.954736, 0.220462, 293.725
5700, 0, 0.366741, 6.0297e-05, 0, 0, 0, 0, 0, 0.366801, 0, 0, 99.99, 0.9548, 0.22279, 293.725
5701, 0, 0.36701, 5.32064e-05, 0, 0, 0, 0, 0, 0.367063, 0, 0, 99.99, 0.954864, 0.223811, 293.728
5702, 0, 0.36728, 4.6094e-05, 0, 0, 0, 0, 0, 0.367326, 0, 0, 99.99, 0.954928, 0.222531, 293.731
5703, 0, 0.367542, 4.04228e-05, 0, 0, 0, 0, 0, 0.367582, 0, 0, 99.99, 0.954992, 0.220218, 293.733
5704, 0, 0.367824, 3.10175e-05, 0, 0, 0, 0, 0, 0.367855, 0, 0, 99.99, 0.955056, 0.220071, 293.737
5705, 0, 0.368108, 2.13537e-05, 0, 0, 0, 0, 0, 0.368129, 0, 0, 99.99, 0.95512, 0.222091, 293.741
5706, 0, 0.36836, 1.75601e-05, 0, 0, 0, 0, 0, 0.368377, 0, 0, 99.99, 0.955184, 0.223305, 293.743
5707, 0, 0.368606, 1.47952e-05, 0, 0, 0, 0, 0, 0.368621, 0, 0, 99.99, 0.955248, 0.223313, 293.744
5708, 0, 0.368868, 9.23869e-06, 0, 0, 0, 0, 0, 0.368877, 0, 0, 99.99, 0.955312, 0.22274, 293.746
5709, 0, 0.369127, 4.05049e-06, 0, 0, 0, 0, 0, 0.369131, 0, 0, 99.99, 0.955376, 0.221123, 293.748
5710, 0, 0.369371, 1.8281e-06, 0, 0, 0, 0, 0, 0.369373, 0, 0, 99.99, 0.95544, 0.217342, 293.749
5711, 0, 0.369598, 2.68956e-06, 0, 0, 0, 0, 0, 0.3696, 0, 0, 99.99, 0.955504, 0.213141, 293.749
5712, 0, 0.36981, 6.1634e-06, 0, 0, 0, 0, 0, 0.369816, 0, 0, 99.99, 0.955568, 0.212508, 293.747
5713, 0, 0.370018, 1.05877e-05, 0, 0, 0, 0, 0, 0.370029, 0, 0, 99.99, 0.955632, 0.213276, 293.746
5714, 0, 0.370238, 1.27353e-05, 0, 0, 0, 0, 0, 0.370251, 0, 0, 99.99, 0.955696, 0.212646, 293.745
5715, 0, 0.370482, 1.04478e-05, 0, 0, 0, 0, 0, 0.370493, 0, 0, 99.99, 0.95576, 0.213848, 293.746
5716, 0, 0.370736, 6.37486e-06, 0, 0, 0, 0, 0, 0.370742, 0, 0, 99.99, 0.955824, 0.216882, 293.747
5717, 0, 0.37098, 4.10396e-06, 0, 0, 0, 0, 0, 0.370984, 0, 0, 99.99, 0.955888, 0.218326, 293.748
5718, 0, 0.371216, 3.14548e-06, 0, 0, 0, 0, 0, 0.37122, 0, 0, 99.99, 0.955952, 0.219095, 293.749
5719, 0, 0.371446, 3.45362e-06, 0, 0, 0, 0, 0, 0.37145, 0, 0, 99.99, 0.956016, 0.219738, 293.749
5720, 0, 0.371668, 5.17516e-06, 0, 0, 0, 0, 0, 0.371674, 0, 0, 99.99, 0.95608, 0.219261, 293.748
5721, 0, 0.371895, 6.04182e-06, 0, 0, 0, 0, 0, 0.371902, 0, 0, 99.99, 0.956144, 0.218494, 293.748
5722, 0, 0.372129, 5.62064e-06, 0, 0, 0, 0, 0, 0.372135, 0, 0, 99.99, 0.956208, 0.218509, 293.748
5723, 0, 0.372364, 5.14207e-06, 0, 0, 0, 0, 0, 0.372369, 0, 0, 99.99, 0.956272, 0.219604, 293.748
5724, 0, 0.37259, 6.12996e-06, 0, 0, 0, 0, 0, 0.372596, 0, 0, 99.99, 0.956336, 0.220534, 293.747
5725, 0, 0.372804, 9.29777e-06, 0, 0, 0, 0, 0, 0.372814, 0, 0, 99.99, 0.9564, 0.220646, 293.746
5726, 0, 0.373026, 1.11498e-05, 0, 0, 0, 0, 0, 0.373037, 0, 0, 99.99, 0.956464, 0.220331, 293.745
5727, 0, 0.373261, 1.05769e-05, 0, 0, 0, 0, 0, 0.373271, 0, 0, 99.99, 0.956528, 0.219661, 293.746
5728, 0, 0.373486, 1.1738e-05, 0, 0, 0, 0, 0, 0.373498, 0, 0, 99.99, 0.956592, 0.217988, 293.745
5729, 0, 0.373684, 1.79009e-05, 0, 0, 0, 0, 0, 0.373702, 0, 0, 99.99, 0.956656, 0.216618, 293.743
5730, 0, 0.373886, 2.33975e-05, 0, 0, 0, 0, 0, 0.37391, 0, 0, 99.99, 0.95672, 0.217361, 293.74
5731, 0, 0.374132, 2.07048e-05, 0, 0, 0, 0, 0, 0.374153, 0, 0, 99.99, 0.956784, 0.217981, 293.742
5732, 0, 0.374399, 1.4366e-05, 0, 0, 0, 0, 0, 0.374413, 0, 0, 99.99, 0.956848, 0.216759, 293.744
5733, 0, 0.374645, 1.16158e-05, 0, 0, 0, 0, 0, 0.374657, 0, 0, 99.99, 0.956912, 0.214397, 293.745
5734, 0, 0.374888, 9.52773e-06, 0, 0, 0, 0, 0, 0.374898, 0, 0, 99.99, 0.956976, 0.213156, 293.746
5735, 0, 0.375139, 5.9327e-06, 0, 0, 0, 0, 0, 0.375145, 0, 0, 99.99, 0.95704, 0.213633, 293.748
5736, 0, 0.375382, 3.9477e-06, 0, 0, 0, 0, 0, 0.375386, 0, 0, 99.99, 0.957104, 0.214427, 293.748
5737, 0, 0.375607, 5.14774e-06, 0, 0, 0, 0, 0, 0.375612, 0, 0, 99.99, 0.957168, 0.215533, 293.748
5738, 0, 0.375809, 1.06086e-05, 0, 0, 0, 0, 0, 0.37582, 0, 0, 99.99, 0.957232, 0.216572, 293.746
5739, 0, 0.375996, 1.89167e-05, 0, 0, 0, 0, 0, 0.376015, 0, 0, 99.99, 0.957296, 0.216843, 293.742
5740, 0, 0.376191, 2.56696e-05, 0, 0, 0, 0, 0, 0.376216, 0, 0, 99.99, 0.95736, 0.216126, 293.74
5741, 0, 0.376408, 2.82782e-05, 0, 0, 0, 0, 0, 0.376436, 0, 0, 99.99, 0.957424, 0.21642, 293.738
5742, 0, 0.376648, 2.68347e-05, 0, 0, 0, 0, 0, 0.376675, 0, 0, 99.99, 0.957488, 0.21769, 293.739
5743, 0, 0.376904, 2.24176e-05, 0, 0, 0, 0, 0, 0.376926, 0, 0, 99.99, 0.957552, 0.218127, 293.741
5744, 0, 0.377168, 1.64129e-05, 0, 0, 0, 0, 0, 0.377184, 0, 0, 99.99, 0.957616, 0.217415, 293.743
5745, 0, 0.377433, 1.03073e-05, 0, 0, 0, 0, 0, 0.377443, 0, 0, 99.99, 0.95768, 0.215944, 293.746
5746, 0, 0.377692, 5.36131e-06, 0, 0, 0, 0, 0, 0.377697, 0, 0, 99.99, 0.957744, 0.214874, 293.748
5747, 0, 0.37794, 2.35631e-06, 0, 0, 0, 0, 0, 0.377942, 0, 0, 99.99, 0.957808, 0.214904, 293.749
5748, 0, 0.378175, 1.71227e-06, 0, 0, 0, 0, 0, 0.378177, 0, 0, 99.99, 0.957872, 0.215256, 293.749
5749, 0, 0.378397, 3.5233e-06, 0, 0, 0, 0, 0, 0.378401, 0, 0, 99.99, 0.957936, 0.215714, 293.749
5750, 0, 0.378607, 7.56682e-06, 0, 0, 0, 0, 0, 0.378614, 0, 0, 99.99, 0.958, 0.216461, 293.747
5751, 0, 0.37881, 1.27089e-05, 0, 0, 0, 0, 0, 0.378823, 0, 0, 99.99, 0.958064, 0.216322, 293.745
5752, 0, 0.379019, 1.69884e-05, 0, 0, 0, 0, 0, 0.379036, 0, 0, 99.99, 0.958128, 0.214429, 293.743
5753, 0, 0.379245, 1.80875e-05, 0, 0, 0, 0, 0, 0.379263, 0, 0, 99.99, 0.958192, 0.211646, 293.743
5754, 0, 0.379492, 1.52225e-05, 0, 0, 0, 0, 0, 0.379507, 0, 0, 99.99, 0.958256, 0.210106, 293.744
5755, 0, 0.379735, 1.32292e-05, 0, 0, 0, 0, 0, 0.379748, 0, 0, 99.99, 0.95832, 0.209854, 293.745
5756, 0, 0.379948, 1.65725e-05, 0, 0, 0, 0, 0, 0.379965, 0, 0, 99.99, 0.958384, 0.211803, 293.743
5757, 0, 0.380156, 2.10245e-05, 0, 0, 0, 0, 0, 0.380177, 0, 0, 99.99, 0.958448, 0.214258, 293.741
5758, 0, 0.380383, 2.18898e-05, 0, 0, 0, 0, 0, 0.380405, 0, 0, 99.99, 0.958512, 0.214333, 293.741
5759, 0, 0.380628, 1.95092e-05, 0, 0, 0, 0, 0, 0.380647, 0, 0, 99.99, 0.958576, 0.213722, 293.742
5760, 0, 0.380881, 1.55938e-05, 0, 0, 0, 0, 0, 0.380896, 0, 0, 99.99, 0.95864, 0.214007, 293.744
5761, 0, 0.381136, 1.12836e-05, 0, 0, 0, 0, 0, 0.381148, 0, 0, 99.99, 0.958704, 0.213925, 293.745
5762, 0, 0.38139, 7.25129e-06, 0, 0, 0, 0, 0, 0.381397, 0, 0, 99.99, 0.958768, 0.213779, 293.747
5763, 0, 0.38164, 3.92885e-06, 0, 0, 0, 0, 0, 0.381644, 0, 0, 99.99, 0.958832, 0.213793, 293.748
5764, 0, 0.381884, 1.69953e-06, 0, 0, 0, 0, 0, 0.381886, 0, 0, 99.99, 0.958896, 0.212778, 293.749
5765, 0, 0.382121, 7.63827e-07, 0, 0, 0, 0, 0, 0.382122, 0, 0, 99.99, 0.95896, 0.211693, 293.75
5766, 0, 0.382352, 9.12031e-07, 0, 0, 0, 0, 0, 0.382353, 0, 0, 99.99, 0.959024, 0.212318, 293.75
5767, 0, 0.382582, 1.37412e-06, 0, 0, 0, 0, 0, 0.382583, 0, 0, 99.99, 0.959088, 0.2138, 293.749
5768, 0, 0.382813, 1.35195e-06, 0, 0, 0, 0, 0, 0.382815, 0, 0, 99.99, 0.959152, 0.21448, 293.749
5769, 0, 0.383045, 1.3368e-06, 0, 0, 0, 0, 0, 0.383047, 0, 0, 99.99, 0.959216, 0.214341, 293.749
5770, 0, 0.38327, 2.58176e-06, 0, 0, 0, 0, 0, 0.383273, 0, 0, 99.99, 0.95928, 0.213948, 293.749
5771, 0, 0.383489, 4.99433e-06, 0, 0, 0, 0, 0, 0.383494, 0, 0, 99.99, 0.959344, 0.213118, 293.748
5772, 0, 0.38371, 6.97162e-06, 0, 0, 0, 0, 0, 0.383717, 0, 0, 99.99, 0.959408, 0.210646, 293.747
5773, 0, 0.383934, 8.47731e-06, 0, 0, 0, 0, 0, 0.383942, 0, 0, 99.99, 0.959472, 0.207673, 293.747
5774, 0, 0.384145, 1.22496e-05, 0, 0, 0, 0, 0, 0.384157, 0, 0, 99.99, 0.959536, 0.207624, 293.745
5775, 0, 0.384346, 1.77757e-05, 0, 0, 0, 0, 0, 0.384364, 0, 0, 99.99, 0.9596, 0.209523, 293.743
5776, 0, 0.384562, 2.07504e-05, 0, 0, 0, 0, 0, 0.384583, 0, 0, 99.99, 0.959664, 0.210017, 293.742
5777, 0, 0.384803, 1.91139e-05, 0, 0, 0, 0, 0, 0.384822, 0, 0, 99.99, 0.959728, 0.209254, 293.742
5778, 0, 0.385065, 1.35707e-05, 0, 0, 0, 0, 0, 0.385079, 0, 0, 99.99, 0.959792, 0.209096, 293.745
5779, 0, 0.385333, 7.03274e-06, 0, 0, 0, 0, 0, 0.38534, 0, 0, 99.99, 0.959856, 0.210211, 293.747
5780, 0, 0.385584, 3.47444e-06, 0, 0, 0, 0, 0, 0.385588, 0, 0, 99.99, 0.95992, 0.211583, 293.749
5781, 0, 0.385808, 4.97337e-06, 0, 0, 0, 0, 0, 0.385813, 0, 0, 99.99, 0.959984, 0.21209, 293.748
5782, 0, 0.386001, 1.19271e-05, 0, 0, 0, 0, 0, 0.386013, 0, 0, 99.99, 0.960048, 0.21111, 293.745
5783, 0, 0.386174, 2.27291e-05, 0, 0, 0, 0, 0, 0.386197, 0, 0, 99.99, 0.960112, 0.209771, 293.741
5784, 0, 0.386344, 3.39351e-05, 0, 0, 0, 0, 0, 0.386378, 0, 0, 99.99, 0.960176, 0.210143, 293.736
5785, 0, 0.386525, 4.30914e-05, 0, 0, 0, 0, 0, 0.386568, 0, 0, 99.99, 0.96024, 0.211311, 293.733
5786, 0, 0.386724, 4.90249e-05, 0, 0, 0, 0, 0, 0.386773, 0, 0, 99.99, 0.960304, 0.211882, 293.73
5787, 0, 0.386947, 5.06985e-05, 0, 0, 0, 0, 0, 0.386998, 0, 0, 99.99, 0.960368, 0.211966, 293.729
5788, 0, 0.387192, 4.83085e-05, 0, 0, 0, 0, 0, 0.38724, 0, 0, 99.99, 0.960432, 0.211827, 293.73
5789, 0, 0.387442, 4.49497e-05, 0, 0, 0, 0, 0, 0.387487, 0, 0, 99.99, 0.960496, 0.211386, 293.732
5790, 0, 0.387683, 4.33132e-05, 0, 0, 0, 0, 0, 0.387726, 0, 0, 99.99, 0.96056, 0.210362, 293.732
5791, 0, 0.387929, 4.07256e-05, 0, 0, 0, 0, 0, 0.38797, 0, 0, 99.99, 0.960624, 0.20904, 293.734
5792, 0, 0.388161, 4.07657e-05, 0, 0, 0, 0, 0, 0.388201, 0, 0, 99.99, 0.960688, 0.207321, 293.733
5793, 0, 0.388344, 4.94772e-05, 0, 0, 0, 0, 0, 0.388394, 0, 0, 99.99, 0.960752, 0.205357, 293.73
5794, 0, 0.388514, 6.06982e-05, 0, 0, 0, 0, 0, 0.388575, 0, 0, 99.99, 0.960816, 0.205278, 293.725
5795, 0, 0.388717, 6.592e-05, 0, 0, 0, 0, 0, 0.388783, 0, 0, 99.99, 0.96088, 0.206319, 293.723
5796, 0, 0.388951, 6.55875e-05, 0, 0, 0, 0, 0, 0.389016, 0, 0, 99.99, 0.960944, 0.20621, 293.723
5797, 0, 0.389202, 6.19979e-05, 0, 0, 0, 0, 0, 0.389264, 0, 0, 99.99, 0.961008, 0.20666, 293.725
5798, 0, 0.389475, 5.46426e-05, 0, 0, 0, 0, 0, 0.38953, 0, 0, 99.99, 0.961072, 0.208485, 293.728
5799, 0, 0.389771, 4.30194e-05, 0, 0, 0, 0, 0, 0.389814, 0, 0, 99.99, 0.961136, 0.209217, 293.733
5800, 0, 0.390074, 3.02466e-05, 0, 0, 0, 0, 0, 0.390104, 0, 0, 99.99, 0.9612, 0.208246, 293.738
5801, 0, 0.390368, 1.89212e-05, 0, 0, 0, 0, 0, 0.390387, 0, 0, 99.99, 0.961264, 0.207258, 293.742
5802, 0, 0.390638, 1.21531e-05, 0, 0, 0, 0, 0, 0.39065, 0, 0, 99.99, 0.961328, 0.207663, 293.745
5803, 0, 0.390854, 1.48793e-05, 0, 0, 0, 0, 0, 0.390869, 0, 0, 99.99, 0.961392, 0.208839, 293.744
5804, 0, 0.391036, 2.40092e-05, 0, 0, 0, 0, 0, 0.39106, 0, 0, 99.99, 0.961456, 0.209426, 293.74
5805, 0, 0.391219, 3.27468e-05, 0, 0, 0, 0, 0, 0.391252, 0, 0, 99.99, 0.96152, 0.209394, 293.737
5806, 0, 0.391419, 3.84445e-05, 0, 0, 0, 0, 0, 0.391458, 0, 0, 99.99, 0.961584, 0.209155, 293.734
5807, 0, 0.391655, 3.77043e-05, 0, 0, 0, 0, 0, 0.391693, 0, 0, 99.99, 0.961648, 0.208693, 293.735
5808, 0, 0.391926, 3.06239e-05, 0, 0, 0, 0, 0, 0.391957, 0, 0, 99.99, 0.961712, 0.207692, 293.738
5809, 0, 0.392182, 2.63485e-05, 0, 0, 0, 0, 0, 0.392208, 0, 0, 99.99, 0.961776, 0.206685, 293.739
5810, 0, 0.392399, 2.90649e-05, 0, 0, 0, 0, 0, 0.392428, 0, 0, 99.99, 0.96184, 0.206523, 293.738
5811, 0, 0.392618, 3.13266e-05, 0, 0, 0, 0, 0, 0.392649, 0, 0, 99.99, 0.961904, 0.206213, 293.737
5812, 0, 0.392861, 2.9279e-05, 0, 0, 0, 0, 0, 0.392891, 0, 0, 99.99, 0.961968, 0.204337, 293.738
5813, 0, 0.393118, 2.47733e-05, 0, 0, 0, 0, 0, 0.393143, 0, 0, 99.99, 0.962032, 0.20237, 293.74
5814, 0, 0.39338, 1.9436e-05, 0, 0, 0, 0, 0, 0.393399, 0, 0, 99.99, 0.962096, 0.202591, 293.742
5815, 0, 0.393642, 1.39317e-05, 0, 0, 0, 0, 0, 0.393656, 0, 0, 99.99, 0.96216, 0.203751, 293.744
5816, 0, 0.393903, 8.6927e-06, 0, 0, 0, 0, 0, 0.393912, 0, 0, 99.99, 0.962224, 0.204555, 293.746
5817, 0, 0.394159, 4.37025e-06, 0, 0, 0, 0, 0, 0.394163, 0, 0, 99.99, 0.962288, 0.204734, 293.748
5818, 0, 0.394405, 1.85399e-06, 0, 0, 0, 0, 0, 0.394407, 0, 0, 99.99, 0.962352, 0.204535, 293.749
5819, 0, 0.39464, 1.35062e-06, 0, 0, 0, 0, 0, 0.394641, 0, 0, 99.99, 0.962416, 0.205028, 293.749
5820, 0, 0.394869, 1.71347e-06, 0, 0, 0, 0, 0, 0.394871, 0, 0, 99.99, 0.96248, 0.205276, 293.749
5821, 0, 0.395102, 1.58661e-06, 0, 0, 0, 0, 0, 0.395103, 0, 0, 99.99, 0.962544, 0.205528, 293.749
5822, 0, 0.395337, 1.01138e-06, 0, 0, 0, 0, 0, 0.395338, 0, 0, 99.99, 0.962608, 0.206234, 293.75
5823, 0, 0.395569, 1.01731e-06, 0, 0, 0, 0, 0, 0.39557, 0, 0, 99.99, 0.962672, 0.206566, 293.75
5824, 0, 0.395794, 2.20544e-06, 0, 0, 0, 0, 0, 0.395796, 0, 0, 99.99, 0.962736, 0.206594, 293.749
5825, 0, 0.396014, 4.28236e-06, 0, 0, 0, 0, 0, 0.396019, 0, 0, 99.99, 0.9628, 0.206243, 293.748
5826, 0, 0.396236, 6.19305e-06, 0, 0, 0, 0, 0, 0.396242, 0, 0, 99.99, 0.962864, 0.205063, 293.747
5827, 0, 0.396465, 6.60638e-06, 0, 0, 0, 0, 0, 0.396472, 0, 0, 99.99, 0.962928, 0.203923, 293.747
5828, 0, 0.396704, 5.30881e-06, 0, 0, 0, 0, 0, 0.39671, 0, 0, 99.99, 0.962992, 0.204236, 293.748
5829, 0, 0.396947, 3.43055e-06, 0, 0, 0, 0, 0, 0.39695, 0, 0, 99.99, 0.963056, 0.204768, 293.749
5830, 0, 0.397186, 2.16749e-06, 0, 0, 0, 0, 0, 0.397188, 0, 0, 99.99, 0.96312, 0.204678, 293.749
5831, 0, 0.397415, 2.5509e-06, 0, 0, 0, 0, 0, 0.397418, 0, 0, 99.99, 0.963184, 0.204534, 293.749
5832, 0, 0.397639, 3.94628e-06, 0, 0, 0, 0, 0, 0.397643, 0, 0, 99.99, 0.963248, 0.20352, 293.748
5833, 0, 0.397869, 4.33495e-06, 0, 0, 0, 0, 0, 0.397873, 0, 0, 99.99, 0.963312, 0.201863, 293.748
5834, 0, 0.398101, 4.36896e-06, 0, 0, 0, 0, 0, 0.398105, 0, 0, 99.99, 0.963376, 0.200929, 293.748
5835, 0, 0.398317, 7.10274e-06, 0, 0, 0, 0, 0, 0.398324, 0, 0, 99.99, 0.96344, 0.200335, 293.747
5836, 0, 0.398523, 1.17927e-05, 0, 0, 0, 0, 0, 0.398535, 0, 0, 99.99, 0.963504, 0.201156, 293.745
5837, 0, 0.39874, 1.44087e-05, 0, 0, 0, 0, 0, 0.398754, 0, 0, 99.99, 0.963568, 0.202775, 293.744
5838, 0, 0.398962, 1.60754e-05, 0, 0, 0, 0, 0, 0.398979, 0, 0, 99.99, 0.963632, 0.202745, 293.743
5839, 0, 0.399169, 2.05771e-05, 0, 0, 0, 0, 0, 0.39919, 0, 0, 99.99, 0.963696, 0.201754, 293.742
5840, 0, 0.399372, 2.5846e-05, 0, 0, 0, 0, 0, 0.399397, 0, 0, 99.99, 0.96376, 0.202239, 293.74
5841, 0, 0.399579, 3.0126e-05, 0, 0, 0, 0, 0, 0.399609, 0, 0, 99.99, 0.963824, 0.20353, 293.738
5842, 0, 0.399789, 3.40157e-05, 0, 0, 0, 0, 0, 0.399823, 0, 0, 99.99, 0.963888, 0.203751, 293.736
5843, 0, 0.400013, 3.55223e-05, 0, 0, 0, 0, 0, 0.400048, 0, 0, 99.99, 0.963952, 0.203101, 293.736
5844, 0, 0.400262, 3.23867e-05, 0, 0, 0, 0, 0, 0.400294, 0, 0, 99.99, 0.964016, 0.20263, 293.737
5845, 0, 0.400538, 2.44637e-05, 0, 0, 0, 0, 0, 0.400563, 0, 0, 99.99, 0.96408, 0.20223, 293.74
5846, 0, 0.400823, 1.49553e-05, 0, 0, 0, 0, 0, 0.400838, 0, 0, 99.99, 0.964144, 0.201741, 293.744
5847, 0, 0.40109, 8.76961e-06, 0, 0, 0, 0, 0, 0.401098, 0, 0, 99.99, 0.964208, 0.201847, 293.746
5848, 0, 0.401316, 9.68551e-06, 0, 0, 0, 0, 0, 0.401326, 0, 0, 99.99, 0.964272, 0.202399, 293.746
5849, 0, 0.401508, 1.69133e-05, 0, 0, 0, 0, 0, 0.401525, 0, 0, 99.99, 0.964336, 0.202885, 293.743
5850, 0, 0.401688, 2.60304e-05, 0, 0, 0, 0, 0, 0.401714, 0, 0, 99.99, 0.9644, 0.203049, 293.74
5851, 0, 0.401885, 3.21718e-05, 0, 0, 0, 0, 0, 0.401918, 0, 0, 99.99, 0.964464, 0.202719, 293.737
5852, 0, 0.40211, 3.3353e-05, 0, 0, 0, 0, 0, 0.402144, 0, 0, 99.99, 0.964528, 0.201147, 293.737
5853, 0, 0.402356, 3.08216e-05, 0, 0, 0, 0, 0, 0.402387, 0, 0, 99.99, 0.964592, 0.198391, 293.738
5854, 0, 0.40261, 2.70013e-05, 0, 0, 0, 0, 0, 0.402637, 0, 0, 99.99, 0.964656, 0.196909, 293.739
5855, 0, 0.402864, 2.29462e-05, 0, 0, 0, 0, 0, 0.402887, 0, 0, 99.99, 0.96472, 0.197527, 293.741
5856, 0, 0.40313, 1.6915e-05, 0, 0, 0, 0, 0, 0.403147, 0, 0, 99.99, 0.964784, 0.19899, 293.743
5857, 0, 0.4034, 1.00599e-05, 0, 0, 0, 0, 0, 0.40341, 0, 0, 99.99, 0.964848, 0.200347, 293.746
5858, 0, 0.403655, 5.86436e-06, 0, 0, 0, 0, 0, 0.403661, 0, 0, 99.99, 0.964912, 0.200382, 293.748
5859, 0, 0.403899, 3.83181e-06, 0, 0, 0, 0, 0, 0.403903, 0, 0, 99.99, 0.964976, 0.199502, 293.748
5860, 0, 0.404139, 2.37698e-06, 0, 0, 0, 0, 0, 0.404141, 0, 0, 99.99, 0.96504, 0.198948, 293.749
5861, 0, 0.404369, 2.60479e-06, 0, 0, 0, 0, 0, 0.404372, 0, 0, 99.99, 0.965104, 0.19934, 293.749
5862, 0, 0.404587, 5.06655e-06, 0, 0, 0, 0, 0, 0.404592, 0, 0, 99.99, 0.965168, 0.200213, 293.748
5863, 0, 0.404802, 7.94791e-06, 0, 0, 0, 0, 0, 0.40481, 0, 0, 99.99, 0.965232, 0.200287, 293.747
5864, 0, 0.40503, 8.77732e-06, 0, 0, 0, 0, 0, 0.405038, 0, 0, 99.99, 0.965296, 0.199465, 293.746
5865, 0, 0.405272, 6.79923e-06, 0, 0, 0, 0, 0, 0.405279, 0, 0, 99.99, 0.96536, 0.199173, 293.747
5866, 0, 0.405521, 3.85401e-06, 0, 0, 0, 0, 0, 0.405524, 0, 0, 99.99, 0.965424, 0.200021, 293.748
5867, 0, 0.405759, 2.67584e-06, 0, 0, 0, 0, 0, 0.405762, 0, 0, 99.99, 0.965488, 0.200607, 293.749
5868, 0, 0.405981, 4.44806e-06, 0, 0, 0, 0, 0, 0.405985, 0, 0, 99.99, 0.965552, 0.200572, 293.748
5869, 0, 0.406193, 7.98153e-06, 0, 0, 0, 0, 0, 0.406201, 0, 0, 99.99, 0.965616, 0.200497, 293.747
5870, 0, 0.406407, 1.10558e-05, 0, 0, 0, 0, 0, 0.406418, 0, 0, 99.99, 0.96568, 0.200426, 293.746
5871, 0, 0.406632, 1.22192e-05, 0, 0, 0, 0, 0, 0.406644, 0, 0, 99.99, 0.965744, 0.199932, 293.745
5872, 0, 0.40687, 1.10963e-05, 0, 0, 0, 0, 0, 0.406881, 0, 0, 99.99, 0.965808, 0.198539, 293.746
5873, 0, 0.40711, 9.62712e-06, 0, 0, 0, 0, 0, 0.40712, 0, 0, 99.99, 0.965872, 0.196427, 293.746
5874, 0, 0.407342, 9.47532e-06, 0, 0, 0, 0, 0, 0.407352, 0, 0, 99.99, 0.965936, 0.195053, 293.746
5875, 0, 0.407577, 8.89648e-06, 0, 0, 0, 0, 0, 0.407586, 0, 0, 99.99, 0.966, 0.195737, 293.746
5876, 0, 0.40782, 6.92619e-06, 0, 0, 0, 0, 0, 0.407827, 0, 0, 99.99, 0.966064, 0.196651, 293.747
5877, 0, 0.408066, 4.36898e-06, 0, 0, 0, 0, 0, 0.408071, 0, 0, 99.99, 0.966128, 0.195883, 293.748
5878, 0, 0.408311, 2.14372e-06, 0, 0, 0, 0, 0, 0.408313, 0, 0, 99.99, 0.966192, 0.195644, 293.749
5879, 0, 0.40855, 8.37366e-07, 0, 0, 0, 0, 0, 0.40855, 0, 0, 99.99, 0.966256, 0.197249, 293.75
5880, 0, 0.408784, 3.6879e-07, 0, 0, 0, 0, 0, 0.408784, 0, 0, 99.99, 0.96632, 0.198477, 293.75
5881, 0, 0.409016, 3.0347e-07, 0, 0, 0, 0, 0, 0.409016, 0, 0, 99.99, 0.966384, 0.198048, 293.75
5882, 0, 0.409247, 3.3553e-07, 0, 0, 0, 0, 0, 0.409248, 0, 0, 99.99, 0.966448, 0.19663, 293.75
5883, 0, 0.409477, 5.68715e-07, 0, 0, 0, 0, 0, 0.409478, 0, 0, 99.99, 0.966512, 0.195868, 293.75
5884, 0, 0.409705, 1.3217e-06, 0, 0, 0, 0, 0, 0.409706, 0, 0, 99.99, 0.966576, 0.196648, 293.749
5885, 0, 0.409929, 2.57943e-06, 0, 0, 0, 0, 0, 0.409932, 0, 0, 99.99, 0.96664, 0.197838, 293.749
5886, 0, 0.410152, 4.19229e-06, 0, 0, 0, 0, 0, 0.410156, 0, 0, 99.99, 0.966704, 0.198312, 293.748
5887, 0, 0.410373, 6.05635e-06, 0, 0, 0, 0, 0, 0.410379, 0, 0, 99.99, 0.966768, 0.1983, 293.748
5888, 0, 0.410597, 7.35547e-06, 0, 0, 0, 0, 0, 0.410604, 0, 0, 99.99, 0.966832, 0.198166, 293.747
5889, 0, 0.410831, 7.01212e-06, 0, 0, 0, 0, 0, 0.410838, 0, 0, 99.99, 0.966896, 0.197901, 293.747
5890, 0, 0.411073, 5.17243e-06, 0, 0, 0, 0, 0, 0.411078, 0, 0, 99.99, 0.96696, 0.197295, 293.748
5891, 0, 0.411312, 3.80192e-06, 0, 0, 0, 0, 0, 0.411316, 0, 0, 99.99, 0.967024, 0.196577, 293.748
5892, 0, 0.411543, 3.96843e-06, 0, 0, 0, 0, 0, 0.411546, 0, 0, 99.99, 0.967088, 0.196102, 293.748
5893, 0, 0.411773, 4.07477e-06, 0, 0, 0, 0, 0, 0.411778, 0, 0, 99.99, 0.967152, 0.1949, 293.748
5894, 0, 0.412011, 3.08222e-06, 0, 0, 0, 0, 0, 0.412014, 0, 0, 99.99, 0.967216, 0.192891, 293.749
5895, 0, 0.41225, 1.68076e-06, 0, 0, 0, 0, 0, 0.412252, 0, 0, 99.99, 0.96728, 0.192248, 293.749
5896, 0, 0.412487, 7.06952e-07, 0, 0, 0, 0, 0, 0.412488, 0, 0, 99.99, 0.967344, 0.193676, 293.75
5897, 0, 0.41272, 4.37801e-07, 0, 0, 0, 0, 0, 0.412721, 0, 0, 99.99, 0.967408, 0.194556, 293.75
5898, 0, 0.412949, 8.8096e-07, 0, 0, 0, 0, 0, 0.41295, 0, 0, 99.99, 0.967472, 0.194046, 293.75
5899, 0, 0.413173, 2.19454e-06, 0, 0, 0, 0, 0, 0.413175, 0, 0, 99.99, 0.967536, 0.194067, 293.749
5900, 0, 0.413392, 4.36193e-06, 0, 0, 0, 0, 0, 0.413397, 0, 0, 99.99, 0.9676, 0.194756, 293.748
5901, 0, 0.413609, 7.062e-06, 0, 0, 0, 0, 0, 0.413616, 0, 0, 99.99, 0.967664, 0.194916, 293.747
5902, 0, 0.413824, 9.90412e-06, 0, 0, 0, 0, 0, 0.413834, 0, 0, 99.99, 0.967728, 0.194494, 293.746
5903, 0, 0.41404, 1.25023e-05, 0, 0, 0, 0, 0, 0.414053, 0, 0, 99.99, 0.967792, 0.193951, 293.745
5904, 0, 0.414258, 1.49722e-05, 0, 0, 0, 0, 0, 0.414273, 0, 0, 99.99, 0.967856, 0.193802, 293.744
5905, 0, 0.414472, 1.8023e-05, 0, 0, 0, 0, 0, 0.41449, 0, 0, 99.99, 0.96792, 0.19398, 293.743
5906, 0, 0.414684, 2.13467e-05, 0, 0, 0, 0, 0, 0.414706, 0, 0, 99.99, 0.967984, 0.193367, 293.741
5907, 0, 0.414905, 2.32728e-05, 0, 0, 0, 0, 0, 0.414928, 0, 0, 99.99, 0.968048, 0.191174, 293.741
5908, 0, 0.415139, 2.2749e-05, 0, 0, 0, 0, 0, 0.415162, 0, 0, 99.99, 0.968112, 0.189104, 293.741
5909, 0, 0.415378, 2.14428e-05, 0, 0, 0, 0, 0, 0.415399, 0, 0, 99.99, 0.968176, 0.189421, 293.741
5910, 0, 0.415601, 2.29872e-05, 0, 0, 0, 0, 0, 0.415624, 0, 0, 99.99, 0.96824, 0.191106, 293.741
5911, 0, 0.415812, 2.64589e-05, 0, 0, 0, 0, 0, 0.415839, 0, 0, 99.99, 0.968304, 0.192681, 293.739
5912, 0, 0.416037, 2.76347e-05, 0, 0, 0, 0, 0, 0.416064, 0, 0, 99.99, 0.968368, 0.193541, 293.739
5913, 0, 0.416281, 2.53965e-05, 0, 0, 0, 0, 0, 0.416306, 0, 0, 99.99, 0.968432, 0.193301, 293.74
5914, 0, 0.416541, 2.03355e-05, 0, 0, 0, 0, 0, 0.416561, 0, 0, 99.99, 0.968496, 0.192066, 293.742
5915, 0, 0.416812, 1.34652e-05, 0, 0, 0, 0, 0, 0.416825, 0, 0, 99.99, 0.96856, 0.190778, 293.745
5916, 0, 0.417077, 7.45609e-06, 0, 0, 0, 0, 0, 0.417085, 0, 0, 99.99, 0.968624, 0.190609, 293.747
5917, 0, 0.417317, 6.00777e-06, 0, 0, 0, 0, 0, 0.417323, 0, 0, 99.99, 0.968688, 0.191062, 293.748
5918, 0, 0.41753, 9.22623e-06, 0, 0, 0, 0, 0, 0.417539, 0, 0, 99.99, 0.968752, 0.191801, 293.746
5919, 0, 0.417743, 1.25033e-05, 0, 0, 0, 0, 0, 0.417755, 0, 0, 99.99, 0.968816, 0.19207, 293.745
5920, 0, 0.417972, 1.2853e-05, 0, 0, 0, 0, 0, 0.417985, 0, 0, 99.99, 0.96888, 0.191681, 293.745
5921, 0, 0.418214, 1.08884e-05, 0, 0, 0, 0, 0, 0.418225, 0, 0, 99.99, 0.968944, 0.191596, 293.746
5922, 0, 0.418466, 7.37763e-06, 0, 0, 0, 0, 0, 0.418473, 0, 0, 99.99, 0.969008, 0.191952, 293.747
5923, 0, 0.418711, 4.9835e-06, 0, 0, 0, 0, 0, 0.418716, 0, 0, 99.99, 0.969072, 0.19258, 293.748
5924, 0, 0.418936, 5.94943e-06, 0, 0, 0, 0, 0, 0.418942, 0, 0, 99.99, 0.969136, 0.193054, 293.748
5925, 0, 0.419147, 9.5789e-06, 0, 0, 0, 0, 0, 0.419157, 0, 0, 99.99, 0.9692, 0.192783, 293.746
5926, 0, 0.419355, 1.36234e-05, 0, 0, 0, 0, 0, 0.419369, 0, 0, 99.99, 0.969264, 0.191952, 293.745
5927, 0, 0.419577, 1.52523e-05, 0, 0, 0, 0, 0, 0.419592, 0, 0, 99.99, 0.969328, 0.19142, 293.744
5928, 0, 0.419814, 1.42421e-05, 0, 0, 0, 0, 0, 0.419828, 0, 0, 99.99, 0.969392, 0.191385, 293.744
5929, 0, 0.420056, 1.22665e-05, 0, 0, 0, 0, 0, 0.420069, 0, 0, 99.99, 0.969456, 0.191525, 293.745
5930, 0, 0.420301, 1.00089e-05, 0, 0, 0, 0, 0, 0.420311, 0, 0, 99.99, 0.96952, 0.191685, 293.746
5931, 0, 0.420547, 7.46332e-06, 0, 0, 0, 0, 0, 0.420554, 0, 0, 99.99, 0.969584, 0.191734, 293.747
5932, 0, 0.420792, 4.93854e-06, 0, 0, 0, 0, 0, 0.420797, 0, 0, 99.99, 0.969648, 0.191959, 293.748
5933, 0, 0.421036, 2.80198e-06, 0, 0, 0, 0, 0, 0.421038, 0, 0, 99.99, 0.969712, 0.192049, 293.749
5934, 0, 0.421275, 1.30375e-06, 0, 0, 0, 0, 0, 0.421277, 0, 0, 99.99, 0.969776, 0.191353, 293.749
5935, 0, 0.421511, 5.69954e-07, 0, 0, 0, 0, 0, 0.421511, 0, 0, 99.99, 0.96984, 0.189791, 293.75
5936, 0, 0.421742, 5.08879e-07, 0, 0, 0, 0, 0, 0.421743, 0, 0, 99.99, 0.969904, 0.188608, 293.75
5937, 0, 0.421972, 7.04315e-07, 0, 0, 0, 0, 0, 0.421973, 0, 0, 99.99, 0.969968, 0.188084, 293.75
5938, 0, 0.422203, 8.35569e-07, 0, 0, 0, 0, 0, 0.422204, 0, 0, 99.99, 0.970032, 0.18813, 293.75
5939, 0, 0.422433, 9.96622e-07, 0, 0, 0, 0, 0, 0.422434, 0, 0, 99.99, 0.970096, 0.189566, 293.75
5940, 0, 0.422664, 1.0823e-06, 0, 0, 0, 0, 0, 0.422665, 0, 0, 99.99, 0.97016, 0.190498, 293.75
5941, 0, 0.422893, 1.28372e-06, 0, 0, 0, 0, 0, 0.422895, 0, 0, 99.99, 0.970224, 0.18976, 293.749
5942, 0, 0.423118, 2.47717e-06, 0, 0, 0, 0, 0, 0.42312, 0, 0, 99.99, 0.970288, 0.188895, 293.749
5943, 0, 0.423336, 4.64946e-06, 0, 0, 0, 0, 0, 0.423341, 0, 0, 99.99, 0.970352, 0.189301, 293.748
5944, 0, 0.423554, 6.9864e-06, 0, 0, 0, 0, 0, 0.423561, 0, 0, 99.99, 0.970416, 0.189906, 293.747
5945, 0, 0.423769, 9.79325e-06, 0, 0, 0, 0, 0, 0.423778, 0, 0, 99.99, 0.97048, 0.190039, 293.746
5946, 0, 0.423982, 1.28427e-05, 0, 0, 0, 0, 0, 0.423995, 0, 0, 99.99, 0.970544, 0.189989, 293.745
5947, 0, 0.424206, 1.40295e-05, 0, 0, 0, 0, 0, 0.42422, 0, 0, 99.99, 0.970608, 0.18929, 293.744
5948, 0, 0.424447, 1.23868e-05, 0, 0, 0, 0, 0, 0.424459, 0, 0, 99.99, 0.970672, 0.18818, 293.745
5949, 0, 0.424698, 8.89533e-06, 0, 0, 0, 0, 0, 0.424707, 0, 0, 99.99, 0.970736, 0.188072, 293.746
5950, 0, 0.424949, 5.44919e-06, 0, 0, 0, 0, 0, 0.424954, 0, 0, 99.99, 0.9708, 0.189014, 293.748
5951, 0, 0.425189, 3.79274e-06, 0, 0, 0, 0, 0, 0.425193, 0, 0, 99.99, 0.970864, 0.189617, 293.748
5952, 0, 0.42542, 3.82601e-06, 0, 0, 0, 0, 0, 0.425424, 0, 0, 99.99, 0.970928, 0.189548, 293.748
5953, 0, 0.425644, 5.02587e-06, 0, 0, 0, 0, 0, 0.425649, 0, 0, 99.99, 0.970992, 0.18913, 293.748
5954, 0, 0.425854, 8.59875e-06, 0, 0, 0, 0, 0, 0.425863, 0, 0, 99.99, 0.971056, 0.188284, 293.747
5955, 0, 0.426053, 1.42349e-05, 0, 0, 0, 0, 0, 0.426067, 0, 0, 99.99, 0.97112, 0.186084, 293.744
5956, 0, 0.426248, 2.03396e-05, 0, 0, 0, 0, 0, 0.426269, 0, 0, 99.99, 0.971184, 0.182251, 293.742
5957, 0, 0.426451, 2.52428e-05, 0, 0, 0, 0, 0, 0.426476, 0, 0, 99.99, 0.971248, 0.180377, 293.74
5958, 0, 0.426671, 2.70469e-05, 0, 0, 0, 0, 0, 0.426698, 0, 0, 99.99, 0.971312, 0.182586, 293.739
5959, 0, 0.426914, 2.50174e-05, 0, 0, 0, 0, 0, 0.426939, 0, 0, 99.99, 0.971376, 0.185167, 293.74
5960, 0, 0.427167, 2.12476e-05, 0, 0, 0, 0, 0, 0.427188, 0, 0, 99.99, 0.97144, 0.186159, 293.741
5961, 0, 0.427406, 1.98055e-05, 0, 0, 0, 0, 0, 0.427425, 0, 0, 99.99, 0.971504, 0.186459, 293.742
5962, 0, 0.427635, 1.99984e-05, 0, 0, 0, 0, 0, 0.427655, 0, 0, 99.99, 0.971568, 0.186716, 293.742
5963, 0, 0.427873, 1.87723e-05, 0, 0, 0, 0, 0, 0.427892, 0, 0, 99.99, 0.971632, 0.186924, 293.742
5964, 0, 0.428122, 1.57589e-05, 0, 0, 0, 0, 0, 0.428137, 0, 0, 99.99, 0.971696, 0.186729, 293.744
5965, 0, 0.428376, 1.16925e-05, 0, 0, 0, 0, 0, 0.428388, 0, 0, 99.99, 0.97176, 0.186789, 293.745
5966, 0, 0.428631, 7.44493e-06, 0, 0, 0, 0, 0, 0.428639, 0, 0, 99.99, 0.971824, 0.187053, 293.747
5967, 0, 0.428883, 3.83695e-06, 0, 0, 0, 0, 0, 0.428887, 0, 0, 99.99, 0.971888, 0.186821, 293.748
5968, 0, 0.429127, 1.54718e-06, 0, 0, 0, 0, 0, 0.429129, 0, 0, 99.99, 0.971952, 0.186854, 293.749
5969, 0, 0.429362, 7.86246e-07, 0, 0, 0, 0, 0, 0.429363, 0, 0, 99.99, 0.972016, 0.187232, 293.75
5970, 0, 0.429589, 1.43564e-06, 0, 0, 0, 0, 0, 0.429591, 0, 0, 99.99, 0.97208, 0.18714, 293.749
5971, 0, 0.429808, 3.48654e-06, 0, 0, 0, 0, 0, 0.429812, 0, 0, 99.99, 0.972144, 0.186693, 293.749
5972, 0, 0.43002, 6.68249e-06, 0, 0, 0, 0, 0, 0.430027, 0, 0, 99.99, 0.972208, 0.186685, 293.747
5973, 0, 0.430229, 1.0454e-05, 0, 0, 0, 0, 0, 0.430239, 0, 0, 99.99, 0.972272, 0.187002, 293.746
5974, 0, 0.430438, 1.42158e-05, 0, 0, 0, 0, 0, 0.430452, 0, 0, 99.99, 0.972336, 0.186907, 293.744
5975, 0, 0.43065, 1.72975e-05, 0, 0, 0, 0, 0, 0.430668, 0, 0, 99.99, 0.9724, 0.186417, 293.743
5976, 0, 0.430871, 1.90185e-05, 0, 0, 0, 0, 0, 0.43089, 0, 0, 99.99, 0.972464, 0.185803, 293.742
5977, 0, 0.431104, 1.86184e-05, 0, 0, 0, 0, 0, 0.431123, 0, 0, 99.99, 0.972528, 0.184684, 293.743
5978, 0, 0.431352, 1.55731e-05, 0, 0, 0, 0, 0, 0.431368, 0, 0, 99.99, 0.972592, 0.183575, 293.744
5979, 0, 0.431607, 1.14721e-05, 0, 0, 0, 0, 0, 0.431618, 0, 0, 99.99, 0.972656, 0.183821, 293.745
5980, 0, 0.431855, 8.54506e-06, 0, 0, 0, 0, 0, 0.431863, 0, 0, 99.99, 0.97272, 0.184445, 293.747
5981, 0, 0.432101, 5.89448e-06, 0, 0, 0, 0, 0, 0.432106, 0, 0, 99.99, 0.972784, 0.184144, 293.748
5982, 0, 0.432346, 3.28711e-06, 0, 0, 0, 0, 0, 0.43235, 0, 0, 99.99, 0.972848, 0.184192, 293.749
5983, 0, 0.43258, 2.78431e-06, 0, 0, 0, 0, 0, 0.432583, 0, 0, 99.99, 0.972912, 0.185149, 293.749
5984, 0, 0.432798, 4.86738e-06, 0, 0, 0, 0, 0, 0.432803, 0, 0, 99.99, 0.972976, 0.185609, 293.748
5985, 0, 0.433013, 7.53814e-06, 0, 0, 0, 0, 0, 0.433021, 0, 0, 99.99, 0.97304, 0.18512, 293.747
5986, 0, 0.433237, 8.61626e-06, 0, 0, 0, 0, 0, 0.433246, 0, 0, 99.99, 0.973104, 0.18422, 293.747
5987, 0, 0.433474, 7.51737e-06, 0, 0, 0, 0, 0, 0.433482, 0, 0, 99.99, 0.973168, 0.183818, 293.747
5988, 0, 0.433719, 5.08744e-06, 0, 0, 0, 0, 0, 0.433724, 0, 0, 99.99, 0.973232, 0.184437, 293.748
5989, 0, 0.433964, 2.63087e-06, 0, 0, 0, 0, 0, 0.433967, 0, 0, 99.99, 0.973296, 0.185128, 293.749
5990, 0, 0.434203, 1.18325e-06, 0, 0, 0, 0, 0, 0.434204, 0, 0, 99.99, 0.97336, 0.185273, 293.75
5991, 0, 0.434433, 1.14578e-06, 0, 0, 0, 0, 0, 0.434435, 0, 0, 99.99, 0.973424, 0.185156, 293.75
5992, 0, 0.434659, 2.04813e-06, 0, 0, 0, 0, 0, 0.434661, 0, 0, 99.99, 0.973488, 0.184913, 293.749
5993, 0, 0.434885, 2.82145e-06, 0, 0, 0, 0, 0, 0.434887, 0, 0, 99.99, 0.973552, 0.184315, 293.749
5994, 0, 0.43511, 3.72506e-06, 0, 0, 0, 0, 0, 0.435113, 0, 0, 99.99, 0.973616, 0.183422, 293.749
5995, 0, 0.435322, 6.7761e-06, 0, 0, 0, 0, 0, 0.435329, 0, 0, 99.99, 0.97368, 0.183189, 293.747
5996, 0, 0.435521, 1.21643e-05, 0, 0, 0, 0, 0, 0.435533, 0, 0, 99.99, 0.973744, 0.183556, 293.745
5997, 0, 0.435718, 1.79181e-05, 0, 0, 0, 0, 0, 0.435736, 0, 0, 99.99, 0.973808, 0.18339, 293.743
5998, 0, 0.43592, 2.2714e-05, 0, 0, 0, 0, 0, 0.435943, 0, 0, 99.99, 0.973871, 0.182254, 293.741
5999, 0, 0.43613, 2.61898e-05, 0, 0, 0, 0, 0, 0.436157, 0, 0, 99.99, 0.97393, 0.181211, 293.74
6000, 0, 0.436346, 2.87324e-05, 0, 0, 0, 0, 0, 0.436375, 0, 0, 99.99, 0.973975, 0.181392, 293.739
6001, 0, 0.436563, 3.09503e-05, 0, 0, 0, 0, 0, 0.436594, 0, 0, 99.99, 0.974, 0.182038, 293.738
6002, 0, 0.436785, 3.23438e-05, 0, 0, 0, 0, 0, 0.436818, 0, 0, 99.99, 0.974011, 0.182331, 293.737
6003, 0, 0.437015, 3.24232e-05, 0, 0, 0, 0, 0, 0.437047, 0, 0, 99.99, 0.974018, 0.182175, 293.737
6004, 0, 0.437249, 3.18014e-05, 0, 0, 0, 0, 0, 0.437281, 0, 0, 99.99, 0.974024, 0.181876, 293.737
6005, 0, 0.437487, 3.05578e-05, 0, 0, 0, 0, 0, 0.437517, 0, 0, 99.99, 0.97403, 0.182197, 293.738
6006, 0, 0.437727, 2.88115e-05, 0, 0, 0, 0, 0, 0.437756, 0, 0, 99.99, 0.974036, 0.182491, 293.739
6007, 0, 0.437967, 2.71296e-05, 0, 0, 0, 0, 0, 0.437994, 0, 0, 99.99, 0.974042, 0.182435, 293.739
6008, 0, 0.438214, 2.43354e-05, 0, 0, 0, 0, 0, 0.438238, 0, 0, 99.99, 0.974048, 0.182412, 293.74
6009, 0, 0.43847, 1.99228e-05, 0, 0, 0, 0, 0, 0.438489, 0, 0, 99.99, 0.974054, 0.182027, 293.742
6010, 0, 0.438729, 1.49581e-05, 0, 0, 0, 0, 0, 0.438744, 0, 0, 99.99, 0.97406, 0.181786, 293.744
6011, 0, 0.438987, 1.01049e-05, 0, 0, 0, 0, 0, 0.438997, 0, 0, 99.99, 0.974066, 0.182182, 293.746
6012, 0, 0.439243, 5.70744e-06, 0, 0, 0, 0, 0, 0.439249, 0, 0, 99.99, 0.974072, 0.182324, 293.748
6013, 0, 0.439491, 2.64013e-06, 0, 0, 0, 0, 0, 0.439493, 0, 0, 99.99, 0.974078, 0.181857, 293.749
6014, 0, 0.439726, 1.71672e-06, 0, 0, 0, 0, 0, 0.439728, 0, 0, 99.99, 0.974084, 0.181503, 293.749
6015, 0, 0.439948, 3.14049e-06, 0, 0, 0, 0, 0, 0.439951, 0, 0, 99.99, 0.97409, 0.181636, 293.749
6016, 0, 0.44016, 6.25446e-06, 0, 0, 0, 0, 0, 0.440166, 0, 0, 99.99, 0.974096, 0.181487, 293.748
6017, 0, 0.440373, 9.25584e-06, 0, 0, 0, 0, 0, 0.440382, 0, 0, 99.99, 0.974102, 0.180955, 293.746
6018, 0, 0.440597, 1.02428e-05, 0, 0, 0, 0, 0, 0.440607, 0, 0, 99.99, 0.974108, 0.180711, 293.746
6019, 0, 0.440822, 1.11166e-05, 0, 0, 0, 0, 0, 0.440833, 0, 0, 99.99, 0.974114, 0.180373, 293.746
6020, 0, 0.441024, 1.59579e-05, 0, 0, 0, 0, 0, 0.44104, 0, 0, 99.99, 0.97412, 0.179722, 293.744
6021, 0, 0.441215, 2.27711e-05, 0, 0, 0, 0, 0, 0.441237, 0, 0, 99.99, 0.974126, 0.179382, 293.741
6022, 0, 0.441417, 2.75237e-05, 0, 0, 0, 0, 0, 0.441445, 0, 0, 99.99, 0.974132, 0.179098, 293.739
6023, 0, 0.441628, 3.07837e-05, 0, 0, 0, 0, 0, 0.441659, 0, 0, 99.99, 0.974138, 0.179412, 293.738
6024, 0, 0.441843, 3.35168e-05, 0, 0, 0, 0, 0, 0.441876, 0, 0, 99.99, 0.974144, 0.180185, 293.737
6025, 0, 0.442063, 3.51206e-05, 0, 0, 0, 0, 0, 0.442098, 0, 0, 99.99, 0.97415, 0.180189, 293.736
6026, 0, 0.442291, 3.55214e-05, 0, 0, 0, 0, 0, 0.442327, 0, 0, 99.99, 0.974156, 0.179407, 293.736
6027, 0, 0.442525, 3.48973e-05, 0, 0, 0, 0, 0, 0.442559, 0, 0, 99.99, 0.974162, 0.179296, 293.736
6028, 0, 0.442761, 3.36997e-05, 0, 0, 0, 0, 0, 0.442795, 0, 0, 99.99, 0.974168, 0.180062, 293.737
6029, 0, 0.442996, 3.2854e-05, 0, 0, 0, 0, 0, 0.443029, 0, 0, 99.99, 0.974174, 0.180482, 293.737
6030, 0, 0.443231, 3.20782e-05, 0, 0, 0, 0, 0, 0.443263, 0, 0, 99.99, 0.97418, 0.180281, 293.738
6031, 0, 0.443471, 3.03548e-05, 0, 0, 0, 0, 0, 0.443501, 0, 0, 99.99, 0.974186, 0.179688, 293.738
6032, 0, 0.44372, 2.70081e-05, 0, 0, 0, 0, 0, 0.443747, 0, 0, 99.99, 0.974192, 0.178959, 293.74
6033, 0, 0.443979, 2.18194e-05, 0, 0, 0, 0, 0, 0.444001, 0, 0, 99.99, 0.974198, 0.178604, 293.742
6034, 0, 0.44424, 1.64618e-05, 0, 0, 0, 0, 0, 0.444256, 0, 0, 99.99, 0.974204, 0.178855, 293.744
6035, 0, 0.444486, 1.36561e-05, 0, 0, 0, 0, 0, 0.444499, 0, 0, 99.99, 0.97421, 0.179231, 293.745
6036, 0, 0.444716, 1.35076e-05, 0, 0, 0, 0, 0, 0.44473, 0, 0, 99.99, 0.974216, 0.179488, 293.745
6037, 0, 0.444948, 1.30953e-05, 0, 0, 0, 0, 0, 0.444961, 0, 0, 99.99, 0.974222, 0.179591, 293.745
6038, 0, 0.445183, 1.2233e-05, 0, 0, 0, 0, 0, 0.445195, 0, 0, 99.99, 0.974228, 0.179543, 293.745
6039, 0, 0.445417, 1.14143e-05, 0, 0, 0, 0, 0, 0.445429, 0, 0, 99.99, 0.974234, 0.179255, 293.746
6040, 0, 0.445658, 9.5474e-06, 0, 0, 0, 0, 0, 0.445667, 0, 0, 99.99, 0.97424, 0.178257, 293.746
6041, 0, 0.445903, 6.85078e-06, 0, 0, 0, 0, 0, 0.44591, 0, 0, 99.99, 0.974246, 0.176713, 293.747
6042, 0, 0.446148, 4.19305e-06, 0, 0, 0, 0, 0, 0.446152, 0, 0, 99.99, 0.974252, 0.176107, 293.748
6043, 0, 0.446389, 2.13901e-06, 0, 0, 0, 0, 0, 0.446391, 0, 0, 99.99, 0.974258, 0.176519, 293.749
6044, 0, 0.446624, 1.11342e-06, 0, 0, 0, 0, 0, 0.446625, 0, 0, 99.99, 0.974264, 0.177027, 293.75
6045, 0, 0.446854, 1.06033e-06, 0, 0, 0, 0, 0, 0.446855, 0, 0, 99.99, 0.97427, 0.177665, 293.75
6046, 0, 0.447083, 1.16006e-06, 0, 0, 0, 0, 0, 0.447084, 0, 0, 99.99, 0.974276, 0.177997, 293.75
6047, 0, 0.447314, 8.61466e-07, 0, 0, 0, 0, 0, 0.447315, 0, 0, 99.99, 0.974282, 0.177662, 293.75
6048, 0, 0.447546, 4.47287e-07, 0, 0, 0, 0, 0, 0.447547, 0, 0, 99.99, 0.974288, 0.177106, 293.75
6049, 0, 0.447776, 2.98385e-07, 0, 0, 0, 0, 0, 0.447777, 0, 0, 99.99, 0.974294, 0.176813, 293.75
6050, 0, 0.448006, 3.32661e-07, 0, 0, 0, 0, 0, 0.448006, 0, 0, 99.99, 0.9743, 0.177201, 293.75
6051, 0, 0.448235, 3.46506e-07, 0, 0, 0, 0, 0, 0.448235, 0, 0, 99.99, 0.974306, 0.177638, 293.75
6052, 0, 0.448463, 5.31715e-07, 0, 0, 0, 0, 0, 0.448464, 0, 0, 99.99, 0.974312, 0.177531, 293.75
6053, 0, 0.448689, 1.23923e-06, 0, 0, 0, 0, 0, 0.44869, 0, 0, 99.99, 0.974318, 0.17708, 293.75
6054, 0, 0.448911, 2.53243e-06, 0, 0, 0, 0, 0, 0.448913, 0, 0, 99.99, 0.974324, 0.176788, 293.749
6055, 0, 0.44913, 4.24711e-06, 0, 0, 0, 0, 0, 0.449135, 0, 0, 99.99, 0.97433, 0.176635, 293.748
6056, 0, 0.449349, 6.17785e-06, 0, 0, 0, 0, 0, 0.449355, 0, 0, 99.99, 0.974336, 0.176559, 293.748
6057, 0, 0.449567, 8.1526e-06, 0, 0, 0, 0, 0, 0.449575, 0, 0, 99.99, 0.974342, 0.176849, 293.747
6058, 0, 0.449786, 1.0024e-05, 0, 0, 0, 0, 0, 0.449796, 0, 0, 99.99, 0.974348, 0.177123, 293.746
6059, 0, 0.450007, 1.14832e-05, 0, 0, 0, 0, 0, 0.450018, 0, 0, 99.99, 0.974354, 0.177154, 293.746
6060, 0, 0.450232, 1.21011e-05, 0, 0, 0, 0, 0, 0.450245, 0, 0, 99.99, 0.97436, 0.176976, 293.745
6061, 0, 0.450463, 1.18135e-05, 0, 0, 0, 0, 0, 0.450475, 0, 0, 99.99, 0.974366, 0.176456, 293.746
6062, 0, 0.450696, 1.11648e-05, 0, 0, 0, 0, 0, 0.450707, 0, 0, 99.99, 0.974372, 0.175496, 293.746
6063, 0, 0.45093, 1.04059e-05, 0, 0, 0, 0, 0, 0.45094, 0, 0, 99.99, 0.974378, 0.174426, 293.746
6064, 0, 0.451168, 8.86449e-06, 0, 0, 0, 0, 0, 0.451177, 0, 0, 99.99, 0.974384, 0.173996, 293.747
6065, 0, 0.451412, 6.14868e-06, 0, 0, 0, 0, 0, 0.451418, 0, 0, 99.99, 0.97439, 0.17441, 293.748
6066, 0, 0.451657, 3.36776e-06, 0, 0, 0, 0, 0, 0.45166, 0, 0, 99.99, 0.974396, 0.174612, 293.749
6067, 0, 0.451893, 2.08593e-06, 0, 0, 0, 0, 0, 0.451895, 0, 0, 99.99, 0.974402, 0.174448, 293.749
6068, 0, 0.452122, 2.13352e-06, 0, 0, 0, 0, 0, 0.452124, 0, 0, 99.99, 0.974408, 0.174809, 293.749
6069, 0, 0.452352, 2.00115e-06, 0, 0, 0, 0, 0, 0.452354, 0, 0, 99.99, 0.974414, 0.175477, 293.749
6070, 0, 0.452582, 1.73876e-06, 0, 0, 0, 0, 0, 0.452584, 0, 0, 99.99, 0.97442, 0.175625, 293.749
6071, 0, 0.452808, 2.3368e-06, 0, 0, 0, 0, 0, 0.452811, 0, 0, 99.99, 0.974426, 0.17505, 293.749
6072, 0, 0.453032, 3.16392e-06, 0, 0, 0, 0, 0, 0.453036, 0, 0, 99.99, 0.974432, 0.17433, 293.749
6073, 0, 0.453263, 2.96992e-06, 0, 0, 0, 0, 0, 0.453266, 0, 0, 99.99, 0.974438, 0.174237, 293.749
6074, 0, 0.453498, 1.87732e-06, 0, 0, 0, 0, 0, 0.4535, 0, 0, 99.99, 0.974444, 0.174716, 293.749
6075, 0, 0.453732, 9.86558e-07, 0, 0, 0, 0, 0, 0.453733, 0, 0, 99.99, 0.97445, 0.175148, 293.75
6076, 0, 0.453959, 1.15493e-06, 0, 0, 0, 0, 0, 0.453961, 0, 0, 99.99, 0.974456, 0.175232, 293.75
6077, 0, 0.45418, 2.6176e-06, 0, 0, 0, 0, 0, 0.454183, 0, 0, 99.99, 0.974462, 0.175065, 293.749
6078, 0, 0.454395, 5.17365e-06, 0, 0, 0, 0, 0, 0.4544, 0, 0, 99.99, 0.974468, 0.174616, 293.748
6079, 0, 0.454606, 8.42421e-06, 0, 0, 0, 0, 0, 0.454614, 0, 0, 99.99, 0.974474, 0.174092, 293.747
6080, 0, 0.454814, 1.2052e-05, 0, 0, 0, 0, 0, 0.454826, 0, 0, 99.99, 0.97448, 0.174014, 293.746
6081, 0, 0.455021, 1.59381e-05, 0, 0, 0, 0, 0, 0.455037, 0, 0, 99.99, 0.974486, 0.174109, 293.744
6082, 0, 0.455228, 1.98202e-05, 0, 0, 0, 0, 0, 0.455248, 0, 0, 99.99, 0.974492, 0.174082, 293.743
6083, 0, 0.455438, 2.32904e-05, 0, 0, 0, 0, 0, 0.455461, 0, 0, 99.99, 0.974498, 0.173768, 293.741
6084, 0, 0.455651, 2.6141e-05, 0, 0, 0, 0, 0, 0.455677, 0, 0, 99.99, 0.974504, 0.1729, 293.74
6085, 0, 0.455867, 2.83294e-05, 0, 0, 0, 0, 0, 0.455896, 0, 0, 99.99, 0.97451, 0.172045, 293.74
6086, 0, 0.456094, 2.88103e-05, 0, 0, 0, 0, 0, 0.456122, 0, 0, 99.99, 0.974516, 0.172114, 293.739
6087, 0, 0.456341, 2.5491e-05, 0, 0, 0, 0, 0, 0.456366, 0, 0, 99.99, 0.974522, 0.172689, 293.741
6088, 0, 0.456604, 1.93031e-05, 0, 0, 0, 0, 0, 0.456623, 0, 0, 99.99, 0.974528, 0.172447, 293.743
6089, 0, 0.456844, 1.73384e-05, 0, 0, 0, 0, 0, 0.456861, 0, 0, 99.99, 0.974534, 0.171925, 293.744
6090, 0, 0.45704, 2.31938e-05, 0, 0, 0, 0, 0, 0.457063, 0, 0, 99.99, 0.97454, 0.172259, 293.742
6091, 0, 0.457224, 3.11258e-05, 0, 0, 0, 0, 0, 0.457256, 0, 0, 99.99, 0.974546, 0.172845, 293.739
6092, 0, 0.457427, 3.57534e-05, 0, 0, 0, 0, 0, 0.457463, 0, 0, 99.99, 0.974552, 0.172956, 293.737
6093, 0, 0.457655, 3.59304e-05, 0, 0, 0, 0, 0, 0.457691, 0, 0, 99.99, 0.974558, 0.172712, 293.737
6094, 0, 0.457908, 3.14344e-05, 0, 0, 0, 0, 0, 0.45794, 0, 0, 99.99, 0.974564, 0.172298, 293.739
6095, 0, 0.458185, 2.2842e-05, 0, 0, 0, 0, 0, 0.458208, 0, 0, 99.99, 0.97457, 0.172066, 293.742
6096, 0, 0.458453, 1.56395e-05, 0, 0, 0, 0, 0, 0.458469, 0, 0, 99.99, 0.974576, 0.172335, 293.744
6097, 0, 0.458676, 1.66405e-05, 0, 0, 0, 0, 0, 0.458693, 0, 0, 99.99, 0.974582, 0.172691, 293.744
6098, 0, 0.458866, 2.36214e-05, 0, 0, 0, 0, 0, 0.45889, 0, 0, 99.99, 0.974588, 0.172743, 293.741
6099, 0, 0.459067, 2.86289e-05, 0, 0, 0, 0, 0, 0.459096, 0, 0, 99.99, 0.974594, 0.172601, 293.74
6100, 0, 0.459295, 2.86688e-05, 0, 0, 0, 0, 0, 0.459324, 0, 0, 99.99, 0.9746, 0.172319, 293.74
6101, 0, 0.45954, 2.56159e-05, 0, 0, 0, 0, 0, 0.459566, 0, 0, 99.99, 0.974606, 0.17184, 293.741
6102, 0, 0.459794, 2.10288e-05, 0, 0, 0, 0, 0, 0.459815, 0, 0, 99.99, 0.974612, 0.171327, 293.742
6103, 0, 0.460056, 1.50226e-05, 0, 0, 0, 0, 0, 0.460071, 0, 0, 99.99, 0.974618, 0.171153, 293.745
6104, 0, 0.460314, 9.60301e-06, 0, 0, 0, 0, 0, 0.460323, 0, 0, 99.99, 0.974624, 0.171346, 293.747
6105, 0, 0.460562, 6.07234e-06, 0, 0, 0, 0, 0, 0.460568, 0, 0, 99.99, 0.97463, 0.171219, 293.748
6106, 0, 0.460804, 3.54311e-06, 0, 0, 0, 0, 0, 0.460807, 0, 0, 99.99, 0.974636, 0.170553, 293.749
6107, 0, 0.461036, 2.80519e-06, 0, 0, 0, 0, 0, 0.461039, 0, 0, 99.99, 0.974642, 0.170112, 293.749
6108, 0, 0.461257, 4.2276e-06, 0, 0, 0, 0, 0, 0.461261, 0, 0, 99.99, 0.974648, 0.170115, 293.748
6109, 0, 0.461476, 5.79812e-06, 0, 0, 0, 0, 0, 0.461482, 0, 0, 99.99, 0.974654, 0.170273, 293.748
6110, 0, 0.461704, 5.77418e-06, 0, 0, 0, 0, 0, 0.46171, 0, 0, 99.99, 0.97466, 0.170562, 293.748
6111, 0, 0.461941, 4.30596e-06, 0, 0, 0, 0, 0, 0.461945, 0, 0, 99.99, 0.974666, 0.170444, 293.748
6112, 0, 0.462179, 2.45755e-06, 0, 0, 0, 0, 0, 0.462181, 0, 0, 99.99, 0.974672, 0.169866, 293.749
6113, 0, 0.462414, 1.10358e-06, 0, 0, 0, 0, 0, 0.462415, 0, 0, 99.99, 0.974678, 0.169625, 293.75
6114, 0, 0.462645, 5.7136e-07, 0, 0, 0, 0, 0, 0.462646, 0, 0, 99.99, 0.974684, 0.169974, 293.75
6115, 0, 0.462873, 5.97414e-07, 0, 0, 0, 0, 0, 0.462874, 0, 0, 99.99, 0.97469, 0.170434, 293.75
6116, 0, 0.4631, 9.22367e-07, 0, 0, 0, 0, 0, 0.4631, 0, 0, 99.99, 0.974696, 0.170646, 293.75
6117, 0, 0.463321, 2.03228e-06, 0, 0, 0, 0, 0, 0.463323, 0, 0, 99.99, 0.974702, 0.17045, 293.749
6118, 0, 0.463536, 4.42091e-06, 0, 0, 0, 0, 0, 0.463541, 0, 0, 99.99, 0.974708, 0.169911, 293.748
6119, 0, 0.463745, 7.84612e-06, 0, 0, 0, 0, 0, 0.463753, 0, 0, 99.99, 0.974714, 0.169575, 293.747
6120, 0, 0.463952, 1.18303e-05, 0, 0, 0, 0, 0, 0.463964, 0, 0, 99.99, 0.97472, 0.16963, 293.746
6121, 0, 0.464157, 1.60557e-05, 0, 0, 0, 0, 0, 0.464173, 0, 0, 99.99, 0.974726, 0.169702, 293.744
6122, 0, 0.464361, 2.03308e-05, 0, 0, 0, 0, 0, 0.464381, 0, 0, 99.99, 0.974732, 0.169764, 293.743
6123, 0, 0.464566, 2.44907e-05, 0, 0, 0, 0, 0, 0.464591, 0, 0, 99.99, 0.974738, 0.169745, 293.741
6124, 0, 0.464773, 2.83162e-05, 0, 0, 0, 0, 0, 0.464802, 0, 0, 99.99, 0.974744, 0.169684, 293.74
6125, 0, 0.464985, 3.12888e-05, 0, 0, 0, 0, 0, 0.465016, 0, 0, 99.99, 0.97475, 0.169594, 293.739
6126, 0, 0.465205, 3.26513e-05, 0, 0, 0, 0, 0, 0.465238, 0, 0, 99.99, 0.974756, 0.169172, 293.739
6127, 0, 0.465428, 3.35512e-05, 0, 0, 0, 0, 0, 0.465462, 0, 0, 99.99, 0.974762, 0.168505, 293.738
6128, 0, 0.46564, 3.65708e-05, 0, 0, 0, 0, 0, 0.465676, 0, 0, 99.99, 0.974768, 0.16799, 293.737
6129, 0, 0.465846, 4.06284e-05, 0, 0, 0, 0, 0, 0.465886, 0, 0, 99.99, 0.974774, 0.167829, 293.736
6130, 0, 0.466057, 4.3649e-05, 0, 0, 0, 0, 0, 0.466101, 0, 0, 99.99, 0.97478, 0.167699, 293.735
6131, 0, 0.466272, 4.60692e-05, 0, 0, 0, 0, 0, 0.466318, 0, 0, 99.99, 0.974786, 0.167637, 293.734
6132, 0, 0.46649, 4.77019e-05, 0, 0, 0, 0, 0, 0.466538, 0, 0, 99.99, 0.974792, 0.168207, 293.733
6133, 0, 0.466716, 4.81418e-05, 0, 0, 0, 0, 0, 0.466764, 0, 0, 99.99, 0.974798, 0.16863, 293.733
6134, 0, 0.466947, 4.75302e-05, 0, 0, 0, 0, 0, 0.466994, 0, 0, 99.99, 0.974804, 0.168303, 293.733
6135, 0, 0.467184, 4.58109e-05, 0, 0, 0, 0, 0, 0.46723, 0, 0, 99.99, 0.97481, 0.167683, 293.734
6136, 0, 0.46743, 4.24358e-05, 0, 0, 0, 0, 0, 0.467472, 0, 0, 99.99, 0.974816, 0.167516, 293.735
6137, 0, 0.46769, 3.64169e-05, 0, 0, 0, 0, 0, 0.467726, 0, 0, 99.99, 0.974822, 0.167628, 293.737
6138, 0, 0.46796, 2.85204e-05, 0, 0, 0, 0, 0, 0.467989, 0, 0, 99.99, 0.974828, 0.167742, 293.74
6139, 0, 0.468221, 2.23419e-05, 0, 0, 0, 0, 0, 0.468244, 0, 0, 99.99, 0.974834, 0.167948, 293.742
6140, 0, 0.468474, 1.77491e-05, 0, 0, 0, 0, 0, 0.468491, 0, 0, 99.99, 0.97484, 0.167904, 293.744
6141, 0, 0.468732, 1.19291e-05, 0, 0, 0, 0, 0, 0.468744, 0, 0, 99.99, 0.974846, 0.167375, 293.746
6142, 0, 0.468991, 6.15696e-06, 0, 0, 0, 0, 0, 0.468997, 0, 0, 99.99, 0.974852, 0.166818, 293.748
6143, 0, 0.469234, 3.35338e-06, 0, 0, 0, 0, 0, 0.469237, 0, 0, 99.99, 0.974858, 0.166955, 293.749
6144, 0, 0.469453, 4.90222e-06, 0, 0, 0, 0, 0, 0.469458, 0, 0, 99.99, 0.974864, 0.167448, 293.748
6145, 0, 0.469651, 1.02115e-05, 0, 0, 0, 0, 0, 0.469661, 0, 0, 99.99, 0.97487, 0.16764, 293.746
6146, 0, 0.46984, 1.74011e-05, 0, 0, 0, 0, 0, 0.469857, 0, 0, 99.99, 0.974876, 0.167583, 293.744
6147, 0, 0.47003, 2.43562e-05, 0, 0, 0, 0, 0, 0.470054, 0, 0, 99.99, 0.974882, 0.167453, 293.742
6148, 0, 0.470231, 2.92645e-05, 0, 0, 0, 0, 0, 0.47026, 0, 0, 99.99, 0.974888, 0.167268, 293.74
6149, 0, 0.470449, 3.083e-05, 0, 0, 0, 0, 0, 0.47048, 0, 0, 99.99, 0.974894, 0.166805, 293.739
6150, 0, 0.470685, 2.92459e-05, 0, 0, 0, 0, 0, 0.470714, 0, 0, 99.99, 0.9749, 0.165772, 293.74
6151, 0, 0.470926, 2.66445e-05, 0, 0, 0, 0, 0, 0.470953, 0, 0, 99.99, 0.974906, 0.164892, 293.741
6152, 0, 0.471159, 2.55332e-05, 0, 0, 0, 0, 0, 0.471185, 0, 0, 99.99, 0.974912, 0.165129, 293.741
6153, 0, 0.471391, 2.46291e-05, 0, 0, 0, 0, 0, 0.471416, 0, 0, 99.99, 0.974918, 0.165704, 293.742
6154, 0, 0.471634, 2.167e-05, 0, 0, 0, 0, 0, 0.471656, 0, 0, 99.99, 0.974924, 0.165825, 293.743
6155, 0, 0.471885, 1.73048e-05, 0, 0, 0, 0, 0, 0.471902, 0, 0, 99.99, 0.97493, 0.165828, 293.744
6156, 0, 0.472138, 1.25303e-05, 0, 0, 0, 0, 0, 0.47215, 0, 0, 99.99, 0.974936, 0.165836, 293.746
6157, 0, 0.47239, 7.77273e-06, 0, 0, 0, 0, 0, 0.472398, 0, 0, 99.99, 0.974942, 0.165837, 293.747
6158, 0, 0.472638, 3.86551e-06, 0, 0, 0, 0, 0, 0.472642, 0, 0, 99.99, 0.974948, 0.165639, 293.749
6159, 0, 0.472876, 1.84331e-06, 0, 0, 0, 0, 0, 0.472878, 0, 0, 99.99, 0.974954, 0.1654, 293.749
6160, 0, 0.473102, 2.04401e-06, 0, 0, 0, 0, 0, 0.473104, 0, 0, 99.99, 0.97496, 0.165476, 293.749
6161, 0, 0.473321, 3.52387e-06, 0, 0, 0, 0, 0, 0.473324, 0, 0, 99.99, 0.974966, 0.165374, 293.749
6162, 0, 0.473541, 4.70096e-06, 0, 0, 0, 0, 0, 0.473546, 0, 0, 99.99, 0.974972, 0.165024, 293.748
6163, 0, 0.473759, 6.39851e-06, 0, 0, 0, 0, 0, 0.473765, 0, 0, 99.99, 0.974978, 0.165112, 293.748
6164, 0, 0.473961, 1.11201e-05, 0, 0, 0, 0, 0, 0.473972, 0, 0, 99.99, 0.974984, 0.165374, 293.746
6165, 0, 0.474155, 1.7106e-05, 0, 0, 0, 0, 0, 0.474173, 0, 0, 99.99, 0.97499, 0.165243, 293.744
6166, 0, 0.474362, 2.08167e-05, 0, 0, 0, 0, 0, 0.474383, 0, 0, 99.99, 0.974996, 0.164855, 293.743
6167, 0, 0.474574, 2.35948e-05, 0, 0, 0, 0, 0, 0.474598, 0, 0, 99.99, 0.975002, 0.164785, 293.742
6168, 0, 0.474789, 2.58074e-05, 0, 0, 0, 0, 0, 0.474815, 0, 0, 99.99, 0.975008, 0.165018, 293.741
6169, 0, 0.475025, 2.41101e-05, 0, 0, 0, 0, 0, 0.475049, 0, 0, 99.99, 0.975014, 0.165055, 293.742
6170, 0, 0.475263, 2.20185e-05, 0, 0, 0, 0, 0, 0.475285, 0, 0, 99.99, 0.97502, 0.164845, 293.743
6171, 0, 0.475475, 2.47013e-05, 0, 0, 0, 0, 0, 0.4755, 0, 0, 99.99, 0.975026, 0.164544, 293.742
6172, 0, 0.475676, 2.95091e-05, 0, 0, 0, 0, 0, 0.475706, 0, 0, 99.99, 0.975032, 0.164063, 293.74
6173, 0, 0.475889, 3.21654e-05, 0, 0, 0, 0, 0, 0.475921, 0, 0, 99.99, 0.975038, 0.16343, 293.739
6174, 0, 0.476121, 3.11591e-05, 0, 0, 0, 0, 0, 0.476152, 0, 0, 99.99, 0.975044, 0.163181, 293.74
6175, 0, 0.476364, 2.80336e-05, 0, 0, 0, 0, 0, 0.476392, 0, 0, 99.99, 0.97505, 0.163239, 293.741
6176, 0, 0.476602, 2.59555e-05, 0, 0, 0, 0, 0, 0.476627, 0, 0, 99.99, 0.975056, 0.163064, 293.741
6177, 0, 0.476836, 2.44457e-05, 0, 0, 0, 0, 0, 0.47686, 0, 0, 99.99, 0.975062, 0.162982, 293.742
6178, 0, 0.477078, 2.15137e-05, 0, 0, 0, 0, 0, 0.4771, 0, 0, 99.99, 0.975068, 0.163397, 293.743
6179, 0, 0.477325, 1.75528e-05, 0, 0, 0, 0, 0, 0.477343, 0, 0, 99.99, 0.975074, 0.163851, 293.744
6180, 0, 0.477574, 1.34246e-05, 0, 0, 0, 0, 0, 0.477587, 0, 0, 99.99, 0.97508, 0.163878, 293.746
6181, 0, 0.477821, 9.53938e-06, 0, 0, 0, 0, 0, 0.47783, 0, 0, 99.99, 0.975086, 0.163548, 293.747
6182, 0, 0.478065, 6.14364e-06, 0, 0, 0, 0, 0, 0.478071, 0, 0, 99.99, 0.975092, 0.163031, 293.748
6183, 0, 0.478305, 3.44234e-06, 0, 0, 0, 0, 0, 0.478309, 0, 0, 99.99, 0.975098, 0.162781, 293.749
6184, 0, 0.478541, 1.60083e-06, 0, 0, 0, 0, 0, 0.478543, 0, 0, 99.99, 0.975104, 0.163073, 293.749
6185, 0, 0.478772, 7.33358e-07, 0, 0, 0, 0, 0, 0.478773, 0, 0, 99.99, 0.97511, 0.163341, 293.75
6186, 0, 0.478997, 9.00578e-07, 0, 0, 0, 0, 0, 0.478998, 0, 0, 99.99, 0.975116, 0.163239, 293.75
6187, 0, 0.479217, 2.09558e-06, 0, 0, 0, 0, 0, 0.479219, 0, 0, 99.99, 0.975122, 0.162943, 293.749
6188, 0, 0.479432, 4.25125e-06, 0, 0, 0, 0, 0, 0.479436, 0, 0, 99.99, 0.975128, 0.162789, 293.749
6189, 0, 0.479642, 7.25845e-06, 0, 0, 0, 0, 0, 0.47965, 0, 0, 99.99, 0.975134, 0.162678, 293.748
6190, 0, 0.479849, 1.09755e-05, 0, 0, 0, 0, 0, 0.47986, 0, 0, 99.99, 0.97514, 0.162267, 293.746
6191, 0, 0.480052, 1.52422e-05, 0, 0, 0, 0, 0, 0.480068, 0, 0, 99.99, 0.975146, 0.162022, 293.745
6192, 0, 0.480254, 1.98952e-05, 0, 0, 0, 0, 0, 0.480274, 0, 0, 99.99, 0.975152, 0.162233, 293.743
6193, 0, 0.480454, 2.478e-05, 0, 0, 0, 0, 0, 0.480479, 0, 0, 99.99, 0.975158, 0.162337, 293.742
6194, 0, 0.480654, 2.97556e-05, 0, 0, 0, 0, 0, 0.480684, 0, 0, 99.99, 0.975164, 0.162006, 293.74
6195, 0, 0.480854, 3.4688e-05, 0, 0, 0, 0, 0, 0.480889, 0, 0, 99.99, 0.97517, 0.161403, 293.739
6196, 0, 0.481055, 3.93886e-05, 0, 0, 0, 0, 0, 0.481095, 0, 0, 99.99, 0.975176, 0.161137, 293.737
6197, 0, 0.481261, 4.33145e-05, 0, 0, 0, 0, 0, 0.481304, 0, 0, 99.99, 0.975182, 0.161312, 293.736
6198, 0, 0.481476, 4.53966e-05, 0, 0, 0, 0, 0, 0.481521, 0, 0, 99.99, 0.975188, 0.161469, 293.735
6199, 0, 0.481696, 4.64614e-05, 0, 0, 0, 0, 0, 0.481742, 0, 0, 99.99, 0.975194, 0.161328, 293.735
6200, 0, 0.481904, 4.98286e-05, 0, 0, 0, 0, 0, 0.481954, 0, 0, 99.99, 0.9752, 0.160898, 293.734
6201, 0, 0.482112, 5.31561e-05, 0, 0, 0, 0, 0, 0.482166, 0, 0, 99.99, 0.975206, 0.160717, 293.733
6202, 0, 0.482344, 5.2139e-05, 0, 0, 0, 0, 0, 0.482396, 0, 0, 99.99, 0.975212, 0.161072, 293.733
6203, 0, 0.482567, 5.2527e-05, 0, 0, 0, 0, 0, 0.48262, 0, 0, 99.99, 0.975218, 0.161277, 293.733
6204, 0, 0.482758, 5.91279e-05, 0, 0, 0, 0, 0, 0.482818, 0, 0, 99.99, 0.975224, 0.161239, 293.731
6205, 0, 0.482952, 6.52481e-05, 0, 0, 0, 0, 0, 0.483017, 0, 0, 99.99, 0.97523, 0.161159, 293.729
6206, 0, 0.483171, 6.65927e-05, 0, 0, 0, 0, 0, 0.483237, 0, 0, 99.99, 0.975236, 0.160864, 293.728
6207, 0, 0.483404, 6.51663e-05, 0, 0, 0, 0, 0, 0.483469, 0, 0, 99.99, 0.975242, 0.160632, 293.729
6208, 0, 0.483642, 6.27923e-05, 0, 0, 0, 0, 0, 0.483705, 0, 0, 99.99, 0.975248, 0.160776, 293.73
6209, 0, 0.483896, 5.74324e-05, 0, 0, 0, 0, 0, 0.483953, 0, 0, 99.99, 0.975254, 0.1609, 293.731
6210, 0, 0.484179, 4.63916e-05, 0, 0, 0, 0, 0, 0.484225, 0, 0, 99.99, 0.97526, 0.160741, 293.735
6211, 0, 0.484486, 3.0773e-05, 0, 0, 0, 0, 0, 0.484517, 0, 0, 99.99, 0.975266, 0.16043, 293.74
6212, 0, 0.484786, 1.65118e-05, 0, 0, 0, 0, 0, 0.484803, 0, 0, 99.99, 0.975272, 0.160201, 293.745
6213, 0, 0.485046, 9.82082e-06, 0, 0, 0, 0, 0, 0.485056, 0, 0, 99.99, 0.975278, 0.160073, 293.747
6214, 0, 0.485252, 1.36308e-05, 0, 0, 0, 0, 0, 0.485266, 0, 0, 99.99, 0.975284, 0.159897, 293.746
6215, 0, 0.485411, 2.6354e-05, 0, 0, 0, 0, 0, 0.485437, 0, 0, 99.99, 0.97529, 0.159673, 293.741
6216, 0, 0.485557, 4.15417e-05, 0, 0, 0, 0, 0, 0.485598, 0, 0, 99.99, 0.975296, 0.159654, 293.737
6217, 0, 0.485722, 5.30155e-05, 0, 0, 0, 0, 0, 0.485775, 0, 0, 99.99, 0.975302, 0.159527, 293.733
6218, 0, 0.485923, 5.76667e-05, 0, 0, 0, 0, 0, 0.485981, 0, 0, 99.99, 0.975308, 0.15924, 293.731
6219, 0, 0.486168, 5.38232e-05, 0, 0, 0, 0, 0, 0.486222, 0, 0, 99.99, 0.975314, 0.159097, 293.733
6220, 0, 0.48646, 4.10197e-05, 0, 0, 0, 0, 0, 0.486502, 0, 0, 99.99, 0.97532, 0.15896, 293.737
6221, 0, 0.486775, 2.39819e-05, 0, 0, 0, 0, 0, 0.486798, 0, 0, 99.99, 0.975326, 0.159088, 293.742
6222, 0, 0.487057, 1.29255e-05, 0, 0, 0, 0, 0, 0.48707, 0, 0, 99.99, 0.975332, 0.159353, 293.746
6223, 0, 0.487277, 1.39767e-05, 0, 4.2039e-45, 0, 0, 0, 0.487291, 0, 0, 99.99, 0.975338, 0.159259, 293.745
6224, 0, 0.487435, 2.67917e-05, 0, 3.36312e-43, 0, 0, 0, 0.487462, 0, 0, 99.99, 0.975344, 0.15872, 293.741
6225, 0, 0.487552, 4.75375e-05, 0, 1.3587e-41, 0, 0, 0, 0.4876, 0, 0, 99.99, 0.97535, 0.158313, 293.735
6226, 0, 0.487675, 6.71553e-05, 0, 2.57096e-40, 0, 0, 0, 0.487742, 0, 0, 99.99, 0.975356, 0.158508, 293.728
6227, 0, 0.487833, 7.99168e-05, 0, 2.391e-39, 0, 0, 0, 0.487913, 0, 0, 99.99, 0.975362, 0.158903, 293.724
6228, 0, 0.488021, 8.71189e-05, 0, 1.149e-38, 0, 0, 0, 0.488108, 0, 0, 99.99, 0.975368, 0.159014, 293.722
6229, 0, 0.488224, 9.12484e-05, 0, 2.97468e-38, 0, 0, 0, 0.488315, 0, 0, 99.99, 0.975374, 0.158823, 293.721
6230, 0, 0.48844, 9.3044e-05, 0, 4.27105e-38, 0, 0, 0, 0.488533, 0, 0, 99.99, 0.97538, 0.158446, 293.72
6231, 0, 0.488667, 9.26433e-05, 0, 3.51693e-38, 0, 0, 0, 0.488759, 0, 0, 99.99, 0.975386, 0.1581, 293.72
6232, 0, 0.488906, 8.99115e-05, 0, 1.75264e-38, 0, 0, 0, 0.488996, 0, 0, 99.99, 0.975392, 0.158082, 293.721
6233, 0, 0.489164, 8.34676e-05, 0, 5.45877e-39, 0, 0, 0, 0.489248, 0, 0, 99.99, 0.975398, 0.158239, 293.723
6234, 0, 0.489453, 7.12403e-05, 0, 1.01004e-39, 0, 0, 0, 0.489524, 0, 0, 99.99, 0.975404, 0.15832, 293.727
6235, 0, 0.489775, 5.25911e-05, 0, 1.00679e-40, 0, 0, 0, 0.489827, 0, 0, 99.99, 0.97541, 0.158331, 293.733
6236, 0, 0.490109, 3.14601e-05, 0, 4.99843e-42, 0, 0, 0, 0.490141, 0, 0, 99.99, 0.975416, 0.158265, 293.74
6237, 0, 0.490408, 1.73076e-05, 0, 1.17709e-43, 0, 0, 0, 0.490425, 0, 0, 99.99, 0.975422, 0.158076, 293.744
6238, 0, 0.490641, 1.55491e-05, 0, 0, 0, 0, 0, 0.490657, 0, 0, 99.99, 0.975428, 0.157717, 293.745
6239, 0, 0.490815, 2.5313e-05, 0, 0, 0, 0, 0, 0.49084, 0, 0, 99.99, 0.975434, 0.157182, 293.742
6240, 0, 0.49094, 4.45456e-05, 0, 0, 0, 0, 0, 0.490984, 0, 0, 99.99, 0.97544, 0.156596, 293.736
6241, 0, 0.49107, 6.26167e-05, 0, 0, 0, 0, 0, 0.491133, 0, 0, 99.99, 0.975446, 0.156464, 293.73
6242, 0, 0.491264, 6.84937e-05, 0, 0, 0, 0, 0, 0.491333, 0, 0, 99.99, 0.975452, 0.156711, 293.728
6243, 0, 0.491539, 5.87954e-05, 0, 9.80909e-45, 0, 0, 0, 0.491598, 0, 0, 99.99, 0.975458, 0.156848, 293.731
6244, 0, 0.491866, 3.90269e-05, 0, 3.30706e-42, 0, 0, 0, 0.491906, 0, 0, 99.99, 0.975464, 0.156988, 293.738
6245, 0, 0.492154, 2.69262e-05, 0, 2.71021e-40, 0, 0, 0, 0.492181, 0, 0, 99.99, 0.97547, 0.157127, 293.741
6246, 0, 0.492328, 3.64895e-05, 0, 1.06893e-38, 0, 0, 0, 0.492365, 0, 0, 99.99, 0.975476, 0.15704, 293.738
6247, 0, 0.492431, 5.99548e-05, 0, 2.2223e-37, 0, 0, 0, 0.492491, 0, 0, 99.99, 0.975482, 0.156816, 293.731
6248, 0, 0.492544, 8.14153e-05, 0, 2.54295e-36, 0, 0, 0, 0.492625, 0, 0, 99.99, 0.975488, 0.156532, 293.724
6249, 0, 0.492696, 9.52286e-05, 0, 1.6825e-35, 0, 0, 0, 0.492792, 0, 0, 99.99, 0.975494, 0.156405, 293.72
6250, 0, 0.492879, 0.00010323, 0, 6.78349e-35, 0, 0, 0, 0.492982, 0, 0, 99.99, 0.9755, 0.156416, 293.717
6251, 0, 0.49308, 0.000107679, 0, 1.73425e-34, 0, 0, 0, 0.493188, 0, 0, 99.99, 0.975506, 0.156281, 293.716
6252, 0, 0.493294, 0.000109783, 0, 2.87149e-34, 0, 0, 0, 0.493404, 0, 0, 99.99, 0.975512, 0.156204, 293.715
6253, 0, 0.493515, 0.000110301, 0, 3.38388e-34, 0, 0, 0, 0.493626, 0, 0, 99.99, 0.975518, 0.156214, 293.715
6254, 0, 0.493738, 0.000110481, 0, 3.82386e-34, 0, 0, 0, 0.493849, 0, 0, 99.99, 0.975524, 0.156159, 293.715
6255, 0, 0.493961, 0.000110832, 0, 4.2481e-34, 0, 0, 0, 0.494072, 0, 0, 99.99, 0.97553, 0.155964, 293.715
6256, 0, 0.494186, 0.00011063, 0, 3.5503e-34, 0, 0, 0, 0.494297, 0, 0, 99.99, 0.975536, 0.155855, 293.715
6257, 0, 0.494413, 0.000110081, 0, 2.58723e-34, 0, 0, 0, 0.494523, 0, 0, 99.99, 0.975542, 0.155988, 293.715
6258, 0, 0.494643, 0.000108957, 0, 1.90284e-34, 0, 0, 0, 0.494752, 0, 0, 99.99, 0.975548, 0.156072, 293.715
6259, 0, 0.494881, 0.000106144, 0, 1.05117e-34, 0, 0, 0, 0.494988, 0, 0, 99.99, 0.975554, 0.156034, 293.716
6260, 0, 0.495129, 0.000101516, 0, 3.51416e-35, 0, 0, 0, 0.495231, 0, 0, 99.99, 0.97556, 0.155927, 293.718
6261, 0, 0.495391, 9.43101e-05, 0, 6.67301e-36, 0, 0, 0, 0.495485, 0, 0, 99.99, 0.975566, 0.155717, 293.72
6262, 0, 0.495684, 8.0818e-05, 0, 7.35011e-37, 0, 0, 0, 0.495765, 0, 0, 99.99, 0.975572, 0.15533, 293.724
6263, 0, 0.496023, 5.87216e-05, 0, 5.42362e-38, 0, 0, 0, 0.496082, 0, 0, 99.99, 0.975578, 0.15476, 293.731
6264, 0, 0.496362, 3.63921e-05, 0, 3.04133e-39, 0, 0, 0, 0.496399, 0, 0, 99.99, 0.975584, 0.154235, 293.738
6265, 0, 0.496613, 3.11785e-05, 0, 1.11466e-40, 0, 0, 0, 0.496644, 0, 0, 99.99, 0.97559, 0.154195, 293.74
6266, 0, 0.496762, 4.56746e-05, 0, 2.1566e-42, 0, 0, 0, 0.496807, 0, 0, 99.99, 0.975596, 0.154491, 293.736
6267, 0, 0.496901, 6.19129e-05, 0, 1.82169e-44, 0, 0, 0, 0.496963, 0, 0, 99.99, 0.975602, 0.154503, 293.73
6268, 0, 0.497104, 6.5871e-05, 0, 0, 0, 0, 0, 0.49717, 0, 0, 99.99, 0.975608, 0.154445, 293.729
6269, 0, 0.497378, 5.61734e-05, 0, 0, 0, 0, 0, 0.497434, 0, 0, 99.99, 0.975614, 0.154661, 293.732
6270, 0, 0.497697, 3.7824e-05, 0, 0, 0, 0, 0, 0.497735, 0, 0, 99.99, 0.97562, 0.154846, 293.738
6271, 0, 0.498006, 2.11784e-05, 0, 1.4013e-45, 0, 0, 0, 0.498027, 0, 0, 99.99, 0.975626, 0.154764, 293.743
6272, 0, 0.498244, 1.84944e-05, 0, 1.61149e-43, 0, 0, 0, 0.498262, 0, 0, 99.99, 0.975632, 0.154422, 293.744
6273, 0, 0.498395, 3.24411e-05, 0, 7.61045e-42, 0, 0, 0, 0.498428, 0, 0, 99.99, 0.975638, 0.154067, 293.74
6274, 0, 0.498509, 5.37357e-05, 0, 1.74036e-40, 0, 0, 0, 0.498562, 0, 0, 99.99, 0.975644, 0.154027, 293.733
6275, 0, 0.498634, 7.2633e-05, 0, 1.98605e-39, 0, 0, 0, 0.498707, 0, 0, 99.99, 0.97565, 0.154124, 293.727
6276, 0, 0.498792, 8.53897e-05, 0, 1.13729e-38, 0, 0, 0, 0.498877, 0, 0, 99.99, 0.975656, 0.154019, 293.723
6277, 0, 0.49898, 9.21565e-05, 0, 3.23429e-38, 0, 0, 0, 0.499072, 0, 0, 99.99, 0.975662, 0.153868, 293.721
6278, 0, 0.499199, 9.30046e-05, 0, 4.49623e-38, 0, 0, 0, 0.499292, 0, 0, 99.99, 0.975668, 0.15392, 293.721
6279, 0, 0.499458, 8.62173e-05, 0, 3.00799e-38, 0, 0, 0, 0.499544, 0, 0, 99.99, 0.975674, 0.153884, 293.723
6280, 0, 0.499748, 7.31138e-05, 0, 9.54484e-39, 0, 0, 0, 0.499822, 0, 0, 99.99, 0.97568, 0.153605, 293.727
6281, 0, 0.500049, 5.80558e-05, 0, 1.41799e-39, 0, 0, 0, 0.500107, 0, 0, 99.99, 0.975686, 0.153426, 293.732
6282, 0, 0.500349, 4.32823e-05, 0, 9.84875e-41, 0, 0, 0, 0.500392, 0, 0, 99.99, 0.975692, 0.153455, 293.736
6283, 0, 0.500582, 4.14095e-05, 0, 1.86765e-41, 0, 0, 0, 0.500623, 0, 0, 99.99, 0.975698, 0.153455, 293.737
6284, 0, 0.500715, 5.88679e-05, 0, 1.13647e-40, 0, 0, 0, 0.500774, 0, 0, 99.99, 0.975704, 0.153353, 293.732
6285, 0, 0.500841, 7.76116e-05, 0, 3.61384e-40, 0, 0, 0, 0.500919, 0, 0, 99.99, 0.97571, 0.15305, 293.726
6286, 0, 0.501042, 8.18404e-05, 0, 5.04641e-40, 0, 0, 0, 0.501124, 0, 0, 99.99, 0.975716, 0.15258, 293.724
6287, 0, 0.50133, 6.92073e-05, 0, 3.10254e-40, 0, 0, 0, 0.5014, 0, 0, 99.99, 0.975722, 0.152233, 293.728
6288, 0, 0.50166, 4.85276e-05, 0, 8.40933e-41, 0, 0, 0, 0.501709, 0, 0, 99.99, 0.975728, 0.152159, 293.735
6289, 0, 0.50196, 3.36771e-05, 0, 1.95453e-41, 0, 0, 0, 0.501993, 0, 0, 99.99, 0.975734, 0.151777, 293.74
6290, 0, 0.502198, 3.07168e-05, 0, 4.04231e-40, 0, 0, 0, 0.502228, 0, 0, 99.99, 0.97574, 0.150217, 293.74
6291, 0, 0.502354, 4.36307e-05, 0, 8.50855e-39, 0, 0, 0, 0.502398, 0, 0, 99.99, 0.975746, 0.147931, 293.736
6292, 0, 0.502452, 6.77993e-05, 0, 9.20164e-38, 0, 0, 0, 0.50252, 0, 0, 99.99, 0.975752, 0.147248, 293.729
6293, 0, 0.502571, 8.80275e-05, 0, 5.40494e-37, 0, 0, 0, 0.502659, 0, 0, 99.99, 0.975758, 0.149006, 293.723
6294, 0, 0.502738, 9.87772e-05, 0, 1.94434e-36, 0, 0, 0, 0.502837, 0, 0, 99.99, 0.975764, 0.150894, 293.719
6295, 0, 0.502937, 0.000103517, 0, 4.94853e-36, 0, 0, 0, 0.50304, 0, 0, 99.99, 0.97577, 0.151667, 293.718
6296, 0, 0.503148, 0.000105694, 0, 9.24981e-36, 0, 0, 0, 0.503254, 0, 0, 99.99, 0.975776, 0.151771, 293.717
6297, 0, 0.503367, 0.000106496, 0, 1.19863e-35, 0, 0, 0, 0.503473, 0, 0, 99.99, 0.975782, 0.151692, 293.717
6298, 0, 0.503593, 0.00010573, 0, 1.02162e-35, 0, 0, 0, 0.503699, 0, 0, 99.99, 0.975788, 0.151756, 293.717
6299, 0, 0.503828, 0.000103449, 0, 5.59153e-36, 0, 0, 0, 0.503931, 0, 0, 99.99, 0.975794, 0.151927, 293.718
6300, 0, 0.504068, 0.000100008, 0, 2.24675e-36, 0, 0, 0, 0.504168, 0, 0, 99.99, 0.9758, 0.151969, 293.719
6301, 0, 0.504307, 9.68509e-05, 0, 1.23017e-36, 0, 0, 0, 0.504404, 0, 0, 99.99, 0.975806, 0.151851, 293.72
6302, 0, 0.504523, 9.81086e-05, 0, 1.63371e-36, 0, 0, 0, 0.504621, 0, 0, 99.99, 0.975812, 0.151571, 293.72
6303, 0, 0.504726, 0.000101966, 0, 2.28958e-36, 0, 0, 0, 0.504828, 0, 0, 99.99, 0.975818, 0.151281, 293.718
6304, 0, 0.504941, 0.000103337, 0, 2.04576e-36, 0, 0, 0, 0.505044, 0, 0, 99.99, 0.975824, 0.151176, 293.718
6305, 0, 0.505167, 0.000102692, 0, 1.21608e-36, 0, 0, 0, 0.505269, 0, 0, 99.99, 0.97583, 0.151085, 293.718
6306, 0, 0.505392, 0.000102065, 0, 6.78196e-37, 0, 0, 0, 0.505494, 0, 0, 99.99, 0.975836, 0.151026, 293.718
6307, 0, 0.505617, 0.000101646, 0, 4.70971e-37, 0, 0, 0, 0.505718, 0, 0, 99.99, 0.975842, 0.151104, 293.719
6308, 0, 0.505843, 0.000100957, 0, 3.20216e-37, 0, 0, 0, 0.505944, 0, 0, 99.99, 0.975848, 0.151034, 293.719
6309, 0, 0.50607, 9.99598e-05, 0, 1.87949e-37, 0, 0, 0, 0.50617, 0, 0, 99.99, 0.975854, 0.15073, 293.719
6310, 0, 0.506299, 9.86884e-05, 0, 9.55667e-38, 0, 0, 0, 0.506397, 0, 0, 99.99, 0.97586, 0.15052, 293.72
6311, 0, 0.506529, 9.70759e-05, 0, 4.17477e-38, 0, 0, 0, 0.506626, 0, 0, 99.99, 0.975866, 0.150472, 293.72
6312, 0, 0.506762, 9.49516e-05, 0, 1.51464e-38, 0, 0, 0, 0.506857, 0, 0, 99.99, 0.975872, 0.150485, 293.721
6313, 0, 0.507003, 9.14309e-05, 0, 4.3196e-39, 0, 0, 0, 0.507094, 0, 0, 99.99, 0.975878, 0.150558, 293.722
6314, 0, 0.507264, 8.3771e-05, 0, 9.25761e-40, 0, 0, 0, 0.507348, 0, 0, 99.99, 0.975884, 0.150486, 293.724
6315, 0, 0.507545, 7.2227e-05, 0, 1.37725e-40, 0, 0, 0, 0.507618, 0, 0, 99.99, 0.97589, 0.15013, 293.728
6316, 0, 0.507794, 6.6955e-05, 0, 1.21843e-41, 0, 0, 0, 0.507861, 0, 0, 99.99, 0.975896, 0.149721, 293.729
6317, 0, 0.508002, 6.97568e-05, 0, 5.52112e-43, 0, 0, 0, 0.508072, 0, 0, 99.99, 0.975902, 0.149658, 293.729
6318, 0, 0.508238, 6.68827e-05, 0, 9.80909e-45, 0, 0, 0, 0.508305, 0, 0, 99.99, 0.975908, 0.149931, 293.729
6319, 0, 0.508498, 5.96148e-05, 0, 0, 0, 0, 0, 0.508557, 0, 0, 99.99, 0.975914, 0.150166, 293.732
6320, 0, 0.508706, 6.21839e-05, 0, 0, 0, 0, 0, 0.508768, 0, 0, 99.99, 0.97592, 0.150169, 293.731
6321, 0, 0.508884, 7.06785e-05, 0, 0, 0, 0, 0, 0.508955, 0, 0, 99.99, 0.975926, 0.149965, 293.728
6322, 0, 0.509087, 7.43556e-05, 0, 0, 0, 0, 0, 0.509162, 0, 0, 99.99, 0.975932, 0.149681, 293.727
6323, 0, 0.509313, 7.36642e-05, 0, 0, 0, 0, 0, 0.509386, 0, 0, 99.99, 0.975938, 0.14957, 293.727
6324, 0, 0.509545, 7.15311e-05, 0, 0, 0, 0, 0, 0.509617, 0, 0, 99.99, 0.975944, 0.149593, 293.728
6325, 0, 0.50978, 6.89157e-05, 0, 0, 0, 0, 0, 0.509849, 0, 0, 99.99, 0.97595, 0.14959, 293.729
6326, 0, 0.510017, 6.59875e-05, 0, 0, 0, 0, 0, 0.510083, 0, 0, 99.99, 0.975956, 0.149556, 293.73
6327, 0, 0.510255, 6.27379e-05, 0, 0, 0, 0, 0, 0.510318, 0, 0, 99.99, 0.975962, 0.149449, 293.731
6328, 0, 0.510495, 5.92288e-05, 0, 0, 0, 0, 0, 0.510554, 0, 0, 99.99, 0.975968, 0.149254, 293.732
6329, 0, 0.510736, 5.54537e-05, 0, 0, 0, 0, 0, 0.510791, 0, 0, 99.99, 0.975974, 0.149026, 293.733
6330, 0, 0.510979, 5.12013e-05, 0, 0, 0, 0, 0, 0.51103, 0, 0, 99.99, 0.97598, 0.148854, 293.734
6331, 0, 0.511225, 4.63085e-05, 0, 0, 0, 0, 0, 0.511271, 0, 0, 99.99, 0.975986, 0.148646, 293.736
6332, 0, 0.511471, 4.14183e-05, 0, 0, 0, 0, 0, 0.511513, 0, 0, 99.99, 0.975992, 0.148443, 293.737
6333, 0, 0.511714, 3.72391e-05, 0, 0, 0, 0, 0, 0.511752, 0, 0, 99.99, 0.975998, 0.148397, 293.739
6334, 0, 0.511959, 3.26737e-05, 0, 0, 0, 0, 0, 0.511992, 0, 0, 99.99, 0.976004, 0.148369, 293.74
6335, 0, 0.512209, 2.69079e-05, 0, 0, 0, 0, 0, 0.512236, 0, 0, 99.99, 0.97601, 0.14825, 293.742
6336, 0, 0.512459, 2.14175e-05, 0, 0, 0, 0, 0, 0.51248, 0, 0, 99.99, 0.976016, 0.14834, 293.743
6337, 0, 0.512704, 1.67503e-05, 0, 0, 0, 0, 0, 0.512721, 0, 0, 99.99, 0.976022, 0.148513, 293.745
6338, 0, 0.512951, 1.16913e-05, 0, 0, 0, 0, 0, 0.512962, 0, 0, 99.99, 0.976028, 0.148454, 293.746
6339, 0, 0.513193, 7.61166e-06, 0, 0, 0, 0, 0, 0.5132, 0, 0, 99.99, 0.976034, 0.148182, 293.748
6340, 0, 0.513423, 5.81978e-06, 0, 0, 0, 0, 0, 0.513429, 0, 0, 99.99, 0.97604, 0.147935, 293.748
6341, 0, 0.51365, 4.66591e-06, 0, 0, 0, 0, 0, 0.513654, 0, 0, 99.99, 0.976046, 0.147844, 293.749
6342, 0, 0.513879, 3.07885e-06, 0, 0, 0, 0, 0, 0.513882, 0, 0, 99.99, 0.976052, 0.147724, 293.749
6343, 0, 0.514107, 1.56092e-06, 0, 0, 0, 0, 0, 0.514109, 0, 0, 99.99, 0.976058, 0.147631, 293.75
6344, 0, 0.514333, 7.04107e-07, 0, 0, 0, 0, 0, 0.514333, 0, 0, 99.99, 0.976064, 0.147656, 293.75
6345, 0, 0.514553, 7.31593e-07, 0, 0, 0, 0, 0, 0.514554, 0, 0, 99.99, 0.97607, 0.147669, 293.75
6346, 0, 0.514769, 1.66931e-06, 0, 0, 0, 0, 0, 0.514771, 0, 0, 99.99, 0.976076, 0.147517, 293.749
6347, 0, 0.514981, 3.4571e-06, 0, 0, 0, 0, 0, 0.514984, 0, 0, 99.99, 0.976082, 0.147272, 293.749
6348, 0, 0.515189, 5.987e-06, 0, 0, 0, 0, 0, 0.515195, 0, 0, 99.99, 0.976088, 0.147257, 293.748
6349, 0, 0.515394, 9.10945e-06, 0, 0, 0, 0, 0, 0.515403, 0, 0, 99.99, 0.976094, 0.147409, 293.747
6350, 0, 0.515596, 1.26408e-05, 0, 0, 0, 0, 0, 0.515609, 0, 0, 99.99, 0.9761, 0.147451, 293.746
6351, 0, 0.515798, 1.63902e-05, 0, 0, 0, 0, 0, 0.515814, 0, 0, 99.99, 0.976106, 0.147387, 293.745
6352, 0, 0.515999, 2.01754e-05, 0, 0, 0, 0, 0, 0.516019, 0, 0, 99.99, 0.976112, 0.147291, 293.744
6353, 0, 0.516201, 2.37959e-05, 0, 0, 0, 0, 0, 0.516225, 0, 0, 99.99, 0.976118, 0.147177, 293.743
6354, 0, 0.516406, 2.6968e-05, 0, 0, 0, 0, 0, 0.516432, 0, 0, 99.99, 0.976124, 0.146966, 293.742
6355, 0, 0.516616, 2.8932e-05, 0, 0, 0, 0, 0, 0.516645, 0, 0, 99.99, 0.97613, 0.146493, 293.741
6356, 0, 0.516839, 2.83582e-05, 0, 0, 0, 0, 0, 0.516868, 0, 0, 99.99, 0.976136, 0.145935, 293.741
6357, 0, 0.51707, 2.64201e-05, 0, 0, 0, 0, 0, 0.517096, 0, 0, 99.99, 0.976142, 0.145828, 293.742
6358, 0, 0.517282, 2.7945e-05, 0, 0, 0, 0, 0, 0.51731, 0, 0, 99.99, 0.976148, 0.14614, 293.742
6359, 0, 0.51748, 3.24103e-05, 0, 0, 0, 0, 0, 0.517512, 0, 0, 99.99, 0.976154, 0.146305, 293.74
6360, 0, 0.517687, 3.49413e-05, 0, 0, 0, 0, 0, 0.517722, 0, 0, 99.99, 0.97616, 0.146236, 293.739
6361, 0, 0.517908, 3.47208e-05, 0, 0, 0, 0, 0, 0.517943, 0, 0, 99.99, 0.976166, 0.146183, 293.74
6362, 0, 0.518138, 3.2881e-05, 0, 0, 0, 0, 0, 0.518171, 0, 0, 99.99, 0.976172, 0.146169, 293.74
6363, 0, 0.518373, 2.99414e-05, 0, 0, 0, 0, 0, 0.518403, 0, 0, 99.99, 0.976178, 0.146135, 293.741
6364, 0, 0.518613, 2.60874e-05, 0, 0, 0, 0, 0, 0.518639, 0, 0, 99.99, 0.976184, 0.145984, 293.742
6365, 0, 0.518856, 2.1519e-05, 0, 0, 0, 0, 0, 0.518878, 0, 0, 99.99, 0.97619, 0.1458, 293.744
6366, 0, 0.519102, 1.65044e-05, 0, 0, 0, 0, 0, 0.519118, 0, 0, 99.99, 0.976196, 0.145772, 293.745
6367, 0, 0.519348, 1.14122e-05, 0, 0, 0, 0, 0, 0.519359, 0, 0, 99.99, 0.976202, 0.1457, 293.747
6368, 0, 0.519591, 6.78767e-06, 0, 0, 0, 0, 0, 0.519598, 0, 0, 99.99, 0.976208, 0.14545, 293.748
6369, 0, 0.519829, 3.29887e-06, 0, 0, 0, 0, 0, 0.519832, 0, 0, 99.99, 0.976214, 0.145337, 293.749
6370, 0, 0.520058, 1.51003e-06, 0, 0, 0, 0, 0, 0.520059, 0, 0, 99.99, 0.97622, 0.145392, 293.75
6371, 0, 0.520278, 1.42445e-06, 0, 0, 0, 0, 0, 0.520279, 0, 0, 99.99, 0.976226, 0.145309, 293.75
6372, 0, 0.520494, 2.0815e-06, 0, 0, 0, 0, 0, 0.520496, 0, 0, 99.99, 0.976232, 0.145117, 293.749
6373, 0, 0.520712, 2.56809e-06, 0, 0, 0, 0, 0, 0.520714, 0, 0, 99.99, 0.976238, 0.145041, 293.749
6374, 0, 0.520924, 4.02001e-06, 0, 0, 0, 0, 0, 0.520928, 0, 0, 99.99, 0.976244, 0.145129, 293.749
6375, 0, 0.521123, 8.08847e-06, 0, 0, 0, 0, 0, 0.521131, 0, 0, 99.99, 0.97625, 0.145175, 293.748
6376, 0, 0.521312, 1.4081e-05, 0, 0, 0, 0, 0, 0.521326, 0, 0, 99.99, 0.976256, 0.145095, 293.746
6377, 0, 0.5215, 2.02534e-05, 0, 0, 0, 0, 0, 0.521521, 0, 0, 99.99, 0.976262, 0.144959, 293.744
6378, 0, 0.521693, 2.56371e-05, 0, 0, 0, 0, 0, 0.521718, 0, 0, 99.99, 0.976268, 0.1448, 293.742
6379, 0, 0.52189, 2.99496e-05, 0, 0, 0, 0, 0, 0.52192, 0, 0, 99.99, 0.976274, 0.144553, 293.741
6380, 0, 0.522093, 3.31482e-05, 0, 0, 0, 0, 0, 0.522127, 0, 0, 99.99, 0.97628, 0.144272, 293.74
6381, 0, 0.522303, 3.51726e-05, 0, 0, 0, 0, 0, 0.522338, 0, 0, 99.99, 0.976286, 0.14411, 293.74
6382, 0, 0.522519, 3.57079e-05, 0, 0, 0, 0, 0, 0.522555, 0, 0, 99.99, 0.976292, 0.143929, 293.739
6383, 0, 0.522746, 3.42372e-05, 0, 0, 0, 0, 0, 0.52278, 0, 0, 99.99, 0.976298, 0.143703, 293.74
6384, 0, 0.522984, 3.05273e-05, 0, 0, 0, 0, 0, 0.523015, 0, 0, 99.99, 0.976304, 0.14373, 293.741
6385, 0, 0.523229, 2.54208e-05, 0, 0, 0, 0, 0, 0.523255, 0, 0, 99.99, 0.97631, 0.143964, 293.742
6386, 0, 0.523468, 2.152e-05, 0, 0, 0, 0, 0, 0.52349, 0, 0, 99.99, 0.976316, 0.144137, 293.744
6387, 0, 0.523703, 1.85377e-05, 0, 0, 0, 0, 0, 0.523721, 0, 0, 99.99, 0.976322, 0.144125, 293.745
6388, 0, 0.523947, 1.35314e-05, 0, 0, 0, 0, 0, 0.523961, 0, 0, 99.99, 0.976328, 0.143981, 293.746
6389, 0, 0.524196, 7.6057e-06, 0, 0, 0, 0, 0, 0.524204, 0, 0, 99.99, 0.976334, 0.143745, 293.748
6390, 0, 0.524433, 4.12442e-06, 0, 0, 0, 0, 0, 0.524437, 0, 0, 99.99, 0.97634, 0.143523, 293.749
6391, 0, 0.524647, 5.10485e-06, 0, 0, 0, 0, 0, 0.524652, 0, 0, 99.99, 0.976346, 0.143516, 293.748
6392, 0, 0.524842, 9.91771e-06, 0, 0, 0, 0, 0, 0.524852, 0, 0, 99.99, 0.976352, 0.143615, 293.747
6393, 0, 0.52503, 1.59269e-05, 0, 0, 0, 0, 0, 0.525046, 0, 0, 99.99, 0.976358, 0.14359, 293.745
6394, 0, 0.525227, 2.03743e-05, 0, 0, 0, 0, 0, 0.525247, 0, 0, 99.99, 0.976364, 0.143412, 293.744
6395, 0, 0.525436, 2.21986e-05, 0, 0, 0, 0, 0, 0.525458, 0, 0, 99.99, 0.97637, 0.14319, 293.743
6396, 0, 0.52565, 2.32057e-05, 0, 0, 0, 0, 0, 0.525673, 0, 0, 99.99, 0.976376, 0.143121, 293.743
6397, 0, 0.525862, 2.45724e-05, 0, 0, 0, 0, 0, 0.525887, 0, 0, 99.99, 0.976382, 0.143057, 293.743
6398, 0, 0.52608, 2.47574e-05, 0, 0, 0, 0, 0, 0.526104, 0, 0, 99.99, 0.976388, 0.142785, 293.743
6399, 0, 0.526306, 2.33079e-05, 0, 0, 0, 0, 0, 0.526329, 0, 0, 99.99, 0.976394, 0.142616, 293.743
6400, 0, 0.526535, 2.11672e-05, 0, 0, 0, 0, 0, 0.526556, 0, 0, 99.99, 0.9764, 0.142729, 293.744
6401, 0, 0.526766, 1.88122e-05, 0, 0, 0, 0, 0, 0.526784, 0, 0, 99.99, 0.976406, 0.142798, 293.744
6402, 0, 0.526997, 1.61934e-05, 0, 0, 0, 0, 0, 0.527014, 0, 0, 99.99, 0.976412, 0.142664, 293.745
6403, 0, 0.527231, 1.33387e-05, 0, 0, 0, 0, 0, 0.527244, 0, 0, 99.99, 0.976418, 0.142416, 293.746
6404, 0, 0.527464, 1.03858e-05, 0, 0, 0, 0, 0, 0.527474, 0, 0, 99.99, 0.976424, 0.142253, 293.747
6405, 0, 0.527696, 7.56311e-06, 0, 0, 0, 0, 0, 0.527704, 0, 0, 99.99, 0.97643, 0.142221, 293.748
6406, 0, 0.527927, 5.0488e-06, 0, 0, 0, 0, 0, 0.527932, 0, 0, 99.99, 0.976436, 0.142224, 293.749
6407, 0, 0.528157, 2.93268e-06, 0, 0, 0, 0, 0, 0.52816, 0, 0, 99.99, 0.976442, 0.142178, 293.749
6408, 0, 0.528383, 1.39557e-06, 0, 0, 0, 0, 0, 0.528384, 0, 0, 99.99, 0.976448, 0.141959, 293.75
6409, 0, 0.528605, 6.09862e-07, 0, 0, 0, 0, 0, 0.528605, 0, 0, 99.99, 0.976454, 0.141588, 293.75
6410, 0, 0.528824, 4.56545e-07, 0, 0, 0, 0, 0, 0.528824, 0, 0, 99.99, 0.97646, 0.141509, 293.75
6411, 0, 0.529041, 5.87777e-07, 0, 0, 0, 0, 0, 0.529042, 0, 0, 99.99, 0.976466, 0.141728, 293.75
6412, 0, 0.529258, 9.28543e-07, 0, 0, 0, 0, 0, 0.529259, 0, 0, 99.99, 0.976472, 0.141823, 293.75
6413, 0, 0.529474, 1.37958e-06, 0, 0, 0, 0, 0, 0.529475, 0, 0, 99.99, 0.976478, 0.14179, 293.75
6414, 0, 0.529691, 1.43467e-06, 0, 0, 0, 0, 0, 0.529693, 0, 0, 99.99, 0.976484, 0.141706, 293.75
6415, 0, 0.529912, 9.82155e-07, 0, 0, 0, 0, 0, 0.529913, 0, 0, 99.99, 0.97649, 0.141523, 293.75
6416, 0, 0.530132, 5.48898e-07, 0, 0, 0, 0, 0, 0.530132, 0, 0, 99.99, 0.976496, 0.141381, 293.75
6417, 0, 0.53035, 5.60146e-07, 0, 0, 0, 0, 0, 0.53035, 0, 0, 99.99, 0.976502, 0.141402, 293.75
6418, 0, 0.530566, 8.19666e-07, 0, 0, 0, 0, 0, 0.530567, 0, 0, 99.99, 0.976508, 0.141408, 293.75
6419, 0, 0.530784, 8.42261e-07, 0, 0, 0, 0, 0, 0.530785, 0, 0, 99.99, 0.976514, 0.141303, 293.75
6420, 0, 0.531002, 7.51405e-07, 0, 0, 0, 0, 0, 0.531003, 0, 0, 99.99, 0.97652, 0.141143, 293.75
6421, 0, 0.531217, 1.30394e-06, 0, 0, 0, 0, 0, 0.531218, 0, 0, 99.99, 0.976526, 0.140984, 293.75
6422, 0, 0.531427, 2.89702e-06, 0, 0, 0, 0, 0, 0.53143, 0, 0, 99.99, 0.976532, 0.14082, 293.749
6423, 0, 0.531633, 5.18163e-06, 0, 0, 0, 0, 0, 0.531638, 0, 0, 99.99, 0.976538, 0.140718, 293.748
6424, 0, 0.531839, 7.46216e-06, 0, 0, 0, 0, 0, 0.531847, 0, 0, 99.99, 0.976544, 0.140625, 293.748
6425, 0, 0.532049, 8.94029e-06, 0, 0, 0, 0, 0, 0.532058, 0, 0, 99.99, 0.97655, 0.140513, 293.747
6426, 0, 0.532265, 9.38228e-06, 0, 0, 0, 0, 0, 0.532274, 0, 0, 99.99, 0.976556, 0.140399, 293.747
6427, 0, 0.532479, 9.97726e-06, 0, 0, 0, 0, 0, 0.532489, 0, 0, 99.99, 0.976562, 0.140241, 293.747
6428, 0, 0.532693, 1.07616e-05, 0, 0, 0, 0, 0, 0.532703, 0, 0, 99.99, 0.976568, 0.140209, 293.747
6429, 0, 0.532913, 1.01197e-05, 0, 0, 0, 0, 0, 0.532923, 0, 0, 99.99, 0.976574, 0.140178, 293.747
6430, 0, 0.533141, 8.0641e-06, 0, 0, 0, 0, 0, 0.533149, 0, 0, 99.99, 0.97658, 0.140092, 293.748
6431, 0, 0.533371, 5.531e-06, 0, 0, 0, 0, 0, 0.533377, 0, 0, 99.99, 0.976586, 0.140124, 293.748
6432, 0, 0.533601, 3.09242e-06, 0, 0, 0, 0, 0, 0.533604, 0, 0, 99.99, 0.976592, 0.140154, 293.749
6433, 0, 0.533826, 1.49332e-06, 0, 0, 0, 0, 0, 0.533827, 0, 0, 99.99, 0.976598, 0.140032, 293.75
6434, 0, 0.534043, 1.44664e-06, 0, 0, 0, 0, 0, 0.534045, 0, 0, 99.99, 0.976604, 0.139778, 293.75
6435, 0, 0.534252, 3.10317e-06, 0, 0, 0, 0, 0, 0.534255, 0, 0, 99.99, 0.97661, 0.139567, 293.749
6436, 0, 0.534454, 6.16015e-06, 0, 0, 0, 0, 0, 0.53446, 0, 0, 99.99, 0.976616, 0.139474, 293.748
6437, 0, 0.534652, 1.00175e-05, 0, 0, 0, 0, 0, 0.534662, 0, 0, 99.99, 0.976622, 0.139461, 293.747
6438, 0, 0.534849, 1.38549e-05, 0, 0, 0, 0, 0, 0.534863, 0, 0, 99.99, 0.976628, 0.139505, 293.746
6439, 0, 0.535048, 1.74012e-05, 0, 0, 0, 0, 0, 0.535066, 0, 0, 99.99, 0.976634, 0.139526, 293.745
6440, 0, 0.535249, 2.06325e-05, 0, 0, 0, 0, 0, 0.53527, 0, 0, 99.99, 0.97664, 0.139426, 293.744
6441, 0, 0.535457, 2.24083e-05, 0, 0, 0, 0, 0, 0.53548, 0, 0, 99.99, 0.976646, 0.139238, 293.743
6442, 0, 0.535677, 2.18514e-05, 0, 0, 0, 0, 0, 0.535699, 0, 0, 99.99, 0.976652, 0.139126, 293.744
6443, 0, 0.535895, 2.1549e-05, 0, 0, 0, 0, 0, 0.535917, 0, 0, 99.99, 0.976658, 0.139144, 293.744
6444, 0, 0.536102, 2.36144e-05, 0, 0, 0, 0, 0, 0.536125, 0, 0, 99.99, 0.976664, 0.139147, 293.743
6445, 0, 0.53631, 2.5335e-05, 0, 0, 0, 0, 0, 0.536335, 0, 0, 99.99, 0.97667, 0.139106, 293.743
6446, 0, 0.536528, 2.51001e-05, 0, 0, 0, 0, 0, 0.536553, 0, 0, 99.99, 0.976676, 0.139044, 293.743
6447, 0, 0.536757, 2.25114e-05, 0, 0, 0, 0, 0, 0.53678, 0, 0, 99.99, 0.976682, 0.138951, 293.743
6448, 0, 0.536999, 1.74367e-05, 0, 0, 0, 0, 0, 0.537017, 0, 0, 99.99, 0.976688, 0.13879, 293.745
6449, 0, 0.537248, 1.09936e-05, 0, 0, 0, 0, 0, 0.537259, 0, 0, 99.99, 0.976694, 0.138544, 293.747
6450, 0, 0.537492, 5.55201e-06, 0, 0, 0, 0, 0, 0.537497, 0, 0, 99.99, 0.9767, 0.138282, 293.748
6451, 0, 0.53772, 3.207e-06, 0, 0, 0, 0, 0, 0.537723, 0, 0, 99.99, 0.976706, 0.138074, 293.749
6452, 0, 0.537937, 3.13085e-06, 0, 0, 0, 0, 0, 0.53794, 0, 0, 99.99, 0.976712, 0.138046, 293.749
6453, 0, 0.538147, 4.39716e-06, 0, 0, 0, 0, 0, 0.538151, 0, 0, 99.99, 0.976718, 0.138115, 293.749
6454, 0, 0.538342, 8.72757e-06, 0, 0, 0, 0, 0, 0.53835, 0, 0, 99.99, 0.976724, 0.138071, 293.747
6455, 0, 0.538521, 1.61188e-05, 0, 0, 0, 0, 0, 0.538537, 0, 0, 99.99, 0.97673, 0.137996, 293.745
6456, 0, 0.538699, 2.37355e-05, 0, 0, 0, 0, 0, 0.538723, 0, 0, 99.99, 0.976736, 0.138026, 293.743
6457, 0, 0.538888, 2.90965e-05, 0, 0, 0, 0, 0, 0.538917, 0, 0, 99.99, 0.976742, 0.13802, 293.742
6458, 0, 0.539095, 3.0873e-05, 0, 0, 0, 0, 0, 0.539126, 0, 0, 99.99, 0.976748, 0.137925, 293.741
6459, 0, 0.539314, 3.03964e-05, 0, 0, 0, 0, 0, 0.539344, 0, 0, 99.99, 0.976754, 0.137781, 293.741
6460, 0, 0.539523, 3.1834e-05, 0, 0, 0, 0, 0, 0.539555, 0, 0, 99.99, 0.97676, 0.13765, 293.741
6461, 0, 0.539724, 3.47751e-05, 0, 0, 0, 0, 0, 0.539759, 0, 0, 99.99, 0.976766, 0.137607, 293.74
6462, 0, 0.539935, 3.57316e-05, 0, 0, 0, 0, 0, 0.539971, 0, 0, 99.99, 0.976772, 0.13751, 293.74
6463, 0, 0.540157, 3.45502e-05, 0, 0, 0, 0, 0, 0.540192, 0, 0, 99.99, 0.976778, 0.13735, 293.74
6464, 0, 0.540384, 3.22835e-05, 0, 0, 0, 0, 0, 0.540417, 0, 0, 99.99, 0.976784, 0.137241, 293.741
6465, 0, 0.540616, 2.91949e-05, 0, 0, 0, 0, 0, 0.540645, 0, 0, 99.99, 0.97679, 0.137153, 293.742
6466, 0, 0.540852, 2.51745e-05, 0, 0, 0, 0, 0, 0.540877, 0, 0, 99.99, 0.976796, 0.137121, 293.743
6467, 0, 0.541093, 2.01123e-05, 0, 0, 0, 0, 0, 0.541113, 0, 0, 99.99, 0.976802, 0.13707, 293.744
6468, 0, 0.541339, 1.40909e-05, 0, 0, 0, 0, 0, 0.541353, 0, 0, 99.99, 0.976808, 0.137016, 293.746
6469, 0, 0.541584, 8.14516e-06, 0, 0, 0, 0, 0, 0.541592, 0, 0, 99.99, 0.976814, 0.137034, 293.748
6470, 0, 0.54182, 4.00173e-06, 0, 0, 0, 0, 0, 0.541824, 0, 0, 99.99, 0.97682, 0.137025, 293.749
6471, 0, 0.542046, 2.01123e-06, 0, 0, 0, 0, 0, 0.542048, 0, 0, 99.99, 0.976826, 0.136964, 293.749
6472, 0, 0.542263, 1.69607e-06, 0, 0, 0, 0, 0, 0.542265, 0, 0, 99.99, 0.976832, 0.136877, 293.75
6473, 0, 0.542473, 2.8145e-06, 0, 0, 0, 0, 0, 0.542476, 0, 0, 99.99, 0.976838, 0.13676, 293.749
6474, 0, 0.54268, 4.45386e-06, 0, 0, 0, 0, 0, 0.542685, 0, 0, 99.99, 0.976844, 0.136597, 293.749
6475, 0, 0.542887, 6.21913e-06, 0, 0, 0, 0, 0, 0.542893, 0, 0, 99.99, 0.97685, 0.136373, 293.748
6476, 0, 0.543094, 7.80364e-06, 0, 0, 0, 0, 0, 0.543102, 0, 0, 99.99, 0.976856, 0.136083, 293.748
6477, 0, 0.543311, 7.42597e-06, 0, 0, 0, 0, 0, 0.543319, 0, 0, 99.99, 0.976862, 0.135873, 293.748
6478, 0, 0.543538, 5.12265e-06, 0, 0, 0, 0, 0, 0.543543, 0, 0, 99.99, 0.976868, 0.135911, 293.749
6479, 0, 0.54376, 3.64361e-06, 0, 0, 0, 0, 0, 0.543764, 0, 0, 99.99, 0.976874, 0.135983, 293.749
6480, 0, 0.543973, 4.2028e-06, 0, 0, 0, 0, 0, 0.543977, 0, 0, 99.99, 0.97688, 0.135939, 293.749
6481, 0, 0.544185, 4.82352e-06, 0, 0, 0, 0, 0, 0.54419, 0, 0, 99.99, 0.976886, 0.135932, 293.749
6482, 0, 0.544404, 3.98897e-06, 0, 0, 0, 0, 0, 0.544408, 0, 0, 99.99, 0.976892, 0.135944, 293.749
6483, 0, 0.544627, 2.34119e-06, 0, 0, 0, 0, 0, 0.54463, 0, 0, 99.99, 0.976898, 0.135862, 293.749
6484, 0, 0.544849, 1.06449e-06, 0, 0, 0, 0, 0, 0.54485, 0, 0, 99.99, 0.976904, 0.135742, 293.75
6485, 0, 0.545065, 7.90708e-07, 0, 0, 0, 0, 0, 0.545066, 0, 0, 99.99, 0.97691, 0.135605, 293.75
6486, 0, 0.545276, 1.55813e-06, 0, 0, 0, 0, 0, 0.545277, 0, 0, 99.99, 0.976916, 0.135487, 293.75
6487, 0, 0.545484, 2.87282e-06, 0, 0, 0, 0, 0, 0.545487, 0, 0, 99.99, 0.976922, 0.135469, 293.749
6488, 0, 0.545694, 3.8607e-06, 0, 0, 0, 0, 0, 0.545698, 0, 0, 99.99, 0.976928, 0.135467, 293.749
6489, 0, 0.545909, 3.87123e-06, 0, 0, 0, 0, 0, 0.545913, 0, 0, 99.99, 0.976934, 0.135364, 293.749
6490, 0, 0.546128, 2.93979e-06, 0, 0, 0, 0, 0, 0.546131, 0, 0, 99.99, 0.97694, 0.135206, 293.749
6491, 0, 0.546349, 1.68327e-06, 0, 0, 0, 0, 0, 0.546351, 0, 0, 99.99, 0.976946, 0.135149, 293.75
6492, 0, 0.546568, 8.55638e-07, 0, 0, 0, 0, 0, 0.546569, 0, 0, 99.99, 0.976952, 0.135101, 293.75
6493, 0, 0.546782, 8.27721e-07, 0, 0, 0, 0, 0, 0.546783, 0, 0, 99.99, 0.976958, 0.134904, 293.75
6494, 0, 0.546995, 1.24847e-06, 0, 0, 0, 0, 0, 0.546996, 0, 0, 99.99, 0.976964, 0.134731, 293.75
6495, 0, 0.547209, 1.39556e-06, 0, 0, 0, 0, 0, 0.54721, 0, 0, 99.99, 0.97697, 0.134751, 293.75
6496, 0, 0.547425, 1.02729e-06, 0, 0, 0, 0, 0, 0.547426, 0, 0, 99.99, 0.976976, 0.13478, 293.75
6497, 0, 0.547641, 5.99624e-07, 0, 0, 0, 0, 0, 0.547642, 0, 0, 99.99, 0.976982, 0.134712, 293.75
6498, 0, 0.547856, 6.32981e-07, 0, 0, 0, 0, 0, 0.547856, 0, 0, 99.99, 0.976988, 0.134466, 293.75
6499, 0, 0.548067, 1.12023e-06, 0, 0, 0, 0, 0, 0.548068, 0, 0, 99.99, 0.976994, 0.133645, 293.75
6500, 0, 0.548278, 1.76488e-06, 0, 0, 0, 0, 0, 0.54828, 0, 0, 99.99, 0.976997, 0.132011, 293.75
6501, 0, 0.548486, 2.97327e-06, 0, 0, 0, 0, 0, 0.548489, 0, 0, 99.99, 0.976999, 0.131097, 293.749
6502, 0, 0.548689, 5.39788e-06, 0, 0, 0, 0, 0, 0.548694, 0, 0, 99.99, 0.977, 0.13219, 293.748
6503, 0, 0.548887, 8.6337e-06, 0, 0, 0, 0, 0, 0.548895, 0, 0, 99.99, 0.977, 0.133459, 293.748
6504, 0, 0.549085, 1.1866e-05, 0, 0, 0, 0, 0, 0.549096, 0, 0, 99.99, 0.977, 0.133705, 293.747
6505, 0, 0.549286, 1.43853e-05, 0, 0, 0, 0, 0, 0.5493, 0, 0, 99.99, 0.977, 0.133606, 293.746
6506, 0, 0.549493, 1.56915e-05, 0, 0, 0, 0, 0, 0.549509, 0, 0, 99.99, 0.977, 0.133721, 293.746
6507, 0, 0.549704, 1.64544e-05, 0, 0, 0, 0, 0, 0.54972, 0, 0, 99.99, 0.977, 0.133865, 293.745
6508, 0, 0.54991, 1.79849e-05, 0, 0, 0, 0, 0, 0.549928, 0, 0, 99.99, 0.977, 0.133865, 293.745
6509, 0, 0.550114, 1.98862e-05, 0, 0, 0, 0, 0, 0.550134, 0, 0, 99.99, 0.977, 0.133787, 293.744
6510, 0, 0.550328, 1.99719e-05, 0, 0, 0, 0, 0, 0.550347, 0, 0, 99.99, 0.977, 0.133675, 293.744
6511, 0, 0.550556, 1.69887e-05, 0, 0, 0, 0, 0, 0.550573, 0, 0, 99.99, 0.977, 0.133514, 293.745
6512, 0, 0.550792, 1.25795e-05, 0, 0, 0, 0, 0, 0.550804, 0, 0, 99.99, 0.977, 0.133367, 293.746
6513, 0, 0.551014, 1.08388e-05, 0, 0, 0, 0, 0, 0.551025, 0, 0, 99.99, 0.977, 0.133365, 293.747
6514, 0, 0.551221, 1.22116e-05, 0, 0, 0, 0, 0, 0.551233, 0, 0, 99.99, 0.977, 0.133401, 293.747
6515, 0, 0.551432, 1.2685e-05, 0, 0, 0, 0, 0, 0.551445, 0, 0, 99.99, 0.977, 0.133359, 293.746
6516, 0, 0.551654, 1.08124e-05, 0, 0, 0, 0, 0, 0.551665, 0, 0, 99.99, 0.977, 0.133244, 293.747
6517, 0, 0.551885, 7.38743e-06, 0, 0, 0, 0, 0, 0.551892, 0, 0, 99.99, 0.977, 0.133057, 293.748
6518, 0, 0.552116, 3.88344e-06, 0, 0, 0, 0, 0, 0.55212, 0, 0, 99.99, 0.977, 0.132902, 293.749
6519, 0, 0.552339, 1.84395e-06, 0, 0, 0, 0, 0, 0.552341, 0, 0, 99.99, 0.977, 0.132857, 293.749
6520, 0, 0.552554, 1.55138e-06, 0, 0, 0, 0, 0, 0.552556, 0, 0, 99.99, 0.977, 0.132772, 293.75
6521, 0, 0.552766, 1.79203e-06, 0, 0, 0, 0, 0, 0.552768, 0, 0, 99.99, 0.977, 0.132625, 293.749
6522, 0, 0.552978, 1.91854e-06, 0, 0, 0, 0, 0, 0.55298, 0, 0, 99.99, 0.977, 0.132551, 293.749
6523, 0, 0.553185, 3.23024e-06, 0, 0, 0, 0, 0, 0.553188, 0, 0, 99.99, 0.977, 0.132528, 293.749
6524, 0, 0.553381, 6.60107e-06, 0, 0, 0, 0, 0, 0.553388, 0, 0, 99.99, 0.977, 0.13245, 293.748
6525, 0, 0.553574, 1.06705e-05, 0, 0, 0, 0, 0, 0.553585, 0, 0, 99.99, 0.977, 0.132369, 293.747
6526, 0, 0.553775, 1.31315e-05, 0, 0, 0, 0, 0, 0.553788, 0, 0, 99.99, 0.977, 0.132309, 293.746
6527, 0, 0.553992, 1.23832e-05, 0, 0, 0, 0, 0, 0.554004, 0, 0, 99.99, 0.977, 0.132251, 293.747
6528, 0, 0.554221, 9.04168e-06, 0, 0, 0, 0, 0, 0.55423, 0, 0, 99.99, 0.977, 0.132225, 293.747
6529, 0, 0.554441, 7.59343e-06, 0, 0, 0, 0, 0, 0.554449, 0, 0, 99.99, 0.977, 0.132174, 293.748
6530, 0, 0.554632, 1.20104e-05, 0, 0, 0, 0, 0, 0.554644, 0, 0, 99.99, 0.977, 0.132034, 293.747
6531, 0, 0.554804, 2.02096e-05, 0, 0, 0, 0, 0, 0.554824, 0, 0, 99.99, 0.977, 0.131818, 293.744
6532, 0, 0.554979, 2.78736e-05, 0, 0, 0, 0, 0, 0.555007, 0, 0, 99.99, 0.977, 0.131642, 293.742
6533, 0, 0.555164, 3.33899e-05, 0, 0, 0, 0, 0, 0.555197, 0, 0, 99.99, 0.977, 0.131607, 293.741
6534, 0, 0.555359, 3.68405e-05, 0, 0, 0, 0, 0, 0.555396, 0, 0, 99.99, 0.977, 0.131684, 293.74
6535, 0, 0.555565, 3.82133e-05, 0, 0, 0, 0, 0, 0.555603, 0, 0, 99.99, 0.977, 0.131732, 293.739
6536, 0, 0.55578, 3.7761e-05, 0, 0, 0, 0, 0, 0.555818, 0, 0, 99.99, 0.977, 0.131684, 293.739
6537, 0, 0.556004, 3.5381e-05, 0, 0, 0, 0, 0, 0.55604, 0, 0, 99.99, 0.977, 0.131557, 293.74
6538, 0, 0.55624, 3.0627e-05, 0, 0, 0, 0, 0, 0.556271, 0, 0, 99.99, 0.977, 0.131402, 293.741
6539, 0, 0.556489, 2.34265e-05, 0, 0, 0, 0, 0, 0.556512, 0, 0, 99.99, 0.977, 0.131318, 293.743
6540, 0, 0.556743, 1.49478e-05, 0, 0, 0, 0, 0, 0.556758, 0, 0, 99.99, 0.977, 0.131272, 293.746
6541, 0, 0.55699, 7.91961e-06, 0, 0, 0, 0, 0, 0.556998, 0, 0, 99.99, 0.977, 0.131187, 293.748
6542, 0, 0.557217, 4.89598e-06, 0, 0, 0, 0, 0, 0.557222, 0, 0, 99.99, 0.977, 0.131118, 293.749
6543, 0, 0.557421, 6.56058e-06, 0, 0, 0, 0, 0, 0.557428, 0, 0, 99.99, 0.977, 0.131075, 293.748
6544, 0, 0.557616, 9.99918e-06, 0, 0, 0, 0, 0, 0.557626, 0, 0, 99.99, 0.977, 0.130987, 293.747
6545, 0, 0.557824, 1.07612e-05, 0, 0, 0, 0, 0, 0.557835, 0, 0, 99.99, 0.977, 0.130843, 293.747
6546, 0, 0.558051, 7.86156e-06, 0, 0, 0, 0, 0, 0.558059, 0, 0, 99.99, 0.977, 0.130724, 293.748
6547, 0, 0.558278, 4.78819e-06, 0, 0, 0, 0, 0, 0.558283, 0, 0, 99.99, 0.977, 0.130629, 293.749
6548, 0, 0.558487, 5.35295e-06, 0, 0, 0, 0, 0, 0.558493, 0, 0, 99.99, 0.977, 0.130511, 293.749
6549, 0, 0.55868, 9.30652e-06, 0, 0, 0, 0, 0, 0.558689, 0, 0, 99.99, 0.977, 0.130418, 293.747
6550, 0, 0.558872, 1.31487e-05, 0, 0, 0, 0, 0, 0.558886, 0, 0, 99.99, 0.977, 0.130326, 293.746
6551, 0, 0.559079, 1.41354e-05, 0, 0, 0, 0, 0, 0.559093, 0, 0, 99.99, 0.977, 0.130207, 293.746
6552, 0, 0.559301, 1.20185e-05, 0, 0, 0, 0, 0, 0.559313, 0, 0, 99.99, 0.977, 0.130177, 293.747
6553, 0, 0.559532, 8.14753e-06, 0, 0, 0, 0, 0, 0.559541, 0, 0, 99.99, 0.977, 0.130241, 293.748
6554, 0, 0.559763, 4.31381e-06, 0, 0, 0, 0, 0, 0.559767, 0, 0, 99.99, 0.977, 0.130249, 293.749
6555, 0, 0.559986, 2.05991e-06, 0, 0, 0, 0, 0, 0.559988, 0, 0, 99.99, 0.977, 0.130162, 293.749
6556, 0, 0.560198, 1.88706e-06, 0, 0, 0, 0, 0, 0.5602, 0, 0, 99.99, 0.977, 0.130017, 293.749
6557, 0, 0.560405, 2.89395e-06, 0, 0, 0, 0, 0, 0.560407, 0, 0, 99.99, 0.977, 0.129888, 293.749
6558, 0, 0.560607, 4.69466e-06, 0, 0, 0, 0, 0, 0.560612, 0, 0, 99.99, 0.977, 0.129812, 293.749
6559, 0, 0.560801, 8.19836e-06, 0, 0, 0, 0, 0, 0.56081, 0, 0, 99.99, 0.977, 0.129699, 293.748
6560, 0, 0.560992, 1.22369e-05, 0, 0, 0, 0, 0, 0.561005, 0, 0, 99.99, 0.977, 0.129569, 293.747
6561, 0, 0.561195, 1.40334e-05, 0, 0, 0, 0, 0, 0.561209, 0, 0, 99.99, 0.977, 0.129442, 293.746
6562, 0, 0.561414, 1.24847e-05, 0, 0, 0, 0, 0, 0.561426, 0, 0, 99.99, 0.977, 0.129122, 293.747
6563, 0, 0.56164, 9.39767e-06, 0, 0, 0, 0, 0, 0.56165, 0, 0, 99.99, 0.977, 0.128142, 293.747
6564, 0, 0.561861, 7.40965e-06, 0, 0, 0, 0, 0, 0.561869, 0, 0, 99.99, 0.977, 0.126542, 293.748
6565, 0, 0.56208, 5.88022e-06, 0, 0, 0, 0, 0, 0.562086, 0, 0, 99.99, 0.977, 0.126209, 293.748
6566, 0, 0.562302, 3.65358e-06, 0, 0, 0, 0, 0, 0.562306, 0, 0, 99.99, 0.977, 0.127609, 293.749
6567, 0, 0.562522, 1.91721e-06, 0, 0, 0, 0, 0, 0.562523, 0, 0, 99.99, 0.977, 0.128745, 293.749
6568, 0, 0.562733, 1.83202e-06, 0, 0, 0, 0, 0, 0.562735, 0, 0, 99.99, 0.977, 0.129057, 293.749
6569, 0, 0.562939, 2.8732e-06, 0, 0, 0, 0, 0, 0.562941, 0, 0, 99.99, 0.977, 0.129054, 293.749
6570, 0, 0.563146, 3.5258e-06, 0, 0, 0, 0, 0, 0.56315, 0, 0, 99.99, 0.977, 0.128967, 293.749
6571, 0, 0.56336, 2.98163e-06, 0, 0, 0, 0, 0, 0.563363, 0, 0, 99.99, 0.977, 0.128866, 293.749
6572, 0, 0.563577, 1.75478e-06, 0, 0, 0, 0, 0, 0.563579, 0, 0, 99.99, 0.977, 0.128765, 293.75
6573, 0, 0.563792, 8.63169e-07, 0, 0, 0, 0, 0, 0.563793, 0, 0, 99.99, 0.977, 0.128566, 293.75
6574, 0, 0.564002, 9.14229e-07, 0, 0, 0, 0, 0, 0.564003, 0, 0, 99.99, 0.977, 0.128331, 293.75
6575, 0, 0.564209, 1.7409e-06, 0, 0, 0, 0, 0, 0.56421, 0, 0, 99.99, 0.977, 0.128277, 293.75
6576, 0, 0.564416, 2.45705e-06, 0, 0, 0, 0, 0, 0.564418, 0, 0, 99.99, 0.977, 0.128365, 293.749
6577, 0, 0.564627, 2.29707e-06, 0, 0, 0, 0, 0, 0.564629, 0, 0, 99.99, 0.977, 0.128384, 293.749
6578, 0, 0.564839, 2.00944e-06, 0, 0, 0, 0, 0, 0.564841, 0, 0, 99.99, 0.977, 0.128301, 293.749
6579, 0, 0.565043, 3.27559e-06, 0, 0, 0, 0, 0, 0.565046, 0, 0, 99.99, 0.977, 0.128191, 293.749
6580, 0, 0.565238, 6.30576e-06, 0, 0, 0, 0, 0, 0.565244, 0, 0, 99.99, 0.977, 0.128099, 293.748
6581, 0, 0.565431, 9.85933e-06, 0, 0, 0, 0, 0, 0.565441, 0, 0, 99.99, 0.977, 0.12808, 293.747
6582, 0, 0.565624, 1.33164e-05, 0, 0, 0, 0, 0, 0.565637, 0, 0, 99.99, 0.977, 0.128054, 293.746
6583, 0, 0.565819, 1.63038e-05, 0, 0, 0, 0, 0, 0.565836, 0, 0, 99.99, 0.977, 0.127957, 293.745
6584, 0, 0.566022, 1.77278e-05, 0, 0, 0, 0, 0, 0.56604, 0, 0, 99.99, 0.977, 0.127873, 293.745
6585, 0, 0.566236, 1.69532e-05, 0, 0, 0, 0, 0, 0.566253, 0, 0, 99.99, 0.977, 0.127825, 293.745
6586, 0, 0.566461, 1.40519e-05, 0, 0, 0, 0, 0, 0.566475, 0, 0, 99.99, 0.977, 0.127723, 293.746
6587, 0, 0.566692, 9.64596e-06, 0, 0, 0, 0, 0, 0.566702, 0, 0, 99.99, 0.977, 0.127588, 293.747
6588, 0, 0.566925, 5.17267e-06, 0, 0, 0, 0, 0, 0.56693, 0, 0, 99.99, 0.977, 0.127526, 293.749
6589, 0, 0.567149, 2.27645e-06, 0, 0, 0, 0, 0, 0.567151, 0, 0, 99.99, 0.977, 0.127495, 293.749
6590, 0, 0.567363, 1.42292e-06, 0, 0, 0, 0, 0, 0.567364, 0, 0, 99.99, 0.977, 0.127387, 293.75
6591, 0, 0.567571, 1.8282e-06, 0, 0, 0, 0, 0, 0.567573, 0, 0, 99.99, 0.977, 0.127259, 293.75
6592, 0, 0.567779, 2.16224e-06, 0, 0, 0, 0, 0, 0.567781, 0, 0, 99.99, 0.977, 0.127203, 293.749
6593, 0, 0.567989, 2.07351e-06, 0, 0, 0, 0, 0, 0.567991, 0, 0, 99.99, 0.977, 0.127209, 293.749
6594, 0, 0.568197, 2.47069e-06, 0, 0, 0, 0, 0, 0.568199, 0, 0, 99.99, 0.977, 0.127195, 293.749
6595, 0, 0.568399, 3.92867e-06, 0, 0, 0, 0, 0, 0.568403, 0, 0, 99.99, 0.977, 0.127129, 293.749
6596, 0, 0.568596, 6.46919e-06, 0, 0, 0, 0, 0, 0.568602, 0, 0, 99.99, 0.977, 0.127043, 293.748
6597, 0, 0.568793, 8.82378e-06, 0, 0, 0, 0, 0, 0.568802, 0, 0, 99.99, 0.977, 0.126956, 293.748
6598, 0, 0.568998, 9.92309e-06, 0, 0, 0, 0, 0, 0.569007, 0, 0, 99.99, 0.977, 0.126837, 293.747
6599, 0, 0.569212, 8.85255e-06, 0, 0, 0, 0, 0, 0.569221, 0, 0, 99.99, 0.977, 0.126681, 293.748
6600, 0, 0.569435, 6.18133e-06, 0, 0, 0, 0, 0, 0.569441, 0, 0, 99.99, 0.977, 0.126544, 293.748
6601, 0, 0.569645, 5.90537e-06, 0, 0, 0, 0, 0, 0.569651, 0, 0, 99.99, 0.977, 0.12644, 293.748
6602, 0, 0.56983, 1.08327e-05, 0, 0, 0, 0, 0, 0.569841, 0, 0, 99.99, 0.977, 0.126295, 293.747
6603, 0, 0.569999, 1.88985e-05, 0, 0, 0, 0, 0, 0.570018, 0, 0, 99.99, 0.977, 0.126192, 293.745
6604, 0, 0.570173, 2.60587e-05, 0, 0, 0, 0, 0, 0.570199, 0, 0, 99.99, 0.977, 0.126234, 293.743
6605, 0, 0.57036, 3.05081e-05, 0, 0, 0, 0, 0, 0.57039, 0, 0, 99.99, 0.977, 0.126303, 293.742
6606, 0, 0.57056, 3.22704e-05, 0, 0, 0, 0, 0, 0.570593, 0, 0, 99.99, 0.977, 0.126297, 293.741
6607, 0, 0.570775, 3.11529e-05, 0, 0, 0, 0, 0, 0.570806, 0, 0, 99.99, 0.977, 0.126225, 293.741
6608, 0, 0.571003, 2.71741e-05, 0, 0, 0, 0, 0, 0.57103, 0, 0, 99.99, 0.977, 0.126105, 293.743
6609, 0, 0.571242, 2.10929e-05, 0, 0, 0, 0, 0, 0.571263, 0, 0, 99.99, 0.977, 0.125937, 293.744
6610, 0, 0.571486, 1.40343e-05, 0, 0, 0, 0, 0, 0.5715, 0, 0, 99.99, 0.977, 0.125802, 293.746
6611, 0, 0.571727, 7.52427e-06, 0, 0, 0, 0, 0, 0.571735, 0, 0, 99.99, 0.977, 0.125793, 293.748
6612, 0, 0.571955, 3.70232e-06, 0, 0, 0, 0, 0, 0.571958, 0, 0, 99.99, 0.977, 0.125819, 293.749
6613, 0, 0.572161, 4.11111e-06, 0, 0, 0, 0, 0, 0.572165, 0, 0, 99.99, 0.977, 0.125783, 293.749
6614, 0, 0.572349, 8.28398e-06, 0, 0, 0, 0, 0, 0.572357, 0, 0, 99.99, 0.977, 0.125689, 293.748
6615, 0, 0.57253, 1.38796e-05, 0, 0, 0, 0, 0, 0.572544, 0, 0, 99.99, 0.977, 0.125555, 293.746
6616, 0, 0.572716, 1.85433e-05, 0, 0, 0, 0, 0, 0.572734, 0, 0, 99.99, 0.977, 0.125453, 293.745
6617, 0, 0.572912, 2.09103e-05, 0, 0, 0, 0, 0, 0.572933, 0, 0, 99.99, 0.977, 0.125412, 293.744
6618, 0, 0.573126, 1.98755e-05, 0, 0, 0, 0, 0, 0.573146, 0, 0, 99.99, 0.977, 0.125312, 293.745
6619, 0, 0.573356, 1.537e-05, 0, 0, 0, 0, 0, 0.573372, 0, 0, 99.99, 0.977, 0.12514, 293.746
6620, 0, 0.573589, 1.0493e-05, 0, 0, 0, 0, 0, 0.573599, 0, 0, 99.99, 0.977, 0.125056, 293.747
6621, 0, 0.573805, 8.84623e-06, 0, 0, 0, 0, 0, 0.573814, 0, 0, 99.99, 0.977, 0.125079, 293.748
6622, 0, 0.574019, 7.74493e-06, 0, 0, 0, 0, 0, 0.574027, 0, 0, 99.99, 0.977, 0.12507, 293.748
6623, 0, 0.574241, 4.95513e-06, 0, 0, 0, 0, 0, 0.574246, 0, 0, 99.99, 0.977, 0.124972, 293.749
6624, 0, 0.574455, 3.70695e-06, 0, 0, 0, 0, 0, 0.574459, 0, 0, 99.99, 0.977, 0.124844, 293.749
6625, 0, 0.574654, 5.45148e-06, 0, 0, 0, 0, 0, 0.57466, 0, 0, 99.99, 0.977, 0.124761, 293.749
6626, 0, 0.574854, 7.13202e-06, 0, 0, 0, 0, 0, 0.574861, 0, 0, 99.99, 0.977, 0.124713, 293.748
6627, 0, 0.575067, 6.1399e-06, 0, 0, 0, 0, 0, 0.575073, 0, 0, 99.99, 0.977, 0.124667, 293.748
6628, 0, 0.575287, 3.65024e-06, 0, 0, 0, 0, 0, 0.575291, 0, 0, 99.99, 0.977, 0.124609, 293.749
6629, 0, 0.575502, 2.21201e-06, 0, 0, 0, 0, 0, 0.575504, 0, 0, 99.99, 0.977, 0.124496, 293.749
6630, 0, 0.575709, 2.32151e-06, 0, 0, 0, 0, 0, 0.575711, 0, 0, 99.99, 0.977, 0.124274, 293.749
6631, 0, 0.575916, 2.5169e-06, 0, 0, 0, 0, 0, 0.575918, 0, 0, 99.99, 0.977, 0.124097, 293.749
6632, 0, 0.576125, 2.1606e-06, 0, 0, 0, 0, 0, 0.576128, 0, 0, 99.99, 0.977, 0.124115, 293.749
6633, 0, 0.576336, 1.59703e-06, 0, 0, 0, 0, 0, 0.576337, 0, 0, 99.99, 0.977, 0.124184, 293.75
6634, 0, 0.576546, 9.7981e-07, 0, 0, 0, 0, 0, 0.576547, 0, 0, 99.99, 0.977, 0.124285, 293.75
6635, 0, 0.576756, 5.44464e-07, 0, 0, 0, 0, 0, 0.576756, 0, 0, 99.99, 0.977, 0.124534, 293.75
6636, 0, 0.576964, 4.94287e-07, 0, 0, 0, 0, 0, 0.576964, 0, 0, 99.99, 0.977, 0.12429, 293.75
6637, 0, 0.577169, 8.29573e-07, 0, 0, 0, 0, 0, 0.57717, 0, 0, 99.99, 0.977, 0.122656, 293.75
6638, 0, 0.577374, 1.41641e-06, 0, 0, 0, 0, 0, 0.577375, 0, 0, 99.99, 0.977, 0.120799, 293.75
6639, 0, 0.577579, 1.76573e-06, 0, 0, 0, 0, 0, 0.577581, 0, 0, 99.99, 0.977, 0.120926, 293.75
6640, 0, 0.577788, 1.44882e-06, 0, 0, 0, 0, 0, 0.577789, 0, 0, 99.99, 0.977, 0.122375, 293.75
6641, 0, 0.577998, 8.57979e-07, 0, 0, 0, 0, 0, 0.577999, 0, 0, 99.99, 0.977, 0.123256, 293.75
6642, 0, 0.578206, 7.65526e-07, 0, 0, 0, 0, 0, 0.578207, 0, 0, 99.99, 0.977, 0.123463, 293.75
6643, 0, 0.578409, 1.60286e-06, 0, 0, 0, 0, 0, 0.57841, 0, 0, 99.99, 0.977, 0.123443, 293.75
6644, 0, 0.578607, 3.369e-06, 0, 0, 0, 0, 0, 0.57861, 0, 0, 99.99, 0.977, 0.123354, 293.749
6645, 0, 0.578801, 5.86726e-06, 0, 0, 0, 0, 0, 0.578807, 0, 0, 99.99, 0.977, 0.123282, 293.748
6646, 0, 0.578993, 8.8998e-06, 0, 0, 0, 0, 0, 0.579002, 0, 0, 99.99, 0.977, 0.123226, 293.748
6647, 0, 0.579184, 1.22344e-05, 0, 0, 0, 0, 0, 0.579196, 0, 0, 99.99, 0.977, 0.123156, 293.747
6648, 0, 0.579374, 1.54972e-05, 0, 0, 0, 0, 0, 0.57939, 0, 0, 99.99, 0.977, 0.12308, 293.746
6649, 0, 0.579565, 1.87523e-05, 0, 0, 0, 0, 0, 0.579584, 0, 0, 99.99, 0.977, 0.122958, 293.745
6650, 0, 0.579753, 2.25094e-05, 0, 0, 0, 0, 0, 0.579776, 0, 0, 99.99, 0.977, 0.122878, 293.744
6651, 0, 0.57994, 2.64023e-05, 0, 0, 0, 0, 0, 0.579967, 0, 0, 99.99, 0.977, 0.122862, 293.743
6652, 0, 0.580131, 2.96382e-05, 0, 0, 0, 0, 0, 0.580161, 0, 0, 99.99, 0.977, 0.122804, 293.742
6653, 0, 0.580328, 3.16405e-05, 0, 0, 0, 0, 0, 0.580359, 0, 0, 99.99, 0.977, 0.12276, 293.741
6654, 0, 0.580531, 3.2193e-05, 0, 0, 0, 0, 0, 0.580564, 0, 0, 99.99, 0.977, 0.12274, 293.741
6655, 0, 0.58074, 3.18281e-05, 0, 0, 0, 0, 0, 0.580772, 0, 0, 99.99, 0.977, 0.122685, 293.741
6656, 0, 0.58096, 2.90718e-05, 0, 0, 0, 0, 0, 0.580989, 0, 0, 99.99, 0.977, 0.122577, 293.742
6657, 0, 0.581202, 2.17856e-05, 0, 0, 0, 0, 0, 0.581224, 0, 0, 99.99, 0.977, 0.122446, 293.744
6658, 0, 0.581448, 1.3764e-05, 0, 0, 0, 0, 0, 0.581462, 0, 0, 99.99, 0.977, 0.122346, 293.746
6659, 0, 0.581661, 1.24144e-05, 0, 0, 0, 0, 0, 0.581673, 0, 0, 99.99, 0.977, 0.122269, 293.747
6660, 0, 0.581842, 1.7361e-05, 0, 0, 0, 0, 0, 0.58186, 0, 0, 99.99, 0.977, 0.122195, 293.745
6661, 0, 0.582026, 2.2028e-05, 0, 0, 0, 0, 0, 0.582048, 0, 0, 99.99, 0.977, 0.122127, 293.744
6662, 0, 0.582216, 2.5225e-05, 0, 0, 0, 0, 0, 0.582241, 0, 0, 99.99, 0.977, 0.122089, 293.743
6663, 0, 0.582419, 2.57287e-05, 0, 0, 0, 0, 0, 0.582445, 0, 0, 99.99, 0.977, 0.122054, 293.743
6664, 0, 0.58264, 2.28421e-05, 0, 0, 0, 0, 0, 0.582662, 0, 0, 99.99, 0.977, 0.121975, 293.744
6665, 0, 0.582855, 2.08924e-05, 0, 0, 0, 0, 0, 0.582876, 0, 0, 99.99, 0.977, 0.121887, 293.744
6666, 0, 0.583063, 2.04112e-05, 0, 0, 0, 0, 0, 0.583084, 0, 0, 99.99, 0.977, 0.121846, 293.744
6667, 0, 0.583273, 1.96186e-05, 0, 0, 0, 0, 0, 0.583293, 0, 0, 99.99, 0.977, 0.12181, 293.745
6668, 0, 0.583492, 1.68996e-05, 0, 0, 0, 0, 0, 0.583509, 0, 0, 99.99, 0.977, 0.121746, 293.745
6669, 0, 0.583722, 1.20902e-05, 0, 0, 0, 0, 0, 0.583734, 0, 0, 99.99, 0.977, 0.121649, 293.747
6670, 0, 0.583953, 6.92126e-06, 0, 0, 0, 0, 0, 0.58396, 0, 0, 99.99, 0.977, 0.121555, 293.748
6671, 0, 0.584177, 3.22137e-06, 0, 0, 0, 0, 0, 0.58418, 0, 0, 99.99, 0.977, 0.121505, 293.749
6672, 0, 0.584388, 2.10724e-06, 0, 0, 0, 0, 0, 0.58439, 0, 0, 99.99, 0.977, 0.121437, 293.749
6673, 0, 0.584585, 3.74787e-06, 0, 0, 0, 0, 0, 0.584589, 0, 0, 99.99, 0.977, 0.121301, 293.749
6674, 0, 0.584772, 7.42816e-06, 0, 0, 0, 0, 0, 0.58478, 0, 0, 99.99, 0.977, 0.121145, 293.748
6675, 0, 0.584956, 1.17958e-05, 0, 0, 0, 0, 0, 0.584968, 0, 0, 99.99, 0.977, 0.121045, 293.747
6676, 0, 0.585144, 1.525e-05, 0, 0, 0, 0, 0, 0.585159, 0, 0, 99.99, 0.977, 0.121034, 293.746
6677, 0, 0.585342, 1.67475e-05, 0, 0, 0, 0, 0, 0.585359, 0, 0, 99.99, 0.977, 0.121026, 293.745
6678, 0, 0.585551, 1.59882e-05, 0, 0, 0, 0, 0, 0.585567, 0, 0, 99.99, 0.977, 0.120948, 293.746
6679, 0, 0.585769, 1.33209e-05, 0, 0, 0, 0, 0, 0.585782, 0, 0, 99.99, 0.977, 0.120852, 293.746
6680, 0, 0.585993, 9.5991e-06, 0, 0, 0, 0, 0, 0.586002, 0, 0, 99.99, 0.977, 0.120815, 293.747
6681, 0, 0.586216, 5.81864e-06, 0, 0, 0, 0, 0, 0.586222, 0, 0, 99.99, 0.977, 0.120791, 293.748
6682, 0, 0.586436, 2.85371e-06, 0, 0, 0, 0, 0, 0.586439, 0, 0, 99.99, 0.977, 0.120736, 293.749
6683, 0, 0.586648, 1.32482e-06, 0, 0, 0, 0, 0, 0.58665, 0, 0, 99.99, 0.977, 0.120652, 293.75
6684, 0, 0.586852, 1.53474e-06, 0, 0, 0, 0, 0, 0.586854, 0, 0, 99.99, 0.977, 0.120558, 293.75
6685, 0, 0.587047, 3.45814e-06, 0, 0, 0, 0, 0, 0.587051, 0, 0, 99.99, 0.977, 0.120499, 293.749
6686, 0, 0.587235, 6.90693e-06, 0, 0, 0, 0, 0, 0.587242, 0, 0, 99.99, 0.977, 0.120443, 293.748
6687, 0, 0.587416, 1.16637e-05, 0, 0, 0, 0, 0, 0.587428, 0, 0, 99.99, 0.977, 0.120341, 293.747
6688, 0, 0.587593, 1.72903e-05, 0, 0, 0, 0, 0, 0.58761, 0, 0, 99.99, 0.977, 0.120243, 293.745
6689, 0, 0.587768, 2.32768e-05, 0, 0, 0, 0, 0, 0.587791, 0, 0, 99.99, 0.977, 0.120174, 293.744
6690, 0, 0.587943, 2.93372e-05, 0, 0, 0, 0, 0, 0.587972, 0, 0, 99.99, 0.977, 0.120094, 293.742
6691, 0, 0.588118, 3.52066e-05, 0, 0, 0, 0, 0, 0.588153, 0, 0, 99.99, 0.977, 0.12002, 293.741
6692, 0, 0.588296, 4.05501e-05, 0, 0, 0, 0, 0, 0.588337, 0, 0, 99.99, 0.977, 0.119944, 293.739
6693, 0, 0.588478, 4.50897e-05, 0, 0, 0, 0, 0, 0.588523, 0, 0, 99.99, 0.977, 0.119884, 293.738
6694, 0, 0.588666, 4.83871e-05, 0, 0, 0, 0, 0, 0.588715, 0, 0, 99.99, 0.977, 0.119871, 293.737
6695, 0, 0.588866, 4.93092e-05, 0, 0, 0, 0, 0, 0.588915, 0, 0, 99.99, 0.977, 0.119844, 293.737
6696, 0, 0.58908, 4.72287e-05, 0, 0, 0, 0, 0, 0.589127, 0, 0, 99.99, 0.977, 0.119786, 293.737
6697, 0, 0.589294, 4.51961e-05, 0, 0, 0, 0, 0, 0.589339, 0, 0, 99.99, 0.977, 0.119715, 293.738
6698, 0, 0.589494, 4.60926e-05, 0, 0, 0, 0, 0, 0.58954, 0, 0, 99.99, 0.977, 0.119631, 293.738
6699, 0, 0.58969, 4.77511e-05, 0, 0, 0, 0, 0, 0.589738, 0, 0, 99.99, 0.977, 0.119522, 293.737
6700, 0, 0.589899, 4.66753e-05, 0, 0, 0, 0, 0, 0.589946, 0, 0, 99.99, 0.977, 0.119383, 293.737
6701, 0, 0.590122, 4.28131e-05, 0, 0, 0, 0, 0, 0.590165, 0, 0, 99.99, 0.977, 0.119249, 293.739
6702, 0, 0.590351, 3.77386e-05, 0, 0, 0, 0, 0, 0.590389, 0, 0, 99.99, 0.977, 0.11915, 293.74
6703, 0, 0.590588, 3.09449e-05, 0, 0, 0, 0, 0, 0.590619, 0, 0, 99.99, 0.977, 0.119093, 293.742
6704, 0, 0.590835, 2.22111e-05, 0, 0, 0, 0, 0, 0.590858, 0, 0, 99.99, 0.977, 0.119076, 293.744
6705, 0, 0.591082, 1.34108e-05, 0, 0, 0, 0, 0, 0.591096, 0, 0, 99.99, 0.977, 0.119043, 293.746
6706, 0, 0.591318, 6.9848e-06, 0, 0, 0, 0, 0, 0.591325, 0, 0, 99.99, 0.977, 0.119001, 293.748
6707, 0, 0.591539, 3.43779e-06, 0, 0, 0, 0, 0, 0.591542, 0, 0, 99.99, 0.977, 0.118975, 293.749
6708, 0, 0.591746, 2.63918e-06, 0, 0, 0, 0, 0, 0.591749, 0, 0, 99.99, 0.977, 0.118918, 293.749
6709, 0, 0.591944, 3.90936e-06, 0, 0, 0, 0, 0, 0.591947, 0, 0, 99.99, 0.977, 0.118814, 293.749
6710, 0, 0.592142, 4.80311e-06, 0, 0, 0, 0, 0, 0.592147, 0, 0, 99.99, 0.977, 0.118709, 293.749
6711, 0, 0.592351, 3.82796e-06, 0, 0, 0, 0, 0, 0.592354, 0, 0, 99.99, 0.977, 0.118632, 293.749
6712, 0, 0.59256, 2.60852e-06, 0, 0, 0, 0, 0, 0.592562, 0, 0, 99.99, 0.977, 0.118572, 293.749
6713, 0, 0.592763, 2.72607e-06, 0, 0, 0, 0, 0, 0.592765, 0, 0, 99.99, 0.977, 0.118536, 293.749
6714, 0, 0.592963, 3.27047e-06, 0, 0, 0, 0, 0, 0.592966, 0, 0, 99.99, 0.977, 0.118496, 293.749
6715, 0, 0.593162, 4.16771e-06, 0, 0, 0, 0, 0, 0.593166, 0, 0, 99.99, 0.977, 0.118419, 293.749
6716, 0, 0.593348, 7.65281e-06, 0, 0, 0, 0, 0, 0.593355, 0, 0, 99.99, 0.977, 0.118308, 293.748
6717, 0, 0.593519, 1.40829e-05, 0, 0, 0, 0, 0, 0.593533, 0, 0, 99.99, 0.977, 0.118226, 293.746
6718, 0, 0.593695, 1.96255e-05, 0, 0, 0, 0, 0, 0.593714, 0, 0, 99.99, 0.977, 0.118174, 293.745
6719, 0, 0.593891, 2.08124e-05, 0, 0, 0, 0, 0, 0.593912, 0, 0, 99.99, 0.977, 0.118067, 293.744
6720, 0, 0.59411, 1.75958e-05, 0, 0, 0, 0, 0, 0.594128, 0, 0, 99.99, 0.977, 0.117898, 293.745
6721, 0, 0.594341, 1.19487e-05, 0, 0, 0, 0, 0, 0.594353, 0, 0, 99.99, 0.977, 0.11773, 293.747
6722, 0, 0.594571, 6.38649e-06, 0, 0, 0, 0, 0, 0.594577, 0, 0, 99.99, 0.977, 0.117334, 293.748
6723, 0, 0.594789, 3.20137e-06, 0, 0, 0, 0, 0, 0.594792, 0, 0, 99.99, 0.977, 0.116161, 293.749
6724, 0, 0.594989, 3.72302e-06, 0, 0, 0, 0, 0, 0.594993, 0, 0, 99.99, 0.977, 0.114699, 293.749
6725, 0, 0.595172, 7.71433e-06, 0, 0, 0, 0, 0, 0.59518, 0, 0, 99.99, 0.977, 0.114824, 293.748
6726, 0, 0.595348, 1.30948e-05, 0, 0, 0, 0, 0, 0.595361, 0, 0, 99.99, 0.977, 0.116212, 293.746
6727, 0, 0.595536, 1.61167e-05, 0, 0, 0, 0, 0, 0.595552, 0, 0, 99.99, 0.977, 0.117086, 293.746
6728, 0, 0.595741, 1.55928e-05, 0, 0, 0, 0, 0, 0.595756, 0, 0, 99.99, 0.977, 0.117324, 293.746
6729, 0, 0.595927, 1.87897e-05, 0, 0, 0, 0, 0, 0.595946, 0, 0, 99.99, 0.977, 0.117362, 293.745
6730, 0, 0.596067, 3.14727e-05, 0, 0, 0, 0, 0, 0.596099, 0, 0, 99.99, 0.977, 0.117306, 293.742
6731, 0, 0.596192, 4.71339e-05, 0, 0, 0, 0, 0, 0.596239, 0, 0, 99.99, 0.977, 0.117158, 293.737
6732, 0, 0.596346, 5.68843e-05, 0, 0, 0, 0, 0, 0.596403, 0, 0, 99.99, 0.977, 0.117025, 293.735
6733, 0, 0.596538, 5.90443e-05, 0, 0, 0, 0, 0, 0.596597, 0, 0, 99.99, 0.977, 0.117027, 293.734
6734, 0, 0.596727, 6.1654e-05, 0, 0, 0, 0, 0, 0.596788, 0, 0, 99.99, 0.977, 0.117071, 293.734
6735, 0, 0.596885, 7.05198e-05, 0, 0, 0, 0, 0, 0.596955, 0, 0, 99.99, 0.977, 0.117052, 293.731
6736, 0, 0.597046, 7.88342e-05, 0, 0, 0, 0, 0, 0.597125, 0, 0, 99.99, 0.977, 0.116991, 293.729
6737, 0, 0.597237, 8.10044e-05, 0, 0, 0, 0, 0, 0.597318, 0, 0, 99.99, 0.977, 0.11692, 293.728
6738, 0, 0.597446, 7.94898e-05, 0, 0, 0, 0, 0, 0.597526, 0, 0, 99.99, 0.977, 0.116839, 293.729
6739, 0, 0.59763, 8.31945e-05, 0, 0, 0, 0, 0, 0.597713, 0, 0, 99.99, 0.977, 0.116735, 293.728
6740, 0, 0.59778, 9.36936e-05, 0, 0, 0, 0, 0, 0.597873, 0, 0, 99.99, 0.977, 0.116637, 293.725
6741, 0, 0.597949, 0.00010034, 0, 0, 0, 0, 0, 0.598049, 0, 0, 99.99, 0.977, 0.116593, 293.723
6742, 0, 0.598152, 9.99604e-05, 0, 0, 0, 0, 0, 0.598252, 0, 0, 99.99, 0.977, 0.116575, 293.723
6743, 0, 0.598368, 9.70421e-05, 0, 0, 0, 0, 0, 0.598465, 0, 0, 99.99, 0.977, 0.116532, 293.724
6744, 0, 0.598607, 8.93943e-05, 0, 0, 0, 0, 0, 0.598697, 0, 0, 99.99, 0.977, 0.116456, 293.726
6745, 0, 0.598871, 7.66864e-05, 0, 0, 0, 0, 0, 0.598948, 0, 0, 99.99, 0.977, 0.116349, 293.73
6746, 0, 0.599121, 6.69237e-05, 0, 0, 0, 0, 0, 0.599188, 0, 0, 99.99, 0.977, 0.116246, 293.732
6747, 0, 0.599375, 5.61783e-05, 0, 0, 0, 0, 0, 0.599431, 0, 0, 99.99, 0.977, 0.116192, 293.735
6748, 0, 0.599659, 3.9427e-05, 0, 0, 0, 0, 0, 0.599698, 0, 0, 99.99, 0.977, 0.116134, 293.74
6749, 0, 0.599934, 2.45176e-05, 0, 0, 0, 0, 0, 0.599958, 0, 0, 99.99, 0.977, 0.116045, 293.743
6750, 0, 0.600183, 1.47816e-05, 0, 0, 0, 0, 0, 0.600198, 0, 0, 99.99, 0.977, 0.115958, 293.746
6751, 0, 0.600402, 1.1144e-05, 0, 0, 0, 0, 0, 0.600413, 0, 0, 99.99, 0.977, 0.115895, 293.747
6752, 0, 0.600568, 1.81358e-05, 0, 0, 0, 0, 0, 0.600586, 0, 0, 99.99, 0.977, 0.115842, 293.745
6753, 0, 0.600692, 3.38737e-05, 0, 0, 0, 0, 0, 0.600726, 0, 0, 99.99, 0.977, 0.115786, 293.741
6754, 0, 0.600817, 4.92467e-05, 0, 0, 0, 0, 0, 0.600866, 0, 0, 99.99, 0.977, 0.115723, 293.737
6755, 0, 0.600968, 5.92608e-05, 0, 0, 0, 0, 0, 0.601028, 0, 0, 99.99, 0.977, 0.115641, 293.734
6756, 0, 0.601113, 7.0637e-05, 0, 0, 0, 0, 0, 0.601184, 0, 0, 99.99, 0.977, 0.115575, 293.731
6757, 0, 0.601241, 8.5394e-05, 0, 0, 0, 0, 0, 0.601326, 0, 0, 99.99, 0.977, 0.115536, 293.727
6758, 0, 0.601391, 9.55487e-05, 0, 0, 0, 0, 0, 0.601487, 0, 0, 99.99, 0.977, 0.115481, 293.725
6759, 0, 0.601574, 9.91814e-05, 0, 0, 0, 0, 0, 0.601673, 0, 0, 99.99, 0.977, 0.115391, 293.724
6760, 0, 0.601776, 9.88956e-05, 0, 0, 0, 0, 0, 0.601875, 0, 0, 99.99, 0.977, 0.115277, 293.724
6761, 0, 0.601987, 9.68647e-05, 0, 0, 0, 0, 0, 0.602084, 0, 0, 99.99, 0.977, 0.11516, 293.724
6762, 0, 0.602201, 9.41403e-05, 0, 0, 0, 0, 0, 0.602295, 0, 0, 99.99, 0.977, 0.115063, 293.725
6763, 0, 0.602425, 8.93673e-05, 0, 0, 0, 0, 0, 0.602514, 0, 0, 99.99, 0.977, 0.115013, 293.726
6764, 0, 0.602668, 8.05856e-05, 0, 0, 0, 0, 0, 0.602749, 0, 0, 99.99, 0.977, 0.115, 293.729
6765, 0, 0.60292, 7.01898e-05, 0, 0, 0, 0, 0, 0.60299, 0, 0, 99.99, 0.977, 0.114953, 293.731
6766, 0, 0.603152, 6.37706e-05, 0, 0, 0, 0, 0, 0.603215, 0, 0, 99.99, 0.977, 0.114847, 293.733
6767, 0, 0.603376, 5.88999e-05, 0, 0, 0, 0, 0, 0.603435, 0, 0, 99.99, 0.977, 0.114695, 293.734
6768, 0, 0.603618, 5.03707e-05, 0, 0, 0, 0, 0, 0.603668, 0, 0, 99.99, 0.977, 0.114506, 293.737
6769, 0, 0.603873, 3.91465e-05, 0, 0, 0, 0, 0, 0.603912, 0, 0, 99.99, 0.977, 0.114173, 293.74
6770, 0, 0.604127, 2.81664e-05, 0, 0, 0, 0, 0, 0.604155, 0, 0, 99.99, 0.977, 0.113341, 293.743
6771, 0, 0.604377, 1.80721e-05, 0, 0, 0, 0, 0, 0.604395, 0, 0, 99.99, 0.977, 0.111892, 293.745
6772, 0, 0.60462, 9.31473e-06, 0, 0, 0, 0, 0, 0.604629, 0, 0, 99.99, 0.977, 0.111081, 293.748
6773, 0, 0.604847, 3.79117e-06, 0, 0, 0, 0, 0, 0.604851, 0, 0, 99.99, 0.977, 0.111963, 293.749
6774, 0, 0.605054, 2.29432e-06, 0, 0, 0, 0, 0, 0.605056, 0, 0, 99.99, 0.977, 0.113228, 293.749
6775, 0, 0.605243, 4.50697e-06, 0, 0, 0, 0, 0, 0.605247, 0, 0, 99.99, 0.977, 0.113815, 293.749
6776, 0, 0.605415, 1.00188e-05, 0, 0, 0, 0, 0, 0.605425, 0, 0, 99.99, 0.977, 0.11397, 293.747
6777, 0, 0.60558, 1.71163e-05, 0, 0, 0, 0, 0, 0.605597, 0, 0, 99.99, 0.977, 0.113998, 293.745
6778, 0, 0.605749, 2.32013e-05, 0, 0, 0, 0, 0, 0.605773, 0, 0, 99.99, 0.977, 0.113979, 293.744
6779, 0, 0.605933, 2.63806e-05, 0, 0, 0, 0, 0, 0.60596, 0, 0, 99.99, 0.977, 0.113956, 293.743
6780, 0, 0.606135, 2.59126e-05, 0, 0, 0, 0, 0, 0.606161, 0, 0, 99.99, 0.977, 0.113914, 293.743
6781, 0, 0.606354, 2.18401e-05, 0, 0, 0, 0, 0, 0.606376, 0, 0, 99.99, 0.977, 0.113834, 293.744
6782, 0, 0.606584, 1.56052e-05, 0, 0, 0, 0, 0, 0.6066, 0, 0, 99.99, 0.977, 0.113786, 293.746
6783, 0, 0.606809, 1.0342e-05, 0, 0, 0, 0, 0, 0.60682, 0, 0, 99.99, 0.977, 0.113783, 293.747
6784, 0, 0.607025, 6.90701e-06, 0, 0, 0, 0, 0, 0.607032, 0, 0, 99.99, 0.977, 0.11376, 293.748
6785, 0, 0.607239, 3.94242e-06, 0, 0, 0, 0, 0, 0.607243, 0, 0, 99.99, 0.977, 0.113701, 293.749
6786, 0, 0.607448, 1.92716e-06, 0, 0, 0, 0, 0, 0.60745, 0, 0, 99.99, 0.977, 0.113622, 293.749
6787, 0, 0.607647, 1.89466e-06, 0, 0, 0, 0, 0, 0.607649, 0, 0, 99.99, 0.977, 0.11353, 293.749
6788, 0, 0.607838, 3.53708e-06, 0, 0, 0, 0, 0, 0.607842, 0, 0, 99.99, 0.977, 0.113451, 293.749
6789, 0, 0.608028, 5.3518e-06, 0, 0, 0, 0, 0, 0.608033, 0, 0, 99.99, 0.977, 0.113394, 293.749
6790, 0, 0.608225, 5.78197e-06, 0, 0, 0, 0, 0, 0.60823, 0, 0, 99.99, 0.977, 0.113328, 293.748
6791, 0, 0.60843, 4.49172e-06, 0, 0, 0, 0, 0, 0.608434, 0, 0, 99.99, 0.977, 0.113264, 293.749
6792, 0, 0.608638, 2.54095e-06, 0, 0, 0, 0, 0, 0.608641, 0, 0, 99.99, 0.977, 0.113199, 293.749
6793, 0, 0.608842, 1.3306e-06, 0, 0, 0, 0, 0, 0.608844, 0, 0, 99.99, 0.977, 0.113122, 293.75
6794, 0, 0.609041, 1.45061e-06, 0, 0, 0, 0, 0, 0.609042, 0, 0, 99.99, 0.977, 0.113051, 293.75
6795, 0, 0.609233, 2.5987e-06, 0, 0, 0, 0, 0, 0.609236, 0, 0, 99.99, 0.977, 0.112982, 293.749
6796, 0, 0.609419, 5.20154e-06, 0, 0, 0, 0, 0, 0.609424, 0, 0, 99.99, 0.977, 0.112936, 293.749
6797, 0, 0.609592, 1.03188e-05, 0, 0, 0, 0, 0, 0.609603, 0, 0, 99.99, 0.977, 0.112911, 293.747
6798, 0, 0.609757, 1.71626e-05, 0, 0, 0, 0, 0, 0.609774, 0, 0, 99.99, 0.977, 0.112873, 293.745
6799, 0, 0.609921, 2.41784e-05, 0, 0, 0, 0, 0, 0.609945, 0, 0, 99.99, 0.977, 0.112816, 293.744
6800, 0, 0.610088, 3.04521e-05, 0, 0, 0, 0, 0, 0.610118, 0, 0, 99.99, 0.977, 0.112752, 293.742
6801, 0, 0.610261, 3.5413e-05, 0, 0, 0, 0, 0, 0.610297, 0, 0, 99.99, 0.977, 0.112678, 293.741
6802, 0, 0.610438, 3.97847e-05, 0, 0, 0, 0, 0, 0.610478, 0, 0, 99.99, 0.977, 0.112587, 293.74
6803, 0, 0.610603, 4.65391e-05, 0, 0, 0, 0, 0, 0.610649, 0, 0, 99.99, 0.977, 0.112496, 293.738
6804, 0, 0.610762, 5.45108e-05, 0, 0, 0, 0, 0, 0.610816, 0, 0, 99.99, 0.977, 0.112413, 293.736
6805, 0, 0.610938, 5.88645e-05, 0, 0, 0, 0, 0, 0.610997, 0, 0, 99.99, 0.977, 0.112307, 293.735
6806, 0, 0.611121, 6.18591e-05, 0, 0, 0, 0, 0, 0.611183, 0, 0, 99.99, 0.977, 0.112215, 293.734
6807, 0, 0.611288, 6.8218e-05, 0, 0, 0, 0, 0, 0.611356, 0, 0, 99.99, 0.977, 0.11219, 293.732
6808, 0, 0.611453, 7.48692e-05, 0, 0, 0, 0, 0, 0.611528, 0, 0, 99.99, 0.977, 0.112181, 293.73
6809, 0, 0.611637, 7.75999e-05, 0, 0, 0, 0, 0, 0.611715, 0, 0, 99.99, 0.977, 0.11213, 293.73
6810, 0, 0.61184, 7.644e-05, 0, 0, 0, 0, 0, 0.611917, 0, 0, 99.99, 0.977, 0.112061, 293.73
6811, 0, 0.612054, 7.3067e-05, 0, 0, 0, 0, 0, 0.612128, 0, 0, 99.99, 0.977, 0.111989, 293.731
6812, 0, 0.612288, 6.56856e-05, 0, 0, 0, 0, 0, 0.612354, 0, 0, 99.99, 0.977, 0.111906, 293.733
6813, 0, 0.612545, 5.36384e-05, 0, 0, 0, 0, 0, 0.612599, 0, 0, 99.99, 0.977, 0.111842, 293.736
6814, 0, 0.61277, 4.81135e-05, 0, 0, 0, 0, 0, 0.612818, 0, 0, 99.99, 0.977, 0.111801, 293.737
6815, 0, 0.612942, 5.31528e-05, 0, 0, 0, 0, 0, 0.612995, 0, 0, 99.99, 0.977, 0.11174, 293.736
6816, 0, 0.613128, 5.5464e-05, 0, 0, 0, 0, 0, 0.613184, 0, 0, 99.99, 0.977, 0.111669, 293.736
6817, 0, 0.613357, 4.89386e-05, 0, 0, 0, 0, 0, 0.613406, 0, 0, 99.99, 0.977, 0.111608, 293.737
6818, 0, 0.613587, 4.22317e-05, 0, 0, 0, 0, 0, 0.61363, 0, 0, 99.99, 0.977, 0.111536, 293.739
6819, 0, 0.613796, 3.98369e-05, 0, 0, 0, 0, 0, 0.613836, 0, 0, 99.99, 0.977, 0.11144, 293.74
6820, 0, 0.614011, 3.624e-05, 0, 0, 0, 0, 0, 0.614047, 0, 0, 99.99, 0.977, 0.111336, 293.741
6821, 0, 0.614242, 2.94013e-05, 0, 0, 0, 0, 0, 0.614271, 0, 0, 99.99, 0.977, 0.111255, 293.742
6822, 0, 0.614478, 2.14563e-05, 0, 0, 0, 0, 0, 0.614499, 0, 0, 99.99, 0.977, 0.111144, 293.744
6823, 0, 0.614711, 1.40115e-05, 0, 0, 0, 0, 0, 0.614725, 0, 0, 99.99, 0.977, 0.110839, 293.746
6824, 0, 0.614938, 7.89808e-06, 0, 0, 0, 0, 0, 0.614946, 0, 0, 99.99, 0.977, 0.109985, 293.748
6825, 0, 0.615155, 3.68263e-06, 0, 0, 0, 0, 0, 0.615159, 0, 0, 99.99, 0.977, 0.108496, 293.749
6826, 0, 0.615361, 1.76433e-06, 0, 0, 0, 0, 0, 0.615363, 0, 0, 99.99, 0.977, 0.107844, 293.75
6827, 0, 0.615555, 2.31662e-06, 0, 0, 0, 0, 0, 0.615558, 0, 0, 99.99, 0.977, 0.108929, 293.749
6828, 0, 0.615737, 5.25682e-06, 0, 0, 0, 0, 0, 0.615743, 0, 0, 99.99, 0.977, 0.110146, 293.749
6829, 0, 0.615909, 1.03151e-05, 0, 0, 0, 0, 0, 0.615919, 0, 0, 99.99, 0.977, 0.110612, 293.747
6830, 0, 0.616072, 1.70523e-05, 0, 0, 0, 0, 0, 0.616089, 0, 0, 99.99, 0.977, 0.110691, 293.746
6831, 0, 0.61623, 2.48849e-05, 0, 0, 0, 0, 0, 0.616255, 0, 0, 99.99, 0.977, 0.110661, 293.744
6832, 0, 0.616386, 3.31802e-05, 0, 0, 0, 0, 0, 0.616419, 0, 0, 99.99, 0.977, 0.110601, 293.741
6833, 0, 0.616542, 4.13414e-05, 0, 0, 0, 0, 0, 0.616583, 0, 0, 99.99, 0.977, 0.110536, 293.739
6834, 0, 0.616701, 4.88339e-05, 0, 0, 0, 0, 0, 0.61675, 0, 0, 99.99, 0.977, 0.110464, 293.737
6835, 0, 0.616867, 5.49647e-05, 0, 0, 0, 0, 0, 0.616922, 0, 0, 99.99, 0.977, 0.110369, 293.736
6836, 0, 0.617043, 5.91193e-05, 0, 0, 0, 0, 0, 0.617102, 0, 0, 99.99, 0.977, 0.110289, 293.735
6837, 0, 0.617223, 6.22008e-05, 0, 0, 0, 0, 0, 0.617285, 0, 0, 99.99, 0.977, 0.110263, 293.734
6838, 0, 0.617404, 6.53234e-05, 0, 0, 0, 0, 0, 0.617469, 0, 0, 99.99, 0.977, 0.110261, 293.733
6839, 0, 0.617591, 6.71735e-05, 0, 0, 0, 0, 0, 0.617658, 0, 0, 99.99, 0.977, 0.110236, 293.733
6840, 0, 0.617785, 6.74237e-05, 0, 0, 0, 0, 0, 0.617853, 0, 0, 99.99, 0.977, 0.110183, 293.732
6841, 0, 0.617977, 6.83224e-05, 0, 0, 0, 0, 0, 0.618045, 0, 0, 99.99, 0.977, 0.110116, 293.732
6842, 0, 0.618171, 6.86342e-05, 0, 0, 0, 0, 0, 0.618239, 0, 0, 99.99, 0.977, 0.110039, 293.732
6843, 0, 0.618384, 6.50577e-05, 0, 0, 0, 0, 0, 0.618449, 0, 0, 99.99, 0.977, 0.10994, 293.733
6844, 0, 0.618617, 5.73724e-05, 0, 0, 0, 0, 0, 0.618675, 0, 0, 99.99, 0.977, 0.109851, 293.735
6845, 0, 0.618846, 5.05684e-05, 0, 0, 0, 0, 0, 0.618897, 0, 0, 99.99, 0.977, 0.109818, 293.737
6846, 0, 0.619054, 4.80578e-05, 0, 0, 0, 0, 0, 0.619102, 0, 0, 99.99, 0.977, 0.109796, 293.738
6847, 0, 0.619264, 4.51269e-05, 0, 0, 0, 0, 0, 0.619309, 0, 0, 99.99, 0.977, 0.109748, 293.738
6848, 0, 0.61949, 3.89537e-05, 0, 0, 0, 0, 0, 0.619529, 0, 0, 99.99, 0.977, 0.109683, 293.74
6849, 0, 0.619725, 3.06821e-05, 0, 0, 0, 0, 0, 0.619756, 0, 0, 99.99, 0.977, 0.109604, 293.742
6850, 0, 0.619966, 2.14126e-05, 0, 0, 0, 0, 0, 0.619988, 0, 0, 99.99, 0.977, 0.109522, 293.744
6851, 0, 0.620205, 1.25619e-05, 0, 0, 0, 0, 0, 0.620217, 0, 0, 99.99, 0.977, 0.109462, 293.747
6852, 0, 0.620431, 6.25364e-06, 0, 0, 0, 0, 0, 0.620437, 0, 0, 99.99, 0.977, 0.109403, 293.748
6853, 0, 0.620637, 3.99722e-06, 0, 0, 0, 0, 0, 0.620641, 0, 0, 99.99, 0.977, 0.109308, 293.749
6854, 0, 0.620828, 4.80519e-06, 0, 0, 0, 0, 0, 0.620833, 0, 0, 99.99, 0.977, 0.109213, 293.749
6855, 0, 0.62102, 5.3785e-06, 0, 0, 0, 0, 0, 0.621025, 0, 0, 99.99, 0.977, 0.10917, 293.749
6856, 0, 0.621221, 4.04205e-06, 0, 0, 0, 0, 0, 0.621225, 0, 0, 99.99, 0.977, 0.109151, 293.749
6857, 0, 0.621424, 2.34891e-06, 0, 0, 0, 0, 0, 0.621427, 0, 0, 99.99, 0.977, 0.109101, 293.749
6858, 0, 0.62162, 2.24387e-06, 0, 0, 0, 0, 0, 0.621622, 0, 0, 99.99, 0.977, 0.109017, 293.749
6859, 0, 0.621808, 3.51464e-06, 0, 0, 0, 0, 0, 0.621812, 0, 0, 99.99, 0.977, 0.108929, 293.749
6860, 0, 0.621998, 4.39597e-06, 0, 0, 0, 0, 0, 0.622003, 0, 0, 99.99, 0.977, 0.108871, 293.749
6861, 0, 0.622196, 3.8503e-06, 0, 0, 0, 0, 0, 0.622199, 0, 0, 99.99, 0.977, 0.108834, 293.749
6862, 0, 0.622397, 2.38209e-06, 0, 0, 0, 0, 0, 0.6224, 0, 0, 99.99, 0.977, 0.108791, 293.749
6863, 0, 0.622598, 1.0633e-06, 0, 0, 0, 0, 0, 0.622599, 0, 0, 99.99, 0.977, 0.108738, 293.75
6864, 0, 0.622795, 4.73123e-07, 0, 0, 0, 0, 0, 0.622796, 0, 0, 99.99, 0.977, 0.108666, 293.75
6865, 0, 0.622989, 5.95497e-07, 0, 0, 0, 0, 0, 0.622989, 0, 0, 99.99, 0.977, 0.10856, 293.75
6866, 0, 0.623178, 1.52987e-06, 0, 0, 0, 0, 0, 0.62318, 0, 0, 99.99, 0.977, 0.108445, 293.75
6867, 0, 0.623363, 3.48885e-06, 0, 0, 0, 0, 0, 0.623367, 0, 0, 99.99, 0.977, 0.108382, 293.749
6868, 0, 0.623545, 5.89079e-06, 0, 0, 0, 0, 0, 0.623551, 0, 0, 99.99, 0.977, 0.108373, 293.748
6869, 0, 0.623733, 7.23495e-06, 0, 0, 0, 0, 0, 0.62374, 0, 0, 99.99, 0.977, 0.108358, 293.748
6870, 0, 0.623931, 6.42221e-06, 0, 0, 0, 0, 0, 0.623937, 0, 0, 99.99, 0.977, 0.108314, 293.748
6871, 0, 0.62413, 5.23521e-06, 0, 0, 0, 0, 0, 0.624136, 0, 0, 99.99, 0.977, 0.108252, 293.749
6872, 0, 0.624315, 7.08171e-06, 0, 0, 0, 0, 0, 0.624322, 0, 0, 99.99, 0.977, 0.108178, 293.748
6873, 0, 0.62449, 1.08752e-05, 0, 0, 0, 0, 0, 0.624501, 0, 0, 99.99, 0.977, 0.108104, 293.747
6874, 0, 0.624675, 1.27259e-05, 0, 0, 0, 0, 0, 0.624688, 0, 0, 99.99, 0.977, 0.108043, 293.747
6875, 0, 0.624856, 1.52778e-05, 0, 0, 0, 0, 0, 0.624871, 0, 0, 99.99, 0.977, 0.107974, 293.746
6876, 0, 0.625009, 2.34777e-05, 0, 0, 0, 0, 0, 0.625033, 0, 0, 99.99, 0.977, 0.107899, 293.744
6877, 0, 0.625146, 3.50255e-05, 0, 0, 0, 0, 0, 0.625181, 0, 0, 99.99, 0.977, 0.107849, 293.741
6878, 0, 0.62529, 4.51443e-05, 0, 0, 0, 0, 0, 0.625335, 0, 0, 99.99, 0.977, 0.107807, 293.738
6879, 0, 0.625459, 5.01991e-05, 0, 0, 0, 0, 0, 0.625509, 0, 0, 99.99, 0.977, 0.107747, 293.737
6880, 0, 0.625646, 5.1472e-05, 0, 0, 0, 0, 0, 0.625697, 0, 0, 99.99, 0.977, 0.107667, 293.737
6881, 0, 0.625818, 5.57713e-05, 0, 0, 0, 0, 0, 0.625874, 0, 0, 99.99, 0.977, 0.107596, 293.736
6882, 0, 0.625981, 6.18791e-05, 0, 0, 0, 0, 0, 0.626043, 0, 0, 99.99, 0.977, 0.107537, 293.734
6883, 0, 0.626183, 6.01444e-05, 0, 0, 0, 0, 0, 0.626243, 0, 0, 99.99, 0.977, 0.107429, 293.734
6884, 0, 0.626433, 4.84948e-05, 0, 0, 0, 0, 0, 0.626482, 0, 0, 99.99, 0.977, 0.107145, 293.738
6885, 0, 0.626705, 3.23687e-05, 0, 0, 0, 0, 0, 0.626738, 0, 0, 99.99, 0.977, 0.106747, 293.742
6886, 0, 0.626967, 1.84424e-05, 0, 0, 0, 0, 0, 0.626985, 0, 0, 99.99, 0.977, 0.106715, 293.745
6887, 0, 0.627173, 1.57365e-05, 0, 0, 0, 0, 0, 0.627189, 0, 0, 99.99, 0.977, 0.10699, 293.746
6888, 0, 0.627301, 2.88809e-05, 0, 0, 0, 0, 0, 0.62733, 0, 0, 99.99, 0.977, 0.107121, 293.743
6889, 0, 0.627386, 5.08597e-05, 0, 0, 0, 0, 0, 0.627437, 0, 0, 99.99, 0.977, 0.107114, 293.737
6890, 0, 0.627479, 7.12765e-05, 0, 0, 0, 0, 0, 0.62755, 0, 0, 99.99, 0.977, 0.107075, 293.732
6891, 0, 0.627603, 8.5143e-05, 0, 0, 0, 0, 0, 0.627688, 0, 0, 99.99, 0.977, 0.107015, 293.728
6892, 0, 0.627771, 9.02204e-05, 0, 0, 0, 0, 0, 0.627861, 0, 0, 99.99, 0.977, 0.106935, 293.727
6893, 0, 0.627991, 8.46438e-05, 0, 0, 0, 0, 0, 0.628076, 0, 0, 99.99, 0.977, 0.106857, 293.728
6894, 0, 0.628209, 7.94502e-05, 0, 0, 0, 0, 0, 0.628288, 0, 0, 99.99, 0.977, 0.106798, 293.73
6895, 0, 0.628359, 8.8138e-05, 0, 0, 0, 0, 0, 0.628447, 0, 0, 99.99, 0.977, 0.106744, 293.727
6896, 0, 0.628496, 9.92482e-05, 0, 0, 0, 0, 0, 0.628596, 0, 0, 99.99, 0.977, 0.106683, 293.725
6897, 0, 0.628689, 9.91532e-05, 0, 0, 0, 0, 0, 0.628788, 0, 0, 99.99, 0.977, 0.106619, 293.725
6898, 0, 0.628929, 8.95043e-05, 0, 0, 0, 0, 0, 0.629018, 0, 0, 99.99, 0.977, 0.106546, 293.727
6899, 0, 0.629175, 7.83937e-05, 0, 0, 0, 0, 0, 0.629254, 0, 0, 99.99, 0.977, 0.106478, 293.73
6900, 0, 0.629413, 6.9159e-05, 0, 0, 0, 0, 0, 0.629482, 0, 0, 99.99, 0.977, 0.10643, 293.732
6901, 0, 0.629661, 5.77702e-05, 0, 0, 0, 0, 0, 0.629719, 0, 0, 99.99, 0.977, 0.106383, 293.735
6902, 0, 0.629922, 4.37342e-05, 0, 0, 0, 0, 0, 0.629965, 0, 0, 99.99, 0.977, 0.106325, 293.739
6903, 0, 0.630182, 2.96932e-05, 0, 0, 0, 0, 0, 0.630212, 0, 0, 99.99, 0.977, 0.106276, 293.742
6904, 0, 0.630435, 1.73892e-05, 0, 0, 0, 0, 0, 0.630452, 0, 0, 99.99, 0.977, 0.10623, 293.746
6905, 0, 0.630671, 8.35383e-06, 0, 0, 0, 0, 0, 0.630679, 0, 0, 99.99, 0.977, 0.106176, 293.748
6906, 0, 0.630884, 3.99626e-06, 0, 0, 0, 0, 0, 0.630888, 0, 0, 99.99, 0.977, 0.106115, 293.749
6907, 0, 0.63107, 5.04894e-06, 0, 0, 0, 0, 0, 0.631075, 0, 0, 99.99, 0.977, 0.10604, 293.749
6908, 0, 0.631231, 1.1329e-05, 0, 0, 0, 0, 0, 0.631242, 0, 0, 99.99, 0.977, 0.105963, 293.747
6909, 0, 0.631372, 2.17353e-05, 0, 0, 0, 0, 0, 0.631393, 0, 0, 99.99, 0.977, 0.105909, 293.744
6910, 0, 0.631503, 3.3889e-05, 0, 0, 0, 0, 0, 0.631537, 0, 0, 99.99, 0.977, 0.105855, 293.741
6911, 0, 0.631651, 4.29468e-05, 0, 3.37713e-43, 0, 0, 0, 0.631693, 0, 0, 99.99, 0.977, 0.105774, 293.739
6912, 0, 0.63184, 4.33422e-05, 0, 6.84086e-41, 0, 0, 0, 0.631883, 0, 0, 99.99, 0.977, 0.105684, 293.739
6913, 0, 0.632046, 4.02373e-05, 0, 4.13343e-39, 0, 0, 0, 0.632087, 0, 0, 99.99, 0.977, 0.105619, 293.74
6914, 0, 0.632186, 5.08125e-05, 0, 1.13716e-37, 0, 0, 0, 0.632237, 0, 0, 99.99, 0.977, 0.105586, 293.737
6915, 0, 0.632246, 7.75387e-05, 0, 1.46841e-36, 0, 0, 0, 0.632323, 0, 0, 99.99, 0.977, 0.10555, 293.73
6916, 0, 0.632302, 0.00010518, 0, 9.03229e-36, 0, 0, 0, 0.632407, 0, 0, 99.99, 0.977, 0.105492, 293.723
6917, 0, 0.632416, 0.000120739, 0, 7.71346e-35, 0, 0, 0, 0.632537, 0, 0, 99.99, 0.977, 0.10542, 293.719
6918, 0, 0.63263, 0.000116133, 0, 3.57594e-33, 0, 0, 0, 0.632746, 0, 0, 99.99, 0.977, 0.105339, 293.72
6919, 0, 0.632918, 9.62438e-05, 0, 1.1414e-31, 0, 0, 0, 0.633014, 0, 0, 99.99, 0.977, 0.105261, 293.725
6920, 0, 0.633118, 9.43163e-05, 0, 1.93103e-30, 0, 0, 0, 0.633213, 0, 0, 99.99, 0.977, 0.105205, 293.726
6921, 0, 0.633154, 0.000125963, 0, 1.82979e-29, 0, 0, 0, 0.63328, 0, 0, 99.99, 0.977, 0.105168, 293.718
6922, 0, 0.63317, 0.000161646, 0, 1.03307e-28, 0, 0, 0, 0.633331, 0, 0, 99.99, 0.977, 0.105124, 293.709
6923, 0, 0.633256, 0.000182797, 0, 3.68374e-28, 0, 0, 0, 0.633439, 0, 0, 99.99, 0.977, 0.105073, 293.703
6924, 0, 0.633395, 0.000193381, 0, 9.08233e-28, 0, 0, 0, 0.633588, 0, 0, 99.99, 0.977, 0.105021, 293.701
6925, 0, 0.633557, 0.000199101, 0, 1.80769e-27, 0, 0, 0, 0.633757, 0, 0, 99.99, 0.977, 0.104946, 293.699
6926, 0, 0.633729, 0.000202953, 0, 3.10709e-27, 0, 0, 0, 0.633932, 0, 0, 99.99, 0.977, 0.104861, 293.698
6927, 0, 0.633909, 0.000205101, 0, 4.12188e-27, 0, 0, 0, 0.634114, 0, 0, 99.99, 0.977, 0.104806, 293.698
6928, 0, 0.63411, 0.000202804, 0, 3.77275e-27, 0, 0, 0, 0.634313, 0, 0, 99.99, 0.977, 0.104765, 293.698
6929, 0, 0.634362, 0.000190267, 0, 2.24478e-27, 0, 0, 0, 0.634552, 0, 0, 99.99, 0.977, 0.104704, 293.701
6930, 0, 0.634666, 0.00016712, 0, 8.69377e-28, 0, 0, 0, 0.634833, 0, 0, 99.99, 0.977, 0.104636, 293.707
6931, 0, 0.634905, 0.000157293, 0, 4.53528e-28, 0, 0, 0, 0.635062, 0, 0, 99.99, 0.977, 0.104572, 293.71
6932, 0, 0.635009, 0.000174703, 0, 9.34548e-28, 0, 0, 0, 0.635184, 0, 0, 99.99, 0.977, 0.104506, 293.705
6933, 0, 0.635106, 0.000193689, 0, 1.66737e-27, 0, 0, 0, 0.6353, 0, 0, 99.99, 0.977, 0.104457, 293.701
6934, 0, 0.635274, 0.000198198, 0, 1.76603e-27, 0, 0, 0, 0.635472, 0, 0, 99.99, 0.977, 0.10442, 293.699
6935, 0, 0.635509, 0.000188999, 0, 1.13871e-27, 0, 0, 0, 0.635698, 0, 0, 99.99, 0.977, 0.104372, 293.702
6936, 0, 0.635822, 0.00016398, 0, 4.4935e-28, 0, 0, 0, 0.635985, 0, 0, 99.99, 0.977, 0.104311, 293.708
6937, 0, 0.636164, 0.000132828, 0, 1.04628e-28, 0, 0, 0, 0.636297, 0, 0, 99.99, 0.977, 0.104245, 293.716
6938, 0, 0.636396, 0.000124253, 0, 1.3834e-29, 0, 0, 0, 0.63652, 0, 0, 99.99, 0.977, 0.104174, 293.718
6939, 0, 0.636506, 0.000140548, 0, 1.63684e-30, 0, 0, 0, 0.636646, 0, 0, 99.99, 0.977, 0.104091, 293.714
6940, 0, 0.63666, 0.000147703, 0, 7.76521e-31, 0, 0, 0, 0.636808, 0, 0, 99.99, 0.977, 0.103993, 293.712
6941, 0, 0.636906, 0.000136256, 0, 3.59244e-31, 0, 0, 0, 0.637042, 0, 0, 99.99, 0.977, 0.103896, 293.715
6942, 0, 0.637123, 0.000130629, 0, 8.21499e-32, 0, 0, 0, 0.637254, 0, 0, 99.99, 0.977, 0.103802, 293.717
6943, 0, 0.637289, 0.00013552, 0, 1.01614e-32, 0, 0, 0, 0.637424, 0, 0, 99.99, 0.977, 0.103666, 293.716
6944, 0, 0.637484, 0.000134188, 0, 1.37093e-33, 0, 0, 0, 0.637618, 0, 0, 99.99, 0.977, 0.103357, 293.716
6945, 0, 0.637717, 0.000125272, 0, 2.80153e-34, 0, 0, 0, 0.637843, 0, 0, 99.99, 0.977, 0.102471, 293.718
6946, 0, 0.637952, 0.000116043, 0, 3.75475e-35, 0, 0, 0, 0.638068, 0, 0, 99.99, 0.977, 0.101049, 293.72
6947, 0, 0.638183, 0.000107521, 0, 2.54503e-36, 0, 0, 0, 0.63829, 0, 0, 99.99, 0.977, 0.100647, 293.723
6948, 0, 0.63842, 9.76277e-05, 0, 8.53162e-38, 0, 0, 0, 0.638518, 0, 0, 99.99, 0.977, 0.101799, 293.725
6949, 0, 0.638665, 8.62462e-05, 0, 1.41441e-39, 0, 0, 0, 0.638751, 0, 0, 99.99, 0.977, 0.102866, 293.728
6950, 0, 0.638912, 7.44129e-05, 0, 1.21633e-41, 0, 0, 0, 0.638987, 0, 0, 99.99, 0.977, 0.103221, 293.731
6951, 0, 0.639157, 6.29022e-05, 0, 7.28675e-44, 0, 0, 0, 0.63922, 0, 0, 99.99, 0.977, 0.103275, 293.734
6952, 0, 0.6394, 5.18282e-05, 0, 0, 0, 0, 0, 0.639452, 0, 0, 99.99, 0.977, 0.10327, 293.737
6953, 0, 0.639641, 4.12275e-05, 0, 0, 0, 0, 0, 0.639682, 0, 0, 99.99, 0.977, 0.103253, 293.74
6954, 0, 0.639878, 3.135e-05, 0, 0, 0, 0, 0, 0.639909, 0, 0, 99.99, 0.977, 0.103217, 293.742
6955, 0, 0.64011, 2.24774e-05, 0, 0, 0, 0, 0, 0.640132, 0, 0, 99.99, 0.977, 0.103167, 293.744
6956, 0, 0.640336, 1.48517e-05, 0, 0, 0, 0, 0, 0.640351, 0, 0, 99.99, 0.977, 0.103112, 293.746
6957, 0, 0.640554, 8.67561e-06, 0, 0, 0, 0, 0, 0.640563, 0, 0, 99.99, 0.977, 0.103051, 293.748
6958, 0, 0.640765, 4.18177e-06, 0, 0, 0, 0, 0, 0.640769, 0, 0, 99.99, 0.977, 0.102996, 293.749
6959, 0, 0.640966, 1.59148e-06, 0, 0, 0, 0, 0, 0.640967, 0, 0, 99.99, 0.977, 0.10294, 293.75
6960, 0, 0.641159, 7.17894e-07, 0, 0, 0, 0, 0, 0.641159, 0, 0, 99.99, 0.977, 0.102873, 293.75
6961, 0, 0.641344, 1.15534e-06, 0, 0, 0, 0, 0, 0.641346, 0, 0, 99.99, 0.977, 0.1028, 293.75
6962, 0, 0.641523, 3.06812e-06, 0, 0, 0, 0, 0, 0.641526, 0, 0, 99.99, 0.977, 0.102746, 293.749
6963, 0, 0.641696, 6.23924e-06, 0, 0, 0, 0, 0, 0.641702, 0, 0, 99.99, 0.977, 0.102716, 293.748
6964, 0, 0.641871, 8.79699e-06, 0, 0, 0, 0, 0, 0.64188, 0, 0, 99.99, 0.977, 0.102675, 293.748
6965, 0, 0.642051, 1.05872e-05, 0, 0, 0, 0, 0, 0.642061, 0, 0, 99.99, 0.977, 0.102608, 293.747
6966, 0, 0.642211, 1.62981e-05, 0, 0, 0, 0, 0, 0.642227, 0, 0, 99.99, 0.977, 0.102534, 293.746
6967, 0, 0.642342, 2.79076e-05, 0, 0, 0, 0, 0, 0.64237, 0, 0, 99.99, 0.977, 0.102476, 293.743
6968, 0, 0.642465, 4.11184e-05, 0, 0, 0, 0, 0, 0.642506, 0, 0, 99.99, 0.977, 0.102426, 293.74
6969, 0, 0.642597, 5.24004e-05, 0, 0, 0, 0, 0, 0.64265, 0, 0, 99.99, 0.977, 0.102376, 293.737
6970, 0, 0.642742, 6.12019e-05, 0, 0, 0, 0, 0, 0.642803, 0, 0, 99.99, 0.977, 0.102329, 293.735
6971, 0, 0.642899, 6.74258e-05, 0, 0, 0, 0, 0, 0.642966, 0, 0, 99.99, 0.977, 0.102274, 293.733
6972, 0, 0.64307, 7.07141e-05, 0, 0, 0, 0, 0, 0.643141, 0, 0, 99.99, 0.977, 0.102201, 293.732
6973, 0, 0.643259, 7.03896e-05, 0, 0, 0, 0, 0, 0.64333, 0, 0, 99.99, 0.977, 0.102102, 293.732
6974, 0, 0.643496, 6.04384e-05, 0, 0, 0, 0, 0, 0.643556, 0, 0, 99.99, 0.977, 0.102022, 293.735
6975, 0, 0.643773, 4.21119e-05, 0, 0, 0, 0, 0, 0.643815, 0, 0, 99.99, 0.977, 0.101998, 293.739
6976, 0, 0.64403, 2.77149e-05, 0, 0, 0, 0, 0, 0.644058, 0, 0, 99.99, 0.977, 0.10198, 293.743
6977, 0, 0.644233, 2.45514e-05, 0, 0, 0, 0, 0, 0.644257, 0, 0, 99.99, 0.977, 0.101935, 293.744
6978, 0, 0.644348, 3.92457e-05, 0, 0, 0, 0, 0, 0.644387, 0, 0, 99.99, 0.977, 0.101879, 293.74
6979, 0, 0.644397, 6.7415e-05, 0, 0, 0, 0, 0, 0.644465, 0, 0, 99.99, 0.977, 0.101823, 293.733
6980, 0, 0.644475, 8.96964e-05, 0, 0, 0, 0, 0, 0.644565, 0, 0, 99.99, 0.977, 0.101763, 293.727
6981, 0, 0.644651, 9.21249e-05, 0, 0, 0, 0, 0, 0.644743, 0, 0, 99.99, 0.977, 0.101694, 293.727
6982, 0, 0.644927, 7.36984e-05, 0, 0, 0, 0, 0, 0.645001, 0, 0, 99.99, 0.977, 0.101624, 293.731
6983, 0, 0.64522, 5.20651e-05, 0, 0, 0, 0, 0, 0.645272, 0, 0, 99.99, 0.977, 0.101565, 293.737
6984, 0, 0.645406, 5.22038e-05, 0, 0, 0, 0, 0, 0.645458, 0, 0, 99.99, 0.977, 0.101523, 293.737
6985, 0, 0.645515, 6.81236e-05, 0, 0, 0, 0, 0, 0.645583, 0, 0, 99.99, 0.977, 0.10148, 293.733
6986, 0, 0.645654, 7.7856e-05, 0, 0, 0, 0, 0, 0.645732, 0, 0, 99.99, 0.977, 0.101426, 293.73
6987, 0, 0.645846, 7.66981e-05, 0, 0, 0, 0, 0, 0.645923, 0, 0, 99.99, 0.977, 0.101361, 293.731
6988, 0, 0.64608, 6.70417e-05, 0, 0, 0, 0, 0, 0.646147, 0, 0, 99.99, 0.977, 0.101287, 293.733
6989, 0, 0.646343, 5.12923e-05, 0, 0, 0, 0, 0, 0.646394, 0, 0, 99.99, 0.977, 0.10122, 293.737
6990, 0, 0.64661, 3.48992e-05, 0, 0, 0, 0, 0, 0.646645, 0, 0, 99.99, 0.977, 0.10117, 293.741
6991, 0, 0.646864, 2.10065e-05, 0, 0, 0, 0, 0, 0.646885, 0, 0, 99.99, 0.977, 0.101118, 293.745
6992, 0, 0.647102, 1.03964e-05, 0, 0, 0, 0, 0, 0.647112, 0, 0, 99.99, 0.977, 0.101056, 293.747
6993, 0, 0.647314, 5.13869e-06, 0, 0, 0, 0, 0, 0.647319, 0, 0, 99.99, 0.977, 0.100987, 293.749
6994, 0, 0.647492, 6.74393e-06, 0, 0, 0, 0, 0, 0.647499, 0, 0, 99.99, 0.977, 0.100917, 293.748
6995, 0, 0.647637, 1.50614e-05, 0, 0, 0, 0, 0, 0.647652, 0, 0, 99.99, 0.977, 0.100869, 293.746
6996, 0, 0.647757, 2.85935e-05, 0, 0, 0, 0, 0, 0.647786, 0, 0, 99.99, 0.977, 0.100834, 293.743
6997, 0, 0.647866, 4.4407e-05, 0, 0, 0, 0, 0, 0.64791, 0, 0, 99.99, 0.977, 0.100785, 293.739
6998, 0, 0.647984, 5.82254e-05, 0, 9.66896e-44, 0, 0, 0, 0.648042, 0, 0, 99.99, 0.977, 0.100725, 293.735
6999, 0, 0.648139, 6.45537e-05, 0, 4.55172e-39, 0, 0, 0, 0.648203, 0, 0, 99.99, 0.977, 0.100665, 293.734
7000, 0, 0.648359, 5.74055e-05, 0, 1.01581e-36, 0, 0, 0, 0.648417, 0, 0, 99.99, 0.977002, 0.100606, 293.736
7001, 0, 0.648605, 4.51204e-05, 0, 5.33731e-35, 0, 0, 0, 0.64865, 0, 0, 99.99, 0.977004, 0.100557, 293.739
7002, 0, 0.648749, 5.37844e-05, 0, 1.30149e-33, 0, 0, 0, 0.648802, 0, 0, 99.99, 0.977008, 0.100506, 293.736
7003, 0, 0.648764, 8.85951e-05, 0, 1.52956e-32, 0, 0, 0, 0.648852, 0, 0, 99.99, 0.977012, 0.100442, 293.728
7004, 0, 0.648764, 0.000126404, 0, 1.0266e-31, 0, 0, 0, 0.648891, 0, 0, 99.99, 0.977016, 0.100375, 293.718
7005, 0, 0.648831, 0.000150639, 0, 5.87506e-31, 0, 0, 0, 0.648982, 0, 0, 99.99, 0.97702, 0.100316, 293.712
7006, 0, 0.648963, 0.000161506, 0, 2.87118e-30, 0, 0, 0, 0.649125, 0, 0, 99.99, 0.977024, 0.100255, 293.709
7007, 0, 0.649127, 0.000165829, 0, 7.93874e-30, 0, 0, 0, 0.649293, 0, 0, 99.99, 0.977028, 0.100195, 293.708
7008, 0, 0.649337, 0.000160849, 0, 1.04057e-29, 0, 0, 0, 0.649498, 0, 0, 99.99, 0.977032, 0.100155, 293.71
7009, 0, 0.6496, 0.000144881, 0, 6.37389e-30, 0, 0, 0, 0.649745, 0, 0, 99.99, 0.977036, 0.100118, 293.714
7010, 0, 0.649809, 0.000139909, 0, 2.36071e-30, 0, 0, 0, 0.649949, 0, 0, 99.99, 0.97704, 0.100064, 293.715
7011, 0, 0.649952, 0.000148512, 0, 1.49139e-30, 0, 0, 0, 0.650101, 0, 0, 99.99, 0.977044, 0.100001, 293.713
7012, 0, 0.650145, 0.00014687, 0, 1.09907e-30, 0, 0, 0, 0.650292, 0, 0, 99.99, 0.977048, 0.0999445, 293.713
7013, 0, 0.650374, 0.000137997, 0, 4.06961e-31, 0, 0, 0, 0.650512, 0, 0, 99.99, 0.977052, 0.0998953, 293.715
7014, 0, 0.650563, 0.000137095, 0, 7.00419e-32, 0, 0, 0, 0.6507, 0, 0, 99.99, 0.977056, 0.0998422, 293.716
7015, 0, 0.650754, 0.000135796, 0, 8.03869e-33, 0, 0, 0, 0.65089, 0, 0, 99.99, 0.97706, 0.0997789, 293.716
7016, 0, 0.651005, 0.000122263, 0, 1.37639e-33, 0, 0, 0, 0.651127, 0, 0, 99.99, 0.977064, 0.0997113, 293.719
7017, 0, 0.651305, 9.84966e-05, 0, 2.09842e-34, 0, 0, 0, 0.651404, 0, 0, 99.99, 0.977068, 0.0996597, 293.725
7018, 0, 0.651619, 7.20092e-05, 0, 1.622e-35, 0, 0, 0, 0.651691, 0, 0, 99.99, 0.977072, 0.099616, 293.732
7019, 0, 0.651914, 4.95559e-05, 0, 5.89523e-37, 0, 0, 0, 0.651963, 0, 0, 99.99, 0.977076, 0.0995584, 293.738
7020, 0, 0.652191, 3.05904e-05, 0, 1.01298e-38, 0, 0, 0, 0.652221, 0, 0, 99.99, 0.97708, 0.0994916, 293.742
7021, 0, 0.652451, 1.49969e-05, 0, 8.32483e-41, 0, 0, 0, 0.652466, 0, 0, 99.99, 0.977084, 0.09943, 293.746
7022, 0, 0.652677, 6.41873e-06, 0, 3.29305e-43, 0, 0, 0, 0.652684, 0, 0, 99.99, 0.977088, 0.0993692, 293.748
7023, 0, 0.652871, 4.37525e-06, 0, 0, 0, 0, 0, 0.652876, 0, 0, 99.99, 0.977092, 0.0993126, 293.749
7024, 0, 0.653042, 7.18109e-06, 0, 0, 0, 0, 0, 0.653049, 0, 0, 99.99, 0.977096, 0.0992613, 293.748
7025, 0, 0.65318, 1.64934e-05, 0, 0, 0, 0, 0, 0.653197, 0, 0, 99.99, 0.9771, 0.099203, 293.746
7026, 0, 0.653288, 3.22289e-05, 0, 0, 0, 0, 0, 0.65332, 0, 0, 99.99, 0.977104, 0.0991395, 293.742
7027, 0, 0.653382, 5.0625e-05, 0, 0, 0, 0, 0, 0.653432, 0, 0, 99.99, 0.977108, 0.0990846, 293.737
7028, 0, 0.653483, 6.75779e-05, 0, 0, 0, 0, 0, 0.65355, 0, 0, 99.99, 0.977112, 0.0990399, 293.733
7029, 0, 0.6536, 8.11443e-05, 0, 0, 0, 0, 0, 0.653681, 0, 0, 99.99, 0.977116, 0.0989943, 293.73
7030, 0, 0.653737, 9.07519e-05, 0, 0, 0, 0, 0, 0.653828, 0, 0, 99.99, 0.97712, 0.098947, 293.727
7031, 0, 0.653899, 9.52422e-05, 0, 0, 0, 0, 0, 0.653994, 0, 0, 99.99, 0.977124, 0.0988939, 293.726
7032, 0, 0.654089, 9.39244e-05, 0, 0, 0, 0, 0, 0.654183, 0, 0, 99.99, 0.977128, 0.0988333, 293.727
7033, 0, 0.654304, 8.7386e-05, 0, 0, 0, 0, 0, 0.654392, 0, 0, 99.99, 0.977132, 0.0987694, 293.728
7034, 0, 0.654533, 7.80194e-05, 0, 0, 0, 0, 0, 0.654611, 0, 0, 99.99, 0.977136, 0.0987091, 293.73
7035, 0, 0.654763, 6.86477e-05, 0, 0, 0, 0, 0, 0.654831, 0, 0, 99.99, 0.97714, 0.0986549, 293.733
7036, 0, 0.65499, 5.95423e-05, 0, 0, 0, 0, 0, 0.65505, 0, 0, 99.99, 0.977144, 0.0986037, 293.735
7037, 0, 0.655213, 5.15144e-05, 0, 0, 0, 0, 0, 0.655264, 0, 0, 99.99, 0.977148, 0.0985532, 293.737
7038, 0, 0.655435, 4.34791e-05, 0, 0, 0, 0, 0, 0.655479, 0, 0, 99.99, 0.977152, 0.0984946, 293.739
7039, 0, 0.655663, 3.42789e-05, 0, 0, 0, 0, 0, 0.655697, 0, 0, 99.99, 0.977156, 0.0984348, 293.741
7040, 0, 0.655891, 2.50224e-05, 0, 0, 0, 0, 0, 0.655916, 0, 0, 99.99, 0.97716, 0.0983772, 293.744
7041, 0, 0.656115, 1.67414e-05, 0, 0, 0, 0, 0, 0.656131, 0, 0, 99.99, 0.977164, 0.0983155, 293.746
7042, 0, 0.656331, 9.93168e-06, 0, 0, 0, 0, 0, 0.656341, 0, 0, 99.99, 0.977168, 0.0982692, 293.748
7043, 0, 0.656538, 4.93944e-06, 0, 0, 0, 0, 0, 0.656543, 0, 0, 99.99, 0.977172, 0.0982335, 293.749
7044, 0, 0.656735, 1.97474e-06, 0, 0, 0, 0, 0, 0.656737, 0, 0, 99.99, 0.977176, 0.0981881, 293.75
7045, 0, 0.656923, 8.8955e-07, 0, 0, 0, 0, 0, 0.656924, 0, 0, 99.99, 0.97718, 0.0981351, 293.75
7046, 0, 0.657105, 1.03901e-06, 0, 0, 0, 0, 0, 0.657106, 0, 0, 99.99, 0.977184, 0.0980804, 293.75
7047, 0, 0.657284, 1.91396e-06, 0, 0, 0, 0, 0, 0.657285, 0, 0, 99.99, 0.977188, 0.098025, 293.75
7048, 0, 0.657454, 4.26495e-06, 0, 0, 0, 0, 0, 0.657459, 0, 0, 99.99, 0.977192, 0.0979656, 293.749
7049, 0, 0.657613, 9.14156e-06, 0, 0, 0, 0, 0, 0.657622, 0, 0, 99.99, 0.977196, 0.0978974, 293.748
7050, 0, 0.657763, 1.59394e-05, 0, 0, 0, 0, 0, 0.657778, 0, 0, 99.99, 0.9772, 0.0978283, 293.746
7051, 0, 0.657914, 2.23375e-05, 0, 0, 0, 0, 0, 0.657936, 0, 0, 99.99, 0.977204, 0.0977665, 293.744
7052, 0, 0.658083, 2.4916e-05, 0, 0, 0, 0, 0, 0.658108, 0, 0, 99.99, 0.977208, 0.0977046, 293.744
7053, 0, 0.658284, 2.10933e-05, 0, 0, 0, 0, 0, 0.658305, 0, 0, 99.99, 0.977212, 0.0976546, 293.745
7054, 0, 0.658505, 1.30302e-05, 0, 0, 0, 0, 0, 0.658518, 0, 0, 99.99, 0.977216, 0.0976193, 293.747
7055, 0, 0.658711, 8.27441e-06, 0, 0, 0, 0, 0, 0.658719, 0, 0, 99.99, 0.97722, 0.0975759, 293.748
7056, 0, 0.658866, 1.37351e-05, 0, 0, 0, 0, 0, 0.65888, 0, 0, 99.99, 0.977224, 0.097522, 293.747
7057, 0, 0.65897, 2.97419e-05, 0, 0, 0, 0, 0, 0.659, 0, 0, 99.99, 0.977228, 0.0974689, 293.743
7058, 0, 0.659063, 4.80078e-05, 0, 0, 0, 0, 0, 0.659111, 0, 0, 99.99, 0.977232, 0.0974138, 293.738
7059, 0, 0.659202, 5.66305e-05, 0, 2.84604e-42, 0, 0, 0, 0.659259, 0, 0, 99.99, 0.977236, 0.0973496, 293.736
7060, 0, 0.659422, 4.89901e-05, 0, 1.87418e-39, 0, 0, 0, 0.65947, 0, 0, 99.99, 0.97724, 0.0972868, 293.738
7061, 0, 0.659681, 3.29363e-05, 0, 1.35152e-37, 0, 0, 0, 0.659714, 0, 0, 99.99, 0.977244, 0.097239, 293.742
7062, 0, 0.659873, 3.07817e-05, 0, 4.52536e-36, 0, 0, 0, 0.659904, 0, 0, 99.99, 0.977248, 0.0971899, 293.742
7063, 0, 0.659936, 5.51637e-05, 0, 6.82982e-35, 0, 0, 0, 0.659991, 0, 0, 99.99, 0.977252, 0.0971323, 293.736
7064, 0, 0.659934, 9.27993e-05, 0, 5.94166e-34, 0, 0, 0, 0.660027, 0, 0, 99.99, 0.977256, 0.0970775, 293.727
7065, 0, 0.65998, 0.000120493, 0, 9.89112e-33, 0, 0, 0, 0.660101, 0, 0, 99.99, 0.97726, 0.0970303, 293.72
7066, 0, 0.660155, 0.000121795, 0, 2.36838e-31, 0, 0, 0, 0.660277, 0, 0, 99.99, 0.977264, 0.0969805, 293.72
7067, 0, 0.660413, 0.000106085, 0, 6.61024e-30, 0, 0, 0, 0.660519, 0, 0, 99.99, 0.977268, 0.0969194, 293.724
7068, 0, 0.660579, 0.000109244, 0, 2.99393e-28, 0, 0, 0, 0.660688, 0, 0, 99.99, 0.977272, 0.0968565, 293.723
7069, 0, 0.660631, 0.000135639, 0, 9.66915e-27, 0, 0, 0, 0.660766, 0, 0, 99.99, 0.977276, 0.0968036, 293.716
7070, 0, 0.660697, 0.00015917, 0, 1.54052e-25, 0, 0, 0, 0.660856, 0, 1.96182e-44, 99.99, 0.97728, 0.0967542, 293.71
7071, 0, 0.660743, 0.000186853, 0, 1.19443e-24, 0, 0, 0, 0.66093, 0, 1.05238e-42, 99.99, 0.977284, 0.0966946, 293.704
7072, 0, 0.660726, 0.000227227, 0, 4.97646e-24, 0, 0, 0, 0.660954, 0, 2.46404e-41, 99.99, 0.977288, 0.0966382, 293.694
7073, 0, 0.660751, 0.000259135, 0, 1.47328e-23, 0, 0, 0, 0.661011, 0, 2.67432e-40, 99.99, 0.977292, 0.096595, 293.686
7074, 0, 0.66085, 0.000275902, 0, 3.86715e-23, 0, 0, 0, 0.661126, 0, 1.39833e-39, 99.99, 0.977296, 0.0965458, 293.681
7075, 0, 0.66098, 0.00028625, 0, 7.55842e-23, 0, 0, 0, 0.661267, 0, 3.65977e-39, 99.99, 0.9773, 0.0964845, 293.679
7076, 0, 0.661145, 0.000289598, 0, 9.26774e-23, 0, 0, 0, 0.661434, 0, 4.9077e-39, 99.99, 0.977304, 0.0964305, 293.678
7077, 0, 0.661364, 0.000281681, 0, 6.84946e-23, 0, 0, 0, 0.661646, 0, 3.36858e-39, 99.99, 0.977308, 0.0963856, 293.68
7078, 0, 0.661646, 0.000260949, 0, 3.03196e-23, 0, 0, 0, 0.661907, 0, 1.15757e-39, 99.99, 0.977312, 0.0963336, 293.685
7079, 0, 0.662012, 0.000222895, 0, 8.16892e-24, 0, 0, 0, 0.662235, 0, 1.92816e-40, 99.99, 0.977316, 0.096274, 293.695
7080, 0, 0.662484, 0.000163274, 0, 1.36755e-24, 0, 0, 0, 0.662647, 0, 1.50584e-41, 99.99, 0.97732, 0.096214, 293.709
7081, 0, 0.663002, 9.40697e-05, 0, 1.37253e-25, 0, 0, 0, 0.663096, 0, 5.35296e-43, 99.99, 0.977324, 0.096158, 293.727
7082, 0, 0.663419, 4.56153e-05, 0, 7.58179e-27, 0, 0, 0, 0.663464, 0, 8.40779e-45, 99.99, 0.977328, 0.0961016, 293.739
7083, 0, 0.663665, 3.19221e-05, 0, 4.46688e-28, 0, 0, 0, 0.663697, 0, 0, 99.99, 0.977332, 0.0960294, 293.742
7084, 0, 0.663816, 3.80132e-05, 0, 8.6625e-27, 0, 0, 0, 0.663854, 0, 0, 99.99, 0.977336, 0.0959473, 293.741
7085, 0, 0.663853, 6.72713e-05, 0, 1.5454e-25, 0, 0, 0, 0.66392, 0, 0, 99.99, 0.97734, 0.0958854, 293.733
7086, 0, 0.663718, 0.000131801, 0, 1.33369e-24, 0, 0, 0, 0.66385, 0, 0, 99.99, 0.977344, 0.0958436, 293.717
7087, 0, 0.663546, 0.000203969, 0, 5.60659e-24, 0, 0, 0, 0.66375, 0, 0, 99.99, 0.977348, 0.0957881, 293.699
7088, 0, 0.663519, 0.00024634, 0, 1.15206e-23, 0, 0, 0, 0.663765, 0, 0, 99.99, 0.977352, 0.0957014, 293.689
7089, 0, 0.663702, 0.00024571, 0, 1.15622e-23, 0, 0, 0, 0.663947, 0, 0, 99.99, 0.977356, 0.0955595, 293.689
7090, 0, 0.664093, 0.000202372, 0, 5.64471e-24, 0, 0, 0, 0.664295, 0, 6.40393e-43, 99.99, 0.97736, 0.0952254, 293.7
7091, 0, 0.664621, 0.000131112, 0, 1.34469e-24, 3.64338e-44, 0, 0, 0.664752, 0, 1.37027e-40, 99.99, 0.977364, 0.0943333, 293.718
7092, 0, 0.665069, 7.59612e-05, 0, 6.00208e-25, 2.56157e-42, 0, 0, 0.665145, 0, 9.51013e-39, 99.99, 0.977368, 0.0929932, 293.731
7093, 0, 0.665207, 8.45343e-05, 0, 8.80352e-24, 8.76302e-41, 0, 0, 0.665291, 0, 3.22805e-37, 99.99, 0.977372, 0.0926842, 293.729
7094, 0, 0.665042, 0.000155092, 0, 8.74765e-23, 1.38129e-39, 0, 0, 0.665197, 0, 5.06341e-36, 99.99, 0.977376, 0.0937918, 293.712
7095, 0, 0.664812, 0.000238948, 0, 4.49746e-22, 1.00736e-38, 0, 0, 0.665051, 0, 3.67911e-35, 99.99, 0.97738, 0.0947829, 293.691
7096, 0, 0.664716, 0.000295308, 0, 1.21112e-21, 3.40266e-38, 0, 0, 0.665011, 0, 1.23923e-34, 99.99, 0.977384, 0.0951298, 293.677
7097, 0, 0.664817, 0.00031132, 0, 1.71522e-21, 5.32038e-38, 0, 0, 0.665128, 0, 1.93386e-34, 99.99, 0.977388, 0.0951991, 293.673
7098, 0, 0.665139, 0.000282071, 0, 1.27135e-21, 3.84475e-38, 0, 0, 0.665421, 0, 1.39599e-34, 99.99, 0.977392, 0.0951906, 293.68
7099, 0, 0.665577, 0.000228996, 0, 5.16071e-22, 1.3095e-38, 0, 0, 0.665806, 0, 4.75529e-35, 99.99, 0.977396, 0.0951512, 293.693
7100, 0, 0.665804, 0.000219284, 0, 3.22034e-22, 4.8761e-39, 0, 0, 0.666023, 0, 1.77824e-35, 99.99, 0.9774, 0.0951125, 293.696
7101, 0, 0.665749, 0.000267114, 0, 8.20052e-22, 1.30049e-38, 0, 0, 0.666016, 0, 4.73189e-35, 99.99, 0.977404, 0.0950804, 293.684
7102, 0, 0.665712, 0.00031142, 0, 1.542e-21, 2.68861e-38, 0, 0, 0.666023, 0, 9.76427e-35, 99.99, 0.977408, 0.0950355, 293.673
7103, 0, 0.665831, 0.000323552, 0, 1.66159e-21, 2.70937e-38, 0, 0, 0.666155, 0, 9.85346e-35, 99.99, 0.977412, 0.0949754, 293.67
7104, 0, 0.666069, 0.000311576, 0, 1.07011e-21, 1.33669e-38, 0, 0, 0.66638, 0, 4.89922e-35, 99.99, 0.977416, 0.0949166, 293.673
7105, 0, 0.666395, 0.000281355, 0, 4.25181e-22, 3.26026e-39, 0, 0, 0.666677, 0, 1.22163e-35, 99.99, 0.97742, 0.0948755, 293.68
7106, 0, 0.666757, 0.0002438, 0, 1.03499e-22, 3.93843e-40, 0, 0, 0.667001, 0, 1.55223e-36, 99.99, 0.977424, 0.0948398, 293.69
7107, 0, 0.667038, 0.000222939, 0, 1.48455e-23, 2.33835e-41, 0, 0, 0.667261, 0, 1.01612e-37, 99.99, 0.977428, 0.094792, 293.695
7108, 0, 0.667254, 0.00021521, 0, 1.27782e-24, 6.71222e-43, 0, 0, 0.667469, 0, 3.43734e-39, 99.99, 0.977432, 0.0947384, 293.697
7109, 0, 0.667518, 0.000197716, 0, 1.01195e-25, 8.40779e-45, 0, 0, 0.667716, 0, 5.97177e-41, 99.99, 0.977436, 0.0946824, 293.701
7110, 0, 0.667835, 0.000169229, 0, 1.1508e-26, 0, 0, 0, 0.668005, 0, 5.25487e-43, 99.99, 0.97744, 0.0946244, 293.708
7111, 0, 0.668171, 0.000136963, 0, 9.75787e-28, 0, 0, 0, 0.668308, 0, 2.8026e-45, 99.99, 0.977444, 0.0945776, 293.716
7112, 0, 0.668499, 0.000106151, 0, 4.32515e-29, 0, 0, 0, 0.668605, 0, 0, 99.99, 0.977448, 0.0945378, 293.724
7113, 0, 0.668813, 7.8421e-05, 0, 9.8621e-31, 0, 0, 0, 0.668891, 0, 0, 99.99, 0.977452, 0.0944925, 293.731
7114, 0, 0.669114, 5.30234e-05, 0, 1.21357e-32, 0, 0, 0, 0.669167, 0, 0, 99.99, 0.977456, 0.0944379, 293.737
7115, 0, 0.669398, 3.13553e-05, 0, 8.37729e-35, 0, 0, 0, 0.669429, 0, 0, 99.99, 0.97746, 0.0943762, 293.742
7116, 0, 0.669653, 1.55014e-05, 0, 3.21534e-37, 0, 0, 0, 0.669668, 0, 0, 99.99, 0.977464, 0.0943145, 293.746
7117, 0, 0.669873, 6.87954e-06, 0, 6.5539e-40, 0, 0, 0, 0.66988, 0, 0, 99.99, 0.977468, 0.0942544, 293.748
7118, 0, 0.670053, 6.29386e-06, 0, 6.78228e-43, 0, 0, 0, 0.67006, 0, 0, 99.99, 0.977472, 0.0942008, 293.748
7119, 0, 0.670195, 1.36177e-05, 0, 4.2039e-45, 0, 0, 0, 0.670209, 0, 0, 99.99, 0.977476, 0.0941642, 293.747
7120, 0, 0.670306, 2.74221e-05, 0, 2.50832e-43, 0, 0, 0, 0.670333, 0, 0, 99.99, 0.97748, 0.0941288, 293.743
7121, 0, 0.670394, 4.58321e-05, 0, 5.63328e-37, 0, 0, 0, 0.67044, 0, 0, 99.99, 0.977484, 0.0940823, 293.739
7122, 0, 0.670465, 6.77981e-05, 0, 1.66469e-34, 0, 0, 0, 0.670532, 0, 0, 99.99, 0.977488, 0.094029, 293.733
7123, 0, 0.670545, 8.78087e-05, 0, 1.01495e-32, 0, 0, 0, 0.670632, 0, 0, 99.99, 0.977492, 0.0939726, 293.728
7124, 0, 0.670685, 9.54103e-05, 0, 2.88034e-31, 0, 0, 0, 0.67078, 0, 0, 99.99, 0.977496, 0.0939198, 293.727
7125, 0, 0.670842, 9.95289e-05, 0, 3.86116e-30, 0, 0, 0, 0.670942, 0, 0, 99.99, 0.9775, 0.0938711, 293.725
7126, 0, 0.670891, 0.000125946, 0, 2.68193e-29, 0, 0, 0, 0.671017, 0, 0, 99.99, 0.977504, 0.0938164, 293.719
7127, 0, 0.670878, 0.000164813, 0, 1.46822e-28, 0, 0, 0, 0.671043, 0, 0, 99.99, 0.977508, 0.0937565, 293.709
7128, 0, 0.670934, 0.000189803, 0, 9.86067e-28, 0, 0, 0, 0.671124, 0, 0, 99.99, 0.977512, 0.0937065, 293.703
7129, 0, 0.671049, 0.000202437, 0, 5.07541e-27, 0, 0, 0, 0.671252, 0, 0, 99.99, 0.977516, 0.0936642, 293.7
7130, 0, 0.671177, 0.000212605, 0, 1.40964e-26, 0, 0, 0, 0.671389, 0, 0, 99.99, 0.97752, 0.0936154, 293.698
7131, 0, 0.671329, 0.000217672, 0, 2.00091e-26, 0, 0, 0, 0.671547, 0, 0, 99.99, 0.977524, 0.0935567, 293.696
7132, 0, 0.671522, 0.000214349, 0, 1.48036e-26, 0, 0, 0, 0.671736, 0, 0, 99.99, 0.977528, 0.0934958, 293.697
7133, 0, 0.671725, 0.000208879, 0, 6.38197e-27, 0, 0, 0, 0.671934, 0, 0, 99.99, 0.977532, 0.0934437, 293.699
7134, 0, 0.671932, 0.000202742, 0, 2.19786e-27, 0, 0, 0, 0.672135, 0, 0, 99.99, 0.977536, 0.093393, 293.7
7135, 0, 0.672164, 0.000191297, 0, 7.13908e-28, 0, 0, 0, 0.672356, 0, 0, 99.99, 0.97754, 0.093338, 293.703
7136, 0, 0.672429, 0.000173236, 0, 1.64088e-28, 0, 0, 0, 0.672602, 0, 0, 99.99, 0.977544, 0.0932867, 293.707
7137, 0, 0.672724, 0.000149, 0, 2.22498e-29, 0, 0, 0, 0.672873, 0, 0, 99.99, 0.977548, 0.0932378, 293.713
7138, 0, 0.673026, 0.000123119, 0, 1.7553e-30, 0, 0, 0, 0.673149, 0, 0, 99.99, 0.977552, 0.0931813, 293.72
7139, 0, 0.673313, 0.000100553, 0, 8.15472e-32, 0, 0, 0, 0.673413, 0, 0, 99.99, 0.977556, 0.093122, 293.725
7140, 0, 0.673585, 8.08212e-05, 0, 2.21304e-33, 0, 0, 0, 0.673666, 0, 0, 99.99, 0.97756, 0.0930772, 293.73
7141, 0, 0.673838, 6.50687e-05, 0, 3.42262e-35, 0, 0, 0, 0.673903, 0, 0, 99.99, 0.977564, 0.0930424, 293.734
7142, 0, 0.674084, 5.06584e-05, 0, 2.92175e-37, 0, 0, 0, 0.674135, 0, 0, 99.99, 0.977568, 0.0930009, 293.738
7143, 0, 0.674334, 3.54239e-05, 0, 1.32891e-39, 0, 0, 0, 0.674369, 0, 0, 99.99, 0.977572, 0.0929508, 293.741
7144, 0, 0.674577, 2.16212e-05, 0, 3.10808e-42, 0, 0, 0, 0.674599, 0, 0, 99.99, 0.977576, 0.0928929, 293.745
7145, 0, 0.674804, 1.11394e-05, 0, 2.8026e-45, 0, 0, 0, 0.674815, 0, 0, 99.99, 0.97758, 0.092829, 293.747
7146, 0, 0.67501, 4.87913e-06, 0, 0, 0, 0, 0, 0.675015, 0, 0, 99.99, 0.977584, 0.0927752, 293.749
7147, 0, 0.675194, 3.33919e-06, 0, 0, 0, 0, 0, 0.675197, 0, 0, 99.99, 0.977588, 0.0927324, 293.749
7148, 0, 0.675354, 6.56981e-06, 0, 0, 0, 0, 0, 0.67536, 0, 0, 99.99, 0.977592, 0.0926844, 293.748
7149, 0, 0.675493, 1.39992e-05, 0, 0, 0, 0, 0, 0.675507, 0, 0, 99.99, 0.977596, 0.0926342, 293.747
7150, 0, 0.67562, 2.41066e-05, 0, 0, 0, 0, 0, 0.675644, 0, 0, 99.99, 0.9776, 0.092582, 293.744
7151, 0, 0.67575, 3.34144e-05, 0, 0, 0, 0, 0, 0.675783, 0, 0, 99.99, 0.977604, 0.0925279, 293.742
7152, 0, 0.675914, 3.58137e-05, 0, 0, 0, 0, 0, 0.67595, 0, 0, 99.99, 0.977608, 0.0924752, 293.741
7153, 0, 0.676129, 2.75769e-05, 0, 0, 0, 0, 0, 0.676157, 0, 0, 99.99, 0.977612, 0.092423, 293.743
7154, 0, 0.676353, 1.75827e-05, 0, 0, 0, 0, 0, 0.676371, 0, 0, 99.99, 0.977616, 0.092375, 293.746
7155, 0, 0.676507, 2.18801e-05, 0, 0, 0, 0, 0, 0.676529, 0, 0, 99.99, 0.97762, 0.0923302, 293.745
7156, 0, 0.67658, 4.30258e-05, 0, 0, 0, 0, 0, 0.676623, 0, 0, 99.99, 0.977624, 0.0922857, 293.739
7157, 0, 0.676642, 6.63483e-05, 0, 0, 0, 0, 0, 0.676708, 0, 0, 99.99, 0.977628, 0.0922389, 293.734
7158, 0, 0.676758, 7.83771e-05, 0, 0, 0, 0, 0, 0.676837, 0, 0, 99.99, 0.977632, 0.0921899, 293.731
7159, 0, 0.676939, 7.72579e-05, 0, 0, 0, 0, 0, 0.677016, 0, 0, 99.99, 0.977636, 0.0921393, 293.731
7160, 0, 0.677167, 6.62985e-05, 0, 0, 0, 0, 0, 0.677233, 0, 0, 99.99, 0.97764, 0.0920862, 293.734
7161, 0, 0.677424, 4.9427e-05, 0, 0, 0, 0, 0, 0.677473, 0, 0, 99.99, 0.977644, 0.0920289, 293.738
7162, 0, 0.677687, 3.11741e-05, 0, 0, 0, 0, 0, 0.677718, 0, 0, 99.99, 0.977648, 0.0919741, 293.742
7163, 0, 0.677935, 1.60733e-05, 0, 0, 0, 0, 0, 0.677951, 0, 0, 99.99, 0.977652, 0.0919267, 293.746
7164, 0, 0.678148, 8.26014e-06, 0, 0, 0, 0, 0, 0.678156, 0, 0, 99.99, 0.977656, 0.0918736, 293.748
7165, 0, 0.678317, 9.42775e-06, 0, 0, 0, 0, 0, 0.678326, 0, 0, 99.99, 0.97766, 0.0918117, 293.748
7166, 0, 0.678461, 1.55605e-05, 0, 0, 0, 0, 0, 0.678477, 0, 0, 99.99, 0.977664, 0.0917576, 293.746
7167, 0, 0.678617, 1.95363e-05, 0, 0, 0, 0, 0, 0.678636, 0, 0, 99.99, 0.977668, 0.0917166, 293.745
7168, 0, 0.6788, 1.76595e-05, 0, 0, 0, 0, 0, 0.678818, 0, 0, 99.99, 0.977672, 0.091675, 293.746
7169, 0, 0.679003, 1.1758e-05, 0, 0, 0, 0, 0, 0.679015, 0, 0, 99.99, 0.977676, 0.0916242, 293.747
7170, 0, 0.679206, 5.89056e-06, 0, 0, 0, 0, 0, 0.679212, 0, 0, 99.99, 0.97768, 0.0915707, 293.749
7171, 0, 0.679393, 3.11064e-06, 0, 0, 0, 0, 0, 0.679397, 0, 0, 99.99, 0.977684, 0.0915155, 293.749
7172, 0, 0.67956, 4.68522e-06, 0, 0, 0, 0, 0, 0.679564, 0, 0, 99.99, 0.977688, 0.0914596, 293.749
7173, 0, 0.679705, 1.05212e-05, 0, 0, 0, 0, 0, 0.679716, 0, 0, 99.99, 0.977692, 0.0914165, 293.747
7174, 0, 0.679832, 2.037e-05, 0, 3.76949e-43, 0, 0, 0, 0.679852, 0, 0, 99.99, 0.977696, 0.091376, 293.745
7175, 0, 0.679937, 3.45351e-05, 0, 2.20518e-39, 0, 0, 0, 0.679971, 0, 0, 99.99, 0.9777, 0.0913231, 293.742
7176, 0, 0.680024, 5.23273e-05, 0, 1.0868e-36, 0, 0, 0, 0.680076, 0, 0, 99.99, 0.977704, 0.0912675, 293.737
7177, 0, 0.680099, 7.2507e-05, 0, 9.06241e-35, 0, 0, 0, 0.680172, 0, 0, 99.99, 0.977708, 0.0912227, 293.732
7178, 0, 0.680167, 9.43623e-05, 0, 3.21499e-33, 0, 0, 0, 0.680261, 0, 0, 99.99, 0.977712, 0.0911809, 293.727
7179, 0, 0.68023, 0.000117083, 0, 6.59646e-32, 0, 0, 0, 0.680347, 0, 0, 99.99, 0.977716, 0.0911305, 293.721
7180, 0, 0.680295, 0.000139425, 0, 1.33986e-30, 0, 0, 0, 0.680435, 0, 0, 99.99, 0.97772, 0.0910693, 293.716
7181, 0, 0.680378, 0.000158061, 0, 3.44423e-29, 0, 0, 0, 0.680536, 0, 0, 99.99, 0.977724, 0.0910099, 293.711
7182, 0, 0.680504, 0.000167808, 0, 5.72582e-28, 0, 0, 0, 0.680672, 0, 0, 99.99, 0.977728, 0.0909677, 293.709
7183, 0, 0.680649, 0.000173623, 0, 4.98192e-27, 0, 0, 0, 0.680822, 0, 0, 99.99, 0.977732, 0.0909273, 293.708
7184, 0, 0.680737, 0.000191108, 0, 2.25129e-26, 0, 0, 0, 0.680928, 0, 0, 99.99, 0.977736, 0.0908752, 293.703
7185, 0, 0.680808, 0.00021214, 0, 5.24534e-26, 0, 0, 0, 0.68102, 0, 0, 99.99, 0.97774, 0.0908215, 293.698
7186, 0, 0.680996, 0.000209148, 0, 6.14024e-26, 0, 0, 0, 0.681205, 0, 0, 99.99, 0.977744, 0.090773, 293.699
7187, 0, 0.681338, 0.000174245, 0, 3.51344e-26, 0, 0, 0, 0.681513, 0, 0, 99.99, 0.977748, 0.0907243, 293.708
7188, 0, 0.681748, 0.000125544, 0, 9.64141e-27, 0, 0, 0, 0.681874, 0, 0, 99.99, 0.977752, 0.0906737, 293.719
7189, 0, 0.682104, 8.80405e-05, 0, 1.25318e-27, 0, 0, 0, 0.682192, 0, 0, 99.99, 0.977756, 0.0906282, 293.729
7190, 0, 0.682348, 7.32742e-05, 0, 7.66052e-29, 0, 0, 0, 0.682421, 0, 0, 99.99, 0.97776, 0.0905854, 293.732
7191, 0, 0.682498, 7.79244e-05, 0, 6.17691e-30, 0, 0, 0, 0.682576, 0, 0, 99.99, 0.977764, 0.0905382, 293.731
7192, 0, 0.682527, 0.000107473, 0, 2.50685e-29, 0, 0, 0, 0.682635, 0, 0, 99.99, 0.977768, 0.090488, 293.724
7193, 0, 0.682526, 0.00014323, 0, 1.19592e-28, 0, 0, 0, 0.682669, 0, 0, 99.99, 0.977772, 0.0904366, 293.715
7194, 0, 0.68264, 0.000155237, 0, 6.6911e-28, 0, 0, 0, 0.682795, 0, 0, 99.99, 0.977776, 0.0903836, 293.712
7195, 0, 0.682758, 0.000166474, 0, 2.57048e-27, 0, 0, 0, 0.682924, 0, 0, 99.99, 0.97778, 0.090328, 293.709
7196, 0, 0.682811, 0.000191022, 0, 4.90434e-27, 0, 0, 0, 0.683002, 0, 0, 99.99, 0.977784, 0.0902723, 293.703
7197, 0, 0.682941, 0.000199674, 0, 4.46166e-27, 0, 0, 0, 0.68314, 0, 0, 99.99, 0.977788, 0.0902205, 293.701
7198, 0, 0.683188, 0.000184282, 0, 1.95647e-27, 0, 0, 0, 0.683372, 0, 0, 99.99, 0.977792, 0.0901703, 293.705
7199, 0, 0.683489, 0.000157827, 0, 4.20313e-28, 0, 0, 0, 0.683646, 0, 0, 99.99, 0.977796, 0.0901234, 293.712
7200, 0, 0.683803, 0.000128414, 0, 4.48311e-29, 0, 0, 0, 0.683932, 0, 0, 99.99, 0.9778, 0.090081, 293.719
7201, 0, 0.684133, 9.61445e-05, 0, 2.38974e-30, 0, 0, 0, 0.684229, 0, 0, 99.99, 0.977804, 0.0900392, 293.727
7202, 0, 0.684452, 6.57249e-05, 0, 6.35056e-32, 0, 0, 0, 0.684518, 0, 0, 99.99, 0.977808, 0.0899953, 293.734
7203, 0, 0.684724, 4.53382e-05, 0, 8.31835e-34, 0, 0, 0, 0.684769, 0, 0, 99.99, 0.977812, 0.0899481, 293.739
7204, 0, 0.684965, 3.09962e-05, 0, 5.27973e-36, 0, 0, 0, 0.684996, 0, 0, 99.99, 0.977816, 0.0898989, 293.742
7205, 0, 0.685202, 1.76315e-05, 0, 1.59766e-38, 0, 0, 0, 0.68522, 0, 0, 99.99, 0.97782, 0.0898463, 293.746
7206, 0, 0.685421, 7.91519e-06, 0, 2.30149e-41, 0, 0, 0, 0.685429, 0, 0, 99.99, 0.977824, 0.0897861, 293.748
7207, 0, 0.68561, 4.27968e-06, 0, 1.54143e-44, 0, 0, 0, 0.685614, 0, 0, 99.99, 0.977828, 0.0897259, 293.749
7208, 0, 0.685768, 7.02313e-06, 0, 0, 0, 0, 0, 0.685776, 0, 0, 99.99, 0.977832, 0.0896793, 293.748
7209, 0, 0.685904, 1.43074e-05, 0, 0, 0, 0, 0, 0.685919, 0, 0, 99.99, 0.977836, 0.0896401, 293.747
7210, 0, 0.686044, 2.09046e-05, 0, 2.8026e-44, 0, 0, 0, 0.686064, 0, 0, 99.99, 0.97784, 0.0895985, 293.745
7211, 0, 0.686215, 2.08868e-05, 0, 4.47487e-38, 0, 0, 0, 0.686236, 0, 0, 99.99, 0.977844, 0.0895497, 293.745
7212, 0, 0.686405, 1.71094e-05, 0, 9.94918e-35, 0, 0, 0, 0.686422, 0, 0, 99.99, 0.977848, 0.0894957, 293.746
7213, 0, 0.686546, 2.32211e-05, 0, 2.01231e-32, 0, 0, 0, 0.686569, 0, 0, 99.99, 0.977852, 0.089445, 293.744
7214, 0, 0.686598, 4.76847e-05, 0, 1.13692e-29, 0, 0, 0, 0.686645, 0, 1.4013e-45, 99.99, 0.977856, 0.0893995, 293.738
7215, 0, 0.686585, 8.53725e-05, 0, 1.17566e-27, 1.68156e-44, 0, 0, 0.68667, 0, 6.10504e-41, 99.99, 0.97786, 0.0893557, 293.729
7216, 0, 0.686554, 0.0001265, 0, 5.97488e-26, 6.54687e-42, 0, 0, 0.686681, 0, 2.28421e-38, 99.99, 0.977864, 0.0893047, 293.719
7217, 0, 0.686551, 0.000162193, 0, 1.89473e-24, 3.58611e-39, 0, 0, 0.686713, 0, 1.1648e-35, 99.99, 0.977868, 0.0892447, 293.71
7218, 0, 0.686571, 0.000192932, 0, 3.64193e-23, 2.79397e-37, 0, 0, 0.686763, 0, 8.9229e-34, 99.99, 0.977872, 0.0891896, 293.703
7219, 1.26117e-44, 0.686539, 0.000234202, 0, 4.33459e-22, 9.64621e-36, 0, 0, 0.686773, 0, 3.05138e-32, 99.99, 0.977876, 0.0891492, 293.693
7220, 2.96935e-42, 0.686455, 0.000286035, 0, 3.17085e-21, 1.96725e-34, 0, 0, 0.686741, 2.41023e-43, 6.02644e-31, 95.6202, 0.97788, 0.0891123, 293.68
7221, 1.93595e-40, 0.686398, 0.000332327, 0, 1.40091e-20, 3.82924e-33, 0, 0, 0.68673, 1.69978e-41, 1.09654e-29, 91.4428, 0.977884, 0.0890686, 293.668
7222, 6.54517e-39, 0.6864, 0.000366536, 0, 3.78202e-20, 8.69682e-32, 0, 0, 0.686766, 5.80502e-40, 2.3929e-28, 87.9221, 0.977888, 0.0890173, 293.66
7223, 9.89081e-38, 0.686473, 0.000386178, 0, 7.98889e-20, 1.17636e-30, 0, 0, 0.686859, 8.78236e-39, 3.2057e-27, 85.2066, 0.977892, 0.0889601, 293.655
7224, 6.62051e-37, 0.686589, 0.000397159, 0, 2.05174e-19, 7.4436e-30, 0, 0, 0.686986, 5.87895e-38, 2.02082e-26, 83.3055, 0.977896, 0.0889069, 293.652
7225, 1.96169e-36, 0.686696, 0.000409766, 0, 4.53622e-19, 2.13147e-29, 0, 0, 0.687106, 1.74165e-37, 5.77309e-26, 82.2193, 0.9779, 0.0888634, 293.649
7226, 2.3446e-35, 0.686918, 0.000399176, 0, 5.51754e-19, 2.90442e-29, 0, 0, 0.687317, 2.07539e-36, 7.78006e-26, 79.7384, 0.977904, 0.0888213, 293.652
7227, 1.62831e-33, 0.687361, 0.000343624, 0, 3.3255e-19, 1.33503e-28, 0, 0, 0.687705, 1.44093e-34, 3.02772e-25, 75.4978, 0.977908, 0.0887764, 293.665
7228, 7.02588e-32, 0.687811, 0.000286777, 0, 1.59165e-19, 4.6666e-27, 0, 0, 0.688097, 6.21667e-33, 1.02595e-23, 71.7331, 0.977912, 0.0887286, 293.679
7229, 1.36546e-30, 0.687965, 0.000289879, 0, 7.59416e-19, 8.40034e-26, 0, 0, 0.688255, 1.2081e-31, 1.83807e-22, 68.7661, 0.977916, 0.0886786, 293.679
7230, 1.20215e-29, 0.687758, 0.000366248, 0, 4.82693e-18, 6.96207e-25, 0, 0, 0.688124, 1.06358e-30, 1.51762e-21, 66.5909, 0.97792, 0.0886223, 293.66
7231, 4.80932e-29, 0.687475, 0.000458014, 0, 1.61024e-17, 2.67678e-24, 0, 0, 0.687933, 4.25501e-30, 5.82046e-21, 65.2044, 0.977924, 0.0885607, 293.637
7232, 8.76593e-29, 0.687387, 0.000509993, 0, 2.71244e-17, 4.80001e-24, 0, 0, 0.687897, 7.75597e-30, 1.04284e-20, 64.6041, 0.977928, 0.0885097, 293.624
7233, 7.28881e-29, 0.687697, 0.000481416, 0, 2.30363e-17, 4.02291e-24, 0, 0, 0.688179, 6.44942e-30, 8.74768e-21, 64.7886, 0.977932, 0.0884742, 293.631
7234, 2.76379e-29, 0.688382, 0.000377131, 0, 9.77798e-18, 1.57373e-24, 0, 0, 0.688759, 2.44565e-30, 3.43043e-21, 65.7584, 0.977936, 0.0884371, 293.657
7235, 5.18068e-30, 0.689097, 0.000266515, 0, 2.06255e-18, 2.94502e-25, 0, 0, 0.689363, 4.58318e-31, 6.43362e-22, 67.4326, 0.97794, 0.088392, 293.684
7236, 1.34278e-29, 0.689403, 0.000238705, 0, 6.78244e-19, 2.74831e-25, 0, 0, 0.689642, 1.18399e-30, 5.70313e-22, 66.4802, 0.977944, 0.0883449, 293.691
7237, 1.87974e-28, 0.689225, 0.000308911, 0, 4.26552e-18, 3.3421e-24, 0, 0, 0.689534, 1.65724e-29, 6.85354e-21, 63.8412, 0.977948, 0.088297, 293.674
7238, 1.26443e-27, 0.688829, 0.000423311, 0, 2.093e-17, 2.10373e-23, 0, 0, 0.689252, 1.11471e-28, 4.29077e-20, 61.9352, 0.977952, 0.0882469, 293.645
7239, 4.08905e-27, 0.688471, 0.000529614, 0, 5.6085e-17, 6.47811e-23, 0, 0, 0.689001, 3.60461e-28, 1.31591e-19, 60.7615, 0.977956, 0.0881964, 293.619
7240, 6.56363e-27, 0.688353, 0.000587612, 0, 8.58263e-17, 1.01667e-22, 0, 0, 0.68894, 5.78548e-28, 2.06137e-19, 60.2883, 0.97796, 0.0881478, 293.605
7241, 5.37319e-27, 0.688528, 0.000586287, 0, 8.00109e-17, 8.43784e-23, 0, 0, 0.689114, 4.73561e-28, 1.71315e-19, 60.4884, 0.977964, 0.0880975, 293.605
7242, 2.26595e-27, 0.688963, 0.000532623, 0, 4.66703e-17, 3.76317e-23, 0, 0, 0.689495, 1.99681e-28, 7.67809e-20, 61.3518, 0.977968, 0.0880478, 293.618
7243, 4.872e-28, 0.689628, 0.000432342, 0, 1.65581e-17, 8.93545e-24, 0, 0, 0.69006, 4.29277e-29, 1.83795e-20, 62.8889, 0.977972, 0.0880028, 293.643
7244, 5.23466e-29, 0.690443, 0.000301659, 0, 3.38257e-18, 1.10558e-24, 0, 0, 0.690745, 4.6117e-30, 2.29853e-21, 65.1197, 0.977976, 0.0879557, 293.676
7245, 2.76143e-30, 0.691157, 0.000191324, 0, 3.77159e-19, 6.9813e-26, 0, 0, 0.691349, 2.43247e-31, 1.46998e-22, 68.0618, 0.97798, 0.0879038, 293.703
7246, 7.06847e-32, 0.691588, 0.000138323, 0, 2.21435e-20, 2.2098e-27, 0, 0, 0.691726, 6.22553e-33, 4.71873e-24, 71.7271, 0.977984, 0.0878517, 293.716
7247, 8.70226e-34, 0.691943, 0.000100583, 0, 6.78304e-22, 3.44352e-29, 0, 0, 0.692044, 7.66338e-35, 7.46127e-26, 76.1243, 0.977988, 0.0878034, 293.725
7248, 5.10603e-36, 0.692277, 6.69308e-05, 0, 1.27044e-23, 2.58971e-31, 0, 0, 0.692344, 4.49588e-37, 5.692e-28, 81.2626, 0.977992, 0.0877576, 293.733
7249, 1.41283e-38, 0.692348, 8.68308e-05, 0, 2.21441e-23, 9.19788e-34, 0, 0, 0.692434, 1.24387e-39, 2.04844e-30, 87.1526, 0.977996, 0.0877085, 293.729
7250, 1.82281e-41, 0.692126, 0.000165845, 0, 1.28047e-22, 1.50961e-36, 0, 0, 0.692291, 1.60309e-42, 3.40298e-33, 93.8056, 0.978, 0.0876608, 293.709
7251, 1.12104e-44, 0.691901, 0.000245336, 0, 3.40868e-22, 4.70926e-39, 0, 0, 0.692146, 0, 1.69287e-35, 99.99, 0.978004, 0.0876167, 293.689
7252, 0, 0.691976, 0.000264255, 0, 4.15735e-22, 4.54586e-39, 0, 0, 0.69224, 0, 1.82378e-35, 99.99, 0.978008, 0.0875659, 293.685
7253, 0, 0.692414, 0.000209525, 0, 2.31928e-22, 2.5021e-39, 0, 0, 0.692624, 0, 1.0069e-35, 99.99, 0.978012, 0.0875084, 293.698
7254, 0, 0.692975, 0.0001302, 0, 5.90934e-23, 5.94705e-40, 0, 0, 0.693105, 0, 2.40502e-36, 99.99, 0.978016, 0.08746, 293.718
7255, 0, 0.693374, 8.34725e-05, 0, 6.88388e-24, 6.06944e-41, 0, 0, 0.693458, 0, 2.47353e-37, 99.99, 0.97802, 0.0874204, 293.729
7256, 0, 0.693635, 6.47727e-05, 0, 7.62943e-25, 2.81381e-42, 0, 0, 0.6937, 0, 1.26021e-38, 99.99, 0.978024, 0.0873769, 293.734
7257, 0, 0.693745, 7.64847e-05, 0, 6.15379e-24, 3.54669e-42, 0, 0, 0.693821, 0, 3.29411e-38, 99.99, 0.978028, 0.0873305, 293.731
7258, 0, 0.693581, 0.000143312, 0, 4.45106e-23, 3.30468e-41, 0, 0, 0.693725, 0, 2.83874e-37, 99.99, 0.978032, 0.0872822, 293.715
7259, 0, 0.69332, 0.000229795, 0, 1.51735e-22, 1.37554e-40, 0, 0, 0.69355, 0, 1.09363e-36, 99.99, 0.978036, 0.0872292, 293.693
7260, 0, 0.693235, 0.000280868, 0, 2.43754e-22, 2.5052e-40, 0, 0, 0.693515, 0, 1.87024e-36, 99.99, 0.97804, 0.0871765, 293.68
7261, 0, 0.693359, 0.000289623, 0, 1.88246e-22, 1.97931e-40, 0, 0, 0.693648, 0, 1.41314e-36, 99.99, 0.978044, 0.0871272, 293.678
7262, 0, 0.693558, 0.000283099, 0, 8.08322e-23, 6.72427e-41, 0, 0, 0.693841, 0, 4.68811e-37, 99.99, 0.978048, 0.087076, 293.68
7263, 0, 0.693775, 0.000273177, 0, 3.11033e-23, 9.74603e-42, 0, 0, 0.694048, 0, 6.81581e-38, 99.99, 0.978052, 0.0870213, 293.682
7264, 0, 0.694049, 0.00025176, 0, 1.2447e-23, 5.98354e-43, 0, 0, 0.6943, 0, 4.47759e-39, 99.99, 0.978056, 0.0869639, 293.688
7265, 0, 0.694381, 0.000218539, 0, 3.20798e-24, 1.54143e-44, 0, 0, 0.694599, 0, 1.63949e-40, 99.99, 0.97806, 0.0869023, 293.696
7266, 0, 0.69474, 0.000179919, 0, 4.34236e-25, 0, 0, 0, 0.69492, 0, 5.75794e-42, 99.99, 0.978064, 0.0868301, 293.705
7267, 0, 0.695104, 0.000140392, 0, 3.04829e-26, 0, 0, 0, 0.695244, 0, 1.82169e-43, 99.99, 0.978068, 0.0867403, 293.715
7268, 0, 0.695459, 0.000102473, 0, 1.13666e-27, 0, 0, 0, 0.695562, 0, 2.8026e-45, 99.99, 0.978072, 0.0866036, 293.725
7269, 0, 0.695797, 6.81676e-05, 0, 2.30282e-29, 0, 0, 0, 0.695865, 0, 0, 99.99, 0.978076, 0.0862772, 293.733
7270, 0, 0.696105, 3.96778e-05, 0, 2.54996e-31, 0, 0, 0, 0.696145, 0, 0, 99.99, 0.97808, 0.0854225, 293.74
7271, 0, 0.696373, 1.93459e-05, 0, 1.52252e-33, 0, 0, 0, 0.696393, 0, 0, 99.99, 0.978084, 0.0842231, 293.745
7272, 0, 0.69659, 9.24667e-06, 0, 4.78741e-36, 0, 0, 0, 0.6966, 0, 0, 99.99, 0.978088, 0.0840448, 293.748
7273, 0, 0.696754, 9.90954e-06, 0, 7.74661e-39, 0, 0, 0, 0.696764, 0, 0, 99.99, 0.978092, 0.0850837, 293.748
7274, 0, 0.696881, 1.7923e-05, 0, 6.33387e-42, 0, 0, 0, 0.696899, 0, 0, 99.99, 0.978096, 0.0859535, 293.746
7275, 0, 0.697009, 2.58473e-05, 0, 1.4013e-45, 0, 0, 0, 0.697034, 0, 0, 99.99, 0.9781, 0.0862553, 293.744
7276, 0, 0.69717, 2.68947e-05, 0, 0, 0, 0, 0, 0.697197, 0, 0, 99.99, 0.978104, 0.0863153, 293.743
7277, 0, 0.697369, 2.02824e-05, 0, 0, 0, 0, 0, 0.69739, 0, 0, 99.99, 0.978108, 0.0863112, 293.745
7278, 0, 0.697581, 1.12254e-05, 0, 0, 0, 0, 0, 0.697592, 0, 0, 99.99, 0.978112, 0.0862917, 293.747
7279, 0, 0.697773, 6.11198e-06, 0, 0, 0, 0, 0, 0.697779, 0, 0, 99.99, 0.978116, 0.0862639, 293.748
7280, 0, 0.697927, 8.7484e-06, 0, 2.8026e-45, 0, 0, 0, 0.697935, 0, 0, 99.99, 0.97812, 0.0862258, 293.748
7281, 0, 0.698038, 1.98544e-05, 0, 1.87774e-43, 0, 0, 0, 0.698057, 0, 0, 99.99, 0.978124, 0.0861821, 293.745
7282, 0, 0.698113, 3.80896e-05, 0, 4.65792e-42, 0, 0, 0, 0.698151, 0, 0, 99.99, 0.978128, 0.0861362, 293.741
7283, 0, 0.698167, 6.06277e-05, 0, 2.29437e-36, 0, 0, 0, 0.698227, 0, 0, 99.99, 0.978132, 0.0860894, 293.735
7284, 0, 0.698225, 8.21201e-05, 0, 1.23926e-31, 0, 0, 0, 0.698308, 0, 0, 99.99, 0.978136, 0.0860475, 293.73
7285, 0, 0.698343, 9.18484e-05, 0, 2.30834e-29, 0, 0, 0, 0.698435, 0, 0, 99.99, 0.97814, 0.086008, 293.727
7286, 0, 0.698559, 8.17605e-05, 0, 1.61992e-27, 0, 0, 0, 0.698641, 0, 2.24208e-44, 99.99, 0.978144, 0.0859631, 293.73
7287, 0, 0.698766, 7.35021e-05, 0, 5.40191e-26, 1.13505e-43, 0, 0, 0.69884, 0, 4.47339e-40, 99.99, 0.978148, 0.0859154, 293.732
7288, 0, 0.698774, 0.000105149, 0, 9.3107e-25, 6.44457e-42, 0, 0, 0.698879, 0, 2.53767e-38, 99.99, 0.978152, 0.0858726, 293.724
7289, 0, 0.69861, 0.00017096, 0, 1.00058e-23, 1.60889e-40, 0, 0, 0.698781, 0, 6.33784e-37, 99.99, 0.978156, 0.0858326, 293.707
7290, 0, 0.698462, 0.000233522, 0, 7.03004e-23, 6.56732e-39, 0, 0, 0.698696, 0, 2.24973e-35, 99.99, 0.97816, 0.0857878, 293.692
7291, 2.8026e-45, 0.698433, 0.000272323, 0, 2.79454e-22, 5.92803e-37, 0, 0, 0.698705, 0, 1.89891e-33, 99.99, 0.978164, 0.0857405, 293.682
7292, 1.82169e-43, 0.69857, 0.000277871, 0, 5.90655e-22, 3.28021e-35, 0, 0, 0.698848, 0, 1.04098e-31, 98.4114, 0.978168, 0.0856976, 293.68
7293, 5.8294e-42, 0.698906, 0.000243787, 0, 1.44792e-21, 8.73168e-34, 0, 0, 0.69915, 0, 2.75198e-30, 94.9457, 0.978172, 0.0856545, 293.689
7294, 8.68469e-41, 0.699187, 0.00022065, 0, 9.15116e-21, 1.1208e-32, 0, 0, 0.699408, 0, 3.50997e-29, 92.2444, 0.978176, 0.0856095, 293.695
7295, 5.98495e-40, 0.699098, 0.000271234, 0, 4.20737e-20, 6.94655e-32, 0, 0, 0.699369, 0, 2.16465e-28, 90.3142, 0.97818, 0.0855633, 293.682
7296, 1.88355e-39, 0.698867, 0.000349993, 0, 1.03705e-19, 2.0591e-31, 0, 0, 0.699217, 0, 6.3974e-28, 89.1677, 0.978184, 0.0855129, 293.662
7297, 2.68751e-39, 0.698872, 0.000381735, 0, 1.37889e-19, 2.88688e-31, 0, 0, 0.699254, 0, 8.96101e-28, 88.8122, 0.978188, 0.0854637, 293.654
7298, 1.73638e-39, 0.699221, 0.000345223, 0, 9.94539e-20, 1.903e-31, 0, 0, 0.699566, 0, 5.913e-28, 89.249, 0.978192, 0.0854219, 293.663
7299, 5.09564e-40, 0.699842, 0.000254458, 0, 3.86307e-20, 5.89806e-32, 0, 0, 0.700096, 0, 1.83781e-28, 90.475, 0.978196, 0.0853799, 293.686
7300, 6.82236e-41, 0.700399, 0.000176373, 0, 7.93785e-21, 8.61951e-33, 0, 0, 0.700575, 0, 2.69789e-29, 92.4858, 0.9782, 0.0853324, 293.706
7301, 4.18288e-42, 0.700675, 0.000154221, 0, 8.3887e-22, 5.95149e-34, 0, 0, 0.70083, 0, 1.87404e-30, 95.2776, 0.978204, 0.0852858, 293.711
7302, 1.16308e-43, 0.700897, 0.000143027, 0, 4.40703e-23, 1.93907e-35, 0, 0, 0.701039, 0, 6.15065e-32, 98.8601, 0.978208, 0.0852407, 293.714
7303, 1.4013e-45, 0.701183, 0.000118793, 0, 1.11525e-24, 2.96623e-37, 0, 0, 0.701302, 0, 9.48765e-34, 99.99, 0.978212, 0.0851915, 293.72
7304, 0, 0.701517, 8.49725e-05, 0, 1.33911e-26, 2.11415e-39, 0, 0, 0.701602, 0, 6.82463e-36, 99.99, 0.978216, 0.0851451, 293.729
7305, 0, 0.701871, 4.73023e-05, 0, 8.22572e-29, 6.96305e-42, 0, 0, 0.701919, 0, 2.26924e-38, 99.99, 0.97822, 0.085105, 293.738
7306, 0, 0.702162, 2.22114e-05, 0, 2.2701e-30, 1.12104e-44, 0, 0, 0.702184, 0, 3.45672e-41, 99.99, 0.978224, 0.0850641, 293.744
7307, 0, 0.702335, 2.0591e-05, 0, 6.20313e-28, 2.29112e-42, 0, 0, 0.702355, 0, 8.12081e-39, 99.99, 0.978228, 0.0850201, 293.745
7308, 1.68156e-44, 0.702379, 4.44389e-05, 0, 1.25973e-25, 4.24232e-37, 0, 0, 0.702424, 1.4013e-45, 1.26301e-33, 99.99, 0.978232, 0.0849747, 293.739
7309, 1.35546e-40, 0.702309, 9.10389e-05, 0, 8.53094e-24, 3.0158e-34, 0, 0, 0.7024, 1.14724e-41, 8.23318e-31, 91.7993, 0.978236, 0.0849249, 293.727
7310, 1.84532e-38, 0.702162, 0.000152853, 0, 3.01277e-22, 2.63749e-32, 0, 0, 0.702314, 1.56157e-39, 7.09302e-29, 86.8856, 0.97824, 0.0848497, 293.712
7311, 2.85024e-36, 0.701997, 0.000218018, 0, 5.72672e-21, 1.76965e-30, 0, 0, 0.702215, 2.41139e-37, 4.61074e-27, 81.8457, 0.978244, 0.0847302, 293.695
7312, 1.61026e-34, 0.701836, 0.000282318, 0, 6.15748e-20, 6.10597e-29, 0, 0, 0.702118, 1.36213e-35, 1.5523e-25, 77.8115, 0.978248, 0.0846459, 293.679
7313, 4.82374e-33, 0.701654, 0.00035063, 0, 4.00218e-19, 1.22091e-27, 0, 0, 0.702005, 4.07996e-34, 3.03488e-24, 74.4118, 0.978252, 0.0846569, 293.662
7314, 7.81401e-32, 0.701483, 0.000416676, 0, 1.69416e-18, 1.43073e-26, 0, 0, 0.7019, 6.6083e-33, 3.48962e-23, 71.6268, 0.978256, 0.0846685, 293.645
7315, 6.78884e-31, 0.701381, 0.000468954, 0, 5.0109e-18, 9.75077e-26, 0, 0, 0.70185, 5.74049e-32, 2.34377e-22, 69.4649, 0.97826, 0.0846395, 293.631
7316, 3.15419e-30, 0.701357, 0.000505787, 0, 1.07724e-17, 3.82588e-25, 0, 0, 0.701863, 2.66669e-31, 9.10163e-22, 67.9288, 0.978264, 0.0845999, 293.622
7317, 7.79809e-30, 0.701407, 0.000528032, 0, 1.67499e-17, 8.5459e-25, 0, 0, 0.701935, 6.59179e-31, 2.02006e-21, 67.0237, 0.978268, 0.0845595, 293.616
7318, 1.01326e-29, 0.701551, 0.000531694, 0, 1.80202e-17, 1.06594e-24, 0, 0, 0.702083, 8.56384e-31, 2.51229e-21, 66.7618, 0.978272, 0.0845155, 293.615
7319, 6.77752e-30, 0.701814, 0.000512025, 0, 1.2436e-17, 7.1952e-25, 0, 0, 0.702326, 5.72745e-31, 1.69563e-21, 67.1639, 0.978276, 0.0844708, 293.62
7320, 2.27339e-30, 0.702159, 0.000476229, 0, 5.12625e-18, 2.52803e-25, 0, 0, 0.702635, 1.92097e-31, 5.96888e-22, 68.2563, 0.97828, 0.0844265, 293.629
7321, 3.72083e-31, 0.702479, 0.000445358, 0, 1.42798e-18, 4.45256e-26, 0, 0, 0.702924, 3.14378e-32, 1.05482e-22, 70.0662, 0.978284, 0.0843791, 293.637
7322, 2.89969e-32, 0.702698, 0.000434326, 0, 7.44444e-19, 3.88602e-27, 0, 0, 0.703132, 2.44984e-33, 9.27898e-24, 72.6181, 0.978288, 0.0843279, 293.64
7323, 1.07055e-33, 0.702905, 0.00042551, 0, 6.8886e-19, 2.49398e-28, 0, 0, 0.703331, 9.04339e-35, 6.3575e-25, 75.9171, 0.978292, 0.0842777, 293.642
7324, 2.60857e-35, 0.703203, 0.000398943, 0, 3.88984e-19, 5.12883e-29, 0, 0, 0.703602, 2.19634e-36, 1.43103e-25, 79.6317, 0.978296, 0.0842322, 293.649
7325, 1.98491e-36, 0.703536, 0.000365391, 0, 1.13826e-19, 1.11808e-29, 0, 0, 0.703902, 1.6471e-37, 3.15534e-26, 82.2075, 0.9783, 0.0841904, 293.658
7326, 1.81469e-37, 0.703871, 0.000331613, 0, 1.91536e-20, 1.17119e-30, 0, 0, 0.704202, 1.47945e-38, 3.3201e-27, 84.5997, 0.978304, 0.0841502, 293.666
7327, 7.92553e-39, 0.704236, 0.000291711, 0, 2.75298e-21, 5.5983e-32, 0, 0, 0.704528, 6.27897e-40, 1.59494e-28, 87.7307, 0.978308, 0.0841068, 293.676
7328, 1.54897e-40, 0.704634, 0.00024531, 0, 4.43672e-22, 1.21758e-33, 0, 0, 0.704879, 1.17121e-41, 3.48896e-30, 91.6658, 0.978312, 0.0840598, 293.688
7329, 1.34665e-42, 0.705044, 0.000196698, 0, 5.37942e-23, 1.20427e-35, 0, 0, 0.70524, 9.3887e-44, 3.47476e-32, 96.411, 0.978316, 0.0840155, 293.7
7330, 5.60519e-45, 0.705449, 0.000148884, 0, 3.71174e-24, 5.47634e-38, 0, 0, 0.705598, 0, 1.59877e-34, 99.99, 0.97832, 0.0839728, 293.712
7331, 0, 0.705837, 0.000104368, 0, 1.37409e-25, 1.2727e-40, 0, 0, 0.705941, 0, 3.87977e-37, 99.99, 0.978324, 0.0839273, 293.724
7332, 0, 0.706187, 6.73453e-05, 0, 2.71209e-27, 2.49431e-43, 0, 0, 0.706255, 0, 8.68699e-40, 99.99, 0.978328, 0.083882, 293.733
7333, 0, 0.706491, 3.94169e-05, 0, 2.83492e-29, 0, 0, 0, 0.706531, 0, 2.27991e-42, 99.99, 0.978332, 0.0838357, 293.74
7334, 0, 0.706756, 1.92723e-05, 0, 1.55041e-31, 0, 0, 0, 0.706775, 0, 2.8026e-45, 99.99, 0.978336, 0.0837886, 293.745
7335, 0, 0.706978, 7.60269e-06, 0, 4.43035e-34, 0, 0, 0, 0.706985, 0, 0, 99.99, 0.97834, 0.0837422, 293.748
7336, 0, 0.707157, 4.18398e-06, 0, 6.778e-37, 0, 0, 0, 0.707162, 0, 0, 99.99, 0.978344, 0.0836972, 293.749
7337, 0, 0.707314, 5.43661e-06, 0, 5.73948e-40, 0, 0, 0, 0.707319, 0, 0, 99.99, 0.978348, 0.0836572, 293.749
7338, 0, 0.707465, 7.62459e-06, 0, 2.67648e-43, 0, 0, 0, 0.707472, 0, 0, 99.99, 0.978352, 0.0836165, 293.748
7339, 0, 0.707598, 1.33538e-05, 0, 0, 0, 0, 0, 0.707611, 0, 0, 99.99, 0.978356, 0.0835712, 293.747
7340, 0, 0.707683, 2.85671e-05, 0, 0, 0, 0, 0, 0.707711, 0, 0, 99.99, 0.97836, 0.0835231, 293.743
7341, 0, 0.707732, 5.07645e-05, 0, 0, 0, 0, 0, 0.707783, 0, 0, 99.99, 0.978364, 0.0834771, 293.737
7342, 0, 0.707803, 6.86644e-05, 0, 0, 0, 0, 0, 0.707872, 0, 0, 99.99, 0.978368, 0.0834346, 293.733
7343, 0, 0.70794, 7.36206e-05, 0, 0, 0, 0, 0, 0.708013, 0, 0, 99.99, 0.978372, 0.0833906, 293.731
7344, 0, 0.708136, 6.69487e-05, 0, 0, 0, 0, 0, 0.708202, 0, 0, 99.99, 0.978376, 0.0833457, 293.733
7345, 0, 0.708384, 4.99872e-05, 0, 7.39513e-40, 0, 0, 0, 0.708434, 0, 0, 99.99, 0.97838, 0.0833024, 293.737
7346, 0, 0.708657, 2.79615e-05, 0, 6.29225e-33, 0, 0, 0, 0.708685, 0, 0, 99.99, 0.978384, 0.08326, 293.743
7347, 0, 0.708879, 1.61583e-05, 0, 9.76045e-30, 0, 0, 0, 0.708895, 0, 4.06377e-44, 99.99, 0.978388, 0.0832147, 293.746
7348, 0, 0.708991, 2.59135e-05, 0, 4.29805e-27, 2.89242e-41, 0, 0, 0.709017, 0, 1.01529e-37, 99.99, 0.978392, 0.0831638, 293.743
7349, 1.4013e-44, 0.708989, 5.79836e-05, 0, 3.98269e-25, 7.37583e-37, 0, 0, 0.709047, 1.4013e-45, 2.32658e-33, 99.99, 0.978396, 0.0831103, 293.735
7350, 1.47464e-39, 0.708896, 0.000107767, 0, 1.83339e-23, 1.36029e-33, 0, 0, 0.709004, 1.22105e-40, 3.69127e-30, 89.4124, 0.9784, 0.0830659, 293.723
7351, 1.92327e-37, 0.70874, 0.000169947, 0, 4.91172e-22, 1.4945e-31, 0, 0, 0.70891, 1.5899e-38, 4.00837e-28, 84.5416, 0.978404, 0.0830308, 293.707
7352, 1.05115e-35, 0.708553, 0.000238037, 0, 7.94693e-21, 7.56905e-30, 0, 0, 0.708791, 8.6867e-37, 2.01916e-26, 80.5406, 0.978408, 0.0829932, 293.689
7353, 2.53867e-34, 0.708365, 0.0003062, 0, 7.89712e-20, 1.7167e-28, 0, 0, 0.708671, 2.09332e-35, 4.56264e-25, 77.3563, 0.978412, 0.0829506, 293.672
7354, 2.72176e-33, 0.708199, 0.000369801, 0, 4.75268e-19, 1.74349e-27, 0, 0, 0.708569, 2.23521e-34, 4.62035e-24, 74.984, 0.978416, 0.0829063, 293.656
7355, 1.29225e-32, 0.708096, 0.000421145, 0, 1.6079e-18, 7.92712e-27, 0, 0, 0.708517, 1.05379e-33, 2.09596e-23, 73.4263, 0.97842, 0.0828613, 293.642
7356, 2.70083e-32, 0.708169, 0.000438132, 0, 2.81561e-18, 1.60906e-26, 0, 0, 0.708607, 2.17672e-33, 4.24782e-23, 72.6892, 0.978424, 0.0828161, 293.638
7357, 2.46756e-32, 0.708546, 0.000395961, 0, 2.42375e-18, 1.4514e-26, 0, 0, 0.708941, 1.95129e-33, 3.82896e-23, 72.7795, 0.978428, 0.0827701, 293.649
7358, 9.80086e-33, 0.709005, 0.000337655, 0, 1.02232e-18, 5.7955e-27, 0, 0, 0.709343, 7.52104e-34, 1.52932e-23, 73.7028, 0.978432, 0.0827227, 293.664
7359, 1.6883e-33, 0.709242, 0.00032283, 0, 2.73946e-19, 1.02562e-27, 0, 0, 0.709565, 1.23669e-34, 2.71073e-24, 75.4616, 0.978436, 0.0826762, 293.667
7360, 2.08909e-28, 0.709442, 0.000315014, 0, 1.26845e-19, 8.19252e-26, 0, 0, 0.709757, 1.72075e-29, 1.49965e-22, 63.7357, 0.97844, 0.0826321, 293.669
7361, 1.76106e-25, 0.709665, 0.000302703, 0, 1.48083e-19, 2.23364e-23, 0, 0, 0.709968, 1.4501e-26, 3.7973e-20, 56.9987, 0.978444, 0.0825874, 293.673
7362, 1.19335e-23, 0.709911, 0.000285952, 0, 1.66665e-18, 1.29195e-21, 0, 0, 0.710198, 9.82599e-25, 2.16243e-18, 52.7827, 0.978448, 0.0825431, 293.677
7363, 3.75437e-22, 0.710289, 0.000243642, 0, 2.91871e-17, 3.5375e-20, 0, 0, 0.710532, 3.09125e-23, 5.83787e-17, 49.334, 0.978452, 0.0825007, 293.688
7364, 5.37311e-21, 0.710213, 0.000289147, 0, 2.70545e-16, 4.5348e-19, 0, 0, 0.710502, 4.42397e-22, 7.39845e-16, 46.6729, 0.978456, 0.0824584, 293.676
7365, 3.48812e-20, 0.709409, 0.000476086, 0, 1.273e-15, 2.71669e-18, 0, 0, 0.709885, 2.87189e-21, 4.3947e-15, 44.8023, 0.97846, 0.0824123, 293.628
7366, 1.02373e-19, 0.708654, 0.000653069, 0, 3.04443e-15, 7.57333e-18, 0, 0, 0.709307, 8.42857e-21, 1.2183e-14, 43.7257, 0.978464, 0.0823653, 293.582
7367, 1.35596e-19, 0.708659, 0.000682874, 0, 3.68263e-15, 9.77692e-18, 0, 0, 0.709342, 1.11636e-20, 1.5682e-14, 43.4446, 0.978468, 0.0823238, 293.574
7368, 8.10389e-20, 0.709202, 0.000608723, 0, 2.30728e-15, 5.82911e-18, 0, 0, 0.709811, 6.67176e-21, 9.34601e-15, 43.9594, 0.978472, 0.0822833, 293.593
7369, 2.19165e-20, 0.709476, 0.000586681, 0, 9.20921e-16, 1.63101e-18, 0, 0, 0.710062, 1.80428e-21, 2.62531e-15, 45.267, 0.978476, 0.0822391, 293.599
7370, 2.81271e-21, 0.709406, 0.000630986, 0, 4.03715e-16, 2.56604e-19, 0, 0, 0.710037, 2.31527e-22, 4.21181e-16, 47.3201, 0.97848, 0.082192, 293.587
7371, 5.81694e-22, 0.709311, 0.000680094, 0, 3.17022e-16, 1.16167e-19, 0, 0, 0.709991, 4.7788e-23, 1.94599e-16, 48.8961, 0.978484, 0.0821446, 293.575
7372, 1.115e-21, 0.709339, 0.000705235, 0, 4.73529e-16, 2.4984e-19, 0, 0, 0.710044, 9.15233e-23, 4.16729e-16, 48.2454, 0.978488, 0.0821031, 293.568
7373, 1.34235e-21, 0.709703, 0.000665663, 0, 5.41963e-16, 3.07095e-19, 0, 0, 0.710369, 1.10181e-22, 5.13712e-16, 48.0599, 0.978492, 0.0820636, 293.578
7374, 7.00871e-22, 0.710334, 0.000574607, 0, 3.09186e-16, 1.66081e-19, 0, 0, 0.710909, 5.75267e-23, 2.79142e-16, 48.7097, 0.978496, 0.0820219, 293.602
7375, 1.57573e-22, 0.71095, 0.000486558, 0, 8.21238e-17, 3.91941e-20, 0, 0, 0.711436, 1.29331e-23, 6.62833e-17, 50.2022, 0.9785, 0.0819789, 293.625
7376, 1.53301e-23, 0.711554, 0.00040057, 0, 1.06056e-17, 4.06114e-21, 0, 0, 0.711954, 1.25821e-24, 6.91979e-18, 52.5322, 0.978504, 0.0819335, 293.647
7377, 6.50311e-25, 0.712216, 0.000303269, 0, 8.51036e-19, 1.85932e-22, 0, 0, 0.712519, 5.3372e-26, 3.1949e-19, 55.6923, 0.978508, 0.0818869, 293.672
7378, 1.21229e-26, 0.712897, 0.000202019, 0, 6.18325e-20, 3.77157e-24, 0, 0, 0.713099, 9.94903e-28, 6.53644e-21, 59.6747, 0.978512, 0.0818435, 293.698
7379, 9.98304e-29, 0.713513, 0.00011336, 0, 3.31963e-21, 3.38085e-26, 0, 0, 0.713627, 8.19248e-30, 5.90643e-23, 64.4741, 0.978516, 0.0818029, 293.721
7380, 3.63302e-31, 0.713975, 5.4647e-05, 0, 9.89027e-23, 1.35825e-28, 0, 0, 0.714029, 2.98125e-32, 2.4064e-25, 70.0901, 0.97852, 0.0817586, 293.736
7381, 6.77988e-29, 0.71422, 3.79762e-05, 0, 8.43524e-22, 2.571e-26, 0, 0, 0.714258, 5.52329e-30, 4.72137e-23, 64.861, 0.978524, 0.0817119, 293.74
7382, 2.17012e-25, 0.714202, 7.22287e-05, 0, 4.45797e-20, 1.18542e-23, 0, 0, 0.714274, 1.76702e-26, 1.91234e-20, 56.7898, 0.978528, 0.0816676, 293.731
7383, 2.39862e-23, 0.713927, 0.000156361, 0, 1.29161e-18, 9.30425e-22, 0, 0, 0.714083, 1.9528e-24, 1.45456e-18, 52.0846, 0.978532, 0.0816245, 293.71
7384, 1.50159e-21, 0.713454, 0.000278523, 0, 2.1909e-17, 4.22297e-20, 0, 0, 0.713732, 1.22235e-22, 6.36679e-17, 47.9478, 0.978536, 0.0815788, 293.678
7385, 4.35645e-20, 0.712865, 0.000422605, 0, 2.22396e-16, 9.69525e-19, 0, 0, 0.713288, 3.54601e-21, 1.4182e-15, 44.58, 0.97854, 0.0815308, 293.641
7386, 6.08347e-19, 0.712235, 0.000574156, 0, 1.36035e-15, 1.12935e-17, 0, 0, 0.712809, 4.95133e-20, 1.6104e-14, 41.9435, 0.978544, 0.0814879, 293.601
7387, 4.10708e-18, 0.711636, 0.000719154, 0, 4.92932e-15, 6.58043e-17, 0, 0, 0.712356, 3.3424e-19, 9.18805e-14, 40.0338, 0.978548, 0.0814523, 293.563
7388, 1.63141e-17, 0.711186, 0.000835364, 0, 1.02297e-14, 1.97839e-16, 0, 0, 0.712021, 1.32713e-18, 2.69587e-13, 38.6545, 0.978552, 0.0814147, 293.533
7389, 8.96335e-17, 0.711048, 0.000891636, 0, 1.25562e-14, 4.71321e-16, 0, 0, 0.71194, 7.28486e-18, 5.99098e-13, 36.9508, 0.978556, 0.0813725, 293.518
7390, 6.02336e-16, 0.711137, 0.000904469, 0, 1.5827e-14, 1.88413e-15, 0, 0, 0.712042, 4.89386e-17, 2.23276e-12, 35.0457, 0.97856, 0.081328, 293.514
7391, 2.18612e-15, 0.711098, 0.000941634, 0, 3.40394e-14, 6.14598e-15, 0, 0, 0.71204, 1.77606e-16, 7.19594e-12, 33.7566, 0.978564, 0.0812844, 293.504
7392, 3.6318e-15, 0.711192, 0.000953404, 0, 5.27703e-14, 9.82846e-15, 0, 0, 0.712146, 2.95043e-16, 1.15032e-11, 33.249, 0.978568, 0.0812425, 293.501
7393, 2.82551e-15, 0.711985, 0.000832039, 0, 4.29977e-14, 7.46806e-15, 0, 0, 0.712817, 2.2951e-16, 8.7702e-12, 33.5001, 0.978572, 0.0811999, 293.533
7394, 2.25995e-15, 0.713022, 0.000663802, 0, 2.83396e-14, 5.30156e-15, 0, 0, 0.713686, 1.83344e-16, 6.25453e-12, 33.7234, 0.978576, 0.0811551, 293.577
7395, 6.38263e-15, 0.713059, 0.000686451, 0, 4.89444e-14, 1.31809e-14, 0, 0, 0.713746, 5.17384e-16, 1.53805e-11, 32.6852, 0.97858, 0.081109, 293.571
7396, 1.26002e-14, 0.712247, 0.000871265, 0, 8.36035e-14, 2.5335e-14, 0, 0, 0.713119, 1.02132e-15, 2.93157e-11, 32.0051, 0.978584, 0.0810657, 293.522
7397, 1.12695e-14, 0.71215, 0.000920009, 0, 7.09155e-14, 2.24698e-14, 0, 0, 0.71307, 9.13427e-16, 2.58411e-11, 32.1167, 0.978588, 0.0810256, 293.51
7398, 4.53967e-15, 0.713027, 0.000782757, 0, 2.89631e-14, 9.10177e-15, 0, 0, 0.71381, 3.67931e-16, 1.04171e-11, 33.0259, 0.978592, 0.080984, 293.546
7399, 1.13899e-15, 0.713553, 0.000712301, 0, 1.15491e-14, 2.69425e-15, 0, 0, 0.714265, 9.22423e-17, 3.07676e-12, 34.4086, 0.978596, 0.0809387, 293.564
7400, 1.17182e-15, 0.713041, 0.000839508, 0, 1.97569e-14, 3.60694e-15, 0, 0, 0.71388, 9.47402e-17, 4.11819e-12, 34.3802, 0.9786, 0.0808898, 293.531
7401, 1.59616e-15, 0.71255, 0.000962841, 0, 2.66036e-14, 4.88856e-15, 0, 0, 0.713513, 1.29025e-16, 5.571e-12, 34.0712, 0.978604, 0.080841, 293.498
7402, 1.00717e-15, 0.712808, 0.000943847, 0, 1.69013e-14, 3.02767e-15, 0, 0, 0.713752, 8.14114e-17, 3.44495e-12, 34.5316, 0.978608, 0.0807959, 293.503
7403, 2.77091e-16, 0.713382, 0.000864717, 0, 6.15996e-15, 8.25043e-16, 0, 0, 0.714247, 2.23971e-17, 9.38989e-13, 35.8222, 0.978612, 0.0807549, 293.524
7404, 3.29857e-17, 0.713969, 0.000782884, 0, 3.04977e-15, 1.0332e-16, 0, 0, 0.714752, 2.66615e-18, 1.19798e-13, 37.9505, 0.978616, 0.080715, 293.546
7405, 1.776e-18, 0.714812, 0.000651986, 0, 1.90682e-15, 9.8934e-18, 0, 0, 0.715464, 1.43536e-19, 1.30779e-14, 40.8722, 0.97862, 0.0806739, 293.58
7406, 7.23942e-20, 0.71581, 0.000491515, 0, 6.85312e-16, 1.76306e-18, 0, 0, 0.716301, 5.84701e-21, 2.62063e-15, 44.0722, 0.978624, 0.080632, 293.622
7407, 5.56372e-21, 0.716568, 0.000376731, 0, 1.19536e-16, 2.461e-19, 0, 0, 0.716944, 4.49058e-22, 3.72639e-16, 46.638, 0.978628, 0.0805883, 293.652
7408, 3.30588e-22, 0.717247, 0.000276621, 0, 9.95016e-18, 1.61526e-20, 0, 0, 0.717524, 2.66792e-23, 2.46275e-17, 49.4612, 0.978632, 0.0805458, 293.678
7409, 9.04821e-24, 0.717992, 0.000163883, 0, 4.02009e-19, 4.72955e-22, 0, 0, 0.718156, 7.30184e-25, 7.2675e-19, 53.0595, 0.978636, 0.0805042, 293.707
7410, 1.08176e-25, 0.718597, 7.77751e-05, 0, 8.99853e-21, 6.16423e-24, 0, 0, 0.718675, 8.72943e-27, 9.5642e-21, 57.486, 0.97864, 0.0804634, 293.73
7411, 7.79925e-26, 0.718892, 5.12443e-05, 0, 6.55559e-21, 3.40499e-24, 0, 0, 0.718943, 6.25329e-27, 5.15339e-21, 57.8132, 0.978644, 0.080424, 293.737
7412, 5.23137e-24, 0.718878, 8.40672e-05, 0, 2.82295e-19, 2.36002e-22, 0, 0, 0.718962, 4.19417e-25, 3.57622e-19, 53.6074, 0.978648, 0.0803828, 293.728
7413, 2.49292e-22, 0.718663, 0.000155285, 0, 6.63761e-18, 1.00203e-20, 0, 0, 0.718818, 1.99858e-23, 1.49434e-17, 49.7434, 0.978652, 0.0803389, 293.71
7414, 7.22985e-21, 0.71819, 0.000275571, 0, 8.1325e-17, 1.96813e-19, 0, 0, 0.718466, 5.7937e-22, 2.87935e-16, 46.3761, 0.978656, 0.0802932, 293.678
7415, 2.40932e-19, 0.717354, 0.000464954, 0, 5.09358e-16, 2.0543e-18, 0, 0, 0.717819, 1.92918e-20, 2.84987e-15, 42.8698, 0.97866, 0.0802485, 293.629
7416, 8.51949e-18, 0.716447, 0.000667157, 0, 1.64542e-15, 2.24384e-17, 0, 0, 0.717114, 6.81969e-19, 2.68134e-14, 39.3042, 0.978664, 0.0802069, 293.575
7417, 1.5754e-16, 0.715839, 0.000811888, 0, 3.57091e-15, 3.03921e-16, 0, 0, 0.716651, 1.26098e-17, 3.36166e-13, 36.3869, 0.978668, 0.0801659, 293.537
7418, 1.30838e-15, 0.71553, 0.000899481, 0, 1.09822e-14, 2.39895e-15, 0, 0, 0.71643, 1.04718e-16, 2.62606e-12, 34.27, 0.978672, 0.0801242, 293.514
7419, 4.83595e-15, 0.715245, 0.000982328, 0, 3.37346e-14, 8.74045e-15, 0, 0, 0.716227, 3.87029e-16, 9.56676e-12, 32.9627, 0.978676, 0.080082, 293.491
7420, 7.97805e-15, 0.715168, 0.0010259, 0, 5.51141e-14, 1.43565e-14, 0, 0, 0.716194, 6.38454e-16, 1.57411e-11, 32.4621, 0.97868, 0.0800385, 293.48
7421, 5.87001e-15, 0.715686, 0.00095753, 0, 4.30575e-14, 1.06142e-14, 0, 0, 0.716643, 4.69726e-16, 1.16723e-11, 32.7689, 0.978684, 0.0799956, 293.498
7422, 1.93008e-15, 0.716534, 0.000826713, 0, 1.69308e-14, 3.57339e-15, 0, 0, 0.717361, 1.54437e-16, 3.94782e-12, 33.8812, 0.978688, 0.0799519, 293.533
7423, 4.11421e-16, 0.717113, 0.00074622, 0, 5.7376e-15, 8.85825e-16, 0, 0, 0.71786, 3.28921e-17, 9.72243e-13, 35.4269, 0.978692, 0.0799071, 293.554
7424, 1.094e-15, 0.7168, 0.000834125, 0, 7.26718e-15, 1.64808e-15, 0, 0, 0.717634, 8.72767e-17, 1.67116e-12, 34.4489, 0.978696, 0.0798663, 293.53
7425, 6.62655e-15, 0.715904, 0.00103187, 0, 1.42458e-14, 6.69429e-15, 0, 0, 0.716936, 5.28504e-16, 6.33022e-12, 32.6477, 0.9787, 0.0798279, 293.477
7426, 2.11703e-14, 0.715359, 0.00116331, 0, 2.79729e-14, 1.96319e-14, 0, 0, 0.716522, 1.68834e-15, 1.82224e-11, 31.4862, 0.978704, 0.0797876, 293.442
7427, 3.02193e-14, 0.715532, 0.00115955, 0, 3.97258e-14, 2.85957e-14, 0, 0, 0.716691, 2.40995e-15, 2.67613e-11, 31.1303, 0.978708, 0.0797456, 293.443
7428, 1.93692e-14, 0.71651, 0.00100463, 0, 3.7209e-14, 2.04371e-14, 0, 0, 0.717515, 1.54453e-15, 1.99337e-11, 31.5751, 0.978712, 0.0797032, 293.484
7429, 1.18651e-14, 0.71761, 0.000826781, 0, 3.97984e-14, 1.31157e-14, 0, 0, 0.718437, 9.44701e-16, 1.43364e-11, 32.0652, 0.978716, 0.0796607, 293.532
7430, 1.18502e-13, 0.717826, 0.000815434, 0, 6.84061e-14, 4.28692e-14, 0, 0, 0.718641, 9.41894e-15, 4.36517e-11, 29.7638, 0.97872, 0.0796178, 293.535
7431, 1.3496e-12, 0.717673, 0.000873032, 0, 1.84428e-13, 3.46792e-13, 0, 0, 0.718546, 1.07257e-13, 3.26069e-10, 27.3312, 0.978724, 0.0795736, 293.519
7432, 7.3199e-12, 0.717395, 0.000953492, 0, 6.52778e-13, 1.73183e-12, 0, 0, 0.718348, 5.81704e-13, 1.60022e-09, 25.6404, 0.978728, 0.0795284, 293.497
7433, 1.82097e-11, 0.716561, 0.00113815, 0, 1.46554e-12, 4.16279e-12, 0, 0, 0.717699, 1.44703e-12, 3.82396e-09, 24.7291, 0.978732, 0.0794852, 293.448
7434, 2.07634e-11, 0.716266, 0.00122225, 0, 1.6775e-12, 4.72059e-12, 0, 0, 0.717489, 1.64987e-12, 4.3319e-09, 24.5978, 0.978736, 0.0794423, 293.425
7435, 1.08913e-11, 0.717054, 0.00110432, 0, 9.66624e-13, 2.53315e-12, 0, 0, 0.718159, 8.65375e-13, 2.33294e-09, 25.2431, 0.97874, 0.079397, 293.457
7436, 2.64908e-12, 0.717817, 0.000991013, 0, 3.22503e-13, 6.59897e-13, 0, 0, 0.718808, 2.10469e-13, 6.16283e-10, 26.6568, 0.978744, 0.0793534, 293.488
7437, 3.21454e-13, 0.718043, 0.000977679, 0, 1.39779e-13, 1.14021e-13, 0, 0, 0.71902, 2.55343e-14, 1.15433e-10, 28.7659, 0.978748, 0.0793138, 293.491
7438, 3.998e-14, 0.718449, 0.000930285, 0, 9.98054e-14, 3.93575e-14, 0, 0, 0.719379, 3.17252e-15, 4.50216e-11, 30.8504, 0.978752, 0.0792741, 293.504
7439, 1.10499e-14, 0.719351, 0.00078951, 0, 5.01608e-14, 1.596e-14, 0, 0, 0.720141, 8.76239e-16, 1.87168e-11, 32.1364, 0.978756, 0.0792309, 293.541
7440, 2.52994e-15, 0.720033, 0.000690007, 0, 2.80334e-14, 5.12498e-15, 0, 0, 0.720724, 2.00526e-16, 6.32454e-12, 33.6106, 0.97876, 0.0791846, 293.568
7441, 1.09537e-15, 0.720078, 0.000710457, 0, 3.33035e-14, 4.04363e-15, 0, 0, 0.720788, 8.67012e-17, 5.31586e-12, 34.4477, 0.978764, 0.0791381, 293.562
7442, 7.71002e-16, 0.720096, 0.000735947, 0, 2.9746e-14, 3.1675e-15, 0, 0, 0.720832, 6.10061e-17, 4.19693e-12, 34.7988, 0.978768, 0.0790936, 293.555
7443, 2.88871e-16, 0.720005, 0.000782059, 0, 1.96873e-14, 1.34448e-15, 0, 0, 0.720787, 2.28543e-17, 1.80072e-12, 35.7806, 0.978772, 0.0790498, 293.543
7444, 7.15488e-17, 0.719831, 0.000843706, 0, 1.49388e-14, 5.2454e-16, 0, 0, 0.720675, 5.65731e-18, 7.22491e-13, 37.1762, 0.978776, 0.0790071, 293.526
7445, 2.45505e-17, 0.720123, 0.000818003, 0, 9.22955e-15, 2.58726e-16, 0, 0, 0.720941, 1.9397e-18, 3.61601e-13, 38.2458, 0.97878, 0.0789669, 293.533
7446, 7.25727e-18, 0.720732, 0.000732643, 0, 3.15535e-15, 8.23441e-17, 0, 0, 0.721464, 5.73277e-19, 1.15531e-13, 39.4645, 0.978784, 0.0789239, 293.556
7447, 1.07561e-18, 0.721284, 0.000657783, 0, 5.42408e-16, 1.25937e-17, 0, 0, 0.721942, 8.49637e-20, 1.77235e-14, 41.3736, 0.978788, 0.0788763, 293.576
7448, 7.24812e-20, 0.721692, 0.000609969, 0, 5.88452e-17, 8.75725e-19, 0, 0, 0.722302, 5.7253e-21, 1.23633e-15, 44.071, 0.978792, 0.078829, 293.589
7449, 2.17519e-21, 0.722068, 0.000568083, 0, 2.14453e-17, 2.71968e-20, 0, 0, 0.722636, 1.71817e-22, 3.85607e-17, 47.5772, 0.978796, 0.0787837, 293.6
7450, 2.86683e-23, 0.722525, 0.000510989, 0, 1.3517e-17, 4.10587e-22, 0, 0, 0.723036, 2.26449e-24, 6.12837e-19, 51.9062, 0.9788, 0.0787357, 293.615
7451, 1.65319e-25, 0.723032, 0.000444392, 0, 4.55823e-18, 1.37019e-23, 0, 0, 0.723476, 1.3058e-26, 2.78214e-20, 57.0619, 0.978804, 0.0786817, 293.633
7452, 5.92282e-28, 0.72356, 0.000373669, 0, 8.36086e-19, 1.39933e-24, 0, 0, 0.723934, 4.67448e-29, 3.00878e-21, 62.6936, 0.978808, 0.0786215, 293.651
7453, 1.00829e-29, 0.724081, 0.000304252, 0, 9.65124e-20, 7.26913e-26, 0, 0, 0.724386, 7.94467e-31, 1.57237e-22, 66.7667, 0.978812, 0.078555, 293.67
7454, 2.07241e-31, 0.724559, 0.000243027, 0, 7.10485e-21, 1.64048e-27, 0, 0, 0.724802, 1.63274e-32, 3.57343e-24, 70.6514, 0.978816, 0.0784791, 293.686
7455, 1.88104e-33, 0.725021, 0.00018477, 0, 2.89965e-22, 1.6254e-29, 0, 0, 0.725205, 1.48194e-34, 3.58272e-26, 75.3535, 0.97882, 0.0783791, 293.701
7456, 7.26539e-36, 0.725477, 0.000127351, 0, 5.89055e-24, 7.34488e-32, 0, 0, 0.725605, 5.72369e-37, 1.65764e-28, 80.9099, 0.978824, 0.0782212, 293.716
7457, 1.2003e-38, 0.725879, 8.03081e-05, 0, 5.95556e-26, 1.67506e-34, 0, 0, 0.72596, 9.45432e-40, 3.97451e-31, 87.3157, 0.978828, 0.0779295, 293.729
7458, 8.57875e-42, 0.726216, 4.57494e-05, 0, 4.02412e-28, 2.32839e-37, 0, 0, 0.726261, 6.75426e-43, 5.97597e-34, 94.5593, 0.978832, 0.077401, 293.738
7459, 2.8026e-45, 0.726497, 2.14308e-05, 0, 4.29907e-30, 2.17692e-40, 0, 0, 0.726519, 0, 5.96249e-37, 99.99, 0.978836, 0.0767626, 293.744
7460, 0, 0.726717, 8.91434e-06, 0, 4.988e-32, 1.1911e-43, 0, 0, 0.726726, 0, 3.3361e-40, 99.99, 0.97884, 0.0765146, 293.748
7461, 0, 0.726881, 6.84866e-06, 0, 2.96983e-34, 0, 0, 0, 0.726888, 0, 9.10844e-44, 99.99, 0.978844, 0.0768901, 293.748
7462, 0, 0.727007, 1.20831e-05, 0, 7.84036e-37, 0, 0, 0, 0.727019, 0, 0, 99.99, 0.978848, 0.0774551, 293.747
7463, 0, 0.727114, 2.07269e-05, 0, 9.0479e-40, 0, 0, 0, 0.727135, 0, 0, 99.99, 0.978852, 0.0778051, 293.745
7464, 0, 0.727251, 2.38265e-05, 0, 4.59626e-43, 0, 0, 0, 0.727275, 0, 0, 99.99, 0.978856, 0.0779469, 293.744
7465, 0, 0.727427, 1.95975e-05, 0, 0, 0, 0, 0, 0.727446, 0, 0, 99.99, 0.97886, 0.0779923, 293.745
7466, 0, 0.727594, 1.68417e-05, 0, 0, 0, 0, 0, 0.727611, 0, 0, 99.99, 0.978864, 0.0779982, 293.746
7467, 0, 0.727741, 1.7953e-05, 0, 0, 0, 0, 0, 0.727759, 0, 0, 99.99, 0.978868, 0.0779858, 293.745
7468, 0, 0.727872, 2.20307e-05, 0, 0, 0, 0, 0, 0.727894, 0, 0, 99.99, 0.978872, 0.0779638, 293.744
7469, 0, 0.728018, 2.34693e-05, 0, 4.2039e-45, 0, 0, 0, 0.728041, 0, 0, 99.99, 0.978876, 0.0779341, 293.744
7470, 0, 0.728202, 1.74884e-05, 0, 1.72126e-35, 0, 0, 0, 0.72822, 0, 0, 99.99, 0.97888, 0.0778995, 293.745
7471, 0, 0.728367, 1.51634e-05, 0, 4.38664e-33, 0, 0, 0, 0.728382, 0, 0, 99.99, 0.978884, 0.0778649, 293.746
7472, 0, 0.728457, 2.70022e-05, 0, 3.37578e-31, 0, 0, 0, 0.728484, 0, 0, 99.99, 0.978888, 0.0778319, 293.743
7473, 0, 0.728494, 4.86942e-05, 0, 1.36557e-29, 0, 0, 0, 0.728543, 0, 0, 99.99, 0.978892, 0.0777984, 293.737
7474, 0, 0.7285, 7.61822e-05, 0, 2.53159e-28, 0, 0, 0, 0.728576, 0, 0, 99.99, 0.978896, 0.0777625, 293.73
7475, 0, 0.728415, 0.000120775, 0, 2.07694e-27, 0, 0, 0, 0.728536, 0, 0, 99.99, 0.9789, 0.0777244, 293.718
7476, 0, 0.72831, 0.000169223, 0, 7.46717e-27, 0, 0, 0, 0.728479, 0, 0, 99.99, 0.978904, 0.0776851, 293.705
7477, 0, 0.728372, 0.000186136, 0, 1.17941e-26, 0, 0, 0, 0.728558, 0, 0, 99.99, 0.978908, 0.077645, 293.701
7478, 0, 0.728649, 0.000162567, 0, 8.24514e-27, 0, 0, 0, 0.728812, 0, 0, 99.99, 0.978912, 0.0776038, 293.707
7479, 0, 0.729066, 0.000112898, 0, 2.57215e-27, 0, 0, 0, 0.729178, 0, 0, 99.99, 0.978916, 0.0775598, 293.72
7480, 5.60519e-45, 0.729495, 6.0657e-05, 0, 1.14461e-26, 2.80815e-37, 0, 0, 0.729556, 0, 9.76738e-34, 99.99, 0.97892, 0.077513, 293.734
7481, 6.18267e-41, 0.729803, 3.13688e-05, 0, 1.8686e-24, 3.60019e-34, 0, 0, 0.729834, 4.61728e-42, 1.15702e-30, 92.5842, 0.978924, 0.0774682, 293.742
7482, 4.77064e-39, 0.729897, 4.21796e-05, 0, 1.0195e-22, 2.67984e-32, 0, 0, 0.729939, 3.57348e-40, 8.58305e-29, 88.2383, 0.978928, 0.0774276, 293.739
7483, 2.33397e-34, 0.729767, 9.50397e-05, 0, 2.49786e-21, 2.92889e-30, 0, 0, 0.729862, 1.80002e-35, 7.54232e-27, 77.4403, 0.978932, 0.0773874, 293.725
7484, 2.65642e-25, 0.729476, 0.00017803, 0, 3.06456e-20, 9.6379e-24, 0, 0, 0.729654, 2.04698e-26, 1.6177e-20, 56.5876, 0.978936, 0.0773461, 293.703
7485, 3.14098e-22, 0.72914, 0.000269111, 0, 3.65134e-19, 2.66061e-21, 0, 0, 0.729409, 2.41849e-23, 4.01396e-18, 49.5123, 0.97894, 0.0773033, 293.678
7486, 3.47039e-20, 0.728962, 0.000330617, 0, 8.99293e-18, 1.97404e-19, 0, 0, 0.729293, 2.67109e-21, 2.86836e-16, 44.8074, 0.978944, 0.0772555, 293.662
7487, 1.86206e-18, 0.729058, 0.000340827, 0, 1.74071e-16, 7.5859e-18, 0, 0, 0.729399, 1.43264e-19, 1.06345e-14, 40.8248, 0.978948, 0.0772042, 293.659
7488, 4.90233e-17, 0.728939, 0.000390775, 0, 1.90309e-15, 1.52113e-16, 0, 0, 0.72933, 3.77058e-18, 2.06411e-13, 37.5542, 0.978952, 0.0771535, 293.646
7489, 6.4354e-16, 0.728121, 0.000570495, 0, 1.20134e-14, 1.6095e-15, 0, 0, 0.728692, 4.94826e-17, 2.12471e-12, 34.9795, 0.978956, 0.0770989, 293.597
7490, 4.11102e-15, 0.727076, 0.000791837, 0, 4.50497e-14, 8.83157e-15, 0, 0, 0.727868, 3.16019e-16, 1.14248e-11, 33.1251, 0.97896, 0.0770303, 293.537
7491, 1.24786e-14, 0.726405, 0.0009435, 0, 9.93256e-14, 2.43979e-14, 0, 0, 0.727348, 9.58991e-16, 3.11615e-11, 32.0148, 0.978964, 0.0769319, 293.496
7492, 1.85804e-14, 0.726301, 0.000990148, 0, 1.25921e-13, 3.3694e-14, 0, 0, 0.727291, 1.42639e-15, 4.26963e-11, 31.6167, 0.978968, 0.0767425, 293.483
7493, 3.11583e-14, 0.726717, 0.000940992, 0, 1.00612e-13, 3.22807e-14, 0, 0, 0.727658, 2.3722e-15, 3.90895e-11, 31.0997, 0.978972, 0.0762437, 293.496
7494, 1.86008e-13, 0.727188, 0.000881731, 0, 1.0838e-13, 9.37648e-14, 0, 0, 0.72807, 1.41188e-14, 1.00964e-10, 29.313, 0.978976, 0.0752647, 293.512
7495, 8.03452e-13, 0.726969, 0.000948879, 0, 2.69662e-13, 3.61453e-13, 0, 0, 0.727918, 6.10858e-14, 3.79338e-10, 27.8499, 0.97898, 0.0746006, 293.494
7496, 1.71656e-12, 0.726361, 0.00108765, 0, 5.09006e-13, 7.42254e-13, 0, 0, 0.727448, 1.30731e-13, 7.73961e-10, 27.0907, 0.978984, 0.0751318, 293.456
7497, 1.82083e-12, 0.726601, 0.00107094, 0, 5.17044e-13, 7.6721e-13, 0, 0, 0.727671, 1.38869e-13, 7.97838e-10, 27.0317, 0.978988, 0.0760089, 293.46
7498, 1.02273e-12, 0.727783, 0.000881138, 0, 2.84738e-13, 4.20173e-13, 0, 0, 0.728664, 7.80547e-14, 4.35362e-10, 27.6085, 0.978992, 0.0763885, 293.512
7499, 8.56599e-13, 0.728486, 0.000778957, 0, 1.75504e-13, 3.0652e-13, 0, 0, 0.729265, 6.51679e-14, 3.04404e-10, 27.7858, 0.978994, 0.0763878, 293.54
7500, 2.194e-12, 0.727774, 0.000936461, 0, 3.41603e-13, 7.16547e-13, 0, 0, 0.72871, 1.6654e-13, 6.91636e-10, 26.8453, 0.978993, 0.0761462, 293.496
7501, 3.39467e-12, 0.727037, 0.0010989, 0, 4.97238e-13, 1.08462e-12, 0, 0, 0.728136, 2.57429e-13, 1.04133e-09, 26.4088, 0.978986, 0.0756298, 293.452
7502, 2.39953e-12, 0.727932, 0.000962136, 0, 3.53572e-13, 7.64243e-13, 0, 0, 0.728894, 1.81778e-13, 7.32737e-10, 26.7557, 0.978976, 0.0750919, 293.489
7503, 7.6747e-13, 0.729623, 0.000679269, 0, 1.19715e-13, 2.47225e-13, 0, 0, 0.730302, 5.80735e-14, 2.37346e-10, 27.8957, 0.978964, 0.0750881, 293.566
7504, 1.26283e-13, 0.730192, 0.000602611, 0, 1.9385e-14, 3.78171e-14, 0, 0, 0.730795, 9.53097e-15, 3.62034e-11, 29.7003, 0.978952, 0.0755457, 293.587
7505, 1.08839e-12, 0.729653, 0.000729653, 0, 8.62718e-15, 6.13468e-14, 0, 0, 0.730382, 8.19288e-14, 4.58211e-11, 27.5463, 0.97894, 0.0758813, 293.553
7506, 3.71821e-11, 0.729243, 0.000831899, 0, 1.33704e-13, 1.46859e-12, 0, 0, 0.730075, 2.81068e-12, 1.03666e-09, 24.0152, 0.978928, 0.0757684, 293.525
7507, 7.21208e-10, 0.728857, 0.000928196, 0, 1.44119e-12, 2.10384e-11, 0, 0, 0.729786, 5.46595e-11, 1.41151e-08, 21.0501, 0.978916, 0.0750783, 293.498
7508, 7.67622e-09, 0.72736, 0.00122551, 0, 9.55034e-12, 1.78463e-10, 0, 0, 0.728585, 5.82593e-10, 1.14463e-07, 18.6851, 0.978904, 0.0744662, 293.415
7509, 4.41427e-08, 0.725199, 0.00164057, 0, 3.97723e-11, 8.83228e-10, 0, 0, 0.72684, 3.353e-09, 5.48552e-07, 16.9358, 0.978892, 0.074797, 293.298
7510, 1.40471e-07, 0.723561, 0.00195768, 0, 1.03382e-10, 2.55208e-09, 0, 0, 0.725519, 1.06761e-08, 1.55292e-06, 15.7783, 0.97888, 0.0755174, 293.207
7511, 2.61482e-07, 0.722731, 0.00212852, 0, 1.72514e-10, 4.50818e-09, 0, 0, 0.72486, 1.98822e-08, 2.71691e-06, 15.1569, 0.978868, 0.0759173, 293.157
7512, 3.06047e-07, 0.722658, 0.00216668, 0, 1.9855e-10, 5.25889e-09, 0, 0, 0.724824, 2.32785e-08, 3.18074e-06, 14.9995, 0.978856, 0.0760447, 293.146
7513, 2.39476e-07, 0.72322, 0.00209415, 0, 1.68913e-10, 4.32589e-09, 0, 0, 0.725314, 1.82185e-08, 2.66623e-06, 15.2448, 0.978844, 0.0760744, 293.167
7514, 1.26832e-07, 0.724343, 0.00192303, 0, 1.07788e-10, 2.53667e-09, 0, 0, 0.726267, 9.64956e-09, 1.61577e-06, 15.8804, 0.978832, 0.0760719, 293.217
7515, 4.3893e-08, 0.72604, 0.00164867, 0, 4.98198e-11, 1.02121e-09, 0, 0, 0.727689, 3.33939e-09, 6.79825e-07, 16.9415, 0.97882, 0.0760563, 293.295
7516, 9.46389e-09, 0.728284, 0.00127274, 0, 1.5837e-11, 2.67409e-10, 0, 0, 0.729557, 7.19974e-10, 1.87506e-07, 18.4758, 0.978808, 0.0760328, 293.401
7517, 1.2129e-09, 0.730833, 0.000837408, 0, 3.26979e-12, 4.29842e-11, 0, 0, 0.73167, 9.22666e-11, 3.18813e-08, 20.5303, 0.978796, 0.0760033, 293.522
7518, 8.8141e-11, 0.733107, 0.000448609, 0, 4.14221e-13, 4.00902e-12, 0, 0, 0.733556, 6.70456e-12, 3.1502e-09, 23.1521, 0.978784, 0.0759712, 293.628
7519, 3.48946e-12, 0.734333, 0.000250726, 0, 3.10822e-14, 2.07234e-13, 0, 0, 0.734583, 2.6541e-13, 1.72499e-10, 26.3813, 0.978772, 0.0759394, 293.682
7520, 8.52924e-13, 0.734083, 0.000324036, 0, 8.30301e-15, 4.45185e-14, 0, 0, 0.734407, 6.46248e-14, 3.48576e-11, 27.7901, 0.97876, 0.0759058, 293.662
7521, 2.50927e-11, 0.732843, 0.000579268, 0, 1.02418e-13, 1.10372e-12, 0, 0, 0.733422, 1.90041e-12, 8.23984e-10, 24.4084, 0.978748, 0.0758681, 293.593
7522, 4.14349e-10, 0.731514, 0.000849266, 0, 1.10225e-12, 1.54686e-11, 0, 0, 0.732363, 3.13759e-11, 1.12062e-08, 21.6043, 0.978736, 0.0758273, 293.519
7523, 4.04768e-09, 0.730138, 0.00112452, 0, 6.8574e-12, 1.18398e-10, 0, 0, 0.731263, 3.06425e-10, 8.22434e-08, 19.3251, 0.978724, 0.0757881, 293.442
7524, 2.53536e-08, 0.72841, 0.00146019, 0, 2.67845e-11, 5.69475e-10, 0, 0, 0.72987, 1.91885e-09, 3.75167e-07, 17.4903, 0.978712, 0.0757529, 293.347
7525, 9.48599e-08, 0.72686, 0.00176104, 0, 7.25417e-11, 1.78834e-09, 0, 0, 0.728621, 7.17799e-09, 1.12818e-06, 16.1709, 0.9787, 0.0757178, 293.261
7526, 1.90123e-07, 0.725918, 0.00195193, 0, 1.26437e-10, 3.31965e-09, 0, 0, 0.72787, 1.43848e-08, 2.04738e-06, 15.4756, 0.978688, 0.0756802, 293.206
7527, 1.92399e-07, 0.726168, 0.00193323, 0, 1.25033e-10, 3.30876e-09, 0, 0, 0.728101, 1.45559e-08, 2.02687e-06, 15.4637, 0.978676, 0.0756431, 293.211
7528, 9.58119e-08, 0.728044, 0.00162742, 0, 6.57093e-11, 1.69275e-09, 0, 0, 0.729671, 7.24816e-09, 1.04136e-06, 16.1609, 0.978664, 0.0756061, 293.298
7529, 2.31275e-08, 0.730759, 0.00116922, 0, 1.79362e-11, 4.35935e-10, 0, 0, 0.731928, 1.7495e-09, 2.71784e-07, 17.5822, 0.978652, 0.075567, 293.428
7530, 2.67875e-09, 0.733176, 0.000759838, 0, 2.53273e-12, 5.59411e-11, 0, 0, 0.733936, 2.02625e-10, 3.56306e-08, 19.7379, 0.97864, 0.0755275, 293.542
7531, 1.48209e-10, 0.734453, 0.000554798, 0, 1.86876e-13, 3.55571e-12, 0, 0, 0.735008, 1.12101e-11, 2.3293e-09, 22.6324, 0.978628, 0.0754885, 293.599
7532, 4.00887e-12, 0.734313, 0.00060699, 0, 7.68345e-15, 1.13348e-13, 0, 0, 0.73492, 3.03164e-13, 7.65894e-11, 26.2425, 0.978616, 0.0754509, 293.585
7533, 6.57876e-12, 0.733269, 0.000823631, 0, 6.88739e-15, 1.38918e-13, 0, 0, 0.734093, 4.94976e-13, 8.30422e-11, 25.7472, 0.978604, 0.0754151, 293.525
7534, 2.16927e-10, 0.732172, 0.00104924, 0, 1.88549e-13, 4.3047e-12, 0, 0, 0.733222, 1.63195e-11, 2.54412e-09, 22.2515, 0.978592, 0.0753786, 293.462
7535, 3.24437e-09, 0.731371, 0.0012196, 0, 2.54817e-12, 6.13918e-11, 0, 0, 0.73259, 2.44061e-10, 3.60116e-08, 19.5463, 0.97858, 0.0753403, 293.414
7536, 2.17846e-08, 0.730165, 0.00145935, 0, 1.60313e-11, 3.98961e-10, 0, 0, 0.731625, 1.63868e-09, 2.32955e-07, 17.6421, 0.978568, 0.0753007, 293.346
7537, 6.55321e-08, 0.728617, 0.00175766, 0, 4.68687e-11, 1.18307e-09, 0, 0, 0.730375, 4.92923e-09, 6.90451e-07, 16.5407, 0.978556, 0.0752594, 293.26
7538, 8.83664e-08, 0.728307, 0.0018365, 0, 6.39235e-11, 1.60442e-09, 0, 0, 0.730144, 6.64654e-09, 9.40519e-07, 16.2418, 0.978544, 0.0752188, 293.237
7539, 5.36438e-08, 0.729979, 0.00156609, 0, 4.13189e-11, 1.00155e-09, 0, 0, 0.731545, 4.03471e-09, 5.93566e-07, 16.7409, 0.978532, 0.0751813, 293.314
7540, 1.49498e-08, 0.73192, 0.00124836, 0, 1.38193e-11, 2.9915e-10, 0, 0, 0.733168, 1.12435e-09, 1.82168e-07, 18.0186, 0.97852, 0.075144, 293.405
7541, 4.71793e-09, 0.732378, 0.00119367, 0, 5.83382e-12, 9.87264e-11, 0, 0, 0.733572, 3.54193e-10, 6.41877e-08, 19.1719, 0.978508, 0.0751052, 293.42
7542, 3.59445e-08, 0.731517, 0.00137305, 0, 1.76367e-11, 4.58072e-10, 0, 0, 0.73289, 2.69465e-09, 2.69194e-07, 17.1413, 0.978496, 0.0750663, 293.37
7543, 2.50881e-07, 0.730484, 0.00157937, 0, 8.09624e-11, 2.7065e-09, 0, 0, 0.732064, 1.88055e-08, 1.50233e-06, 15.1983, 0.978484, 0.0750271, 293.31
7544, 8.56112e-07, 0.729018, 0.00185746, 0, 2.43366e-10, 8.7708e-09, 0, 0, 0.730875, 6.41666e-08, 4.7791e-06, 13.9709, 0.978472, 0.074988, 293.227
7545, 1.40872e-06, 0.727504, 0.00214485, 0, 3.91337e-10, 1.43879e-08, 0, 0, 0.729649, 1.05574e-07, 7.82447e-06, 13.4728, 0.97846, 0.0749489, 293.143
7546, 1.14796e-06, 0.727659, 0.00214516, 0, 3.37783e-10, 1.22535e-08, 0, 0, 0.729804, 8.60211e-08, 6.74769e-06, 13.6775, 0.978448, 0.0749101, 293.143
7547, 4.91143e-07, 0.729377, 0.00187398, 0, 1.70248e-10, 5.81017e-09, 0, 0, 0.731251, 3.6797e-08, 3.29296e-06, 14.5265, 0.978436, 0.0748722, 293.224
7548, 1.20514e-07, 0.731167, 0.00158803, 0, 5.73577e-11, 1.69071e-09, 0, 0, 0.732755, 9.02717e-09, 1.00549e-06, 15.9315, 0.978424, 0.0748342, 293.307
7549, 1.97692e-08, 0.732158, 0.00143971, 0, 1.98231e-11, 4.01768e-10, 0, 0, 0.733598, 1.48029e-09, 2.67568e-07, 17.7391, 0.978412, 0.0747963, 293.35
7550, 3.96812e-09, 0.733395, 0.00124451, 0, 1.0784e-11, 1.52818e-10, 0, 0, 0.734639, 2.96874e-10, 1.16545e-07, 19.345, 0.9784, 0.0747584, 293.405
7551, 1.17985e-09, 0.734794, 0.00102063, 0, 4.55754e-12, 5.7864e-11, 0, 0, 0.735815, 8.82298e-11, 4.5916e-08, 20.5579, 0.978388, 0.07472, 293.468
7552, 2.20866e-10, 0.734949, 0.00102032, 0, 1.36095e-12, 1.24454e-11, 0, 0, 0.735969, 1.65144e-11, 1.03032e-08, 22.2335, 0.978376, 0.0746813, 293.469
7553, 2.5628e-11, 0.734708, 0.00109017, 0, 8.28994e-13, 3.04753e-12, 0, 0, 0.735798, 1.91526e-12, 2.95314e-09, 24.3873, 0.978364, 0.0746423, 293.449
7554, 5.93312e-12, 0.735629, 0.000950254, 0, 5.67676e-13, 1.52872e-12, 0, 0, 0.736579, 4.42922e-13, 1.59512e-09, 25.8505, 0.978352, 0.0746026, 293.488
7555, 1.65635e-12, 0.737584, 0.00062317, 0, 2.04026e-13, 4.88911e-13, 0, 0, 0.738207, 1.23624e-13, 5.1821e-10, 27.1264, 0.97834, 0.0745624, 293.579
7556, 2.27676e-13, 0.739327, 0.000333414, 0, 3.62462e-14, 7.31986e-14, 0, 0, 0.739661, 1.69921e-14, 7.88655e-11, 29.1109, 0.978328, 0.0745238, 293.659
7557, 1.64729e-14, 0.739758, 0.000281565, 0, 8.5576e-15, 7.76435e-15, 0, 0, 0.74004, 1.22873e-15, 8.98259e-12, 31.7371, 0.978316, 0.0744864, 293.673
7558, 2.06355e-14, 0.738768, 0.000487703, 0, 3.54189e-14, 2.07101e-14, 0, 0, 0.739256, 1.53477e-15, 2.57901e-11, 31.5118, 0.978304, 0.0744477, 293.616
7559, 7.52153e-14, 0.737293, 0.000781189, 0, 1.106e-13, 7.1513e-14, 0, 0, 0.738074, 5.5934e-15, 8.80438e-11, 30.2184, 0.978292, 0.0744073, 293.535
7560, 1.4825e-13, 0.736362, 0.000975307, 0, 1.7805e-13, 1.26763e-13, 0, 0, 0.737338, 1.10222e-14, 1.52627e-10, 29.5399, 0.97828, 0.0743671, 293.481
7561, 2.23376e-13, 0.736071, 0.00105357, 0, 1.8347e-13, 1.55015e-13, 0, 0, 0.737124, 1.66004e-14, 1.77475e-10, 29.1299, 0.978268, 0.0743287, 293.459
7562, 2.79214e-13, 0.736043, 0.0010843, 0, 1.57882e-13, 1.63324e-13, 0, 0, 0.737127, 2.0744e-14, 1.77955e-10, 28.9068, 0.978256, 0.0742902, 293.45
7563, 1.98985e-13, 0.736511, 0.00102633, 0, 9.56644e-14, 1.0936e-13, 0, 0, 0.737537, 1.47821e-14, 1.16739e-10, 29.2455, 0.978244, 0.0742492, 293.466
7564, 6.54936e-14, 0.737281, 0.0009141, 0, 3.27306e-14, 3.56504e-14, 0, 0, 0.738195, 4.8652e-15, 3.78588e-11, 30.3568, 0.978232, 0.0742091, 293.498
7565, 9.64667e-15, 0.737664, 0.000871497, 0, 1.50775e-14, 6.15593e-15, 0, 0, 0.738535, 7.16553e-16, 6.83416e-12, 32.2722, 0.97822, 0.0741722, 293.51
7566, 1.06073e-15, 0.737727, 0.00088605, 0, 2.04445e-14, 2.30622e-15, 0, 0, 0.738613, 7.87178e-17, 3.06641e-12, 34.4798, 0.978208, 0.074134, 293.505
7567, 4.26033e-16, 0.738113, 0.000842564, 0, 1.8619e-14, 1.73651e-15, 0, 0, 0.738955, 3.15795e-17, 2.3947e-12, 35.392, 0.978196, 0.0740953, 293.517
7568, 1.59553e-16, 0.739055, 0.000698749, 0, 8.58503e-15, 6.94418e-16, 0, 0, 0.739754, 1.18251e-17, 9.65252e-13, 36.3742, 0.978184, 0.0740592, 293.557
7569, 2.8108e-17, 0.740349, 0.000490947, 0, 2.06764e-15, 1.28481e-16, 0, 0, 0.74084, 2.08305e-18, 1.80112e-13, 38.1105, 0.978172, 0.0740231, 293.615
7570, 2.24677e-18, 0.741611, 0.000288558, 0, 2.83124e-16, 1.08957e-17, 0, 0, 0.741899, 1.66495e-19, 1.54323e-14, 40.637, 0.97816, 0.0739842, 293.671
7571, 8.08407e-20, 0.742311, 0.000187763, 0, 2.37909e-17, 4.22425e-19, 0, 0, 0.742499, 5.99028e-21, 6.06967e-16, 43.9618, 0.978148, 0.0739447, 293.699
7572, 1.29556e-21, 0.742475, 0.000184393, 0, 1.18497e-18, 7.58346e-21, 0, 0, 0.742659, 9.5996e-23, 1.11795e-17, 48.0953, 0.978136, 0.0739072, 293.7
7573, 9.15406e-24, 0.742705, 0.000168979, 0, 3.11744e-20, 6.6597e-23, 0, 0, 0.742874, 6.78256e-25, 1.03416e-19, 53.0478, 0.978124, 0.0738707, 293.704
7574, 2.84303e-26, 0.743177, 0.000109269, 0, 3.9767e-22, 3.22571e-25, 0, 0, 0.743287, 2.10643e-27, 5.4656e-22, 58.8223, 0.978112, 0.0738333, 293.72
7575, 3.94953e-29, 0.743603, 5.80865e-05, 0, 2.77189e-24, 9.57917e-28, 0, 0, 0.743661, 2.92611e-30, 1.77594e-24, 65.4014, 0.9781, 0.0737941, 293.734
7576, 2.6251e-32, 0.743779, 5.24733e-05, 0, 3.70227e-26, 1.64828e-30, 0, 0, 0.743831, 1.9447e-33, 3.22885e-27, 72.7176, 0.978088, 0.0737534, 293.736
7577, 9.64689e-36, 0.743779, 7.88631e-05, 0, 8.99809e-28, 1.42074e-33, 0, 0, 0.743858, 7.1454e-37, 2.85451e-30, 80.6264, 0.978076, 0.0737144, 293.728
7578, 2.20985e-39, 0.743826, 9.65138e-05, 0, 1.13622e-29, 5.55602e-37, 0, 0, 0.743923, 1.63655e-40, 1.12904e-33, 89.0079, 0.978064, 0.0736782, 293.724
7579, 2.92871e-43, 0.744041, 8.37751e-05, 0, 6.31564e-32, 9.41406e-41, 0, 0, 0.744125, 2.24208e-44, 1.92379e-37, 97.9366, 0.978052, 0.0736414, 293.727
7580, 0, 0.744356, 5.27493e-05, 0, 5.36059e-34, 7.00649e-45, 0, 0, 0.744409, 0, 1.38729e-41, 99.99, 0.97804, 0.0736024, 293.736
7581, 0, 0.744646, 2.62307e-05, 0, 4.29957e-30, 0, 0, 0, 0.744672, 0, 1.82169e-44, 99.99, 0.978028, 0.0735636, 293.743
7582, 0, 0.744833, 1.86072e-05, 0, 6.18969e-28, 2.66247e-44, 0, 0, 0.744851, 0, 1.28111e-40, 99.99, 0.978016, 0.0735258, 293.745
7583, 0, 0.744885, 3.53918e-05, 0, 4.10185e-26, 3.28184e-42, 0, 0, 0.74492, 0, 1.54057e-38, 99.99, 0.978004, 0.0734879, 293.74
7584, 0, 0.744807, 7.56056e-05, 0, 1.23399e-24, 1.34619e-40, 0, 0, 0.744883, 0, 6.29682e-37, 99.99, 0.977992, 0.0734492, 293.729
7585, 0, 0.744637, 0.000132577, 0, 1.74708e-23, 2.45678e-39, 0, 0, 0.74477, 0, 1.14621e-35, 99.99, 0.97798, 0.0734113, 293.714
7586, 0, 0.74444, 0.000194421, 0, 1.16133e-22, 1.99842e-38, 0, 0, 0.744634, 0, 9.30686e-35, 99.99, 0.977968, 0.0733749, 293.697
7587, 0, 0.74432, 0.000242163, 0, 3.60423e-22, 7.19084e-38, 0, 0, 0.744562, 0, 3.34475e-34, 99.99, 0.977956, 0.073338, 293.683
7588, 0, 0.744425, 0.000249147, 0, 5.18092e-22, 1.13261e-37, 0, 0, 0.744674, 0, 5.26401e-34, 99.99, 0.977944, 0.0733004, 293.681
7589, 0, 0.74476, 0.000214496, 0, 3.4189e-22, 7.72633e-38, 0, 0, 0.744975, 0, 3.58925e-34, 99.99, 0.977932, 0.0732624, 293.691
7590, 0, 0.745124, 0.00017467, 0, 1.029e-22, 2.26249e-38, 0, 0, 0.745299, 0, 1.0508e-34, 99.99, 0.97792, 0.0732243, 293.702
7591, 0, 0.745512, 0.000130433, 0, 1.41211e-23, 2.86545e-39, 0, 0, 0.745643, 0, 1.32922e-35, 99.99, 0.977908, 0.0731859, 293.714
7592, 0, 0.745961, 7.50421e-05, 0, 9.99451e-25, 5.76838e-39, 0, 0, 0.746037, 0, 2.40689e-35, 99.99, 0.977896, 0.0731468, 293.729
7593, 0, 0.746284, 4.26305e-05, 0, 4.36644e-24, 2.74226e-37, 0, 0, 0.746327, 0, 1.13046e-33, 99.99, 0.977884, 0.073107, 293.738
7594, 5.26486e-33, 0.746325, 6.12046e-05, 0, 8.7621e-23, 2.5619e-29, 0, 0, 0.746386, 3.83589e-34, 6.29086e-26, 74.3243, 0.977872, 0.0730678, 293.733
7595, 7.94838e-29, 0.746104, 0.000127106, 0, 1.69146e-21, 7.04516e-26, 0, 0, 0.746231, 5.78928e-30, 1.56733e-22, 64.702, 0.97786, 0.0730302, 293.715
7596, 5.23141e-27, 0.745782, 0.000211039, 0, 5.20319e-20, 4.37772e-24, 0, 0, 0.745993, 3.81013e-28, 9.70652e-21, 60.5151, 0.977848, 0.0729932, 293.692
7597, 1.62245e-25, 0.745607, 0.000268389, 0, 1.13531e-18, 1.222e-22, 0, 0, 0.745875, 1.18153e-26, 2.69475e-19, 57.0807, 0.977836, 0.0729569, 293.676
7598, 2.96494e-24, 0.745569, 0.000300738, 0, 1.21593e-17, 1.66723e-21, 0, 0, 0.74587, 2.1586e-25, 3.62747e-18, 54.1752, 0.977824, 0.0729201, 293.667
7599, 3.77002e-23, 0.745254, 0.000382882, 0, 6.42339e-17, 1.36255e-20, 0, 0, 0.745637, 2.74391e-24, 2.88899e-17, 51.6324, 0.977812, 0.0728828, 293.644
7600, 2.97548e-22, 0.744671, 0.000513101, 0, 1.92271e-16, 7.8915e-20, 0, 0, 0.745184, 2.16527e-23, 1.63344e-16, 49.5665, 0.9778, 0.0728458, 293.607
7601, 1.1953e-21, 0.744297, 0.000605531, 0, 4.02079e-16, 2.83524e-19, 0, 0, 0.744902, 8.69757e-23, 5.81638e-16, 48.1759, 0.977788, 0.0728087, 293.582
7602, 2.23605e-21, 0.744353, 0.000620866, 0, 5.8383e-16, 5.18136e-19, 0, 0, 0.744974, 1.62697e-22, 1.06261e-15, 47.5496, 0.977776, 0.0727711, 293.577
7603, 1.89436e-21, 0.744924, 0.000544194, 0, 4.78537e-16, 4.40799e-19, 0, 0, 0.745468, 1.3783e-22, 9.06156e-16, 47.7154, 0.977764, 0.0727324, 293.599
7604, 7.16978e-22, 0.745952, 0.000385374, 0, 1.93772e-16, 1.69257e-19, 0, 0, 0.746337, 5.21645e-23, 3.49068e-16, 48.687, 0.977752, 0.0726913, 293.643
7605, 1.19734e-22, 0.747042, 0.0002152, 0, 3.71055e-17, 2.89055e-20, 0, 0, 0.747257, 8.71112e-24, 5.98454e-17, 50.4768, 0.97774, 0.0726494, 293.69
7606, 8.7193e-24, 0.747641, 0.000133084, 0, 3.35298e-18, 2.17625e-21, 0, 0, 0.747774, 6.34353e-25, 4.52791e-18, 53.0965, 0.977728, 0.0726115, 293.713
7607, 2.74344e-25, 0.747497, 0.000184615, 0, 2.79323e-19, 7.19663e-23, 0, 0, 0.747681, 1.9959e-26, 1.50717e-19, 56.5554, 0.977716, 0.0725767, 293.699
7608, 3.70859e-27, 0.747019, 0.00029595, 0, 3.83027e-19, 1.04758e-24, 0, 0, 0.747315, 2.69802e-28, 2.21413e-21, 60.8591, 0.977704, 0.072542, 293.668
7609, 2.15043e-29, 0.746853, 0.000351353, 0, 4.7455e-19, 7.83961e-27, 0, 0, 0.747204, 1.56443e-30, 1.80831e-23, 66.0093, 0.977692, 0.0725062, 293.652
7610, 5.38641e-32, 0.74723, 0.000309101, 0, 2.69789e-19, 6.50362e-28, 0, 0, 0.747539, 3.9184e-33, 2.14809e-24, 71.9988, 0.97768, 0.0724688, 293.664
7611, 1.18363e-34, 0.74795, 0.000205369, 0, 7.01476e-20, 1.54407e-28, 0, 0, 0.748156, 8.57523e-36, 5.14866e-25, 78.1193, 0.977668, 0.0724304, 293.693
7612, 6.36002e-36, 0.748663, 0.000102858, 0, 8.46508e-21, 1.61361e-29, 0, 0, 0.748766, 4.57533e-37, 5.37904e-26, 81.043, 0.977656, 0.0723929, 293.721
7613, 2.80004e-37, 0.749084, 5.27323e-05, 0, 4.87283e-22, 7.18687e-31, 0, 0, 0.749137, 2.00373e-38, 2.39619e-27, 84.166, 0.977644, 0.0723564, 293.735
7614, 5.22178e-39, 0.749137, 6.86607e-05, 0, 1.38186e-23, 1.36429e-32, 0, 0, 0.749206, 3.70479e-40, 4.55201e-29, 88.148, 0.977632, 0.0723201, 293.731
7615, 4.10637e-41, 0.749002, 0.000118406, 0, 1.98235e-25, 1.10733e-34, 0, 0, 0.749121, 2.87266e-42, 3.69975e-31, 92.9935, 0.97762, 0.0722827, 293.717
7616, 1.37327e-43, 0.748991, 0.000145914, 0, 5.38991e-27, 3.87271e-37, 0, 0, 0.749137, 9.80909e-45, 1.29713e-33, 98.694, 0.977608, 0.0722436, 293.709
7617, 1.13953e-33, 0.749275, 0.000120409, 0, 1.31576e-24, 6.81121e-33, 0, 0, 0.749395, 8.20379e-35, 1.01421e-30, 75.8547, 0.977596, 0.0722048, 293.717
7618, 1.9943e-24, 0.749706, 6.83576e-05, 0, 1.59733e-21, 2.64168e-23, 0, 0, 0.749774, 1.43468e-25, 4.34454e-20, 54.5717, 0.977584, 0.0721679, 293.731
7619, 1.72785e-22, 0.749976, 4.52547e-05, 0, 1.19525e-19, 2.17918e-21, 0, 0, 0.750022, 1.24296e-23, 3.55388e-18, 50.11, 0.977572, 0.0721327, 293.737
7620, 8.95479e-21, 0.74987, 8.96742e-05, 0, 4.5776e-18, 1.07274e-19, 0, 0, 0.74996, 6.44174e-22, 1.73121e-16, 46.1621, 0.97756, 0.0720973, 293.725
7621, 1.56327e-18, 0.749349, 0.000208077, 0, 8.07792e-17, 2.66158e-18, 0, 0, 0.749557, 1.12329e-19, 4.05196e-15, 40.9997, 0.977548, 0.0720606, 293.692
7622, 1.52796e-16, 0.748544, 0.000376877, 0, 6.66282e-16, 5.84832e-17, 0, 0, 0.748921, 1.09772e-17, 7.18283e-14, 36.4174, 0.977536, 0.072023, 293.645
7623, 1.44614e-14, 0.747565, 0.000575837, 0, 2.96597e-15, 2.13899e-15, 0, 0, 0.748141, 1.03857e-15, 2.14203e-12, 31.8673, 0.977524, 0.0719843, 293.588
7624, 5.62278e-13, 0.746598, 0.000771846, 0, 1.50016e-14, 5.58141e-14, 0, 0, 0.74737, 4.03745e-14, 5.23269e-11, 28.2068, 0.977512, 0.0719458, 293.533
7625, 1.16547e-11, 0.745806, 0.000935989, 0, 1.22946e-13, 8.72964e-13, 0, 0, 0.746742, 8.36772e-13, 7.7924e-10, 25.1753, 0.9775, 0.0719091, 293.486
7626, 1.19727e-10, 0.745003, 0.00110097, 0, 7.83704e-13, 7.72189e-12, 0, 0, 0.746104, 8.59534e-12, 6.66533e-09, 22.8458, 0.977488, 0.0718731, 293.438
7627, 5.91761e-10, 0.744166, 0.00127079, 0, 3.02701e-12, 3.57412e-11, 0, 0, 0.745436, 4.24798e-11, 3.02853e-08, 21.2479, 0.977476, 0.0718369, 293.389
7628, 1.41324e-09, 0.743444, 0.00141961, 0, 6.47452e-12, 8.30187e-11, 0, 0, 0.744863, 1.01441e-10, 6.95947e-08, 20.3774, 0.977464, 0.0718006, 293.345
7629, 1.67783e-09, 0.743322, 0.00146449, 0, 7.3953e-12, 9.72096e-11, 0, 0, 0.744787, 1.20418e-10, 8.08626e-08, 20.2058, 0.977452, 0.0717637, 293.332
7630, 1.29018e-09, 0.743923, 0.00138455, 0, 5.41058e-12, 7.01795e-11, 0, 0, 0.745307, 9.2546e-11, 5.75194e-08, 20.4685, 0.97744, 0.0717261, 293.355
7631, 1.79127e-09, 0.744026, 0.0013903, 0, 6.14295e-12, 8.0958e-11, 0, 0, 0.745417, 1.28351e-10, 6.3914e-08, 20.1403, 0.977428, 0.0716871, 293.353
7632, 3.14006e-09, 0.743314, 0.001537, 0, 9.75254e-12, 1.34501e-10, 0, 0, 0.744851, 2.24922e-10, 1.04114e-07, 19.579, 0.977416, 0.0716473, 293.31
7633, 3.35093e-09, 0.742891, 0.0016338, 0, 1.02488e-11, 1.46574e-10, 0, 0, 0.744524, 2.39986e-10, 1.12039e-07, 19.514, 0.977404, 0.0716104, 293.282
7634, 2.16606e-09, 0.743306, 0.00158627, 0, 6.79189e-12, 9.96684e-11, 0, 0, 0.744893, 1.55096e-10, 7.54569e-08, 19.9504, 0.977392, 0.0715767, 293.296
7635, 1.15721e-09, 0.744127, 0.00146885, 0, 4.06439e-12, 5.63746e-11, 0, 0, 0.745596, 8.2805e-11, 4.35366e-08, 20.5772, 0.97738, 0.071542, 293.33
7636, 1.44388e-09, 0.74441, 0.00144379, 0, 5.51317e-12, 7.08865e-11, 0, 0, 0.745854, 1.03214e-10, 5.72034e-08, 20.3559, 0.977368, 0.0715057, 293.337
7637, 1.93432e-09, 0.744379, 0.00147277, 0, 7.35437e-12, 9.47661e-11, 0, 0, 0.745852, 1.38246e-10, 7.71149e-08, 20.0635, 0.977356, 0.071469, 293.329
7638, 1.27528e-09, 0.744955, 0.00139756, 0, 4.98552e-12, 6.32049e-11, 0, 0, 0.746353, 9.11397e-11, 5.16213e-08, 20.4801, 0.977344, 0.0714322, 293.351
7639, 3.81355e-10, 0.746054, 0.00123146, 0, 1.66773e-12, 1.93945e-11, 0, 0, 0.747286, 2.7253e-11, 1.5953e-08, 21.6873, 0.977332, 0.0713952, 293.399
7640, 5.14564e-11, 0.747532, 0.00099802, 0, 3.53697e-13, 2.80931e-12, 0, 0, 0.74853, 3.6771e-12, 2.36812e-09, 23.6903, 0.97732, 0.0713579, 293.466
7641, 3.18065e-12, 0.749399, 0.000695038, 0, 8.05553e-14, 2.34919e-13, 0, 0, 0.750094, 2.27275e-13, 2.19368e-10, 26.4739, 0.977308, 0.0713207, 293.553
7642, 1.03943e-13, 0.751214, 0.000399714, 0, 1.61786e-14, 1.90505e-14, 0, 0, 0.751614, 7.42544e-15, 2.11215e-11, 29.8949, 0.977296, 0.0712837, 293.637
7643, 2.94533e-15, 0.752526, 0.000192216, 0, 1.79073e-15, 1.39694e-15, 0, 0, 0.752719, 2.10287e-16, 1.67515e-12, 33.4586, 0.977284, 0.0712465, 293.696
7644, 1.13058e-16, 0.753167, 0.000103378, 0, 1.0655e-16, 6.5634e-17, 0, 0, 0.75327, 8.05774e-18, 7.99951e-14, 36.7186, 0.977272, 0.0712099, 293.721
7645, 2.2099e-15, 0.753049, 0.000148936, 0, 3.57042e-16, 5.34224e-16, 0, 0, 0.753198, 1.56914e-16, 5.73353e-13, 33.7458, 0.97726, 0.0711737, 293.708
7646, 7.3024e-14, 0.752209, 0.000322115, 0, 6.4599e-15, 1.46378e-14, 0, 0, 0.752532, 5.1848e-15, 1.51189e-11, 30.248, 0.977248, 0.0711357, 293.659
7647, 1.09844e-12, 0.75085, 0.000586134, 0, 6.21031e-14, 1.94971e-13, 0, 0, 0.751436, 7.79874e-14, 1.95882e-10, 27.5371, 0.977236, 0.0710967, 293.584
7648, 7.45843e-12, 0.74926, 0.000888697, 0, 3.12882e-13, 1.22764e-12, 0, 0, 0.750149, 5.2952e-13, 1.21065e-09, 25.6217, 0.977224, 0.0710589, 293.497
7649, 2.28577e-11, 0.747932, 0.00114415, 0, 8.00926e-13, 3.59359e-12, 0, 0, 0.749076, 1.62275e-12, 3.50047e-09, 24.5017, 0.977212, 0.0710231, 293.423
7650, 3.17053e-11, 0.747493, 0.00124414, 0, 1.0068e-12, 4.84974e-12, 0, 0, 0.748737, 2.25081e-12, 4.68445e-09, 24.1745, 0.9772, 0.0709884, 293.394
7651, 2.00172e-11, 0.747942, 0.00119033, 0, 6.11725e-13, 3.02322e-12, 0, 0, 0.749132, 1.42099e-12, 2.90005e-09, 24.6344, 0.977188, 0.0709525, 293.41
7652, 6.22985e-12, 0.748306, 0.001151, 0, 2.04594e-13, 9.74753e-13, 0, 0, 0.749457, 4.42171e-13, 9.17739e-10, 25.8017, 0.977176, 0.0709154, 293.421
7653, 1.82787e-12, 0.748386, 0.00116041, 0, 8.54913e-14, 3.5437e-13, 0, 0, 0.749546, 1.29625e-13, 3.11943e-10, 27.0279, 0.977164, 0.0708798, 293.418
7654, 8.93536e-13, 0.749344, 0.00101721, 0, 5.27344e-14, 2.0141e-13, 0, 0, 0.750361, 6.3331e-14, 1.71902e-10, 27.7436, 0.977152, 0.0708449, 293.459
7655, 2.79241e-13, 0.751041, 0.000745512, 0, 1.89406e-14, 6.75648e-14, 0, 0, 0.751787, 1.97903e-14, 5.77141e-11, 28.9067, 0.97714, 0.0708081, 293.538
7656, 3.91694e-14, 0.751998, 0.000602846, 0, 3.1579e-15, 1.03251e-14, 0, 0, 0.752601, 2.77594e-15, 8.87282e-12, 30.8709, 0.977128, 0.0707696, 293.579
7657, 2.40442e-15, 0.751996, 0.000627883, 0, 2.38657e-16, 7.0787e-16, 0, 0, 0.752624, 1.70398e-16, 6.12907e-13, 33.6615, 0.977116, 0.0707329, 293.572
7658, 7.83134e-17, 0.751963, 0.000657964, 0, 2.20104e-17, 3.50691e-17, 0, 0, 0.752621, 5.54597e-18, 2.94811e-14, 37.0858, 0.977104, 0.0706986, 293.563
7659, 1.66528e-16, 0.752298, 0.000622968, 0, 1.76925e-16, 1.63379e-16, 0, 0, 0.752921, 1.17529e-17, 1.28278e-13, 36.3314, 0.977092, 0.0706639, 293.573
7660, 8.95551e-16, 0.752066, 0.000685838, 0, 9.90416e-16, 8.50456e-16, 0, 0, 0.752752, 6.32021e-17, 6.63144e-13, 34.6491, 0.97708, 0.0706277, 293.554
7661, 2.11481e-15, 0.750423, 0.000994448, 0, 2.49163e-15, 1.90692e-15, 0, 0, 0.751417, 1.49246e-16, 1.47178e-12, 33.7898, 0.977068, 0.0705913, 293.464
7662, 2.25515e-15, 0.748785, 0.00130227, 0, 2.93031e-15, 1.86757e-15, 0, 0, 0.750088, 1.59138e-16, 1.41914e-12, 33.7256, 0.977056, 0.070555, 293.375
7663, 2.94057e-15, 0.74813, 0.00143936, 0, 1.95467e-15, 9.96422e-16, 0, 0, 0.749569, 2.0711e-16, 7.04904e-13, 33.4602, 0.977044, 0.0705181, 293.335
7664, 7.02139e-14, 0.747871, 0.00150711, 0, 2.05914e-15, 5.5677e-15, 0, 0, 0.749379, 4.93923e-15, 2.88086e-12, 30.2872, 0.977032, 0.0704817, 293.315
7665, 1.30793e-12, 0.747668, 0.00156471, 0, 9.82988e-15, 9.35163e-14, 0, 0, 0.749233, 9.19994e-14, 4.69186e-11, 27.3626, 0.97702, 0.0704463, 293.297
7666, 1.12194e-11, 0.74727, 0.00165438, 0, 5.78008e-14, 7.87885e-13, 0, 0, 0.748924, 7.89132e-13, 3.92172e-10, 25.2134, 0.977008, 0.0704105, 293.27
7667, 4.34316e-11, 0.746546, 0.00179802, 0, 1.99917e-13, 3.06314e-12, 0, 0, 0.748344, 3.05467e-12, 1.51837e-09, 23.8598, 0.976996, 0.0703742, 293.226
7668, 7.57132e-11, 0.745887, 0.00193081, 0, 3.37594e-13, 5.40241e-12, 0, 0, 0.747818, 5.32487e-12, 2.67091e-09, 23.3041, 0.976984, 0.0703377, 293.186
7669, 5.92664e-11, 0.746328, 0.00187931, 0, 2.64537e-13, 4.28131e-12, 0, 0, 0.748208, 4.16798e-12, 2.11271e-09, 23.549, 0.976972, 0.0703014, 293.201
7670, 2.45581e-11, 0.747676, 0.00167502, 0, 1.00167e-13, 1.6307e-12, 0, 0, 0.749352, 1.72622e-12, 7.97946e-10, 24.43, 0.97696, 0.0702649, 293.263
7671, 9.12109e-11, 0.748337, 0.00158664, 0, 1.01642e-13, 2.85882e-12, 0, 0, 0.749923, 6.39631e-12, 1.27742e-09, 23.1178, 0.976948, 0.0702284, 293.289
7672, 8.62665e-10, 0.747689, 0.0017181, 0, 7.72664e-13, 2.47599e-11, 0, 0, 0.749407, 6.04879e-11, 1.09154e-08, 20.871, 0.976936, 0.0701926, 293.249
7673, 3.72495e-09, 0.746235, 0.00198177, 0, 3.17113e-12, 1.03694e-10, 0, 0, 0.748217, 2.61177e-10, 4.55525e-08, 19.4082, 0.976924, 0.0701579, 293.168
7674, 7.12971e-09, 0.745135, 0.00218528, 0, 5.85274e-12, 1.93354e-10, 0, 0, 0.74732, 4.9988e-10, 8.47447e-08, 18.759, 0.976912, 0.0701228, 293.105
7675, 7.91418e-09, 0.745727, 0.00210904, 0, 5.68e-12, 1.88642e-10, 0, 0, 0.747836, 5.54596e-10, 8.22188e-08, 18.6546, 0.9769, 0.0700868, 293.128
7676, 2.48051e-08, 0.746116, 0.00206527, 0, 9.10936e-12, 3.37053e-10, 0, 0, 0.748182, 1.7358e-09, 1.38935e-07, 17.5122, 0.976888, 0.0700506, 293.141
7677, 1.32953e-07, 0.74437, 0.00237071, 0, 3.37515e-11, 1.42849e-09, 0, 0, 0.746741, 9.30099e-09, 5.63614e-07, 15.8333, 0.976876, 0.070015, 293.044
7678, 3.83638e-07, 0.742252, 0.00273182, 0, 8.67542e-11, 3.89404e-09, 0, 0, 0.744984, 2.68361e-08, 1.52073e-06, 14.7736, 0.976864, 0.0699796, 292.928
7679, 5.12377e-07, 0.74218, 0.00276026, 0, 1.11852e-10, 5.13737e-09, 0, 0, 0.744941, 3.584e-08, 2.00724e-06, 14.4842, 0.976852, 0.069944, 292.917
7680, 3.05989e-07, 0.743927, 0.00250325, 0, 6.6914e-11, 3.08344e-09, 0, 0, 0.74643, 2.14028e-08, 1.20883e-06, 14.9997, 0.97684, 0.069908, 293
7681, 8.12242e-08, 0.7449, 0.00237633, 0, 1.89469e-11, 8.40878e-10, 0, 0, 0.747276, 5.6811e-09, 3.31274e-07, 16.3261, 0.976828, 0.0698716, 293.044
7682, 1.62276e-08, 0.745388, 0.00232364, 0, 4.22644e-12, 1.67161e-10, 0, 0, 0.747711, 1.13351e-09, 6.66545e-08, 17.9366, 0.976816, 0.0698348, 293.062
7683, 8.70526e-08, 0.745874, 0.00226493, 0, 1.36567e-11, 6.7152e-10, 0, 0, 0.748139, 6.06845e-09, 2.68504e-07, 16.2568, 0.976804, 0.069799, 293.08
7684, 5.5807e-07, 0.744764, 0.00245973, 0, 7.93748e-11, 3.97482e-09, 0, 0, 0.747224, 3.88988e-08, 1.57354e-06, 14.3988, 0.976792, 0.0697642, 293.015
7685, 2.08849e-06, 0.742601, 0.0028189, 0, 2.45928e-10, 1.24994e-08, 0, 0, 0.74542, 1.45521e-07, 4.82268e-06, 13.0791, 0.97678, 0.0697288, 292.896
7686, 8.37272e-06, 0.741568, 0.00299158, 0, 6.14195e-10, 3.40074e-08, 0, 0, 0.74456, 5.83002e-07, 1.21637e-05, 11.6905, 0.976768, 0.0696925, 292.835
7687, 3.2476e-05, 0.740528, 0.00314204, 0, 1.77798e-09, 1.06682e-07, 0, 0, 0.743671, 2.2607e-06, 3.59262e-05, 10.335, 0.976756, 0.0696561, 292.772
7688, 6.79999e-05, 0.737785, 0.00354337, 0, 3.48004e-09, 2.14216e-07, 0, 0, 0.741329, 4.7332e-06, 7.086e-05, 9.596, 0.976744, 0.0696189, 292.62
7689, 6.50596e-05, 0.736673, 0.00373905, 0, 3.3327e-09, 2.06702e-07, 0, 0, 0.740412, 4.52833e-06, 6.8027e-05, 9.64021, 0.976732, 0.0695806, 292.555
7690, 2.80049e-05, 0.738918, 0.00345945, 0, 1.51105e-09, 9.312e-08, 0, 0, 0.742377, 1.94911e-06, 3.06879e-05, 10.4831, 0.97672, 0.0695442, 292.668
7691, 5.59316e-06, 0.742471, 0.00295962, 0, 3.50496e-10, 2.07241e-08, 0, 0, 0.74543, 3.8924e-07, 6.9008e-06, 12.094, 0.976708, 0.0695106, 292.847
7692, 5.73134e-07, 0.74519, 0.00256316, 0, 5.09499e-11, 2.66985e-09, 0, 0, 0.747753, 3.98774e-08, 9.1416e-07, 14.3721, 0.976696, 0.069476, 292.981
7693, 5.7238e-08, 0.745714, 0.00250239, 0, 1.22089e-11, 4.73103e-10, 0, 0, 0.748217, 3.97662e-09, 1.77668e-07, 16.676, 0.976684, 0.0694398, 293.001
7694, 3.41211e-07, 0.74468, 0.00268695, 0, 3.16677e-11, 1.45804e-09, 0, 0, 0.747367, 2.36423e-08, 5.30696e-07, 14.8908, 0.976672, 0.0694046, 292.941
7695, 4.67228e-06, 0.743592, 0.00287592, 0, 2.34336e-10, 1.36634e-08, 0, 0, 0.746468, 3.2367e-07, 4.69907e-06, 12.2739, 0.97666, 0.0693706, 292.877
7696, 3.2484e-05, 0.742413, 0.00305364, 0, 1.43684e-09, 8.82668e-08, 0, 0, 0.745467, 2.25015e-06, 2.96844e-05, 10.3348, 0.976648, 0.0693361, 292.808
7697, 0.000105941, 0.739443, 0.00345897, 0, 4.5606e-09, 2.8387e-07, 0, 0, 0.742902, 7.33801e-06, 9.4166e-05, 9.15263, 0.976636, 0.0693005, 292.642
7698, 0.000164548, 0.735792, 0.00396542, 0, 7.21645e-09, 4.50018e-07, 0, 0, 0.739758, 1.13965e-05, 0.000147962, 8.71231, 0.976624, 0.0692652, 292.44
7699, 0.000128438, 0.735376, 0.00405726, 0, 6.02618e-09, 3.72071e-07, 0, 0, 0.739433, 8.89455e-06, 0.000121839, 8.96007, 0.976612, 0.0692307, 292.411
7700, 5.55261e-05, 0.738191, 0.00371896, 0, 2.94006e-09, 1.77005e-07, 0, 0, 0.741911, 3.84457e-06, 5.82764e-05, 9.79866, 0.9766, 0.0691958, 292.556
7701, 1.72526e-05, 0.74063, 0.00342019, 0, 1.14093e-09, 6.62832e-08, 0, 0, 0.74405, 1.19397e-06, 2.29988e-05, 10.9675, 0.976588, 0.0691604, 292.679
7702, 8.02662e-06, 0.742, 0.00324539, 0, 6.83105e-10, 3.92307e-08, 0, 0, 0.745245, 5.5501e-07, 1.48705e-05, 11.7327, 0.976576, 0.069125, 292.744
7703, 4.3813e-06, 0.743837, 0.00298811, 0, 4.09796e-10, 2.33804e-08, 0, 0, 0.746825, 3.02857e-07, 9.15665e-06, 12.3382, 0.976564, 0.0690889, 292.833
7704, 1.356e-06, 0.74615, 0.00265068, 0, 1.50799e-10, 8.21744e-09, 0, 0, 0.7488, 9.37208e-08, 3.31566e-06, 13.511, 0.976552, 0.0690527, 292.946
7705, 2.4348e-07, 0.74894, 0.00222742, 0, 4.21411e-11, 2.05968e-09, 0, 0, 0.751167, 1.68232e-08, 8.73762e-07, 15.2282, 0.97654, 0.0690178, 293.083
7706, 3.55734e-08, 0.751352, 0.00185982, 0, 9.68318e-12, 4.30482e-10, 0, 0, 0.753212, 2.45682e-09, 1.88817e-07, 17.1517, 0.976528, 0.0689837, 293.199
7707, 3.98881e-09, 0.753141, 0.00158591, 0, 1.37267e-12, 5.57042e-11, 0, 0, 0.754727, 2.75415e-10, 2.47709e-08, 19.3398, 0.976516, 0.0689489, 293.283
7708, 2.42668e-10, 0.755393, 0.00122755, 0, 1.75798e-13, 3.98232e-12, 0, 0, 0.75662, 1.6754e-11, 1.97361e-09, 22.1393, 0.976504, 0.0689132, 293.39
7709, 8.07001e-12, 0.757974, 0.000810886, 0, 5.61719e-14, 4.23613e-13, 0, 0, 0.758785, 5.56978e-13, 3.2062e-10, 25.5429, 0.976492, 0.0688779, 293.514
7710, 4.62682e-13, 0.759927, 0.000499746, 0, 1.42703e-14, 8.86583e-14, 0, 0, 0.760427, 3.18946e-14, 7.56146e-11, 28.4017, 0.97648, 0.0688429, 293.605
7711, 1.41666e-12, 0.761304, 0.000285619, 0, 2.31902e-15, 3.19982e-14, 0, 0, 0.761589, 9.72352e-14, 2.32373e-11, 27.2827, 0.976468, 0.0688071, 293.668
7712, 7.88502e-11, 0.762088, 0.000173075, 0, 3.22781e-14, 1.14627e-12, 0, 0, 0.762261, 5.41115e-12, 7.4188e-10, 23.2635, 0.976456, 0.0687713, 293.7
7713, 2.05766e-09, 0.761738, 0.000256062, 0, 7.30072e-13, 2.75081e-11, 0, 0, 0.761994, 1.41203e-10, 1.73647e-08, 20.0017, 0.976444, 0.0687372, 293.676
7714, 2.39923e-08, 0.759764, 0.00061599, 0, 7.61041e-12, 3.00914e-10, 0, 0, 0.76038, 1.64637e-09, 1.85799e-07, 17.5455, 0.976432, 0.0687034, 293.57
7715, 1.25456e-07, 0.756299, 0.00122346, 0, 3.65811e-11, 1.50494e-09, 0, 0, 0.757523, 8.60853e-09, 9.11292e-07, 15.8913, 0.97642, 0.0686688, 293.388
7716, 2.9801e-07, 0.752788, 0.00183111, 0, 8.21589e-11, 3.48538e-09, 0, 0, 0.754619, 2.04478e-08, 2.07327e-06, 15.0261, 0.976408, 0.0686338, 293.203
7717, 3.28841e-07, 0.75114, 0.00212664, 0, 8.87861e-11, 3.8336e-09, 0, 0, 0.753267, 2.25617e-08, 2.24233e-06, 14.9277, 0.976396, 0.0685988, 293.112
7718, 1.79992e-07, 0.751386, 0.00211141, 0, 4.93641e-11, 2.12381e-09, 0, 0, 0.753497, 1.23471e-08, 1.21602e-06, 15.5304, 0.976384, 0.0685638, 293.118
7719, 1.22211e-07, 0.751396, 0.00213296, 0, 2.7738e-11, 1.20015e-09, 0, 0, 0.753529, 8.37182e-09, 6.06728e-07, 15.9175, 0.976372, 0.0685288, 293.112
7720, 3.686e-07, 0.75025, 0.00233689, 0, 6.73676e-11, 3.0521e-09, 0, 0, 0.752587, 2.52297e-08, 1.39876e-06, 14.8136, 0.97636, 0.0684934, 293.046
7721, 7.66674e-07, 0.74937, 0.00249438, 0, 1.38235e-10, 6.26292e-09, 0, 0, 0.751864, 5.24721e-08, 2.88893e-06, 14.0812, 0.976348, 0.0684575, 292.994
7722, 7.46165e-07, 0.74984, 0.00243848, 0, 1.37298e-10, 6.08965e-09, 0, 0, 0.752278, 5.10641e-08, 2.83597e-06, 14.1083, 0.976336, 0.0684217, 293.011
7723, 4.32668e-07, 0.750124, 0.00241506, 0, 8.07404e-11, 3.37104e-09, 0, 0, 0.752539, 2.95943e-08, 1.51949e-06, 14.6533, 0.976324, 0.0683866, 293.019
7724, 8.35301e-07, 0.748648, 0.00266434, 0, 1.0687e-10, 4.46253e-09, 0, 0, 0.751312, 5.70446e-08, 1.69227e-06, 13.9955, 0.976312, 0.0683513, 292.936
7725, 3.73547e-06, 0.746254, 0.00304708, 0, 3.42186e-10, 1.60728e-08, 0, 0, 0.749301, 2.55007e-07, 5.85087e-06, 12.4976, 0.9763, 0.0683166, 292.804
7726, 9.92439e-06, 0.744961, 0.00324779, 0, 8.11511e-10, 4.07104e-08, 0, 0, 0.748209, 6.77435e-07, 1.49111e-05, 11.5205, 0.976288, 0.0682831, 292.729
7727, 1.27587e-05, 0.746431, 0.00302723, 0, 1.01446e-09, 5.25875e-08, 0, 0, 0.749458, 8.70836e-07, 1.95137e-05, 11.2693, 0.976276, 0.0682493, 292.798
7728, 9.09983e-06, 0.749359, 0.00260064, 0, 7.03434e-10, 3.78473e-08, 0, 0, 0.75196, 6.20878e-07, 1.42887e-05, 11.6073, 0.976264, 0.0682146, 292.943
7729, 1.14472e-05, 0.749209, 0.00264875, 0, 7.46562e-10, 4.45458e-08, 0, 0, 0.751858, 7.80114e-07, 1.6948e-05, 11.3778, 0.976252, 0.06818, 292.928
7730, 2.37914e-05, 0.746858, 0.00302082, 0, 1.433e-09, 8.92639e-08, 0, 0, 0.749879, 1.62083e-06, 3.39218e-05, 10.6462, 0.97624, 0.0681452, 292.799
7731, 2.62431e-05, 0.747514, 0.00293532, 0, 1.57326e-09, 9.88429e-08, 0, 0, 0.750449, 1.78776e-06, 3.77455e-05, 10.5481, 0.976228, 0.0681091, 292.826
7732, 1.30298e-05, 0.750926, 0.00244315, 0, 7.99326e-10, 5.02412e-08, 0, 0, 0.753369, 8.87597e-07, 1.93726e-05, 11.2483, 0.976216, 0.0680719, 292.996
7733, 2.89124e-06, 0.753273, 0.00211358, 0, 1.87543e-10, 1.16371e-08, 0, 0, 0.755387, 1.96946e-07, 4.55775e-06, 12.7538, 0.976204, 0.0680359, 293.112
7734, 3.18679e-07, 0.754382, 0.0019618, 0, 2.69273e-11, 1.47488e-09, 0, 0, 0.756344, 2.17006e-08, 6.12122e-07, 14.9591, 0.976192, 0.068002, 293.162
7735, 2.72324e-07, 0.75453, 0.00195641, 0, 3.43375e-11, 1.76535e-09, 0, 0, 0.756486, 1.84938e-08, 8.00392e-07, 15.1163, 0.97618, 0.0679684, 293.162
7736, 1.07345e-06, 0.753251, 0.00217725, 0, 1.21189e-10, 6.73791e-09, 0, 0, 0.755428, 7.28819e-08, 3.01853e-06, 13.7446, 0.976168, 0.0679348, 293.09
7737, 2.36782e-06, 0.752095, 0.00237437, 0, 2.5046e-10, 1.41099e-08, 0, 0, 0.754469, 1.60722e-07, 6.27702e-06, 12.9535, 0.976156, 0.0679014, 293.023
7738, 4.66908e-06, 0.751419, 0.00249309, 0, 4.14671e-10, 2.34757e-08, 0, 0, 0.753912, 3.16705e-07, 1.02773e-05, 12.2745, 0.976144, 0.067867, 292.981
7739, 1.46694e-05, 0.750458, 0.00265418, 0, 9.08807e-10, 5.45662e-08, 0, 0, 0.753112, 9.94296e-07, 2.33033e-05, 11.1298, 0.976132, 0.0678319, 292.924
7740, 4.86477e-05, 0.749585, 0.00278724, 0, 2.29932e-09, 1.46387e-07, 0, 0, 0.752372, 3.29631e-06, 6.01748e-05, 9.93091, 0.97612, 0.0677975, 292.871
7741, 9.61441e-05, 0.748005, 0.00302103, 0, 4.14309e-09, 2.67665e-07, 0, 0, 0.751027, 6.51386e-06, 0.000106932, 9.24966, 0.976108, 0.0677635, 292.78
7742, 9.19751e-05, 0.747965, 0.00305048, 0, 3.94018e-09, 2.529e-07, 0, 0, 0.751015, 6.23101e-06, 9.96926e-05, 9.29399, 0.976096, 0.0677293, 292.771
7743, 4.10786e-05, 0.751049, 0.00262763, 0, 1.86786e-09, 1.17268e-07, 0, 0, 0.753677, 2.78272e-06, 4.67041e-05, 10.1, 0.976084, 0.0676951, 292.926
7744, 9.87813e-06, 0.753717, 0.0022554, 0, 6.28027e-10, 3.61178e-08, 0, 0, 0.755973, 6.68948e-07, 1.65182e-05, 11.5252, 0.976072, 0.0676603, 293.058
7745, 3.15777e-06, 0.754936, 0.00208755, 0, 3.93726e-10, 2.00322e-08, 0, 0, 0.757023, 2.13625e-07, 1.13183e-05, 12.6656, 0.97606, 0.0676252, 293.115
7746, 1.61754e-06, 0.757481, 0.00169454, 0, 2.48622e-10, 1.21305e-08, 0, 0, 0.759175, 1.09382e-07, 7.21308e-06, 13.3346, 0.976048, 0.0675905, 293.238
7747, 4.87434e-07, 0.761576, 0.00104091, 0, 8.30486e-11, 3.89232e-09, 0, 0, 0.762616, 3.29588e-08, 2.37718e-06, 14.5341, 0.976036, 0.067556, 293.439
7748, 6.96789e-08, 0.764879, 0.00051128, 0, 1.3685e-11, 6.03805e-10, 0, 0, 0.765391, 4.71122e-09, 3.81479e-07, 16.4794, 0.976024, 0.0675225, 293.599
7749, 5.16793e-09, 0.765592, 0.000413845, 0, 1.81062e-12, 6.03355e-11, 0, 0, 0.766006, 3.49295e-10, 4.21143e-08, 19.0808, 0.976012, 0.0674893, 293.628
7750, 3.48158e-09, 0.763639, 0.0007651, 0, 4.03792e-12, 9.5263e-11, 0, 0, 0.764404, 2.34675e-10, 7.53202e-08, 19.4758, 0.976, 0.0674552, 293.523
7751, 1.04599e-08, 0.760501, 0.00131201, 0, 1.06976e-11, 2.66953e-10, 0, 0, 0.761813, 7.04839e-10, 2.05286e-07, 18.3757, 0.975988, 0.0674203, 293.358
7752, 2.71091e-08, 0.758017, 0.00174609, 0, 1.69493e-11, 4.93522e-10, 0, 0, 0.759763, 1.82548e-09, 3.53571e-07, 17.4234, 0.975976, 0.0673851, 293.225
7753, 1.03884e-07, 0.756813, 0.00196487, 0, 3.45966e-11, 1.30854e-09, 0, 0, 0.758778, 6.99143e-09, 8.59622e-07, 16.08, 0.975964, 0.067351, 293.157
7754, 2.81827e-07, 0.756417, 0.00204792, 0, 8.20156e-11, 3.31882e-09, 0, 0, 0.758465, 1.89647e-08, 2.15734e-06, 15.082, 0.975952, 0.0673173, 293.13
7755, 3.68201e-07, 0.757057, 0.00196191, 0, 1.10264e-10, 4.40193e-09, 0, 0, 0.759019, 2.47756e-08, 2.89712e-06, 14.8146, 0.97594, 0.0672831, 293.156
7756, 2.23342e-07, 0.759377, 0.00160233, 0, 7.27532e-11, 2.7908e-09, 0, 0, 0.760979, 1.50273e-08, 1.87437e-06, 15.3146, 0.975928, 0.0672485, 293.267
7757, 6.35583e-08, 0.762853, 0.00104862, 0, 2.37494e-11, 8.53686e-10, 0, 0, 0.763902, 4.27617e-09, 5.89465e-07, 16.5713, 0.975916, 0.0672138, 293.437
7758, 8.58625e-09, 0.765945, 0.000553318, 0, 3.91387e-12, 1.27921e-10, 0, 0, 0.766498, 5.77634e-10, 9.14815e-08, 18.5731, 0.975904, 0.0671796, 293.586
7759, 5.54671e-10, 0.767363, 0.000336924, 0, 3.29307e-13, 9.46404e-12, 0, 0, 0.767699, 3.73122e-11, 7.05319e-09, 21.3126, 0.975892, 0.0671456, 293.651
7760, 1.71753e-11, 0.767549, 0.000327976, 0, 1.41209e-14, 3.45315e-13, 0, 0, 0.767877, 1.15527e-12, 2.69296e-10, 24.7875, 0.97588, 0.0671109, 293.654
7761, 2.54376e-13, 0.767944, 0.000282961, 0, 3.07883e-16, 6.16113e-15, 0, 0, 0.768227, 1.71089e-14, 5.03619e-12, 29, 0.975868, 0.0670749, 293.667
7762, 1.79184e-15, 0.768672, 0.000181053, 0, 4.49139e-18, 5.30193e-17, 0, 0, 0.768853, 1.20507e-16, 4.5388e-14, 33.9555, 0.975856, 0.0670389, 293.697
7763, 5.95653e-18, 0.768925, 0.000160233, 0, 2.01746e-19, 2.1625e-19, 0, 0, 0.769085, 4.00569e-19, 1.93375e-16, 39.662, 0.975844, 0.067005, 293.703
7764, 9.25251e-21, 0.768697, 0.000221526, 0, 1.30626e-20, 4.10307e-22, 0, 0, 0.768918, 6.22182e-22, 3.82326e-19, 46.1294, 0.975832, 0.0669721, 293.685
7765, 3.26661e-22, 0.768693, 0.000244547, 0, 1.08855e-20, 8.94685e-22, 0, 0, 0.768937, 2.18006e-23, 1.46942e-18, 49.4731, 0.97582, 0.0669382, 293.678
7766, 1.26919e-19, 0.769186, 0.000182596, 0, 7.98085e-19, 1.6374e-19, 0, 0, 0.769369, 8.46644e-21, 2.4463e-16, 43.5107, 0.975808, 0.0669034, 293.696
7767, 1.06486e-17, 0.769713, 0.000114989, 0, 3.02031e-17, 1.00771e-17, 0, 0, 0.769828, 7.10249e-19, 1.43432e-14, 39.0811, 0.975796, 0.0668681, 293.716
7768, 9.05801e-15, 0.769632, 0.000150734, 0, 5.91908e-16, 5.92759e-16, 0, 0, 0.769783, 6.03469e-16, 6.43622e-13, 32.3351, 0.975784, 0.0668325, 293.706
7769, 6.89297e-13, 0.768716, 0.000328318, 0, 6.63079e-15, 2.62377e-14, 0, 0, 0.769044, 4.59191e-14, 2.30854e-11, 28.0031, 0.975772, 0.0667965, 293.653
7770, 2.45107e-11, 0.767233, 0.000601013, 0, 5.97859e-14, 7.62176e-13, 0, 0, 0.767834, 1.63273e-12, 6.16495e-10, 24.4319, 0.97576, 0.0667595, 293.572
7771, 3.97592e-10, 0.765602, 0.00089666, 0, 5.43934e-13, 1.11941e-11, 0, 0, 0.766499, 2.64833e-11, 8.84773e-09, 21.6456, 0.975748, 0.0667212, 293.483
7772, 2.92468e-09, 0.763982, 0.00118751, 0, 3.36723e-12, 7.71652e-11, 0, 0, 0.76517, 1.948e-10, 6.05671e-08, 19.6501, 0.975736, 0.0666814, 293.395
7773, 9.74966e-09, 0.762591, 0.00143756, 0, 1.06131e-11, 2.46398e-10, 0, 0, 0.764028, 6.49336e-10, 1.93131e-07, 18.446, 0.975724, 0.0666397, 293.318
7774, 1.66668e-08, 0.76256, 0.0014618, 0, 1.61369e-11, 3.74969e-10, 0, 0, 0.764022, 1.10907e-09, 2.91856e-07, 17.9098, 0.975712, 0.0665941, 293.31
7775, 6.78993e-08, 0.764216, 0.00120741, 0, 1.72102e-11, 5.3278e-10, 0, 0, 0.765423, 4.48967e-09, 3.40818e-07, 16.5052, 0.9757, 0.0665398, 293.387
7776, 8.47321e-07, 0.764589, 0.00116109, 0, 7.15409e-11, 3.56441e-09, 0, 0, 0.76575, 5.5744e-08, 1.73379e-06, 13.9812, 0.975688, 0.0664683, 293.399
7777, 6.94495e-06, 0.761298, 0.00170399, 0, 4.33388e-10, 2.41028e-08, 0, 0, 0.763002, 4.53957e-07, 1.09774e-05, 11.8775, 0.975676, 0.0663442, 293.224
7778, 3.23626e-05, 0.756367, 0.00248702, 0, 1.64509e-09, 9.73981e-08, 0, 0, 0.758854, 2.09811e-06, 4.26512e-05, 10.3385, 0.975664, 0.0660256, 292.963
7779, 8.19057e-05, 0.752732, 0.00304216, 0, 3.69204e-09, 2.26154e-07, 0, 0, 0.755774, 5.26505e-06, 9.70004e-05, 9.40994, 0.975652, 0.0653064, 292.767
7780, 0.000109267, 0.751841, 0.00318476, 0, 4.75687e-09, 2.93375e-07, 0, 0, 0.755026, 6.97481e-06, 0.000125551, 9.12172, 0.97564, 0.0645831, 292.713
7781, 7.73814e-05, 0.753897, 0.00290788, 0, 3.54228e-09, 2.14515e-07, 0, 0, 0.756805, 4.92433e-06, 9.34087e-05, 9.46676, 0.975628, 0.0647612, 292.814
7782, 3.04318e-05, 0.757546, 0.00239218, 0, 1.60154e-09, 9.28725e-08, 0, 0, 0.759939, 1.94324e-06, 4.20012e-05, 10.4, 0.975616, 0.0655302, 292.998
7783, 7.06858e-06, 0.760761, 0.00192595, 0, 4.61337e-10, 2.49011e-08, 0, 0, 0.762687, 4.5571e-07, 1.18639e-05, 11.8599, 0.975604, 0.0660136, 293.158
7784, 9.89178e-07, 0.763516, 0.00150821, 0, 9.05778e-11, 4.20674e-09, 0, 0, 0.765024, 6.44497e-08, 2.15774e-06, 13.8264, 0.975592, 0.0661586, 293.292
7785, 8.39605e-08, 0.766796, 0.000990757, 0, 1.51807e-11, 5.17212e-10, 0, 0, 0.767786, 5.51243e-09, 3.03369e-07, 16.2929, 0.97558, 0.0661842, 293.451
7786, 5.68462e-09, 0.768975, 0.000651308, 0, 2.73933e-12, 6.80544e-11, 0, 0, 0.769626, 3.75148e-10, 4.59301e-08, 18.9855, 0.975568, 0.0661778, 293.555
7787, 3.25664e-09, 0.768047, 0.000826155, 0, 3.26004e-12, 6.93506e-11, 0, 0, 0.768873, 2.15355e-10, 4.87733e-08, 19.5426, 0.975556, 0.0661614, 293.502
7788, 7.52624e-09, 0.765148, 0.00132581, 0, 7.89506e-12, 1.66556e-10, 0, 0, 0.766474, 4.97672e-10, 1.16396e-07, 18.7049, 0.975544, 0.0661392, 293.348
7789, 9.08976e-09, 0.762924, 0.00171204, 0, 9.90441e-12, 2.05612e-10, 0, 0, 0.764636, 6.00981e-10, 1.41227e-07, 18.5161, 0.975532, 0.0661128, 293.229
7790, 9.72205e-09, 0.761956, 0.00188913, 0, 8.05563e-12, 1.78698e-10, 0, 0, 0.763845, 6.42233e-10, 1.09463e-07, 18.4489, 0.97552, 0.0660841, 293.173
7791, 3.77303e-08, 0.760845, 0.00208138, 0, 1.14249e-11, 3.80895e-10, 0, 0, 0.762926, 2.48987e-09, 1.69307e-07, 17.0928, 0.975508, 0.0660541, 293.109
7792, 1.53931e-07, 0.758386, 0.00247939, 0, 3.27426e-11, 1.29069e-09, 0, 0, 0.760866, 1.01563e-08, 5.18999e-07, 15.6868, 0.975496, 0.066023, 292.976
7793, 3.2484e-07, 0.756134, 0.00284492, 0, 6.4357e-11, 2.56784e-09, 0, 0, 0.758979, 2.14304e-08, 1.02131e-06, 14.9399, 0.975484, 0.0659912, 292.853
7794, 4.54135e-07, 0.756202, 0.00285456, 0, 8.28015e-11, 3.26863e-09, 0, 0, 0.759057, 2.99467e-08, 1.31705e-06, 14.6049, 0.975472, 0.06596, 292.85
7795, 1.10561e-06, 0.756564, 0.00281518, 0, 1.3821e-10, 5.69146e-09, 0, 0, 0.759379, 7.28359e-08, 2.2322e-06, 13.7151, 0.97546, 0.0659288, 292.862
7796, 5.15975e-06, 0.754838, 0.00307616, 0, 3.81963e-10, 1.77168e-08, 0, 0, 0.757914, 3.397e-07, 6.35383e-06, 12.1746, 0.975448, 0.0658969, 292.764
7797, 2.27065e-05, 0.751463, 0.00355783, 0, 1.17911e-09, 6.13586e-08, 0, 0, 0.755021, 1.49444e-06, 2.11907e-05, 10.6929, 0.975436, 0.0658644, 292.579
7798, 6.24224e-05, 0.748776, 0.00392647, 0, 2.77755e-09, 1.54837e-07, 0, 0, 0.752703, 4.1077e-06, 5.37697e-05, 9.68159, 0.975424, 0.0658313, 292.429
7799, 9.14893e-05, 0.749119, 0.00388151, 0, 3.95557e-09, 2.27378e-07, 0, 0, 0.753001, 6.01964e-06, 8.09052e-05, 9.29929, 0.975412, 0.0657984, 292.44
7800, 7.4491e-05, 0.752011, 0.00350544, 0, 3.38451e-09, 1.95887e-07, 0, 0, 0.755517, 4.90023e-06, 7.2714e-05, 9.50483, 0.9754, 0.0657655, 292.586
7801, 3.8858e-05, 0.755737, 0.00300917, 0, 1.93607e-09, 1.10662e-07, 0, 0, 0.758746, 2.55552e-06, 4.30958e-05, 10.1556, 0.975388, 0.0657324, 292.776
7802, 1.301e-05, 0.75943, 0.00249652, 0, 7.13249e-10, 3.9591e-08, 0, 0, 0.761926, 8.55445e-07, 1.59488e-05, 11.2498, 0.975376, 0.0656995, 292.963
7803, 2.37268e-06, 0.762374, 0.0020731, 0, 1.49664e-10, 7.79894e-09, 0, 0, 0.764447, 1.55994e-07, 3.25179e-06, 12.9515, 0.975364, 0.0656675, 293.108
7804, 2.2589e-07, 0.764686, 0.00172718, 0, 2.67042e-11, 1.06677e-09, 0, 0, 0.766414, 1.48481e-08, 5.36132e-07, 15.3032, 0.975352, 0.0656356, 293.22
7805, 3.36493e-08, 0.766647, 0.00142909, 0, 1.66517e-11, 4.9648e-10, 0, 0, 0.768076, 2.20845e-09, 3.47174e-07, 17.2073, 0.97534, 0.0656031, 293.313
7806, 3.1075e-08, 0.766948, 0.00140076, 0, 1.96297e-11, 5.74657e-10, 0, 0, 0.768349, 2.03741e-09, 4.27319e-07, 17.2869, 0.975328, 0.0655702, 293.322
7807, 3.18419e-08, 0.766001, 0.00157673, 0, 2.01346e-11, 5.71454e-10, 0, 0, 0.767578, 2.08705e-09, 4.15879e-07, 17.2625, 0.975316, 0.0655371, 293.268
7808, 2.04131e-08, 0.766035, 0.00159359, 0, 1.31766e-11, 3.61277e-10, 0, 0, 0.767629, 1.33773e-09, 2.54964e-07, 17.7071, 0.975304, 0.0655041, 293.263
7809, 6.9659e-09, 0.767502, 0.00137659, 0, 5.01935e-12, 1.27762e-10, 0, 0, 0.768878, 4.56443e-10, 8.95108e-08, 18.7822, 0.975292, 0.0654714, 293.331
7810, 1.17714e-09, 0.76979, 0.00102227, 0, 1.31333e-12, 2.48544e-11, 0, 0, 0.770812, 7.71249e-11, 1.83941e-08, 20.5602, 0.97528, 0.0654389, 293.44
7811, 1.92568e-10, 0.772398, 0.000611753, 0, 3.42793e-13, 4.12197e-12, 0, 0, 0.77301, 1.2591e-11, 3.46149e-09, 22.3706, 0.975268, 0.0654059, 293.566
7812, 5.10849e-09, 0.774015, 0.000364056, 0, 6.52183e-13, 2.84853e-11, 0, 0, 0.774379, 3.33245e-10, 1.6684e-08, 19.0924, 0.975256, 0.0653726, 293.641
7813, 1.51025e-07, 0.77331, 0.000500387, 0, 1.11999e-11, 6.08065e-10, 0, 0, 0.77381, 9.85054e-09, 3.1483e-07, 15.7058, 0.975244, 0.0653395, 293.599
7814, 2.30032e-06, 0.77018, 0.00102922, 0, 1.24898e-10, 7.50682e-09, 0, 0, 0.771209, 1.50021e-07, 3.54311e-06, 12.9825, 0.975232, 0.0653072, 293.434
7815, 1.73511e-05, 0.765384, 0.00180301, 0, 7.87595e-10, 4.98921e-08, 0, 0, 0.767188, 1.13149e-06, 2.21442e-05, 10.9619, 0.97522, 0.0652749, 293.182
7816, 6.43038e-05, 0.760013, 0.0026229, 0, 2.64651e-09, 1.7095e-07, 0, 0, 0.762636, 4.19298e-06, 7.2761e-05, 9.65189, 0.975208, 0.0652421, 292.897
7817, 0.000121183, 0.755635, 0.00326441, 0, 4.70008e-09, 3.0375e-07, 0, 0, 0.758899, 7.90066e-06, 0.00012461, 9.01821, 0.975196, 0.0652087, 292.661
7818, 0.000158943, 0.753278, 0.00360825, 0, 5.47131e-09, 3.51429e-07, 0, 0, 0.756887, 1.03567e-05, 0.000134259, 8.74697, 0.975184, 0.0651744, 292.53
7819, 0.000320738, 0.750889, 0.00389561, 0, 8.72517e-09, 5.70156e-07, 0, 0, 0.754785, 2.08819e-05, 0.000192666, 8.04489, 0.975172, 0.0651401, 292.394
7820, 0.000725465, 0.746467, 0.00436294, 0, 1.75706e-08, 1.17252e-06, 0, 0, 0.750831, 4.72146e-05, 0.000375852, 7.2287, 0.97516, 0.0651071, 292.143
7821, 0.0012114, 0.742208, 0.00479051, 0, 2.73159e-08, 1.84344e-06, 0, 0, 0.747, 7.88154e-05, 0.000575521, 6.71598, 0.975148, 0.0650752, 291.898
7822, 0.00145798, 0.740892, 0.00492013, 0, 3.13561e-08, 2.11982e-06, 0, 0, 0.745814, 9.48324e-05, 0.000649929, 6.53071, 0.975136, 0.065043, 291.817
7823, 0.00111072, 0.743342, 0.00472187, 0, 2.40774e-08, 1.61059e-06, 0, 0, 0.748066, 7.22298e-05, 0.000491044, 6.80275, 0.975124, 0.0650104, 291.949
7824, 0.000647659, 0.7457, 0.00454756, 0, 1.53809e-08, 1.00503e-06, 0, 0, 0.750248, 4.20925e-05, 0.000308064, 7.34215, 0.975112, 0.0649783, 292.076
7825, 0.000643058, 0.744553, 0.00468033, 0, 1.6414e-08, 1.06724e-06, 0, 0, 0.749234, 4.17584e-05, 0.000328242, 7.34928, 0.9751, 0.0649458, 292.005
7826, 0.000652185, 0.744472, 0.00468204, 0, 1.68571e-08, 1.09978e-06, 0, 0, 0.749155, 4.23406e-05, 0.000337415, 7.33518, 0.975088, 0.0649131, 291.993
7827, 0.000362211, 0.74936, 0.00415583, 0, 9.69319e-09, 6.28673e-07, 0, 0, 0.753517, 2.35128e-05, 0.000192787, 7.92328, 0.975076, 0.0648808, 292.254
7828, 0.000101683, 0.754963, 0.00354077, 0, 2.9769e-09, 1.88984e-07, 0, 0, 0.758504, 6.59996e-06, 5.83188e-05, 9.19365, 0.975064, 0.0648486, 292.552
7829, 2.3507e-05, 0.756087, 0.0034508, 0, 1.00626e-09, 5.73184e-08, 0, 0, 0.759537, 1.52436e-06, 1.83713e-05, 10.6582, 0.975052, 0.0648167, 292.608
7830, 2.48742e-05, 0.754486, 0.00367458, 0, 1.36911e-09, 7.36461e-08, 0, 0, 0.75816, 1.61115e-06, 2.42e-05, 10.6017, 0.97504, 0.0647847, 292.516
7831, 2.64952e-05, 0.755378, 0.0035517, 0, 1.47271e-09, 7.96607e-08, 0, 0, 0.75893, 1.71586e-06, 2.65012e-05, 10.5385, 0.975028, 0.0647522, 292.556
7832, 1.94635e-05, 0.758611, 0.00311747, 0, 1.07104e-09, 5.93135e-08, 0, 0, 0.761728, 1.25977e-06, 2.09308e-05, 10.847, 0.975016, 0.0647197, 292.719
7833, 2.92915e-05, 0.759218, 0.00304377, 0, 1.34106e-09, 7.82057e-08, 0, 0, 0.762262, 1.89374e-06, 2.85699e-05, 10.4382, 0.975004, 0.0646869, 292.744
7834, 0.000104496, 0.75618, 0.00346282, 0, 3.19487e-09, 1.99064e-07, 0, 0, 0.759643, 6.75044e-06, 6.60254e-05, 9.16637, 0.974992, 0.0646539, 292.576
7835, 0.000391681, 0.751288, 0.00405016, 0, 9.62157e-09, 6.30775e-07, 0, 0, 0.755338, 2.52955e-05, 0.000197188, 7.84506, 0.97498, 0.0646213, 292.304
7836, 0.000832891, 0.746321, 0.0045756, 0, 1.9433e-08, 1.29984e-06, 0, 0, 0.750898, 5.37835e-05, 0.000403358, 7.09061, 0.974968, 0.0645893, 292.023
7837, 0.000889762, 0.745294, 0.00469919, 0, 2.11392e-08, 1.42205e-06, 0, 0, 0.749995, 5.74498e-05, 0.000444925, 7.02456, 0.974956, 0.0645571, 291.96
7838, 0.000494924, 0.749222, 0.00431843, 0, 1.28858e-08, 8.60128e-07, 0, 0, 0.753542, 3.19512e-05, 0.00027533, 7.61111, 0.974944, 0.0645249, 292.171
7839, 0.000160073, 0.755073, 0.00367442, 0, 4.98857e-09, 3.24829e-07, 0, 0, 0.758748, 1.03316e-05, 0.000108368, 8.73988, 0.974932, 0.0644926, 292.483
7840, 3.44857e-05, 0.759655, 0.00312308, 0, 1.37607e-09, 8.53207e-08, 0, 0, 0.762778, 2.22515e-06, 2.99728e-05, 10.275, 0.97492, 0.0644599, 292.722
7841, 6.56723e-06, 0.761066, 0.00295852, 0, 4.1588e-10, 2.24932e-08, 0, 0, 0.764025, 4.23448e-07, 8.38394e-06, 11.9334, 0.974908, 0.0644276, 292.791
7842, 3.95607e-06, 0.760803, 0.00301249, 0, 3.53718e-10, 1.74916e-08, 0, 0, 0.763815, 2.54718e-07, 6.71109e-06, 12.4403, 0.974896, 0.0643954, 292.77
7843, 6.72068e-06, 0.760431, 0.00307858, 0, 5.2159e-10, 2.68776e-08, 0, 0, 0.763509, 4.32399e-07, 1.03174e-05, 11.9103, 0.974884, 0.0643626, 292.744
7844, 1.18101e-05, 0.759517, 0.0032228, 0, 8.07768e-10, 4.28847e-08, 0, 0, 0.762739, 7.59524e-07, 1.65053e-05, 11.3466, 0.974872, 0.0643303, 292.689
7845, 2.31298e-05, 0.759183, 0.00328501, 0, 1.2279e-09, 6.90906e-08, 0, 0, 0.762468, 1.48643e-06, 2.69807e-05, 10.6744, 0.97486, 0.0642987, 292.665
7846, 6.06146e-05, 0.75863, 0.00336231, 0, 2.58989e-09, 1.55547e-07, 0, 0, 0.761992, 3.8936e-06, 6.16092e-05, 9.71097, 0.974848, 0.0642671, 292.629
7847, 0.000107582, 0.757645, 0.00349265, 0, 4.35785e-09, 2.67786e-07, 0, 0, 0.761138, 6.90945e-06, 0.00010717, 9.13726, 0.974836, 0.0642351, 292.569
7848, 0.000101026, 0.75841, 0.00340304, 0, 4.18091e-09, 2.57332e-07, 0, 0, 0.761814, 6.48762e-06, 0.000104635, 9.20013, 0.974824, 0.0642029, 292.602
7849, 5.01755e-05, 0.761286, 0.00303192, 0, 2.29574e-09, 1.38263e-07, 0, 0, 0.764318, 3.22167e-06, 5.78403e-05, 9.89998, 0.974812, 0.0641707, 292.748
7850, 1.41221e-05, 0.765431, 0.00245639, 0, 7.99259e-10, 4.54858e-08, 0, 0, 0.767888, 9.06568e-07, 1.99572e-05, 11.1678, 0.9748, 0.0641386, 292.958
7851, 2.53633e-06, 0.769846, 0.00181071, 0, 1.91679e-10, 1.00682e-08, 0, 0, 0.771657, 1.62776e-07, 4.67662e-06, 12.8848, 0.974788, 0.0641063, 293.179
7852, 3.02953e-07, 0.773047, 0.0013334, 0, 2.92697e-11, 1.43112e-09, 0, 0, 0.77438, 1.94382e-08, 6.94678e-07, 15.0097, 0.974776, 0.0640739, 293.337
7853, 2.11914e-08, 0.774367, 0.00114463, 0, 2.59732e-12, 1.13e-10, 0, 0, 0.775512, 1.3595e-09, 5.6864e-08, 17.6697, 0.974764, 0.0640412, 293.398
7854, 7.71496e-10, 0.774436, 0.0011536, 0, 5.14478e-13, 6.7122e-12, 0, 0, 0.77559, 4.94863e-11, 4.67836e-09, 20.9827, 0.974752, 0.0640092, 293.395
7855, 4.4209e-11, 0.774483, 0.0011654, 0, 5.55193e-13, 3.50884e-12, 0, 0, 0.775649, 2.83047e-12, 3.59303e-09, 23.8421, 0.97474, 0.0639775, 293.391
7856, 2.14787e-11, 0.775501, 0.00102016, 0, 3.59416e-13, 2.27108e-12, 0, 0, 0.776522, 1.37413e-12, 2.34684e-09, 24.564, 0.974728, 0.0639451, 293.436
7857, 6.3395e-12, 0.77715, 0.000772068, 0, 1.07613e-13, 6.69884e-13, 0, 0, 0.777923, 4.05567e-13, 6.92345e-10, 25.7842, 0.974716, 0.0639124, 293.514
7858, 8.16052e-13, 0.778661, 0.000545567, 0, 1.46518e-14, 8.71441e-14, 0, 0, 0.779206, 5.22058e-14, 9.02567e-11, 27.8343, 0.974704, 0.0638805, 293.583
7859, 4.5347e-14, 0.779911, 0.000360416, 0, 9.28942e-16, 4.98114e-15, 0, 0, 0.780272, 2.90097e-15, 5.18243e-12, 30.7244, 0.974692, 0.0638493, 293.64
7860, 1.08678e-15, 0.780847, 0.000226807, 0, 3.41666e-17, 1.25493e-16, 0, 0, 0.781073, 6.95234e-17, 1.3152e-13, 34.4556, 0.97468, 0.0638178, 293.681
7861, 1.12786e-17, 0.781482, 0.00014234, 0, 1.55475e-18, 1.40455e-18, 0, 0, 0.781625, 7.21497e-19, 1.48705e-15, 39.0236, 0.974668, 0.0637857, 293.707
7862, 5.11214e-20, 0.782, 7.7223e-05, 0, 7.97387e-20, 7.04828e-21, 0, 0, 0.782077, 3.27017e-21, 7.5591e-18, 44.4201, 0.974656, 0.0637529, 293.727
7863, 1.02357e-22, 0.7823, 4.80246e-05, 0, 2.60282e-21, 1.6015e-23, 0, 0, 0.782348, 6.54742e-24, 1.75397e-20, 50.6336, 0.974644, 0.0637196, 293.735
7864, 9.3558e-26, 0.782235, 7.90359e-05, 0, 1.36631e-20, 8.89982e-25, 0, 0, 0.782314, 5.98344e-27, 1.98206e-21, 57.6312, 0.974632, 0.063687, 293.726
7865, 7.13147e-26, 0.781811, 0.00016928, 0, 2.77007e-19, 2.28281e-23, 0, 0, 0.78198, 4.53079e-27, 5.10058e-20, 57.9027, 0.97462, 0.0636553, 293.698
7866, 1.93125e-24, 0.781142, 0.000299563, 0, 2.7105e-18, 3.55977e-22, 0, 0, 0.781442, 1.22652e-25, 7.8189e-19, 54.6039, 0.974608, 0.0636237, 293.659
7867, 3.47002e-23, 0.780417, 0.000438773, 0, 1.33447e-17, 4.31795e-21, 0, 0, 0.780855, 2.20339e-24, 9.32165e-18, 51.7153, 0.974596, 0.0635927, 293.616
7868, 3.15057e-22, 0.77986, 0.000549893, 0, 4.24614e-17, 3.49114e-20, 0, 0, 0.78041, 2.00041e-23, 7.51067e-17, 49.5093, 0.974584, 0.0635621, 293.582
7869, 1.31188e-21, 0.779624, 0.000608388, 0, 1.10223e-16, 1.44144e-19, 0, 0, 0.780233, 8.32921e-23, 3.11376e-16, 48.0828, 0.974572, 0.0635305, 293.564
7870, 2.47333e-21, 0.779747, 0.000608115, 0, 1.89995e-16, 2.76949e-19, 0, 0, 0.780356, 1.57026e-22, 6.02038e-16, 47.4487, 0.97456, 0.063498, 293.564
7871, 2.11487e-21, 0.780368, 0.000526578, 0, 1.69524e-16, 2.42768e-19, 0, 0, 0.780895, 1.34262e-22, 5.31219e-16, 47.6053, 0.974548, 0.063466, 293.589
7872, 8.17241e-22, 0.781462, 0.000367447, 0, 7.20022e-17, 9.61421e-20, 0, 0, 0.78183, 5.18801e-23, 2.11643e-16, 48.5561, 0.974536, 0.0634351, 293.638
7873, 1.41186e-22, 0.782606, 0.000199889, 0, 1.43338e-17, 1.69916e-20, 0, 0, 0.782806, 8.96242e-24, 3.76011e-17, 50.312, 0.974524, 0.0634042, 293.689
7874, 1.30623e-22, 0.783292, 0.000107447, 0, 1.67602e-18, 2.12172e-21, 0, 0, 0.783399, 8.25908e-24, 4.35904e-18, 50.3897, 0.974512, 0.0633726, 293.717
7875, 7.45866e-21, 0.783226, 0.000138178, 0, 4.82618e-18, 4.23073e-20, 0, 0, 0.783365, 4.71429e-22, 7.08024e-17, 46.3449, 0.9745, 0.0633404, 293.708
7876, 1.97903e-19, 0.782478, 0.000280732, 0, 3.84231e-17, 1.0802e-18, 0, 0, 0.782759, 1.25085e-20, 1.77691e-15, 43.0665, 0.974488, 0.063308, 293.664
7877, 2.23263e-18, 0.781407, 0.000475656, 0, 2.15587e-16, 1.21452e-17, 0, 0, 0.781883, 1.41113e-19, 1.99001e-14, 40.6433, 0.974476, 0.0632763, 293.604
7878, 1.07597e-17, 0.780434, 0.000653922, 0, 7.99026e-16, 5.89659e-17, 0, 0, 0.781088, 6.80054e-19, 9.65491e-14, 39.0707, 0.974464, 0.0632452, 293.549
7879, 2.23293e-17, 0.779893, 0.000761422, 0, 1.58026e-15, 1.24108e-16, 0, 0, 0.780654, 1.41128e-18, 2.03259e-13, 38.3406, 0.974452, 0.0632139, 293.515
7880, 2.01736e-17, 0.780039, 0.000757297, 0, 1.51621e-15, 1.14559e-16, 0, 0, 0.780796, 1.275e-18, 1.87762e-13, 38.4422, 0.97444, 0.0631821, 293.516
7881, 8.04141e-18, 0.780898, 0.00063739, 0, 7.3283e-16, 4.70957e-17, 0, 0, 0.781536, 5.0821e-19, 7.73138e-14, 39.3619, 0.974428, 0.0631507, 293.553
7882, 1.43404e-18, 0.782219, 0.000442205, 0, 2.07064e-16, 8.78264e-18, 0, 0, 0.782661, 9.06261e-20, 1.44769e-14, 41.086, 0.974416, 0.0631196, 293.614
7883, 1.1571e-19, 0.783546, 0.000245632, 0, 3.90946e-17, 7.62838e-19, 0, 0, 0.783791, 7.31205e-21, 1.27233e-15, 43.6032, 0.974404, 0.0630883, 293.675
7884, 9.9758e-21, 0.784305, 0.000141379, 0, 4.65775e-18, 3.4699e-20, 0, 0, 0.784447, 6.28601e-22, 5.89285e-17, 46.0541, 0.974392, 0.0630565, 293.707
7885, 1.04202e-15, 0.784265, 0.00016778, 0, 5.62108e-18, 3.93822e-17, 0, 0, 0.784433, 6.5495e-17, 3.45403e-14, 34.4976, 0.97438, 0.0630248, 293.698
7886, 4.2083e-13, 0.783724, 0.000275955, 0, 3.6895e-16, 8.33444e-15, 0, 0, 0.783999, 2.64426e-14, 6.77663e-12, 28.4965, 0.974368, 0.0629937, 293.665
7887, 2.25786e-11, 0.782793, 0.000446708, 0, 1.48516e-14, 4.03482e-13, 0, 0, 0.78324, 1.41864e-12, 3.22738e-10, 24.514, 0.974356, 0.0629628, 293.612
7888, 5.67282e-10, 0.78143, 0.000686703, 0, 3.10907e-13, 9.28344e-12, 0, 0, 0.782117, 3.5641e-11, 7.32136e-09, 21.2902, 0.974344, 0.0629315, 293.537
7889, 6.66439e-09, 0.779818, 0.000964333, 0, 3.18911e-12, 1.01787e-10, 0, 0, 0.780782, 4.18682e-10, 7.94572e-08, 18.8265, 0.974332, 0.0629001, 293.449
7890, 3.70353e-08, 0.777849, 0.00129473, 0, 1.61001e-11, 5.38405e-10, 0, 0, 0.779144, 2.32654e-09, 4.18036e-07, 17.1114, 0.97432, 0.0628686, 293.343
7891, 9.8173e-08, 0.776038, 0.00159732, 0, 4.04667e-11, 1.38932e-09, 0, 0, 0.777635, 6.16674e-09, 1.07925e-06, 16.1365, 0.974308, 0.0628371, 293.244
7892, 1.24628e-07, 0.775954, 0.00162775, 0, 5.10475e-11, 1.76056e-09, 0, 0, 0.777582, 7.82792e-09, 1.37748e-06, 15.8979, 0.974296, 0.0628056, 293.234
7893, 7.57419e-08, 0.77831, 0.00127409, 0, 3.23503e-11, 1.09593e-09, 0, 0, 0.779585, 4.75705e-09, 8.69453e-07, 16.3959, 0.974284, 0.0627741, 293.348
7894, 2.19346e-08, 0.781686, 0.000756759, 0, 1.02394e-11, 3.33225e-10, 0, 0, 0.782443, 1.37753e-09, 2.69712e-07, 17.6352, 0.974272, 0.0627424, 293.513
7895, 3.00198e-09, 0.783644, 0.000463662, 0, 1.60681e-12, 4.90362e-11, 0, 0, 0.784107, 1.88517e-10, 4.07087e-08, 19.624, 0.97426, 0.0627105, 293.606
7896, 1.92453e-10, 0.783597, 0.00049154, 0, 1.34968e-13, 3.46184e-12, 0, 0, 0.784089, 1.20849e-11, 2.96415e-09, 22.3712, 0.974248, 0.0626792, 293.597
7897, 5.74451e-12, 0.783553, 0.000518302, 0, 1.90921e-14, 1.2199e-13, 0, 0, 0.784072, 3.60699e-13, 1.13443e-10, 25.8828, 0.974236, 0.0626485, 293.589
7898, 8.06093e-14, 0.784273, 0.000421266, 0, 7.82725e-15, 5.16272e-15, 0, 0, 0.784695, 5.06102e-15, 7.61079e-12, 30.1492, 0.974224, 0.0626179, 293.619
7899, 1.17643e-15, 0.78417, 0.000457101, 0, 2.82144e-15, 9.15553e-16, 0, 0, 0.784627, 7.36783e-17, 1.58835e-12, 34.3763, 0.974212, 0.0625871, 293.608
7900, 6.60552e-14, 0.783181, 0.000636188, 0, 2.0753e-15, 1.9897e-15, 0, 0, 0.783817, 4.12158e-15, 1.94757e-12, 30.3483, 0.9742, 0.0625561, 293.552
7901, 3.83387e-12, 0.783018, 0.000681834, 0, 5.64147e-15, 8.74515e-14, 0, 0, 0.7837, 2.39205e-13, 7.07526e-11, 26.2871, 0.974188, 0.062525, 293.538
7902, 1.08849e-10, 0.783947, 0.000551112, 0, 9.69454e-14, 2.17597e-12, 0, 0, 0.784499, 6.79058e-12, 1.69267e-09, 22.9411, 0.974176, 0.0624939, 293.578
7903, 1.7616e-09, 0.784137, 0.000538132, 0, 1.03854e-12, 2.66146e-11, 0, 0, 0.784675, 1.09863e-10, 1.96135e-08, 20.157, 0.974164, 0.0624628, 293.582
7904, 2.71348e-08, 0.781996, 0.000895659, 0, 6.29531e-12, 2.07896e-10, 0, 0, 0.782892, 1.69124e-09, 1.3447e-07, 17.4224, 0.974152, 0.0624316, 293.467
7905, 3.97309e-07, 0.778434, 0.00147375, 0, 3.47017e-11, 1.69285e-09, 0, 0, 0.779907, 2.4755e-08, 9.10344e-07, 14.7386, 0.97414, 0.0624001, 293.28
7906, 3.42543e-06, 0.775195, 0.00198814, 0, 2.03071e-10, 1.1984e-08, 0, 0, 0.777183, 2.13402e-07, 5.99919e-06, 12.5843, 0.974128, 0.0623681, 293.107
7907, 1.4695e-05, 0.772456, 0.00240424, 0, 7.76453e-10, 4.82477e-08, 0, 0, 0.774861, 9.15421e-07, 2.39221e-05, 11.128, 0.974116, 0.062336, 292.959
7908, 3.07669e-05, 0.770754, 0.00265561, 0, 1.56232e-09, 9.87618e-08, 0, 0, 0.773409, 1.91649e-06, 4.93254e-05, 10.3891, 0.974104, 0.0623044, 292.864
7909, 3.15605e-05, 0.772274, 0.00243921, 0, 1.60834e-09, 1.02009e-07, 0, 0, 0.774714, 1.96578e-06, 5.18376e-05, 10.3636, 0.974092, 0.0622737, 292.936
7910, 1.59123e-05, 0.777131, 0.00173156, 0, 8.48423e-10, 5.33639e-08, 0, 0, 0.778863, 9.91031e-07, 2.78589e-05, 11.0484, 0.97408, 0.0622434, 293.18
7911, 4.0836e-06, 0.781331, 0.00111742, 0, 2.40196e-10, 1.47641e-08, 0, 0, 0.782449, 2.54285e-07, 7.9777e-06, 12.4085, 0.974068, 0.0622133, 293.39
7912, 1.68131e-06, 0.780891, 0.00120713, 0, 1.21914e-10, 7.19277e-09, 0, 0, 0.782098, 1.04515e-07, 3.82365e-06, 13.2959, 0.974056, 0.0621825, 293.361
7913, 4.37018e-06, 0.77687, 0.00183592, 0, 3.17456e-10, 1.89801e-08, 0, 0, 0.778706, 2.71466e-07, 9.74709e-06, 12.3407, 0.974044, 0.0621508, 293.149
7914, 7.49497e-06, 0.773361, 0.00237775, 0, 5.3335e-10, 3.22364e-08, 0, 0, 0.775739, 4.65518e-07, 1.626e-05, 11.8013, 0.974032, 0.0621198, 292.962
7915, 7.91378e-06, 0.77223, 0.00256023, 0, 5.47169e-10, 3.3146e-08, 0, 0, 0.774791, 4.91348e-07, 1.60169e-05, 11.7469, 0.97402, 0.0620898, 292.897
7916, 1.00448e-05, 0.771257, 0.00271071, 0, 6.37706e-10, 3.87533e-08, 0, 0, 0.773968, 6.23214e-07, 1.73433e-05, 11.5085, 0.974008, 0.0620596, 292.839
7917, 1.73984e-05, 0.769736, 0.00293908, 0, 9.28597e-10, 5.76235e-08, 0, 0, 0.772675, 1.07875e-06, 2.49104e-05, 10.9591, 0.973996, 0.0620285, 292.753
7918, 4.35625e-05, 0.768834, 0.0030724, 0, 1.70674e-09, 1.11625e-07, 0, 0, 0.771906, 2.69909e-06, 4.75449e-05, 10.0413, 0.973984, 0.0619968, 292.699
7919, 0.000105248, 0.767567, 0.00323426, 0, 3.56989e-09, 2.40809e-07, 0, 0, 0.770802, 6.51927e-06, 0.000102228, 9.15919, 0.973972, 0.0619655, 292.625
7920, 0.000148804, 0.766962, 0.0033103, 0, 4.92423e-09, 3.34107e-07, 0, 0, 0.770273, 9.21594e-06, 0.000142712, 8.81288, 0.97396, 0.061935, 292.585
7921, 0.000112311, 0.769152, 0.00303285, 0, 3.82549e-09, 2.57871e-07, 0, 0, 0.772185, 6.95496e-06, 0.000111616, 9.09423, 0.973948, 0.0619052, 292.695
7922, 4.49856e-05, 0.77331, 0.00249104, 0, 1.6454e-09, 1.09125e-07, 0, 0, 0.775801, 2.78543e-06, 4.81387e-05, 10.0092, 0.973936, 0.061875, 292.907
7923, 9.44986e-06, 0.776607, 0.00205434, 0, 3.86108e-10, 2.48949e-08, 0, 0, 0.778662, 5.85053e-07, 1.12498e-05, 11.5695, 0.973924, 0.0618444, 293.074
7924, 1.03151e-06, 0.777999, 0.00187386, 0, 5.54653e-11, 3.1941e-09, 0, 0, 0.779873, 6.38537e-08, 1.541e-06, 13.7845, 0.973912, 0.0618135, 293.14
7925, 7.98653e-08, 0.778771, 0.00177444, 0, 1.6368e-11, 5.83551e-10, 0, 0, 0.780546, 4.94058e-09, 3.77953e-07, 16.3429, 0.9739, 0.0617824, 293.174
7926, 2.01029e-08, 0.779944, 0.00161258, 0, 1.06374e-11, 3.13385e-10, 0, 0, 0.781557, 1.24204e-09, 2.28271e-07, 17.7224, 0.973888, 0.0617514, 293.228
7927, 6.49069e-09, 0.781321, 0.00141915, 0, 4.90007e-12, 1.18008e-10, 0, 0, 0.78274, 4.00939e-10, 9.05254e-08, 18.8529, 0.973876, 0.0617206, 293.292
7928, 1.17864e-09, 0.782851, 0.00120041, 0, 1.95221e-12, 2.98312e-11, 0, 0, 0.784051, 7.27918e-11, 2.58831e-08, 20.5589, 0.973864, 0.0616903, 293.364
7929, 1.55325e-10, 0.784708, 0.000928875, 0, 6.62958e-13, 6.71683e-12, 0, 0, 0.785637, 9.58876e-12, 6.61483e-09, 22.5855, 0.973852, 0.0616602, 293.452
7930, 1.76838e-11, 0.786592, 0.000651585, 0, 1.36653e-13, 1.07879e-12, 0, 0, 0.787244, 1.09131e-12, 1.12801e-09, 24.7584, 0.97384, 0.0616298, 293.542
7931, 1.26566e-12, 0.788195, 0.000417146, 0, 1.48854e-14, 9.26086e-14, 0, 0, 0.788612, 7.80962e-14, 1.00381e-10, 27.3954, 0.973828, 0.0615993, 293.617
7932, 4.53108e-14, 0.789451, 0.000236738, 0, 8.39384e-16, 3.9137e-15, 0, 0, 0.789688, 2.79563e-15, 4.39399e-12, 30.7252, 0.973816, 0.0615687, 293.675
7933, 7.69604e-16, 0.790346, 0.000113265, 0, 2.44407e-17, 8.05172e-17, 0, 0, 0.790459, 4.74806e-17, 9.38915e-14, 34.8007, 0.973804, 0.0615378, 293.714
7934, 6.1647e-18, 0.790834, 5.4395e-05, 0, 3.73593e-19, 8.05317e-19, 0, 0, 0.790888, 3.80304e-19, 9.7709e-16, 39.6277, 0.973792, 0.0615067, 293.733
7935, 1.34714e-18, 0.790879, 6.59989e-05, 0, 3.39017e-19, 4.43068e-19, 0, 0, 0.790945, 8.26017e-20, 5.85488e-16, 41.1485, 0.97378, 0.0614757, 293.729
7936, 1.08381e-16, 0.7905, 0.000144672, 0, 1.82388e-17, 3.19326e-17, 0, 0, 0.790645, 6.64455e-18, 4.13518e-14, 36.7609, 0.973768, 0.0614452, 293.704
7937, 3.89517e-15, 0.789763, 0.000279765, 0, 4.8232e-16, 1.03034e-15, 0, 0, 0.790043, 2.38788e-16, 1.31193e-12, 33.179, 0.973756, 0.0614154, 293.661
7938, 6.8532e-14, 0.788725, 0.000461394, 0, 6.11125e-15, 1.5499e-14, 0, 0, 0.789187, 4.20065e-15, 1.93576e-11, 30.3115, 0.973744, 0.0613856, 293.602
7939, 7.60222e-13, 0.787424, 0.000683233, 0, 3.81599e-14, 1.22557e-13, 0, 0, 0.788107, 4.6583e-14, 1.47662e-10, 27.9052, 0.973732, 0.0613554, 293.53
7940, 6.29752e-12, 0.786014, 0.000920486, 0, 1.36072e-13, 6.61674e-13, 0, 0, 0.786934, 3.8577e-13, 7.52539e-10, 25.7909, 0.97372, 0.061325, 293.452
7941, 3.17035e-11, 0.784921, 0.00110718, 0, 3.60497e-13, 2.65429e-12, 0, 0, 0.786028, 1.94183e-12, 2.90325e-09, 24.1746, 0.973708, 0.0612946, 293.391
7942, 7.80834e-11, 0.784603, 0.00117342, 0, 7.03769e-13, 6.17135e-12, 0, 0, 0.785776, 4.78231e-12, 6.69434e-09, 23.2732, 0.973696, 0.0612642, 293.368
7943, 1.24674e-10, 0.785491, 0.00105302, 0, 7.8204e-13, 7.11267e-12, 0, 0, 0.786544, 7.62916e-12, 7.67692e-09, 22.8053, 0.973684, 0.0612336, 293.408
7944, 2.85972e-09, 0.787408, 0.000773283, 0, 5.96806e-13, 1.31699e-11, 0, 0, 0.788181, 1.74638e-10, 9.15021e-09, 19.6725, 0.973672, 0.0612032, 293.499
7945, 1.03165e-07, 0.788504, 0.0006197, 0, 4.81158e-12, 3.00765e-10, 0, 0, 0.789123, 6.29911e-09, 1.5399e-07, 16.0869, 0.97366, 0.0611731, 293.549
7946, 1.93923e-06, 0.786765, 0.000899879, 0, 7.06812e-11, 4.8365e-09, 0, 0, 0.787665, 1.18392e-07, 2.35533e-06, 13.1532, 0.973648, 0.0611427, 293.454
7947, 1.94817e-05, 0.782487, 0.00154962, 0, 5.81079e-10, 4.1649e-08, 0, 0, 0.784037, 1.1892e-06, 1.93488e-05, 10.846, 0.973636, 0.0611121, 293.228
7948, 0.000107526, 0.777082, 0.00231805, 0, 2.70422e-09, 2.00507e-07, 0, 0, 0.7794, 6.56259e-06, 8.89937e-05, 9.13778, 0.973624, 0.0610818, 292.94
7949, 0.000332089, 0.771803, 0.00300602, 0, 7.3864e-09, 5.59918e-07, 0, 0, 0.774809, 2.02649e-05, 0.000239246, 8.01011, 0.973612, 0.0610519, 292.654
7950, 0.000583507, 0.768242, 0.00343943, 0, 1.21912e-08, 9.33721e-07, 0, 0, 0.771682, 3.56008e-05, 0.000389196, 7.44645, 0.9736, 0.0610218, 292.456
7951, 0.000601584, 0.767587, 0.00353369, 0, 1.26172e-08, 9.64829e-07, 0, 0, 0.771121, 3.66963e-05, 0.000398567, 7.41594, 0.973588, 0.0609914, 292.414
7952, 0.000384525, 0.769715, 0.00331443, 0, 8.6171e-09, 6.5029e-07, 0, 0, 0.77303, 2.34502e-05, 0.00027014, 7.8635, 0.973576, 0.0609603, 292.524
7953, 0.000163437, 0.773154, 0.00292456, 0, 4.14841e-09, 3.06445e-07, 0, 0, 0.776079, 9.96412e-06, 0.000130589, 8.71908, 0.973564, 0.0609289, 292.703
7954, 6.88865e-05, 0.775779, 0.00260372, 0, 2.13652e-09, 1.55452e-07, 0, 0, 0.778383, 4.19621e-06, 7.1272e-05, 9.58305, 0.973552, 0.0608985, 292.836
7955, 8.97343e-05, 0.776009, 0.0025673, 0, 2.70254e-09, 1.99946e-07, 0, 0, 0.778576, 5.45995e-06, 9.19026e-05, 9.31866, 0.97354, 0.060869, 292.84
7956, 0.000167001, 0.773273, 0.0029198, 0, 4.44332e-09, 3.32652e-07, 0, 0, 0.776193, 1.01577e-05, 0.000143098, 8.69751, 0.973528, 0.0608395, 292.688
7957, 0.000218701, 0.769871, 0.00336615, 0, 5.33814e-09, 3.98757e-07, 0, 0, 0.773238, 1.32977e-05, 0.000159432, 8.4278, 0.973516, 0.0608095, 292.501
7958, 0.000400697, 0.766481, 0.00376513, 0, 7.19494e-09, 5.39064e-07, 0, 0, 0.770247, 2.43379e-05, 0.000185907, 7.8223, 0.973504, 0.0607795, 292.311
7959, 0.00155737, 0.760477, 0.00428801, 0, 2.03951e-08, 1.57738e-06, 0, 0, 0.764766, 9.45389e-05, 0.00048577, 6.46476, 0.973492, 0.0607496, 291.967
7960, 0.00434792, 0.752009, 0.00482469, 0, 5.15253e-08, 4.06582e-06, 0, 0, 0.756837, 0.00026389, 0.00122984, 5.43806, 0.97348, 0.0607195, 291.471
7961, 0.00684, 0.747248, 0.00499997, 0, 7.83675e-08, 6.26861e-06, 0, 0, 0.752254, 0.000415067, 0.00191593, 4.98497, 0.973468, 0.0606895, 291.179
7962, 0.00713099, 0.749003, 0.00480447, 0, 8.10438e-08, 6.56375e-06, 0, 0, 0.753814, 0.000432572, 0.00205729, 4.94331, 0.973456, 0.0606596, 291.269
7963, 0.00712482, 0.749237, 0.00482415, 0, 8.04532e-08, 6.54676e-06, 0, 0, 0.754068, 0.000431962, 0.00206313, 4.94417, 0.973444, 0.0606297, 291.277
7964, 0.00718356, 0.746448, 0.0051129, 0, 8.08909e-08, 6.5263e-06, 0, 0, 0.751567, 0.000435347, 0.00200347, 4.93596, 0.973432, 0.0605999, 291.115
7965, 0.00559938, 0.746778, 0.00524669, 0, 6.5476e-08, 5.199e-06, 0, 0, 0.75203, 0.000339226, 0.00156087, 5.1851, 0.97342, 0.0605702, 291.136
7966, 0.00392487, 0.749502, 0.00514317, 0, 4.9548e-08, 3.87768e-06, 0, 0, 0.754649, 0.000237656, 0.0011588, 5.54042, 0.973408, 0.0605407, 291.292
7967, 0.00274195, 0.755124, 0.00470362, 0, 3.64174e-08, 2.83529e-06, 0, 0, 0.75983, 0.000165966, 0.000854651, 5.89909, 0.973396, 0.060511, 291.606
7968, 0.00125664, 0.764181, 0.00395557, 0, 1.77352e-08, 1.36753e-06, 0, 0, 0.768138, 7.60503e-05, 0.000422246, 6.67931, 0.973384, 0.060481, 292.111
7969, 0.000329315, 0.771392, 0.0032944, 0, 5.72011e-09, 4.25328e-07, 0, 0, 0.774687, 1.99247e-05, 0.000143424, 8.01849, 0.973372, 0.0604507, 292.505
7970, 0.000105541, 0.774001, 0.00303499, 0, 2.76396e-09, 1.96329e-07, 0, 0, 0.777036, 6.37838e-06, 7.69999e-05, 9.15641, 0.97336, 0.0604206, 292.641
7971, 0.000152126, 0.772966, 0.00317737, 0, 3.60414e-09, 2.66979e-07, 0, 0, 0.776144, 9.18288e-06, 0.000104824, 8.7908, 0.973348, 0.060391, 292.579
7972, 0.000321975, 0.771274, 0.00337119, 0, 6.38385e-09, 4.94554e-07, 0, 0, 0.774646, 1.94285e-05, 0.000189434, 8.04104, 0.973336, 0.0603614, 292.481
7973, 0.000422627, 0.771305, 0.00335485, 0, 8.05424e-09, 6.30312e-07, 0, 0, 0.77466, 2.54987e-05, 0.000241573, 7.76902, 0.973324, 0.0603316, 292.475
7974, 0.000275921, 0.774126, 0.00304163, 0, 5.46239e-09, 4.22673e-07, 0, 0, 0.777168, 1.66461e-05, 0.000164508, 8.1954, 0.973312, 0.0603018, 292.621
7975, 8.75559e-05, 0.777268, 0.00270108, 0, 1.92317e-09, 1.44147e-07, 0, 0, 0.779969, 5.28169e-06, 5.7699e-05, 9.34323, 0.9733, 0.0602721, 292.784
7976, 1.59078e-05, 0.778265, 0.00261035, 0, 4.10975e-10, 2.88429e-08, 0, 0, 0.780876, 9.59139e-07, 1.18594e-05, 11.0487, 0.973288, 0.0602422, 292.832
7977, 4.12367e-05, 0.778426, 0.00259332, 0, 5.81881e-10, 4.49251e-08, 0, 0, 0.78102, 2.47934e-06, 1.52772e-05, 10.0962, 0.973276, 0.0602125, 292.834
7978, 0.000438367, 0.778007, 0.00255659, 0, 5.09278e-09, 4.1007e-07, 0, 0, 0.780564, 2.63512e-05, 0.000130619, 7.73245, 0.973264, 0.0601827, 292.8
7979, 0.00248705, 0.770937, 0.00308172, 0, 2.64522e-08, 2.13788e-06, 0, 0, 0.774021, 0.000149483, 0.000657822, 5.99666, 0.973252, 0.060153, 292.394
7980, 0.00757688, 0.755106, 0.00426344, 0, 7.5465e-08, 6.09603e-06, 0, 0, 0.759376, 0.000455336, 0.00182621, 4.88265, 0.97324, 0.0601236, 291.486
7981, 0.0128204, 0.741711, 0.00516335, 0, 1.23091e-07, 9.93792e-06, 0, 0, 0.746885, 0.000770322, 0.00293222, 4.35672, 0.973228, 0.060094, 290.701
7982, 0.0122378, 0.74274, 0.00513444, 0, 1.17468e-07, 9.50023e-06, 0, 0, 0.747884, 0.000735197, 0.00280169, 4.40322, 0.973216, 0.0600645, 290.756
7983, 0.006539, 0.757256, 0.00418667, 0, 6.50925e-08, 5.28422e-06, 0, 0, 0.761448, 0.000392776, 0.00157895, 5.02997, 0.973204, 0.060035, 291.593
7984, 0.00197128, 0.773764, 0.00283634, 0, 2.11135e-08, 1.71823e-06, 0, 0, 0.776602, 0.000118382, 0.000528219, 6.22907, 0.973192, 0.0600055, 292.517
7985, 0.000948144, 0.780388, 0.0021784, 0, 1.07665e-08, 8.75843e-07, 0, 0, 0.782568, 5.68457e-05, 0.000287549, 6.961, 0.97318, 0.059976, 292.873
7986, 0.00310603, 0.772319, 0.00289602, 0, 3.21869e-08, 2.63224e-06, 0, 0, 0.775218, 0.000186068, 0.000844809, 5.77441, 0.973168, 0.0599464, 292.418
7987, 0.00775383, 0.756625, 0.00419559, 0, 7.60703e-08, 6.23204e-06, 0, 0, 0.760827, 0.00046442, 0.00193791, 4.85957, 0.973156, 0.0599169, 291.526
7988, 0.0107218, 0.747542, 0.00489081, 0, 1.03088e-07, 8.44963e-06, 0, 0, 0.752442, 0.000642088, 0.00258413, 4.53548, 0.973144, 0.0598871, 290.998
7989, 0.00819005, 0.753193, 0.00455777, 0, 7.98079e-08, 6.53888e-06, 0, 0, 0.757757, 0.000490398, 0.00199795, 4.80483, 0.973132, 0.0598573, 291.322
7990, 0.00343751, 0.767637, 0.00348617, 0, 3.50722e-08, 2.86651e-06, 0, 0, 0.771126, 0.000205793, 0.000888486, 5.67301, 0.97312, 0.0598278, 292.14
7991, 0.00129265, 0.777463, 0.00260946, 0, 1.39226e-08, 1.13615e-06, 0, 0, 0.780074, 7.7307e-05, 0.000367702, 6.65106, 0.973108, 0.0597987, 292.679
7992, 0.00293312, 0.773578, 0.00288329, 0, 2.91272e-08, 2.39785e-06, 0, 0, 0.776464, 0.000175189, 0.000770236, 5.83169, 0.973096, 0.0597692, 292.452
7993, 0.00755807, 0.759131, 0.00402867, 0, 7.17311e-08, 5.90778e-06, 0, 0, 0.763166, 0.00045134, 0.00183997, 4.88514, 0.973084, 0.0597395, 291.629
7994, 0.0115225, 0.746035, 0.00500572, 0, 1.08178e-07, 8.8534e-06, 0, 0, 0.751049, 0.000687922, 0.00268279, 4.46345, 0.973072, 0.05971, 290.869
7995, 0.0135807, 0.737491, 0.00556967, 0, 1.264e-07, 1.01608e-05, 0, 0, 0.743071, 0.000810405, 0.00295198, 4.2991, 0.97306, 0.0596806, 290.362
7996, 0.020157, 0.725714, 0.00602014, 0, 1.75026e-07, 1.3761e-05, 0, 0, 0.731748, 0.00120202, 0.00376938, 3.9042, 0.973048, 0.0596512, 289.639
7997, 0.0331088, 0.710251, 0.00637168, 0, 2.6776e-07, 2.08579e-05, 0, 0, 0.716644, 0.00197358, 0.00554143, 3.40796, 0.973036, 0.0596216, 288.664
7998, 0.039016, 0.704961, 0.00643136, 0, 3.07941e-07, 2.39115e-05, 0, 0, 0.711416, 0.0023251, 0.00630863, 3.24378, 0.973024, 0.0595914, 288.319
7999, 0.0291434, 0.716988, 0.00615762, 0, 2.35411e-07, 1.8279e-05, 0, 0, 0.723164, 0.00173632, 0.00484453, 3.53553, 0.973013, 0.0595616, 289.069
8000, 0.0158642, 0.731966, 0.0058488, 0, 1.40065e-07, 1.09747e-05, 0, 0, 0.737826, 0.000944764, 0.00296538, 4.14369, 0.973004, 0.0595327, 289.996
8001, 0.00958759, 0.740003, 0.00561272, 0, 9.44972e-08, 7.52941e-06, 0, 0, 0.745624, 0.000570626, 0.00208527, 4.64729, 0.972997, 0.0595035, 290.48
8002, 0.00700488, 0.746355, 0.00529821, 0, 7.19845e-08, 5.8031e-06, 0, 0, 0.751659, 0.000416662, 0.00164211, 4.96115, 0.972992, 0.059474, 290.851
8003, 0.00732031, 0.748252, 0.00513869, 0, 7.32521e-08, 5.99064e-06, 0, 0, 0.753397, 0.000435115, 0.00174463, 4.9171, 0.972988, 0.0594454, 290.952
8004, 0.00825185, 0.750239, 0.00489135, 0, 7.9917e-08, 6.60062e-06, 0, 0, 0.755136, 0.000490314, 0.00196882, 4.79732, 0.972984, 0.059417, 291.054
8005, 0.00728856, 0.756275, 0.0044539, 0, 6.94667e-08, 5.7996e-06, 0, 0, 0.760735, 0.000432868, 0.00178578, 4.92145, 0.97298, 0.0593878, 291.395
8006, 0.00852015, 0.75504, 0.00450817, 0, 7.85033e-08, 6.65818e-06, 0, 0, 0.759555, 0.00050564, 0.0020824, 4.76532, 0.972976, 0.059358, 291.315
8007, 0.0106115, 0.749587, 0.00484137, 0, 9.62196e-08, 8.23827e-06, 0, 0, 0.754436, 0.000629549, 0.00256344, 4.54582, 0.972972, 0.0593286, 290.989
8008, 0.00833861, 0.754108, 0.00454207, 0, 7.72865e-08, 6.6634e-06, 0, 0, 0.758657, 0.000494619, 0.00208513, 4.78686, 0.972968, 0.0592999, 291.245
8009, 0.00398164, 0.767558, 0.00352477, 0, 3.9354e-08, 3.44037e-06, 0, 0, 0.771086, 0.000236112, 0.00111959, 5.52606, 0.972964, 0.0592713, 292.006
8010, 0.00244683, 0.774402, 0.0029514, 0, 2.60597e-08, 2.355e-06, 0, 0, 0.777356, 0.000144943, 0.000822356, 6.01296, 0.97296, 0.0592424, 292.383
8011, 0.00388636, 0.767619, 0.00356434, 0, 4.0946e-08, 3.7052e-06, 0, 0, 0.771187, 0.000230062, 0.00126856, 5.55028, 0.972956, 0.059213, 291.998
8012, 0.00472603, 0.760956, 0.00422328, 0, 4.97743e-08, 4.44818e-06, 0, 0, 0.765183, 0.000279719, 0.00147073, 5.35467, 0.972952, 0.0591832, 291.621
8013, 0.00327173, 0.765247, 0.00395691, 0, 3.46893e-08, 3.05443e-06, 0, 0, 0.769207, 0.000193594, 0.000978173, 5.72244, 0.972948, 0.0591538, 291.863
8014, 0.00316668, 0.768455, 0.003635, 0, 3.0149e-08, 2.55888e-06, 0, 0, 0.772093, 0.000187144, 0.000754983, 5.75507, 0.972944, 0.0591254, 292.033
8015, 0.0102963, 0.753887, 0.00436607, 0, 8.54323e-08, 7.04633e-06, 0, 0, 0.75826, 0.000608065, 0.00195415, 4.57597, 0.97294, 0.0590968, 291.172
8016, 0.0268471, 0.725912, 0.0055818, 0, 2.07055e-07, 1.68266e-05, 0, 0, 0.731511, 0.00158513, 0.0045674, 3.6176, 0.972936, 0.0590678, 289.482
8017, 0.0451159, 0.702814, 0.00628992, 0, 3.30339e-07, 2.65606e-05, 0, 0, 0.70913, 0.00266308, 0.007119, 3.09852, 0.972932, 0.0590386, 288.034
8018, 0.0528368, 0.695794, 0.00640556, 0, 3.77229e-07, 3.02398e-05, 0, 0, 0.702231, 0.0031179, 0.00809257, 2.94055, 0.972928, 0.0590097, 287.576
8019, 0.0442868, 0.706722, 0.00611046, 0, 3.18587e-07, 2.57096e-05, 0, 0, 0.712858, 0.0026126, 0.00696477, 3.11707, 0.972924, 0.0589808, 288.262
8020, 0.0252349, 0.730544, 0.00545682, 0, 1.89605e-07, 1.55231e-05, 0, 0, 0.736016, 0.00148831, 0.00431927, 3.67953, 0.97292, 0.0589517, 289.74
8021, 0.00932757, 0.752833, 0.00474522, 0, 7.7516e-08, 6.46517e-06, 0, 0, 0.757585, 0.000549973, 0.00188772, 4.67478, 0.972916, 0.0589227, 291.088
8022, 0.00361691, 0.761487, 0.00445402, 0, 3.58681e-08, 3.03186e-06, 0, 0, 0.765944, 0.00021305, 0.000941103, 5.62213, 0.972912, 0.0588939, 291.6
8023, 0.0059199, 0.756347, 0.00470702, 0, 5.53836e-08, 4.70322e-06, 0, 0, 0.761059, 0.000348312, 0.00143203, 5.12944, 0.972908, 0.0588653, 291.29
8024, 0.0114486, 0.745782, 0.0051583, 0, 1.00477e-07, 8.58503e-06, 0, 0, 0.750949, 0.000673437, 0.00257937, 4.46989, 0.972904, 0.0588366, 290.653
8025, 0.013352, 0.742831, 0.0052585, 0, 1.16005e-07, 9.96118e-06, 0, 0, 0.7481, 0.000785251, 0.00300601, 4.31609, 0.9729, 0.0588078, 290.468
8026, 0.00921848, 0.751688, 0.00483921, 0, 8.24826e-08, 7.1086e-06, 0, 0, 0.756535, 0.000542045, 0.00218022, 4.68654, 0.972896, 0.058779, 290.988
8027, 0.00405842, 0.763077, 0.00428008, 0, 4.00417e-08, 3.46159e-06, 0, 0, 0.767361, 0.000238561, 0.00110892, 5.50696, 0.972892, 0.0587501, 291.653
8028, 0.00185083, 0.768447, 0.00399142, 0, 2.24021e-08, 1.95075e-06, 0, 0, 0.772441, 0.000108714, 0.000685603, 6.29212, 0.972888, 0.0587213, 291.959
8029, 0.00127899, 0.771832, 0.0036987, 0, 1.72997e-08, 1.51482e-06, 0, 0, 0.775532, 7.50848e-05, 0.000562142, 6.66168, 0.972884, 0.0586925, 292.142
8030, 0.000657405, 0.77814, 0.00308279, 0, 9.4036e-09, 8.2079e-07, 0, 0, 0.781224, 3.85871e-05, 0.000312944, 7.32721, 0.97288, 0.0586636, 292.483
8031, 0.000180297, 0.784681, 0.00239449, 0, 2.85446e-09, 2.44461e-07, 0, 0, 0.787076, 1.05815e-05, 9.70923e-05, 8.6209, 0.972876, 0.0586345, 292.832
8032, 2.63288e-05, 0.789772, 0.00177831, 0, 5.55938e-10, 4.40845e-08, 0, 0, 0.791551, 1.54496e-06, 1.97744e-05, 10.5448, 0.972872, 0.0586054, 293.096
8033, 2.60558e-06, 0.794002, 0.0012194, 0, 1.0976e-10, 7.39734e-09, 0, 0, 0.795221, 1.52829e-07, 4.19754e-06, 12.8579, 0.972868, 0.0585766, 293.311
8034, 2.73576e-07, 0.796591, 0.000874684, 0, 2.07208e-11, 1.25673e-09, 0, 0, 0.797466, 1.60376e-08, 8.17908e-07, 15.1117, 0.972864, 0.058548, 293.44
8035, 2.35457e-08, 0.798249, 0.000653962, 0, 2.2984e-12, 1.29591e-10, 0, 0, 0.798903, 1.38e-09, 8.91841e-08, 17.5643, 0.97286, 0.0585196, 293.519
8036, 1.05897e-09, 0.800099, 0.000402035, 0, 1.41826e-13, 6.48323e-12, 0, 0, 0.800501, 6.20616e-11, 4.68377e-09, 20.666, 0.972856, 0.0584912, 293.609
8037, 2.26566e-11, 0.801598, 0.00020001, 0, 8.06282e-15, 1.70031e-13, 0, 0, 0.801798, 1.32758e-12, 1.36885e-10, 24.5106, 0.972852, 0.0584626, 293.68
8038, 2.19007e-11, 0.801947, 0.000164962, 0, 2.10564e-14, 4.48012e-13, 0, 0, 0.802112, 1.27744e-12, 4.33288e-10, 24.5445, 0.972848, 0.0584341, 293.692
8039, 3.86391e-10, 0.800922, 0.000329012, 0, 2.92029e-13, 7.24674e-12, 0, 0, 0.801251, 2.25353e-11, 6.80087e-09, 21.6742, 0.972844, 0.0584056, 293.634
8040, 3.33808e-09, 0.798744, 0.000657258, 0, 2.02668e-12, 5.63615e-11, 0, 0, 0.799402, 1.94663e-10, 5.13166e-08, 19.5179, 0.97284, 0.058377, 293.516
8041, 1.76733e-08, 0.796033, 0.00105797, 0, 7.26825e-12, 2.30945e-10, 0, 0, 0.797091, 1.03023e-09, 2.01309e-07, 17.8512, 0.972836, 0.0583485, 293.371
8042, 1.09425e-07, 0.793971, 0.00136312, 0, 1.79641e-11, 7.83862e-10, 0, 0, 0.795334, 6.37425e-09, 6.18147e-07, 16.028, 0.972832, 0.0583197, 293.258
8043, 6.86284e-07, 0.793382, 0.00145767, 0, 5.51347e-11, 3.42432e-09, 0, 0, 0.79484, 3.99663e-08, 2.46834e-06, 14.192, 0.972828, 0.0582905, 293.222
8044, 2.50481e-06, 0.793264, 0.00148215, 0, 1.58994e-10, 1.10698e-08, 0, 0, 0.794746, 1.45846e-07, 7.73683e-06, 12.8973, 0.972824, 0.058261, 293.209
8045, 8.09919e-06, 0.79323, 0.00149356, 0, 3.02276e-10, 2.27574e-08, 0, 0, 0.794724, 4.71208e-07, 1.44301e-05, 11.7237, 0.97282, 0.0582321, 293.201
8046, 6.24087e-05, 0.793781, 0.00141021, 0, 9.32784e-10, 8.30468e-08, 0, 0, 0.795191, 3.62811e-06, 3.7907e-05, 9.68181, 0.972816, 0.0582038, 293.223
8047, 0.000409557, 0.790693, 0.00174047, 0, 4.83866e-09, 4.50169e-07, 0, 0, 0.792434, 2.38053e-05, 0.000180402, 7.80043, 0.972812, 0.058176, 293.05
8048, 0.00146369, 0.781543, 0.00271852, 0, 1.6029e-08, 1.48958e-06, 0, 0, 0.784263, 8.50625e-05, 0.000572185, 6.5268, 0.972808, 0.0581481, 292.547
8049, 0.00313374, 0.771643, 0.00367249, 0, 3.22156e-08, 2.97274e-06, 0, 0, 0.775319, 0.000182072, 0.00109605, 5.76553, 0.972804, 0.0581197, 291.993
8050, 0.00475239, 0.764963, 0.00421803, 0, 4.59043e-08, 4.22031e-06, 0, 0, 0.769185, 0.000276028, 0.00148535, 5.34911, 0.9728, 0.0580912, 291.609
8051, 0.00569971, 0.761354, 0.00448651, 0, 5.15689e-08, 4.73772e-06, 0, 0, 0.765846, 0.000330908, 0.00158663, 5.16734, 0.972796, 0.0580628, 291.396
8052, 0.0086463, 0.7562, 0.00471503, 0, 6.80771e-08, 6.14787e-06, 0, 0, 0.760921, 0.000501579, 0.00189788, 4.75062, 0.972792, 0.0580345, 291.084
8053, 0.0191311, 0.741598, 0.00516585, 0, 1.34595e-07, 1.1883e-05, 0, 0, 0.746776, 0.00110927, 0.00346685, 3.95644, 0.972788, 0.0580062, 290.192
8054, 0.0313818, 0.726135, 0.00558176, 0, 2.12558e-07, 1.8583e-05, 0, 0, 0.731735, 0.00181918, 0.0053575, 3.46153, 0.972784, 0.0579779, 289.231
8055, 0.0328026, 0.724672, 0.0056172, 0, 2.22864e-07, 1.94821e-05, 0, 0, 0.730309, 0.00190104, 0.00565651, 3.41725, 0.97278, 0.0579497, 289.133
8056, 0.0260344, 0.731918, 0.00547265, 0, 1.83293e-07, 1.61316e-05, 0, 0, 0.737407, 0.0015082, 0.004748, 3.64834, 0.972776, 0.0579212, 289.579
8057, 0.0180293, 0.741084, 0.00525481, 0, 1.32793e-07, 1.17537e-05, 0, 0, 0.746351, 0.00104404, 0.00347952, 4.01576, 0.972772, 0.0578926, 290.138
8058, 0.00956119, 0.753139, 0.00486837, 0, 7.58492e-08, 6.75857e-06, 0, 0, 0.758015, 0.000553492, 0.00203208, 4.65004, 0.972768, 0.0578642, 290.862
8059, 0.00489842, 0.76163, 0.00450949, 0, 4.40154e-08, 4.01802e-06, 0, 0, 0.766144, 0.000283361, 0.00128193, 5.31884, 0.972764, 0.0578364, 291.361
8060, 0.00635961, 0.762678, 0.00433063, 0, 5.20137e-08, 4.79165e-06, 0, 0, 0.767014, 0.000367487, 0.00155381, 5.05779, 0.97276, 0.0578084, 291.408
8061, 0.0136206, 0.754317, 0.00453671, 0, 9.73924e-08, 8.85101e-06, 0, 0, 0.758862, 0.000786716, 0.00276217, 4.29617, 0.972756, 0.0577802, 290.895
8062, 0.0199881, 0.745656, 0.00481845, 0, 1.38323e-07, 1.25294e-05, 0, 0, 0.750487, 0.00115429, 0.00386346, 3.91262, 0.972752, 0.0577521, 290.364
8063, 0.0166718, 0.752814, 0.00439209, 0, 1.1699e-07, 1.06404e-05, 0, 0, 0.757217, 0.000962619, 0.00332769, 4.09403, 0.972748, 0.0577239, 290.779
8064, 0.00827882, 0.77003, 0.00341392, 0, 6.09581e-08, 5.60094e-06, 0, 0, 0.773449, 0.000477889, 0.00182166, 4.79405, 0.972744, 0.0576955, 291.778
8065, 0.00445654, 0.777098, 0.00305354, 0, 3.57722e-08, 3.38445e-06, 0, 0, 0.780155, 0.000257012, 0.00117925, 5.41338, 0.97274, 0.0576673, 292.183
8066, 0.00600761, 0.771026, 0.00355391, 0, 4.86526e-08, 4.7138e-06, 0, 0, 0.774585, 0.000346203, 0.00167652, 5.11473, 0.972736, 0.0576394, 291.835
8067, 0.00682671, 0.76911, 0.00368421, 0, 5.48939e-08, 5.37135e-06, 0, 0, 0.772799, 0.000393335, 0.00193145, 4.98691, 0.972732, 0.0576114, 291.718
8068, 0.00418247, 0.779585, 0.00280757, 0, 3.42288e-08, 3.37837e-06, 0, 0, 0.782396, 0.000240952, 0.00124982, 5.47685, 0.972728, 0.0575833, 292.3
8069, 0.00142836, 0.791566, 0.00173744, 0, 1.23851e-08, 1.23459e-06, 0, 0, 0.793305, 8.22657e-05, 0.000480243, 6.55123, 0.972724, 0.0575552, 292.957
8070, 0.000891306, 0.792519, 0.0016855, 0, 8.6037e-09, 8.65787e-07, 0, 0, 0.794206, 5.1257e-05, 0.000345284, 7.02282, 0.97272, 0.0575272, 293.005
8071, 0.00230547, 0.781714, 0.00275245, 0, 2.09771e-08, 2.05963e-06, 0, 0, 0.784468, 0.000132485, 0.000759903, 6.07247, 0.972716, 0.0574992, 292.407
8072, 0.00666214, 0.765634, 0.00401281, 0, 5.1226e-08, 4.73144e-06, 0, 0, 0.769652, 0.00038263, 0.00153024, 5.01131, 0.972712, 0.057471, 291.491
8073, 0.0200448, 0.742812, 0.00500256, 0, 1.32443e-07, 1.15784e-05, 0, 0, 0.747827, 0.00115075, 0.00333718, 3.90978, 0.972708, 0.0574426, 290.122
8074, 0.0458414, 0.710998, 0.00579391, 0, 2.81004e-07, 2.39149e-05, 0, 0, 0.716817, 0.00263097, 0.00657378, 3.08257, 0.972704, 0.0574139, 288.133
8075, 0.0703148, 0.685238, 0.00626272, 0, 4.15251e-07, 3.47901e-05, 0, 0, 0.691536, 0.00403458, 0.00936601, 2.65477, 0.9727, 0.057386, 286.466
8076, 0.0720932, 0.683607, 0.00631473, 0, 4.23071e-07, 3.52379e-05, 0, 0, 0.689957, 0.00413556, 0.00942044, 2.6298, 0.972696, 0.0573586, 286.354
8077, 0.0534449, 0.700699, 0.0061354, 0, 3.23162e-07, 2.71763e-05, 0, 0, 0.706861, 0.00306468, 0.0073334, 2.9291, 0.972692, 0.0573311, 287.463
8078, 0.0423006, 0.710434, 0.00604029, 0, 2.65968e-07, 2.29008e-05, 0, 0, 0.716497, 0.00242404, 0.00632099, 3.16295, 0.972688, 0.0573032, 288.085
8079, 0.0430075, 0.711665, 0.00592849, 0, 2.69804e-07, 2.35435e-05, 0, 0, 0.717617, 0.00246329, 0.00660738, 3.14638, 0.972684, 0.0572753, 288.15
8080, 0.0355009, 0.725761, 0.00536591, 0, 2.23091e-07, 1.96296e-05, 0, 0, 0.731147, 0.0020328, 0.00562049, 3.3382, 0.97268, 0.0572474, 289.015
8081, 0.0182982, 0.754186, 0.00418882, 0, 1.18946e-07, 1.05987e-05, 0, 0, 0.758386, 0.00104756, 0.00314, 4.00095, 0.972676, 0.0572195, 290.731
8082, 0.00550578, 0.779124, 0.0028833, 0, 3.83201e-08, 3.46713e-06, 0, 0, 0.78201, 0.000315146, 0.00107776, 5.20196, 0.972672, 0.0571916, 292.185
8083, 0.00127083, 0.788857, 0.00230005, 0, 1.0333e-08, 9.59936e-07, 0, 0, 0.791158, 7.26851e-05, 0.000326215, 6.66808, 0.972668, 0.0571636, 292.736
8084, 0.00195258, 0.784164, 0.00273946, 0, 1.675e-08, 1.58925e-06, 0, 0, 0.786905, 0.000111484, 0.000555892, 6.2386, 0.972664, 0.0571357, 292.471
8085, 0.00608873, 0.770863, 0.00370958, 0, 4.65602e-08, 4.37931e-06, 0, 0, 0.774577, 0.000347525, 0.00144977, 5.10132, 0.97266, 0.0571078, 291.709
8086, 0.0120254, 0.757029, 0.00450915, 0, 8.52896e-08, 7.95896e-06, 0, 0, 0.761546, 0.000686249, 0.00251626, 4.42073, 0.972656, 0.0570799, 290.895
8087, 0.0129371, 0.754222, 0.00468949, 0, 8.98126e-08, 8.33656e-06, 0, 0, 0.75892, 0.000738189, 0.00257616, 4.34766, 0.972652, 0.0570521, 290.724
8088, 0.00737176, 0.764202, 0.00427473, 0, 5.32268e-08, 4.92061e-06, 0, 0, 0.768482, 0.000420563, 0.0015296, 4.9101, 0.972648, 0.0570245, 291.312
8089, 0.00375728, 0.770798, 0.00400165, 0, 3.02297e-08, 2.77755e-06, 0, 0, 0.774803, 0.000214167, 0.00088802, 5.58406, 0.972644, 0.0569966, 291.696
8090, 0.00816983, 0.762771, 0.00434448, 0, 5.63683e-08, 4.94897e-06, 0, 0, 0.767121, 0.000465069, 0.00143455, 4.80731, 0.97264, 0.0569683, 291.215
8091, 0.0298679, 0.73304, 0.00518264, 0, 1.79749e-07, 1.5076e-05, 0, 0, 0.738238, 0.00169957, 0.00402321, 3.51097, 0.972636, 0.0569399, 289.394
8092, 0.0758012, 0.681968, 0.00615539, 0, 4.28028e-07, 3.47117e-05, 0, 0, 0.688158, 0.00431224, 0.00896211, 2.57964, 0.972632, 0.056912, 286.122
8093, 0.128782, 0.632835, 0.00675484, 0, 6.98038e-07, 5.50749e-05, 0, 0, 0.639645, 0.00732422, 0.0139395, 2.04964, 0.972628, 0.0568846, 282.795
8094, 0.162584, 0.60671, 0.00689931, 0, 8.58702e-07, 6.66666e-05, 0, 0, 0.613676, 0.00924348, 0.0167019, 1.81656, 0.972624, 0.0568575, 280.938
8095, 0.172007, 0.601901, 0.00683154, 0, 8.95651e-07, 6.93298e-05, 0, 0, 0.608803, 0.00977508, 0.0173525, 1.76022, 0.97262, 0.05683, 280.578
8096, 0.172685, 0.601298, 0.0068219, 0, 8.96498e-07, 6.93947e-05, 0, 0, 0.60819, 0.00980878, 0.0173772, 1.75629, 0.972616, 0.056802, 280.526
8097, 0.174716, 0.59723, 0.00691973, 0, 9.10483e-07, 7.02577e-05, 0, 0, 0.604221, 0.00991927, 0.0175481, 1.74459, 0.972612, 0.0567742, 280.23
8098, 0.181071, 0.590396, 0.0070153, 0, 9.44613e-07, 7.24156e-05, 0, 0, 0.597484, 0.0102749, 0.0179901, 1.70887, 0.972608, 0.0567471, 279.729
8099, 0.195445, 0.579133, 0.00707614, 0, 1.01336e-06, 7.67666e-05, 0, 0, 0.586286, 0.011085, 0.0189202, 1.63248, 0.972604, 0.0567198, 278.892
8100, 0.210909, 0.56839, 0.00709441, 0, 1.08374e-06, 8.12382e-05, 0, 0, 0.575567, 0.0119565, 0.0199007, 1.55633, 0.9726, 0.056692, 278.08
8101, 0.215213, 0.564808, 0.007101, 0, 1.10338e-06, 8.24307e-05, 0, 0, 0.571993, 0.0121949, 0.020156, 1.53613, 0.972596, 0.0566642, 277.802
8102, 0.212142, 0.566029, 0.00710736, 0, 1.08939e-06, 8.14829e-05, 0, 0, 0.573219, 0.0120151, 0.0199384, 1.5505, 0.972592, 0.0566367, 277.887
8103, 0.21206, 0.56649, 0.00709904, 0, 1.08589e-06, 8.13737e-05, 0, 0, 0.573671, 0.0120046, 0.019933, 1.55089, 0.972588, 0.0566094, 277.914
8104, 0.206634, 0.570695, 0.00708234, 0, 1.05777e-06, 7.97068e-05, 0, 0, 0.577858, 0.0116922, 0.0195824, 1.57681, 0.972584, 0.0565822, 278.223
8105, 0.182393, 0.588276, 0.00702826, 0, 9.43053e-07, 7.19701e-05, 0, 0, 0.595377, 0.0103163, 0.017813, 1.70159, 0.97258, 0.0565548, 279.522
8106, 0.134846, 0.626721, 0.00679622, 0, 7.12076e-07, 5.54297e-05, 0, 0, 0.633573, 0.00762427, 0.0139163, 2.00363, 0.972576, 0.0565273, 282.273
8107, 0.0795548, 0.677455, 0.00624737, 0, 4.3414e-07, 3.49671e-05, 0, 0, 0.683738, 0.00449628, 0.00906377, 2.53131, 0.972572, 0.0564999, 285.722
8108, 0.0585442, 0.703165, 0.00567113, 0, 3.18487e-07, 2.68049e-05, 0, 0, 0.708863, 0.00330592, 0.00724527, 2.83797, 0.972568, 0.0564722, 287.382
8109, 0.0859255, 0.682664, 0.00570492, 0, 4.43124e-07, 3.70267e-05, 0, 0, 0.688406, 0.00484882, 0.00988924, 2.45427, 0.972564, 0.0564447, 286.021
8110, 0.114814, 0.655227, 0.00612993, 0, 5.8239e-07, 4.815e-05, 0, 0, 0.661405, 0.00647717, 0.0126867, 2.16444, 0.97256, 0.0564174, 284.185
8111, 0.105755, 0.662169, 0.0061949, 0, 5.40394e-07, 4.50695e-05, 0, 0, 0.66841, 0.00596419, 0.0119748, 2.24663, 0.972556, 0.05639, 284.657
8112, 0.0936679, 0.673546, 0.00609617, 0, 4.81814e-07, 4.03489e-05, 0, 0, 0.679683, 0.00527916, 0.0107979, 2.368, 0.972552, 0.0563625, 285.415
8113, 0.123224, 0.647687, 0.00632317, 0, 6.20763e-07, 5.02853e-05, 0, 0, 0.654061, 0.0069403, 0.0130888, 2.09376, 0.972548, 0.0563351, 283.657
8114, 0.17179, 0.604774, 0.00669229, 0, 8.51179e-07, 6.66915e-05, 0, 0, 0.611534, 0.00967177, 0.0168645, 1.76148, 0.972544, 0.0563077, 280.637
8115, 0.200841, 0.57892, 0.00689692, 0, 9.90205e-07, 7.62447e-05, 0, 0, 0.585894, 0.0113029, 0.0190114, 1.60524, 0.97254, 0.0562803, 278.744
8116, 0.209079, 0.571061, 0.00695489, 0, 1.02987e-06, 7.88953e-05, 0, 0, 0.578096, 0.0117612, 0.0195926, 1.56504, 0.972536, 0.0562529, 278.151
8117, 0.211563, 0.569121, 0.00696258, 0, 1.03972e-06, 7.96184e-05, 0, 0, 0.576164, 0.0118952, 0.0197596, 1.55323, 0.972532, 0.0562256, 277.998
8118, 0.213194, 0.568251, 0.00696257, 0, 1.04493e-06, 8.00576e-05, 0, 0, 0.575295, 0.0119811, 0.0198684, 1.54555, 0.972528, 0.0561982, 277.925
8119, 0.215183, 0.566994, 0.00696045, 0, 1.05152e-06, 8.05652e-05, 0, 0, 0.574036, 0.012087, 0.0199922, 1.53627, 0.972524, 0.0561711, 277.822
8120, 0.217929, 0.564752, 0.00696131, 0, 1.06202e-06, 8.12683e-05, 0, 0, 0.571795, 0.0122353, 0.020152, 1.52359, 0.97252, 0.056144, 277.645
8121, 0.220501, 0.562704, 0.00696155, 0, 1.07142e-06, 8.19268e-05, 0, 0, 0.569748, 0.0123737, 0.0203049, 1.51185, 0.972516, 0.0561167, 277.482
8122, 0.224707, 0.560846, 0.00694669, 0, 1.08448e-06, 8.29603e-05, 0, 0, 0.567877, 0.0126036, 0.0205655, 1.49296, 0.972512, 0.0560893, 277.332
8123, 0.225286, 0.561722, 0.00692368, 0, 1.08092e-06, 8.29477e-05, 0, 0, 0.56873, 0.0126301, 0.0206004, 1.49038, 0.972508, 0.0560621, 277.389
8124, 0.215099, 0.568965, 0.00690288, 0, 1.03325e-06, 7.99627e-05, 0, 0, 0.575949, 0.0120536, 0.0199555, 1.53666, 0.972504, 0.056035, 277.93
8125, 0.192735, 0.584259, 0.00686885, 0, 9.34479e-07, 7.34275e-05, 0, 0, 0.591202, 0.0107956, 0.0184882, 1.64644, 0.9725, 0.0560078, 279.065
8126, 0.158636, 0.610251, 0.00675505, 0, 7.80596e-07, 6.2657e-05, 0, 0, 0.617069, 0.00888183, 0.015989, 1.84115, 0.972496, 0.0559806, 280.951
8127, 0.109342, 0.651876, 0.00648953, 0, 5.51159e-07, 4.54351e-05, 0, 0, 0.658411, 0.00611982, 0.0118164, 2.21327, 0.972492, 0.0559533, 283.859
8128, 0.0579418, 0.696956, 0.006164, 0, 3.08557e-07, 2.63809e-05, 0, 0, 0.703147, 0.0032418, 0.00705865, 2.84832, 0.972488, 0.0559259, 286.87
8129, 0.031386, 0.720895, 0.00596772, 0, 1.81411e-07, 1.62651e-05, 0, 0, 0.726879, 0.00175476, 0.00450609, 3.46139, 0.972484, 0.0558984, 288.412
8130, 0.0351912, 0.71855, 0.00594251, 0, 1.9674e-07, 1.79927e-05, 0, 0, 0.724511, 0.00196569, 0.00504292, 3.34696, 0.97248, 0.0558713, 288.252
8131, 0.0539933, 0.703843, 0.00594459, 0, 2.83368e-07, 2.58681e-05, 0, 0, 0.709814, 0.00301472, 0.00725247, 2.9189, 0.972476, 0.0558442, 287.288
8132, 0.056529, 0.707692, 0.00554312, 0, 2.91983e-07, 2.67957e-05, 0, 0, 0.713262, 0.00315568, 0.0075962, 2.873, 0.972472, 0.055817, 287.508
8133, 0.0344245, 0.739582, 0.00450885, 0, 1.80493e-07, 1.68318e-05, 0, 0, 0.744107, 0.00192136, 0.00489542, 3.36899, 0.972468, 0.0557896, 289.488
8134, 0.0157846, 0.766715, 0.00358831, 0, 8.52847e-08, 8.13785e-06, 0, 0, 0.770311, 0.000880434, 0.00245412, 4.14872, 0.972464, 0.0557622, 291.127
8135, 0.0209625, 0.759318, 0.00384462, 0, 1.10409e-07, 1.04702e-05, 0, 0, 0.763173, 0.00116782, 0.00311929, 3.86502, 0.97246, 0.0557348, 290.676
8136, 0.0411606, 0.728743, 0.00491963, 0, 2.12515e-07, 1.98086e-05, 0, 0, 0.733683, 0.00229237, 0.00574344, 3.19027, 0.972456, 0.0557073, 288.803
8137, 0.0497391, 0.711409, 0.00564481, 0, 2.5819e-07, 2.38199e-05, 0, 0, 0.717078, 0.00276949, 0.00679699, 3.00096, 0.972452, 0.0556794, 287.723
8138, 0.0483034, 0.71001, 0.0058221, 0, 2.51332e-07, 2.30264e-05, 0, 0, 0.715855, 0.00268804, 0.00650096, 3.03025, 0.972448, 0.0556515, 287.637
8139, 0.0655931, 0.695212, 0.00594335, 0, 3.27253e-07, 2.95574e-05, 0, 0, 0.701186, 0.00364767, 0.00823265, 2.72428, 0.972444, 0.0556241, 286.666
8140, 0.0974087, 0.667449, 0.00615245, 0, 4.68356e-07, 4.14676e-05, 0, 0, 0.673644, 0.00541462, 0.0113649, 2.32884, 0.97244, 0.0555967, 284.813
8141, 0.122021, 0.645784, 0.00631636, 0, 5.75895e-07, 5.00466e-05, 0, 0, 0.652151, 0.00677997, 0.0135169, 2.10356, 0.972436, 0.0555687, 283.328
8142, 0.134144, 0.636278, 0.0063701, 0, 6.25338e-07, 5.38382e-05, 0, 0, 0.642702, 0.0074502, 0.0144418, 2.00884, 0.972432, 0.0555405, 282.661
8143, 0.13631, 0.636498, 0.00633155, 0, 6.28969e-07, 5.42863e-05, 0, 0, 0.642884, 0.00756699, 0.014597, 1.99282, 0.972428, 0.0555124, 282.667
8144, 0.129512, 0.644469, 0.00622722, 0, 5.94049e-07, 5.18863e-05, 0, 0, 0.650749, 0.00718624, 0.0140909, 2.04398, 0.972424, 0.0554838, 283.21
8145, 0.112179, 0.661177, 0.00604545, 0, 5.16011e-07, 4.60139e-05, 0, 0, 0.667269, 0.00622158, 0.0127313, 2.18766, 0.97242, 0.0554542, 284.343
8146, 0.0889927, 0.682708, 0.00581041, 0, 4.15025e-07, 3.81043e-05, 0, 0, 0.688557, 0.00493308, 0.0108446, 2.4192, 0.972416, 0.0554236, 285.778
8147, 0.071086, 0.699973, 0.00558189, 0, 3.36764e-07, 3.17694e-05, 0, 0, 0.705587, 0.00393818, 0.00930228, 2.64386, 0.972412, 0.055392, 286.904
8148, 0.0543011, 0.718079, 0.00523005, 0, 2.61835e-07, 2.51401e-05, 0, 0, 0.723335, 0.00300687, 0.00754625, 2.91321, 0.972408, 0.0553581, 288.057
8149, 0.0314971, 0.74477, 0.0045851, 0, 1.58005e-07, 1.54242e-05, 0, 0, 0.749371, 0.0017435, 0.00479801, 3.45786, 0.972404, 0.0553196, 289.718
8150, 0.0126656, 0.768659, 0.00390714, 0, 6.9954e-08, 6.99041e-06, 0, 0, 0.772574, 0.000700732, 0.00233348, 4.36886, 0.9724, 0.0552722, 291.165
8151, 0.00567281, 0.777766, 0.00364267, 0, 3.74086e-08, 3.88804e-06, 0, 0, 0.781412, 0.000313258, 0.00145325, 5.17207, 0.972396, 0.055202, 291.705
8152, 0.00545288, 0.777423, 0.00369113, 0, 3.79836e-08, 4.05119e-06, 0, 0, 0.781118, 0.000300261, 0.00158347, 5.21161, 0.972392, 0.0550503, 291.681
8153, 0.0055934, 0.778179, 0.00360289, 0, 3.86673e-08, 4.18181e-06, 0, 0, 0.781786, 0.000307022, 0.00166346, 5.18617, 0.972388, 0.0546581, 291.716
8154, 0.00401428, 0.784868, 0.00307722, 0, 2.8091e-08, 3.0721e-06, 0, 0, 0.787948, 0.000219417, 0.00125733, 5.5179, 0.972384, 0.0540103, 292.088
8155, 0.00172004, 0.795347, 0.00220943, 0, 1.25765e-08, 1.38509e-06, 0, 0, 0.797558, 9.35138e-05, 0.000591317, 6.36541, 0.97238, 0.0537269, 292.667
8156, 0.000403228, 0.802673, 0.00156734, 0, 3.21267e-09, 3.53171e-07, 0, 0, 0.804241, 2.17832e-05, 0.00016035, 7.81601, 0.972376, 0.0541825, 293.066
8157, 5.03e-05, 0.805389, 0.00131654, 0, 5.07856e-10, 5.30456e-08, 0, 0, 0.806705, 2.69959e-06, 2.76087e-05, 9.89751, 0.972372, 0.0547241, 293.208
8158, 3.80944e-06, 0.807897, 0.00102257, 0, 8.65235e-11, 7.37638e-09, 0, 0, 0.808919, 2.04166e-07, 5.19643e-06, 12.478, 0.972368, 0.054953, 293.335
8159, 3.13387e-07, 0.811189, 0.000615687, 0, 1.87408e-11, 1.34891e-09, 0, 0, 0.811805, 1.70282e-08, 1.13965e-06, 14.9758, 0.972364, 0.0550083, 293.503
8160, 2.92408e-08, 0.813291, 0.000358632, 0, 2.57237e-12, 1.6989e-10, 0, 0, 0.813649, 1.60354e-09, 1.51157e-07, 17.3477, 0.97236, 0.0550137, 293.607
8161, 1.6005e-09, 0.814176, 0.000257025, 0, 1.7501e-13, 1.05648e-11, 0, 0, 0.814433, 8.79343e-11, 9.71867e-09, 20.253, 0.972356, 0.0550036, 293.648
8162, 8.59706e-11, 0.81494, 0.000170121, 0, 9.22132e-15, 4.95848e-13, 0, 0, 0.81511, 4.72109e-12, 4.4991e-10, 23.177, 0.972352, 0.0549869, 293.683
8163, 3.16821e-09, 0.815271, 0.000139612, 0, 1.45338e-13, 9.72455e-12, 0, 0, 0.815411, 1.73813e-10, 7.32999e-09, 19.5701, 0.972348, 0.0549671, 293.695
8164, 1.1119e-07, 0.814285, 0.00028025, 0, 3.38849e-12, 2.65083e-10, 0, 0, 0.814565, 6.09929e-09, 1.82147e-07, 16.012, 0.972344, 0.0549454, 293.638
8165, 2.08334e-06, 0.811706, 0.000623034, 0, 4.52554e-11, 3.97298e-09, 0, 0, 0.812329, 1.14266e-07, 2.49407e-06, 13.0815, 0.97234, 0.0549222, 293.498
8166, 2.13341e-05, 0.807742, 0.00112721, 0, 3.53212e-10, 3.37244e-08, 0, 0, 0.808869, 1.16996e-06, 1.94405e-05, 10.7552, 0.972336, 0.0548982, 293.284
8167, 0.000122006, 0.802676, 0.00172875, 0, 1.64157e-09, 1.66501e-07, 0, 0, 0.804405, 6.68966e-06, 8.88761e-05, 9.01144, 0.972332, 0.0548736, 293.008
8168, 0.000418818, 0.796956, 0.00234306, 0, 4.74506e-09, 5.0323e-07, 0, 0, 0.7993, 2.29588e-05, 0.000249605, 7.77807, 0.972328, 0.0548486, 292.693
8169, 0.00109097, 0.791186, 0.00288118, 0, 1.00547e-08, 1.09931e-06, 0, 0, 0.794069, 5.97802e-05, 0.000498513, 6.82069, 0.972324, 0.0548233, 292.368
8170, 0.00285869, 0.784944, 0.00332748, 0, 2.07909e-08, 2.28822e-06, 0, 0, 0.788274, 0.000156567, 0.00093487, 5.85739, 0.97232, 0.0547978, 292.008
8171, 0.0070566, 0.776537, 0.0037436, 0, 4.3324e-08, 4.72452e-06, 0, 0, 0.780285, 0.000386333, 0.00178119, 4.95379, 0.972316, 0.054772, 291.511
8172, 0.013417, 0.766205, 0.00414374, 0, 7.49804e-08, 8.11925e-06, 0, 0, 0.770357, 0.000734338, 0.00290813, 4.31123, 0.972312, 0.0547461, 290.889
8173, 0.0179139, 0.758481, 0.00443855, 0, 9.67041e-08, 1.04648e-05, 0, 0, 0.76293, 0.000980178, 0.00364301, 4.02218, 0.972308, 0.0547202, 290.419
8174, 0.0192789, 0.754433, 0.00462301, 0, 1.03439e-07, 1.11868e-05, 0, 0, 0.759067, 0.0010544, 0.00380993, 3.94874, 0.972304, 0.0546944, 290.17
8175, 0.0230505, 0.748121, 0.00482448, 0, 1.20015e-07, 1.28e-05, 0, 0, 0.752959, 0.00125995, 0.00422152, 3.77007, 0.9723, 0.0546684, 289.779
8176, 0.0295613, 0.740991, 0.0049587, 0, 1.47645e-07, 1.54694e-05, 0, 0, 0.745965, 0.00161515, 0.00498086, 3.52129, 0.972296, 0.0546424, 289.329
8177, 0.029351, 0.744487, 0.00474236, 0, 1.44919e-07, 1.50861e-05, 0, 0, 0.749244, 0.00160323, 0.00485887, 3.52843, 0.972292, 0.0546164, 289.531
8178, 0.0190371, 0.761608, 0.00410298, 0, 9.63401e-08, 1.00691e-05, 0, 0, 0.765721, 0.0010396, 0.00331386, 3.96136, 0.972288, 0.0545906, 290.562
8179, 0.0119699, 0.773553, 0.00363509, 0, 6.21729e-08, 6.51337e-06, 0, 0, 0.777195, 0.000653139, 0.00218706, 4.42536, 0.972284, 0.0545646, 291.27
8180, 0.0198471, 0.76265, 0.00399016, 0, 9.70974e-08, 1.00088e-05, 0, 0, 0.76665, 0.00108198, 0.00323852, 3.9197, 0.97228, 0.0545385, 290.608
8181, 0.0357611, 0.740318, 0.00471427, 0, 1.68347e-07, 1.71822e-05, 0, 0, 0.74505, 0.00194901, 0.00540354, 3.3309, 0.972276, 0.0545124, 289.239
8182, 0.0413653, 0.732429, 0.00496459, 0, 1.93354e-07, 1.97209e-05, 0, 0, 0.737413, 0.00225395, 0.00615873, 3.18531, 0.972272, 0.0544864, 288.745
8183, 0.0303831, 0.74729, 0.00451118, 0, 1.44506e-07, 1.48532e-05, 0, 0, 0.751816, 0.00165515, 0.00469159, 3.49387, 0.972268, 0.0544602, 289.656
8184, 0.0173714, 0.766284, 0.00387278, 0, 8.53172e-08, 8.87353e-06, 0, 0, 0.770165, 0.000945799, 0.0028738, 4.05293, 0.972264, 0.0544337, 290.802
8185, 0.0205537, 0.762861, 0.00394687, 0, 9.81074e-08, 1.01274e-05, 0, 0, 0.766818, 0.00111788, 0.00325191, 3.88471, 0.97226, 0.054407, 290.587
8186, 0.037045, 0.740763, 0.00461571, 0, 1.69919e-07, 1.73216e-05, 0, 0, 0.745396, 0.00201405, 0.0054231, 3.29562, 0.972256, 0.0543807, 289.229
8187, 0.0446157, 0.730932, 0.00488732, 0, 2.02755e-07, 2.06205e-05, 0, 0, 0.73584, 0.00242518, 0.00642363, 3.10967, 0.972252, 0.054355, 288.612
8188, 0.0325363, 0.748364, 0.00427172, 0, 1.50157e-07, 1.53814e-05, 0, 0, 0.752651, 0.00176823, 0.00486875, 3.4254, 0.972248, 0.0543293, 289.677
8189, 0.0142881, 0.776338, 0.0031942, 0, 6.8822e-08, 7.15072e-06, 0, 0, 0.77954, 0.00077635, 0.00234754, 4.24833, 0.972244, 0.0543033, 291.353
8190, 0.00531315, 0.788716, 0.00280035, 0, 2.84131e-08, 3.03473e-06, 0, 0, 0.79152, 0.000288465, 0.00106078, 5.23757, 0.97224, 0.0542774, 292.084
8191, 0.00796765, 0.779782, 0.00342278, 0, 4.23796e-08, 4.61021e-06, 0, 0, 0.783209, 0.000432041, 0.00160968, 4.83237, 0.972236, 0.0542515, 291.568
8192, 0.0163993, 0.765372, 0.00406736, 0, 8.1669e-08, 8.88804e-06, 0, 0, 0.769448, 0.000889025, 0.0030463, 4.11052, 0.972232, 0.0542255, 290.708
8193, 0.0191674, 0.764403, 0.00394149, 0, 9.27111e-08, 1.01538e-05, 0, 0, 0.768354, 0.00103895, 0.00349369, 3.95454, 0.972228, 0.0541996, 290.634
8194, 0.0132284, 0.775625, 0.00338646, 0, 6.44212e-08, 7.15698e-06, 0, 0, 0.779019, 0.000716815, 0.00251362, 4.32539, 0.972224, 0.0541736, 291.29
8195, 0.0126611, 0.774414, 0.00350631, 0, 6.10864e-08, 6.74993e-06, 0, 0, 0.777928, 0.000685375, 0.00231088, 4.36922, 0.97222, 0.0541474, 291.217
8196, 0.0249583, 0.754385, 0.00431123, 0, 1.14945e-07, 1.237e-05, 0, 0, 0.758708, 0.00135032, 0.00402181, 3.69055, 0.972216, 0.0541215, 290.01
8197, 0.0368539, 0.73772, 0.00487176, 0, 1.67368e-07, 1.78029e-05, 0, 0, 0.74261, 0.00199348, 0.00569438, 3.30079, 0.972212, 0.0540957, 288.982
8198, 0.0336276, 0.740595, 0.00488562, 0, 1.55199e-07, 1.65313e-05, 0, 0, 0.745497, 0.00181855, 0.00530475, 3.39241, 0.972208, 0.0540697, 289.16
8199, 0.0219598, 0.754148, 0.00462567, 0, 1.07021e-07, 1.15859e-05, 0, 0, 0.758786, 0.0011871, 0.00382763, 3.81854, 0.972204, 0.0540438, 289.996
8200, 0.0151797, 0.764111, 0.00431953, 0, 7.92982e-08, 8.76009e-06, 0, 0, 0.768439, 0.000820099, 0.00304824, 4.1878, 0.9722, 0.0540178, 290.596
8201, 0.0109561, 0.774305, 0.00379327, 0, 5.96332e-08, 6.63783e-06, 0, 0, 0.778105, 0.000591693, 0.00241354, 4.51386, 0.972196, 0.0539917, 291.191
8202, 0.00539259, 0.788524, 0.00298235, 0, 3.08922e-08, 3.44556e-06, 0, 0, 0.79151, 0.000291174, 0.00131362, 5.22273, 0.972192, 0.0539659, 292.011
8203, 0.00152243, 0.800159, 0.00221655, 0, 9.70277e-09, 1.07476e-06, 0, 0, 0.802377, 8.21906e-05, 0.000441537, 6.48745, 0.972188, 0.0539403, 292.668
8204, 0.000245247, 0.807459, 0.00156698, 0, 1.99601e-09, 2.13037e-07, 0, 0, 0.809027, 1.32375e-05, 0.000100011, 8.31324, 0.972184, 0.0539147, 293.064
8205, 2.53489e-05, 0.813147, 0.000926609, 0, 3.22909e-10, 3.18419e-08, 0, 0, 0.814074, 1.36785e-06, 1.77657e-05, 10.5828, 0.97218, 0.0538888, 293.362
8206, 2.06168e-06, 0.816983, 0.000467188, 0, 4.14788e-11, 3.76105e-09, 0, 0, 0.81745, 1.11201e-07, 2.36559e-06, 13.092, 0.972176, 0.0538628, 293.559
8207, 1.93903e-06, 0.817541, 0.000410811, 0, 3.28253e-11, 3.07225e-09, 0, 0, 0.817952, 1.04239e-07, 1.76732e-06, 13.1533, 0.972172, 0.0538369, 293.583
8208, 2.80968e-05, 0.814488, 0.000800755, 0, 3.26086e-10, 3.30807e-08, 0, 0, 0.815288, 1.50984e-06, 1.67424e-05, 10.4799, 0.972168, 0.0538112, 293.418
8209, 0.000257401, 0.808365, 0.00151805, 0, 2.25265e-09, 2.39364e-07, 0, 0, 0.809883, 1.38295e-05, 0.000108055, 8.26487, 0.972164, 0.0537856, 293.086
8210, 0.00136587, 0.799527, 0.00238723, 0, 9.93543e-09, 1.07583e-06, 0, 0, 0.801915, 7.33718e-05, 0.000442335, 6.59596, 0.97216, 0.0537599, 292.598
8211, 0.0044194, 0.787915, 0.00325889, 0, 2.84104e-08, 3.07182e-06, 0, 0, 0.791177, 0.000237342, 0.00116857, 5.42175, 0.972156, 0.0537341, 291.936
8212, 0.0106214, 0.773735, 0.00402103, 0, 6.07487e-08, 6.45708e-06, 0, 0, 0.777763, 0.000570202, 0.00226725, 4.54488, 0.972152, 0.0537084, 291.103
8213, 0.0226212, 0.756128, 0.00462905, 0, 1.1554e-07, 1.19674e-05, 0, 0, 0.760769, 0.00121389, 0.00390038, 3.78887, 0.972148, 0.0536826, 290.035
8214, 0.0415018, 0.734851, 0.00510523, 0, 1.95819e-07, 1.9723e-05, 0, 0, 0.739976, 0.00222622, 0.00609196, 3.18202, 0.972144, 0.0536569, 288.707
8215, 0.0635302, 0.712873, 0.0054692, 0, 2.8599e-07, 2.79961e-05, 0, 0, 0.71837, 0.00340654, 0.00831125, 2.75624, 0.97214, 0.0536312, 287.3
8216, 0.0837155, 0.693714, 0.00573488, 0, 3.6763e-07, 3.50984e-05, 0, 0, 0.699485, 0.00448705, 0.0101155, 2.48033, 0.972136, 0.0536052, 286.047
8217, 0.0971081, 0.680673, 0.00591677, 0, 4.23176e-07, 3.96994e-05, 0, 0, 0.68663, 0.00520272, 0.011219, 2.33193, 0.972132, 0.0535792, 285.178
8218, 0.0989513, 0.676851, 0.00602697, 0, 4.34864e-07, 4.051e-05, 0, 0, 0.682919, 0.0052993, 0.011336, 2.31313, 0.972128, 0.0535534, 284.92
8219, 0.0920583, 0.680048, 0.0060856, 0, 4.1292e-07, 3.85254e-05, 0, 0, 0.686173, 0.00492793, 0.0107493, 2.38533, 0.972124, 0.0535281, 285.134
8220, 0.0842817, 0.685225, 0.00609631, 0, 3.85369e-07, 3.60707e-05, 0, 0, 0.691357, 0.0045096, 0.0100622, 2.47359, 0.97212, 0.0535027, 285.477
8221, 0.068313, 0.699021, 0.00599618, 0, 3.20816e-07, 3.03173e-05, 0, 0, 0.705048, 0.00365382, 0.00851997, 2.68366, 0.972116, 0.0534772, 286.384
8222, 0.0507226, 0.715555, 0.00583679, 0, 2.46744e-07, 2.37027e-05, 0, 0, 0.721416, 0.00271147, 0.00676347, 2.98138, 0.972112, 0.0534517, 287.455
8223, 0.0554628, 0.712931, 0.00582124, 0, 2.65024e-07, 2.52824e-05, 0, 0, 0.718778, 0.0029627, 0.00719958, 2.89204, 0.972108, 0.0534261, 287.276
8224, 0.0696083, 0.702785, 0.0058191, 0, 3.22919e-07, 3.0396e-05, 0, 0, 0.708635, 0.00371693, 0.00860235, 2.66487, 0.972104, 0.0534006, 286.603
8225, 0.0615376, 0.715915, 0.00543933, 0, 2.84877e-07, 2.69042e-05, 0, 0, 0.721382, 0.00328521, 0.00771199, 2.78811, 0.9721, 0.053375, 287.434
8226, 0.0349851, 0.747696, 0.00475182, 0, 1.67714e-07, 1.61577e-05, 0, 0, 0.752464, 0.0018672, 0.00482247, 3.35283, 0.972096, 0.0533495, 289.43
8227, 0.0185059, 0.766748, 0.00435735, 0, 9.62169e-08, 9.5969e-06, 0, 0, 0.771115, 0.000986982, 0.00306107, 3.98966, 0.972092, 0.0533239, 290.598
8228, 0.0196356, 0.765085, 0.00442175, 0, 1.03102e-07, 1.04466e-05, 0, 0, 0.769517, 0.00104641, 0.00338199, 3.93041, 0.972088, 0.0532982, 290.492
8229, 0.0203648, 0.766397, 0.00423607, 0, 1.05635e-07, 1.0734e-05, 0, 0, 0.770644, 0.00108501, 0.00347378, 3.89395, 0.972084, 0.0532725, 290.557
8230, 0.0132887, 0.779914, 0.00354957, 0, 7.01483e-08, 7.15425e-06, 0, 0, 0.783471, 0.000707785, 0.00235522, 4.32084, 0.97208, 0.0532471, 291.348
8231, 0.0125193, 0.782721, 0.00336479, 0, 6.54219e-08, 6.59367e-06, 0, 0, 0.786093, 0.000666081, 0.00214344, 4.38049, 0.972076, 0.0532217, 291.504
8232, 0.0273832, 0.761532, 0.00417788, 0, 1.35099e-07, 1.33171e-05, 0, 0, 0.765723, 0.00145605, 0.00410141, 3.59783, 0.972072, 0.053196, 290.23
8233, 0.0489382, 0.733231, 0.00512276, 0, 2.33733e-07, 2.26792e-05, 0, 0, 0.738376, 0.00260147, 0.00674836, 3.0172, 0.972068, 0.0531703, 288.486
8234, 0.0633627, 0.716355, 0.00558323, 0, 2.98006e-07, 2.86387e-05, 0, 0, 0.721967, 0.00336712, 0.00836641, 2.75888, 0.972064, 0.0531447, 287.416
8235, 0.0680183, 0.711575, 0.00569646, 0, 3.18682e-07, 3.05159e-05, 0, 0, 0.717303, 0.00361307, 0.00886059, 2.68798, 0.97206, 0.0531194, 287.104
8236, 0.0650889, 0.714654, 0.00565787, 0, 3.0722e-07, 2.94865e-05, 0, 0, 0.720342, 0.00345604, 0.00859883, 2.732, 0.972056, 0.0530942, 287.297
8237, 0.0554783, 0.724467, 0.00550619, 0, 2.67409e-07, 2.59443e-05, 0, 0, 0.73, 0.00294453, 0.007698, 2.89176, 0.972052, 0.053069, 287.92
8238, 0.0431218, 0.737582, 0.00527443, 0, 2.15016e-07, 2.12295e-05, 0, 0, 0.742877, 0.00228769, 0.00648674, 3.14373, 0.972048, 0.0530435, 288.744
8239, 0.0315048, 0.750742, 0.00499347, 0, 1.64336e-07, 1.65341e-05, 0, 0, 0.755753, 0.00167065, 0.00524263, 3.45762, 0.972044, 0.0530181, 289.559
8240, 0.0211462, 0.763752, 0.0046378, 0, 1.17067e-07, 1.19843e-05, 0, 0, 0.768402, 0.00112088, 0.00397398, 3.85629, 0.97204, 0.052993, 290.35
8241, 0.0122728, 0.77698, 0.00414691, 0, 7.37037e-08, 7.65616e-06, 0, 0, 0.781134, 0.000650293, 0.00268618, 4.40037, 0.972036, 0.0529679, 291.138
8242, 0.00572457, 0.79001, 0.00345407, 0, 3.82862e-08, 4.01401e-06, 0, 0, 0.793468, 0.000303226, 0.00150785, 5.16299, 0.972032, 0.0529426, 291.892
8243, 0.00195441, 0.801587, 0.00260632, 0, 1.49192e-08, 1.56527e-06, 0, 0, 0.804194, 0.000103495, 0.000633832, 6.23767, 0.972028, 0.0529171, 292.542
8244, 0.000439021, 0.809411, 0.00190326, 0, 3.91963e-09, 4.06076e-07, 0, 0, 0.811315, 2.32432e-05, 0.000177968, 7.73096, 0.972024, 0.0528915, 292.968
8245, 5.90746e-05, 0.81348, 0.00147424, 0, 6.61828e-10, 6.51021e-08, 0, 0, 0.814954, 3.12706e-06, 3.16418e-05, 9.73671, 0.97202, 0.0528663, 293.182
8246, 4.5778e-06, 0.81664, 0.00108135, 0, 8.63879e-11, 7.09508e-09, 0, 0, 0.817721, 2.42276e-07, 4.21618e-06, 12.2943, 0.972016, 0.0528414, 293.342
8247, 2.37107e-07, 0.819895, 0.000653865, 0, 1.1889e-11, 7.36202e-10, 0, 0, 0.820549, 1.25442e-08, 5.60763e-07, 15.2548, 0.972012, 0.0528165, 293.507
8248, 1.17394e-08, 0.822422, 0.000319137, 0, 1.31107e-12, 6.74262e-11, 0, 0, 0.822741, 6.20768e-10, 5.78123e-08, 18.2603, 0.972008, 0.0527913, 293.632
8249, 4.79815e-10, 0.823569, 0.000173448, 0, 8.52111e-14, 3.65014e-12, 0, 0, 0.823743, 2.53659e-11, 3.31275e-09, 21.4576, 0.972004, 0.0527661, 293.687
8250, 3.75135e-11, 0.82315, 0.00024668, 0, 6.67321e-14, 1.03896e-12, 0, 0, 0.823397, 1.97774e-12, 1.19073e-09, 24.0063, 0.972, 0.0527409, 293.66
8251, 2.44661e-10, 0.821451, 0.000499272, 0, 4.83906e-13, 7.92517e-12, 0, 0, 0.821951, 1.28844e-11, 9.06405e-09, 22.1311, 0.971996, 0.0527156, 293.568
8252, 1.02898e-09, 0.819258, 0.000820327, 0, 1.79146e-12, 3.15267e-11, 0, 0, 0.820078, 5.41858e-11, 3.55197e-08, 20.6947, 0.971992, 0.0526904, 293.45
8253, 2.05873e-09, 0.817868, 0.00102852, 0, 3.26712e-12, 5.96515e-11, 0, 0, 0.818897, 1.08399e-10, 6.6486e-08, 20.0012, 0.971988, 0.0526653, 293.373
8254, 6.19569e-09, 0.818457, 0.00096057, 0, 3.07308e-12, 6.39329e-11, 0, 0, 0.819418, 3.25663e-10, 6.54754e-08, 18.8994, 0.971984, 0.0526403, 293.399
8255, 1.58522e-07, 0.820438, 0.000697558, 0, 5.53575e-12, 3.52209e-10, 0, 0, 0.821135, 8.32569e-09, 2.07348e-07, 15.6574, 0.97198, 0.0526153, 293.496
8256, 2.98882e-06, 0.820991, 0.00063119, 0, 6.37235e-11, 5.26837e-09, 0, 0, 0.821622, 1.5695e-07, 2.70592e-06, 12.7206, 0.971976, 0.0525902, 293.52
8257, 3.39101e-05, 0.817734, 0.00107869, 0, 5.37537e-10, 4.75005e-08, 0, 0, 0.818813, 1.78027e-06, 2.21633e-05, 10.2918, 0.971972, 0.052565, 293.345
8258, 0.000267474, 0.810969, 0.00193648, 0, 3.01029e-09, 2.81105e-07, 0, 0, 0.812905, 1.40381e-05, 0.000116248, 8.22649, 0.971968, 0.0525398, 292.983
8259, 0.00149245, 0.801805, 0.00290448, 0, 1.26263e-08, 1.21996e-06, 0, 0, 0.804711, 7.83091e-05, 0.000449397, 6.50734, 0.971964, 0.0525147, 292.48
8260, 0.00542785, 0.790057, 0.00379633, 0, 3.87056e-08, 3.77736e-06, 0, 0, 0.793857, 0.000284737, 0.00128549, 5.21621, 0.97196, 0.0524896, 291.811
8261, 0.0125589, 0.776485, 0.00452534, 0, 8.1769e-08, 7.95221e-06, 0, 0, 0.781018, 0.000658665, 0.00257323, 4.37733, 0.971956, 0.0524646, 291.012
8262, 0.0195788, 0.764994, 0.00502632, 0, 1.22264e-07, 1.17973e-05, 0, 0, 0.770032, 0.00102654, 0.00368529, 3.93331, 0.971952, 0.0524396, 290.321
8263, 0.0239632, 0.756989, 0.0053567, 0, 1.47895e-07, 1.41211e-05, 0, 0, 0.76236, 0.00125591, 0.00427107, 3.73124, 0.971948, 0.0524147, 289.832
8264, 0.0295976, 0.747807, 0.00565889, 0, 1.79226e-07, 1.68423e-05, 0, 0, 0.753483, 0.00155039, 0.0048994, 3.52006, 0.971944, 0.0523899, 289.264
8265, 0.0391636, 0.736795, 0.0059005, 0, 2.27953e-07, 2.10707e-05, 0, 0, 0.742717, 0.00205049, 0.0059438, 3.24001, 0.97194, 0.052365, 288.569
8266, 0.0515036, 0.725829, 0.0060479, 0, 2.8699e-07, 2.60042e-05, 0, 0, 0.731904, 0.0026953, 0.00716799, 2.9661, 0.971936, 0.0523401, 287.865
8267, 0.0644637, 0.71512, 0.006171, 0, 3.47353e-07, 3.08261e-05, 0, 0, 0.721322, 0.00337216, 0.00832315, 2.74165, 0.971932, 0.0523151, 287.169
8268, 0.064207, 0.717742, 0.0060647, 0, 3.43427e-07, 3.03123e-05, 0, 0, 0.723838, 0.00335768, 0.0081764, 2.74564, 0.971928, 0.0522901, 287.327
8269, 0.051628, 0.732143, 0.00576634, 0, 2.81143e-07, 2.49977e-05, 0, 0, 0.737935, 0.00269863, 0.00685892, 2.96369, 0.971924, 0.0522652, 288.237
8270, 0.0518974, 0.732103, 0.0057777, 0, 2.83589e-07, 2.50355e-05, 0, 0, 0.737906, 0.00271088, 0.00683023, 2.95849, 0.97192, 0.0522404, 288.229
8271, 0.0600433, 0.723596, 0.0059634, 0, 3.24701e-07, 2.82317e-05, 0, 0, 0.729588, 0.00313515, 0.00755313, 2.81269, 0.971916, 0.0522156, 287.684
8272, 0.0520739, 0.732404, 0.00578259, 0, 2.85271e-07, 2.46651e-05, 0, 0, 0.738212, 0.00271816, 0.00659379, 2.95509, 0.971912, 0.0521907, 288.237
8273, 0.0470078, 0.738171, 0.00565091, 0, 2.61488e-07, 2.22556e-05, 0, 0, 0.743845, 0.00245193, 0.00589568, 3.05744, 0.971908, 0.0521657, 288.594
8274, 0.0731622, 0.711251, 0.00615427, 0, 3.96284e-07, 3.24289e-05, 0, 0, 0.717438, 0.00381358, 0.00820439, 2.61508, 0.971904, 0.0521408, 286.871
8275, 0.118323, 0.666795, 0.00686902, 0, 6.26827e-07, 4.93449e-05, 0, 0, 0.673714, 0.00616521, 0.0119811, 2.13434, 0.9719, 0.0521161, 283.926
8276, 0.160235, 0.628328, 0.00733321, 0, 8.41127e-07, 6.39807e-05, 0, 0, 0.635726, 0.00834586, 0.015074, 1.83111, 0.971896, 0.0520914, 281.259
8277, 0.186296, 0.604988, 0.00757087, 0, 9.78229e-07, 7.27395e-05, 0, 0, 0.612633, 0.00969938, 0.0168237, 1.68042, 0.971892, 0.0520666, 279.582
8278, 0.188616, 0.600189, 0.00769453, 0, 1.00113e-06, 7.38761e-05, 0, 0, 0.607959, 0.00981613, 0.0169632, 1.66804, 0.971888, 0.0520418, 279.232
8279, 0.179164, 0.604905, 0.00775565, 0, 9.6506e-07, 7.12691e-05, 0, 0, 0.612733, 0.00931975, 0.0163445, 1.71945, 0.971884, 0.0520169, 279.576
8280, 0.180859, 0.605001, 0.00773157, 0, 9.73286e-07, 7.18142e-05, 0, 0, 0.612805, 0.00940309, 0.0164586, 1.71004, 0.97188, 0.051992, 279.575
8281, 0.17642, 0.613772, 0.00753883, 0, 9.41514e-07, 6.9864e-05, 0, 0, 0.621381, 0.00916856, 0.0161185, 1.73489, 0.971876, 0.0519669, 280.193
8282, 0.142172, 0.647208, 0.007132, 0, 7.61442e-07, 5.79028e-05, 0, 0, 0.654398, 0.00738588, 0.0136743, 1.95072, 0.971872, 0.051942, 282.541
8283, 0.114131, 0.673535, 0.00683325, 0, 6.18094e-07, 4.81707e-05, 0, 0, 0.680417, 0.00592552, 0.0116368, 2.17041, 0.971868, 0.0519175, 284.334
8284, 0.135675, 0.654472, 0.00705134, 0, 7.31429e-07, 5.56313e-05, 0, 0, 0.66158, 0.00703937, 0.0131525, 1.99749, 0.971864, 0.051893, 283.03
8285, 0.178533, 0.61562, 0.00749581, 0, 9.57281e-07, 7.03817e-05, 0, 0, 0.623187, 0.00925923, 0.0161364, 1.72298, 0.97186, 0.0518684, 280.298
8286, 0.194675, 0.600748, 0.00768809, 0, 1.04582e-06, 7.59209e-05, 0, 0, 0.608513, 0.0100928, 0.0172037, 1.63642, 0.971856, 0.0518438, 279.22
8287, 0.170479, 0.622503, 0.00747517, 0, 9.22416e-07, 6.75714e-05, 0, 0, 0.630047, 0.00883532, 0.0154294, 1.76915, 0.971852, 0.0518193, 280.78
8288, 0.113573, 0.675888, 0.00676664, 0, 6.25295e-07, 4.70159e-05, 0, 0, 0.682702, 0.00588434, 0.0110227, 2.17531, 0.971848, 0.0517946, 284.458
8289, 0.0540578, 0.734797, 0.00577331, 0, 3.11445e-07, 2.44332e-05, 0, 0, 0.740595, 0.00279996, 0.0060473, 2.9177, 0.971844, 0.0517699, 288.289
8290, 0.0218048, 0.769979, 0.0049307, 0, 1.38653e-07, 1.15739e-05, 0, 0, 0.774922, 0.00112881, 0.00313543, 3.82562, 0.97184, 0.0517453, 290.463
8291, 0.015037, 0.781396, 0.00433972, 0, 9.88883e-08, 8.39988e-06, 0, 0, 0.785744, 0.000777622, 0.00233606, 4.19724, 0.971836, 0.0517209, 291.131
8292, 0.0329285, 0.764, 0.00460263, 0, 1.95217e-07, 1.54948e-05, 0, 0, 0.768618, 0.00170131, 0.00389399, 3.41342, 0.971832, 0.0516965, 290.056
8293, 0.0829663, 0.709205, 0.00595819, 0, 4.72423e-07, 3.56866e-05, 0, 0, 0.7152, 0.00428527, 0.00840415, 2.48932, 0.971828, 0.0516721, 286.607
8294, 0.145054, 0.644665, 0.00727044, 0, 8.17583e-07, 5.95021e-05, 0, 0, 0.651996, 0.00749007, 0.0134981, 1.93065, 0.971824, 0.0516475, 282.295
8295, 0.188721, 0.602854, 0.00788398, 0, 1.06101e-06, 7.517e-05, 0, 0, 0.610815, 0.00974146, 0.0166606, 1.66749, 0.97182, 0.0516229, 279.329
8296, 0.200461, 0.593408, 0.00799071, 0, 1.12588e-06, 7.90815e-05, 0, 0, 0.601479, 0.0103436, 0.0174095, 1.60714, 0.971816, 0.0515983, 278.633
8297, 0.177849, 0.614503, 0.00781481, 0, 1.00282e-06, 7.13457e-05, 0, 0, 0.62239, 0.00917328, 0.015873, 1.72682, 0.971812, 0.0515737, 280.161
8298, 0.152093, 0.637425, 0.00763332, 0, 8.66301e-07, 6.26103e-05, 0, 0, 0.645122, 0.00784054, 0.0141125, 1.88326, 0.971808, 0.0515492, 281.785
8299, 0.170307, 0.621245, 0.00778155, 0, 9.74198e-07, 6.8757e-05, 0, 0, 0.629097, 0.00877387, 0.0152364, 1.77015, 0.971804, 0.0515248, 280.633
8300, 0.217033, 0.579546, 0.00814054, 0, 1.24453e-06, 8.44892e-05, 0, 0, 0.587773, 0.011176, 0.0181894, 1.52771, 0.9718, 0.0515005, 277.58
8301, 0.252237, 0.548783, 0.00838647, 0, 1.45334e-06, 9.61096e-05, 0, 0, 0.557267, 0.0129834, 0.0203133, 1.37738, 0.971796, 0.0514761, 275.228
8302, 0.272721, 0.532955, 0.00848223, 0, 1.57487e-06, 0.000102542, 0, 0, 0.541541, 0.0140315, 0.021456, 1.29931, 0.971792, 0.0514517, 273.978
8303, 0.281178, 0.526831, 0.0085274, 0, 1.62792e-06, 0.000105233, 0, 0, 0.535465, 0.0144602, 0.0219065, 1.26877, 0.971788, 0.0514273, 273.484
8304, 0.273678, 0.530978, 0.00857464, 0, 1.5969e-06, 0.000103368, 0, 0, 0.539658, 0.0140683, 0.0214979, 1.2958, 0.971784, 0.0514029, 273.814
8305, 0.255504, 0.542273, 0.00861912, 0, 1.50884e-06, 9.8423e-05, 0, 0, 0.550992, 0.0131279, 0.020516, 1.36452, 0.97178, 0.0513785, 274.708
8306, 0.242929, 0.550716, 0.00863667, 0, 1.4471e-06, 9.49171e-05, 0, 0, 0.559449, 0.0124756, 0.0198251, 1.41499, 0.971776, 0.0513542, 275.365
8307, 0.235299, 0.556488, 0.00863354, 0, 1.40826e-06, 9.25439e-05, 0, 0, 0.565215, 0.0120781, 0.0193495, 1.4469, 0.971772, 0.0513297, 275.807
8308, 0.223137, 0.565393, 0.00862896, 0, 1.34377e-06, 8.87561e-05, 0, 0, 0.574112, 0.0114485, 0.0186012, 1.49997, 0.971768, 0.0513053, 276.486
8309, 0.214739, 0.571672, 0.00863367, 0, 1.3002e-06, 8.62909e-05, 0, 0, 0.580393, 0.0110121, 0.0181091, 1.53833, 0.971764, 0.0512811, 276.96
8310, 0.21759, 0.569998, 0.00865599, 0, 1.31973e-06, 8.74797e-05, 0, 0, 0.578743, 0.0111528, 0.0183142, 1.52514, 0.97176, 0.0512569, 276.827
8311, 0.22687, 0.563285, 0.00870037, 0, 1.37825e-06, 9.08153e-05, 0, 0, 0.572078, 0.0116229, 0.0189149, 1.48338, 0.971756, 0.0512327, 276.31
8312, 0.234419, 0.556881, 0.00875794, 0, 1.43088e-06, 9.35785e-05, 0, 0, 0.565733, 0.0120041, 0.019383, 1.45064, 0.971752, 0.0512083, 275.813
8313, 0.237009, 0.553981, 0.00880332, 0, 1.45435e-06, 9.45797e-05, 0, 0, 0.562881, 0.012131, 0.019512, 1.43966, 0.971748, 0.0511839, 275.584
8314, 0.235548, 0.554921, 0.00883118, 0, 1.45082e-06, 9.41896e-05, 0, 0, 0.563848, 0.0120506, 0.0193925, 1.44584, 0.971744, 0.0511598, 275.653
8315, 0.231678, 0.557862, 0.00885764, 0, 1.43289e-06, 9.29996e-05, 0, 0, 0.566814, 0.0118472, 0.0191222, 1.46241, 0.97174, 0.0511357, 275.876
8316, 0.226415, 0.561298, 0.00889162, 0, 1.40932e-06, 9.13242e-05, 0, 0, 0.570283, 0.0115725, 0.0187461, 1.48538, 0.971736, 0.0511115, 276.137
8317, 0.233898, 0.556499, 0.00890483, 0, 1.45549e-06, 9.36333e-05, 0, 0, 0.565499, 0.0119487, 0.0191383, 1.45287, 0.971732, 0.0510872, 275.761
8318, 0.251015, 0.545314, 0.0088964, 0, 1.55374e-06, 9.89774e-05, 0, 0, 0.554311, 0.0128172, 0.0201221, 1.38224, 0.971728, 0.0510629, 274.88
8319, 0.256034, 0.542483, 0.00887893, 0, 1.58343e-06, 0.000100553, 0, 0, 0.551464, 0.0130677, 0.0204079, 1.36245, 0.971724, 0.0510387, 274.649
8320, 0.243851, 0.554213, 0.00878344, 0, 1.50707e-06, 9.6529e-05, 0, 0, 0.563095, 0.0124406, 0.0196915, 1.4112, 0.97172, 0.0510147, 275.553
8321, 0.208007, 0.586068, 0.00853399, 0, 1.28628e-06, 8.46616e-05, 0, 0, 0.594688, 0.0106077, 0.0175565, 1.57018, 0.971716, 0.0509905, 277.96
8322, 0.164263, 0.625099, 0.00818967, 0, 1.01824e-06, 6.99906e-05, 0, 0, 0.63336, 0.00837283, 0.0149107, 1.80629, 0.971712, 0.0509663, 280.792
8323, 0.148705, 0.640227, 0.00802346, 0, 9.21596e-07, 6.46684e-05, 0, 0, 0.648317, 0.00757528, 0.0139635, 1.90579, 0.971708, 0.0509422, 281.852
8324, 0.161188, 0.626069, 0.00827014, 0, 1.00942e-06, 6.94243e-05, 0, 0, 0.63441, 0.00820696, 0.0147721, 1.82518, 0.971704, 0.0509181, 280.854
8325, 0.169393, 0.612152, 0.00862262, 0, 1.08137e-06, 7.30946e-05, 0, 0, 0.620849, 0.00862105, 0.0153254, 1.77553, 0.9717, 0.0508941, 279.867
8326, 0.168999, 0.612586, 0.00865284, 0, 1.08166e-06, 7.32097e-05, 0, 0, 0.621314, 0.00859701, 0.0153546, 1.77786, 0.971696, 0.0508701, 279.895
8327, 0.169131, 0.618759, 0.00845155, 0, 1.06669e-06, 7.28976e-05, 0, 0, 0.627285, 0.00859958, 0.0154213, 1.77708, 0.971692, 0.050846, 280.322
8328, 0.179043, 0.614168, 0.00840332, 0, 1.11817e-06, 7.59827e-05, 0, 0, 0.622648, 0.00909878, 0.0160242, 1.72013, 0.971688, 0.0508219, 279.979
8329, 0.200795, 0.596172, 0.0085689, 0, 1.25285e-06, 8.33299e-05, 0, 0, 0.604825, 0.0101994, 0.0172946, 1.60547, 0.971684, 0.0507977, 278.664
8330, 0.20986, 0.587166, 0.00870609, 0, 1.31628e-06, 8.65569e-05, 0, 0, 0.59596, 0.0106554, 0.017795, 1.56131, 0.97168, 0.0507734, 277.996
8331, 0.199342, 0.593433, 0.00873782, 0, 1.26301e-06, 8.33275e-05, 0, 0, 0.602255, 0.0101169, 0.0171452, 1.61273, 0.971676, 0.0507491, 278.46
8332, 0.184272, 0.605452, 0.00868133, 0, 1.17512e-06, 7.84446e-05, 0, 0, 0.614213, 0.00934761, 0.01625, 1.69134, 0.971672, 0.0507252, 279.337
8333, 0.168331, 0.621001, 0.00854302, 0, 1.07436e-06, 7.30058e-05, 0, 0, 0.629618, 0.00853516, 0.0152972, 1.78182, 0.971668, 0.0507014, 280.452
8334, 0.144544, 0.642836, 0.00835552, 0, 9.29326e-07, 6.47079e-05, 0, 0, 0.651257, 0.00732587, 0.0137911, 1.93417, 0.971664, 0.0506775, 281.99
8335, 0.117395, 0.666688, 0.00814497, 0, 7.67964e-07, 5.49588e-05, 0, 0, 0.674889, 0.00594722, 0.011965, 2.14221, 0.97166, 0.0506537, 283.632
8336, 0.0950907, 0.686863, 0.00791767, 0, 6.34491e-07, 4.65784e-05, 0, 0, 0.694828, 0.00481497, 0.0103738, 2.35292, 0.971656, 0.0506299, 284.986
8337, 0.0775626, 0.703943, 0.0076456, 0, 5.27343e-07, 3.95644e-05, 0, 0, 0.711628, 0.00392561, 0.00902212, 2.55667, 0.971652, 0.0506059, 286.106
8338, 0.0597128, 0.723185, 0.00724125, 0, 4.16029e-07, 3.19211e-05, 0, 0, 0.730458, 0.00302092, 0.00750458, 2.81821, 0.971648, 0.050582, 287.341
8339, 0.0401954, 0.746574, 0.0066312, 0, 2.90951e-07, 2.29238e-05, 0, 0, 0.753228, 0.00203275, 0.00563378, 3.214, 0.971644, 0.0505581, 288.808
8340, 0.0220171, 0.770212, 0.00585654, 0, 1.71016e-07, 1.3863e-05, 0, 0, 0.776083, 0.00111306, 0.00362777, 3.81593, 0.97164, 0.0505343, 290.251
8341, 0.00967393, 0.789453, 0.00494301, 0, 8.44821e-08, 7.0062e-06, 0, 0, 0.794403, 0.000488884, 0.0019848, 4.63832, 0.971636, 0.0505105, 291.386
8342, 0.00340017, 0.804431, 0.00382364, 0, 3.43108e-08, 2.86349e-06, 0, 0, 0.808257, 0.000171775, 0.000881446, 5.68393, 0.971632, 0.0504867, 292.232
8343, 0.00085625, 0.816079, 0.00258677, 0, 1.01038e-08, 8.3307e-07, 0, 0, 0.818667, 4.32469e-05, 0.000278188, 7.06295, 0.971628, 0.0504628, 292.86
8344, 0.000134133, 0.824281, 0.00148662, 0, 1.89285e-09, 1.51712e-07, 0, 0, 0.825768, 6.77348e-06, 5.50061e-05, 8.91668, 0.971624, 0.0504389, 293.284
8345, 1.19624e-05, 0.82925, 0.00073009, 0, 2.08255e-10, 1.59612e-08, 0, 0, 0.829981, 6.03988e-07, 6.28774e-06, 11.3337, 0.97162, 0.0504151, 293.532
8346, 9.56258e-07, 0.831062, 0.000449789, 0, 2.26464e-11, 1.57818e-09, 0, 0, 0.831511, 4.82049e-08, 6.78748e-07, 13.8602, 0.971616, 0.0503913, 293.618
8347, 8.41772e-06, 0.829529, 0.00071903, 0, 1.63797e-10, 1.19913e-08, 0, 0, 0.830248, 4.23332e-07, 4.72482e-06, 11.6852, 0.971612, 0.0503675, 293.537
8348, 0.000104486, 0.824848, 0.0014742, 0, 1.56288e-09, 1.21539e-07, 0, 0, 0.826322, 5.25372e-06, 4.33508e-05, 9.16646, 0.971608, 0.0503437, 293.296
8349, 0.000776344, 0.817028, 0.00257223, 0, 9.24263e-09, 7.43329e-07, 0, 0, 0.819601, 3.90279e-05, 0.000239898, 7.16091, 0.971604, 0.0503201, 292.884
8350, 0.00362381, 0.805213, 0.00384507, 0, 3.59737e-08, 2.92331e-06, 0, 0, 0.809061, 0.000182132, 0.000858769, 5.62023, 0.9716, 0.0502964, 292.238
8351, 0.0112931, 0.788476, 0.00508242, 0, 9.80019e-08, 7.89806e-06, 0, 0, 0.793566, 0.000567437, 0.00213514, 4.48356, 0.971596, 0.0502727, 291.28
8352, 0.0254833, 0.767187, 0.00612281, 0, 2.01118e-07, 1.58582e-05, 0, 0, 0.773326, 0.00128003, 0.0039924, 3.66973, 0.971592, 0.050249, 290.011
8353, 0.0455156, 0.742983, 0.00692714, 0, 3.37263e-07, 2.57919e-05, 0, 0, 0.749936, 0.00228542, 0.00611671, 3.0897, 0.971588, 0.0502253, 288.517
8354, 0.0686886, 0.717738, 0.00754785, 0, 4.90786e-07, 3.62922e-05, 0, 0, 0.725323, 0.00344764, 0.00819852, 2.67817, 0.971584, 0.0502016, 286.911
8355, 0.0889858, 0.695235, 0.0080363, 0, 6.28392e-07, 4.51197e-05, 0, 0, 0.703317, 0.00446468, 0.00982991, 2.41928, 0.97158, 0.0501781, 285.444
8356, 0.101378, 0.679648, 0.00839008, 0, 7.19482e-07, 5.05926e-05, 0, 0, 0.68809, 0.00508429, 0.0107572, 2.2889, 0.971576, 0.0501544, 284.409
8357, 0.108011, 0.671898, 0.00856401, 0, 7.6999e-07, 5.35515e-05, 0, 0, 0.680516, 0.00541459, 0.0112363, 2.22552, 0.971572, 0.0501308, 283.885
8358, 0.10446, 0.677248, 0.00846809, 0, 7.46331e-07, 5.19425e-05, 0, 0, 0.685769, 0.00523454, 0.0109069, 2.25895, 0.971568, 0.0501072, 284.238
8359, 0.0853576, 0.698147, 0.00810856, 0, 6.18725e-07, 4.3539e-05, 0, 0, 0.7063, 0.0042756, 0.00928654, 2.46091, 0.971564, 0.0500836, 285.62
8360, 0.0750547, 0.708995, 0.0079175, 0, 5.52639e-07, 3.88133e-05, 0, 0, 0.716952, 0.00375707, 0.00832596, 2.58954, 0.97156, 0.05006, 286.324
8361, 0.0983711, 0.684554, 0.00831552, 0, 7.16518e-07, 4.84781e-05, 0, 0, 0.692918, 0.00492114, 0.0100463, 2.31901, 0.971556, 0.0500364, 284.707
8362, 0.136813, 0.644989, 0.00892794, 0, 9.85597e-07, 6.42336e-05, 0, 0, 0.653982, 0.00684143, 0.0128489, 1.98914, 0.971552, 0.0500128, 282.009
8363, 0.165437, 0.62008, 0.00920464, 0, 1.17777e-06, 7.51612e-05, 0, 0, 0.629361, 0.00826956, 0.0147728, 1.79916, 0.971548, 0.0499892, 280.244
8364, 0.168049, 0.623952, 0.00896595, 0, 1.18165e-06, 7.55253e-05, 0, 0, 0.632994, 0.00839705, 0.014881, 1.7835, 0.971544, 0.0499655, 280.5
8365, 0.143725, 0.652024, 0.00834482, 0, 1.006e-06, 6.55102e-05, 0, 0, 0.660436, 0.00717859, 0.0131407, 1.93985, 0.97154, 0.0499419, 282.444
8366, 0.136352, 0.660378, 0.00815158, 0, 9.58383e-07, 6.25148e-05, 0, 0, 0.668593, 0.00680609, 0.0125833, 1.99252, 0.971536, 0.0499184, 283.007
8367, 0.163175, 0.630264, 0.00880058, 0, 1.16252e-06, 7.36951e-05, 0, 0, 0.639139, 0.00814086, 0.0144552, 1.81293, 0.971532, 0.049895, 280.923
8368, 0.182062, 0.603466, 0.00948869, 0, 1.32583e-06, 8.2061e-05, 0, 0, 0.613038, 0.00907944, 0.0157359, 1.70341, 0.971528, 0.0498717, 279.02
8369, 0.197524, 0.587221, 0.00977218, 0, 1.45052e-06, 8.78559e-05, 0, 0, 0.597082, 0.00984554, 0.0165773, 1.62189, 0.971524, 0.0498483, 277.827
8370, 0.231811, 0.563949, 0.00984337, 0, 1.68081e-06, 9.9425e-05, 0, 0, 0.573894, 0.0115489, 0.018487, 1.46183, 0.97152, 0.0498248, 276.057
8371, 0.261667, 0.54385, 0.00988402, 0, 1.88147e-06, 0.000109518, 0, 0, 0.553846, 0.0130308, 0.020156, 1.34068, 0.971516, 0.0498014, 274.486
8372, 0.271422, 0.536407, 0.00992795, 0, 1.95385e-06, 0.00011293, 0, 0, 0.54645, 0.0135108, 0.0206765, 1.30408, 0.971512, 0.0497779, 273.892
8373, 0.262677, 0.540572, 0.00997772, 0, 1.90667e-06, 0.000110219, 0, 0, 0.550661, 0.0130699, 0.0201587, 1.33683, 0.971508, 0.0497545, 274.22
8374, 0.237751, 0.555387, 0.0100205, 0, 1.75287e-06, 0.000102125, 0, 0, 0.565511, 0.0118244, 0.0187462, 1.43653, 0.971504, 0.0497311, 275.381
8375, 0.212149, 0.574606, 0.00995334, 0, 1.58102e-06, 9.3518e-05, 0, 0, 0.584654, 0.010546, 0.0173144, 1.55047, 0.9715, 0.0497077, 276.849
8376, 0.190754, 0.599425, 0.00955526, 0, 1.41258e-06, 8.51835e-05, 0, 0, 0.609067, 0.00947829, 0.0159758, 1.65677, 0.971496, 0.0496842, 278.676
8377, 0.14572, 0.649746, 0.00850311, 0, 1.07264e-06, 6.63687e-05, 0, 0, 0.658317, 0.0072382, 0.0127141, 1.92607, 0.971492, 0.0496608, 282.222
8378, 0.089331, 0.709083, 0.00717516, 0, 6.63914e-07, 4.25037e-05, 0, 0, 0.716301, 0.00443526, 0.00840997, 2.41541, 0.971488, 0.0496373, 286.176
8379, 0.0810646, 0.715344, 0.00713875, 0, 6.12694e-07, 3.9383e-05, 0, 0, 0.722523, 0.00402124, 0.00781623, 2.51251, 0.971484, 0.0496138, 286.583
8380, 0.122939, 0.665216, 0.00849033, 0, 9.36749e-07, 5.82802e-05, 0, 0, 0.673765, 0.00609525, 0.0111815, 2.09607, 0.97148, 0.0495904, 283.281
8381, 0.162115, 0.619172, 0.00960666, 0, 1.24413e-06, 7.55728e-05, 0, 0, 0.628856, 0.00803484, 0.0141629, 1.81945, 0.971476, 0.0495671, 280.094
8382, 0.172623, 0.608402, 0.00989515, 0, 1.32714e-06, 8.01937e-05, 0, 0, 0.618379, 0.00855256, 0.0149302, 1.75665, 0.971472, 0.0495439, 279.324
8383, 0.152, 0.62887, 0.00972651, 0, 1.17638e-06, 7.23371e-05, 0, 0, 0.63867, 0.00752787, 0.0136207, 1.88388, 0.971468, 0.0495208, 280.79
8384, 0.137905, 0.643999, 0.00956345, 0, 1.07131e-06, 6.67514e-05, 0, 0, 0.65363, 0.00682576, 0.012695, 1.98119, 0.971464, 0.0494976, 281.849
8385, 0.165213, 0.622508, 0.00971032, 0, 1.26663e-06, 7.68396e-05, 0, 0, 0.632296, 0.00817268, 0.0143568, 1.80052, 0.97146, 0.0494742, 280.319
8386, 0.195548, 0.593072, 0.010031, 0, 1.50072e-06, 8.85353e-05, 0, 0, 0.603193, 0.00966959, 0.0162112, 1.63195, 0.971456, 0.0494508, 278.176
8387, 0.192772, 0.58822, 0.0102348, 0, 1.50602e-06, 8.83256e-05, 0, 0, 0.598544, 0.0095287, 0.016075, 1.64625, 0.971452, 0.0494278, 277.821
8388, 0.175778, 0.601427, 0.0101895, 0, 1.38828e-06, 8.25776e-05, 0, 0, 0.6117, 0.00868473, 0.0151294, 1.73853, 0.971448, 0.0494048, 278.795
8389, 0.161355, 0.619561, 0.00996345, 0, 1.26566e-06, 7.70805e-05, 0, 0, 0.629603, 0.00796827, 0.0143206, 1.82415, 0.971444, 0.0493817, 280.099
8390, 0.156398, 0.630041, 0.00976022, 0, 1.20989e-06, 7.47557e-05, 0, 0, 0.639877, 0.00771958, 0.0140197, 1.85535, 0.97144, 0.0493584, 280.834
8391, 0.150182, 0.63967, 0.00954105, 0, 1.15458e-06, 7.15708e-05, 0, 0, 0.649284, 0.00740974, 0.0134759, 1.8959, 0.971436, 0.0493349, 281.499
8392, 0.112613, 0.675951, 0.00897324, 0, 8.78786e-07, 5.52806e-05, 0, 0, 0.684981, 0.00555453, 0.0105866, 2.1838, 0.971432, 0.0493116, 283.983
8393, 0.0576839, 0.729524, 0.00800271, 0, 4.74921e-07, 3.10316e-05, 0, 0, 0.737559, 0.00284446, 0.00621497, 2.85278, 0.971428, 0.0492887, 287.49
8394, 0.023471, 0.767544, 0.00696598, 0, 2.15574e-07, 1.49058e-05, 0, 0, 0.774525, 0.00115681, 0.00321139, 3.75199, 0.971424, 0.0492658, 289.856
8395, 0.0196539, 0.774684, 0.00657517, 0, 1.84113e-07, 1.28354e-05, 0, 0, 0.781272, 0.000967517, 0.00279178, 3.92948, 0.97142, 0.0492428, 290.275
8396, 0.0455099, 0.744358, 0.00742345, 0, 3.89658e-07, 2.57956e-05, 0, 0, 0.751808, 0.00223891, 0.00520574, 3.08982, 0.971416, 0.0492197, 288.397
8397, 0.0919729, 0.691623, 0.00878017, 0, 7.53901e-07, 4.79234e-05, 0, 0, 0.700451, 0.00452349, 0.00920466, 2.38626, 0.971412, 0.0491966, 285.005
8398, 0.124203, 0.656157, 0.00958015, 0, 1.00545e-06, 6.2558e-05, 0, 0, 0.665801, 0.00610721, 0.0117455, 2.08583, 0.971408, 0.0491735, 282.62
8399, 0.11264, 0.664099, 0.00959198, 0, 9.25313e-07, 5.77966e-05, 0, 0, 0.67375, 0.00553711, 0.0108801, 2.18356, 0.971404, 0.0491504, 283.167
8400, 0.0821755, 0.694265, 0.00916122, 0, 6.94454e-07, 4.45378e-05, 0, 0, 0.703472, 0.00403762, 0.00859158, 2.4989, 0.9714, 0.0491272, 285.192
8401, 0.0848831, 0.6969, 0.00902017, 0, 7.05558e-07, 4.52578e-05, 0, 0, 0.705966, 0.0041674, 0.00874007, 2.46648, 0.971396, 0.0491042, 285.354
8402, 0.126322, 0.661343, 0.00944676, 0, 1.0132e-06, 6.26985e-05, 0, 0, 0.670853, 0.00619878, 0.0117224, 2.06892, 0.971392, 0.0490813, 282.948
8403, 0.163837, 0.627291, 0.00990365, 0, 1.29856e-06, 7.84479e-05, 0, 0, 0.637274, 0.00803697, 0.0143562, 1.80888, 0.971388, 0.0490583, 280.567
8404, 0.169236, 0.619711, 0.010097, 0, 1.35011e-06, 8.10775e-05, 0, 0, 0.62989, 0.00829881, 0.0147475, 1.77646, 0.971384, 0.0490353, 280.028
8405, 0.1518, 0.628962, 0.0101618, 0, 1.23724e-06, 7.46913e-05, 0, 0, 0.6392, 0.00744057, 0.0136146, 1.88519, 0.97138, 0.0490124, 280.694
8406, 0.141375, 0.635063, 0.0101737, 0, 1.16817e-06, 7.0787e-05, 0, 0, 0.645309, 0.00692587, 0.012928, 1.95634, 0.971376, 0.0489894, 281.125
8407, 0.150782, 0.63192, 0.0101008, 0, 1.22715e-06, 7.43002e-05, 0, 0, 0.642096, 0.00738293, 0.0135663, 1.89192, 0.971372, 0.0489663, 280.889
8408, 0.155668, 0.633881, 0.00996129, 0, 1.24915e-06, 7.61319e-05, 0, 0, 0.643919, 0.00761892, 0.0139635, 1.86003, 0.971368, 0.0489425, 281.014
8409, 0.142323, 0.647377, 0.00980299, 0, 1.14646e-06, 7.10494e-05, 0, 0, 0.657252, 0.00696272, 0.0131808, 1.94966, 0.971364, 0.0489182, 281.954
8410, 0.12084, 0.664942, 0.00965471, 0, 9.90982e-07, 6.26532e-05, 0, 0, 0.674661, 0.00590909, 0.0117928, 2.11328, 0.97136, 0.048895, 283.166
8411, 0.0983382, 0.682523, 0.00950142, 0, 8.28562e-07, 5.32949e-05, 0, 0, 0.692079, 0.00480666, 0.0101864, 2.31934, 0.971356, 0.0488733, 284.357
8412, 0.0795538, 0.698758, 0.00928814, 0, 6.88073e-07, 4.50546e-05, 0, 0, 0.708092, 0.00388669, 0.00877758, 2.53132, 0.971352, 0.0488515, 285.434
8413, 0.0698217, 0.711784, 0.00896604, 0, 6.0673e-07, 4.05762e-05, 0, 0, 0.720791, 0.0034095, 0.00809025, 2.66181, 0.971348, 0.048829, 286.275
8414, 0.0612369, 0.725983, 0.00852893, 0, 5.31719e-07, 3.63603e-05, 0, 0, 0.734549, 0.00298905, 0.007446, 2.793, 0.971344, 0.0488061, 287.176
8415, 0.0461027, 0.745115, 0.00797225, 0, 4.10213e-07, 2.87474e-05, 0, 0, 0.753116, 0.00224951, 0.00610578, 3.07688, 0.97134, 0.0487832, 288.377
8416, 0.0290831, 0.765814, 0.00729482, 0, 2.73911e-07, 1.96886e-05, 0, 0, 0.773129, 0.00141853, 0.00439848, 3.5376, 0.971336, 0.04876, 289.649
8417, 0.0156024, 0.784117, 0.00651308, 0, 1.60397e-07, 1.17665e-05, 0, 0, 0.790642, 0.000760714, 0.00279553, 4.16033, 0.971332, 0.0487363, 290.744
8418, 0.00685055, 0.799148, 0.00560493, 0, 7.95217e-08, 5.88394e-06, 0, 0, 0.804759, 0.000333888, 0.0014983, 4.98343, 0.971328, 0.048713, 291.614
8419, 0.00227982, 0.811072, 0.00456285, 0, 3.15863e-08, 2.31823e-06, 0, 0, 0.815637, 0.00011108, 0.000643811, 6.08366, 0.971324, 0.0486909, 292.277
8420, 0.000557894, 0.820237, 0.00344674, 0, 9.96045e-09, 7.08532e-07, 0, 0, 0.823685, 2.71741e-05, 0.000219886, 7.49134, 0.97132, 0.0486689, 292.762
8421, 0.000100776, 0.827362, 0.0023543, 0, 2.42217e-09, 1.62764e-07, 0, 0, 0.829717, 4.90731e-06, 5.67107e-05, 9.20261, 0.971316, 0.0486464, 293.122
8422, 1.24767e-05, 0.832849, 0.00140249, 0, 4.05447e-10, 2.5141e-08, 0, 0, 0.834252, 6.07427e-07, 9.72191e-06, 11.2916, 0.971312, 0.0486236, 293.391
8423, 9.32167e-07, 0.836683, 0.000701221, 0, 4.19376e-11, 2.33216e-09, 0, 0, 0.837384, 4.53753e-08, 9.9373e-07, 13.8858, 0.971308, 0.0486008, 293.574
8424, 3.96686e-08, 0.838675, 0.000335809, 0, 2.6404e-12, 1.26043e-10, 0, 0, 0.839011, 1.93047e-09, 5.91887e-08, 17.0427, 0.971304, 0.0485781, 293.667
8425, 5.19293e-08, 0.838684, 0.000351626, 0, 3.18685e-12, 1.57554e-10, 0, 0, 0.839035, 2.51649e-09, 7.15788e-08, 16.7734, 0.9713, 0.0485555, 293.663
8426, 1.21414e-06, 0.836814, 0.000729662, 0, 5.15657e-11, 2.9308e-09, 0, 0, 0.837543, 5.88257e-08, 1.20842e-06, 13.6215, 0.971296, 0.0485327, 293.569
8427, 1.56402e-05, 0.833148, 0.00143716, 0, 4.94688e-10, 3.09829e-08, 0, 0, 0.834585, 7.57688e-07, 1.16359e-05, 11.0657, 0.971292, 0.0485094, 293.386
8428, 0.000116554, 0.827657, 0.00242939, 0, 2.85805e-09, 1.91796e-07, 0, 0, 0.830086, 5.64556e-06, 6.54665e-05, 9.05715, 0.971288, 0.0484849, 293.109
8429, 0.000573578, 0.820453, 0.0035804, 0, 1.09364e-08, 7.69977e-07, 0, 0, 0.824034, 2.77756e-05, 0.000236359, 7.46362, 0.971284, 0.0484607, 292.738
8430, 0.00211265, 0.81154, 0.00473065, 0, 3.17679e-08, 2.29747e-06, 0, 0, 0.816273, 0.000102275, 0.000632163, 6.15981, 0.97128, 0.048439, 292.26
8431, 0.00563016, 0.801193, 0.00573746, 0, 7.20681e-08, 5.25944e-06, 0, 0, 0.806936, 0.000272491, 0.00133583, 5.17962, 0.971276, 0.0484182, 291.682
8432, 0.00998137, 0.792276, 0.00641981, 0, 1.17945e-07, 8.61648e-06, 0, 0, 0.798705, 0.000482965, 0.00209705, 4.60704, 0.971272, 0.0483964, 291.168
8433, 0.012772, 0.787567, 0.0067311, 0, 1.45847e-07, 1.05974e-05, 0, 0, 0.794309, 0.000617772, 0.00251223, 4.3605, 0.971268, 0.0483739, 290.889
8434, 0.0160517, 0.782114, 0.00704607, 0, 1.7779e-07, 1.26788e-05, 0, 0, 0.789173, 0.000775986, 0.0028911, 4.13194, 0.971264, 0.0483513, 290.564
8435, 0.0236293, 0.769557, 0.00765926, 0, 2.50224e-07, 1.72793e-05, 0, 0, 0.777234, 0.00114171, 0.00371241, 3.74527, 0.97126, 0.0483288, 289.808
8436, 0.0370325, 0.748664, 0.00848198, 0, 3.73914e-07, 2.48755e-05, 0, 0, 0.757171, 0.00178846, 0.00500561, 3.29596, 0.971256, 0.0483063, 288.524
8437, 0.0584541, 0.72198, 0.00926486, 0, 5.59504e-07, 3.59035e-05, 0, 0, 0.731281, 0.00282168, 0.00683782, 2.83951, 0.971252, 0.0482837, 286.835
8438, 0.0885599, 0.693974, 0.00978309, 0, 8.05962e-07, 5.01376e-05, 0, 0, 0.703808, 0.00427315, 0.00920257, 2.42408, 0.971248, 0.0482611, 284.998
8439, 0.119805, 0.667798, 0.0101233, 0, 1.05863e-06, 6.41724e-05, 0, 0, 0.677986, 0.00577851, 0.0114783, 2.12189, 0.971244, 0.0482386, 283.227
8440, 0.142238, 0.64795, 0.0103926, 0, 1.24478e-06, 7.3968e-05, 0, 0, 0.658418, 0.00685775, 0.0129852, 1.95026, 0.97124, 0.0482162, 281.854
8441, 0.148132, 0.641134, 0.0105459, 0, 1.30246e-06, 7.65744e-05, 0, 0, 0.651758, 0.00713916, 0.0133218, 1.90965, 0.971236, 0.0481937, 281.376
8442, 0.129922, 0.653617, 0.0104944, 0, 1.16744e-06, 6.87722e-05, 0, 0, 0.664182, 0.00625934, 0.0120048, 2.04082, 0.971232, 0.0481713, 282.248
8443, 0.091654, 0.686737, 0.0099541, 0, 8.57568e-07, 5.15718e-05, 0, 0, 0.696743, 0.00441411, 0.00919867, 2.38974, 0.971228, 0.0481488, 284.492
8444, 0.0572155, 0.727263, 0.0087805, 0, 5.54373e-07, 3.46367e-05, 0, 0, 0.736079, 0.00275417, 0.00644139, 2.86093, 0.971224, 0.0481262, 287.112
8445, 0.0536904, 0.741224, 0.00804831, 0, 5.04652e-07, 3.1687e-05, 0, 0, 0.749305, 0.00258222, 0.00595932, 2.92452, 0.97122, 0.0481038, 287.968
8446, 0.093058, 0.703787, 0.0088509, 0, 8.38144e-07, 5.00618e-05, 0, 0, 0.712689, 0.00447294, 0.00893651, 2.37453, 0.971216, 0.0480814, 285.551
8447, 0.144434, 0.647363, 0.0102473, 0, 1.2966e-06, 7.43064e-05, 0, 0, 0.657686, 0.00694031, 0.0127084, 1.93493, 0.971212, 0.0480589, 281.761
8448, 0.164936, 0.61685, 0.0111356, 0, 1.51049e-06, 8.42898e-05, 0, 0, 0.628072, 0.00792288, 0.0140718, 1.8022, 0.971208, 0.0480365, 279.629
8449, 0.163673, 0.609167, 0.0115242, 0, 1.53695e-06, 8.42061e-05, 0, 0, 0.620777, 0.00785852, 0.0138685, 1.80989, 0.971204, 0.0480142, 279.089
8450, 0.181235, 0.597194, 0.0116108, 0, 1.69131e-06, 9.11413e-05, 0, 0, 0.608898, 0.008697, 0.0148465, 1.70796, 0.9712, 0.0479918, 278.203
8451, 0.212532, 0.578972, 0.0115805, 0, 1.94272e-06, 0.000103586, 0, 0, 0.590657, 0.0101943, 0.0167281, 1.54866, 0.971196, 0.0479694, 276.824
8452, 0.231943, 0.565393, 0.0116125, 0, 2.10758e-06, 0.000111477, 0, 0, 0.577119, 0.0111206, 0.017872, 1.46127, 0.971192, 0.047947, 275.781
8453, 0.236022, 0.559929, 0.011718, 0, 2.1595e-06, 0.000113343, 0, 0, 0.571762, 0.0113113, 0.0180608, 1.44383, 0.971188, 0.0479246, 275.359
8454, 0.221847, 0.566456, 0.0118585, 0, 2.06454e-06, 0.000107922, 0, 0, 0.578425, 0.0106276, 0.017152, 1.50577, 0.971184, 0.0479023, 275.869
8455, 0.196063, 0.579881, 0.0120102, 0, 1.87213e-06, 9.781e-05, 0, 0, 0.591991, 0.009388, 0.0155433, 1.62932, 0.97118, 0.0478799, 276.901
8456, 0.195082, 0.579499, 0.0120583, 0, 1.87314e-06, 9.74289e-05, 0, 0, 0.591656, 0.00933563, 0.0154298, 1.63434, 0.971176, 0.0478576, 276.87
8457, 0.22374, 0.563803, 0.0119785, 0, 2.10506e-06, 0.000108816, 0, 0, 0.575892, 0.0107019, 0.0171382, 1.49727, 0.971172, 0.0478353, 275.655
8458, 0.242866, 0.554243, 0.0119087, 0, 2.25735e-06, 0.000116632, 0, 0, 0.566271, 0.011612, 0.0183315, 1.41524, 0.971168, 0.047813, 274.899
8459, 0.241953, 0.554948, 0.0119297, 0, 2.25604e-06, 0.000116641, 0, 0, 0.566997, 0.0115633, 0.0183154, 1.41901, 0.971164, 0.0477907, 274.95
8460, 0.228116, 0.561978, 0.0120273, 0, 2.15748e-06, 0.000111394, 0, 0, 0.574118, 0.0108973, 0.0174661, 1.4779, 0.97116, 0.0477684, 275.498
8461, 0.19904, 0.577634, 0.0121608, 0, 1.93192e-06, 0.000100144, 0, 0, 0.589896, 0.00950419, 0.0157233, 1.61425, 0.971156, 0.0477462, 276.705
8462, 0.181457, 0.588122, 0.0122184, 0, 1.79078e-06, 9.35896e-05, 0, 0, 0.600436, 0.00865983, 0.0147277, 1.70674, 0.971152, 0.0477239, 277.497
8463, 0.197442, 0.581847, 0.0121198, 0, 1.91413e-06, 0.000100123, 0, 0, 0.594069, 0.00941773, 0.0157367, 1.62231, 0.971148, 0.0477017, 277.01
8464, 0.212792, 0.577061, 0.0119481, 0, 2.02413e-06, 0.000106123, 0, 0, 0.589117, 0.0101457, 0.0166957, 1.54744, 0.971144, 0.0476794, 276.627
8465, 0.199748, 0.592327, 0.0116643, 0, 1.88845e-06, 0.000100346, 0, 0, 0.604094, 0.00952018, 0.0159263, 1.6107, 0.97114, 0.0476572, 277.753
8466, 0.155953, 0.635833, 0.0109453, 0, 1.47989e-06, 8.06413e-05, 0, 0, 0.64686, 0.0074303, 0.0130472, 1.8582, 0.971136, 0.0476349, 280.88
8467, 0.0913092, 0.703197, 0.00941969, 0, 8.82062e-07, 4.96944e-05, 0, 0, 0.712667, 0.00434918, 0.00828649, 2.3935, 0.971132, 0.0476127, 285.434
8468, 0.0397832, 0.761376, 0.00765297, 0, 4.00725e-07, 2.35391e-05, 0, 0, 0.769053, 0.00189412, 0.00411244, 3.22431, 0.971128, 0.0475903, 289.117
8469, 0.0345869, 0.768455, 0.00738744, 0, 3.51608e-07, 2.10064e-05, 0, 0, 0.775864, 0.00164469, 0.00373328, 3.36428, 0.971124, 0.047568, 289.545
8470, 0.0748202, 0.722216, 0.00893253, 0, 7.30744e-07, 4.22379e-05, 0, 0, 0.731191, 0.00355601, 0.00717921, 2.59267, 0.97112, 0.0475458, 286.65
8471, 0.126076, 0.665489, 0.010585, 0, 1.21388e-06, 6.81586e-05, 0, 0, 0.676143, 0.00599047, 0.0112133, 2.07087, 0.971116, 0.0475236, 282.917
8472, 0.153484, 0.633326, 0.0114582, 0, 1.48932e-06, 8.17428e-05, 0, 0, 0.644867, 0.00729036, 0.0131816, 1.87416, 0.971112, 0.0475013, 280.702
8473, 0.156235, 0.620906, 0.0119297, 0, 1.55607e-06, 8.35767e-05, 0, 0, 0.63292, 0.0074179, 0.013277, 1.8564, 0.971108, 0.0474789, 279.833
8474, 0.160134, 0.60915, 0.0122674, 0, 1.6286e-06, 8.53727e-05, 0, 0, 0.621505, 0.00759901, 0.0133445, 1.83174, 0.971104, 0.0474564, 278.993
8475, 0.18864, 0.587454, 0.0123915, 0, 1.89476e-06, 9.71817e-05, 0, 0, 0.599944, 0.0089469, 0.0149569, 1.66792, 0.9711, 0.0474338, 277.381
8476, 0.225931, 0.564011, 0.0123713, 0, 2.22138e-06, 0.000112498, 0, 0, 0.576497, 0.0107108, 0.0171441, 1.48752, 0.971096, 0.0474111, 275.583
8477, 0.247686, 0.550495, 0.0123552, 0, 2.41115e-06, 0.000121272, 0, 0, 0.562973, 0.0117371, 0.0183815, 1.39559, 0.971092, 0.0473881, 274.521
8478, 0.246595, 0.551017, 0.0123848, 0, 2.40819e-06, 0.000120858, 0, 0, 0.563525, 0.0116803, 0.0182866, 1.40001, 0.971088, 0.0473646, 274.559
8479, 0.218799, 0.567866, 0.012457, 0, 2.17794e-06, 0.000109878, 0, 0, 0.580435, 0.0103591, 0.0166795, 1.5196, 0.971084, 0.04734, 275.869
8480, 0.178388, 0.594205, 0.012473, 0, 1.82701e-06, 9.37814e-05, 0, 0, 0.606774, 0.00844122, 0.0143859, 1.72379, 0.97108, 0.047313, 277.864
8481, 0.154496, 0.617085, 0.0121961, 0, 1.58889e-06, 8.39524e-05, 0, 0, 0.629366, 0.00730528, 0.0131047, 1.86759, 0.971076, 0.0472776, 279.527
8482, 0.138919, 0.643944, 0.0114357, 0, 1.3978e-06, 7.59754e-05, 0, 0, 0.655457, 0.00656267, 0.0120966, 1.97386, 0.971072, 0.0471948, 281.401
8483, 0.103182, 0.689231, 0.0101841, 0, 1.02782e-06, 5.7402e-05, 0, 0, 0.699474, 0.00485994, 0.00936197, 2.27126, 0.971068, 0.0469322, 284.455
8484, 0.0705649, 0.725499, 0.00925232, 0, 7.06374e-07, 4.05737e-05, 0, 0, 0.734792, 0.00328473, 0.00679885, 2.65122, 0.971064, 0.0464374, 286.813
8485, 0.073756, 0.717324, 0.00971877, 0, 7.4679e-07, 4.29765e-05, 0, 0, 0.727086, 0.00340665, 0.00718692, 2.60699, 0.97106, 0.0461912, 286.298
8486, 0.0968714, 0.68471, 0.0108623, 0, 9.99971e-07, 5.58906e-05, 0, 0, 0.695629, 0.0045159, 0.0091017, 2.33437, 0.971056, 0.0465386, 284.176
8487, 0.132377, 0.646717, 0.0116884, 0, 1.3652e-06, 7.31226e-05, 0, 0, 0.65848, 0.00622226, 0.0115044, 2.0221, 0.971052, 0.0469488, 281.587
8488, 0.173415, 0.610613, 0.0121406, 0, 1.76134e-06, 9.18371e-05, 0, 0, 0.622847, 0.00816879, 0.014108, 1.75207, 0.971048, 0.047094, 279.009
8489, 0.193907, 0.593624, 0.0123169, 0, 1.95731e-06, 0.000101298, 0, 0, 0.606045, 0.00913487, 0.0154271, 1.64038, 0.971044, 0.0471085, 277.755
8490, 0.19279, 0.594859, 0.0123446, 0, 1.95226e-06, 0.00010119, 0, 0, 0.607307, 0.00907975, 0.0154055, 1.64615, 0.97104, 0.0470956, 277.844
8491, 0.178454, 0.606041, 0.0123237, 0, 1.82527e-06, 9.51043e-05, 0, 0, 0.618462, 0.0084017, 0.0145326, 1.72343, 0.971036, 0.0470777, 278.668
8492, 0.150355, 0.625416, 0.0122869, 0, 1.57393e-06, 8.30026e-05, 0, 0, 0.637788, 0.00707613, 0.0127914, 1.89476, 0.971032, 0.047058, 280.076
8493, 0.127064, 0.643562, 0.0121576, 0, 1.35616e-06, 7.30172e-05, 0, 0, 0.655794, 0.00597707, 0.0114005, 2.06306, 0.971028, 0.0470375, 281.362
8494, 0.123579, 0.65327, 0.0118784, 0, 1.30179e-06, 7.13873e-05, 0, 0, 0.665221, 0.00581024, 0.0112804, 2.09087, 0.971024, 0.0470165, 282.023
8495, 0.120649, 0.664454, 0.0115226, 0, 1.24982e-06, 6.97436e-05, 0, 0, 0.676048, 0.00567014, 0.0111715, 2.11487, 0.97102, 0.0469952, 282.776
8496, 0.106756, 0.682043, 0.0111402, 0, 1.10504e-06, 6.29808e-05, 0, 0, 0.693247, 0.00501521, 0.0102676, 2.23721, 0.971016, 0.0469738, 283.958
8497, 0.084675, 0.705566, 0.0106291, 0, 8.87952e-07, 5.16042e-05, 0, 0, 0.716248, 0.00397635, 0.00858038, 2.46894, 0.971012, 0.0469524, 285.512
8498, 0.0563391, 0.734853, 0.00995969, 0, 6.12264e-07, 3.63456e-05, 0, 0, 0.74485, 0.00264474, 0.00622027, 2.87637, 0.971008, 0.046931, 287.399
8499, 0.0356868, 0.755865, 0.00946868, 0, 4.13996e-07, 2.52598e-05, 0, 0, 0.76536, 0.00167436, 0.00450345, 3.33297, 0.971004, 0.0469095, 288.721
8500, 0.0303747, 0.76246, 0.00925693, 0, 3.64214e-07, 2.26503e-05, 0, 0, 0.771739, 0.00142419, 0.00414923, 3.49415, 0.970999, 0.0468879, 289.124
8501, 0.0352417, 0.759269, 0.0092763, 0, 4.10646e-07, 2.5702e-05, 0, 0, 0.768571, 0.00165144, 0.00470729, 3.34553, 0.970994, 0.0468663, 288.917
8502, 0.0438306, 0.750942, 0.0094954, 0, 4.94097e-07, 3.09314e-05, 0, 0, 0.760469, 0.00205307, 0.0056058, 3.12742, 0.970988, 0.0468448, 288.392
8503, 0.0442863, 0.750577, 0.0095078, 0, 4.99053e-07, 3.13386e-05, 0, 0, 0.760116, 0.00207378, 0.00569405, 3.11708, 0.970982, 0.0468231, 288.364
8504, 0.0332987, 0.762679, 0.00911677, 0, 3.89916e-07, 2.47558e-05, 0, 0, 0.771821, 0.00155879, 0.00459977, 3.40224, 0.970976, 0.0468015, 289.109
8505, 0.0193743, 0.779514, 0.00844825, 0, 2.47071e-07, 1.60041e-05, 0, 0, 0.787978, 0.000906636, 0.00311344, 3.94381, 0.97097, 0.0467799, 290.129
8506, 0.0100952, 0.794374, 0.00760055, 0, 1.45721e-07, 9.61301e-06, 0, 0, 0.801984, 0.000472202, 0.00200554, 4.59569, 0.970964, 0.0467583, 291.001
8507, 0.0051612, 0.806613, 0.00659437, 0, 8.42195e-08, 5.55798e-06, 0, 0, 0.813213, 0.000241312, 0.00125222, 5.26659, 0.970958, 0.0467368, 291.691
8508, 0.00219862, 0.817167, 0.00544928, 0, 4.10057e-08, 2.66543e-06, 0, 0, 0.822619, 0.000102765, 0.000649565, 6.11992, 0.970952, 0.0467152, 292.265
8509, 0.000661082, 0.825916, 0.0042306, 0, 1.47984e-08, 9.31404e-07, 0, 0, 0.830148, 3.08918e-05, 0.000247581, 7.32163, 0.970946, 0.0466935, 292.719
8510, 0.000130298, 0.832867, 0.00303543, 0, 3.74839e-09, 2.22154e-07, 0, 0, 0.835903, 6.08737e-06, 6.50977e-05, 8.94569, 0.97094, 0.0466719, 293.064
8511, 1.61172e-05, 0.838353, 0.00195759, 0, 6.46199e-10, 3.46655e-08, 0, 0, 0.840311, 7.52822e-07, 1.13046e-05, 11.0356, 0.970934, 0.0466504, 293.326
8512, 1.21215e-06, 0.84251, 0.00108806, 0, 7.35132e-11, 3.41422e-09, 0, 0, 0.843598, 5.66079e-08, 1.24449e-06, 13.6231, 0.970928, 0.0466289, 293.52
8513, 5.39079e-08, 0.845225, 0.000509255, 0, 5.26145e-12, 2.03471e-10, 0, 0, 0.845735, 2.5171e-09, 8.25884e-08, 16.736, 0.970922, 0.0466073, 293.643
8514, 1.37027e-09, 0.846298, 0.000288856, 0, 2.34288e-13, 6.99591e-12, 0, 0, 0.846587, 6.39717e-11, 3.14267e-09, 20.4083, 0.970916, 0.0465857, 293.69
8515, 2.66472e-11, 0.845676, 0.000446446, 0, 1.48408e-13, 7.71073e-13, 0, 0, 0.846123, 1.24253e-12, 5.55535e-10, 24.3483, 0.97091, 0.0465642, 293.658
8516, 7.5268e-11, 0.84377, 0.000890539, 0, 9.14051e-13, 4.85397e-12, 0, 0, 0.844661, 3.49888e-12, 3.6628e-09, 23.31, 0.970904, 0.0465426, 293.565
8517, 1.4339e-09, 0.841645, 0.00138225, 0, 3.03786e-12, 2.13183e-11, 0, 0, 0.843027, 6.65752e-11, 1.45071e-08, 20.3629, 0.970898, 0.0465211, 293.462
8518, 5.75514e-08, 0.840875, 0.00157102, 0, 8.13953e-12, 2.02738e-10, 0, 0, 0.842446, 2.6711e-09, 8.57167e-08, 16.6706, 0.970892, 0.0464995, 293.422
8519, 1.37774e-06, 0.841742, 0.00139326, 0, 6.91695e-11, 3.56361e-09, 0, 0, 0.843135, 6.39354e-08, 1.22963e-06, 13.4951, 0.970886, 0.046478, 293.459
8520, 1.87601e-05, 0.841194, 0.00151096, 0, 6.81133e-10, 3.91875e-08, 0, 0, 0.842705, 8.70421e-07, 1.21901e-05, 10.8838, 0.97088, 0.0464566, 293.429
8521, 0.000159886, 0.836138, 0.00253665, 0, 4.31393e-09, 2.64679e-07, 0, 0, 0.838675, 7.41656e-06, 7.28991e-05, 8.74105, 0.970874, 0.0464352, 293.181
8522, 0.000917944, 0.826964, 0.00417122, 0, 1.88635e-08, 1.21509e-06, 0, 0, 0.831136, 4.25691e-05, 0.000294145, 6.99337, 0.970868, 0.0464138, 292.718
8523, 0.00376345, 0.814206, 0.00589253, 0, 6.19174e-08, 4.06038e-06, 0, 0, 0.820102, 0.000174477, 0.000876584, 5.58242, 0.970862, 0.0463923, 292.039
8524, 0.0113562, 0.79704, 0.0074638, 0, 1.58846e-07, 1.02841e-05, 0, 0, 0.804515, 0.000526323, 0.00202837, 4.478, 0.970856, 0.0463709, 291.071
8525, 0.0254099, 0.776121, 0.00874008, 0, 3.19987e-07, 2.01969e-05, 0, 0, 0.784881, 0.00117731, 0.00372651, 3.67262, 0.97085, 0.0463494, 289.835
8526, 0.0437621, 0.754063, 0.00969042, 0, 5.17579e-07, 3.18083e-05, 0, 0, 0.763785, 0.00202693, 0.00558131, 3.12899, 0.970844, 0.0463279, 288.484
8527, 0.0619, 0.733208, 0.010411, 0, 7.09275e-07, 4.24261e-05, 0, 0, 0.743662, 0.00286596, 0.00714878, 2.78224, 0.970838, 0.0463065, 287.172
8528, 0.0748872, 0.715623, 0.0110026, 0, 8.54061e-07, 4.98433e-05, 0, 0, 0.726676, 0.00346595, 0.00813255, 2.59177, 0.970832, 0.0462852, 286.045
8529, 0.0795396, 0.704054, 0.0114745, 0, 9.22178e-07, 5.28882e-05, 0, 0, 0.715582, 0.00367975, 0.00843293, 2.5315, 0.970826, 0.0462637, 285.298
8530, 0.0829371, 0.696887, 0.0117702, 0, 9.72342e-07, 5.49624e-05, 0, 0, 0.708713, 0.00383501, 0.00861765, 2.48967, 0.97082, 0.0462422, 284.829
8531, 0.09799, 0.685886, 0.0119425, 0, 1.1237e-06, 6.21524e-05, 0, 0, 0.697892, 0.00452861, 0.00957009, 2.32289, 0.970814, 0.0462207, 284.087
8532, 0.125145, 0.666195, 0.0121625, 0, 1.39115e-06, 7.49897e-05, 0, 0, 0.678434, 0.00578092, 0.0113034, 2.07828, 0.970808, 0.0461994, 282.739
8533, 0.146859, 0.648634, 0.012395, 0, 1.6108e-06, 8.52932e-05, 0, 0, 0.661116, 0.00678141, 0.0126566, 1.91828, 0.970802, 0.0461781, 281.516
8534, 0.142709, 0.650491, 0.0124264, 0, 1.57649e-06, 8.32869e-05, 0, 0, 0.663002, 0.00658748, 0.0123239, 1.94695, 0.970796, 0.0461569, 281.644
8535, 0.113357, 0.673729, 0.0121518, 0, 1.28695e-06, 6.89774e-05, 0, 0, 0.685951, 0.00523063, 0.0103278, 2.17721, 0.97079, 0.0461357, 283.244
8536, 0.0930689, 0.691515, 0.0118814, 0, 1.08539e-06, 5.88337e-05, 0, 0, 0.703456, 0.00429185, 0.00890631, 2.37442, 0.970784, 0.0461143, 284.44
8537, 0.111262, 0.676722, 0.0120913, 0, 1.27637e-06, 6.78313e-05, 0, 0, 0.688883, 0.00512759, 0.0100995, 2.19587, 0.970778, 0.046093, 283.436
8538, 0.140775, 0.652079, 0.0124819, 0, 1.58103e-06, 8.27503e-05, 0, 0, 0.664645, 0.00648523, 0.0121296, 1.96059, 0.970772, 0.0460717, 281.738
8539, 0.150347, 0.644364, 0.0126308, 0, 1.68001e-06, 8.7887e-05, 0, 0, 0.657085, 0.0069235, 0.0128473, 1.89481, 0.970766, 0.0460506, 281.196
8540, 0.153256, 0.638341, 0.0128036, 0, 1.72751e-06, 8.96958e-05, 0, 0, 0.651236, 0.00705414, 0.0130205, 1.87564, 0.97076, 0.0460294, 280.773
8541, 0.163466, 0.620876, 0.0132032, 0, 1.87751e-06, 9.5138e-05, 0, 0, 0.634176, 0.00752044, 0.0135481, 1.81115, 0.970754, 0.0460082, 279.533
8542, 0.177356, 0.601158, 0.0136153, 0, 2.07081e-06, 0.000102317, 0, 0, 0.614877, 0.00815567, 0.0142877, 1.7296, 0.970748, 0.0459869, 278.105
8543, 0.192758, 0.589181, 0.0137713, 0, 2.24563e-06, 0.000109307, 0, 0, 0.603064, 0.00885987, 0.0151034, 1.64632, 0.970742, 0.0459656, 277.213
8544, 0.200166, 0.590947, 0.0136272, 0, 2.29907e-06, 0.000111905, 0, 0, 0.604688, 0.00919656, 0.0154738, 1.60861, 0.970736, 0.0459444, 277.33
8545, 0.1812, 0.614672, 0.0132125, 0, 2.06309e-06, 0.000102139, 0, 0, 0.627989, 0.0083221, 0.0143073, 1.70816, 0.97073, 0.0459231, 279.058
8546, 0.143413, 0.650861, 0.0127006, 0, 1.64182e-06, 8.35184e-05, 0, 0, 0.663647, 0.00658374, 0.011949, 1.94203, 0.970724, 0.045902, 281.624
8547, 0.131832, 0.658671, 0.0126577, 0, 1.53536e-06, 7.83303e-05, 0, 0, 0.671408, 0.00604825, 0.0112257, 2.02623, 0.970718, 0.045881, 282.166
8548, 0.164495, 0.623685, 0.0132431, 0, 1.93087e-06, 9.50744e-05, 0, 0, 0.637025, 0.00754265, 0.0132417, 1.80487, 0.970712, 0.0458599, 279.702
8549, 0.204496, 0.585067, 0.0138005, 0, 2.39451e-06, 0.000114318, 0, 0, 0.598985, 0.00937305, 0.0155522, 1.58721, 0.970706, 0.0458388, 276.87
8550, 0.221899, 0.572696, 0.0138704, 0, 2.58051e-06, 0.000121886, 0, 0, 0.586691, 0.0101668, 0.0164508, 1.50553, 0.9707, 0.0458176, 275.924
8551, 0.204337, 0.595252, 0.0133164, 0, 2.36077e-06, 0.000112405, 0, 0, 0.608683, 0.00935881, 0.0152631, 1.58798, 0.970694, 0.0457965, 277.59
8552, 0.165498, 0.635905, 0.0124532, 0, 1.9113e-06, 9.26657e-05, 0, 0, 0.648453, 0.00757645, 0.0127632, 1.7988, 0.970688, 0.0457753, 280.506
8553, 0.164695, 0.636439, 0.0124668, 0, 1.91389e-06, 9.24759e-05, 0, 0, 0.649, 0.00753477, 0.0127048, 1.80366, 0.970682, 0.0457542, 280.54
8554, 0.208635, 0.590441, 0.0134357, 0, 2.44623e-06, 0.000115017, 0, 0, 0.603994, 0.00954037, 0.0154562, 1.56717, 0.970676, 0.0457332, 277.22
8555, 0.246084, 0.551519, 0.0141808, 0, 2.90547e-06, 0.00013362, 0, 0, 0.565837, 0.0112483, 0.0176507, 1.40208, 0.97067, 0.0457121, 274.27
8556, 0.267166, 0.533859, 0.0144179, 0, 3.15295e-06, 0.000142925, 0, 0, 0.548423, 0.0122067, 0.0187028, 1.31989, 0.970664, 0.0456911, 272.876
8557, 0.280303, 0.525054, 0.0144643, 0, 3.29777e-06, 0.000148149, 0, 0, 0.539669, 0.0128012, 0.0192847, 1.27189, 0.970658, 0.04567, 272.161
8558, 0.283501, 0.521249, 0.0145008, 0, 3.34057e-06, 0.000149429, 0, 0, 0.535903, 0.0129415, 0.0193895, 1.26054, 0.970652, 0.045649, 271.847
8559, 0.283553, 0.521163, 0.0145292, 0, 3.34873e-06, 0.000149761, 0, 0, 0.535846, 0.0129379, 0.0193983, 1.26036, 0.970646, 0.045628, 271.836
8560, 0.285346, 0.522298, 0.0145339, 0, 3.36982e-06, 0.000150891, 0, 0, 0.536986, 0.0130138, 0.019525, 1.25405, 0.97064, 0.0456069, 271.923
8561, 0.282305, 0.524748, 0.0145525, 0, 3.3438e-06, 0.000149872, 0, 0, 0.539454, 0.0128693, 0.0193798, 1.26477, 0.970634, 0.0455859, 272.119
8562, 0.275526, 0.528236, 0.0145797, 0, 3.28019e-06, 0.000147248, 0, 0, 0.542966, 0.0125544, 0.0190344, 1.28907, 0.970628, 0.0455649, 272.398
8563, 0.273239, 0.530321, 0.0145725, 0, 3.25336e-06, 0.000146323, 0, 0, 0.545043, 0.0124444, 0.0189115, 1.29741, 0.970622, 0.0455438, 272.561
8564, 0.270599, 0.533257, 0.0145373, 0, 3.21499e-06, 0.000145092, 0, 0, 0.547943, 0.0123186, 0.0187678, 1.30712, 0.970616, 0.0455228, 272.789
8565, 0.261768, 0.541774, 0.0144605, 0, 3.1073e-06, 0.000141355, 0, 0, 0.556378, 0.0119113, 0.018354, 1.3403, 0.97061, 0.0455019, 273.46
8566, 0.239969, 0.562159, 0.0142548, 0, 2.85191e-06, 0.000131963, 0, 0, 0.576549, 0.0109148, 0.0173039, 1.42725, 0.970604, 0.045481, 275.045
8567, 0.194566, 0.602577, 0.0137605, 0, 2.32728e-06, 0.000111255, 0, 0, 0.616451, 0.00884635, 0.0149065, 1.63699, 0.970598, 0.0454601, 278.08
8568, 0.138918, 0.653802, 0.0130336, 0, 1.68264e-06, 8.4535e-05, 0, 0, 0.666922, 0.00631349, 0.0117478, 1.97387, 0.970592, 0.0454392, 281.736
8569, 0.111819, 0.680094, 0.0126644, 0, 1.365e-06, 7.11612e-05, 0, 0, 0.692831, 0.00507873, 0.0101541, 2.19087, 0.970586, 0.0454182, 283.539
8570, 0.126509, 0.666456, 0.0129491, 0, 1.52967e-06, 7.87187e-05, 0, 0, 0.679485, 0.00574252, 0.0110754, 2.06745, 0.97058, 0.0453973, 282.608
8571, 0.14722, 0.646417, 0.0133326, 0, 1.7696e-06, 8.94093e-05, 0, 0, 0.659841, 0.00668009, 0.0123605, 1.91582, 0.970574, 0.0453764, 281.218
8572, 0.140726, 0.651569, 0.013289, 0, 1.70488e-06, 8.64664e-05, 0, 0, 0.664946, 0.00638322, 0.0119787, 1.96094, 0.970568, 0.0453555, 281.575
8573, 0.108265, 0.682644, 0.0126448, 0, 1.34028e-06, 6.97134e-05, 0, 0, 0.69536, 0.00490912, 0.00987923, 2.22317, 0.970562, 0.0453345, 283.693
8574, 0.0674232, 0.728522, 0.0111547, 0, 8.60997e-07, 4.63974e-05, 0, 0, 0.739724, 0.00305618, 0.00684052, 2.69677, 0.970556, 0.0453136, 286.676
8575, 0.031529, 0.777572, 0.00863045, 0, 4.20201e-07, 2.34076e-05, 0, 0, 0.786227, 0.00142877, 0.00363211, 3.45685, 0.97055, 0.0452927, 289.68
8576, 0.00973387, 0.814733, 0.00583347, 0, 1.38608e-07, 7.92128e-06, 0, 0, 0.820574, 0.000441008, 0.00130786, 4.63214, 0.970544, 0.0452717, 291.823
8577, 0.00187409, 0.8306, 0.00442722, 0, 3.13973e-08, 1.80581e-06, 0, 0, 0.835029, 8.48879e-05, 0.000334884, 6.27963, 0.970538, 0.0452508, 292.705
8578, 0.000387665, 0.832036, 0.00453109, 0, 1.14167e-08, 6.28437e-07, 0, 0, 0.836567, 1.75438e-05, 0.000149951, 7.85537, 0.970532, 0.0452299, 292.794
8579, 0.000210027, 0.833458, 0.00428135, 0, 8.36408e-09, 4.51514e-07, 0, 0, 0.83774, 9.49792e-06, 0.000116877, 8.46828, 0.970526, 0.045209, 292.861
8580, 9.15807e-05, 0.839552, 0.00298662, 0, 3.90418e-09, 2.08681e-07, 0, 0, 0.842539, 4.14097e-06, 5.50399e-05, 9.29829, 0.97052, 0.045188, 293.148
8581, 2.05576e-05, 0.844799, 0.00185387, 0, 9.33073e-10, 4.88188e-08, 0, 0, 0.846653, 9.29389e-07, 1.3131e-05, 10.7923, 0.970514, 0.0451669, 293.393
8582, 2.12405e-05, 0.845927, 0.00162377, 0, 5.48378e-10, 3.0871e-08, 0, 0, 0.847551, 9.57614e-07, 6.78861e-06, 10.7596, 0.970508, 0.0451457, 293.443
8583, 0.000279282, 0.843545, 0.00209067, 0, 5.44872e-09, 3.21191e-07, 0, 0, 0.845636, 1.25857e-05, 6.17482e-05, 8.18329, 0.970502, 0.0451243, 293.323
8584, 0.00225074, 0.833734, 0.00369035, 0, 3.79778e-08, 2.23475e-06, 0, 0, 0.837427, 0.000101412, 0.000397046, 6.09649, 0.970496, 0.0451029, 292.82
8585, 0.0105152, 0.810877, 0.00649769, 0, 1.58791e-07, 9.15441e-06, 0, 0, 0.817384, 0.000473692, 0.00151061, 4.55493, 0.97049, 0.0450814, 291.585
8586, 0.0308893, 0.774934, 0.0093949, 0, 4.30441e-07, 2.39984e-05, 0, 0, 0.784354, 0.00139115, 0.00370259, 3.47734, 0.970484, 0.0450595, 289.51
8587, 0.0635852, 0.732321, 0.01151, 0, 8.3796e-07, 4.4958e-05, 0, 0, 0.743877, 0.0028627, 0.00655112, 2.75537, 0.970478, 0.045037, 286.886
8588, 0.0984397, 0.693995, 0.0127513, 0, 1.25736e-06, 6.52895e-05, 0, 0, 0.706812, 0.00443024, 0.00913891, 2.31831, 0.970472, 0.0450131, 284.399
8589, 0.116169, 0.675595, 0.013214, 0, 1.47036e-06, 7.49658e-05, 0, 0, 0.688886, 0.00522601, 0.0102912, 2.15271, 0.970466, 0.0449861, 283.163
8590, 0.104232, 0.688802, 0.0128895, 0, 1.32894e-06, 6.77875e-05, 0, 0, 0.70176, 0.00468594, 0.00932068, 2.26113, 0.97046, 0.0449474, 284.044
8591, 0.0833941, 0.710792, 0.0123884, 0, 1.08101e-06, 5.56482e-05, 0, 0, 0.723237, 0.00373846, 0.00772573, 2.48418, 0.970454, 0.0448483, 285.495
8592, 0.090296, 0.701453, 0.0127191, 0, 1.1681e-06, 5.93622e-05, 0, 0, 0.714232, 0.00401408, 0.0081258, 2.40466, 0.970448, 0.0445434, 284.883
8593, 0.118901, 0.668851, 0.0135949, 0, 1.5171e-06, 7.49421e-05, 0, 0, 0.682523, 0.0052415, 0.00998753, 2.12947, 0.970442, 0.0440424, 282.7
8594, 0.157181, 0.630545, 0.0143166, 0, 1.99432e-06, 9.46857e-05, 0, 0, 0.644958, 0.00693779, 0.0122453, 1.85035, 0.970436, 0.0439015, 280.025
8595, 0.202798, 0.589012, 0.0148835, 0, 2.58337e-06, 0.000117916, 0, 0, 0.604016, 0.00902371, 0.0148349, 1.59554, 0.97043, 0.0443053, 276.988
8596, 0.226953, 0.564003, 0.0153295, 0, 2.93507e-06, 0.000131186, 0, 0, 0.579466, 0.0101496, 0.0162518, 1.48301, 0.970424, 0.0446704, 275.098
8597, 0.221222, 0.560649, 0.01563, 0, 2.92983e-06, 0.000130225, 0, 0, 0.576412, 0.00990859, 0.0160388, 1.50859, 0.970418, 0.0447855, 274.854
8598, 0.220372, 0.559207, 0.015714, 0, 2.93917e-06, 0.00012994, 0, 0, 0.575054, 0.00987162, 0.0159442, 1.51244, 0.970412, 0.044796, 274.742
8599, 0.230036, 0.55699, 0.0155886, 0, 3.02729e-06, 0.00013348, 0, 0, 0.572715, 0.010302, 0.0163572, 1.46952, 0.970406, 0.0447844, 274.553
8600, 0.220617, 0.571304, 0.0153195, 0, 2.87595e-06, 0.000128425, 0, 0, 0.586755, 0.0098771, 0.0158551, 1.51133, 0.9704, 0.044768, 275.64
8601, 0.192764, 0.597443, 0.0150418, 0, 2.52135e-06, 0.000115111, 0, 0, 0.612602, 0.00862673, 0.0144067, 1.64629, 0.970394, 0.0447498, 277.601
8602, 0.178504, 0.603761, 0.0151559, 0, 2.3849e-06, 0.000109375, 0, 0, 0.619029, 0.00798461, 0.0136968, 1.72315, 0.970388, 0.0447308, 278.076
8603, 0.191957, 0.581551, 0.0156626, 0, 2.62479e-06, 0.000117453, 0, 0, 0.597333, 0.00858205, 0.0144375, 1.65049, 0.970382, 0.0447113, 276.435
8604, 0.225367, 0.550951, 0.0159945, 0, 3.07071e-06, 0.000133052, 0, 0, 0.567082, 0.0100712, 0.0160456, 1.49002, 0.970376, 0.0446916, 274.08
8605, 0.257093, 0.530843, 0.0159791, 0, 3.43997e-06, 0.00014669, 0, 0, 0.546972, 0.0114843, 0.0175345, 1.35832, 0.97037, 0.0446717, 272.465
8606, 0.259143, 0.537014, 0.0157558, 0, 3.42508e-06, 0.000147093, 0, 0, 0.55292, 0.0115716, 0.0176459, 1.35037, 0.970364, 0.0446516, 272.939
8607, 0.228389, 0.568088, 0.0154306, 0, 3.01209e-06, 0.000132437, 0, 0, 0.583654, 0.0101942, 0.0161164, 1.47671, 0.970358, 0.0446314, 275.36
8608, 0.198921, 0.59064, 0.0153767, 0, 2.66021e-06, 0.000119028, 0, 0, 0.606138, 0.00887451, 0.0146314, 1.61485, 0.970352, 0.0446112, 277.076
8609, 0.197761, 0.5803, 0.0158159, 0, 2.71945e-06, 0.000120158, 0, 0, 0.596239, 0.00881807, 0.0146102, 1.6207, 0.970346, 0.044591, 276.317
8610, 0.218942, 0.552536, 0.0162813, 0, 3.05512e-06, 0.000131276, 0, 0, 0.568952, 0.00975772, 0.0156574, 1.51895, 0.97034, 0.0445707, 274.193
8611, 0.246807, 0.527634, 0.0164466, 0, 3.43152e-06, 0.00014413, 0, 0, 0.544228, 0.0109948, 0.016961, 1.39915, 0.970334, 0.0445504, 272.207
8612, 0.256296, 0.519584, 0.0165133, 0, 3.57093e-06, 0.000148989, 0, 0, 0.53625, 0.0114129, 0.0174455, 1.36142, 0.970328, 0.0445301, 271.549
8613, 0.2485, 0.524827, 0.0165899, 0, 3.49488e-06, 0.000146391, 0, 0, 0.541567, 0.0110609, 0.0171392, 1.39231, 0.970322, 0.0445099, 271.978
8614, 0.23997, 0.531774, 0.0166453, 0, 3.39484e-06, 0.000142754, 0, 0, 0.548565, 0.0106764, 0.0167234, 1.42724, 0.970316, 0.0444896, 272.541
8615, 0.228001, 0.53871, 0.0167486, 0, 3.25355e-06, 0.000137219, 0, 0, 0.555599, 0.0101394, 0.0160751, 1.4784, 0.97031, 0.0444693, 273.102
8616, 0.22581, 0.537438, 0.0168237, 0, 3.23419e-06, 0.000135975, 0, 0, 0.554401, 0.0100367, 0.0158801, 1.48806, 0.970304, 0.044449, 273
8617, 0.251705, 0.522993, 0.0167069, 0, 3.53912e-06, 0.000147189, 0, 0, 0.53985, 0.0111822, 0.0170953, 1.3795, 0.970298, 0.0444288, 271.814
8618, 0.27577, 0.515242, 0.0164816, 0, 3.79885e-06, 0.000157962, 0, 0, 0.531885, 0.0122463, 0.0183418, 1.28819, 0.970292, 0.0444085, 271.154
8619, 0.271434, 0.52697, 0.0162539, 0, 3.69707e-06, 0.000155957, 0, 0, 0.543384, 0.0120489, 0.0182361, 1.30403, 0.970286, 0.0443882, 272.091
8620, 0.24577, 0.546438, 0.0162028, 0, 3.36337e-06, 0.00014427, 0, 0, 0.562788, 0.010905, 0.0170007, 1.40336, 0.97028, 0.0443679, 273.647
8621, 0.22112, 0.554796, 0.0164962, 0, 3.11079e-06, 0.00013361, 0, 0, 0.571429, 0.00980652, 0.0157204, 1.50905, 0.970274, 0.0443476, 274.325
8622, 0.221216, 0.544833, 0.0168327, 0, 3.1827e-06, 0.000134049, 0, 0, 0.561803, 0.00980544, 0.015589, 1.50862, 0.970268, 0.0443274, 273.557
8623, 0.257538, 0.519874, 0.0168613, 0, 3.65729e-06, 0.000150381, 0, 0, 0.536889, 0.0114096, 0.0172653, 1.35659, 0.970262, 0.0443071, 271.536
8624, 0.298889, 0.498063, 0.0167343, 0, 4.16128e-06, 0.000169381, 0, 0, 0.514971, 0.0132361, 0.0193169, 1.20768, 0.970256, 0.0442868, 269.704
8625, 0.310348, 0.493942, 0.0166853, 0, 4.2992e-06, 0.000175121, 0, 0, 0.510807, 0.0137382, 0.0199446, 1.17006, 0.97025, 0.0442665, 269.346
8626, 0.285153, 0.509403, 0.0167561, 0, 3.99366e-06, 0.00016391, 0, 0, 0.526327, 0.0126179, 0.0187165, 1.25473, 0.970244, 0.0442463, 270.645
8627, 0.238994, 0.53673, 0.016909, 0, 3.43161e-06, 0.000142715, 0, 0, 0.553785, 0.0105708, 0.0163905, 1.43132, 0.970238, 0.0442261, 272.886
8628, 0.216655, 0.548041, 0.0170318, 0, 3.17014e-06, 0.000132181, 0, 0, 0.565208, 0.00957729, 0.0151962, 1.52945, 0.970232, 0.0442059, 273.793
8629, 0.245029, 0.529409, 0.0169827, 0, 3.52907e-06, 0.00014511, 0, 0, 0.546541, 0.0108257, 0.0165538, 1.40638, 0.970226, 0.0441856, 272.289
8630, 0.285297, 0.508373, 0.0168226, 0, 4.01402e-06, 0.000163963, 0, 0, 0.525364, 0.0125995, 0.0186056, 1.25423, 0.97022, 0.0441654, 270.541
8631, 0.301684, 0.503544, 0.0167212, 0, 4.20149e-06, 0.000171834, 0, 0, 0.520441, 0.0133179, 0.0194797, 1.19837, 0.970214, 0.0441452, 270.123
8632, 0.284604, 0.516465, 0.0167395, 0, 3.98722e-06, 0.000163886, 0, 0, 0.533373, 0.012559, 0.0186123, 1.25666, 0.970208, 0.044125, 271.193
8633, 0.234425, 0.547804, 0.0168342, 0, 3.36301e-06, 0.000140048, 0, 0, 0.564781, 0.0103406, 0.0160161, 1.45062, 0.970202, 0.0441048, 273.73
8634, 0.195498, 0.570103, 0.0169635, 0, 2.88501e-06, 0.000121385, 0, 0, 0.587191, 0.00861869, 0.0139571, 1.6322, 0.970196, 0.0440845, 275.481
8635, 0.220937, 0.551737, 0.0170235, 0, 3.2264e-06, 0.000133559, 0, 0, 0.568897, 0.00973409, 0.0152002, 1.50988, 0.97019, 0.0440642, 274.045
8636, 0.281486, 0.51409, 0.0169899, 0, 4.01042e-06, 0.000162597, 0, 0, 0.531247, 0.0123965, 0.0182618, 1.26767, 0.970184, 0.044044, 270.994
8637, 0.3162, 0.492527, 0.0169903, 0, 4.46729e-06, 0.000179441, 0, 0, 0.509701, 0.01392, 0.0200169, 1.15138, 0.970178, 0.0440239, 269.179
8638, 0.311289, 0.492897, 0.017099, 0, 4.42875e-06, 0.00017757, 0, 0, 0.510178, 0.0136984, 0.0197637, 1.16703, 0.970172, 0.0440037, 269.213
8639, 0.275233, 0.510516, 0.0173298, 0, 4.00169e-06, 0.000160749, 0, 0, 0.52801, 0.0121068, 0.0179109, 1.29014, 0.970166, 0.0439834, 270.708
8640, 0.237346, 0.528928, 0.0175585, 0, 3.54591e-06, 0.000142823, 0, 0, 0.546633, 0.010435, 0.0159476, 1.43824, 0.97016, 0.0439633, 272.232
8641, 0.242567, 0.523721, 0.0175548, 0, 3.62138e-06, 0.000145349, 0, 0, 0.541425, 0.0106585, 0.0161799, 1.41648, 0.970154, 0.0439432, 271.802
8642, 0.280738, 0.503379, 0.0173687, 0, 4.10062e-06, 0.000163688, 0, 0, 0.520916, 0.01233, 0.0181219, 1.27033, 0.970148, 0.0439231, 270.097
8643, 0.308299, 0.492063, 0.017229, 0, 4.43958e-06, 0.00017715, 0, 0, 0.509474, 0.0135348, 0.0195615, 1.17668, 0.970142, 0.0439028, 269.123
8644, 0.307354, 0.49568, 0.0172391, 0, 4.42406e-06, 0.000176899, 0, 0, 0.5131, 0.0134878, 0.0195265, 1.17975, 0.970136, 0.0438824, 269.426
8645, 0.275102, 0.513549, 0.0174265, 0, 4.0247e-06, 0.000161456, 0, 0, 0.531141, 0.0120676, 0.0178485, 1.29061, 0.97013, 0.0438622, 270.932
8646, 0.238884, 0.531722, 0.0176556, 0, 3.58207e-06, 0.000144124, 0, 0, 0.549525, 0.0104736, 0.0159607, 1.43178, 0.970124, 0.043842, 272.432
8647, 0.246293, 0.526128, 0.0176583, 0, 3.69091e-06, 0.000148025, 0, 0, 0.543938, 0.0107923, 0.0163402, 1.40123, 0.970118, 0.0438217, 271.972
8648, 0.280595, 0.506221, 0.0175104, 0, 4.13878e-06, 0.00016522, 0, 0, 0.523901, 0.0122897, 0.0181425, 1.27084, 0.970112, 0.0438013, 270.312
8649, 0.30035, 0.495943, 0.0174315, 0, 4.39569e-06, 0.000175336, 0, 0, 0.513555, 0.0131494, 0.019201, 1.20281, 0.970106, 0.0437808, 269.434
8650, 0.297179, 0.499404, 0.017461, 0, 4.3535e-06, 0.000173798, 0, 0, 0.517043, 0.013005, 0.0190199, 1.21342, 0.9701, 0.0437601, 269.723
8651, 0.26763, 0.516491, 0.0176183, 0, 3.97514e-06, 0.00015923, 0, 0, 0.534273, 0.0117069, 0.0174522, 1.31815, 0.970094, 0.0437393, 271.156
8652, 0.230349, 0.536618, 0.0178149, 0, 3.50061e-06, 0.000141093, 0, 0, 0.554577, 0.010071, 0.0155088, 1.46816, 0.970088, 0.0437183, 272.806
8653, 0.233096, 0.534849, 0.0177947, 0, 3.5361e-06, 0.000142578, 0, 0, 0.55279, 0.0101849, 0.0156513, 1.45631, 0.970082, 0.0436972, 272.656
8654, 0.270584, 0.516974, 0.0175631, 0, 4.00505e-06, 0.000160998, 0, 0, 0.534702, 0.011817, 0.0176129, 1.30717, 0.970076, 0.0436758, 271.174
8655, 0.290027, 0.512933, 0.0173364, 0, 4.22463e-06, 0.000170729, 0, 0, 0.530444, 0.0126608, 0.018705, 1.23778, 0.97007, 0.0436537, 270.816
8656, 0.268852, 0.534263, 0.0171507, 0, 3.9075e-06, 0.000160652, 0, 0, 0.551578, 0.0117313, 0.0177501, 1.31359, 0.970064, 0.0436307, 272.541
8657, 0.217515, 0.572843, 0.0170238, 0, 3.20531e-06, 0.000135141, 0, 0, 0.590005, 0.00948668, 0.0151423, 1.52549, 0.970058, 0.0436065, 275.571
8658, 0.172841, 0.603104, 0.0169994, 0, 2.61315e-06, 0.00011236, 0, 0, 0.620218, 0.0075332, 0.0127417, 1.75538, 0.970052, 0.04358, 277.861
8659, 0.163261, 0.61352, 0.0167498, 0, 2.46813e-06, 0.000106723, 0, 0, 0.630379, 0.00711003, 0.012151, 1.8124, 0.970046, 0.0435494, 278.611
8660, 0.155603, 0.631646, 0.016037, 0, 2.30695e-06, 0.000101228, 0, 0, 0.647786, 0.00677085, 0.0116471, 1.86045, 0.97004, 0.0435096, 279.881
8661, 0.146968, 0.645554, 0.015622, 0, 2.15694e-06, 9.63064e-05, 0, 0, 0.661274, 0.00638228, 0.0111951, 1.91754, 0.970034, 0.043442, 280.848
8662, 0.174731, 0.618889, 0.0161262, 0, 2.55726e-06, 0.000111776, 0, 0, 0.635129, 0.00755737, 0.0127693, 1.74451, 0.970028, 0.0432763, 278.945
8663, 0.204345, 0.583358, 0.0169579, 0, 3.00536e-06, 0.000127278, 0, 0, 0.600446, 0.00878592, 0.0142295, 1.58795, 0.970022, 0.0428936, 276.341
8664, 0.201458, 0.573266, 0.0174977, 0, 3.00691e-06, 0.000125114, 0, 0, 0.590892, 0.00860568, 0.013848, 1.60217, 0.970016, 0.0424581, 275.601
8665, 0.207411, 0.566998, 0.017593, 0, 3.10538e-06, 0.000128528, 0, 0, 0.584723, 0.00886548, 0.0141602, 1.57305, 0.97001, 0.0424872, 275.118
8666, 0.233971, 0.553265, 0.0174174, 0, 3.46037e-06, 0.000143574, 0, 0, 0.57083, 0.0100687, 0.0157766, 1.45256, 0.970004, 0.0429075, 274.023
8667, 0.24701, 0.54951, 0.0172277, 0, 3.62431e-06, 0.000151539, 0, 0, 0.566892, 0.0106797, 0.0166791, 1.39832, 0.969998, 0.0432115, 273.705
8668, 0.23603, 0.562524, 0.0170495, 0, 3.46102e-06, 0.000146617, 0, 0, 0.579724, 0.0102235, 0.0162423, 1.44379, 0.969992, 0.0433138, 274.711
8669, 0.198908, 0.59326, 0.0167852, 0, 2.94372e-06, 0.000127291, 0, 0, 0.610175, 0.0086197, 0.0142811, 1.61491, 0.969986, 0.0433349, 277.048
8670, 0.140172, 0.641156, 0.0162285, 0, 2.13063e-06, 9.53733e-05, 0, 0, 0.657482, 0.00607459, 0.0109742, 1.96488, 0.96998, 0.0433332, 280.53
8671, 0.0910763, 0.688801, 0.0152553, 0, 1.43173e-06, 6.78012e-05, 0, 0, 0.704126, 0.00394612, 0.00817135, 2.39606, 0.969974, 0.0433234, 283.805
8672, 0.0742096, 0.714708, 0.0143203, 0, 1.16004e-06, 5.80476e-05, 0, 0, 0.729088, 0.00321407, 0.00731587, 2.60086, 0.969968, 0.04331, 285.496
8673, 0.0697306, 0.728167, 0.0135188, 0, 1.06776e-06, 5.49367e-05, 0, 0, 0.741742, 0.00301914, 0.00709378, 2.66312, 0.969962, 0.0432944, 286.337
8674, 0.0511444, 0.756044, 0.0118905, 0, 7.90063e-07, 4.15252e-05, 0, 0, 0.767977, 0.00221394, 0.00553164, 2.9731, 0.969956, 0.0432777, 288.055
8675, 0.0242892, 0.796691, 0.00891125, 0, 3.91451e-07, 2.11179e-05, 0, 0, 0.805624, 0.00105125, 0.00296234, 3.71772, 0.96995, 0.0432601, 290.457
8676, 0.00703518, 0.829731, 0.00541888, 0, 1.2223e-07, 6.76627e-06, 0, 0, 0.835157, 0.000304438, 0.00101774, 4.95683, 0.969944, 0.0432421, 292.29
8677, 0.00147372, 0.844483, 0.00335641, 0, 2.93756e-08, 1.65995e-06, 0, 0, 0.847841, 6.37371e-05, 0.000275765, 6.51997, 0.969938, 0.0432236, 293.061
8678, 0.00214936, 0.840389, 0.00415682, 0, 4.44068e-08, 2.53894e-06, 0, 0, 0.844548, 9.27965e-05, 0.000425604, 6.14259, 0.969932, 0.043205, 292.857
8679, 0.00759944, 0.822241, 0.00698041, 0, 1.45254e-07, 8.26998e-06, 0, 0, 0.82923, 0.000328018, 0.00130622, 4.87968, 0.969926, 0.0431862, 291.912
8680, 0.0159603, 0.801315, 0.00964032, 0, 2.91909e-07, 1.64854e-05, 0, 0, 0.810972, 0.000688794, 0.00249853, 4.13765, 0.96992, 0.0431672, 290.772
8681, 0.0193891, 0.793344, 0.0105543, 0, 3.50322e-07, 1.96298e-05, 0, 0, 0.803918, 0.000836639, 0.00291576, 3.94304, 0.969914, 0.0431481, 290.324
8682, 0.0135318, 0.805436, 0.0092652, 0, 2.48984e-07, 1.38587e-05, 0, 0, 0.814715, 0.00058381, 0.00206197, 4.30271, 0.969908, 0.043129, 290.998
8683, 0.00550818, 0.825713, 0.00674414, 0, 1.06511e-07, 5.87904e-06, 0, 0, 0.832463, 0.000237588, 0.000893872, 5.20152, 0.969902, 0.0431098, 292.095
8684, 0.0037512, 0.83345, 0.00553269, 0, 7.1319e-08, 3.86471e-06, 0, 0, 0.838987, 0.000161574, 0.00057989, 5.58568, 0.969896, 0.0430905, 292.492
8685, 0.0128102, 0.81613, 0.00731275, 0, 2.20151e-07, 1.16948e-05, 0, 0, 0.823455, 0.000551395, 0.00162287, 4.35751, 0.96989, 0.0430712, 291.53
8686, 0.0340984, 0.777947, 0.0106995, 0, 5.62621e-07, 2.92147e-05, 0, 0, 0.788676, 0.00146742, 0.00384596, 3.37851, 0.969884, 0.0430518, 289.335
8687, 0.0581309, 0.737253, 0.0134786, 0, 9.46821e-07, 4.77263e-05, 0, 0, 0.75078, 0.00250101, 0.00601294, 2.84506, 0.969878, 0.0430323, 286.871
8688, 0.0795198, 0.704605, 0.015092, 0, 1.28558e-06, 6.22473e-05, 0, 0, 0.719761, 0.00341982, 0.0075137, 2.53175, 0.969872, 0.0430128, 284.791
8689, 0.109688, 0.674407, 0.0159225, 0, 1.72185e-06, 8.03805e-05, 0, 0, 0.690411, 0.00471508, 0.00935948, 2.21011, 0.969866, 0.0429935, 282.768
8690, 0.142388, 0.649897, 0.0162347, 0, 2.16432e-06, 9.95179e-05, 0, 0, 0.666233, 0.0061184, 0.0113903, 1.9492, 0.96986, 0.0429742, 281.057
8691, 0.157233, 0.639696, 0.0162873, 0, 2.35825e-06, 0.000108224, 0, 0, 0.656094, 0.00675386, 0.0123291, 1.85002, 0.969854, 0.0429549, 280.324
8692, 0.149648, 0.643957, 0.0162465, 0, 2.2594e-06, 0.000104043, 0, 0, 0.660309, 0.00642562, 0.0118717, 1.89947, 0.969848, 0.0429355, 280.623
8693, 0.122863, 0.663689, 0.015998, 0, 1.90017e-06, 8.85735e-05, 0, 0, 0.679777, 0.00527356, 0.0102187, 2.09669, 0.969842, 0.042916, 282.003
8694, 0.0869695, 0.696042, 0.0153572, 0, 1.39999e-06, 6.70496e-05, 0, 0, 0.711467, 0.0037315, 0.00794747, 2.4422, 0.969836, 0.0428966, 284.198
8695, 0.0562717, 0.732253, 0.0141307, 0, 9.4751e-07, 4.73305e-05, 0, 0, 0.746432, 0.00241336, 0.00588244, 2.87756, 0.96983, 0.0428772, 286.548
8696, 0.0338911, 0.768642, 0.0120763, 0, 5.91202e-07, 3.0874e-05, 0, 0, 0.78075, 0.00145295, 0.00408125, 3.3846, 0.969824, 0.0428579, 288.784
8697, 0.0161642, 0.804132, 0.00910004, 0, 2.93929e-07, 1.58974e-05, 0, 0, 0.813248, 0.000692793, 0.00224917, 4.12495, 0.969818, 0.0428385, 290.843
8698, 0.00505029, 0.832264, 0.00567715, 0, 9.84061e-08, 5.44209e-06, 0, 0, 0.837946, 0.000216412, 0.000828545, 5.28831, 0.969812, 0.042819, 292.372
8699, 0.000959035, 0.847973, 0.00304728, 0, 2.0805e-08, 1.1591e-06, 0, 0, 0.851021, 4.10859e-05, 0.00019133, 6.94958, 0.969806, 0.0427995, 293.167
8700, 0.000555119, 0.850428, 0.00257802, 0, 1.22494e-08, 6.7997e-07, 0, 0, 0.853007, 2.37296e-05, 0.000113571, 7.49633, 0.9698, 0.0427801, 293.284
8701, 0.00338435, 0.83938, 0.00456277, 0, 6.46361e-08, 3.56742e-06, 0, 0, 0.843947, 0.000144586, 0.000542242, 5.68859, 0.969794, 0.0427607, 292.728
8702, 0.0144702, 0.813782, 0.00791388, 0, 2.51171e-07, 1.35625e-05, 0, 0, 0.82171, 0.000618073, 0.00190627, 4.23567, 0.969788, 0.0427413, 291.351
8703, 0.0390454, 0.774401, 0.0112251, 0, 6.36301e-07, 3.31955e-05, 0, 0, 0.78566, 0.00166739, 0.0043456, 3.24303, 0.969782, 0.0427218, 289.069
8704, 0.0717876, 0.729215, 0.0137287, 0, 1.1363e-06, 5.68983e-05, 0, 0, 0.743002, 0.00306477, 0.00701963, 2.63404, 0.969776, 0.0427024, 286.279
8705, 0.0976618, 0.690711, 0.0154013, 0, 1.54925e-06, 7.44621e-05, 0, 0, 0.706188, 0.00416805, 0.00878029, 2.32624, 0.96977, 0.0426829, 283.785
8706, 0.112722, 0.663144, 0.0164954, 0, 1.82066e-06, 8.40366e-05, 0, 0, 0.679725, 0.00480876, 0.0095699, 2.18283, 0.969764, 0.0426634, 281.936
8707, 0.138115, 0.63504, 0.0171663, 0, 2.21772e-06, 9.8059e-05, 0, 0, 0.652306, 0.00588887, 0.0108272, 1.97967, 0.969758, 0.0426438, 279.97
8708, 0.185618, 0.599666, 0.0175098, 0, 2.88847e-06, 0.000123573, 0, 0, 0.617302, 0.00791061, 0.0133271, 1.68407, 0.969752, 0.0426242, 277.38
8709, 0.228544, 0.570032, 0.0177042, 0, 3.49043e-06, 0.000146589, 0, 0, 0.587886, 0.00973627, 0.0155943, 1.47603, 0.969746, 0.0426044, 275.125
8710, 0.243346, 0.558019, 0.0178596, 0, 3.71769e-06, 0.000154553, 0, 0, 0.576037, 0.0103628, 0.0163283, 1.41327, 0.96974, 0.0425845, 274.192
8711, 0.225155, 0.5687, 0.0179041, 0, 3.48662e-06, 0.000144833, 0, 0, 0.586752, 0.00958443, 0.0153084, 1.49096, 0.969734, 0.0425645, 275.026
8712, 0.185998, 0.596516, 0.0177675, 0, 2.94226e-06, 0.000123603, 0, 0, 0.61441, 0.00791393, 0.0131807, 1.68202, 0.969728, 0.0425441, 277.141
8713, 0.177481, 0.603468, 0.0177165, 0, 2.82409e-06, 0.000118696, 0, 0, 0.621306, 0.00754647, 0.0126732, 1.72889, 0.969722, 0.0425233, 277.654
8714, 0.224297, 0.56905, 0.0179547, 0, 3.50139e-06, 0.000143366, 0, 0, 0.587151, 0.00953141, 0.0150497, 1.49479, 0.969716, 0.0425016, 275.041
8715, 0.273982, 0.532685, 0.0181955, 0, 4.21928e-06, 0.00016936, 0, 0, 0.551054, 0.0116375, 0.0175469, 1.29469, 0.96971, 0.0424781, 272.166
8716, 0.281715, 0.525695, 0.0182783, 0, 4.33633e-06, 0.000173358, 0, 0, 0.544151, 0.0119597, 0.0179123, 1.26686, 0.969704, 0.0424504, 271.597
8717, 0.246847, 0.547383, 0.0182706, 0, 3.84582e-06, 0.000155349, 0, 0, 0.565813, 0.0104699, 0.0161513, 1.39899, 0.969698, 0.0424052, 273.343
8718, 0.204031, 0.574354, 0.0183019, 0, 3.24218e-06, 0.000133056, 0, 0, 0.592792, 0.00862158, 0.0139592, 1.58949, 0.969692, 0.0422749, 275.457
8719, 0.202476, 0.571572, 0.0184602, 0, 3.21761e-06, 0.000131268, 0, 0, 0.590166, 0.00845899, 0.0137175, 1.59713, 0.969686, 0.0419138, 275.249
8720, 0.242259, 0.539941, 0.0186185, 0, 3.76482e-06, 0.000149829, 0, 0, 0.558713, 0.0100169, 0.0154375, 1.41775, 0.96968, 0.0414566, 272.757
8721, 0.281972, 0.511595, 0.0186739, 0, 4.33683e-06, 0.000169654, 0, 0, 0.530443, 0.0116957, 0.0173135, 1.26595, 0.969674, 0.0414646, 270.436
8722, 0.298503, 0.501552, 0.0186897, 0, 4.61776e-06, 0.000179638, 0, 0, 0.520426, 0.0125105, 0.0182718, 1.20898, 0.969668, 0.0418897, 269.589
8723, 0.287094, 0.508521, 0.01876, 0, 4.50146e-06, 0.00017564, 0, 0, 0.527461, 0.0121119, 0.0178808, 1.24795, 0.969662, 0.0421888, 270.175
8724, 0.254233, 0.528863, 0.0188643, 0, 4.06034e-06, 0.000160372, 0, 0, 0.547892, 0.0107466, 0.0164081, 1.3695, 0.969656, 0.0422723, 271.858
8725, 0.231797, 0.545876, 0.0188528, 0, 3.73633e-06, 0.000149671, 0, 0, 0.564882, 0.00979967, 0.0154086, 1.46189, 0.96965, 0.0422779, 273.225
8726, 0.250202, 0.537821, 0.0187269, 0, 3.97323e-06, 0.000158464, 0, 0, 0.556711, 0.0105746, 0.016282, 1.38549, 0.969644, 0.042267, 272.563
8727, 0.289598, 0.513798, 0.0186623, 0, 4.52264e-06, 0.000177527, 0, 0, 0.532643, 0.0122354, 0.0180975, 1.23926, 0.969638, 0.042252, 270.585
8728, 0.30952, 0.499516, 0.0187043, 0, 4.81854e-06, 0.000187164, 0, 0, 0.518412, 0.0130726, 0.0189811, 1.17273, 0.969632, 0.0422353, 269.385
8729, 0.295508, 0.503146, 0.0188556, 0, 4.65144e-06, 0.000180299, 0, 0, 0.522187, 0.0124763, 0.0182672, 1.21906, 0.969626, 0.0422177, 269.698
8730, 0.263871, 0.51859, 0.0190602, 0, 4.23339e-06, 0.000165198, 0, 0, 0.537819, 0.0111359, 0.0167785, 1.3323, 0.96962, 0.0421997, 270.998
8731, 0.245853, 0.531748, 0.019114, 0, 3.9765e-06, 0.000156807, 0, 0, 0.551023, 0.0103704, 0.0159907, 1.40302, 0.969614, 0.0421813, 272.075
8732, 0.257119, 0.529137, 0.0189481, 0, 4.10364e-06, 0.000162079, 0, 0, 0.548251, 0.0108404, 0.0165442, 1.35821, 0.969608, 0.0421627, 271.843
8733, 0.27927, 0.516541, 0.0187854, 0, 4.39224e-06, 0.000172407, 0, 0, 0.535503, 0.0117691, 0.0175566, 1.27558, 0.969602, 0.042144, 270.789
8734, 0.295057, 0.505804, 0.0187626, 0, 4.61703e-06, 0.000179927, 0, 0, 0.524751, 0.0124291, 0.0182612, 1.22059, 0.969596, 0.0421252, 269.886
8735, 0.297151, 0.502415, 0.018882, 0, 4.67006e-06, 0.000180975, 0, 0, 0.521482, 0.0125121, 0.0183118, 1.21351, 0.96959, 0.0421063, 269.605
8736, 0.277299, 0.510315, 0.0191132, 0, 4.42207e-06, 0.000171103, 0, 0, 0.529604, 0.0116713, 0.0172986, 1.28266, 0.969584, 0.0420873, 270.281
8737, 0.262466, 0.517558, 0.0192555, 0, 4.22849e-06, 0.000163688, 0, 0, 0.536981, 0.0110414, 0.0165536, 1.33763, 0.969578, 0.0420683, 270.889
8738, 0.282045, 0.508182, 0.0191484, 0, 4.49392e-06, 0.000173387, 0, 0, 0.527509, 0.0118591, 0.0174983, 1.26569, 0.969572, 0.0420492, 270.095
8739, 0.309858, 0.493396, 0.0189741, 0, 4.86703e-06, 0.000187102, 0, 0, 0.512562, 0.0130229, 0.0188399, 1.17164, 0.969566, 0.0420301, 268.824
8740, 0.318209, 0.489453, 0.0188808, 0, 4.96818e-06, 0.000191134, 0, 0, 0.50853, 0.0133683, 0.0192518, 1.14505, 0.96956, 0.0420109, 268.473
8741, 0.301748, 0.500889, 0.0188355, 0, 4.72123e-06, 0.000182964, 0, 0, 0.519912, 0.0126715, 0.0185026, 1.19816, 0.969554, 0.0419916, 269.438
8742, 0.262252, 0.527526, 0.0187822, 0, 4.14687e-06, 0.00016339, 0, 0, 0.546475, 0.0110083, 0.0166729, 1.33845, 0.969548, 0.0419723, 271.643
8743, 0.226031, 0.553627, 0.0186838, 0, 3.61244e-06, 0.000145591, 0, 0, 0.57246, 0.00948312, 0.0150296, 1.48708, 0.969542, 0.041953, 273.732
8744, 0.229932, 0.552624, 0.0186114, 0, 3.64986e-06, 0.000147822, 0, 0, 0.571387, 0.00964131, 0.0152858, 1.46997, 0.969536, 0.0419335, 273.641
8745, 0.258388, 0.528813, 0.0187121, 0, 4.06807e-06, 0.000161801, 0, 0, 0.547691, 0.0108294, 0.0165703, 1.35329, 0.96953, 0.0419139, 271.726
8746, 0.278562, 0.507758, 0.0189048, 0, 4.38845e-06, 0.000171126, 0, 0, 0.526839, 0.0116698, 0.0173522, 1.27812, 0.969524, 0.0418942, 269.994
8747, 0.2866, 0.500716, 0.0190176, 0, 4.52185e-06, 0.000174686, 0, 0, 0.519913, 0.0120011, 0.0176359, 1.24967, 0.969518, 0.0418742, 269.404
8748, 0.281267, 0.506411, 0.0190863, 0, 4.45936e-06, 0.000172451, 0, 0, 0.525674, 0.0117724, 0.0174199, 1.26845, 0.969512, 0.041854, 269.885
8749, 0.273803, 0.514065, 0.0191208, 0, 4.36079e-06, 0.000169452, 0, 0, 0.53336, 0.0114541, 0.0171509, 1.29534, 0.969506, 0.0418334, 270.522
8750, 0.286145, 0.510158, 0.0190319, 0, 4.51454e-06, 0.000175567, 0, 0, 0.52937, 0.0119638, 0.0177683, 1.25126, 0.9695, 0.0418122, 270.183
8751, 0.306036, 0.499522, 0.0189147, 0, 4.7657e-06, 0.000184787, 0, 0, 0.518626, 0.0127888, 0.0186695, 1.18405, 0.969494, 0.0417901, 269.273
8752, 0.317903, 0.493238, 0.0188516, 0, 4.91322e-06, 0.000190084, 0, 0, 0.512285, 0.0132776, 0.0191851, 1.14601, 0.969488, 0.0417667, 268.727
8753, 0.317794, 0.495483, 0.0188273, 0, 4.89982e-06, 0.000189787, 0, 0, 0.514505, 0.0132655, 0.0191728, 1.14635, 0.969482, 0.0417413, 268.911
8754, 0.297162, 0.508488, 0.0188687, 0, 4.61154e-06, 0.000179627, 0, 0, 0.527541, 0.0123965, 0.0182097, 1.21348, 0.969476, 0.0417124, 270.008
8755, 0.267332, 0.525103, 0.0189186, 0, 4.19364e-06, 0.000164876, 0, 0, 0.544191, 0.0111424, 0.0168061, 1.31927, 0.96947, 0.0416767, 271.385
8756, 0.256074, 0.532633, 0.0188106, 0, 4.00392e-06, 0.000159004, 0, 0, 0.551606, 0.0106594, 0.0162967, 1.36229, 0.969464, 0.041625, 271.986
8757, 0.254184, 0.541146, 0.0184033, 0, 3.90419e-06, 0.000157314, 0, 0, 0.55971, 0.0105614, 0.0162648, 1.3697, 0.969458, 0.0415279, 272.637
8758, 0.223324, 0.579704, 0.0173787, 0, 3.37041e-06, 0.000139775, 0, 0, 0.597226, 0.00925475, 0.0147479, 1.49913, 0.969452, 0.0413157, 275.591
8759, 0.154885, 0.65151, 0.0156111, 0, 2.32114e-06, 0.000100893, 0, 0, 0.667225, 0.00639401, 0.0110575, 1.86507, 0.969446, 0.0409764, 280.793
8760, 0.103187, 0.700324, 0.0144942, 0, 1.57126e-06, 7.15476e-05, 0, 0, 0.714892, 0.00424386, 0.00817048, 2.27121, 0.96944, 0.0407746, 284.13
8761, 0.123232, 0.672827, 0.0154751, 0, 1.90406e-06, 8.3923e-05, 0, 0, 0.688388, 0.00508103, 0.00934663, 2.09369, 0.969434, 0.0409463, 282.286
8762, 0.194818, 0.601298, 0.017242, 0, 2.9836e-06, 0.000124421, 0, 0, 0.618668, 0.00806168, 0.0132202, 1.63569, 0.969428, 0.041247, 277.207
8763, 0.260347, 0.544457, 0.0182296, 0, 3.95561e-06, 0.000159693, 0, 0, 0.56285, 0.0107916, 0.0165341, 1.34574, 0.969422, 0.0414178, 272.858
8764, 0.293282, 0.517814, 0.0185533, 0, 4.44878e-06, 0.000176719, 0, 0, 0.536548, 0.0121654, 0.0180914, 1.22662, 0.969416, 0.0414755, 270.704
8765, 0.300926, 0.51186, 0.018655, 0, 4.57716e-06, 0.000180767, 0, 0, 0.530701, 0.0124853, 0.0184391, 1.20089, 0.96941, 0.0414891, 270.212
8766, 0.28629, 0.518888, 0.0187594, 0, 4.4006e-06, 0.000173966, 0, 0, 0.537825, 0.0118776, 0.0177562, 1.25075, 0.969404, 0.0414873, 270.799
8767, 0.261954, 0.528392, 0.0188822, 0, 4.08837e-06, 0.000161913, 0, 0, 0.54744, 0.0108657, 0.0165534, 1.33959, 0.969398, 0.0414787, 271.586
8768, 0.25511, 0.530875, 0.0188575, 0, 3.98446e-06, 0.000157943, 0, 0, 0.549895, 0.0105785, 0.0161652, 1.36606, 0.969392, 0.0414666, 271.781
8769, 0.258288, 0.536821, 0.0185894, 0, 3.97565e-06, 0.000159065, 0, 0, 0.555573, 0.0107068, 0.0163619, 1.35368, 0.969386, 0.0414525, 272.238
8770, 0.242156, 0.559401, 0.0181637, 0, 3.6827e-06, 0.000150569, 0, 0, 0.577719, 0.0100347, 0.0156888, 1.41817, 0.96938, 0.0414371, 274.006
8771, 0.222594, 0.577303, 0.0179516, 0, 3.38067e-06, 0.000140514, 0, 0, 0.595398, 0.00922023, 0.014794, 1.5024, 0.969374, 0.0414209, 275.383
8772, 0.226212, 0.568169, 0.0182099, 0, 3.46777e-06, 0.000142679, 0, 0, 0.586525, 0.00936583, 0.014931, 1.48628, 0.969368, 0.0414042, 274.688
8773, 0.243489, 0.550025, 0.018534, 0, 3.7531e-06, 0.000151963, 0, 0, 0.568715, 0.0100769, 0.0157335, 1.41268, 0.969362, 0.041387, 273.275
8774, 0.258972, 0.538697, 0.0186199, 0, 3.97325e-06, 0.000159776, 0, 0, 0.557481, 0.0107133, 0.0164594, 1.35104, 0.969356, 0.0413697, 272.366
8775, 0.266759, 0.534036, 0.018578, 0, 4.06262e-06, 0.000163337, 0, 0, 0.552781, 0.0110309, 0.0168127, 1.32141, 0.96935, 0.041352, 271.979
8776, 0.271198, 0.53378, 0.0184958, 0, 4.09735e-06, 0.000165199, 0, 0, 0.552445, 0.0112097, 0.0170259, 1.30491, 0.969344, 0.0413342, 271.946
8777, 0.271313, 0.538076, 0.0183985, 0, 4.07526e-06, 0.000165077, 0, 0, 0.556643, 0.0112098, 0.0170618, 1.30448, 0.969338, 0.0413163, 272.282
8778, 0.256759, 0.549343, 0.0183398, 0, 3.86723e-06, 0.000157756, 0, 0, 0.567844, 0.0106042, 0.0163828, 1.35962, 0.969332, 0.0412983, 273.179
8779, 0.230731, 0.564466, 0.0183118, 0, 3.51144e-06, 0.0001444, 0, 0, 0.582925, 0.00952518, 0.0150889, 1.4665, 0.969326, 0.0412802, 274.369
8780, 0.210993, 0.575846, 0.0182301, 0, 3.23065e-06, 0.000133966, 0, 0, 0.594213, 0.00870627, 0.0140882, 1.55593, 0.96932, 0.041262, 275.246
8781, 0.204286, 0.582999, 0.0180563, 0, 3.10795e-06, 0.000130438, 0, 0, 0.601189, 0.0084256, 0.0138088, 1.58823, 0.969314, 0.0412439, 275.78
8782, 0.202926, 0.591334, 0.0178033, 0, 3.04532e-06, 0.000129954, 0, 0, 0.60927, 0.00836585, 0.0138695, 1.59491, 0.969308, 0.0412257, 276.394
8783, 0.192152, 0.606025, 0.0175032, 0, 2.86088e-06, 0.000124363, 0, 0, 0.623655, 0.0079185, 0.0134164, 1.64947, 0.969302, 0.0412074, 277.479
8784, 0.166157, 0.629282, 0.0171361, 0, 2.48452e-06, 0.000110434, 0, 0, 0.646531, 0.00684453, 0.0121053, 1.79482, 0.969296, 0.0411891, 279.173
8785, 0.135091, 0.658326, 0.0165937, 0, 2.04118e-06, 9.35484e-05, 0, 0, 0.675016, 0.00556243, 0.0105082, 2.00181, 0.96929, 0.0411708, 281.229
8786, 0.107634, 0.690055, 0.0157398, 0, 1.6366e-06, 7.79352e-05, 0, 0, 0.705875, 0.00443, 0.00905002, 2.22902, 0.969284, 0.0411525, 283.393
8787, 0.0782998, 0.726527, 0.0144275, 0, 1.20412e-06, 5.97227e-05, 0, 0, 0.741015, 0.00322149, 0.0072344, 2.54721, 0.969278, 0.0411343, 285.784
8788, 0.0461819, 0.767772, 0.0124204, 0, 7.33728e-07, 3.78508e-05, 0, 0, 0.780231, 0.00189947, 0.00484184, 3.07517, 0.969272, 0.041116, 288.367
8789, 0.0200417, 0.806803, 0.00955398, 0, 3.3803e-07, 1.80083e-05, 0, 0, 0.816376, 0.000824107, 0.0024594, 3.90994, 0.969266, 0.0410977, 290.674
8790, 0.0057895, 0.836031, 0.00616127, 0, 1.06868e-07, 5.80432e-06, 0, 0, 0.842199, 0.000238013, 0.000853297, 5.15171, 0.96926, 0.0410793, 292.28
8791, 0.00102846, 0.852551, 0.00337667, 0, 2.16796e-08, 1.18043e-06, 0, 0, 0.855929, 4.2273e-05, 0.000189179, 6.87969, 0.969254, 0.041061, 293.12
8792, 0.000250258, 0.856438, 0.00263572, 0, 6.7393e-09, 3.63257e-07, 0, 0, 0.859074, 1.02699e-05, 6.57948e-05, 8.29302, 0.969248, 0.0410427, 293.308
8793, 0.000998059, 0.849154, 0.00426207, 0, 2.47968e-08, 1.36234e-06, 0, 0, 0.853417, 4.09104e-05, 0.000235997, 6.9097, 0.969242, 0.0410243, 292.959
8794, 0.00385087, 0.834285, 0.00704401, 0, 8.49349e-08, 4.70126e-06, 0, 0, 0.841334, 0.000157816, 0.000763119, 5.55946, 0.969236, 0.0410059, 292.212
8795, 0.00938782, 0.816923, 0.00953431, 0, 1.88839e-07, 1.04629e-05, 0, 0, 0.826468, 0.000384647, 0.00160536, 4.66834, 0.96923, 0.0409876, 291.284
8796, 0.015265, 0.803088, 0.011053, 0, 2.90878e-07, 1.61013e-05, 0, 0, 0.814157, 0.000625299, 0.00237942, 4.18219, 0.969224, 0.0409693, 290.507
8797, 0.0175571, 0.797889, 0.0115568, 0, 3.30106e-07, 1.82869e-05, 0, 0, 0.809465, 0.000718986, 0.00267168, 4.04229, 0.969218, 0.0409511, 290.206
8798, 0.0154953, 0.802298, 0.0111933, 0, 2.97064e-07, 1.65388e-05, 0, 0, 0.813509, 0.000634348, 0.00245707, 4.16722, 0.969212, 0.0409328, 290.458
8799, 0.0106891, 0.813449, 0.0101209, 0, 2.15171e-07, 1.20493e-05, 0, 0, 0.823582, 0.000437459, 0.00186362, 4.53853, 0.969206, 0.0409144, 291.089
8800, 0.00533621, 0.827274, 0.00847708, 0, 1.17279e-07, 6.56319e-06, 0, 0, 0.835757, 0.000218332, 0.00107562, 5.23324, 0.9692, 0.040896, 291.845
8801, 0.00178108, 0.840255, 0.00643327, 0, 4.50115e-08, 2.4841e-06, 0, 0, 0.846691, 7.28574e-05, 0.000438398, 6.33053, 0.969194, 0.0408775, 292.517
8802, 0.000379579, 0.850732, 0.00427485, 0, 1.16803e-08, 6.2292e-07, 0, 0, 0.855007, 1.5524e-05, 0.000120007, 7.87645, 0.969188, 0.0408592, 293.024
8803, 4.97811e-05, 0.858394, 0.00238452, 0, 1.9699e-09, 9.88189e-08, 0, 0, 0.860778, 2.03557e-06, 2.09494e-05, 9.90788, 0.969182, 0.0408412, 293.373
8804, 3.85434e-06, 0.863062, 0.00113208, 0, 2.06673e-10, 9.43151e-09, 0, 0, 0.864195, 1.57579e-07, 2.2067e-06, 12.4663, 0.969176, 0.0408231, 293.578
8805, 4.78182e-07, 0.864451, 0.000759877, 0, 3.44423e-11, 1.39973e-09, 0, 0, 0.865211, 1.95023e-08, 3.532e-07, 14.5533, 0.96917, 0.0408049, 293.636
8806, 6.44384e-06, 0.862569, 0.00130251, 0, 3.24435e-10, 1.48433e-08, 0, 0, 0.863871, 2.62444e-07, 3.3699e-06, 11.9524, 0.969164, 0.0407867, 293.551
8807, 7.89634e-05, 0.857537, 0.00266691, 0, 2.87322e-09, 1.43712e-07, 0, 0, 0.860204, 3.21539e-06, 2.92808e-05, 9.44653, 0.969158, 0.0407685, 293.324
8808, 0.00061356, 0.849212, 0.00467001, 0, 1.66535e-08, 8.86428e-07, 0, 0, 0.853883, 2.49787e-05, 0.000160691, 7.39623, 0.969152, 0.0407503, 292.934
8809, 0.0031228, 0.836893, 0.00697644, 0, 6.76512e-08, 3.71214e-06, 0, 0, 0.843873, 0.000127103, 0.000603948, 5.76902, 0.969146, 0.0407321, 292.315
8810, 0.0106515, 0.818986, 0.00926775, 0, 1.98001e-07, 1.08924e-05, 0, 0, 0.828265, 0.000433428, 0.00162192, 4.54205, 0.96914, 0.0407139, 291.341
8811, 0.0254625, 0.795037, 0.0113074, 0, 4.2895e-07, 2.32118e-05, 0, 0, 0.806368, 0.00103582, 0.00321823, 3.67055, 0.969134, 0.0406957, 289.956
8812, 0.0454499, 0.767494, 0.0129565, 0, 7.223e-07, 3.79905e-05, 0, 0, 0.780489, 0.00184834, 0.00496926, 3.09114, 0.969128, 0.0406774, 288.288
8813, 0.0647891, 0.740156, 0.01423, 0, 1.00159e-06, 5.08022e-05, 0, 0, 0.754438, 0.00263391, 0.00633894, 2.73662, 0.969122, 0.0406593, 286.572
8814, 0.0809852, 0.71636, 0.0151707, 0, 1.23737e-06, 6.04797e-05, 0, 0, 0.731592, 0.003291, 0.00726614, 2.51349, 0.969116, 0.0406412, 285.035
8815, 0.0955479, 0.699756, 0.0157358, 0, 1.44599e-06, 6.92064e-05, 0, 0, 0.715562, 0.00388117, 0.0081158, 2.34813, 0.96911, 0.040623, 283.936
8816, 0.105591, 0.691778, 0.0159732, 0, 1.58691e-06, 7.55609e-05, 0, 0, 0.707829, 0.00428731, 0.00876885, 2.24819, 0.969104, 0.0406048, 283.397
8817, 0.117011, 0.681489, 0.0161995, 0, 1.74509e-06, 8.20565e-05, 0, 0, 0.697772, 0.00474874, 0.00940746, 2.14549, 0.969098, 0.0405867, 282.693
8818, 0.13886, 0.660102, 0.0166177, 0, 2.04618e-06, 9.39195e-05, 0, 0, 0.676816, 0.00563284, 0.0105492, 1.97429, 0.969092, 0.0405686, 281.207
8819, 0.156511, 0.641903, 0.0169893, 0, 2.29383e-06, 0.000103384, 0, 0, 0.658998, 0.00634638, 0.011443, 1.85463, 0.969086, 0.0405504, 279.919
8820, 0.158156, 0.634177, 0.0172413, 0, 2.33739e-06, 0.000103561, 0, 0, 0.651524, 0.00641044, 0.0113692, 1.84418, 0.96908, 0.0405323, 279.37
8821, 0.163114, 0.623635, 0.0175176, 0, 2.43437e-06, 0.000105599, 0, 0, 0.64126, 0.00660817, 0.0114656, 1.8133, 0.969074, 0.0405142, 278.609
8822, 0.181428, 0.610134, 0.0176853, 0, 2.69233e-06, 0.000115851, 0, 0, 0.627938, 0.00734674, 0.012467, 1.70689, 0.969068, 0.0404961, 277.612
8823, 0.194161, 0.607066, 0.017625, 0, 2.84684e-06, 0.000123289, 0, 0, 0.624817, 0.0078591, 0.0132685, 1.63907, 0.969062, 0.040478, 277.373
8824, 0.196221, 0.611088, 0.0175477, 0, 2.857e-06, 0.000124689, 0, 0, 0.628764, 0.00793909, 0.0134561, 1.62851, 0.969056, 0.04046, 277.664
8825, 0.197382, 0.610595, 0.0176365, 0, 2.87886e-06, 0.000125309, 0, 0, 0.62836, 0.00798241, 0.0134932, 1.62262, 0.96905, 0.0404419, 277.629
8826, 0.205896, 0.597174, 0.017918, 0, 3.02991e-06, 0.00012903, 0, 0, 0.615224, 0.00832287, 0.0137426, 1.58038, 0.969044, 0.0404239, 276.632
8827, 0.214664, 0.576297, 0.0183171, 0, 3.20364e-06, 0.000131949, 0, 0, 0.59475, 0.0086736, 0.0138466, 1.53868, 0.969038, 0.0404058, 275.052
8828, 0.216683, 0.56263, 0.0186113, 0, 3.26996e-06, 0.000131471, 0, 0, 0.581376, 0.00875127, 0.0136576, 1.52932, 0.969032, 0.0403878, 273.998
8829, 0.230158, 0.552357, 0.0186934, 0, 3.45924e-06, 0.00013817, 0, 0, 0.571192, 0.0092909, 0.0142755, 1.46899, 0.969026, 0.0403697, 273.183
8830, 0.262852, 0.537384, 0.0186593, 0, 3.89306e-06, 0.000155441, 0, 0, 0.556203, 0.0106058, 0.015982, 1.33616, 0.96902, 0.0403517, 271.969
8831, 0.288742, 0.526498, 0.018624, 0, 4.23463e-06, 0.000168945, 0, 0, 0.545295, 0.0116458, 0.017317, 1.24222, 0.969014, 0.0403337, 271.069
8832, 0.284969, 0.530776, 0.0186014, 0, 4.17737e-06, 0.00016684, 0, 0, 0.549548, 0.0114891, 0.0171187, 1.25537, 0.969008, 0.0403157, 271.414
8833, 0.257174, 0.54814, 0.0185637, 0, 3.79382e-06, 0.000152164, 0, 0, 0.56686, 0.0103642, 0.0156962, 1.358, 0.969002, 0.0402977, 272.815
8834, 0.23268, 0.561967, 0.0185603, 0, 3.45884e-06, 0.000139611, 0, 0, 0.58067, 0.00937258, 0.0144794, 1.45809, 0.968996, 0.0402797, 273.912
8835, 0.231815, 0.556981, 0.0186726, 0, 3.46486e-06, 0.00013942, 0, 0, 0.575796, 0.00933298, 0.0144241, 1.46182, 0.96899, 0.0402617, 273.52
8836, 0.255885, 0.536192, 0.0188197, 0, 3.82274e-06, 0.000151616, 0, 0, 0.555167, 0.0102971, 0.015536, 1.36303, 0.968984, 0.0402437, 271.853
8837, 0.287057, 0.515928, 0.0188992, 0, 4.2643e-06, 0.000167267, 0, 0, 0.534999, 0.0115466, 0.0170033, 1.24807, 0.968978, 0.0402257, 270.183
8838, 0.293858, 0.508028, 0.0190046, 0, 4.37692e-06, 0.000170564, 0, 0, 0.527207, 0.0118156, 0.0172711, 1.22466, 0.968972, 0.0402078, 269.523
8839, 0.276327, 0.509345, 0.0191686, 0, 4.17356e-06, 0.000161584, 0, 0, 0.528679, 0.0111059, 0.0163303, 1.28617, 0.968966, 0.0401898, 269.642
8840, 0.26635, 0.509394, 0.0192656, 0, 4.06062e-06, 0.000156017, 0, 0, 0.52882, 0.0106997, 0.01574, 1.32294, 0.96896, 0.0401719, 269.648
8841, 0.279129, 0.503808, 0.0192388, 0, 4.23067e-06, 0.000162115, 0, 0, 0.523214, 0.0112077, 0.0163258, 1.27608, 0.968954, 0.0401539, 269.169
8842, 0.298602, 0.497276, 0.0191695, 0, 4.48338e-06, 0.00017247, 0, 0, 0.516622, 0.0119844, 0.0173536, 1.20865, 0.968948, 0.040136, 268.602
8843, 0.305283, 0.495184, 0.0191532, 0, 4.5676e-06, 0.000176243, 0, 0, 0.514518, 0.0122474, 0.017732, 1.18652, 0.968942, 0.0401181, 268.416
8844, 0.299649, 0.497778, 0.0191724, 0, 4.49051e-06, 0.000173337, 0, 0, 0.517128, 0.0120162, 0.0174493, 1.20514, 0.968936, 0.0401001, 268.634
8845, 0.289085, 0.50272, 0.0191885, 0, 4.34597e-06, 0.000167647, 0, 0, 0.522081, 0.0115874, 0.0168949, 1.24103, 0.96893, 0.0400822, 269.051
8846, 0.28013, 0.506924, 0.0191992, 0, 4.21701e-06, 0.000162237, 0, 0, 0.526289, 0.0112233, 0.0163632, 1.2725, 0.968924, 0.0400643, 269.403
8847, 0.277703, 0.508223, 0.0191917, 0, 4.1734e-06, 0.000160023, 0, 0, 0.527579, 0.011121, 0.016145, 1.2812, 0.968918, 0.0400463, 269.507
8848, 0.274951, 0.51307, 0.0191021, 0, 4.11805e-06, 0.000158521, 0, 0, 0.532335, 0.011006, 0.016037, 1.29116, 0.968912, 0.0400283, 269.902
8849, 0.257217, 0.534616, 0.0188161, 0, 3.82996e-06, 0.000150454, 0, 0, 0.553586, 0.0102919, 0.0153765, 1.35783, 0.968906, 0.0400104, 271.657
8850, 0.232102, 0.565745, 0.0184044, 0, 3.42565e-06, 0.000139024, 0, 0, 0.584292, 0.00928266, 0.0144378, 1.46058, 0.9689, 0.0399925, 274.119
8851, 0.238323, 0.568851, 0.018282, 0, 3.48722e-06, 0.000142684, 0, 0, 0.587279, 0.00952624, 0.0148552, 1.43413, 0.968894, 0.0399746, 274.349
8852, 0.277078, 0.536609, 0.018592, 0, 4.0496e-06, 0.000161229, 0, 0, 0.555366, 0.0110703, 0.016533, 1.28346, 0.968888, 0.0399567, 271.788
8853, 0.301328, 0.506507, 0.0189867, 0, 4.43726e-06, 0.000171225, 0, 0, 0.525669, 0.0120345, 0.0173105, 1.19955, 0.968882, 0.0399387, 269.314
8854, 0.302343, 0.494042, 0.0192296, 0, 4.50054e-06, 0.000170326, 0, 0, 0.513447, 0.0120698, 0.01709, 1.19619, 0.968876, 0.0399208, 268.265
8855, 0.301341, 0.490099, 0.0193195, 0, 4.51817e-06, 0.000170347, 0, 0, 0.509594, 0.0120243, 0.0170503, 1.19951, 0.96887, 0.0399027, 267.927
8856, 0.302165, 0.489094, 0.0193421, 0, 4.53973e-06, 0.000171127, 0, 0, 0.508612, 0.0120517, 0.0171221, 1.19678, 0.968864, 0.0398845, 267.837
8857, 0.301328, 0.489696, 0.0193532, 0, 4.52792e-06, 0.000170377, 0, 0, 0.509224, 0.0120129, 0.017045, 1.19955, 0.968858, 0.0398663, 267.884
8858, 0.30344, 0.489348, 0.0193462, 0, 4.54921e-06, 0.000170967, 0, 0, 0.50887, 0.0120914, 0.0170981, 1.19257, 0.968852, 0.0398481, 267.848
8859, 0.309032, 0.488505, 0.0192984, 0, 4.6062e-06, 0.000172823, 0, 0, 0.507981, 0.0123086, 0.0172874, 1.17431, 0.968846, 0.0398299, 267.766
8860, 0.317697, 0.490171, 0.0191666, 0, 4.68805e-06, 0.000177558, 0, 0, 0.50952, 0.0126477, 0.0178145, 1.14666, 0.96884, 0.0398113, 267.894
8861, 0.328494, 0.490885, 0.0190453, 0, 4.80318e-06, 0.000184519, 0, 0, 0.51012, 0.0130713, 0.0185628, 1.11324, 0.968834, 0.0397924, 267.94
8862, 0.340055, 0.485203, 0.0190553, 0, 4.96082e-06, 0.000190775, 0, 0, 0.504455, 0.0135247, 0.0191554, 1.07865, 0.968828, 0.0397729, 267.443
8863, 0.348104, 0.479046, 0.0191129, 0, 5.08483e-06, 0.000194267, 0, 0, 0.498358, 0.013838, 0.0194451, 1.05525, 0.968822, 0.0397526, 266.904
8864, 0.340927, 0.478807, 0.0191953, 0, 5.00587e-06, 0.000189592, 0, 0, 0.498197, 0.0135457, 0.0189452, 1.07609, 0.968816, 0.0397304, 266.885
8865, 0.317241, 0.482688, 0.0193448, 0, 4.71222e-06, 0.000175873, 0, 0, 0.502213, 0.0125966, 0.0175483, 1.14809, 0.96881, 0.0397041, 267.232
8866, 0.297987, 0.485601, 0.0194684, 0, 4.46889e-06, 0.000164612, 0, 0, 0.505238, 0.0118188, 0.0164008, 1.21071, 0.968804, 0.0396625, 267.49
8867, 0.299329, 0.48485, 0.0194726, 0, 4.47281e-06, 0.00016476, 0, 0, 0.504492, 0.0118347, 0.0164082, 1.20621, 0.968798, 0.0395503, 267.42
8868, 0.317825, 0.481328, 0.0193711, 0, 4.66806e-06, 0.000174167, 0, 0, 0.500878, 0.012463, 0.0173606, 1.14625, 0.968792, 0.0392327, 267.099
8869, 0.332306, 0.479332, 0.0192798, 0, 4.79562e-06, 0.000181358, 0, 0, 0.498798, 0.0128888, 0.0181038, 1.1017, 0.968786, 0.0387766, 266.911
8870, 0.32612, 0.482911, 0.0192798, 0, 4.70272e-06, 0.000178691, 0, 0, 0.502375, 0.0126252, 0.017862, 1.12049, 0.96878, 0.0387142, 267.219
8871, 0.3019, 0.492038, 0.0193397, 0, 4.42451e-06, 0.000167263, 0, 0, 0.511549, 0.0117976, 0.0167413, 1.19766, 0.968774, 0.0391141, 268.011
8872, 0.281735, 0.499943, 0.0193793, 0, 4.18688e-06, 0.00015698, 0, 0, 0.519483, 0.0111045, 0.0157276, 1.26679, 0.968768, 0.0394335, 268.687
8873, 0.29493, 0.49724, 0.0193088, 0, 4.36367e-06, 0.000164223, 0, 0, 0.516717, 0.0116585, 0.0164562, 1.22102, 0.968762, 0.0395316, 268.445
8874, 0.325168, 0.487977, 0.0192048, 0, 4.75918e-06, 0.000180842, 0, 0, 0.507368, 0.0128581, 0.0181106, 1.12341, 0.968756, 0.039543, 267.632
8875, 0.340003, 0.48205, 0.0191844, 0, 4.95676e-06, 0.000189167, 0, 0, 0.501429, 0.0134421, 0.0189303, 1.0788, 0.96875, 0.0395353, 267.109
8876, 0.341426, 0.481487, 0.0191882, 0, 4.973e-06, 0.000190188, 0, 0, 0.500871, 0.0134941, 0.0190373, 1.07462, 0.968744, 0.0395227, 267.055
8877, 0.340438, 0.484167, 0.019142, 0, 4.94504e-06, 0.000189787, 0, 0, 0.503504, 0.0134501, 0.0190289, 1.07752, 0.968738, 0.039508, 267.28
8878, 0.331473, 0.489419, 0.0191127, 0, 4.81523e-06, 0.000185355, 0, 0, 0.508722, 0.0130909, 0.0186238, 1.10421, 0.968732, 0.0394924, 267.729
8879, 0.30809, 0.497205, 0.0191767, 0, 4.50869e-06, 0.000172744, 0, 0, 0.516559, 0.0121628, 0.0173803, 1.17736, 0.968726, 0.0394761, 268.4
8880, 0.273796, 0.507574, 0.0193109, 0, 4.06149e-06, 0.000153151, 0, 0, 0.527043, 0.0108045, 0.0154215, 1.29537, 0.96872, 0.0394596, 269.289
8881, 0.252483, 0.519228, 0.019322, 0, 3.76566e-06, 0.000141761, 0, 0, 0.538695, 0.00995872, 0.0143287, 1.37641, 0.968714, 0.0394427, 270.263
8882, 0.263092, 0.525588, 0.0191328, 0, 3.86841e-06, 0.000149297, 0, 0, 0.544873, 0.0103721, 0.0151743, 1.33525, 0.968708, 0.0394258, 270.772
8883, 0.286581, 0.516662, 0.0190723, 0, 4.17297e-06, 0.000161767, 0, 0, 0.5359, 0.0112934, 0.0164009, 1.24973, 0.968702, 0.0394087, 270.019
8884, 0.29729, 0.500902, 0.0192461, 0, 4.35281e-06, 0.000165115, 0, 0, 0.520317, 0.0117106, 0.0165998, 1.21305, 0.968696, 0.0393915, 268.696
8885, 0.304731, 0.4906, 0.0193648, 0, 4.48532e-06, 0.000167812, 0, 0, 0.510138, 0.0119983, 0.0167727, 1.18833, 0.96869, 0.0393743, 267.814
8886, 0.314726, 0.486002, 0.0193587, 0, 4.63138e-06, 0.000173711, 0, 0, 0.505539, 0.0123866, 0.0173441, 1.15605, 0.968684, 0.039357, 267.41
8887, 0.313369, 0.486534, 0.0193627, 0, 4.62444e-06, 0.000174348, 0, 0, 0.506075, 0.012328, 0.0174209, 1.16038, 0.968678, 0.0393397, 267.451
8888, 0.305417, 0.490165, 0.0193782, 0, 4.53295e-06, 0.00017243, 0, 0, 0.50972, 0.0120099, 0.017255, 1.18608, 0.968672, 0.0393224, 267.762
8889, 0.297899, 0.494016, 0.019386, 0, 4.44003e-06, 0.000170447, 0, 0, 0.513577, 0.0117091, 0.0170849, 1.211, 0.968666, 0.0393051, 268.091
8890, 0.294447, 0.495504, 0.0193946, 0, 4.39116e-06, 0.000169134, 0, 0, 0.515073, 0.0115682, 0.0169648, 1.22265, 0.96866, 0.0392878, 268.214
8891, 0.297956, 0.494085, 0.0193926, 0, 4.42638e-06, 0.000170353, 0, 0, 0.513652, 0.0117007, 0.0170809, 1.21081, 0.968654, 0.0392705, 268.087
8892, 0.308324, 0.491504, 0.0193481, 0, 4.53875e-06, 0.000174167, 0, 0, 0.51103, 0.0121025, 0.0174546, 1.1766, 0.968648, 0.0392532, 267.855
8893, 0.305491, 0.493052, 0.0193474, 0, 4.48518e-06, 0.000170619, 0, 0, 0.512574, 0.0119865, 0.0170934, 1.18584, 0.968642, 0.0392359, 267.983
8894, 0.283243, 0.500655, 0.0194121, 0, 4.19316e-06, 0.00015723, 0, 0, 0.520229, 0.0111089, 0.0157569, 1.26145, 0.968636, 0.0392185, 268.636
8895, 0.26782, 0.511413, 0.0193436, 0, 3.97088e-06, 0.000149149, 0, 0, 0.530909, 0.0104991, 0.0150042, 1.31744, 0.96863, 0.0392012, 269.538
8896, 0.24906, 0.533993, 0.0190298, 0, 3.66954e-06, 0.000141179, 0, 0, 0.553168, 0.00975979, 0.0143451, 1.39006, 0.968624, 0.0391839, 271.386
8897, 0.205577, 0.575858, 0.0184742, 0, 3.02713e-06, 0.000120033, 0, 0, 0.594455, 0.00805268, 0.0124372, 1.58193, 0.968618, 0.0391666, 274.69
8898, 0.17962, 0.605032, 0.0180224, 0, 2.63335e-06, 0.000107518, 0, 0, 0.623165, 0.00703194, 0.0113515, 1.71691, 0.968612, 0.0391492, 276.898
8899, 0.209733, 0.585342, 0.0182018, 0, 3.03403e-06, 0.000123591, 0, 0, 0.60367, 0.00820621, 0.0129216, 1.56192, 0.968606, 0.0391319, 275.399
8900, 0.259345, 0.543653, 0.0187072, 0, 3.73224e-06, 0.000148882, 0, 0, 0.562512, 0.0101433, 0.0152811, 1.3496, 0.9686, 0.0391146, 272.129
8901, 0.286955, 0.518929, 0.0190038, 0, 4.13008e-06, 0.000162289, 0, 0, 0.538099, 0.0112188, 0.0164958, 1.24843, 0.968594, 0.0390973, 270.112
8902, 0.301549, 0.511048, 0.0190352, 0, 4.32391e-06, 0.000169366, 0, 0, 0.530257, 0.0117843, 0.0171694, 1.19882, 0.968588, 0.03908, 269.447
8903, 0.309113, 0.510487, 0.0189782, 0, 4.40847e-06, 0.000173511, 0, 0, 0.529643, 0.0120747, 0.0176035, 1.17405, 0.968582, 0.0390627, 269.39
8904, 0.306602, 0.513811, 0.0189362, 0, 4.36067e-06, 0.000172732, 0, 0, 0.532924, 0.0119715, 0.0175614, 1.1822, 0.968576, 0.0390454, 269.662
8905, 0.30051, 0.519361, 0.0188788, 0, 4.26452e-06, 0.000169914, 0, 0, 0.538414, 0.0117285, 0.0173258, 1.20228, 0.96857, 0.0390281, 270.118
8906, 0.290484, 0.527887, 0.0187967, 0, 4.11491e-06, 0.000164691, 0, 0, 0.546853, 0.0113323, 0.0168573, 1.23621, 0.968564, 0.0390109, 270.815
8907, 0.264208, 0.541787, 0.0187627, 0, 3.76174e-06, 0.000150196, 0, 0, 0.560704, 0.0103032, 0.0154345, 1.33102, 0.968558, 0.0389936, 271.948
8908, 0.22142, 0.559967, 0.0187972, 0, 3.20467e-06, 0.000126192, 0, 0, 0.578894, 0.00863104, 0.0130197, 1.50769, 0.968552, 0.0389764, 273.409
8909, 0.19258, 0.576384, 0.0187121, 0, 2.8184e-06, 0.000111251, 0, 0, 0.59521, 0.00750301, 0.011572, 1.64725, 0.968546, 0.0389592, 274.693
8910, 0.190843, 0.590409, 0.0183722, 0, 2.75883e-06, 0.000113559, 0, 0, 0.608898, 0.00743173, 0.0119807, 1.6563, 0.96854, 0.0389419, 275.752
8911, 0.188908, 0.608908, 0.0178783, 0, 2.68156e-06, 0.000115673, 0, 0, 0.626904, 0.00735337, 0.0124194, 1.6665, 0.968534, 0.0389247, 277.122
8912, 0.171996, 0.635327, 0.0172565, 0, 2.41004e-06, 0.000107995, 0, 0, 0.652694, 0.00669243, 0.0118546, 1.76028, 0.968528, 0.0389075, 279.043
8913, 0.141336, 0.670697, 0.0163758, 0, 1.97221e-06, 9.17025e-05, 0, 0, 0.687167, 0.00549734, 0.0103707, 1.95662, 0.968522, 0.0388904, 281.536
8914, 0.0996031, 0.715544, 0.015013, 0, 1.40537e-06, 6.81199e-05, 0, 0, 0.730627, 0.0038728, 0.00802846, 2.30656, 0.968516, 0.0388732, 284.565
8915, 0.0560637, 0.765214, 0.0128769, 0, 8.17537e-07, 4.14121e-05, 0, 0, 0.778133, 0.00217922, 0.00515571, 2.88127, 0.96851, 0.038856, 287.746
8916, 0.0232058, 0.810151, 0.00980745, 0, 3.58994e-07, 1.88928e-05, 0, 0, 0.819977, 0.000901788, 0.0025127, 3.76335, 0.968504, 0.0388388, 290.445
8917, 0.0064255, 0.842349, 0.00620461, 0, 1.08511e-07, 5.85239e-06, 0, 0, 0.848559, 0.000249646, 0.000837964, 5.04748, 0.968498, 0.0388216, 292.237
8918, 0.00108832, 0.859974, 0.00326266, 0, 2.07311e-08, 1.12633e-06, 0, 0, 0.863238, 4.22769e-05, 0.000174953, 6.82312, 0.968492, 0.0388044, 293.141
8919, 0.000106409, 0.865332, 0.00221385, 0, 2.47001e-09, 1.29811e-07, 0, 0, 0.867546, 4.13286e-06, 2.25078e-05, 9.14822, 0.968486, 0.0387873, 293.402
8920, 2.69383e-05, 0.863474, 0.00280365, 0, 8.66216e-10, 3.85592e-08, 0, 0, 0.866277, 1.04348e-06, 7.83615e-06, 10.522, 0.96848, 0.0387702, 293.321
8921, 0.000329529, 0.860018, 0.0036694, 0, 6.49082e-09, 3.46808e-07, 0, 0, 0.863688, 1.27541e-05, 5.55108e-05, 8.01785, 0.968474, 0.0387531, 293.159
8922, 0.00280174, 0.852402, 0.00490494, 0, 4.7766e-08, 2.5981e-06, 0, 0, 0.85731, 0.000108424, 0.000379095, 5.87751, 0.968468, 0.038736, 292.763
8923, 0.013546, 0.829905, 0.0076286, 0, 2.1216e-07, 1.12888e-05, 0, 0, 0.837545, 0.000524126, 0.00153439, 4.30166, 0.968462, 0.0387189, 291.53
8924, 0.0400758, 0.787726, 0.011229, 0, 5.91509e-07, 3.03568e-05, 0, 0, 0.798986, 0.0015503, 0.00385937, 3.21698, 0.968456, 0.0387018, 289.073
8925, 0.0807428, 0.734581, 0.0141891, 0, 1.14909e-06, 5.64075e-05, 0, 0, 0.748828, 0.00312261, 0.0067567, 2.51649, 0.96845, 0.0386847, 285.76
8926, 0.126548, 0.683495, 0.0160265, 0, 1.76528e-06, 8.27598e-05, 0, 0, 0.699606, 0.00489238, 0.00944362, 2.06713, 0.968444, 0.0386676, 282.364
8927, 0.170146, 0.640613, 0.0170775, 0, 2.35291e-06, 0.000105923, 0, 0, 0.657798, 0.00657542, 0.0116681, 1.7711, 0.968438, 0.0386505, 279.354
8928, 0.206433, 0.606708, 0.0177176, 0, 2.85105e-06, 0.000124153, 0, 0, 0.624553, 0.00797457, 0.0133458, 1.57778, 0.968432, 0.0386334, 276.868
8929, 0.235124, 0.580989, 0.0181237, 0, 3.25102e-06, 0.000137951, 0, 0, 0.599254, 0.00907913, 0.0145795, 1.44764, 0.968426, 0.0386164, 274.916
8930, 0.25512, 0.562306, 0.0184038, 0, 3.53797e-06, 0.000147286, 0, 0, 0.58086, 0.00984717, 0.0153842, 1.36602, 0.96842, 0.0385994, 273.461
8931, 0.263724, 0.549726, 0.0186361, 0, 3.67962e-06, 0.000150547, 0, 0, 0.568517, 0.010175, 0.0155895, 1.33285, 0.968414, 0.0385823, 272.466
8932, 0.258264, 0.542667, 0.0188706, 0, 3.64195e-06, 0.000145772, 0, 0, 0.561687, 0.00996024, 0.0149866, 1.35377, 0.968408, 0.0385653, 271.907
8933, 0.248504, 0.538769, 0.0190696, 0, 3.54646e-06, 0.000139063, 0, 0, 0.557981, 0.00957952, 0.0142131, 1.3923, 0.968402, 0.0385483, 271.599
8934, 0.247049, 0.53647, 0.0191449, 0, 3.54489e-06, 0.000138539, 0, 0, 0.555757, 0.00951911, 0.0141319, 1.39817, 0.968396, 0.0385313, 271.412
8935, 0.245469, 0.538675, 0.019127, 0, 3.52198e-06, 0.000138939, 0, 0, 0.557945, 0.00945418, 0.0142022, 1.40458, 0.96839, 0.0385143, 271.586
8936, 0.235167, 0.543138, 0.0191551, 0, 3.38131e-06, 0.000133865, 0, 0, 0.562431, 0.00905354, 0.0137037, 1.44746, 0.968384, 0.0384973, 271.948
8937, 0.228012, 0.541589, 0.0192692, 0, 3.30014e-06, 0.000129813, 0, 0, 0.560991, 0.00877388, 0.0132518, 1.47836, 0.968378, 0.0384802, 271.826
8938, 0.244929, 0.533907, 0.0192584, 0, 3.5296e-06, 0.00013923, 0, 0, 0.553308, 0.00942025, 0.0141761, 1.40679, 0.968372, 0.0384633, 271.191
8939, 0.267444, 0.531839, 0.019068, 0, 3.79754e-06, 0.000151748, 0, 0, 0.551062, 0.010282, 0.015491, 1.31885, 0.968366, 0.0384463, 271.001
8940, 0.268081, 0.542765, 0.0188188, 0, 3.76313e-06, 0.00015283, 0, 0, 0.561741, 0.0103023, 0.0157192, 1.31647, 0.96836, 0.0384294, 271.872
8941, 0.264327, 0.549964, 0.0186925, 0, 3.69314e-06, 0.000151053, 0, 0, 0.568812, 0.0101534, 0.0156054, 1.33057, 0.968354, 0.0384125, 272.442
8942, 0.27421, 0.54022, 0.0187919, 0, 3.83508e-06, 0.000154948, 0, 0, 0.559171, 0.0105282, 0.0159298, 1.29386, 0.968348, 0.0383955, 271.653
8943, 0.272248, 0.533707, 0.0189344, 0, 3.82896e-06, 0.000152304, 0, 0, 0.552798, 0.0104488, 0.0155884, 1.30104, 0.968342, 0.0383786, 271.125
8944, 0.244646, 0.548171, 0.0188255, 0, 3.46342e-06, 0.000137948, 0, 0, 0.567138, 0.00938571, 0.0142041, 1.40794, 0.968336, 0.0383617, 272.292
8945, 0.206241, 0.587798, 0.0180271, 0, 2.91281e-06, 0.000120076, 0, 0, 0.605948, 0.00790915, 0.0126376, 1.57871, 0.96833, 0.0383448, 275.364
8946, 0.151451, 0.656273, 0.016183, 0, 2.1227e-06, 9.25928e-05, 0, 0, 0.672551, 0.00580607, 0.0101199, 1.88749, 0.968324, 0.0383279, 280.35
8947, 0.0959109, 0.723322, 0.0141478, 0, 1.34397e-06, 6.22301e-05, 0, 0, 0.737533, 0.00367516, 0.00714625, 2.34434, 0.968318, 0.038311, 284.911
8948, 0.0969861, 0.725535, 0.0140455, 0, 1.34868e-06, 6.24231e-05, 0, 0, 0.739644, 0.00371319, 0.0071722, 2.33319, 0.968312, 0.0382941, 285.052
8949, 0.163357, 0.657235, 0.0159706, 0, 2.24717e-06, 9.80803e-05, 0, 0, 0.673306, 0.00625123, 0.0106994, 1.81182, 0.968306, 0.0382772, 280.392
8950, 0.234243, 0.581796, 0.017851, 0, 3.23608e-06, 0.000134198, 0, 0, 0.599784, 0.00896117, 0.0140937, 1.4514, 0.9683, 0.0382603, 274.862
8951, 0.262249, 0.539915, 0.018848, 0, 3.67381e-06, 0.000145984, 0, 0, 0.558912, 0.0100292, 0.0149895, 1.33846, 0.968294, 0.0382435, 271.589
8952, 0.258077, 0.52536, 0.0193012, 0, 3.67379e-06, 0.000141371, 0, 0, 0.544807, 0.00986552, 0.0143411, 1.3545, 0.968288, 0.0382266, 270.419
8953, 0.257471, 0.522582, 0.0194003, 0, 3.6871e-06, 0.000140694, 0, 0, 0.542127, 0.00983784, 0.0142252, 1.35685, 0.968282, 0.0382098, 270.191
8954, 0.26089, 0.5274, 0.01929, 0, 3.72229e-06, 0.000143378, 0, 0, 0.546837, 0.00996411, 0.0145372, 1.34366, 0.968276, 0.038193, 270.578
8955, 0.266239, 0.531513, 0.0191689, 0, 3.77536e-06, 0.00014722, 0, 0, 0.550833, 0.0101638, 0.014972, 1.32336, 0.96827, 0.0381762, 270.905
8956, 0.282778, 0.524343, 0.0191549, 0, 3.9916e-06, 0.000156702, 0, 0, 0.543659, 0.0107903, 0.01591, 1.26309, 0.968264, 0.0381594, 270.304
8957, 0.297247, 0.513726, 0.0192287, 0, 4.19297e-06, 0.000164412, 0, 0, 0.533124, 0.0113376, 0.0166296, 1.21319, 0.968258, 0.0381426, 269.414
8958, 0.303926, 0.506409, 0.01932, 0, 4.28942e-06, 0.000167367, 0, 0, 0.5259, 0.0115873, 0.0168701, 1.19097, 0.968252, 0.0381257, 268.796
8959, 0.308642, 0.499929, 0.0194123, 0, 4.36052e-06, 0.000169153, 0, 0, 0.519515, 0.0117619, 0.0169938, 1.17557, 0.968246, 0.0381089, 268.244
8960, 0.319484, 0.493889, 0.0194296, 0, 4.50228e-06, 0.000174022, 0, 0, 0.513497, 0.0121695, 0.0174461, 1.14105, 0.96824, 0.0380921, 267.719
8961, 0.332882, 0.489612, 0.0193816, 0, 4.66759e-06, 0.000180114, 0, 0, 0.509178, 0.0126744, 0.0180418, 1.09997, 0.968234, 0.0380754, 267.338
8962, 0.338767, 0.488186, 0.0193477, 0, 4.73686e-06, 0.000182698, 0, 0, 0.507721, 0.012893, 0.0182985, 1.08244, 0.968228, 0.0380586, 267.206
8963, 0.335986, 0.490405, 0.0193284, 0, 4.69452e-06, 0.000181262, 0, 0, 0.509919, 0.0127817, 0.0181687, 1.09069, 0.968222, 0.0380419, 267.393
8964, 0.320567, 0.500333, 0.0192849, 0, 4.48144e-06, 0.000173532, 0, 0, 0.519796, 0.0121901, 0.0174386, 1.13766, 0.968216, 0.0380251, 268.243
8965, 0.287966, 0.520418, 0.0192123, 0, 4.03618e-06, 0.000157018, 0, 0, 0.539791, 0.0109458, 0.0158616, 1.24491, 0.96821, 0.0380084, 269.937
8966, 0.259372, 0.534501, 0.0192133, 0, 3.65489e-06, 0.000142334, 0, 0, 0.55386, 0.00985425, 0.0144395, 1.34949, 0.968204, 0.0379916, 271.102
8967, 0.260248, 0.527056, 0.019348, 0, 3.68341e-06, 0.000142384, 0, 0, 0.54655, 0.00988256, 0.0144061, 1.34612, 0.968198, 0.0379748, 270.492
8968, 0.282959, 0.512549, 0.0194164, 0, 3.99043e-06, 0.000154236, 0, 0, 0.532123, 0.0107401, 0.0155457, 1.26245, 0.968192, 0.0379582, 269.276
8969, 0.299111, 0.510712, 0.0192884, 0, 4.18006e-06, 0.00016353, 0, 0, 0.530168, 0.0113487, 0.0165186, 1.20694, 0.968186, 0.0379416, 269.105
8970, 0.286189, 0.528366, 0.0190443, 0, 3.96938e-06, 0.000157829, 0, 0, 0.547572, 0.0108542, 0.016078, 1.2511, 0.96818, 0.0379249, 270.562
8971, 0.256559, 0.553632, 0.0188228, 0, 3.54738e-06, 0.000143376, 0, 0, 0.572602, 0.00972616, 0.0147655, 1.3604, 0.968174, 0.0379083, 272.607
8972, 0.252609, 0.557194, 0.0187957, 0, 3.49048e-06, 0.000141571, 0, 0, 0.576135, 0.00957146, 0.0146078, 1.37591, 0.968168, 0.0378916, 272.887
8973, 0.277564, 0.537253, 0.0189566, 0, 3.83676e-06, 0.000153772, 0, 0, 0.556367, 0.0105122, 0.0157383, 1.2817, 0.968162, 0.037875, 271.275
8974, 0.29259, 0.519799, 0.0191635, 0, 4.06535e-06, 0.000160624, 0, 0, 0.539127, 0.0110769, 0.0163152, 1.22898, 0.968156, 0.0378584, 269.837
8975, 0.291837, 0.511998, 0.0193302, 0, 4.08751e-06, 0.000159383, 0, 0, 0.531491, 0.0110436, 0.0161101, 1.23156, 0.96815, 0.0378417, 269.188
8976, 0.298224, 0.507578, 0.0193642, 0, 4.17774e-06, 0.000161945, 0, 0, 0.527108, 0.0112801, 0.01633, 1.20991, 0.968144, 0.0378251, 268.81
8977, 0.311219, 0.504859, 0.0193031, 0, 4.33092e-06, 0.000168473, 0, 0, 0.524335, 0.0117665, 0.0169892, 1.16726, 0.968138, 0.0378084, 268.568
8978, 0.312098, 0.506134, 0.0192745, 0, 4.33161e-06, 0.000169437, 0, 0, 0.525582, 0.0117949, 0.0171079, 1.16444, 0.968132, 0.0377917, 268.67
8979, 0.300529, 0.510169, 0.0193112, 0, 4.18509e-06, 0.00016412, 0, 0, 0.529648, 0.0113527, 0.0165905, 1.20221, 0.968126, 0.037775, 269.012
8980, 0.28993, 0.51335, 0.0193538, 0, 4.0517e-06, 0.000158753, 0, 0, 0.532866, 0.0109475, 0.0160603, 1.23812, 0.96812, 0.0377585, 269.28
8981, 0.286683, 0.515269, 0.0193399, 0, 4.00179e-06, 0.000156582, 0, 0, 0.53477, 0.0108201, 0.0158555, 1.24938, 0.968114, 0.0377421, 269.436
8982, 0.280427, 0.518873, 0.019312, 0, 3.911e-06, 0.000152566, 0, 0, 0.538342, 0.0105794, 0.0154697, 1.27144, 0.968108, 0.0377255, 269.733
8983, 0.277627, 0.523043, 0.0192373, 0, 3.85864e-06, 0.000150727, 0, 0, 0.542435, 0.010469, 0.0153201, 1.28148, 0.968102, 0.037709, 270.071
8984, 0.283096, 0.526787, 0.019098, 0, 3.90107e-06, 0.000154256, 0, 0, 0.546043, 0.0106706, 0.0157376, 1.26197, 0.968096, 0.0376924, 270.368
8985, 0.276522, 0.534116, 0.0190081, 0, 3.7971e-06, 0.000152209, 0, 0, 0.55328, 0.0104185, 0.0155987, 1.28546, 0.96809, 0.0376759, 270.964
8986, 0.260421, 0.545217, 0.0189258, 0, 3.57638e-06, 0.00014511, 0, 0, 0.564291, 0.00980757, 0.0149569, 1.34545, 0.968084, 0.0376593, 271.864
8987, 0.249124, 0.558611, 0.0187237, 0, 3.40129e-06, 0.000140225, 0, 0, 0.577478, 0.0093779, 0.0145757, 1.38981, 0.968078, 0.0376428, 272.926
8988, 0.236065, 0.576672, 0.0184021, 0, 3.19274e-06, 0.000134408, 0, 0, 0.595212, 0.00888259, 0.0141403, 1.44365, 0.968072, 0.0376263, 274.333
8989, 0.213157, 0.599663, 0.0180389, 0, 2.86744e-06, 0.000123384, 0, 0, 0.617829, 0.00801732, 0.0131724, 1.54573, 0.968066, 0.0376097, 276.088
8990, 0.181689, 0.626313, 0.0176305, 0, 2.44847e-06, 0.000107663, 0, 0, 0.644054, 0.00683092, 0.0116938, 1.70546, 0.96806, 0.0375929, 278.071
8991, 0.145925, 0.660193, 0.0169417, 0, 1.97686e-06, 8.96202e-05, 0, 0, 0.677226, 0.00548407, 0.00998597, 1.92466, 0.968054, 0.0375764, 280.507
8992, 0.106745, 0.704769, 0.0156661, 0, 1.45866e-06, 6.91039e-05, 0, 0, 0.720505, 0.00401016, 0.00800054, 2.23731, 0.968048, 0.0375601, 283.572
8993, 0.0641057, 0.756939, 0.0135385, 0, 8.97349e-07, 4.45747e-05, 0, 0, 0.770523, 0.00240757, 0.00543037, 2.74722, 0.968042, 0.0375437, 286.97
8994, 0.0281912, 0.806398, 0.0103864, 0, 4.15113e-07, 2.14821e-05, 0, 0, 0.816806, 0.0010585, 0.0027873, 3.56874, 0.968036, 0.0375273, 289.989
8995, 0.0082598, 0.842575, 0.00663201, 0, 1.3197e-07, 7.03145e-06, 0, 0, 0.849215, 0.000310066, 0.000981189, 4.79636, 0.96803, 0.0375109, 292.037
8996, 0.00154283, 0.861538, 0.00372198, 0, 2.78366e-08, 1.50179e-06, 0, 0, 0.865262, 5.79014e-05, 0.000227951, 6.47414, 0.968024, 0.0374945, 293.032
8997, 0.000833046, 0.86376, 0.00335722, 0, 1.61022e-08, 8.5438e-07, 0, 0, 0.867118, 3.12004e-05, 0.000134044, 7.09042, 0.968018, 0.037478, 293.144
8998, 0.00428296, 0.850236, 0.00571746, 0, 7.29503e-08, 3.87297e-06, 0, 0, 0.855957, 0.000160318, 0.000559611, 5.45311, 0.968012, 0.0374616, 292.449
8999, 0.015929, 0.821908, 0.00929933, 0, 2.49005e-07, 1.30357e-05, 0, 0, 0.831221, 0.000596124, 0.00175961, 4.13962, 0.968006, 0.0374451, 290.892
9000, 0.0401489, 0.781102, 0.0125519, 0, 5.87275e-07, 2.97291e-05, 0, 0, 0.793684, 0.00150212, 0.00374858, 3.21516, 0.968002, 0.0374287, 288.474
9001, 0.0775825, 0.732361, 0.014893, 0, 1.08337e-06, 5.24692e-05, 0, 0, 0.747307, 0.00290172, 0.00621989, 2.55641, 0.967998, 0.0374123, 285.381
9002, 0.12141, 0.683638, 0.0164203, 0, 1.65373e-06, 7.68572e-05, 0, 0, 0.700137, 0.00453943, 0.00871219, 2.10858, 0.967996, 0.0373959, 282.105
9003, 0.15711, 0.646466, 0.0173114, 0, 2.12044e-06, 9.56693e-05, 0, 0, 0.663876, 0.00587216, 0.0105568, 1.85081, 0.967994, 0.0373795, 279.487
9004, 0.174059, 0.630213, 0.0176546, 0, 2.34254e-06, 0.000104279, 0, 0, 0.647974, 0.00650325, 0.0113814, 1.74836, 0.967992, 0.0373632, 278.306
9005, 0.174733, 0.633544, 0.0175805, 0, 2.34455e-06, 0.000104361, 0, 0, 0.651231, 0.00652576, 0.0114081, 1.7445, 0.96799, 0.0373468, 278.545
9006, 0.180025, 0.632121, 0.0175544, 0, 2.40981e-06, 0.000106397, 0, 0, 0.649784, 0.00672009, 0.011603, 1.71466, 0.967988, 0.0373304, 278.433
9007, 0.207284, 0.605197, 0.0179499, 0, 2.77564e-06, 0.000118993, 0, 0, 0.623268, 0.00773396, 0.0127382, 1.57367, 0.967986, 0.0373141, 276.428
9008, 0.236672, 0.572457, 0.0184726, 0, 3.18164e-06, 0.000132399, 0, 0, 0.591065, 0.00882688, 0.0139061, 1.44108, 0.967984, 0.0372977, 273.916
9009, 0.25275, 0.553509, 0.0187778, 0, 3.40874e-06, 0.000139283, 0, 0, 0.572429, 0.00942262, 0.0144779, 1.37535, 0.967982, 0.0372814, 272.419
9010, 0.267996, 0.543078, 0.0188635, 0, 3.60279e-06, 0.00014608, 0, 0, 0.562091, 0.00998652, 0.0151148, 1.31678, 0.96798, 0.0372651, 271.573
9011, 0.285805, 0.534572, 0.018862, 0, 3.8187e-06, 0.00015427, 0, 0, 0.553592, 0.0106456, 0.0159199, 1.25244, 0.967978, 0.0372487, 270.868
9012, 0.296405, 0.528433, 0.0188742, 0, 3.94909e-06, 0.00015895, 0, 0, 0.54747, 0.0110358, 0.0163707, 1.21603, 0.967976, 0.0372324, 270.355
9013, 0.29638, 0.525752, 0.018915, 0, 3.95464e-06, 0.000158574, 0, 0, 0.544829, 0.0110302, 0.0163128, 1.21611, 0.967974, 0.0372161, 270.13
9014, 0.288057, 0.52581, 0.0189766, 0, 3.86273e-06, 0.000154184, 0, 0, 0.544944, 0.0107158, 0.015854, 1.2446, 0.967972, 0.0371998, 270.135
9015, 0.28391, 0.525785, 0.0189999, 0, 3.81409e-06, 0.000151757, 0, 0, 0.544941, 0.0105567, 0.0156079, 1.2591, 0.96797, 0.0371834, 270.13
9016, 0.291723, 0.524475, 0.0189398, 0, 3.89453e-06, 0.000155446, 0, 0, 0.543574, 0.0108423, 0.0160039, 1.23195, 0.967968, 0.0371671, 270.011
9017, 0.298211, 0.525438, 0.0188473, 0, 3.95236e-06, 0.000158797, 0, 0, 0.544448, 0.0110788, 0.0163841, 1.20995, 0.967966, 0.0371508, 270.079
9018, 0.291106, 0.532857, 0.0187548, 0, 3.84614e-06, 0.000155804, 0, 0, 0.551772, 0.0108104, 0.0161423, 1.23407, 0.967964, 0.0371345, 270.685
9019, 0.267286, 0.548916, 0.0186401, 0, 3.53713e-06, 0.000145143, 0, 0, 0.567705, 0.00992178, 0.015151, 1.31944, 0.967962, 0.0371183, 271.991
9020, 0.231578, 0.572937, 0.0184191, 0, 3.07841e-06, 0.000128716, 0, 0, 0.591488, 0.0085927, 0.0136077, 1.46284, 0.96796, 0.037102, 273.897
9021, 0.20144, 0.598971, 0.018037, 0, 2.67385e-06, 0.000114685, 0, 0, 0.617125, 0.00747091, 0.0123441, 1.60226, 0.967958, 0.0370857, 275.897
9022, 0.199323, 0.608129, 0.017795, 0, 2.61607e-06, 0.000113933, 0, 0, 0.62604, 0.00738855, 0.0123727, 1.61283, 0.967956, 0.0370695, 276.577
9023, 0.220649, 0.592968, 0.0179586, 0, 2.8773e-06, 0.000124053, 0, 0, 0.611054, 0.00817533, 0.0133564, 1.51118, 0.967954, 0.0370532, 275.419
9024, 0.23717, 0.576504, 0.0182072, 0, 3.09479e-06, 0.000131753, 0, 0, 0.594846, 0.00878389, 0.0140546, 1.43898, 0.967952, 0.037037, 274.146
9025, 0.237346, 0.575151, 0.0182324, 0, 3.09563e-06, 0.000131801, 0, 0, 0.593519, 0.00878685, 0.0140572, 1.43824, 0.96795, 0.0370207, 274.036
9026, 0.223792, 0.587094, 0.0180574, 0, 2.91293e-06, 0.000125415, 0, 0, 0.60528, 0.00828166, 0.0134777, 1.49704, 0.967948, 0.0370044, 274.957
9027, 0.198707, 0.607251, 0.017777, 0, 2.58905e-06, 0.000113595, 0, 0, 0.625144, 0.00735033, 0.0123685, 1.61593, 0.967946, 0.0369881, 276.488
9028, 0.171522, 0.631052, 0.017378, 0, 2.23598e-06, 0.000100741, 0, 0, 0.648533, 0.00634195, 0.0111756, 1.76305, 0.967944, 0.0369718, 278.251
9029, 0.14747, 0.658621, 0.0167492, 0, 1.9139e-06, 8.91208e-05, 0, 0, 0.675461, 0.00545032, 0.0101365, 1.91413, 0.967942, 0.0369556, 280.231
9030, 0.117561, 0.694598, 0.0157539, 0, 1.52535e-06, 7.37214e-05, 0, 0, 0.710427, 0.00434331, 0.00867095, 2.14079, 0.96794, 0.0369393, 282.728
9031, 0.0785052, 0.739817, 0.0141755, 0, 1.03558e-06, 5.21713e-05, 0, 0, 0.754046, 0.00289943, 0.00643193, 2.54459, 0.967938, 0.0369229, 285.735
9032, 0.0406255, 0.787758, 0.0117502, 0, 5.59246e-07, 2.94821e-05, 0, 0, 0.799538, 0.00149998, 0.00387958, 3.20336, 0.967936, 0.0369065, 288.754
9033, 0.0152521, 0.828333, 0.00847809, 0, 2.2583e-07, 1.24245e-05, 0, 0, 0.836824, 0.000562998, 0.00177368, 4.18304, 0.967934, 0.0368901, 291.147
9034, 0.00384452, 0.855249, 0.00502112, 0, 6.29991e-08, 3.56967e-06, 0, 0, 0.860274, 0.000141882, 0.000557209, 5.56111, 0.967932, 0.0368736, 292.616
9035, 0.000642258, 0.868173, 0.00268731, 0, 1.20636e-08, 6.9034e-07, 0, 0, 0.870861, 2.36938e-05, 0.000118826, 7.35052, 0.96793, 0.036857, 293.269
9036, 0.000616025, 0.868347, 0.00266045, 0, 1.15242e-08, 6.60712e-07, 0, 0, 0.871008, 2.26728e-05, 0.000114415, 7.39222, 0.967928, 0.0368402, 293.276
9037, 0.00364089, 0.855853, 0.00494329, 0, 5.95124e-08, 3.37915e-06, 0, 0, 0.8608, 0.00013395, 0.000532933, 5.61553, 0.967926, 0.0368233, 292.64
9038, 0.0143038, 0.829557, 0.00837009, 0, 2.11528e-07, 1.16521e-05, 0, 0, 0.837939, 0.00052612, 0.00168336, 4.24723, 0.967924, 0.036806, 291.203
9039, 0.038296, 0.789761, 0.0116355, 0, 5.24264e-07, 2.76571e-05, 0, 0, 0.801425, 0.00140816, 0.00367436, 3.26241, 0.967922, 0.0367882, 288.855
9040, 0.0761416, 0.742353, 0.0140431, 0, 9.91251e-07, 5.00391e-05, 0, 0, 0.756447, 0.00279873, 0.00621515, 2.57516, 0.96792, 0.0367696, 285.867
9041, 0.119944, 0.69621, 0.0155749, 0, 1.52104e-06, 7.36747e-05, 0, 0, 0.71186, 0.00440679, 0.00872617, 2.12073, 0.967918, 0.0367494, 282.789
9042, 0.160442, 0.656253, 0.0165364, 0, 2.0145e-06, 9.38057e-05, 0, 0, 0.672886, 0.0058913, 0.0107375, 1.82982, 0.967916, 0.0367259, 279.994
9043, 0.192137, 0.623757, 0.0171965, 0, 2.41329e-06, 0.000108564, 0, 0, 0.641065, 0.00704871, 0.0121161, 1.64955, 0.967914, 0.0366922, 277.631
9044, 0.215773, 0.598815, 0.0176524, 0, 2.71702e-06, 0.000118882, 0, 0, 0.616589, 0.00789884, 0.0130259, 1.53353, 0.967912, 0.0366141, 275.76
9045, 0.230429, 0.580919, 0.0179709, 0, 2.90291e-06, 0.000124494, 0, 0, 0.599018, 0.00838421, 0.0134734, 1.46781, 0.96791, 0.0363826, 274.384
9046, 0.233897, 0.569224, 0.0182299, 0, 2.94547e-06, 0.000124642, 0, 0, 0.587582, 0.0084145, 0.0133775, 1.45287, 0.967908, 0.035955, 273.474
9047, 0.23828, 0.560677, 0.0183917, 0, 3.00363e-06, 0.000125881, 0, 0, 0.579197, 0.00852336, 0.0134314, 1.43431, 0.967906, 0.0357347, 272.797
9048, 0.24932, 0.554973, 0.0184123, 0, 3.15456e-06, 0.000131512, 0, 0, 0.57352, 0.00899188, 0.0139947, 1.38902, 0.967904, 0.0360264, 272.334
9049, 0.254808, 0.556839, 0.0183283, 0, 3.22874e-06, 0.000134892, 0, 0, 0.575306, 0.00927653, 0.0143793, 1.36725, 0.967902, 0.0363935, 272.474
9050, 0.248903, 0.564916, 0.0182403, 0, 3.15449e-06, 0.000132619, 0, 0, 0.583292, 0.00909549, 0.0141962, 1.39069, 0.9679, 0.0365421, 273.113
9051, 0.249452, 0.564954, 0.0182473, 0, 3.1615e-06, 0.000132712, 0, 0, 0.583338, 0.00912238, 0.0142066, 1.38849, 0.967898, 0.0365703, 273.112
9052, 0.265052, 0.551895, 0.0183455, 0, 3.35675e-06, 0.0001393, 0, 0, 0.570383, 0.00969227, 0.0148232, 1.32783, 0.967896, 0.0365681, 272.061
9053, 0.280557, 0.536968, 0.0184767, 0, 3.5581e-06, 0.000145835, 0, 0, 0.555594, 0.0102566, 0.0154159, 1.27098, 0.967894, 0.0365585, 270.842
9054, 0.29164, 0.526615, 0.01857, 0, 3.70333e-06, 0.000150383, 0, 0, 0.545339, 0.0106582, 0.0158243, 1.23223, 0.967892, 0.0365463, 269.983
9055, 0.296384, 0.521479, 0.0186275, 0, 3.76875e-06, 0.000152201, 0, 0, 0.540263, 0.0108277, 0.0159792, 1.2161, 0.96789, 0.0365327, 269.551
9056, 0.288519, 0.521194, 0.0187105, 0, 3.69061e-06, 0.000148429, 0, 0, 0.540057, 0.0105365, 0.015569, 1.24299, 0.967888, 0.0365183, 269.529
9057, 0.27403, 0.523266, 0.0188064, 0, 3.5365e-06, 0.000141686, 0, 0, 0.542218, 0.0100033, 0.0148589, 1.29452, 0.967886, 0.0365036, 269.707
9058, 0.269881, 0.523786, 0.0188287, 0, 3.48993e-06, 0.000139689, 0, 0, 0.542758, 0.00984747, 0.0146544, 1.30977, 0.967884, 0.0364885, 269.748
9059, 0.281036, 0.521633, 0.0187562, 0, 3.60421e-06, 0.000144755, 0, 0, 0.540537, 0.01025, 0.0151966, 1.26927, 0.967882, 0.0364733, 269.556
9060, 0.295329, 0.51949, 0.0186558, 0, 3.74863e-06, 0.000151158, 0, 0, 0.5383, 0.0107669, 0.0158863, 1.21966, 0.96788, 0.0364579, 269.363
9061, 0.299425, 0.52045, 0.0185977, 0, 3.78225e-06, 0.00015289, 0, 0, 0.539204, 0.0109118, 0.0160935, 1.20589, 0.967878, 0.0364424, 269.435
9062, 0.288554, 0.524952, 0.0186169, 0, 3.65716e-06, 0.00014808, 0, 0, 0.543721, 0.0105114, 0.0156156, 1.24287, 0.967876, 0.0364269, 269.811
9063, 0.273969, 0.529297, 0.0186598, 0, 3.49356e-06, 0.000141441, 0, 0, 0.548101, 0.00997572, 0.0149361, 1.29474, 0.967874, 0.0364113, 270.174
9064, 0.271847, 0.530885, 0.018619, 0, 3.45881e-06, 0.000140088, 0, 0, 0.549647, 0.00989396, 0.0148141, 1.30252, 0.967872, 0.0363956, 270.298
9065, 0.276334, 0.534261, 0.0184747, 0, 3.48216e-06, 0.000141972, 0, 0, 0.552881, 0.010053, 0.0150698, 1.28614, 0.96787, 0.03638, 270.563
9066, 0.27104, 0.547191, 0.0182289, 0, 3.37931e-06, 0.000139966, 0, 0, 0.565563, 0.00985644, 0.0149818, 1.30549, 0.967868, 0.0363643, 271.606
9067, 0.249417, 0.571254, 0.0179095, 0, 3.08345e-06, 0.000130909, 0, 0, 0.589298, 0.00906644, 0.0142045, 1.38863, 0.967866, 0.0363486, 273.521
9068, 0.225804, 0.59291, 0.01766, 0, 2.77916e-06, 0.000120874, 0, 0, 0.610693, 0.00820444, 0.0132909, 1.48809, 0.967864, 0.0363329, 275.203
9069, 0.21824, 0.597227, 0.0176271, 0, 2.68742e-06, 0.000117644, 0, 0, 0.614974, 0.00792582, 0.0129804, 1.52216, 0.967862, 0.0363172, 275.532
9070, 0.222901, 0.587241, 0.0177889, 0, 2.75876e-06, 0.00011956, 0, 0, 0.605152, 0.00809159, 0.0131193, 1.50103, 0.96786, 0.0363015, 274.762
9071, 0.219244, 0.58172, 0.0179353, 0, 2.73661e-06, 0.000117693, 0, 0, 0.599775, 0.00795567, 0.0128686, 1.51757, 0.967858, 0.0362858, 274.335
9072, 0.201918, 0.590784, 0.0178787, 0, 2.5375e-06, 0.000109714, 0, 0, 0.608775, 0.00732395, 0.0120537, 1.59989, 0.967856, 0.03627, 275.037
9073, 0.180222, 0.611742, 0.0175455, 0, 2.26191e-06, 9.97604e-05, 0, 0, 0.62939, 0.00653425, 0.0111121, 1.71357, 0.967854, 0.0362543, 276.625
9074, 0.154018, 0.644148, 0.0168539, 0, 1.91942e-06, 8.74282e-05, 0, 0, 0.661091, 0.00558196, 0.00996586, 1.87069, 0.967852, 0.0362386, 279.005
9075, 0.115912, 0.691106, 0.0155753, 0, 1.44372e-06, 6.84349e-05, 0, 0, 0.706752, 0.0041995, 0.00806909, 2.15492, 0.96785, 0.0362229, 282.308
9076, 0.06857, 0.750206, 0.0132795, 0, 8.70335e-07, 4.30608e-05, 0, 0, 0.76353, 0.0024836, 0.00532147, 2.6799, 0.967848, 0.0362072, 286.228
9077, 0.0288688, 0.807815, 0.00973891, 0, 3.8332e-07, 1.97913e-05, 0, 0, 0.817574, 0.00104537, 0.00260343, 3.54499, 0.967846, 0.0361915, 289.789
9078, 0.00817384, 0.84728, 0.00598103, 0, 1.16837e-07, 6.26957e-06, 0, 0, 0.853267, 0.000295912, 0.00089137, 4.80682, 0.967844, 0.0361758, 292.058
9079, 0.00316499, 0.859953, 0.00441596, 0, 4.80916e-08, 2.66157e-06, 0, 0, 0.864372, 0.000114431, 0.000404713, 5.75561, 0.967842, 0.0361601, 292.75
9080, 0.0100216, 0.844568, 0.00632735, 0, 1.38951e-07, 7.55915e-06, 0, 0, 0.850903, 0.000361971, 0.00107584, 4.60301, 0.96784, 0.0361444, 291.905
9081, 0.0319419, 0.80481, 0.0100663, 0, 4.17474e-07, 2.19659e-05, 0, 0, 0.814898, 0.00115346, 0.00292991, 3.44384, 0.967838, 0.0361288, 289.605
9082, 0.0691006, 0.751446, 0.0133271, 0, 8.66922e-07, 4.3711e-05, 0, 0, 0.764817, 0.00249465, 0.00550209, 2.67219, 0.967836, 0.0361132, 286.296
9083, 0.114199, 0.698671, 0.0153206, 0, 1.39232e-06, 6.72399e-05, 0, 0, 0.71406, 0.00412147, 0.00807516, 2.16981, 0.967834, 0.0360975, 282.797
9084, 0.155312, 0.656776, 0.016357, 0, 1.86455e-06, 8.71651e-05, 0, 0, 0.673222, 0.0056033, 0.0101492, 1.86232, 0.967832, 0.0360819, 279.861
9085, 0.182796, 0.630479, 0.0168502, 0, 2.18104e-06, 0.000100022, 0, 0, 0.647431, 0.00659244, 0.0114531, 1.69938, 0.96783, 0.0360664, 277.945
9086, 0.194878, 0.619462, 0.017019, 0, 2.31929e-06, 0.000105569, 0, 0, 0.636589, 0.00702548, 0.0120163, 1.63538, 0.967828, 0.036051, 277.123
9087, 0.189891, 0.6224, 0.0169702, 0, 2.26142e-06, 0.000103181, 0, 0, 0.639476, 0.00684304, 0.0117764, 1.6613, 0.967826, 0.0360353, 277.338
9088, 0.169942, 0.638297, 0.0166934, 0, 2.03002e-06, 9.37799e-05, 0, 0, 0.655087, 0.0061217, 0.0108296, 1.7723, 0.967824, 0.0360194, 278.507
9089, 0.140584, 0.667545, 0.0160229, 0, 1.6842e-06, 7.98233e-05, 0, 0, 0.683649, 0.00506216, 0.00943589, 1.96195, 0.967822, 0.0360037, 280.602
9090, 0.101582, 0.712721, 0.0146161, 0, 1.22602e-06, 6.04208e-05, 0, 0, 0.727398, 0.00365657, 0.00741954, 2.28688, 0.96782, 0.0359877, 283.707
9091, 0.0571469, 0.769692, 0.0120423, 0, 7.05649e-07, 3.64897e-05, 0, 0, 0.781772, 0.00205649, 0.00473556, 2.86213, 0.967818, 0.0359692, 287.403
9092, 0.0226288, 0.822353, 0.00837645, 0, 2.91993e-07, 1.58582e-05, 0, 0, 0.830745, 0.000814134, 0.00220743, 3.78853, 0.967816, 0.0359451, 290.593
9093, 0.00624826, 0.854054, 0.0051485, 0, 8.65621e-08, 4.90034e-06, 0, 0, 0.859207, 0.000224719, 0.000740904, 5.07545, 0.967814, 0.0359227, 292.392
9094, 0.0051169, 0.857036, 0.00474784, 0, 7.08219e-08, 4.02525e-06, 0, 0, 0.861788, 0.000183722, 0.000613921, 5.27521, 0.967812, 0.0359124, 292.55
9095, 0.0194611, 0.830011, 0.00757441, 0, 2.47615e-07, 1.35486e-05, 0, 0, 0.8376, 0.000698406, 0.00189856, 3.93934, 0.96781, 0.0359057, 291.023
9096, 0.0536438, 0.778624, 0.0113783, 0, 6.52081e-07, 3.41517e-05, 0, 0, 0.790037, 0.00192473, 0.0044768, 2.92539, 0.967808, 0.0358939, 287.936
9097, 0.100945, 0.71837, 0.0142403, 0, 1.19937e-06, 5.9755e-05, 0, 0, 0.732671, 0.00362092, 0.00740453, 2.29318, 0.967806, 0.035879, 284.05
9098, 0.148068, 0.664711, 0.0158954, 0, 1.74466e-06, 8.272e-05, 0, 0, 0.68069, 0.00530941, 0.00980387, 1.91009, 0.967804, 0.0358635, 280.355
9099, 0.186804, 0.623686, 0.0167836, 0, 2.19948e-06, 0.000100325, 0, 0, 0.640572, 0.00669594, 0.011533, 1.6777, 0.967802, 0.035848, 277.374
9100, 0.212448, 0.596687, 0.0172665, 0, 2.50799e-06, 0.000111498, 0, 0, 0.614067, 0.00761219, 0.0125859, 1.54906, 0.9678, 0.0358324, 275.336
9101, 0.226553, 0.58029, 0.0175483, 0, 2.68626e-06, 0.000117091, 0, 0, 0.597958, 0.00811422, 0.0130719, 1.48478, 0.967798, 0.0358169, 274.067
9102, 0.23863, 0.565969, 0.0177561, 0, 2.84199e-06, 0.000121457, 0, 0, 0.58385, 0.00854302, 0.0134355, 1.43284, 0.967796, 0.0358014, 272.937
9103, 0.256206, 0.550432, 0.0179026, 0, 3.05277e-06, 0.000128314, 0, 0, 0.568466, 0.00916823, 0.0140761, 1.36177, 0.967794, 0.0357859, 271.684
9104, 0.269738, 0.538531, 0.0180038, 0, 3.21371e-06, 0.000133808, 0, 0, 0.556672, 0.0096485, 0.0145968, 1.3103, 0.967792, 0.0357704, 270.707
9105, 0.27339, 0.532372, 0.0180907, 0, 3.2636e-06, 0.000135252, 0, 0, 0.550601, 0.00977498, 0.014711, 1.29686, 0.96779, 0.0357549, 270.196
9106, 0.280358, 0.527824, 0.0181164, 0, 3.34111e-06, 0.000137958, 0, 0, 0.546081, 0.0100196, 0.0149799, 1.27169, 0.967788, 0.0357394, 269.812
9107, 0.292119, 0.523085, 0.0180936, 0, 3.46529e-06, 0.00014256, 0, 0, 0.541324, 0.0104355, 0.0154604, 1.23059, 0.967786, 0.0357239, 269.407
9108, 0.29381, 0.521739, 0.0180969, 0, 3.48448e-06, 0.000143149, 0, 0, 0.539983, 0.0104916, 0.0155222, 1.22482, 0.967784, 0.0357085, 269.289
9109, 0.287425, 0.523962, 0.0181108, 0, 3.41654e-06, 0.000140613, 0, 0, 0.542217, 0.0102592, 0.0152675, 1.24679, 0.967782, 0.035693, 269.473
9110, 0.282735, 0.52493, 0.0181398, 0, 3.36821e-06, 0.000138769, 0, 0, 0.543213, 0.0100873, 0.0150788, 1.26325, 0.96778, 0.0356775, 269.553
9111, 0.28561, 0.521577, 0.0181783, 0, 3.40178e-06, 0.000139753, 0, 0, 0.539899, 0.0101853, 0.015167, 1.25313, 0.967778, 0.0356621, 269.268
9112, 0.300056, 0.515577, 0.0181475, 0, 3.54805e-06, 0.000145281, 0, 0, 0.533873, 0.0106957, 0.0157441, 1.20379, 0.967776, 0.0356467, 268.751
9113, 0.313645, 0.510683, 0.0180952, 0, 3.68295e-06, 0.000150401, 0, 0, 0.528932, 0.0111754, 0.016286, 1.15949, 0.967774, 0.0356312, 268.323
9114, 0.314909, 0.508352, 0.0181043, 0, 3.69736e-06, 0.000150262, 0, 0, 0.52661, 0.0112158, 0.0162559, 1.15547, 0.967772, 0.0356157, 268.118
9115, 0.307917, 0.508136, 0.0181536, 0, 3.62902e-06, 0.00014677, 0, 0, 0.52644, 0.0109621, 0.0158683, 1.17793, 0.96777, 0.0356004, 268.099
9116, 0.305595, 0.508132, 0.0181633, 0, 3.60283e-06, 0.000145556, 0, 0, 0.526444, 0.0108746, 0.0157424, 1.1855, 0.967768, 0.035585, 268.095
9117, 0.305735, 0.509332, 0.0181375, 0, 3.59778e-06, 0.000145846, 0, 0, 0.527619, 0.0108749, 0.0157972, 1.18504, 0.967766, 0.0355697, 268.192
9118, 0.298235, 0.514769, 0.018121, 0, 3.51174e-06, 0.000143621, 0, 0, 0.533037, 0.0106038, 0.0156065, 1.20987, 0.967764, 0.0355543, 268.653
9119, 0.284805, 0.523356, 0.0181109, 0, 3.35971e-06, 0.000138895, 0, 0, 0.541609, 0.0101219, 0.0151605, 1.25595, 0.967762, 0.035539, 269.378
9120, 0.280389, 0.527583, 0.018078, 0, 3.29771e-06, 0.00013681, 0, 0, 0.545801, 0.00996035, 0.0149693, 1.27158, 0.96776, 0.0355236, 269.727
9121, 0.29355, 0.521899, 0.0180268, 0, 3.4251e-06, 0.000141208, 0, 0, 0.54007, 0.0104231, 0.0154221, 1.22571, 0.967758, 0.0355082, 269.239
9122, 0.308382, 0.51245, 0.0180171, 0, 3.58433e-06, 0.000146542, 0, 0, 0.530617, 0.0109452, 0.0159514, 1.17642, 0.967756, 0.0354929, 268.427
9123, 0.311278, 0.507357, 0.0180554, 0, 3.62494e-06, 0.000147554, 0, 0, 0.525564, 0.0110434, 0.0160316, 1.16707, 0.967754, 0.0354775, 267.988
9124, 0.308668, 0.506709, 0.0180818, 0, 3.59907e-06, 0.000146484, 0, 0, 0.524941, 0.0109461, 0.015915, 1.17549, 0.967752, 0.0354622, 267.929
9125, 0.304784, 0.509188, 0.0180809, 0, 3.54937e-06, 0.000145062, 0, 0, 0.527418, 0.0108037, 0.0157912, 1.18815, 0.96775, 0.0354469, 268.139
9126, 0.303504, 0.513283, 0.0180405, 0, 3.52266e-06, 0.000145044, 0, 0, 0.531472, 0.0107536, 0.0158468, 1.19236, 0.967748, 0.0354316, 268.483
9127, 0.301739, 0.516346, 0.0180139, 0, 3.49716e-06, 0.000144537, 0, 0, 0.534508, 0.0106865, 0.0158328, 1.19819, 0.967746, 0.0354162, 268.738
9128, 0.295649, 0.516092, 0.0180495, 0, 3.43744e-06, 0.000141327, 0, 0, 0.534286, 0.0104663, 0.0154734, 1.21858, 0.967744, 0.0354009, 268.715
9129, 0.298593, 0.511824, 0.018054, 0, 3.46819e-06, 0.000141472, 0, 0, 0.530023, 0.0105657, 0.0154544, 1.20868, 0.967742, 0.0353855, 268.345
9130, 0.309559, 0.50693, 0.0180097, 0, 3.57277e-06, 0.00014534, 0, 0, 0.525089, 0.0109488, 0.0158537, 1.17261, 0.96774, 0.0353693, 267.915
9131, 0.306985, 0.50688, 0.018024, 0, 3.54299e-06, 0.000144202, 0, 0, 0.525051, 0.0108525, 0.0157296, 1.18096, 0.967738, 0.0353509, 267.908
9132, 0.290307, 0.511925, 0.0180884, 0, 3.3776e-06, 0.000137674, 0, 0, 0.530154, 0.010257, 0.0150399, 1.23682, 0.967736, 0.0353301, 268.343
9133, 0.271042, 0.520076, 0.0181363, 0, 3.18272e-06, 0.000130337, 0, 0, 0.538345, 0.00957105, 0.0142877, 1.30548, 0.967734, 0.0353111, 269.039
9134, 0.261785, 0.526568, 0.0181282, 0, 3.08003e-06, 0.000126948, 0, 0, 0.544826, 0.00924055, 0.0139704, 1.34023, 0.967732, 0.0352984, 269.584
9135, 0.268051, 0.526039, 0.018068, 0, 3.13289e-06, 0.000129474, 0, 0, 0.544239, 0.00945892, 0.0142689, 1.31658, 0.96773, 0.0352887, 269.53
9136, 0.280645, 0.521076, 0.018003, 0, 3.25277e-06, 0.000134342, 0, 0, 0.539217, 0.00989887, 0.0147969, 1.27066, 0.967728, 0.0352729, 269.1
9137, 0.28797, 0.517433, 0.0179708, 0, 3.32157e-06, 0.000136978, 0, 0, 0.535544, 0.0101497, 0.0150772, 1.2449, 0.967726, 0.0352468, 268.783
9138, 0.288287, 0.516041, 0.0179699, 0, 3.32136e-06, 0.000136757, 0, 0, 0.534151, 0.0101526, 0.0150468, 1.2438, 0.967724, 0.0352176, 268.66
9139, 0.286209, 0.515753, 0.0179794, 0, 3.29933e-06, 0.00013585, 0, 0, 0.533871, 0.0100742, 0.0149481, 1.25103, 0.967722, 0.0351988, 268.631
9140, 0.287373, 0.517476, 0.0179534, 0, 3.30304e-06, 0.000136713, 0, 0, 0.53557, 0.0101135, 0.0150715, 1.24697, 0.96772, 0.0351928, 268.772
9141, 0.283407, 0.523549, 0.0179247, 0, 3.24948e-06, 0.000135631, 0, 0, 0.541612, 0.00997349, 0.01501, 1.26087, 0.967718, 0.0351912, 269.282
9142, 0.275756, 0.529152, 0.0179046, 0, 3.16186e-06, 0.000132305, 0, 0, 0.547192, 0.00970234, 0.0146884, 1.28824, 0.967716, 0.0351845, 269.749
9143, 0.279684, 0.528403, 0.017827, 0, 3.18585e-06, 0.000132943, 0, 0, 0.546366, 0.00983685, 0.0147711, 1.27409, 0.967714, 0.0351719, 269.675
9144, 0.287024, 0.526582, 0.0177411, 0, 3.24188e-06, 0.000135483, 0, 0, 0.544461, 0.0100909, 0.0150602, 1.24819, 0.967712, 0.0351572, 269.51
9145, 0.283592, 0.527356, 0.0177446, 0, 3.20421e-06, 0.000134315, 0, 0, 0.545238, 0.00996609, 0.0149407, 1.26022, 0.96771, 0.035142, 269.572
9146, 0.281358, 0.527261, 0.0177623, 0, 3.18423e-06, 0.000133699, 0, 0, 0.54516, 0.0098832, 0.0148805, 1.26813, 0.967708, 0.0351269, 269.561
9147, 0.281733, 0.528371, 0.0177403, 0, 3.1809e-06, 0.000134072, 0, 0, 0.546249, 0.0098922, 0.0149484, 1.2668, 0.967706, 0.0351117, 269.648
9148, 0.271878, 0.535036, 0.0177345, 0, 3.07265e-06, 0.000130367, 0, 0, 0.552904, 0.00954225, 0.0145905, 1.3024, 0.967704, 0.0350966, 270.203
9149, 0.261772, 0.542758, 0.0177254, 0, 2.96134e-06, 0.000126457, 0, 0, 0.560612, 0.00918335, 0.014214, 1.34028, 0.967702, 0.0350814, 270.842
9150, 0.270865, 0.540972, 0.0176478, 0, 3.03774e-06, 0.000129574, 0, 0, 0.558752, 0.00949787, 0.0145732, 1.30614, 0.9677, 0.0350661, 270.683
9151, 0.282563, 0.53384, 0.0175755, 0, 3.14762e-06, 0.000133356, 0, 0, 0.551552, 0.00990368, 0.0149646, 1.26385, 0.967698, 0.0350494, 270.078
9152, 0.276078, 0.533361, 0.017576, 0, 3.08206e-06, 0.000130284, 0, 0, 0.551071, 0.00967062, 0.014614, 1.28707, 0.967696, 0.0350277, 270.033
9153, 0.268229, 0.538608, 0.0175299, 0, 2.98658e-06, 0.000127077, 0, 0, 0.556268, 0.00938778, 0.0143026, 1.31591, 0.967694, 0.0349995, 270.463
9154, 0.267227, 0.54641, 0.0173864, 0, 2.9462e-06, 0.00012692, 0, 0, 0.563927, 0.00934657, 0.0143754, 1.31966, 0.967692, 0.0349769, 271.095
9155, 0.254537, 0.559597, 0.0172525, 0, 2.79776e-06, 0.000122272, 0, 0, 0.576974, 0.00890119, 0.0139659, 1.36831, 0.96769, 0.0349699, 272.162
9156, 0.223955, 0.581425, 0.0171397, 0, 2.47921e-06, 0.000110801, 0, 0, 0.598678, 0.00783112, 0.0128192, 1.49631, 0.967688, 0.034966, 273.904
9157, 0.199234, 0.605059, 0.0169006, 0, 2.20499e-06, 0.000101808, 0, 0, 0.622064, 0.0069645, 0.0119829, 1.61327, 0.967686, 0.0349552, 275.736
9158, 0.189612, 0.622736, 0.0164743, 0, 2.06408e-06, 9.76664e-05, 0, 0, 0.63931, 0.0066256, 0.0116729, 1.66278, 0.967684, 0.0349421, 277.057
9159, 0.169916, 0.646402, 0.0158316, 0, 1.82695e-06, 8.81172e-05, 0, 0, 0.662324, 0.00593557, 0.0107243, 1.77245, 0.967682, 0.0349292, 278.786
9160, 0.128557, 0.689583, 0.0146788, 0, 1.3846e-06, 6.90771e-05, 0, 0, 0.704333, 0.00448944, 0.00869283, 2.05138, 0.96768, 0.0349153, 281.848
9161, 0.0784907, 0.748675, 0.012528, 0, 8.57578e-07, 4.49836e-05, 0, 0, 0.761249, 0.00274023, 0.00596859, 2.54477, 0.967678, 0.0349005, 285.814
9162, 0.0354676, 0.808095, 0.00917085, 0, 3.99191e-07, 2.2076e-05, 0, 0, 0.817288, 0.00123793, 0.0031309, 3.33914, 0.967676, 0.0348855, 289.539
9163, 0.0106151, 0.849975, 0.00553699, 0, 1.25956e-07, 7.29998e-06, 0, 0, 0.85552, 0.000370421, 0.00111739, 4.54548, 0.967674, 0.0348705, 291.986
9164, 0.00317465, 0.864974, 0.00386106, 0, 4.11149e-08, 2.49313e-06, 0, 0, 0.868838, 0.000110671, 0.000414483, 5.75256, 0.967672, 0.0348555, 292.821
9165, 0.00819997, 0.852291, 0.00545334, 0, 1.00407e-07, 5.96262e-06, 0, 0, 0.857751, 0.000285483, 0.000931598, 4.80362, 0.96767, 0.0348405, 292.122
9166, 0.0287657, 0.814194, 0.00897164, 0, 3.28942e-07, 1.85943e-05, 0, 0, 0.823185, 0.00100124, 0.00268546, 3.54857, 0.967668, 0.0348255, 289.911
9167, 0.0682921, 0.759187, 0.0122379, 0, 7.44065e-07, 3.98897e-05, 0, 0, 0.771465, 0.00237644, 0.00538728, 2.68396, 0.967666, 0.0348105, 286.489
9168, 0.11833, 0.703291, 0.0142884, 0, 1.25303e-06, 6.38928e-05, 0, 0, 0.717644, 0.00411646, 0.00819561, 2.13428, 0.967664, 0.0347956, 282.769
9169, 0.163622, 0.656226, 0.0154181, 0, 1.7189e-06, 8.37179e-05, 0, 0, 0.67173, 0.00569018, 0.010339, 1.81019, 0.967662, 0.0347806, 279.449
9170, 0.197064, 0.61796, 0.0161589, 0, 2.08152e-06, 9.75329e-05, 0, 0, 0.634218, 0.00685055, 0.0117006, 1.62423, 0.96766, 0.0347656, 276.624
9171, 0.222427, 0.590436, 0.0166358, 0, 2.36299e-06, 0.000107933, 0, 0, 0.607182, 0.00772909, 0.0127055, 1.50316, 0.967658, 0.0347507, 274.519
9172, 0.234933, 0.579307, 0.0168827, 0, 2.5058e-06, 0.000113522, 0, 0, 0.596306, 0.00816057, 0.0132706, 1.44845, 0.967656, 0.0347357, 273.652
9173, 0.222894, 0.586207, 0.0170559, 0, 2.40318e-06, 0.000109707, 0, 0, 0.603375, 0.00773942, 0.0128502, 1.50106, 0.967654, 0.0347208, 274.21
9174, 0.207897, 0.592347, 0.017207, 0, 2.2723e-06, 0.000104282, 0, 0, 0.609661, 0.00721526, 0.0122322, 1.57071, 0.967652, 0.0347058, 274.703
9175, 0.223163, 0.577533, 0.0172745, 0, 2.43424e-06, 0.000109596, 0, 0, 0.59492, 0.00774122, 0.0127505, 1.49985, 0.96765, 0.0346909, 273.53
9176, 0.248631, 0.556223, 0.0173098, 0, 2.69429e-06, 0.000118339, 0, 0, 0.573654, 0.0086211, 0.0136262, 1.39179, 0.967648, 0.0346756, 271.806
9177, 0.258702, 0.544819, 0.0173716, 0, 2.80595e-06, 0.000121372, 0, 0, 0.562314, 0.00896605, 0.0138883, 1.35208, 0.967646, 0.0346586, 270.867
9178, 0.269585, 0.537132, 0.0173835, 0, 2.91617e-06, 0.00012506, 0, 0, 0.554644, 0.00933704, 0.0142576, 1.31087, 0.967644, 0.0346367, 270.223
9179, 0.280458, 0.531535, 0.0173635, 0, 3.01985e-06, 0.000128953, 0, 0, 0.549031, 0.00970664, 0.0146774, 1.27133, 0.967642, 0.0346108, 269.748
9180, 0.274317, 0.535288, 0.0173796, 0, 2.96074e-06, 0.000126827, 0, 0, 0.552798, 0.00948858, 0.014466, 1.29347, 0.96764, 0.0345893, 270.06
9181, 0.251405, 0.552708, 0.017397, 0, 2.73576e-06, 0.000119339, 0, 0, 0.570227, 0.00869291, 0.0137231, 1.38069, 0.967638, 0.0345771, 271.504
9182, 0.225144, 0.575062, 0.0173933, 0, 2.47549e-06, 0.000111049, 0, 0, 0.592569, 0.00778345, 0.0129143, 1.49101, 0.967636, 0.0345718, 273.314
9183, 0.22219, 0.577643, 0.0173933, 0, 2.44289e-06, 0.000110221, 0, 0, 0.595149, 0.00767976, 0.0128451, 1.50422, 0.967634, 0.0345656, 273.517
9184, 0.245448, 0.557769, 0.0174019, 0, 2.67012e-06, 0.000117708, 0, 0, 0.575292, 0.00848093, 0.0135906, 1.40467, 0.967632, 0.0345548, 271.907
9185, 0.269687, 0.537808, 0.0174009, 0, 2.90991e-06, 0.00012549, 0, 0, 0.555337, 0.00931496, 0.0143588, 1.31049, 0.96763, 0.034541, 270.253
9186, 0.277984, 0.530313, 0.0174007, 0, 2.99101e-06, 0.00012792, 0, 0, 0.547844, 0.00959763, 0.0145881, 1.28019, 0.967628, 0.0345258, 269.618
9187, 0.272066, 0.532892, 0.0174063, 0, 2.93011e-06, 0.000125511, 0, 0, 0.550427, 0.00938939, 0.0143288, 1.30171, 0.967626, 0.034511, 269.832
9188, 0.26589, 0.538798, 0.0173459, 0, 2.85743e-06, 0.000123131, 0, 0, 0.55627, 0.00917246, 0.0141061, 1.32467, 0.967624, 0.0344969, 270.318
9189, 0.255556, 0.554153, 0.0170989, 0, 2.72616e-06, 0.000118976, 0, 0, 0.571374, 0.00881261, 0.0137372, 1.36432, 0.967622, 0.0344826, 271.566
9190, 0.215101, 0.596268, 0.0165646, 0, 2.29004e-06, 0.000102806, 0, 0, 0.612937, 0.00741508, 0.0120818, 1.53665, 0.96762, 0.034468, 274.9
9191, 0.160149, 0.648144, 0.0159606, 0, 1.72235e-06, 8.0729e-05, 0, 0, 0.664187, 0.00551837, 0.00974271, 1.83165, 0.967618, 0.0344532, 278.814
9192, 0.152517, 0.653983, 0.0159424, 0, 1.6472e-06, 7.81285e-05, 0, 0, 0.670005, 0.005252, 0.00948493, 1.88048, 0.967616, 0.0344385, 279.243
9193, 0.192234, 0.611319, 0.0165394, 0, 2.06693e-06, 9.46751e-05, 0, 0, 0.627955, 0.00661664, 0.0112523, 1.64904, 0.967614, 0.0344237, 276.058
9194, 0.225024, 0.570561, 0.0170945, 0, 2.43067e-06, 0.000107454, 0, 0, 0.587765, 0.00774249, 0.0125271, 1.49155, 0.967612, 0.0344089, 272.881
9195, 0.237876, 0.549613, 0.0173599, 0, 2.58775e-06, 0.000111875, 0, 0, 0.567088, 0.00818137, 0.0128974, 1.43601, 0.96761, 0.0343942, 271.189
9196, 0.249093, 0.539438, 0.0174176, 0, 2.70299e-06, 0.000115871, 0, 0, 0.556975, 0.00856348, 0.0132948, 1.38993, 0.967608, 0.0343794, 270.344
9197, 0.257008, 0.537172, 0.0174066, 0, 2.76825e-06, 0.000118863, 0, 0, 0.5547, 0.008832, 0.0136378, 1.35865, 0.967606, 0.0343647, 270.15
9198, 0.248817, 0.545621, 0.0174099, 0, 2.67793e-06, 0.000116385, 0, 0, 0.56315, 0.00854713, 0.0134185, 1.39104, 0.967604, 0.0343499, 270.851
9199, 0.2287, 0.565735, 0.0173618, 0, 2.47213e-06, 0.000110242, 0, 0, 0.583209, 0.00785289, 0.0128467, 1.47534, 0.967602, 0.0343352, 272.493
9200, 0.202347, 0.592978, 0.0172707, 0, 2.2058e-06, 0.000101453, 0, 0, 0.610353, 0.00694506, 0.0119808, 1.59777, 0.9676, 0.0343204, 274.659
9201, 0.194952, 0.599876, 0.0172413, 0, 2.13033e-06, 9.81714e-05, 0, 0, 0.617218, 0.00668771, 0.0116261, 1.635, 0.967598, 0.0343057, 275.194
9202, 0.231751, 0.571668, 0.0172305, 0, 2.47793e-06, 0.000110371, 0, 0, 0.589011, 0.0079461, 0.0129051, 1.46209, 0.967596, 0.034291, 272.951
9203, 0.274016, 0.541964, 0.0171985, 0, 2.87347e-06, 0.000124901, 0, 0, 0.55929, 0.00939181, 0.0144449, 1.29457, 0.967594, 0.0342763, 270.509
9204, 0.281637, 0.533933, 0.0172237, 0, 2.94658e-06, 0.000127251, 0, 0, 0.551287, 0.00964944, 0.0146674, 1.26714, 0.967592, 0.0342616, 269.834
9205, 0.274508, 0.535617, 0.0172619, 0, 2.88073e-06, 0.000124394, 0, 0, 0.553006, 0.00940108, 0.0143409, 1.29278, 0.96759, 0.0342469, 269.975
9206, 0.276243, 0.535608, 0.0172201, 0, 2.88998e-06, 0.000124809, 0, 0, 0.552956, 0.00945637, 0.0144012, 1.28648, 0.967588, 0.0342322, 269.967
9207, 0.267035, 0.542546, 0.0171614, 0, 2.79693e-06, 0.000121473, 0, 0, 0.559832, 0.00913769, 0.0140713, 1.32037, 0.967586, 0.0342176, 270.538
9208, 0.230571, 0.569504, 0.0170675, 0, 2.44392e-06, 0.000108615, 0, 0, 0.586683, 0.00788706, 0.012737, 1.46719, 0.967584, 0.0342029, 272.74
9209, 0.17745, 0.617438, 0.0167817, 0, 1.91555e-06, 8.95155e-05, 0, 0, 0.634311, 0.00606764, 0.0107562, 1.72907, 0.967582, 0.0341883, 276.49
9210, 0.131608, 0.666243, 0.0161917, 0, 1.43962e-06, 7.16979e-05, 0, 0, 0.682508, 0.00449812, 0.00889625, 2.02793, 0.96758, 0.0341736, 280.104
9211, 0.103493, 0.703645, 0.0150803, 0, 1.12455e-06, 5.81936e-05, 0, 0, 0.718785, 0.00353567, 0.00742531, 2.26825, 0.967578, 0.0341589, 282.716
9212, 0.0775159, 0.741338, 0.0135091, 0, 8.34935e-07, 4.3714e-05, 0, 0, 0.754892, 0.00264708, 0.00572629, 2.55727, 0.967576, 0.0341441, 285.233
9213, 0.0740024, 0.752534, 0.0128187, 0, 7.80717e-07, 4.01447e-05, 0, 0, 0.765394, 0.00252501, 0.00528776, 2.60366, 0.967574, 0.0341281, 285.949
9214, 0.117709, 0.707018, 0.0139126, 0, 1.20631e-06, 5.91826e-05, 0, 0, 0.720991, 0.00401309, 0.00749474, 2.13954, 0.967572, 0.0341075, 282.864
9215, 0.174408, 0.64265, 0.0154916, 0, 1.77728e-06, 8.41489e-05, 0, 0, 0.658228, 0.00594266, 0.0103051, 1.74636, 0.96757, 0.0340817, 278.286
9216, 0.212171, 0.600526, 0.0163837, 0, 2.16929e-06, 0.000100316, 0, 0, 0.617012, 0.00722605, 0.0120501, 1.55036, 0.967568, 0.0340602, 275.123
9217, 0.229028, 0.584104, 0.0167027, 0, 2.34872e-06, 0.000107505, 0, 0, 0.600917, 0.00779733, 0.012812, 1.47391, 0.967566, 0.0340452, 273.848
9218, 0.210161, 0.598299, 0.0168001, 0, 2.17853e-06, 0.000100983, 0, 0, 0.615203, 0.00715223, 0.0120855, 1.55988, 0.967564, 0.0340307, 274.974
9219, 0.163974, 0.633698, 0.0168229, 0, 1.74734e-06, 8.40939e-05, 0, 0, 0.650607, 0.00557867, 0.0102083, 1.80805, 0.967562, 0.0340228, 277.698
9220, 0.150216, 0.642515, 0.0168708, 0, 1.62867e-06, 7.93977e-05, 0, 0, 0.659467, 0.00510963, 0.00967526, 1.89568, 0.96756, 0.0340195, 278.363
9221, 0.190034, 0.606256, 0.0169944, 0, 2.02191e-06, 9.41126e-05, 0, 0, 0.623347, 0.00646238, 0.0112574, 1.66055, 0.967558, 0.0340112, 275.6
9222, 0.238368, 0.564824, 0.0170813, 0, 2.48655e-06, 0.000110828, 0, 0, 0.582019, 0.0081034, 0.0130231, 1.43394, 0.967556, 0.0339981, 272.307
9223, 0.266129, 0.545387, 0.0170487, 0, 2.74069e-06, 0.000119907, 0, 0, 0.562559, 0.00904376, 0.0139818, 1.32377, 0.967554, 0.0339837, 270.702
9224, 0.276026, 0.540689, 0.0169971, 0, 2.82386e-06, 0.000123089, 0, 0, 0.557812, 0.00937633, 0.0143295, 1.28726, 0.967552, 0.0339692, 270.302
9225, 0.274545, 0.540204, 0.0170309, 0, 2.81321e-06, 0.000122635, 0, 0, 0.55736, 0.0093222, 0.0142721, 1.29264, 0.96755, 0.0339547, 270.26
9226, 0.265743, 0.54483, 0.0170932, 0, 2.73748e-06, 0.000120044, 0, 0, 0.562046, 0.00901954, 0.0140012, 1.32523, 0.967548, 0.0339401, 270.647
9227, 0.250261, 0.559385, 0.0170867, 0, 2.58882e-06, 0.000115454, 0, 0, 0.57659, 0.00849063, 0.013563, 1.38525, 0.967546, 0.0339256, 271.845
9228, 0.215763, 0.591926, 0.0169791, 0, 2.25085e-06, 0.000103375, 0, 0, 0.609011, 0.00731756, 0.012305, 1.53358, 0.967544, 0.0339111, 274.45
9229, 0.169537, 0.632354, 0.016835, 0, 1.80112e-06, 8.59026e-05, 0, 0, 0.649276, 0.00574731, 0.0103963, 1.77468, 0.967542, 0.0338966, 277.564
9230, 0.166121, 0.635978, 0.0168061, 0, 1.76429e-06, 8.45058e-05, 0, 0, 0.65287, 0.00562802, 0.010242, 1.79504, 0.96754, 0.0338821, 277.832
9231, 0.209385, 0.597255, 0.0169546, 0, 2.18446e-06, 0.000100892, 0, 0, 0.614313, 0.00709053, 0.0120321, 1.56358, 0.967538, 0.0338675, 274.857
9232, 0.247321, 0.559931, 0.0171265, 0, 2.56043e-06, 0.000114152, 0, 0, 0.577174, 0.00837206, 0.0134095, 1.39707, 0.967536, 0.033853, 271.873
9233, 0.272178, 0.53854, 0.0171723, 0, 2.7995e-06, 0.00012173, 0, 0, 0.555837, 0.00920972, 0.014157, 1.3013, 0.967534, 0.0338385, 270.1
9234, 0.290575, 0.52694, 0.0171354, 0, 2.96716e-06, 0.000127345, 0, 0, 0.544205, 0.0098282, 0.014735, 1.23589, 0.967532, 0.033824, 269.113
9235, 0.294972, 0.523899, 0.0171237, 0, 3.00642e-06, 0.000128646, 0, 0, 0.541154, 0.00997291, 0.0148685, 1.22087, 0.96753, 0.0338095, 268.848
9236, 0.287791, 0.528878, 0.0171281, 0, 2.93674e-06, 0.000126492, 0, 0, 0.546136, 0.00972609, 0.0146587, 1.24552, 0.967528, 0.033795, 269.269
9237, 0.26833, 0.546799, 0.0170852, 0, 2.7456e-06, 0.00012073, 0, 0, 0.564008, 0.00906485, 0.0141102, 1.31554, 0.967526, 0.0337805, 270.767
9238, 0.223087, 0.587056, 0.0169657, 0, 2.30973e-06, 0.000105488, 0, 0, 0.60413, 0.00753378, 0.0125256, 1.50019, 0.967524, 0.033766, 274.026
9239, 0.16343, 0.637747, 0.0167974, 0, 1.73632e-06, 8.31876e-05, 0, 0, 0.654629, 0.00551682, 0.0100832, 1.81137, 0.967522, 0.0337515, 277.935
9240, 0.147966, 0.651912, 0.0167214, 0, 1.58021e-06, 7.66613e-05, 0, 0, 0.668712, 0.00499154, 0.00935016, 1.91077, 0.96752, 0.033737, 278.987
9241, 0.194431, 0.612823, 0.0168409, 0, 2.02136e-06, 9.41958e-05, 0, 0, 0.62976, 0.00655569, 0.0112968, 1.63768, 0.967518, 0.0337224, 276.027
9242, 0.24074, 0.568904, 0.0170262, 0, 2.47386e-06, 0.000111095, 0, 0, 0.586043, 0.00811436, 0.0131155, 1.42404, 0.967516, 0.0337079, 272.558
9243, 0.252101, 0.55234, 0.0171353, 0, 2.59517e-06, 0.000114282, 0, 0, 0.569592, 0.0084941, 0.0133901, 1.37793, 0.967514, 0.0336933, 271.207
9244, 0.250101, 0.553001, 0.0170949, 0, 2.57074e-06, 0.000112844, 0, 0, 0.570211, 0.00842312, 0.0132139, 1.38589, 0.967512, 0.0336787, 271.254
9245, 0.241536, 0.565833, 0.0168576, 0, 2.46321e-06, 0.000109146, 0, 0, 0.582802, 0.00813142, 0.0128567, 1.42074, 0.96751, 0.0336641, 272.284
9246, 0.206042, 0.601751, 0.016375, 0, 2.0973e-06, 9.50322e-05, 0, 0, 0.618223, 0.0069341, 0.0113732, 1.57967, 0.967508, 0.0336494, 275.11
9247, 0.146441, 0.655098, 0.0157633, 0, 1.51485e-06, 7.12338e-05, 0, 0, 0.670934, 0.00492657, 0.00877427, 1.92113, 0.967506, 0.0336346, 279.13
9248, 0.0947683, 0.694545, 0.015557, 0, 1.02806e-06, 5.07417e-05, 0, 0, 0.710154, 0.00318676, 0.00645039, 2.35632, 0.967504, 0.0336198, 281.99
9249, 0.0737938, 0.708064, 0.0158524, 0, 8.34844e-07, 4.29254e-05, 0, 0, 0.72396, 0.00247988, 0.00550123, 2.60648, 0.967502, 0.0336048, 282.971
9250, 0.0916264, 0.696897, 0.0161994, 0, 9.98802e-07, 5.06989e-05, 0, 0, 0.713148, 0.00307695, 0.00635494, 2.39004, 0.9675, 0.0335897, 282.199
9251, 0.152342, 0.648868, 0.016533, 0, 1.58351e-06, 7.5805e-05, 0, 0, 0.665479, 0.00511343, 0.00921989, 1.88163, 0.967498, 0.0335743, 278.711
9252, 0.219249, 0.590722, 0.0168174, 0, 2.23723e-06, 0.000102132, 0, 0, 0.607643, 0.00735667, 0.0121713, 1.51755, 0.967496, 0.0335585, 274.255
9253, 0.254691, 0.558159, 0.0169496, 0, 2.58307e-06, 0.000114741, 0, 0, 0.575226, 0.00854245, 0.0135169, 1.3677, 0.967494, 0.033542, 271.633
9254, 0.266534, 0.547234, 0.0170032, 0, 2.70055e-06, 0.000118573, 0, 0, 0.564359, 0.00893525, 0.0138933, 1.32225, 0.967492, 0.0335243, 270.73
9255, 0.268544, 0.544134, 0.0170751, 0, 2.7283e-06, 0.000119314, 0, 0, 0.561332, 0.00899748, 0.013945, 1.31474, 0.96749, 0.0335045, 270.474
9256, 0.264526, 0.543167, 0.0171526, 0, 2.69877e-06, 0.000117604, 0, 0, 0.560439, 0.00885643, 0.0137256, 1.32982, 0.967488, 0.0334794, 270.395
9257, 0.258941, 0.545465, 0.0171638, 0, 2.64381e-06, 0.000115302, 0, 0, 0.562747, 0.00865953, 0.0134754, 1.35116, 0.967486, 0.0334355, 270.584
9258, 0.246626, 0.562128, 0.0170404, 0, 2.50756e-06, 0.000111391, 0, 0, 0.579282, 0.00823059, 0.0131234, 1.39988, 0.967484, 0.0333144, 271.947
9259, 0.201795, 0.607313, 0.0167852, 0, 2.06032e-06, 9.51716e-05, 0, 0, 0.624196, 0.00670817, 0.0113992, 1.6005, 0.967482, 0.0330079, 275.532
9260, 0.141172, 0.661027, 0.0165041, 0, 1.47267e-06, 7.14578e-05, 0, 0, 0.677604, 0.0046664, 0.0087471, 1.95778, 0.96748, 0.0326303, 279.584
9261, 0.130703, 0.668237, 0.0164872, 0, 1.37623e-06, 6.74738e-05, 0, 0, 0.684793, 0.00431915, 0.00830084, 2.03483, 0.967478, 0.0326298, 280.11
9262, 0.180887, 0.623105, 0.0167286, 0, 1.86169e-06, 8.75747e-05, 0, 0, 0.639923, 0.0060063, 0.0105797, 1.70988, 0.967476, 0.0329805, 276.738
9263, 0.237733, 0.57394, 0.0169204, 0, 2.40234e-06, 0.000108391, 0, 0, 0.590971, 0.00791475, 0.0128592, 1.43661, 0.967474, 0.0332365, 272.88
9264, 0.276405, 0.543715, 0.0169803, 0, 2.7633e-06, 0.000121025, 0, 0, 0.560819, 0.00921183, 0.0141771, 1.28589, 0.967472, 0.0333194, 270.396
9265, 0.29926, 0.529304, 0.0169819, 0, 2.973e-06, 0.000128345, 0, 0, 0.546418, 0.00997413, 0.0149382, 1.20644, 0.96747, 0.0333288, 269.177
9266, 0.301365, 0.527845, 0.0170079, 0, 2.9955e-06, 0.000129123, 0, 0, 0.544985, 0.0100412, 0.0150129, 1.19943, 0.967468, 0.0333193, 269.051
9267, 0.285595, 0.53542, 0.0170712, 0, 2.86074e-06, 0.000124074, 0, 0, 0.552618, 0.00951517, 0.014461, 1.25318, 0.967466, 0.0333179, 269.695
9268, 0.265312, 0.547245, 0.0170992, 0, 2.68041e-06, 0.000117643, 0, 0, 0.564465, 0.00884019, 0.0137808, 1.32685, 0.967464, 0.0333202, 270.685
9269, 0.238213, 0.570495, 0.0170046, 0, 2.42066e-06, 0.000108641, 0, 0, 0.587611, 0.00793645, 0.0128524, 1.43459, 0.967462, 0.0333146, 272.585
9270, 0.186359, 0.618877, 0.0167414, 0, 1.91931e-06, 8.96501e-05, 0, 0, 0.63571, 0.00620731, 0.0107971, 1.68008, 0.96746, 0.0333032, 276.387
9271, 0.13175, 0.669998, 0.0164374, 0, 1.39209e-06, 6.82387e-05, 0, 0, 0.686505, 0.00438653, 0.00839661, 2.02685, 0.967458, 0.0332903, 280.205
9272, 0.133864, 0.669663, 0.0164308, 0, 1.40828e-06, 6.89225e-05, 0, 0, 0.686165, 0.00445397, 0.0084753, 2.01093, 0.967456, 0.0332769, 280.177
9273, 0.189118, 0.619301, 0.016734, 0, 1.93797e-06, 9.05768e-05, 0, 0, 0.636127, 0.0062897, 0.0109147, 1.66539, 0.967454, 0.0332634, 276.409
9274, 0.241564, 0.570833, 0.0169814, 0, 2.43916e-06, 0.000109488, 0, 0, 0.587926, 0.00803125, 0.0129661, 1.42062, 0.967452, 0.0332497, 272.593
9275, 0.274819, 0.543672, 0.0170356, 0, 2.74796e-06, 0.000120276, 0, 0, 0.560831, 0.00913349, 0.0140883, 1.29164, 0.96745, 0.033236, 270.355
9276, 0.289037, 0.532148, 0.0170379, 0, 2.88026e-06, 0.000124691, 0, 0, 0.549314, 0.00960238, 0.0145309, 1.2412, 0.967448, 0.0332222, 269.38
9277, 0.285428, 0.53101, 0.0170725, 0, 2.85564e-06, 0.000123273, 0, 0, 0.548209, 0.00947872, 0.0143478, 1.25377, 0.967446, 0.0332083, 269.282
9278, 0.274494, 0.536777, 0.0170974, 0, 2.75963e-06, 0.000119679, 0, 0, 0.553997, 0.00911187, 0.0139589, 1.29283, 0.967444, 0.0331944, 269.769
9279, 0.257762, 0.551953, 0.0170624, 0, 2.59888e-06, 0.000114598, 0, 0, 0.569133, 0.00855305, 0.0134601, 1.35572, 0.967442, 0.0331805, 271.032
9280, 0.221872, 0.585921, 0.0169084, 0, 2.25222e-06, 0.000102395, 0, 0, 0.602933, 0.00735957, 0.0121895, 1.50565, 0.96744, 0.0331665, 273.78
9281, 0.160254, 0.64188, 0.016576, 0, 1.66127e-06, 7.89464e-05, 0, 0, 0.658537, 0.00531392, 0.00959348, 1.83099, 0.967438, 0.0331526, 278.093
9282, 0.114576, 0.684707, 0.0162622, 0, 1.22091e-06, 6.07122e-05, 0, 0, 0.701031, 0.00379713, 0.00753821, 2.16652, 0.967436, 0.0331386, 281.232
9283, 0.135695, 0.667904, 0.0163318, 0, 1.41459e-06, 6.92713e-05, 0, 0, 0.684306, 0.00449398, 0.00854677, 1.99734, 0.967434, 0.0331246, 280.007
9284, 0.195148, 0.615773, 0.0166013, 0, 1.96656e-06, 9.22749e-05, 0, 0, 0.632468, 0.00646058, 0.0111685, 1.634, 0.967432, 0.0331106, 276.09
9285, 0.228858, 0.585607, 0.0166826, 0, 2.27168e-06, 0.000104288, 0, 0, 0.602396, 0.00757418, 0.0125098, 1.47466, 0.96743, 0.0330966, 273.719
9286, 0.232646, 0.581547, 0.0166217, 0, 2.29754e-06, 0.000104862, 0, 0, 0.598275, 0.00769654, 0.0125631, 1.45824, 0.967428, 0.0330826, 273.385
9287, 0.238236, 0.574672, 0.0166622, 0, 2.3512e-06, 0.000106125, 0, 0, 0.591443, 0.00787795, 0.0126564, 1.43449, 0.967426, 0.0330686, 272.831
9288, 0.253565, 0.561068, 0.0167596, 0, 2.49859e-06, 0.000110964, 0, 0, 0.577941, 0.0083812, 0.0131368, 1.37214, 0.967424, 0.0330546, 271.726
9289, 0.264966, 0.557539, 0.0166957, 0, 2.59195e-06, 0.0001147, 0, 0, 0.574352, 0.00875464, 0.013567, 1.32815, 0.967422, 0.0330406, 271.426
9290, 0.24737, 0.579338, 0.0163562, 0, 2.4066e-06, 0.0001082, 0, 0, 0.595805, 0.00817044, 0.012926, 1.39687, 0.96742, 0.0330266, 273.172
9291, 0.189395, 0.635689, 0.0155178, 0, 1.84859e-06, 8.60983e-05, 0, 0, 0.651294, 0.00625365, 0.0105394, 1.66392, 0.967418, 0.0330127, 277.512
9292, 0.112047, 0.710578, 0.0143801, 0, 1.12008e-06, 5.52118e-05, 0, 0, 0.725014, 0.00369859, 0.00705971, 2.18884, 0.967416, 0.0329987, 282.924
9293, 0.0611491, 0.756227, 0.0139806, 0, 6.52439e-07, 3.45545e-05, 0, 0, 0.770243, 0.00201738, 0.00463068, 2.79444, 0.967414, 0.0329847, 286.071
9294, 0.0693514, 0.741062, 0.0146851, 0, 7.43966e-07, 3.88185e-05, 0, 0, 0.755787, 0.00228592, 0.00506565, 2.66857, 0.967412, 0.0329707, 285.075
9295, 0.129518, 0.679673, 0.0157073, 0, 1.31852e-06, 6.45379e-05, 0, 0, 0.695446, 0.00426728, 0.00803902, 2.04394, 0.96741, 0.0329568, 280.788
9296, 0.196037, 0.61822, 0.0163468, 0, 1.94063e-06, 9.10741e-05, 0, 0, 0.63466, 0.00645713, 0.0110765, 1.62945, 0.967408, 0.0329428, 276.22
9297, 0.229645, 0.588674, 0.0165405, 0, 2.24749e-06, 0.000103173, 0, 0, 0.60532, 0.00756169, 0.0124144, 1.47122, 0.967406, 0.0329289, 273.911
9298, 0.232748, 0.587173, 0.0165, 0, 2.26793e-06, 0.000103725, 0, 0, 0.603779, 0.00766098, 0.012473, 1.4578, 0.967404, 0.0329149, 273.784
9299, 0.221208, 0.59642, 0.0164128, 0, 2.15698e-06, 9.93291e-05, 0, 0, 0.612934, 0.00727818, 0.0119997, 1.50865, 0.967402, 0.0329009, 274.509
9300, 0.205038, 0.605207, 0.0163502, 0, 2.00994e-06, 9.31843e-05, 0, 0, 0.621653, 0.00674341, 0.0113103, 1.58456, 0.9674, 0.032887, 275.193
9301, 0.176939, 0.619889, 0.0162506, 0, 1.7592e-06, 8.20388e-05, 0, 0, 0.636224, 0.00581717, 0.0100199, 1.73195, 0.967398, 0.0328731, 276.324
9302, 0.129426, 0.651695, 0.0159325, 0, 1.33084e-06, 6.30116e-05, 0, 0, 0.667692, 0.00425366, 0.00782529, 2.04465, 0.967396, 0.0328591, 278.715
9303, 0.0843121, 0.699139, 0.0150112, 0, 9.02769e-07, 4.46487e-05, 0, 0, 0.714196, 0.00276987, 0.0057616, 2.47323, 0.967394, 0.0328452, 282.122
9304, 0.051683, 0.755612, 0.0131077, 0, 5.65978e-07, 2.99996e-05, 0, 0, 0.768751, 0.00169731, 0.00407492, 2.96263, 0.967392, 0.0328313, 285.942
9305, 0.0243331, 0.811077, 0.0101007, 0, 2.72856e-07, 1.54385e-05, 0, 0, 0.821193, 0.000798939, 0.00220335, 3.71592, 0.96739, 0.0328174, 289.456
9306, 0.00709909, 0.851158, 0.00656282, 0, 8.41784e-08, 5.01899e-06, 0, 0, 0.857726, 0.000233049, 0.000759736, 4.94779, 0.967388, 0.0328034, 291.82
9307, 0.00180236, 0.868638, 0.00428182, 0, 2.40487e-08, 1.48061e-06, 0, 0, 0.872921, 5.9115e-05, 0.000253246, 6.31866, 0.967386, 0.0327896, 292.784
9308, 0.00447638, 0.862897, 0.00497874, 0, 5.35795e-08, 3.1795e-06, 0, 0, 0.867879, 0.000146601, 0.000534373, 5.40894, 0.967384, 0.0327757, 292.463
9309, 0.0185406, 0.834787, 0.00793078, 0, 1.97631e-07, 1.12411e-05, 0, 0, 0.842729, 0.000607045, 0.00171189, 3.98779, 0.967382, 0.0327618, 290.851
9310, 0.0518786, 0.786182, 0.0111238, 0, 5.18201e-07, 2.81353e-05, 0, 0, 0.797335, 0.0016982, 0.00396063, 2.95885, 0.96738, 0.0327479, 287.863
9311, 0.100995, 0.72644, 0.0135152, 0, 9.78675e-07, 5.0636e-05, 0, 0, 0.740007, 0.00330512, 0.00672965, 2.29268, 0.967378, 0.032734, 283.932
9312, 0.149476, 0.672122, 0.0149745, 0, 1.4351e-06, 7.10984e-05, 0, 0, 0.687169, 0.00489016, 0.00907276, 1.90062, 0.967376, 0.0327202, 280.132
9313, 0.18384, 0.634609, 0.0157441, 0, 1.76646e-06, 8.49235e-05, 0, 0, 0.65044, 0.00601229, 0.0105672, 1.69369, 0.967374, 0.0327063, 277.377
9314, 0.199678, 0.618617, 0.0160724, 0, 1.92373e-06, 9.14395e-05, 0, 0, 0.634783, 0.0065279, 0.0112586, 1.61105, 0.967372, 0.0326924, 276.17
9315, 0.18558, 0.631487, 0.0160722, 0, 1.80345e-06, 8.66123e-05, 0, 0, 0.647647, 0.00606505, 0.0106994, 1.68427, 0.96737, 0.0326786, 277.157
9316, 0.136418, 0.674893, 0.0157691, 0, 1.35945e-06, 6.74443e-05, 0, 0, 0.690731, 0.00445698, 0.00846679, 1.99203, 0.967368, 0.0326647, 280.382
9317, 0.0927229, 0.713861, 0.0154372, 0, 9.56958e-07, 4.94563e-05, 0, 0, 0.729348, 0.00302773, 0.00634022, 2.37814, 0.967366, 0.0326504, 283.164
9318, 0.103511, 0.702612, 0.0155493, 0, 1.05534e-06, 5.39443e-05, 0, 0, 0.718216, 0.00337692, 0.00687576, 2.26808, 0.967364, 0.0326334, 282.369
9319, 0.14944, 0.660944, 0.0158519, 0, 1.47178e-06, 7.26713e-05, 0, 0, 0.67687, 0.0048715, 0.00911105, 1.90086, 0.967362, 0.0326083, 279.349
9320, 0.17204, 0.6471, 0.0155897, 0, 1.65476e-06, 8.07951e-05, 0, 0, 0.662772, 0.00560418, 0.0101248, 1.76003, 0.96736, 0.0325788, 278.291
9321, 0.144212, 0.684173, 0.0143093, 0, 1.37147e-06, 6.80972e-05, 0, 0, 0.698552, 0.00469556, 0.00870398, 1.93647, 0.967358, 0.0325625, 280.94
9322, 0.0891069, 0.746913, 0.0123119, 0, 8.50729e-07, 4.39349e-05, 0, 0, 0.75927, 0.00290075, 0.00583782, 2.41792, 0.967356, 0.0325595, 285.246
9323, 0.0631125, 0.774648, 0.011405, 0, 6.1122e-07, 3.23051e-05, 0, 0, 0.786086, 0.00205299, 0.00441198, 2.76284, 0.967354, 0.0325487, 287.077
9324, 0.095826, 0.733883, 0.0127588, 0, 9.22598e-07, 4.6474e-05, 0, 0, 0.746689, 0.00311436, 0.00609162, 2.34522, 0.967352, 0.0325239, 284.367
9325, 0.15454, 0.665507, 0.0147873, 0, 1.47975e-06, 7.13345e-05, 0, 0, 0.680367, 0.0050223, 0.00897372, 1.8673, 0.96735, 0.0325055, 279.591
9326, 0.194849, 0.621816, 0.0159533, 0, 1.86977e-06, 8.81446e-05, 0, 0, 0.63786, 0.00633365, 0.0108477, 1.63553, 0.967348, 0.0325051, 276.37
9327, 0.199036, 0.616514, 0.0163353, 0, 1.92807e-06, 9.08785e-05, 0, 0, 0.632942, 0.00647029, 0.0111192, 1.61427, 0.967346, 0.0325062, 275.985
9328, 0.162602, 0.647033, 0.0163451, 0, 1.61207e-06, 7.74964e-05, 0, 0, 0.663457, 0.00528505, 0.00954679, 1.81645, 0.967344, 0.0324981, 278.318
9329, 0.117336, 0.684834, 0.016239, 0, 1.20807e-06, 5.97623e-05, 0, 0, 0.701134, 0.00381212, 0.0074532, 2.14272, 0.967342, 0.0324853, 281.106
9330, 0.123322, 0.678008, 0.0163168, 0, 1.26899e-06, 6.21694e-05, 0, 0, 0.694389, 0.00400386, 0.00771259, 2.09296, 0.96734, 0.0324717, 280.61
9331, 0.174046, 0.62906, 0.0166219, 0, 1.74362e-06, 8.19382e-05, 0, 0, 0.645766, 0.00564831, 0.00996852, 1.74844, 0.967338, 0.032458, 276.963
9332, 0.214883, 0.586063, 0.0169012, 0, 2.1307e-06, 9.6628e-05, 0, 0, 0.603063, 0.00697127, 0.0115672, 1.53766, 0.967336, 0.0324443, 273.61
9333, 0.237432, 0.563339, 0.0170226, 0, 2.34221e-06, 0.000103712, 0, 0, 0.580468, 0.00769972, 0.0122821, 1.43787, 0.967334, 0.0324306, 271.771
9334, 0.2592, 0.549875, 0.0170088, 0, 2.5304e-06, 0.000110622, 0, 0, 0.566997, 0.00840213, 0.0130235, 1.35015, 0.967332, 0.0324169, 270.651
9335, 0.273528, 0.542473, 0.0169785, 0, 2.6486e-06, 0.000114963, 0, 0, 0.559569, 0.00886309, 0.0134976, 1.29635, 0.96733, 0.0324032, 270.024
9336, 0.273481, 0.540954, 0.0169987, 0, 2.64546e-06, 0.000114236, 0, 0, 0.55807, 0.00885798, 0.0133981, 1.29652, 0.967328, 0.0323895, 269.894
9337, 0.267069, 0.543151, 0.0170253, 0, 2.5907e-06, 0.000111793, 0, 0, 0.56029, 0.00864673, 0.0131199, 1.32025, 0.967326, 0.0323758, 270.077
9338, 0.251436, 0.551538, 0.0170572, 0, 2.45938e-06, 0.000106851, 0, 0, 0.568705, 0.00813737, 0.0125801, 1.38057, 0.967324, 0.0323621, 270.779
9339, 0.222222, 0.571938, 0.0170644, 0, 2.20531e-06, 9.74375e-05, 0, 0, 0.589102, 0.00718914, 0.011556, 1.50408, 0.967322, 0.0323485, 272.457
9340, 0.17624, 0.611733, 0.0169665, 0, 1.7875e-06, 8.12874e-05, 0, 0, 0.628783, 0.00569956, 0.00976671, 1.73591, 0.96732, 0.0323348, 275.619
9341, 0.126713, 0.660103, 0.0167644, 0, 1.3233e-06, 6.25209e-05, 0, 0, 0.676931, 0.00409609, 0.00764498, 2.06583, 0.967318, 0.0323211, 279.289
9342, 0.119577, 0.672746, 0.016653, 0, 1.24492e-06, 5.97122e-05, 0, 0, 0.689461, 0.00386284, 0.00734733, 2.1238, 0.967316, 0.0323075, 280.215
9343, 0.164282, 0.634338, 0.0167708, 0, 1.65291e-06, 7.67748e-05, 0, 0, 0.651187, 0.0053044, 0.00932088, 1.80617, 0.967314, 0.0322938, 277.341
9344, 0.209247, 0.588833, 0.0169587, 0, 2.07162e-06, 9.23075e-05, 0, 0, 0.605886, 0.00675402, 0.0110407, 1.56424, 0.967312, 0.0322802, 273.795
9345, 0.227266, 0.565399, 0.0170757, 0, 2.2455e-06, 9.71485e-05, 0, 0, 0.582574, 0.00733296, 0.0115035, 1.48163, 0.96731, 0.0322665, 271.902
9346, 0.23123, 0.556838, 0.0171389, 0, 2.28845e-06, 9.76807e-05, 0, 0, 0.574077, 0.00745782, 0.011504, 1.46434, 0.967308, 0.0322529, 271.197
9347, 0.235206, 0.552511, 0.0171668, 0, 2.32588e-06, 9.92876e-05, 0, 0, 0.56978, 0.00758275, 0.0116644, 1.44729, 0.967306, 0.0322393, 270.836
9348, 0.245826, 0.548465, 0.0171379, 0, 2.40988e-06, 0.000103558, 0, 0, 0.565709, 0.00792169, 0.012158, 1.40313, 0.967304, 0.0322257, 270.492
9349, 0.258021, 0.545592, 0.0170741, 0, 2.49853e-06, 0.000107763, 0, 0, 0.562777, 0.00831124, 0.0126554, 1.35471, 0.967302, 0.032212, 270.243
9350, 0.258249, 0.548079, 0.0170402, 0, 2.48777e-06, 0.000107197, 0, 0, 0.565228, 0.00831539, 0.0126061, 1.35383, 0.9673, 0.0321984, 270.445
9351, 0.235105, 0.561682, 0.0170803, 0, 2.28281e-06, 9.82267e-05, 0, 0, 0.578863, 0.00756738, 0.0115907, 1.44772, 0.967298, 0.0321848, 271.575
9352, 0.190461, 0.591792, 0.0171108, 0, 1.88971e-06, 8.21907e-05, 0, 0, 0.608986, 0.00612819, 0.00977753, 1.65831, 0.967296, 0.0321712, 274.017
9353, 0.135664, 0.638126, 0.0169985, 0, 1.39234e-06, 6.23269e-05, 0, 0, 0.655189, 0.00436351, 0.00753204, 1.99757, 0.967294, 0.0321576, 277.616
9354, 0.0927406, 0.675937, 0.0168621, 0, 1.00168e-06, 4.65532e-05, 0, 0, 0.692846, 0.00298148, 0.00573832, 2.37795, 0.967292, 0.032144, 280.43
9355, 0.0872887, 0.669629, 0.0169748, 0, 9.74819e-07, 4.55207e-05, 0, 0, 0.68665, 0.00280442, 0.00561091, 2.43853, 0.96729, 0.0321305, 279.971
9356, 0.109261, 0.631811, 0.0172674, 0, 1.20473e-06, 5.41834e-05, 0, 0, 0.649134, 0.00350868, 0.00655629, 2.21402, 0.967288, 0.0321169, 277.144
9357, 0.135361, 0.600766, 0.0174447, 0, 1.44452e-06, 6.25182e-05, 0, 0, 0.618275, 0.00434514, 0.0074485, 1.99981, 0.967286, 0.0321033, 274.739
9358, 0.158909, 0.586019, 0.0174372, 0, 1.63083e-06, 6.92148e-05, 0, 0, 0.603527, 0.00509897, 0.00818636, 1.83942, 0.967284, 0.0320897, 273.56
9359, 0.179894, 0.57922, 0.0173269, 0, 1.80465e-06, 7.68728e-05, 0, 0, 0.596626, 0.00577006, 0.00908854, 1.71539, 0.967282, 0.0320762, 273
9360, 0.184444, 0.578528, 0.0172689, 0, 1.85985e-06, 7.92857e-05, 0, 0, 0.595878, 0.00591389, 0.00938833, 1.69041, 0.96728, 0.0320626, 272.936
9361, 0.172577, 0.582497, 0.0173034, 0, 1.76658e-06, 7.3873e-05, 0, 0, 0.599876, 0.00553113, 0.00875046, 1.75691, 0.967278, 0.0320491, 273.256
9362, 0.168636, 0.585113, 0.0172816, 0, 1.72488e-06, 7.09785e-05, 0, 0, 0.602467, 0.00540224, 0.00841157, 1.78002, 0.967276, 0.0320355, 273.461
9363, 0.180428, 0.585302, 0.0171422, 0, 1.81141e-06, 7.5723e-05, 0, 0, 0.602522, 0.00577741, 0.00900296, 1.71242, 0.967274, 0.0320219, 273.462
9364, 0.186802, 0.590814, 0.0169904, 0, 1.85376e-06, 7.97197e-05, 0, 0, 0.607886, 0.00597936, 0.00952341, 1.67771, 0.967272, 0.0320084, 273.889
9365, 0.158453, 0.613931, 0.0169467, 0, 1.5939e-06, 6.85974e-05, 0, 0, 0.630948, 0.00507042, 0.00823619, 1.84229, 0.96727, 0.0319948, 275.709
9366, 0.109082, 0.653209, 0.0168939, 0, 1.13977e-06, 4.83101e-05, 0, 0, 0.670152, 0.00348931, 0.00586177, 2.21566, 0.967268, 0.0319812, 278.71
9367, 0.0797151, 0.684127, 0.0167316, 0, 8.59634e-07, 3.75174e-05, 0, 0, 0.700897, 0.00254847, 0.00464473, 2.5293, 0.967266, 0.0319677, 280.985
9368, 0.0865103, 0.682059, 0.0165943, 0, 9.15607e-07, 4.1575e-05, 0, 0, 0.698696, 0.00276404, 0.00519229, 2.44749, 0.967264, 0.0319541, 280.821
9369, 0.11086, 0.659858, 0.0165176, 0, 1.13333e-06, 5.12984e-05, 0, 0, 0.676428, 0.00354052, 0.00637563, 2.19948, 0.967262, 0.0319406, 279.172
9370, 0.133409, 0.645824, 0.0163366, 0, 1.32453e-06, 6.04775e-05, 0, 0, 0.662222, 0.00425908, 0.00750379, 2.01434, 0.96726, 0.031927, 278.1
9371, 0.134824, 0.65158, 0.0160644, 0, 1.3204e-06, 6.11555e-05, 0, 0, 0.667707, 0.00430295, 0.00761988, 2.00378, 0.967258, 0.0319134, 278.511
9372, 0.104892, 0.675936, 0.0157711, 0, 1.03712e-06, 4.73666e-05, 0, 0, 0.691756, 0.00334669, 0.00594434, 2.25482, 0.967256, 0.0318998, 280.301
9373, 0.0660351, 0.709842, 0.0152576, 0, 6.74583e-07, 2.96442e-05, 0, 0, 0.72513, 0.00210615, 0.00378213, 2.71757, 0.967254, 0.0318862, 282.72
9374, 0.0401925, 0.745995, 0.0142306, 0, 4.27275e-07, 1.87114e-05, 0, 0, 0.760244, 0.00128134, 0.00249544, 3.21407, 0.967252, 0.0318725, 285.19
9375, 0.0255151, 0.78355, 0.0124777, 0, 2.81027e-07, 1.32693e-05, 0, 0, 0.796042, 0.000813077, 0.00190752, 3.66848, 0.96725, 0.0318588, 287.636
9376, 0.0144105, 0.820968, 0.00994251, 0, 1.65848e-07, 8.61826e-06, 0, 0, 0.830919, 0.000459072, 0.00133467, 4.2398, 0.967248, 0.0318451, 289.953
9377, 0.00563381, 0.851994, 0.00691838, 0, 6.9278e-08, 3.83448e-06, 0, 0, 0.858916, 0.000179441, 0.00063441, 5.17897, 0.967246, 0.0318313, 291.769
9378, 0.00131364, 0.871871, 0.00406444, 0, 1.77975e-08, 1.01258e-06, 0, 0, 0.875937, 4.18341e-05, 0.000179056, 6.63496, 0.967244, 0.0318174, 292.854
9379, 0.000181083, 0.881122, 0.00227762, 0, 2.88264e-09, 1.6135e-07, 0, 0, 0.8834, 5.7653e-06, 3.1076e-05, 8.61655, 0.967242, 0.0318034, 293.325
9380, 0.000108324, 0.880388, 0.00242199, 0, 2.09435e-09, 9.70435e-08, 0, 0, 0.88281, 3.44058e-06, 2.00904e-05, 9.13038, 0.96724, 0.0317893, 293.286
9381, 0.000667388, 0.86918, 0.00455681, 0, 1.03648e-08, 4.53861e-07, 0, 0, 0.873737, 2.11859e-05, 8.02973e-05, 7.31214, 0.967238, 0.0317749, 292.71
9382, 0.00316524, 0.847379, 0.00770638, 0, 4.14049e-08, 1.82073e-06, 0, 0, 0.855088, 0.000100448, 0.000283073, 5.75553, 0.967236, 0.0317603, 291.514
9383, 0.0113686, 0.815642, 0.0107089, 0, 1.30905e-07, 6.02107e-06, 0, 0, 0.826357, 0.000360652, 0.000859952, 4.4769, 0.967234, 0.0317452, 289.64
9384, 0.0306541, 0.776635, 0.0129202, 0, 3.26738e-07, 1.57693e-05, 0, 0, 0.789572, 0.000972147, 0.00215372, 3.48499, 0.967232, 0.0317293, 287.18
9385, 0.0562084, 0.73706, 0.0143435, 0, 5.79241e-07, 2.81344e-05, 0, 0, 0.751432, 0.00178203, 0.00374722, 2.87869, 0.96723, 0.0317122, 284.551
9386, 0.070914, 0.706343, 0.0153157, 0, 7.27481e-07, 3.37698e-05, 0, 0, 0.721693, 0.00224733, 0.00439163, 2.64629, 0.967228, 0.0316926, 282.441
9387, 0.0715586, 0.687894, 0.0160401, 0, 7.46618e-07, 3.22323e-05, 0, 0, 0.703967, 0.00226607, 0.00408357, 2.63724, 0.967226, 0.0316663, 281.156
9388, 0.0681161, 0.677741, 0.0165604, 0, 7.30278e-07, 3.00053e-05, 0, 0, 0.694332, 0.00215373, 0.00372099, 2.68654, 0.967224, 0.0316209, 280.447
9389, 0.0684901, 0.669415, 0.0168954, 0, 7.4821e-07, 3.04566e-05, 0, 0, 0.686341, 0.00215922, 0.00372581, 2.68107, 0.967222, 0.0315335, 279.854
9390, 0.0712024, 0.661128, 0.0171239, 0, 7.81049e-07, 3.16917e-05, 0, 0, 0.678284, 0.00223417, 0.00384578, 2.64223, 0.96722, 0.0313558, 279.252
9391, 0.0669605, 0.658591, 0.0173438, 0, 7.42632e-07, 2.9373e-05, 0, 0, 0.675965, 0.00208774, 0.00354384, 2.70365, 0.967218, 0.0310716, 279.076
9392, 0.0549739, 0.664129, 0.0175602, 0, 6.29243e-07, 2.37015e-05, 0, 0, 0.681714, 0.0017067, 0.00284445, 2.9009, 0.967216, 0.0309174, 279.502
9393, 0.0523575, 0.667928, 0.0176341, 0, 6.12068e-07, 2.31546e-05, 0, 0, 0.685586, 0.00163288, 0.00277751, 2.94966, 0.967214, 0.0310863, 279.787
9394, 0.0550132, 0.667217, 0.0176572, 0, 6.43028e-07, 2.4699e-05, 0, 0, 0.684899, 0.0017256, 0.00296129, 2.90018, 0.967212, 0.0313336, 279.734
9395, 0.050083, 0.666869, 0.0178073, 0, 5.86253e-07, 2.16459e-05, 0, 0, 0.684699, 0.0015756, 0.00257761, 2.99407, 0.96721, 0.031469, 279.716
9396, 0.0588086, 0.658532, 0.0178537, 0, 6.61751e-07, 2.50117e-05, 0, 0, 0.676412, 0.00185372, 0.00297106, 2.83347, 0.967208, 0.031522, 279.095
9397, 0.0858605, 0.639534, 0.0176985, 0, 9.23907e-07, 3.68859e-05, 0, 0, 0.657271, 0.00270777, 0.0043917, 2.45503, 0.967206, 0.0315362, 277.646
9398, 0.0991936, 0.626676, 0.017621, 0, 1.05789e-06, 4.18906e-05, 0, 0, 0.64434, 0.00312805, 0.00497859, 2.31068, 0.967204, 0.0315341, 276.65
9399, 0.089175, 0.629306, 0.0177028, 0, 9.694e-07, 3.67647e-05, 0, 0, 0.647047, 0.00281159, 0.00435114, 2.41715, 0.967202, 0.0315264, 276.856
9400, 0.0678637, 0.642419, 0.0178253, 0, 7.71899e-07, 2.76844e-05, 0, 0, 0.660273, 0.00213911, 0.00325698, 2.69025, 0.9672, 0.0315167, 277.866
9401, 0.0481461, 0.659901, 0.0178834, 0, 5.79594e-07, 1.9782e-05, 0, 0, 0.677805, 0.00151712, 0.00231153, 3.03351, 0.967198, 0.0315059, 279.186
9402, 0.0318853, 0.680274, 0.017907, 0, 4.0334e-07, 1.31946e-05, 0, 0, 0.698195, 0.00100439, 0.00153471, 3.44561, 0.967196, 0.0314943, 280.694
9403, 0.026119, 0.690933, 0.0179215, 0, 3.32305e-07, 1.11565e-05, 0, 0, 0.708866, 0.000822239, 0.00130698, 3.64509, 0.967194, 0.0314824, 281.472
9404, 0.0360311, 0.681601, 0.017857, 0, 4.38568e-07, 1.59656e-05, 0, 0, 0.699475, 0.00113371, 0.0018897, 3.32337, 0.967192, 0.0314701, 280.783
9405, 0.0446174, 0.669789, 0.0177549, 0, 5.35445e-07, 1.9513e-05, 0, 0, 0.687564, 0.00140353, 0.00231179, 3.10963, 0.96719, 0.0314577, 279.902
9406, 0.0432028, 0.670673, 0.0175807, 0, 5.1964e-07, 1.8167e-05, 0, 0, 0.688272, 0.00135855, 0.00215965, 3.14185, 0.967188, 0.0314451, 279.952
9407, 0.0436783, 0.682263, 0.0169935, 0, 5.15985e-07, 1.84665e-05, 0, 0, 0.699275, 0.00137286, 0.00225284, 3.1309, 0.967186, 0.0314324, 280.761
9408, 0.0456217, 0.710563, 0.0155587, 0, 5.19885e-07, 2.09724e-05, 0, 0, 0.726143, 0.00143345, 0.00266981, 3.08737, 0.967184, 0.0314196, 282.706
9409, 0.0362242, 0.761395, 0.0129777, 0, 4.04075e-07, 1.83748e-05, 0, 0, 0.774392, 0.00113793, 0.00243622, 3.31803, 0.967182, 0.0314067, 286.091
9410, 0.0177939, 0.812797, 0.0102619, 0, 1.99732e-07, 9.81997e-06, 0, 0, 0.823068, 0.000558884, 0.00135044, 4.0289, 0.96718, 0.0313938, 289.373
9411, 0.006036, 0.828049, 0.0099065, 0, 7.31103e-08, 3.49447e-06, 0, 0, 0.837959, 0.000189501, 0.000486031, 5.11001, 0.967178, 0.0313809, 290.352
9412, 0.005576, 0.800651, 0.0123393, 0, 7.70392e-08, 3.02677e-06, 0, 0, 0.812994, 0.000174851, 0.000386142, 5.18928, 0.967176, 0.0313679, 288.7
9413, 0.011116, 0.75898, 0.0150977, 0, 1.53719e-07, 5.81652e-06, 0, 0, 0.774084, 0.00034844, 0.000717184, 4.49937, 0.967174, 0.031355, 286.061
9414, 0.0175793, 0.727918, 0.0166491, 0, 2.3816e-07, 8.70969e-06, 0, 0, 0.744576, 0.000550866, 0.00105775, 4.04103, 0.967172, 0.031342, 284.003
9415, 0.0252753, 0.706127, 0.0173092, 0, 3.25774e-07, 1.16964e-05, 0, 0, 0.723448, 0.000791714, 0.00140168, 3.67793, 0.96717, 0.031329, 282.496
9416, 0.0324327, 0.689115, 0.0176425, 0, 4.02228e-07, 1.45751e-05, 0, 0, 0.706772, 0.00101561, 0.00173326, 3.42859, 0.967168, 0.031316, 281.287
9417, 0.0298512, 0.686783, 0.0178496, 0, 3.73674e-07, 1.33439e-05, 0, 0, 0.704646, 0.000934558, 0.00157625, 3.51153, 0.967166, 0.0313029, 281.129
9418, 0.0198726, 0.698387, 0.0178989, 0, 2.63595e-07, 8.86489e-06, 0, 0, 0.716295, 0.000621962, 0.00103746, 3.91841, 0.967164, 0.0312899, 281.973
9419, 0.0130622, 0.708224, 0.0179005, 0, 1.86634e-07, 5.80045e-06, 0, 0, 0.72613, 0.000408597, 0.000671714, 4.33804, 0.967162, 0.0312769, 282.679
9420, 0.0138839, 0.704419, 0.0180572, 0, 1.98726e-07, 6.42506e-06, 0, 0, 0.722482, 0.000433979, 0.000743656, 4.27703, 0.96716, 0.0312638, 282.415
9421, 0.0228644, 0.690224, 0.0182119, 0, 3.09677e-07, 1.131e-05, 0, 0, 0.708448, 0.000714364, 0.00132137, 3.77818, 0.967158, 0.0312508, 281.396
9422, 0.0294273, 0.681519, 0.018267, 0, 3.91088e-07, 1.47786e-05, 0, 0, 0.699801, 0.000919242, 0.00173094, 3.52583, 0.967156, 0.0312378, 280.761
9423, 0.0226463, 0.688301, 0.0183733, 0, 3.09446e-07, 1.1076e-05, 0, 0, 0.706686, 0.000707301, 0.00128996, 3.78776, 0.967154, 0.0312248, 281.263
9424, 0.0126195, 0.700839, 0.018442, 0, 1.88226e-07, 5.97028e-06, 0, 0, 0.719287, 0.000393982, 0.000686064, 4.37251, 0.967152, 0.0312117, 282.175
9425, 0.0104965, 0.706642, 0.0183471, 0, 1.61254e-07, 5.06572e-06, 0, 0, 0.724995, 0.000327436, 0.000585759, 4.55672, 0.96715, 0.0311987, 282.584
9426, 0.0166591, 0.704194, 0.018076, 0, 2.32905e-07, 8.3191e-06, 0, 0, 0.722279, 0.000519394, 0.000986775, 4.0948, 0.967148, 0.0311857, 282.386
9427, 0.0227152, 0.705845, 0.0176646, 0, 3.04812e-07, 1.16507e-05, 0, 0, 0.723521, 0.00070807, 0.00139769, 3.78472, 0.967146, 0.0311726, 282.473
9428, 0.0182236, 0.724388, 0.0172062, 0, 2.48614e-07, 9.42747e-06, 0, 0, 0.741604, 0.00056798, 0.00113435, 4.00504, 0.967144, 0.0311596, 283.761
9429, 0.0091429, 0.74847, 0.0166569, 0, 1.34836e-07, 4.69641e-06, 0, 0, 0.765131, 0.000284884, 0.000565674, 4.69478, 0.967142, 0.0311466, 285.409
9430, 0.00447786, 0.768394, 0.0155863, 0, 7.38028e-08, 2.34007e-06, 0, 0, 0.783982, 0.000139452, 0.00028536, 5.40861, 0.96714, 0.0311336, 286.706
9431, 0.00256914, 0.796378, 0.0131831, 0, 4.4867e-08, 1.40626e-06, 0, 0, 0.809563, 7.9978e-05, 0.000175666, 5.96418, 0.967138, 0.0311206, 288.436
9432, 0.00131768, 0.829644, 0.00991366, 0, 2.34766e-08, 7.62162e-07, 0, 0, 0.839558, 4.10004e-05, 0.000100103, 6.63188, 0.967136, 0.0311076, 290.422
9433, 0.0016778, 0.839706, 0.00867048, 0, 2.62337e-08, 9.99577e-07, 0, 0, 0.848377, 5.21469e-05, 0.00013871, 6.39027, 0.967134, 0.0310946, 290.996
9434, 0.00419314, 0.812554, 0.0109424, 0, 6.16981e-08, 2.33358e-06, 0, 0, 0.823499, 0.00013028, 0.000313301, 5.4743, 0.967132, 0.0310816, 289.36
9435, 0.00714682, 0.77015, 0.0143305, 0, 1.05117e-07, 3.73804e-06, 0, 0, 0.784485, 0.000222006, 0.000477566, 4.94109, 0.96713, 0.0310687, 286.73
9436, 0.00856615, 0.740274, 0.0165454, 0, 1.28956e-07, 4.44281e-06, 0, 0, 0.756824, 0.000266017, 0.000542176, 4.75994, 0.967128, 0.0310557, 284.815
9437, 0.00911224, 0.727918, 0.0174818, 0, 1.42846e-07, 5.01191e-06, 0, 0, 0.745405, 0.000282862, 0.000596287, 4.69814, 0.967126, 0.0310427, 284.01
9438, 0.00872127, 0.727283, 0.0177891, 0, 1.41155e-07, 5.06682e-06, 0, 0, 0.745077, 0.000270642, 0.000598594, 4.74199, 0.967124, 0.0310297, 283.985
9439, 0.00676317, 0.730322, 0.0179405, 0, 1.12241e-07, 3.90937e-06, 0, 0, 0.748267, 0.000209795, 0.000460208, 4.99626, 0.967122, 0.0310168, 284.208
9440, 0.00697668, 0.726981, 0.0179744, 0, 1.16191e-07, 3.94646e-06, 0, 0, 0.744959, 0.000216277, 0.000464244, 4.96518, 0.96712, 0.0310038, 283.972
9441, 0.00845253, 0.725841, 0.0177938, 0, 1.40158e-07, 4.86941e-06, 0, 0, 0.74364, 0.000261948, 0.000574856, 4.77329, 0.967118, 0.0309909, 283.877
9442, 0.00682573, 0.739882, 0.0173992, 0, 1.16075e-07, 4.05382e-06, 0, 0, 0.757286, 0.000211493, 0.00048128, 4.98706, 0.967116, 0.0309779, 284.835
9443, 0.00436236, 0.759095, 0.0168475, 0, 7.72058e-08, 2.794e-06, 0, 0, 0.775945, 0.000135098, 0.000340868, 5.43474, 0.967114, 0.030965, 286.128
9444, 0.00520562, 0.769261, 0.0160705, 0, 8.5357e-08, 3.50775e-06, 0, 0, 0.785335, 0.000161088, 0.000446753, 5.25802, 0.967112, 0.0309521, 286.771
9445, 0.00712643, 0.778947, 0.0147747, 0, 1.09714e-07, 4.78819e-06, 0, 0, 0.793727, 0.000220478, 0.000616276, 4.94394, 0.96711, 0.0309391, 287.341
9446, 0.00571744, 0.789526, 0.0138747, 0, 8.85922e-08, 3.81542e-06, 0, 0, 0.803404, 0.000176862, 0.000489721, 5.16423, 0.967108, 0.0309262, 287.994
9447, 0.00300732, 0.781843, 0.014809, 0, 5.10117e-08, 1.98891e-06, 0, 0, 0.796654, 9.29991e-05, 0.000252121, 5.80671, 0.967106, 0.0309133, 287.536
9448, 0.00170657, 0.762597, 0.0166314, 0, 3.28968e-08, 1.06111e-06, 0, 0, 0.779229, 5.27401e-05, 0.000129503, 6.37327, 0.967104, 0.0309004, 286.345
9449, 0.00301623, 0.747348, 0.0177684, 0, 4.76608e-08, 1.6106e-06, 0, 0, 0.765118, 9.31046e-05, 0.000190112, 5.80375, 0.967102, 0.0308875, 285.367
9450, 0.0112901, 0.727294, 0.0181153, 0, 1.50951e-07, 5.91799e-06, 0, 0, 0.745415, 0.000348377, 0.000703596, 4.48383, 0.9671, 0.0308746, 283.983
9451, 0.026466, 0.698719, 0.0181041, 0, 3.38838e-07, 1.37403e-05, 0, 0, 0.716837, 0.00081657, 0.00163719, 3.63189, 0.967098, 0.0308617, 281.934
9452, 0.0327743, 0.686087, 0.0181021, 0, 4.14136e-07, 1.67121e-05, 0, 0, 0.704206, 0.0010111, 0.00198787, 3.41811, 0.967096, 0.0308489, 281.011
9453, 0.0216775, 0.702306, 0.0182471, 0, 2.79025e-07, 1.09016e-05, 0, 0, 0.720564, 0.000668678, 0.00129015, 3.83148, 0.967094, 0.030836, 282.199
9454, 0.0100269, 0.72102, 0.0183289, 0, 1.41163e-07, 5.16122e-06, 0, 0, 0.739354, 0.000309153, 0.000605765, 4.60248, 0.967092, 0.0308231, 283.544
9455, 0.00940242, 0.722896, 0.0181474, 0, 1.40235e-07, 5.14082e-06, 0, 0, 0.741048, 0.000289644, 0.000607117, 4.66679, 0.96709, 0.0308102, 283.662
9456, 0.0117158, 0.728105, 0.017652, 0, 1.72273e-07, 6.62179e-06, 0, 0, 0.745764, 0.000360818, 0.000790521, 4.44682, 0.967088, 0.0307974, 283.994
9457, 0.00854336, 0.751724, 0.017038, 0, 1.27323e-07, 5.04513e-06, 0, 0, 0.768767, 0.000263086, 0.00060647, 4.7626, 0.967086, 0.0307845, 285.604
9458, 0.00336899, 0.770903, 0.0168573, 0, 5.37543e-08, 2.09106e-06, 0, 0, 0.787762, 0.000103731, 0.000251803, 5.69314, 0.967084, 0.0307717, 286.91
9459, 0.00116191, 0.767784, 0.0173372, 0, 2.25184e-08, 7.10788e-07, 0, 0, 0.785122, 3.5746e-05, 8.32973e-05, 6.75769, 0.967082, 0.0307588, 286.728
9460, 0.00254025, 0.750069, 0.0179575, 0, 4.34183e-08, 1.34714e-06, 0, 0, 0.768028, 7.80491e-05, 0.000153343, 5.97549, 0.96708, 0.030746, 285.547
9461, 0.00879475, 0.723706, 0.0182596, 0, 1.29875e-07, 4.40099e-06, 0, 0, 0.74197, 0.000270153, 0.000506336, 4.7336, 0.967078, 0.0307332, 283.715
9462, 0.0189174, 0.695746, 0.0182676, 0, 2.60732e-07, 9.15163e-06, 0, 0, 0.714023, 0.000581001, 0.00106174, 3.96767, 0.967076, 0.0307203, 281.704
9463, 0.0245699, 0.683796, 0.01821, 0, 3.30842e-07, 1.19123e-05, 0, 0, 0.702018, 0.000754475, 0.00139013, 3.70623, 0.967074, 0.0307075, 280.823
9464, 0.0192304, 0.696641, 0.0182358, 0, 2.63389e-07, 9.6135e-06, 0, 0, 0.714887, 0.000590421, 0.00112529, 3.95127, 0.967072, 0.0306947, 281.762
9465, 0.0086767, 0.722096, 0.0182902, 0, 1.26461e-07, 4.44017e-06, 0, 0, 0.740391, 0.000266361, 0.000518737, 4.74711, 0.96707, 0.0306818, 283.594
9466, 0.00229714, 0.741904, 0.0182727, 0, 4.00395e-08, 1.15835e-06, 0, 0, 0.760178, 7.05037e-05, 0.000133006, 6.07609, 0.967068, 0.0306685, 284.988
9467, 0.000639959, 0.7497, 0.0182264, 0, 1.66616e-08, 3.35537e-07, 0, 0, 0.767927, 1.96249e-05, 3.60762e-05, 7.35411, 0.967066, 0.0306518, 285.526
9468, 0.000505878, 0.751336, 0.0181443, 0, 1.50895e-08, 3.09513e-07, 0, 0, 0.76948, 1.54958e-05, 3.25815e-05, 7.58921, 0.967064, 0.0306247, 285.632
9469, 0.000584734, 0.75405, 0.0179247, 0, 1.60162e-08, 3.54917e-07, 0, 0, 0.771975, 1.78909e-05, 3.86431e-05, 7.44435, 0.967062, 0.0305902, 285.803
9470, 0.000879786, 0.759303, 0.0174224, 0, 2.04025e-08, 5.17478e-07, 0, 0, 0.776726, 2.68932e-05, 6.00519e-05, 7.03583, 0.96706, 0.0305698, 286.13
9471, 0.00120853, 0.771809, 0.0162718, 0, 2.57319e-08, 7.38115e-07, 0, 0, 0.788082, 3.69372e-05, 8.98058e-05, 6.71835, 0.967058, 0.0305691, 286.908
9472, 0.00107833, 0.797997, 0.0140222, 0, 2.27096e-08, 7.13113e-07, 0, 0, 0.81202, 3.2963e-05, 9.26942e-05, 6.83234, 0.967056, 0.0305734, 288.529
9473, 0.000697834, 0.827669, 0.0112596, 0, 1.51601e-08, 5.57208e-07, 0, 0, 0.838929, 2.13296e-05, 8.22611e-05, 7.26753, 0.967054, 0.0305625, 290.316
9474, 0.00051355, 0.838042, 0.0102129, 0, 1.19006e-08, 5.04163e-07, 0, 0, 0.848255, 1.56806e-05, 8.16244e-05, 7.57416, 0.967052, 0.0305287, 290.926
9475, 0.000703074, 0.820085, 0.0120075, 0, 1.5563e-08, 5.97526e-07, 0, 0, 0.832093, 2.14543e-05, 8.83195e-05, 7.26005, 0.96705, 0.0304984, 289.862
9476, 0.00139456, 0.78783, 0.0147838, 0, 2.86533e-08, 9.74614e-07, 0, 0, 0.802615, 4.25647e-05, 0.000122179, 6.57518, 0.967048, 0.0304992, 287.888
9477, 0.00197795, 0.763866, 0.0166481, 0, 4.06667e-08, 1.33362e-06, 0, 0, 0.780515, 6.03757e-05, 0.000157568, 6.22569, 0.967046, 0.0305122, 286.378
9478, 0.00158964, 0.758417, 0.0174927, 0, 3.41799e-08, 1.08263e-06, 0, 0, 0.775911, 4.85177e-05, 0.000125504, 6.44425, 0.967044, 0.0305126, 286.058
9479, 0.00119595, 0.757402, 0.0178489, 0, 2.77875e-08, 8.37867e-07, 0, 0, 0.775252, 3.64772e-05, 9.46181e-05, 6.72881, 0.967042, 0.0305028, 286.011
9480, 0.00225786, 0.746687, 0.0180711, 0, 4.77982e-08, 1.51645e-06, 0, 0, 0.76476, 6.88127e-05, 0.000171022, 6.09334, 0.96704, 0.0304905, 285.28
9481, 0.00519145, 0.730454, 0.0182191, 0, 9.69754e-08, 3.33735e-06, 0, 0, 0.748676, 0.000158169, 0.000381126, 5.26074, 0.967038, 0.0304779, 284.148
9482, 0.0089603, 0.716093, 0.0182745, 0, 1.55117e-07, 5.6114e-06, 0, 0, 0.734373, 0.000272923, 0.000645802, 4.71495, 0.967036, 0.0304652, 283.128
9483, 0.0117001, 0.708607, 0.0183011, 0, 1.91908e-07, 7.16826e-06, 0, 0, 0.726916, 0.000356279, 0.000829963, 4.44816, 0.967034, 0.0304526, 282.59
9484, 0.0103699, 0.713126, 0.0183554, 0, 1.67954e-07, 6.28735e-06, 0, 0, 0.731487, 0.000315718, 0.000728792, 4.56885, 0.967032, 0.0304399, 282.917
9485, 0.00534436, 0.727866, 0.0183518, 0, 9.12533e-08, 3.1932e-06, 0, 0, 0.746221, 0.000162688, 0.000367404, 5.23171, 0.96703, 0.0304272, 283.966
9486, 0.00208389, 0.743773, 0.0180157, 0, 4.13775e-08, 1.24052e-06, 0, 0, 0.76179, 6.34048e-05, 0.000141512, 6.17352, 0.967028, 0.0304145, 285.061
9487, 0.00164553, 0.760531, 0.0172315, 0, 3.47108e-08, 1.17035e-06, 0, 0, 0.777764, 5.00204e-05, 0.000139726, 6.40969, 0.967026, 0.0304019, 286.17
9488, 0.00269941, 0.773674, 0.0164853, 0, 5.18148e-08, 2.2083e-06, 0, 0, 0.790162, 8.201e-05, 0.00027505, 5.91472, 0.967024, 0.0303892, 287.02
9489, 0.00403913, 0.771677, 0.0165293, 0, 7.41278e-08, 3.39079e-06, 0, 0, 0.78821, 0.000122684, 0.000425462, 5.51173, 0.967022, 0.0303765, 286.885
9490, 0.00360424, 0.763553, 0.017201, 0, 6.63184e-08, 2.98496e-06, 0, 0, 0.780757, 0.000109461, 0.000371384, 5.62565, 0.96702, 0.0303638, 286.371
9491, 0.00202695, 0.758837, 0.0177992, 0, 3.87129e-08, 1.57219e-06, 0, 0, 0.776638, 6.15374e-05, 0.000190879, 6.20122, 0.967018, 0.0303511, 286.084
9492, 0.00202555, 0.748267, 0.0181079, 0, 3.91524e-08, 1.29399e-06, 0, 0, 0.766376, 6.1435e-05, 0.00014852, 6.20192, 0.967016, 0.0303384, 285.37
9493, 0.00361994, 0.732062, 0.0182561, 0, 6.71962e-08, 2.13617e-06, 0, 0, 0.75032, 0.000109755, 0.00024169, 5.6213, 0.967014, 0.0303258, 284.24
9494, 0.00433025, 0.722225, 0.0184101, 0, 7.99705e-08, 2.48231e-06, 0, 0, 0.740638, 0.000131265, 0.000279219, 5.44213, 0.967012, 0.0303132, 283.551
9495, 0.00399703, 0.720395, 0.0185486, 0, 7.52367e-08, 2.27682e-06, 0, 0, 0.738946, 0.000121117, 0.000253822, 5.5222, 0.96701, 0.0303006, 283.428
9496, 0.00373713, 0.722445, 0.0185743, 0, 7.13671e-08, 2.16665e-06, 0, 0, 0.741022, 0.000113197, 0.000241381, 5.58944, 0.967008, 0.030288, 283.574
9497, 0.00315008, 0.728567, 0.0185534, 0, 5.97939e-08, 1.82475e-06, 0, 0, 0.747122, 9.53736e-05, 0.000204783, 5.76033, 0.967006, 0.0302753, 284.006
9498, 0.00454469, 0.729024, 0.0184745, 0, 7.72687e-08, 2.62113e-06, 0, 0, 0.747501, 0.000137481, 0.000301288, 5.3938, 0.967004, 0.0302627, 284.03
9499, 0.00954751, 0.717325, 0.0183261, 0, 1.50144e-07, 5.53681e-06, 0, 0, 0.735657, 0.000288732, 0.000643466, 4.65147, 0.967003, 0.03025, 283.184
9500, 0.0123497, 0.709374, 0.0182303, 0, 1.91275e-07, 7.08309e-06, 0, 0, 0.727612, 0.000373432, 0.000823296, 4.39412, 0.967004, 0.0302374, 282.604
9501, 0.00896783, 0.719296, 0.0181001, 0, 1.42053e-07, 4.98317e-06, 0, 0, 0.737401, 0.000271127, 0.000575593, 4.71411, 0.967007, 0.0302247, 283.305
9502, 0.00417458, 0.745011, 0.0176167, 0, 6.96505e-08, 2.22428e-06, 0, 0, 0.76263, 0.000126183, 0.000254058, 5.47874, 0.967012, 0.030212, 285.089
9503, 0.00134118, 0.774453, 0.016752, 0, 2.42867e-08, 7.03095e-07, 0, 0, 0.791206, 4.05294e-05, 7.93626e-05, 6.6142, 0.967018, 0.0301993, 287.065
9504, 0.00042901, 0.789488, 0.0161496, 0, 9.61384e-09, 2.47119e-07, 0, 0, 0.805638, 1.29533e-05, 2.74907e-05, 7.75403, 0.967024, 0.0301866, 288.046
9505, 0.000902791, 0.781512, 0.0164527, 0, 1.77281e-08, 5.32791e-07, 0, 0, 0.797965, 2.72209e-05, 6.12579e-05, 7.01002, 0.96703, 0.0301737, 287.523
9506, 0.00348545, 0.758771, 0.0171651, 0, 5.73656e-08, 2.02725e-06, 0, 0, 0.775938, 0.000105064, 0.000238963, 5.65916, 0.967036, 0.0301608, 286.009
9507, 0.00808241, 0.737535, 0.0174989, 0, 1.25269e-07, 4.807e-06, 0, 0, 0.755039, 0.000243606, 0.000572465, 4.81807, 0.967042, 0.0301481, 284.546
9508, 0.00962385, 0.736106, 0.0173936, 0, 1.46018e-07, 5.84604e-06, 0, 0, 0.753505, 0.000290045, 0.000700096, 4.64351, 0.967048, 0.0301353, 284.436
9509, 0.00576646, 0.755283, 0.0168258, 0, 8.84028e-08, 3.55233e-06, 0, 0, 0.772112, 0.000173773, 0.000429116, 5.1557, 0.967054, 0.0301224, 285.737
9510, 0.00234539, 0.780764, 0.0152897, 0, 3.92993e-08, 1.5173e-06, 0, 0, 0.796055, 7.06462e-05, 0.000195652, 6.0553, 0.96706, 0.0301093, 287.385
9511, 0.00159966, 0.809415, 0.0126343, 0, 2.91392e-08, 1.19129e-06, 0, 0, 0.822051, 4.81462e-05, 0.00017376, 6.43797, 0.967066, 0.0300961, 289.139
9512, 0.0014145, 0.831622, 0.0103998, 0, 2.62041e-08, 1.13513e-06, 0, 0, 0.842023, 4.25555e-05, 0.000172028, 6.56098, 0.967072, 0.0300826, 290.463
9513, 0.00121107, 0.827969, 0.0108035, 0, 2.36457e-08, 9.58629e-07, 0, 0, 0.838773, 3.6418e-05, 0.000141204, 6.71625, 0.967078, 0.0300687, 290.247
9514, 0.000994868, 0.803785, 0.0133615, 0, 2.09641e-08, 7.54063e-07, 0, 0, 0.817148, 2.99059e-05, 0.000104394, 6.9129, 0.967084, 0.0300542, 288.806
9515, 0.000609765, 0.782834, 0.0156912, 0, 1.42136e-08, 4.36564e-07, 0, 0, 0.798525, 1.83229e-05, 5.62042e-05, 7.40244, 0.96709, 0.0300387, 287.545
9516, 0.000481755, 0.772037, 0.0168558, 0, 1.17588e-08, 3.11745e-07, 0, 0, 0.788893, 1.44579e-05, 3.64961e-05, 7.63807, 0.967096, 0.0300213, 286.885
9517, 0.000889472, 0.764957, 0.0171858, 0, 2.01134e-08, 5.78082e-07, 0, 0, 0.782144, 2.66714e-05, 6.63433e-05, 7.02488, 0.967102, 0.0299997, 286.418
9518, 0.00118704, 0.766465, 0.0169072, 0, 2.63281e-08, 7.97256e-07, 0, 0, 0.783373, 3.55832e-05, 9.2147e-05, 6.73629, 0.967108, 0.0299649, 286.501
9519, 0.000858972, 0.779892, 0.0162202, 0, 1.97416e-08, 6.06103e-07, 0, 0, 0.796113, 2.57117e-05, 7.10386e-05, 7.05977, 0.967114, 0.0298748, 287.374
9520, 0.000551938, 0.788882, 0.0157553, 0, 1.33178e-08, 3.9587e-07, 0, 0, 0.804637, 1.63997e-05, 4.70486e-05, 7.50207, 0.96712, 0.0296295, 287.952
9521, 0.000847868, 0.785193, 0.0157468, 0, 1.68941e-08, 4.93802e-07, 0, 0, 0.80094, 2.50641e-05, 5.78375e-05, 7.07279, 0.967126, 0.0292752, 287.7
9522, 0.00303636, 0.773576, 0.0158563, 0, 4.563e-08, 1.55548e-06, 0, 0, 0.789434, 9.03381e-05, 0.000184019, 5.7971, 0.967132, 0.0292083, 286.912
9523, 0.00970585, 0.749141, 0.0162879, 0, 1.30218e-07, 4.90393e-06, 0, 0, 0.765434, 0.000289663, 0.000587147, 4.63503, 0.967138, 0.0295047, 285.246
9524, 0.017972, 0.719936, 0.0169528, 0, 2.35404e-07, 9.17256e-06, 0, 0, 0.736898, 0.000536806, 0.00110044, 4.01894, 0.967144, 0.0297684, 283.222
9525, 0.0186905, 0.709829, 0.0173112, 0, 2.5212e-07, 9.7941e-06, 0, 0, 0.72715, 0.000558436, 0.0011696, 3.97974, 0.96715, 0.0298645, 282.518
9526, 0.0122908, 0.724627, 0.0171441, 0, 1.78621e-07, 6.76836e-06, 0, 0, 0.741778, 0.000367294, 0.000801693, 4.39891, 0.967156, 0.0298834, 283.568
9527, 0.0054514, 0.755287, 0.0162396, 0, 8.68189e-08, 3.15182e-06, 0, 0, 0.77153, 0.000162925, 0.000370822, 5.21188, 0.967162, 0.0298823, 285.665
9528, 0.00155637, 0.792195, 0.0142293, 0, 2.78453e-08, 9.27545e-07, 0, 0, 0.806426, 4.6514e-05, 0.000109892, 6.4654, 0.967168, 0.0298757, 288.061
9529, 0.000503909, 0.824567, 0.0116255, 0, 1.01717e-08, 3.65008e-07, 0, 0, 0.836193, 1.50509e-05, 5.13354e-05, 7.59312, 0.967174, 0.0298668, 290.055
9530, 0.000747888, 0.835534, 0.0104717, 0, 1.41091e-08, 6.22311e-07, 0, 0, 0.846006, 2.23232e-05, 9.62557e-05, 7.19826, 0.96718, 0.0298567, 290.701
9531, 0.00116966, 0.81873, 0.0119568, 0, 2.16777e-08, 8.93769e-07, 0, 0, 0.830688, 3.49065e-05, 0.000132865, 6.75104, 0.967186, 0.0298459, 289.686
9532, 0.00124815, 0.790287, 0.0145101, 0, 2.39319e-08, 8.25978e-07, 0, 0, 0.804797, 3.7238e-05, 0.000112085, 6.68609, 0.967192, 0.0298347, 287.944
9533, 0.00146613, 0.767503, 0.0162223, 0, 2.90136e-08, 8.44522e-07, 0, 0, 0.783726, 4.3718e-05, 0.000102024, 6.52513, 0.967198, 0.0298232, 286.5
9534, 0.00221714, 0.758993, 0.0167063, 0, 4.08814e-08, 1.22552e-06, 0, 0, 0.775701, 6.60802e-05, 0.000145336, 6.11154, 0.967204, 0.0298115, 285.943
9535, 0.00460707, 0.764103, 0.0163942, 0, 6.85581e-08, 2.62292e-06, 0, 0, 0.7805, 0.000137226, 0.000325336, 5.38016, 0.96721, 0.0297997, 286.274
9536, 0.011968, 0.760481, 0.0161282, 0, 1.53188e-07, 6.84895e-06, 0, 0, 0.776616, 0.000356357, 0.000866055, 4.42552, 0.967216, 0.0297877, 286.003
9537, 0.0210011, 0.733796, 0.0165957, 0, 2.60183e-07, 1.15829e-05, 0, 0, 0.750404, 0.000625237, 0.00145597, 3.86318, 0.967222, 0.0297757, 284.161
9538, 0.0210769, 0.708399, 0.017458, 0, 2.65332e-07, 1.09062e-05, 0, 0, 0.725868, 0.000627405, 0.0013459, 3.85958, 0.967228, 0.0297637, 282.399
9539, 0.0128517, 0.704431, 0.0181117, 0, 1.72643e-07, 6.14538e-06, 0, 0, 0.722549, 0.000382491, 0.000736836, 4.35428, 0.967234, 0.0297516, 282.156
9540, 0.00541247, 0.712867, 0.0184688, 0, 8.38771e-08, 2.39045e-06, 0, 0, 0.731338, 0.00016104, 0.000274895, 5.21905, 0.96724, 0.0297394, 282.791
9541, 0.00235685, 0.718242, 0.0186548, 0, 4.47511e-08, 1.01073e-06, 0, 0, 0.736898, 7.00789e-05, 0.000109662, 6.05043, 0.967246, 0.0297273, 283.189
9542, 0.00261645, 0.71471, 0.018716, 0, 4.84675e-08, 1.19178e-06, 0, 0, 0.733428, 7.7728e-05, 0.000129076, 5.94594, 0.967252, 0.0297151, 282.937
9543, 0.00448033, 0.705991, 0.0186834, 0, 7.55763e-08, 2.11015e-06, 0, 0, 0.724676, 0.000133051, 0.000232956, 5.40806, 0.967258, 0.0297029, 282.303
9544, 0.00557342, 0.699997, 0.0186711, 0, 9.28329e-08, 2.62625e-06, 0, 0, 0.71867, 0.000165479, 0.000290907, 5.18975, 0.967264, 0.0296908, 281.863
9545, 0.00475005, 0.70053, 0.0187439, 0, 8.15071e-08, 2.18148e-06, 0, 0, 0.719276, 0.00014099, 0.000239759, 5.3496, 0.96727, 0.0296786, 281.905
9546, 0.00480329, 0.700146, 0.0187737, 0, 8.01464e-08, 2.11117e-06, 0, 0, 0.718921, 0.000142471, 0.000232133, 5.33846, 0.967276, 0.0296664, 281.878
9547, 0.00827511, 0.692328, 0.0186799, 0, 1.2315e-07, 3.53996e-06, 0, 0, 0.711011, 0.000245322, 0.00039805, 4.7945, 0.967282, 0.0296542, 281.296
9548, 0.0135347, 0.682399, 0.0185353, 0, 1.85583e-07, 5.79793e-06, 0, 0, 0.700941, 0.000401108, 0.000666779, 4.3025, 0.967288, 0.029642, 280.551
9549, 0.0224128, 0.676779, 0.0182992, 0, 2.79049e-07, 1.01682e-05, 0, 0, 0.695089, 0.000663898, 0.00121144, 3.79812, 0.967294, 0.0296298, 280.113
9550, 0.0376872, 0.679149, 0.0177647, 0, 4.34922e-07, 1.83128e-05, 0, 0, 0.696933, 0.001116, 0.00224094, 3.27844, 0.9673, 0.0296176, 280.248
9551, 0.042261, 0.70176, 0.0170254, 0, 4.77584e-07, 2.1525e-05, 0, 0, 0.718807, 0.00125126, 0.00267073, 3.16389, 0.967306, 0.0296054, 281.859
9552, 0.0268602, 0.736094, 0.0165644, 0, 3.10126e-07, 1.41935e-05, 0, 0, 0.752673, 0.00079516, 0.00177475, 3.61711, 0.967312, 0.0295932, 284.294
9553, 0.0115314, 0.746608, 0.0168633, 0, 1.46919e-07, 6.20713e-06, 0, 0, 0.763477, 0.000341245, 0.000769646, 4.46269, 0.967318, 0.029581, 285.055
9554, 0.00845554, 0.727154, 0.0176384, 0, 1.23637e-07, 4.31933e-06, 0, 0, 0.744797, 0.000249989, 0.00051022, 4.77293, 0.967324, 0.0295688, 283.73
9555, 0.0135519, 0.700897, 0.0181376, 0, 1.92946e-07, 6.55323e-06, 0, 0, 0.719041, 0.000400443, 0.000760256, 4.30123, 0.96733, 0.0295566, 281.868
9556, 0.0219516, 0.681687, 0.0182354, 0, 2.90556e-07, 1.0434e-05, 0, 0, 0.699933, 0.000648417, 0.00122262, 3.81891, 0.967336, 0.0295444, 280.458
9557, 0.0281327, 0.670701, 0.018232, 0, 3.57791e-07, 1.33143e-05, 0, 0, 0.688947, 0.000830797, 0.00156771, 3.57082, 0.967342, 0.0295321, 279.636
9558, 0.0234697, 0.669954, 0.0183871, 0, 3.03908e-07, 1.0906e-05, 0, 0, 0.688352, 0.000692946, 0.00127281, 3.75205, 0.967348, 0.0295192, 279.589
9559, 0.0147627, 0.674437, 0.0186032, 0, 2.03366e-07, 6.41134e-06, 0, 0, 0.693047, 0.00043555, 0.000732783, 4.21565, 0.967354, 0.0295026, 279.939
9560, 0.0160485, 0.671179, 0.0186303, 0, 2.12968e-07, 6.46763e-06, 0, 0, 0.689816, 0.000472446, 0.000739807, 4.13214, 0.96736, 0.029475, 279.695
9561, 0.0302359, 0.65625, 0.0184189, 0, 3.63698e-07, 1.23026e-05, 0, 0, 0.674682, 0.000888954, 0.00142862, 3.49873, 0.967366, 0.0294364, 278.549
9562, 0.047114, 0.640041, 0.0181686, 0, 5.33474e-07, 1.89416e-05, 0, 0, 0.658229, 0.00138499, 0.00221137, 3.05519, 0.967372, 0.0294086, 277.285
9563, 0.0659854, 0.628165, 0.0179791, 0, 6.97966e-07, 2.61529e-05, 0, 0, 0.646171, 0.00194098, 0.00308267, 2.71832, 0.967378, 0.0294119, 276.345
9564, 0.097904, 0.615068, 0.017708, 0, 9.76238e-07, 3.93221e-05, 0, 0, 0.632817, 0.0028814, 0.0046867, 2.32377, 0.967384, 0.029427, 275.291
9565, 0.118415, 0.608637, 0.0174952, 0, 1.15668e-06, 4.77507e-05, 0, 0, 0.626181, 0.00348478, 0.00571061, 2.13356, 0.96739, 0.0294248, 274.761
9566, 0.101706, 0.622264, 0.0175, 0, 1.00737e-06, 4.09084e-05, 0, 0, 0.639806, 0.00299115, 0.0048863, 2.28567, 0.967396, 0.0293996, 275.838
9567, 0.0674042, 0.656893, 0.0174481, 0, 6.97978e-07, 2.78846e-05, 0, 0, 0.67437, 0.00198003, 0.00333346, 2.69705, 0.967402, 0.0293641, 278.512
9568, 0.0376576, 0.702196, 0.0170771, 0, 4.12343e-07, 1.68584e-05, 0, 0, 0.719291, 0.00110509, 0.00204729, 3.27922, 0.967408, 0.029341, 281.86
9569, 0.0302055, 0.725067, 0.0166468, 0, 3.33803e-07, 1.45536e-05, 0, 0, 0.741729, 0.000886449, 0.00181782, 3.49973, 0.967414, 0.0293393, 283.483
9570, 0.0504944, 0.701215, 0.0167051, 0, 5.31832e-07, 2.33505e-05, 0, 0, 0.717944, 0.00148247, 0.00289991, 2.98589, 0.96742, 0.0293512, 281.758
9571, 0.0724887, 0.659185, 0.0171633, 0, 7.52825e-07, 3.23012e-05, 0, 0, 0.676381, 0.00212818, 0.00396108, 2.62432, 0.967426, 0.0293563, 278.656
9572, 0.0670125, 0.639351, 0.0176817, 0, 7.12656e-07, 2.92605e-05, 0, 0, 0.657063, 0.00196706, 0.0035491, 2.70288, 0.967432, 0.0293493, 277.171
9573, 0.0509228, 0.639887, 0.0180225, 0, 5.64752e-07, 2.1724e-05, 0, 0, 0.657932, 0.00149408, 0.00259729, 2.97745, 0.967438, 0.029338, 277.236
9574, 0.0583135, 0.636748, 0.0179511, 0, 6.27635e-07, 2.40195e-05, 0, 0, 0.654724, 0.00170979, 0.00285039, 2.84192, 0.967444, 0.029326, 276.985
9575, 0.0905963, 0.622964, 0.0175894, 0, 9.01599e-07, 3.62286e-05, 0, 0, 0.64059, 0.00265513, 0.00432819, 2.40134, 0.96745, 0.0293139, 275.878
9576, 0.137958, 0.603147, 0.0172094, 0, 1.29434e-06, 5.46094e-05, 0, 0, 0.620412, 0.0040417, 0.00657603, 1.98081, 0.967456, 0.0293019, 274.27
9577, 0.180834, 0.583812, 0.0169829, 0, 1.65118e-06, 7.14512e-05, 0, 0, 0.600868, 0.00529612, 0.00862651, 1.71018, 0.967462, 0.0292898, 272.681
9578, 0.198212, 0.573156, 0.0169506, 0, 1.79331e-06, 7.79115e-05, 0, 0, 0.590186, 0.00580315, 0.00940113, 1.61842, 0.967468, 0.0292777, 271.797
9579, 0.192483, 0.572055, 0.0170196, 0, 1.741e-06, 7.50568e-05, 0, 0, 0.589152, 0.00563335, 0.00904666, 1.64775, 0.967474, 0.0292657, 271.708
9580, 0.176011, 0.576712, 0.0171209, 0, 1.60033e-06, 6.79152e-05, 0, 0, 0.593903, 0.00514924, 0.0081733, 1.73721, 0.96748, 0.0292537, 272.099
9581, 0.1571, 0.584279, 0.0172247, 0, 1.44392e-06, 5.99375e-05, 0, 0, 0.601565, 0.0045941, 0.00719519, 1.85087, 0.967486, 0.0292416, 272.727
9582, 0.148807, 0.590553, 0.0172326, 0, 1.3812e-06, 5.71665e-05, 0, 0, 0.607844, 0.00434952, 0.00687045, 1.90511, 0.967492, 0.0292296, 273.238
9583, 0.158904, 0.59587, 0.0170466, 0, 1.46619e-06, 6.32715e-05, 0, 0, 0.612982, 0.00464262, 0.00768589, 1.83945, 0.967498, 0.0292176, 273.652
9584, 0.159582, 0.615053, 0.0167428, 0, 1.45741e-06, 6.62657e-05, 0, 0, 0.631863, 0.0046609, 0.008182, 1.83519, 0.967504, 0.0292055, 275.165
9585, 0.128603, 0.657514, 0.0163896, 0, 1.18015e-06, 5.621e-05, 0, 0, 0.673961, 0.00375499, 0.00707879, 2.05102, 0.96751, 0.0291935, 278.44
9586, 0.0886671, 0.695952, 0.0161677, 0, 8.34174e-07, 4.08193e-05, 0, 0, 0.712161, 0.00258786, 0.00523761, 2.42287, 0.967516, 0.0291815, 281.301
9587, 0.0774096, 0.691804, 0.0163236, 0, 7.40733e-07, 3.48569e-05, 0, 0, 0.708163, 0.00225791, 0.00446665, 2.55864, 0.967522, 0.0291695, 281.004
9588, 0.0941949, 0.659894, 0.0165957, 0, 8.86784e-07, 3.93689e-05, 0, 0, 0.67653, 0.00274615, 0.00495172, 2.36239, 0.967528, 0.0291575, 278.629
9589, 0.116731, 0.643698, 0.0163891, 0, 1.06638e-06, 4.74232e-05, 0, 0, 0.660135, 0.00340194, 0.00593179, 2.14788, 0.967534, 0.0291455, 277.369
9590, 0.116861, 0.667317, 0.015308, 0, 1.03616e-06, 4.76451e-05, 0, 0, 0.682674, 0.00340484, 0.00603556, 2.14677, 0.96754, 0.0291335, 279.091
9591, 0.0822049, 0.725332, 0.0134195, 0, 7.17492e-07, 3.4182e-05, 0, 0, 0.738787, 0.00239453, 0.00445753, 2.49854, 0.967546, 0.0291215, 283.231
9592, 0.0523386, 0.76524, 0.0122081, 0, 4.6615e-07, 2.28905e-05, 0, 0, 0.777471, 0.00152371, 0.00310225, 2.95002, 0.967552, 0.0291095, 285.971
9593, 0.0614792, 0.740483, 0.0131836, 0, 5.61251e-07, 2.66747e-05, 0, 0, 0.753694, 0.00178854, 0.00354436, 2.78906, 0.967558, 0.0290976, 284.295
9594, 0.0889187, 0.681656, 0.0151575, 0, 8.12548e-07, 3.64022e-05, 0, 0, 0.69685, 0.00258592, 0.00463142, 2.42003, 0.967564, 0.0290856, 280.149
9595, 0.101308, 0.641741, 0.0164853, 0, 9.41032e-07, 3.99622e-05, 0, 0, 0.658267, 0.00294538, 0.00493108, 2.28959, 0.96757, 0.0290736, 277.211
9596, 0.0907961, 0.63139, 0.0171579, 0, 8.77719e-07, 3.55149e-05, 0, 0, 0.648584, 0.00263896, 0.00429715, 2.39914, 0.967576, 0.0290617, 276.454
9597, 0.0668981, 0.640493, 0.0176504, 0, 6.83399e-07, 2.66187e-05, 0, 0, 0.658171, 0.00194377, 0.00317907, 2.70458, 0.967582, 0.0290497, 277.199
9598, 0.0380468, 0.660298, 0.0181283, 0, 4.13825e-07, 1.54646e-05, 0, 0, 0.678442, 0.0011052, 0.00183045, 3.26894, 0.967588, 0.0290378, 278.753
9599, 0.0150868, 0.678893, 0.0184533, 0, 1.83116e-07, 5.92382e-06, 0, 0, 0.697352, 0.000438137, 0.000690677, 4.19393, 0.967594, 0.0290259, 280.176
9600, 0.00551513, 0.692181, 0.0185254, 0, 8.34571e-08, 1.86826e-06, 0, 0, 0.710708, 0.000160081, 0.000209112, 5.20026, 0.9676, 0.0290139, 281.167
9601, 0.00329515, 0.705687, 0.0183508, 0, 5.83249e-08, 1.09417e-06, 0, 0, 0.724039, 9.55763e-05, 0.000120051, 5.7153, 0.967606, 0.029002, 282.144
9602, 0.00304811, 0.724053, 0.0178315, 0, 5.40056e-08, 1.19537e-06, 0, 0, 0.741886, 8.83665e-05, 0.000135434, 5.79323, 0.967612, 0.0289901, 283.435
9603, 0.00269241, 0.745744, 0.0171917, 0, 4.762e-08, 1.17449e-06, 0, 0, 0.762937, 7.803e-05, 0.000135083, 5.91732, 0.967618, 0.0289782, 284.934
9604, 0.00211467, 0.753418, 0.0170731, 0, 3.86076e-08, 9.30521e-07, 0, 0, 0.770492, 6.12584e-05, 0.000105413, 6.15886, 0.967624, 0.0289662, 285.464
9605, 0.00245476, 0.738722, 0.017554, 0, 4.29203e-08, 1.00264e-06, 0, 0, 0.756277, 7.10605e-05, 0.000111774, 6.00973, 0.96763, 0.0289543, 284.458
9606, 0.00417182, 0.718628, 0.0179879, 0, 6.61074e-08, 1.69209e-06, 0, 0, 0.736618, 0.000120712, 0.000190869, 5.4794, 0.967636, 0.0289424, 283.048
9607, 0.00581271, 0.708937, 0.0181326, 0, 8.86054e-08, 2.44375e-06, 0, 0, 0.727072, 0.000168156, 0.00027798, 5.14771, 0.967642, 0.0289306, 282.354
9608, 0.00505644, 0.711442, 0.0182389, 0, 7.89757e-08, 2.15391e-06, 0, 0, 0.729683, 0.000146253, 0.000244322, 5.28709, 0.967648, 0.0289187, 282.542
9609, 0.00305187, 0.715843, 0.0183977, 0, 5.26488e-08, 1.25511e-06, 0, 0, 0.734243, 8.82422e-05, 0.000139232, 5.792, 0.967654, 0.0289068, 282.871
9610, 0.00222222, 0.714355, 0.0184901, 0, 4.26941e-08, 8.31874e-07, 0, 0, 0.732846, 6.42141e-05, 8.9282e-05, 6.10925, 0.96766, 0.0288949, 282.768
9611, 0.00227888, 0.710611, 0.0184913, 0, 4.46381e-08, 7.99775e-07, 0, 0, 0.729103, 6.58171e-05, 8.5235e-05, 6.08407, 0.967666, 0.0288831, 282.494
9612, 0.00269173, 0.708304, 0.0184552, 0, 5.09721e-08, 9.6757e-07, 0, 0, 0.726761, 7.77074e-05, 0.000103812, 5.91757, 0.967672, 0.0288712, 282.322
9613, 0.00280331, 0.710434, 0.0184115, 0, 5.19491e-08, 1.02679e-06, 0, 0, 0.728847, 8.09062e-05, 0.0001107, 5.87695, 0.967678, 0.0288594, 282.472
9614, 0.00227863, 0.717168, 0.0183435, 0, 4.33891e-08, 8.2369e-07, 0, 0, 0.735512, 6.57397e-05, 8.88357e-05, 6.08418, 0.967684, 0.0288475, 282.954
9615, 0.00227908, 0.722351, 0.0181545, 0, 4.31905e-08, 8.48015e-07, 0, 0, 0.740507, 6.57111e-05, 9.30022e-05, 6.08398, 0.96769, 0.0288356, 283.313
9616, 0.0030746, 0.726478, 0.0177157, 0, 5.44518e-08, 1.18671e-06, 0, 0, 0.744195, 8.86106e-05, 0.000133878, 5.78458, 0.967696, 0.0288238, 283.577
9617, 0.00335768, 0.739591, 0.0167556, 0, 5.68531e-08, 1.2805e-06, 0, 0, 0.756348, 9.67455e-05, 0.000148504, 5.69651, 0.967702, 0.0288119, 284.444
9618, 0.0025689, 0.770216, 0.0147248, 0, 4.26668e-08, 9.49953e-07, 0, 0, 0.784942, 7.40002e-05, 0.000114896, 5.96428, 0.967708, 0.0288001, 286.453
9619, 0.00141673, 0.811946, 0.0116892, 0, 2.34737e-08, 5.24707e-07, 0, 0, 0.823635, 4.08004e-05, 6.66662e-05, 6.55941, 0.967714, 0.0287883, 289.101
9620, 0.000627076, 0.838912, 0.00964466, 0, 1.07862e-08, 2.46095e-07, 0, 0, 0.848557, 1.80508e-05, 3.16891e-05, 7.37444, 0.96772, 0.0287765, 290.765
9621, 0.000746364, 0.829747, 0.0106718, 0, 1.30279e-08, 3.29366e-07, 0, 0, 0.840419, 2.14592e-05, 4.02684e-05, 7.2003, 0.967726, 0.0287647, 290.224
9622, 0.00212712, 0.791696, 0.0136634, 0, 3.45542e-08, 9.62963e-07, 0, 0, 0.80536, 6.11305e-05, 0.000115553, 6.15299, 0.967732, 0.0287529, 287.856
9623, 0.0050596, 0.749375, 0.0161053, 0, 7.77306e-08, 2.3521e-06, 0, 0, 0.765483, 0.000145369, 0.000279536, 5.28647, 0.967738, 0.0287411, 285.082
9624, 0.00828314, 0.719812, 0.0172833, 0, 1.23629e-07, 3.79753e-06, 0, 0, 0.737099, 0.000237937, 0.000448421, 4.79353, 0.967744, 0.0287293, 283.052
9625, 0.00912525, 0.705908, 0.017759, 0, 1.34145e-07, 3.77986e-06, 0, 0, 0.723671, 0.000262062, 0.000442041, 4.69671, 0.96775, 0.0287176, 282.073
9626, 0.00801446, 0.704066, 0.017957, 0, 1.17451e-07, 2.96934e-06, 0, 0, 0.722026, 0.000230084, 0.000342282, 4.82651, 0.967756, 0.0287058, 281.951
9627, 0.00590092, 0.712512, 0.0180412, 0, 8.82697e-08, 2.17107e-06, 0, 0, 0.730556, 0.000169359, 0.000248128, 5.13265, 0.967762, 0.028694, 282.572
9628, 0.00318451, 0.724396, 0.0181256, 0, 5.07627e-08, 1.18117e-06, 0, 0, 0.742523, 9.1371e-05, 0.000134031, 5.74946, 0.967768, 0.0286823, 283.436
9629, 0.00217185, 0.726736, 0.0182051, 0, 3.70471e-08, 7.94689e-07, 0, 0, 0.744942, 6.22627e-05, 8.87756e-05, 6.13218, 0.967774, 0.0286705, 283.609
9630, 0.00361513, 0.718148, 0.0181965, 0, 5.74619e-08, 1.36694e-06, 0, 0, 0.736346, 0.000103575, 0.000153213, 5.62263, 0.96778, 0.0286588, 282.987
9631, 0.00576647, 0.710359, 0.018015, 0, 8.53699e-08, 2.12798e-06, 0, 0, 0.728377, 0.000165164, 0.000241499, 5.15569, 0.967786, 0.028647, 282.406
9632, 0.00769231, 0.713857, 0.0175619, 0, 1.06303e-07, 2.86407e-06, 0, 0, 0.731422, 0.000220243, 0.000333275, 4.86753, 0.967792, 0.0286353, 282.626
9633, 0.00965806, 0.722872, 0.0170545, 0, 1.26896e-07, 3.82744e-06, 0, 0, 0.739931, 0.000276427, 0.000454091, 4.63996, 0.967798, 0.0286235, 283.241
9634, 0.00979004, 0.722605, 0.0171101, 0, 1.28485e-07, 3.87043e-06, 0, 0, 0.739719, 0.00028013, 0.000459022, 4.62639, 0.967804, 0.0286118, 283.224
9635, 0.00751435, 0.715221, 0.0176652, 0, 1.04171e-07, 2.78768e-06, 0, 0, 0.732889, 0.000214947, 0.000324944, 4.89094, 0.96781, 0.0286001, 282.728
9636, 0.00557612, 0.712441, 0.0180342, 0, 8.36222e-08, 2.0184e-06, 0, 0, 0.730477, 0.000159429, 0.00022981, 5.18926, 0.967816, 0.0285884, 282.551
9637, 0.00479906, 0.71836, 0.0179632, 0, 7.52164e-08, 1.78731e-06, 0, 0, 0.736325, 0.00013715, 0.000202204, 5.33934, 0.967822, 0.0285767, 282.974
9638, 0.0042131, 0.732407, 0.0175852, 0, 6.64424e-08, 1.54773e-06, 0, 0, 0.749994, 0.000120353, 0.000176046, 5.46956, 0.967828, 0.028565, 283.957
9639, 0.00463765, 0.740704, 0.0172912, 0, 6.8134e-08, 1.65295e-06, 0, 0, 0.757996, 0.000132397, 0.00019063, 5.37355, 0.967834, 0.0285533, 284.527
9640, 0.00794766, 0.726717, 0.0174325, 0, 1.06336e-07, 2.91255e-06, 0, 0, 0.744152, 0.000226772, 0.000340363, 4.83488, 0.96784, 0.0285416, 283.534
9641, 0.0127646, 0.701442, 0.0177897, 0, 1.63991e-07, 4.65723e-06, 0, 0, 0.719237, 0.000364117, 0.000545007, 4.36108, 0.967846, 0.0285299, 281.719
9642, 0.0142331, 0.686928, 0.0180706, 0, 1.83041e-07, 4.97712e-06, 0, 0, 0.705004, 0.000405918, 0.000578108, 4.25218, 0.967852, 0.0285182, 280.663
9643, 0.0115368, 0.688062, 0.0182437, 0, 1.55068e-07, 3.93071e-06, 0, 0, 0.70631, 0.000328925, 0.000449728, 4.46221, 0.967858, 0.0285065, 280.759
9644, 0.00791608, 0.698, 0.01834, 0, 1.14711e-07, 2.81074e-06, 0, 0, 0.716343, 0.000225616, 0.000317062, 4.83886, 0.967864, 0.0284949, 281.5
9645, 0.00491477, 0.708399, 0.0184129, 0, 7.76977e-08, 1.83489e-06, 0, 0, 0.726814, 0.000140021, 0.000205112, 5.31551, 0.96787, 0.0284832, 282.268
9646, 0.00378256, 0.71073, 0.0184674, 0, 6.26895e-08, 1.37868e-06, 0, 0, 0.729199, 0.000107692, 0.000152581, 5.57735, 0.967876, 0.0284715, 282.44
9647, 0.00534616, 0.702978, 0.0184694, 0, 8.22959e-08, 1.85709e-06, 0, 0, 0.721449, 0.000152114, 0.000206612, 5.23138, 0.967882, 0.0284599, 281.871
9648, 0.00880297, 0.692146, 0.0184176, 0, 1.23356e-07, 3.05045e-06, 0, 0, 0.710566, 0.00025037, 0.000345412, 4.73267, 0.967888, 0.0284482, 281.066
9649, 0.0138717, 0.683046, 0.018325, 0, 1.77932e-07, 4.93383e-06, 0, 0, 0.701376, 0.000394388, 0.000569442, 4.2779, 0.967894, 0.0284366, 280.379
9650, 0.0178233, 0.678958, 0.0182705, 0, 2.18687e-07, 6.51747e-06, 0, 0, 0.697236, 0.000506609, 0.000758746, 4.02725, 0.9679, 0.028425, 280.067
9651, 0.0164643, 0.682636, 0.0183281, 0, 2.026e-07, 6.06429e-06, 0, 0, 0.70097, 0.000467841, 0.000705476, 4.10656, 0.967906, 0.0284133, 280.345
9652, 0.0163334, 0.684645, 0.018328, 0, 1.98829e-07, 6.13284e-06, 0, 0, 0.70298, 0.000463857, 0.000715182, 4.11454, 0.967912, 0.0284017, 280.494
9653, 0.0197484, 0.680667, 0.0182094, 0, 2.35218e-07, 7.55379e-06, 0, 0, 0.698884, 0.000560631, 0.00088401, 3.92468, 0.967918, 0.0283901, 280.185
9654, 0.0184174, 0.682365, 0.0181426, 0, 2.24227e-07, 6.90919e-06, 0, 0, 0.700515, 0.000522714, 0.000806419, 3.99446, 0.967924, 0.0283785, 280.306
9655, 0.0141399, 0.693062, 0.0180195, 0, 1.8037e-07, 5.15205e-06, 0, 0, 0.711087, 0.000401157, 0.000600974, 4.25875, 0.96793, 0.0283669, 281.092
9656, 0.0112271, 0.71092, 0.0176663, 0, 1.46389e-07, 4.16656e-06, 0, 0, 0.728591, 0.000318379, 0.000492401, 4.48942, 0.967936, 0.0283552, 282.379
9657, 0.0103609, 0.726733, 0.017272, 0, 1.32683e-07, 4.09478e-06, 0, 0, 0.744009, 0.000293653, 0.000494815, 4.56971, 0.967942, 0.0283436, 283.497
9658, 0.0130525, 0.721457, 0.0172501, 0, 1.60738e-07, 5.26611e-06, 0, 0, 0.738712, 0.000369754, 0.000638424, 4.33878, 0.967948, 0.028332, 283.112
9659, 0.0151867, 0.70313, 0.0176358, 0, 1.86959e-07, 6.03573e-06, 0, 0, 0.720772, 0.000430094, 0.000721702, 4.18734, 0.967954, 0.0283204, 281.8
9660, 0.0130559, 0.695501, 0.0180117, 0, 1.69105e-07, 5.20318e-06, 0, 0, 0.713518, 0.000369643, 0.000611536, 4.33852, 0.96796, 0.0283088, 281.263
9661, 0.0105541, 0.699665, 0.0181483, 0, 1.46902e-07, 4.49603e-06, 0, 0, 0.717818, 0.000298669, 0.000524192, 4.55124, 0.967966, 0.0282972, 281.579
9662, 0.00983973, 0.708117, 0.0181433, 0, 1.39515e-07, 4.6139e-06, 0, 0, 0.726266, 0.000278337, 0.00054144, 4.62133, 0.967972, 0.028285, 282.199
9663, 0.00711938, 0.719197, 0.0182066, 0, 1.01271e-07, 3.40286e-06, 0, 0, 0.737407, 0.000201321, 0.000400838, 4.94493, 0.967978, 0.028269, 283.009
9664, 0.00489748, 0.722449, 0.0182933, 0, 6.8947e-08, 2.03068e-06, 0, 0, 0.740744, 0.000138234, 0.00023917, 5.31903, 0.967984, 0.0282416, 283.25
9665, 0.0100433, 0.709421, 0.0182443, 0, 1.25402e-07, 4.08828e-06, 0, 0, 0.727669, 0.000282802, 0.000488326, 4.60085, 0.96799, 0.028204, 282.297
9666, 0.0225043, 0.688151, 0.0180765, 0, 2.62417e-07, 9.81103e-06, 0, 0, 0.706237, 0.000633253, 0.0011833, 3.79405, 0.967996, 0.0281729, 280.711
9667, 0.0291822, 0.677781, 0.0180176, 0, 3.33736e-07, 1.2941e-05, 0, 0, 0.695811, 0.000820989, 0.00156545, 3.5342, 0.968002, 0.0281629, 279.928
9668, 0.023301, 0.684534, 0.0181554, 0, 2.71338e-07, 1.01769e-05, 0, 0, 0.7027, 0.00065574, 0.00122563, 3.75926, 0.968008, 0.0281737, 280.444
9669, 0.0211373, 0.687492, 0.0181838, 0, 2.52853e-07, 9.19838e-06, 0, 0, 0.705686, 0.000595337, 0.00109719, 3.85672, 0.968014, 0.0281819, 280.665
9670, 0.0246285, 0.679674, 0.0180874, 0, 2.94445e-07, 1.05214e-05, 0, 0, 0.697772, 0.000693804, 0.00124886, 3.70385, 0.96802, 0.0281746, 280.07
9671, 0.0212822, 0.678287, 0.0181479, 0, 2.57747e-07, 8.63079e-06, 0, 0, 0.696444, 0.000599281, 0.00101549, 3.84988, 0.968026, 0.0281521, 279.968
9672, 0.0158326, 0.68278, 0.0182357, 0, 1.9815e-07, 6.19985e-06, 0, 0, 0.701022, 0.00044513, 0.000719797, 4.14569, 0.968032, 0.0281107, 280.311
9673, 0.0161484, 0.684289, 0.0181296, 0, 1.99993e-07, 6.35779e-06, 0, 0, 0.702425, 0.000453382, 0.00074416, 4.12593, 0.968038, 0.0280781, 280.414
9674, 0.0208556, 0.687783, 0.0178466, 0, 2.4516e-07, 8.5317e-06, 0, 0, 0.705638, 0.000585888, 0.00103073, 3.87013, 0.968044, 0.0280865, 280.652
9675, 0.0260738, 0.698416, 0.0174502, 0, 2.95267e-07, 1.14053e-05, 0, 0, 0.715878, 0.000733105, 0.00141524, 3.64683, 0.96805, 0.0281109, 281.412
9676, 0.0240968, 0.712315, 0.0172594, 0, 2.7405e-07, 1.10434e-05, 0, 0, 0.729586, 0.000677692, 0.00138347, 3.72567, 0.968056, 0.0281184, 282.419
9677, 0.0149467, 0.719007, 0.0175218, 0, 1.80296e-07, 6.87602e-06, 0, 0, 0.736536, 0.000420293, 0.000855201, 4.20326, 0.968062, 0.028111, 282.924
9678, 0.00984352, 0.714728, 0.0178482, 0, 1.30431e-07, 4.32082e-06, 0, 0, 0.73258, 0.000276608, 0.000520363, 4.62094, 0.968068, 0.028099, 282.634
9679, 0.0108502, 0.708765, 0.0178986, 0, 1.45172e-07, 4.72754e-06, 0, 0, 0.726668, 0.000304731, 0.000559258, 4.52358, 0.968074, 0.0280873, 282.2
9680, 0.0101114, 0.714909, 0.0177996, 0, 1.35413e-07, 4.50339e-06, 0, 0, 0.732713, 0.000283928, 0.000532357, 4.59409, 0.96808, 0.0280764, 282.641
9681, 0.00657228, 0.731454, 0.017458, 0, 9.28504e-08, 3.02845e-06, 0, 0, 0.748915, 0.000184487, 0.000360243, 5.02489, 0.968086, 0.0280644, 283.814
9682, 0.00500384, 0.74879, 0.0165331, 0, 7.43288e-08, 2.37977e-06, 0, 0, 0.765326, 0.000140345, 0.000292223, 5.29755, 0.968092, 0.0280509, 284.986
9683, 0.00685917, 0.762713, 0.0153794, 0, 9.17333e-08, 3.23096e-06, 0, 0, 0.778096, 0.000192216, 0.000413588, 4.98217, 0.968098, 0.0280358, 285.887
9684, 0.0106351, 0.759627, 0.0151336, 0, 1.30366e-07, 4.97963e-06, 0, 0, 0.774766, 0.000297904, 0.000644462, 4.54359, 0.968104, 0.0280208, 285.651
9685, 0.0114678, 0.743848, 0.0160041, 0, 1.39572e-07, 5.34934e-06, 0, 0, 0.759858, 0.000321171, 0.000688613, 4.46821, 0.96811, 0.028011, 284.592
9686, 0.0102776, 0.737083, 0.0166882, 0, 1.26915e-07, 4.929e-06, 0, 0, 0.753776, 0.000287774, 0.000633045, 4.57779, 0.968116, 0.0280052, 284.156
9687, 0.0133334, 0.7407, 0.0164096, 0, 1.60721e-07, 6.79214e-06, 0, 0, 0.757117, 0.000373233, 0.000884773, 4.31749, 0.968122, 0.0279974, 284.394
9688, 0.0158151, 0.746643, 0.0159005, 0, 1.88964e-07, 8.14922e-06, 0, 0, 0.762552, 0.000442626, 0.00107168, 4.14679, 0.968128, 0.0279871, 284.78
9689, 0.0131742, 0.743171, 0.0161466, 0, 1.61961e-07, 6.49118e-06, 0, 0, 0.759324, 0.000368602, 0.000844051, 4.32949, 0.968134, 0.0279758, 284.549
9690, 0.0125409, 0.724915, 0.0169039, 0, 1.5874e-07, 5.72067e-06, 0, 0, 0.741825, 0.000350669, 0.000708025, 4.37876, 0.96814, 0.0279644, 283.288
9691, 0.0162835, 0.705885, 0.0174398, 0, 2.03224e-07, 7.27117e-06, 0, 0, 0.723332, 0.000455115, 0.000877925, 4.11761, 0.968146, 0.0279531, 281.936
9692, 0.0203471, 0.696789, 0.0176123, 0, 2.4481e-07, 8.82074e-06, 0, 0, 0.714411, 0.000568478, 0.00107044, 3.89482, 0.968152, 0.0279417, 281.274
9693, 0.0235914, 0.697521, 0.0174864, 0, 2.7413e-07, 1.00356e-05, 0, 0, 0.715017, 0.0006589, 0.00123137, 3.74687, 0.968158, 0.0279303, 281.318
9694, 0.0203987, 0.711944, 0.0172925, 0, 2.3755e-07, 8.79199e-06, 0, 0, 0.729245, 0.000569609, 0.00108491, 3.89229, 0.968164, 0.0279189, 282.365
9695, 0.0128941, 0.727688, 0.0173183, 0, 1.56815e-07, 5.71281e-06, 0, 0, 0.745012, 0.000359914, 0.000702355, 4.35098, 0.96817, 0.0279076, 283.511
9696, 0.0131715, 0.721973, 0.017478, 0, 1.64477e-07, 6.08041e-06, 0, 0, 0.739457, 0.000367363, 0.000741115, 4.3297, 0.968176, 0.0278962, 283.107
9697, 0.0192615, 0.706757, 0.017546, 0, 2.36845e-07, 9.08239e-06, 0, 0, 0.724312, 0.000537048, 0.00110743, 3.94965, 0.968182, 0.0278849, 281.998
9698, 0.0179346, 0.709926, 0.0176165, 0, 2.20374e-07, 8.55867e-06, 0, 0, 0.727552, 0.000499989, 0.00104312, 4.02103, 0.968188, 0.0278735, 282.235
9699, 0.00982084, 0.725936, 0.0176831, 0, 1.24787e-07, 4.70838e-06, 0, 0, 0.743624, 0.00027373, 0.000572586, 4.62325, 0.968194, 0.0278622, 283.405
9700, 0.00652443, 0.734123, 0.0174325, 0, 8.62759e-08, 3.18842e-06, 0, 0, 0.751559, 0.000181696, 0.000397505, 5.0322, 0.9682, 0.0278508, 283.977
9701, 0.0108096, 0.739045, 0.0165155, 0, 1.32473e-07, 5.61414e-06, 0, 0, 0.755566, 0.000300851, 0.000735252, 4.52732, 0.968206, 0.0278394, 284.263
9702, 0.0153146, 0.759279, 0.0146964, 0, 1.76587e-07, 8.22387e-06, 0, 0, 0.773984, 0.000426158, 0.00111325, 4.17895, 0.968212, 0.0278276, 285.573
9703, 0.0129678, 0.791488, 0.0127481, 0, 1.4577e-07, 7.0645e-06, 0, 0, 0.804244, 0.000360788, 0.000980014, 4.34528, 0.968218, 0.0278154, 287.684
9704, 0.00982178, 0.800026, 0.0125038, 0, 1.12451e-07, 5.27371e-06, 0, 0, 0.812535, 0.000273089, 0.00072069, 4.62315, 0.968224, 0.0278035, 288.254
9705, 0.01518, 0.769683, 0.01408, 0, 1.73406e-07, 7.70117e-06, 0, 0, 0.783771, 0.000421795, 0.00100219, 4.18778, 0.96823, 0.0277927, 286.258
9706, 0.0218369, 0.735324, 0.0157057, 0, 2.45108e-07, 1.05892e-05, 0, 0, 0.75104, 0.000606659, 0.00135599, 3.82415, 0.968236, 0.027782, 283.931
9707, 0.018402, 0.726583, 0.0165456, 0, 2.09239e-07, 8.6075e-06, 0, 0, 0.743138, 0.000511148, 0.0010921, 3.99529, 0.968242, 0.0277702, 283.358
9708, 0.0119808, 0.734018, 0.0166014, 0, 1.45168e-07, 5.62495e-06, 0, 0, 0.750625, 0.000332632, 0.000707899, 4.42445, 0.968248, 0.0277574, 283.898
9709, 0.010107, 0.748628, 0.0158274, 0, 1.27806e-07, 5.01928e-06, 0, 0, 0.76446, 0.00028046, 0.000638331, 4.59452, 0.968254, 0.0277434, 284.888
9710, 0.00755176, 0.778033, 0.0141004, 0, 9.74733e-08, 3.96888e-06, 0, 0, 0.792137, 0.000209489, 0.000526331, 4.88597, 0.96826, 0.027727, 286.837
9711, 0.00393598, 0.816074, 0.0115675, 0, 5.39398e-08, 2.32886e-06, 0, 0, 0.827644, 0.000109131, 0.000342568, 5.53759, 0.968266, 0.027712, 289.277
9712, 0.00183492, 0.845123, 0.00917779, 0, 2.70566e-08, 1.25497e-06, 0, 0, 0.854302, 5.08446e-05, 0.000206927, 6.30075, 0.968272, 0.0277036, 291.067
9713, 0.00136518, 0.856255, 0.00795513, 0, 1.87525e-08, 8.90676e-07, 0, 0, 0.864211, 3.78013e-05, 0.000144517, 6.59647, 0.968278, 0.0276984, 291.724
9714, 0.00389688, 0.844666, 0.00867538, 0, 4.60999e-08, 2.22224e-06, 0, 0, 0.853344, 0.00010785, 0.000320499, 5.54758, 0.968284, 0.0276911, 291.002
9715, 0.00981939, 0.811354, 0.0112524, 0, 1.12083e-07, 5.4033e-06, 0, 0, 0.822612, 0.000271733, 0.000753767, 4.6234, 0.96829, 0.0276811, 288.932
9716, 0.0129142, 0.77805, 0.0139891, 0, 1.47197e-07, 6.91147e-06, 0, 0, 0.792047, 0.000357348, 0.000946101, 4.34943, 0.968296, 0.0276701, 286.824
9717, 0.00898322, 0.764155, 0.0156409, 0, 1.05972e-07, 4.63859e-06, 0, 0, 0.7798, 0.000248542, 0.000621106, 4.7124, 0.968302, 0.0276589, 285.965
9718, 0.00454742, 0.763044, 0.0161266, 0, 5.9844e-08, 2.29544e-06, 0, 0, 0.779173, 0.00012576, 0.000298015, 5.3932, 0.968308, 0.0276477, 285.919
9719, 0.00389252, 0.769753, 0.0154837, 0, 5.53304e-08, 2.13125e-06, 0, 0, 0.785239, 0.000107566, 0.000285613, 5.5487, 0.968314, 0.0276365, 286.345
9720, 0.00483404, 0.790109, 0.0137806, 0, 6.62901e-08, 2.87286e-06, 0, 0, 0.803893, 0.000133533, 0.000412122, 5.33207, 0.96832, 0.0276252, 287.643
9721, 0.00443318, 0.813523, 0.0121065, 0, 5.93984e-08, 2.70812e-06, 0, 0, 0.825632, 0.000122438, 0.000405032, 5.41864, 0.968326, 0.027614, 289.132
9722, 0.00251812, 0.823461, 0.0116746, 0, 3.4659e-08, 1.5292e-06, 0, 0, 0.835137, 6.95334e-05, 0.00023348, 5.98424, 0.968332, 0.0276028, 289.775
9723, 0.00108317, 0.829125, 0.0112601, 0, 1.66699e-08, 6.69285e-07, 0, 0, 0.840386, 2.98982e-05, 0.000102639, 6.82786, 0.968338, 0.0275916, 290.128
9724, 0.000585458, 0.842944, 0.00961418, 0, 1.01038e-08, 3.90944e-07, 0, 0, 0.852559, 1.61501e-05, 6.1291e-05, 7.44312, 0.968344, 0.0275804, 290.943
9725, 0.000666684, 0.848131, 0.00877254, 0, 1.05284e-08, 3.95968e-07, 0, 0, 0.856903, 1.83731e-05, 5.94962e-05, 7.31319, 0.96835, 0.0275692, 291.232
9726, 0.00201414, 0.825591, 0.0106352, 0, 2.65618e-08, 9.81689e-07, 0, 0, 0.836227, 5.5474e-05, 0.000129125, 6.20756, 0.968356, 0.027558, 289.846
9727, 0.00555502, 0.783908, 0.0136711, 0, 6.82819e-08, 2.55359e-06, 0, 0, 0.797581, 0.00015296, 0.00032141, 5.19305, 0.968362, 0.0275468, 287.198
9728, 0.0120031, 0.744896, 0.0157892, 0, 1.39507e-07, 5.42478e-06, 0, 0, 0.760691, 0.000330396, 0.000674114, 4.42259, 0.968368, 0.0275357, 284.595
9729, 0.0244002, 0.715811, 0.0166955, 0, 2.67258e-07, 1.11189e-05, 0, 0, 0.732518, 0.000671396, 0.00138122, 3.71316, 0.968374, 0.0275245, 282.552
9730, 0.037731, 0.697012, 0.0169593, 0, 4.02573e-07, 1.73685e-05, 0, 0, 0.713989, 0.001038, 0.00216117, 3.27727, 0.96838, 0.0275133, 281.182
9731, 0.0346762, 0.699634, 0.0171817, 0, 3.7165e-07, 1.60125e-05, 0, 0, 0.716832, 0.000953839, 0.00199036, 3.3617, 0.968386, 0.0275021, 281.392
9732, 0.0196143, 0.717638, 0.0174131, 0, 2.17764e-07, 8.97491e-06, 0, 0, 0.73506, 0.000539387, 0.0011104, 3.9315, 0.968392, 0.027491, 282.734
9733, 0.0140278, 0.724682, 0.0173966, 0, 1.61284e-07, 6.15673e-06, 0, 0, 0.742084, 0.000385464, 0.000757556, 4.26671, 0.968398, 0.0274798, 283.245
9734, 0.0175491, 0.716383, 0.0173436, 0, 1.98741e-07, 7.4478e-06, 0, 0, 0.733734, 0.000482015, 0.000914729, 4.04275, 0.968404, 0.0274687, 282.634
9735, 0.0158886, 0.713328, 0.0175589, 0, 1.81987e-07, 6.68099e-06, 0, 0, 0.730894, 0.00043634, 0.000814804, 4.14215, 0.96841, 0.0274575, 282.425
9736, 0.00869252, 0.721131, 0.0178749, 0, 1.07329e-07, 3.73033e-06, 0, 0, 0.73901, 0.000238666, 0.000446917, 4.74529, 0.968416, 0.0274464, 283.017
9737, 0.0055258, 0.724322, 0.0180362, 0, 7.46287e-08, 2.48163e-06, 0, 0, 0.742361, 0.000151589, 0.000291642, 5.19833, 0.968422, 0.0274353, 283.26
9738, 0.0113425, 0.71401, 0.0179986, 0, 1.37832e-07, 5.23145e-06, 0, 0, 0.732014, 0.000310915, 0.000627186, 4.4792, 0.968428, 0.0274242, 282.503
9739, 0.0250707, 0.695592, 0.0178023, 0, 2.84824e-07, 1.16691e-05, 0, 0, 0.713406, 0.000687071, 0.00141611, 3.68606, 0.968434, 0.027413, 281.124
9740, 0.0337899, 0.687187, 0.0176854, 0, 3.74839e-07, 1.56433e-05, 0, 0, 0.704888, 0.000925902, 0.00190629, 3.38759, 0.96844, 0.0274019, 280.485
9741, 0.0265205, 0.697519, 0.0178407, 0, 2.94087e-07, 1.20084e-05, 0, 0, 0.715372, 0.00072657, 0.00146227, 3.62984, 0.968446, 0.0273907, 281.268
9742, 0.01883, 0.703789, 0.0179645, 0, 2.10228e-07, 7.82163e-06, 0, 0, 0.721762, 0.000515552, 0.000944755, 3.9723, 0.968452, 0.0273791, 281.741
9743, 0.0232353, 0.692354, 0.0178561, 0, 2.52569e-07, 8.87568e-06, 0, 0, 0.710219, 0.000635784, 0.00106655, 3.76208, 0.968458, 0.0273673, 280.88
9744, 0.0254243, 0.685647, 0.0178205, 0, 2.73657e-07, 9.58015e-06, 0, 0, 0.703477, 0.000695539, 0.00114861, 3.67205, 0.968464, 0.0273561, 280.372
9745, 0.018563, 0.693874, 0.0179568, 0, 2.05908e-07, 7.16317e-06, 0, 0, 0.711838, 0.000507704, 0.000853118, 3.98659, 0.96847, 0.0273456, 280.998
9746, 0.0143587, 0.699169, 0.0179961, 0, 1.65894e-07, 5.85768e-06, 0, 0, 0.717171, 0.00039248, 0.000694642, 4.2434, 0.968476, 0.0273348, 281.394
9747, 0.0183099, 0.694273, 0.017901, 0, 2.07027e-07, 7.73268e-06, 0, 0, 0.712182, 0.000500108, 0.000924788, 4.00031, 0.968482, 0.0273224, 281.021
9748, 0.0298668, 0.68396, 0.0177652, 0, 3.23733e-07, 1.29905e-05, 0, 0, 0.701738, 0.000815182, 0.0015735, 3.51101, 0.968488, 0.0273068, 280.235
9749, 0.0454382, 0.672927, 0.0175813, 0, 4.76032e-07, 1.99417e-05, 0, 0, 0.690529, 0.00123967, 0.00243592, 3.0914, 0.968494, 0.0272895, 279.383
9750, 0.0459096, 0.676867, 0.0175758, 0, 4.74862e-07, 1.99863e-05, 0, 0, 0.694463, 0.00125231, 0.00244671, 3.08108, 0.9685, 0.0272755, 279.681
9751, 0.027283, 0.698668, 0.0177809, 0, 2.88951e-07, 1.17e-05, 0, 0, 0.716461, 0.00074412, 0.00142702, 3.60149, 0.968506, 0.0272655, 281.334
9752, 0.0141499, 0.713934, 0.0178165, 0, 1.61747e-07, 5.92841e-06, 0, 0, 0.731757, 0.000385788, 0.000718856, 4.25805, 0.968512, 0.027259, 282.464
9753, 0.0150653, 0.712279, 0.0176408, 0, 1.75624e-07, 6.34112e-06, 0, 0, 0.729927, 0.000410571, 0.000771754, 4.19536, 0.968518, 0.0272536, 282.328
9754, 0.0171311, 0.70919, 0.0176038, 0, 2.02136e-07, 7.49337e-06, 0, 0, 0.726801, 0.00046678, 0.000910643, 4.06686, 0.968524, 0.0272458, 282.096
9755, 0.0126748, 0.714727, 0.0178205, 0, 1.58664e-07, 5.79374e-06, 0, 0, 0.732553, 0.000345293, 0.000698023, 4.36814, 0.96853, 0.0272357, 282.518
9756, 0.00759177, 0.719954, 0.0180228, 0, 1.04777e-07, 3.54401e-06, 0, 0, 0.73798, 0.000206718, 0.000419014, 4.88069, 0.968536, 0.0272248, 282.915
9757, 0.00879844, 0.714055, 0.0180234, 0, 1.20726e-07, 4.14121e-06, 0, 0, 0.732083, 0.000239374, 0.000486775, 4.73318, 0.968542, 0.0272138, 282.481
9758, 0.016873, 0.700094, 0.0179094, 0, 2.04115e-07, 7.78888e-06, 0, 0, 0.718011, 0.000458854, 0.000934757, 4.08204, 0.968548, 0.0272028, 281.439
9759, 0.0262811, 0.68879, 0.0177805, 0, 2.94214e-07, 1.1854e-05, 0, 0, 0.706583, 0.000714555, 0.0014429, 3.63891, 0.968554, 0.0271918, 280.582
9760, 0.0251389, 0.692833, 0.0177983, 0, 2.77691e-07, 1.10608e-05, 0, 0, 0.710643, 0.000683392, 0.00134912, 3.68334, 0.96856, 0.0271808, 280.886
9761, 0.0178652, 0.704696, 0.0179154, 0, 2.00332e-07, 7.52825e-06, 0, 0, 0.722619, 0.000485437, 0.00091296, 4.0249, 0.968566, 0.0271698, 281.777
9762, 0.0230223, 0.699945, 0.0178381, 0, 2.49092e-07, 9.52646e-06, 0, 0, 0.717793, 0.000625093, 0.00115691, 3.77129, 0.968572, 0.0271589, 281.417
9763, 0.0356435, 0.684682, 0.0176626, 0, 3.71271e-07, 1.46681e-05, 0, 0, 0.70236, 0.000967544, 0.00178641, 3.33419, 0.968578, 0.0271479, 280.258
9764, 0.0333216, 0.684695, 0.0177275, 0, 3.46521e-07, 1.34314e-05, 0, 0, 0.702436, 0.000904389, 0.0016305, 3.40155, 0.968584, 0.0271369, 280.262
9765, 0.0213875, 0.69487, 0.0179134, 0, 2.36607e-07, 8.67333e-06, 0, 0, 0.712792, 0.000580277, 0.00104114, 3.84495, 0.96859, 0.0271259, 281.039
9766, 0.0179988, 0.694882, 0.0179397, 0, 2.12807e-07, 7.6247e-06, 0, 0, 0.712829, 0.000488015, 0.000907236, 4.01745, 0.968596, 0.0271149, 281.04
9767, 0.0226259, 0.687399, 0.0178969, 0, 2.5396e-07, 9.42309e-06, 0, 0, 0.705305, 0.000613151, 0.00112945, 3.78866, 0.968602, 0.027104, 280.474
9768, 0.0338696, 0.67849, 0.0177805, 0, 3.55985e-07, 1.42933e-05, 0, 0, 0.696285, 0.000917441, 0.00174012, 3.38524, 0.968608, 0.027093, 279.79
9769, 0.0452149, 0.672455, 0.0175936, 0, 4.65572e-07, 1.95706e-05, 0, 0, 0.690068, 0.00122445, 0.00240217, 3.09633, 0.968614, 0.0270821, 279.315
9770, 0.0385364, 0.683329, 0.0176403, 0, 4.00235e-07, 1.67814e-05, 0, 0, 0.700987, 0.00104344, 0.00206149, 3.25615, 0.96862, 0.0270711, 280.144
9771, 0.0212125, 0.703857, 0.0178449, 0, 2.29617e-07, 9.1662e-06, 0, 0, 0.721711, 0.000574194, 0.00112221, 3.85317, 0.968626, 0.0270602, 281.695
9772, 0.0153101, 0.710715, 0.017821, 0, 1.74209e-07, 6.56839e-06, 0, 0, 0.728543, 0.00041411, 0.000803375, 4.17924, 0.968632, 0.0270492, 282.2
9773, 0.0182408, 0.706365, 0.0176527, 0, 2.04885e-07, 7.7019e-06, 0, 0, 0.724026, 0.000493176, 0.000942889, 4.00409, 0.968638, 0.0270383, 281.864
9774, 0.0162947, 0.707578, 0.0176894, 0, 1.83114e-07, 6.71402e-06, 0, 0, 0.725274, 0.000440472, 0.000816504, 4.11692, 0.968644, 0.0270273, 281.955
9775, 0.0101913, 0.71365, 0.0178809, 0, 1.22141e-07, 4.18234e-06, 0, 0, 0.731535, 0.000275403, 0.000500105, 4.58622, 0.96865, 0.0270164, 282.416
9776, 0.00766268, 0.715199, 0.0179889, 0, 1.01537e-07, 3.31134e-06, 0, 0, 0.733191, 0.000206924, 0.000389004, 4.87139, 0.968656, 0.0270055, 282.537
9777, 0.0119502, 0.707461, 0.0179335, 0, 1.51624e-07, 5.36587e-06, 0, 0, 0.7254, 0.000322488, 0.000636584, 4.427, 0.968662, 0.0269945, 281.961
9778, 0.0230177, 0.693168, 0.0177726, 0, 2.59562e-07, 1.00846e-05, 0, 0, 0.710951, 0.000620918, 0.00121974, 3.77149, 0.968668, 0.0269835, 280.882
9779, 0.0349917, 0.6821, 0.0176271, 0, 3.66941e-07, 1.50208e-05, 0, 0, 0.699743, 0.000943718, 0.00183835, 3.35265, 0.968674, 0.0269723, 280.036
9780, 0.0326988, 0.686638, 0.0176685, 0, 3.396e-07, 1.38565e-05, 0, 0, 0.70432, 0.000881735, 0.00169699, 3.42042, 0.96868, 0.0269588, 280.38
9781, 0.0187873, 0.70262, 0.0178374, 0, 2.03216e-07, 7.68141e-06, 0, 0, 0.720466, 0.000506319, 0.000932169, 3.97458, 0.968686, 0.0269361, 281.589
9782, 0.0132779, 0.709497, 0.0178105, 0, 1.48237e-07, 5.10716e-06, 0, 0, 0.727312, 0.000357048, 0.000617335, 4.32165, 0.968692, 0.0269007, 282.095
9783, 0.018728, 0.705954, 0.0174516, 0, 2.02294e-07, 7.47239e-06, 0, 0, 0.723414, 0.00050301, 0.000916841, 3.97773, 0.968698, 0.0268681, 281.805
9784, 0.0220207, 0.712411, 0.0168803, 0, 2.38857e-07, 9.35267e-06, 0, 0, 0.729301, 0.000591526, 0.00115668, 3.81577, 0.968704, 0.0268511, 282.24
9785, 0.0190094, 0.72727, 0.0164561, 0, 2.10101e-07, 8.34375e-06, 0, 0, 0.743735, 0.000510825, 0.00103394, 3.96282, 0.96871, 0.0268466, 283.298
9786, 0.0216907, 0.722596, 0.0165114, 0, 2.36733e-07, 9.47384e-06, 0, 0, 0.739117, 0.000583059, 0.00117177, 3.83087, 0.968716, 0.026859, 282.959
9787, 0.0320316, 0.700034, 0.0169019, 0, 3.40062e-07, 1.38619e-05, 0, 0, 0.716951, 0.000860966, 0.00170996, 3.44103, 0.968722, 0.0268729, 281.318
9788, 0.0427857, 0.680682, 0.0172195, 0, 4.4026e-07, 1.82607e-05, 0, 0, 0.69792, 0.0011496, 0.00225079, 3.15155, 0.968728, 0.0268698, 279.884
9789, 0.0504012, 0.67051, 0.017307, 0, 5.09042e-07, 2.13977e-05, 0, 0, 0.687839, 0.0013536, 0.00264202, 2.98774, 0.968734, 0.0268479, 279.113
9790, 0.042653, 0.677021, 0.0174382, 0, 4.36285e-07, 1.80544e-05, 0, 0, 0.694478, 0.00114487, 0.00222789, 3.15466, 0.96874, 0.0268027, 279.619
9791, 0.0243053, 0.696909, 0.017676, 0, 2.60626e-07, 1.0048e-05, 0, 0, 0.714595, 0.000651807, 0.00123248, 3.71706, 0.968746, 0.0267536, 281.137
9792, 0.0157769, 0.708051, 0.0177333, 0, 1.79122e-07, 6.33045e-06, 0, 0, 0.725791, 0.000422791, 0.00077248, 4.14921, 0.968752, 0.0267472, 281.969
9793, 0.020408, 0.702934, 0.0175704, 0, 2.27224e-07, 8.36689e-06, 0, 0, 0.720513, 0.000547036, 0.00102662, 3.89183, 0.968758, 0.0267782, 281.576
9794, 0.0259398, 0.697587, 0.0174688, 0, 2.83208e-07, 1.09719e-05, 0, 0, 0.715067, 0.000695347, 0.00135012, 3.65198, 0.968764, 0.0267986, 281.168
9795, 0.0226522, 0.702735, 0.0176071, 0, 2.50334e-07, 9.8393e-06, 0, 0, 0.720352, 0.00060713, 0.0012094, 3.7875, 0.96877, 0.0267973, 281.561
9796, 0.0160083, 0.709229, 0.0178082, 0, 1.82882e-07, 6.97793e-06, 0, 0, 0.727044, 0.000428871, 0.000851323, 4.13465, 0.968776, 0.0267879, 282.057
9797, 0.0178325, 0.703612, 0.0178071, 0, 2.03474e-07, 7.76454e-06, 0, 0, 0.721427, 0.000477406, 0.000942528, 4.02673, 0.968782, 0.0267768, 281.639
9798, 0.0248231, 0.691076, 0.0177008, 0, 2.74285e-07, 1.06892e-05, 0, 0, 0.708788, 0.000664212, 0.00130094, 3.69598, 0.968788, 0.0267636, 280.691
9799, 0.0303147, 0.681609, 0.0176152, 0, 3.25192e-07, 1.2727e-05, 0, 0, 0.699237, 0.00081069, 0.00155551, 3.49612, 0.968794, 0.0267474, 279.967
9800, 0.0304188, 0.681247, 0.0175872, 0, 3.22305e-07, 1.24486e-05, 0, 0, 0.698847, 0.000813134, 0.00152329, 3.49269, 0.9688, 0.0267322, 279.936
9801, 0.0223656, 0.692556, 0.0176898, 0, 2.40802e-07, 8.84561e-06, 0, 0, 0.710255, 0.000597702, 0.00107637, 3.80023, 0.968806, 0.0267211, 280.797
9802, 0.0161506, 0.70211, 0.0177658, 0, 1.79875e-07, 6.17835e-06, 0, 0, 0.719882, 0.000431392, 0.000745429, 4.1258, 0.968812, 0.0267104, 281.517
9803, 0.0207858, 0.69738, 0.0176342, 0, 2.23927e-07, 7.91791e-06, 0, 0, 0.715022, 0.00055489, 0.000960391, 3.87348, 0.968818, 0.0266998, 281.152
9804, 0.0299021, 0.688937, 0.0173603, 0, 3.07723e-07, 1.15252e-05, 0, 0, 0.706309, 0.000798096, 0.00141188, 3.50983, 0.968824, 0.026692, 280.496
9805, 0.0307886, 0.696443, 0.0170242, 0, 3.14325e-07, 1.22467e-05, 0, 0, 0.713479, 0.000821667, 0.00151065, 3.48061, 0.96883, 0.0266858, 281.034
9806, 0.0231797, 0.718787, 0.0165493, 0, 2.40594e-07, 9.45278e-06, 0, 0, 0.735346, 0.000618465, 0.00117101, 3.76448, 0.968836, 0.0266786, 282.658
9807, 0.021561, 0.730161, 0.0161118, 0, 2.20557e-07, 8.78997e-06, 0, 0, 0.746281, 0.00057495, 0.00109924, 3.83687, 0.968842, 0.0266693, 283.458
9808, 0.0308013, 0.715547, 0.0162113, 0, 3.03405e-07, 1.26211e-05, 0, 0, 0.731771, 0.000820975, 0.00159003, 3.4802, 0.968848, 0.026659, 282.392
9809, 0.0428813, 0.69148, 0.0166923, 0, 4.09344e-07, 1.73967e-05, 0, 0, 0.70819, 0.00114257, 0.0021877, 3.14932, 0.968854, 0.0266483, 280.63
9810, 0.048853, 0.678957, 0.017033, 0, 4.58643e-07, 1.9573e-05, 0, 0, 0.69601, 0.00130135, 0.00245089, 3.01894, 0.96886, 0.0266376, 279.706
9811, 0.0379486, 0.686671, 0.0172739, 0, 3.61251e-07, 1.49778e-05, 0, 0, 0.70396, 0.00101068, 0.00186396, 3.27152, 0.968866, 0.0266268, 280.308
9812, 0.0208109, 0.704044, 0.0174172, 0, 2.10004e-07, 8.03417e-06, 0, 0, 0.721469, 0.000554072, 0.000990533, 3.87228, 0.968872, 0.0266161, 281.622
9813, 0.0152632, 0.713849, 0.0172922, 0, 1.63476e-07, 6.05403e-06, 0, 0, 0.731148, 0.000406069, 0.000749585, 4.18231, 0.968878, 0.0266054, 282.339
9814, 0.0201571, 0.712474, 0.0170569, 0, 2.13555e-07, 8.408e-06, 0, 0, 0.72954, 0.00053599, 0.00105475, 3.9042, 0.968884, 0.0265947, 282.219
9815, 0.0232852, 0.709278, 0.0170431, 0, 2.46828e-07, 9.91066e-06, 0, 0, 0.726331, 0.00061903, 0.00124571, 3.75994, 0.96889, 0.026584, 281.98
9816, 0.0185046, 0.711599, 0.0172109, 0, 2.05905e-07, 7.98153e-06, 0, 0, 0.728818, 0.000491805, 0.000994045, 3.98974, 0.968896, 0.0265732, 282.163
9817, 0.015821, 0.713127, 0.0172462, 0, 1.84333e-07, 6.8953e-06, 0, 0, 0.73038, 0.000420221, 0.000850121, 4.14642, 0.968902, 0.0265625, 282.278
9818, 0.0221317, 0.709408, 0.0170522, 0, 2.42323e-07, 9.4763e-06, 0, 0, 0.72647, 0.000587515, 0.00118034, 3.81075, 0.968908, 0.0265518, 281.987
9819, 0.0308945, 0.705974, 0.0166996, 0, 3.17436e-07, 1.30062e-05, 0, 0, 0.722687, 0.000819888, 0.00164371, 3.47718, 0.968914, 0.0265411, 281.704
9820, 0.0345942, 0.71168, 0.0161925, 0, 3.39923e-07, 1.45213e-05, 0, 0, 0.727887, 0.000917792, 0.00186728, 3.36407, 0.96892, 0.0265304, 282.089
9821, 0.0304585, 0.733039, 0.0152885, 0, 2.92443e-07, 1.28964e-05, 0, 0, 0.748341, 0.000807869, 0.00168291, 3.49139, 0.968926, 0.0265197, 283.593
9822, 0.0176845, 0.77292, 0.0135287, 0, 1.71225e-07, 7.49819e-06, 0, 0, 0.786456, 0.000468979, 0.000990443, 4.03507, 0.968932, 0.0265089, 286.329
9823, 0.00628799, 0.819004, 0.0106722, 0, 6.45715e-08, 2.71639e-06, 0, 0, 0.829679, 0.00016672, 0.000374121, 5.06911, 0.968938, 0.0264982, 289.336
9824, 0.00200219, 0.849997, 0.00807458, 0, 2.39104e-08, 1.06688e-06, 0, 0, 0.858073, 5.30522e-05, 0.000171218, 6.21351, 0.968944, 0.0264875, 291.259
9825, 0.00201124, 0.852876, 0.00790868, 0, 2.47392e-08, 1.27257e-06, 0, 0, 0.860786, 5.32387e-05, 0.000217719, 6.209, 0.96895, 0.0264768, 291.441
9826, 0.00311066, 0.836706, 0.00979556, 0, 3.65264e-08, 1.82354e-06, 0, 0, 0.846503, 8.23139e-05, 0.000299833, 5.77292, 0.968956, 0.0264661, 290.479
9827, 0.00418929, 0.823677, 0.011196, 0, 4.70512e-08, 2.22929e-06, 0, 0, 0.834875, 0.000110808, 0.000350453, 5.47522, 0.968962, 0.0264553, 289.689
9828, 0.00769961, 0.816258, 0.0114355, 0, 7.97619e-08, 3.80574e-06, 0, 0, 0.827697, 0.000203536, 0.000574849, 4.86659, 0.968968, 0.0264446, 289.198
9829, 0.0163456, 0.792156, 0.0122918, 0, 1.58935e-07, 7.42317e-06, 0, 0, 0.804455, 0.000431932, 0.0010681, 4.1138, 0.968974, 0.0264338, 287.589
9830, 0.028869, 0.749131, 0.0141892, 0, 2.69879e-07, 1.19795e-05, 0, 0, 0.763332, 0.000762634, 0.00162998, 3.54499, 0.96898, 0.026423, 284.671
9831, 0.0397063, 0.712768, 0.0157158, 0, 3.65196e-07, 1.5722e-05, 0, 0, 0.7285, 0.00104865, 0.00205377, 3.22624, 0.968986, 0.0264122, 282.122
9832, 0.0383244, 0.699555, 0.0165043, 0, 3.5783e-07, 1.49466e-05, 0, 0, 0.716075, 0.00101192, 0.00191195, 3.26167, 0.968992, 0.0264014, 281.193
9833, 0.0295913, 0.701172, 0.0168895, 0, 2.91703e-07, 1.16385e-05, 0, 0, 0.718073, 0.000781013, 0.00146639, 3.52027, 0.968998, 0.0263905, 281.342
9834, 0.027439, 0.703415, 0.0169779, 0, 2.84078e-07, 1.12951e-05, 0, 0, 0.720404, 0.00072381, 0.00141679, 3.59579, 0.969004, 0.0263795, 281.515
9835, 0.0301172, 0.703856, 0.0169627, 0, 3.10521e-07, 1.26312e-05, 0, 0, 0.720831, 0.000794098, 0.00159035, 3.50266, 0.96901, 0.0263684, 281.545
9836, 0.0321881, 0.70207, 0.017019, 0, 3.2636e-07, 1.34257e-05, 0, 0, 0.719103, 0.000848405, 0.00169376, 3.43616, 0.969016, 0.0263573, 281.415
9837, 0.026609, 0.702706, 0.017201, 0, 2.74295e-07, 1.08696e-05, 0, 0, 0.719918, 0.000701158, 0.00136316, 3.62651, 0.969022, 0.0263459, 281.475
9838, 0.0204788, 0.703231, 0.0173297, 0, 2.19174e-07, 8.08975e-06, 0, 0, 0.720569, 0.000539304, 0.000999835, 3.88837, 0.969028, 0.0263342, 281.522
9839, 0.0258493, 0.695914, 0.0172595, 0, 2.66374e-07, 1.01524e-05, 0, 0, 0.713184, 0.000680241, 0.00125575, 3.65547, 0.969034, 0.0263221, 280.967
9840, 0.0395529, 0.683582, 0.0171092, 0, 3.79376e-07, 1.53215e-05, 0, 0, 0.700707, 0.00104036, 0.00191109, 3.23011, 0.96904, 0.0263093, 280.021
9841, 0.0556964, 0.672615, 0.0169907, 0, 5.02157e-07, 2.10133e-05, 0, 0, 0.689627, 0.00146429, 0.00263537, 2.88784, 0.969046, 0.0262951, 279.172
9842, 0.0638267, 0.668709, 0.0169515, 0, 5.60173e-07, 2.35984e-05, 0, 0, 0.685685, 0.00167738, 0.00296561, 2.75158, 0.969052, 0.0262782, 278.867
9843, 0.0519963, 0.676407, 0.0170732, 0, 4.63725e-07, 1.8848e-05, 0, 0, 0.693499, 0.00136558, 0.00236221, 2.95658, 0.969058, 0.0262536, 279.466
9844, 0.0407523, 0.684451, 0.0171467, 0, 3.79557e-07, 1.49669e-05, 0, 0, 0.701613, 0.00106785, 0.00187162, 3.20024, 0.969064, 0.0261981, 280.085
9845, 0.0405665, 0.686086, 0.0170945, 0, 3.83378e-07, 1.53398e-05, 0, 0, 0.703196, 0.00105688, 0.00192235, 3.20481, 0.96907, 0.0260398, 280.204
9846, 0.0396912, 0.686705, 0.0170455, 0, 3.71554e-07, 1.47512e-05, 0, 0, 0.703766, 0.00102161, 0.0018505, 3.22663, 0.969076, 0.0257469, 280.246
9847, 0.040736, 0.686602, 0.0169432, 0, 3.76954e-07, 1.50683e-05, 0, 0, 0.70356, 0.00104034, 0.00189668, 3.20064, 0.969082, 0.0255838, 280.229
9848, 0.0391221, 0.691089, 0.016881, 0, 3.62078e-07, 1.46827e-05, 0, 0, 0.707985, 0.00100508, 0.00185432, 3.24107, 0.969088, 0.0257685, 280.563
9849, 0.0379993, 0.696134, 0.0167871, 0, 3.47273e-07, 1.41567e-05, 0, 0, 0.712936, 0.00098757, 0.00179792, 3.27019, 0.969094, 0.0260258, 280.935
9850, 0.0495908, 0.693277, 0.0164613, 0, 4.35377e-07, 1.85342e-05, 0, 0, 0.709757, 0.00129672, 0.00237985, 3.00395, 0.9691, 0.0261432, 280.694
9851, 0.0569961, 0.694708, 0.0160831, 0, 4.90195e-07, 2.16283e-05, 0, 0, 0.710813, 0.00149182, 0.0028042, 2.86477, 0.969106, 0.0261714, 280.773
9852, 0.0489216, 0.708996, 0.0156587, 0, 4.23027e-07, 1.89999e-05, 0, 0, 0.724675, 0.00128053, 0.00249832, 3.01754, 0.969112, 0.0261736, 281.812
9853, 0.0356547, 0.734509, 0.0148687, 0, 3.14139e-07, 1.41188e-05, 0, 0, 0.749392, 0.000933164, 0.00189084, 3.33387, 0.969118, 0.0261691, 283.636
9854, 0.0203083, 0.772273, 0.0133571, 0, 1.84404e-07, 8.02718e-06, 0, 0, 0.785638, 0.000531445, 0.00110383, 3.89672, 0.969124, 0.026162, 286.246
9855, 0.00834925, 0.815702, 0.0106841, 0, 8.18397e-08, 3.47124e-06, 0, 0, 0.82639, 0.000218449, 0.000515916, 4.78558, 0.96913, 0.0261537, 289.094
9856, 0.00280855, 0.852669, 0.00719978, 0, 3.15935e-08, 1.42745e-06, 0, 0, 0.85987, 7.34635e-05, 0.000241277, 5.87509, 0.969136, 0.0261447, 291.37
9857, 0.000856291, 0.872334, 0.00480322, 0, 1.10823e-08, 5.43376e-07, 0, 0, 0.877138, 2.23901e-05, 0.000100559, 7.0629, 0.969142, 0.0261353, 292.523
9858, 0.000665282, 0.868584, 0.00540521, 0, 8.83601e-09, 3.89419e-07, 0, 0, 0.87399, 1.73736e-05, 6.94863e-05, 7.3153, 0.969148, 0.0261256, 292.314
9859, 0.00246095, 0.843229, 0.00849641, 0, 2.71292e-08, 1.11313e-06, 0, 0, 0.851727, 6.42276e-05, 0.000165919, 6.00721, 0.969154, 0.0261157, 290.821
9860, 0.00847316, 0.804485, 0.0118304, 0, 8.43298e-08, 3.55814e-06, 0, 0, 0.816319, 0.000221081, 0.000491097, 4.77085, 0.96916, 0.0261055, 288.396
9861, 0.020104, 0.763172, 0.0140455, 0, 1.89591e-07, 8.11345e-06, 0, 0, 0.777226, 0.000524375, 0.00109318, 3.90684, 0.969166, 0.0260945, 285.642
9862, 0.0356363, 0.728305, 0.0152093, 0, 3.20007e-07, 1.3724e-05, 0, 0, 0.743528, 0.000928989, 0.00181676, 3.33439, 0.969172, 0.0260803, 283.198
9863, 0.0512836, 0.702796, 0.0157859, 0, 4.43653e-07, 1.90955e-05, 0, 0, 0.718601, 0.00133616, 0.00249249, 2.97038, 0.969178, 0.0260627, 281.345
9864, 0.0556341, 0.689009, 0.0161631, 0, 4.76053e-07, 2.00145e-05, 0, 0, 0.705193, 0.00144906, 0.00258317, 2.88896, 0.969184, 0.026049, 280.331
9865, 0.0490936, 0.685202, 0.0164864, 0, 4.25471e-07, 1.69945e-05, 0, 0, 0.701705, 0.00127842, 0.00216415, 3.01403, 0.96919, 0.0260427, 280.064
9866, 0.0500019, 0.681367, 0.0166488, 0, 4.35597e-07, 1.73634e-05, 0, 0, 0.698033, 0.00130144, 0.00219888, 2.99569, 0.969196, 0.0260348, 279.782
9867, 0.0587329, 0.675489, 0.0166559, 0, 5.06494e-07, 2.08331e-05, 0, 0, 0.692166, 0.0015279, 0.00264565, 2.83476, 0.969202, 0.0260202, 279.331
9868, 0.0546966, 0.676542, 0.0167433, 0, 4.75149e-07, 1.92194e-05, 0, 0, 0.693305, 0.00142253, 0.00243469, 2.90595, 0.969208, 0.0260081, 279.417
9869, 0.0421932, 0.682534, 0.0169352, 0, 3.76927e-07, 1.45888e-05, 0, 0, 0.699484, 0.00109722, 0.00183241, 3.1655, 0.969214, 0.0260038, 279.889
9870, 0.0361643, 0.685855, 0.0170861, 0, 3.29729e-07, 1.26114e-05, 0, 0, 0.702954, 0.000940276, 0.00157584, 3.31968, 0.96922, 0.0260001, 280.153
9871, 0.0409863, 0.682477, 0.0171024, 0, 3.70227e-07, 1.46188e-05, 0, 0, 0.699594, 0.00106518, 0.00183475, 3.19452, 0.969226, 0.0259923, 279.895
9872, 0.0591764, 0.669518, 0.0169248, 0, 5.20304e-07, 2.15734e-05, 0, 0, 0.686465, 0.00153729, 0.00272389, 2.82723, 0.969232, 0.0259824, 278.885
9873, 0.0752155, 0.657179, 0.0167684, 0, 6.45644e-07, 2.73338e-05, 0, 0, 0.673976, 0.00195339, 0.00345409, 2.5874, 0.969238, 0.0259721, 277.912
9874, 0.0789333, 0.653217, 0.0167629, 0, 6.6576e-07, 2.82094e-05, 0, 0, 0.670009, 0.00204925, 0.00356136, 2.53915, 0.969244, 0.0259618, 277.6
9875, 0.0747561, 0.655498, 0.0168237, 0, 6.27832e-07, 2.63154e-05, 0, 0, 0.672348, 0.00194014, 0.00331907, 2.59352, 0.96925, 0.0259514, 277.782
9876, 0.0614531, 0.663405, 0.0169629, 0, 5.23125e-07, 2.11566e-05, 0, 0, 0.680389, 0.00159434, 0.00266081, 2.78948, 0.969256, 0.0259411, 278.408
9877, 0.0541381, 0.668065, 0.0170177, 0, 4.69326e-07, 1.86976e-05, 0, 0, 0.685102, 0.00140382, 0.00235348, 2.91622, 0.969262, 0.0259308, 278.773
9878, 0.0607199, 0.665109, 0.0169048, 0, 5.2385e-07, 2.14569e-05, 0, 0, 0.682035, 0.00157381, 0.00271192, 2.80148, 0.969268, 0.0259205, 278.533
9879, 0.0600454, 0.666354, 0.0168841, 0, 5.17041e-07, 2.09841e-05, 0, 0, 0.68326, 0.0015559, 0.0026467, 2.81265, 0.969274, 0.0259102, 278.627
9880, 0.0464937, 0.675753, 0.0170022, 0, 4.15631e-07, 1.61888e-05, 0, 0, 0.692772, 0.00120438, 0.00202886, 3.06844, 0.96928, 0.0258998, 279.361
9881, 0.0323859, 0.687306, 0.0171209, 0, 3.10987e-07, 1.15436e-05, 0, 0, 0.704439, 0.000838595, 0.00143748, 3.43003, 0.969286, 0.0258895, 280.252
9882, 0.0272988, 0.69475, 0.0171374, 0, 2.65066e-07, 9.73985e-06, 0, 0, 0.711897, 0.000706436, 0.00121631, 3.60091, 0.969292, 0.0258792, 280.817
9883, 0.0386413, 0.6936, 0.0168152, 0, 3.46385e-07, 1.40359e-05, 0, 0, 0.710429, 0.000999382, 0.00178489, 3.25343, 0.969298, 0.0258689, 280.705
9884, 0.0577491, 0.691718, 0.0161631, 0, 4.87724e-07, 2.13026e-05, 0, 0, 0.707903, 0.00149308, 0.00274797, 2.85165, 0.969304, 0.0258586, 280.512
9885, 0.0738372, 0.688549, 0.0157213, 0, 5.96831e-07, 2.68694e-05, 0, 0, 0.704298, 0.00190839, 0.00349968, 2.60589, 0.96931, 0.0258482, 280.237
9886, 0.0800168, 0.678074, 0.0158802, 0, 6.34894e-07, 2.81038e-05, 0, 0, 0.693983, 0.00206752, 0.0036611, 2.52552, 0.969316, 0.0258379, 279.446
9887, 0.0666117, 0.675021, 0.0162896, 0, 5.38628e-07, 2.22923e-05, 0, 0, 0.691334, 0.00172065, 0.00287622, 2.70888, 0.969322, 0.0258276, 279.241
9888, 0.0529147, 0.681272, 0.0163946, 0, 4.439e-07, 1.74007e-05, 0, 0, 0.697684, 0.00136619, 0.00222964, 2.93907, 0.969328, 0.0258173, 279.728
9889, 0.0523526, 0.690086, 0.0160253, 0, 4.39961e-07, 1.77117e-05, 0, 0, 0.70613, 0.00135105, 0.00229517, 2.94975, 0.969334, 0.025807, 280.371
9890, 0.0485618, 0.711737, 0.0150681, 0, 4.05457e-07, 1.68323e-05, 0, 0, 0.726822, 0.00125287, 0.00222443, 3.02492, 0.96934, 0.0257967, 281.931
9891, 0.0324308, 0.757047, 0.0130047, 0, 2.75009e-07, 1.16423e-05, 0, 0, 0.770064, 0.000836512, 0.00158408, 3.42865, 0.969346, 0.0257864, 285.104
9892, 0.0155038, 0.809956, 0.0100712, 0, 1.35463e-07, 5.91467e-06, 0, 0, 0.820034, 0.000399788, 0.000839659, 4.16667, 0.969352, 0.0257762, 288.638
9893, 0.00932423, 0.832296, 0.00873503, 0, 8.14098e-08, 3.69021e-06, 0, 0, 0.841035, 0.00024023, 0.000539498, 4.67514, 0.969358, 0.0257659, 290.084
9894, 0.0189125, 0.805535, 0.0104793, 0, 1.55339e-07, 7.28038e-06, 0, 0, 0.816022, 0.000486889, 0.00102695, 3.96793, 0.969364, 0.0257556, 288.358
9895, 0.0395061, 0.75569, 0.0131584, 0, 3.18221e-07, 1.50573e-05, 0, 0, 0.768863, 0.00101684, 0.00207139, 3.2313, 0.96937, 0.0257453, 285.015
9896, 0.0546218, 0.720526, 0.014713, 0, 4.40396e-07, 2.05358e-05, 0, 0, 0.73526, 0.00140559, 0.00278464, 2.90732, 0.969376, 0.0257351, 282.553
9897, 0.056142, 0.713816, 0.0150126, 0, 4.55481e-07, 2.08482e-05, 0, 0, 0.728849, 0.0014443, 0.00280891, 2.87987, 0.969382, 0.0257248, 282.075
9898, 0.0444749, 0.736304, 0.0141759, 0, 3.64104e-07, 1.63536e-05, 0, 0, 0.750497, 0.00114387, 0.00221185, 3.11283, 0.969388, 0.0257145, 283.676
9899, 0.024471, 0.78273, 0.0119346, 0, 2.04954e-07, 8.8454e-06, 0, 0, 0.794674, 0.000629248, 0.00121748, 3.71027, 0.969394, 0.0257043, 286.857
9900, 0.0105868, 0.827178, 0.00911629, 0, 9.23812e-08, 3.89654e-06, 0, 0, 0.836299, 0.000272107, 0.000567105, 4.54815, 0.9694, 0.025694, 289.758
9901, 0.0108853, 0.835056, 0.00843285, 0, 9.24995e-08, 4.30569e-06, 0, 0, 0.843493, 0.000279485, 0.000650964, 4.52034, 0.969406, 0.0256838, 290.25
9902, 0.0219429, 0.800025, 0.010736, 0, 1.81584e-07, 8.50493e-06, 0, 0, 0.81077, 0.000563201, 0.00124165, 3.81931, 0.969412, 0.0256735, 287.988
9903, 0.0300829, 0.754603, 0.0136698, 0, 2.54137e-07, 1.11802e-05, 0, 0, 0.768284, 0.00077199, 0.00156866, 3.5038, 0.969418, 0.0256633, 284.967
9904, 0.0293596, 0.726803, 0.0154755, 0, 2.59371e-07, 1.03827e-05, 0, 0, 0.742289, 0.000753182, 0.00139, 3.52814, 0.969424, 0.0256531, 283.066
9905, 0.0333579, 0.710785, 0.0161999, 0, 2.97109e-07, 1.15258e-05, 0, 0, 0.726997, 0.000855242, 0.00148395, 3.40046, 0.96943, 0.0256428, 281.928
9906, 0.0537027, 0.690062, 0.016371, 0, 4.52977e-07, 1.84575e-05, 0, 0, 0.706452, 0.0013762, 0.00235788, 2.92429, 0.969436, 0.0256326, 280.376
9907, 0.0836683, 0.66526, 0.016366, 0, 6.62194e-07, 2.78988e-05, 0, 0, 0.681654, 0.00214339, 0.00356916, 2.48089, 0.969442, 0.0256223, 278.465
9908, 0.108804, 0.64683, 0.0163243, 0, 8.26164e-07, 3.52909e-05, 0, 0, 0.663191, 0.00278653, 0.00452018, 2.2182, 0.969448, 0.0256121, 277.013
9909, 0.104812, 0.643708, 0.0164194, 0, 7.96927e-07, 3.31325e-05, 0, 0, 0.660161, 0.00268362, 0.00423076, 2.25559, 0.969454, 0.0256018, 276.771
9910, 0.0838578, 0.649427, 0.0166096, 0, 6.59856e-07, 2.58692e-05, 0, 0, 0.666063, 0.00214618, 0.00327782, 2.47863, 0.96946, 0.0255913, 277.237
9911, 0.0888104, 0.646455, 0.0165913, 0, 7.01066e-07, 2.79344e-05, 0, 0, 0.663074, 0.00227135, 0.00353621, 2.42125, 0.969466, 0.0255788, 276.999
9912, 0.11308, 0.635653, 0.0164214, 0, 8.64212e-07, 3.61881e-05, 0, 0, 0.652112, 0.00288977, 0.00460181, 2.17966, 0.969472, 0.0255577, 276.124
9913, 0.120699, 0.631164, 0.0163649, 0, 9.05559e-07, 3.84573e-05, 0, 0, 0.647568, 0.00308014, 0.00490219, 2.11446, 0.969478, 0.0255203, 275.757
9914, 0.109062, 0.637015, 0.0164508, 0, 8.21209e-07, 3.48376e-05, 0, 0, 0.653502, 0.0027784, 0.00444384, 2.21584, 0.969484, 0.0254815, 276.232
9915, 0.0844095, 0.650342, 0.0166801, 0, 6.51613e-07, 2.68931e-05, 0, 0, 0.66705, 0.00214889, 0.00341729, 2.47208, 0.96949, 0.0254615, 277.308
9916, 0.0634453, 0.660718, 0.016901, 0, 5.09012e-07, 1.98898e-05, 0, 0, 0.677639, 0.00161586, 0.00250666, 2.75758, 0.969496, 0.0254547, 278.139
9917, 0.0717615, 0.655988, 0.0168439, 0, 5.77312e-07, 2.3183e-05, 0, 0, 0.672855, 0.00182926, 0.00292524, 2.63441, 0.969502, 0.0254702, 277.763
9918, 0.0985049, 0.642218, 0.016608, 0, 7.76243e-07, 3.29282e-05, 0, 0, 0.65886, 0.00251197, 0.00417762, 2.31765, 0.969508, 0.0254927, 276.654
9919, 0.108878, 0.63565, 0.016521, 0, 8.46875e-07, 3.61568e-05, 0, 0, 0.652208, 0.00277619, 0.0045917, 2.21753, 0.969514, 0.0254956, 276.121
9920, 0.0969671, 0.639364, 0.0166198, 0, 7.49539e-07, 3.08106e-05, 0, 0, 0.656016, 0.00247125, 0.00389977, 2.33338, 0.96952, 0.0254806, 276.424
9921, 0.0836426, 0.645197, 0.0166985, 0, 6.50645e-07, 2.54611e-05, 0, 0, 0.661922, 0.00212905, 0.00320865, 2.4812, 0.969526, 0.0254457, 276.893
9922, 0.078156, 0.648662, 0.0167003, 0, 6.13202e-07, 2.34477e-05, 0, 0, 0.665387, 0.00198576, 0.00295328, 2.54905, 0.969532, 0.025401, 277.167
9923, 0.0832262, 0.647386, 0.0166251, 0, 6.40716e-07, 2.50234e-05, 0, 0, 0.664037, 0.00211164, 0.00316827, 2.48619, 0.969538, 0.0253717, 277.058
9924, 0.0975639, 0.642581, 0.0164506, 0, 7.33658e-07, 3.00885e-05, 0, 0, 0.659063, 0.00247519, 0.00384308, 2.32725, 0.969544, 0.0253672, 276.662
9925, 0.110514, 0.642282, 0.0161928, 0, 8.26945e-07, 3.55157e-05, 0, 0, 0.658511, 0.00280659, 0.00457583, 2.20262, 0.96955, 0.0253909, 276.616
9926, 0.103821, 0.658811, 0.0158465, 0, 7.78262e-07, 3.42705e-05, 0, 0, 0.674692, 0.00263883, 0.00444031, 2.26509, 0.969556, 0.0254142, 277.895
9927, 0.0711601, 0.695864, 0.015388, 0, 5.41304e-07, 2.3433e-05, 0, 0, 0.711276, 0.00180903, 0.00303687, 2.64282, 0.969562, 0.0254165, 280.72
9928, 0.0403422, 0.725606, 0.0151419, 0, 3.21833e-07, 1.29314e-05, 0, 0, 0.740761, 0.00102524, 0.00166239, 3.21036, 0.969568, 0.0254085, 282.932
9929, 0.0400106, 0.716255, 0.015496, 0, 3.26547e-07, 1.28151e-05, 0, 0, 0.731764, 0.001016, 0.00163853, 3.21861, 0.969574, 0.0253987, 282.262
9930, 0.0722563, 0.678773, 0.0159818, 0, 5.62866e-07, 2.38628e-05, 0, 0, 0.694779, 0.00183397, 0.00306492, 2.62754, 0.96958, 0.0253887, 279.454
9931, 0.114831, 0.644488, 0.0161429, 0, 8.596e-07, 3.81151e-05, 0, 0, 0.66067, 0.00291384, 0.0049053, 2.16429, 0.969586, 0.0253787, 276.78
9932, 0.127938, 0.631975, 0.0162478, 0, 9.42919e-07, 4.14014e-05, 0, 0, 0.648265, 0.00324572, 0.00531613, 2.05621, 0.969592, 0.0253686, 275.785
9933, 0.105665, 0.636592, 0.0164845, 0, 7.88144e-07, 3.25619e-05, 0, 0, 0.65311, 0.00267981, 0.0041523, 2.24748, 0.969598, 0.0253585, 276.173
9934, 0.094295, 0.637853, 0.0165836, 0, 7.12556e-07, 2.82564e-05, 0, 0, 0.654466, 0.00239018, 0.00358707, 2.36133, 0.969604, 0.0253484, 276.28
9935, 0.107399, 0.631131, 0.0164782, 0, 7.99847e-07, 3.2692e-05, 0, 0, 0.647643, 0.00272111, 0.00416142, 2.2312, 0.96961, 0.0253383, 275.73
9936, 0.120756, 0.62589, 0.0163624, 0, 8.91455e-07, 3.74447e-05, 0, 0, 0.642291, 0.0030584, 0.00477933, 2.11398, 0.969616, 0.025328, 275.296
9937, 0.123801, 0.625169, 0.0163304, 0, 9.22924e-07, 3.92159e-05, 0, 0, 0.64154, 0.00313425, 0.0050162, 2.08908, 0.969622, 0.0253159, 275.234
9938, 0.113087, 0.630403, 0.0164287, 0, 8.55047e-07, 3.59792e-05, 0, 0, 0.646869, 0.00286156, 0.00459705, 2.1796, 0.969628, 0.0253005, 275.664
9939, 0.0911858, 0.64127, 0.0166228, 0, 7.03353e-07, 2.85022e-05, 0, 0, 0.657922, 0.00230594, 0.00362116, 2.39486, 0.969634, 0.0252847, 276.55
9940, 0.0781958, 0.648245, 0.0167206, 0, 6.20794e-07, 2.47631e-05, 0, 0, 0.664991, 0.00197614, 0.00313446, 2.54854, 0.96964, 0.0252724, 277.111
9941, 0.0861316, 0.645583, 0.0166192, 0, 6.82507e-07, 2.80188e-05, 0, 0, 0.662231, 0.00217586, 0.00355635, 2.45188, 0.969646, 0.0252642, 276.89
9942, 0.103945, 0.639579, 0.0164304, 0, 8.00518e-07, 3.36206e-05, 0, 0, 0.656044, 0.00262538, 0.00428456, 2.2639, 0.969652, 0.025258, 276.395
9943, 0.1112, 0.637753, 0.016341, 0, 8.40694e-07, 3.52647e-05, 0, 0, 0.65413, 0.00280765, 0.00450199, 2.19642, 0.969658, 0.0252459, 276.241
9944, 0.100474, 0.640489, 0.0164351, 0, 7.57107e-07, 3.06652e-05, 0, 0, 0.656956, 0.00253541, 0.00390397, 2.29785, 0.969664, 0.0252306, 276.465
9945, 0.0933478, 0.640646, 0.0165242, 0, 7.02532e-07, 2.76916e-05, 0, 0, 0.657199, 0.00235449, 0.00351265, 2.37142, 0.96967, 0.0252217, 276.483
9946, 0.0992979, 0.636226, 0.0165014, 0, 7.40591e-07, 2.94812e-05, 0, 0, 0.652758, 0.0025041, 0.00374059, 2.30963, 0.969676, 0.0252182, 276.126
9947, 0.107738, 0.631108, 0.01645, 0, 7.96731e-07, 3.22625e-05, 0, 0, 0.647591, 0.00271646, 0.00410373, 2.22806, 0.969682, 0.0252143, 275.709
9948, 0.121179, 0.625444, 0.0163564, 0, 8.9027e-07, 3.75681e-05, 0, 0, 0.641839, 0.00305435, 0.00480374, 2.11049, 0.969688, 0.0252071, 275.242
9949, 0.141441, 0.619723, 0.0162049, 0, 1.02555e-06, 4.51949e-05, 0, 0, 0.635974, 0.00356381, 0.00580464, 1.95587, 0.969694, 0.0251978, 274.763
9950, 0.141081, 0.622819, 0.0161924, 0, 1.01417e-06, 4.47373e-05, 0, 0, 0.639057, 0.00355377, 0.00574371, 1.95842, 0.9697, 0.0251879, 275.012
9951, 0.107731, 0.638904, 0.0164081, 0, 7.85906e-07, 3.31543e-05, 0, 0, 0.655346, 0.00271293, 0.00423397, 2.22812, 0.969706, 0.0251779, 276.327
9952, 0.0716788, 0.658218, 0.0166244, 0, 5.47088e-07, 2.14262e-05, 0, 0, 0.674864, 0.00180433, 0.00271776, 2.63556, 0.969712, 0.0251679, 277.876
9953, 0.059536, 0.670518, 0.0165735, 0, 4.68399e-07, 1.81831e-05, 0, 0, 0.68711, 0.00149776, 0.00232995, 2.82117, 0.969718, 0.025158, 278.833
9954, 0.0745919, 0.676085, 0.0161062, 0, 5.68803e-07, 2.47005e-05, 0, 0, 0.692216, 0.00187558, 0.00325402, 2.59572, 0.969724, 0.025148, 279.228
9955, 0.0891713, 0.685556, 0.0154943, 0, 6.62009e-07, 3.09328e-05, 0, 0, 0.701081, 0.00224155, 0.00415026, 2.4172, 0.96973, 0.025138, 279.912
9956, 0.0819143, 0.695175, 0.0152995, 0, 6.06062e-07, 2.80644e-05, 0, 0, 0.710503, 0.0020585, 0.003783, 2.50208, 0.969736, 0.025128, 280.632
9957, 0.0764151, 0.687193, 0.0155805, 0, 5.65658e-07, 2.46067e-05, 0, 0, 0.702799, 0.00191933, 0.00326649, 2.57158, 0.969742, 0.0251181, 280.042
9958, 0.0929014, 0.664688, 0.0158634, 0, 6.78836e-07, 2.92884e-05, 0, 0, 0.680581, 0.0023323, 0.00382925, 2.37622, 0.969748, 0.0251081, 278.317
9959, 0.11445, 0.647475, 0.0159042, 0, 8.24711e-07, 3.63494e-05, 0, 0, 0.663416, 0.00287229, 0.00474414, 2.16761, 0.969754, 0.0250982, 276.961
9960, 0.126856, 0.645979, 0.0156954, 0, 9.03689e-07, 4.08221e-05, 0, 0, 0.661716, 0.0031825, 0.00535611, 2.06471, 0.96976, 0.0250882, 276.824
9961, 0.122029, 0.665727, 0.0151554, 0, 8.64811e-07, 4.04384e-05, 0, 0, 0.680924, 0.0030605, 0.00536585, 2.1035, 0.969766, 0.0250783, 278.341
9962, 0.089898, 0.710526, 0.014226, 0, 6.39562e-07, 3.07189e-05, 0, 0, 0.724784, 0.00225408, 0.00414856, 2.40908, 0.969772, 0.0250683, 281.709
9963, 0.0545522, 0.756389, 0.0132595, 0, 3.93865e-07, 1.90742e-05, 0, 0, 0.769668, 0.00136729, 0.00263675, 2.9086, 0.969778, 0.0250584, 285.029
9964, 0.0463231, 0.764484, 0.0131538, 0, 3.40978e-07, 1.61071e-05, 0, 0, 0.777654, 0.00116022, 0.00222729, 3.07212, 0.969784, 0.0250485, 285.606
9965, 0.06546, 0.729701, 0.0140817, 0, 4.80694e-07, 2.19368e-05, 0, 0, 0.743805, 0.00163872, 0.00295514, 2.72632, 0.96979, 0.0250385, 283.129
9966, 0.0867489, 0.685823, 0.0151912, 0, 6.30122e-07, 2.76083e-05, 0, 0, 0.701043, 0.00217103, 0.00364409, 2.44474, 0.969796, 0.0250286, 279.897
9967, 0.0941681, 0.6593, 0.0158905, 0, 6.80154e-07, 2.83412e-05, 0, 0, 0.675219, 0.00235594, 0.00368144, 2.36267, 0.969802, 0.0250187, 277.885
9968, 0.0954949, 0.64796, 0.0161934, 0, 6.93945e-07, 2.80171e-05, 0, 0, 0.664183, 0.00238818, 0.00360291, 2.34868, 0.969808, 0.0250088, 277.01
9969, 0.101417, 0.640823, 0.0162753, 0, 7.37321e-07, 2.98743e-05, 0, 0, 0.657129, 0.0025352, 0.00383166, 2.28852, 0.969814, 0.0249989, 276.446
9970, 0.110699, 0.634105, 0.0162742, 0, 7.93573e-07, 3.26239e-05, 0, 0, 0.650413, 0.00276616, 0.00418442, 2.20094, 0.96982, 0.024989, 275.904
9971, 0.120476, 0.62818, 0.0162413, 0, 8.56682e-07, 3.57841e-05, 0, 0, 0.644458, 0.00300922, 0.00459553, 2.1163, 0.969826, 0.0249791, 275.421
9972, 0.141498, 0.620158, 0.0161093, 0, 9.99599e-07, 4.34013e-05, 0, 0, 0.636312, 0.00353276, 0.00559391, 1.95547, 0.969832, 0.0249692, 274.756
9973, 0.168006, 0.611665, 0.0159336, 0, 1.16698e-06, 5.22945e-05, 0, 0, 0.627652, 0.0041931, 0.00675349, 1.78375, 0.969838, 0.0249593, 274.043
9974, 0.170454, 0.611076, 0.0159183, 0, 1.17236e-06, 5.23388e-05, 0, 0, 0.627048, 0.00425287, 0.00675013, 1.76929, 0.969844, 0.0249494, 273.992
9975, 0.150962, 0.618463, 0.0160484, 0, 1.04846e-06, 4.58123e-05, 0, 0, 0.634559, 0.00376518, 0.00589404, 1.89072, 0.96985, 0.0249395, 274.608
9976, 0.130773, 0.628355, 0.0161974, 0, 9.29665e-07, 4.01019e-05, 0, 0, 0.644593, 0.00326038, 0.00515724, 2.03429, 0.969856, 0.0249297, 275.425
9977, 0.106009, 0.640316, 0.0164011, 0, 7.73716e-07, 3.24774e-05, 0, 0, 0.656751, 0.00264201, 0.00417113, 2.24423, 0.969862, 0.0249198, 276.405
9978, 0.0937248, 0.645059, 0.016493, 0, 6.92856e-07, 2.83217e-05, 0, 0, 0.661581, 0.00233463, 0.00362922, 2.36739, 0.969868, 0.0249099, 276.79
9979, 0.108714, 0.63741, 0.0163566, 0, 7.93171e-07, 3.3375e-05, 0, 0, 0.653801, 0.00270677, 0.00428952, 2.21903, 0.969874, 0.0249001, 276.165
9980, 0.118581, 0.63097, 0.0162694, 0, 8.56984e-07, 3.61936e-05, 0, 0, 0.647276, 0.00295149, 0.00465664, 2.13216, 0.96988, 0.0248902, 275.637
9981, 0.118252, 0.628962, 0.0162707, 0, 8.4965e-07, 3.52611e-05, 0, 0, 0.645269, 0.0029421, 0.00453136, 2.13494, 0.969886, 0.0248804, 275.473
9982, 0.130894, 0.623392, 0.0161797, 0, 9.29137e-07, 3.94125e-05, 0, 0, 0.639613, 0.00325517, 0.00507753, 2.03337, 0.969892, 0.0248705, 275.011
9983, 0.151198, 0.615807, 0.0160335, 0, 1.05747e-06, 4.60456e-05, 0, 0, 0.631888, 0.00375863, 0.00594885, 1.88916, 0.969898, 0.0248607, 274.377
9984, 0.17548, 0.608566, 0.0158557, 0, 1.20431e-06, 5.34477e-05, 0, 0, 0.624476, 0.00436052, 0.00691539, 1.74023, 0.969904, 0.0248508, 273.764
9985, 0.193313, 0.604748, 0.0157008, 0, 1.30376e-06, 5.87348e-05, 0, 0, 0.620508, 0.00480204, 0.00760946, 1.64345, 0.96991, 0.024841, 273.433
9986, 0.178855, 0.612985, 0.0156814, 0, 1.19945e-06, 5.37022e-05, 0, 0, 0.628721, 0.00444153, 0.00697131, 1.72118, 0.969916, 0.0248312, 274.112
9987, 0.14777, 0.633769, 0.0155663, 0, 9.9799e-07, 4.43721e-05, 0, 0, 0.64938, 0.00366816, 0.00581842, 1.9121, 0.969922, 0.0248214, 275.798
9988, 0.133226, 0.655084, 0.0152141, 0, 9.05398e-07, 4.16154e-05, 0, 0, 0.670341, 0.00330559, 0.00556599, 2.01571, 0.969928, 0.0248116, 277.475
9989, 0.134187, 0.659185, 0.0151143, 0, 9.13868e-07, 4.29606e-05, 0, 0, 0.674343, 0.00332805, 0.0057757, 2.00852, 0.969934, 0.0248017, 277.791
9990, 0.128972, 0.64954, 0.0154924, 0, 8.83823e-07, 4.00892e-05, 0, 0, 0.665073, 0.00319759, 0.00531751, 2.04816, 0.96994, 0.0247919, 277.054
9991, 0.114573, 0.64446, 0.015889, 0, 7.91828e-07, 3.38517e-05, 0, 0, 0.660384, 0.00283955, 0.0044161, 2.16654, 0.969946, 0.0247821, 276.678
9992, 0.102879, 0.646975, 0.0160192, 0, 7.20661e-07, 2.97881e-05, 0, 0, 0.663024, 0.00254863, 0.00386235, 2.2742, 0.969952, 0.0247722, 276.888
9993, 0.100256, 0.652776, 0.0158886, 0, 7.10632e-07, 2.97398e-05, 0, 0, 0.668695, 0.00248254, 0.00388422, 2.30003, 0.969958, 0.0247623, 277.339
9994, 0.103215, 0.664483, 0.015447, 0, 7.27747e-07, 3.2053e-05, 0, 0, 0.679963, 0.00255484, 0.00425161, 2.27094, 0.969964, 0.0247525, 278.228
9995, 0.092239, 0.694806, 0.0145272, 0, 6.42945e-07, 2.97361e-05, 0, 0, 0.709364, 0.00228252, 0.00403471, 2.38337, 0.96997, 0.0247429, 280.509
9996, 0.0645346, 0.744236, 0.0130554, 0, 4.48613e-07, 2.18151e-05, 0, 0, 0.757314, 0.00159647, 0.00309259, 2.74055, 0.969976, 0.0247332, 284.107
9997, 0.0473351, 0.779002, 0.0118797, 0, 3.29648e-07, 1.71572e-05, 0, 0, 0.790899, 0.00117032, 0.00255898, 3.0505, 0.969982, 0.0247234, 286.545
9998, 0.0589728, 0.764291, 0.012258, 0, 4.06079e-07, 2.09253e-05, 0, 0, 0.776571, 0.00145716, 0.0030708, 2.83068, 0.969988, 0.0247137, 285.513
9999, 0.0858186, 0.715543, 0.0137607, 0, 5.87453e-07, 2.80914e-05, 0, 0, 0.729333, 0.00211974, 0.00393341, 2.45552, 0.969994, 0.0247039, 282.022
10000, 0.108547, 0.672307, 0.0149749, 0, 7.42382e-07, 3.3311e-05, 0, 0, 0.687316, 0.00268026, 0.00449146, 2.22057, 0.97, 0.0246942, 278.798
}
