case index 0 = {
los index, 0
num freq, 9701
num column, 15
Waveln,  combin,  path,  path thermal,  surface,  path multiple,  sing,  grnd,  drct,  total,  irrad,  irrad,  - nat log,  direct,  ToA,  bbody
  [nm],  path trans,  emission,   scat,   emission,   scat,  scat,  rflt,  rflt,   rad,   ref,  @obs,  path trans,  emiss,  irrad,  temp[K]
300, 9.81251e-12, 0, 0, 0, 0, 9.76898e-19, 0, 0, 9.76898e-19, 4.12957e-11, 0, 25.3474, 0.970999, 41.1048, 751.671
301, 2.10871e-11, 0, 0, 0, 0, 3.19982e-18, 0, 0, 3.19982e-18, 1.21706e-10, 0, 24.5824, 0.970968, 42.439, 763.584
302, 4.15345e-11, 0, 0, 0, 0, 9.22237e-18, 0, 0, 9.22237e-18, 3.17556e-10, 0, 23.9045, 0.970941, 45.5121, 774.366
303, 7.54262e-11, 0, 0, 0, 0, 2.24181e-17, 0, 0, 2.24181e-17, 7.02103e-10, 0, 23.3079, 0.970909, 48.4225, 783.34
304, 1.27989e-10, 0, 0, 0, 0, 4.8275e-17, 0, 0, 4.8275e-17, 1.35803e-09, 0, 22.7791, 0.970879, 48.3141, 790.995
305, 2.05143e-10, 0, 0, 0, 0, 9.99318e-17, 0, 0, 9.99318e-17, 2.50398e-09, 0, 22.3073, 0.970849, 46.2186, 798.337
306, 3.10308e-10, 0, 0, 0, 0, 2.08292e-16, 0, 0, 2.08292e-16, 4.63105e-09, 0, 21.8935, 0.970819, 46.4391, 805.977
307, 4.50217e-10, 0, 0, 0, 0, 4.28084e-16, 0, 0, 4.28084e-16, 8.51368e-09, 0, 21.5213, 0.970792, 50.6227, 813.634
308, 6.22182e-10, 0, 0, 0, 0, 8.15347e-16, 0, 0, 8.15347e-16, 1.46279e-08, 0, 21.1978, 0.970759, 57.0563, 820.408
309, 8.30145e-10, 0, 0, 0, 0, 1.45169e-15, 0, 0, 1.45169e-15, 2.33329e-08, 0, 20.9094, 0.970729, 62.7023, 826.367
310, 1.07468e-09, 0, 0, 0, 0, 2.50252e-15, 0, 0, 2.50252e-15, 3.60396e-08, 0, 20.6512, 0.970701, 68.0914, 831.987
311, 1.34306e-09, 0, 0, 0, 0, 4.14945e-15, 0, 0, 4.14945e-15, 5.38472e-08, 0, 20.4283, 0.97067, 75.8509, 837.148
312, 1.64855e-09, 0, 0, 0, 0, 6.29635e-15, 0, 0, 6.29635e-15, 7.35119e-08, 0, 20.2234, 0.970641, 80.3884, 841.06
313, 1.97481e-09, 0, 0, 0, 0, 8.7633e-15, 0, 0, 8.7633e-15, 9.18941e-08, 0, 20.0428, 0.970611, 79.3097, 843.711
314, 2.31697e-09, 0, 0, 0, 0, 1.20702e-14, 0, 0, 1.20702e-14, 1.13208e-07, 0, 19.883, 0.970581, 78.4523, 846.249
315, 2.67252e-09, 0, 0, 0, 0, 1.64215e-14, 0, 0, 1.64215e-14, 1.38716e-07, 0, 19.7402, 0.970549, 79.5606, 848.641
316, 3.0241e-09, 0, 0, 0, 0, 2.18914e-14, 0, 0, 2.18914e-14, 1.66559e-07, 0, 19.6167, 0.970521, 80.8559, 850.754
317, 3.38209e-09, 0, 0, 0, 0, 2.9106e-14, 0, 0, 2.9106e-14, 1.99205e-07, 0, 19.5048, 0.970491, 83.2917, 852.865
318, 3.76066e-09, 0, 0, 0, 0, 3.78476e-14, 0, 0, 3.78476e-14, 2.30494e-07, 0, 19.3987, 0.97046, 84.0991, 854.658
319, 4.13757e-09, 0, 0, 0, 0, 4.82963e-14, 0, 0, 4.82963e-14, 2.61666e-07, 0, 19.3032, 0.970431, 83.8549, 856.179
320, 4.49083e-09, 0, 0, 0, 0, 6.2765e-14, 0, 0, 6.2765e-14, 3.02756e-07, 0, 19.2212, 0.970398, 86.7736, 858.03
321, 4.85175e-09, 0, 0, 0, 0, 7.88747e-14, 0, 0, 7.88747e-14, 3.42381e-07, 0, 19.1439, 0.970367, 89.1508, 859.362
322, 5.14453e-09, 0, 0, 0, 0, 8.92083e-14, 0, 0, 8.92083e-14, 3.57047e-07, 0, 19.0853, 0.97034, 86.5663, 858.98
323, 5.46563e-09, 0, 0, 0, 0, 1.07049e-13, 0, 0, 1.07049e-13, 3.77348e-07, 0, 19.0248, 0.970311, 84.2473, 859.592
324, 5.80572e-09, 0, 0, 0, 0, 1.37538e-13, 0, 0, 1.37538e-13, 4.34393e-07, 0, 18.9644, 0.970281, 89.2789, 861.365
325, 6.05394e-09, 0, 0, 0, 0, 1.72474e-13, 0, 0, 1.72474e-13, 5.06903e-07, 0, 18.9226, 0.970249, 98.697, 862.763
326, 6.34789e-09, 0, 0, 0, 0, 2.19124e-13, 0, 0, 2.19124e-13, 5.76436e-07, 0, 18.8751, 0.970219, 105.753, 864.412
327, 6.62396e-09, 0, 0, 0, 0, 2.5209e-13, 0, 0, 2.5209e-13, 6.12483e-07, 0, 18.8326, 0.97019, 106.835, 864.403
328, 6.83784e-09, 0, 0, 0, 0, 2.7415e-13, 0, 0, 2.7415e-13, 6.23063e-07, 0, 18.8008, 0.970158, 104.496, 863.451
329, 7.12163e-09, 0, 0, 0, 0, 3.22669e-13, 0, 0, 3.22669e-13, 6.55506e-07, 0, 18.7601, 0.97013, 104.436, 863.859
330, 7.35835e-09, 0, 0, 0, 0, 3.49284e-13, 0, 0, 3.49284e-13, 6.72837e-07, 0, 18.7274, 0.9701, 103.228, 862.852
331, 7.52412e-09, 0, 0, 0, 0, 3.45011e-13, 0, 0, 3.45011e-13, 6.5422e-07, 0, 18.7052, 0.970069, 98.0217, 860.295
332, 7.7594e-09, 0, 0, 0, 0, 3.72906e-13, 0, 0, 3.72906e-13, 6.52602e-07, 0, 18.6744, 0.970042, 94.1452, 859.284
333, 7.9834e-09, 0, 0, 0, 0, 4.12303e-13, 0, 0, 4.12303e-13, 6.75936e-07, 0, 18.6459, 0.970012, 94.0677, 858.671
334, 8.16359e-09, 0, 0, 0, 0, 4.38485e-13, 0, 0, 4.38485e-13, 6.94033e-07, 0, 18.6236, 0.969979, 94.1629, 857.407
335, 8.38381e-09, 0, 0, 0, 0, 4.52024e-13, 0, 0, 4.52024e-13, 6.71179e-07, 0, 18.597, 0.969949, 88.4806, 855.621
336, 8.57172e-09, 0, 0, 0, 0, 4.1421e-13, 0, 0, 4.1421e-13, 5.90029e-07, 0, 18.5748, 0.969918, 75.7978, 851.845
337, 8.69866e-09, 0, 0, 0, 0, 3.75866e-13, 0, 0, 3.75866e-13, 5.37027e-07, 0, 18.5601, 0.969889, 67.6334, 847.93
338, 8.86621e-09, 0, 0, 0, 0, 4.10632e-13, 0, 0, 4.10632e-13, 5.70617e-07, 0, 18.541, 0.969858, 70.1369, 847.161
339, 9.06439e-09, 0, 0, 0, 0, 4.81992e-13, 0, 0, 4.81992e-13, 6.43054e-07, 0, 18.5189, 0.96983, 77.1243, 847.616
340, 9.22691e-09, 0, 0, 0, 0, 5.23973e-13, 0, 0, 5.23973e-13, 6.91266e-07, 0, 18.5011, 0.969799, 81.478, 846.786
341, 9.38934e-09, 0, 0, 0, 0, 5.35066e-13, 0, 0, 5.35066e-13, 6.91726e-07, 0, 18.4837, 0.969772, 80.0027, 844.907
342, 9.56233e-09, 0, 0, 0, 0, 5.73181e-13, 0, 0, 5.73181e-13, 7.16242e-07, 0, 18.4654, 0.969739, 80.9711, 843.848
343, 9.70598e-09, 0, 0, 0, 0, 6.16666e-13, 0, 0, 6.16666e-13, 7.66823e-07, 0, 18.4505, 0.969709, 85.3178, 842.872
344, 9.83687e-09, 0, 0, 0, 0, 6.23055e-13, 0, 0, 6.23055e-13, 7.81815e-07, 0, 18.4371, 0.969681, 85.8346, 840.843
345, 9.99882e-09, 0, 0, 0, 0, 6.48093e-13, 0, 0, 6.48093e-13, 8.01923e-07, 0, 18.4208, 0.969649, 86.3947, 839.317
346, 1.01781e-08, 0, 0, 0, 0, 7.19121e-13, 0, 0, 7.19121e-13, 8.67697e-07, 0, 18.403, 0.969619, 91.5584, 838.893
347, 1.03421e-08, 0, 0, 0, 0, 8.04038e-13, 0, 0, 8.04038e-13, 9.57901e-07, 0, 18.387, 0.969589, 99.3322, 838.61
348, 1.04941e-08, 0, 0, 0, 0, 8.59872e-13, 0, 0, 8.59872e-13, 1.01793e-06, 0, 18.3724, 0.969558, 104.006, 837.582
349, 1.06449e-08, 0, 0, 0, 0, 8.61733e-13, 0, 0, 8.61733e-13, 1.01181e-06, 0, 18.3582, 0.96953, 101.898, 835.463
350, 1.07888e-08, 0, 0, 0, 0, 8.30133e-13, 0, 0, 8.30133e-13, 9.69812e-07, 0, 18.3448, 0.9695, 96.2989, 832.687
351, 1.09234e-08, 0, 0, 0, 0, 7.78741e-13, 0, 0, 7.78741e-13, 9.1141e-07, 0, 18.3324, 0.969471, 89.3271, 829.481
352, 1.10585e-08, 0, 0, 0, 0, 7.52637e-13, 0, 0, 7.52637e-13, 8.81786e-07, 0, 18.3201, 0.969439, 85.1827, 826.793
353, 1.11989e-08, 0, 0, 0, 0, 8.31891e-13, 0, 0, 8.31891e-13, 9.70571e-07, 0, 18.3074, 0.96941, 92.3174, 826.363
354, 1.13365e-08, 0, 0, 0, 0, 9.58379e-13, 0, 0, 9.58379e-13, 1.11547e-06, 0, 18.2952, 0.969379, 104.768, 826.64
355, 1.14676e-08, 0, 0, 0, 0, 1.00819e-12, 0, 0, 1.00819e-12, 1.17265e-06, 0, 18.2837, 0.969351, 108.954, 825.4
356, 1.15917e-08, 0, 0, 0, 0, 9.4755e-13, 0, 0, 9.4755e-13, 1.10232e-06, 0, 18.273, 0.969318, 101.361, 822.279
357, 1.1708e-08, 0, 0, 0, 0, 8.58409e-13, 0, 0, 8.58409e-13, 1.00019e-06, 0, 18.263, 0.969291, 90.9481, 818.564
358, 1.1821e-08, 0, 0, 0, 0, 8.53766e-13, 0, 0, 8.53766e-13, 9.9372e-07, 0, 18.2534, 0.969258, 89.3125, 816.42
359, 1.19335e-08, 0, 0, 0, 0, 9.21887e-13, 0, 0, 9.21887e-13, 1.07012e-06, 0, 18.2439, 0.969229, 95.1665, 815.65
360, 1.20508e-08, 0, 0, 0, 0, 9.7477e-13, 0, 0, 9.7477e-13, 1.13126e-06, 0, 18.2341, 0.9692, 99.6281, 814.541
361, 1.21855e-08, 0, 0, 0, 0, 9.64835e-13, 0, 0, 9.64835e-13, 1.12033e-06, 0, 18.223, 0.969172, 97.5638, 812.345
362, 1.23416e-08, 0, 0, 0, 0, 9.63475e-13, 0, 0, 9.63475e-13, 1.11746e-06, 0, 18.2103, 0.969142, 95.9343, 810.307
363, 1.25041e-08, 0, 0, 0, 0, 1.03051e-12, 0, 0, 1.03051e-12, 1.19356e-06, 0, 18.1972, 0.969112, 100.979, 809.414
364, 1.26564e-08, 0, 0, 0, 0, 1.13442e-12, 0, 0, 1.13442e-12, 1.31488e-06, 0, 18.1851, 0.969082, 109.83, 809.006
365, 1.27966e-08, 0, 0, 0, 0, 1.24636e-12, 0, 0, 1.24636e-12, 1.4461e-06, 0, 18.1741, 0.969049, 119.417, 808.575
366, 1.29317e-08, 0, 0, 0, 0, 1.32453e-12, 0, 0, 1.32453e-12, 1.53436e-06, 0, 18.1636, 0.969019, 125.394, 807.601
367, 1.30627e-08, 0, 0, 0, 0, 1.31367e-12, 0, 0, 1.31367e-12, 1.51876e-06, 0, 18.1535, 0.968989, 122.883, 805.491
368, 1.31897e-08, 0, 0, 0, 0, 1.27444e-12, 0, 0, 1.27444e-12, 1.47206e-06, 0, 18.1438, 0.96896, 117.858, 803.027
369, 1.33148e-08, 0, 0, 0, 0, 1.2818e-12, 0, 0, 1.2818e-12, 1.47931e-06, 0, 18.1344, 0.968929, 117.214, 801.17
370, 1.34383e-08, 0, 0, 0, 0, 1.28535e-12, 0, 0, 1.28535e-12, 1.48292e-06, 0, 18.1252, 0.968902, 116.394, 799.273
371, 1.35588e-08, 0, 0, 0, 0, 1.2399e-12, 0, 0, 1.2399e-12, 1.43217e-06, 0, 18.1162, 0.968869, 111.385, 796.75
372, 1.3678e-08, 0, 0, 0, 0, 1.16231e-12, 0, 0, 1.16231e-12, 1.34457e-06, 0, 18.1075, 0.96884, 103.634, 793.775
373, 1.37985e-08, 0, 0, 0, 0, 1.0666e-12, 0, 0, 1.0666e-12, 1.2328e-06, 0, 18.0987, 0.968811, 94.1414, 790.47
374, 1.39176e-08, 0, 0, 0, 0, 1.01475e-12, 0, 0, 1.01475e-12, 1.17128e-06, 0, 18.0901, 0.96878, 88.5562, 787.769
375, 1.40303e-08, 0, 0, 0, 0, 1.06094e-12, 0, 0, 1.06094e-12, 1.22651e-06, 0, 18.082, 0.968751, 91.8549, 786.601
376, 1.41377e-08, 0, 0, 0, 0, 1.18029e-12, 0, 0, 1.18029e-12, 1.36618e-06, 0, 18.0744, 0.968721, 101.455, 786.444
377, 1.42421e-08, 0, 0, 0, 0, 1.33346e-12, 0, 0, 1.33346e-12, 1.53945e-06, 0, 18.0671, 0.96869, 113.43, 786.546
378, 1.43401e-08, 0, 0, 0, 0, 1.44143e-12, 0, 0, 1.44143e-12, 1.6606e-06, 0, 18.0602, 0.968658, 121.536, 785.942
379, 1.44329e-08, 0, 0, 0, 0, 1.42059e-12, 0, 0, 1.42059e-12, 1.6397e-06, 0, 18.0538, 0.968632, 119.246, 783.847
380, 1.4534e-08, 0, 0, 0, 0, 1.36117e-12, 0, 0, 1.36117e-12, 1.57538e-06, 0, 18.0468, 0.968599, 113.711, 781.308
381, 1.46538e-08, 0, 0, 0, 0, 1.31508e-12, 0, 0, 1.31508e-12, 1.52108e-06, 0, 18.0386, 0.96857, 108.88, 778.916
382, 1.47859e-08, 0, 0, 0, 0, 1.20562e-12, 0, 0, 1.20562e-12, 1.39096e-06, 0, 18.0296, 0.968539, 98.693, 775.696
383, 1.49162e-08, 0, 0, 0, 0, 1.09252e-12, 0, 0, 1.09252e-12, 1.25909e-06, 0, 18.0208, 0.968509, 88.4569, 772.312
384, 1.50377e-08, 0, 0, 0, 0, 1.10427e-12, 0, 0, 1.10427e-12, 1.27407e-06, 0, 18.0127, 0.968479, 88.6311, 770.677
385, 1.51529e-08, 0, 0, 0, 0, 1.19416e-12, 0, 0, 1.19416e-12, 1.37791e-06, 0, 18.0051, 0.968448, 95.0834, 770.122
386, 1.52646e-08, 0, 0, 0, 0, 1.23623e-12, 0, 0, 1.23623e-12, 1.42443e-06, 0, 17.9977, 0.96842, 97.5751, 768.882
387, 1.53717e-08, 0, 0, 0, 0, 1.23522e-12, 0, 0, 1.23522e-12, 1.42259e-06, 0, 17.9907, 0.968387, 96.7342, 767.088
388, 1.54751e-08, 0, 0, 0, 0, 1.25167e-12, 0, 0, 1.25167e-12, 1.44255e-06, 0, 17.984, 0.96836, 97.3583, 765.524
389, 1.5577e-08, 0, 0, 0, 0, 1.35194e-12, 0, 0, 1.35194e-12, 1.55887e-06, 0, 17.9775, 0.96833, 104.421, 764.977
390, 1.56783e-08, 0, 0, 0, 0, 1.50549e-12, 0, 0, 1.50549e-12, 1.73616e-06, 0, 17.971, 0.9683, 115.505, 764.922
391, 1.57794e-08, 0, 0, 0, 0, 1.57924e-12, 0, 0, 1.57924e-12, 1.82169e-06, 0, 17.9646, 0.968267, 120.465, 763.927
392, 1.58818e-08, 0, 0, 0, 0, 1.43557e-12, 0, 0, 1.43557e-12, 1.65508e-06, 0, 17.9581, 0.968239, 108.835, 760.674
393, 1.59853e-08, 0, 0, 0, 0, 1.19164e-12, 0, 0, 1.19164e-12, 1.36979e-06, 0, 17.9516, 0.968209, 89.4294, 756.02
394, 1.60855e-08, 0, 0, 0, 0, 1.21205e-12, 0, 0, 1.21205e-12, 1.38986e-06, 0, 17.9453, 0.968179, 89.9407, 754.564
395, 1.61797e-08, 0, 0, 0, 0, 1.40846e-12, 0, 0, 1.40846e-12, 1.61674e-06, 0, 17.9395, 0.968151, 104.012, 755.196
396, 1.62704e-08, 0, 0, 0, 0, 1.39906e-12, 0, 0, 1.39906e-12, 1.6074e-06, 0, 17.9339, 0.968117, 102.91, 753.383
397, 1.63595e-08, 0, 0, 0, 0, 1.38947e-12, 0, 0, 1.38947e-12, 1.59713e-06, 0, 17.9285, 0.96809, 101.532, 751.575
398, 1.64488e-08, 0, 0, 0, 0, 1.71773e-12, 0, 0, 1.71773e-12, 1.9763e-06, 0, 17.923, 0.96806, 124.781, 753.197
399, 1.65399e-08, 0, 0, 0, 0, 2.09485e-12, 0, 0, 2.09485e-12, 2.41106e-06, 0, 17.9175, 0.968032, 151.446, 754.629
400, 1.66312e-08, 0, 0, 0, 0, 2.27639e-12, 0, 0, 2.27639e-12, 2.62117e-06, 0, 17.912, 0.968001, 163.766, 754.253
401, 1.67255e-08, 0, 0, 0, 0, 2.39319e-12, 0, 0, 2.39319e-12, 2.74969e-06, 0, 17.9063, 0.967971, 170.765, 753.36
402, 1.68226e-08, 0, 0, 0, 0, 2.51971e-12, 0, 0, 2.51971e-12, 2.88014e-06, 0, 17.9005, 0.967941, 177.77, 752.498
403, 1.69151e-08, 0, 0, 0, 0, 2.60691e-12, 0, 0, 2.60691e-12, 2.97141e-06, 0, 17.8951, 0.967909, 182.357, 751.365
404, 1.70011e-08, 0, 0, 0, 0, 2.61442e-12, 0, 0, 2.61442e-12, 2.98362e-06, 0, 17.89, 0.967881, 182.145, 749.746
405, 1.7087e-08, 0, 0, 0, 0, 2.57109e-12, 0, 0, 2.57109e-12, 2.93529e-06, 0, 17.8849, 0.967851, 178.246, 747.827
406, 1.7177e-08, 0, 0, 0, 0, 2.51321e-12, 0, 0, 2.51321e-12, 2.85959e-06, 0, 17.8797, 0.967822, 172.683, 745.822
407, 1.72632e-08, 0, 0, 0, 0, 2.4808e-12, 0, 0, 2.4808e-12, 2.81945e-06, 0, 17.8747, 0.96779, 169.32, 743.979
408, 1.73403e-08, 0, 0, 0, 0, 2.50744e-12, 0, 0, 2.50744e-12, 2.86366e-06, 0, 17.8702, 0.96776, 171.146, 742.515
409, 1.74169e-08, 0, 0, 0, 0, 2.48356e-12, 0, 0, 2.48356e-12, 2.84703e-06, 0, 17.8658, 0.96773, 169.391, 740.741
410, 1.74982e-08, 0, 0, 0, 0, 2.4086e-12, 0, 0, 2.4086e-12, 2.75795e-06, 0, 17.8612, 0.9677, 163.262, 738.648
411, 1.75819e-08, 0, 0, 0, 0, 2.44321e-12, 0, 0, 2.44321e-12, 2.78646e-06, 0, 17.8564, 0.967672, 164.051, 737.262
412, 1.76615e-08, 0, 0, 0, 0, 2.55624e-12, 0, 0, 2.55624e-12, 2.91144e-06, 0, 17.8519, 0.967641, 170.575, 736.363
413, 1.77344e-08, 0, 0, 0, 0, 2.63082e-12, 0, 0, 2.63082e-12, 3.00439e-06, 0, 17.8478, 0.967611, 175.26, 735.214
414, 1.781e-08, 0, 0, 0, 0, 2.69491e-12, 0, 0, 2.69491e-12, 3.07279e-06, 0, 17.8435, 0.967581, 178.429, 733.999
415, 1.78896e-08, 0, 0, 0, 0, 2.78364e-12, 0, 0, 2.78364e-12, 3.1517e-06, 0, 17.839, 0.967549, 182.131, 732.919
416, 1.79662e-08, 0, 0, 0, 0, 2.84268e-12, 0, 0, 2.84268e-12, 3.20045e-06, 0, 17.8348, 0.96752, 184.119, 731.669
417, 1.80388e-08, 0, 0, 0, 0, 2.81073e-12, 0, 0, 2.81073e-12, 3.16288e-06, 0, 17.8307, 0.967492, 181.192, 729.926
418, 1.81098e-08, 0, 0, 0, 0, 2.75178e-12, 0, 0, 2.75178e-12, 3.10565e-06, 0, 17.8268, 0.967461, 177.155, 728.038
419, 1.81804e-08, 0, 0, 0, 0, 2.74431e-12, 0, 0, 2.74431e-12, 3.10647e-06, 0, 17.8229, 0.967431, 176.451, 726.442
420, 1.82505e-08, 0, 0, 0, 0, 2.76815e-12, 0, 0, 2.76815e-12, 3.14009e-06, 0, 17.8191, 0.967399, 177.62, 725.029
421, 1.83199e-08, 0, 0, 0, 0, 2.80066e-12, 0, 0, 2.80066e-12, 3.18081e-06, 0, 17.8153, 0.96737, 179.198, 723.668
422, 1.83873e-08, 0, 0, 0, 0, 2.78248e-12, 0, 0, 2.78248e-12, 3.16377e-06, 0, 17.8116, 0.967339, 177.554, 722.035
423, 1.84511e-08, 0, 0, 0, 0, 2.75717e-12, 0, 0, 2.75717e-12, 3.14324e-06, 0, 17.8081, 0.967311, 175.735, 720.37
424, 1.85135e-08, 0, 0, 0, 0, 2.79485e-12, 0, 0, 2.79485e-12, 3.19369e-06, 0, 17.8048, 0.96728, 177.904, 719.058
425, 1.85816e-08, 0, 0, 0, 0, 2.83803e-12, 0, 0, 2.83803e-12, 3.23128e-06, 0, 17.8011, 0.967252, 179.298, 717.779
426, 1.86519e-08, 0, 0, 0, 0, 2.83355e-12, 0, 0, 2.83355e-12, 3.20706e-06, 0, 17.7973, 0.967221, 177.243, 716.249
427, 1.8715e-08, 0, 0, 0, 0, 2.74191e-12, 0, 0, 2.74191e-12, 3.10438e-06, 0, 17.7939, 0.967188, 170.958, 714.251
428, 1.87778e-08, 0, 0, 0, 0, 2.60575e-12, 0, 0, 2.60575e-12, 2.95334e-06, 0, 17.7906, 0.967161, 162.068, 711.991
429, 1.88449e-08, 0, 0, 0, 0, 2.44742e-12, 0, 0, 2.44742e-12, 2.76316e-06, 0, 17.787, 0.96713, 151.056, 709.564
430, 1.89061e-08, 0, 0, 0, 0, 2.30281e-12, 0, 0, 2.30281e-12, 2.59731e-06, 0, 17.7838, 0.9671, 141.457, 707.177
431, 1.89628e-08, 0, 0, 0, 0, 2.38714e-12, 0, 0, 2.38714e-12, 2.69739e-06, 0, 17.7808, 0.967072, 146.359, 706.247
432, 1.90222e-08, 0, 0, 0, 0, 2.68754e-12, 0, 0, 2.68754e-12, 3.03401e-06, 0, 17.7777, 0.967039, 164.073, 706.558
433, 1.9077e-08, 0, 0, 0, 0, 2.85002e-12, 0, 0, 2.85002e-12, 3.22475e-06, 0, 17.7748, 0.967011, 173.912, 705.979
434, 1.91246e-08, 0, 0, 0, 0, 2.83381e-12, 0, 0, 2.83381e-12, 3.2286e-06, 0, 17.7723, 0.966979, 173.672, 704.44
435, 1.91754e-08, 0, 0, 0, 0, 2.85898e-12, 0, 0, 2.85898e-12, 3.26875e-06, 0, 17.7696, 0.966951, 175.303, 703.125
436, 1.92375e-08, 0, 0, 0, 0, 3.00074e-12, 0, 0, 3.00074e-12, 3.40918e-06, 0, 17.7664, 0.96692, 182.182, 702.407
437, 1.93031e-08, 0, 0, 0, 0, 3.08587e-12, 0, 0, 3.08587e-12, 3.47369e-06, 0, 17.763, 0.966889, 184.977, 701.389
438, 1.93538e-08, 0, 0, 0, 0, 3.00875e-12, 0, 0, 3.00875e-12, 3.38957e-06, 0, 17.7604, 0.966861, 180.004, 699.581
439, 1.93898e-08, 0, 0, 0, 0, 2.93845e-12, 0, 0, 2.93845e-12, 3.34535e-06, 0, 17.7585, 0.966829, 177.296, 697.806
440, 1.94316e-08, 0, 0, 0, 0, 2.99486e-12, 0, 0, 2.99486e-12, 3.41439e-06, 0, 17.7564, 0.966801, 180.529, 696.671
441, 1.94756e-08, 0, 0, 0, 0, 3.12494e-12, 0, 0, 3.12494e-12, 3.5278e-06, 0, 17.7541, 0.966769, 186.051, 695.891
442, 1.95034e-08, 0, 0, 0, 0, 3.26822e-12, 0, 0, 3.26822e-12, 3.6662e-06, 0, 17.7527, 0.966741, 193.032, 695.15
443, 1.95292e-08, 0, 0, 0, 0, 3.31173e-12, 0, 0, 3.31173e-12, 3.72605e-06, 0, 17.7514, 0.96671, 195.908, 693.944
444, 1.95685e-08, 0, 0, 0, 0, 3.23616e-12, 0, 0, 3.23616e-12, 3.67406e-06, 0, 17.7493, 0.96668, 192.771, 692.207
445, 1.96126e-08, 0, 0, 0, 0, 3.159e-12, 0, 0, 3.159e-12, 3.60958e-06, 0, 17.7471, 0.96665, 188.922, 690.462
446, 1.96698e-08, 0, 0, 0, 0, 3.21977e-12, 0, 0, 3.21977e-12, 3.66502e-06, 0, 17.7442, 0.966621, 191.19, 689.36
447, 1.97336e-08, 0, 0, 0, 0, 3.39929e-12, 0, 0, 3.39929e-12, 3.85706e-06, 0, 17.7409, 0.96659, 200.5, 688.781
448, 1.97884e-08, 0, 0, 0, 0, 3.50462e-12, 0, 0, 3.50462e-12, 3.99789e-06, 0, 17.7382, 0.96656, 207.23, 687.858
449, 1.98456e-08, 0, 0, 0, 0, 3.55371e-12, 0, 0, 3.55371e-12, 4.05678e-06, 0, 17.7353, 0.96653, 209.642, 686.695
450, 1.99083e-08, 0, 0, 0, 0, 3.65341e-12, 0, 0, 3.65341e-12, 4.13985e-06, 0, 17.7321, 0.966501, 213.213, 685.74
451, 1.99627e-08, 0, 0, 0, 0, 3.70795e-12, 0, 0, 3.70795e-12, 4.18361e-06, 0, 17.7294, 0.96647, 214.855, 684.6
452, 2.00081e-08, 0, 0, 0, 0, 3.65309e-12, 0, 0, 3.65309e-12, 4.12084e-06, 0, 17.7271, 0.966441, 211.124, 683.029
453, 2.00509e-08, 0, 0, 0, 0, 3.60658e-12, 0, 0, 3.60658e-12, 4.06637e-06, 0, 17.725, 0.96641, 207.837, 681.496
454, 2.00935e-08, 0, 0, 0, 0, 3.64229e-12, 0, 0, 3.64229e-12, 4.09906e-06, 0, 17.7229, 0.966382, 209.014, 680.3
455, 2.01322e-08, 0, 0, 0, 0, 3.69382e-12, 0, 0, 3.69382e-12, 4.15644e-06, 0, 17.7209, 0.966351, 211.5, 679.171
456, 2.01669e-08, 0, 0, 0, 0, 3.73038e-12, 0, 0, 3.73038e-12, 4.20688e-06, 0, 17.7192, 0.96632, 213.682, 677.985
457, 2.01978e-08, 0, 0, 0, 0, 3.69892e-12, 0, 0, 3.69892e-12, 4.19132e-06, 0, 17.7177, 0.966291, 212.566, 676.538
458, 2.02218e-08, 0, 0, 0, 0, 3.5999e-12, 0, 0, 3.5999e-12, 4.11866e-06, 0, 17.7165, 0.96626, 208.639, 674.826
459, 2.02456e-08, 0, 0, 0, 0, 3.56878e-12, 0, 0, 3.56878e-12, 4.12201e-06, 0, 17.7153, 0.966233, 208.567, 673.388
460, 2.02734e-08, 0, 0, 0, 0, 3.62459e-12, 0, 0, 3.62459e-12, 4.21122e-06, 0, 17.714, 0.966201, 212.791, 672.306
461, 2.03029e-08, 0, 0, 0, 0, 3.67564e-12, 0, 0, 3.67564e-12, 4.2883e-06, 0, 17.7125, 0.966169, 216.367, 671.206
462, 2.03354e-08, 0, 0, 0, 0, 3.69066e-12, 0, 0, 3.69066e-12, 4.31044e-06, 0, 17.7109, 0.96614, 217.114, 669.968
463, 2.03671e-08, 0, 0, 0, 0, 3.68286e-12, 0, 0, 3.68286e-12, 4.30628e-06, 0, 17.7093, 0.966111, 216.528, 668.647
464, 2.04003e-08, 0, 0, 0, 0, 3.67801e-12, 0, 0, 3.67801e-12, 4.29734e-06, 0, 17.7077, 0.966078, 215.677, 667.342
465, 2.04424e-08, 0, 0, 0, 0, 3.70991e-12, 0, 0, 3.70991e-12, 4.29226e-06, 0, 17.7057, 0.966049, 214.908, 666.185
466, 2.04811e-08, 0, 0, 0, 0, 3.76278e-12, 0, 0, 3.76278e-12, 4.30682e-06, 0, 17.7038, 0.96602, 215.163, 665.113
467, 2.05012e-08, 0, 0, 0, 0, 3.76762e-12, 0, 0, 3.76762e-12, 4.31199e-06, 0, 17.7028, 0.96599, 215.179, 663.86
468, 2.05097e-08, 0, 0, 0, 0, 3.73861e-12, 0, 0, 3.73861e-12, 4.30268e-06, 0, 17.7024, 0.96596, 214.614, 662.484
469, 2.05178e-08, 0, 0, 0, 0, 3.73564e-12, 0, 0, 3.73564e-12, 4.30578e-06, 0, 17.702, 0.96593, 214.672, 661.213
470, 2.05284e-08, 0, 0, 0, 0, 3.73318e-12, 0, 0, 3.73318e-12, 4.29915e-06, 0, 17.7015, 0.965898, 214.212, 659.948
471, 2.05408e-08, 0, 0, 0, 0, 3.73732e-12, 0, 0, 3.73732e-12, 4.30535e-06, 0, 17.7009, 0.96587, 214.367, 658.714
472, 2.05476e-08, 0, 0, 0, 0, 3.76993e-12, 0, 0, 3.76993e-12, 4.35306e-06, 0, 17.7005, 0.965839, 216.643, 657.592
473, 2.0543e-08, 0, 0, 0, 0, 3.76427e-12, 0, 0, 3.76427e-12, 4.37462e-06, 0, 17.7007, 0.965811, 217.746, 656.331
474, 2.0524e-08, 0, 0, 0, 0, 3.71961e-12, 0, 0, 3.71961e-12, 4.37362e-06, 0, 17.7017, 0.96578, 217.895, 654.927
475, 2.04937e-08, 0, 0, 0, 0, 3.69414e-12, 0, 0, 3.69414e-12, 4.39259e-06, 0, 17.7031, 0.96575, 219.174, 653.6
476, 2.0463e-08, 0, 0, 0, 0, 3.67695e-12, 0, 0, 3.67695e-12, 4.4038e-06, 0, 17.7046, 0.965721, 220.078, 652.31
477, 2.04502e-08, 0, 0, 0, 0, 3.63653e-12, 0, 0, 3.63653e-12, 4.38946e-06, 0, 17.7053, 0.965691, 219.531, 650.935
478, 2.04695e-08, 0, 0, 0, 0, 3.54475e-12, 0, 0, 3.54475e-12, 4.32957e-06, 0, 17.7043, 0.965662, 216.383, 649.362
479, 2.05155e-08, 0, 0, 0, 0, 3.44389e-12, 0, 0, 3.44389e-12, 4.27266e-06, 0, 17.7021, 0.965629, 213.112, 647.749
480, 2.05756e-08, 0, 0, 0, 0, 3.41378e-12, 0, 0, 3.41378e-12, 4.29363e-06, 0, 17.6992, 0.965601, 213.575, 646.422
481, 2.06398e-08, 0, 0, 0, 0, 3.42749e-12, 0, 0, 3.42749e-12, 4.34115e-06, 0, 17.696, 0.96557, 215.301, 645.279
482, 2.07008e-08, 0, 0, 0, 0, 3.4355e-12, 0, 0, 3.4355e-12, 4.3523e-06, 0, 17.6931, 0.965539, 215.229, 644.118
483, 2.07552e-08, 0, 0, 0, 0, 3.43818e-12, 0, 0, 3.43818e-12, 4.33008e-06, 0, 17.6905, 0.965511, 213.547, 642.939
484, 2.07963e-08, 0, 0, 0, 0, 3.42115e-12, 0, 0, 3.42115e-12, 4.27618e-06, 0, 17.6885, 0.965481, 210.428, 641.685
485, 2.08262e-08, 0, 0, 0, 0, 3.34535e-12, 0, 0, 3.34535e-12, 4.15795e-06, 0, 17.6871, 0.965451, 204.274, 640.195
486, 2.08558e-08, 0, 0, 0, 0, 3.2046e-12, 0, 0, 3.2046e-12, 3.96633e-06, 0, 17.6856, 0.965418, 194.537, 638.428
487, 2.08819e-08, 0, 0, 0, 0, 3.11876e-12, 0, 0, 3.11876e-12, 3.85583e-06, 0, 17.6844, 0.965389, 188.825, 636.885
488, 2.08952e-08, 0, 0, 0, 0, 3.15041e-12, 0, 0, 3.15041e-12, 3.92237e-06, 0, 17.6837, 0.965359, 191.936, 635.86
489, 2.09033e-08, 0, 0, 0, 0, 3.27374e-12, 0, 0, 3.27374e-12, 4.11616e-06, 0, 17.6834, 0.965331, 201.344, 635.226
490, 2.09218e-08, 0, 0, 0, 0, 3.38784e-12, 0, 0, 3.38784e-12, 4.26804e-06, 0, 17.6825, 0.965301, 208.589, 634.539
491, 2.09475e-08, 0, 0, 0, 0, 3.40003e-12, 0, 0, 3.40003e-12, 4.27052e-06, 0, 17.6812, 0.965271, 208.454, 633.436
492, 2.09671e-08, 0, 0, 0, 0, 3.36576e-12, 0, 0, 3.36576e-12, 4.23007e-06, 0, 17.6803, 0.965241, 206.277, 632.149
493, 2.09772e-08, 0, 0, 0, 0, 3.38421e-12, 0, 0, 3.38421e-12, 4.28137e-06, 0, 17.6798, 0.96521, 208.671, 631.08
494, 2.09822e-08, 0, 0, 0, 0, 3.40955e-12, 0, 0, 3.40955e-12, 4.35387e-06, 0, 17.6796, 0.965178, 212.156, 630.042
495, 2.09868e-08, 0, 0, 0, 0, 3.40223e-12, 0, 0, 3.40223e-12, 4.38391e-06, 0, 17.6794, 0.965152, 213.585, 628.878
496, 2.09908e-08, 0, 0, 0, 0, 3.36828e-12, 0, 0, 3.36828e-12, 4.37673e-06, 0, 17.6792, 0.965121, 213.216, 627.611
497, 2.09939e-08, 0, 0, 0, 0, 3.29462e-12, 0, 0, 3.29462e-12, 4.31385e-06, 0, 17.679, 0.965089, 210.157, 626.186
498, 2.09939e-08, 0, 0, 0, 0, 3.19839e-12, 0, 0, 3.19839e-12, 4.21813e-06, 0, 17.679, 0.96506, 205.54, 624.664
499, 2.0983e-08, 0, 0, 0, 0, 3.09061e-12, 0, 0, 3.09061e-12, 4.12326e-06, 0, 17.6796, 0.965025, 201.089, 623.085
500, 2.09525e-08, 0, 0, 0, 0, 2.97417e-12, 0, 0, 2.97417e-12, 4.04536e-06, 0, 17.681, 0.964978, 197.664, 621.458
501, 2.08925e-08, 0, 0, 0, 0, 2.85596e-12, 0, 0, 2.85596e-12, 3.98599e-06, 0, 17.6839, 0.964916, 195.436, 619.808
502, 2.07851e-08, 0, 0, 0, 0, 2.77439e-12, 0, 0, 2.77439e-12, 3.98474e-06, 0, 17.689, 0.964842, 196.55, 618.32
503, 2.06268e-08, 0, 0, 0, 0, 2.75296e-12, 0, 0, 2.75296e-12, 4.05691e-06, 0, 17.6967, 0.964759, 201.792, 617.12
504, 2.05166e-08, 0, 0, 0, 0, 2.7311e-12, 0, 0, 2.7311e-12, 4.1042e-06, 0, 17.702, 0.964681, 205.277, 615.922
505, 2.05396e-08, 0, 0, 0, 0, 2.71185e-12, 0, 0, 2.71185e-12, 4.12436e-06, 0, 17.7009, 0.964601, 206.026, 614.74
506, 2.05935e-08, 0, 0, 0, 0, 2.72074e-12, 0, 0, 2.72074e-12, 4.1416e-06, 0, 17.6983, 0.964519, 206.255, 613.7
507, 2.06228e-08, 0, 0, 0, 0, 2.72904e-12, 0, 0, 2.72904e-12, 4.12902e-06, 0, 17.6969, 0.964441, 205.255, 612.661
508, 2.06719e-08, 0, 0, 0, 0, 2.74277e-12, 0, 0, 2.74277e-12, 4.12527e-06, 0, 17.6945, 0.96436, 204.58, 611.651
509, 2.07486e-08, 0, 0, 0, 0, 2.77227e-12, 0, 0, 2.77227e-12, 4.15675e-06, 0, 17.6908, 0.96428, 205.382, 610.721
510, 2.08247e-08, 0, 0, 0, 0, 2.78432e-12, 0, 0, 2.78432e-12, 4.1674e-06, 0, 17.6871, 0.964201, 205.125, 609.71
511, 2.08854e-08, 0, 0, 0, 0, 2.77132e-12, 0, 0, 2.77132e-12, 4.14286e-06, 0, 17.6842, 0.964118, 203.287, 608.584
512, 2.09256e-08, 0, 0, 0, 0, 2.7402e-12, 0, 0, 2.7402e-12, 4.10052e-06, 0, 17.6823, 0.964041, 200.809, 607.375
513, 2.0949e-08, 0, 0, 0, 0, 2.69953e-12, 0, 0, 2.69953e-12, 4.05268e-06, 0, 17.6812, 0.963961, 198.25, 606.124
514, 2.09615e-08, 0, 0, 0, 0, 2.68511e-12, 0, 0, 2.68511e-12, 4.04856e-06, 0, 17.6806, 0.96388, 197.944, 605.002
515, 2.09655e-08, 0, 0, 0, 0, 2.65348e-12, 0, 0, 2.65348e-12, 4.02225e-06, 0, 17.6804, 0.963799, 196.638, 603.799
516, 2.09649e-08, 0, 0, 0, 0, 2.5261e-12, 0, 0, 2.5261e-12, 3.85263e-06, 0, 17.6804, 0.963719, 188.37, 602.115
517, 2.09611e-08, 0, 0, 0, 0, 2.35941e-12, 0, 0, 2.35941e-12, 3.62768e-06, 0, 17.6806, 0.963639, 177.424, 600.192
518, 2.09525e-08, 0, 0, 0, 0, 2.3176e-12, 0, 0, 2.3176e-12, 3.60462e-06, 0, 17.681, 0.963561, 176.394, 598.927
519, 2.09413e-08, 0, 0, 0, 0, 2.40755e-12, 0, 0, 2.40755e-12, 3.79139e-06, 0, 17.6815, 0.96348, 185.663, 598.389
520, 2.09302e-08, 0, 0, 0, 0, 2.5092e-12, 0, 0, 2.5092e-12, 3.99566e-06, 0, 17.6821, 0.9634, 195.804, 597.896
521, 2.09162e-08, 0, 0, 0, 0, 2.554e-12, 0, 0, 2.554e-12, 4.1138e-06, 0, 17.6827, 0.963321, 201.773, 597.101
522, 2.08937e-08, 0, 0, 0, 0, 2.55603e-12, 0, 0, 2.55603e-12, 4.1768e-06, 0, 17.6838, 0.963241, 205.143, 596.091
523, 2.08572e-08, 0, 0, 0, 0, 2.5145e-12, 0, 0, 2.5145e-12, 4.18816e-06, 0, 17.6856, 0.96316, 206.136, 594.864
524, 2.08101e-08, 0, 0, 0, 0, 2.4451e-12, 0, 0, 2.4451e-12, 4.17209e-06, 0, 17.6878, 0.963064, 205.904, 593.492
525, 2.07662e-08, 0, 0, 0, 0, 2.34801e-12, 0, 0, 2.34801e-12, 4.12034e-06, 0, 17.6899, 0.962932, 203.878, 591.966
526, 2.07299e-08, 0, 0, 0, 0, 2.21898e-12, 0, 0, 2.21898e-12, 4.00484e-06, 0, 17.6917, 0.962743, 198.613, 590.241
527, 2.06955e-08, 0, 0, 0, 0, 2.12109e-12, 0, 0, 2.12109e-12, 3.92731e-06, 0, 17.6933, 0.962517, 195.213, 588.669
528, 2.06628e-08, 0, 0, 0, 0, 2.10773e-12, 0, 0, 2.10773e-12, 3.99308e-06, 0, 17.6949, 0.962281, 198.915, 587.594
529, 2.0632e-08, 0, 0, 0, 0, 2.10951e-12, 0, 0, 2.10951e-12, 4.07939e-06, 0, 17.6964, 0.962039, 203.618, 586.614
530, 2.06038e-08, 0, 0, 0, 0, 2.08389e-12, 0, 0, 2.08389e-12, 4.10663e-06, 0, 17.6978, 0.9618, 205.346, 585.472
531, 2.05812e-08, 0, 0, 0, 0, 2.04633e-12, 0, 0, 2.04633e-12, 4.10098e-06, 0, 17.6989, 0.961561, 205.363, 584.259
532, 2.05663e-08, 0, 0, 0, 0, 1.98925e-12, 0, 0, 1.98925e-12, 4.03982e-06, 0, 17.6996, 0.96132, 202.493, 582.924
533, 2.05615e-08, 0, 0, 0, 0, 1.94485e-12, 0, 0, 1.94485e-12, 3.98188e-06, 0, 17.6998, 0.96108, 199.664, 581.665
534, 2.05664e-08, 0, 0, 0, 0, 1.95676e-12, 0, 0, 1.95676e-12, 4.01561e-06, 0, 17.6996, 0.960839, 201.313, 580.769
535, 2.05768e-08, 0, 0, 0, 0, 1.9858e-12, 0, 0, 1.9858e-12, 4.06916e-06, 0, 17.6991, 0.960599, 203.883, 579.985
536, 2.05857e-08, 0, 0, 0, 0, 1.97244e-12, 0, 0, 1.97244e-12, 4.03486e-06, 0, 17.6987, 0.960359, 202.063, 578.935
537, 2.05855e-08, 0, 0, 0, 0, 1.92519e-12, 0, 0, 1.92519e-12, 3.94384e-06, 0, 17.6987, 0.960121, 197.497, 577.672
538, 2.05705e-08, 0, 0, 0, 0, 1.90291e-12, 0, 0, 1.90291e-12, 3.92151e-06, 0, 17.6994, 0.959881, 196.523, 576.569
539, 2.05352e-08, 0, 0, 0, 0, 1.88204e-12, 0, 0, 1.88204e-12, 3.91188e-06, 0, 17.7011, 0.95964, 196.38, 575.478
540, 2.04727e-08, 0, 0, 0, 0, 1.83618e-12, 0, 0, 1.83618e-12, 3.85457e-06, 0, 17.7042, 0.959401, 194.115, 574.221
541, 2.03987e-08, 0, 0, 0, 0, 1.79592e-12, 0, 0, 1.79592e-12, 3.82205e-06, 0, 17.7078, 0.959161, 193.237, 573.001
542, 2.03581e-08, 0, 0, 0, 0, 1.77029e-12, 0, 0, 1.77029e-12, 3.83403e-06, 0, 17.7098, 0.958921, 194.306, 571.88
543, 2.0349e-08, 0, 0, 0, 0, 1.74334e-12, 0, 0, 1.74334e-12, 3.84132e-06, 0, 17.7102, 0.95868, 194.82, 570.752
544, 2.03387e-08, 0, 0, 0, 0, 1.72833e-12, 0, 0, 1.72833e-12, 3.86501e-06, 0, 17.7107, 0.958439, 196.169, 569.71
545, 2.03198e-08, 0, 0, 0, 0, 1.73034e-12, 0, 0, 1.73034e-12, 3.91799e-06, 0, 17.7117, 0.9582, 199.089, 568.791
546, 2.0302e-08, 0, 0, 0, 0, 1.72347e-12, 0, 0, 1.72347e-12, 3.94263e-06, 0, 17.7125, 0.95796, 200.543, 567.813
547, 2.03124e-08, 0, 0, 0, 0, 1.69683e-12, 0, 0, 1.69683e-12, 3.91903e-06, 0, 17.712, 0.957721, 199.265, 566.697
548, 2.03409e-08, 0, 0, 0, 0, 1.67389e-12, 0, 0, 1.67389e-12, 3.9032e-06, 0, 17.7106, 0.957482, 198.213, 565.608
549, 2.03599e-08, 0, 0, 0, 0, 1.66548e-12, 0, 0, 1.66548e-12, 3.91398e-06, 0, 17.7097, 0.957249, 198.607, 564.628
550, 2.03726e-08, 0, 0, 0, 0, 1.66004e-12, 0, 0, 1.66004e-12, 3.9256e-06, 0, 17.7091, 0.957046, 199.097, 563.672
551, 2.0387e-08, 0, 0, 0, 0, 1.65421e-12, 0, 0, 1.65421e-12, 3.93976e-06, 0, 17.7084, 0.956877, 199.698, 562.716
552, 2.03982e-08, 0, 0, 0, 0, 1.63852e-12, 0, 0, 1.63852e-12, 3.94021e-06, 0, 17.7078, 0.956735, 199.645, 561.692
553, 2.04026e-08, 0, 0, 0, 0, 1.61152e-12, 0, 0, 1.61152e-12, 3.92014e-06, 0, 17.7076, 0.9566, 198.624, 560.585
554, 2.04018e-08, 0, 0, 0, 0, 1.58949e-12, 0, 0, 1.58949e-12, 3.91215e-06, 0, 17.7076, 0.956466, 198.272, 559.516
555, 2.03964e-08, 0, 0, 0, 0, 1.56318e-12, 0, 0, 1.56318e-12, 3.89545e-06, 0, 17.7079, 0.956334, 197.531, 558.415
556, 2.03848e-08, 0, 0, 0, 0, 1.52617e-12, 0, 0, 1.52617e-12, 3.86127e-06, 0, 17.7085, 0.9562, 195.972, 557.232
557, 2.0366e-08, 0, 0, 0, 0, 1.47605e-12, 0, 0, 1.47605e-12, 3.80388e-06, 0, 17.7094, 0.956067, 193.31, 555.939
558, 2.03407e-08, 0, 0, 0, 0, 1.4068e-12, 0, 0, 1.4068e-12, 3.70298e-06, 0, 17.7106, 0.955933, 188.498, 554.476
559, 2.03104e-08, 0, 0, 0, 0, 1.34138e-12, 0, 0, 1.34138e-12, 3.61626e-06, 0, 17.7121, 0.9558, 184.462, 553.025
560, 2.02755e-08, 0, 0, 0, 0, 1.31923e-12, 0, 0, 1.31923e-12, 3.65143e-06, 0, 17.7139, 0.955666, 186.696, 551.946
561, 2.02371e-08, 0, 0, 0, 0, 1.32006e-12, 0, 0, 1.32006e-12, 3.75221e-06, 0, 17.7157, 0.955534, 192.319, 551.075
562, 2.01965e-08, 0, 0, 0, 0, 1.29679e-12, 0, 0, 1.29679e-12, 3.78552e-06, 0, 17.7178, 0.955401, 194.514, 549.99
563, 2.01555e-08, 0, 0, 0, 0, 1.26111e-12, 0, 0, 1.26111e-12, 3.78074e-06, 0, 17.7198, 0.955267, 194.764, 548.789
564, 2.01156e-08, 0, 0, 0, 0, 1.22911e-12, 0, 0, 1.22911e-12, 3.77457e-06, 0, 17.7218, 0.955133, 194.922, 547.618
565, 2.00767e-08, 0, 0, 0, 0, 1.20142e-12, 0, 0, 1.20142e-12, 3.76223e-06, 0, 17.7237, 0.955001, 194.739, 546.486
566, 2.00266e-08, 0, 0, 0, 0, 1.18017e-12, 0, 0, 1.18017e-12, 3.75664e-06, 0, 17.7262, 0.954868, 195.005, 545.415
567, 1.99316e-08, 0, 0, 0, 0, 1.15677e-12, 0, 0, 1.15677e-12, 3.74482e-06, 0, 17.731, 0.954732, 195.376, 544.322
568, 1.9771e-08, 0, 0, 0, 0, 1.11912e-12, 0, 0, 1.11912e-12, 3.69224e-06, 0, 17.739, 0.954599, 194.248, 543.081
569, 1.96202e-08, 0, 0, 0, 0, 1.07629e-12, 0, 0, 1.07629e-12, 3.62219e-06, 0, 17.7467, 0.954466, 192.104, 541.775
570, 1.95788e-08, 0, 0, 0, 0, 1.0383e-12, 0, 0, 1.0383e-12, 3.56325e-06, 0, 17.7488, 0.954333, 189.474, 540.511
571, 1.95852e-08, 0, 0, 0, 0, 1.01257e-12, 0, 0, 1.01257e-12, 3.5387e-06, 0, 17.7485, 0.954201, 188.184, 539.375
572, 1.95401e-08, 0, 0, 0, 0, 1.01042e-12, 0, 0, 1.01042e-12, 3.58246e-06, 0, 17.7508, 0.954064, 190.982, 538.509
573, 1.9484e-08, 0, 0, 0, 0, 1.01385e-12, 0, 0, 1.01385e-12, 3.62797e-06, 0, 17.7537, 0.953934, 193.95, 537.709
574, 1.94559e-08, 0, 0, 0, 0, 1.00908e-12, 0, 0, 1.00908e-12, 3.62858e-06, 0, 17.7551, 0.953802, 194.234, 536.818
575, 1.94543e-08, 0, 0, 0, 0, 1.00146e-12, 0, 0, 1.00146e-12, 3.60511e-06, 0, 17.7552, 0.953666, 192.947, 535.898
576, 1.94761e-08, 0, 0, 0, 0, 1.00262e-12, 0, 0, 1.00262e-12, 3.59968e-06, 0, 17.7541, 0.953534, 192.4, 535.08
577, 1.95131e-08, 0, 0, 0, 0, 1.01424e-12, 0, 0, 1.01424e-12, 3.62099e-06, 0, 17.7522, 0.953399, 193.143, 534.384
578, 1.95765e-08, 0, 0, 0, 0, 1.02648e-12, 0, 0, 1.02648e-12, 3.63515e-06, 0, 17.7489, 0.953267, 193.229, 533.696
579, 1.96693e-08, 0, 0, 0, 0, 1.03778e-12, 0, 0, 1.03778e-12, 3.63313e-06, 0, 17.7442, 0.953133, 192.15, 532.998
580, 1.97783e-08, 0, 0, 0, 0, 1.0537e-12, 0, 0, 1.0537e-12, 3.63222e-06, 0, 17.7387, 0.953001, 190.973, 532.352
581, 1.9887e-08, 0, 0, 0, 0, 1.07742e-12, 0, 0, 1.07742e-12, 3.64965e-06, 0, 17.7332, 0.952867, 190.767, 531.788
582, 1.99792e-08, 0, 0, 0, 0, 1.10591e-12, 0, 0, 1.10591e-12, 3.68635e-06, 0, 17.7286, 0.952732, 191.73, 531.27
583, 2.00476e-08, 0, 0, 0, 0, 1.12897e-12, 0, 0, 1.12897e-12, 3.71598e-06, 0, 17.7252, 0.9526, 192.56, 530.693
584, 2.00915e-08, 0, 0, 0, 0, 1.13776e-12, 0, 0, 1.13776e-12, 3.71168e-06, 0, 17.723, 0.952467, 191.877, 529.97
585, 2.01007e-08, 0, 0, 0, 0, 1.13378e-12, 0, 0, 1.13378e-12, 3.67661e-06, 0, 17.7225, 0.952332, 189.949, 529.122
586, 2.00247e-08, 0, 0, 0, 0, 1.12628e-12, 0, 0, 1.12628e-12, 3.63809e-06, 0, 17.7263, 0.952199, 188.642, 528.24
587, 1.97416e-08, 0, 0, 0, 0, 1.10901e-12, 0, 0, 1.10901e-12, 3.57769e-06, 0, 17.7405, 0.952067, 188.041, 527.262
588, 1.91698e-08, 0, 0, 0, 0, 1.05464e-12, 0, 0, 1.05464e-12, 3.4107e-06, 0, 17.7699, 0.951934, 184.326, 525.893
589, 1.85983e-08, 0, 0, 0, 0, 9.82833e-13, 0, 0, 9.82833e-13, 3.20029e-06, 0, 17.8002, 0.951801, 178.339, 524.301
590, 1.84188e-08, 0, 0, 0, 0, 9.61168e-13, 0, 0, 9.61168e-13, 3.16123e-06, 0, 17.8099, 0.951667, 178.25, 523.258
591, 1.8501e-08, 0, 0, 0, 0, 9.80443e-13, 0, 0, 9.80443e-13, 3.26266e-06, 0, 17.8054, 0.951533, 183.307, 522.69
592, 1.86041e-08, 0, 0, 0, 0, 9.85537e-13, 0, 0, 9.85537e-13, 3.32608e-06, 0, 17.7999, 0.951399, 185.909, 521.96
593, 1.87315e-08, 0, 0, 0, 0, 9.74982e-13, 0, 0, 9.74982e-13, 3.34403e-06, 0, 17.7931, 0.951268, 185.738, 521.054
594, 1.87167e-08, 0, 0, 0, 0, 9.55697e-13, 0, 0, 9.55697e-13, 3.33882e-06, 0, 17.7938, 0.951133, 185.651, 520.048
595, 1.87206e-08, 0, 0, 0, 0, 9.36667e-13, 0, 0, 9.36667e-13, 3.34175e-06, 0, 17.7936, 0.951, 185.819, 519.043
596, 1.89389e-08, 0, 0, 0, 0, 9.28502e-13, 0, 0, 9.28502e-13, 3.38682e-06, 0, 17.782, 0.950865, 186.185, 518.169
597, 1.91439e-08, 0, 0, 0, 0, 9.20408e-13, 0, 0, 9.20408e-13, 3.43338e-06, 0, 17.7713, 0.950733, 186.773, 517.297
598, 1.93202e-08, 0, 0, 0, 0, 9.09686e-13, 0, 0, 9.09686e-13, 3.46594e-06, 0, 17.7621, 0.9506, 186.898, 516.394
599, 1.95094e-08, 0, 0, 0, 0, 8.99218e-13, 0, 0, 8.99218e-13, 3.48948e-06, 0, 17.7524, 0.950468, 186.415, 515.497
600, 1.9692e-08, 0, 0, 0, 0, 8.8895e-13, 0, 0, 8.8895e-13, 3.49971e-06, 0, 17.7431, 0.950333, 185.286, 514.603
601, 1.98487e-08, 0, 0, 0, 0, 8.78573e-13, 0, 0, 8.78573e-13, 3.49137e-06, 0, 17.7351, 0.950201, 183.419, 513.709
602, 1.9957e-08, 0, 2.26562e-33, 0, 0, 8.71711e-13, 0, 0, 8.71711e-13, 3.47735e-06, 0, 17.7297, 0.950066, 181.683, 512.861
603, 2.00327e-08, 3.32239e-37, 1.3172e-31, 0, 0, 8.7821e-13, 0, 0, 8.7821e-13, 3.49762e-06, 0, 17.7259, 0.949934, 182.02, 512.184
604, 2.00886e-08, 1.78561e-35, 3.29962e-30, 0, 0, 8.92491e-13, 0, 0, 8.92491e-13, 3.53354e-06, 0, 17.7231, 0.949799, 183.346, 511.604
605, 2.01283e-08, 4.18653e-34, 3.68665e-29, 0, 0, 9.01754e-13, 0, 0, 9.01754e-13, 3.53755e-06, 0, 17.7211, 0.949666, 183.142, 510.963
606, 2.01593e-08, 4.38989e-33, 1.93112e-28, 0, 0, 9.09285e-13, 0, 0, 9.09285e-13, 3.52239e-06, 0, 17.7196, 0.949534, 182.003, 510.301
607, 2.01879e-08, 2.17e-32, 5.21079e-28, 0, 0, 9.22283e-13, 0, 0, 9.22283e-13, 3.51704e-06, 0, 17.7182, 0.9494, 181.378, 509.706
608, 2.02161e-08, 5.58109e-32, 8.54919e-28, 0, 0, 9.37272e-13, 0, 0, 9.37272e-13, 3.51105e-06, 0, 17.7168, 0.949268, 180.719, 509.135
609, 2.02444e-08, 8.87243e-32, 1.06923e-27, 0, 0, 9.50399e-13, 0, 0, 9.50399e-13, 3.49183e-06, 0, 17.7154, 0.949132, 179.375, 508.541
610, 2.02723e-08, 1.1015e-31, 1.22657e-27, 0, 0, 9.63699e-13, 0, 0, 9.63699e-13, 3.47023e-06, 0, 17.714, 0.948999, 177.91, 507.949
611, 2.02981e-08, 1.2978e-31, 1.38821e-27, 0, 0, 9.80331e-13, 0, 0, 9.80331e-13, 3.4621e-06, 0, 17.7127, 0.948866, 177.158, 507.394
612, 2.03214e-08, 1.55896e-31, 1.56912e-27, 0, 0, 9.97619e-13, 0, 0, 9.97619e-13, 3.45823e-06, 0, 17.7116, 0.948732, 176.652, 506.846
613, 2.03433e-08, 1.8832e-31, 1.77283e-27, 0, 0, 1.01398e-12, 0, 0, 1.01398e-12, 3.44939e-06, 0, 17.7105, 0.948599, 175.907, 506.286
614, 2.03638e-08, 2.25588e-31, 2.00219e-27, 0, 0, 1.03179e-12, 0, 0, 1.03179e-12, 3.44478e-06, 0, 17.7095, 0.948465, 175.395, 505.74
615, 2.03814e-08, 2.69666e-31, 2.26043e-27, 0, 0, 1.04298e-12, 0, 0, 1.04298e-12, 3.42305e-06, 0, 17.7086, 0.948333, 174.046, 505.124
616, 2.03953e-08, 3.24429e-31, 2.55123e-27, 0, 0, 1.0373e-12, 0, 0, 1.0373e-12, 3.35183e-06, 0, 17.708, 0.9482, 170.224, 504.333
617, 2.04059e-08, 3.94226e-31, 2.87836e-27, 0, 0, 1.04557e-12, 0, 0, 1.04557e-12, 3.32731e-06, 0, 17.7074, 0.948066, 168.803, 503.69
618, 2.04136e-08, 4.83472e-31, 3.2458e-27, 0, 0, 1.08325e-12, 0, 0, 1.08325e-12, 3.39842e-06, 0, 17.7071, 0.947931, 172.264, 503.348
619, 2.04177e-08, 5.97808e-31, 3.65847e-27, 0, 0, 1.11484e-12, 0, 0, 1.11484e-12, 3.45538e-06, 0, 17.7069, 0.947799, 175.043, 502.936
620, 2.04187e-08, 7.45042e-31, 4.12191e-27, 0, 0, 1.13109e-12, 0, 0, 1.13109e-12, 3.47019e-06, 0, 17.7068, 0.947666, 175.717, 502.37
621, 2.04173e-08, 9.35388e-31, 4.64223e-27, 0, 0, 1.14014e-12, 0, 0, 1.14014e-12, 3.46559e-06, 0, 17.7069, 0.947534, 175.43, 501.735
622, 2.04126e-08, 1.18256e-30, 5.22619e-27, 0, 0, 1.14401e-12, 0, 0, 1.14401e-12, 3.4467e-06, 0, 17.7071, 0.9474, 174.449, 501.053
623, 2.04031e-08, 1.50982e-30, 5.88133e-27, 0, 0, 1.14692e-12, 0, 0, 1.14692e-12, 3.42805e-06, 0, 17.7076, 0.947267, 173.522, 500.363
624, 2.03854e-08, 1.99085e-30, 6.61627e-27, 0, 0, 1.14539e-12, 0, 0, 1.14539e-12, 3.39842e-06, 0, 17.7084, 0.947134, 172.106, 499.634
625, 2.03419e-08, 2.90686e-30, 7.44124e-27, 0, 0, 1.13546e-12, 0, 0, 1.13546e-12, 3.3447e-06, 0, 17.7106, 0.946999, 169.684, 498.827
626, 2.01967e-08, 5.14586e-30, 8.36878e-27, 0, 0, 1.12756e-12, 0, 0, 1.12756e-12, 3.30671e-06, 0, 17.7177, 0.946868, 168.939, 498.041
627, 1.98367e-08, 9.77284e-30, 9.41222e-27, 0, 0, 1.11658e-12, 0, 0, 1.11658e-12, 3.2905e-06, 0, 17.7357, 0.946734, 171.19, 497.227
628, 1.94563e-08, 1.46353e-29, 1.05792e-26, 0, 0, 1.10022e-12, 0, 0, 1.10022e-12, 3.26612e-06, 0, 17.7551, 0.946599, 173.219, 496.362
629, 1.94403e-08, 1.5803e-29, 1.18761e-26, 0, 0, 1.11259e-12, 0, 0, 1.11259e-12, 3.27191e-06, 0, 17.7559, 0.946467, 173.585, 495.779
630, 1.96677e-08, 1.44738e-29, 1.33213e-26, 0, 0, 1.14704e-12, 0, 0, 1.14704e-12, 3.30186e-06, 0, 17.7443, 0.946334, 173.056, 495.405
631, 1.98835e-08, 1.3932e-29, 1.49403e-26, 0, 0, 1.17806e-12, 0, 0, 1.17806e-12, 3.31738e-06, 0, 17.7334, 0.9462, 171.904, 494.992
632, 2.00415e-08, 1.45158e-29, 1.67531e-26, 0, 0, 1.20425e-12, 0, 0, 1.20425e-12, 3.31789e-06, 0, 17.7255, 0.946067, 170.491, 494.529
633, 2.01902e-08, 1.41597e-29, 1.87762e-26, 0, 0, 1.23262e-12, 0, 0, 1.23262e-12, 3.32187e-06, 0, 17.7181, 0.945933, 169.336, 494.083
634, 2.03159e-08, 1.34963e-29, 2.10357e-26, 0, 0, 1.26351e-12, 0, 0, 1.26351e-12, 3.33234e-06, 0, 17.7119, 0.945801, 168.702, 493.654
635, 2.04015e-08, 1.34848e-29, 2.35607e-26, 0, 0, 1.29975e-12, 0, 0, 1.29975e-12, 3.35794e-06, 0, 17.7077, 0.945667, 169.183, 493.265
636, 2.04744e-08, 1.34589e-29, 2.63792e-26, 0, 0, 1.33812e-12, 0, 0, 1.33812e-12, 3.38949e-06, 0, 17.7041, 0.945535, 170.095, 492.886
637, 2.05434e-08, 1.32717e-29, 2.95241e-26, 0, 0, 1.37322e-12, 0, 0, 1.37322e-12, 3.41169e-06, 0, 17.7007, 0.9454, 170.57, 492.474
638, 2.06097e-08, 1.29201e-29, 3.30321e-26, 0, 0, 1.40163e-12, 0, 0, 1.40163e-12, 3.41625e-06, 0, 17.6975, 0.945266, 170.182, 492.006
639, 2.06666e-08, 1.29215e-29, 3.69448e-26, 0, 0, 1.42116e-12, 0, 0, 1.42116e-12, 3.39964e-06, 0, 17.6947, 0.945134, 168.824, 491.469
640, 2.07123e-08, 1.35272e-29, 4.13079e-26, 0, 0, 1.43952e-12, 0, 0, 1.43952e-12, 3.38196e-06, 0, 17.6925, 0.945001, 167.504, 490.922
641, 2.07523e-08, 1.44841e-29, 4.61702e-26, 0, 0, 1.46054e-12, 0, 0, 1.46054e-12, 3.37423e-06, 0, 17.6906, 0.944866, 166.725, 490.396
642, 2.0784e-08, 1.61891e-29, 5.15886e-26, 0, 0, 1.47693e-12, 0, 0, 1.47693e-12, 3.35989e-06, 0, 17.6891, 0.944734, 165.695, 489.835
643, 2.07952e-08, 2.04029e-29, 5.76281e-26, 0, 0, 1.49048e-12, 0, 0, 1.49048e-12, 3.34182e-06, 0, 17.6885, 0.9446, 164.659, 489.254
644, 2.07601e-08, 3.1753e-29, 6.43675e-26, 0, 0, 1.50379e-12, 0, 0, 1.50379e-12, 3.32638e-06, 0, 17.6902, 0.944466, 164.126, 488.672
645, 2.06073e-08, 6.47154e-29, 7.19183e-26, 0, 0, 1.51014e-12, 0, 0, 1.51014e-12, 3.30277e-06, 0, 17.6976, 0.944333, 164.143, 488.042
646, 2.02482e-08, 1.43197e-28, 8.04159e-26, 0, 0, 1.49233e-12, 0, 0, 1.49233e-12, 3.23583e-06, 0, 17.7152, 0.9442, 163.682, 487.243
647, 1.97615e-08, 2.64167e-28, 8.99349e-26, 0, 0, 1.46237e-12, 0, 0, 1.46237e-12, 3.14669e-06, 0, 17.7395, 0.944066, 163.136, 486.357
648, 1.94801e-08, 3.54115e-28, 1.00409e-25, 0, 0, 1.45097e-12, 0, 0, 1.45097e-12, 3.09298e-06, 0, 17.7539, 0.943933, 162.681, 485.605
649, 1.963e-08, 3.46687e-28, 1.11804e-25, 0, 0, 1.46446e-12, 0, 0, 1.46446e-12, 3.08403e-06, 0, 17.7462, 0.943799, 160.958, 485.037
650, 1.99492e-08, 3.02858e-28, 1.2438e-25, 0, 0, 1.50316e-12, 0, 0, 1.50316e-12, 3.12483e-06, 0, 17.7301, 0.943668, 160.329, 484.649
651, 2.00046e-08, 3.39489e-28, 1.3854e-25, 0, 0, 1.54507e-12, 0, 0, 1.54507e-12, 3.17831e-06, 0, 17.7273, 0.943533, 162.458, 484.278
652, 1.9963e-08, 3.90404e-28, 1.54287e-25, 0, 0, 1.57292e-12, 0, 0, 1.57292e-12, 3.20386e-06, 0, 17.7294, 0.943401, 163.994, 483.806
653, 2.01449e-08, 3.57329e-28, 1.7156e-25, 0, 0, 1.60523e-12, 0, 0, 1.60523e-12, 3.23309e-06, 0, 17.7203, 0.943267, 163.917, 483.362
654, 2.02514e-08, 3.66069e-28, 1.90824e-25, 0, 0, 1.61246e-12, 0, 0, 1.61246e-12, 3.2139e-06, 0, 17.715, 0.943134, 162.041, 482.751
655, 2.02064e-08, 4.3421e-28, 2.12326e-25, 0, 0, 1.57087e-12, 0, 0, 1.57087e-12, 3.10169e-06, 0, 17.7173, 0.943, 156.734, 481.819
656, 2.02371e-08, 4.57936e-28, 2.36049e-25, 0, 0, 1.52185e-12, 0, 0, 1.52185e-12, 2.97393e-06, 0, 17.7157, 0.942866, 150.02, 480.83
657, 2.03697e-08, 4.33614e-28, 2.62203e-25, 0, 0, 1.55302e-12, 0, 0, 1.55302e-12, 2.99947e-06, 0, 17.7092, 0.942732, 150.181, 480.392
658, 2.05484e-08, 3.72234e-28, 2.91083e-25, 0, 0, 1.64558e-12, 0, 0, 1.64558e-12, 3.14313e-06, 0, 17.7005, 0.942601, 155.928, 480.353
659, 2.07376e-08, 2.82208e-28, 3.23022e-25, 0, 0, 1.71119e-12, 0, 0, 1.71119e-12, 3.23519e-06, 0, 17.6913, 0.942467, 159.027, 480.116
660, 2.08927e-08, 2.03372e-28, 3.58428e-25, 0, 0, 1.75268e-12, 0, 0, 1.75268e-12, 3.28004e-06, 0, 17.6839, 0.942333, 160.004, 479.722
661, 2.10099e-08, 1.43747e-28, 3.97665e-25, 0, 0, 1.79182e-12, 0, 0, 1.79182e-12, 3.31965e-06, 0, 17.6783, 0.9422, 160.988, 479.309
662, 2.10911e-08, 1.04766e-28, 4.4114e-25, 0, 0, 1.81874e-12, 0, 0, 1.81874e-12, 3.33738e-06, 0, 17.6744, 0.942065, 161.182, 478.822
663, 2.11357e-08, 9.04573e-29, 4.89315e-25, 0, 0, 1.82852e-12, 0, 0, 1.82852e-12, 3.32465e-06, 0, 17.6723, 0.941934, 160.186, 478.236
664, 2.11632e-08, 8.71707e-29, 5.42615e-25, 0, 0, 1.83843e-12, 0, 0, 1.83843e-12, 3.31182e-06, 0, 17.671, 0.9418, 159.314, 477.652
665, 2.11897e-08, 8.1952e-29, 6.01524e-25, 0, 0, 1.86038e-12, 0, 0, 1.86038e-12, 3.31939e-06, 0, 17.6698, 0.941666, 159.429, 477.137
666, 2.12157e-08, 7.32299e-29, 6.6662e-25, 0, 0, 1.88195e-12, 0, 0, 1.88195e-12, 3.32497e-06, 0, 17.6685, 0.941534, 159.454, 476.621
667, 2.12384e-08, 6.3412e-29, 7.38523e-25, 0, 0, 1.89743e-12, 0, 0, 1.89743e-12, 3.31868e-06, 0, 17.6675, 0.9414, 158.933, 476.072
668, 2.12582e-08, 5.3651e-29, 8.17931e-25, 0, 0, 1.91515e-12, 0, 0, 1.91515e-12, 3.31587e-06, 0, 17.6665, 0.941266, 158.601, 475.535
669, 2.12747e-08, 4.58938e-29, 9.0562e-25, 0, 0, 1.93521e-12, 0, 0, 1.93521e-12, 3.31758e-06, 0, 17.6657, 0.941134, 158.513, 475.012
670, 2.12883e-08, 4.01387e-29, 1.00241e-24, 0, 0, 1.94966e-12, 0, 0, 1.94966e-12, 3.31031e-06, 0, 17.6651, 0.941, 158.019, 474.459
671, 2.12993e-08, 3.72212e-29, 1.10922e-24, 0, 0, 1.95621e-12, 0, 0, 1.95621e-12, 3.2901e-06, 0, 17.6646, 0.940866, 156.928, 473.866
672, 2.13082e-08, 3.71191e-29, 1.22704e-24, 0, 0, 1.9629e-12, 0, 0, 1.9629e-12, 3.27067e-06, 0, 17.6642, 0.940733, 155.891, 473.274
673, 2.13157e-08, 3.81899e-29, 1.35693e-24, 0, 0, 1.9832e-12, 0, 0, 1.9832e-12, 3.27512e-06, 0, 17.6638, 0.940601, 156.005, 472.756
674, 2.13223e-08, 3.99627e-29, 1.5001e-24, 0, 0, 2.00297e-12, 0, 0, 2.00297e-12, 3.28042e-06, 0, 17.6635, 0.940467, 156.17, 472.236
675, 2.13277e-08, 4.37232e-29, 1.65787e-24, 0, 0, 2.01262e-12, 0, 0, 2.01262e-12, 3.27023e-06, 0, 17.6633, 0.940335, 155.607, 471.664
676, 2.1332e-08, 5.062e-29, 1.83169e-24, 0, 0, 2.02452e-12, 0, 0, 2.02452e-12, 3.26426e-06, 0, 17.6631, 0.940199, 155.252, 471.105
677, 2.13353e-08, 6.18501e-29, 2.02312e-24, 0, 0, 2.0412e-12, 0, 0, 2.0412e-12, 3.26652e-06, 0, 17.6629, 0.940066, 155.299, 470.572
678, 2.13368e-08, 7.93999e-29, 2.23388e-24, 0, 0, 2.05994e-12, 0, 0, 2.05994e-12, 3.27339e-06, 0, 17.6628, 0.939933, 155.579, 470.049
679, 2.13358e-08, 1.07338e-28, 2.46589e-24, 0, 0, 2.07391e-12, 0, 0, 2.07391e-12, 3.27511e-06, 0, 17.6629, 0.9398, 155.636, 469.504
680, 2.13311e-08, 1.53448e-28, 2.72121e-24, 0, 0, 2.08002e-12, 0, 0, 2.08002e-12, 3.26697e-06, 0, 17.6631, 0.939666, 155.253, 468.921
681, 2.13222e-08, 2.25038e-28, 3.00213e-24, 0, 0, 2.08165e-12, 0, 0, 2.08165e-12, 3.25383e-06, 0, 17.6635, 0.939533, 154.665, 468.317
682, 2.13098e-08, 3.24345e-28, 3.31109e-24, 0, 0, 2.08332e-12, 0, 0, 2.08332e-12, 3.24254e-06, 0, 17.6641, 0.939398, 154.194, 467.714
683, 2.12959e-08, 4.58941e-28, 3.65082e-24, 0, 0, 2.08366e-12, 0, 0, 2.08366e-12, 3.23033e-06, 0, 17.6648, 0.939267, 153.688, 467.107
684, 2.1251e-08, 1.14085e-27, 4.02502e-24, 0, 0, 2.07789e-12, 0, 0, 2.07789e-12, 3.21087e-06, 0, 17.6669, 0.939133, 153.06, 466.471
685, 2.09004e-08, 7.01865e-27, 4.44392e-24, 0, 0, 2.03168e-12, 0, 0, 2.03168e-12, 3.15169e-06, 0, 17.6835, 0.939, 152.743, 465.634
686, 1.94861e-08, 3.09594e-26, 4.93013e-24, 0, 0, 1.82665e-12, 0, 0, 1.82665e-12, 2.93781e-06, 0, 17.7536, 0.938866, 152.713, 463.936
687, 1.73349e-08, 6.68363e-26, 5.47889e-24, 0, 0, 1.48509e-12, 0, 0, 1.48509e-12, 2.6151e-06, 0, 17.8705, 0.938734, 152.763, 461.223
688, 1.66163e-08, 7.8301e-26, 6.04127e-24, 0, 0, 1.32505e-12, 0, 0, 1.32505e-12, 2.50896e-06, 0, 17.9129, 0.9386, 152.765, 459.472
689, 1.72264e-08, 7.18557e-26, 6.62808e-24, 0, 0, 1.38269e-12, 0, 0, 1.38269e-12, 2.59865e-06, 0, 17.8768, 0.938468, 152.582, 459.308
690, 1.78841e-08, 6.67528e-26, 7.27514e-24, 0, 0, 1.49607e-12, 0, 0, 1.49607e-12, 2.68593e-06, 0, 17.8394, 0.938333, 152.016, 459.513
691, 1.85053e-08, 5.74151e-26, 7.98905e-24, 0, 0, 1.6352e-12, 0, 0, 1.6352e-12, 2.75944e-06, 0, 17.8052, 0.938201, 151.022, 459.822
692, 1.87625e-08, 5.45833e-26, 8.79224e-24, 0, 0, 1.745e-12, 0, 0, 1.745e-12, 2.7891e-06, 0, 17.7914, 0.938067, 150.518, 459.891
693, 1.8471e-08, 7.00318e-26, 9.70042e-24, 0, 0, 1.78351e-12, 0, 0, 1.78351e-12, 2.74909e-06, 0, 17.8071, 0.937932, 150.638, 459.523
694, 1.81642e-08, 9.21503e-26, 1.06902e-23, 0, 0, 1.79153e-12, 0, 0, 1.79153e-12, 2.69827e-06, 0, 17.8238, 0.937801, 150.345, 458.98
695, 1.83791e-08, 9.83429e-26, 1.1731e-23, 0, 0, 1.84025e-12, 0, 0, 1.84025e-12, 2.72393e-06, 0, 17.8121, 0.937666, 149.967, 458.665
696, 1.90665e-08, 8.11947e-26, 1.28276e-23, 0, 0, 1.93446e-12, 0, 0, 1.93446e-12, 2.82225e-06, 0, 17.7753, 0.937533, 149.692, 458.586
697, 1.97569e-08, 5.7438e-26, 1.40261e-23, 0, 0, 2.01353e-12, 0, 0, 2.01353e-12, 2.90502e-06, 0, 17.7398, 0.937399, 148.652, 458.409
698, 1.98047e-08, 5.98628e-26, 1.54019e-23, 0, 0, 2.01379e-12, 0, 0, 2.01379e-12, 2.89024e-06, 0, 17.7373, 0.937258, 147.516, 457.826
699, 1.92909e-08, 8.79036e-26, 1.69632e-23, 0, 0, 1.95482e-12, 0, 0, 1.95482e-12, 2.80445e-06, 0, 17.7636, 0.937064, 146.957, 456.943
700, 1.89154e-08, 1.08963e-25, 1.86511e-23, 0, 0, 1.89975e-12, 0, 0, 1.89975e-12, 2.7247e-06, 0, 17.7833, 0.936701, 145.594, 456.073
701, 1.88473e-08, 1.17956e-25, 2.04604e-23, 0, 0, 1.88478e-12, 0, 0, 1.88478e-12, 2.69616e-06, 0, 17.7869, 0.93609, 144.391, 455.415
702, 1.89557e-08, 1.22333e-25, 2.24147e-23, 0, 0, 1.91429e-12, 0, 0, 1.91429e-12, 2.72374e-06, 0, 17.7812, 0.935312, 144.834, 454.995
703, 1.92401e-08, 1.15635e-25, 2.45205e-23, 0, 0, 1.96875e-12, 0, 0, 1.96875e-12, 2.78199e-06, 0, 17.7663, 0.93448, 145.836, 454.703
704, 1.95093e-08, 1.04802e-25, 2.68209e-23, 0, 0, 2.01078e-12, 0, 0, 2.01078e-12, 2.82781e-06, 0, 17.7524, 0.933639, 146.285, 454.342
705, 1.95853e-08, 1.0233e-25, 2.93634e-23, 0, 0, 2.02174e-12, 0, 0, 2.02174e-12, 2.83914e-06, 0, 17.7485, 0.932801, 146.264, 453.824
706, 1.96445e-08, 9.96468e-26, 3.21371e-23, 0, 0, 2.02664e-12, 0, 0, 2.02664e-12, 2.84283e-06, 0, 17.7455, 0.93196, 145.995, 453.277
707, 1.97899e-08, 9.12852e-26, 3.51455e-23, 0, 0, 2.04e-12, 0, 0, 2.04e-12, 2.85496e-06, 0, 17.7381, 0.93112, 145.571, 452.773
708, 1.99278e-08, 8.43962e-26, 3.84309e-23, 0, 0, 2.05389e-12, 0, 0, 2.05389e-12, 2.86601e-06, 0, 17.7312, 0.930279, 145.131, 452.273
709, 2.00196e-08, 8.11573e-26, 4.20258e-23, 0, 0, 2.06339e-12, 0, 0, 2.06339e-12, 2.87128e-06, 0, 17.7266, 0.929439, 144.718, 451.753
710, 2.00661e-08, 8.06748e-26, 4.59569e-23, 0, 0, 2.06507e-12, 0, 0, 2.06507e-12, 2.8684e-06, 0, 17.7242, 0.9286, 144.224, 451.195
711, 2.01097e-08, 8.01868e-26, 5.02427e-23, 0, 0, 2.06151e-12, 0, 0, 2.06151e-12, 2.85863e-06, 0, 17.7221, 0.92776, 143.413, 450.614
712, 2.01221e-08, 8.41504e-26, 5.49292e-23, 0, 0, 2.05997e-12, 0, 0, 2.05997e-12, 2.85313e-06, 0, 17.7214, 0.92692, 143.01, 450.044
713, 2.00189e-08, 1.03572e-25, 6.00868e-23, 0, 0, 2.05015e-12, 0, 0, 2.05015e-12, 2.84198e-06, 0, 17.7266, 0.926081, 143.142, 449.436
714, 1.97581e-08, 1.55556e-25, 6.57921e-23, 0, 0, 2.02091e-12, 0, 0, 2.02091e-12, 2.80889e-06, 0, 17.7397, 0.925241, 143.342, 448.733
715, 1.9153e-08, 3.23756e-25, 7.22319e-23, 0, 0, 1.95187e-12, 0, 0, 1.95187e-12, 2.72432e-06, 0, 17.7708, 0.9244, 143.435, 447.828
716, 1.77226e-08, 8.77664e-25, 7.98019e-23, 0, 0, 1.79218e-12, 0, 0, 1.79218e-12, 2.51931e-06, 0, 17.8484, 0.923559, 143.339, 446.424
717, 1.54403e-08, 2.07742e-24, 8.85839e-23, 0, 0, 1.5424e-12, 0, 0, 1.5424e-12, 2.19161e-06, 0, 17.9863, 0.92272, 143.109, 444.388
718, 1.35235e-08, 3.57819e-24, 9.78191e-23, 0, 0, 1.3325e-12, 0, 0, 1.3325e-12, 1.91103e-06, 0, 18.1188, 0.92188, 142.547, 442.405
719, 1.27417e-08, 4.53073e-24, 1.07143e-22, 0, 0, 1.24145e-12, 0, 0, 1.24145e-12, 1.78781e-06, 0, 18.1784, 0.921039, 141.664, 441.168
720, 1.31856e-08, 4.36375e-24, 1.16478e-22, 0, 0, 1.28412e-12, 0, 0, 1.28412e-12, 1.84194e-06, 0, 18.1441, 0.9202, 140.874, 440.951
721, 1.48169e-08, 3.27582e-24, 1.25656e-22, 0, 0, 1.46273e-12, 0, 0, 1.46273e-12, 2.06789e-06, 0, 18.0275, 0.91936, 140.41, 441.677
722, 1.61287e-08, 2.55433e-24, 1.35994e-22, 0, 0, 1.6109e-12, 0, 0, 1.6109e-12, 2.24966e-06, 0, 17.9427, 0.918521, 140.333, 442.077
723, 1.56886e-08, 3.41874e-24, 1.48909e-22, 0, 0, 1.56818e-12, 0, 0, 1.56818e-12, 2.18721e-06, 0, 17.9703, 0.917688, 140.448, 441.27
724, 1.45346e-08, 4.83186e-24, 1.63644e-22, 0, 0, 1.44142e-12, 0, 0, 1.44142e-12, 2.01964e-06, 0, 18.0467, 0.916895, 140.098, 439.906
725, 1.40418e-08, 5.3469e-24, 1.79015e-22, 0, 0, 1.38088e-12, 0, 0, 1.38088e-12, 1.93879e-06, 0, 18.0812, 0.916237, 139.266, 438.949
726, 1.4092e-08, 5.36481e-24, 1.9507e-22, 0, 0, 1.38258e-12, 0, 0, 1.38258e-12, 1.93953e-06, 0, 18.0777, 0.915775, 138.702, 438.423
727, 1.42259e-08, 5.59932e-24, 2.12312e-22, 0, 0, 1.40031e-12, 0, 0, 1.40031e-12, 1.9602e-06, 0, 18.0682, 0.915447, 138.751, 438.011
728, 1.44023e-08, 5.77505e-24, 2.3098e-22, 0, 0, 1.42193e-12, 0, 0, 1.42193e-12, 1.98339e-06, 0, 18.0559, 0.915161, 138.668, 437.624
729, 1.461e-08, 5.76209e-24, 2.51284e-22, 0, 0, 1.44373e-12, 0, 0, 1.44373e-12, 2.00641e-06, 0, 18.0416, 0.914882, 138.209, 437.237
730, 1.47461e-08, 5.75381e-24, 2.73404e-22, 0, 0, 1.45951e-12, 0, 0, 1.45951e-12, 2.02433e-06, 0, 18.0323, 0.914599, 138.132, 436.81
731, 1.51255e-08, 5.41832e-24, 2.96694e-22, 0, 0, 1.50363e-12, 0, 0, 1.50363e-12, 2.07726e-06, 0, 18.0069, 0.914319, 138.259, 436.567
732, 1.60328e-08, 4.43548e-24, 3.20522e-22, 0, 0, 1.60843e-12, 0, 0, 1.60843e-12, 2.20077e-06, 0, 17.9486, 0.914041, 138.191, 436.689
733, 1.713e-08, 3.24596e-24, 3.45746e-22, 0, 0, 1.73321e-12, 0, 0, 1.73321e-12, 2.34754e-06, 0, 17.8824, 0.913759, 137.91, 436.885
734, 1.78291e-08, 2.49681e-24, 3.74058e-22, 0, 0, 1.80605e-12, 0, 0, 1.80605e-12, 2.43442e-06, 0, 17.8424, 0.91348, 137.35, 436.757
735, 1.80311e-08, 2.28415e-24, 4.06123e-22, 0, 0, 1.81469e-12, 0, 0, 1.81469e-12, 2.44734e-06, 0, 17.8312, 0.913199, 136.534, 436.275
736, 1.80305e-08, 2.33021e-24, 4.41436e-22, 0, 0, 1.80139e-12, 0, 0, 1.80139e-12, 2.43488e-06, 0, 17.8312, 0.91292, 135.912, 435.677
737, 1.81824e-08, 2.23063e-24, 4.79065e-22, 0, 0, 1.81535e-12, 0, 0, 1.81535e-12, 2.45317e-06, 0, 17.8228, 0.912639, 135.815, 435.227
738, 1.84889e-08, 1.94009e-24, 5.19212e-22, 0, 0, 1.84723e-12, 0, 0, 1.84723e-12, 2.49079e-06, 0, 17.8061, 0.91236, 135.617, 434.871
739, 1.87641e-08, 1.66209e-24, 5.62753e-22, 0, 0, 1.87025e-12, 0, 0, 1.87025e-12, 2.51711e-06, 0, 17.7913, 0.91208, 135.044, 434.469
740, 1.90405e-08, 1.32377e-24, 6.09753e-22, 0, 0, 1.89276e-12, 0, 0, 1.89276e-12, 2.54364e-06, 0, 17.7767, 0.911799, 134.462, 434.063
741, 1.92927e-08, 9.74151e-25, 6.60679e-22, 0, 0, 1.91188e-12, 0, 0, 1.91188e-12, 2.56774e-06, 0, 17.7635, 0.91152, 133.917, 433.64
742, 1.94526e-08, 7.31914e-25, 7.16215e-22, 0, 0, 1.92331e-12, 0, 0, 1.92331e-12, 2.58472e-06, 0, 17.7553, 0.91124, 133.673, 433.178
743, 1.95658e-08, 5.33753e-25, 7.76511e-22, 0, 0, 1.93584e-12, 0, 0, 1.93584e-12, 2.60465e-06, 0, 17.7495, 0.91096, 133.937, 432.723
744, 1.96424e-08, 3.75663e-25, 8.41953e-22, 0, 0, 1.9413e-12, 0, 0, 1.9413e-12, 2.61626e-06, 0, 17.7456, 0.91068, 134.022, 432.234
745, 1.96703e-08, 2.85383e-25, 9.13058e-22, 0, 0, 1.9363e-12, 0, 0, 1.9363e-12, 2.61507e-06, 0, 17.7442, 0.910399, 133.774, 431.694
746, 1.96714e-08, 2.32917e-25, 9.90151e-22, 0, 0, 1.92792e-12, 0, 0, 1.92792e-12, 2.60895e-06, 0, 17.7441, 0.91012, 133.454, 431.138
747, 1.96623e-08, 1.95525e-25, 1.07359e-21, 0, 0, 1.91969e-12, 0, 0, 1.91969e-12, 2.60093e-06, 0, 17.7446, 0.909839, 133.102, 430.584
748, 1.96477e-08, 1.68795e-25, 1.16387e-21, 0, 0, 1.9138e-12, 0, 0, 1.9138e-12, 2.59295e-06, 0, 17.7453, 0.909558, 132.786, 430.043
749, 1.96281e-08, 1.55594e-25, 1.26153e-21, 0, 0, 1.91176e-12, 0, 0, 1.91176e-12, 2.58667e-06, 0, 17.7463, 0.909275, 132.586, 429.523
750, 1.96052e-08, 1.5599e-25, 1.36715e-21, 0, 0, 1.91262e-12, 0, 0, 1.91262e-12, 2.58108e-06, 0, 17.7475, 0.908983, 132.439, 429.019
751, 1.95853e-08, 1.55354e-25, 1.48124e-21, 0, 0, 1.91502e-12, 0, 0, 1.91502e-12, 2.57516e-06, 0, 17.7485, 0.908676, 132.252, 428.523
752, 1.957e-08, 1.45809e-25, 1.60447e-21, 0, 0, 1.91796e-12, 0, 0, 1.91796e-12, 2.56882e-06, 0, 17.7493, 0.908359, 132.01, 428.032
753, 1.95543e-08, 1.38099e-25, 1.73759e-21, 0, 0, 1.91988e-12, 0, 0, 1.91988e-12, 2.56116e-06, 0, 17.7501, 0.908039, 131.703, 427.537
754, 1.95349e-08, 1.39323e-25, 1.8814e-21, 0, 0, 1.91987e-12, 0, 0, 1.91987e-12, 2.55194e-06, 0, 17.7511, 0.90772, 131.342, 427.033
755, 1.95119e-08, 1.47391e-25, 2.03668e-21, 0, 0, 1.91843e-12, 0, 0, 1.91843e-12, 2.54238e-06, 0, 17.7522, 0.907399, 130.988, 426.523
756, 1.94786e-08, 2.95362e-25, 2.20439e-21, 0, 0, 1.91457e-12, 0, 0, 1.91457e-12, 2.53187e-06, 0, 17.754, 0.907079, 130.654, 426.003
757, 1.9321e-08, 3.30572e-24, 2.38715e-21, 0, 0, 1.89078e-12, 0, 0, 1.89078e-12, 2.5025e-06, 0, 17.7621, 0.906759, 130.176, 425.384
758, 1.82481e-08, 3.10713e-23, 2.59624e-21, 0, 0, 1.75264e-12, 0, 0, 1.75264e-12, 2.35097e-06, 0, 17.8192, 0.906441, 129.484, 424.166
759, 1.44658e-08, 1.42662e-22, 2.85159e-21, 0, 0, 1.31761e-12, 0, 0, 1.31761e-12, 1.85635e-06, 0, 18.0515, 0.90612, 129.09, 420.985
760, 8.74787e-09, 3.2502e-22, 3.14001e-21, 0, 0, 6.8443e-13, 0, 0, 6.8443e-13, 1.12184e-06, 0, 18.5545, 0.905799, 129.089, 414.462
761, 6.03162e-09, 4.06086e-22, 3.41633e-21, 0, 0, 3.26579e-13, 0, 0, 3.26579e-13, 7.73282e-07, 0, 18.9262, 0.90548, 128.975, 407.376
762, 6.92592e-09, 3.66306e-22, 3.68097e-21, 0, 0, 3.03978e-13, 0, 0, 3.03978e-13, 8.86899e-07, 0, 18.788, 0.905161, 128.786, 406.272
763, 7.75185e-09, 3.56522e-22, 3.9642e-21, 0, 0, 3.25625e-13, 0, 0, 3.25625e-13, 9.90776e-07, 0, 18.6753, 0.90484, 128.573, 406.398
764, 8.60144e-09, 3.5365e-22, 4.26853e-21, 0, 0, 3.95999e-13, 0, 0, 3.95999e-13, 1.09409e-06, 0, 18.5713, 0.90452, 128.094, 407.643
765, 1.0646e-08, 2.89665e-22, 4.58813e-21, 0, 0, 6.05978e-13, 0, 0, 6.05978e-13, 1.34251e-06, 0, 18.3581, 0.904199, 126.899, 410.953
766, 1.32226e-08, 1.92878e-22, 4.92591e-21, 0, 0, 9.10256e-13, 0, 0, 9.10256e-13, 1.65559e-06, 0, 18.1413, 0.903879, 125.291, 414.158
767, 1.54615e-08, 1.081e-22, 5.28446e-21, 0, 0, 1.21584e-12, 0, 0, 1.21584e-12, 1.93075e-06, 0, 17.9849, 0.90356, 124.657, 416.335
768, 1.70134e-08, 5.23e-23, 5.6691e-21, 0, 0, 1.4464e-12, 0, 0, 1.4464e-12, 2.11902e-06, 0, 17.8893, 0.90324, 124.833, 417.463
769, 1.79343e-08, 2.23749e-23, 6.08754e-21, 0, 0, 1.58625e-12, 0, 0, 1.58625e-12, 2.2302e-06, 0, 17.8365, 0.90292, 124.976, 417.84
770, 1.84449e-08, 8.85327e-24, 6.54585e-21, 0, 0, 1.65809e-12, 0, 0, 1.65809e-12, 2.28826e-06, 0, 17.8085, 0.902601, 124.728, 417.771
771, 1.87118e-08, 3.53698e-24, 7.04807e-21, 0, 0, 1.68934e-12, 0, 0, 1.68934e-12, 2.31333e-06, 0, 17.7941, 0.90228, 124.274, 417.464
772, 1.88155e-08, 1.77044e-24, 7.59607e-21, 0, 0, 1.70223e-12, 0, 0, 1.70223e-12, 2.32709e-06, 0, 17.7886, 0.90196, 124.301, 417.055
773, 1.88355e-08, 1.25674e-24, 8.1894e-21, 0, 0, 1.70781e-12, 0, 0, 1.70781e-12, 2.33705e-06, 0, 17.7875, 0.901641, 124.688, 416.606
774, 1.88298e-08, 1.04661e-24, 8.82862e-21, 0, 0, 1.70106e-12, 0, 0, 1.70106e-12, 2.33246e-06, 0, 17.7878, 0.901338, 124.475, 416.091
775, 1.8815e-08, 9.26466e-25, 9.51649e-21, 0, 0, 1.68749e-12, 0, 0, 1.68749e-12, 2.32072e-06, 0, 17.7886, 0.901079, 123.945, 415.54
776, 1.87941e-08, 8.76973e-25, 1.02567e-20, 0, 0, 1.67712e-12, 0, 0, 1.67712e-12, 2.31454e-06, 0, 17.7897, 0.900885, 123.754, 415.007
777, 1.87686e-08, 8.99669e-25, 1.10531e-20, 0, 0, 1.66326e-12, 0, 0, 1.66326e-12, 2.30333e-06, 0, 17.7911, 0.900735, 123.323, 414.456
778, 1.87394e-08, 1.00564e-24, 1.19094e-20, 0, 0, 1.64828e-12, 0, 0, 1.64828e-12, 2.28948e-06, 0, 17.7926, 0.900601, 122.775, 413.899
779, 1.87076e-08, 1.18759e-24, 1.28294e-20, 0, 0, 1.64031e-12, 0, 0, 1.64031e-12, 2.28349e-06, 0, 17.7943, 0.900467, 122.66, 413.382
780, 1.86749e-08, 1.40952e-24, 1.38177e-20, 0, 0, 1.63908e-12, 0, 0, 1.63908e-12, 2.28423e-06, 0, 17.7961, 0.900333, 122.911, 412.905
781, 1.86407e-08, 1.70212e-24, 1.48796e-20, 0, 0, 1.63794e-12, 0, 0, 1.63794e-12, 2.28264e-06, 0, 17.7979, 0.900199, 123.042, 412.429
782, 1.86001e-08, 2.27321e-24, 1.60212e-20, 0, 0, 1.63139e-12, 0, 0, 1.63139e-12, 2.27187e-06, 0, 17.8001, 0.900066, 122.718, 411.923
783, 1.85451e-08, 3.551e-24, 1.72499e-20, 0, 0, 1.61926e-12, 0, 0, 1.61926e-12, 2.25235e-06, 0, 17.8031, 0.899934, 122.012, 411.387
784, 1.84668e-08, 6.06816e-24, 1.85736e-20, 0, 0, 1.6076e-12, 0, 0, 1.6076e-12, 2.23351e-06, 0, 17.8073, 0.8998, 121.494, 410.855
785, 1.83514e-08, 1.08827e-23, 2.00028e-20, 0, 0, 1.59873e-12, 0, 0, 1.59873e-12, 2.22024e-06, 0, 17.8136, 0.899667, 121.519, 410.339
786, 1.81557e-08, 2.09558e-23, 2.15553e-20, 0, 0, 1.57941e-12, 0, 0, 1.57941e-12, 2.19643e-06, 0, 17.8243, 0.899534, 121.496, 409.764
787, 1.78852e-08, 3.69809e-23, 2.32397e-20, 0, 0, 1.54722e-12, 0, 0, 1.54722e-12, 2.1581e-06, 0, 17.8393, 0.899401, 121.169, 409.113
788, 1.75917e-08, 5.79747e-23, 2.5056e-20, 0, 0, 1.5124e-12, 0, 0, 1.5124e-12, 2.11688e-06, 0, 17.8558, 0.899267, 120.828, 408.444
789, 1.72744e-08, 8.51719e-23, 2.70142e-20, 0, 0, 1.47687e-12, 0, 0, 1.47687e-12, 2.07481e-06, 0, 17.874, 0.899133, 120.59, 407.767
790, 1.70834e-08, 1.05043e-22, 2.90787e-20, 0, 0, 1.45266e-12, 0, 0, 1.45266e-12, 2.04481e-06, 0, 17.8852, 0.899, 120.183, 407.158
791, 1.71123e-08, 1.06982e-22, 3.12289e-20, 0, 0, 1.44447e-12, 0, 0, 1.44447e-12, 2.0317e-06, 0, 17.8835, 0.898867, 119.248, 406.65
792, 1.72226e-08, 1.00976e-22, 3.35072e-20, 0, 0, 1.44131e-12, 0, 0, 1.44131e-12, 2.02284e-06, 0, 17.877, 0.898732, 118.002, 406.174
793, 1.74071e-08, 8.54571e-23, 3.59165e-20, 0, 0, 1.44926e-12, 0, 0, 1.44926e-12, 2.02707e-06, 0, 17.8664, 0.8986, 116.99, 405.769
794, 1.75835e-08, 6.93787e-23, 3.85033e-20, 0, 0, 1.46058e-12, 0, 0, 1.46058e-12, 2.03774e-06, 0, 17.8563, 0.898466, 116.403, 405.385
795, 1.74213e-08, 9.19623e-23, 4.14174e-20, 0, 0, 1.44815e-12, 0, 0, 1.44815e-12, 2.02667e-06, 0, 17.8656, 0.898333, 116.848, 404.855
796, 1.70139e-08, 1.4399e-22, 4.46376e-20, 0, 0, 1.4161e-12, 0, 0, 1.4161e-12, 1.99604e-06, 0, 17.8892, 0.898199, 117.809, 404.201
797, 1.69033e-08, 1.58553e-22, 4.79436e-20, 0, 0, 1.40634e-12, 0, 0, 1.40634e-12, 1.98867e-06, 0, 17.8958, 0.898066, 118.108, 403.688
798, 1.70593e-08, 1.4093e-22, 5.13651e-20, 0, 0, 1.41967e-12, 0, 0, 1.41967e-12, 2.00632e-06, 0, 17.8866, 0.897935, 118.047, 403.324
799, 1.70479e-08, 1.51e-22, 5.51221e-20, 0, 0, 1.41548e-12, 0, 0, 1.41548e-12, 2.00411e-06, 0, 17.8872, 0.8978, 117.982, 402.849
800, 1.68306e-08, 1.96847e-22, 5.92588e-20, 0, 0, 1.38977e-12, 0, 0, 1.38977e-12, 1.97671e-06, 0, 17.9001, 0.897666, 117.865, 402.237
801, 1.66197e-08, 2.4241e-22, 6.36823e-20, 0, 0, 1.36326e-12, 0, 0, 1.36326e-12, 1.9485e-06, 0, 17.9127, 0.897533, 117.657, 401.618
802, 1.65267e-08, 2.65019e-22, 6.83416e-20, 0, 0, 1.34511e-12, 0, 0, 1.34511e-12, 1.93092e-06, 0, 17.9183, 0.8974, 117.258, 401.053
803, 1.65322e-08, 2.72968e-22, 7.32576e-20, 0, 0, 1.3366e-12, 0, 0, 1.3366e-12, 1.92262e-06, 0, 17.918, 0.897267, 116.726, 400.552
804, 1.66644e-08, 2.58849e-22, 7.84121e-20, 0, 0, 1.34566e-12, 0, 0, 1.34566e-12, 1.93268e-06, 0, 17.91, 0.897133, 116.405, 400.17
805, 1.69152e-08, 2.16262e-22, 8.38168e-20, 0, 0, 1.37014e-12, 0, 0, 1.37014e-12, 1.96114e-06, 0, 17.8951, 0.897, 116.356, 399.89
806, 1.71072e-08, 1.81766e-22, 8.96404e-20, 0, 0, 1.38515e-12, 0, 0, 1.38515e-12, 1.98022e-06, 0, 17.8838, 0.896867, 116.164, 399.547
807, 1.71081e-08, 1.87599e-22, 9.60334e-20, 0, 0, 1.37592e-12, 0, 0, 1.37592e-12, 1.97383e-06, 0, 17.8837, 0.896733, 115.784, 399.047
808, 1.6946e-08, 2.36599e-22, 1.03035e-19, 0, 0, 1.34865e-12, 0, 0, 1.34865e-12, 1.94864e-06, 0, 17.8932, 0.8966, 115.405, 398.43
809, 1.66452e-08, 3.37006e-22, 1.10696e-19, 0, 0, 1.30791e-12, 0, 0, 1.30791e-12, 1.90745e-06, 0, 17.9111, 0.896466, 115.019, 397.72
810, 1.62326e-08, 5.05548e-22, 1.19064e-19, 0, 0, 1.26065e-12, 0, 0, 1.26065e-12, 1.85638e-06, 0, 17.9362, 0.896333, 114.798, 396.957
811, 1.56722e-08, 8.00947e-22, 1.28262e-19, 0, 0, 1.20502e-12, 0, 0, 1.20502e-12, 1.79147e-06, 0, 17.9714, 0.8962, 114.742, 396.123
812, 1.4891e-08, 1.37629e-21, 1.38483e-19, 0, 0, 1.13192e-12, 0, 0, 1.13192e-12, 1.70008e-06, 0, 18.0225, 0.896067, 114.597, 395.137
813, 1.3837e-08, 2.4506e-21, 1.49895e-19, 0, 0, 1.03839e-12, 0, 0, 1.03839e-12, 1.57736e-06, 0, 18.0959, 0.895933, 114.414, 393.947
814, 1.27032e-08, 3.98383e-21, 1.62199e-19, 0, 0, 9.39502e-13, 0, 0, 9.39502e-13, 1.44548e-06, 0, 18.1814, 0.895799, 114.197, 392.642
815, 1.17608e-08, 5.95781e-21, 1.74792e-19, 0, 0, 8.56405e-13, 0, 0, 8.56405e-13, 1.33497e-06, 0, 18.2585, 0.895666, 113.918, 391.409
816, 1.11674e-08, 8.14445e-21, 1.8733e-19, 0, 0, 8.02118e-13, 0, 0, 8.02118e-13, 1.26347e-06, 0, 18.3103, 0.895533, 113.564, 390.415
817, 1.10689e-08, 9.33271e-21, 2.00031e-19, 0, 0, 7.85527e-13, 0, 0, 7.85528e-13, 1.24431e-06, 0, 18.3191, 0.8954, 112.897, 389.81
818, 1.13968e-08, 9.1266e-21, 2.13263e-19, 0, 0, 7.97153e-13, 0, 0, 7.97153e-13, 1.26492e-06, 0, 18.2899, 0.895266, 111.629, 389.513
819, 1.20384e-08, 8.15389e-21, 2.26835e-19, 0, 0, 8.34513e-13, 0, 0, 8.34513e-13, 1.3184e-06, 0, 18.2352, 0.895133, 110.371, 389.485
820, 1.29667e-08, 6.49109e-21, 2.40625e-19, 0, 0, 9.0592e-13, 0, 0, 9.0592e-13, 1.41368e-06, 0, 18.1609, 0.895, 109.917, 389.772
821, 1.35426e-08, 5.66882e-21, 2.56178e-19, 0, 0, 9.55393e-13, 0, 0, 9.55394e-13, 1.47758e-06, 0, 18.1174, 0.894867, 109.937, 389.811
822, 1.2654e-08, 8.86408e-21, 2.76156e-19, 0, 0, 8.92439e-13, 0, 0, 8.92439e-13, 1.387e-06, 0, 18.1853, 0.894733, 110.473, 388.8
823, 1.1451e-08, 1.28158e-20, 2.97896e-19, 0, 0, 8.08848e-13, 0, 0, 8.08848e-13, 1.26728e-06, 0, 18.2852, 0.8946, 111.35, 387.533
824, 1.21498e-08, 1.09762e-20, 3.1601e-19, 0, 0, 8.6952e-13, 0, 0, 8.6952e-13, 1.34925e-06, 0, 18.226, 0.894467, 111.535, 387.737
825, 1.35719e-08, 7.16986e-21, 3.33449e-19, 0, 0, 9.81404e-13, 0, 0, 9.81404e-13, 1.50408e-06, 0, 18.1153, 0.894333, 111.239, 388.363
826, 1.39725e-08, 6.37407e-21, 3.55101e-19, 0, 0, 1.01157e-12, 0, 0, 1.01157e-12, 1.54725e-06, 0, 18.0862, 0.894199, 111.107, 388.207
827, 1.35906e-08, 8.02845e-21, 3.80692e-19, 0, 0, 9.80242e-13, 0, 0, 9.80242e-13, 1.50514e-06, 0, 18.1139, 0.894065, 111.089, 387.518
828, 1.30479e-08, 1.05624e-20, 4.08368e-19, 0, 0, 9.36043e-13, 0, 0, 9.36044e-13, 1.44331e-06, 0, 18.1546, 0.893933, 110.941, 386.705
829, 1.29744e-08, 1.14764e-20, 4.36004e-19, 0, 0, 9.30343e-13, 0, 0, 9.30344e-13, 1.43207e-06, 0, 18.1603, 0.8938, 110.704, 386.237
830, 1.32777e-08, 1.06939e-20, 4.6409e-19, 0, 0, 9.53825e-13, 0, 0, 9.53825e-13, 1.46172e-06, 0, 18.1372, 0.893667, 110.416, 386.038
831, 1.35445e-08, 1.00947e-20, 4.94072e-19, 0, 0, 9.70875e-13, 0, 0, 9.70876e-13, 1.48369e-06, 0, 18.1173, 0.893534, 109.878, 385.778
832, 1.37108e-08, 9.99315e-21, 5.26205e-19, 0, 0, 9.7456e-13, 0, 0, 9.7456e-13, 1.48623e-06, 0, 18.1051, 0.893399, 108.753, 385.398
833, 1.39725e-08, 8.90702e-21, 5.59789e-19, 0, 0, 9.84739e-13, 0, 0, 9.84739e-13, 1.49933e-06, 0, 18.0862, 0.893267, 107.638, 385.076
834, 1.43823e-08, 7.01162e-21, 5.94484e-19, 0, 0, 1.01631e-12, 0, 0, 1.01631e-12, 1.5428e-06, 0, 18.0573, 0.893134, 107.579, 384.937
835, 1.48048e-08, 5.51374e-21, 6.31053e-19, 0, 0, 1.05418e-12, 0, 0, 1.05418e-12, 1.59364e-06, 0, 18.0283, 0.893001, 107.976, 384.841
836, 1.50669e-08, 4.78081e-21, 6.70836e-19, 0, 0, 1.07542e-12, 0, 0, 1.07542e-12, 1.62202e-06, 0, 18.0108, 0.892868, 107.988, 384.604
837, 1.52816e-08, 4.19394e-21, 7.1316e-19, 0, 0, 1.08733e-12, 0, 0, 1.08733e-12, 1.63983e-06, 0, 17.9966, 0.892733, 107.59, 384.29
838, 1.55091e-08, 3.46992e-21, 7.57798e-19, 0, 0, 1.09486e-12, 0, 0, 1.09486e-12, 1.65289e-06, 0, 17.9818, 0.892599, 106.783, 383.942
839, 1.57388e-08, 2.79741e-21, 8.0512e-19, 0, 0, 1.10391e-12, 0, 0, 1.10391e-12, 1.66652e-06, 0, 17.9671, 0.892467, 106.059, 383.606
840, 1.5872e-08, 2.49861e-21, 8.56359e-19, 0, 0, 1.11237e-12, 0, 0, 1.11238e-12, 1.67965e-06, 0, 17.9587, 0.892334, 106.061, 383.266
841, 1.59237e-08, 2.42887e-21, 9.11483e-19, 0, 0, 1.113e-12, 0, 0, 1.113e-12, 1.68274e-06, 0, 17.9555, 0.892201, 105.995, 382.866
842, 1.60494e-08, 2.12881e-21, 9.69109e-19, 0, 0, 1.11696e-12, 0, 0, 1.11697e-12, 1.68877e-06, 0, 17.9476, 0.892067, 105.559, 382.493
843, 1.6172e-08, 1.81689e-21, 1.0304e-18, 0, 0, 1.11925e-12, 0, 0, 1.11925e-12, 1.69276e-06, 0, 17.94, 0.891933, 104.979, 382.108
844, 1.62353e-08, 1.64082e-21, 1.0961e-18, 0, 0, 1.11817e-12, 0, 0, 1.11817e-12, 1.69318e-06, 0, 17.9361, 0.8918, 104.569, 381.697
845, 1.63404e-08, 1.32692e-21, 1.16524e-18, 0, 0, 1.12821e-12, 0, 0, 1.12822e-12, 1.70779e-06, 0, 17.9296, 0.891666, 104.787, 381.373
846, 1.64337e-08, 1.04339e-21, 1.23883e-18, 0, 0, 1.13176e-12, 0, 0, 1.13176e-12, 1.7131e-06, 0, 17.9239, 0.891533, 104.535, 380.999
847, 1.64569e-08, 9.60245e-22, 1.31796e-18, 0, 0, 1.12326e-12, 0, 0, 1.12326e-12, 1.70439e-06, 0, 17.9225, 0.8914, 103.872, 380.535
848, 1.64181e-08, 1.06957e-21, 1.40289e-18, 0, 0, 1.11189e-12, 0, 0, 1.11189e-12, 1.69512e-06, 0, 17.9249, 0.891265, 103.551, 380.05
849, 1.63655e-08, 1.23126e-21, 1.49323e-18, 0, 0, 1.08117e-12, 0, 0, 1.08117e-12, 1.6569e-06, 0, 17.9281, 0.891119, 101.55, 379.415
850, 1.63102e-08, 1.43522e-21, 1.58924e-18, 0, 0, 1.04417e-12, 0, 0, 1.04417e-12, 1.60894e-06, 0, 17.9315, 0.890938, 98.9784, 378.723
851, 1.62305e-08, 1.75674e-21, 1.69155e-18, 0, 0, 1.04157e-12, 0, 0, 1.04157e-12, 1.61457e-06, 0, 17.9364, 0.890706, 99.8301, 378.306
852, 1.6194e-08, 1.87587e-21, 1.79909e-18, 0, 0, 1.04989e-12, 0, 0, 1.0499e-12, 1.63444e-06, 0, 17.9386, 0.890439, 101.258, 377.979
853, 1.62128e-08, 1.752e-21, 1.91206e-18, 0, 0, 1.01599e-12, 0, 0, 1.016e-12, 1.5846e-06, 0, 17.9375, 0.89016, 98.022, 377.309
854, 1.62177e-08, 1.70361e-21, 2.03216e-18, 0, 0, 9.50251e-13, 0, 0, 9.50253e-13, 1.48389e-06, 0, 17.9372, 0.88988, 91.7498, 376.353
855, 1.62288e-08, 1.59213e-21, 2.15919e-18, 0, 0, 9.52357e-13, 0, 0, 9.52359e-13, 1.48776e-06, 0, 17.9365, 0.8896, 91.9347, 375.981
856, 1.62511e-08, 1.39169e-21, 2.29359e-18, 0, 0, 1.01999e-12, 0, 0, 1.02e-12, 1.59282e-06, 0, 17.9351, 0.88932, 98.2947, 376.167
857, 1.62567e-08, 1.26988e-21, 2.43653e-18, 0, 0, 1.06216e-12, 0, 0, 1.06216e-12, 1.65826e-06, 0, 17.9348, 0.889039, 102.298, 376.118
858, 1.62564e-08, 1.1628e-21, 2.58814e-18, 0, 0, 1.06921e-12, 0, 0, 1.06921e-12, 1.66859e-06, 0, 17.9348, 0.888759, 102.933, 375.785
859, 1.62609e-08, 1.0152e-21, 2.7487e-18, 0, 0, 1.06173e-12, 0, 0, 1.06173e-12, 1.65543e-06, 0, 17.9345, 0.88848, 102.089, 375.337
860, 1.62628e-08, 8.7565e-22, 2.91893e-18, 0, 0, 1.05207e-12, 0, 0, 1.05208e-12, 1.63871e-06, 0, 17.9344, 0.8882, 101.042, 374.873
861, 1.62583e-08, 7.67802e-22, 3.09945e-18, 0, 0, 1.05122e-12, 0, 0, 1.05122e-12, 1.63628e-06, 0, 17.9347, 0.88792, 100.914, 374.48
862, 1.62454e-08, 7.07163e-22, 3.29097e-18, 0, 0, 1.05563e-12, 0, 0, 1.05564e-12, 1.64292e-06, 0, 17.9355, 0.88764, 101.396, 374.129
863, 1.62298e-08, 6.61658e-22, 3.49389e-18, 0, 0, 1.05687e-12, 0, 0, 1.05687e-12, 1.6446e-06, 0, 17.9364, 0.88736, 101.59, 373.754
864, 1.62143e-08, 6.16385e-22, 3.70881e-18, 0, 0, 1.04615e-12, 0, 0, 1.04616e-12, 1.62725e-06, 0, 17.9374, 0.88708, 100.605, 373.285
865, 1.61954e-08, 5.95555e-22, 3.93653e-18, 0, 0, 1.0037e-12, 0, 0, 1.00371e-12, 1.56095e-06, 0, 17.9385, 0.8868, 96.6084, 372.555
866, 1.61733e-08, 5.95414e-22, 4.17779e-18, 0, 0, 9.39141e-13, 0, 0, 9.39144e-13, 1.46103e-06, 0, 17.9399, 0.88652, 90.5465, 371.62
867, 1.61494e-08, 6.11527e-22, 4.43333e-18, 0, 0, 9.29202e-13, 0, 0, 9.29207e-13, 1.44646e-06, 0, 17.9414, 0.886239, 89.7833, 371.151
868, 1.61244e-08, 6.37577e-22, 4.70385e-18, 0, 0, 9.72203e-13, 0, 0, 9.72208e-13, 1.51473e-06, 0, 17.9429, 0.88596, 94.1627, 371.147
869, 1.60986e-08, 6.68883e-22, 4.99015e-18, 0, 0, 1.00048e-12, 0, 0, 1.00049e-12, 1.56088e-06, 0, 17.9445, 0.885679, 97.18, 371.006
870, 1.60723e-08, 7.15442e-22, 5.29323e-18, 0, 0, 1.01425e-12, 0, 0, 1.01426e-12, 1.58467e-06, 0, 17.9462, 0.885401, 98.8199, 370.741
871, 1.6047e-08, 7.70573e-22, 5.61393e-18, 0, 0, 1.02163e-12, 0, 0, 1.02163e-12, 1.59822e-06, 0, 17.9477, 0.885119, 99.8173, 370.423
872, 1.60233e-08, 8.32879e-22, 5.95321e-18, 0, 0, 1.02027e-12, 0, 0, 1.02027e-12, 1.59798e-06, 0, 17.9492, 0.884839, 99.9465, 370.035
873, 1.59977e-08, 9.47703e-22, 6.31238e-18, 0, 0, 1.01297e-12, 0, 0, 1.01298e-12, 1.58879e-06, 0, 17.9508, 0.884562, 99.528, 369.599
874, 1.59688e-08, 1.11843e-21, 6.69259e-18, 0, 0, 9.98686e-13, 0, 0, 9.98693e-13, 1.56914e-06, 0, 17.9526, 0.884296, 98.4715, 369.106
875, 1.59378e-08, 1.31137e-21, 7.0949e-18, 0, 0, 9.80744e-13, 0, 0, 9.80751e-13, 1.54409e-06, 0, 17.9546, 0.884067, 97.0876, 368.581
876, 1.59022e-08, 1.56901e-21, 7.52081e-18, 0, 0, 9.72541e-13, 0, 0, 9.72548e-13, 1.53476e-06, 0, 17.9568, 0.883896, 96.7188, 368.138
877, 1.5857e-08, 2.03682e-21, 7.97217e-18, 0, 0, 9.71621e-13, 0, 0, 9.71629e-13, 1.53745e-06, 0, 17.9597, 0.883763, 97.1659, 367.758
878, 1.58011e-08, 2.76863e-21, 8.45054e-18, 0, 0, 9.68921e-13, 0, 0, 9.6893e-13, 1.53814e-06, 0, 17.9632, 0.88364, 97.5535, 367.363
879, 1.57528e-08, 3.35947e-21, 8.95535e-18, 0, 0, 9.6232e-13, 0, 0, 9.62329e-13, 1.53299e-06, 0, 17.9662, 0.88352, 97.5224, 366.936
880, 1.57078e-08, 3.95162e-21, 9.48871e-18, 0, 0, 9.44409e-13, 0, 0, 9.44418e-13, 1.51078e-06, 0, 17.9691, 0.883401, 96.3874, 366.411
881, 1.56479e-08, 5.00953e-21, 1.00545e-17, 0, 0, 9.26566e-13, 0, 0, 9.26576e-13, 1.49097e-06, 0, 17.9729, 0.88328, 95.4995, 365.885
882, 1.55867e-08, 6.1419e-21, 1.06524e-17, 0, 0, 9.23766e-13, 0, 0, 9.23777e-13, 1.49657e-06, 0, 17.9768, 0.883161, 96.2287, 365.492
883, 1.55498e-08, 6.654e-21, 1.12806e-17, 0, 0, 9.2253e-13, 0, 0, 9.22541e-13, 1.50259e-06, 0, 17.9792, 0.88304, 96.8221, 365.114
884, 1.55196e-08, 7.22524e-21, 1.1944e-17, 0, 0, 9.15389e-13, 0, 0, 9.154e-13, 1.49543e-06, 0, 17.9812, 0.882921, 96.5325, 364.683
885, 1.54375e-08, 9.89194e-21, 1.26543e-17, 0, 0, 9.02076e-13, 0, 0, 9.02088e-13, 1.47834e-06, 0, 17.9865, 0.882801, 95.9457, 364.198
886, 1.53244e-08, 1.3763e-20, 1.34092e-17, 0, 0, 8.82129e-13, 0, 0, 8.82143e-13, 1.45405e-06, 0, 17.9938, 0.882679, 95.0917, 363.651
887, 1.52649e-08, 1.59868e-20, 1.41965e-17, 0, 0, 8.72233e-13, 0, 0, 8.72248e-13, 1.44558e-06, 0, 17.9977, 0.88256, 94.9184, 363.195
888, 1.52377e-08, 1.72576e-20, 1.50227e-17, 0, 0, 8.75115e-13, 0, 0, 8.75129e-13, 1.45364e-06, 0, 17.9995, 0.88244, 95.6077, 362.859
889, 1.52167e-08, 1.7841e-20, 1.58944e-17, 0, 0, 8.77007e-13, 0, 0, 8.77023e-13, 1.45791e-06, 0, 18.0009, 0.88232, 96.0132, 362.514
890, 1.51496e-08, 2.10466e-20, 1.68269e-17, 0, 0, 8.70576e-13, 0, 0, 8.70593e-13, 1.45043e-06, 0, 18.0053, 0.8822, 95.9412, 362.092
891, 1.4976e-08, 3.28816e-20, 1.78409e-17, 0, 0, 8.54496e-13, 0, 0, 8.54513e-13, 1.42941e-06, 0, 18.0168, 0.88208, 95.6462, 361.58
892, 1.45668e-08, 6.77078e-20, 1.89802e-17, 0, 0, 8.21196e-13, 0, 0, 8.21215e-13, 1.38436e-06, 0, 18.0445, 0.88196, 95.2417, 360.899
893, 1.38793e-08, 1.40586e-19, 2.02673e-17, 0, 0, 7.71025e-13, 0, 0, 7.71046e-13, 1.31483e-06, 0, 18.0929, 0.88184, 94.9585, 360.032
894, 1.30234e-08, 2.69507e-19, 2.16789e-17, 0, 0, 7.13603e-13, 0, 0, 7.13625e-13, 1.23219e-06, 0, 18.1565, 0.88172, 94.8437, 359.054
895, 1.19568e-08, 5.02749e-19, 2.32231e-17, 0, 0, 6.44552e-13, 0, 0, 6.44576e-13, 1.13033e-06, 0, 18.242, 0.8816, 94.7565, 357.884
896, 1.08551e-08, 8.28324e-19, 2.48405e-17, 0, 0, 5.74016e-13, 0, 0, 5.74042e-13, 1.02538e-06, 0, 18.3386, 0.881481, 94.6596, 356.609
897, 1.00668e-08, 1.158e-18, 2.64248e-17, 0, 0, 5.23734e-13, 0, 0, 5.23762e-13, 9.49261e-07, 0, 18.414, 0.88136, 94.4749, 355.532
898, 9.47049e-09, 1.55538e-18, 2.79854e-17, 0, 0, 4.86173e-13, 0, 0, 4.86202e-13, 8.89894e-07, 0, 18.4751, 0.881237, 94.1272, 354.595
899, 8.88562e-09, 1.98663e-18, 2.96232e-17, 0, 0, 4.47216e-13, 0, 0, 4.47248e-13, 8.27874e-07, 0, 18.5388, 0.881104, 93.3528, 353.591
900, 8.77909e-09, 2.09355e-18, 3.13235e-17, 0, 0, 4.30305e-13, 0, 0, 4.30339e-13, 8.05376e-07, 0, 18.5509, 0.880932, 92.0275, 352.94
901, 8.99245e-09, 2.00256e-18, 3.30625e-17, 0, 0, 4.30296e-13, 0, 0, 4.30331e-13, 8.12239e-07, 0, 18.5269, 0.880705, 90.7383, 352.592
902, 9.44508e-09, 1.87148e-18, 3.47352e-17, 0, 0, 4.51752e-13, 0, 0, 4.51788e-13, 8.52306e-07, 0, 18.4778, 0.880438, 90.5786, 352.623
903, 1.04298e-08, 1.45387e-18, 3.63459e-17, 0, 0, 5.1491e-13, 0, 0, 5.14948e-13, 9.54413e-07, 0, 18.3786, 0.880159, 91.6541, 353.298
904, 1.15077e-08, 9.3362e-19, 3.80643e-17, 0, 0, 5.84282e-13, 0, 0, 5.8432e-13, 1.0618e-06, 0, 18.2803, 0.87988, 92.4112, 353.942
905, 1.17528e-08, 8.29457e-19, 4.01642e-17, 0, 0, 5.97716e-13, 0, 0, 5.97758e-13, 1.08239e-06, 0, 18.2592, 0.8796, 92.1855, 353.774
906, 1.09825e-08, 1.28701e-18, 4.27413e-17, 0, 0, 5.46443e-13, 0, 0, 5.46488e-13, 1.0035e-06, 0, 18.327, 0.87932, 91.3811, 352.723
907, 9.77831e-09, 2.06414e-18, 4.56094e-17, 0, 0, 4.71653e-13, 0, 0, 4.71701e-13, 8.84791e-07, 0, 18.4431, 0.87904, 90.6834, 351.229
908, 9.00574e-09, 2.58073e-18, 4.85138e-17, 0, 0, 4.23421e-13, 0, 0, 4.23472e-13, 8.04051e-07, 0, 18.5254, 0.878761, 89.8342, 350.049
909, 8.78557e-09, 2.65562e-18, 5.14308e-17, 0, 0, 4.06222e-13, 0, 0, 4.06276e-13, 7.7421e-07, 0, 18.5502, 0.87848, 88.7693, 349.386
910, 8.8432e-09, 2.55845e-18, 5.4354e-17, 0, 0, 4.10202e-13, 0, 0, 4.10259e-13, 7.81365e-07, 0, 18.5436, 0.8782, 88.8161, 349.12
911, 9.08692e-09, 2.48946e-18, 5.71984e-17, 0, 0, 4.27947e-13, 0, 0, 4.28007e-13, 8.12735e-07, 0, 18.5164, 0.87792, 89.8344, 349.105
912, 9.03932e-09, 2.66839e-18, 6.03524e-17, 0, 0, 4.27225e-13, 0, 0, 4.27288e-13, 8.15493e-07, 0, 18.5217, 0.87764, 90.5957, 348.752
913, 8.46914e-09, 3.12215e-18, 6.41133e-17, 0, 0, 3.96593e-13, 0, 0, 3.96661e-13, 7.67852e-07, 0, 18.5868, 0.87736, 90.9236, 347.84
914, 8.1886e-09, 3.3322e-18, 6.78838e-17, 0, 0, 3.79644e-13, 0, 0, 3.79715e-13, 7.42545e-07, 0, 18.6205, 0.87708, 90.8641, 347.167
915, 8.216e-09, 3.39499e-18, 7.16076e-17, 0, 0, 3.78392e-13, 0, 0, 3.78468e-13, 7.42853e-07, 0, 18.6172, 0.876799, 90.5865, 346.804
916, 8.23036e-09, 3.50005e-18, 7.55008e-17, 0, 0, 3.77036e-13, 0, 0, 3.77115e-13, 7.42251e-07, 0, 18.6154, 0.87652, 90.3569, 346.44
917, 8.34531e-09, 3.50409e-18, 7.9512e-17, 0, 0, 3.81356e-13, 0, 0, 3.81439e-13, 7.51688e-07, 0, 18.6016, 0.87624, 90.2395, 346.191
918, 8.73703e-09, 3.39443e-18, 8.338e-17, 0, 0, 4.01548e-13, 0, 0, 4.01635e-13, 7.85483e-07, 0, 18.5557, 0.87596, 90.0823, 346.25
919, 9.79803e-09, 2.81869e-18, 8.66918e-17, 0, 0, 4.59307e-13, 0, 0, 4.59396e-13, 8.78442e-07, 0, 18.4411, 0.875679, 89.8255, 346.945
920, 1.07925e-08, 2.2019e-18, 9.02514e-17, 0, 0, 5.12527e-13, 0, 0, 5.12619e-13, 9.63564e-07, 0, 18.3444, 0.8754, 89.3276, 347.453
921, 1.10797e-08, 1.97562e-18, 9.48383e-17, 0, 0, 5.2214e-13, 0, 0, 5.22236e-13, 9.79716e-07, 0, 18.3181, 0.875119, 88.2714, 347.262
922, 1.09843e-08, 2.03711e-18, 1.0009e-16, 0, 0, 5.05588e-13, 0, 0, 5.0569e-13, 9.53182e-07, 0, 18.3268, 0.874841, 86.6574, 346.679
923, 1.06993e-08, 2.15902e-18, 1.0592e-16, 0, 0, 4.79227e-13, 0, 0, 4.79335e-13, 9.12621e-07, 0, 18.3531, 0.874563, 85.4219, 345.933
924, 1.01904e-08, 2.43331e-18, 1.12397e-16, 0, 0, 4.49341e-13, 0, 0, 4.49456e-13, 8.6955e-07, 0, 18.4018, 0.874299, 85.6333, 345.107
925, 9.98728e-09, 2.62213e-18, 1.18668e-16, 0, 0, 4.38852e-13, 0, 0, 4.38974e-13, 8.57271e-07, 0, 18.422, 0.874079, 86.2263, 344.595
926, 9.94157e-09, 2.83087e-18, 1.25046e-16, 0, 0, 4.36237e-13, 0, 0, 4.36365e-13, 8.55828e-07, 0, 18.4265, 0.873926, 86.5545, 344.219
927, 9.20432e-09, 4.07501e-18, 1.32982e-16, 0, 0, 4.02846e-13, 0, 0, 4.02983e-13, 7.99462e-07, 0, 18.5036, 0.873816, 87.2639, 343.284
928, 7.57725e-09, 7.10941e-18, 1.42697e-16, 0, 0, 3.26306e-13, 0, 0, 3.26456e-13, 6.63597e-07, 0, 18.6981, 0.87372, 87.8191, 341.364
929, 5.93734e-09, 1.18574e-17, 1.52041e-16, 0, 0, 2.48637e-13, 0, 0, 2.48801e-13, 5.2099e-07, 0, 18.942, 0.873627, 87.8749, 339.009
930, 4.66446e-09, 1.93777e-17, 1.5907e-16, 0, 0, 1.89925e-13, 0, 0, 1.90103e-13, 4.08745e-07, 0, 19.1833, 0.873533, 87.7225, 336.701
931, 3.47802e-09, 3.03401e-17, 1.63947e-16, 0, 0, 1.37112e-13, 0, 0, 1.37306e-13, 3.04205e-07, 0, 19.4768, 0.873439, 87.5347, 334.013
932, 2.34813e-09, 4.20443e-17, 1.6901e-16, 0, 0, 8.86188e-14, 0, 0, 8.88298e-14, 2.04979e-07, 0, 19.8696, 0.873347, 87.3429, 330.582
933, 1.53041e-09, 5.21019e-17, 1.75205e-16, 0, 0, 5.49337e-14, 0, 0, 5.51611e-14, 1.33287e-07, 0, 20.2977, 0.873253, 87.1488, 326.929
934, 1.1923e-09, 6.08887e-17, 1.81024e-16, 0, 0, 4.12307e-14, 0, 0, 4.14726e-14, 1.03525e-07, 0, 20.5474, 0.87316, 86.9448, 324.652
935, 1.27312e-09, 6.45045e-17, 1.89345e-16, 0, 0, 4.341e-14, 0, 0, 4.36639e-14, 1.1024e-07, 0, 20.4818, 0.873067, 86.7198, 324.694
936, 1.32919e-09, 6.35895e-17, 2.02124e-16, 0, 0, 4.46946e-14, 0, 0, 4.49603e-14, 1.14879e-07, 0, 20.4387, 0.872972, 86.5051, 324.584
937, 1.3084e-09, 6.24517e-17, 2.16351e-16, 0, 0, 4.35864e-14, 0, 0, 4.38651e-14, 1.12782e-07, 0, 20.4545, 0.872879, 86.334, 324.106
938, 1.80385e-09, 5.73534e-17, 2.31156e-16, 0, 0, 6.20362e-14, 0, 0, 6.23247e-14, 1.54805e-07, 0, 20.1333, 0.872786, 86.1324, 326.216
939, 2.92527e-09, 4.44992e-17, 2.48555e-16, 0, 0, 1.03412e-13, 0, 0, 1.03706e-13, 2.49407e-07, 0, 19.6499, 0.872693, 85.6824, 329.474
940, 3.55537e-09, 3.43522e-17, 2.67124e-16, 0, 0, 1.24087e-13, 0, 0, 1.24389e-13, 2.98623e-07, 0, 19.4548, 0.8726, 84.4987, 330.453
941, 3.33093e-09, 3.64392e-17, 2.81835e-16, 0, 0, 1.11218e-13, 0, 0, 1.11536e-13, 2.7257e-07, 0, 19.52, 0.872506, 82.7171, 329.364
942, 2.97692e-09, 4.87296e-17, 2.90377e-16, 0, 0, 9.64386e-14, 0, 0, 9.67777e-14, 2.4016e-07, 0, 19.6324, 0.872414, 81.8043, 328.049
943, 2.66447e-09, 6.50763e-17, 2.96872e-16, 0, 0, 8.63405e-14, 0, 0, 8.67025e-14, 2.15973e-07, 0, 19.7433, 0.87232, 81.8286, 326.967
944, 2.45886e-09, 7.504e-17, 3.08832e-16, 0, 0, 8.07686e-14, 0, 0, 8.11526e-14, 2.01544e-07, 0, 19.8236, 0.872226, 82.2086, 326.195
945, 2.41735e-09, 7.57904e-17, 3.27595e-16, 0, 0, 8.06071e-14, 0, 0, 8.10105e-14, 2.0147e-07, 0, 19.8406, 0.872134, 83.305, 325.874
946, 2.42007e-09, 7.42546e-17, 3.48528e-16, 0, 0, 8.09011e-14, 0, 0, 8.13239e-14, 2.03288e-07, 0, 19.8395, 0.87204, 84.1033, 325.594
947, 2.55813e-09, 7.18938e-17, 3.69884e-16, 0, 0, 8.61282e-14, 0, 0, 8.657e-14, 2.14848e-07, 0, 19.784, 0.871947, 84.2, 325.723
948, 2.8256e-09, 7.22541e-17, 3.88709e-16, 0, 0, 9.6535e-14, 0, 0, 9.69959e-14, 2.37244e-07, 0, 19.6845, 0.871854, 84.1442, 326.211
949, 2.96536e-09, 7.78839e-17, 4.05275e-16, 0, 0, 1.02157e-13, 0, 0, 1.02641e-13, 2.48744e-07, 0, 19.6363, 0.87176, 84.0277, 326.301
950, 3.01832e-09, 8.19323e-17, 4.24715e-16, 0, 0, 1.03827e-13, 0, 0, 1.04334e-13, 2.52556e-07, 0, 19.6186, 0.871666, 83.8259, 326.11
951, 3.16923e-09, 7.85354e-17, 4.50177e-16, 0, 0, 1.08486e-13, 0, 0, 1.09015e-13, 2.6452e-07, 0, 19.5698, 0.871573, 83.6038, 326.112
952, 3.01111e-09, 8.1399e-17, 4.75659e-16, 0, 0, 1.02198e-13, 0, 0, 1.02755e-13, 2.50457e-07, 0, 19.621, 0.87148, 83.2941, 325.391
953, 3.08262e-09, 8.35288e-17, 4.99955e-16, 0, 0, 1.04036e-13, 0, 0, 1.04619e-13, 2.5419e-07, 0, 19.5975, 0.871387, 82.5495, 325.213
954, 3.44934e-09, 8.22671e-17, 5.24634e-16, 0, 0, 1.15792e-13, 0, 0, 1.16399e-13, 2.81008e-07, 0, 19.4851, 0.871293, 81.1759, 325.657
955, 3.51337e-09, 8.66399e-17, 5.50351e-16, 0, 0, 1.1758e-13, 0, 0, 1.18217e-13, 2.84154e-07, 0, 19.4667, 0.8712, 80.4078, 325.462
956, 3.63451e-09, 8.94705e-17, 5.78013e-16, 0, 0, 1.24003e-13, 0, 0, 1.24671e-13, 2.9575e-07, 0, 19.4328, 0.871107, 81.1654, 325.532
957, 4.12161e-09, 8.50443e-17, 6.07087e-16, 0, 0, 1.44321e-13, 0, 0, 1.45013e-13, 3.38027e-07, 0, 19.307, 0.871014, 82.0387, 326.296
958, 4.3943e-09, 8.21096e-17, 6.39258e-16, 0, 0, 1.54862e-13, 0, 0, 1.55583e-13, 3.60825e-07, 0, 19.243, 0.870921, 82.2304, 326.491
959, 4.0569e-09, 8.64883e-17, 6.75601e-16, 0, 0, 1.40569e-13, 0, 0, 1.41331e-13, 3.3178e-07, 0, 19.3228, 0.870827, 82.0136, 325.507
960, 4.10654e-09, 8.35365e-17, 7.12268e-16, 0, 0, 1.4048e-13, 0, 0, 1.41276e-13, 3.3352e-07, 0, 19.3107, 0.870733, 81.6073, 325.202
961, 4.69313e-09, 7.68383e-17, 7.45401e-16, 0, 0, 1.62394e-13, 0, 0, 1.63217e-13, 3.80213e-07, 0, 19.1772, 0.870641, 81.1732, 325.922
962, 5.09828e-09, 7.59747e-17, 7.78794e-16, 0, 0, 1.78436e-13, 0, 0, 1.79291e-13, 4.12998e-07, 0, 19.0944, 0.870546, 80.7956, 326.287
963, 5.44767e-09, 7.46232e-17, 8.14528e-16, 0, 0, 1.92181e-13, 0, 0, 1.93071e-13, 4.41128e-07, 0, 19.0281, 0.870453, 80.7665, 326.513
964, 5.76767e-09, 7.28335e-17, 8.5263e-16, 0, 0, 2.03757e-13, 0, 0, 2.04682e-13, 4.66001e-07, 0, 18.971, 0.87036, 80.8506, 326.628
965, 5.88171e-09, 6.94376e-17, 8.96128e-16, 0, 0, 2.04608e-13, 0, 0, 2.05573e-13, 4.71689e-07, 0, 18.9514, 0.870268, 80.5298, 326.357
966, 6.13056e-09, 6.40396e-17, 9.39537e-16, 0, 0, 2.12016e-13, 0, 0, 2.1302e-13, 4.8821e-07, 0, 18.91, 0.870173, 80.1635, 326.311
967, 7.14639e-09, 5.51307e-17, 9.71766e-16, 0, 0, 2.55192e-13, 0, 0, 2.56219e-13, 5.70174e-07, 0, 18.7567, 0.870081, 80.1295, 327.335
968, 8.56878e-09, 4.07523e-17, 1.00038e-15, 0, 0, 3.15192e-13, 0, 0, 3.16233e-13, 6.8567e-07, 0, 18.5751, 0.869986, 80.108, 328.555
969, 9.37433e-09, 3.04016e-17, 1.03947e-15, 0, 0, 3.4808e-13, 0, 0, 3.4915e-13, 7.50165e-07, 0, 18.4853, 0.869894, 80.037, 328.974
970, 9.72425e-09, 2.7552e-17, 1.08449e-15, 0, 0, 3.62501e-13, 0, 0, 3.63613e-13, 7.77686e-07, 0, 18.4486, 0.8698, 80.0363, 328.968
971, 9.89021e-09, 2.91898e-17, 1.1328e-15, 0, 0, 3.68914e-13, 0, 0, 3.70077e-13, 7.90453e-07, 0, 18.4317, 0.869707, 80.0203, 328.795
972, 9.60887e-09, 3.43827e-17, 1.19216e-15, 0, 0, 3.55019e-13, 0, 0, 3.56246e-13, 7.66611e-07, 0, 18.4606, 0.869615, 79.8702, 328.217
973, 8.88093e-09, 4.50449e-17, 1.26206e-15, 0, 0, 3.21646e-13, 0, 0, 3.22953e-13, 7.05953e-07, 0, 18.5394, 0.86952, 79.5638, 327.205
974, 8.27397e-09, 5.88981e-17, 1.32967e-15, 0, 0, 2.93262e-13, 0, 0, 2.94651e-13, 6.55128e-07, 0, 18.6102, 0.869427, 79.2729, 326.244
975, 8.07017e-09, 6.73301e-17, 1.39379e-15, 0, 0, 2.83169e-13, 0, 0, 2.8463e-13, 6.38235e-07, 0, 18.6351, 0.869334, 79.1986, 325.698
976, 8.20271e-09, 6.46873e-17, 1.45917e-15, 0, 0, 2.89332e-13, 0, 0, 2.90856e-13, 6.48542e-07, 0, 18.6188, 0.869239, 79.183, 325.556
977, 8.80002e-09, 5.34306e-17, 1.51855e-15, 0, 0, 3.14426e-13, 0, 0, 3.15998e-13, 6.94737e-07, 0, 18.5485, 0.869146, 79.0675, 325.857
978, 9.2209e-09, 4.85685e-17, 1.582e-15, 0, 0, 3.30312e-13, 0, 0, 3.31943e-13, 7.26474e-07, 0, 18.5018, 0.869053, 78.8948, 325.915
979, 9.24872e-09, 5.18045e-17, 1.65517e-15, 0, 0, 3.30352e-13, 0, 0, 3.32059e-13, 7.26986e-07, 0, 18.4988, 0.868961, 78.7129, 325.622
980, 9.56211e-09, 4.86361e-17, 1.72395e-15, 0, 0, 3.43592e-13, 0, 0, 3.45364e-13, 7.49935e-07, 0, 18.4655, 0.868867, 78.5445, 325.61
981, 1.0206e-08, 3.70257e-17, 1.78807e-15, 0, 0, 3.70652e-13, 0, 0, 3.72477e-13, 7.98801e-07, 0, 18.4003, 0.868773, 78.3793, 325.861
982, 1.05977e-08, 2.97434e-17, 1.86195e-15, 0, 0, 3.8709e-13, 0, 0, 3.88982e-13, 8.27624e-07, 0, 18.3626, 0.86868, 78.1846, 325.88
983, 1.0835e-08, 2.76803e-17, 1.94106e-15, 0, 0, 3.96978e-13, 0, 0, 3.98946e-13, 8.44014e-07, 0, 18.3405, 0.868586, 77.9647, 325.769
984, 1.11652e-08, 2.39602e-17, 2.01963e-15, 0, 0, 4.09451e-13, 0, 0, 4.11495e-13, 8.67683e-07, 0, 18.3105, 0.868494, 77.7819, 325.699
985, 1.15012e-08, 1.9433e-17, 2.10048e-15, 0, 0, 4.21589e-13, 0, 0, 4.23709e-13, 8.91668e-07, 0, 18.2808, 0.868399, 77.6247, 325.617
986, 1.19021e-08, 1.42022e-17, 2.18169e-15, 0, 0, 4.38057e-13, 0, 0, 4.40253e-13, 9.20754e-07, 0, 18.2466, 0.868307, 77.4694, 325.602
987, 1.21299e-08, 1.13182e-17, 2.27319e-15, 0, 0, 4.47464e-13, 0, 0, 4.49748e-13, 9.36843e-07, 0, 18.2276, 0.868214, 77.3395, 325.464
988, 1.22668e-08, 9.83203e-18, 2.37143e-15, 0, 0, 4.52143e-13, 0, 0, 4.54524e-13, 9.45693e-07, 0, 18.2164, 0.86812, 77.1994, 325.248
989, 1.24021e-08, 8.15331e-18, 2.47392e-15, 0, 0, 4.55484e-13, 0, 0, 4.57967e-13, 9.54079e-07, 0, 18.2054, 0.868026, 77.034, 325.011
990, 1.24384e-08, 7.56677e-18, 2.58494e-15, 0, 0, 4.5391e-13, 0, 0, 4.56502e-13, 9.5449e-07, 0, 18.2025, 0.867933, 76.8451, 324.696
991, 1.25249e-08, 6.71239e-18, 2.69781e-15, 0, 0, 4.55855e-13, 0, 0, 4.5856e-13, 9.58248e-07, 0, 18.1955, 0.86784, 76.6191, 324.437
992, 1.25887e-08, 6.19995e-18, 2.81708e-15, 0, 0, 4.57246e-13, 0, 0, 4.6007e-13, 9.59991e-07, 0, 18.1905, 0.867746, 76.3682, 324.171
993, 1.26082e-08, 6.06689e-18, 2.94344e-15, 0, 0, 4.56777e-13, 0, 0, 4.59727e-13, 9.58745e-07, 0, 18.1889, 0.867653, 76.1499, 323.875
994, 1.27237e-08, 4.75888e-18, 3.06951e-15, 0, 0, 4.61749e-13, 0, 0, 4.64823e-13, 9.65842e-07, 0, 18.1798, 0.86756, 76.0158, 323.666
995, 1.28354e-08, 3.45873e-18, 3.20144e-15, 0, 0, 4.66161e-13, 0, 0, 4.69366e-13, 9.7204e-07, 0, 18.1711, 0.867467, 75.8364, 323.447
996, 1.28674e-08, 3.04491e-18, 3.34376e-15, 0, 0, 4.65758e-13, 0, 0, 4.69104e-13, 9.70576e-07, 0, 18.1686, 0.867374, 75.532, 323.155
997, 1.28636e-08, 3.0385e-18, 3.49432e-15, 0, 0, 4.63647e-13, 0, 0, 4.67144e-13, 9.66514e-07, 0, 18.1689, 0.86728, 75.2338, 322.836
998, 1.28368e-08, 3.31141e-18, 3.65291e-15, 0, 0, 4.59288e-13, 0, 0, 4.62944e-13, 9.58916e-07, 0, 18.1709, 0.867188, 74.7846, 322.484
999, 1.27899e-08, 3.84703e-18, 3.81983e-15, 0, 0, 4.53609e-13, 0, 0, 4.57433e-13, 9.49902e-07, 0, 18.1746, 0.867099, 74.3348, 322.111
1000, 1.27363e-08, 4.54634e-18, 3.99456e-15, 0, 0, 4.50618e-13, 0, 0, 4.54617e-13, 9.46989e-07, 0, 18.1788, 0.867022, 74.4183, 321.78
1001, 1.26375e-08, 6.04454e-18, 4.1806e-15, 0, 0, 4.46416e-13, 0, 0, 4.50603e-13, 9.43212e-07, 0, 18.1866, 0.866966, 74.7173, 321.431
1002, 1.25354e-08, 7.52918e-18, 4.37436e-15, 0, 0, 4.40044e-13, 0, 0, 4.44425e-13, 9.35205e-07, 0, 18.1947, 0.866921, 74.6971, 321.047
1003, 1.25769e-08, 6.71148e-18, 4.56413e-15, 0, 0, 4.38609e-13, 0, 0, 4.4318e-13, 9.32084e-07, 0, 18.1914, 0.86688, 74.208, 320.743
1004, 1.26529e-08, 5.39517e-18, 4.75954e-15, 0, 0, 4.34981e-13, 0, 0, 4.39746e-13, 9.22903e-07, 0, 18.1854, 0.86684, 73.0376, 320.403
1005, 1.26764e-08, 4.895e-18, 4.96771e-15, 0, 0, 4.28504e-13, 0, 0, 4.33477e-13, 9.09957e-07, 0, 18.1835, 0.866801, 71.8802, 320.017
1006, 1.26858e-08, 4.58541e-18, 5.18572e-15, 0, 0, 4.29986e-13, 0, 0, 4.35176e-13, 9.14579e-07, 0, 18.1828, 0.86676, 72.1871, 319.763
1007, 1.26554e-08, 5.0247e-18, 5.41723e-15, 0, 0, 4.33682e-13, 0, 0, 4.39105e-13, 9.25389e-07, 0, 18.1852, 0.866719, 73.2126, 319.545
1008, 1.25517e-08, 6.90386e-18, 5.66644e-15, 0, 0, 4.3001e-13, 0, 0, 4.35683e-13, 9.23569e-07, 0, 18.1934, 0.86668, 73.67, 319.207
1009, 1.24369e-08, 9.00314e-18, 5.92696e-15, 0, 0, 4.22836e-13, 0, 0, 4.28772e-13, 9.15276e-07, 0, 18.2026, 0.86664, 73.6815, 318.812
1010, 1.244e-08, 8.73281e-18, 6.18468e-15, 0, 0, 4.21346e-13, 0, 0, 4.27539e-13, 9.13922e-07, 0, 18.2023, 0.866601, 73.5556, 318.512
1011, 1.25286e-08, 6.76769e-18, 6.44351e-15, 0, 0, 4.24423e-13, 0, 0, 4.30873e-13, 9.17808e-07, 0, 18.1952, 0.86656, 73.3465, 318.287
1012, 1.25757e-08, 5.64685e-18, 6.71817e-15, 0, 0, 4.25105e-13, 0, 0, 4.31829e-13, 9.1789e-07, 0, 18.1915, 0.86652, 73.0792, 318.023
1013, 1.25939e-08, 5.04101e-18, 7.00763e-15, 0, 0, 4.24787e-13, 0, 0, 4.318e-13, 9.17202e-07, 0, 18.1901, 0.86648, 72.9179, 317.744
1014, 1.25858e-08, 5.00577e-18, 7.31274e-15, 0, 0, 4.23636e-13, 0, 0, 4.30954e-13, 9.16336e-07, 0, 18.1907, 0.866441, 72.8942, 317.452
1015, 1.25605e-08, 5.36893e-18, 7.63244e-15, 0, 0, 4.21442e-13, 0, 0, 4.2908e-13, 9.13702e-07, 0, 18.1927, 0.866401, 72.8295, 317.143
1016, 1.25524e-08, 5.32725e-18, 7.96265e-15, 0, 0, 4.19975e-13, 0, 0, 4.27942e-13, 9.11425e-07, 0, 18.1934, 0.86636, 72.6947, 316.847
1017, 1.25431e-08, 5.32114e-18, 8.307e-15, 0, 0, 4.18225e-13, 0, 0, 4.26537e-13, 9.08782e-07, 0, 18.1941, 0.86632, 72.5371, 316.547
1018, 1.25148e-08, 5.86389e-18, 8.66869e-15, 0, 0, 4.15424e-13, 0, 0, 4.24099e-13, 9.04767e-07, 0, 18.1964, 0.86628, 72.379, 316.23
1019, 1.24651e-08, 7.02903e-18, 9.04869e-15, 0, 0, 4.11397e-13, 0, 0, 4.20453e-13, 8.99314e-07, 0, 18.2003, 0.86624, 72.2296, 315.894
1020, 1.24475e-08, 7.17033e-18, 9.43828e-15, 0, 0, 4.08845e-13, 0, 0, 4.1829e-13, 8.95978e-07, 0, 18.2017, 0.8662, 72.0634, 315.582
1021, 1.24539e-08, 6.6473e-18, 9.84e-15, 0, 0, 4.07252e-13, 0, 0, 4.17099e-13, 8.93609e-07, 0, 18.2012, 0.866159, 71.8365, 315.288
1022, 1.24191e-08, 7.60127e-18, 1.02666e-14, 0, 0, 4.03692e-13, 0, 0, 4.13966e-13, 8.88308e-07, 0, 18.204, 0.86612, 71.6104, 314.961
1023, 1.23442e-08, 1.00401e-17, 1.07189e-14, 0, 0, 3.98846e-13, 0, 0, 4.09575e-13, 8.81723e-07, 0, 18.2101, 0.866081, 71.5107, 314.612
1024, 1.23124e-08, 1.08117e-17, 1.11797e-14, 0, 0, 3.96347e-13, 0, 0, 4.07537e-13, 8.78711e-07, 0, 18.2127, 0.86604, 71.45, 314.304
1025, 1.2356e-08, 8.70151e-18, 1.16422e-14, 0, 0, 3.97332e-13, 0, 0, 4.08983e-13, 8.80371e-07, 0, 18.2091, 0.866, 71.3319, 314.057
1026, 1.23734e-08, 7.6452e-18, 1.21302e-14, 0, 0, 3.96766e-13, 0, 0, 4.08904e-13, 8.79735e-07, 0, 18.2077, 0.865959, 71.1787, 313.783
1027, 1.23438e-08, 8.499e-18, 1.26491e-14, 0, 0, 3.93578e-13, 0, 0, 4.06236e-13, 8.7507e-07, 0, 18.2101, 0.86592, 70.9712, 313.466
1028, 1.23235e-08, 8.86918e-18, 1.31858e-14, 0, 0, 3.9005e-13, 0, 0, 4.03245e-13, 8.69286e-07, 0, 18.2118, 0.86588, 70.6201, 313.144
1029, 1.23357e-08, 7.72618e-18, 1.37352e-14, 0, 0, 3.88101e-13, 0, 0, 4.01844e-13, 8.65719e-07, 0, 18.2108, 0.86584, 70.2626, 312.849
1030, 1.23489e-08, 6.50183e-18, 1.43064e-14, 0, 0, 3.88071e-13, 0, 0, 4.02384e-13, 8.66314e-07, 0, 18.2097, 0.8658, 70.2338, 312.589
1031, 1.23427e-08, 6.1442e-18, 1.49053e-14, 0, 0, 3.87736e-13, 0, 0, 4.02647e-13, 8.67093e-07, 0, 18.2102, 0.86576, 70.3301, 312.324
1032, 1.23336e-08, 5.8502e-18, 1.55283e-14, 0, 0, 3.86404e-13, 0, 0, 4.01938e-13, 8.65826e-07, 0, 18.2109, 0.86572, 70.2785, 312.043
1033, 1.2327e-08, 5.3957e-18, 1.61759e-14, 0, 0, 3.84746e-13, 0, 0, 4.00927e-13, 8.63728e-07, 0, 18.2115, 0.86568, 70.1451, 311.757
1034, 1.23172e-08, 5.05856e-18, 1.68504e-14, 0, 0, 3.82762e-13, 0, 0, 3.99618e-13, 8.61211e-07, 0, 18.2123, 0.86564, 69.9963, 311.466
1035, 1.23031e-08, 4.90515e-18, 1.7553e-14, 0, 0, 3.80156e-13, 0, 0, 3.97714e-13, 8.57896e-07, 0, 18.2134, 0.8656, 69.8065, 311.166
1036, 1.22821e-08, 5.09366e-18, 1.82856e-14, 0, 0, 3.75942e-13, 0, 0, 3.94233e-13, 8.52042e-07, 0, 18.2151, 0.86556, 69.4487, 310.838
1037, 1.22604e-08, 5.31627e-18, 1.90472e-14, 0, 0, 3.7106e-13, 0, 0, 3.90112e-13, 8.44786e-07, 0, 18.2169, 0.86552, 68.9803, 310.499
1038, 1.22408e-08, 5.50362e-18, 1.98383e-14, 0, 0, 3.68776e-13, 0, 0, 3.8862e-13, 8.42197e-07, 0, 18.2185, 0.86548, 68.8792, 310.206
1039, 1.22219e-08, 5.69247e-18, 2.06602e-14, 0, 0, 3.68257e-13, 0, 0, 3.88923e-13, 8.432e-07, 0, 18.22, 0.86544, 69.0673, 309.947
1040, 1.22013e-08, 5.97878e-18, 2.15155e-14, 0, 0, 3.66679e-13, 0, 0, 3.88201e-13, 8.4213e-07, 0, 18.2217, 0.8654, 69.0952, 309.669
1041, 1.21789e-08, 6.42337e-18, 2.24055e-14, 0, 0, 3.64276e-13, 0, 0, 3.86688e-13, 8.39191e-07, 0, 18.2236, 0.86536, 68.9809, 309.378
1042, 1.21582e-08, 6.74165e-18, 2.33295e-14, 0, 0, 3.61813e-13, 0, 0, 3.85149e-13, 8.36043e-07, 0, 18.2253, 0.865319, 68.8387, 309.087
1043, 1.21397e-08, 6.87847e-18, 2.42887e-14, 0, 0, 3.59265e-13, 0, 0, 3.83561e-13, 8.32891e-07, 0, 18.2268, 0.86528, 68.6833, 308.795
1044, 1.21192e-08, 7.14832e-18, 2.52858e-14, 0, 0, 3.5597e-13, 0, 0, 3.81264e-13, 8.28541e-07, 0, 18.2285, 0.86524, 68.4397, 308.491
1045, 1.20958e-08, 7.62165e-18, 2.63222e-14, 0, 0, 3.51329e-13, 0, 0, 3.77659e-13, 8.21582e-07, 0, 18.2304, 0.8652, 67.9958, 308.163
1046, 1.20722e-08, 8.10524e-18, 2.73988e-14, 0, 0, 3.46995e-13, 0, 0, 3.74402e-13, 8.15564e-07, 0, 18.2324, 0.86516, 67.6309, 307.842
1047, 1.20479e-08, 8.62642e-18, 2.85173e-14, 0, 0, 3.44744e-13, 0, 0, 3.7327e-13, 8.14884e-07, 0, 18.2344, 0.86512, 67.7116, 307.56
1048, 1.20203e-08, 9.26906e-18, 2.96801e-14, 0, 0, 3.42014e-13, 0, 0, 3.71703e-13, 8.14894e-07, 0, 18.2367, 0.86508, 67.8677, 307.27
1049, 1.19891e-08, 1.00715e-17, 3.08889e-14, 0, 0, 3.37282e-13, 0, 0, 3.68181e-13, 8.12269e-07, 0, 18.2393, 0.86504, 67.8263, 306.945
1050, 1.19582e-08, 1.10759e-17, 3.21449e-14, 0, 0, 3.32752e-13, 0, 0, 3.64908e-13, 8.08658e-07, 0, 18.2418, 0.865, 67.6989, 306.624
1051, 1.19276e-08, 1.23757e-17, 3.3451e-14, 0, 0, 3.29018e-13, 0, 0, 3.62481e-13, 8.04939e-07, 0, 18.2444, 0.864961, 67.5594, 306.319
1052, 1.18939e-08, 1.39078e-17, 3.48085e-14, 0, 0, 3.24697e-13, 0, 0, 3.59519e-13, 8.00989e-07, 0, 18.2472, 0.86492, 67.4179, 306.004
1053, 1.18585e-08, 1.55094e-17, 3.62186e-14, 0, 0, 3.19823e-13, 0, 0, 3.56057e-13, 7.96845e-07, 0, 18.2502, 0.864881, 67.2686, 305.68
1054, 1.18214e-08, 1.72627e-17, 3.76836e-14, 0, 0, 3.14587e-13, 0, 0, 3.52287e-13, 7.92527e-07, 0, 18.2534, 0.86484, 67.113, 305.349
1055, 1.17813e-08, 1.92826e-17, 3.92056e-14, 0, 0, 3.08785e-13, 0, 0, 3.4801e-13, 7.88177e-07, 0, 18.2568, 0.864799, 66.9712, 305.009
1056, 1.17362e-08, 2.18004e-17, 4.07881e-14, 0, 0, 3.0214e-13, 0, 0, 3.4295e-13, 7.83369e-07, 0, 18.2606, 0.86476, 66.8175, 304.653
1057, 1.16844e-08, 2.52056e-17, 4.24358e-14, 0, 0, 2.94295e-13, 0, 0, 3.36756e-13, 7.76601e-07, 0, 18.265, 0.864721, 66.5311, 304.273
1058, 1.1627e-08, 2.94982e-17, 4.41512e-14, 0, 0, 2.85296e-13, 0, 0, 3.29476e-13, 7.66736e-07, 0, 18.2699, 0.86468, 66.0065, 303.869
1059, 1.15729e-08, 3.33403e-17, 4.59271e-14, 0, 0, 2.77314e-13, 0, 0, 3.23275e-13, 7.57907e-07, 0, 18.2746, 0.86464, 65.5507, 303.485
1060, 1.15234e-08, 3.65855e-17, 4.77637e-14, 0, 0, 2.71766e-13, 0, 0, 3.19566e-13, 7.53064e-07, 0, 18.2789, 0.8646, 65.4118, 303.152
1061, 1.14688e-08, 4.09818e-17, 4.96753e-14, 0, 0, 2.67615e-13, 0, 0, 3.17331e-13, 7.5056e-07, 0, 18.2836, 0.864561, 65.5078, 302.851
1062, 1.14038e-08, 4.7355e-17, 5.16713e-14, 0, 0, 2.63728e-13, 0, 0, 3.15447e-13, 7.49203e-07, 0, 18.2893, 0.86452, 65.7656, 302.558
1063, 1.13414e-08, 5.32636e-17, 5.37374e-14, 0, 0, 2.5894e-13, 0, 0, 3.12731e-13, 7.46107e-07, 0, 18.2948, 0.86448, 65.8551, 302.246
1064, 1.12838e-08, 5.89359e-17, 5.58762e-14, 0, 0, 2.53574e-13, 0, 0, 3.09509e-13, 7.4083e-07, 0, 18.2999, 0.86444, 65.724, 301.924
1065, 1.12287e-08, 6.50937e-17, 5.8096e-14, 0, 0, 2.48365e-13, 0, 0, 3.06526e-13, 7.33388e-07, 0, 18.3048, 0.8644, 65.3839, 301.607
1066, 1.119e-08, 6.94937e-17, 6.03847e-14, 0, 0, 2.44473e-13, 0, 0, 3.04928e-13, 7.25398e-07, 0, 18.3082, 0.86436, 64.8975, 301.321
1067, 1.11494e-08, 7.67499e-17, 6.27727e-14, 0, 0, 2.42095e-13, 0, 0, 3.04944e-13, 7.17966e-07, 0, 18.3119, 0.86432, 64.4696, 301.07
1068, 1.1106e-08, 8.77946e-17, 6.52666e-14, 0, 0, 2.40022e-13, 0, 0, 3.05377e-13, 7.05961e-07, 0, 18.3158, 0.864281, 63.6429, 300.829
1069, 1.10678e-08, 1.01618e-16, 6.78599e-14, 0, 0, 2.40371e-13, 0, 0, 3.08333e-13, 6.93383e-07, 0, 18.3192, 0.86424, 62.7287, 300.644
1070, 1.10571e-08, 1.08177e-16, 7.05055e-14, 0, 0, 2.46927e-13, 0, 0, 3.1754e-13, 6.95412e-07, 0, 18.3202, 0.8642, 62.9706, 300.592
1071, 1.10609e-08, 1.09353e-16, 7.32208e-14, 0, 0, 2.55116e-13, 0, 0, 3.28446e-13, 7.0387e-07, 0, 18.3199, 0.864161, 63.7112, 300.57
1072, 1.10246e-08, 1.23286e-16, 7.61006e-14, 0, 0, 2.59037e-13, 0, 0, 3.35261e-13, 7.03318e-07, 0, 18.3231, 0.86412, 63.8712, 300.459
1073, 1.09854e-08, 1.44559e-16, 7.90866e-14, 0, 0, 2.60924e-13, 0, 0, 3.40155e-13, 6.97934e-07, 0, 18.3267, 0.864079, 63.6117, 300.307
1074, 1.09204e-08, 1.83666e-16, 8.22346e-14, 0, 0, 2.62198e-13, 0, 0, 3.44617e-13, 6.9261e-07, 0, 18.3326, 0.864041, 63.5066, 300.147
1075, 1.08797e-08, 2.03477e-16, 8.544e-14, 0, 0, 2.63699e-13, 0, 0, 3.49342e-13, 6.89539e-07, 0, 18.3364, 0.864, 63.465, 299.99
1076, 1.08616e-08, 2.08783e-16, 8.87241e-14, 0, 0, 2.65721e-13, 0, 0, 3.54654e-13, 6.8958e-07, 0, 18.338, 0.86396, 63.5674, 299.844
1077, 1.07215e-08, 2.73653e-16, 9.23818e-14, 0, 0, 2.63118e-13, 0, 0, 3.55773e-13, 6.81582e-07, 0, 18.351, 0.86392, 63.6456, 299.618
1078, 1.06586e-08, 3.00701e-16, 9.59862e-14, 0, 0, 2.60709e-13, 0, 0, 3.56996e-13, 6.73435e-07, 0, 18.3569, 0.86388, 63.2663, 299.394
1079, 1.06712e-08, 3.07622e-16, 9.95772e-14, 0, 0, 2.60526e-13, 0, 0, 3.6041e-13, 6.70251e-07, 0, 18.3557, 0.86384, 62.8848, 299.212
1080, 1.05292e-08, 4.0536e-16, 1.03671e-13, 0, 0, 2.56917e-13, 0, 0, 3.60994e-13, 6.62074e-07, 0, 18.3691, 0.8638, 62.8777, 298.977
1081, 1.04321e-08, 4.50923e-16, 1.07779e-13, 0, 0, 2.53869e-13, 0, 0, 3.62099e-13, 6.55106e-07, 0, 18.3784, 0.86376, 62.6817, 298.752
1082, 1.04789e-08, 4.22452e-16, 1.11685e-13, 0, 0, 2.54271e-13, 0, 0, 3.66379e-13, 6.53925e-07, 0, 18.3739, 0.863721, 62.3148, 298.585
1083, 1.03734e-08, 5.14405e-16, 1.16164e-13, 0, 0, 2.49871e-13, 0, 0, 3.6655e-13, 6.43844e-07, 0, 18.384, 0.86368, 62.1129, 298.344
1084, 1.01545e-08, 6.61202e-16, 1.21103e-13, 0, 0, 2.42468e-13, 0, 0, 3.64232e-13, 6.30389e-07, 0, 18.4053, 0.86364, 62.1909, 298.057
1085, 9.95922e-09, 8.649e-16, 1.26161e-13, 0, 0, 2.36652e-13, 0, 0, 3.63678e-13, 6.2009e-07, 0, 18.4248, 0.863599, 62.3611, 297.803
1086, 9.73915e-09, 1.15063e-15, 1.31464e-13, 0, 0, 2.30054e-13, 0, 0, 3.62669e-13, 6.05699e-07, 0, 18.4471, 0.86356, 62.2678, 297.541
1087, 9.7932e-09, 1.06889e-15, 1.36124e-13, 0, 0, 2.30692e-13, 0, 0, 3.67886e-13, 6.05313e-07, 0, 18.4416, 0.863521, 61.8713, 297.393
1088, 9.95311e-09, 8.32342e-16, 1.40678e-13, 0, 0, 2.35001e-13, 0, 0, 3.76512e-13, 6.14345e-07, 0, 18.4254, 0.86348, 61.7766, 297.306
1089, 9.81587e-09, 9.55806e-16, 1.46373e-13, 0, 0, 2.31012e-13, 0, 0, 3.78341e-13, 6.0785e-07, 0, 18.4393, 0.863441, 61.9877, 297.096
1090, 9.63542e-09, 1.20324e-15, 1.52357e-13, 0, 0, 2.25591e-13, 0, 0, 3.79151e-13, 5.97493e-07, 0, 18.4578, 0.8634, 62.0742, 296.868
1091, 9.65121e-09, 1.30925e-15, 1.57857e-13, 0, 0, 2.25602e-13, 0, 0, 3.84768e-13, 5.96618e-07, 0, 18.4562, 0.86336, 61.8812, 296.725
1092, 9.47954e-09, 1.65136e-15, 1.64312e-13, 0, 0, 2.1867e-13, 0, 0, 3.84632e-13, 5.80577e-07, 0, 18.4741, 0.86332, 61.3101, 296.481
1093, 9.15469e-09, 1.98836e-15, 1.71625e-13, 0, 0, 2.04143e-13, 0, 0, 3.77756e-13, 5.49242e-07, 0, 18.509, 0.86328, 60.1396, 296.12
1094, 8.94921e-09, 2.04296e-15, 1.78826e-13, 0, 0, 1.92828e-13, 0, 0, 3.73697e-13, 5.26367e-07, 0, 18.5317, 0.86324, 59.0585, 295.808
1095, 8.68757e-09, 2.32828e-15, 1.86514e-13, 0, 0, 1.85501e-13, 0, 0, 3.74343e-13, 5.13211e-07, 0, 18.5614, 0.8632, 59.2866, 295.58
1096, 8.57716e-09, 2.54868e-15, 1.93752e-13, 0, 0, 1.85473e-13, 0, 0, 3.81774e-13, 5.14186e-07, 0, 18.5742, 0.86316, 60.0488, 295.471
1097, 8.5134e-09, 2.68555e-15, 2.0113e-13, 0, 0, 1.85106e-13, 0, 0, 3.88922e-13, 5.13038e-07, 0, 18.5816, 0.86312, 60.3736, 295.355
1098, 8.05832e-09, 3.41939e-15, 2.10663e-13, 0, 0, 1.71877e-13, 0, 0, 3.8596e-13, 4.85315e-07, 0, 18.6366, 0.863083, 60.4213, 295.066
1099, 7.48402e-09, 4.57529e-15, 2.21064e-13, 0, 0, 1.55777e-13, 0, 0, 3.81417e-13, 4.52454e-07, 0, 18.7105, 0.863059, 60.6525, 294.749
1100, 7.15971e-09, 5.44214e-15, 2.30639e-13, 0, 0, 1.47925e-13, 0, 0, 3.84006e-13, 4.35428e-07, 0, 18.7548, 0.863085, 60.9158, 294.556
1101, 7.00847e-09, 5.94824e-15, 2.39847e-13, 0, 0, 1.44716e-13, 0, 0, 3.90511e-13, 4.26684e-07, 0, 18.7761, 0.86318, 60.8996, 294.43
1102, 6.75919e-09, 6.71275e-15, 2.49953e-13, 0, 0, 1.37814e-13, 0, 0, 3.9448e-13, 4.10754e-07, 0, 18.8124, 0.863323, 60.7305, 294.26
1103, 6.59446e-09, 7.47183e-15, 2.59876e-13, 0, 0, 1.32805e-13, 0, 0, 4.00152e-13, 4.00008e-07, 0, 18.837, 0.86348, 60.6287, 294.118
1104, 6.49003e-09, 8.25817e-15, 2.69857e-13, 0, 0, 1.3021e-13, 0, 0, 4.08324e-13, 3.9313e-07, 0, 18.853, 0.86364, 60.5934, 294.016
1105, 6.18812e-09, 9.55042e-15, 2.81395e-13, 0, 0, 1.22927e-13, 0, 0, 4.13872e-13, 3.74233e-07, 0, 18.9006, 0.8638, 60.5175, 293.869
1106, 5.88048e-09, 1.08882e-14, 2.93277e-13, 0, 0, 1.1544e-13, 0, 0, 4.19605e-13, 3.5492e-07, 0, 18.9516, 0.86396, 60.4065, 293.725
1107, 5.81646e-09, 1.19133e-14, 3.04005e-13, 0, 0, 1.13982e-13, 0, 0, 4.299e-13, 3.50367e-07, 0, 18.9626, 0.86412, 60.2898, 293.65
1108, 5.61084e-09, 1.40871e-14, 3.15859e-13, 0, 0, 1.08947e-13, 0, 0, 4.38893e-13, 3.3735e-07, 0, 18.9986, 0.86428, 60.1725, 293.552
1109, 5.44945e-09, 1.71185e-14, 3.26888e-13, 0, 0, 1.04783e-13, 0, 0, 4.4879e-13, 3.26962e-07, 0, 19.0278, 0.86444, 60.0526, 293.465
1110, 5.33463e-09, 2.26172e-14, 3.3615e-13, 0, 0, 1.02403e-13, 0, 0, 4.6117e-13, 3.1944e-07, 0, 19.049, 0.8646, 59.9302, 293.411
1111, 4.96977e-09, 2.98388e-14, 3.47182e-13, 0, 0, 9.44101e-14, 0, 0, 4.71431e-13, 2.97011e-07, 0, 19.1199, 0.864759, 59.8099, 293.323
1112, 4.43599e-09, 3.67163e-14, 3.61175e-13, 0, 0, 8.27547e-14, 0, 0, 4.80645e-13, 2.64652e-07, 0, 19.2335, 0.86492, 59.6961, 293.218
1113, 3.59409e-09, 4.7827e-14, 3.7626e-13, 0, 0, 6.49726e-14, 0, 0, 4.89059e-13, 2.14062e-07, 0, 19.444, 0.865081, 59.5832, 293.1
1114, 2.95506e-09, 6.01615e-14, 3.88432e-13, 0, 0, 5.14237e-14, 0, 0, 5.00018e-13, 1.75636e-07, 0, 19.6397, 0.86524, 59.4675, 293.014
1115, 2.38431e-09, 7.92479e-14, 3.95731e-13, 0, 0, 4.00621e-14, 0, 0, 5.15041e-13, 1.41482e-07, 0, 19.8544, 0.8654, 59.3507, 292.978
1116, 1.61704e-09, 1.07874e-13, 3.99708e-13, 0, 0, 2.5848e-14, 0, 0, 5.33431e-13, 9.57855e-08, 0, 20.2427, 0.86556, 59.2342, 292.978
1117, 1.25503e-09, 1.24118e-13, 4.08843e-13, 0, 0, 1.92359e-14, 0, 0, 5.52196e-13, 7.41411e-08, 0, 20.4961, 0.86572, 59.1174, 292.976
1118, 1.21841e-09, 1.2582e-13, 4.25682e-13, 0, 0, 1.83333e-14, 0, 0, 5.69835e-13, 7.1839e-08, 0, 20.5257, 0.86588, 58.9995, 292.953
1119, 9.93269e-10, 1.34587e-13, 4.40751e-13, 0, 0, 1.43887e-14, 0, 0, 5.89727e-13, 5.8474e-08, 0, 20.73, 0.86604, 58.8809, 292.95
1120, 8.17517e-10, 1.41727e-13, 4.56676e-13, 0, 0, 1.11946e-14, 0, 0, 6.09597e-13, 4.8013e-08, 0, 20.9247, 0.866201, 58.7656, 292.94
1121, 7.53539e-10, 1.56223e-13, 4.65645e-13, 0, 0, 1.00393e-14, 0, 0, 6.31908e-13, 4.4175e-08, 0, 21.0062, 0.86636, 58.653, 292.948
1122, 5.97534e-10, 1.89344e-13, 4.62552e-13, 0, 0, 7.81054e-15, 0, 0, 6.59707e-13, 3.49672e-08, 0, 21.2382, 0.866519, 58.5374, 293.005
1123, 5.64665e-10, 2.00528e-13, 4.75394e-13, 0, 0, 7.25082e-15, 0, 0, 6.83172e-13, 3.29527e-08, 0, 21.2948, 0.866679, 58.3895, 293.008
1124, 6.36503e-10, 1.89751e-13, 5.04962e-13, 0, 0, 8.1785e-15, 0, 0, 7.02892e-13, 3.70804e-08, 0, 21.175, 0.86684, 58.0609, 292.968
1125, 5.62618e-10, 1.9971e-13, 5.22175e-13, 0, 0, 7.20326e-15, 0, 0, 7.29088e-13, 3.273e-08, 0, 21.2984, 0.866999, 57.4648, 292.982
1126, 4.78318e-10, 2.08846e-13, 5.41052e-13, 0, 0, 6.00175e-15, 0, 0, 7.559e-13, 2.77591e-08, 0, 21.4607, 0.86716, 57.1906, 292.994
1127, 4.77033e-10, 1.98616e-13, 5.7457e-13, 0, 0, 5.86401e-15, 0, 0, 7.79051e-13, 2.76306e-08, 0, 21.4634, 0.867321, 57.5027, 292.967
1128, 4.15047e-10, 2.00549e-13, 6.0018e-13, 0, 0, 4.97823e-15, 0, 0, 8.05706e-13, 2.39949e-08, 0, 21.6026, 0.86748, 57.698, 292.963
1129, 4.60526e-10, 2.03246e-13, 6.23199e-13, 0, 0, 5.6892e-15, 0, 0, 8.32134e-13, 2.65162e-08, 0, 21.4987, 0.86764, 57.621, 292.951
1130, 8.99273e-10, 1.75803e-13, 6.60987e-13, 0, 0, 1.19214e-14, 0, 0, 8.48711e-13, 5.16375e-08, 0, 20.8294, 0.867799, 57.5239, 292.854
1131, 1.48526e-09, 1.3069e-13, 7.0898e-13, 0, 0, 2.0106e-14, 0, 0, 8.59776e-13, 8.52397e-08, 0, 20.3277, 0.867959, 57.4386, 292.712
1132, 1.45974e-09, 1.39904e-13, 7.30249e-13, 0, 0, 1.95951e-14, 0, 0, 8.89748e-13, 8.37447e-08, 0, 20.345, 0.86812, 57.2616, 292.714
1133, 8.53672e-10, 2.34401e-13, 7.00059e-13, 0, 0, 1.11261e-14, 0, 0, 9.45586e-13, 4.89374e-08, 0, 20.8815, 0.868281, 57.0197, 292.896
1134, 3.64718e-10, 3.58317e-13, 6.43061e-13, 0, 0, 4.51203e-15, 0, 0, 1.00589e-12, 2.08622e-08, 0, 21.7319, 0.86844, 56.9411, 293.086
1135, 3.62731e-10, 3.84507e-13, 6.51719e-13, 0, 0, 4.38412e-15, 0, 0, 1.04061e-12, 2.06376e-08, 0, 21.7374, 0.8686, 56.9751, 293.087
1136, 8.40293e-10, 2.8185e-13, 7.5229e-13, 0, 0, 1.05628e-14, 0, 0, 1.0447e-12, 4.77064e-08, 0, 20.8973, 0.86876, 56.9032, 292.885
1137, 1.47583e-09, 1.78737e-13, 8.49125e-13, 0, 0, 1.90897e-14, 0, 0, 1.04695e-12, 8.36613e-08, 0, 20.334, 0.86892, 56.6519, 292.672
1138, 1.94461e-09, 1.44593e-13, 8.96269e-13, 0, 0, 2.59202e-14, 0, 0, 1.06678e-12, 1.09899e-07, 0, 20.0582, 0.869079, 56.2616, 292.572
1139, 2.24989e-09, 1.42858e-13, 9.23583e-13, 0, 0, 3.07371e-14, 0, 0, 1.09718e-12, 1.26607e-07, 0, 19.9124, 0.86924, 55.9852, 292.535
1140, 2.12079e-09, 1.60391e-13, 9.49857e-13, 0, 0, 2.86679e-14, 0, 0, 1.13891e-12, 1.18812e-07, 0, 19.9715, 0.8694, 55.8085, 292.561
1141, 1.77121e-09, 1.79641e-13, 9.82027e-13, 0, 0, 2.30557e-14, 0, 0, 1.18473e-12, 9.89248e-08, 0, 20.1516, 0.86956, 55.7524, 292.602
1142, 1.7483e-09, 1.72667e-13, 1.02586e-12, 0, 0, 2.25393e-14, 0, 0, 1.22107e-12, 9.78065e-08, 0, 20.1646, 0.869721, 55.9491, 292.58
1143, 1.71101e-09, 1.86248e-13, 1.05753e-12, 0, 0, 2.22967e-14, 0, 0, 1.26608e-12, 9.59136e-08, 0, 20.1862, 0.86988, 56.0906, 292.6
1144, 1.19706e-09, 2.55904e-13, 1.06458e-12, 0, 0, 1.53658e-14, 0, 0, 1.33586e-12, 6.71191e-08, 0, 20.5434, 0.87004, 56.0677, 292.739
1145, 6.75641e-10, 3.18301e-13, 1.07871e-12, 0, 0, 8.12458e-15, 0, 0, 1.40513e-12, 3.78269e-08, 0, 21.1154, 0.8702, 55.9771, 292.858
1146, 5.32307e-10, 3.50988e-13, 1.10378e-12, 0, 0, 6.20871e-15, 0, 0, 1.46098e-12, 2.97095e-08, 0, 21.3538, 0.870359, 55.8712, 292.898
1147, 8.09822e-10, 3.50901e-13, 1.13826e-12, 0, 0, 1.01949e-14, 0, 0, 1.49936e-12, 4.50603e-08, 0, 20.9342, 0.87052, 55.7632, 292.85
1148, 1.36274e-09, 3.04304e-13, 1.19706e-12, 0, 0, 1.77471e-14, 0, 0, 1.51911e-12, 7.57245e-08, 0, 20.4138, 0.870679, 55.6549, 292.714
1149, 1.54147e-09, 2.87738e-13, 1.24985e-12, 0, 0, 1.99129e-14, 0, 0, 1.5575e-12, 8.55602e-08, 0, 20.2905, 0.870831, 55.5438, 292.66
1150, 1.44032e-09, 2.96756e-13, 1.29598e-12, 0, 0, 1.81765e-14, 0, 0, 1.61091e-12, 7.97816e-08, 0, 20.3584, 0.87096, 55.4278, 292.665
1151, 1.5186e-09, 2.89879e-13, 1.3465e-12, 0, 0, 1.9013e-14, 0, 0, 1.6554e-12, 8.3931e-08, 0, 20.3055, 0.871057, 55.3156, 292.627
1152, 1.62192e-09, 3.00111e-13, 1.3842e-12, 0, 0, 2.03665e-14, 0, 0, 1.70468e-12, 8.94805e-08, 0, 20.2397, 0.871132, 55.2151, 292.604
1153, 1.66552e-09, 3.01421e-13, 1.43602e-12, 0, 0, 2.09748e-14, 0, 0, 1.75842e-12, 9.17154e-08, 0, 20.2131, 0.871201, 55.1131, 292.593
1154, 1.75557e-09, 2.8045e-13, 1.50518e-12, 0, 0, 2.22605e-14, 0, 0, 1.80789e-12, 9.64673e-08, 0, 20.1605, 0.871267, 55.0041, 292.559
1155, 2.08715e-09, 2.55413e-13, 1.56184e-12, 0, 0, 2.68425e-14, 0, 0, 1.8441e-12, 1.14435e-07, 0, 19.9875, 0.871333, 54.8971, 292.472
1156, 2.57114e-09, 2.262e-13, 1.61349e-12, 0, 0, 3.38578e-14, 0, 0, 1.87355e-12, 1.40705e-07, 0, 19.7789, 0.8714, 54.7929, 292.357
1157, 2.99686e-09, 2.03214e-13, 1.66714e-12, 0, 0, 4.07148e-14, 0, 0, 1.91107e-12, 1.63706e-07, 0, 19.6257, 0.871466, 54.6892, 292.27
1158, 3.27833e-09, 1.97616e-13, 1.71661e-12, 0, 0, 4.57461e-14, 0, 0, 1.95997e-12, 1.78734e-07, 0, 19.5359, 0.871533, 54.581, 292.221
1159, 3.41189e-09, 1.96024e-13, 1.77196e-12, 0, 0, 4.82884e-14, 0, 0, 2.01627e-12, 1.85665e-07, 0, 19.496, 0.8716, 54.4727, 292.193
1160, 3.51012e-09, 1.86733e-13, 1.83653e-12, 0, 0, 4.9907e-14, 0, 0, 2.07317e-12, 1.90622e-07, 0, 19.4676, 0.871667, 54.3616, 292.163
1161, 3.90557e-09, 1.59202e-13, 1.89555e-12, 0, 0, 5.59405e-14, 0, 0, 2.11069e-12, 2.11454e-07, 0, 19.3609, 0.871733, 54.2053, 292.064
1162, 4.56965e-09, 1.24438e-13, 1.94105e-12, 0, 0, 6.6305e-14, 0, 0, 2.1318e-12, 2.46516e-07, 0, 19.2038, 0.8718, 53.9918, 291.911
1163, 5.14257e-09, 9.75439e-14, 1.98767e-12, 0, 0, 7.57236e-14, 0, 0, 2.16094e-12, 2.76749e-07, 0, 19.0857, 0.871866, 53.8309, 291.783
1164, 5.21186e-09, 8.88085e-14, 2.05753e-12, 0, 0, 7.67358e-14, 0, 0, 2.22307e-12, 2.79937e-07, 0, 19.0723, 0.871934, 53.7481, 291.757
1165, 4.88593e-09, 1.00093e-13, 2.14192e-12, 0, 0, 7.0702e-14, 0, 0, 2.31272e-12, 2.60998e-07, 0, 19.1369, 0.872, 53.5468, 291.808
1166, 4.75673e-09, 1.07162e-13, 2.2163e-12, 0, 0, 6.80159e-14, 0, 0, 2.39148e-12, 2.52201e-07, 0, 19.1637, 0.872066, 53.2487, 291.818
1167, 5.03978e-09, 9.39753e-14, 2.27582e-12, 0, 0, 7.31159e-14, 0, 0, 2.44291e-12, 2.66981e-07, 0, 19.1059, 0.872134, 53.1326, 291.745
1168, 5.43036e-09, 7.74208e-14, 2.33039e-12, 0, 0, 8.10221e-14, 0, 0, 2.48884e-12, 2.88603e-07, 0, 19.0313, 0.8722, 53.1699, 291.653
1169, 5.77065e-09, 6.80475e-14, 2.38407e-12, 0, 0, 8.77014e-14, 0, 0, 2.53982e-12, 3.07006e-07, 0, 18.9705, 0.872267, 53.1611, 291.573
1170, 5.97579e-09, 6.43201e-14, 2.44581e-12, 0, 0, 9.11025e-14, 0, 0, 2.60124e-12, 3.17858e-07, 0, 18.9356, 0.872333, 53.1653, 291.518
1171, 6.08187e-09, 6.41573e-14, 2.51555e-12, 0, 0, 9.28399e-14, 0, 0, 2.67255e-12, 3.23403e-07, 0, 18.918, 0.8724, 53.1938, 291.486
1172, 6.02397e-09, 7.19313e-14, 2.59773e-12, 0, 0, 9.18748e-14, 0, 0, 2.76153e-12, 3.19935e-07, 0, 18.9275, 0.872468, 53.1453, 291.493
1173, 5.58666e-09, 9.61848e-14, 2.70634e-12, 0, 0, 8.41778e-14, 0, 0, 2.8867e-12, 2.95793e-07, 0, 19.0029, 0.872533, 52.9971, 291.581
1174, 5.30564e-09, 1.13614e-13, 2.80671e-12, 0, 0, 7.92707e-14, 0, 0, 2.99959e-12, 2.78349e-07, 0, 19.0545, 0.8726, 52.6198, 291.628
1175, 5.77408e-09, 9.45375e-14, 2.86116e-12, 0, 0, 8.74029e-14, 0, 0, 3.0431e-12, 2.99277e-07, 0, 18.9699, 0.872667, 52.0246, 291.51
1176, 6.32189e-09, 7.31612e-14, 2.91248e-12, 0, 0, 9.75816e-14, 0, 0, 3.08323e-12, 3.27198e-07, 0, 18.8792, 0.872734, 51.7613, 291.382
1177, 6.14592e-09, 8.74228e-14, 3.01626e-12, 0, 0, 9.46967e-14, 0, 0, 3.19838e-12, 3.19818e-07, 0, 18.9075, 0.8728, 51.8875, 291.419
1178, 5.85263e-09, 1.04865e-13, 3.13013e-12, 0, 0, 8.86576e-14, 0, 0, 3.32365e-12, 3.05505e-07, 0, 18.9564, 0.872867, 52.0426, 291.468
1179, 6.02411e-09, 9.67208e-14, 3.21367e-12, 0, 0, 9.08614e-14, 0, 0, 3.40125e-12, 3.14796e-07, 0, 18.9275, 0.872933, 52.2055, 291.41
1180, 6.05173e-09, 9.56048e-14, 3.31333e-12, 0, 0, 9.06478e-14, 0, 0, 3.49958e-12, 3.16044e-07, 0, 18.9229, 0.873, 52.2298, 291.391
1181, 5.59802e-09, 1.29341e-13, 3.45017e-12, 0, 0, 8.18049e-14, 0, 0, 3.66131e-12, 2.91305e-07, 0, 19.0009, 0.873067, 52.0808, 291.489
1182, 5.23523e-09, 1.58448e-13, 3.5816e-12, 0, 0, 7.41816e-14, 0, 0, 3.81423e-12, 2.69364e-07, 0, 19.0679, 0.873133, 51.6653, 291.557
1183, 5.50954e-09, 1.34728e-13, 3.67374e-12, 0, 0, 7.76432e-14, 0, 0, 3.88611e-12, 2.79925e-07, 0, 19.0168, 0.8732, 51.1239, 291.471
1184, 5.67354e-09, 1.18235e-13, 3.78095e-12, 0, 0, 8.02663e-14, 0, 0, 3.97945e-12, 2.88348e-07, 0, 18.9875, 0.873267, 51.0386, 291.42
1185, 5.75198e-09, 1.11963e-13, 3.89265e-12, 0, 0, 8.24599e-14, 0, 0, 4.08707e-12, 2.94683e-07, 0, 18.9737, 0.873333, 51.3363, 291.39
1186, 5.96108e-09, 9.9318e-14, 3.99416e-12, 0, 0, 8.65252e-14, 0, 0, 4.18e-12, 3.06803e-07, 0, 18.938, 0.8734, 51.5311, 291.331
1187, 5.64488e-09, 1.25371e-13, 4.14964e-12, 0, 0, 8.01965e-14, 0, 0, 4.3552e-12, 2.90496e-07, 0, 18.9925, 0.873467, 51.5152, 291.402
1188, 5.24939e-09, 1.57738e-13, 4.31477e-12, 0, 0, 7.25769e-14, 0, 0, 4.54508e-12, 2.69221e-07, 0, 19.0652, 0.873533, 51.3673, 291.485
1189, 5.57646e-09, 1.34638e-13, 4.41117e-12, 0, 0, 7.82292e-14, 0, 0, 4.62405e-12, 2.84452e-07, 0, 19.0047, 0.8736, 51.1404, 291.391
1190, 6.04965e-09, 9.51145e-14, 4.49856e-12, 0, 0, 8.66049e-14, 0, 0, 4.68028e-12, 3.07991e-07, 0, 18.9233, 0.873666, 51.0272, 291.26
1191, 6.23311e-09, 7.72655e-14, 4.61715e-12, 0, 0, 9.01778e-14, 0, 0, 4.78459e-12, 3.18114e-07, 0, 18.8934, 0.873733, 51.1105, 291.2
1192, 6.40174e-09, 7.19066e-14, 4.73277e-12, 0, 0, 9.37278e-14, 0, 0, 4.89841e-12, 3.27184e-07, 0, 18.8667, 0.8738, 51.1556, 291.15
1193, 6.44952e-09, 7.81539e-14, 4.86691e-12, 0, 0, 9.48773e-14, 0, 0, 5.03994e-12, 3.29116e-07, 0, 18.8593, 0.873866, 51.0715, 291.135
1194, 6.34391e-09, 8.48929e-14, 5.03134e-12, 0, 0, 9.27385e-14, 0, 0, 5.20897e-12, 3.22337e-07, 0, 18.8758, 0.873934, 50.8711, 291.153
1195, 6.18527e-09, 8.76358e-14, 5.21184e-12, 0, 0, 8.90617e-14, 0, 0, 5.38853e-12, 3.12589e-07, 0, 18.9011, 0.874, 50.6331, 291.177
1196, 6.14969e-09, 8.99517e-14, 5.37379e-12, 0, 0, 8.78822e-14, 0, 0, 5.55162e-12, 3.10426e-07, 0, 18.9069, 0.874067, 50.5588, 291.173
1197, 6.18394e-09, 9.96282e-14, 5.5265e-12, 0, 0, 8.85864e-14, 0, 0, 5.71471e-12, 3.12032e-07, 0, 18.9013, 0.874134, 50.4364, 291.163
1198, 5.94767e-09, 1.27471e-13, 5.73019e-12, 0, 0, 8.40371e-14, 0, 0, 5.9417e-12, 2.97629e-07, 0, 18.9403, 0.8742, 49.8901, 291.224
1199, 5.70358e-09, 1.46127e-13, 5.94364e-12, 0, 0, 7.87188e-14, 0, 0, 6.1685e-12, 2.82124e-07, 0, 18.9822, 0.874267, 49.3799, 291.275
1200, 5.78666e-09, 1.36031e-13, 6.10901e-12, 0, 0, 7.96946e-14, 0, 0, 6.32474e-12, 2.86751e-07, 0, 18.9677, 0.874334, 49.6008, 291.239
1201, 5.88453e-09, 1.32499e-13, 6.27341e-12, 0, 0, 8.15606e-14, 0, 0, 6.48747e-12, 2.93949e-07, 0, 18.9509, 0.8744, 50.0244, 291.206
1202, 5.86733e-09, 1.48936e-13, 6.45593e-12, 0, 0, 8.0555e-14, 0, 0, 6.68542e-12, 2.92516e-07, 0, 18.9539, 0.874467, 49.9412, 291.206
1203, 5.66466e-09, 1.86169e-13, 6.66986e-12, 0, 0, 7.38413e-14, 0, 0, 6.92987e-12, 2.79467e-07, 0, 18.989, 0.874533, 49.5072, 291.248
1204, 5.60397e-09, 2.06576e-13, 6.86058e-12, 0, 0, 6.95761e-14, 0, 0, 7.13673e-12, 2.75843e-07, 0, 18.9998, 0.8746, 49.4254, 291.244
1205, 6.03361e-09, 1.6525e-13, 6.97912e-12, 0, 0, 7.68879e-14, 0, 0, 7.22125e-12, 2.99277e-07, 0, 18.9259, 0.874667, 49.711, 291.115
1206, 6.35366e-09, 1.21918e-13, 7.13742e-12, 0, 0, 8.33461e-14, 0, 0, 7.34269e-12, 3.16053e-07, 0, 18.8742, 0.874734, 49.8145, 291.021
1207, 6.25881e-09, 1.22211e-13, 7.38105e-12, 0, 0, 8.19024e-14, 0, 0, 7.58517e-12, 3.10084e-07, 0, 18.8893, 0.8748, 49.6257, 291.04
1208, 6.13956e-09, 1.39655e-13, 7.62563e-12, 0, 0, 8.02367e-14, 0, 0, 7.84552e-12, 3.01328e-07, 0, 18.9085, 0.874867, 49.2163, 291.069
1209, 6.19894e-09, 1.46466e-13, 7.83197e-12, 0, 0, 8.186e-14, 0, 0, 8.06029e-12, 3.02112e-07, 0, 18.8989, 0.874934, 48.9041, 291.05
1210, 6.28531e-09, 1.42044e-13, 8.04215e-12, 0, 0, 8.39082e-14, 0, 0, 8.2681e-12, 3.05655e-07, 0, 18.8851, 0.875, 48.7972, 291.02
1211, 6.13331e-09, 1.46246e-13, 8.32543e-12, 0, 0, 8.15329e-14, 0, 0, 8.55321e-12, 2.98546e-07, 0, 18.9095, 0.875067, 48.8386, 291.05
1212, 5.962e-09, 1.45404e-13, 8.6216e-12, 0, 0, 7.88333e-14, 0, 0, 8.84582e-12, 2.91935e-07, 0, 18.9379, 0.875133, 49.0711, 291.079
1213, 6.01503e-09, 1.31028e-13, 8.86482e-12, 0, 0, 8.02667e-14, 0, 0, 9.07611e-12, 2.95579e-07, 0, 18.929, 0.875199, 49.1913, 291.052
1214, 5.98681e-09, 1.35574e-13, 9.13496e-12, 0, 0, 8.01068e-14, 0, 0, 9.35064e-12, 2.94024e-07, 0, 18.9337, 0.875266, 49.1485, 291.055
1215, 6.05328e-09, 1.34726e-13, 9.37677e-12, 0, 0, 8.1238e-14, 0, 0, 9.59273e-12, 2.96754e-07, 0, 18.9227, 0.875333, 49.0627, 291.027
1216, 6.32574e-09, 1.1112e-13, 9.56183e-12, 0, 0, 8.55685e-14, 0, 0, 9.75853e-12, 3.09534e-07, 0, 18.8786, 0.8754, 48.9729, 290.94
1217, 6.53465e-09, 9.27992e-14, 9.76797e-12, 0, 0, 8.76909e-14, 0, 0, 9.94846e-12, 3.19141e-07, 0, 18.8461, 0.875467, 48.8831, 290.868
1218, 6.61743e-09, 8.46115e-14, 1.00133e-11, 0, 0, 8.57632e-14, 0, 0, 1.01837e-11, 3.22512e-07, 0, 18.8336, 0.875534, 48.7928, 290.826
1219, 6.59018e-09, 8.27243e-14, 1.03042e-11, 0, 0, 8.25526e-14, 0, 0, 1.04695e-11, 3.20543e-07, 0, 18.8377, 0.8756, 48.7027, 290.815
1220, 6.57304e-09, 8.58914e-14, 1.06094e-11, 0, 0, 8.27381e-14, 0, 0, 1.0778e-11, 3.1916e-07, 0, 18.8403, 0.875667, 48.6137, 290.814
1221, 6.54392e-09, 9.70765e-14, 1.09296e-11, 0, 0, 8.33868e-14, 0, 0, 1.111e-11, 3.17213e-07, 0, 18.8447, 0.875733, 48.5253, 290.823
1222, 6.49287e-09, 1.07851e-13, 1.12613e-11, 0, 0, 8.24683e-14, 0, 0, 1.14516e-11, 3.14163e-07, 0, 18.8526, 0.8758, 48.4368, 290.832
1223, 6.4955e-09, 1.05316e-13, 1.15824e-11, 0, 0, 8.23784e-14, 0, 0, 1.17701e-11, 3.13714e-07, 0, 18.8522, 0.875866, 48.3482, 290.82
1224, 6.55064e-09, 9.48661e-14, 1.18943e-11, 0, 0, 8.3572e-14, 0, 0, 1.20727e-11, 3.15793e-07, 0, 18.8437, 0.875934, 48.2568, 290.795
1225, 6.63699e-09, 8.59266e-14, 1.22011e-11, 0, 0, 8.52615e-14, 0, 0, 1.23723e-11, 3.19133e-07, 0, 18.8306, 0.876, 48.1299, 290.763
1226, 6.64237e-09, 8.9065e-14, 1.25486e-11, 0, 0, 8.49325e-14, 0, 0, 1.27225e-11, 3.17564e-07, 0, 18.8298, 0.876066, 47.8556, 290.756
1227, 6.61599e-09, 9.42718e-14, 1.29159e-11, 0, 0, 8.35862e-14, 0, 0, 1.30938e-11, 3.13797e-07, 0, 18.8338, 0.876133, 47.4863, 290.756
1228, 6.71357e-09, 8.34598e-14, 1.3236e-11, 0, 0, 8.5253e-14, 0, 0, 1.34047e-11, 3.18171e-07, 0, 18.8191, 0.8762, 47.4396, 290.717
1229, 6.81847e-09, 7.24225e-14, 1.35615e-11, 0, 0, 8.77184e-14, 0, 0, 1.37217e-11, 3.24595e-07, 0, 18.8036, 0.876266, 47.6419, 290.679
1230, 6.89031e-09, 6.44593e-14, 1.39071e-11, 0, 0, 8.89978e-14, 0, 0, 1.40605e-11, 3.28415e-07, 0, 18.7931, 0.876333, 47.6986, 290.648
1231, 6.95993e-09, 5.52576e-14, 1.42618e-11, 0, 0, 8.97189e-14, 0, 0, 1.44068e-11, 3.31209e-07, 0, 18.7831, 0.876399, 47.6228, 290.617
1232, 6.9403e-09, 5.60441e-14, 1.4673e-11, 0, 0, 8.87273e-14, 0, 0, 1.48177e-11, 3.29612e-07, 0, 18.7859, 0.876466, 47.5262, 290.614
1233, 6.89931e-09, 6.0132e-14, 1.51031e-11, 0, 0, 8.73332e-14, 0, 0, 1.52506e-11, 3.27131e-07, 0, 18.7918, 0.876533, 47.4493, 290.615
1234, 6.95818e-09, 5.34151e-14, 1.54869e-11, 0, 0, 8.77569e-14, 0, 0, 1.56281e-11, 3.29439e-07, 0, 18.7833, 0.876599, 47.3802, 290.586
1235, 7.02391e-09, 4.52725e-14, 1.58788e-11, 0, 0, 8.83666e-14, 0, 0, 1.60124e-11, 3.32009e-07, 0, 18.7739, 0.876667, 47.3015, 290.556
1236, 7.01486e-09, 4.54732e-14, 1.63256e-11, 0, 0, 8.77242e-14, 0, 0, 1.64588e-11, 3.30987e-07, 0, 18.7752, 0.876733, 47.2154, 290.55
1237, 6.99428e-09, 4.6717e-14, 1.6789e-11, 0, 0, 8.67454e-14, 0, 0, 1.69225e-11, 3.29335e-07, 0, 18.7782, 0.8768, 47.1183, 290.546
1238, 7.00855e-09, 4.358e-14, 1.72414e-11, 0, 0, 8.61914e-14, 0, 0, 1.73711e-11, 3.29028e-07, 0, 18.7761, 0.876867, 46.979, 290.53
1239, 7.01518e-09, 4.15372e-14, 1.77117e-11, 0, 0, 8.53939e-14, 0, 0, 1.78386e-11, 3.27822e-07, 0, 18.7752, 0.876933, 46.7623, 290.518
1240, 6.98272e-09, 4.41425e-14, 1.82222e-11, 0, 0, 8.39443e-14, 0, 0, 1.83503e-11, 3.25163e-07, 0, 18.7798, 0.877, 46.5996, 290.518
1241, 6.9451e-09, 4.70804e-14, 1.87489e-11, 0, 0, 8.26276e-14, 0, 0, 1.88786e-11, 3.23575e-07, 0, 18.7852, 0.877067, 46.6234, 290.52
1242, 6.93933e-09, 4.62865e-14, 1.92655e-11, 0, 0, 8.19012e-14, 0, 0, 1.93937e-11, 3.2344e-07, 0, 18.7861, 0.877133, 46.6413, 290.512
1243, 6.93379e-09, 4.56783e-14, 1.97961e-11, 0, 0, 8.09998e-14, 0, 0, 1.99228e-11, 3.22579e-07, 0, 18.7869, 0.877201, 46.5537, 290.503
1244, 6.90723e-09, 4.75448e-14, 2.03569e-11, 0, 0, 7.96371e-14, 0, 0, 2.04841e-11, 3.20758e-07, 0, 18.7907, 0.877266, 46.4691, 290.502
1245, 6.87921e-09, 4.9401e-14, 2.09326e-11, 0, 0, 7.82288e-14, 0, 0, 2.10602e-11, 3.19124e-07, 0, 18.7948, 0.877333, 46.4212, 290.5
1246, 6.8551e-09, 5.07013e-14, 2.15195e-11, 0, 0, 7.68066e-14, 0, 0, 2.1647e-11, 3.17546e-07, 0, 18.7983, 0.8774, 46.3546, 290.497
1247, 6.82242e-09, 5.31127e-14, 2.2129e-11, 0, 0, 7.51506e-14, 0, 0, 2.22572e-11, 3.15467e-07, 0, 18.8031, 0.877467, 46.2723, 290.496
1248, 6.78063e-09, 5.65967e-14, 2.27617e-11, 0, 0, 7.32531e-14, 0, 0, 2.28915e-11, 3.13009e-07, 0, 18.8092, 0.877533, 46.1958, 290.498
1249, 6.74276e-09, 5.93153e-14, 2.34057e-11, 0, 0, 7.13612e-14, 0, 0, 2.35364e-11, 3.10736e-07, 0, 18.8148, 0.8776, 46.119, 290.499
1250, 6.70808e-09, 6.14392e-14, 2.40623e-11, 0, 0, 6.94701e-14, 0, 0, 2.41933e-11, 3.08551e-07, 0, 18.82, 0.877667, 46.0319, 290.497
1251, 6.6645e-09, 6.47591e-14, 2.47436e-11, 0, 0, 6.73304e-14, 0, 0, 2.48757e-11, 3.0576e-07, 0, 18.8265, 0.877734, 45.9135, 290.498
1252, 6.61379e-09, 6.91511e-14, 2.54492e-11, 0, 0, 6.49989e-14, 0, 0, 2.55833e-11, 3.02446e-07, 0, 18.8341, 0.8778, 45.7638, 290.501
1253, 6.56175e-09, 7.39424e-14, 2.61748e-11, 0, 0, 6.26958e-14, 0, 0, 2.63114e-11, 2.99441e-07, 0, 18.842, 0.877866, 45.6683, 290.505
1254, 6.50336e-09, 7.98563e-14, 2.69262e-11, 0, 0, 6.03107e-14, 0, 0, 2.70664e-11, 2.96451e-07, 0, 18.8509, 0.877933, 45.6173, 290.51
1255, 6.44083e-09, 8.62626e-14, 2.77005e-11, 0, 0, 5.77291e-14, 0, 0, 2.78445e-11, 2.92905e-07, 0, 18.8606, 0.877999, 45.5087, 290.517
1256, 6.38057e-09, 9.2005e-14, 2.849e-11, 0, 0, 5.5052e-14, 0, 0, 2.86371e-11, 2.89254e-07, 0, 18.87, 0.878066, 45.3677, 290.521
1257, 6.31387e-09, 9.83478e-14, 2.93035e-11, 0, 0, 5.21878e-14, 0, 0, 2.94541e-11, 2.8551e-07, 0, 18.8805, 0.878134, 45.2574, 290.527
1258, 6.22103e-09, 1.07775e-13, 3.01592e-11, 0, 0, 4.88624e-14, 0, 0, 3.03158e-11, 2.80938e-07, 0, 18.8953, 0.8782, 45.2037, 290.538
1259, 6.09322e-09, 1.21151e-13, 3.10634e-11, 0, 0, 4.51047e-14, 0, 0, 3.12297e-11, 2.74886e-07, 0, 18.9161, 0.878267, 45.1625, 290.556
1260, 5.93373e-09, 1.3914e-13, 3.20177e-11, 0, 0, 4.11915e-14, 0, 0, 3.2198e-11, 2.67107e-07, 0, 18.9426, 0.878333, 45.0628, 290.58
1261, 5.75205e-09, 1.63044e-13, 3.30249e-11, 0, 0, 3.72949e-14, 0, 0, 3.32252e-11, 2.58118e-07, 0, 18.9737, 0.8784, 44.9227, 290.611
1262, 5.56437e-09, 1.92524e-13, 3.40796e-11, 0, 0, 3.36903e-14, 0, 0, 3.43059e-11, 2.49349e-07, 0, 19.0069, 0.878467, 44.8621, 290.647
1263, 5.39679e-09, 2.21101e-13, 3.51468e-11, 0, 0, 3.06517e-14, 0, 0, 3.53985e-11, 2.42021e-07, 0, 19.0375, 0.878533, 44.8882, 290.679
1264, 5.28451e-09, 2.4006e-13, 3.61786e-11, 0, 0, 2.84757e-14, 0, 0, 3.64472e-11, 2.36975e-07, 0, 19.0585, 0.8786, 44.8785, 290.695
1265, 5.23636e-09, 2.48624e-13, 3.71743e-11, 0, 0, 2.7321e-14, 0, 0, 3.74502e-11, 2.34477e-07, 0, 19.0676, 0.878667, 44.8121, 290.696
1266, 5.21191e-09, 2.55132e-13, 3.81854e-11, 0, 0, 2.67559e-14, 0, 0, 3.84673e-11, 2.32847e-07, 0, 19.0723, 0.878734, 44.7117, 290.695
1267, 5.0727e-09, 2.85981e-13, 3.93524e-11, 0, 0, 2.5409e-14, 0, 0, 3.96638e-11, 2.25718e-07, 0, 19.0994, 0.8788, 44.5439, 290.722
1268, 4.66962e-09, 3.67791e-13, 4.08133e-11, 0, 0, 2.18121e-14, 0, 0, 4.12028e-11, 2.0669e-07, 0, 19.1822, 0.878866, 44.3563, 290.806
1269, 4.43806e-09, 4.15847e-13, 4.21175e-11, 0, 0, 1.98396e-14, 0, 0, 4.25532e-11, 1.96086e-07, 0, 19.233, 0.878933, 44.3155, 290.847
1270, 4.81009e-09, 3.4943e-13, 4.28308e-11, 0, 0, 2.38686e-14, 0, 0, 4.32041e-11, 2.12816e-07, 0, 19.1525, 0.879, 44.3502, 290.76
1271, 5.27676e-09, 2.7181e-13, 4.34896e-11, 0, 0, 2.96087e-14, 0, 0, 4.3791e-11, 2.33474e-07, 0, 19.06, 0.879067, 44.3178, 290.661
1272, 5.49136e-09, 2.42738e-13, 4.44294e-11, 0, 0, 3.33149e-14, 0, 0, 4.47055e-11, 2.42676e-07, 0, 19.0201, 0.879133, 44.2415, 290.616
1273, 5.58482e-09, 2.32883e-13, 4.55048e-11, 0, 0, 3.59131e-14, 0, 0, 4.57736e-11, 2.46385e-07, 0, 19.0032, 0.8792, 44.1564, 290.594
1274, 5.66167e-09, 2.23975e-13, 4.66118e-11, 0, 0, 3.83904e-14, 0, 0, 4.68742e-11, 2.49286e-07, 0, 18.9895, 0.879267, 44.0676, 290.573
1275, 5.73925e-09, 2.14737e-13, 4.77407e-11, 0, 0, 4.09332e-14, 0, 0, 4.79964e-11, 2.52166e-07, 0, 18.9759, 0.879333, 43.9743, 290.551
1276, 5.78888e-09, 2.16817e-13, 4.89572e-11, 0, 0, 4.3261e-14, 0, 0, 4.92173e-11, 2.53762e-07, 0, 18.9673, 0.8794, 43.8745, 290.54
1277, 5.82625e-09, 2.23536e-13, 5.02309e-11, 0, 0, 4.55306e-14, 0, 0, 5.05e-11, 2.54715e-07, 0, 18.9609, 0.879467, 43.7601, 290.535
1278, 5.87523e-09, 2.22974e-13, 5.15111e-11, 0, 0, 4.7776e-14, 0, 0, 5.17819e-11, 2.55975e-07, 0, 18.9525, 0.879533, 43.6125, 290.525
1279, 5.88267e-09, 2.36694e-13, 5.29149e-11, 0, 0, 4.93023e-14, 0, 0, 5.32008e-11, 2.54855e-07, 0, 18.9513, 0.879601, 43.3691, 290.53
1280, 5.89279e-09, 2.47976e-13, 5.43299e-11, 0, 0, 5.04181e-14, 0, 0, 5.46283e-11, 2.51828e-07, 0, 18.9495, 0.879666, 42.7954, 290.531
1281, 5.97358e-09, 2.28706e-13, 5.55952e-11, 0, 0, 5.15422e-14, 0, 0, 5.58754e-11, 2.47953e-07, 0, 18.9359, 0.879734, 41.5857, 290.503
1282, 6.06125e-09, 2.02551e-13, 5.68627e-11, 0, 0, 5.27753e-14, 0, 0, 5.7118e-11, 2.45324e-07, 0, 18.9214, 0.8798, 40.5337, 290.47
1283, 6.08261e-09, 2.00614e-13, 5.83133e-11, 0, 0, 5.49774e-14, 0, 0, 5.85689e-11, 2.49233e-07, 0, 18.9178, 0.879866, 41.0187, 290.462
1284, 6.06382e-09, 2.14895e-13, 5.98901e-11, 0, 0, 5.74882e-14, 0, 0, 6.01625e-11, 2.55559e-07, 0, 18.9209, 0.879933, 42.1834, 290.467
1285, 6.06543e-09, 2.21082e-13, 6.14455e-11, 0, 0, 5.94947e-14, 0, 0, 6.1726e-11, 2.59309e-07, 0, 18.9207, 0.88, 42.7849, 290.464
1286, 6.04461e-09, 2.41851e-13, 6.31078e-11, 0, 0, 6.04036e-14, 0, 0, 6.34101e-11, 2.59356e-07, 0, 18.9241, 0.880067, 42.9382, 290.47
1287, 5.91283e-09, 3.22072e-13, 6.51193e-11, 0, 0, 5.93224e-14, 0, 0, 6.55007e-11, 2.53753e-07, 0, 18.9461, 0.880133, 42.9457, 290.518
1288, 5.72775e-09, 4.32828e-13, 6.73239e-11, 0, 0, 5.72416e-14, 0, 0, 6.78139e-11, 2.45589e-07, 0, 18.9779, 0.8802, 42.9071, 290.584
1289, 5.67439e-09, 4.66309e-13, 6.9186e-11, 0, 0, 5.67649e-14, 0, 0, 6.97091e-11, 2.42983e-07, 0, 18.9873, 0.880267, 42.8535, 290.596
1290, 5.76507e-09, 4.19698e-13, 7.06745e-11, 0, 0, 5.82538e-14, 0, 0, 7.11525e-11, 2.46501e-07, 0, 18.9714, 0.880334, 42.7905, 290.555
1291, 5.73893e-09, 4.54959e-13, 7.25789e-11, 0, 0, 5.81292e-14, 0, 0, 7.3092e-11, 2.45042e-07, 0, 18.976, 0.8804, 42.7283, 290.563
1292, 5.60871e-09, 5.50534e-13, 7.48568e-11, 0, 0, 5.67358e-14, 0, 0, 7.54641e-11, 2.39201e-07, 0, 18.9989, 0.880466, 42.6764, 290.61
1293, 5.60666e-09, 5.54978e-13, 7.67663e-11, 0, 0, 5.71881e-14, 0, 0, 7.73784e-11, 2.38804e-07, 0, 18.9993, 0.880534, 42.6213, 290.604
1294, 5.58633e-09, 5.89227e-13, 7.87981e-11, 0, 0, 5.71157e-14, 0, 0, 7.94444e-11, 2.37567e-07, 0, 19.0029, 0.8806, 42.5525, 290.609
1295, 5.36739e-09, 8.00502e-13, 8.15651e-11, 0, 0, 5.41674e-14, 0, 0, 8.24197e-11, 2.27856e-07, 0, 19.0429, 0.880667, 42.4759, 290.693
1296, 5.1056e-09, 1.08211e-12, 8.45337e-11, 0, 0, 5.08518e-14, 0, 0, 8.56667e-11, 2.16379e-07, 0, 19.0929, 0.880734, 42.4048, 290.792
1297, 5.01963e-09, 1.2336e-12, 8.69123e-11, 0, 0, 4.99851e-14, 0, 0, 8.81958e-11, 2.12393e-07, 0, 19.1099, 0.8808, 42.3375, 290.819
1298, 5.15913e-09, 1.18298e-12, 8.85098e-11, 0, 0, 5.2003e-14, 0, 0, 8.97448e-11, 2.17938e-07, 0, 19.0825, 0.880869, 42.2694, 290.757
1299, 5.20397e-09, 1.32175e-12, 9.05255e-11, 0, 0, 5.27954e-14, 0, 0, 9.19001e-11, 2.19486e-07, 0, 19.0738, 0.880947, 42.1995, 290.744
1300, 4.99056e-09, 1.72567e-12, 9.35969e-11, 0, 0, 5.00827e-14, 0, 0, 9.53726e-11, 2.10128e-07, 0, 19.1157, 0.881057, 42.1273, 290.833
1301, 4.8939e-09, 1.83907e-12, 9.6323e-11, 0, 0, 4.88085e-14, 0, 0, 9.82109e-11, 2.05694e-07, 0, 19.1353, 0.881213, 42.0566, 290.863
1302, 4.90549e-09, 1.91243e-12, 9.86647e-11, 0, 0, 4.91385e-14, 0, 0, 1.00626e-10, 2.05853e-07, 0, 19.1329, 0.881402, 41.9871, 290.854
1303, 4.65513e-09, 2.62093e-12, 1.0199e-10, 0, 0, 4.6214e-14, 0, 0, 1.04657e-10, 1.9504e-07, 0, 19.1853, 0.8816, 41.916, 290.961
1304, 4.3735e-09, 3.26704e-12, 1.05556e-10, 0, 0, 4.27238e-14, 0, 0, 1.08866e-10, 1.829e-07, 0, 19.2477, 0.881801, 41.8424, 291.07
1305, 4.42175e-09, 3.08962e-12, 1.08051e-10, 0, 0, 4.30166e-14, 0, 0, 1.11184e-10, 1.84553e-07, 0, 19.2367, 0.882001, 41.7646, 291.038
1306, 4.3951e-09, 3.26566e-12, 1.10852e-10, 0, 0, 4.23232e-14, 0, 0, 1.1416e-10, 1.83125e-07, 0, 19.2428, 0.8822, 41.6884, 291.048
1307, 4.2375e-09, 3.98677e-12, 1.14005e-10, 0, 0, 4.00706e-14, 0, 0, 1.18032e-10, 1.7626e-07, 0, 19.2793, 0.8824, 41.62, 291.111
1308, 4.24336e-09, 4.30042e-12, 1.16565e-10, 0, 0, 3.97234e-14, 0, 0, 1.20906e-10, 1.76218e-07, 0, 19.2779, 0.8826, 41.5531, 291.103
1309, 4.08551e-09, 4.68622e-12, 1.20229e-10, 0, 0, 3.75562e-14, 0, 0, 1.24953e-10, 1.69398e-07, 0, 19.3158, 0.882799, 41.4826, 291.164
1310, 3.84004e-09, 5.12353e-12, 1.24495e-10, 0, 0, 3.4613e-14, 0, 0, 1.29653e-10, 1.58826e-07, 0, 19.3778, 0.883, 41.3915, 291.256
1311, 3.93898e-09, 4.68227e-12, 1.27344e-10, 0, 0, 3.56544e-14, 0, 0, 1.32062e-10, 1.61929e-07, 0, 19.3523, 0.8832, 41.1879, 291.205
1312, 3.91347e-09, 5.02451e-12, 1.30588e-10, 0, 0, 3.48219e-14, 0, 0, 1.35648e-10, 1.59086e-07, 0, 19.3588, 0.8834, 40.8193, 291.22
1313, 3.4669e-09, 7.00983e-12, 1.3543e-10, 0, 0, 2.89884e-14, 0, 0, 1.42469e-10, 1.39883e-07, 0, 19.48, 0.8836, 40.6273, 291.407
1314, 3.13049e-09, 8.02286e-12, 1.40331e-10, 0, 0, 2.47345e-14, 0, 0, 1.48379e-10, 1.26771e-07, 0, 19.5821, 0.8838, 40.6658, 291.53
1315, 3.2058e-09, 7.16394e-12, 1.43934e-10, 0, 0, 2.52724e-14, 0, 0, 1.51123e-10, 1.30007e-07, 0, 19.5583, 0.884, 40.5434, 291.48
1316, 3.568e-09, 6.33791e-12, 1.45536e-10, 0, 0, 2.93946e-14, 0, 0, 1.51904e-10, 1.44875e-07, 0, 19.4513, 0.884199, 40.5331, 291.328
1317, 3.76154e-09, 6.64737e-12, 1.47611e-10, 0, 0, 3.1981e-14, 0, 0, 1.54291e-10, 1.53263e-07, 0, 19.3984, 0.884399, 40.7246, 291.258
1318, 3.499e-09, 8.13851e-12, 1.52408e-10, 0, 0, 2.93838e-14, 0, 0, 1.60576e-10, 1.42741e-07, 0, 19.4708, 0.8846, 40.8087, 291.376
1319, 3.04564e-09, 1.04369e-11, 1.58213e-10, 0, 0, 2.45628e-14, 0, 0, 1.68674e-10, 1.24123e-07, 0, 19.6096, 0.8848, 40.7755, 291.568
1320, 2.89072e-09, 1.15135e-11, 1.62589e-10, 0, 0, 2.27796e-14, 0, 0, 1.74126e-10, 1.17592e-07, 0, 19.6618, 0.885, 40.7101, 291.624
1321, 3.01157e-09, 1.05384e-11, 1.66404e-10, 0, 0, 2.36881e-14, 0, 0, 1.76966e-10, 1.22298e-07, 0, 19.6208, 0.8852, 40.6405, 291.559
1322, 2.95151e-09, 1.057e-11, 1.71234e-10, 0, 0, 2.30639e-14, 0, 0, 1.81827e-10, 1.19684e-07, 0, 19.641, 0.8854, 40.571, 291.58
1323, 2.71764e-09, 1.24862e-11, 1.76232e-10, 0, 0, 2.11375e-14, 0, 0, 1.88739e-10, 1.1001e-07, 0, 19.7235, 0.8856, 40.5015, 291.681
1324, 2.80122e-09, 1.23385e-11, 1.80042e-10, 0, 0, 2.21764e-14, 0, 0, 1.92403e-10, 1.1317e-07, 0, 19.6932, 0.8858, 40.4317, 291.64
1325, 3.03956e-09, 1.00436e-11, 1.84228e-10, 0, 0, 2.42822e-14, 0, 0, 1.94296e-10, 1.226e-07, 0, 19.6116, 0.886, 40.3613, 291.526
1326, 2.9579e-09, 9.84469e-12, 1.89954e-10, 0, 0, 2.32575e-14, 0, 0, 1.99823e-10, 1.19129e-07, 0, 19.6388, 0.8862, 40.2912, 291.556
1327, 2.57175e-09, 1.33749e-11, 1.95896e-10, 0, 0, 1.95334e-14, 0, 0, 2.0929e-10, 1.03413e-07, 0, 19.7787, 0.8864, 40.2217, 291.728
1328, 2.08684e-09, 1.9374e-11, 2.01119e-10, 0, 0, 1.50631e-14, 0, 0, 2.20508e-10, 8.37764e-08, 0, 19.9876, 0.8866, 40.1534, 291.948
1329, 1.70655e-09, 2.37831e-11, 2.06827e-10, 0, 0, 1.16656e-14, 0, 0, 2.30621e-10, 6.83882e-08, 0, 20.1888, 0.886799, 40.0866, 292.111
1330, 1.47113e-09, 2.5885e-11, 2.1336e-10, 0, 0, 9.65891e-15, 0, 0, 2.39255e-10, 5.88572e-08, 0, 20.3372, 0.887, 40.0195, 292.211
1331, 1.18499e-09, 3.00371e-11, 2.19231e-10, 0, 0, 7.37669e-15, 0, 0, 2.49276e-10, 4.73326e-08, 0, 20.5535, 0.8872, 39.9513, 292.345
1332, 1.05675e-09, 3.25924e-11, 2.24527e-10, 0, 0, 6.36805e-15, 0, 0, 2.57126e-10, 4.21178e-08, 0, 20.6681, 0.887401, 39.883, 292.401
1333, 1.19679e-09, 3.04773e-11, 2.30555e-10, 0, 0, 7.52594e-15, 0, 0, 2.61039e-10, 4.76062e-08, 0, 20.5436, 0.8876, 39.8149, 292.331
1334, 1.43761e-09, 2.78889e-11, 2.35753e-10, 0, 0, 9.4394e-15, 0, 0, 2.63652e-10, 5.7089e-08, 0, 20.3603, 0.887799, 39.7472, 292.22
1335, 1.64398e-09, 2.82227e-11, 2.38745e-10, 0, 0, 1.09035e-14, 0, 0, 2.66979e-10, 6.51862e-08, 0, 20.2261, 0.888, 39.6791, 292.13
1336, 1.6197e-09, 3.16808e-11, 2.42407e-10, 0, 0, 1.06041e-14, 0, 0, 2.74099e-10, 6.41318e-08, 0, 20.241, 0.8882, 39.6099, 292.149
1337, 1.44727e-09, 3.41976e-11, 2.49182e-10, 0, 0, 9.22405e-15, 0, 0, 2.83389e-10, 5.7209e-08, 0, 20.3536, 0.8884, 39.543, 292.225
1338, 1.39865e-09, 3.46083e-11, 2.56082e-10, 0, 0, 8.70322e-15, 0, 0, 2.90699e-10, 5.51845e-08, 0, 20.3878, 0.888601, 39.4814, 292.238
1339, 1.42727e-09, 3.67907e-11, 2.60745e-10, 0, 0, 8.87383e-15, 0, 0, 2.97544e-10, 5.62297e-08, 0, 20.3675, 0.8888, 39.4192, 292.234
1340, 1.28674e-09, 4.36155e-11, 2.64344e-10, 0, 0, 7.97076e-15, 0, 0, 3.07967e-10, 5.06209e-08, 0, 20.4712, 0.889, 39.3533, 292.32
1341, 1.14933e-09, 4.67563e-11, 2.70916e-10, 0, 0, 7.00278e-15, 0, 0, 3.17679e-10, 4.5126e-08, 0, 20.5841, 0.8892, 39.2848, 292.379
1342, 1.13453e-09, 4.59378e-11, 2.79188e-10, 0, 0, 6.89901e-15, 0, 0, 3.25133e-10, 4.44625e-08, 0, 20.597, 0.8894, 39.215, 292.375
1343, 9.68854e-10, 5.58744e-11, 2.8158e-10, 0, 0, 5.85981e-15, 0, 0, 3.3746e-10, 3.79205e-08, 0, 20.7549, 0.889601, 39.1464, 292.484
1344, 6.42546e-10, 7.61683e-11, 2.78343e-10, 0, 0, 3.77787e-15, 0, 0, 3.54515e-10, 2.51145e-08, 0, 21.1656, 0.8898, 39.0819, 292.69
1345, 4.22148e-10, 8.72112e-11, 2.81049e-10, 0, 0, 2.36672e-15, 0, 0, 3.68262e-10, 1.64719e-08, 0, 21.5857, 0.89, 39.0197, 292.807
1346, 2.81786e-10, 9.72495e-11, 2.83407e-10, 0, 0, 1.50472e-15, 0, 0, 3.80658e-10, 1.09808e-08, 0, 21.9899, 0.8902, 38.9561, 292.885
1347, 1.47068e-10, 1.27025e-10, 2.69288e-10, 0, 0, 7.44034e-16, 0, 0, 3.96314e-10, 5.72477e-09, 0, 22.6401, 0.8904, 38.8917, 293.021
1348, 5.96115e-11, 1.60204e-10, 2.5182e-10, 0, 0, 2.85133e-16, 0, 0, 4.12024e-10, 2.3172e-09, 0, 23.5432, 0.890601, 38.8209, 293.146
1349, 2.89076e-11, 1.69638e-10, 2.53909e-10, 0, 0, 1.30626e-16, 0, 0, 4.23548e-10, 1.12082e-09, 0, 24.2669, 0.89081, 38.7135, 293.18
1350, 1.96469e-11, 1.81471e-10, 2.53378e-10, 0, 0, 8.66075e-17, 0, 0, 4.3485e-10, 7.60656e-10, 0, 24.6531, 0.891042, 38.5638, 293.205
1351, 8.29453e-12, 2.07327e-10, 2.40878e-10, 0, 0, 3.62609e-17, 0, 0, 4.48205e-10, 3.21023e-10, 0, 25.5154, 0.89131, 38.4855, 293.262
1352, 1.73823e-12, 2.30786e-10, 2.30363e-10, 0, 0, 7.42728e-18, 0, 0, 4.6115e-10, 6.72383e-11, 0, 27.0782, 0.891601, 38.5003, 293.305
1353, 2.5884e-13, 2.59616e-10, 2.14589e-10, 0, 0, 1.03226e-18, 0, 0, 4.74204e-10, 9.99507e-12, 0, 28.9826, 0.8919, 38.4883, 293.344
1354, 4.19888e-14, 3.01617e-10, 1.8674e-10, 0, 0, 1.56925e-19, 0, 0, 4.88357e-10, 1.61852e-12, 0, 30.8014, 0.8922, 38.4251, 293.395
1355, 5.20615e-15, 3.33972e-10, 1.67909e-10, 0, 0, 1.88391e-20, 0, 0, 5.01881e-10, 2.00499e-13, 0, 32.8889, 0.892501, 38.315, 293.43
1356, 4.82669e-16, 3.37072e-10, 1.76118e-10, 0, 0, 1.63756e-21, 0, 0, 5.1319e-10, 1.85568e-14, 0, 35.2672, 0.8928, 38.1827, 293.424
1357, 9.14792e-17, 3.41201e-10, 1.83566e-10, 0, 0, 2.79178e-22, 0, 0, 5.24767e-10, 3.50399e-15, 0, 36.9304, 0.893101, 38.1118, 293.419
1358, 2.94704e-17, 3.62731e-10, 1.75237e-10, 0, 0, 8.74337e-23, 0, 0, 5.37968e-10, 1.12746e-15, 0, 38.0631, 0.8934, 38.077, 293.434
1359, 5.10892e-18, 3.89749e-10, 1.622e-10, 0, 0, 1.50983e-23, 0, 0, 5.51949e-10, 1.95425e-16, 0, 39.8155, 0.8937, 38.0446, 293.457
1360, 3.8671e-19, 4.21382e-10, 1.45343e-10, 0, 0, 1.13695e-24, 0, 0, 5.66725e-10, 1.47898e-17, 0, 42.3966, 0.894, 38.023, 293.486
1361, 2.95302e-20, 4.5905e-10, 1.23382e-10, 0, 0, 7.94908e-26, 0, 0, 5.82432e-10, 1.12236e-18, 0, 44.9689, 0.8943, 37.9809, 293.523
1362, 7.15325e-20, 4.75946e-10, 1.2062e-10, 0, 0, 1.80366e-25, 0, 0, 5.96566e-10, 2.7043e-18, 0, 44.0841, 0.8946, 37.9199, 293.533
1363, 1.41188e-19, 4.58522e-10, 1.49139e-10, 0, 0, 3.55756e-25, 0, 0, 6.07661e-10, 5.33725e-18, 0, 43.4042, 0.8949, 37.8553, 293.498
1364, 1.23729e-19, 4.59482e-10, 1.61185e-10, 0, 0, 3.10526e-25, 0, 0, 6.20668e-10, 4.6759e-18, 0, 43.5362, 0.8952, 37.7922, 293.485
1365, 7.79454e-20, 4.71985e-10, 1.63159e-10, 0, 0, 1.90843e-25, 0, 0, 6.35144e-10, 2.93997e-18, 0, 43.9983, 0.8955, 37.7284, 293.488
1366, 7.67509e-20, 4.62698e-10, 1.85131e-10, 0, 0, 1.83619e-25, 0, 0, 6.47829e-10, 2.88923e-18, 0, 44.0137, 0.895801, 37.6645, 293.465
1367, 5.55138e-20, 4.80378e-10, 1.82721e-10, 0, 0, 1.32615e-25, 0, 0, 6.63099e-10, 2.08906e-18, 0, 44.3377, 0.8961, 37.6007, 293.471
1368, 1.8386e-20, 5.12299e-10, 1.67669e-10, 0, 0, 4.40116e-26, 0, 0, 6.79968e-10, 6.91797e-19, 0, 45.4427, 0.8964, 37.5276, 293.492
1369, 4.04026e-21, 5.10273e-10, 1.83825e-10, 0, 0, 1.00086e-26, 0, 0, 6.94098e-10, 1.51387e-19, 0, 46.958, 0.8967, 37.4249, 293.476
1370, 5.6546e-20, 5.10668e-10, 1.9814e-10, 0, 0, 1.51009e-25, 0, 0, 7.08808e-10, 2.10154e-18, 0, 44.3192, 0.897, 37.3111, 293.463
1371, 1.02371e-18, 5.30407e-10, 1.95243e-10, 0, 0, 2.73546e-24, 0, 0, 7.2565e-10, 3.80402e-17, 0, 41.4231, 0.8973, 37.2495, 293.472
1372, 8.74045e-18, 5.28914e-10, 2.12041e-10, 0, 0, 2.33245e-23, 0, 0, 7.40956e-10, 3.24649e-16, 0, 39.2786, 0.897599, 37.2119, 293.459
1373, 4.47585e-17, 5.00866e-10, 2.53434e-10, 0, 0, 1.1905e-22, 0, 0, 7.54301e-10, 1.66081e-15, 0, 37.6452, 0.8979, 37.1522, 293.422
1374, 1.6796e-16, 4.76494e-10, 2.91958e-10, 0, 0, 4.45534e-22, 0, 0, 7.68451e-10, 6.22561e-15, 0, 36.3228, 0.8982, 37.0733, 293.391
1375, 4.36653e-16, 4.67975e-10, 3.16436e-10, 0, 0, 1.15967e-21, 0, 0, 7.84411e-10, 1.61659e-14, 0, 35.3674, 0.8985, 36.9966, 293.376
1376, 1.01982e-15, 4.72575e-10, 3.2916e-10, 0, 0, 2.72388e-21, 0, 0, 8.01735e-10, 3.76778e-14, 0, 34.5191, 0.8988, 36.9477, 293.373
1377, 2.21281e-15, 4.76798e-10, 3.42598e-10, 0, 0, 5.92939e-21, 0, 0, 8.19395e-10, 8.16604e-14, 0, 33.7445, 0.8991, 36.9132, 293.369
1378, 2.62245e-15, 4.90108e-10, 3.48141e-10, 0, 0, 7.02908e-21, 0, 0, 8.38249e-10, 9.67564e-14, 0, 33.5747, 0.8994, 36.8746, 293.373
1379, 1.35657e-15, 5.35224e-10, 3.24799e-10, 0, 0, 3.63339e-21, 0, 0, 8.60022e-10, 5.00496e-14, 0, 34.2338, 0.8997, 36.8205, 293.402
1380, 2.99133e-16, 6.0536e-10, 2.78896e-10, 0, 0, 7.99188e-22, 0, 0, 8.84256e-10, 1.10357e-14, 0, 35.7456, 0.9, 36.7692, 293.449
1381, 3.00765e-17, 6.77794e-10, 2.31246e-10, 0, 0, 7.96253e-23, 0, 0, 9.0904e-10, 1.1093e-15, 0, 38.0428, 0.9003, 36.7199, 293.494
1382, 1.73004e-18, 7.27552e-10, 2.04734e-10, 0, 0, 4.46748e-24, 0, 0, 9.32286e-10, 6.37586e-17, 0, 40.8984, 0.9006, 36.6658, 293.521
1383, 1.09905e-19, 7.48029e-10, 2.05178e-10, 0, 0, 2.77179e-25, 0, 0, 9.53206e-10, 4.02929e-18, 0, 43.6547, 0.9009, 36.6091, 293.522
1384, 8.23586e-19, 7.26258e-10, 2.44214e-10, 0, 0, 2.09717e-24, 0, 0, 9.70473e-10, 2.99371e-17, 0, 41.6406, 0.9012, 36.5488, 293.489
1385, 8.06882e-18, 6.99348e-10, 2.88646e-10, 0, 0, 2.055e-23, 0, 0, 9.87995e-10, 2.93209e-16, 0, 39.3585, 0.9015, 36.4875, 293.455
1386, 4.59388e-17, 6.67132e-10, 3.38793e-10, 0, 0, 1.18619e-22, 0, 0, 1.00593e-09, 1.66743e-15, 0, 37.6192, 0.9018, 36.4272, 293.422
1387, 2.50204e-16, 6.51032e-10, 3.74941e-10, 0, 0, 6.61997e-22, 0, 0, 1.02597e-09, 9.06625e-15, 0, 35.9243, 0.9021, 36.3667, 293.404
1388, 1.07406e-15, 6.54541e-10, 3.93724e-10, 0, 0, 2.8635e-21, 0, 0, 1.04827e-09, 3.88902e-14, 0, 34.4673, 0.9024, 36.306, 293.401
1389, 2.57196e-15, 6.07291e-10, 4.59102e-10, 0, 0, 6.83796e-21, 0, 0, 1.06639e-09, 9.3067e-14, 0, 33.5941, 0.9027, 36.246, 293.362
1390, 4.05299e-15, 5.64946e-10, 5.20091e-10, 0, 0, 1.0717e-20, 0, 0, 1.08504e-09, 1.46468e-13, 0, 33.1393, 0.903, 36.1844, 293.325
1391, 4.99406e-15, 6.00802e-10, 5.09978e-10, 0, 0, 1.31817e-20, 0, 0, 1.11078e-09, 1.80268e-13, 0, 32.9305, 0.903299, 36.1201, 293.339
1392, 3.68943e-15, 6.86351e-10, 4.55024e-10, 0, 0, 9.7344e-21, 0, 0, 1.14138e-09, 1.33114e-13, 0, 33.2333, 0.9036, 36.0576, 293.384
1393, 1.34274e-15, 7.23e-10, 4.45066e-10, 0, 0, 3.52143e-21, 0, 0, 1.16806e-09, 4.84285e-14, 0, 34.2441, 0.9039, 35.9982, 293.396
1394, 3.20355e-16, 7.60597e-10, 4.34493e-10, 0, 0, 8.23788e-22, 0, 0, 1.19509e-09, 1.15299e-14, 0, 35.6771, 0.904201, 35.9391, 293.406
1395, 8.24421e-16, 8.69558e-10, 3.5932e-10, 0, 0, 2.20636e-21, 0, 0, 1.22888e-09, 2.94442e-14, 0, 34.7318, 0.9045, 35.8809, 293.458
1396, 6.18143e-15, 9.00944e-10, 3.55911e-10, 0, 0, 1.66352e-20, 0, 0, 1.25686e-09, 2.20661e-13, 0, 32.7172, 0.9048, 35.8238, 293.466
1397, 2.06984e-14, 7.79081e-10, 4.93303e-10, 0, 0, 5.56773e-20, 0, 0, 1.27238e-09, 7.38839e-13, 0, 31.5087, 0.9051, 35.7654, 293.388
1398, 2.9717e-14, 6.6866e-10, 6.20622e-10, 0, 0, 7.97639e-20, 0, 0, 1.28928e-09, 1.06066e-12, 0, 31.1471, 0.905399, 35.7052, 293.318
1399, 1.98229e-14, 7.49884e-10, 5.72896e-10, 0, 0, 5.30901e-20, 0, 0, 1.32278e-09, 7.07148e-13, 0, 31.5519, 0.905692, 35.6439, 293.353
1400, 1.92958e-14, 9.33588e-10, 4.31841e-10, 0, 0, 5.34035e-20, 0, 0, 1.36543e-09, 6.84989e-13, 0, 31.5789, 0.905966, 35.584, 293.439
1401, 7.83158e-14, 9.72329e-10, 4.24011e-10, 0, 0, 2.20249e-19, 0, 0, 1.39634e-09, 2.77473e-12, 0, 30.178, 0.906212, 35.5271, 293.447
1402, 1.81471e-13, 8.3325e-10, 5.79477e-10, 0, 0, 5.10155e-19, 0, 0, 1.41273e-09, 6.42895e-12, 0, 29.3377, 0.906439, 35.4694, 293.366
1403, 1.78299e-13, 7.64339e-10, 6.71469e-10, 0, 0, 4.99891e-19, 0, 0, 1.43581e-09, 6.31617e-12, 0, 29.3553, 0.90666, 35.405, 293.322
1404, 7.93789e-14, 8.67016e-10, 6.07165e-10, 0, 0, 2.20754e-19, 0, 0, 1.47418e-09, 2.81069e-12, 0, 30.1645, 0.90688, 35.3356, 293.365
1405, 3.40517e-14, 9.36853e-10, 5.73712e-10, 0, 0, 9.24064e-20, 0, 0, 1.51056e-09, 1.20185e-12, 0, 31.0109, 0.9071, 35.2775, 293.39
1406, 3.80692e-14, 9.11769e-10, 6.27718e-10, 0, 0, 1.02384e-19, 0, 0, 1.53949e-09, 1.34032e-12, 0, 30.8994, 0.90732, 35.2301, 293.371
1407, 4.10259e-14, 9.18604e-10, 6.52931e-10, 0, 0, 1.1092e-19, 0, 0, 1.57154e-09, 1.44235e-12, 0, 30.8246, 0.90754, 35.1781, 293.366
1408, 4.34096e-14, 9.29649e-10, 6.7478e-10, 0, 0, 1.18316e-19, 0, 0, 1.60443e-09, 1.52334e-12, 0, 30.7681, 0.90776, 35.1208, 293.362
1409, 6.40669e-14, 9.6793e-10, 6.72118e-10, 0, 0, 1.82974e-19, 0, 0, 1.64005e-09, 2.24082e-12, 0, 30.3788, 0.90798, 35.0627, 293.368
1410, 3.33378e-13, 9.52719e-10, 7.18892e-10, 0, 0, 1.04197e-18, 0, 0, 1.67161e-09, 1.16216e-11, 0, 28.7295, 0.9082, 35.0048, 293.351
1411, 2.01397e-12, 8.51382e-10, 8.4439e-10, 0, 0, 6.51822e-18, 0, 0, 1.69577e-09, 7.01465e-11, 0, 26.9309, 0.90842, 34.9465, 293.294
1412, 6.53298e-12, 7.81379e-10, 9.40341e-10, 0, 0, 2.13608e-17, 0, 0, 1.72172e-09, 2.27483e-10, 0, 25.7542, 0.908641, 34.8883, 293.244
1413, 9.64777e-12, 8.17407e-10, 9.40973e-10, 0, 0, 3.16452e-17, 0, 0, 1.75838e-09, 3.3588e-10, 0, 25.3643, 0.908861, 34.8293, 293.244
1414, 7.57371e-12, 9.63434e-10, 8.4484e-10, 0, 0, 2.50652e-17, 0, 0, 1.80827e-09, 2.63329e-10, 0, 25.6063, 0.909081, 34.7657, 293.303
1415, 9.47928e-12, 9.75241e-10, 8.70207e-10, 0, 0, 3.22636e-17, 0, 0, 1.84545e-09, 3.28265e-10, 0, 25.3819, 0.9093, 34.687, 293.298
1416, 1.63269e-11, 8.05867e-10, 1.0593e-09, 0, 0, 5.59846e-17, 0, 0, 1.86517e-09, 5.64691e-10, 0, 24.8382, 0.90952, 34.5936, 293.21
1417, 1.44498e-11, 7.50027e-10, 1.14885e-09, 0, 0, 4.93553e-17, 0, 0, 1.89888e-09, 4.99561e-10, 0, 24.9603, 0.90974, 34.5361, 293.185
1418, 6.62364e-12, 8.85243e-10, 1.06673e-09, 0, 0, 2.21801e-17, 0, 0, 1.95198e-09, 2.28843e-10, 0, 25.7404, 0.909961, 34.5162, 293.241
1419, 3.02061e-12, 1.04563e-09, 9.60814e-10, 0, 0, 9.74761e-18, 0, 0, 2.00644e-09, 1.04126e-10, 0, 26.5256, 0.91018, 34.4804, 293.298
1420, 5.71518e-12, 1.02832e-09, 1.01568e-09, 0, 0, 1.89922e-17, 0, 0, 2.044e-09, 1.96218e-10, 0, 25.8879, 0.910399, 34.4278, 293.279
1421, 1.84847e-11, 8.63992e-10, 1.20169e-09, 0, 0, 6.33873e-17, 0, 0, 2.06569e-09, 6.3398e-10, 0, 24.7141, 0.91062, 34.3734, 293.192
1422, 3.36391e-11, 7.89813e-10, 1.30583e-09, 0, 0, 1.1694e-16, 0, 0, 2.09564e-09, 1.15331e-09, 0, 24.1153, 0.910841, 34.3181, 293.138
1423, 3.3613e-11, 8.76851e-10, 1.26908e-09, 0, 0, 1.16869e-16, 0, 0, 2.14594e-09, 1.15142e-09, 0, 24.1161, 0.91106, 34.2613, 293.163
1424, 3.17108e-11, 9.04115e-10, 1.28741e-09, 0, 0, 1.09135e-16, 0, 0, 2.19152e-09, 1.08388e-09, 0, 24.1744, 0.91128, 34.2013, 293.166
1425, 4.30506e-11, 8.30225e-10, 1.39536e-09, 0, 0, 1.51121e-16, 0, 0, 2.22558e-09, 1.46833e-09, 0, 23.8686, 0.911499, 34.1367, 293.121
1426, 6.11835e-11, 7.92059e-10, 1.47127e-09, 0, 0, 2.20824e-16, 0, 0, 2.26333e-09, 2.0841e-09, 0, 23.5171, 0.91172, 34.0779, 293.088
1427, 5.92557e-11, 8.41145e-10, 1.47484e-09, 0, 0, 2.15417e-16, 0, 0, 2.31599e-09, 2.01687e-09, 0, 23.5492, 0.91194, 34.0294, 293.109
1428, 5.0807e-11, 9.31733e-10, 1.44276e-09, 0, 0, 1.8327e-16, 0, 0, 2.3745e-09, 1.72496e-09, 0, 23.703, 0.91216, 33.9786, 293.146
1429, 9.76307e-11, 8.70108e-10, 1.53275e-09, 0, 0, 3.50344e-16, 0, 0, 2.40286e-09, 3.3061e-09, 0, 23.0498, 0.91238, 33.9223, 293.072
1430, 1.71054e-10, 7.4422e-10, 1.67535e-09, 0, 0, 6.1224e-16, 0, 0, 2.41957e-09, 5.78883e-09, 0, 22.489, 0.9126, 33.8604, 292.956
1431, 1.55941e-10, 8.27253e-10, 1.65441e-09, 0, 0, 5.51481e-16, 0, 0, 2.48166e-09, 5.27552e-09, 0, 22.5815, 0.91282, 33.7987, 292.997
1432, 8.02161e-11, 9.89712e-10, 1.5768e-09, 0, 0, 2.62679e-16, 0, 0, 2.56651e-09, 2.71057e-09, 0, 23.2463, 0.91304, 33.7481, 293.109
1433, 5.44236e-11, 9.75247e-10, 1.64524e-09, 0, 0, 1.44852e-16, 0, 0, 2.62048e-09, 1.83348e-09, 0, 23.6342, 0.91326, 33.6938, 293.113
1434, 5.68434e-11, 9.0517e-10, 1.75857e-09, 0, 0, 1.47138e-16, 0, 0, 2.66374e-09, 1.91168e-09, 0, 23.5907, 0.91348, 33.6387, 293.078
1435, 6.36213e-11, 8.37815e-10, 1.86884e-09, 0, 0, 1.75685e-16, 0, 0, 2.70666e-09, 2.13636e-09, 0, 23.4781, 0.913701, 33.5955, 293.041
1436, 6.63311e-11, 8.31117e-10, 1.92681e-09, 0, 0, 1.86344e-16, 0, 0, 2.75793e-09, 2.22477e-09, 0, 23.4364, 0.91392, 33.5502, 293.027
1437, 5.64651e-11, 9.5851e-10, 1.87075e-09, 0, 0, 1.56638e-16, 0, 0, 2.82926e-09, 1.88913e-09, 0, 23.5974, 0.91414, 33.4925, 293.072
1438, 6.75723e-11, 1.00404e-09, 1.88309e-09, 0, 0, 1.86783e-16, 0, 0, 2.88713e-09, 2.25008e-09, 0, 23.4178, 0.91436, 33.4119, 293.072
1439, 8.85555e-11, 9.26776e-10, 2.00231e-09, 0, 0, 2.40641e-16, 0, 0, 2.92909e-09, 2.93496e-09, 0, 23.1474, 0.91458, 33.2583, 293.022
1440, 8.0865e-11, 8.92776e-10, 2.09234e-09, 0, 0, 2.10462e-16, 0, 0, 2.98512e-09, 2.65796e-09, 0, 23.2382, 0.9148, 33.0253, 293.011
1441, 5.72152e-11, 9.09189e-10, 2.14475e-09, 0, 0, 1.43494e-16, 0, 0, 3.05394e-09, 1.86245e-09, 0, 23.5842, 0.91502, 32.8723, 293.033
1442, 5.55207e-11, 9.26497e-10, 2.1892e-09, 0, 0, 1.44404e-16, 0, 0, 3.1157e-09, 1.80295e-09, 0, 23.6143, 0.915239, 32.7896, 293.032
1443, 8.78718e-11, 8.88652e-10, 2.27081e-09, 0, 0, 2.38384e-16, 0, 0, 3.15946e-09, 2.85679e-09, 0, 23.1551, 0.91546, 32.7317, 292.979
1444, 1.02066e-10, 9.15657e-10, 2.30388e-09, 0, 0, 2.82965e-16, 0, 0, 3.21954e-09, 3.32112e-09, 0, 23.0054, 0.91568, 32.7562, 292.968
1445, 7.84628e-11, 1.13101e-09, 2.18474e-09, 0, 0, 2.25111e-16, 0, 0, 3.31575e-09, 2.55846e-09, 0, 23.2684, 0.9159, 32.8125, 293.048
1446, 9.0009e-11, 1.20763e-09, 2.17978e-09, 0, 0, 2.83132e-16, 0, 0, 3.38741e-09, 2.94758e-09, 0, 23.1311, 0.91612, 32.8651, 293.06
1447, 1.91865e-10, 9.49362e-10, 2.44733e-09, 0, 0, 6.40502e-16, 0, 0, 3.3967e-09, 6.29373e-09, 0, 22.3742, 0.91634, 32.882, 292.911
1448, 2.95879e-10, 7.02993e-10, 2.70205e-09, 0, 0, 9.97396e-16, 0, 0, 3.40505e-09, 9.70895e-09, 0, 21.9411, 0.916558, 32.8684, 292.76
1449, 2.67307e-10, 7.82939e-10, 2.70534e-09, 0, 0, 8.93365e-16, 0, 0, 3.48828e-09, 8.77096e-09, 0, 22.0426, 0.916768, 32.8389, 292.796
1450, 1.52135e-10, 1.16e-09, 2.47347e-09, 0, 0, 4.99811e-16, 0, 0, 3.63347e-09, 4.98914e-09, 0, 22.6063, 0.916949, 32.7935, 292.976
1451, 9.76544e-11, 1.32012e-09, 2.41662e-09, 0, 0, 3.13705e-16, 0, 0, 3.73674e-09, 3.19312e-09, 0, 23.0496, 0.917088, 32.7387, 293.046
1452, 1.66018e-10, 1.0555e-09, 2.69921e-09, 0, 0, 5.50949e-16, 0, 0, 3.75471e-09, 5.39716e-09, 0, 22.5189, 0.917199, 32.666, 292.916
1453, 3.27318e-10, 7.37447e-10, 3.00275e-09, 0, 0, 1.12828e-15, 0, 0, 3.7402e-09, 1.05441e-08, 0, 21.8401, 0.9173, 32.5128, 292.711
1454, 4.34341e-10, 6.15716e-10, 3.15226e-09, 0, 0, 1.50516e-15, 0, 0, 3.76797e-09, 1.38118e-08, 0, 21.5572, 0.9174, 32.246, 292.603
1455, 3.8537e-10, 6.76854e-10, 3.18852e-09, 0, 0, 1.32262e-15, 0, 0, 3.86538e-09, 1.21574e-08, 0, 21.6768, 0.9175, 32.1114, 292.652
1456, 3.74788e-10, 6.73892e-10, 3.26844e-09, 0, 0, 1.31335e-15, 0, 0, 3.94233e-09, 1.19848e-08, 0, 21.7047, 0.9176, 32.2396, 292.652
1457, 4.96075e-10, 5.86814e-10, 3.38294e-09, 0, 0, 1.79269e-15, 0, 0, 3.96975e-09, 1.6039e-08, 0, 21.4243, 0.917701, 32.367, 292.541
1458, 6.6071e-10, 5.03959e-10, 3.48345e-09, 0, 0, 2.4339e-15, 0, 0, 3.98741e-09, 2.13972e-08, 0, 21.1377, 0.9178, 32.3996, 292.408
1459, 6.94896e-10, 5.00717e-10, 3.55675e-09, 0, 0, 2.57552e-15, 0, 0, 4.05747e-09, 2.25146e-08, 0, 21.0873, 0.9179, 32.4094, 292.389
1460, 5.14025e-10, 6.54393e-10, 3.55956e-09, 0, 0, 1.87131e-15, 0, 0, 4.21395e-09, 1.66549e-08, 0, 21.3888, 0.918, 32.3984, 292.546
1461, 3.7293e-10, 7.61837e-10, 3.59215e-09, 0, 0, 1.31792e-15, 0, 0, 4.35399e-09, 1.20644e-08, 0, 21.7096, 0.9181, 32.3553, 292.66
1462, 4.03607e-10, 7.74485e-10, 3.65647e-09, 0, 0, 1.43812e-15, 0, 0, 4.43096e-09, 1.30254e-08, 0, 21.6306, 0.9182, 32.2954, 292.642
1463, 5.0511e-10, 8.1536e-10, 3.6723e-09, 0, 0, 1.8217e-15, 0, 0, 4.48766e-09, 1.62514e-08, 0, 21.4062, 0.918301, 32.2193, 292.582
1464, 6.24749e-10, 8.35892e-10, 3.69789e-09, 0, 0, 2.26874e-15, 0, 0, 4.53378e-09, 2.00582e-08, 0, 21.1937, 0.918401, 32.1545, 292.501
1465, 5.40339e-10, 9.88078e-10, 3.68159e-09, 0, 0, 1.94841e-15, 0, 0, 4.66967e-09, 1.73452e-08, 0, 21.3388, 0.9185, 32.1268, 292.588
1466, 2.86805e-10, 1.21044e-09, 3.66968e-09, 0, 0, 9.94403e-16, 0, 0, 4.88012e-09, 9.20727e-09, 0, 21.9722, 0.9186, 32.1017, 292.803
1467, 1.77258e-10, 1.21761e-09, 3.79584e-09, 0, 0, 5.76305e-16, 0, 0, 5.01345e-09, 5.67899e-09, 0, 22.4534, 0.9187, 32.0565, 292.869
1468, 2.27407e-10, 1.06877e-09, 3.99904e-09, 0, 0, 7.4315e-16, 0, 0, 5.06781e-09, 7.27212e-09, 0, 22.2043, 0.9188, 32.0058, 292.793
1469, 2.31083e-10, 1.14921e-09, 4.02587e-09, 0, 0, 7.59672e-16, 0, 0, 5.17509e-09, 7.38519e-09, 0, 22.1882, 0.9189, 31.9573, 292.807
1470, 1.42527e-10, 1.49863e-09, 3.8567e-09, 0, 0, 4.53377e-16, 0, 0, 5.35533e-09, 4.55063e-09, 0, 22.6715, 0.919, 31.9075, 292.938
1471, 8.89705e-11, 1.70902e-09, 3.79413e-09, 0, 0, 2.61255e-16, 0, 0, 5.50314e-09, 2.83299e-09, 0, 23.1427, 0.9191, 31.8568, 293.007
1472, 1.22915e-10, 1.62548e-09, 3.95152e-09, 0, 0, 3.71209e-16, 0, 0, 5.577e-09, 3.90026e-09, 0, 22.8195, 0.9192, 31.8046, 292.955
1473, 2.89002e-10, 1.35369e-09, 4.22271e-09, 0, 0, 9.92066e-16, 0, 0, 5.5764e-09, 9.15077e-09, 0, 21.9646, 0.9193, 31.7461, 292.785
1474, 6.00166e-10, 9.93421e-10, 4.51896e-09, 0, 0, 2.21412e-15, 0, 0, 5.51238e-09, 1.89887e-08, 0, 21.2338, 0.9194, 31.6845, 292.515
1475, 7.431e-10, 8.66415e-10, 4.6818e-09, 0, 0, 2.78622e-15, 0, 0, 5.54822e-09, 2.35034e-08, 0, 21.0202, 0.9195, 31.6299, 292.403
1476, 5.35835e-10, 1.07593e-09, 4.69253e-09, 0, 0, 1.95195e-15, 0, 0, 5.76846e-09, 1.69259e-08, 0, 21.3472, 0.9196, 31.5592, 292.576
1477, 3.49712e-10, 1.29083e-09, 4.68823e-09, 0, 0, 1.18016e-15, 0, 0, 5.97906e-09, 1.09628e-08, 0, 21.7739, 0.9197, 31.4464, 292.723
1478, 3.73567e-10, 1.30868e-09, 4.76823e-09, 0, 0, 1.2208e-15, 0, 0, 6.07692e-09, 1.15821e-08, 0, 21.7079, 0.9198, 31.3271, 292.697
1479, 4.09541e-10, 1.2769e-09, 4.8938e-09, 0, 0, 1.34758e-15, 0, 0, 6.1707e-09, 1.26826e-08, 0, 21.616, 0.9199, 31.2936, 292.664
1480, 3.81999e-10, 1.36932e-09, 4.94351e-09, 0, 0, 1.27272e-15, 0, 0, 6.31283e-09, 1.18858e-08, 0, 21.6856, 0.92, 31.3233, 292.696
1481, 4.45573e-10, 1.35895e-09, 5.03802e-09, 0, 0, 1.52705e-15, 0, 0, 6.39697e-09, 1.39064e-08, 0, 21.5317, 0.9201, 31.3152, 292.645
1482, 6.03597e-10, 1.14341e-09, 5.26715e-09, 0, 0, 2.13148e-15, 0, 0, 6.41056e-09, 1.88379e-08, 0, 21.2281, 0.9202, 31.2746, 292.496
1483, 7.53236e-10, 8.8991e-10, 5.53487e-09, 0, 0, 2.70988e-15, 0, 0, 6.42478e-09, 2.34792e-08, 0, 21.0066, 0.9203, 31.2142, 292.348
1484, 7.44225e-10, 8.68058e-10, 5.67976e-09, 0, 0, 2.69121e-15, 0, 0, 6.54782e-09, 2.31676e-08, 0, 21.0187, 0.9204, 31.145, 292.348
1485, 6.27667e-10, 9.99745e-10, 5.74627e-09, 0, 0, 2.24436e-15, 0, 0, 6.74602e-09, 1.95218e-08, 0, 21.189, 0.9205, 31.0786, 292.444
1486, 5.03454e-10, 1.12571e-09, 5.82587e-09, 0, 0, 1.7455e-15, 0, 0, 6.95158e-09, 1.56124e-08, 0, 21.4095, 0.9206, 30.9613, 292.542
1487, 4.75179e-10, 1.16635e-09, 5.9348e-09, 0, 0, 1.63599e-15, 0, 0, 7.10116e-09, 1.45788e-08, 0, 21.4673, 0.9207, 30.6515, 292.563
1488, 6.83556e-10, 1.01735e-09, 6.08532e-09, 0, 0, 2.51293e-15, 0, 0, 7.10268e-09, 2.08723e-08, 0, 21.1037, 0.9208, 30.3223, 292.398
1489, 1.03783e-09, 8.20792e-10, 6.20348e-09, 0, 0, 4.12779e-15, 0, 0, 7.02428e-09, 3.18791e-08, 0, 20.6861, 0.9209, 30.4548, 292.133
1490, 1.36756e-09, 7.05318e-10, 6.26891e-09, 0, 0, 5.74995e-15, 0, 0, 6.97423e-09, 4.21816e-08, 0, 20.4102, 0.921, 30.7615, 291.903
1491, 1.43089e-09, 6.83348e-10, 6.38939e-09, 0, 0, 6.03189e-15, 0, 0, 7.07275e-09, 4.4152e-08, 0, 20.365, 0.9211, 30.8545, 291.861
1492, 1.30896e-09, 6.49092e-10, 6.61227e-09, 0, 0, 5.35661e-15, 0, 0, 7.26137e-09, 4.03428e-08, 0, 20.454, 0.9212, 30.8333, 291.927
1493, 1.39981e-09, 5.27869e-10, 6.80236e-09, 0, 0, 5.76699e-15, 0, 0, 7.33023e-09, 4.30816e-08, 0, 20.3869, 0.9213, 30.7976, 291.845
1494, 1.52488e-09, 4.89483e-10, 6.90677e-09, 0, 0, 6.33983e-15, 0, 0, 7.39626e-09, 4.68733e-08, 0, 20.3014, 0.9214, 30.7608, 291.758
1495, 1.51414e-09, 5.58424e-10, 6.98798e-09, 0, 0, 6.19798e-15, 0, 0, 7.5464e-09, 4.63717e-08, 0, 20.3084, 0.9215, 30.6915, 291.77
1496, 1.6347e-09, 5.94471e-10, 7.02672e-09, 0, 0, 6.76588e-15, 0, 0, 7.62119e-09, 4.95583e-08, 0, 20.2318, 0.9216, 30.5184, 291.692
1497, 1.88409e-09, 5.35262e-10, 7.08223e-09, 0, 0, 8.04958e-15, 0, 0, 7.6175e-09, 5.6686e-08, 0, 20.0898, 0.9217, 30.3383, 291.523
1498, 2.00104e-09, 4.48869e-10, 7.23045e-09, 0, 0, 8.72052e-15, 0, 0, 7.67934e-09, 6.03949e-08, 0, 20.0296, 0.921796, 30.3573, 291.429
1499, 2.11902e-09, 3.56643e-10, 7.37219e-09, 0, 0, 9.48108e-15, 0, 0, 7.72884e-09, 6.40319e-08, 0, 19.9723, 0.921873, 30.3573, 291.321
1500, 2.36632e-09, 2.72129e-10, 7.43632e-09, 0, 0, 1.10114e-14, 0, 0, 7.70846e-09, 7.09901e-08, 0, 19.8619, 0.921881, 30.1685, 291.133
1501, 2.48721e-09, 2.63998e-10, 7.51876e-09, 0, 0, 1.17538e-14, 0, 0, 7.78277e-09, 7.43441e-08, 0, 19.8121, 0.921792, 30.0264, 291.053
1502, 2.30161e-09, 3.45527e-10, 7.71251e-09, 0, 0, 1.05403e-14, 0, 0, 8.05804e-09, 6.84206e-08, 0, 19.8897, 0.921637, 29.8129, 291.196
1503, 1.89607e-09, 4.77864e-10, 8.00372e-09, 0, 0, 8.06666e-15, 0, 0, 8.48159e-09, 5.55268e-08, 0, 20.0835, 0.921459, 29.3324, 291.486
1504, 1.67176e-09, 5.53246e-10, 8.2315e-09, 0, 0, 6.83844e-15, 0, 0, 8.78475e-09, 4.86511e-08, 0, 20.2094, 0.92128, 28.8912, 291.633
1505, 2.00952e-09, 4.39928e-10, 8.25275e-09, 0, 0, 8.94006e-15, 0, 0, 8.69269e-09, 5.93782e-08, 0, 20.0254, 0.921099, 28.9888, 291.375
1506, 2.56981e-09, 2.67772e-10, 8.17758e-09, 0, 0, 1.24458e-14, 0, 0, 8.44536e-09, 7.69648e-08, 0, 19.7794, 0.92092, 29.5716, 290.955
1507, 2.71695e-09, 2.48923e-10, 8.25513e-09, 0, 0, 1.34826e-14, 0, 0, 8.50407e-09, 8.1651e-08, 0, 19.7238, 0.92074, 29.866, 290.853
1508, 2.43561e-09, 3.54949e-10, 8.51961e-09, 0, 0, 1.18016e-14, 0, 0, 8.87457e-09, 7.29896e-08, 0, 19.8331, 0.92056, 29.6912, 291.068
1509, 2.35339e-09, 3.7549e-10, 8.70984e-09, 0, 0, 1.12352e-14, 0, 0, 9.08535e-09, 7.03422e-08, 0, 19.8674, 0.92038, 29.5886, 291.113
1510, 2.62661e-09, 2.59583e-10, 8.76076e-09, 0, 0, 1.27382e-14, 0, 0, 9.02036e-09, 7.85631e-08, 0, 19.7576, 0.9202, 29.7679, 290.886
1511, 2.80761e-09, 1.81296e-10, 8.85158e-09, 0, 0, 1.37355e-14, 0, 0, 9.03289e-09, 8.39087e-08, 0, 19.6909, 0.92002, 29.8635, 290.735
1512, 2.7728e-09, 1.95897e-10, 9.03142e-09, 0, 0, 1.34687e-14, 0, 0, 9.22732e-09, 8.24638e-08, 0, 19.7034, 0.91984, 29.7107, 290.761
1513, 2.60631e-09, 2.42934e-10, 9.28502e-09, 0, 0, 1.22913e-14, 0, 0, 9.52796e-09, 7.67729e-08, 0, 19.7653, 0.91966, 29.3649, 290.883
1514, 2.59067e-09, 2.42135e-10, 9.45983e-09, 0, 0, 1.21823e-14, 0, 0, 9.70198e-09, 7.59947e-08, 0, 19.7713, 0.91948, 29.2173, 290.882
1515, 2.77657e-09, 1.99374e-10, 9.51783e-09, 0, 0, 1.34969e-14, 0, 0, 9.71722e-09, 8.18866e-08, 0, 19.702, 0.9193, 29.4178, 290.733
1516, 2.80533e-09, 1.96998e-10, 9.67318e-09, 0, 0, 1.36356e-14, 0, 0, 9.8702e-09, 8.28998e-08, 0, 19.6917, 0.91912, 29.5189, 290.709
1517, 2.68223e-09, 2.2386e-10, 9.92636e-09, 0, 0, 1.26994e-14, 0, 0, 1.01502e-08, 7.90508e-08, 0, 19.7366, 0.91894, 29.4398, 290.796
1518, 2.63387e-09, 2.31254e-10, 1.01381e-08, 0, 0, 1.23071e-14, 0, 0, 1.03693e-08, 7.70767e-08, 0, 19.7548, 0.91876, 29.2458, 290.825
1519, 2.67442e-09, 2.16413e-10, 1.02941e-08, 0, 0, 1.24397e-14, 0, 0, 1.05106e-08, 7.72469e-08, 0, 19.7395, 0.91858, 28.8902, 290.783
1520, 2.86131e-09, 1.70385e-10, 1.03462e-08, 0, 0, 1.36615e-14, 0, 0, 1.05166e-08, 8.24957e-08, 0, 19.672, 0.9184, 28.8143, 290.626
1521, 3.09155e-09, 1.21237e-10, 1.0363e-08, 0, 0, 1.53796e-14, 0, 0, 1.04843e-08, 9.00975e-08, 0, 19.5946, 0.91822, 29.1255, 290.437
1522, 3.21824e-09, 9.53847e-11, 1.04513e-08, 0, 0, 1.63003e-14, 0, 0, 1.05467e-08, 9.43292e-08, 0, 19.5544, 0.91804, 29.3168, 290.329
1523, 3.24395e-09, 8.96739e-11, 1.06169e-08, 0, 0, 1.63738e-14, 0, 0, 1.07066e-08, 9.50482e-08, 0, 19.5465, 0.91786, 29.311, 290.301
1524, 3.1496e-09, 1.06359e-10, 1.088e-08, 0, 0, 1.54928e-14, 0, 0, 1.09864e-08, 9.19501e-08, 0, 19.576, 0.917681, 29.1983, 290.37
1525, 3.01848e-09, 1.26682e-10, 1.11762e-08, 0, 0, 1.4189e-14, 0, 0, 1.13029e-08, 8.71498e-08, 0, 19.6185, 0.9175, 28.8615, 290.463
1526, 2.97001e-09, 1.3378e-10, 1.14084e-08, 0, 0, 1.35245e-14, 0, 0, 1.15422e-08, 8.43541e-08, 0, 19.6347, 0.91732, 28.3728, 290.489
1527, 3.02469e-09, 1.27534e-10, 1.15574e-08, 0, 0, 1.39616e-14, 0, 0, 1.16849e-08, 8.58718e-08, 0, 19.6165, 0.91714, 28.348, 290.438
1528, 3.11847e-09, 1.12093e-10, 1.16777e-08, 0, 0, 1.4819e-14, 0, 0, 1.17898e-08, 8.96922e-08, 0, 19.5859, 0.91696, 28.7441, 290.358
1529, 3.14373e-09, 1.05081e-10, 1.18605e-08, 0, 0, 1.49711e-14, 0, 0, 1.19656e-08, 9.10071e-08, 0, 19.5779, 0.91678, 28.9576, 290.33
1530, 3.11305e-09, 1.07903e-10, 1.20918e-08, 0, 0, 1.45684e-14, 0, 0, 1.21997e-08, 9.01034e-08, 0, 19.5877, 0.9166, 28.9603, 290.343
1531, 3.12509e-09, 1.04844e-10, 1.22807e-08, 0, 0, 1.44437e-14, 0, 0, 1.23856e-08, 9.02621e-08, 0, 19.5838, 0.91642, 28.9049, 290.318
1532, 3.21651e-09, 8.62344e-11, 1.2393e-08, 0, 0, 1.47406e-14, 0, 0, 1.24792e-08, 9.24966e-08, 0, 19.555, 0.91624, 28.7851, 290.225
1533, 3.28406e-09, 6.99237e-11, 1.25277e-08, 0, 0, 1.46844e-14, 0, 0, 1.25976e-08, 9.32486e-08, 0, 19.5342, 0.91606, 28.4256, 290.15
1534, 3.25442e-09, 7.14531e-11, 1.276e-08, 0, 0, 1.39603e-14, 0, 0, 1.28314e-08, 9.04884e-08, 0, 19.5433, 0.91588, 27.8477, 290.155
1535, 3.19487e-09, 7.99596e-11, 1.30307e-08, 0, 0, 1.34619e-14, 0, 0, 1.31107e-08, 8.8395e-08, 0, 19.5617, 0.9157, 27.7262, 290.188
1536, 3.1777e-09, 8.30555e-11, 1.32692e-08, 0, 0, 1.37615e-14, 0, 0, 1.33523e-08, 8.93632e-08, 0, 19.5671, 0.91552, 28.1639, 290.193
1537, 3.19838e-09, 8.06597e-11, 1.34752e-08, 0, 0, 1.44161e-14, 0, 0, 1.35559e-08, 9.09893e-08, 0, 19.5606, 0.915339, 28.4747, 290.169
1538, 3.22607e-09, 7.53622e-11, 1.36705e-08, 0, 0, 1.4799e-14, 0, 0, 1.37459e-08, 9.1993e-08, 0, 19.552, 0.91516, 28.5374, 290.135
1539, 3.22997e-09, 7.1964e-11, 1.38852e-08, 0, 0, 1.46394e-14, 0, 0, 1.39572e-08, 9.20232e-08, 0, 19.5508, 0.91498, 28.5137, 290.113
1540, 3.22186e-09, 7.09298e-11, 1.4116e-08, 0, 0, 1.44007e-14, 0, 0, 1.41869e-08, 9.16077e-08, 0, 19.5533, 0.9148, 28.4588, 290.101
1541, 3.19649e-09, 7.46551e-11, 1.43785e-08, 0, 0, 1.42157e-14, 0, 0, 1.44532e-08, 9.06135e-08, 0, 19.5612, 0.91462, 28.3725, 290.109
1542, 3.15912e-09, 8.16548e-11, 1.4663e-08, 0, 0, 1.40289e-14, 0, 0, 1.47447e-08, 8.89843e-08, 0, 19.573, 0.91444, 28.1827, 290.13
1543, 3.14134e-09, 8.54979e-11, 1.49265e-08, 0, 0, 1.39263e-14, 0, 0, 1.5012e-08, 8.7041e-08, 0, 19.5786, 0.91426, 27.6853, 290.134
1544, 3.13028e-09, 8.77897e-11, 1.51833e-08, 0, 0, 1.38579e-14, 0, 0, 1.52711e-08, 8.5096e-08, 0, 19.5821, 0.91408, 27.1139, 290.13
1545, 3.13492e-09, 8.52969e-11, 1.54218e-08, 0, 0, 1.41496e-14, 0, 0, 1.55071e-08, 8.55558e-08, 0, 19.5807, 0.9139, 27.2316, 290.109
1546, 3.14454e-09, 8.08248e-11, 1.56566e-08, 0, 0, 1.46086e-14, 0, 0, 1.57374e-08, 8.73897e-08, 0, 19.5776, 0.91372, 27.7789, 290.084
1547, 3.14716e-09, 7.83328e-11, 1.59024e-08, 0, 0, 1.49207e-14, 0, 0, 1.59807e-08, 8.82751e-08, 0, 19.5768, 0.91354, 28.0585, 290.065
1548, 3.149e-09, 7.63445e-11, 1.61508e-08, 0, 0, 1.51224e-14, 0, 0, 1.62272e-08, 8.84349e-08, 0, 19.5762, 0.913361, 28.0954, 290.045
1549, 3.13864e-09, 7.65642e-11, 1.64194e-08, 0, 0, 1.5129e-14, 0, 0, 1.6496e-08, 8.80498e-08, 0, 19.5795, 0.913184, 28.0647, 290.036
1550, 3.10927e-09, 8.05985e-11, 1.67199e-08, 0, 0, 1.49095e-14, 0, 0, 1.68005e-08, 8.70777e-08, 0, 19.5889, 0.913017, 28.0165, 290.044
1551, 3.06886e-09, 8.73371e-11, 1.7042e-08, 0, 0, 1.45932e-14, 0, 0, 1.71294e-08, 8.57798e-08, 0, 19.602, 0.912864, 27.9622, 290.061
1552, 3.04334e-09, 9.11995e-11, 1.7347e-08, 0, 0, 1.44458e-14, 0, 0, 1.74382e-08, 8.48815e-08, 0, 19.6103, 0.912721, 27.902, 290.066
1553, 3.04353e-09, 8.90509e-11, 1.76167e-08, 0, 0, 1.44838e-14, 0, 0, 1.77057e-08, 8.45549e-08, 0, 19.6102, 0.91258, 27.793, 290.046
1554, 3.0401e-09, 8.74247e-11, 1.78959e-08, 0, 0, 1.43481e-14, 0, 0, 1.79834e-08, 8.35207e-08, 0, 19.6114, 0.91244, 27.4834, 290.03
1555, 3.032e-09, 8.7088e-11, 1.81864e-08, 0, 0, 1.40002e-14, 0, 0, 1.82735e-08, 8.12338e-08, 0, 19.614, 0.9123, 26.8035, 290.018
1556, 3.02466e-09, 8.67699e-11, 1.84805e-08, 0, 0, 1.37516e-14, 0, 0, 1.85673e-08, 7.94087e-08, 0, 19.6165, 0.91216, 26.2672, 290.006
1557, 3.00825e-09, 8.84215e-11, 1.8795e-08, 0, 0, 1.38561e-14, 0, 0, 1.88834e-08, 8.00123e-08, 0, 19.6219, 0.91202, 26.6145, 290.003
1558, 2.98437e-09, 9.16854e-11, 1.91271e-08, 0, 0, 1.40073e-14, 0, 0, 1.92188e-08, 8.12473e-08, 0, 19.6299, 0.91188, 27.2393, 290.006
1559, 2.95939e-09, 9.53577e-11, 1.94667e-08, 0, 0, 1.39527e-14, 0, 0, 1.95621e-08, 8.13269e-08, 0, 19.6383, 0.91174, 27.4929, 290.011
1560, 2.9365e-09, 9.88794e-11, 1.98093e-08, 0, 0, 1.38178e-14, 0, 0, 1.99082e-08, 8.07692e-08, 0, 19.646, 0.9116, 27.5162, 290.014
1561, 2.90959e-09, 1.03668e-10, 2.01651e-08, 0, 0, 1.3627e-14, 0, 0, 2.02688e-08, 7.9976e-08, 0, 19.6553, 0.91146, 27.4978, 290.021
1562, 2.87527e-09, 1.10438e-10, 2.0541e-08, 0, 0, 1.33462e-14, 0, 0, 2.06515e-08, 7.8959e-08, 0, 19.6671, 0.91132, 27.472, 290.035
1563, 2.84947e-09, 1.14991e-10, 2.09072e-08, 0, 0, 1.3131e-14, 0, 0, 2.10222e-08, 7.81366e-08, 0, 19.6761, 0.91118, 27.4322, 290.041
1564, 2.8372e-09, 1.16133e-10, 2.12537e-08, 0, 0, 1.30487e-14, 0, 0, 2.13698e-08, 7.76603e-08, 0, 19.6804, 0.91104, 27.383, 290.035
1565, 2.82537e-09, 1.17254e-10, 2.16045e-08, 0, 0, 1.295e-14, 0, 0, 2.17218e-08, 7.71797e-08, 0, 19.6846, 0.9109, 27.3281, 290.028
1566, 2.80462e-09, 1.20309e-10, 2.19753e-08, 0, 0, 1.26648e-14, 0, 0, 2.20956e-08, 7.64327e-08, 0, 19.692, 0.910759, 27.2658, 290.028
1567, 2.77093e-09, 1.2516e-10, 2.23673e-08, 0, 0, 1.20433e-14, 0, 0, 2.24925e-08, 7.52549e-08, 0, 19.7041, 0.91062, 27.1773, 290.035
1568, 2.7186e-09, 1.3149e-10, 2.27798e-08, 0, 0, 1.09825e-14, 0, 0, 2.29114e-08, 7.32496e-08, 0, 19.7231, 0.91048, 26.9664, 290.049
1569, 2.63894e-09, 1.40494e-10, 2.32228e-08, 0, 0, 9.53368e-15, 0, 0, 2.33633e-08, 6.97044e-08, 0, 19.7529, 0.910341, 26.4286, 290.072
1570, 2.53872e-09, 1.527e-10, 2.36974e-08, 0, 0, 8.07889e-15, 0, 0, 2.38501e-08, 6.52429e-08, 0, 19.7916, 0.9102, 25.7199, 290.106
1571, 2.44768e-09, 1.65047e-10, 2.41758e-08, 0, 0, 7.18757e-15, 0, 0, 2.43409e-08, 6.27495e-08, 0, 19.8281, 0.91006, 25.6852, 290.138
1572, 2.39899e-09, 1.72017e-10, 2.46134e-08, 0, 0, 7.00643e-15, 0, 0, 2.47854e-08, 6.29826e-08, 0, 19.8482, 0.90992, 26.2983, 290.149
1573, 2.40634e-09, 1.70984e-10, 2.49883e-08, 0, 0, 7.33067e-15, 0, 0, 2.51593e-08, 6.42303e-08, 0, 19.8452, 0.90978, 26.7242, 290.131
1574, 2.45703e-09, 1.64942e-10, 2.53228e-08, 0, 0, 8.00627e-15, 0, 0, 2.54878e-08, 6.58928e-08, 0, 19.8243, 0.90964, 26.8508, 290.095
1575, 2.50158e-09, 1.61461e-10, 2.56818e-08, 0, 0, 8.61962e-15, 0, 0, 2.58433e-08, 6.71243e-08, 0, 19.8063, 0.9095, 26.8683, 290.068
1576, 2.48526e-09, 1.66378e-10, 2.61214e-08, 0, 0, 8.59995e-15, 0, 0, 2.62877e-08, 6.66336e-08, 0, 19.8129, 0.90936, 26.8464, 290.07
1577, 2.42664e-09, 1.77289e-10, 2.66203e-08, 0, 0, 8.146e-15, 0, 0, 2.67976e-08, 6.49633e-08, 0, 19.8368, 0.90922, 26.8026, 290.093
1578, 2.38021e-09, 1.88498e-10, 2.7123e-08, 0, 0, 7.86966e-15, 0, 0, 2.73115e-08, 6.35684e-08, 0, 19.8561, 0.90908, 26.7372, 290.113
1579, 2.36959e-09, 1.93866e-10, 2.75826e-08, 0, 0, 7.97469e-15, 0, 0, 2.77765e-08, 6.31506e-08, 0, 19.8605, 0.90894, 26.6804, 290.115
1580, 2.38705e-09, 1.9251e-10, 2.79963e-08, 0, 0, 8.35442e-15, 0, 0, 2.81889e-08, 6.3568e-08, 0, 19.8532, 0.9088, 26.6589, 290.096
1581, 2.41202e-09, 1.89796e-10, 2.84042e-08, 0, 0, 8.82218e-15, 0, 0, 2.8594e-08, 6.41774e-08, 0, 19.8428, 0.90866, 26.6359, 290.074
1582, 2.43105e-09, 1.89625e-10, 2.88355e-08, 0, 0, 9.23434e-15, 0, 0, 2.90251e-08, 6.45746e-08, 0, 19.8349, 0.90852, 26.5923, 290.058
1583, 2.44401e-09, 1.9096e-10, 2.92848e-08, 0, 0, 9.56446e-15, 0, 0, 2.94758e-08, 6.47784e-08, 0, 19.8296, 0.90838, 26.5349, 290.047
1584, 2.45772e-09, 1.90271e-10, 2.9727e-08, 0, 0, 9.8771e-15, 0, 0, 2.99173e-08, 6.49485e-08, 0, 19.824, 0.90824, 26.454, 290.03
1585, 2.46216e-09, 1.91918e-10, 3.01927e-08, 0, 0, 1.00976e-14, 0, 0, 3.03846e-08, 6.47533e-08, 0, 19.8222, 0.9081, 26.322, 290.02
1586, 2.44895e-09, 1.9946e-10, 3.07088e-08, 0, 0, 1.01043e-14, 0, 0, 3.09083e-08, 6.38e-08, 0, 19.8276, 0.90796, 26.0696, 290.025
1587, 2.43585e-09, 2.04892e-10, 3.12214e-08, 0, 0, 9.92124e-15, 0, 0, 3.14263e-08, 6.19539e-08, 0, 19.833, 0.90782, 25.4512, 290.026
1588, 2.43528e-09, 2.03537e-10, 3.16945e-08, 0, 0, 9.67604e-15, 0, 0, 3.1898e-08, 5.96011e-08, 0, 19.8332, 0.907681, 24.4924, 290.01
1589, 2.42983e-09, 2.04125e-10, 3.21885e-08, 0, 0, 9.62835e-15, 0, 0, 3.23927e-08, 5.87917e-08, 0, 19.8354, 0.90754, 24.2171, 290
1590, 2.41079e-09, 2.10963e-10, 3.27349e-08, 0, 0, 9.85671e-15, 0, 0, 3.29459e-08, 6.02202e-08, 0, 19.8433, 0.9074, 25.0035, 290.004
1591, 2.38845e-09, 2.196e-10, 3.33011e-08, 0, 0, 1.00407e-14, 0, 0, 3.35207e-08, 6.15104e-08, 0, 19.8526, 0.90726, 25.77, 290.012
1592, 2.36943e-09, 2.26622e-10, 3.38639e-08, 0, 0, 1.00399e-14, 0, 0, 3.40905e-08, 6.1667e-08, 0, 19.8606, 0.90712, 26.0377, 290.016
1593, 2.35488e-09, 2.31411e-10, 3.44187e-08, 0, 0, 9.97221e-15, 0, 0, 3.46502e-08, 6.13788e-08, 0, 19.8668, 0.90698, 26.075, 290.014
1594, 2.33738e-09, 2.37941e-10, 3.49936e-08, 0, 0, 9.83944e-15, 0, 0, 3.52316e-08, 6.08498e-08, 0, 19.8742, 0.90684, 26.0436, 290.016
1595, 2.3194e-09, 2.44586e-10, 3.55775e-08, 0, 0, 9.6491e-15, 0, 0, 3.58221e-08, 6.01165e-08, 0, 19.882, 0.9067, 25.9293, 290.019
1596, 2.29727e-09, 2.52863e-10, 3.61829e-08, 0, 0, 9.3389e-15, 0, 0, 3.64357e-08, 5.91414e-08, 0, 19.8915, 0.90656, 25.7577, 290.025
1597, 2.26758e-09, 2.62906e-10, 3.68122e-08, 0, 0, 8.89112e-15, 0, 0, 3.70751e-08, 5.82957e-08, 0, 19.9046, 0.90642, 25.7301, 290.035
1598, 2.23531e-09, 2.69001e-10, 3.74259e-08, 0, 0, 8.33847e-15, 0, 0, 3.76949e-08, 5.76556e-08, 0, 19.9189, 0.906282, 25.8236, 290.037
1599, 2.18542e-09, 2.7744e-10, 3.80729e-08, 0, 0, 7.60229e-15, 0, 0, 3.83504e-08, 5.63968e-08, 0, 19.9415, 0.906153, 25.8391, 290.046
1600, 2.11119e-09, 2.95164e-10, 3.8802e-08, 0, 0, 6.77329e-15, 0, 0, 3.90971e-08, 5.43469e-08, 0, 19.976, 0.906056, 25.7616, 290.074
1601, 2.0317e-09, 3.19152e-10, 3.95826e-08, 0, 0, 6.04991e-15, 0, 0, 3.99017e-08, 5.21315e-08, 0, 20.0144, 0.906005, 25.6646, 290.113
1602, 1.97936e-09, 3.36667e-10, 4.03145e-08, 0, 0, 5.62374e-15, 0, 0, 4.06512e-08, 5.06559e-08, 0, 20.0405, 0.905986, 25.6063, 290.135
1603, 1.97589e-09, 3.37227e-10, 4.09196e-08, 0, 0, 5.61625e-15, 0, 0, 4.12568e-08, 5.05223e-08, 0, 20.0422, 0.905976, 25.5947, 290.122
1604, 2.01505e-09, 3.25973e-10, 4.14323e-08, 0, 0, 6.04269e-15, 0, 0, 4.17583e-08, 5.15241e-08, 0, 20.0226, 0.905968, 25.5978, 290.084
1605, 2.0653e-09, 3.15234e-10, 4.19497e-08, 0, 0, 6.66157e-15, 0, 0, 4.2265e-08, 5.26458e-08, 0, 19.998, 0.905959, 25.519, 290.046
1606, 2.07304e-09, 3.17912e-10, 4.25897e-08, 0, 0, 6.83699e-15, 0, 0, 4.29076e-08, 5.25344e-08, 0, 19.9942, 0.905952, 25.3671, 290.036
1607, 2.02492e-09, 3.37004e-10, 4.33812e-08, 0, 0, 6.39577e-15, 0, 0, 4.37182e-08, 5.11661e-08, 0, 20.0177, 0.905944, 25.2951, 290.06
1608, 1.97035e-09, 3.59595e-10, 4.421e-08, 0, 0, 5.89754e-15, 0, 0, 4.45696e-08, 4.9666e-08, 0, 20.0451, 0.905936, 25.2357, 290.09
1609, 1.94526e-09, 3.72795e-10, 4.49682e-08, 0, 0, 5.65364e-15, 0, 0, 4.5341e-08, 4.83601e-08, 0, 20.0579, 0.905928, 24.8992, 290.101
1610, 1.94435e-09, 3.77937e-10, 4.56667e-08, 0, 0, 5.56336e-15, 0, 0, 4.60447e-08, 4.69399e-08, 0, 20.0583, 0.90592, 24.1962, 290.095
1611, 1.95791e-09, 3.77874e-10, 4.63309e-08, 0, 0, 5.63999e-15, 0, 0, 4.67088e-08, 4.60365e-08, 0, 20.0514, 0.905912, 23.5675, 290.079
1612, 1.97766e-09, 3.75889e-10, 4.69884e-08, 0, 0, 6.02464e-15, 0, 0, 4.73643e-08, 4.6915e-08, 0, 20.0414, 0.905904, 23.7595, 290.059
1613, 1.99377e-09, 3.7674e-10, 4.76761e-08, 0, 0, 6.54934e-15, 0, 0, 4.80529e-08, 4.87585e-08, 0, 20.0332, 0.905896, 24.4848, 290.045
1614, 2.00717e-09, 3.76777e-10, 4.83682e-08, 0, 0, 6.94274e-15, 0, 0, 4.8745e-08, 4.99996e-08, 0, 20.0265, 0.905888, 24.9404, 290.029
1615, 2.01363e-09, 3.78227e-10, 4.90836e-08, 0, 0, 7.12483e-15, 0, 0, 4.94618e-08, 5.04383e-08, 0, 20.0233, 0.90588, 25.079, 290.017
1616, 2.00738e-09, 3.86823e-10, 4.98667e-08, 0, 0, 7.15462e-15, 0, 0, 5.02535e-08, 5.03312e-08, 0, 20.0264, 0.905872, 25.1022, 290.016
1617, 1.99837e-09, 3.95948e-10, 5.0665e-08, 0, 0, 7.1856e-15, 0, 0, 5.10609e-08, 5.00885e-08, 0, 20.0309, 0.905864, 25.091, 290.017
1618, 1.9917e-09, 4.02433e-10, 5.14525e-08, 0, 0, 7.26213e-15, 0, 0, 5.1855e-08, 4.98778e-08, 0, 20.0343, 0.905856, 25.0657, 290.013
1619, 1.98573e-09, 4.0785e-10, 5.22427e-08, 0, 0, 7.35793e-15, 0, 0, 5.26506e-08, 4.96687e-08, 0, 20.0373, 0.905848, 25.0322, 290.007
1620, 1.98275e-09, 4.09937e-10, 5.30196e-08, 0, 0, 7.46395e-15, 0, 0, 5.34296e-08, 4.95261e-08, 0, 20.0388, 0.90584, 24.9952, 289.996
1621, 1.97627e-09, 4.14302e-10, 5.38272e-08, 0, 0, 7.49931e-15, 0, 0, 5.42414e-08, 4.92942e-08, 0, 20.0421, 0.905832, 24.9575, 289.989
1622, 1.96536e-09, 4.22279e-10, 5.46732e-08, 0, 0, 7.47528e-15, 0, 0, 5.50955e-08, 4.89506e-08, 0, 20.0476, 0.905824, 24.9198, 289.987
1623, 1.95225e-09, 4.32055e-10, 5.55438e-08, 0, 0, 7.4096e-15, 0, 0, 5.59758e-08, 4.8552e-08, 0, 20.0543, 0.905816, 24.8818, 289.988
1624, 1.9365e-09, 4.44482e-10, 5.64468e-08, 0, 0, 7.30769e-15, 0, 0, 5.68913e-08, 4.8087e-08, 0, 20.0624, 0.905808, 24.8433, 289.993
1625, 1.92133e-09, 4.56375e-10, 5.73573e-08, 0, 0, 7.20586e-15, 0, 0, 5.78137e-08, 4.76346e-08, 0, 20.0702, 0.9058, 24.8035, 289.996
1626, 1.91012e-09, 4.63571e-10, 5.82445e-08, 0, 0, 7.10344e-15, 0, 0, 5.87081e-08, 4.72804e-08, 0, 20.0761, 0.905792, 24.7637, 289.993
1627, 1.89889e-09, 4.70383e-10, 5.9142e-08, 0, 0, 6.9739e-15, 0, 0, 5.96123e-08, 4.69291e-08, 0, 20.082, 0.905785, 24.7254, 289.989
1628, 1.88532e-09, 4.79996e-10, 6.00721e-08, 0, 0, 6.82985e-15, 0, 0, 6.05521e-08, 4.65205e-08, 0, 20.0892, 0.905776, 24.687, 289.989
1629, 1.87153e-09, 4.91003e-10, 6.10224e-08, 0, 0, 6.73285e-15, 0, 0, 6.15134e-08, 4.61049e-08, 0, 20.0965, 0.905768, 24.6469, 289.99
1630, 1.85473e-09, 5.05098e-10, 6.20084e-08, 0, 0, 6.60212e-15, 0, 0, 6.25135e-08, 4.56125e-08, 0, 20.1055, 0.90576, 24.6046, 289.995
1631, 1.83458e-09, 5.24422e-10, 6.30448e-08, 0, 0, 6.44174e-15, 0, 0, 6.35693e-08, 4.50368e-08, 0, 20.1164, 0.905752, 24.5606, 290.006
1632, 1.81259e-09, 5.46769e-10, 6.41161e-08, 0, 0, 6.25346e-15, 0, 0, 6.46629e-08, 4.44085e-08, 0, 20.1285, 0.905743, 24.5115, 290.02
1633, 1.79722e-09, 5.5993e-10, 6.51359e-08, 0, 0, 6.09171e-15, 0, 0, 6.56958e-08, 4.39236e-08, 0, 20.137, 0.905736, 24.4516, 290.023
1634, 1.7889e-09, 5.66135e-10, 6.61164e-08, 0, 0, 6.09206e-15, 0, 0, 6.66826e-08, 4.36188e-08, 0, 20.1417, 0.905728, 24.3949, 290.017
1635, 1.77475e-09, 5.77842e-10, 6.71497e-08, 0, 0, 6.06417e-15, 0, 0, 6.77276e-08, 4.31984e-08, 0, 20.1496, 0.90572, 24.3531, 290.017
1636, 1.76162e-09, 5.88272e-10, 6.81848e-08, 0, 0, 5.98473e-15, 0, 0, 6.8773e-08, 4.27874e-08, 0, 20.157, 0.905712, 24.3017, 290.016
1637, 1.74613e-09, 6.00594e-10, 6.92515e-08, 0, 0, 5.84251e-15, 0, 0, 6.98521e-08, 4.22676e-08, 0, 20.1659, 0.905704, 24.2196, 290.017
1638, 1.72501e-09, 6.2233e-10, 7.03984e-08, 0, 0, 5.63563e-15, 0, 0, 7.10207e-08, 4.15041e-08, 0, 20.178, 0.905696, 24.0733, 290.028
1639, 1.69967e-09, 6.52425e-10, 7.16129e-08, 0, 0, 5.36457e-15, 0, 0, 7.22653e-08, 4.03122e-08, 0, 20.1928, 0.905688, 23.7306, 290.046
1640, 1.67602e-09, 6.72159e-10, 7.27788e-08, 0, 0, 5.00349e-15, 0, 0, 7.3451e-08, 3.85615e-08, 0, 20.2068, 0.90568, 23.0337, 290.055
1641, 1.67039e-09, 6.73901e-10, 7.38266e-08, 0, 0, 4.85408e-15, 0, 0, 7.45005e-08, 3.74006e-08, 0, 20.2102, 0.905672, 22.4329, 290.043
1642, 1.66158e-09, 6.82752e-10, 7.49337e-08, 0, 0, 4.89232e-15, 0, 0, 7.56165e-08, 3.76311e-08, 0, 20.2155, 0.905664, 22.6939, 290.038
1643, 1.64842e-09, 6.9658e-10, 7.6089e-08, 0, 0, 4.97326e-15, 0, 0, 7.67856e-08, 3.84634e-08, 0, 20.2234, 0.905656, 23.3682, 290.038
1644, 1.64134e-09, 7.14866e-10, 7.72801e-08, 0, 0, 5.11925e-15, 0, 0, 7.7995e-08, 3.89269e-08, 0, 20.2278, 0.905648, 23.7399, 290.041
1645, 1.61754e-09, 7.54086e-10, 7.86455e-08, 0, 0, 5.09703e-15, 0, 0, 7.93996e-08, 3.85232e-08, 0, 20.2424, 0.90564, 23.8345, 290.066
1646, 1.60274e-09, 7.77341e-10, 7.9915e-08, 0, 0, 5.01529e-15, 0, 0, 8.06923e-08, 3.81593e-08, 0, 20.2516, 0.905632, 23.8261, 290.074
1647, 1.60397e-09, 7.7389e-10, 8.10079e-08, 0, 0, 4.91236e-15, 0, 0, 8.17817e-08, 3.81233e-08, 0, 20.2508, 0.905624, 23.7871, 290.056
1648, 1.58941e-09, 7.82852e-10, 8.22168e-08, 0, 0, 4.62668e-15, 0, 0, 8.29996e-08, 3.77257e-08, 0, 20.2599, 0.905615, 23.7577, 290.052
1649, 1.57656e-09, 8.00221e-10, 8.34913e-08, 0, 0, 4.47953e-15, 0, 0, 8.42915e-08, 3.73774e-08, 0, 20.268, 0.905608, 23.7305, 290.054
1650, 1.56465e-09, 8.23568e-10, 8.48104e-08, 0, 0, 4.48698e-15, 0, 0, 8.5634e-08, 3.70324e-08, 0, 20.2756, 0.9056, 23.6858, 290.06
1651, 1.54559e-09, 8.62504e-10, 8.62353e-08, 0, 0, 4.52734e-15, 0, 0, 8.70978e-08, 3.65181e-08, 0, 20.2879, 0.905592, 23.6407, 290.077
1652, 1.53625e-09, 8.99751e-10, 8.765e-08, 0, 0, 4.71028e-15, 0, 0, 8.85498e-08, 3.62394e-08, 0, 20.2939, 0.905584, 23.6029, 290.09
1653, 1.53006e-09, 9.1817e-10, 8.89883e-08, 0, 0, 4.81408e-15, 0, 0, 8.99065e-08, 3.60282e-08, 0, 20.298, 0.905577, 23.5613, 290.091
1654, 1.52757e-09, 9.19553e-10, 9.02432e-08, 0, 0, 4.79376e-15, 0, 0, 9.11628e-08, 3.5899e-08, 0, 20.2996, 0.905568, 23.5149, 290.079
1655, 1.5283e-09, 9.23519e-10, 9.15193e-08, 0, 0, 4.74771e-15, 0, 0, 9.24429e-08, 3.58449e-08, 0, 20.2991, 0.90556, 23.4674, 290.068
1656, 1.5173e-09, 9.45775e-10, 9.29428e-08, 0, 0, 4.66699e-15, 0, 0, 9.38886e-08, 3.55142e-08, 0, 20.3063, 0.905552, 23.4188, 290.072
1657, 1.50982e-09, 9.62762e-10, 9.43452e-08, 0, 0, 4.72603e-15, 0, 0, 9.5308e-08, 3.52676e-08, 0, 20.3113, 0.905544, 23.3711, 290.072
1658, 1.51582e-09, 9.57233e-10, 9.55973e-08, 0, 0, 4.90026e-15, 0, 0, 9.65545e-08, 3.53374e-08, 0, 20.3073, 0.905537, 23.324, 290.052
1659, 1.51879e-09, 9.51758e-10, 9.68673e-08, 0, 0, 4.9775e-15, 0, 0, 9.7819e-08, 3.53321e-08, 0, 20.3054, 0.905528, 23.2737, 290.032
1660, 1.50549e-09, 9.85121e-10, 9.84093e-08, 0, 0, 4.95072e-15, 0, 0, 9.93944e-08, 3.49369e-08, 0, 20.3141, 0.90552, 23.2155, 290.042
1661, 1.47647e-09, 1.0586e-09, 1.0023e-07, 0, 0, 4.82158e-15, 0, 0, 1.01289e-07, 3.41724e-08, 0, 20.3336, 0.905512, 23.1535, 290.08
1662, 1.45246e-09, 1.11287e-09, 1.01958e-07, 0, 0, 4.66065e-15, 0, 0, 1.03071e-07, 3.35451e-08, 0, 20.35, 0.905504, 23.1054, 290.104
1663, 1.44755e-09, 1.11498e-09, 1.0337e-07, 0, 0, 4.61961e-15, 0, 0, 1.04485e-07, 3.3376e-08, 0, 20.3534, 0.905496, 23.0673, 290.091
1664, 1.42848e-09, 1.11739e-09, 1.04847e-07, 0, 0, 4.42207e-15, 0, 0, 1.05965e-07, 3.28768e-08, 0, 20.3667, 0.905488, 23.0252, 290.083
1665, 1.36041e-09, 1.18146e-09, 1.06821e-07, 0, 0, 3.74212e-15, 0, 0, 1.08002e-07, 3.12434e-08, 0, 20.4155, 0.90548, 22.978, 290.123
1666, 1.30641e-09, 1.25245e-09, 1.08811e-07, 0, 0, 3.19009e-15, 0, 0, 1.10064e-07, 2.9932e-08, 0, 20.456, 0.905472, 22.9294, 290.162
1667, 1.33824e-09, 1.23196e-09, 1.10079e-07, 0, 0, 3.41561e-15, 0, 0, 1.11311e-07, 3.0596e-08, 0, 20.4319, 0.905464, 22.8819, 290.128
1668, 1.38639e-09, 1.20528e-09, 1.11268e-07, 0, 0, 3.89811e-15, 0, 0, 1.12473e-07, 3.16369e-08, 0, 20.3966, 0.905456, 22.8337, 290.084
1669, 1.39881e-09, 1.22508e-09, 1.12835e-07, 0, 0, 4.17097e-15, 0, 0, 1.1406e-07, 3.18532e-08, 0, 20.3876, 0.905449, 22.7823, 290.076
1670, 1.39779e-09, 1.23663e-09, 1.14438e-07, 0, 0, 4.26595e-15, 0, 0, 1.15674e-07, 3.17265e-08, 0, 20.3884, 0.90544, 22.7075, 290.069
1671, 1.39428e-09, 1.24228e-09, 1.16033e-07, 0, 0, 4.26928e-15, 0, 0, 1.17275e-07, 3.14193e-08, 0, 20.3909, 0.905432, 22.5459, 290.059
1672, 1.39184e-09, 1.24769e-09, 1.17643e-07, 0, 0, 4.28608e-15, 0, 0, 1.18891e-07, 3.10759e-08, 0, 20.3926, 0.905424, 22.3408, 290.048
1673, 1.38268e-09, 1.26879e-09, 1.1939e-07, 0, 0, 4.27381e-15, 0, 0, 1.20659e-07, 3.08303e-08, 0, 20.3992, 0.905416, 22.3067, 290.048
1674, 1.36097e-09, 1.32514e-09, 1.21368e-07, 0, 0, 4.16343e-15, 0, 0, 1.22693e-07, 3.0381e-08, 0, 20.4151, 0.905408, 22.3065, 290.068
1675, 1.34161e-09, 1.39471e-09, 1.23396e-07, 0, 0, 4.07659e-15, 0, 0, 1.2479e-07, 2.97334e-08, 0, 20.4294, 0.9054, 22.1059, 290.09
1676, 1.32946e-09, 1.44604e-09, 1.25334e-07, 0, 0, 4.03576e-15, 0, 0, 1.2678e-07, 2.92541e-08, 0, 20.4385, 0.905392, 21.9506, 290.101
1677, 1.31515e-09, 1.4834e-09, 1.27246e-07, 0, 0, 3.94316e-15, 0, 0, 1.2873e-07, 2.89556e-08, 0, 20.4493, 0.905385, 22.0041, 290.107
1678, 1.30859e-09, 1.50297e-09, 1.29058e-07, 0, 0, 3.926e-15, 0, 0, 1.30561e-07, 2.88534e-08, 0, 20.4543, 0.905376, 22.0575, 290.102
1679, 1.31507e-09, 1.485e-09, 1.30688e-07, 0, 0, 3.97594e-15, 0, 0, 1.32173e-07, 2.8699e-08, 0, 20.4494, 0.905368, 21.8315, 290.079
1680, 1.31573e-09, 1.46237e-09, 1.32367e-07, 0, 0, 3.85146e-15, 0, 0, 1.3383e-07, 2.79074e-08, 0, 20.4489, 0.90536, 21.2142, 290.058
1681, 1.31207e-09, 1.45826e-09, 1.34146e-07, 0, 0, 3.70467e-15, 0, 0, 1.35604e-07, 2.71669e-08, 0, 20.4517, 0.905352, 20.712, 290.044
1682, 1.3069e-09, 1.49475e-09, 1.36102e-07, 0, 0, 3.77321e-15, 0, 0, 1.37597e-07, 2.74119e-08, 0, 20.4556, 0.905344, 20.9879, 290.044
1683, 1.28169e-09, 1.62326e-09, 1.38549e-07, 0, 0, 3.80383e-15, 0, 0, 1.40172e-07, 2.76157e-08, 0, 20.4751, 0.905336, 21.5643, 290.083
1684, 1.2547e-09, 1.74174e-09, 1.41004e-07, 0, 0, 3.72148e-15, 0, 0, 1.42746e-07, 2.73954e-08, 0, 20.4964, 0.905327, 21.8461, 290.119
1685, 1.25934e-09, 1.70472e-09, 1.42747e-07, 0, 0, 3.7425e-15, 0, 0, 1.44452e-07, 2.75484e-08, 0, 20.4927, 0.90532, 21.8844, 290.093
1686, 1.26233e-09, 1.66755e-09, 1.44544e-07, 0, 0, 3.72934e-15, 0, 0, 1.46212e-07, 2.75303e-08, 0, 20.4903, 0.905312, 21.8191, 290.07
1687, 1.24818e-09, 1.70597e-09, 1.46735e-07, 0, 0, 3.61477e-15, 0, 0, 1.48441e-07, 2.71457e-08, 0, 20.5016, 0.905304, 21.7591, 290.076
1688, 1.24048e-09, 1.74575e-09, 1.48876e-07, 0, 0, 3.57775e-15, 0, 0, 1.50622e-07, 2.69302e-08, 0, 20.5078, 0.905296, 21.711, 290.078
1689, 1.21744e-09, 1.92529e-09, 1.51549e-07, 0, 0, 3.50277e-15, 0, 0, 1.53474e-07, 2.63218e-08, 0, 20.5265, 0.905289, 21.6088, 290.12
1690, 1.15993e-09, 2.32841e-09, 1.55122e-07, 0, 0, 3.25759e-15, 0, 0, 1.57451e-07, 2.50456e-08, 0, 20.5749, 0.90528, 21.5884, 290.231
1691, 1.12288e-09, 2.55174e-09, 1.58147e-07, 0, 0, 3.08333e-15, 0, 0, 1.60699e-07, 2.43209e-08, 0, 20.6074, 0.905272, 21.6669, 290.29
1692, 1.14737e-09, 2.31989e-09, 1.59509e-07, 0, 0, 3.16418e-15, 0, 0, 1.61829e-07, 2.48803e-08, 0, 20.5858, 0.905264, 21.695, 290.218
1693, 1.17993e-09, 2.04309e-09, 1.6062e-07, 0, 0, 3.26319e-15, 0, 0, 1.62663e-07, 2.55546e-08, 0, 20.5578, 0.905256, 21.6676, 290.126
1694, 1.18326e-09, 1.98791e-09, 1.62581e-07, 0, 0, 3.23381e-15, 0, 0, 1.64569e-07, 2.55753e-08, 0, 20.555, 0.905248, 21.6235, 290.1
1695, 1.16915e-09, 2.12437e-09, 1.65176e-07, 0, 0, 3.22095e-15, 0, 0, 1.673e-07, 2.521e-08, 0, 20.567, 0.90524, 21.5704, 290.121
1696, 1.11632e-09, 2.61436e-09, 1.69018e-07, 0, 0, 3.08438e-15, 0, 0, 1.71633e-07, 2.4011e-08, 0, 20.6132, 0.905232, 21.5151, 290.233
1697, 1.06365e-09, 3.06988e-09, 1.728e-07, 0, 0, 2.86484e-15, 0, 0, 1.7587e-07, 2.28281e-08, 0, 20.6616, 0.905224, 21.4712, 290.333
1698, 1.08715e-09, 2.83318e-09, 1.74251e-07, 0, 0, 2.92281e-15, 0, 0, 1.77084e-07, 2.32912e-08, 0, 20.6397, 0.905216, 21.4356, 290.26
1699, 1.11163e-09, 2.57709e-09, 1.7578e-07, 0, 0, 2.98389e-15, 0, 0, 1.78358e-07, 2.37787e-08, 0, 20.6174, 0.905208, 21.3998, 290.189
1700, 1.08992e-09, 2.77741e-09, 1.78751e-07, 0, 0, 2.83204e-15, 0, 0, 1.81529e-07, 2.32733e-08, 0, 20.6372, 0.9052, 21.3613, 290.223
1701, 1.07877e-09, 2.8858e-09, 1.81336e-07, 0, 0, 2.72665e-15, 0, 0, 1.84222e-07, 2.29874e-08, 0, 20.6474, 0.905192, 21.3187, 290.229
1702, 1.09592e-09, 2.62882e-09, 1.83031e-07, 0, 0, 2.72549e-15, 0, 0, 1.8566e-07, 2.33027e-08, 0, 20.6317, 0.905184, 21.2737, 290.165
1703, 1.09873e-09, 2.47233e-09, 1.85318e-07, 0, 0, 2.67821e-15, 0, 0, 1.8779e-07, 2.33066e-08, 0, 20.6291, 0.905176, 21.2221, 290.137
1704, 1.08671e-09, 2.50655e-09, 1.88168e-07, 0, 0, 2.60528e-15, 0, 0, 1.90674e-07, 2.29765e-08, 0, 20.6401, 0.905168, 21.1539, 290.148
1705, 1.06741e-09, 2.64286e-09, 1.91291e-07, 0, 0, 2.49636e-15, 0, 0, 1.93934e-07, 2.24982e-08, 0, 20.658, 0.90516, 21.0891, 290.176
1706, 1.02563e-09, 3.0347e-09, 1.95312e-07, 0, 0, 2.31436e-15, 0, 0, 1.98347e-07, 2.15871e-08, 0, 20.698, 0.905152, 21.059, 290.26
1707, 9.71767e-10, 3.73226e-09, 1.99818e-07, 0, 0, 2.12859e-15, 0, 0, 2.0355e-07, 2.04301e-08, 0, 20.7519, 0.905144, 21.0338, 290.378
1708, 9.2563e-10, 4.58599e-09, 2.04012e-07, 0, 0, 2.03512e-15, 0, 0, 2.08598e-07, 1.94183e-08, 0, 20.8005, 0.905136, 20.9904, 290.482
1709, 9.35064e-10, 4.61752e-09, 2.06215e-07, 0, 0, 2.16859e-15, 0, 0, 2.10833e-07, 1.95392e-08, 0, 20.7904, 0.905128, 20.9159, 290.448
1710, 9.95528e-10, 3.69064e-09, 2.06643e-07, 0, 0, 2.41908e-15, 0, 0, 2.10334e-07, 2.06179e-08, 0, 20.7277, 0.90512, 20.738, 290.284
1711, 1.03475e-09, 3.04208e-09, 2.07892e-07, 0, 0, 2.55931e-15, 0, 0, 2.10934e-07, 2.11981e-08, 0, 20.6891, 0.905112, 20.512, 290.172
1712, 1.03486e-09, 3.0271e-09, 2.10636e-07, 0, 0, 2.58269e-15, 0, 0, 2.13663e-07, 2.12153e-08, 0, 20.689, 0.905104, 20.5217, 290.161
1713, 9.81284e-10, 3.89702e-09, 2.15539e-07, 0, 0, 2.41642e-15, 0, 0, 2.19436e-07, 2.02775e-08, 0, 20.7422, 0.905096, 20.6799, 290.288
1714, 9.04517e-10, 5.28264e-09, 2.21374e-07, 0, 0, 2.18498e-15, 0, 0, 2.26657e-07, 1.87451e-08, 0, 20.8236, 0.905088, 20.7325, 290.473
1715, 8.90774e-10, 5.69228e-09, 2.24685e-07, 0, 0, 2.20627e-15, 0, 0, 2.30377e-07, 1.84355e-08, 0, 20.8389, 0.90508, 20.7057, 290.496
1716, 9.31578e-10, 5.0985e-09, 2.258e-07, 0, 0, 2.39722e-15, 0, 0, 2.30899e-07, 1.92396e-08, 0, 20.7941, 0.905072, 20.6631, 290.379
1717, 9.82857e-10, 4.06027e-09, 2.26522e-07, 0, 0, 2.58349e-15, 0, 0, 2.30583e-07, 2.02551e-08, 0, 20.7406, 0.905064, 20.6185, 290.226
1718, 1.01606e-09, 3.25075e-09, 2.28051e-07, 0, 0, 2.69467e-15, 0, 0, 2.31301e-07, 2.08957e-08, 0, 20.7073, 0.905056, 20.5737, 290.117
1719, 1.00457e-09, 3.3948e-09, 2.31511e-07, 0, 0, 2.638e-15, 0, 0, 2.34906e-07, 2.06171e-08, 0, 20.7187, 0.905048, 20.529, 290.133
1720, 9.354e-10, 4.97486e-09, 2.3743e-07, 0, 0, 2.35949e-15, 0, 0, 2.42405e-07, 1.91584e-08, 0, 20.79, 0.90504, 20.4843, 290.31
1721, 8.47364e-10, 7.1785e-09, 2.44087e-07, 0, 0, 2.0106e-15, 0, 0, 2.51265e-07, 1.7315e-08, 0, 20.8889, 0.905032, 20.4385, 290.532
1722, 8.2584e-10, 7.58364e-09, 2.48052e-07, 0, 0, 1.86544e-15, 0, 0, 2.55636e-07, 1.68216e-08, 0, 20.9146, 0.905024, 20.3795, 290.567
1723, 8.04665e-10, 7.79241e-09, 2.52491e-07, 0, 0, 1.75073e-15, 0, 0, 2.60283e-07, 1.63191e-08, 0, 20.9406, 0.905016, 20.2938, 290.61
1724, 7.45017e-10, 8.79081e-09, 2.58979e-07, 0, 0, 1.57707e-15, 0, 0, 2.6777e-07, 1.50483e-08, 0, 21.0176, 0.905008, 20.2228, 290.758
1725, 7.62813e-10, 7.87488e-09, 2.6168e-07, 0, 0, 1.63393e-15, 0, 0, 2.69555e-07, 1.53964e-08, 0, 20.994, 0.905, 20.2061, 290.686
1726, 8.39518e-10, 5.81096e-09, 2.61209e-07, 0, 0, 1.83394e-15, 0, 0, 2.6702e-07, 1.69293e-08, 0, 20.8982, 0.904992, 20.1809, 290.451
1727, 8.73478e-10, 4.85826e-09, 2.62839e-07, 0, 0, 1.90635e-15, 0, 0, 2.67697e-07, 1.75466e-08, 0, 20.8585, 0.904984, 20.1007, 290.338
1728, 8.51257e-10, 5.18246e-09, 2.67525e-07, 0, 0, 1.84388e-15, 0, 0, 2.72707e-07, 1.70283e-08, 0, 20.8843, 0.904976, 20.0181, 290.387
1729, 8.42261e-10, 5.43001e-09, 2.71368e-07, 0, 0, 1.84406e-15, 0, 0, 2.76798e-07, 1.68216e-08, 0, 20.8949, 0.904968, 19.988, 290.399
1730, 8.62305e-10, 5.5842e-09, 2.73248e-07, 0, 0, 1.90825e-15, 0, 0, 2.78833e-07, 1.71974e-08, 0, 20.8714, 0.90496, 19.9525, 290.335
1731, 8.09942e-10, 8.50277e-09, 2.78537e-07, 0, 0, 1.76348e-15, 0, 0, 2.8704e-07, 1.60865e-08, 0, 20.9341, 0.904952, 19.8594, 290.49
1732, 7.22869e-10, 1.23989e-08, 2.85751e-07, 0, 0, 1.55517e-15, 0, 0, 2.9815e-07, 1.42203e-08, 0, 21.0478, 0.904944, 19.693, 290.738
1733, 7.52944e-10, 1.08863e-08, 2.88147e-07, 0, 0, 1.65535e-15, 0, 0, 2.99033e-07, 1.46257e-08, 0, 21.007, 0.904936, 19.4676, 290.629
1734, 8.16498e-10, 7.44478e-09, 2.89557e-07, 0, 0, 1.79949e-15, 0, 0, 2.97002e-07, 1.5671e-08, 0, 20.926, 0.904928, 19.1663, 290.422
1735, 7.66108e-10, 8.44194e-09, 2.9678e-07, 0, 0, 1.6127e-15, 0, 0, 3.05222e-07, 1.44188e-08, 0, 20.9897, 0.90492, 18.6475, 290.561
1736, 6.71002e-10, 1.13639e-08, 3.06229e-07, 0, 0, 1.32686e-15, 0, 0, 3.17593e-07, 1.22395e-08, 0, 21.1222, 0.904912, 17.945, 290.828
1737, 6.81143e-10, 1.07832e-08, 3.09539e-07, 0, 0, 1.35907e-15, 0, 0, 3.20322e-07, 1.23235e-08, 0, 21.1072, 0.904904, 17.7708, 290.778
1738, 7.57984e-10, 7.99187e-09, 3.08885e-07, 0, 0, 1.58814e-15, 0, 0, 3.16877e-07, 1.40715e-08, 0, 21.0004, 0.904896, 18.3779, 290.529
1739, 7.62703e-10, 8.01021e-09, 3.12375e-07, 0, 0, 1.62293e-15, 0, 0, 3.20385e-07, 1.44983e-08, 0, 20.9942, 0.904888, 18.9911, 290.504
1740, 6.91005e-10, 1.12923e-08, 3.20103e-07, 0, 0, 1.43955e-15, 0, 0, 3.31395e-07, 1.3304e-08, 0, 21.0929, 0.90488, 19.27, 290.711
1741, 6.32193e-10, 1.42763e-08, 3.26982e-07, 0, 0, 1.29782e-15, 0, 0, 3.41259e-07, 1.22389e-08, 0, 21.1818, 0.904872, 19.3617, 290.873
1742, 6.67293e-10, 1.26418e-08, 3.29091e-07, 0, 0, 1.42155e-15, 0, 0, 3.41732e-07, 1.29312e-08, 0, 21.1278, 0.904864, 19.3805, 290.75
1743, 7.31755e-10, 9.93838e-09, 3.29572e-07, 0, 0, 1.61896e-15, 0, 0, 3.3951e-07, 1.41616e-08, 0, 21.0356, 0.904856, 19.3639, 290.546
1744, 7.2102e-10, 1.12715e-08, 3.33902e-07, 0, 0, 1.59099e-15, 0, 0, 3.45174e-07, 1.391e-08, 0, 21.0504, 0.904848, 19.313, 290.578
1745, 6.77588e-10, 1.44451e-08, 3.39811e-07, 0, 0, 1.4588e-15, 0, 0, 3.54256e-07, 1.2996e-08, 0, 21.1125, 0.90484, 19.2185, 290.707
1746, 5.83856e-10, 2.16368e-08, 3.47731e-07, 0, 0, 1.2093e-15, 0, 0, 3.69368e-07, 1.1163e-08, 0, 21.2614, 0.904832, 19.1852, 290.998
1747, 4.99572e-10, 2.69758e-08, 3.56383e-07, 0, 0, 1.00557e-15, 0, 0, 3.83359e-07, 9.5792e-09, 0, 21.4173, 0.904824, 19.2383, 291.243
1748, 5.81424e-10, 1.95016e-08, 3.58429e-07, 0, 0, 1.21845e-15, 0, 0, 3.7793e-07, 1.11819e-08, 0, 21.2655, 0.904816, 19.2616, 290.959
1749, 7.01708e-10, 1.0549e-08, 3.57628e-07, 0, 0, 1.51957e-15, 0, 0, 3.68177e-07, 1.34955e-08, 0, 21.0775, 0.904808, 19.2438, 290.554
1750, 7.08782e-10, 1.05723e-08, 3.6142e-07, 0, 0, 1.52786e-15, 0, 0, 3.71992e-07, 1.35995e-08, 0, 21.0675, 0.9048, 19.191, 290.523
1751, 6.43826e-10, 1.60912e-08, 3.68442e-07, 0, 0, 1.34595e-15, 0, 0, 3.84533e-07, 1.23025e-08, 0, 21.1636, 0.904792, 19.1207, 290.727
1752, 6.31878e-10, 1.67252e-08, 3.73649e-07, 0, 0, 1.31124e-15, 0, 0, 3.90373e-07, 1.20451e-08, 0, 21.1823, 0.904784, 19.0844, 290.746
1753, 6.76605e-10, 1.25667e-08, 3.76738e-07, 0, 0, 1.43548e-15, 0, 0, 3.89304e-07, 1.28943e-08, 0, 21.1139, 0.904776, 19.0702, 290.581
1754, 6.5665e-10, 1.47523e-08, 3.8228e-07, 0, 0, 1.38424e-15, 0, 0, 3.97032e-07, 1.2509e-08, 0, 21.1439, 0.904768, 19.0483, 290.647
1755, 5.65817e-10, 2.21773e-08, 3.91797e-07, 0, 0, 1.13512e-15, 0, 0, 4.13974e-07, 1.07517e-08, 0, 21.2927, 0.90476, 18.9957, 290.941
1756, 4.93762e-10, 2.66897e-08, 4.0176e-07, 0, 0, 9.44421e-16, 0, 0, 4.2845e-07, 9.3555e-09, 0, 21.429, 0.904752, 18.9559, 291.16
1757, 4.74823e-10, 2.80866e-08, 4.08069e-07, 0, 0, 9.11049e-16, 0, 0, 4.36156e-07, 8.99392e-09, 0, 21.4681, 0.904744, 18.9582, 291.208
1758, 5.54586e-10, 2.19903e-08, 4.08218e-07, 0, 0, 1.13148e-15, 0, 0, 4.30208e-07, 1.04979e-08, 0, 21.3128, 0.904736, 18.9469, 290.93
1759, 6.54511e-10, 1.33876e-08, 4.07929e-07, 0, 0, 1.39671e-15, 0, 0, 4.21317e-07, 1.23644e-08, 0, 21.1471, 0.904729, 18.897, 290.578
1760, 6.47142e-10, 1.31244e-08, 4.14533e-07, 0, 0, 1.373e-15, 0, 0, 4.27658e-07, 1.21989e-08, 0, 21.1585, 0.90472, 18.8292, 290.597
1761, 5.68648e-10, 1.82379e-08, 4.26037e-07, 0, 0, 1.15472e-15, 0, 0, 4.44275e-07, 1.06944e-08, 0, 21.2878, 0.904711, 18.7695, 290.855
1762, 4.99911e-10, 2.21107e-08, 4.37449e-07, 0, 0, 9.63292e-16, 0, 0, 4.5956e-07, 9.37084e-09, 0, 21.4166, 0.904705, 18.7288, 291.07
1763, 4.8279e-10, 2.26213e-08, 4.44627e-07, 0, 0, 9.01093e-16, 0, 0, 4.67249e-07, 9.01102e-09, 0, 21.4514, 0.904696, 18.6848, 291.107
1764, 5.00302e-10, 2.50361e-08, 4.45548e-07, 0, 0, 9.30583e-16, 0, 0, 4.70584e-07, 9.30791e-09, 0, 21.4158, 0.904688, 18.6395, 291.045
1765, 4.37626e-10, 4.22373e-08, 4.45702e-07, 0, 0, 7.94853e-16, 0, 0, 4.87939e-07, 8.13977e-09, 0, 21.5497, 0.90468, 18.6351, 291.286
1766, 3.66424e-10, 5.44123e-08, 4.51418e-07, 0, 0, 6.41566e-16, 0, 0, 5.0583e-07, 6.81973e-09, 0, 21.7272, 0.904672, 18.6402, 291.526
1767, 4.10577e-10, 3.88572e-08, 4.64156e-07, 0, 0, 7.25821e-16, 0, 0, 5.03013e-07, 7.63001e-09, 0, 21.6135, 0.904664, 18.6102, 291.332
1768, 4.57177e-10, 2.3096e-08, 4.77016e-07, 0, 0, 8.11652e-16, 0, 0, 5.00112e-07, 8.48239e-09, 0, 21.506, 0.904656, 18.5712, 291.136
1769, 4.26114e-10, 2.25402e-08, 4.88505e-07, 0, 0, 7.35436e-16, 0, 0, 5.11045e-07, 7.898e-09, 0, 21.5763, 0.904648, 18.5441, 291.227
1770, 3.89936e-10, 2.69011e-08, 4.96516e-07, 0, 0, 6.54619e-16, 0, 0, 5.23417e-07, 7.21705e-09, 0, 21.665, 0.90464, 18.5173, 291.341
1771, 4.23622e-10, 2.57744e-08, 4.98267e-07, 0, 0, 7.29263e-16, 0, 0, 5.24041e-07, 7.82494e-09, 0, 21.5822, 0.904632, 18.4844, 291.218
1772, 4.66966e-10, 2.24851e-08, 5.00544e-07, 0, 0, 8.24405e-16, 0, 0, 5.23029e-07, 8.61111e-09, 0, 21.4848, 0.904624, 18.4481, 291.063
1773, 4.22451e-10, 2.89721e-08, 5.09137e-07, 0, 0, 7.29796e-16, 0, 0, 5.38109e-07, 7.77819e-09, 0, 21.5849, 0.904616, 18.4108, 291.225
1774, 3.28338e-10, 4.13332e-08, 5.21247e-07, 0, 0, 5.23265e-16, 0, 0, 5.6258e-07, 6.03354e-09, 0, 21.837, 0.904608, 18.3734, 291.556
1775, 2.70479e-10, 4.89645e-08, 5.31794e-07, 0, 0, 3.93187e-16, 0, 0, 5.80759e-07, 4.9559e-09, 0, 22.0308, 0.904601, 18.3311, 291.755
1776, 2.57273e-10, 5.26785e-08, 5.38225e-07, 0, 0, 3.72067e-16, 0, 0, 5.90904e-07, 4.68811e-09, 0, 22.0809, 0.904592, 18.2661, 291.802
1777, 2.77706e-10, 5.17456e-08, 5.42528e-07, 0, 0, 4.18521e-16, 0, 0, 5.94274e-07, 5.02865e-09, 0, 22.0045, 0.904584, 18.176, 291.727
1778, 2.66363e-10, 5.92143e-08, 5.45761e-07, 0, 0, 4.05693e-16, 0, 0, 6.04975e-07, 4.81283e-09, 0, 22.0462, 0.904576, 18.106, 291.78
1779, 2.42652e-10, 6.7132e-08, 5.50539e-07, 0, 0, 3.65803e-16, 0, 0, 6.17671e-07, 4.38752e-09, 0, 22.1394, 0.904568, 18.0731, 291.865
1780, 2.58678e-10, 6.55306e-08, 5.55706e-07, 0, 0, 3.88417e-16, 0, 0, 6.21236e-07, 4.67847e-09, 0, 22.0754, 0.90456, 18.0568, 291.791
1781, 2.57783e-10, 7.13444e-08, 5.58392e-07, 0, 0, 3.86903e-16, 0, 0, 6.29737e-07, 4.64667e-09, 0, 22.0789, 0.904552, 18.0157, 291.8
1782, 2.7473e-10, 6.45559e-08, 5.68546e-07, 0, 0, 4.19107e-16, 0, 0, 6.33101e-07, 4.92188e-09, 0, 22.0152, 0.904544, 17.9389, 291.722
1783, 2.78213e-10, 5.97333e-08, 5.79753e-07, 0, 0, 4.20933e-16, 0, 0, 6.39486e-07, 4.96798e-09, 0, 22.0026, 0.904536, 17.896, 291.693
1784, 1.97353e-10, 9.40764e-08, 5.74912e-07, 0, 0, 2.83207e-16, 0, 0, 6.68988e-07, 3.52354e-09, 0, 22.346, 0.904528, 17.9129, 292.036
1785, 1.16522e-10, 1.29609e-07, 5.6968e-07, 0, 0, 1.5254e-16, 0, 0, 6.99289e-07, 2.08428e-09, 0, 22.8729, 0.90452, 17.9272, 292.371
1786, 1.05985e-10, 1.25298e-07, 5.84253e-07, 0, 0, 1.34596e-16, 0, 0, 7.09551e-07, 1.89599e-09, 0, 22.9677, 0.904512, 17.9098, 292.391
1787, 1.55962e-10, 1.00069e-07, 6.03303e-07, 0, 0, 2.14089e-16, 0, 0, 7.03372e-07, 2.78552e-09, 0, 22.5814, 0.904504, 17.885, 292.164
1788, 2.4196e-10, 7.27988e-08, 6.15598e-07, 0, 0, 3.52925e-16, 0, 0, 6.88396e-07, 4.31314e-09, 0, 22.1423, 0.904496, 17.8527, 291.803
1789, 2.9248e-10, 6.13497e-08, 6.22321e-07, 0, 0, 4.29903e-16, 0, 0, 6.8367e-07, 5.2022e-09, 0, 21.9526, 0.904488, 17.8074, 291.596
1790, 2.4357e-10, 7.91707e-08, 6.27261e-07, 0, 0, 3.44336e-16, 0, 0, 7.06432e-07, 4.32529e-09, 0, 22.1356, 0.90448, 17.7672, 291.81
1791, 1.40891e-10, 1.13037e-07, 6.31675e-07, 0, 0, 1.83782e-16, 0, 0, 7.44712e-07, 2.49986e-09, 0, 22.683, 0.904472, 17.7253, 292.236
1792, 7.59192e-11, 1.40823e-07, 6.32748e-07, 0, 0, 9.0542e-17, 0, 0, 7.73571e-07, 1.34524e-09, 0, 23.3014, 0.904464, 17.6732, 292.507
1793, 5.1071e-11, 1.6086e-07, 6.30827e-07, 0, 0, 5.73647e-17, 0, 0, 7.91687e-07, 9.02835e-10, 0, 23.6978, 0.904456, 17.6467, 292.621
1794, 4.59877e-11, 1.64581e-07, 6.38065e-07, 0, 0, 4.99362e-17, 0, 0, 8.02646e-07, 8.10275e-10, 0, 23.8026, 0.904448, 17.6309, 292.634
1795, 5.18347e-11, 1.59906e-07, 6.49697e-07, 0, 0, 5.67929e-17, 0, 0, 8.09603e-07, 9.09958e-10, 0, 23.683, 0.90444, 17.5877, 292.593
1796, 5.62093e-11, 1.67704e-07, 6.5094e-07, 0, 0, 6.26431e-17, 0, 0, 8.18644e-07, 9.83569e-10, 0, 23.6019, 0.904432, 17.5252, 292.578
1797, 6.55347e-11, 1.65485e-07, 6.59647e-07, 0, 0, 7.35533e-17, 0, 0, 8.25133e-07, 1.14466e-09, 0, 23.4484, 0.904424, 17.4735, 292.53
1798, 8.6337e-11, 1.48192e-07, 6.7837e-07, 0, 0, 9.82376e-17, 0, 0, 8.26563e-07, 1.50794e-09, 0, 23.1728, 0.904416, 17.4539, 292.415
1799, 8.56328e-11, 1.82685e-07, 6.58068e-07, 0, 0, 9.86043e-17, 0, 0, 8.40752e-07, 1.49601e-09, 0, 23.181, 0.904408, 17.4473, 292.464
1800, 4.62389e-11, 2.91995e-07, 5.83899e-07, 0, 0, 5.32905e-17, 0, 0, 8.75895e-07, 8.07801e-10, 0, 23.7972, 0.9044, 17.4186, 292.77
1801, 1.22191e-11, 3.74169e-07, 5.32822e-07, 0, 0, 1.38683e-17, 0, 0, 9.06991e-07, 2.13371e-10, 0, 25.128, 0.904392, 17.3685, 293.012
1802, 3.4297e-12, 3.69199e-07, 5.51708e-07, 0, 0, 3.36593e-18, 0, 0, 9.20906e-07, 5.94639e-11, 0, 26.3986, 0.904384, 17.3054, 293.042
1803, 7.38253e-12, 3.15151e-07, 6.09776e-07, 0, 0, 6.97824e-18, 0, 0, 9.24927e-07, 1.27269e-10, 0, 25.6319, 0.904376, 17.2498, 292.957
1804, 1.61393e-11, 2.64412e-07, 6.6237e-07, 0, 0, 1.5878e-17, 0, 0, 9.26781e-07, 2.77783e-10, 0, 24.8498, 0.904369, 17.2065, 292.845
1805, 1.93673e-11, 2.8966e-07, 6.48366e-07, 0, 0, 1.93265e-17, 0, 0, 9.38026e-07, 3.32752e-10, 0, 24.6674, 0.90436, 17.1229, 292.843
1806, 1.18444e-11, 3.7844e-07, 5.82179e-07, 0, 0, 1.17369e-17, 0, 0, 9.6062e-07, 2.02861e-10, 0, 25.1592, 0.904352, 16.9648, 292.967
1807, 6.2363e-12, 3.90043e-07, 5.86191e-07, 0, 0, 5.78102e-18, 0, 0, 9.76234e-07, 1.05393e-10, 0, 25.8006, 0.904344, 16.8769, 293.008
1808, 7.42032e-12, 3.24739e-07, 6.57057e-07, 0, 0, 6.53065e-18, 0, 0, 9.81797e-07, 1.24181e-10, 0, 25.6268, 0.904336, 16.9164, 292.937
1809, 7.95355e-12, 2.97405e-07, 6.93518e-07, 0, 0, 6.97544e-18, 0, 0, 9.90923e-07, 1.33315e-10, 0, 25.5574, 0.904328, 16.9292, 292.905
1810, 5.41989e-12, 3.63295e-07, 6.46403e-07, 0, 0, 4.73679e-18, 0, 0, 1.0097e-06, 9.11152e-11, 0, 25.9409, 0.90432, 16.9248, 292.975
1811, 2.22632e-12, 4.63379e-07, 5.68673e-07, 0, 0, 1.93175e-18, 0, 0, 1.03205e-06, 3.75065e-11, 0, 26.8307, 0.904312, 16.9362, 293.08
1812, 6.78959e-13, 5.04899e-07, 5.44097e-07, 0, 0, 5.58604e-19, 0, 0, 1.049e-06, 1.14185e-11, 0, 28.0182, 0.904304, 16.9024, 293.124
1813, 9.30681e-13, 4.7064e-07, 5.87903e-07, 0, 0, 6.99778e-19, 0, 0, 1.05854e-06, 1.55061e-11, 0, 27.7029, 0.904296, 16.8158, 293.09
1814, 1.64733e-12, 4.18438e-07, 6.47511e-07, 0, 0, 1.2327e-18, 0, 0, 1.06595e-06, 2.73732e-11, 0, 27.1319, 0.904288, 16.6898, 293.034
1815, 1.32755e-12, 4.73024e-07, 6.09786e-07, 0, 0, 9.92329e-19, 0, 0, 1.08281e-06, 2.19997e-11, 0, 27.3477, 0.90428, 16.4955, 293.072
1816, 5.07545e-13, 5.34325e-07, 5.6694e-07, 0, 0, 3.70256e-19, 0, 0, 1.10127e-06, 8.24308e-12, 0, 28.3092, 0.904272, 16.1019, 293.124
1817, 2.29596e-13, 4.94317e-07, 6.17459e-07, 0, 0, 1.43187e-19, 0, 0, 1.11178e-06, 3.30986e-12, 0, 29.1025, 0.904264, 15.4659, 293.095
1818, 2.03808e-13, 4.76372e-07, 6.47386e-07, 0, 0, 1.16541e-19, 0, 0, 1.12376e-06, 2.75309e-12, 0, 29.2216, 0.904256, 15.1339, 293.08
1819, 1.03969e-13, 5.57674e-07, 5.85703e-07, 0, 0, 5.85803e-20, 0, 0, 1.14338e-06, 1.39134e-12, 0, 29.8947, 0.904248, 15.523, 293.137
1820, 2.44024e-14, 7.06925e-07, 4.61247e-07, 0, 0, 1.37303e-20, 0, 0, 1.16817e-06, 3.30081e-13, 0, 31.3441, 0.90424, 16.0656, 293.239
1821, 1.02012e-14, 8.09323e-07, 3.79333e-07, 0, 0, 6.5239e-21, 0, 0, 1.18866e-06, 1.61366e-13, 0, 32.2163, 0.904232, 16.3291, 293.297
1822, 5.53141e-14, 7.51613e-07, 4.45418e-07, 0, 0, 3.68944e-20, 0, 0, 1.19703e-06, 9.12722e-13, 0, 30.5257, 0.904224, 16.3949, 293.242
1823, 1.76656e-13, 5.56315e-07, 6.40195e-07, 0, 0, 1.17763e-19, 0, 0, 1.19651e-06, 2.91659e-12, 0, 29.3646, 0.904216, 16.4256, 293.106
1824, 2.47122e-13, 4.15323e-07, 7.85212e-07, 0, 0, 1.6426e-19, 0, 0, 1.20053e-06, 4.08095e-12, 0, 29.0289, 0.904208, 16.4779, 293.012
1825, 1.51971e-13, 4.95714e-07, 7.25024e-07, 0, 0, 1.00512e-19, 0, 0, 1.22074e-06, 2.5102e-12, 0, 29.5151, 0.9042, 16.5058, 293.063
1826, 4.13288e-14, 6.7089e-07, 5.77246e-07, 0, 0, 2.71417e-20, 0, 0, 1.24814e-06, 6.82786e-13, 0, 30.8172, 0.904191, 16.5029, 293.174
1827, 4.99481e-15, 7.38621e-07, 5.2839e-07, 0, 0, 3.25037e-21, 0, 0, 1.26701e-06, 8.25299e-14, 0, 32.9304, 0.904184, 16.4861, 293.207
1828, 2.75533e-16, 7.71246e-07, 5.11686e-07, 0, 0, 1.76583e-22, 0, 0, 1.28293e-06, 4.55264e-15, 0, 35.8278, 0.904176, 16.4631, 293.213
1829, 9.71944e-18, 8.38326e-07, 4.63661e-07, 0, 0, 5.83185e-24, 0, 0, 1.30199e-06, 1.60422e-16, 0, 39.1724, 0.904168, 16.4386, 293.244
1830, 6.2167e-19, 8.7905e-07, 4.40505e-07, 0, 0, 3.3601e-25, 0, 0, 1.31956e-06, 1.02408e-17, 0, 41.9219, 0.904159, 16.4112, 293.26
1831, 6.30138e-20, 8.89378e-07, 4.4589e-07, 0, 0, 3.22876e-26, 0, 0, 1.33527e-06, 1.0337e-18, 0, 44.2109, 0.904152, 16.3666, 293.259
1832, 1.7853e-19, 8.58274e-07, 4.89427e-07, 0, 0, 8.68516e-26, 0, 0, 1.3477e-06, 2.91168e-18, 0, 43.1695, 0.904144, 16.303, 293.23
1833, 5.27704e-19, 8.24725e-07, 5.35337e-07, 0, 0, 2.5656e-25, 0, 0, 1.36006e-06, 8.60573e-18, 0, 42.0858, 0.904135, 16.2704, 293.2
1834, 6.5103e-19, 8.71737e-07, 5.07851e-07, 0, 0, 3.16369e-25, 0, 0, 1.37959e-06, 1.06168e-17, 0, 41.8757, 0.904128, 16.2765, 293.226
1835, 3.32505e-19, 1.01959e-06, 3.88531e-07, 0, 0, 1.61479e-25, 0, 0, 1.40812e-06, 5.42231e-18, 0, 42.5476, 0.90412, 16.2697, 293.321
1836, 7.02829e-20, 1.1387e-06, 2.95876e-07, 0, 0, 3.41074e-26, 0, 0, 1.43458e-06, 1.14612e-18, 0, 44.1018, 0.904112, 16.2443, 293.395
1837, 6.14933e-21, 1.16951e-06, 2.83725e-07, 0, 0, 2.98171e-27, 0, 0, 1.45323e-06, 1.00277e-19, 0, 46.5379, 0.904104, 16.2145, 293.408
1838, 2.22849e-22, 1.13477e-06, 3.30744e-07, 0, 0, 1.07954e-28, 0, 0, 1.46552e-06, 3.63394e-21, 0, 49.8555, 0.904096, 16.1845, 293.37
1839, 4.17319e-24, 1.10233e-06, 3.75858e-07, 0, 0, 1.99314e-30, 0, 0, 1.47819e-06, 6.7782e-23, 0, 53.8334, 0.904088, 16.1539, 293.335
1840, 5.01462e-23, 1.14582e-06, 3.53059e-07, 0, 0, 2.26885e-29, 0, 0, 1.49888e-06, 8.01092e-22, 0, 51.3471, 0.90408, 16.1225, 293.359
1841, 2.15554e-21, 1.20379e-06, 3.17692e-07, 0, 0, 9.76089e-28, 0, 0, 1.52148e-06, 3.44332e-20, 0, 47.5862, 0.904072, 16.0913, 293.394
1842, 3.87676e-20, 1.20423e-06, 3.34736e-07, 0, 0, 1.7558e-26, 0, 0, 1.53897e-06, 6.1926e-19, 0, 44.6967, 0.904064, 16.0605, 293.39
1843, 2.93519e-19, 1.07122e-06, 4.72125e-07, 0, 0, 1.32879e-25, 0, 0, 1.54334e-06, 4.68833e-18, 0, 42.6723, 0.904056, 16.0296, 293.292
1844, 9.39234e-19, 8.81622e-07, 6.62011e-07, 0, 0, 4.24738e-25, 0, 0, 1.54363e-06, 1.50013e-17, 0, 41.5092, 0.904047, 15.9928, 293.165
1845, 1.27688e-18, 8.25131e-07, 7.31705e-07, 0, 0, 5.76385e-25, 0, 0, 1.55684e-06, 2.03928e-17, 0, 41.2021, 0.90404, 15.9157, 293.13
1846, 7.41719e-19, 1.01804e-06, 5.73454e-07, 0, 0, 3.33957e-25, 0, 0, 1.5915e-06, 1.18448e-17, 0, 41.7453, 0.904032, 15.7473, 293.244
1847, 1.85056e-19, 1.29339e-06, 3.40997e-07, 0, 0, 8.30508e-26, 0, 0, 1.63439e-06, 2.95494e-18, 0, 43.1336, 0.904024, 15.6113, 293.409
1848, 2.0094e-20, 1.39485e-06, 2.66408e-07, 0, 0, 8.97733e-27, 0, 0, 1.66126e-06, 3.20785e-19, 0, 45.3539, 0.90402, 15.6841, 293.46
1849, 3.98017e-21, 1.30092e-06, 3.67412e-07, 0, 0, 1.67338e-27, 0, 0, 1.66834e-06, 6.29187e-20, 0, 46.973, 0.904042, 15.7916, 293.378
1850, 1.9892e-20, 1.16081e-06, 5.1114e-07, 0, 0, 8.21169e-27, 0, 0, 1.67195e-06, 3.1351e-19, 0, 45.364, 0.904147, 15.7927, 293.273
1851, 5.37444e-20, 1.04538e-06, 6.35303e-07, 0, 0, 2.21714e-26, 0, 0, 1.68068e-06, 8.47015e-19, 0, 44.37, 0.904374, 15.7436, 293.202
1852, 6.04944e-20, 1.03757e-06, 6.61963e-07, 0, 0, 2.49341e-26, 0, 0, 1.69954e-06, 9.53366e-19, 0, 44.2517, 0.904684, 15.7008, 293.197
1853, 2.83693e-20, 1.20934e-06, 5.23986e-07, 0, 0, 1.1679e-26, 0, 0, 1.73333e-06, 4.4707e-19, 0, 45.009, 0.90502, 15.6749, 293.287
1854, 5.56411e-21, 1.30649e-06, 4.53297e-07, 0, 0, 2.28633e-27, 0, 0, 1.75978e-06, 8.76785e-20, 0, 46.638, 0.90536, 15.661, 293.326
1855, 4.95298e-22, 1.23607e-06, 5.3516e-07, 0, 0, 2.01189e-28, 0, 0, 1.77123e-06, 7.79916e-21, 0, 49.0569, 0.905701, 15.6412, 293.27
1856, 7.39133e-23, 1.23949e-06, 5.51549e-07, 0, 0, 2.75969e-29, 0, 0, 1.79104e-06, 1.15595e-21, 0, 50.9591, 0.90604, 15.6167, 293.265
1857, 1.08303e-22, 1.28286e-06, 5.32126e-07, 0, 0, 4.00016e-29, 0, 0, 1.81499e-06, 1.68522e-21, 0, 50.5771, 0.90638, 15.5932, 293.285
1858, 5.13876e-22, 1.22542e-06, 6.03841e-07, 0, 0, 2.06411e-28, 0, 0, 1.82926e-06, 7.94997e-21, 0, 49.0201, 0.90672, 15.5659, 293.244
1859, 8.0787e-21, 1.28336e-06, 5.71931e-07, 0, 0, 3.39184e-27, 0, 0, 1.85529e-06, 1.24635e-19, 0, 46.2651, 0.90706, 15.5351, 293.273
1860, 7.98218e-20, 1.42302e-06, 4.67043e-07, 0, 0, 3.37012e-26, 0, 0, 1.89007e-06, 1.23114e-18, 0, 43.9745, 0.9074, 15.5028, 293.351
1861, 3.45017e-19, 1.32581e-06, 5.76763e-07, 0, 0, 1.46112e-25, 0, 0, 1.90258e-06, 5.32089e-18, 0, 42.5107, 0.90774, 15.4675, 293.297
1862, 6.3984e-19, 1.11643e-06, 7.87389e-07, 0, 0, 2.71625e-25, 0, 0, 1.90382e-06, 9.86683e-18, 0, 41.8931, 0.90808, 15.4255, 293.177
1863, 5.18235e-19, 1.10975e-06, 8.12552e-07, 0, 0, 2.20576e-25, 0, 0, 1.9223e-06, 7.98944e-18, 0, 42.1039, 0.90842, 15.3834, 293.157
1864, 2.94614e-19, 1.22998e-06, 7.22555e-07, 0, 0, 1.27045e-25, 0, 0, 1.95254e-06, 4.52647e-18, 0, 42.6686, 0.90876, 15.3537, 293.203
1865, 5.1546e-19, 1.22814e-06, 7.45599e-07, 0, 0, 2.25505e-25, 0, 0, 1.97373e-06, 7.88399e-18, 0, 42.1092, 0.9091, 15.3273, 293.196
1866, 8.06561e-19, 1.1829e-06, 8.09852e-07, 0, 0, 3.5284e-25, 0, 0, 1.99275e-06, 1.23312e-17, 0, 41.6615, 0.909441, 15.2927, 293.175
1867, 5.50788e-19, 1.37504e-06, 6.5811e-07, 0, 0, 2.40632e-25, 0, 0, 2.03315e-06, 8.42034e-18, 0, 42.0429, 0.909781, 15.2515, 293.272
1868, 1.57155e-19, 1.62789e-06, 4.4958e-07, 0, 0, 6.85598e-26, 0, 0, 2.07747e-06, 2.40247e-18, 0, 43.2971, 0.91012, 15.2051, 293.386
1869, 1.86914e-20, 1.72519e-06, 3.81258e-07, 0, 0, 8.14167e-27, 0, 0, 2.10645e-06, 2.85731e-19, 0, 45.4262, 0.91046, 15.1515, 293.413
1870, 9.26323e-22, 1.80244e-06, 3.34039e-07, 0, 0, 4.02824e-28, 0, 0, 2.13648e-06, 1.416e-20, 0, 48.4308, 0.9108, 15.0861, 293.445
1871, 1.91298e-23, 1.86235e-06, 3.0386e-07, 0, 0, 8.30414e-30, 0, 0, 2.16621e-06, 2.92412e-22, 0, 52.3108, 0.91114, 15.0001, 293.472
1872, 1.64647e-25, 1.85327e-06, 3.34348e-07, 0, 0, 7.13373e-32, 0, 0, 2.18762e-06, 2.51666e-24, 0, 57.066, 0.91148, 14.8695, 293.456
1873, 6.29995e-28, 1.86368e-06, 3.47641e-07, 0, 0, 2.69002e-34, 0, 0, 2.21132e-06, 9.60372e-27, 0, 62.6318, 0.91182, 14.6159, 293.45
1874, 2.21016e-23, 1.83682e-06, 3.93327e-07, 0, 0, 8.28644e-30, 0, 0, 2.23014e-06, 3.24064e-22, 0, 52.1664, 0.91216, 14.0629, 293.418
1875, 1.34871e-21, 1.75993e-06, 4.83011e-07, 0, 0, 5.10758e-28, 0, 0, 2.24295e-06, 1.97862e-20, 0, 48.0551, 0.9125, 13.3116, 293.356
1876, 3.50954e-20, 1.73816e-06, 5.25854e-07, 0, 0, 1.34232e-26, 0, 0, 2.26401e-06, 5.15189e-19, 0, 44.7962, 0.91284, 13.1768, 293.334
1877, 4.36915e-19, 1.68709e-06, 5.9796e-07, 0, 0, 1.69106e-25, 0, 0, 2.28505e-06, 6.41929e-18, 0, 42.2745, 0.91318, 13.8128, 293.311
1878, 2.69425e-18, 1.46476e-06, 8.26196e-07, 0, 0, 1.05519e-24, 0, 0, 2.29096e-06, 3.96199e-17, 0, 40.4554, 0.91352, 14.3824, 293.214
1879, 8.19893e-18, 1.23137e-06, 1.06534e-06, 0, 0, 3.23735e-24, 0, 0, 2.29671e-06, 1.20652e-16, 0, 39.3425, 0.91386, 14.6255, 293.116
1880, 1.32083e-17, 1.22842e-06, 1.09302e-06, 0, 0, 5.19256e-24, 0, 0, 2.32144e-06, 1.94467e-16, 0, 38.8657, 0.9142, 14.7153, 293.11
1881, 1.81356e-17, 1.31626e-06, 1.03677e-06, 0, 0, 6.89727e-24, 0, 0, 2.35303e-06, 2.67136e-16, 0, 38.5487, 0.91454, 14.7507, 293.136
1882, 2.68473e-17, 1.26242e-06, 1.11264e-06, 0, 0, 9.98261e-24, 0, 0, 2.37506e-06, 3.95543e-16, 0, 38.1564, 0.914881, 14.7612, 293.115
1883, 2.30638e-17, 1.29005e-06, 1.11365e-06, 0, 0, 8.55466e-24, 0, 0, 2.40371e-06, 3.39821e-16, 0, 38.3083, 0.91522, 14.7534, 293.124
1884, 8.84672e-18, 1.45956e-06, 9.82523e-07, 0, 0, 3.29252e-24, 0, 0, 2.44209e-06, 1.30343e-16, 0, 39.2665, 0.91556, 14.7267, 293.176
1885, 4.47467e-18, 1.46045e-06, 1.00625e-06, 0, 0, 1.80617e-24, 0, 0, 2.4667e-06, 6.57358e-17, 0, 39.9481, 0.9159, 14.7, 293.163
1886, 2.79471e-17, 1.35335e-06, 1.1317e-06, 0, 0, 1.16953e-23, 0, 0, 2.48505e-06, 4.09938e-16, 0, 38.1162, 0.91624, 14.6954, 293.121
1887, 1.10344e-16, 1.22357e-06, 1.28075e-06, 0, 0, 4.60964e-23, 0, 0, 2.50432e-06, 1.61834e-15, 0, 36.7429, 0.916579, 14.6925, 293.083
1888, 1.88657e-16, 1.0878e-06, 1.43525e-06, 0, 0, 7.85726e-23, 0, 0, 2.52305e-06, 2.76657e-15, 0, 36.2066, 0.91692, 14.6765, 293.041
1889, 1.39115e-16, 1.23175e-06, 1.32899e-06, 0, 0, 5.77558e-23, 0, 0, 2.56073e-06, 2.03982e-15, 0, 36.5112, 0.91726, 14.6544, 293.083
1890, 4.44494e-17, 1.56827e-06, 1.04321e-06, 0, 0, 1.83948e-23, 0, 0, 2.61147e-06, 6.51683e-16, 0, 37.6522, 0.9176, 14.6304, 293.179
1891, 6.25799e-18, 1.71504e-06, 9.3192e-07, 0, 0, 2.5811e-24, 0, 0, 2.64696e-06, 9.17292e-17, 0, 39.6127, 0.91794, 14.6017, 293.206
1892, 2.22392e-18, 1.75109e-06, 9.24381e-07, 0, 0, 9.37298e-25, 0, 0, 2.67547e-06, 3.22894e-17, 0, 40.6473, 0.91828, 14.5607, 293.202
1893, 2.40276e-17, 1.73885e-06, 9.63964e-07, 0, 0, 1.01892e-23, 0, 0, 2.70281e-06, 3.48159e-16, 0, 38.2673, 0.91862, 14.5184, 293.192
1894, 1.31074e-16, 1.5547e-06, 1.16495e-06, 0, 0, 5.56031e-23, 0, 0, 2.71965e-06, 1.89918e-15, 0, 36.5708, 0.91896, 14.5026, 293.137
1895, 2.99894e-16, 1.27075e-06, 1.45948e-06, 0, 0, 1.27199e-22, 0, 0, 2.73023e-06, 4.34509e-15, 0, 35.7431, 0.9193, 14.4968, 293.057
1896, 2.88603e-16, 1.18893e-06, 1.56505e-06, 0, 0, 1.22302e-22, 0, 0, 2.75398e-06, 4.18128e-15, 0, 35.7815, 0.91964, 14.4779, 293.03
1897, 1.17828e-16, 1.44735e-06, 1.354e-06, 0, 0, 4.9816e-23, 0, 0, 2.80135e-06, 1.70697e-15, 0, 36.6773, 0.91998, 14.4491, 293.098
1898, 2.08755e-17, 1.87926e-06, 9.84499e-07, 0, 0, 8.7762e-24, 0, 0, 2.86376e-06, 3.02379e-16, 0, 38.408, 0.920318, 14.4099, 293.223
1899, 1.69698e-18, 2.24425e-06, 6.81047e-07, 0, 0, 7.04328e-25, 0, 0, 2.92529e-06, 2.4573e-17, 0, 40.9177, 0.920646, 14.3636, 293.34
1900, 7.03654e-20, 2.34642e-06, 6.18628e-07, 0, 0, 2.85216e-26, 0, 0, 2.96505e-06, 1.01836e-18, 0, 44.1006, 0.920941, 14.3386, 293.369
1901, 1.71953e-21, 2.14597e-06, 8.29465e-07, 0, 0, 6.72316e-28, 0, 0, 2.97543e-06, 2.48585e-20, 0, 47.8122, 0.921186, 14.3338, 293.284
1902, 1.35554e-22, 2.00458e-06, 9.8787e-07, 0, 0, 4.53852e-29, 0, 0, 2.99245e-06, 1.94389e-21, 0, 50.3527, 0.921398, 14.3196, 293.225
1903, 7.78021e-23, 2.06886e-06, 9.60557e-07, 0, 0, 2.54184e-29, 0, 0, 3.02941e-06, 1.11316e-21, 0, 50.9079, 0.9216, 14.2951, 293.24
1904, 2.53749e-22, 2.15615e-06, 9.11973e-07, 0, 0, 9.19161e-29, 0, 0, 3.06812e-06, 3.59557e-21, 0, 49.7257, 0.9218, 14.2678, 293.26
1905, 5.9084e-21, 2.37669e-06, 7.44978e-07, 0, 0, 2.17372e-27, 0, 0, 3.12167e-06, 8.36249e-20, 0, 46.5779, 0.921999, 14.2406, 293.333
1906, 6.80687e-20, 2.51403e-06, 6.54821e-07, 0, 0, 2.51588e-26, 0, 0, 3.16885e-06, 9.63192e-19, 0, 44.1338, 0.922201, 14.2145, 293.38
1907, 3.7158e-19, 2.24079e-06, 9.37178e-07, 0, 0, 1.38266e-25, 0, 0, 3.17797e-06, 5.25591e-18, 0, 42.4365, 0.9224, 14.1886, 293.289
1908, 1.05297e-18, 1.80663e-06, 1.36582e-06, 0, 0, 3.95382e-25, 0, 0, 3.17245e-06, 1.48854e-17, 0, 41.3949, 0.9226, 14.162, 293.145
1909, 1.63748e-18, 1.6637e-06, 1.52804e-06, 0, 0, 6.20101e-25, 0, 0, 3.19174e-06, 2.31349e-17, 0, 40.9534, 0.9228, 14.1348, 293.091
1910, 1.32409e-18, 1.85106e-06, 1.38771e-06, 0, 0, 5.03952e-25, 0, 0, 3.23878e-06, 1.87e-17, 0, 41.1658, 0.923, 14.1079, 293.134
1911, 5.03211e-19, 2.17827e-06, 1.11988e-06, 0, 0, 1.91883e-25, 0, 0, 3.29816e-06, 7.10548e-18, 0, 42.1333, 0.9232, 14.0799, 293.218
1912, 8.57018e-20, 2.39139e-06, 9.57233e-07, 0, 0, 3.26759e-26, 0, 0, 3.34862e-06, 1.20973e-18, 0, 43.9034, 0.9234, 14.045, 293.267
1913, 7.74135e-20, 2.51532e-06, 8.78812e-07, 0, 0, 3.16908e-26, 0, 0, 3.39413e-06, 1.07872e-18, 0, 44.0051, 0.9236, 14.007, 293.298
1914, 2.49506e-18, 2.51639e-06, 9.13928e-07, 0, 0, 1.06365e-24, 0, 0, 3.43032e-06, 3.46878e-17, 0, 40.5322, 0.9238, 13.9843, 293.296
1915, 4.86762e-17, 2.30435e-06, 1.14268e-06, 0, 0, 2.09165e-23, 0, 0, 3.44703e-06, 6.76538e-16, 0, 37.5613, 0.924, 13.969, 293.229
1916, 4.22144e-16, 2.14251e-06, 1.32778e-06, 0, 0, 1.81803e-22, 0, 0, 3.47029e-06, 5.86666e-15, 0, 35.4012, 0.9242, 13.9441, 293.182
1917, 1.57506e-15, 1.8649e-06, 1.62353e-06, 0, 0, 6.78856e-22, 0, 0, 3.48843e-06, 2.18871e-14, 0, 34.0845, 0.9244, 13.9167, 293.119
1918, 2.53004e-15, 1.5498e-06, 1.95462e-06, 0, 0, 1.09028e-21, 0, 0, 3.50442e-06, 3.51541e-14, 0, 33.6105, 0.9246, 13.8925, 293.048
1919, 1.76229e-15, 1.86227e-06, 1.704e-06, 0, 0, 7.58614e-22, 0, 0, 3.56627e-06, 2.44833e-14, 0, 33.9722, 0.9248, 13.863, 293.126
1920, 6.05478e-16, 2.50881e-06, 1.14518e-06, 0, 0, 2.60299e-22, 0, 0, 3.65398e-06, 8.40226e-15, 0, 35.0405, 0.925, 13.833, 293.282
1921, 5.87934e-16, 2.52054e-06, 1.17088e-06, 0, 0, 2.54257e-22, 0, 0, 3.69142e-06, 8.10514e-15, 0, 35.0699, 0.925201, 13.8124, 293.276
1922, 1.69496e-15, 1.93971e-06, 1.7429e-06, 0, 0, 7.39051e-22, 0, 0, 3.68261e-06, 2.33207e-14, 0, 34.0111, 0.9254, 13.7909, 293.126
1923, 4.20342e-15, 1.71467e-06, 1.9895e-06, 0, 0, 1.8908e-21, 0, 0, 3.70417e-06, 5.75909e-14, 0, 33.1029, 0.9256, 13.7592, 293.07
1924, 1.39236e-14, 1.91362e-06, 1.84434e-06, 0, 0, 6.45376e-21, 0, 0, 3.75796e-06, 1.90087e-13, 0, 31.9052, 0.9258, 13.7236, 293.113
1925, 3.16155e-14, 1.82647e-06, 1.96264e-06, 0, 0, 1.47629e-20, 0, 0, 3.78912e-06, 4.3146e-13, 0, 31.0851, 0.926, 13.6959, 293.086
1926, 3.23849e-14, 1.7812e-06, 2.04128e-06, 0, 0, 1.51527e-20, 0, 0, 3.82249e-06, 4.42088e-13, 0, 31.0611, 0.9262, 13.6753, 293.064
1927, 1.41248e-14, 2.09896e-06, 1.78292e-06, 0, 0, 6.61128e-21, 0, 0, 3.88188e-06, 1.92887e-13, 0, 31.8908, 0.9264, 13.654, 293.119
1928, 2.93371e-15, 2.2607e-06, 1.67152e-06, 0, 0, 1.36074e-21, 0, 0, 3.93222e-06, 4.00521e-14, 0, 33.4625, 0.9266, 13.6292, 293.145
1929, 1.32323e-15, 2.14895e-06, 1.81613e-06, 0, 0, 5.86917e-22, 0, 0, 3.96508e-06, 1.79801e-14, 0, 34.2587, 0.9268, 13.5981, 293.119
1930, 3.34258e-15, 2.12361e-06, 1.87814e-06, 0, 0, 1.54122e-21, 0, 0, 4.00175e-06, 4.52335e-14, 0, 33.332, 0.927001, 13.5628, 293.103
1931, 1.35989e-14, 2.17435e-06, 1.86914e-06, 0, 0, 6.4444e-21, 0, 0, 4.04349e-06, 1.83676e-13, 0, 31.9288, 0.9272, 13.5329, 293.101
1932, 3.92644e-14, 1.96968e-06, 2.10159e-06, 0, 0, 1.88891e-20, 0, 0, 4.07127e-06, 5.2971e-13, 0, 30.8685, 0.9274, 13.5055, 293.058
1933, 1.0525e-13, 1.75452e-06, 2.34486e-06, 0, 0, 5.27974e-20, 0, 0, 4.09938e-06, 1.41606e-12, 0, 29.8824, 0.9276, 13.4836, 293.015
1934, 3.07372e-13, 1.6697e-06, 2.46435e-06, 0, 0, 1.58656e-19, 0, 0, 4.13405e-06, 4.12873e-12, 0, 28.8107, 0.9278, 13.4622, 292.991
1935, 5.20517e-13, 1.55404e-06, 2.6129e-06, 0, 0, 2.70876e-19, 0, 0, 4.16694e-06, 6.9892e-12, 0, 28.284, 0.928, 13.4286, 292.96
1936, 3.95403e-13, 1.64259e-06, 2.57585e-06, 0, 0, 2.06317e-19, 0, 0, 4.21844e-06, 5.30845e-12, 0, 28.5589, 0.9282, 13.3769, 292.981
1937, 1.32998e-13, 1.84974e-06, 2.42908e-06, 0, 0, 6.91286e-20, 0, 0, 4.27882e-06, 1.78494e-12, 0, 29.6484, 0.9284, 13.328, 293.023
1938, 2.6747e-14, 2.02973e-06, 2.3046e-06, 0, 0, 1.33147e-20, 0, 0, 4.33433e-06, 3.57601e-13, 0, 31.2524, 0.9286, 13.3051, 293.051
1939, 4.0094e-14, 2.2114e-06, 2.17798e-06, 0, 0, 1.95337e-20, 0, 0, 4.38937e-06, 5.24156e-13, 0, 30.8476, 0.9288, 13.279, 293.076
1940, 3.48449e-13, 2.15263e-06, 2.27436e-06, 0, 0, 1.76961e-19, 0, 0, 4.42698e-06, 4.52167e-12, 0, 28.6853, 0.929, 13.2281, 293.053
1941, 1.90368e-12, 1.8634e-06, 2.57732e-06, 0, 0, 9.76152e-19, 0, 0, 4.44072e-06, 2.46586e-11, 0, 26.9872, 0.9292, 13.1498, 292.968
1942, 4.79322e-12, 1.47853e-06, 2.96154e-06, 0, 0, 2.45617e-18, 0, 0, 4.44006e-06, 6.20195e-11, 0, 26.0638, 0.9294, 13.0171, 292.845
1943, 5.39322e-12, 1.30449e-06, 3.16557e-06, 0, 0, 2.73963e-18, 0, 0, 4.47006e-06, 6.96748e-11, 0, 25.9459, 0.9296, 12.7442, 292.802
1944, 2.92556e-12, 1.52817e-06, 3.02005e-06, 0, 0, 1.43153e-18, 0, 0, 4.54821e-06, 3.75969e-11, 0, 26.5575, 0.9298, 12.2731, 292.882
1945, 1.66508e-12, 1.6119e-06, 2.99658e-06, 0, 0, 6.88327e-19, 0, 0, 4.60848e-06, 2.09575e-11, 0, 27.1211, 0.93, 11.938, 292.914
1946, 2.4791e-12, 1.42428e-06, 3.21191e-06, 0, 0, 9.67726e-19, 0, 0, 4.63619e-06, 3.10906e-11, 0, 26.7231, 0.9302, 12.1515, 292.863
1947, 2.67345e-12, 1.39828e-06, 3.28239e-06, 0, 0, 1.0724e-18, 0, 0, 4.68067e-06, 3.37124e-11, 0, 26.6477, 0.9304, 12.5846, 292.853
1948, 1.86167e-12, 1.47924e-06, 3.26033e-06, 0, 0, 7.50675e-19, 0, 0, 4.73957e-06, 2.37195e-11, 0, 27.0095, 0.930599, 12.8381, 292.878
1949, 2.60292e-12, 1.38349e-06, 3.39107e-06, 0, 0, 1.00016e-18, 0, 0, 4.77456e-06, 3.36461e-11, 0, 26.6744, 0.930788, 12.9361, 292.843
1950, 6.30425e-12, 1.13416e-06, 3.6447e-06, 0, 0, 2.22376e-18, 0, 0, 4.77886e-06, 8.16932e-11, 0, 25.7898, 0.930949, 12.972, 292.733
1951, 1.14106e-11, 9.07062e-07, 3.86801e-06, 0, 0, 3.69558e-18, 0, 0, 4.77507e-06, 1.4782e-10, 0, 25.1965, 0.931068, 12.9824, 292.603
1952, 1.1787e-11, 9.28832e-07, 3.89286e-06, 0, 0, 3.54281e-18, 0, 0, 4.8217e-06, 1.5258e-10, 0, 25.164, 0.931158, 12.9803, 292.596
1953, 7.27338e-12, 1.14744e-06, 3.76989e-06, 0, 0, 1.98267e-18, 0, 0, 4.91733e-06, 9.40734e-11, 0, 25.6468, 0.93124, 12.9716, 292.704
1954, 4.09567e-12, 1.25286e-06, 3.74318e-06, 0, 0, 9.49274e-19, 0, 0, 4.99604e-06, 5.29498e-11, 0, 26.2211, 0.93132, 12.9588, 292.769
1955, 2.71666e-12, 1.26843e-06, 3.78912e-06, 0, 0, 5.32963e-19, 0, 0, 5.05756e-06, 3.50983e-11, 0, 26.6316, 0.9314, 12.9434, 292.791
1956, 1.81559e-12, 1.31632e-06, 3.80344e-06, 0, 0, 3.06363e-19, 0, 0, 5.11976e-06, 2.34079e-11, 0, 27.0346, 0.931481, 12.926, 292.814
1957, 1.62306e-12, 1.35064e-06, 3.82433e-06, 0, 0, 2.686e-19, 0, 0, 5.17497e-06, 2.08706e-11, 0, 27.1467, 0.93156, 12.9071, 292.819
1958, 2.53984e-12, 1.36398e-06, 3.8571e-06, 0, 0, 5.75735e-19, 0, 0, 5.22108e-06, 3.25945e-11, 0, 26.6989, 0.93164, 12.8873, 292.802
1959, 6.4982e-12, 1.28846e-06, 3.95039e-06, 0, 0, 1.84069e-18, 0, 0, 5.23885e-06, 8.32679e-11, 0, 25.7595, 0.93172, 12.8667, 292.722
1960, 1.28437e-11, 1.1083e-06, 4.12196e-06, 0, 0, 3.83197e-18, 0, 0, 5.23026e-06, 1.64421e-10, 0, 25.0782, 0.9318, 12.8453, 292.584
1961, 1.5417e-11, 1.04925e-06, 4.20907e-06, 0, 0, 4.58976e-18, 0, 0, 5.25832e-06, 1.97127e-10, 0, 24.8955, 0.931881, 12.823, 292.527
1962, 1.25463e-11, 1.17202e-06, 4.16898e-06, 0, 0, 3.59664e-18, 0, 0, 5.341e-06, 1.60177e-10, 0, 25.1016, 0.93196, 12.8005, 292.589
1963, 8.88381e-12, 1.27326e-06, 4.15483e-06, 0, 0, 2.2852e-18, 0, 0, 5.4281e-06, 1.13213e-10, 0, 25.4468, 0.93204, 12.7782, 292.659
1964, 1.15947e-11, 1.11014e-06, 4.34006e-06, 0, 0, 2.72372e-18, 0, 0, 5.4502e-06, 1.47504e-10, 0, 25.1805, 0.93212, 12.7565, 292.587
1965, 2.24802e-11, 8.12172e-07, 4.5982e-06, 0, 0, 5.53753e-18, 0, 0, 5.41037e-06, 2.85572e-10, 0, 24.5184, 0.9322, 12.735, 292.382
1966, 3.73347e-11, 6.13262e-07, 4.7407e-06, 0, 0, 9.56381e-18, 0, 0, 5.35396e-06, 4.7355e-10, 0, 24.0111, 0.93228, 12.7132, 292.141
1967, 4.78838e-11, 5.49297e-07, 4.78793e-06, 0, 0, 1.29816e-17, 0, 0, 5.33722e-06, 6.06548e-10, 0, 23.7622, 0.93236, 12.6908, 291.986
1968, 5.4439e-11, 5.43453e-07, 4.81549e-06, 0, 0, 1.69639e-17, 0, 0, 5.35894e-06, 6.88494e-10, 0, 23.6339, 0.932441, 12.6681, 291.914
1969, 6.63798e-11, 4.69491e-07, 4.87862e-06, 0, 0, 2.41116e-17, 0, 0, 5.34811e-06, 8.38193e-10, 0, 23.4356, 0.93252, 12.6453, 291.772
1970, 6.90571e-11, 5.02353e-07, 4.89645e-06, 0, 0, 2.73386e-17, 0, 0, 5.3988e-06, 8.70869e-10, 0, 23.3961, 0.932601, 12.6209, 291.763
1971, 5.2023e-11, 7.32832e-07, 4.84568e-06, 0, 0, 2.19614e-17, 0, 0, 5.57851e-06, 6.53891e-10, 0, 23.6793, 0.93268, 12.5873, 292.027
1972, 4.34558e-11, 8.00258e-07, 4.89016e-06, 0, 0, 2.05134e-17, 0, 0, 5.69042e-06, 5.41547e-10, 0, 23.8593, 0.93276, 12.5387, 292.141
1973, 5.26914e-11, 6.39396e-07, 5.03539e-06, 0, 0, 2.70157e-17, 0, 0, 5.67479e-06, 6.54628e-10, 0, 23.6666, 0.93284, 12.5029, 291.99
1974, 6.01214e-11, 5.49751e-07, 5.12947e-06, 0, 0, 3.3193e-17, 0, 0, 5.67922e-06, 7.47549e-10, 0, 23.5347, 0.93292, 12.4926, 291.881
1975, 6.84002e-11, 4.77007e-07, 5.20763e-06, 0, 0, 4.13055e-17, 0, 0, 5.68464e-06, 8.50686e-10, 0, 23.4056, 0.933, 12.4827, 291.774
1976, 8.38226e-11, 3.73236e-07, 5.27508e-06, 0, 0, 5.46462e-17, 0, 0, 5.64831e-06, 1.0431e-09, 0, 23.2023, 0.93308, 12.4725, 291.581
1977, 9.82853e-11, 3.05466e-07, 5.31314e-06, 0, 0, 6.71819e-17, 0, 0, 5.6186e-06, 1.2225e-09, 0, 23.0431, 0.93316, 12.4506, 291.401
1978, 9.59818e-11, 3.66646e-07, 5.32897e-06, 0, 0, 6.66013e-17, 0, 0, 5.69562e-06, 1.19179e-09, 0, 23.0669, 0.93324, 12.4088, 291.442
1979, 7.69979e-11, 6.42716e-07, 5.25055e-06, 0, 0, 5.26181e-17, 0, 0, 5.89326e-06, 9.54151e-10, 0, 23.2872, 0.93332, 12.3753, 291.723
1980, 6.15933e-11, 8.76821e-07, 5.18921e-06, 0, 0, 4.11869e-17, 0, 0, 6.06603e-06, 7.61488e-10, 0, 23.5105, 0.9334, 12.3684, 291.944
1981, 7.38054e-11, 6.96888e-07, 5.33482e-06, 0, 0, 5.14572e-17, 0, 0, 6.03172e-06, 9.10245e-10, 0, 23.3296, 0.93348, 12.3589, 291.76
1982, 9.33132e-11, 4.15573e-07, 5.53056e-06, 0, 0, 6.92669e-17, 0, 0, 5.94613e-06, 1.14905e-09, 0, 23.0951, 0.93356, 12.3355, 291.475
1983, 1.05316e-10, 3.16003e-07, 5.61027e-06, 0, 0, 8.32767e-17, 0, 0, 5.92628e-06, 1.29547e-09, 0, 22.9741, 0.933641, 12.3154, 291.318
1984, 1.16528e-10, 2.95315e-07, 5.62168e-06, 0, 0, 9.54582e-17, 0, 0, 5.917e-06, 1.43193e-09, 0, 22.8729, 0.93372, 12.2976, 291.182
1985, 1.15533e-10, 3.5111e-07, 5.63539e-06, 0, 0, 9.39674e-17, 0, 0, 5.98651e-06, 1.41756e-09, 0, 22.8815, 0.9338, 12.2741, 291.202
1986, 1.00371e-10, 5.15253e-07, 5.63697e-06, 0, 0, 7.89459e-17, 0, 0, 6.15222e-06, 1.22961e-09, 0, 23.0221, 0.93388, 12.2533, 291.404
1987, 8.59955e-11, 6.41096e-07, 5.66732e-06, 0, 0, 6.49932e-17, 0, 0, 6.30841e-06, 1.05163e-09, 0, 23.1767, 0.93396, 12.2358, 291.581
1988, 9.22859e-11, 5.39426e-07, 5.77516e-06, 0, 0, 7.01084e-17, 0, 0, 6.31458e-06, 1.12626e-09, 0, 23.1061, 0.93404, 12.213, 291.476
1989, 9.55832e-11, 4.95068e-07, 5.85913e-06, 0, 0, 7.41269e-17, 0, 0, 6.35419e-06, 1.16482e-09, 0, 23.071, 0.93412, 12.1808, 291.432
1990, 8.41445e-11, 6.01201e-07, 5.9025e-06, 0, 0, 6.58864e-17, 0, 0, 6.5037e-06, 1.02329e-09, 0, 23.1985, 0.9342, 12.1523, 291.588
1991, 9.52632e-11, 5.18352e-07, 5.95906e-06, 0, 0, 7.65501e-17, 0, 0, 6.47742e-06, 1.15522e-09, 0, 23.0744, 0.93428, 12.1368, 291.424
1992, 1.20701e-10, 3.26507e-07, 6.01389e-06, 0, 0, 9.73208e-17, 0, 0, 6.34039e-06, 1.46125e-09, 0, 22.8377, 0.93436, 12.1225, 291.056
1993, 1.24524e-10, 3.03103e-07, 6.0636e-06, 0, 0, 9.72114e-17, 0, 0, 6.3667e-06, 1.50563e-09, 0, 22.8065, 0.93444, 12.1059, 290.988
1994, 1.06674e-10, 4.00502e-07, 6.15257e-06, 0, 0, 7.73774e-17, 0, 0, 6.55307e-06, 1.28751e-09, 0, 22.9612, 0.93452, 12.0868, 291.21
1995, 8.93198e-11, 4.36721e-07, 6.28514e-06, 0, 0, 5.66334e-17, 0, 0, 6.72187e-06, 1.07532e-09, 0, 23.1388, 0.9346, 12.0653, 291.393
1996, 7.72754e-11, 4.31591e-07, 6.4105e-06, 0, 0, 4.05169e-17, 0, 0, 6.8421e-06, 9.28285e-10, 0, 23.2836, 0.93468, 12.0425, 291.485
1997, 6.32274e-11, 4.72076e-07, 6.51555e-06, 0, 0, 2.63294e-17, 0, 0, 6.98763e-06, 7.58452e-10, 0, 23.4843, 0.93476, 12.0188, 291.617
1998, 4.85694e-11, 5.27408e-07, 6.61986e-06, 0, 0, 1.52897e-17, 0, 0, 7.14727e-06, 5.81875e-10, 0, 23.748, 0.93484, 11.9969, 291.767
1999, 3.96094e-11, 5.25954e-07, 6.72718e-06, 0, 0, 8.68554e-18, 0, 0, 7.25314e-06, 4.73802e-10, 0, 23.952, 0.934918, 11.9773, 291.825
2000, 3.34008e-11, 5.47346e-07, 6.80862e-06, 0, 0, 5.32065e-18, 0, 0, 7.35596e-06, 3.98932e-10, 0, 24.1224, 0.934994, 11.9554, 291.875
2001, 2.40235e-11, 6.81366e-07, 6.85164e-06, 0, 0, 3.05522e-18, 0, 0, 7.53301e-06, 2.8648e-10, 0, 24.452, 0.935065, 11.9307, 292.04
2002, 1.48069e-11, 8.71163e-07, 6.85904e-06, 0, 0, 1.53519e-18, 0, 0, 7.73021e-06, 1.76162e-10, 0, 24.9359, 0.935132, 11.9089, 292.231
2003, 1.03752e-11, 9.93195e-07, 6.86767e-06, 0, 0, 8.80083e-19, 0, 0, 7.86086e-06, 1.22965e-10, 0, 25.2916, 0.935198, 11.8894, 292.314
2004, 9.29114e-12, 1.01597e-06, 6.92844e-06, 0, 0, 7.18403e-19, 0, 0, 7.9444e-06, 1.09841e-10, 0, 25.402, 0.935265, 11.8665, 292.323
2005, 9.21934e-12, 9.76645e-07, 7.05281e-06, 0, 0, 7.54912e-19, 0, 0, 8.02946e-06, 1.08885e-10, 0, 25.4097, 0.935331, 11.8431, 292.334
2006, 1.33281e-11, 8.49964e-07, 7.19668e-06, 0, 0, 1.31097e-18, 0, 0, 8.04664e-06, 1.57196e-10, 0, 25.0411, 0.935396, 11.8248, 292.243
2007, 2.37328e-11, 6.68308e-07, 7.28158e-06, 0, 0, 2.87588e-18, 0, 0, 7.94988e-06, 2.79427e-10, 0, 24.4642, 0.935462, 11.8072, 291.984
2008, 3.75662e-11, 4.81518e-07, 7.32673e-06, 0, 0, 5.61944e-18, 0, 0, 7.80824e-06, 4.4155e-10, 0, 24.0049, 0.935528, 11.787, 291.654
2009, 4.59919e-11, 3.73638e-07, 7.38744e-06, 0, 0, 7.6344e-18, 0, 0, 7.76108e-06, 5.39895e-10, 0, 23.8026, 0.935594, 11.7659, 291.467
2010, 4.16357e-11, 3.9264e-07, 7.48222e-06, 0, 0, 6.37447e-18, 0, 0, 7.87486e-06, 4.88048e-10, 0, 23.9021, 0.93566, 11.7447, 291.524
2011, 3.27558e-11, 4.74602e-07, 7.57103e-06, 0, 0, 3.92754e-18, 0, 0, 8.04563e-06, 3.82962e-10, 0, 24.1419, 0.935726, 11.7233, 291.663
2012, 2.73333e-11, 5.72425e-07, 7.63196e-06, 0, 0, 2.68922e-18, 0, 0, 8.20438e-06, 3.18495e-10, 0, 24.3229, 0.935792, 11.7009, 291.78
2013, 2.43412e-11, 6.72925e-07, 7.68568e-06, 0, 0, 2.30641e-18, 0, 0, 8.3586e-06, 2.82727e-10, 0, 24.4389, 0.935858, 11.6772, 291.887
2014, 2.32937e-11, 7.24869e-07, 7.75278e-06, 0, 0, 2.30763e-18, 0, 0, 8.47764e-06, 2.69864e-10, 0, 24.4828, 0.935924, 11.6559, 291.94
2015, 2.33498e-11, 7.27439e-07, 7.83821e-06, 0, 0, 2.48606e-18, 0, 0, 8.56565e-06, 2.70215e-10, 0, 24.4804, 0.93599, 11.6375, 291.948
2016, 2.23626e-11, 7.42804e-07, 7.93318e-06, 0, 0, 2.58293e-18, 0, 0, 8.67599e-06, 2.58656e-10, 0, 24.5236, 0.936056, 11.6182, 291.986
2017, 2.33802e-11, 7.51218e-07, 8.00934e-06, 0, 0, 3.07066e-18, 0, 0, 8.76056e-06, 2.7009e-10, 0, 24.4791, 0.936122, 11.5974, 291.986
2018, 2.86081e-11, 6.87452e-07, 8.07785e-06, 0, 0, 4.25565e-18, 0, 0, 8.76531e-06, 3.29969e-10, 0, 24.2773, 0.936188, 11.5766, 291.878
2019, 3.42348e-11, 5.91108e-07, 8.16712e-06, 0, 0, 5.61868e-18, 0, 0, 8.75823e-06, 3.94194e-10, 0, 24.0978, 0.936254, 11.5559, 291.753
2020, 3.95507e-11, 5.21328e-07, 8.24855e-06, 0, 0, 7.48967e-18, 0, 0, 8.76988e-06, 4.54508e-10, 0, 23.9534, 0.93632, 11.5351, 291.654
2021, 4.82846e-11, 4.64758e-07, 8.28125e-06, 0, 0, 1.1304e-17, 0, 0, 8.746e-06, 5.53803e-10, 0, 23.7539, 0.936386, 11.5147, 291.507
2022, 5.95696e-11, 4.09224e-07, 8.28628e-06, 0, 0, 1.68523e-17, 0, 0, 8.6955e-06, 6.82272e-10, 0, 23.5439, 0.936452, 11.4945, 291.323
2023, 6.59255e-11, 3.82065e-07, 8.33105e-06, 0, 0, 2.12028e-17, 0, 0, 8.71311e-06, 7.54061e-10, 0, 23.4425, 0.936518, 11.4744, 291.233
2024, 7.16962e-11, 3.47501e-07, 8.37796e-06, 0, 0, 2.52507e-17, 0, 0, 8.72546e-06, 8.18349e-10, 0, 23.3586, 0.936584, 11.4541, 291.135
2025, 8.31159e-11, 2.92336e-07, 8.36805e-06, 0, 0, 3.17258e-17, 0, 0, 8.66039e-06, 9.4635e-10, 0, 23.2108, 0.936651, 11.4337, 290.932
2026, 9.44492e-11, 2.56238e-07, 8.35136e-06, 0, 0, 3.91756e-17, 0, 0, 8.6076e-06, 1.07319e-09, 0, 23.083, 0.936716, 11.4131, 290.745
2027, 9.44e-11, 2.757e-07, 8.43483e-06, 0, 0, 4.16037e-17, 0, 0, 8.71053e-06, 1.07084e-09, 0, 23.0835, 0.936782, 11.3923, 290.772
2028, 8.56659e-11, 3.3137e-07, 8.59555e-06, 0, 0, 3.97268e-17, 0, 0, 8.92692e-06, 9.69888e-10, 0, 23.1806, 0.936848, 11.3712, 290.951
2029, 8.68668e-11, 3.33563e-07, 8.67017e-06, 0, 0, 4.38689e-17, 0, 0, 9.00374e-06, 9.8121e-10, 0, 23.1666, 0.936914, 11.3505, 290.939
2030, 9.7412e-11, 2.83983e-07, 8.66025e-06, 0, 0, 5.17686e-17, 0, 0, 8.94424e-06, 1.09801e-09, 0, 23.0521, 0.93698, 11.3307, 290.746
2031, 1.05938e-10, 2.49103e-07, 8.65788e-06, 0, 0, 5.67785e-17, 0, 0, 8.90699e-06, 1.19186e-09, 0, 22.9682, 0.937046, 11.3111, 290.582
2032, 1.0918e-10, 2.48431e-07, 8.69725e-06, 0, 0, 5.88763e-17, 0, 0, 8.94569e-06, 1.22645e-09, 0, 22.938, 0.937112, 11.2913, 290.52
2033, 1.07777e-10, 2.66339e-07, 8.78053e-06, 0, 0, 5.85392e-17, 0, 0, 9.04687e-06, 1.20889e-09, 0, 22.951, 0.937178, 11.2713, 290.541
2034, 1.12885e-10, 2.45961e-07, 8.79896e-06, 0, 0, 6.23886e-17, 0, 0, 9.04492e-06, 1.26406e-09, 0, 22.9047, 0.937244, 11.2512, 290.425
2035, 1.22611e-10, 2.03297e-07, 8.76871e-06, 0, 0, 6.88559e-17, 0, 0, 8.972e-06, 1.37088e-09, 0, 22.822, 0.93731, 11.2312, 290.215
2036, 1.27135e-10, 1.84739e-07, 8.79151e-06, 0, 0, 7.23414e-17, 0, 0, 8.97624e-06, 1.41948e-09, 0, 22.7858, 0.937376, 11.2114, 290.107
2037, 1.25129e-10, 1.91136e-07, 8.88989e-06, 0, 0, 7.34436e-17, 0, 0, 9.08103e-06, 1.39546e-09, 0, 22.8017, 0.937442, 11.1916, 290.132
2038, 1.17962e-10, 2.17091e-07, 9.04936e-06, 0, 0, 7.22363e-17, 0, 0, 9.26645e-06, 1.31425e-09, 0, 22.8607, 0.937508, 11.1718, 290.26
2039, 1.07418e-10, 2.62342e-07, 9.23847e-06, 0, 0, 6.60928e-17, 0, 0, 9.50081e-06, 1.19529e-09, 0, 22.9543, 0.937574, 11.1519, 290.445
2040, 9.77971e-11, 3.03605e-07, 9.4099e-06, 0, 0, 5.66662e-17, 0, 0, 9.7135e-06, 1.08619e-09, 0, 23.0481, 0.93764, 11.1321, 290.597
2041, 9.99672e-11, 2.82201e-07, 9.45104e-06, 0, 0, 5.49681e-17, 0, 0, 9.73324e-06, 1.10792e-09, 0, 23.0262, 0.937706, 11.1123, 290.508
2042, 1.0654e-10, 2.38932e-07, 9.45104e-06, 0, 0, 5.78686e-17, 0, 0, 9.68997e-06, 1.17873e-09, 0, 22.9625, 0.937772, 11.0926, 290.342
2043, 1.03232e-10, 2.42422e-07, 9.57767e-06, 0, 0, 5.42903e-17, 0, 0, 9.82009e-06, 1.14001e-09, 0, 22.994, 0.937838, 11.073, 290.389
2044, 9.80949e-11, 2.59097e-07, 9.72524e-06, 0, 0, 4.9381e-17, 0, 0, 9.98434e-06, 1.08058e-09, 0, 23.0451, 0.937904, 11.0534, 290.475
2045, 1.02e-10, 2.43537e-07, 9.75039e-06, 0, 0, 5.20017e-17, 0, 0, 9.99393e-06, 1.12092e-09, 0, 23.006, 0.93797, 11.0338, 290.373
2046, 1.07847e-10, 2.17173e-07, 9.73856e-06, 0, 0, 5.5689e-17, 0, 0, 9.95573e-06, 1.18333e-09, 0, 22.9503, 0.938036, 11.0141, 290.215
2047, 1.05718e-10, 2.12777e-07, 9.82011e-06, 0, 0, 5.16625e-17, 0, 0, 1.00329e-05, 1.15866e-09, 0, 22.9702, 0.938102, 10.9946, 290.195
2048, 9.69929e-11, 2.30239e-07, 9.991e-06, 0, 0, 4.19137e-17, 0, 0, 1.02212e-05, 1.06181e-09, 0, 23.0564, 0.938169, 10.9752, 290.305
2049, 8.60199e-11, 2.6307e-07, 1.02064e-05, 0, 0, 3.17879e-17, 0, 0, 1.04695e-05, 9.40432e-10, 0, 23.1764, 0.938235, 10.9558, 290.481
2050, 7.52965e-11, 3.05624e-07, 1.04324e-05, 0, 0, 2.3593e-17, 0, 0, 1.0738e-05, 8.21996e-10, 0, 23.3096, 0.9383, 10.9363, 290.673
2051, 6.80154e-11, 3.41732e-07, 1.0613e-05, 0, 0, 1.82302e-17, 0, 0, 1.09547e-05, 7.41348e-10, 0, 23.4113, 0.938366, 10.9166, 290.801
2052, 6.34957e-11, 3.67966e-07, 1.0752e-05, 0, 0, 1.48038e-17, 0, 0, 1.112e-05, 6.90976e-10, 0, 23.48, 0.938432, 10.8969, 290.87
2053, 5.87074e-11, 3.95701e-07, 1.09009e-05, 0, 0, 1.21167e-17, 0, 0, 1.12966e-05, 6.37812e-10, 0, 23.5585, 0.938498, 10.8776, 290.948
2054, 5.55967e-11, 4.17419e-07, 1.10271e-05, 0, 0, 1.04466e-17, 0, 0, 1.14445e-05, 6.02873e-10, 0, 23.6129, 0.938564, 10.8584, 290.993
2055, 5.56605e-11, 4.2298e-07, 1.11108e-05, 0, 0, 9.99851e-18, 0, 0, 1.15338e-05, 6.02452e-10, 0, 23.6118, 0.93863, 10.8392, 290.974
2056, 5.53252e-11, 4.23815e-07, 1.12169e-05, 0, 0, 1.00244e-17, 0, 0, 1.16407e-05, 5.97763e-10, 0, 23.6178, 0.938696, 10.82, 290.974
2057, 5.62361e-11, 4.122e-07, 1.13148e-05, 0, 0, 1.11137e-17, 0, 0, 1.1727e-05, 6.0643e-10, 0, 23.6015, 0.938762, 10.8009, 290.951
2058, 6.31551e-11, 3.6862e-07, 1.13196e-05, 0, 0, 1.52512e-17, 0, 0, 1.16882e-05, 6.79792e-10, 0, 23.4854, 0.938828, 10.7821, 290.799
2059, 7.33298e-11, 3.17603e-07, 1.12728e-05, 0, 0, 2.26592e-17, 0, 0, 1.15904e-05, 7.87982e-10, 0, 23.3361, 0.938894, 10.7636, 290.586
2060, 7.86288e-11, 3.01592e-07, 1.13076e-05, 0, 0, 2.87282e-17, 0, 0, 1.16092e-05, 8.43671e-10, 0, 23.2663, 0.93896, 10.745, 290.493
2061, 7.54339e-11, 3.19578e-07, 1.14635e-05, 0, 0, 2.74216e-17, 0, 0, 1.1783e-05, 8.08219e-10, 0, 23.3078, 0.939026, 10.7262, 290.561
2062, 6.87136e-11, 3.4696e-07, 1.1659e-05, 0, 0, 2.12526e-17, 0, 0, 1.2006e-05, 7.35036e-10, 0, 23.4011, 0.939092, 10.7072, 290.677
2063, 6.43492e-11, 3.68556e-07, 1.18125e-05, 0, 0, 1.64931e-17, 0, 0, 1.21811e-05, 6.87086e-10, 0, 23.4667, 0.939158, 10.6881, 290.74
2064, 6.38019e-11, 3.76083e-07, 1.19025e-05, 0, 0, 1.48381e-17, 0, 0, 1.22785e-05, 6.80024e-10, 0, 23.4752, 0.939224, 10.669, 290.726
2065, 6.26849e-11, 3.88241e-07, 1.20155e-05, 0, 0, 1.42825e-17, 0, 0, 1.24037e-05, 6.66993e-10, 0, 23.4929, 0.93929, 10.6504, 290.737
2066, 6.1291e-11, 4.01911e-07, 1.21453e-05, 0, 0, 1.42794e-17, 0, 0, 1.25472e-05, 6.50857e-10, 0, 23.5154, 0.939356, 10.632, 290.765
2067, 6.28534e-11, 3.97749e-07, 1.2226e-05, 0, 0, 1.55655e-17, 0, 0, 1.26238e-05, 6.65905e-10, 0, 23.4902, 0.939422, 10.6134, 290.728
2068, 6.41362e-11, 3.90068e-07, 1.23184e-05, 0, 0, 1.69945e-17, 0, 0, 1.27084e-05, 6.77908e-10, 0, 23.47, 0.939488, 10.5944, 290.698
2069, 6.28815e-11, 3.88271e-07, 1.24582e-05, 0, 0, 1.75189e-17, 0, 0, 1.28465e-05, 6.63014e-10, 0, 23.4898, 0.939554, 10.5754, 290.718
2070, 6.2189e-11, 3.81831e-07, 1.25802e-05, 0, 0, 1.84788e-17, 0, 0, 1.2962e-05, 6.54167e-10, 0, 23.5008, 0.93962, 10.5569, 290.716
2071, 6.52937e-11, 3.60398e-07, 1.26229e-05, 0, 0, 2.1824e-17, 0, 0, 1.29833e-05, 6.85611e-10, 0, 23.4521, 0.939686, 10.5388, 290.625
2072, 7.07153e-11, 3.30881e-07, 1.26185e-05, 0, 0, 2.67099e-17, 0, 0, 1.29494e-05, 7.41601e-10, 0, 23.3724, 0.939752, 10.5206, 290.482
2073, 7.47098e-11, 3.07502e-07, 1.26345e-05, 0, 0, 3.00274e-17, 0, 0, 1.2942e-05, 7.82284e-10, 0, 23.3174, 0.939818, 10.5024, 290.364
2074, 7.6897e-11, 2.93482e-07, 1.26832e-05, 0, 0, 3.17906e-17, 0, 0, 1.29766e-05, 8.0357e-10, 0, 23.2886, 0.939883, 10.484, 290.286
2075, 7.84203e-11, 2.88034e-07, 1.27571e-05, 0, 0, 3.35063e-17, 0, 0, 1.30452e-05, 8.1785e-10, 0, 23.2689, 0.93995, 10.4658, 290.239
2076, 7.86699e-11, 2.93188e-07, 1.2869e-05, 0, 0, 3.3876e-17, 0, 0, 1.31622e-05, 8.18864e-10, 0, 23.2658, 0.940016, 10.4475, 290.237
2077, 7.7187e-11, 3.14607e-07, 1.3029e-05, 0, 0, 3.37259e-17, 0, 0, 1.33436e-05, 8.01855e-10, 0, 23.2848, 0.940082, 10.4292, 290.293
2078, 7.99797e-11, 3.13905e-07, 1.30943e-05, 0, 0, 3.78856e-17, 0, 0, 1.34082e-05, 8.29269e-10, 0, 23.2492, 0.940148, 10.4109, 290.241
2079, 8.89868e-11, 2.71564e-07, 1.30098e-05, 0, 0, 4.68321e-17, 0, 0, 1.32814e-05, 9.21111e-10, 0, 23.1425, 0.940214, 10.3926, 290.016
2080, 9.47365e-11, 2.40951e-07, 1.29887e-05, 0, 0, 5.21858e-17, 0, 0, 1.32297e-05, 9.79037e-10, 0, 23.0799, 0.94028, 10.3743, 289.858
2081, 9.33514e-11, 2.42676e-07, 1.31209e-05, 0, 0, 4.9326e-17, 0, 0, 1.33636e-05, 9.62914e-10, 0, 23.0947, 0.940346, 10.3561, 289.87
2082, 8.95681e-11, 2.53862e-07, 1.32974e-05, 0, 0, 4.3659e-17, 0, 0, 1.35512e-05, 9.21992e-10, 0, 23.136, 0.940412, 10.338, 289.93
2083, 8.69234e-11, 2.64491e-07, 1.34478e-05, 0, 0, 4.07349e-17, 0, 0, 1.37123e-05, 8.93199e-10, 0, 23.166, 0.940478, 10.32, 289.963
2084, 8.39403e-11, 2.8654e-07, 1.36232e-05, 0, 0, 3.94098e-17, 0, 0, 1.39097e-05, 8.61332e-10, 0, 23.2009, 0.940544, 10.3019, 290.028
2085, 8.21537e-11, 3.00006e-07, 1.37791e-05, 0, 0, 4.00651e-17, 0, 0, 1.40791e-05, 8.4175e-10, 0, 23.2224, 0.94061, 10.2835, 290.065
2086, 8.49671e-11, 2.78681e-07, 1.38168e-05, 0, 0, 4.48969e-17, 0, 0, 1.40954e-05, 8.69204e-10, 0, 23.1888, 0.940676, 10.2652, 289.969
2087, 8.87333e-11, 2.54437e-07, 1.38299e-05, 0, 0, 5.06087e-17, 0, 0, 1.40843e-05, 9.06352e-10, 0, 23.1454, 0.940742, 10.2474, 289.85
2088, 8.96357e-11, 2.5057e-07, 1.39204e-05, 0, 0, 5.26533e-17, 0, 0, 1.4171e-05, 9.14081e-10, 0, 23.1353, 0.940808, 10.2299, 289.815
2089, 8.8343e-11, 2.5854e-07, 1.40689e-05, 0, 0, 5.16951e-17, 0, 0, 1.43274e-05, 8.99279e-10, 0, 23.1498, 0.940874, 10.2125, 289.839
2090, 8.7643e-11, 2.62514e-07, 1.41987e-05, 0, 0, 5.1512e-17, 0, 0, 1.44612e-05, 8.9051e-10, 0, 23.1577, 0.94094, 10.195, 289.843
2091, 8.86042e-11, 2.57391e-07, 1.42834e-05, 0, 0, 5.27908e-17, 0, 0, 1.45408e-05, 8.9872e-10, 0, 23.1468, 0.941006, 10.1774, 289.801
2092, 8.81125e-11, 2.62683e-07, 1.44153e-05, 0, 0, 5.27172e-17, 0, 0, 1.4678e-05, 8.92325e-10, 0, 23.1524, 0.941072, 10.1597, 289.806
2093, 8.49792e-11, 2.87988e-07, 1.46259e-05, 0, 0, 5.06882e-17, 0, 0, 1.49139e-05, 8.59256e-10, 0, 23.1886, 0.941138, 10.1419, 289.892
2094, 8.39707e-11, 2.98904e-07, 1.47707e-05, 0, 0, 5.08508e-17, 0, 0, 1.50696e-05, 8.47695e-10, 0, 23.2006, 0.941204, 10.1241, 289.909
2095, 8.76163e-11, 2.73387e-07, 1.47743e-05, 0, 0, 5.55515e-17, 0, 0, 1.50477e-05, 8.83212e-10, 0, 23.1581, 0.94127, 10.1065, 289.782
2096, 9.03842e-11, 2.52673e-07, 1.48042e-05, 0, 0, 5.9596e-17, 0, 0, 1.50568e-05, 9.09903e-10, 0, 23.127, 0.941336, 10.089, 289.681
2097, 8.81622e-11, 2.69563e-07, 1.49888e-05, 0, 0, 5.86301e-17, 0, 0, 1.52584e-05, 8.86316e-10, 0, 23.1518, 0.941402, 10.0716, 289.734
2098, 8.14447e-11, 3.23248e-07, 1.5316e-05, 0, 0, 5.31732e-17, 0, 0, 1.56393e-05, 8.17518e-10, 0, 23.2311, 0.941468, 10.0538, 289.927
2099, 7.72501e-11, 3.5511e-07, 1.5565e-05, 0, 0, 4.98458e-17, 0, 0, 1.59201e-05, 7.73965e-10, 0, 23.284, 0.941534, 10.0352, 290.037
2100, 7.80041e-11, 3.44839e-07, 1.56601e-05, 0, 0, 5.1133e-17, 0, 0, 1.60049e-05, 7.80156e-10, 0, 23.2743, 0.9416, 10.0168, 289.993
2101, 7.74884e-11, 3.5435e-07, 1.57957e-05, 0, 0, 5.17975e-17, 0, 0, 1.61501e-05, 7.73475e-10, 0, 23.2809, 0.941666, 9.99554, 289.995
2102, 7.88302e-11, 3.48423e-07, 1.58625e-05, 0, 0, 5.41839e-17, 0, 0, 1.62109e-05, 7.84442e-10, 0, 23.2637, 0.941732, 9.96613, 289.932
2103, 8.43555e-11, 2.94917e-07, 1.57862e-05, 0, 0, 5.96232e-17, 0, 0, 1.60811e-05, 8.37495e-10, 0, 23.196, 0.941798, 9.94179, 289.725
2104, 8.71397e-11, 2.60599e-07, 1.5805e-05, 0, 0, 6.15558e-17, 0, 0, 1.60656e-05, 8.64888e-10, 0, 23.1635, 0.941864, 9.93545, 289.605
2105, 8.63713e-11, 2.58256e-07, 1.59463e-05, 0, 0, 5.96335e-17, 0, 0, 1.62046e-05, 8.56953e-10, 0, 23.1724, 0.941931, 9.92957, 289.602
2106, 8.58988e-11, 2.5809e-07, 1.60732e-05, 0, 0, 5.82666e-17, 0, 0, 1.63313e-05, 8.51148e-10, 0, 23.1779, 0.941996, 9.91546, 289.589
2107, 8.63025e-11, 2.53278e-07, 1.61645e-05, 0, 0, 5.79471e-17, 0, 0, 1.64177e-05, 8.53709e-10, 0, 23.1732, 0.942062, 9.89852, 289.546
2108, 8.60489e-11, 2.52391e-07, 1.62817e-05, 0, 0, 5.70791e-17, 0, 0, 1.65341e-05, 8.49732e-10, 0, 23.1761, 0.942128, 9.88143, 289.524
2109, 8.40085e-11, 2.63265e-07, 1.64739e-05, 0, 0, 5.46579e-17, 0, 0, 1.67372e-05, 8.28142e-10, 0, 23.2001, 0.942194, 9.86435, 289.566
2110, 8.13213e-11, 2.80323e-07, 1.66991e-05, 0, 0, 5.22268e-17, 0, 0, 1.69794e-05, 8.00249e-10, 0, 23.2326, 0.94226, 9.84732, 289.634
2111, 7.86536e-11, 3.00973e-07, 1.69329e-05, 0, 0, 5.09599e-17, 0, 0, 1.72339e-05, 7.72702e-10, 0, 23.266, 0.942326, 9.8304, 289.709
2112, 7.69407e-11, 3.14018e-07, 1.71324e-05, 0, 0, 5.13621e-17, 0, 0, 1.74464e-05, 7.5454e-10, 0, 23.288, 0.942392, 9.81335, 289.752
2113, 7.91684e-11, 2.94618e-07, 1.7166e-05, 0, 0, 5.57877e-17, 0, 0, 1.74606e-05, 7.74938e-10, 0, 23.2594, 0.942458, 9.79597, 289.654
2114, 8.18255e-11, 2.7118e-07, 1.71775e-05, 0, 0, 5.94871e-17, 0, 0, 1.74487e-05, 7.99508e-10, 0, 23.2264, 0.942524, 9.77765, 289.538
2115, 8.12783e-11, 2.70676e-07, 1.73221e-05, 0, 0, 5.79716e-17, 0, 0, 1.75928e-05, 7.92601e-10, 0, 23.2331, 0.94259, 9.75679, 289.532
2116, 7.96611e-11, 2.80038e-07, 1.751e-05, 0, 0, 5.50526e-17, 0, 0, 1.779e-05, 7.7516e-10, 0, 23.2532, 0.942656, 9.73466, 289.561
2117, 7.75492e-11, 3.03628e-07, 1.77234e-05, 0, 0, 5.26206e-17, 0, 0, 1.8027e-05, 7.53114e-10, 0, 23.2801, 0.942722, 9.71491, 289.617
2118, 7.30886e-11, 3.54591e-07, 1.80481e-05, 0, 0, 4.82569e-17, 0, 0, 1.84027e-05, 7.08274e-10, 0, 23.3393, 0.942788, 9.69325, 289.764
2119, 6.99462e-11, 3.77472e-07, 1.83189e-05, 0, 0, 4.49721e-17, 0, 0, 1.86964e-05, 6.76053e-10, 0, 23.3833, 0.942854, 9.66604, 289.852
2120, 7.12266e-11, 3.45908e-07, 1.83907e-05, 0, 0, 4.62743e-17, 0, 0, 1.87366e-05, 6.8699e-10, 0, 23.3652, 0.94292, 9.64483, 289.771
2121, 7.51272e-11, 3.02592e-07, 1.83347e-05, 0, 0, 5.15311e-17, 0, 0, 1.86373e-05, 7.23714e-10, 0, 23.3118, 0.942986, 9.63527, 289.598
2122, 7.81532e-11, 2.76893e-07, 1.83167e-05, 0, 0, 5.65964e-17, 0, 0, 1.85936e-05, 7.52154e-10, 0, 23.2724, 0.943052, 9.62754, 289.462
2123, 7.71211e-11, 2.86843e-07, 1.84985e-05, 0, 0, 5.66964e-17, 0, 0, 1.87853e-05, 7.41789e-10, 0, 23.2856, 0.943118, 9.62115, 289.481
2124, 7.29054e-11, 3.23125e-07, 1.88396e-05, 0, 0, 5.2425e-17, 0, 0, 1.91627e-05, 7.00385e-10, 0, 23.3419, 0.943184, 9.60912, 289.62
2125, 7.17922e-11, 3.30537e-07, 1.90238e-05, 0, 0, 5.15724e-17, 0, 0, 1.93543e-05, 6.87729e-10, 0, 23.3572, 0.94325, 9.58392, 289.636
2126, 7.34071e-11, 3.19049e-07, 1.90729e-05, 0, 0, 5.39848e-17, 0, 0, 1.9392e-05, 7.00564e-10, 0, 23.335, 0.943316, 9.54879, 289.553
2127, 7.12851e-11, 3.52121e-07, 1.93168e-05, 0, 0, 5.2132e-17, 0, 0, 1.96689e-05, 6.79014e-10, 0, 23.3643, 0.943381, 9.53085, 289.622
2128, 6.97826e-11, 3.69613e-07, 1.95258e-05, 0, 0, 5.10136e-17, 0, 0, 1.98954e-05, 6.64781e-10, 0, 23.3856, 0.943448, 9.53172, 289.657
2129, 7.31399e-11, 3.20665e-07, 1.94794e-05, 0, 0, 5.53878e-17, 0, 0, 1.98001e-05, 6.96081e-10, 0, 23.3386, 0.943514, 9.52157, 289.49
2130, 7.59542e-11, 2.78701e-07, 1.9462e-05, 0, 0, 5.90501e-17, 0, 0, 1.97407e-05, 7.21491e-10, 0, 23.3009, 0.94358, 9.50232, 289.346
2131, 7.63618e-11, 2.68443e-07, 1.95717e-05, 0, 0, 5.98441e-17, 0, 0, 1.98401e-05, 7.24444e-10, 0, 23.2955, 0.943645, 9.4898, 289.302
2132, 7.5995e-11, 2.68181e-07, 1.97234e-05, 0, 0, 5.96915e-17, 0, 0, 1.99916e-05, 7.20185e-10, 0, 23.3004, 0.943712, 9.47941, 289.29
2133, 7.54662e-11, 2.69752e-07, 1.98858e-05, 0, 0, 5.93518e-17, 0, 0, 2.01556e-05, 7.14069e-10, 0, 23.3073, 0.943778, 9.46465, 289.284
2134, 7.44771e-11, 2.75815e-07, 2.00781e-05, 0, 0, 5.84065e-17, 0, 0, 2.03539e-05, 7.03502e-10, 0, 23.3205, 0.943844, 9.44812, 289.299
2135, 7.22729e-11, 2.93061e-07, 2.03469e-05, 0, 0, 5.54864e-17, 0, 0, 2.064e-05, 6.81374e-10, 0, 23.3506, 0.94391, 9.42981, 289.366
2136, 7.05726e-11, 3.04953e-07, 2.05846e-05, 0, 0, 5.27403e-17, 0, 0, 2.08896e-05, 6.6357e-10, 0, 23.3744, 0.943976, 9.40569, 289.409
2137, 7.12588e-11, 2.94297e-07, 2.06751e-05, 0, 0, 5.32849e-17, 0, 0, 2.09694e-05, 6.68353e-10, 0, 23.3647, 0.944042, 9.38288, 289.35
2138, 7.19366e-11, 2.84274e-07, 2.07718e-05, 0, 0, 5.4444e-17, 0, 0, 2.10561e-05, 6.74021e-10, 0, 23.3552, 0.944108, 9.37263, 289.295
2139, 7.15411e-11, 2.84802e-07, 2.09383e-05, 0, 0, 5.44597e-17, 0, 0, 2.12231e-05, 6.69792e-10, 0, 23.3607, 0.944174, 9.36491, 289.287
2140, 7.13251e-11, 2.83807e-07, 2.10886e-05, 0, 0, 5.46769e-17, 0, 0, 2.13724e-05, 6.66806e-10, 0, 23.3638, 0.94424, 9.35153, 289.269
2141, 7.1382e-11, 2.79764e-07, 2.12171e-05, 0, 0, 5.47457e-17, 0, 0, 2.14969e-05, 6.66169e-10, 0, 23.363, 0.944306, 9.33576, 289.235
2142, 7.10849e-11, 2.78178e-07, 2.13679e-05, 0, 0, 5.34435e-17, 0, 0, 2.16461e-05, 6.62165e-10, 0, 23.3671, 0.944372, 9.3198, 289.215
2143, 7.05064e-11, 2.79434e-07, 2.15419e-05, 0, 0, 5.1987e-17, 0, 0, 2.18213e-05, 6.55576e-10, 0, 23.3753, 0.944438, 9.30384, 289.209
2144, 6.97971e-11, 2.831e-07, 2.17349e-05, 0, 0, 5.15401e-17, 0, 0, 2.2018e-05, 6.47885e-10, 0, 23.3854, 0.944504, 9.28773, 289.215
2145, 6.91291e-11, 2.86382e-07, 2.19269e-05, 0, 0, 5.11325e-17, 0, 0, 2.22133e-05, 6.40619e-10, 0, 23.395, 0.94457, 9.27151, 289.22
2146, 6.85659e-11, 2.87608e-07, 2.21047e-05, 0, 0, 4.96861e-17, 0, 0, 2.23923e-05, 6.34286e-10, 0, 23.4032, 0.944636, 9.25523, 289.214
2147, 6.76606e-11, 2.91717e-07, 2.23048e-05, 0, 0, 4.70098e-17, 0, 0, 2.25966e-05, 6.24767e-10, 0, 23.4165, 0.944702, 9.23892, 289.222
2148, 6.63122e-11, 3.00774e-07, 2.25418e-05, 0, 0, 4.38712e-17, 0, 0, 2.28426e-05, 6.11186e-10, 0, 23.4366, 0.944768, 9.22267, 289.251
2149, 6.45198e-11, 3.1717e-07, 2.28215e-05, 0, 0, 4.08064e-17, 0, 0, 2.31387e-05, 5.9358e-10, 0, 23.464, 0.944834, 9.20613, 289.307
2150, 6.11675e-11, 3.58626e-07, 2.32373e-05, 0, 0, 3.70394e-17, 0, 0, 2.35959e-05, 5.61588e-10, 0, 23.5174, 0.9449, 9.18683, 289.446
2151, 5.62762e-11, 4.23761e-07, 2.37823e-05, 0, 0, 3.20641e-17, 0, 0, 2.4206e-05, 5.15156e-10, 0, 23.6007, 0.944966, 9.16071, 289.66
2152, 5.33112e-11, 4.57764e-07, 2.41793e-05, 0, 0, 2.89207e-17, 0, 0, 2.46371e-05, 4.86536e-10, 0, 23.6549, 0.945032, 9.13589, 289.776
2153, 5.40794e-11, 4.37969e-07, 2.42841e-05, 0, 0, 3.00256e-17, 0, 0, 2.47221e-05, 4.93025e-10, 0, 23.6406, 0.945098, 9.12512, 289.714
2154, 5.66443e-11, 3.95333e-07, 2.42312e-05, 0, 0, 3.27196e-17, 0, 0, 2.46265e-05, 5.16071e-10, 0, 23.5942, 0.945164, 9.11705, 289.56
2155, 5.956e-11, 3.51074e-07, 2.41342e-05, 0, 0, 3.5467e-17, 0, 0, 2.44853e-05, 5.41795e-10, 0, 23.544, 0.94523, 9.10222, 289.383
2156, 6.16504e-11, 3.2245e-07, 2.41134e-05, 0, 0, 3.84294e-17, 0, 0, 2.44359e-05, 5.59713e-10, 0, 23.5095, 0.945296, 9.0838, 289.252
2157, 6.18705e-11, 3.20471e-07, 2.42624e-05, 0, 0, 3.98864e-17, 0, 0, 2.45829e-05, 5.60513e-10, 0, 23.506, 0.945362, 9.06366, 289.223
2158, 5.98833e-11, 3.48025e-07, 2.46076e-05, 0, 0, 3.85665e-17, 0, 0, 2.49557e-05, 5.4123e-10, 0, 23.5386, 0.945428, 9.04164, 289.306
2159, 5.7401e-11, 3.78252e-07, 2.49862e-05, 0, 0, 3.56913e-17, 0, 0, 2.53645e-05, 5.17354e-10, 0, 23.581, 0.945494, 9.01721, 289.406
2160, 5.6891e-11, 3.73127e-07, 2.51642e-05, 0, 0, 3.31319e-17, 0, 0, 2.55373e-05, 5.11053e-10, 0, 23.5899, 0.94556, 8.98895, 289.386
2161, 5.73035e-11, 3.62612e-07, 2.52615e-05, 0, 0, 3.16111e-17, 0, 0, 2.56242e-05, 5.12769e-10, 0, 23.5827, 0.945626, 8.95368, 289.324
2162, 5.52767e-11, 4.27718e-07, 2.56243e-05, 0, 0, 3.04395e-17, 0, 0, 2.6052e-05, 4.92151e-10, 0, 23.6187, 0.945692, 8.90447, 289.427
2163, 5.12494e-11, 5.51861e-07, 2.61876e-05, 0, 0, 2.88682e-17, 0, 0, 2.67395e-05, 4.51857e-10, 0, 23.6943, 0.945758, 8.82189, 289.651
2164, 5.18204e-11, 5.41154e-07, 2.63046e-05, 0, 0, 2.99811e-17, 0, 0, 2.68458e-05, 4.46892e-10, 0, 23.6832, 0.945824, 8.65182, 289.596
2165, 5.61002e-11, 4.08932e-07, 2.606e-05, 0, 0, 3.19559e-17, 0, 0, 2.64689e-05, 4.6725e-10, 0, 23.6039, 0.94589, 8.35284, 289.313
2166, 5.74162e-11, 3.45015e-07, 2.60865e-05, 0, 0, 3.05354e-17, 0, 0, 2.64316e-05, 4.6639e-10, 0, 23.5807, 0.945956, 8.13001, 289.191
2167, 5.5953e-11, 3.64618e-07, 2.63921e-05, 0, 0, 2.89112e-17, 0, 0, 2.67567e-05, 4.613e-10, 0, 23.6065, 0.946022, 8.25752, 289.241
2168, 5.35478e-11, 4.27055e-07, 2.68293e-05, 0, 0, 2.92158e-17, 0, 0, 2.72563e-05, 4.56249e-10, 0, 23.6504, 0.946088, 8.53596, 289.37
2169, 5.29681e-11, 4.4411e-07, 2.70802e-05, 0, 0, 3.09768e-17, 0, 0, 2.75243e-05, 4.60508e-10, 0, 23.6613, 0.946154, 8.69996, 289.389
2170, 5.54716e-11, 3.7812e-07, 2.69828e-05, 0, 0, 3.40951e-17, 0, 0, 2.73609e-05, 4.85998e-10, 0, 23.6152, 0.94622, 8.76351, 289.209
2171, 5.71214e-11, 3.27401e-07, 2.69579e-05, 0, 0, 3.54985e-17, 0, 0, 2.72853e-05, 5.0191e-10, 0, 23.5858, 0.946286, 8.79009, 289.07
2172, 5.59756e-11, 3.32683e-07, 2.72273e-05, 0, 0, 3.33337e-17, 0, 0, 2.756e-05, 4.92335e-10, 0, 23.6061, 0.946352, 8.79956, 289.092
2173, 5.30679e-11, 3.8311e-07, 2.77338e-05, 0, 0, 3.03865e-17, 0, 0, 2.81169e-05, 4.66732e-10, 0, 23.6594, 0.946418, 8.7989, 289.241
2174, 5.02196e-11, 4.47551e-07, 2.82826e-05, 0, 0, 2.91649e-17, 0, 0, 2.87302e-05, 4.4146e-10, 0, 23.7146, 0.946484, 8.79403, 289.41
2175, 4.90481e-11, 4.71668e-07, 2.86258e-05, 0, 0, 2.91864e-17, 0, 0, 2.90974e-05, 4.30833e-10, 0, 23.7382, 0.94655, 8.78705, 289.467
2176, 4.95025e-11, 4.54275e-07, 2.87515e-05, 0, 0, 3.02145e-17, 0, 0, 2.92058e-05, 4.34368e-10, 0, 23.729, 0.946616, 8.77788, 289.41
2177, 5.12513e-11, 4.08031e-07, 2.86914e-05, 0, 0, 3.16234e-17, 0, 0, 2.90995e-05, 4.49152e-10, 0, 23.6943, 0.946682, 8.76718, 289.26
2178, 5.18008e-11, 3.84002e-07, 2.87649e-05, 0, 0, 3.08655e-17, 0, 0, 2.91489e-05, 4.5338e-10, 0, 23.6836, 0.946748, 8.75552, 289.178
2179, 5.0625e-11, 4.04276e-07, 2.9096e-05, 0, 0, 2.96269e-17, 0, 0, 2.95003e-05, 4.42462e-10, 0, 23.7066, 0.946814, 8.7431, 289.226
2180, 5.13057e-11, 3.92572e-07, 2.9233e-05, 0, 0, 3.19296e-17, 0, 0, 2.96256e-05, 4.47744e-10, 0, 23.6932, 0.94688, 8.73021, 289.176
2181, 5.24779e-11, 3.74015e-07, 2.92931e-05, 0, 0, 3.45406e-17, 0, 0, 2.96671e-05, 4.57333e-10, 0, 23.6706, 0.946946, 8.71707, 289.09
2182, 5.00206e-11, 4.61486e-07, 2.97933e-05, 0, 0, 3.22869e-17, 0, 0, 3.02547e-05, 4.35324e-10, 0, 23.7186, 0.947013, 8.70384, 289.235
2183, 4.44659e-11, 6.551e-07, 3.06757e-05, 0, 0, 2.61955e-17, 0, 0, 3.13308e-05, 3.86401e-10, 0, 23.8363, 0.947078, 8.69056, 289.576
2184, 4.04663e-11, 8.02982e-07, 3.13682e-05, 0, 0, 2.21137e-17, 0, 0, 3.21712e-05, 3.51049e-10, 0, 23.9306, 0.947144, 8.67716, 289.809
2185, 4.08346e-11, 7.85971e-07, 3.15316e-05, 0, 0, 2.31698e-17, 0, 0, 3.23176e-05, 3.53624e-10, 0, 23.9215, 0.94721, 8.66353, 289.764
2186, 4.41788e-11, 6.23513e-07, 3.13305e-05, 0, 0, 2.69327e-17, 0, 0, 3.1954e-05, 3.81987e-10, 0, 23.8428, 0.947276, 8.64971, 289.516
2187, 4.50952e-11, 5.29496e-07, 3.14484e-05, 0, 0, 2.77122e-17, 0, 0, 3.19779e-05, 3.8934e-10, 0, 23.8222, 0.947342, 8.63576, 289.422
2188, 4.48717e-11, 5.06789e-07, 3.16726e-05, 0, 0, 2.70305e-17, 0, 0, 3.21794e-05, 3.8675e-10, 0, 23.8272, 0.947408, 8.62165, 289.399
2189, 4.64968e-11, 4.58039e-07, 3.16061e-05, 0, 0, 2.82072e-17, 0, 0, 3.20642e-05, 4.00065e-10, 0, 23.7916, 0.947474, 8.60725, 289.25
2190, 4.74029e-11, 4.36193e-07, 3.16609e-05, 0, 0, 2.93555e-17, 0, 0, 3.20971e-05, 4.0716e-10, 0, 23.7723, 0.94754, 8.5921, 289.16
2191, 4.81866e-11, 4.13676e-07, 3.17419e-05, 0, 0, 3.08779e-17, 0, 0, 3.21555e-05, 4.1315e-10, 0, 23.7559, 0.947606, 8.57691, 289.081
2192, 4.95659e-11, 3.68016e-07, 3.17246e-05, 0, 0, 3.25647e-17, 0, 0, 3.20927e-05, 4.24325e-10, 0, 23.7277, 0.947673, 8.56329, 288.953
2193, 4.88947e-11, 3.80068e-07, 3.2025e-05, 0, 0, 3.17965e-17, 0, 0, 3.2405e-05, 4.17884e-10, 0, 23.7414, 0.947738, 8.54739, 288.973
2194, 4.54109e-11, 4.75057e-07, 3.27714e-05, 0, 0, 2.80686e-17, 0, 0, 3.32465e-05, 3.87075e-10, 0, 23.8153, 0.947804, 8.52323, 289.197
2195, 4.26946e-11, 5.41331e-07, 3.33987e-05, 0, 0, 2.48277e-17, 0, 0, 3.394e-05, 3.62853e-10, 0, 23.8769, 0.94787, 8.50034, 289.358
2196, 4.26483e-11, 5.29588e-07, 3.36136e-05, 0, 0, 2.41282e-17, 0, 0, 3.41432e-05, 3.62116e-10, 0, 23.878, 0.947935, 8.49348, 289.332
2197, 4.15145e-11, 5.90514e-07, 3.39848e-05, 0, 0, 2.23342e-17, 0, 0, 3.45753e-05, 3.52399e-10, 0, 23.905, 0.948002, 8.49078, 289.39
2198, 3.83477e-11, 7.1683e-07, 3.46074e-05, 0, 0, 1.76327e-17, 0, 0, 3.53242e-05, 3.2511e-10, 0, 23.9843, 0.948068, 8.48083, 289.561
2199, 3.64432e-11, 6.89395e-07, 3.49332e-05, 0, 0, 1.25554e-17, 0, 0, 3.56225e-05, 3.08345e-10, 0, 24.0353, 0.948134, 8.46737, 289.566
2200, 3.73236e-11, 5.38478e-07, 3.48158e-05, 0, 0, 1.05745e-17, 0, 0, 3.53543e-05, 3.15175e-10, 0, 24.0114, 0.9482, 8.45362, 289.367
2201, 3.97847e-11, 4.33605e-07, 3.46007e-05, 0, 0, 1.15989e-17, 0, 0, 3.50343e-05, 3.35415e-10, 0, 23.9475, 0.948265, 8.43993, 289.148
2202, 4.16392e-11, 4.01018e-07, 3.45839e-05, 0, 0, 1.28931e-17, 0, 0, 3.49849e-05, 3.50533e-10, 0, 23.902, 0.948332, 8.42613, 289.028
2203, 4.13394e-11, 4.5733e-07, 3.4977e-05, 0, 0, 1.41352e-17, 0, 0, 3.54343e-05, 3.47482e-10, 0, 23.9092, 0.948398, 8.41152, 289.089
2204, 3.9252e-11, 5.9798e-07, 3.56863e-05, 0, 0, 1.49465e-17, 0, 0, 3.62843e-05, 3.2907e-10, 0, 23.961, 0.948464, 8.38953, 289.291
2205, 3.85308e-11, 6.59409e-07, 3.60855e-05, 0, 0, 1.60879e-17, 0, 0, 3.67449e-05, 3.20939e-10, 0, 23.9796, 0.94853, 8.34254, 289.35
2206, 3.99838e-11, 5.77394e-07, 3.61109e-05, 0, 0, 1.91332e-17, 0, 0, 3.66883e-05, 3.30721e-10, 0, 23.9425, 0.948597, 8.28813, 289.228
2207, 4.10135e-11, 5.01483e-07, 3.62244e-05, 0, 0, 2.20759e-17, 0, 0, 3.67259e-05, 3.39092e-10, 0, 23.9171, 0.948662, 8.28023, 289.14
2208, 4.23063e-11, 4.40985e-07, 3.62137e-05, 0, 0, 2.44721e-17, 0, 0, 3.66546e-05, 3.4986e-10, 0, 23.8861, 0.948728, 8.27796, 289.013
2209, 4.34974e-11, 3.94914e-07, 3.6183e-05, 0, 0, 2.5937e-17, 0, 0, 3.65779e-05, 3.59026e-10, 0, 23.8583, 0.948794, 8.25987, 288.884
2210, 4.34934e-11, 3.86034e-07, 3.63742e-05, 0, 0, 2.57062e-17, 0, 0, 3.67602e-05, 3.5967e-10, 0, 23.8584, 0.94886, 8.27395, 288.846
2211, 4.35311e-11, 3.74033e-07, 3.65439e-05, 0, 0, 2.53144e-17, 0, 0, 3.6918e-05, 3.60789e-10, 0, 23.8575, 0.948926, 8.29143, 288.799
2212, 4.38954e-11, 3.55928e-07, 3.66777e-05, 0, 0, 2.58486e-17, 0, 0, 3.70337e-05, 3.63651e-10, 0, 23.8492, 0.948992, 8.28737, 288.738
2213, 4.34012e-11, 3.69443e-07, 3.70236e-05, 0, 0, 2.58044e-17, 0, 0, 3.73931e-05, 3.59038e-10, 0, 23.8605, 0.949058, 8.27478, 288.76
2214, 4.14292e-11, 4.41527e-07, 3.7686e-05, 0, 0, 2.40107e-17, 0, 0, 3.81275e-05, 3.42179e-10, 0, 23.907, 0.949124, 8.261, 288.908
2215, 3.89095e-11, 5.5029e-07, 3.84304e-05, 0, 0, 2.1318e-17, 0, 0, 3.89807e-05, 3.20779e-10, 0, 23.9698, 0.94919, 8.24607, 289.091
2216, 3.81408e-11, 5.79294e-07, 3.87409e-05, 0, 0, 1.97172e-17, 0, 0, 3.93202e-05, 3.13761e-10, 0, 23.9897, 0.949256, 8.2296, 289.101
2217, 3.97035e-11, 4.83338e-07, 3.85899e-05, 0, 0, 2.06885e-17, 0, 0, 3.90732e-05, 3.26015e-10, 0, 23.9496, 0.949322, 8.21487, 288.919
2218, 4.11136e-11, 3.98986e-07, 3.85525e-05, 0, 0, 2.23087e-17, 0, 0, 3.89515e-05, 3.37165e-10, 0, 23.9147, 0.949388, 8.20378, 288.778
2219, 4.12165e-11, 3.79457e-07, 3.87868e-05, 0, 0, 2.26208e-17, 0, 0, 3.91662e-05, 3.37564e-10, 0, 23.9122, 0.949454, 8.19262, 288.747
2220, 4.08106e-11, 3.75042e-07, 3.90597e-05, 0, 0, 2.17385e-17, 0, 0, 3.94347e-05, 3.33712e-10, 0, 23.9221, 0.94952, 8.17984, 288.734
2221, 4.02541e-11, 3.69534e-07, 3.93189e-05, 0, 0, 2.01798e-17, 0, 0, 3.96884e-05, 3.28604e-10, 0, 23.9358, 0.949586, 8.16647, 288.715
2222, 3.97797e-11, 3.75586e-07, 3.96537e-05, 0, 0, 1.96362e-17, 0, 0, 4.00293e-05, 3.2419e-10, 0, 23.9477, 0.949652, 8.15303, 288.724
2223, 3.96156e-11, 3.91191e-07, 4.00102e-05, 0, 0, 2.03355e-17, 0, 0, 4.04015e-05, 3.22335e-10, 0, 23.9518, 0.949717, 8.13954, 288.743
2224, 3.91497e-11, 4.26192e-07, 4.04053e-05, 0, 0, 2.04569e-17, 0, 0, 4.08315e-05, 3.18034e-10, 0, 23.9636, 0.949784, 8.12601, 288.778
2225, 3.80671e-11, 4.7518e-07, 4.08973e-05, 0, 0, 1.94642e-17, 0, 0, 4.13725e-05, 3.08722e-10, 0, 23.9917, 0.94985, 8.11252, 288.847
2226, 3.75113e-11, 4.63885e-07, 4.11878e-05, 0, 0, 1.80829e-17, 0, 0, 4.16517e-05, 3.03672e-10, 0, 24.0064, 0.949916, 8.09906, 288.833
2227, 3.79087e-11, 4.06164e-07, 4.12401e-05, 0, 0, 1.75123e-17, 0, 0, 4.16463e-05, 3.0635e-10, 0, 23.9958, 0.949982, 8.08562, 288.731
2228, 3.86762e-11, 3.68091e-07, 4.12991e-05, 0, 0, 1.85294e-17, 0, 0, 4.16672e-05, 3.12052e-10, 0, 23.9758, 0.950048, 8.07235, 288.636
2229, 3.91388e-11, 3.53384e-07, 4.14601e-05, 0, 0, 1.97795e-17, 0, 0, 4.18135e-05, 3.15301e-10, 0, 23.9639, 0.950114, 8.05925, 288.581
2230, 3.88168e-11, 3.51909e-07, 4.17509e-05, 0, 0, 1.92663e-17, 0, 0, 4.21028e-05, 3.12209e-10, 0, 23.9722, 0.95018, 8.04617, 288.57
2231, 3.77975e-11, 3.58865e-07, 4.21495e-05, 0, 0, 1.71104e-17, 0, 0, 4.25083e-05, 3.03493e-10, 0, 23.9988, 0.950246, 8.03299, 288.593
2232, 3.68898e-11, 3.66487e-07, 4.25497e-05, 0, 0, 1.55979e-17, 0, 0, 4.29162e-05, 2.95686e-10, 0, 24.0231, 0.950312, 8.01975, 288.616
2233, 3.6717e-11, 3.69937e-07, 4.28744e-05, 0, 0, 1.59288e-17, 0, 0, 4.32443e-05, 2.9381e-10, 0, 24.0278, 0.950378, 8.00651, 288.614
2234, 3.67608e-11, 3.77564e-07, 4.31937e-05, 0, 0, 1.67593e-17, 0, 0, 4.35713e-05, 2.93697e-10, 0, 24.0266, 0.950444, 7.99334, 288.611
2235, 3.62055e-11, 4.05734e-07, 4.36388e-05, 0, 0, 1.62987e-17, 0, 0, 4.40446e-05, 2.88804e-10, 0, 24.0418, 0.95051, 7.98035, 288.651
2236, 3.52984e-11, 4.32461e-07, 4.41088e-05, 0, 0, 1.4683e-17, 0, 0, 4.45413e-05, 2.81094e-10, 0, 24.0672, 0.950576, 7.96746, 288.696
2237, 3.5148e-11, 4.12278e-07, 4.43282e-05, 0, 0, 1.38326e-17, 0, 0, 4.47405e-05, 2.79418e-10, 0, 24.0715, 0.950642, 7.95462, 288.653
2238, 3.55962e-11, 3.77932e-07, 4.44415e-05, 0, 0, 1.46332e-17, 0, 0, 4.48195e-05, 2.82539e-10, 0, 24.0588, 0.950708, 7.94203, 288.576
2239, 3.58124e-11, 3.64365e-07, 4.46615e-05, 0, 0, 1.56917e-17, 0, 0, 4.50259e-05, 2.83838e-10, 0, 24.0527, 0.950774, 7.92975, 288.536
2240, 3.53844e-11, 3.65591e-07, 4.50079e-05, 0, 0, 1.5143e-17, 0, 0, 4.53735e-05, 2.80004e-10, 0, 24.0648, 0.95084, 7.91733, 288.535
2241, 3.48391e-11, 3.70602e-07, 4.53868e-05, 0, 0, 1.40866e-17, 0, 0, 4.57574e-05, 2.75228e-10, 0, 24.0803, 0.950906, 7.90463, 288.545
2242, 3.44716e-11, 3.81456e-07, 4.57904e-05, 0, 0, 1.39858e-17, 0, 0, 4.61718e-05, 2.71889e-10, 0, 24.0909, 0.950972, 7.89186, 288.562
2243, 3.37676e-11, 4.04647e-07, 4.63063e-05, 0, 0, 1.37279e-17, 0, 0, 4.6711e-05, 2.65913e-10, 0, 24.1115, 0.951038, 7.87907, 288.613
2244, 3.32044e-11, 4.15168e-07, 4.6734e-05, 0, 0, 1.34849e-17, 0, 0, 4.71491e-05, 2.61041e-10, 0, 24.1283, 0.951104, 7.86623, 288.635
2245, 3.30969e-11, 4.06557e-07, 4.69948e-05, 0, 0, 1.32908e-17, 0, 0, 4.74014e-05, 2.5977e-10, 0, 24.1316, 0.95117, 7.8534, 288.604
2246, 3.22051e-11, 4.20073e-07, 4.74615e-05, 0, 0, 1.15914e-17, 0, 0, 4.78816e-05, 2.52342e-10, 0, 24.1589, 0.951236, 7.8406, 288.636
2247, 3.14933e-11, 4.34011e-07, 4.79297e-05, 0, 0, 1.08254e-17, 0, 0, 4.83637e-05, 2.46334e-10, 0, 24.1812, 0.951302, 7.82784, 288.667
2248, 3.23347e-11, 4.09216e-07, 4.80213e-05, 0, 0, 1.23689e-17, 0, 0, 4.84305e-05, 2.52522e-10, 0, 24.1549, 0.951368, 7.81512, 288.585
2249, 3.31151e-11, 3.8273e-07, 4.81013e-05, 0, 0, 1.3271e-17, 0, 0, 4.84841e-05, 2.58229e-10, 0, 24.131, 0.951434, 7.80243, 288.5
2250, 3.29461e-11, 3.80124e-07, 4.84238e-05, 0, 0, 1.26127e-17, 0, 0, 4.88039e-05, 2.56489e-10, 0, 24.1361, 0.9515, 7.78974, 288.486
2251, 3.27205e-11, 3.86081e-07, 4.88121e-05, 0, 0, 1.19266e-17, 0, 0, 4.91982e-05, 2.54307e-10, 0, 24.143, 0.951566, 7.77704, 288.492
2252, 3.25261e-11, 3.94364e-07, 4.92157e-05, 0, 0, 1.15104e-17, 0, 0, 4.96101e-05, 2.52389e-10, 0, 24.149, 0.951632, 7.76438, 288.501
2253, 3.1918e-11, 4.10471e-07, 4.97148e-05, 0, 0, 1.05744e-17, 0, 0, 5.01253e-05, 2.47268e-10, 0, 24.1679, 0.951698, 7.75176, 288.537
2254, 3.12635e-11, 4.30288e-07, 5.02488e-05, 0, 0, 9.67456e-18, 0, 0, 5.06791e-05, 2.41798e-10, 0, 24.1886, 0.951764, 7.73917, 288.581
2255, 3.0923e-11, 4.44054e-07, 5.07139e-05, 0, 0, 9.23514e-18, 0, 0, 5.11579e-05, 2.38771e-10, 0, 24.1995, 0.95183, 7.72658, 288.604
2256, 3.05599e-11, 4.5372e-07, 5.11495e-05, 0, 0, 8.73535e-18, 0, 0, 5.16033e-05, 2.35576e-10, 0, 24.2113, 0.951896, 7.71402, 288.619
2257, 3.04874e-11, 4.61991e-07, 5.15426e-05, 0, 0, 8.72767e-18, 0, 0, 5.20046e-05, 2.3463e-10, 0, 24.2137, 0.951962, 7.70147, 288.621
2258, 3.11141e-11, 4.61267e-07, 5.18056e-05, 0, 0, 9.77949e-18, 0, 0, 5.22669e-05, 2.39082e-10, 0, 24.1934, 0.952028, 7.68896, 288.588
2259, 3.1644e-11, 4.55278e-07, 5.20521e-05, 0, 0, 1.05035e-17, 0, 0, 5.25074e-05, 2.42782e-10, 0, 24.1765, 0.952094, 7.67647, 288.549
2260, 3.10364e-11, 4.6793e-07, 5.25492e-05, 0, 0, 9.5274e-18, 0, 0, 5.30172e-05, 2.37729e-10, 0, 24.1959, 0.95216, 7.66398, 288.576
2261, 2.97257e-11, 4.9966e-07, 5.32504e-05, 0, 0, 8.17815e-18, 0, 0, 5.37501e-05, 2.27296e-10, 0, 24.239, 0.952226, 7.65146, 288.657
2262, 2.93629e-11, 5.15689e-07, 5.37492e-05, 0, 0, 8.40404e-18, 0, 0, 5.42649e-05, 2.24142e-10, 0, 24.2513, 0.952292, 7.63895, 288.684
2263, 2.99214e-11, 5.12803e-07, 5.4028e-05, 0, 0, 9.43795e-18, 0, 0, 5.45408e-05, 2.28037e-10, 0, 24.2324, 0.952358, 7.62624, 288.651
2264, 3.00819e-11, 5.19255e-07, 5.44142e-05, 0, 0, 9.45529e-18, 0, 0, 5.49335e-05, 2.28867e-10, 0, 24.2271, 0.952424, 7.61309, 288.647
2265, 3.04974e-11, 5.23262e-07, 5.47511e-05, 0, 0, 9.803e-18, 0, 0, 5.52743e-05, 2.31638e-10, 0, 24.2134, 0.95249, 7.60042, 288.629
2266, 3.13056e-11, 5.21914e-07, 5.49941e-05, 0, 0, 1.08729e-17, 0, 0, 5.5516e-05, 2.37442e-10, 0, 24.1872, 0.952556, 7.58882, 288.588
2267, 3.06566e-11, 5.65441e-07, 5.56377e-05, 0, 0, 1.01639e-17, 0, 0, 5.62031e-05, 2.3218e-10, 0, 24.2082, 0.952623, 7.57708, 288.651
2268, 2.85766e-11, 6.64869e-07, 5.672e-05, 0, 0, 8.08795e-18, 0, 0, 5.73849e-05, 2.16053e-10, 0, 24.2784, 0.952688, 7.56475, 288.826
2269, 2.78948e-11, 7.05814e-07, 5.73632e-05, 0, 0, 7.70227e-18, 0, 0, 5.8069e-05, 2.10515e-10, 0, 24.3026, 0.952754, 7.5523, 288.884
2270, 2.92606e-11, 6.38158e-07, 5.72783e-05, 0, 0, 9.14246e-18, 0, 0, 5.79165e-05, 2.20473e-10, 0, 24.2548, 0.95282, 7.54003, 288.751
2271, 3.02601e-11, 5.83541e-07, 5.73098e-05, 0, 0, 9.94368e-18, 0, 0, 5.78933e-05, 2.27664e-10, 0, 24.2212, 0.952886, 7.52798, 288.648
2272, 3.02481e-11, 5.8113e-07, 5.77059e-05, 0, 0, 9.54626e-18, 0, 0, 5.82871e-05, 2.27206e-10, 0, 24.2216, 0.952952, 7.51602, 288.639
2273, 3.04176e-11, 5.81923e-07, 5.80675e-05, 0, 0, 9.81032e-18, 0, 0, 5.86494e-05, 2.28115e-10, 0, 24.216, 0.953018, 7.50406, 288.622
2274, 3.03281e-11, 5.89196e-07, 5.8497e-05, 0, 0, 1.00738e-17, 0, 0, 5.90862e-05, 2.2711e-10, 0, 24.2189, 0.953084, 7.49204, 288.622
2275, 2.88612e-11, 6.27691e-07, 5.92959e-05, 0, 0, 8.59475e-18, 0, 0, 5.99236e-05, 2.15783e-10, 0, 24.2685, 0.95315, 7.47998, 288.709
2276, 2.79084e-11, 6.55947e-07, 5.99743e-05, 0, 0, 7.39093e-18, 0, 0, 6.06302e-05, 2.08284e-10, 0, 24.3021, 0.953216, 7.46792, 288.766
2277, 2.89613e-11, 6.41761e-07, 6.01429e-05, 0, 0, 8.24412e-18, 0, 0, 6.07847e-05, 2.15784e-10, 0, 24.2651, 0.953282, 7.45609, 288.702
2278, 3.05786e-11, 6.17144e-07, 6.01768e-05, 0, 0, 1.00966e-17, 0, 0, 6.0794e-05, 2.27533e-10, 0, 24.2107, 0.953348, 7.44541, 288.606
2279, 3.13115e-11, 6.14009e-07, 6.04576e-05, 0, 0, 1.14167e-17, 0, 0, 6.10716e-05, 2.32758e-10, 0, 24.187, 0.953414, 7.43716, 288.568
2280, 3.07424e-11, 6.40398e-07, 6.10886e-05, 0, 0, 1.11413e-17, 0, 0, 6.1729e-05, 2.28325e-10, 0, 24.2054, 0.95348, 7.43017, 288.612
2281, 2.9752e-11, 6.73978e-07, 6.18158e-05, 0, 0, 9.93011e-18, 0, 0, 6.24897e-05, 2.20693e-10, 0, 24.2381, 0.953546, 7.42118, 288.676
2282, 2.86979e-11, 7.1044e-07, 6.25623e-05, 0, 0, 8.66097e-18, 0, 0, 6.32728e-05, 2.12544e-10, 0, 24.2742, 0.953612, 7.40998, 288.743
2283, 2.756e-11, 7.53818e-07, 6.33663e-05, 0, 0, 7.57626e-18, 0, 0, 6.41201e-05, 2.03767e-10, 0, 24.3147, 0.953678, 7.398, 288.821
2284, 2.77968e-11, 7.55473e-07, 6.37555e-05, 0, 0, 7.72138e-18, 0, 0, 6.4511e-05, 2.0516e-10, 0, 24.3061, 0.953744, 7.38586, 288.804
2285, 2.89627e-11, 7.2619e-07, 6.38398e-05, 0, 0, 8.66118e-18, 0, 0, 6.45659e-05, 2.13413e-10, 0, 24.265, 0.95381, 7.37368, 288.718
2286, 2.9912e-11, 7.10538e-07, 6.40323e-05, 0, 0, 9.43699e-18, 0, 0, 6.47428e-05, 2.20051e-10, 0, 24.2328, 0.953876, 7.36149, 288.657
2287, 3.03106e-11, 7.13829e-07, 6.44119e-05, 0, 0, 9.67218e-18, 0, 0, 6.51257e-05, 2.2263e-10, 0, 24.2195, 0.953942, 7.3496, 288.638
2288, 2.98631e-11, 7.34326e-07, 6.50042e-05, 0, 0, 9.2283e-18, 0, 0, 6.57385e-05, 2.19007e-10, 0, 24.2344, 0.954008, 7.338, 288.665
2289, 2.83245e-11, 7.88607e-07, 6.59247e-05, 0, 0, 7.93345e-18, 0, 0, 6.67133e-05, 2.07354e-10, 0, 24.2873, 0.954074, 7.32448, 288.763
2290, 2.68023e-11, 8.82813e-07, 6.69843e-05, 0, 0, 6.70674e-18, 0, 0, 6.78671e-05, 1.95685e-10, 0, 24.3425, 0.95414, 7.30362, 288.893
2291, 2.63229e-11, 9.89048e-07, 6.78876e-05, 0, 0, 6.56074e-18, 0, 0, 6.88766e-05, 1.91563e-10, 0, 24.3606, 0.954206, 7.27797, 288.992
2292, 2.64877e-11, 1.0107e-06, 6.83841e-05, 0, 0, 6.75301e-18, 0, 0, 6.93949e-05, 1.92072e-10, 0, 24.3543, 0.954272, 7.25369, 288.995
2293, 2.69538e-11, 9.68522e-07, 6.85781e-05, 0, 0, 6.72743e-18, 0, 0, 6.95466e-05, 1.9422e-10, 0, 24.3369, 0.954338, 7.21057, 288.927
2294, 2.60623e-11, 1.0921e-06, 6.94828e-05, 0, 0, 6.0008e-18, 0, 0, 7.05749e-05, 1.86591e-10, 0, 24.3705, 0.954404, 7.16594, 289.025
2295, 2.42267e-11, 1.3309e-06, 7.08394e-05, 0, 0, 4.99605e-18, 0, 0, 7.21703e-05, 1.73203e-10, 0, 24.4436, 0.95447, 7.15986, 289.226
2296, 2.46026e-11, 1.30332e-06, 7.11285e-05, 0, 0, 5.2802e-18, 0, 0, 7.24318e-05, 1.76174e-10, 0, 24.4282, 0.954536, 7.17002, 289.178
2297, 2.64758e-11, 1.06878e-06, 7.07255e-05, 0, 0, 6.47294e-18, 0, 0, 7.17943e-05, 1.89737e-10, 0, 24.3548, 0.954602, 7.17318, 288.963
2298, 2.65642e-11, 9.64921e-07, 7.09907e-05, 0, 0, 6.34637e-18, 0, 0, 7.19556e-05, 1.90284e-10, 0, 24.3515, 0.954668, 7.16982, 288.896
2299, 2.573e-11, 9.68441e-07, 7.16458e-05, 0, 0, 5.34605e-18, 0, 0, 7.26142e-05, 1.84095e-10, 0, 24.3834, 0.954734, 7.16311, 288.921
2300, 2.57369e-11, 9.68024e-07, 7.20873e-05, 0, 0, 4.9824e-18, 0, 0, 7.30554e-05, 1.83942e-10, 0, 24.3831, 0.9548, 7.15663, 288.905
2301, 2.64811e-11, 9.61431e-07, 7.23952e-05, 0, 0, 5.4143e-18, 0, 0, 7.33566e-05, 1.89088e-10, 0, 24.3546, 0.954866, 7.14971, 288.863
2302, 2.70793e-11, 9.62269e-07, 7.27749e-05, 0, 0, 5.85366e-18, 0, 0, 7.37372e-05, 1.93189e-10, 0, 24.3323, 0.954932, 7.14172, 288.836
2303, 2.66184e-11, 9.81378e-07, 7.3411e-05, 0, 0, 5.42818e-18, 0, 0, 7.43924e-05, 1.89694e-10, 0, 24.3494, 0.954998, 7.13328, 288.858
2304, 2.59873e-11, 1.00676e-06, 7.41051e-05, 0, 0, 5.12335e-18, 0, 0, 7.51119e-05, 1.84915e-10, 0, 24.3734, 0.955064, 7.12285, 288.89
2305, 2.63581e-11, 1.01433e-06, 7.45459e-05, 0, 0, 5.77075e-18, 0, 0, 7.55603e-05, 1.87222e-10, 0, 24.3592, 0.95513, 7.11058, 288.873
2306, 2.71212e-11, 1.01302e-06, 7.48858e-05, 0, 0, 6.65912e-18, 0, 0, 7.58989e-05, 1.92355e-10, 0, 24.3307, 0.955196, 7.09938, 288.837
2307, 2.75826e-11, 1.01329e-06, 7.52825e-05, 0, 0, 7.3148e-18, 0, 0, 7.62958e-05, 1.95413e-10, 0, 24.3138, 0.955262, 7.09087, 288.81
2308, 2.80144e-11, 1.02737e-06, 7.57166e-05, 0, 0, 7.99397e-18, 0, 0, 7.6744e-05, 1.98291e-10, 0, 24.2983, 0.955328, 7.08334, 288.792
2309, 2.82796e-11, 1.08478e-06, 7.63741e-05, 0, 0, 8.90601e-18, 0, 0, 7.74589e-05, 1.99955e-10, 0, 24.2889, 0.955394, 7.07477, 288.82
2310, 2.85446e-11, 1.13112e-06, 7.70545e-05, 0, 0, 1.02956e-17, 0, 0, 7.81856e-05, 2.01567e-10, 0, 24.2796, 0.95546, 7.06501, 288.849
2311, 2.90547e-11, 1.11987e-06, 7.74758e-05, 0, 0, 1.16339e-17, 0, 0, 7.85957e-05, 2.04887e-10, 0, 24.2618, 0.955526, 7.05481, 288.823
2312, 2.95763e-11, 1.0847e-06, 7.77282e-05, 0, 0, 1.24052e-17, 0, 0, 7.88129e-05, 2.08269e-10, 0, 24.244, 0.955592, 7.04459, 288.764
2313, 3.02349e-11, 1.04598e-06, 7.78972e-05, 0, 0, 1.31705e-17, 0, 0, 7.89431e-05, 2.12622e-10, 0, 24.222, 0.955658, 7.03436, 288.69
2314, 3.00226e-11, 1.07454e-06, 7.85424e-05, 0, 0, 1.29954e-17, 0, 0, 7.96169e-05, 2.10864e-10, 0, 24.2291, 0.955724, 7.02359, 288.709
2315, 2.76587e-11, 1.21517e-06, 8.00577e-05, 0, 0, 1.04279e-17, 0, 0, 8.12729e-05, 1.93947e-10, 0, 24.3111, 0.95579, 7.01129, 288.889
2316, 2.30046e-11, 1.45274e-06, 8.23858e-05, 0, 0, 6.08082e-18, 0, 0, 8.38386e-05, 1.6094e-10, 0, 24.4953, 0.955856, 6.99878, 289.211
2317, 1.91065e-11, 1.62326e-06, 8.43975e-05, 0, 0, 2.86956e-18, 0, 0, 8.60208e-05, 1.33331e-10, 0, 24.681, 0.955922, 6.98812, 289.462
2318, 1.92478e-11, 1.57822e-06, 8.48143e-05, 0, 0, 2.19926e-18, 0, 0, 8.63926e-05, 1.34039e-10, 0, 24.6736, 0.955988, 6.97692, 289.424
2319, 2.19136e-11, 1.45179e-06, 8.42692e-05, 0, 0, 2.94268e-18, 0, 0, 8.5721e-05, 1.52415e-10, 0, 24.5439, 0.956054, 6.96666, 289.223
2320, 2.36506e-11, 1.56564e-06, 8.4283e-05, 0, 0, 3.90317e-18, 0, 0, 8.58486e-05, 1.64345e-10, 0, 24.4676, 0.95612, 6.95655, 289.148
2321, 2.26351e-11, 2.28309e-06, 8.57988e-05, 0, 0, 4.40421e-18, 0, 0, 8.80819e-05, 1.56894e-10, 0, 24.5115, 0.956186, 6.92853, 289.399
2322, 1.99644e-11, 3.20227e-06, 8.83253e-05, 0, 0, 4.36689e-18, 0, 0, 9.15275e-05, 1.37267e-10, 0, 24.6371, 0.956252, 6.85963, 289.822
2323, 1.96018e-11, 3.18653e-06, 8.95278e-05, 0, 0, 4.78671e-18, 0, 0, 9.27143e-05, 1.33251e-10, 0, 24.6554, 0.956318, 6.78728, 289.901
2324, 2.27382e-11, 2.3081e-06, 8.83287e-05, 0, 0, 6.08063e-18, 0, 0, 9.06368e-05, 1.54169e-10, 0, 24.507, 0.956384, 6.77581, 289.499
2325, 2.58745e-11, 1.57944e-06, 8.67871e-05, 0, 0, 6.98646e-18, 0, 0, 8.83666e-05, 1.7584e-10, 0, 24.3778, 0.95645, 6.79802, 289.06
2326, 2.71641e-11, 1.34605e-06, 8.64732e-05, 0, 0, 7.34722e-18, 0, 0, 8.78193e-05, 1.84908e-10, 0, 24.3291, 0.956516, 6.81248, 288.881
2327, 2.72333e-11, 1.40078e-06, 8.7173e-05, 0, 0, 7.79698e-18, 0, 0, 8.85738e-05, 1.85479e-10, 0, 24.3266, 0.956582, 6.81733, 288.902
2328, 2.63924e-11, 1.55492e-06, 8.83527e-05, 0, 0, 7.69648e-18, 0, 0, 8.99076e-05, 1.79718e-10, 0, 24.3579, 0.956648, 6.81785, 289.008
2329, 2.58878e-11, 1.608e-06, 8.92144e-05, 0, 0, 7.36794e-18, 0, 0, 9.08224e-05, 1.76194e-10, 0, 24.3772, 0.956714, 6.81497, 289.05
2330, 2.56085e-11, 1.63023e-06, 9.00804e-05, 0, 0, 7.30885e-18, 0, 0, 9.17106e-05, 1.7419e-10, 0, 24.3881, 0.95678, 6.80957, 289.087
2331, 2.46687e-11, 1.71363e-06, 9.12675e-05, 0, 0, 6.57168e-18, 0, 0, 9.29812e-05, 1.67642e-10, 0, 24.4255, 0.956846, 6.80294, 289.178
2332, 2.46857e-11, 1.66724e-06, 9.16854e-05, 0, 0, 5.90232e-18, 0, 0, 9.33527e-05, 1.67575e-10, 0, 24.4248, 0.956912, 6.79538, 289.137
2333, 2.5561e-11, 1.56811e-06, 9.16596e-05, 0, 0, 6.03216e-18, 0, 0, 9.32277e-05, 1.73277e-10, 0, 24.39, 0.956978, 6.78544, 289.024
2334, 2.53105e-11, 1.63534e-06, 9.23987e-05, 0, 0, 5.81513e-18, 0, 0, 9.4034e-05, 1.70991e-10, 0, 24.3998, 0.957044, 6.76489, 289.046
2335, 2.45588e-11, 1.75868e-06, 9.34739e-05, 0, 0, 5.38494e-18, 0, 0, 9.52325e-05, 1.6502e-10, 0, 24.4299, 0.95711, 6.73452, 289.123
2336, 2.49482e-11, 1.70552e-06, 9.38378e-05, 0, 0, 5.56286e-18, 0, 0, 9.55433e-05, 1.67388e-10, 0, 24.4142, 0.957176, 6.72354, 289.072
2337, 2.51114e-11, 1.68113e-06, 9.43764e-05, 0, 0, 5.6561e-18, 0, 0, 9.60576e-05, 1.6854e-10, 0, 24.4077, 0.957242, 6.72012, 289.05
2338, 2.29939e-11, 1.99382e-06, 9.642e-05, 0, 0, 4.71958e-18, 0, 0, 9.84138e-05, 1.53669e-10, 0, 24.4958, 0.957308, 6.69283, 289.285
2339, 1.96198e-11, 2.58199e-06, 9.93466e-05, 0, 0, 3.39097e-18, 0, 0, 0.000101929, 1.30752e-10, 0, 24.6545, 0.957374, 6.68396, 289.668
2340, 1.69839e-11, 3.28853e-06, 0.000101773, 0, 0, 2.60888e-18, 0, 0, 0.000105061, 1.13587e-10, 0, 24.7988, 0.95744, 6.70547, 289.987
2341, 1.62709e-11, 3.97365e-06, 0.000102757, 0, 0, 2.62033e-18, 0, 0, 0.000106731, 1.09058e-10, 0, 24.8416, 0.957506, 6.71522, 290.108
2342, 1.80913e-11, 4.00666e-06, 0.000101982, 0, 0, 3.39504e-18, 0, 0, 0.000105989, 1.2116e-10, 0, 24.7356, 0.957572, 6.70986, 289.918
2343, 2.08221e-11, 3.12271e-06, 0.000100802, 0, 0, 4.08765e-18, 0, 0, 0.000103924, 1.3929e-10, 0, 24.595, 0.957638, 6.70096, 289.555
2344, 2.14056e-11, 2.58546e-06, 0.000101187, 0, 0, 3.95907e-18, 0, 0, 0.000103773, 1.43022e-10, 0, 24.5674, 0.957704, 6.69167, 289.44
2345, 2.03637e-11, 2.66833e-06, 0.00010262, 0, 0, 3.40527e-18, 0, 0, 0.000105288, 1.35885e-10, 0, 24.6173, 0.95777, 6.68233, 289.544
2346, 2.00077e-11, 2.57322e-06, 0.000103538, 0, 0, 3.21791e-18, 0, 0, 0.000106111, 1.33371e-10, 0, 24.6349, 0.957836, 6.67294, 289.556
2347, 1.95898e-11, 2.48773e-06, 0.000104427, 0, 0, 3.11986e-18, 0, 0, 0.000106914, 1.30434e-10, 0, 24.656, 0.957902, 6.66346, 289.565
2348, 1.90924e-11, 2.66794e-06, 0.000105253, 0, 0, 2.95255e-18, 0, 0, 0.000107921, 1.26941e-10, 0, 24.6817, 0.957968, 6.65381, 289.599
2349, 1.83197e-11, 3.30919e-06, 0.000106378, 0, 0, 2.88977e-18, 0, 0, 0.000109687, 1.21691e-10, 0, 24.723, 0.958034, 6.64397, 289.727
2350, 1.58883e-11, 4.54585e-06, 0.000108674, 0, 0, 2.56497e-18, 0, 0, 0.00011322, 1.05401e-10, 0, 24.8654, 0.9581, 6.63033, 290.068
2351, 1.27606e-11, 6.66596e-06, 0.000110984, 0, 0, 2.09772e-18, 0, 0, 0.00011765, 8.42909e-11, 0, 25.0847, 0.958166, 6.5944, 290.502
2352, 1.13531e-11, 8.49081e-06, 0.000111972, 0, 0, 1.91154e-18, 0, 0, 0.000120462, 7.4164e-11, 0, 25.2015, 0.958232, 6.51864, 290.734
2353, 1.41817e-11, 7.00489e-06, 0.000111132, 0, 0, 2.44119e-18, 0, 0, 0.000118136, 9.17453e-11, 0, 24.9791, 0.958298, 6.45523, 290.371
2354, 1.87771e-11, 3.97362e-06, 0.000109669, 0, 0, 3.31237e-18, 0, 0, 0.000113643, 1.21462e-10, 0, 24.6984, 0.958364, 6.45625, 289.743
2355, 2.05169e-11, 2.65672e-06, 0.000109549, 0, 0, 3.61739e-18, 0, 0, 0.000112206, 1.32996e-10, 0, 24.6098, 0.95843, 6.48041, 289.474
2356, 1.95585e-11, 2.81027e-06, 0.000111059, 0, 0, 3.5471e-18, 0, 0, 0.00011387, 1.26914e-10, 0, 24.6576, 0.958496, 6.49338, 289.583
2357, 1.84185e-11, 3.3548e-06, 0.0001129, 0, 0, 3.60933e-18, 0, 0, 0.000116255, 1.19525e-10, 0, 24.7177, 0.958562, 6.49718, 289.774
2358, 1.79512e-11, 3.70891e-06, 0.000114013, 0, 0, 3.78978e-18, 0, 0, 0.000117722, 1.16451e-10, 0, 24.7434, 0.958628, 6.49634, 289.853
2359, 1.95578e-11, 3.42093e-06, 0.000113647, 0, 0, 4.77025e-18, 0, 0, 0.000117068, 1.2682e-10, 0, 24.6576, 0.958694, 6.49291, 289.682
2360, 2.24496e-11, 2.71723e-06, 0.000112608, 0, 0, 6.10883e-18, 0, 0, 0.000115325, 1.45553e-10, 0, 24.5198, 0.95876, 6.48848, 289.382
2361, 2.32574e-11, 2.4364e-06, 0.000112851, 0, 0, 6.34117e-18, 0, 0, 0.000115288, 1.5078e-10, 0, 24.4844, 0.958826, 6.48341, 289.285
2362, 2.21431e-11, 2.81973e-06, 0.000114447, 0, 0, 5.90906e-18, 0, 0, 0.000117267, 1.43486e-10, 0, 24.5335, 0.958892, 6.47774, 289.425
2363, 1.99274e-11, 3.9056e-06, 0.000116907, 0, 0, 5.22751e-18, 0, 0, 0.000120812, 1.28957e-10, 0, 24.6389, 0.958958, 6.47158, 289.742
2364, 1.8751e-11, 4.56426e-06, 0.000118357, 0, 0, 4.69437e-18, 0, 0, 0.000122921, 1.21104e-10, 0, 24.6998, 0.959024, 6.46515, 289.887
2365, 2.053e-11, 3.88078e-06, 0.000117655, 0, 0, 5.17355e-18, 0, 0, 0.000121535, 1.32418e-10, 0, 24.6091, 0.95909, 6.45834, 289.637
2366, 2.10024e-11, 3.7341e-06, 0.000117893, 0, 0, 5.32407e-18, 0, 0, 0.000121627, 1.35358e-10, 0, 24.5864, 0.959156, 6.45155, 289.554
2367, 1.80206e-11, 4.85177e-06, 0.000120646, 0, 0, 4.16098e-18, 0, 0, 0.000125498, 1.16034e-10, 0, 24.7395, 0.959222, 6.4447, 289.894
2368, 1.5076e-11, 5.78212e-06, 0.000123725, 0, 0, 2.97763e-18, 0, 0, 0.000129507, 9.69895e-11, 0, 24.9179, 0.959288, 6.43781, 290.236
2369, 1.32271e-11, 6.34832e-06, 0.000125874, 0, 0, 2.30808e-18, 0, 0, 0.000132223, 8.49809e-11, 0, 25.0488, 0.959354, 6.43078, 290.43
2370, 1.05763e-11, 7.59309e-06, 0.000127822, 0, 0, 1.54675e-18, 0, 0, 0.000135416, 6.78321e-11, 0, 25.2724, 0.95942, 6.42391, 290.669
2371, 8.47694e-12, 9.03394e-06, 0.00012923, 0, 0, 9.24139e-19, 0, 0, 0.000138264, 5.42636e-11, 0, 25.4937, 0.959486, 6.41529, 290.866
2372, 1.06104e-11, 7.68853e-06, 0.000128737, 0, 0, 1.17177e-18, 0, 0, 0.000136425, 6.75715e-11, 0, 25.2692, 0.959552, 6.39431, 290.586
2373, 1.52571e-11, 4.84612e-06, 0.000127137, 0, 0, 2.15944e-18, 0, 0, 0.000131984, 9.59456e-11, 0, 24.906, 0.959618, 6.33055, 290.033
2374, 1.87518e-11, 3.49689e-06, 0.000125893, 0, 0, 3.13162e-18, 0, 0, 0.000129389, 1.16398e-10, 0, 24.6997, 0.959684, 6.246, 289.665
2375, 1.89305e-11, 4.07997e-06, 0.000126598, 0, 0, 3.37513e-18, 0, 0, 0.000130678, 1.17782e-10, 0, 24.6902, 0.95975, 6.25374, 289.709
2376, 1.53491e-11, 6.59933e-06, 0.000129647, 0, 0, 2.68798e-18, 0, 0, 0.000136246, 9.67222e-11, 0, 24.9, 0.959816, 6.32478, 290.196
2377, 1.14253e-11, 1.02983e-05, 0.000131915, 0, 0, 1.87582e-18, 0, 0, 0.000142214, 7.25939e-11, 0, 25.1952, 0.959882, 6.35475, 290.7
2378, 1.02863e-11, 1.28302e-05, 0.000132155, 0, 0, 1.79394e-18, 0, 0, 0.000144985, 6.54085e-11, 0, 25.3002, 0.959948, 6.35084, 290.877
2379, 1.16232e-11, 1.07917e-05, 0.000133428, 0, 0, 2.18907e-18, 0, 0, 0.00014422, 7.37521e-11, 0, 25.178, 0.960014, 6.34143, 290.71
2380, 1.36441e-11, 7.13419e-06, 0.000135177, 0, 0, 2.68527e-18, 0, 0, 0.000142311, 8.62665e-11, 0, 25.0177, 0.96008, 6.32506, 290.431
2381, 1.53586e-11, 5.79822e-06, 0.000135539, 0, 0, 3.344e-18, 0, 0, 0.000141337, 9.63408e-11, 0, 24.8993, 0.960146, 6.2679, 290.243
2382, 1.44276e-11, 7.70406e-06, 0.000136159, 0, 0, 3.27256e-18, 0, 0, 0.000143863, 8.89176e-11, 0, 24.9619, 0.960212, 6.13205, 290.397
2383, 1.02489e-11, 1.3279e-05, 0.000137146, 0, 0, 2.14416e-18, 0, 0, 0.000150425, 6.16553e-11, 0, 25.3038, 0.960278, 6.02446, 290.928
2384, 7.95012e-12, 1.69343e-05, 0.000137604, 0, 0, 1.50947e-18, 0, 0, 0.000154538, 4.79956e-11, 0, 25.5578, 0.960344, 6.07114, 291.214
2385, 9.04447e-12, 1.51913e-05, 0.000138677, 0, 0, 1.73518e-18, 0, 0, 0.000153868, 5.57279e-11, 0, 25.4289, 0.96041, 6.15673, 291.061
2386, 1.02701e-11, 1.30106e-05, 0.000139699, 0, 0, 1.91007e-18, 0, 0, 0.00015271, 6.36437e-11, 0, 25.3018, 0.960476, 6.19054, 290.862
2387, 1.11611e-11, 1.24372e-05, 0.000139854, 0, 0, 2.05838e-18, 0, 0, 0.000152291, 6.92306e-11, 0, 25.2186, 0.960542, 6.19766, 290.731
2388, 1.19786e-11, 1.27766e-05, 0.000139724, 0, 0, 2.39068e-18, 0, 0, 0.000152501, 7.42593e-11, 0, 25.1479, 0.960608, 6.19741, 290.658
2389, 1.36755e-11, 1.05242e-05, 0.000140628, 0, 0, 2.86172e-18, 0, 0, 0.000151153, 8.4657e-11, 0, 25.0154, 0.960674, 6.19167, 290.441
2390, 1.38777e-11, 9.89397e-06, 0.000141761, 0, 0, 2.81614e-18, 0, 0, 0.000151655, 8.56558e-11, 0, 25.0007, 0.96074, 6.17104, 290.395
2391, 1.1467e-11, 1.40557e-05, 0.000142248, 0, 0, 2.2493e-18, 0, 0, 0.000156303, 6.98473e-11, 0, 25.1915, 0.960806, 6.09773, 290.727
2392, 1.14578e-11, 1.40178e-05, 0.000143418, 0, 0, 2.23856e-18, 0, 0, 0.000157436, 6.84096e-11, 0, 25.1923, 0.960872, 5.98885, 290.736
2393, 1.43739e-11, 8.78763e-06, 0.000145188, 0, 0, 2.83153e-18, 0, 0, 0.000153975, 8.63602e-11, 0, 24.9656, 0.960938, 5.99078, 290.332
2394, 1.58009e-11, 6.18624e-06, 0.000146501, 0, 0, 3.10509e-18, 0, 0, 0.000152687, 9.63296e-11, 0, 24.871, 0.961004, 6.08894, 290.122
2395, 1.51778e-11, 7.25719e-06, 0.00014728, 0, 0, 2.90171e-18, 0, 0, 0.000154537, 9.31658e-11, 0, 24.9112, 0.96107, 6.14174, 290.199
2396, 1.27968e-11, 1.13349e-05, 0.000147958, 0, 0, 2.40625e-18, 0, 0, 0.000159293, 7.86559e-11, 0, 25.0818, 0.961136, 6.14894, 290.533
2397, 1.08513e-11, 1.38474e-05, 0.000149589, 0, 0, 2.13657e-18, 0, 0, 0.000163436, 6.65856e-11, 0, 25.2467, 0.961202, 6.14307, 290.802
2398, 1.2632e-11, 1.04744e-05, 0.000151198, 0, 0, 2.59959e-18, 0, 0, 0.000161672, 7.73332e-11, 0, 25.0948, 0.961268, 6.13396, 290.557
2399, 1.49851e-11, 7.12689e-06, 0.000151913, 0, 0, 3.06966e-18, 0, 0, 0.00015904, 9.17537e-11, 0, 24.924, 0.961334, 6.1268, 290.235
2400, 1.51875e-11, 7.02204e-06, 0.000152889, 0, 0, 3.15259e-18, 0, 0, 0.000159911, 9.29454e-11, 0, 24.9106, 0.9614, 6.11523, 290.22
2401, 1.5472e-11, 7.00352e-06, 0.00015377, 0, 0, 3.38529e-18, 0, 0, 0.000160774, 9.42183e-11, 0, 24.892, 0.961466, 6.08783, 290.204
2402, 1.60446e-11, 7.12929e-06, 0.000153932, 0, 0, 3.5625e-18, 0, 0, 0.000161061, 9.63784e-11, 0, 24.8556, 0.961532, 6.00641, 290.137
2403, 1.43434e-11, 1.14487e-05, 0.000153324, 0, 0, 3.02647e-18, 0, 0, 0.000164773, 8.41673e-11, 0, 24.9677, 0.961598, 5.87721, 290.366
2404, 1.10511e-11, 1.79649e-05, 0.000153002, 0, 0, 2.14235e-18, 0, 0, 0.000170967, 6.41595e-11, 0, 25.2285, 0.961664, 5.86287, 290.795
2405, 9.53379e-12, 1.83536e-05, 0.000155822, 0, 0, 1.74254e-18, 0, 0, 0.000174176, 5.66262e-11, 0, 25.3762, 0.96173, 5.97432, 290.967
2406, 8.38491e-12, 1.8177e-05, 0.000158824, 0, 0, 1.51791e-18, 0, 0, 0.000177001, 5.063e-11, 0, 25.5046, 0.961796, 6.04631, 291.103
2407, 7.07157e-12, 2.14022e-05, 0.000159056, 0, 0, 1.32582e-18, 0, 0, 0.000180458, 4.28012e-11, 0, 25.6749, 0.961862, 6.05763, 291.286
2408, 8.61154e-12, 1.95337e-05, 0.000159662, 0, 0, 1.72279e-18, 0, 0, 0.000179196, 5.2035e-11, 0, 25.4779, 0.961928, 6.0521, 291.095
2409, 1.03892e-11, 1.634e-05, 0.000161067, 0, 0, 2.11813e-18, 0, 0, 0.000177407, 6.2765e-11, 0, 25.2903, 0.961994, 6.04492, 290.861
2410, 1.00458e-11, 1.63159e-05, 0.000162796, 0, 0, 2.097e-18, 0, 0, 0.000179111, 6.06565e-11, 0, 25.3239, 0.96206, 6.03479, 290.905
2411, 9.67819e-12, 1.53151e-05, 0.00016554, 0, 0, 2.12044e-18, 0, 0, 0.000180855, 5.83269e-11, 0, 25.3611, 0.962126, 6.02389, 290.951
2412, 9.43954e-12, 1.4345e-05, 0.000168002, 0, 0, 2.0998e-18, 0, 0, 0.000182347, 5.67705e-11, 0, 25.3861, 0.962192, 6.00944, 290.977
2413, 8.71505e-12, 1.61603e-05, 0.000168575, 0, 0, 1.9066e-18, 0, 0, 0.000184735, 5.22576e-11, 0, 25.466, 0.962258, 5.96589, 291.07
2414, 6.41733e-12, 2.33768e-05, 0.00016649, 0, 0, 1.32657e-18, 0, 0, 0.000189867, 3.82257e-11, 0, 25.772, 0.962324, 5.87703, 291.369
2415, 4.25929e-12, 3.33146e-05, 0.000161586, 0, 0, 7.85578e-19, 0, 0, 0.0001949, 2.50449e-11, 0, 26.1819, 0.96239, 5.75076, 291.651
2416, 3.84178e-12, 3.84138e-05, 0.000158525, 0, 0, 6.43163e-19, 0, 0, 0.000196938, 2.2341e-11, 0, 26.2851, 0.962456, 5.63723, 291.708
2417, 4.64453e-12, 3.45283e-05, 0.000162039, 0, 0, 7.56423e-19, 0, 0, 0.000196567, 2.70238e-11, 0, 26.0953, 0.962522, 5.67345, 291.59
2418, 4.23323e-12, 3.95145e-05, 0.000159277, 0, 0, 6.90767e-19, 0, 0, 0.000198792, 2.47504e-11, 0, 26.1881, 0.962588, 5.809, 291.66
2419, 3.66386e-12, 4.74328e-05, 0.000154002, 0, 0, 6.2677e-19, 0, 0, 0.000201435, 2.15403e-11, 0, 26.3325, 0.962654, 5.88186, 291.758
2420, 6.14179e-12, 3.48745e-05, 0.000162942, 0, 0, 1.13409e-18, 0, 0, 0.000197817, 3.62033e-11, 0, 25.8159, 0.96272, 5.89622, 291.408
2421, 9.46836e-12, 1.76746e-05, 0.000174893, 0, 0, 1.81027e-18, 0, 0, 0.000192568, 5.58269e-11, 0, 25.3831, 0.962786, 5.89754, 290.933
2422, 1.06134e-11, 1.2444e-05, 0.00017916, 0, 0, 2.01797e-18, 0, 0, 0.000191604, 6.25186e-11, 0, 25.2689, 0.962852, 5.89263, 290.771
2423, 9.97442e-12, 1.45106e-05, 0.00017946, 0, 0, 1.81407e-18, 0, 0, 0.000193971, 5.86522e-11, 0, 25.331, 0.962918, 5.8852, 290.855
2424, 8.37606e-12, 1.8071e-05, 0.000179901, 0, 0, 1.39497e-18, 0, 0, 0.000197972, 4.91647e-11, 0, 25.5056, 0.962984, 5.88049, 291.056
2425, 7.54128e-12, 1.90813e-05, 0.000181411, 0, 0, 1.14191e-18, 0, 0, 0.000200492, 4.41686e-11, 0, 25.6106, 0.96305, 5.87311, 291.146
2426, 8.12287e-12, 1.94013e-05, 0.000181345, 0, 0, 1.2972e-18, 0, 0, 0.000200746, 4.75032e-11, 0, 25.5363, 0.963116, 5.86356, 291.073
2427, 1.05638e-11, 1.60625e-05, 0.000181661, 0, 0, 1.90809e-18, 0, 0, 0.000197724, 6.17345e-11, 0, 25.2736, 0.963182, 5.85429, 290.766
2428, 1.33227e-11, 1.00636e-05, 0.000183899, 0, 0, 2.57921e-18, 0, 0, 0.000193963, 7.76862e-11, 0, 25.0415, 0.963248, 5.83702, 290.402
2429, 1.3929e-11, 7.48612e-06, 0.000186494, 0, 0, 2.74323e-18, 0, 0, 0.00019398, 8.0621e-11, 0, 24.997, 0.963314, 5.7913, 290.313
2430, 1.35917e-11, 7.33239e-06, 0.000188415, 0, 0, 2.64697e-18, 0, 0, 0.000195747, 7.69932e-11, 0, 25.0216, 0.96338, 5.67213, 290.352
2431, 1.31017e-11, 8.4618e-06, 0.000189556, 0, 0, 2.53537e-18, 0, 0, 0.000198018, 7.22275e-11, 0, 25.0583, 0.963446, 5.53399, 290.426
2432, 1.06825e-11, 1.36121e-05, 0.000190301, 0, 0, 2.05245e-18, 0, 0, 0.000203913, 5.85997e-11, 0, 25.2624, 0.963512, 5.55861, 290.755
2433, 6.50034e-12, 2.4398e-05, 0.000188786, 0, 0, 1.206e-18, 0, 0, 0.000213184, 3.63018e-11, 0, 25.7592, 0.963578, 5.69294, 291.301
2434, 3.18416e-12, 4.22738e-05, 0.000179097, 0, 0, 5.39385e-19, 0, 0, 0.000221371, 1.81596e-11, 0, 26.4728, 0.963644, 5.76922, 291.753
2435, 1.46855e-12, 6.85683e-05, 0.000158635, 0, 0, 2.25565e-19, 0, 0, 0.000227203, 8.46319e-12, 0, 27.2467, 0.96371, 5.78868, 292.037
2436, 1.61833e-12, 7.66388e-05, 0.000151911, 0, 0, 2.48367e-19, 0, 0, 0.00022855, 9.34217e-12, 0, 27.1496, 0.963776, 5.7879, 292.033
2437, 4.39339e-12, 5.0582e-05, 0.000172665, 0, 0, 7.37583e-19, 0, 0, 0.000223247, 2.53462e-11, 0, 26.1509, 0.963842, 5.77942, 291.604
2438, 8.59614e-12, 2.1838e-05, 0.000193521, 0, 0, 1.59244e-18, 0, 0, 0.000215359, 4.95766e-11, 0, 25.4797, 0.963908, 5.77228, 290.997
2439, 1.18388e-11, 1.03272e-05, 0.000199998, 0, 0, 2.36671e-18, 0, 0, 0.000210325, 6.82332e-11, 0, 25.1596, 0.963974, 5.76679, 290.568
2440, 1.31802e-11, 8.29579e-06, 0.000200943, 0, 0, 2.70658e-18, 0, 0, 0.000209239, 7.58462e-11, 0, 25.0523, 0.96404, 5.75727, 290.404
2441, 1.27006e-11, 9.19496e-06, 0.000202341, 0, 0, 2.60352e-18, 0, 0, 0.000211536, 7.29489e-11, 0, 25.0894, 0.964106, 5.74545, 290.471
2442, 1.04884e-11, 1.23455e-05, 0.000204806, 0, 0, 2.11004e-18, 0, 0, 0.000217151, 6.01856e-11, 0, 25.2808, 0.964172, 5.73842, 290.756
2443, 8.05115e-12, 1.56184e-05, 0.000207553, 0, 0, 1.52837e-18, 0, 0, 0.000223172, 4.61407e-11, 0, 25.5452, 0.964238, 5.72931, 291.06
2444, 6.49134e-12, 2.04766e-05, 0.000207195, 0, 0, 1.14517e-18, 0, 0, 0.000227672, 3.70786e-11, 0, 25.7606, 0.964304, 5.70707, 291.257
2445, 4.20566e-12, 3.83967e-05, 0.000196171, 0, 0, 7.06154e-19, 0, 0, 0.000234568, 2.3948e-11, 0, 26.1946, 0.96437, 5.66985, 291.598
2446, 1.72353e-12, 6.17013e-05, 0.000180652, 0, 0, 2.75357e-19, 0, 0, 0.000242353, 9.75148e-12, 0, 27.0866, 0.964436, 5.60986, 291.981
2447, 9.83092e-13, 6.38564e-05, 0.000181616, 0, 0, 1.37166e-19, 0, 0, 0.000245472, 5.22608e-12, 0, 27.6481, 0.964502, 5.51634, 292.077
2448, 1.9558e-12, 4.84458e-05, 0.000195517, 0, 0, 2.61956e-19, 0, 0, 0.000243963, 9.90743e-12, 0, 26.9602, 0.964568, 5.37961, 291.898
2449, 2.74494e-12, 4.21524e-05, 0.000201087, 0, 0, 3.71108e-19, 0, 0, 0.00024324, 1.38045e-11, 0, 26.6213, 0.964634, 5.30217, 291.765
2450, 1.90544e-12, 5.8656e-05, 0.000188578, 0, 0, 2.60858e-19, 0, 0, 0.000247234, 9.6519e-12, 0, 26.9863, 0.9647, 5.39561, 291.911
2451, 1.06301e-12, 7.26383e-05, 0.00017863, 0, 0, 1.53776e-19, 0, 0, 0.000251268, 5.67421e-12, 0, 27.5699, 0.964766, 5.52934, 292.057
2452, 1.57265e-12, 5.94164e-05, 0.000191706, 0, 0, 2.42409e-19, 0, 0, 0.000251122, 8.79565e-12, 0, 27.1783, 0.964832, 5.59282, 291.959
2453, 2.1941e-12, 4.31755e-05, 0.000207384, 0, 0, 3.42178e-19, 0, 0, 0.000250559, 1.23064e-11, 0, 26.8452, 0.964898, 5.60771, 291.837
2454, 2.30988e-12, 4.3968e-05, 0.000207886, 0, 0, 3.66306e-19, 0, 0, 0.000251854, 1.29404e-11, 0, 26.7938, 0.964964, 5.60654, 291.823
2455, 3.67287e-12, 3.95602e-05, 0.000210507, 0, 0, 6.08461e-19, 0, 0, 0.000250067, 2.05614e-11, 0, 26.33, 0.96503, 5.6041, 291.63
2456, 6.20841e-12, 2.41224e-05, 0.000221087, 0, 0, 1.06109e-18, 0, 0, 0.00024521, 3.47262e-11, 0, 25.8051, 0.965096, 5.59935, 291.256
2457, 8.18074e-12, 1.4335e-05, 0.000227651, 0, 0, 1.43953e-18, 0, 0, 0.000241986, 4.57251e-11, 0, 25.5292, 0.965162, 5.59267, 290.976
2458, 8.96685e-12, 1.19913e-05, 0.000229718, 0, 0, 1.60913e-18, 0, 0, 0.000241709, 5.01094e-11, 0, 25.4375, 0.965228, 5.58702, 290.87
2459, 8.52445e-12, 1.24428e-05, 0.0002317, 0, 0, 1.53332e-18, 0, 0, 0.000244142, 4.76079e-11, 0, 25.4881, 0.965294, 5.57903, 290.926
2460, 7.49663e-12, 1.5096e-05, 0.000232939, 0, 0, 1.34407e-18, 0, 0, 0.000248035, 4.18197e-11, 0, 25.6166, 0.96536, 5.57151, 291.066
2461, 5.51701e-12, 2.66531e-05, 0.000227981, 0, 0, 9.71709e-19, 0, 0, 0.000254634, 3.07467e-11, 0, 25.9232, 0.965426, 5.56498, 291.358
2462, 2.87597e-12, 5.10398e-05, 0.000212414, 0, 0, 4.80206e-19, 0, 0, 0.000263454, 1.60124e-11, 0, 26.5746, 0.965492, 5.55556, 291.765
2463, 1.6597e-12, 6.31027e-05, 0.000205286, 0, 0, 2.56376e-19, 0, 0, 0.000268389, 9.21695e-12, 0, 27.1244, 0.965558, 5.54678, 291.946
2464, 2.54752e-12, 4.75442e-05, 0.000219426, 0, 0, 4.0451e-19, 0, 0, 0.00026697, 1.40893e-11, 0, 26.6959, 0.965624, 5.53764, 291.78
2465, 4.30296e-12, 2.91734e-05, 0.000234216, 0, 0, 7.10343e-19, 0, 0, 0.00026339, 2.37447e-11, 0, 26.1717, 0.96569, 5.52455, 291.495
2466, 5.03528e-12, 2.34194e-05, 0.000239454, 0, 0, 8.37124e-19, 0, 0, 0.000262873, 2.77422e-11, 0, 26.0146, 0.965756, 5.50905, 291.377
2467, 4.07827e-12, 3.00867e-05, 0.000236909, 0, 0, 6.63099e-19, 0, 0, 0.000266996, 2.23766e-11, 0, 26.2253, 0.965822, 5.47629, 291.515
2468, 2.88349e-12, 3.57031e-05, 0.000236029, 0, 0, 4.37043e-19, 0, 0, 0.000271732, 1.5502e-11, 0, 26.572, 0.965888, 5.39139, 291.683
2469, 2.75645e-12, 3.0742e-05, 0.000242668, 0, 0, 3.8065e-19, 0, 0, 0.00027341, 1.4238e-11, 0, 26.6171, 0.965954, 5.23997, 291.684
2470, 2.54413e-12, 3.28644e-05, 0.000242834, 0, 0, 3.35687e-19, 0, 0, 0.000275698, 1.28238e-11, 0, 26.6972, 0.96602, 5.14756, 291.717
2471, 1.44608e-12, 6.43684e-05, 0.00021737, 0, 0, 1.86162e-19, 0, 0, 0.000281738, 7.25424e-12, 0, 27.2622, 0.966086, 5.23396, 291.946
2472, 5.23952e-13, 0.00011076, 0.00017721, 0, 0, 6.68059e-20, 0, 0, 0.000287969, 2.68357e-12, 0, 28.2774, 0.966152, 5.36506, 292.178
2473, 4.68515e-13, 0.000112006, 0.000177631, 0, 0, 6.26168e-20, 0, 0, 0.000289637, 2.53577e-12, 0, 28.3892, 0.966218, 5.43058, 292.174
2474, 1.04526e-12, 6.87989e-05, 0.000218881, 0, 0, 1.44352e-19, 0, 0, 0.00028768, 5.70188e-12, 0, 27.5868, 0.966284, 5.44921, 291.986
2475, 1.78336e-12, 3.91197e-05, 0.000246921, 0, 0, 2.56437e-19, 0, 0, 0.000286041, 9.71708e-12, 0, 27.0525, 0.96635, 5.44525, 291.814
2476, 2.4526e-12, 3.10179e-05, 0.000254582, 0, 0, 3.66305e-19, 0, 0, 0.0002856, 1.33521e-11, 0, 26.7339, 0.966416, 5.43942, 291.703
2477, 2.38651e-12, 3.2816e-05, 0.000254803, 0, 0, 3.59047e-19, 0, 0, 0.000287618, 1.29877e-11, 0, 26.7612, 0.966482, 5.43524, 291.718
2478, 1.52837e-12, 4.29694e-05, 0.000249157, 0, 0, 2.23007e-19, 0, 0, 0.000292126, 8.29528e-12, 0, 27.2068, 0.966548, 5.40792, 291.858
2479, 7.66667e-13, 5.85261e-05, 0.000238013, 0, 0, 1.0501e-19, 0, 0, 0.000296539, 4.12618e-12, 0, 27.8967, 0.966614, 5.36957, 291.99
2480, 3.27888e-13, 7.76938e-05, 0.000222377, 0, 0, 4.20153e-20, 0, 0, 0.000300071, 1.74871e-12, 0, 28.7461, 0.96668, 5.36322, 292.076
2481, 1.44909e-13, 8.77873e-05, 0.000214801, 0, 0, 1.61331e-20, 0, 0, 0.000302588, 7.70515e-13, 0, 29.5627, 0.966746, 5.3723, 292.111
2482, 1.51953e-13, 8.06136e-05, 0.000223627, 0, 0, 1.46412e-20, 0, 0, 0.000304241, 8.09229e-13, 0, 29.5152, 0.966812, 5.36925, 292.103
2483, 1.53849e-13, 8.48066e-05, 0.000221684, 0, 0, 1.47565e-20, 0, 0, 0.00030649, 8.20631e-13, 0, 29.5028, 0.966878, 5.36428, 292.123
2484, 1.13657e-13, 0.000103508, 0.000205844, 0, 0, 1.13108e-20, 0, 0, 0.000309352, 6.06795e-13, 0, 29.8056, 0.966944, 5.36344, 292.172
2485, 1.44034e-13, 9.42724e-05, 0.000216362, 0, 0, 1.50429e-20, 0, 0, 0.000310634, 7.68302e-13, 0, 29.5687, 0.96701, 5.35835, 292.145
2486, 1.67811e-13, 8.23193e-05, 0.000229246, 0, 0, 1.77157e-20, 0, 0, 0.000311565, 8.94622e-13, 0, 29.4159, 0.967076, 5.3494, 292.101
2487, 9.91143e-14, 0.00010675, 0.000207471, 0, 0, 1.04625e-20, 0, 0, 0.00031422, 5.28226e-13, 0, 29.9425, 0.967142, 5.34132, 292.139
2488, 4.34421e-14, 0.00012983, 0.000187041, 0, 0, 4.59146e-21, 0, 0, 0.000316871, 2.31273e-13, 0, 30.7673, 0.967208, 5.33335, 292.175
2489, 5.92709e-14, 0.000116676, 0.000201184, 0, 0, 6.41639e-21, 0, 0, 0.00031786, 3.15185e-13, 0, 30.4567, 0.967274, 5.32486, 292.133
2490, 8.41712e-14, 9.59551e-05, 0.000222696, 0, 0, 9.17256e-21, 0, 0, 0.000318651, 4.47389e-13, 0, 30.1059, 0.96734, 5.31343, 292.082
2491, 6.36654e-14, 9.41871e-05, 0.000226276, 0, 0, 6.82748e-21, 0, 0, 0.000320463, 3.37895e-13, 0, 30.3851, 0.967406, 5.29422, 292.078
2492, 2.88796e-14, 0.000102431, 0.000220292, 0, 0, 2.947e-21, 0, 0, 0.000322723, 1.52724e-13, 0, 31.1756, 0.967472, 5.26554, 292.094
2493, 1.08621e-14, 0.000111962, 0.000213079, 0, 0, 1.01925e-21, 0, 0, 0.000325041, 5.70384e-14, 0, 32.1535, 0.967538, 5.20205, 292.113
2494, 6.62557e-15, 0.000136955, 0.000191497, 0, 0, 6.00401e-22, 0, 0, 0.000328452, 3.42417e-14, 0, 32.6478, 0.967604, 5.06426, 292.18
2495, 1.68094e-14, 0.000147851, 0.0001833, 0, 0, 1.64266e-21, 0, 0, 0.000331151, 8.62969e-14, 0, 31.7168, 0.96767, 4.93468, 292.213
2496, 5.5594e-14, 0.000117816, 0.000213687, 0, 0, 5.78625e-21, 0, 0, 0.000331504, 2.87962e-13, 0, 30.5207, 0.967736, 4.97778, 292.142
2497, 1.42593e-13, 8.80138e-05, 0.000243772, 0, 0, 1.5566e-20, 0, 0, 0.000331786, 7.43671e-13, 0, 29.5788, 0.967802, 5.11824, 292.067
2498, 2.65768e-13, 7.61413e-05, 0.000256694, 0, 0, 2.97981e-20, 0, 0, 0.000332835, 1.38958e-12, 0, 28.9562, 0.967867, 5.20407, 292.026
2499, 3.47891e-13, 6.97961e-05, 0.000264499, 0, 0, 3.94506e-20, 0, 0, 0.000334295, 1.81945e-12, 0, 28.6869, 0.967928, 5.23057, 292.004
2500, 3.66648e-13, 6.38944e-05, 0.000272123, 0, 0, 4.17017e-20, 0, 0, 0.000336017, 1.91619e-12, 0, 28.6344, 0.967974, 5.23451, 291.993
2501, 3.11321e-13, 6.89885e-05, 0.000269298, 0, 0, 3.52189e-20, 0, 0, 0.000338286, 1.62612e-12, 0, 28.798, 0.968, 5.23643, 292.005
2502, 1.68953e-13, 9.96075e-05, 0.000242164, 0, 0, 1.88718e-20, 0, 0, 0.000341771, 8.82724e-13, 0, 29.4092, 0.968011, 5.23629, 292.07
2503, 5.05858e-14, 0.000135862, 0.000209533, 0, 0, 5.54999e-21, 0, 0, 0.000345395, 2.64536e-13, 0, 30.6151, 0.968018, 5.22862, 292.14
2504, 9.40569e-15, 0.00014712, 0.000200413, 0, 0, 9.9643e-22, 0, 0, 0.000347532, 4.91668e-14, 0, 32.2975, 0.968024, 5.22022, 292.144
2505, 1.13106e-14, 0.0001578, 0.000192125, 0, 0, 1.22332e-21, 0, 0, 0.000349925, 5.86209e-14, 0, 32.113, 0.96803, 5.21713, 292.159
2506, 5.93434e-14, 0.000160126, 0.00019213, 0, 0, 6.54312e-21, 0, 0, 0.000352257, 3.0724e-13, 0, 30.4554, 0.968036, 5.21299, 292.171
2507, 1.61329e-13, 0.000123201, 0.000229291, 0, 0, 1.7834e-20, 0, 0, 0.000352492, 8.35478e-13, 0, 29.4553, 0.968042, 5.20164, 292.094
2508, 2.01214e-13, 9.6806e-05, 0.000256049, 0, 0, 2.22293e-20, 0, 0, 0.000352855, 1.04272e-12, 0, 29.2344, 0.968048, 5.19275, 292.023
2509, 1.16683e-13, 0.000112746, 0.000242362, 0, 0, 1.28115e-20, 0, 0, 0.000355108, 6.05234e-13, 0, 29.7793, 0.968054, 5.19101, 292.03
2510, 3.48514e-14, 0.000146807, 0.00021198, 0, 0, 3.73215e-21, 0, 0, 0.000358787, 1.80974e-13, 0, 30.9877, 0.96806, 5.18222, 292.097
2511, 7.6739e-15, 0.000176762, 0.000185477, 0, 0, 7.7122e-22, 0, 0, 0.000362239, 3.98471e-14, 0, 32.5009, 0.968066, 5.15855, 292.153
2512, 4.98229e-15, 0.000174591, 0.000188832, 0, 0, 4.75015e-22, 0, 0, 0.000363422, 2.55941e-14, 0, 32.9329, 0.968073, 5.1352, 292.115
2513, 1.23825e-14, 0.000154262, 0.000210056, 0, 0, 1.18307e-21, 0, 0, 0.000364318, 6.33739e-14, 0, 32.0225, 0.968078, 5.1239, 292.065
2514, 1.682e-14, 0.000165272, 0.000202746, 0, 0, 1.6103e-21, 0, 0, 0.000368018, 8.60653e-14, 0, 31.7162, 0.968084, 5.11719, 292.129
2515, 9.75739e-15, 0.000221343, 0.000152906, 0, 0, 9.34757e-22, 0, 0, 0.00037425, 4.99247e-14, 0, 32.2607, 0.96809, 5.11277, 292.293
2516, 2.39555e-15, 0.000266139, 0.000113085, 0, 0, 2.29413e-22, 0, 0, 0.000379224, 1.22574e-14, 0, 33.6652, 0.968096, 5.11391, 292.404
2517, 2.55448e-16, 0.000264187, 0.000116427, 0, 0, 2.4373e-23, 0, 0, 0.000380613, 1.30703e-15, 0, 35.9035, 0.968102, 5.11119, 292.372
2518, 9.34148e-17, 0.000229225, 0.000149591, 0, 0, 8.40911e-24, 0, 0, 0.000378816, 4.75299e-16, 0, 36.9095, 0.968108, 5.10015, 292.215
2519, 7.20777e-16, 0.000198507, 0.000179149, 0, 0, 6.50702e-23, 0, 0, 0.000377657, 3.66333e-15, 0, 34.8662, 0.968114, 5.0891, 292.083
2520, 3.00073e-15, 0.000171744, 0.000206147, 0, 0, 2.71635e-22, 0, 0, 0.000377891, 1.52475e-14, 0, 33.4399, 0.96812, 5.08084, 292.006
2521, 5.47735e-15, 0.000148387, 0.000230186, 0, 0, 4.95906e-22, 0, 0, 0.000378573, 2.78184e-14, 0, 32.8382, 0.968126, 5.06997, 291.946
2522, 4.3508e-15, 0.000162102, 0.000219234, 0, 0, 3.93336e-22, 0, 0, 0.000381336, 2.20798e-14, 0, 33.0684, 0.968132, 5.05057, 291.969
2523, 1.51245e-15, 0.000202027, 0.000184473, 0, 0, 1.36311e-22, 0, 0, 0.0003865, 7.66684e-15, 0, 34.125, 0.968138, 5.01318, 292.084
2524, 2.35552e-16, 0.000236322, 0.000155347, 0, 0, 2.1094e-23, 0, 0, 0.000391669, 1.19191e-15, 0, 35.9846, 0.968144, 4.93334, 292.197
2525, 1.81483e-17, 0.00024794, 0.000145644, 0, 0, 1.59757e-24, 0, 0, 0.000393585, 9.14884e-17, 0, 38.548, 0.96815, 4.79155, 292.184
2526, 9.36294e-19, 0.00025389, 0.00014121, 0, 0, 7.89064e-26, 0, 0, 0.0003951, 4.68213e-18, 0, 41.5124, 0.968156, 4.68792, 292.155
2527, 5.07955e-20, 0.000258171, 0.000139009, 0, 0, 3.9689e-27, 0, 0, 0.00039718, 2.50867e-19, 0, 44.4265, 0.968162, 4.75555, 292.148
2528, 6.54642e-21, 0.000254057, 0.000144466, 0, 0, 4.52298e-28, 0, 0, 0.000398522, 3.22367e-20, 0, 46.4754, 0.968168, 4.89004, 292.113
2529, 4.06556e-21, 0.000266654, 0.000135926, 0, 0, 2.69405e-28, 0, 0, 0.00040258, 2.02527e-20, 0, 46.9517, 0.968174, 4.96526, 292.179
2530, 1.88542e-21, 0.000299073, 0.000110773, 0, 0, 1.25012e-28, 0, 0, 0.000409846, 9.41811e-21, 0, 47.7201, 0.96818, 4.992, 292.361
2531, 3.92032e-22, 0.000332569, 8.5674e-05, 0, 0, 2.60059e-29, 0, 0, 0.000418243, 1.95996e-21, 0, 49.2907, 0.968186, 4.9992, 292.581
2532, 4.27306e-23, 0.000352982, 7.16563e-05, 0, 0, 2.85482e-30, 0, 0, 0.000424638, 2.13771e-22, 0, 51.5071, 0.968192, 4.9966, 292.723
2533, 4.06746e-23, 0.000338307, 8.55935e-05, 0, 0, 2.80369e-30, 0, 0, 0.000423901, 2.03736e-22, 0, 51.5564, 0.968198, 4.99277, 292.611
2534, 7.89249e-23, 0.00030694, 0.000112679, 0, 0, 5.44826e-30, 0, 0, 0.000419619, 3.95351e-22, 0, 50.8935, 0.968204, 4.99348, 292.373
2535, 6.61949e-23, 0.000316573, 0.000106716, 0, 0, 4.5693e-30, 0, 0, 0.000423289, 3.31567e-22, 0, 51.0694, 0.96821, 4.99072, 292.418
2536, 4.35867e-23, 0.000347207, 8.39847e-05, 0, 0, 2.97283e-30, 0, 0, 0.000431192, 2.17348e-22, 0, 51.4873, 0.968216, 4.98137, 292.612
2537, 4.93807e-22, 0.000334617, 9.52317e-05, 0, 0, 3.32146e-29, 0, 0, 0.000429849, 2.45e-21, 0, 49.0599, 0.968222, 4.97354, 292.479
2538, 5.14278e-21, 0.000301795, 0.000123123, 0, 0, 3.4522e-28, 0, 0, 0.000424918, 2.55137e-20, 0, 46.7167, 0.968228, 4.97091, 292.22
2539, 2.28826e-20, 0.000279489, 0.000144222, 0, 0, 1.5324e-27, 0, 0, 0.000423712, 1.13507e-19, 0, 45.2239, 0.968234, 4.96552, 292.091
2540, 4.27789e-20, 0.000267, 0.000157259, 0, 0, 2.85713e-27, 0, 0, 0.000424258, 2.12139e-19, 0, 44.5982, 0.96824, 4.95534, 292.025
2541, 3.35088e-20, 0.000298609, 0.000133156, 0, 0, 2.23152e-27, 0, 0, 0.000431765, 1.66099e-19, 0, 44.8425, 0.968246, 4.94862, 292.204
2542, 1.09847e-20, 0.000360652, 8.51946e-05, 0, 0, 7.29326e-28, 0, 0, 0.000445846, 5.44201e-20, 0, 45.9578, 0.968252, 4.9456, 292.604
2543, 1.50599e-21, 0.000404487, 5.32981e-05, 0, 0, 9.96866e-29, 0, 0, 0.000457786, 7.45618e-21, 0, 47.9448, 0.968258, 4.93851, 292.918
2544, 8.63265e-23, 0.000417051, 4.57245e-05, 0, 0, 5.69721e-30, 0, 0, 0.000462776, 4.27095e-22, 0, 50.8039, 0.968264, 4.92639, 292.998
2545, 2.06907e-24, 0.000400263, 5.98491e-05, 0, 0, 1.36162e-31, 0, 0, 0.000460112, 1.02286e-23, 0, 54.5349, 0.96827, 4.91754, 292.825
2546, 2.07367e-26, 0.000375029, 8.0374e-05, 0, 0, 1.36102e-33, 0, 0, 0.000455403, 1.02428e-25, 0, 59.1379, 0.968276, 4.90255, 292.584
2547, 8.69102e-29, 0.000387522, 7.36433e-05, 0, 0, 5.68985e-36, 0, 0, 0.000461165, 4.28923e-28, 0, 64.6127, 0.968282, 4.88155, 292.689
2548, 1.57776e-31, 0.000415577, 5.53644e-05, 0, 0, 1.00609e-38, 0, 0, 0.000470942, 7.77784e-31, 0, 70.9241, 0.968288, 4.87383, 292.922
2549, 9.75854e-34, 0.000406047, 6.37155e-05, 0, 0, 2.50945e-41, 0, 0, 0.000469762, 4.77747e-33, 0, 76.0098, 0.968294, 4.87822, 292.799
2550, 7.70151e-35, 0.000394956, 7.31006e-05, 0, 0, 1.88895e-42, 0, 0, 0.000468057, 3.75692e-34, 0, 78.5491, 0.9683, 4.87704, 292.659
2551, 1.21746e-31, 0.000411798, 6.26205e-05, 0, 0, 6.44065e-39, 0, 0, 0.000474419, 5.84078e-31, 0, 71.1834, 0.968306, 4.86615, 292.779
2552, 8.19852e-30, 0.000428123, 5.29658e-05, 0, 0, 4.33657e-37, 0, 0, 0.000481089, 3.92529e-29, 0, 66.9736, 0.968312, 4.8569, 292.906
2553, 2.4229e-28, 0.00042355, 5.8869e-05, 0, 0, 1.28176e-35, 0, 0, 0.000482419, 1.15933e-27, 0, 63.5874, 0.968318, 4.85385, 292.863
2554, 3.0099e-27, 0.000382536, 9.09771e-05, 0, 0, 1.5925e-34, 0, 0, 0.000473513, 1.43954e-26, 0, 61.0679, 0.968324, 4.84925, 292.495
2555, 1.56764e-26, 0.00033326, 0.000129542, 0, 0, 8.29568e-34, 0, 0, 0.000462802, 7.49528e-26, 0, 59.4176, 0.96833, 4.83805, 292.063
2556, 3.4169e-26, 0.000304287, 0.000153821, 0, 0, 1.80851e-33, 0, 0, 0.000458108, 1.63348e-25, 0, 58.6385, 0.968336, 4.82312, 291.825
2557, 3.11318e-26, 0.000302853, 0.000156537, 0, 0, 1.64799e-33, 0, 0, 0.00045939, 1.4883e-25, 0, 58.7316, 0.968342, 4.81261, 291.782
2558, 1.18508e-26, 0.000331458, 0.000135911, 0, 0, 6.27339e-34, 0, 0, 0.000467369, 5.66633e-26, 0, 59.6974, 0.968348, 4.80877, 291.958
2559, 1.88538e-27, 0.00038892, 9.54287e-05, 0, 0, 9.97849e-35, 0, 0, 0.000484349, 9.01742e-27, 0, 61.5357, 0.968354, 4.80023, 292.416
2560, 1.25549e-28, 0.000458464, 4.84322e-05, 0, 0, 6.64107e-36, 0, 0, 0.000506896, 6.00737e-28, 0, 64.2449, 0.96836, 4.77877, 293.025
2561, 3.51047e-30, 0.000503202, 1.9783e-05, 0, 0, 1.85489e-37, 0, 0, 0.000522985, 1.68068e-29, 0, 67.8218, 0.968366, 4.74481, 293.418
2562, 4.14277e-32, 0.000516542, 1.26749e-05, 0, 0, 2.18485e-39, 0, 0, 0.000529216, 1.98484e-31, 0, 72.2614, 0.968372, 4.68225, 293.515
2563, 2.08013e-34, 0.000517442, 1.38682e-05, 0, 0, 1.09343e-41, 0, 0, 0.00053131, 9.97474e-34, 0, 77.5555, 0.968378, 4.55616, 293.491
2564, 4.50249e-37, 0.000515739, 1.68604e-05, 0, 0, 1.96182e-44, 0, 0, 0.000532599, 2.16118e-36, 0, 83.691, 0.968384, 4.42908, 293.444
2565, 4.29609e-40, 0.000502471, 2.74913e-05, 0, 0, 0, 0, 0, 0.000529962, 2.06422e-39, 0, 90.6457, 0.96839, 4.45548, 293.283
2566, 1.87774e-43, 0.000472256, 4.92244e-05, 0, 0, 0, 0, 0, 0.00052148, 9.0664e-43, 0, 98.3811, 0.968396, 4.58692, 292.952
2567, 0, 0.000459535, 5.94703e-05, 0, 0, 0, 0, 0, 0.000519006, 0, 0, 99.99, 0.968402, 4.67877, 292.794
2568, 0, 0.000484297, 4.50473e-05, 0, 0, 0, 0, 0, 0.000529345, 0, 0, 99.99, 0.968408, 4.71458, 293.012
2569, 0, 0.000514523, 2.72077e-05, 0, 0, 0, 0, 0, 0.000541731, 0, 0, 99.99, 0.968414, 4.72027, 293.283
2570, 0, 0.000518467, 2.64416e-05, 0, 0, 0, 0, 0, 0.000544908, 0, 0, 99.99, 0.96842, 4.71527, 293.288
2571, 0, 0.000501399, 3.90888e-05, 0, 0, 0, 0, 0, 0.000540488, 0, 0, 99.99, 0.968426, 4.71634, 293.079
2572, 0, 0.00050102, 4.12379e-05, 0, 0, 0, 0, 0, 0.000542258, 0, 0, 99.99, 0.968432, 4.72149, 293.045
2573, 0, 0.000524717, 2.82116e-05, 0, 0, 0, 0, 0, 0.000552929, 0, 0, 99.99, 0.968438, 4.71949, 293.26
2574, 0, 0.000540167, 2.03181e-05, 0, 0, 0, 0, 0, 0.000560485, 0, 0, 99.99, 0.968444, 4.71326, 293.385
2575, 0, 0.000540329, 2.20291e-05, 0, 0, 0, 0, 0, 0.000562358, 0, 0, 99.99, 0.96845, 4.70846, 293.353
2576, 0, 0.000542474, 2.26853e-05, 0, 0, 0, 0, 0, 0.000565159, 0, 0, 99.99, 0.968456, 4.70491, 293.345
2577, 0, 0.000541719, 2.52508e-05, 0, 0, 0, 0, 0, 0.00056697, 0, 0, 99.99, 0.968462, 4.69782, 293.311
2578, 0, 0.000522519, 3.92644e-05, 0, 0, 0, 0, 0, 0.000561784, 0, 0, 99.99, 0.968468, 4.68995, 293.085
2579, 0, 0.000508938, 4.9681e-05, 0, 0, 0, 0, 0, 0.00055862, 0, 0, 99.99, 0.968474, 4.68661, 292.914
2580, 0, 0.00052568, 4.11005e-05, 0, 0, 0, 0, 0, 0.00056678, 0, 0, 99.99, 0.96848, 4.67853, 293.054
2581, 0, 0.000551895, 2.66542e-05, 0, 0, 0, 0, 0, 0.00057855, 0, 0, 99.99, 0.968486, 4.66142, 293.287
2582, 0, 0.000564697, 2.06136e-05, 0, 0, 0, 0, 0, 0.000585311, 0, 0, 99.99, 0.968492, 4.6469, 293.383
2583, 0, 0.000575351, 1.61117e-05, 0, 0, 0, 0, 0, 0.000591463, 0, 0, 99.99, 0.968498, 4.64076, 293.46
2584, 0, 0.000583989, 1.2866e-05, 0, 0, 0, 0, 0, 0.000596855, 0, 0, 99.99, 0.968504, 4.63193, 293.517
2585, 0, 0.000579454, 1.74765e-05, 0, 0, 0, 0, 0, 0.00059693, 0, 0, 99.99, 0.96851, 4.62491, 293.436
2586, 0, 0.000578, 2.02728e-05, 0, 0, 0, 0, 0, 0.000598273, 0, 0, 99.99, 0.968516, 4.62623, 293.387
2587, 0, 0.000589656, 1.52717e-05, 0, 0, 0, 0, 0, 0.000604927, 0, 0, 99.99, 0.968522, 4.62917, 293.474
2588, 0, 0.000597326, 1.26269e-05, 0, 0, 0, 0, 0, 0.000609953, 0, 0, 99.99, 0.968528, 4.62545, 293.519
2589, 0, 0.000593432, 1.69014e-05, 0, 0, 0, 0, 0, 0.000610333, 0, 0, 99.99, 0.968534, 4.61596, 293.445
2590, 0, 0.000581546, 2.59893e-05, 0, 0, 0, 0, 0, 0.000607536, 0, 0, 99.99, 0.96854, 4.60705, 293.291
2591, 0, 0.000576401, 3.10379e-05, 0, 0, 0, 0, 0, 0.00060744, 0, 0, 99.99, 0.968546, 4.60234, 293.205
2592, 0, 0.000590467, 2.46244e-05, 0, 0, 0, 0, 0, 0.000615092, 0, 0, 99.99, 0.968552, 4.60015, 293.316
2593, 0, 0.000611134, 1.43545e-05, 0, 0, 0, 0, 0, 0.000625488, 0, 0, 99.99, 0.968558, 4.59504, 293.492
2594, 0, 0.00062647, 7.36483e-06, 0, 0, 0, 0, 0, 0.000633835, 0, 0, 99.99, 0.968564, 4.5847, 293.615
2595, 0, 0.000634554, 4.66556e-06, 0, 0, 0, 0, 0, 0.000639219, 0, 0, 99.99, 0.96857, 4.5751, 293.663
2596, 0, 0.000633474, 7.25369e-06, 0, 0, 0, 0, 0, 0.000640728, 0, 0, 99.99, 0.968576, 4.57144, 293.617
2597, 0, 0.000623076, 1.53095e-05, 0, 0, 0, 0, 0, 0.000638386, 0, 0, 99.99, 0.968582, 4.56855, 293.477
2598, 0, 0.000604248, 2.84893e-05, 0, 0, 0, 0, 0, 0.000632738, 0, 0, 99.99, 0.968588, 4.56111, 293.256
2599, 0, 0.000588451, 3.99531e-05, 0, 0, 0, 0, 0, 0.000628405, 0, 0, 99.99, 0.968594, 4.55085, 293.066
2600, 0, 0.000594711, 3.82588e-05, 0, 0, 0, 0, 0, 0.00063297, 0, 0, 99.99, 0.9686, 4.54216, 293.095
2601, 0, 0.000617395, 2.68024e-05, 0, 0, 0, 0, 0, 0.000644197, 0, 0, 99.99, 0.968606, 4.53721, 293.286
2602, 0, 0.000634736, 1.85557e-05, 0, 0, 0, 0, 0, 0.000653291, 0, 0, 99.99, 0.968612, 4.53278, 293.421
2603, 0, 0.000645953, 1.40566e-05, 0, 0, 0, 0, 0, 0.000660009, 0, 0, 99.99, 0.968618, 4.52372, 293.498
2604, 0, 0.000657877, 9.24774e-06, 0, 0, 0, 0, 0, 0.000667125, 0, 0, 99.99, 0.968624, 4.51119, 293.582
2605, 0, 0.000665602, 6.86276e-06, 0, 0, 0, 0, 0, 0.000672465, 0, 0, 99.99, 0.96863, 4.50188, 293.624
2606, 0, 0.000667407, 7.85096e-06, 0, 0, 0, 0, 0, 0.000675258, 0, 0, 99.99, 0.968636, 4.49502, 293.606
2607, 0, 0.000665593, 1.09028e-05, 0, 0, 0, 0, 0, 0.000676496, 0, 0, 99.99, 0.968642, 4.48302, 293.552
2608, 0, 0.00066187, 1.50643e-05, 0, 0, 0, 0, 0, 0.000676934, 0, 0, 99.99, 0.968648, 4.46503, 293.479
2609, 0, 0.000659825, 1.82982e-05, 0, 0, 0, 0, 0, 0.000678123, 0, 0, 99.99, 0.968654, 4.43984, 293.424
2610, 0, 0.000657067, 2.19929e-05, 0, 0, 0, 0, 0, 0.00067906, 0, 0, 99.99, 0.96866, 4.39483, 293.363
2611, 0, 0.000651065, 2.75499e-05, 0, 0, 0, 0, 0, 0.000678614, 0, 0, 99.99, 0.968666, 4.29595, 293.27
2612, 0, 0.000657342, 2.60245e-05, 0, 0, 0, 0, 0, 0.000683366, 0, 0, 99.99, 0.968672, 4.15972, 293.297
2613, 0, 0.000670848, 2.03249e-05, 0, 0, 0, 0, 0, 0.000691173, 0, 0, 99.99, 0.968678, 4.13207, 293.392
2614, 0, 0.000676329, 1.92415e-05, 0, 0, 0, 0, 0, 0.000695571, 0, 0, 99.99, 0.968684, 4.24265, 293.409
2615, 0, 0.000682951, 1.7592e-05, 0, 0, 0, 0, 0, 0.000700543, 0, 0, 99.99, 0.96869, 4.34291, 293.438
2616, 0, 0.000697147, 1.17305e-05, 0, 0, 0, 0, 0, 0.000708878, 0, 0, 99.99, 0.968696, 4.38163, 293.541
2617, 0, 0.000707982, 7.7689e-06, 0, 0, 0, 0, 0, 0.000715751, 0, 0, 99.99, 0.968702, 4.39186, 293.61
2618, 0, 0.000708864, 9.33497e-06, 0, 0, 0, 0, 0, 0.000718198, 0, 0, 99.99, 0.968708, 4.39268, 293.581
2619, 0, 0.000708599, 1.15591e-05, 0, 0, 0, 0, 0, 0.000720158, 0, 0, 99.99, 0.968714, 4.38665, 293.542
2620, 0, 0.000712093, 1.17595e-05, 0, 0, 0, 0, 0, 0.000723853, 0, 0, 99.99, 0.96872, 4.37759, 293.54
2621, 0, 0.000705425, 1.76812e-05, 0, 0, 0, 0, 0, 0.000723106, 0, 0, 99.99, 0.968726, 4.36839, 293.441
2622, 0, 0.000682488, 3.28311e-05, 0, 0, 0, 0, 0, 0.000715319, 0, 0, 99.99, 0.968732, 4.35124, 293.19
2623, 0, 0.000661132, 4.72271e-05, 0, 0, 0, 0, 0, 0.000708359, 0, 0, 99.99, 0.968738, 4.30988, 292.955
2624, 0, 0.000659932, 5.01042e-05, 0, 0, 0, 0, 0, 0.000710036, 0, 0, 99.99, 0.968744, 4.21795, 292.91
2625, 0, 0.000682238, 3.9506e-05, 0, 0, 0, 0, 0, 0.000721744, 0, 0, 99.99, 0.96875, 4.07773, 293.084
2626, 0, 0.000713482, 2.3963e-05, 0, 0, 0, 0, 0, 0.000737445, 0, 0, 99.99, 0.968756, 4.01563, 293.34
2627, 0, 0.00072945, 1.70915e-05, 0, 0, 0, 0, 0, 0.000746542, 0, 0, 99.99, 0.968762, 4.11035, 293.451
2628, 0, 0.000729491, 1.91538e-05, 0, 0, 0, 0, 0, 0.000748645, 0, 0, 99.99, 0.968768, 4.22926, 293.413
2629, 0, 0.000737502, 1.6933e-05, 0, 0, 0, 0, 0, 0.000754435, 0, 0, 99.99, 0.968774, 4.28692, 293.453
2630, 0, 0.000753466, 1.03874e-05, 0, 0, 0, 0, 0, 0.000763853, 0, 0, 99.99, 0.96878, 4.30909, 293.567
2631, 0, 0.000759009, 9.50577e-06, 0, 0, 0, 0, 0, 0.000768515, 0, 0, 99.99, 0.968786, 4.32125, 293.581
2632, 0, 0.000754746, 1.39541e-05, 0, 0, 0, 0, 0, 0.0007687, 0, 0, 99.99, 0.968792, 4.32673, 293.503
2633, 0, 0.000753208, 1.70003e-05, 0, 0, 0, 0, 0, 0.000770209, 0, 0, 99.99, 0.968798, 4.3244, 293.452
2634, 0, 0.000745461, 2.36831e-05, 0, 0, 0, 0, 0, 0.000769144, 0, 0, 99.99, 0.968804, 4.31903, 293.349
2635, 0, 0.000715881, 4.27732e-05, 0, 0, 0, 0, 0, 0.000758654, 0, 0, 99.99, 0.96881, 4.31598, 293.051
2636, 0, 0.000679006, 6.63798e-05, 0, 0, 0, 0, 0, 0.000745386, 0, 0, 99.99, 0.968816, 4.31492, 292.693
2637, 0, 0.000654196, 8.34633e-05, 0, 0, 0, 0, 0, 0.000737659, 0, 0, 99.99, 0.968822, 4.31265, 292.448
2638, 0, 0.000650308, 8.8247e-05, 0, 0, 0, 0, 0, 0.000738555, 0, 0, 99.99, 0.968828, 4.30661, 292.386
2639, 0, 0.000665287, 8.16635e-05, 0, 0, 0, 0, 0, 0.00074695, 0, 0, 99.99, 0.968834, 4.29822, 292.482
2640, 0, 0.000693156, 6.7575e-05, 0, 0, 0, 0, 0, 0.000760731, 0, 0, 99.99, 0.96884, 4.29298, 292.688
2641, 0, 0.000731146, 4.78762e-05, 0, 0, 0, 0, 0, 0.000779022, 0, 0, 99.99, 0.968846, 4.29098, 292.981
2642, 0, 0.000751019, 3.87555e-05, 0, 0, 0, 0, 0, 0.000789775, 0, 0, 99.99, 0.968852, 4.28677, 293.116
2643, 0, 0.000740615, 4.68437e-05, 0, 0, 0, 0, 0, 0.000787458, 0, 0, 99.99, 0.968858, 4.28027, 292.989
2644, 0, 0.000738368, 5.03204e-05, 0, 0, 0, 0, 0, 0.000788689, 0, 0, 99.99, 0.968864, 4.27352, 292.932
2645, 0, 0.000762416, 3.91648e-05, 0, 0, 0, 0, 0, 0.000801581, 0, 0, 99.99, 0.96887, 4.26855, 293.107
2646, 0, 0.000778399, 3.26458e-05, 0, 0, 0, 0, 0, 0.000811045, 0, 0, 99.99, 0.968876, 4.26359, 293.212
2647, 0, 0.000755118, 4.8169e-05, 0, 0, 0, 0, 0, 0.000803287, 0, 0, 99.99, 0.968882, 4.257, 292.979
2648, 0, 0.000714211, 7.38028e-05, 0, 0, 0, 0, 0, 0.000788014, 0, 0, 99.99, 0.968888, 4.25183, 292.595
2649, 0, 0.000698144, 8.53245e-05, 0, 0, 0, 0, 0, 0.000783469, 0, 0, 99.99, 0.968894, 4.24699, 292.424
2650, 0, 0.000718128, 7.61487e-05, 0, 0, 0, 0, 0, 0.000794277, 0, 0, 99.99, 0.9689, 4.23991, 292.559
2651, 0, 0.000763504, 5.2846e-05, 0, 0, 0, 0, 0, 0.00081635, 0, 0, 99.99, 0.968906, 4.23, 292.911
2652, 0, 0.000809593, 2.95551e-05, 0, 0, 0, 0, 0, 0.000839148, 0, 0, 99.99, 0.968912, 4.22214, 293.266
2653, 0, 0.000826787, 2.22955e-05, 0, 0, 0, 0, 0, 0.000849083, 0, 0, 99.99, 0.968918, 4.21895, 293.372
2654, 0, 0.000824357, 2.5794e-05, 0, 0, 0, 0, 0, 0.000850151, 0, 0, 99.99, 0.968924, 4.21113, 293.311
2655, 0, 0.000828987, 2.56471e-05, 0, 0, 0, 0, 0, 0.000854634, 0, 0, 99.99, 0.96893, 4.20025, 293.314
2656, 0, 0.000830362, 2.72341e-05, 0, 0, 0, 0, 0, 0.000857596, 0, 0, 99.99, 0.968936, 4.19515, 293.289
2657, 0, 0.000822092, 3.394e-05, 0, 0, 0, 0, 0, 0.000856032, 0, 0, 99.99, 0.968942, 4.19316, 293.179
2658, 0, 0.000824857, 3.4818e-05, 0, 0, 0, 0, 0, 0.000859675, 0, 0, 99.99, 0.968948, 4.18856, 293.166
2659, 0, 0.000845699, 2.61711e-05, 0, 0, 0, 0, 0, 0.00087187, 0, 0, 99.99, 0.968954, 4.1815, 293.31
2660, 0, 0.000866374, 1.76044e-05, 0, 0, 0, 0, 0, 0.000883979, 0, 0, 99.99, 0.96896, 4.175, 293.449
2661, 0, 0.000873782, 1.59908e-05, 0, 0, 0, 0, 0, 0.000889773, 0, 0, 99.99, 0.968966, 4.17083, 293.472
2662, 0, 0.000877115, 1.65627e-05, 0, 0, 0, 0, 0, 0.000893678, 0, 0, 99.99, 0.968972, 4.16729, 293.462
2663, 0, 0.000883029, 1.5858e-05, 0, 0, 0, 0, 0, 0.000898887, 0, 0, 99.99, 0.968977, 4.16057, 293.474
2664, 0, 0.000896079, 1.15717e-05, 0, 0, 0, 0, 0, 0.00090765, 0, 0, 99.99, 0.968984, 4.15133, 293.549
2665, 0, 0.000911002, 6.36515e-06, 0, 0, 0, 0, 0, 0.000917367, 0, 0, 99.99, 0.96899, 4.14313, 293.638
2666, 0, 0.00091966, 4.33023e-06, 0, 0, 0, 0, 0, 0.00092399, 0, 0, 99.99, 0.968996, 4.13795, 293.673
2667, 0, 0.000923195, 4.87357e-06, 0, 0, 0, 0, 0, 0.000928069, 0, 0, 99.99, 0.969002, 4.13366, 293.663
2668, 0, 0.000924328, 6.61768e-06, 0, 0, 0, 0, 0, 0.000930946, 0, 0, 99.99, 0.969008, 4.12546, 293.633
2669, 0, 0.000928123, 7.06043e-06, 0, 0, 0, 0, 0, 0.000935183, 0, 0, 99.99, 0.969014, 4.1119, 293.625
2670, 0, 0.000935311, 5.84061e-06, 0, 0, 0, 0, 0, 0.000941152, 0, 0, 99.99, 0.96902, 4.09684, 293.647
2671, 0, 0.000937823, 6.92967e-06, 0, 0, 0, 0, 0, 0.000944753, 0, 0, 99.99, 0.969026, 4.0801, 293.628
2672, 0, 0.000935818, 1.02488e-05, 0, 0, 0, 0, 0, 0.000946067, 0, 0, 99.99, 0.969032, 4.05281, 293.57
2673, 0, 0.000936307, 1.23551e-05, 0, 0, 0, 0, 0, 0.000948661, 0, 0, 99.99, 0.969038, 3.99116, 293.534
2674, 0, 0.000940407, 1.26905e-05, 0, 0, 0, 0, 0, 0.000953098, 0, 0, 99.99, 0.969044, 3.87455, 293.529
2675, 0, 0.000949962, 1.03371e-05, 0, 0, 0, 0, 0, 0.000960299, 0, 0, 99.99, 0.96905, 3.78398, 293.57
2676, 0, 0.000961663, 6.94628e-06, 0, 0, 0, 0, 0, 0.000968609, 0, 0, 99.99, 0.969056, 3.83445, 293.628
2677, 0, 0.000969817, 5.31825e-06, 0, 0, 0, 0, 0, 0.000975135, 0, 0, 99.99, 0.969062, 3.94641, 293.656
2678, 0, 0.000973127, 6.06465e-06, 0, 0, 0, 0, 0, 0.000979191, 0, 0, 99.99, 0.969068, 4.01072, 293.643
2679, 0, 0.000974296, 7.86856e-06, 0, 0, 0, 0, 0, 0.000982164, 0, 0, 99.99, 0.969074, 4.03243, 293.612
2680, 0, 0.000970232, 1.22655e-05, 0, 0, 0, 0, 0, 0.000982497, 0, 0, 99.99, 0.96908, 4.03857, 293.538
2681, 0, 0.000960332, 1.95679e-05, 0, 0, 0, 0, 0, 0.0009799, 0, 0, 99.99, 0.969086, 4.04136, 293.416
2682, 0, 0.000960047, 2.21375e-05, 0, 0, 0, 0, 0, 0.000982185, 0, 0, 99.99, 0.969092, 4.04196, 293.374
2683, 0, 0.000974215, 1.75552e-05, 0, 0, 0, 0, 0, 0.00099177, 0, 0, 99.99, 0.969098, 4.04018, 293.45
2684, 0, 0.00098575, 1.42784e-05, 0, 0, 0, 0, 0, 0.00100003, 0, 0, 99.99, 0.969104, 4.03777, 293.504
2685, 0, 0.00098941, 1.49201e-05, 0, 0, 0, 0, 0, 0.00100433, 0, 0, 99.99, 0.96911, 4.03449, 293.494
2686, 0, 0.000991695, 1.62814e-05, 0, 0, 0, 0, 0, 0.00100798, 0, 0, 99.99, 0.969116, 4.03006, 293.473
2687, 0, 0.000988362, 2.03931e-05, 0, 0, 0, 0, 0, 0.00100875, 0, 0, 99.99, 0.969122, 4.02337, 293.406
2688, 0, 0.000983233, 2.53598e-05, 0, 0, 0, 0, 0, 0.00100859, 0, 0, 99.99, 0.969128, 4.01709, 293.324
2689, 0, 0.000979308, 2.97695e-05, 0, 0, 0, 0, 0, 0.00100908, 0, 0, 99.99, 0.969134, 4.01481, 293.252
2690, 0, 0.000971431, 3.61398e-05, 0, 0, 0, 0, 0, 0.00100757, 0, 0, 99.99, 0.96914, 4.01085, 293.149
2691, 0, 0.000974786, 3.69289e-05, 0, 0, 0, 0, 0, 0.00101171, 0, 0, 99.99, 0.969146, 4.00329, 293.136
2692, 0, 0.000995946, 2.89823e-05, 0, 0, 0, 0, 0, 0.00102493, 0, 0, 99.99, 0.969152, 3.99574, 293.266
2693, 0, 0.00102478, 1.74334e-05, 0, 0, 0, 0, 0, 0.00104221, 0, 0, 99.99, 0.969158, 3.99079, 293.456
2694, 0, 0.0010465, 9.44362e-06, 0, 0, 0, 0, 0, 0.00105594, 0, 0, 99.99, 0.969163, 3.98708, 293.588
2695, 0, 0.00105282, 8.86913e-06, 0, 0, 0, 0, 0, 0.00106169, 0, 0, 99.99, 0.96917, 3.98183, 293.597
2696, 0, 0.00104509, 1.50484e-05, 0, 0, 0, 0, 0, 0.00106014, 0, 0, 99.99, 0.969176, 3.97563, 293.494
2697, 0, 0.00102905, 2.52578e-05, 0, 0, 0, 0, 0, 0.00105431, 0, 0, 99.99, 0.969182, 3.97135, 293.326
2698, 0, 0.00101784, 3.32346e-05, 0, 0, 0, 0, 0, 0.00105108, 0, 0, 99.99, 0.969188, 3.96861, 293.198
2699, 0, 0.00101433, 3.75993e-05, 0, 0, 0, 0, 0, 0.00105192, 0, 0, 99.99, 0.969194, 3.96361, 293.132
2700, 0, 0.0010251, 3.4997e-05, 0, 0, 0, 0, 0, 0.0010601, 0, 0, 99.99, 0.9692, 3.95652, 293.178
2701, 0, 0.00104503, 2.78957e-05, 0, 0, 0, 0, 0, 0.00107293, 0, 0, 99.99, 0.969206, 3.94964, 293.294
2702, 0, 0.00104136, 3.23401e-05, 0, 0, 0, 0, 0, 0.0010737, 0, 0, 99.99, 0.969212, 3.94438, 293.227
2703, 0, 0.00101852, 4.62985e-05, 0, 0, 0, 0, 0, 0.00106482, 0, 0, 99.99, 0.969218, 3.9413, 293.014
2704, 0, 0.0010102, 5.31676e-05, 0, 0, 0, 0, 0, 0.00106337, 0, 0, 99.99, 0.969224, 3.93761, 292.913
2705, 0, 0.00102481, 4.85773e-05, 0, 0, 0, 0, 0, 0.00107338, 0, 0, 99.99, 0.96923, 3.93038, 292.986
2706, 0, 0.00104629, 4.05217e-05, 0, 0, 0, 0, 0, 0.00108681, 0, 0, 99.99, 0.969236, 3.92007, 293.108
2707, 0, 0.00107014, 3.14139e-05, 0, 0, 0, 0, 0, 0.00110156, 0, 0, 99.99, 0.969242, 3.91105, 293.248
2708, 0, 0.00109695, 2.1087e-05, 0, 0, 0, 0, 0, 0.00111804, 0, 0, 99.99, 0.969248, 3.90864, 293.41
2709, 0, 0.00112099, 1.22662e-05, 0, 0, 0, 0, 0, 0.00113326, 0, 0, 99.99, 0.969254, 3.90946, 293.551
2710, 0, 0.00113511, 8.21956e-06, 0, 0, 0, 0, 0, 0.00114333, 0, 0, 99.99, 0.96926, 3.90601, 293.616
2711, 0, 0.00113666, 1.01716e-05, 0, 0, 0, 0, 0, 0.00114683, 0, 0, 99.99, 0.969266, 3.89892, 293.587
2712, 0, 0.00112136, 2.0232e-05, 0, 0, 0, 0, 0, 0.0011416, 0, 0, 99.99, 0.969272, 3.89214, 293.435
2713, 0, 0.00109703, 3.47924e-05, 0, 0, 0, 0, 0, 0.00113182, 0, 0, 99.99, 0.969278, 3.88804, 293.217
2714, 0, 0.00107743, 4.73374e-05, 0, 0, 0, 0, 0, 0.00112477, 0, 0, 99.99, 0.969284, 3.88441, 293.037
2715, 0, 0.00106538, 5.62982e-05, 0, 0, 0, 0, 0, 0.00112168, 0, 0, 99.99, 0.96929, 3.87914, 292.915
2716, 0, 0.0010786, 5.26108e-05, 0, 0, 0, 0, 0, 0.00113121, 0, 0, 99.99, 0.969296, 3.87249, 292.974
2717, 0, 0.00111849, 3.56484e-05, 0, 0, 0, 0, 0, 0.00115414, 0, 0, 99.99, 0.969302, 3.86592, 293.221
2718, 0, 0.00115298, 2.14386e-05, 0, 0, 0, 0, 0, 0.00117442, 0, 0, 99.99, 0.969308, 3.86072, 293.426
2719, 0, 0.00117368, 1.41834e-05, 0, 0, 0, 0, 0, 0.00118786, 0, 0, 99.99, 0.969314, 3.85554, 293.533
2720, 0, 0.00119134, 8.54519e-06, 0, 0, 0, 0, 0, 0.00119988, 0, 0, 99.99, 0.96932, 3.84893, 293.619
2721, 0, 0.0011984, 7.96439e-06, 0, 0, 0, 0, 0, 0.00120636, 0, 0, 99.99, 0.969326, 3.84225, 293.629
2722, 0, 0.0011929, 1.33427e-05, 0, 0, 0, 0, 0, 0.00120624, 0, 0, 99.99, 0.969332, 3.83829, 293.55
2723, 0, 0.0011942, 1.54938e-05, 0, 0, 0, 0, 0, 0.0012097, 0, 0, 99.99, 0.969338, 3.83533, 293.518
2724, 0, 0.00120856, 1.14636e-05, 0, 0, 0, 0, 0, 0.00122003, 0, 0, 99.99, 0.969344, 3.83008, 293.579
2725, 0, 0.00121414, 1.17092e-05, 0, 0, 0, 0, 0, 0.00122585, 0, 0, 99.99, 0.96935, 3.82452, 293.579
2726, 0, 0.00119392, 2.45744e-05, 0, 0, 0, 0, 0, 0.0012185, 0, 0, 99.99, 0.969356, 3.82108, 293.403
2727, 0, 0.00115385, 4.75287e-05, 0, 0, 0, 0, 0, 0.00120138, 0, 0, 99.99, 0.969362, 3.81662, 293.095
2728, 0, 0.00111239, 7.18848e-05, 0, 0, 0, 0, 0, 0.00118428, 0, 0, 99.99, 0.969368, 3.81017, 292.784
2729, 0, 0.00108088, 9.17183e-05, 0, 0, 0, 0, 0, 0.00117259, 0, 0, 99.99, 0.969374, 3.80333, 292.546
2730, 0, 0.00107421, 9.8574e-05, 0, 0, 0, 0, 0, 0.00117278, 0, 0, 99.99, 0.96938, 3.79685, 292.471
2731, 0, 0.00109654, 8.99683e-05, 0, 0, 0, 0, 0, 0.00118651, 0, 0, 99.99, 0.969386, 3.79113, 292.582
2732, 0, 0.00112949, 7.57089e-05, 0, 0, 0, 0, 0, 0.0012052, 0, 0, 99.99, 0.969392, 3.78614, 292.759
2733, 0, 0.00116033, 6.27955e-05, 0, 0, 0, 0, 0, 0.00122312, 0, 0, 99.99, 0.969398, 3.78105, 292.922
2734, 0, 0.00120235, 4.45778e-05, 0, 0, 0, 0, 0, 0.00124693, 0, 0, 99.99, 0.969404, 3.77656, 293.159
2735, 0, 0.00123576, 3.08017e-05, 0, 0, 0, 0, 0, 0.00126656, 0, 0, 99.99, 0.96941, 3.77308, 293.337
2736, 0, 0.00123425, 3.44912e-05, 0, 0, 0, 0, 0, 0.00126874, 0, 0, 99.99, 0.969416, 3.76826, 293.288
2737, 0, 0.00123453, 3.73976e-05, 0, 0, 0, 0, 0, 0.00127192, 0, 0, 99.99, 0.969422, 3.76181, 293.252
2738, 0, 0.00126439, 2.5747e-05, 0, 0, 0, 0, 0, 0.00129014, 0, 0, 99.99, 0.969428, 3.75576, 293.407
2739, 0, 0.00129878, 1.19459e-05, 0, 0, 0, 0, 0, 0.00131072, 0, 0, 99.99, 0.969434, 3.75069, 293.59
2740, 0, 0.00131671, 6.24647e-06, 0, 0, 0, 0, 0, 0.00132295, 0, 0, 99.99, 0.969439, 3.74662, 293.665
2741, 0, 0.00132166, 6.89314e-06, 0, 0, 0, 0, 0, 0.00132856, 0, 0, 99.99, 0.969446, 3.74255, 293.657
2742, 0, 0.00131325, 1.41835e-05, 0, 0, 0, 0, 0, 0.00132743, 0, 0, 99.99, 0.969452, 3.73692, 293.566
2743, 0, 0.00128503, 3.14416e-05, 0, 0, 0, 0, 0, 0.00131647, 0, 0, 99.99, 0.969458, 3.72973, 293.353
2744, 0, 0.00126054, 4.69367e-05, 0, 0, 0, 0, 0, 0.00130747, 0, 0, 99.99, 0.969464, 3.72358, 293.163
2745, 0, 0.00126059, 5.02397e-05, 0, 0, 0, 0, 0, 0.00131083, 0, 0, 99.99, 0.96947, 3.7193, 293.129
2746, 0, 0.00125102, 5.87633e-05, 0, 0, 0, 0, 0, 0.00130979, 0, 0, 99.99, 0.969476, 3.71524, 293.039
2747, 0, 0.0012335, 7.12761e-05, 0, 0, 0, 0, 0, 0.00130478, 0, 0, 99.99, 0.969482, 3.70936, 292.899
2748, 0, 0.00124118, 7.05555e-05, 0, 0, 0, 0, 0, 0.00131174, 0, 0, 99.99, 0.969488, 3.70154, 292.909
2749, 0, 0.00125093, 6.88314e-05, 0, 0, 0, 0, 0, 0.00131976, 0, 0, 99.99, 0.969494, 3.69379, 292.933
2750, 0, 0.00125483, 7.02352e-05, 0, 0, 0, 0, 0, 0.00132506, 0, 0, 99.99, 0.9695, 3.68742, 292.922
2751, 0, 0.00128702, 5.69183e-05, 0, 0, 0, 0, 0, 0.00134394, 0, 0, 99.99, 0.969506, 3.68133, 293.077
2752, 0, 0.00132602, 4.00261e-05, 0, 0, 0, 0, 0, 0.00136604, 0, 0, 99.99, 0.969512, 3.67371, 293.269
2753, 0, 0.00134576, 3.31804e-05, 0, 0, 0, 0, 0, 0.00137894, 0, 0, 99.99, 0.969518, 3.66285, 293.346
2754, 0, 0.00137029, 2.42442e-05, 0, 0, 0, 0, 0, 0.00139453, 0, 0, 99.99, 0.969524, 3.6468, 293.455
2755, 0, 0.00139904, 1.32938e-05, 0, 0, 0, 0, 0, 0.00141234, 0, 0, 99.99, 0.96953, 3.6218, 293.588
2756, 0, 0.00140773, 1.228e-05, 0, 0, 0, 0, 0, 0.00142001, 0, 0, 99.99, 0.969536, 3.57219, 293.601
2757, 0, 0.00139335, 2.27998e-05, 0, 0, 0, 0, 0, 0.00141615, 0, 0, 99.99, 0.969542, 3.47644, 293.479
2758, 0, 0.00136615, 4.00023e-05, 0, 0, 0, 0, 0, 0.00140615, 0, 0, 99.99, 0.969548, 3.38876, 293.286
2759, 0, 0.00134631, 5.35743e-05, 0, 0, 0, 0, 0, 0.00139989, 0, 0, 99.99, 0.969554, 3.41666, 293.136
2760, 0, 0.00135442, 5.28169e-05, 0, 0, 0, 0, 0, 0.00140724, 0, 0, 99.99, 0.96956, 3.51315, 293.146
2761, 0, 0.00138569, 4.03025e-05, 0, 0, 0, 0, 0, 0.001426, 0, 0, 99.99, 0.969566, 3.57544, 293.288
2762, 0, 0.00142338, 2.46611e-05, 0, 0, 0, 0, 0, 0.00144804, 0, 0, 99.99, 0.969572, 3.59835, 293.465
2763, 0, 0.00144568, 1.68481e-05, 0, 0, 0, 0, 0, 0.00146253, 0, 0, 99.99, 0.969578, 3.60607, 293.553
2764, 0, 0.0014467, 1.97724e-05, 0, 0, 0, 0, 0, 0.00146647, 0, 0, 99.99, 0.969584, 3.6091, 293.522
2765, 0, 0.00144228, 2.54389e-05, 0, 0, 0, 0, 0, 0.00146772, 0, 0, 99.99, 0.96959, 3.60913, 293.459
2766, 0, 0.0014515, 2.42687e-05, 0, 0, 0, 0, 0, 0.00147577, 0, 0, 99.99, 0.969596, 3.60738, 293.474
2767, 0, 0.00146473, 2.11102e-05, 0, 0, 0, 0, 0, 0.00148584, 0, 0, 99.99, 0.969602, 3.60432, 293.51
2768, 0, 0.00146586, 2.40795e-05, 0, 0, 0, 0, 0, 0.00148994, 0, 0, 99.99, 0.969608, 3.60102, 293.48
2769, 0, 0.00145865, 3.12521e-05, 0, 0, 0, 0, 0, 0.00148991, 0, 0, 99.99, 0.969614, 3.59815, 293.403
2770, 0, 0.00146662, 3.07553e-05, 0, 0, 0, 0, 0, 0.00149737, 0, 0, 99.99, 0.96962, 3.59401, 293.41
2771, 0, 0.00148243, 2.6339e-05, 0, 0, 0, 0, 0, 0.00150877, 0, 0, 99.99, 0.969626, 3.58854, 293.46
2772, 0, 0.00147658, 3.31412e-05, 0, 0, 0, 0, 0, 0.00150972, 0, 0, 99.99, 0.969632, 3.58427, 293.394
2773, 0, 0.00144078, 5.56635e-05, 0, 0, 0, 0, 0, 0.00149645, 0, 0, 99.99, 0.969638, 3.58142, 293.172
2774, 0, 0.00140434, 7.87533e-05, 0, 0, 0, 0, 0, 0.00148309, 0, 0, 99.99, 0.969644, 3.57758, 292.948
2775, 0, 0.00141211, 7.85111e-05, 0, 0, 0, 0, 0, 0.00149062, 0, 0, 99.99, 0.96965, 3.57238, 292.956
2776, 0, 0.00145714, 5.837e-05, 0, 0, 0, 0, 0, 0.0015155, 0, 0, 99.99, 0.969656, 3.56737, 293.154
2777, 0, 0.00150029, 3.93464e-05, 0, 0, 0, 0, 0, 0.00153964, 0, 0, 99.99, 0.969662, 3.56307, 293.341
2778, 0, 0.00151945, 3.30758e-05, 0, 0, 0, 0, 0, 0.00155253, 0, 0, 99.99, 0.969668, 3.55943, 293.404
2779, 0, 0.00151239, 4.05797e-05, 0, 0, 0, 0, 0, 0.00155297, 0, 0, 99.99, 0.969674, 3.55568, 293.333
2780, 0, 0.00150663, 4.74194e-05, 0, 0, 0, 0, 0, 0.00155405, 0, 0, 99.99, 0.96968, 3.5509, 293.269
2781, 0, 0.00152434, 4.19443e-05, 0, 0, 0, 0, 0, 0.00156629, 0, 0, 99.99, 0.969685, 3.54519, 293.323
2782, 0, 0.00153505, 4.01945e-05, 0, 0, 0, 0, 0, 0.00157525, 0, 0, 99.99, 0.969692, 3.53978, 293.343
2783, 0, 0.00151397, 5.54839e-05, 0, 0, 0, 0, 0, 0.00156946, 0, 0, 99.99, 0.969698, 3.5356, 293.206
2784, 0, 0.0014808, 7.72684e-05, 0, 0, 0, 0, 0, 0.00155807, 0, 0, 99.99, 0.969704, 3.53217, 293.01
2785, 0, 0.00149455, 7.38217e-05, 0, 0, 0, 0, 0, 0.00156837, 0, 0, 99.99, 0.96971, 3.52811, 293.044
2786, 0, 0.00155479, 4.5756e-05, 0, 0, 0, 0, 0, 0.00160055, 0, 0, 99.99, 0.969716, 3.52258, 293.306
2787, 2.21405e-43, 0.0016025, 2.46414e-05, 0, 0, 0, 0, 0, 0.00162714, 7.16064e-43, 0, 98.2163, 0.969722, 3.51642, 293.506
2788, 1.15635e-41, 0.00160526, 2.71766e-05, 0, 0, 0, 0, 0, 0.00163244, 3.71835e-41, 0, 94.2607, 0.969728, 3.51123, 293.484
2789, 2.44657e-40, 0.00157022, 4.95932e-05, 0, 0, 0, 0, 0, 0.00161982, 7.83268e-40, 0, 91.2087, 0.969734, 3.50722, 293.28
2790, 2.23433e-39, 0.00153332, 7.35151e-05, 0, 0, 0, 0, 0, 0.00160683, 7.14515e-39, 0, 88.9969, 0.96974, 3.50304, 293.07
2791, 1.1887e-38, 0.00149737, 9.79891e-05, 0, 0, 0, 0, 0, 0.00159536, 3.88448e-38, 0, 87.3254, 0.969746, 3.49815, 292.876
2792, 7.4816e-38, 0.00146534, 0.000120412, 0, 0, 0, 0, 0, 0.00158575, 2.54463e-37, 0, 85.4858, 0.969752, 3.49292, 292.7
2793, 3.93208e-37, 0.00146943, 0.000122467, 0, 0, 0, 0, 0, 0.0015919, 1.35251e-36, 0, 83.8265, 0.969758, 3.48757, 292.69
2794, 1.09274e-36, 0.00147414, 0.000124381, 0, 0, 0, 0, 0, 0.00159852, 3.757e-36, 0, 82.8044, 0.969764, 3.48334, 292.684
2795, 2.10783e-35, 0.00147689, 0.000127383, 0, 0, 9.10844e-44, 0, 0, 0.00160427, 7.12422e-35, 0, 79.8448, 0.96977, 3.48004, 292.668
2796, 7.42282e-34, 0.00149206, 0.00012324, 0, 0, 3.40936e-42, 0, 0, 0.0016153, 2.50707e-33, 0, 76.2833, 0.969776, 3.4759, 292.708
2797, 1.14403e-32, 0.0015144, 0.000114876, 0, 0, 5.29467e-41, 0, 0, 0.00162927, 3.86444e-32, 0, 73.5482, 0.969782, 3.47112, 292.776
2798, 7.29642e-32, 0.00150979, 0.000122206, 0, 0, 3.3927e-40, 0, 0, 0.001632, 2.46507e-31, 0, 71.6953, 0.969788, 3.46638, 292.729
2799, 1.92414e-31, 0.00145806, 0.000157038, 0, 0, 8.97281e-40, 0, 0, 0.00161509, 6.50191e-31, 0, 70.7257, 0.969794, 3.46185, 292.481
2800, 2.09779e-31, 0.00146273, 0.000158872, 0, 0, 9.79459e-40, 0, 0, 0.0016216, 7.09027e-31, 0, 70.6393, 0.9698, 3.45723, 292.473
2801, 9.45467e-32, 0.00155386, 0.000110796, 0, 0, 4.41283e-40, 0, 0, 0.00166466, 3.19638e-31, 0, 71.4362, 0.969806, 3.45182, 292.835
2802, 1.76144e-32, 0.00165395, 5.92411e-05, 0, 0, 8.20558e-41, 0, 0, 0.00171319, 5.95668e-32, 0, 73.1166, 0.969812, 3.44668, 293.241
2803, 1.35657e-33, 0.00171801, 2.88383e-05, 0, 0, 6.29744e-42, 0, 0, 0.00174684, 4.58895e-33, 0, 75.6804, 0.969818, 3.44274, 293.492
2804, 4.32013e-35, 0.00173545, 2.36382e-05, 0, 0, 1.98984e-43, 0, 0, 0.00175909, 1.4619e-34, 0, 79.1272, 0.969824, 3.43875, 293.535
2805, 1.03564e-34, 0.0017213, 3.51529e-05, 0, 0, 4.48416e-43, 0, 0, 0.00175645, 3.51089e-34, 0, 78.2529, 0.96983, 3.43436, 293.435
2806, 5.58924e-33, 0.00169501, 5.34012e-05, 0, 0, 2.39062e-41, 0, 0, 0.00174841, 1.89528e-32, 0, 74.2645, 0.969836, 3.42961, 293.283
2807, 2.37347e-28, 0.00166214, 7.57008e-05, 0, 0, 2.48743e-36, 0, 0, 0.00173784, 7.98528e-28, 0, 63.608, 0.969842, 3.42476, 293.107
2808, 1.56494e-26, 0.0016283, 9.9444e-05, 0, 0, 1.60955e-34, 0, 0, 0.00172775, 5.25674e-26, 0, 59.4194, 0.969848, 3.42063, 292.935
2809, 4.71063e-25, 0.00156951, 0.000138986, 0, 0, 4.87989e-33, 0, 0, 0.0017085, 1.58267e-24, 0, 56.0148, 0.969854, 3.41621, 292.673
2810, 5.87308e-24, 0.0014886, 0.000192077, 0, 0, 6.12124e-32, 0, 0, 0.00168067, 1.97352e-23, 0, 53.4917, 0.96986, 3.41085, 292.324
2811, 3.03357e-23, 0.00143597, 0.000229566, 0, 0, 3.17775e-31, 0, 0, 0.00166553, 1.01946e-22, 0, 51.8497, 0.969866, 3.40553, 292.099
2812, 6.48921e-23, 0.00140742, 0.000253222, 0, 0, 6.82525e-31, 0, 0, 0.00166065, 2.18083e-22, 0, 51.0893, 0.969872, 3.40115, 291.976
2813, 5.74729e-23, 0.00146921, 0.000220834, 0, 0, 6.06387e-31, 0, 0, 0.00169004, 1.93147e-22, 0, 51.2107, 0.969878, 3.39726, 292.194
2814, 2.10698e-23, 0.00160598, 0.000143102, 0, 0, 2.22812e-31, 0, 0, 0.00174908, 7.08046e-23, 0, 52.2142, 0.969884, 3.39288, 292.694
2815, 3.19653e-24, 0.00167277, 0.000107958, 0, 0, 3.38543e-32, 0, 0, 0.00178072, 1.07409e-23, 0, 54.1, 0.96989, 3.38837, 292.921
2816, 2.00667e-25, 0.00162824, 0.000138484, 0, 0, 2.12699e-33, 0, 0, 0.00176673, 6.74198e-25, 0, 56.8682, 0.969896, 3.38406, 292.714
2817, 5.21386e-27, 0.00157907, 0.000172168, 0, 0, 5.52745e-35, 0, 0, 0.00175124, 1.75151e-26, 0, 60.5185, 0.969902, 3.37984, 292.492
2818, 1.37816e-27, 0.0016304, 0.000147289, 0, 0, 1.92852e-35, 0, 0, 0.00177769, 4.61183e-27, 0, 61.849, 0.969908, 3.37554, 292.669
2819, 1.48541e-24, 0.00172384, 9.77663e-05, 0, 0, 2.32994e-32, 0, 0, 0.00182161, 4.96069e-24, 0, 54.8664, 0.969914, 3.3711, 293.005
2820, 7.40439e-23, 0.0017787, 7.11182e-05, 0, 0, 1.16192e-30, 0, 0, 0.00184982, 2.47283e-22, 0, 50.9574, 0.96992, 3.36634, 293.19
2821, 1.52566e-21, 0.00179137, 6.95718e-05, 0, 0, 2.39346e-29, 0, 0, 0.00186095, 5.09538e-21, 0, 47.9319, 0.969926, 3.36149, 293.217
2822, 1.30141e-20, 0.00171669, 0.000120659, 0, 0, 2.0405e-28, 0, 0, 0.00183735, 4.34653e-20, 0, 45.7883, 0.969932, 3.35722, 292.928
2823, 4.67983e-20, 0.00153879, 0.00023505, 0, 0, 7.34618e-28, 0, 0, 0.00177384, 1.56295e-19, 0, 44.5084, 0.969938, 3.35369, 292.263
2824, 8.05491e-20, 0.00140107, 0.000324418, 0, 0, 1.28461e-27, 0, 0, 0.00172549, 2.68908e-19, 0, 43.9654, 0.969944, 3.35008, 291.727
2825, 1.16498e-19, 0.00137796, 0.000342824, 0, 0, 2.01316e-27, 0, 0, 0.00172078, 3.88253e-19, 0, 43.5964, 0.96995, 3.34539, 291.608
2826, 5.01599e-19, 0.00140845, 0.000329541, 0, 0, 1.17914e-26, 0, 0, 0.00173799, 1.66386e-18, 0, 42.1365, 0.969956, 3.33985, 291.7
2827, 6.8074e-18, 0.0014891, 0.000285818, 0, 0, 1.75637e-25, 0, 0, 0.00177492, 2.25283e-17, 0, 39.5285, 0.969962, 3.33479, 291.979
2828, 5.33966e-17, 0.00149481, 0.000290315, 0, 0, 1.35605e-24, 0, 0, 0.00178512, 1.76526e-16, 0, 37.4688, 0.969968, 3.33035, 292.001
2829, 1.79874e-16, 0.00135245, 0.00039025, 0, 0, 4.41595e-24, 0, 0, 0.0017427, 5.93911e-16, 0, 36.2543, 0.969974, 3.32623, 291.525
2830, 2.58383e-16, 0.00126543, 0.000454595, 0, 0, 6.03401e-24, 0, 0, 0.00172002, 8.51757e-16, 0, 35.8921, 0.96998, 3.32263, 291.233
2831, 1.60274e-16, 0.00138667, 0.000380976, 0, 0, 3.4905e-24, 0, 0, 0.00176765, 5.27277e-16, 0, 36.3696, 0.969986, 3.31864, 291.616
2832, 4.37254e-17, 0.00161785, 0.000234956, 0, 0, 8.69325e-25, 0, 0, 0.00185281, 1.43515e-16, 0, 37.6686, 0.969992, 3.31372, 292.331
2833, 5.35672e-18, 0.00178354, 0.00013466, 0, 0, 9.57827e-26, 0, 0, 0.0019182, 1.75404e-17, 0, 39.7682, 0.969998, 3.30883, 292.842
2834, 2.997e-19, 0.00186949, 8.83872e-05, 0, 0, 4.83891e-27, 0, 0, 0.00195788, 9.79451e-19, 0, 42.6515, 0.970004, 3.3049, 293.115
2835, 7.70004e-21, 0.0018862, 8.3707e-05, 0, 0, 1.15651e-28, 0, 0, 0.00196991, 2.51354e-20, 0, 46.3131, 0.97001, 3.30093, 293.145
2836, 9.18725e-23, 0.0018578, 0.00010466, 0, 0, 1.35513e-30, 0, 0, 0.00196246, 2.99788e-22, 0, 50.7416, 0.970016, 3.29645, 293.008
2837, 5.98179e-23, 0.00185841, 0.000109404, 0, 0, 1.28229e-30, 0, 0, 0.00196781, 1.9422e-22, 0, 51.1707, 0.970022, 3.2919, 292.98
2838, 4.90149e-21, 0.00187258, 0.000107679, 0, 0, 9.19962e-29, 0, 0, 0.00198026, 1.59359e-20, 0, 46.7647, 0.970028, 3.28731, 293.013
2839, 5.6894e-19, 0.00180016, 0.000157867, 0, 0, 9.04522e-27, 0, 0, 0.00195803, 1.84388e-18, 0, 42.0105, 0.970034, 3.28295, 292.749
2840, 2.60941e-17, 0.00166819, 0.000243766, 0, 0, 4.45689e-25, 0, 0, 0.00191196, 8.45073e-17, 0, 38.1848, 0.97004, 3.27836, 292.274
2841, 5.81794e-16, 0.00160585, 0.000288236, 0, 0, 1.06259e-23, 0, 0, 0.00189408, 1.87998e-15, 0, 35.0804, 0.970046, 3.27369, 292.042
2842, 6.53927e-15, 0.00154999, 0.0003337, 0, 0, 1.27505e-22, 0, 0, 0.00188369, 2.10848e-14, 0, 32.6609, 0.970052, 3.26979, 291.877
2843, 3.6133e-14, 0.00139419, 0.000449454, 0, 0, 7.36519e-22, 0, 0, 0.00184364, 1.1634e-13, 0, 30.9516, 0.970058, 3.26607, 291.442
2844, 9.27791e-14, 0.00125774, 0.000552623, 0, 0, 1.93366e-21, 0, 0, 0.00181036, 2.98554e-13, 0, 30.0086, 0.970064, 3.26196, 291.064
2845, 1.05465e-13, 0.00131497, 0.000518445, 0, 0, 2.21466e-21, 0, 0, 0.00183342, 3.39366e-13, 0, 29.8804, 0.97007, 3.25761, 291.203
2846, 5.15569e-14, 0.00151432, 0.000383861, 0, 0, 1.08188e-21, 0, 0, 0.00189818, 1.65944e-13, 0, 30.5961, 0.970076, 3.25266, 291.713
2847, 1.06785e-14, 0.00168614, 0.000272298, 0, 0, 2.22903e-22, 0, 0, 0.00195844, 3.43846e-14, 0, 32.1705, 0.970082, 3.2479, 292.167
2848, 9.30248e-16, 0.00180098, 0.000204794, 0, 0, 1.92627e-23, 0, 0, 0.00200578, 2.9968e-15, 0, 34.6111, 0.970088, 3.24409, 292.498
2849, 3.47935e-17, 0.00184744, 0.000184064, 0, 0, 7.12998e-25, 0, 0, 0.0020315, 1.12147e-16, 0, 37.8971, 0.970094, 3.23998, 292.641
2850, 3.99159e-18, 0.00175521, 0.00025087, 0, 0, 8.05118e-26, 0, 0, 0.00200607, 1.28798e-17, 0, 40.0623, 0.9701, 3.23507, 292.355
2851, 5.94068e-18, 0.0016332, 0.00033391, 0, 0, 1.20309e-25, 0, 0, 0.00196711, 1.91706e-17, 0, 39.6647, 0.970106, 3.23054, 291.951
2852, 4.20666e-18, 0.00169496, 0.000298741, 0, 0, 8.55537e-26, 0, 0, 0.0019937, 1.35746e-17, 0, 40.0099, 0.970112, 3.22655, 292.105
2853, 1.23577e-18, 0.0018775, 0.000189402, 0, 0, 2.52247e-26, 0, 0, 0.0020669, 3.98759e-18, 0, 41.2348, 0.970118, 3.22198, 292.643
2854, 1.74513e-19, 0.00201297, 0.000112545, 0, 0, 3.45644e-27, 0, 0, 0.00212551, 5.62268e-19, 0, 43.1923, 0.970124, 3.21684, 293.046
2855, 6.46999e-19, 0.00202525, 0.000111905, 0, 0, 1.03274e-26, 0, 0, 0.00213716, 2.06542e-18, 0, 41.8819, 0.97013, 3.2119, 293.066
2856, 7.56558e-18, 0.0018986, 0.000196851, 0, 0, 1.23947e-25, 0, 0, 0.00209545, 2.41449e-17, 0, 39.4229, 0.970136, 3.20761, 292.658
2857, 3.97886e-17, 0.00170563, 0.000325431, 0, 0, 6.74733e-25, 0, 0, 0.00203106, 1.26962e-16, 0, 37.763, 0.970142, 3.20394, 292.056
2858, 9.76119e-17, 0.00158264, 0.000411329, 0, 0, 1.7209e-24, 0, 0, 0.00199397, 3.11286e-16, 0, 36.8655, 0.970148, 3.20022, 291.671
2859, 4.15426e-16, 0.00162742, 0.000387495, 0, 0, 7.90639e-24, 0, 0, 0.00201491, 1.3179e-15, 0, 35.4172, 0.970154, 3.19579, 291.775
2860, 7.83828e-15, 0.0017347, 0.000322923, 0, 0, 1.52677e-22, 0, 0, 0.00205762, 2.48267e-14, 0, 32.4798, 0.97016, 3.19067, 292.058
2861, 8.15704e-14, 0.0016859, 0.000364054, 0, 0, 1.61013e-21, 0, 0, 0.00204995, 2.583e-13, 0, 30.1373, 0.970166, 3.18538, 291.922
2862, 3.63658e-13, 0.00150268, 0.000498442, 0, 0, 7.26827e-21, 0, 0, 0.00200112, 1.15122e-12, 0, 28.6426, 0.970172, 3.18029, 291.442
2863, 6.89135e-13, 0.00138312, 0.000590226, 0, 0, 1.39059e-20, 0, 0, 0.00197334, 2.18081e-12, 0, 28.0033, 0.970178, 3.17564, 291.134
2864, 5.74647e-13, 0.00139559, 0.000587877, 0, 0, 1.16534e-20, 0, 0, 0.00198346, 1.81771e-12, 0, 28.185, 0.970184, 3.17077, 291.148
2865, 2.57452e-13, 0.00144955, 0.000556282, 0, 0, 5.22163e-21, 0, 0, 0.00200583, 8.13819e-13, 0, 28.9879, 0.97019, 3.16489, 291.265
2866, 9.81894e-14, 0.00157197, 0.000479139, 0, 0, 2.00817e-21, 0, 0, 0.00205111, 3.10154e-13, 0, 29.9519, 0.970196, 3.15782, 291.57
2867, 3.03353e-14, 0.00171459, 0.000386061, 0, 0, 6.33147e-22, 0, 0, 0.00210065, 9.57917e-14, 0, 31.1265, 0.970202, 3.14976, 291.903
2868, 4.85195e-15, 0.00174745, 0.000365805, 0, 0, 1.03286e-22, 0, 0, 0.00211325, 1.53197e-14, 0, 32.9594, 0.970208, 3.14016, 291.932
2869, 3.45052e-16, 0.00173023, 0.000381346, 0, 0, 7.4719e-24, 0, 0, 0.00211158, 1.08915e-15, 0, 35.6028, 0.970214, 3.12649, 291.847
2870, 6.75182e-17, 0.00174365, 0.000379409, 0, 0, 1.78968e-24, 0, 0, 0.00212306, 2.07399e-16, 0, 37.2341, 0.97022, 3.10256, 291.867
2871, 2.34466e-15, 0.00185695, 0.000313816, 0, 0, 6.47036e-23, 0, 0, 0.00217077, 7.15783e-15, 0, 33.6866, 0.970226, 3.05114, 292.173
2872, 4.55968e-14, 0.00197365, 0.00024643, 0, 0, 1.24012e-21, 0, 0, 0.00222008, 1.39302e-13, 0, 30.7189, 0.970232, 2.96399, 292.484
2873, 3.88632e-13, 0.0019, 0.000305106, 0, 0, 1.03252e-20, 0, 0, 0.0022051, 1.18817e-12, 0, 28.5761, 0.970238, 2.91114, 292.296
2874, 1.49039e-12, 0.00162791, 0.000500572, 0, 0, 3.83822e-20, 0, 0, 0.00212848, 4.55993e-12, 0, 27.232, 0.970244, 2.96002, 291.622
2875, 2.67443e-12, 0.00137688, 0.000684735, 0, 0, 6.64486e-20, 0, 0, 0.00206161, 8.18824e-12, 0, 26.6473, 0.97025, 3.03789, 291.009
2876, 2.33628e-12, 0.00136004, 0.000703407, 0, 0, 5.612e-20, 0, 0, 0.00206345, 7.15728e-12, 0, 26.7825, 0.970256, 3.07894, 290.952
2877, 1.0485e-12, 0.00155139, 0.000573527, 0, 0, 2.4946e-20, 0, 0, 0.00212492, 3.21482e-12, 0, 27.5837, 0.970262, 3.09382, 291.378
2878, 5.54058e-13, 0.00168273, 0.000486117, 0, 0, 1.60172e-20, 0, 0, 0.00216885, 1.70888e-12, 0, 28.2215, 0.970268, 3.09913, 291.654
2879, 1.23008e-12, 0.00160778, 0.000545276, 0, 0, 3.90852e-20, 0, 0, 0.00215305, 3.80626e-12, 0, 27.4239, 0.970274, 3.10043, 291.458
2880, 1.91396e-12, 0.00150384, 0.000626978, 0, 0, 5.90972e-20, 0, 0, 0.00213082, 5.91994e-12, 0, 26.9818, 0.97028, 3.09964, 291.21
2881, 1.57756e-12, 0.00149309, 0.000642524, 0, 0, 4.5072e-20, 0, 0, 0.00213561, 4.87015e-12, 0, 27.1751, 0.970286, 3.0967, 291.177
2882, 1.01342e-12, 0.00150532, 0.000640838, 0, 0, 2.49769e-20, 0, 0, 0.00214616, 3.11574e-12, 0, 27.6177, 0.970292, 3.09238, 291.189
2883, 6.65444e-13, 0.00156858, 0.000602623, 0, 0, 1.50534e-20, 0, 0, 0.0021712, 2.04177e-12, 0, 28.0383, 0.970298, 3.09, 291.314
2884, 6.96907e-13, 0.00169212, 0.000522692, 0, 0, 1.8238e-20, 0, 0, 0.00221481, 2.14267e-12, 0, 27.9921, 0.970304, 3.08906, 291.581
2885, 1.40786e-12, 0.00168574, 0.000534686, 0, 0, 3.90887e-20, 0, 0, 0.00222043, 4.33216e-12, 0, 27.2889, 0.97031, 3.08656, 291.553
2886, 1.66225e-12, 0.00161481, 0.000591453, 0, 0, 4.5012e-20, 0, 0, 0.00220626, 5.11457e-12, 0, 27.1229, 0.970316, 3.08306, 291.372
2887, 8.67036e-13, 0.00172619, 0.000521293, 0, 0, 2.27657e-20, 0, 0, 0.00224748, 2.66743e-12, 0, 27.7737, 0.970322, 3.07948, 291.616
2888, 2.92596e-13, 0.00193341, 0.000385302, 0, 0, 8.60183e-21, 0, 0, 0.00231871, 8.98871e-13, 0, 28.86, 0.970328, 3.07604, 292.078
2889, 6.84558e-13, 0.00195561, 0.000376806, 0, 0, 2.57143e-20, 0, 0, 0.00233242, 2.09723e-12, 0, 28.01, 0.970334, 3.07278, 292.108
2890, 1.97176e-12, 0.00177578, 0.000509108, 0, 0, 7.51925e-20, 0, 0, 0.00228489, 6.03964e-12, 0, 26.9521, 0.97034, 3.06897, 291.684
2891, 2.72259e-12, 0.0016309, 0.000616936, 0, 0, 1.04138e-19, 0, 0, 0.00224784, 8.33647e-12, 0, 26.6294, 0.970346, 3.06498, 291.334
2892, 3.69363e-12, 0.00161503, 0.000633375, 0, 0, 1.42765e-19, 0, 0, 0.0022484, 1.12832e-11, 0, 26.3244, 0.970352, 3.06128, 291.267
2893, 1.44927e-11, 0.00162126, 0.00063783, 0, 0, 5.61988e-19, 0, 0, 0.00225909, 4.41827e-11, 0, 24.9574, 0.970358, 3.0574, 291.276
2894, 4.79585e-11, 0.00152258, 0.000722971, 0, 0, 1.85326e-18, 0, 0, 0.00224555, 1.46115e-10, 0, 23.7607, 0.970364, 3.05344, 291.103
2895, 9.04811e-11, 0.00136596, 0.000849933, 0, 0, 3.47864e-18, 0, 0, 0.00221589, 2.75474e-10, 0, 23.1259, 0.97037, 3.0495, 290.805
2896, 1.08649e-10, 0.00129309, 0.000912466, 0, 0, 4.13514e-18, 0, 0, 0.00220556, 3.30494e-10, 0, 22.9429, 0.970376, 3.0455, 290.655
2897, 8.97702e-11, 0.0013024, 0.000911887, 0, 0, 3.3999e-18, 0, 0, 0.00221428, 2.72877e-10, 0, 23.1338, 0.970382, 3.04173, 290.651
2898, 4.81535e-11, 0.00141593, 0.000832648, 0, 0, 1.84105e-18, 0, 0, 0.00224858, 1.46318e-10, 0, 23.7566, 0.970388, 3.03829, 290.841
2899, 1.51172e-11, 0.00169698, 0.000636032, 0, 0, 5.86785e-19, 0, 0, 0.00233301, 4.59231e-11, 0, 24.9152, 0.970394, 3.03473, 291.4
2900, 2.53667e-12, 0.00205546, 0.000393455, 0, 0, 9.96118e-20, 0, 0, 0.00244892, 7.70399e-12, 0, 26.7002, 0.9704, 3.03045, 292.161
2901, 2.13101e-13, 0.00221708, 0.000289393, 0, 0, 8.41555e-21, 0, 0, 0.00250648, 6.47043e-13, 0, 29.177, 0.970407, 3.02592, 292.49
2902, 9.74207e-15, 0.00209949, 0.000372649, 0, 0, 3.74621e-22, 0, 0, 0.00247213, 2.95525e-14, 0, 32.2623, 0.970412, 3.02216, 292.181
2903, 2.70272e-15, 0.00196026, 0.000473296, 0, 0, 8.37451e-23, 0, 0, 0.00243356, 8.15356e-15, 0, 33.5445, 0.970418, 3.0186, 291.839
2904, 3.75154e-15, 0.00200924, 0.000449804, 0, 0, 1.22709e-22, 0, 0, 0.00245904, 1.12954e-14, 0, 33.2166, 0.970424, 3.01507, 291.948
2905, 2.00514e-14, 0.00206368, 0.000420405, 0, 0, 7.51319e-22, 0, 0, 0.00248409, 6.01911e-14, 0, 31.5405, 0.97043, 3.01175, 292.051
2906, 1.56765e-13, 0.00193669, 0.000511103, 0, 0, 6.2026e-21, 0, 0, 0.00244779, 4.70178e-13, 0, 29.484, 0.970436, 3.00817, 291.727
2907, 9.53295e-13, 0.00180142, 0.000610226, 0, 0, 4.07507e-20, 0, 0, 0.00241164, 2.8558e-12, 0, 27.6789, 0.970442, 3.00416, 291.401
2908, 5.315e-12, 0.00175093, 0.000655129, 0, 0, 2.40508e-19, 0, 0, 0.00240606, 1.59009e-11, 0, 25.9605, 0.970448, 2.9999, 291.29
2909, 2.46176e-11, 0.00170031, 0.00070306, 0, 0, 1.16216e-18, 0, 0, 0.00240337, 7.35523e-11, 0, 24.4276, 0.970454, 2.9957, 291.2
2910, 7.97538e-11, 0.00159604, 0.000792056, 0, 0, 3.91377e-18, 0, 0, 0.0023881, 2.38049e-10, 0, 23.2521, 0.97046, 2.99108, 291.021
2911, 1.42942e-10, 0.0015075, 0.000869625, 0, 0, 7.19013e-18, 0, 0, 0.00237713, 4.26402e-10, 0, 22.6686, 0.970466, 2.98608, 290.871
2912, 1.22538e-10, 0.00155688, 0.00084168, 0, 0, 6.23789e-18, 0, 0, 0.00239856, 3.65404e-10, 0, 22.8226, 0.970472, 2.98197, 290.954
2913, 4.84204e-11, 0.00172521, 0.000723926, 0, 0, 2.46554e-18, 0, 0, 0.00244914, 1.44337e-10, 0, 23.7511, 0.970478, 2.97885, 291.242
2914, 1.23574e-11, 0.00184086, 0.00064778, 0, 0, 5.96635e-19, 0, 0, 0.00248863, 3.66834e-11, 0, 25.1168, 0.970484, 2.97443, 291.446
2915, 1.42831e-11, 0.00179038, 0.000694736, 0, 0, 6.23902e-19, 0, 0, 0.00248511, 4.20445e-11, 0, 24.9719, 0.97049, 2.96703, 291.352
2916, 2.29818e-11, 0.00169423, 0.000773647, 0, 0, 1.01036e-18, 0, 0, 0.00246787, 6.76915e-11, 0, 24.4963, 0.970496, 2.9614, 291.161
2917, 3.04886e-11, 0.00169842, 0.00077826, 0, 0, 1.43612e-18, 0, 0, 0.00247668, 9.00405e-11, 0, 24.2137, 0.970502, 2.96133, 291.152
2918, 6.6589e-11, 0.00164301, 0.000827506, 0, 0, 3.34124e-18, 0, 0, 0.00247051, 1.96915e-10, 0, 23.4325, 0.970508, 2.96116, 291.039
2919, 1.14522e-10, 0.00155814, 0.000899956, 0, 0, 5.78903e-18, 0, 0, 0.0024581, 3.3864e-10, 0, 22.8903, 0.970514, 2.95826, 290.882
2920, 9.78964e-11, 0.00166026, 0.000833882, 0, 0, 4.92126e-18, 0, 0, 0.00249414, 2.89422e-10, 0, 23.0471, 0.97052, 2.95416, 291.062
2921, 3.90393e-11, 0.00196056, 0.000624349, 0, 0, 1.94446e-18, 0, 0, 0.0025849, 1.15393e-10, 0, 23.9665, 0.970526, 2.9497, 291.608
2922, 7.17173e-12, 0.00228358, 0.000404854, 0, 0, 3.53324e-19, 0, 0, 0.00268843, 2.1194e-11, 0, 25.6609, 0.970532, 2.94534, 292.217
2923, 7.43552e-13, 0.00245856, 0.000293557, 0, 0, 3.57072e-20, 0, 0, 0.00275212, 2.1933e-12, 0, 27.9273, 0.970539, 2.94192, 292.553
2924, 2.14247e-12, 0.00239918, 0.000342984, 0, 0, 9.99345e-20, 0, 0, 0.00274216, 6.27353e-12, 0, 26.8691, 0.970544, 2.93895, 292.42
2925, 1.61034e-11, 0.00211616, 0.000547153, 0, 0, 7.74816e-19, 0, 0, 0.00266331, 4.71213e-11, 0, 24.852, 0.97055, 2.93546, 291.843
2926, 6.56378e-11, 0.00178611, 0.000791355, 0, 0, 3.26247e-18, 0, 0, 0.00257747, 1.91909e-10, 0, 23.4469, 0.970556, 2.9313, 291.207
2927, 1.5793e-10, 0.00159294, 0.000942712, 0, 0, 8.1303e-18, 0, 0, 0.00253565, 4.61289e-10, 0, 22.5689, 0.970562, 2.92626, 290.855
2928, 2.39809e-10, 0.00156491, 0.000973233, 0, 0, 1.27396e-17, 0, 0, 0.00253815, 6.9995e-10, 0, 22.1512, 0.970568, 2.92135, 290.802
2929, 2.33974e-10, 0.00164582, 0.000921053, 0, 0, 1.27742e-17, 0, 0, 0.00256688, 6.82633e-10, 0, 22.1758, 0.970574, 2.91814, 290.926
2930, 2.49624e-10, 0.00169763, 0.000890976, 0, 0, 1.42911e-17, 0, 0, 0.00258861, 7.27358e-10, 0, 22.1111, 0.97058, 2.91567, 291.002
2931, 4.32233e-10, 0.00161819, 0.000961733, 0, 0, 2.54289e-17, 0, 0, 0.00257992, 1.25816e-09, 0, 21.5621, 0.970586, 2.91282, 290.874
2932, 5.32347e-10, 0.0015644, 0.00101293, 0, 0, 3.12031e-17, 0, 0, 0.00257733, 1.54877e-09, 0, 21.3537, 0.970592, 2.90922, 290.787
2933, 4.0612e-10, 0.00162294, 0.000977425, 0, 0, 2.30795e-17, 0, 0, 0.00260037, 1.18001e-09, 0, 21.6244, 0.970598, 2.9047, 290.87
2934, 3.34817e-10, 0.0016579, 0.000959864, 0, 0, 1.81735e-17, 0, 0, 0.00261777, 9.70129e-10, 0, 21.8174, 0.970604, 2.89972, 290.916
2935, 3.79065e-10, 0.00163796, 0.0009844, 0, 0, 2.05756e-17, 0, 0, 0.00262236, 1.09672e-09, 0, 21.6933, 0.97061, 2.89561, 290.876
2936, 3.89917e-10, 0.00165433, 0.000981651, 0, 0, 2.14483e-17, 0, 0, 0.00263598, 1.12758e-09, 0, 21.6651, 0.970616, 2.89255, 290.896
2937, 2.69959e-10, 0.0017962, 0.000884888, 0, 0, 1.48292e-17, 0, 0, 0.00268109, 7.80398e-10, 0, 22.0328, 0.970622, 2.88952, 291.12
2938, 1.00109e-10, 0.00199424, 0.000744891, 0, 0, 5.41566e-18, 0, 0, 0.00273913, 2.89303e-10, 0, 23.0248, 0.970628, 2.88618, 291.421
2939, 2.20717e-11, 0.00205704, 0.00070362, 0, 0, 1.148e-18, 0, 0, 0.00276066, 6.37091e-11, 0, 24.5367, 0.970634, 2.8826, 291.487
2940, 1.85439e-11, 0.00199365, 0.000757139, 0, 0, 9.1062e-19, 0, 0, 0.00275079, 5.33241e-11, 0, 24.7109, 0.97064, 2.87897, 291.355
2941, 3.09198e-11, 0.00190888, 0.000828394, 0, 0, 1.51014e-18, 0, 0, 0.00273727, 8.88573e-11, 0, 24.1996, 0.970646, 2.87535, 291.2
2942, 2.58943e-11, 0.00197258, 0.000792245, 0, 0, 1.25802e-18, 0, 0, 0.00276482, 7.43945e-11, 0, 24.377, 0.970652, 2.87176, 291.304
2943, 1.17811e-11, 0.00216832, 0.000661794, 0, 0, 5.61998e-19, 0, 0, 0.00283012, 3.38115e-11, 0, 25.1645, 0.970658, 2.86794, 291.64
2944, 1.15756e-11, 0.00219413, 0.000653184, 0, 0, 5.23078e-19, 0, 0, 0.00284731, 3.30971e-11, 0, 25.1821, 0.970664, 2.8637, 291.676
2945, 2.24424e-11, 0.00201635, 0.00079018, 0, 0, 1.0034e-18, 0, 0, 0.00280653, 6.41181e-11, 0, 24.5201, 0.97067, 2.85939, 291.356
2946, 2.27494e-11, 0.00202613, 0.00079473, 0, 0, 1.01434e-18, 0, 0, 0.00282086, 6.49839e-11, 0, 24.5065, 0.970676, 2.85578, 291.375
2947, 1.62605e-11, 0.0022733, 0.000630505, 0, 0, 7.37688e-19, 0, 0, 0.00290381, 4.63617e-11, 0, 24.8423, 0.970682, 2.85282, 291.81
2948, 4.19054e-11, 0.00229894, 0.000621584, 0, 0, 1.98952e-18, 0, 0, 0.00292052, 1.1912e-10, 0, 23.8956, 0.970688, 2.84974, 291.841
2949, 1.35401e-10, 0.0020061, 0.000840002, 0, 0, 6.55476e-18, 0, 0, 0.0028461, 3.84609e-10, 0, 22.7228, 0.970694, 2.846, 291.322
2950, 2.79131e-10, 0.00176004, 0.00102879, 0, 0, 1.37272e-17, 0, 0, 0.00278883, 7.92465e-10, 0, 21.9993, 0.9707, 2.84204, 290.899
2951, 3.46006e-10, 0.00171107, 0.00107441, 0, 0, 1.70894e-17, 0, 0, 0.00278548, 9.81982e-10, 0, 21.7846, 0.970706, 2.83856, 290.809
2952, 2.34546e-10, 0.00184479, 0.000983858, 0, 0, 1.14364e-17, 0, 0, 0.00282865, 6.65491e-10, 0, 22.1734, 0.970712, 2.83533, 291.007
2953, 8.42859e-11, 0.00213728, 0.000778085, 0, 0, 3.98283e-18, 0, 0, 0.00291536, 2.39077e-10, 0, 23.1968, 0.970718, 2.83179, 291.464
2954, 1.95677e-11, 0.00238511, 0.000606322, 0, 0, 8.85832e-19, 0, 0, 0.00299143, 5.54237e-11, 0, 24.6571, 0.970724, 2.828, 291.844
2955, 3.01441e-11, 0.0023784, 0.000619314, 0, 0, 1.37179e-18, 0, 0, 0.00299771, 8.49232e-11, 0, 24.225, 0.97073, 2.82435, 291.812
2956, 1.12217e-10, 0.00216492, 0.000784193, 0, 0, 5.12997e-18, 0, 0, 0.00294911, 3.15968e-10, 0, 22.9106, 0.970736, 2.82082, 291.457
2957, 2.01593e-10, 0.00197253, 0.000935359, 0, 0, 9.2164e-18, 0, 0, 0.00290789, 5.6749e-10, 0, 22.3248, 0.970742, 2.81725, 291.143
2958, 1.79424e-10, 0.00195515, 0.000956655, 0, 0, 8.16559e-18, 0, 0, 0.0029118, 5.04866e-10, 0, 22.4413, 0.970748, 2.8136, 291.097
2959, 1.12786e-10, 0.00200117, 0.00093054, 0, 0, 5.03444e-18, 0, 0, 0.00293171, 3.16847e-10, 0, 22.9055, 0.970754, 2.80931, 291.147
2960, 1.16991e-10, 0.00199581, 0.000943959, 0, 0, 5.08379e-18, 0, 0, 0.00293977, 3.27615e-10, 0, 22.8689, 0.97076, 2.80464, 291.126
2961, 1.72294e-10, 0.00194637, 0.000991032, 0, 0, 7.42542e-18, 0, 0, 0.0029374, 4.81932e-10, 0, 22.4818, 0.970766, 2.80125, 291.043
2962, 1.9817e-10, 0.00193474, 0.00100903, 0, 0, 8.58001e-18, 0, 0, 0.00294378, 5.54076e-10, 0, 22.3419, 0.970772, 2.79878, 291.012
2963, 2.95962e-10, 0.00195641, 0.00100298, 0, 0, 1.37846e-17, 0, 0, 0.00295939, 8.26133e-10, 0, 21.9408, 0.970778, 2.79575, 291.035
2964, 6.20125e-10, 0.00190063, 0.00105723, 0, 0, 3.01223e-17, 0, 0, 0.00295787, 1.72909e-09, 0, 21.2011, 0.970784, 2.79231, 290.958
2965, 8.39925e-10, 0.00184805, 0.00110861, 0, 0, 4.07738e-17, 0, 0, 0.00295665, 2.34092e-09, 0, 20.8977, 0.97079, 2.7889, 290.882
2966, 6.08215e-10, 0.00192889, 0.00105682, 0, 0, 2.91118e-17, 0, 0, 0.00298571, 1.69461e-09, 0, 21.2205, 0.970796, 2.78553, 290.984
2967, 2.41606e-10, 0.00211451, 0.000926314, 0, 0, 1.12122e-17, 0, 0, 0.00304083, 6.72947e-10, 0, 22.1437, 0.970802, 2.78202, 291.234
2968, 5.81753e-11, 0.00235105, 0.00076174, 0, 0, 2.5376e-18, 0, 0, 0.00311279, 1.61954e-10, 0, 23.5676, 0.970808, 2.77804, 291.575
2969, 9.16257e-12, 0.00255238, 0.000626203, 0, 0, 3.71304e-19, 0, 0, 0.00317859, 2.54925e-11, 0, 25.4159, 0.970814, 2.77315, 291.874
2970, 8.5879e-13, 0.00269061, 0.000538417, 0, 0, 3.32295e-20, 0, 0, 0.00322903, 2.38821e-12, 0, 27.7833, 0.97082, 2.7683, 292.082
2971, 5.30039e-14, 0.00279503, 0.000476182, 0, 0, 1.85106e-21, 0, 0, 0.00327121, 1.46958e-13, 0, 30.5684, 0.970826, 2.76529, 292.242
2972, 5.19803e-14, 0.00278363, 0.000494233, 0, 0, 1.27188e-21, 0, 0, 0.00327786, 1.42779e-13, 0, 30.5879, 0.970832, 2.76313, 292.21
2973, 1.0182e-13, 0.00268459, 0.00057197, 0, 0, 2.52601e-21, 0, 0, 0.00325656, 2.79577e-13, 0, 29.9156, 0.970838, 2.76048, 292.026
2974, 2.17361e-13, 0.00266782, 0.000592943, 0, 0, 6.75146e-21, 0, 0, 0.00326077, 5.964e-13, 0, 29.1572, 0.970844, 2.75751, 291.98
2975, 1.76825e-12, 0.00264981, 0.000615364, 0, 0, 6.27752e-20, 0, 0, 0.00326518, 4.84805e-12, 0, 27.061, 0.97085, 2.75417, 291.935
2976, 1.04913e-11, 0.00254648, 0.000698476, 0, 0, 3.83429e-19, 0, 0, 0.00324496, 2.87649e-11, 0, 25.2805, 0.970856, 2.75067, 291.758
2977, 2.78432e-11, 0.00240876, 0.000808486, 0, 0, 1.03578e-18, 0, 0, 0.00321725, 7.63495e-11, 0, 24.3044, 0.970862, 2.74715, 291.538
2978, 3.19014e-11, 0.00239431, 0.000829418, 0, 0, 1.19974e-18, 0, 0, 0.00322372, 8.74867e-11, 0, 24.1684, 0.970868, 2.74334, 291.505
2979, 1.60554e-11, 0.0025522, 0.000724673, 0, 0, 6.05934e-19, 0, 0, 0.00327687, 4.40274e-11, 0, 24.855, 0.970874, 2.73942, 291.725
2980, 8.12009e-12, 0.00261742, 0.00068601, 0, 0, 3.02269e-19, 0, 0, 0.00330343, 2.21738e-11, 0, 25.5367, 0.97088, 2.73596, 291.799
2981, 3.84603e-11, 0.00250763, 0.000773532, 0, 0, 1.47606e-18, 0, 0, 0.00328116, 1.047e-10, 0, 23.9814, 0.970886, 2.73284, 291.611
2982, 1.44563e-10, 0.00234621, 0.000902151, 0, 0, 5.7343e-18, 0, 0, 0.00324836, 3.93551e-10, 0, 22.6573, 0.970892, 2.72953, 291.366
2983, 2.64405e-10, 0.00221506, 0.00101148, 0, 0, 1.07552e-17, 0, 0, 0.00322654, 7.19771e-10, 0, 22.0535, 0.970898, 2.72612, 291.179
2984, 3.06144e-10, 0.00216055, 0.00106299, 0, 0, 1.26886e-17, 0, 0, 0.00322354, 8.32723e-10, 0, 21.907, 0.970904, 2.7228, 291.095
2985, 3.67323e-10, 0.0021274, 0.00109752, 0, 0, 1.56261e-17, 0, 0, 0.00322492, 9.9755e-10, 0, 21.7248, 0.97091, 2.71942, 291.034
2986, 4.69691e-10, 0.00210907, 0.00112119, 0, 0, 2.1346e-17, 0, 0, 0.00323026, 1.27403e-09, 0, 21.4789, 0.970916, 2.71579, 290.995
2987, 6.12388e-10, 0.00210519, 0.00113559, 0, 0, 3.04639e-17, 0, 0, 0.00324078, 1.65919e-09, 0, 21.2137, 0.970922, 2.71205, 290.984
2988, 8.31317e-10, 0.00210382, 0.00114949, 0, 0, 4.30789e-17, 0, 0, 0.00325331, 2.24944e-09, 0, 20.908, 0.970928, 2.70841, 290.984
2989, 1.14392e-09, 0.00208785, 0.00117381, 0, 0, 6.00123e-17, 0, 0, 0.00326166, 3.09139e-09, 0, 20.5888, 0.970934, 2.70495, 290.961
2990, 1.31396e-09, 0.00207637, 0.00119326, 0, 0, 6.97662e-17, 0, 0, 0.00326964, 3.54847e-09, 0, 20.4502, 0.97094, 2.70159, 290.937
2991, 9.4406e-10, 0.00216191, 0.00113831, 0, 0, 4.99064e-17, 0, 0, 0.00330022, 2.54849e-09, 0, 20.7808, 0.970946, 2.6982, 291.033
2992, 4.18298e-10, 0.00229295, 0.00104954, 0, 0, 2.10822e-17, 0, 0, 0.00334249, 1.12825e-09, 0, 21.5948, 0.970952, 2.69495, 291.189
2993, 2.03754e-10, 0.00235131, 0.00101634, 0, 0, 8.80964e-18, 0, 0, 0.00336765, 5.48077e-10, 0, 22.3141, 0.970958, 2.69177, 291.253
2994, 1.80488e-10, 0.00234599, 0.00103032, 0, 0, 6.63085e-18, 0, 0, 0.0033763, 4.84205e-10, 0, 22.4354, 0.970964, 2.68843, 291.231
2995, 1.6398e-10, 0.00236855, 0.0010245, 0, 0, 5.99401e-18, 0, 0, 0.00339305, 4.39555e-10, 0, 22.5313, 0.97097, 2.68506, 291.25
2996, 1.0806e-10, 0.00252548, 0.00092323, 0, 0, 4.29284e-18, 0, 0, 0.00344871, 2.897e-10, 0, 22.9483, 0.970976, 2.68173, 291.47
2997, 4.63677e-11, 0.00268507, 0.000819027, 0, 0, 1.95423e-18, 0, 0, 0.0035041, 1.24251e-10, 0, 23.7944, 0.970982, 2.67842, 291.685
2998, 4.85034e-11, 0.00267135, 0.000838327, 0, 0, 2.27208e-18, 0, 0, 0.00350968, 1.29346e-10, 0, 23.7494, 0.970988, 2.67488, 291.645
2999, 1.78609e-10, 0.00254624, 0.000941033, 0, 0, 8.97339e-18, 0, 0, 0.00348728, 4.75612e-10, 0, 22.4458, 0.970992, 2.67057, 291.464
3000, 4.64481e-10, 0.00234669, 0.00110032, 0, 0, 2.41108e-17, 0, 0, 0.00344701, 1.23673e-09, 0, 21.4901, 0.970989, 2.66624, 291.191
3001, 7.49067e-10, 0.00221335, 0.00121174, 0, 0, 3.95873e-17, 0, 0, 0.0034251, 1.99427e-09, 0, 21.0122, 0.970977, 2.66344, 291.01
3002, 7.41352e-10, 0.00223478, 0.00120822, 0, 0, 3.91795e-17, 0, 0, 0.003443, 1.97324e-09, 0, 21.0225, 0.97096, 2.66116, 291.035
3003, 4.37014e-10, 0.00236161, 0.00112504, 0, 0, 2.25502e-17, 0, 0, 0.00348665, 1.16266e-09, 0, 21.5511, 0.97094, 2.65812, 291.19
3004, 1.76431e-10, 0.00252295, 0.00101767, 0, 0, 8.46937e-18, 0, 0, 0.00354061, 4.68886e-10, 0, 22.4581, 0.97092, 2.65455, 291.395
3005, 6.78177e-11, 0.00275561, 0.000860399, 0, 0, 2.92346e-18, 0, 0, 0.00361601, 1.79938e-10, 0, 23.4142, 0.9709, 2.65104, 291.701
3006, 2.63243e-11, 0.00290859, 0.000760681, 0, 0, 1.04542e-18, 0, 0, 0.00366928, 6.97166e-11, 0, 24.3605, 0.97088, 2.64751, 291.894
3007, 1.74627e-11, 0.002845, 0.000817468, 0, 0, 6.40697e-19, 0, 0, 0.00366246, 4.6112e-11, 0, 24.771, 0.97086, 2.64325, 291.793
3008, 3.06705e-11, 0.00274458, 0.000901398, 0, 0, 1.263e-18, 0, 0, 0.00364598, 8.07679e-11, 0, 24.2077, 0.97084, 2.63896, 291.646
3009, 1.31483e-10, 0.0026356, 0.000995413, 0, 0, 6.23029e-18, 0, 0, 0.00363102, 3.45901e-10, 0, 22.7521, 0.97082, 2.63619, 291.505
3010, 4.11553e-10, 0.00244359, 0.0011548, 0, 0, 2.06001e-17, 0, 0, 0.00359839, 1.08256e-09, 0, 21.6111, 0.9708, 2.63405, 291.278
3011, 7.1138e-10, 0.00228505, 0.00128902, 0, 0, 3.6571e-17, 0, 0, 0.00357408, 1.87069e-09, 0, 21.0638, 0.97078, 2.63135, 291.09
3012, 7.38087e-10, 0.00228266, 0.00130369, 0, 0, 3.8191e-17, 0, 0, 0.00358635, 1.93991e-09, 0, 21.027, 0.97076, 2.62826, 291.084
3013, 4.89923e-10, 0.00239935, 0.0012266, 0, 0, 2.50084e-17, 0, 0, 0.00362596, 1.28677e-09, 0, 21.4368, 0.97074, 2.62497, 291.211
3014, 2.7852e-10, 0.002486, 0.00117326, 0, 0, 1.34743e-17, 0, 0, 0.00365927, 7.30177e-10, 0, 22.0015, 0.97072, 2.62159, 291.307
3015, 2.97044e-10, 0.00243473, 0.00122667, 0, 0, 1.349e-17, 0, 0, 0.0036614, 7.76894e-10, 0, 21.9371, 0.9707, 2.61817, 291.25
3016, 3.02956e-10, 0.00240473, 0.00126311, 0, 0, 1.33676e-17, 0, 0, 0.00366784, 7.91766e-10, 0, 21.9174, 0.97068, 2.61463, 291.214
3017, 1.60253e-10, 0.00260817, 0.00112285, 0, 0, 6.88023e-18, 0, 0, 0.00373102, 4.18668e-10, 0, 22.5543, 0.97066, 2.61113, 291.451
3018, 4.14401e-11, 0.00290104, 0.000916294, 0, 0, 1.72059e-18, 0, 0, 0.00381734, 1.0823e-10, 0, 23.9068, 0.97064, 2.60776, 291.792
3019, 6.15624e-12, 0.00296467, 0.00087937, 0, 0, 2.38389e-19, 0, 0, 0.00384404, 1.60618e-11, 0, 25.8136, 0.97062, 2.6043, 291.849
3020, 1.82338e-12, 0.00290417, 0.000936168, 0, 0, 5.92842e-20, 0, 0, 0.00384034, 4.73787e-12, 0, 27.0303, 0.9706, 2.60096, 291.765
3021, 2.3855e-12, 0.00300276, 0.000879629, 0, 0, 8.62674e-20, 0, 0, 0.00388239, 6.17997e-12, 0, 26.7616, 0.97058, 2.5979, 291.893
3022, 1.55351e-11, 0.00317664, 0.000770077, 0, 0, 6.42915e-19, 0, 0, 0.00394672, 4.01721e-11, 0, 24.8879, 0.97056, 2.59461, 292.12
3023, 8.79572e-11, 0.00303147, 0.000894013, 0, 0, 3.7712e-18, 0, 0, 0.00392548, 2.27351e-10, 0, 23.1542, 0.97054, 2.59117, 291.956
3024, 2.69419e-10, 0.00260522, 0.00122668, 0, 0, 1.19279e-17, 0, 0, 0.00383191, 6.961e-10, 0, 22.0348, 0.97052, 2.58782, 291.458
3025, 4.60082e-10, 0.00234259, 0.00143979, 0, 0, 2.08835e-17, 0, 0, 0.00378238, 1.18813e-09, 0, 21.4996, 0.9705, 2.58441, 291.159
3026, 4.60536e-10, 0.00235681, 0.00144197, 0, 0, 2.1107e-17, 0, 0, 0.00379878, 1.18849e-09, 0, 21.4986, 0.97048, 2.58072, 291.169
3027, 3.48166e-10, 0.0024759, 0.00136259, 0, 0, 1.60603e-17, 0, 0, 0.00383849, 8.97157e-10, 0, 21.7783, 0.97046, 2.57699, 291.288
3028, 3.65421e-10, 0.00248006, 0.00137353, 0, 0, 1.71998e-17, 0, 0, 0.00385359, 9.39737e-10, 0, 21.73, 0.97044, 2.57351, 291.292
3029, 3.83615e-10, 0.00245264, 0.00140869, 0, 0, 1.80855e-17, 0, 0, 0.00386133, 9.85732e-10, 0, 21.6814, 0.97042, 2.57001, 291.261
3030, 2.48567e-10, 0.00252946, 0.00136178, 0, 0, 1.14168e-17, 0, 0, 0.00389124, 6.38291e-10, 0, 22.1153, 0.9704, 2.56615, 291.332
3031, 1.19568e-10, 0.00269029, 0.00125181, 0, 0, 5.15736e-18, 0, 0, 0.00394211, 3.06645e-10, 0, 22.8471, 0.97038, 2.5618, 291.498
3032, 5.422e-11, 0.00293802, 0.00107613, 0, 0, 2.20945e-18, 0, 0, 0.00401415, 1.38826e-10, 0, 23.638, 0.97036, 2.55698, 291.755
3033, 3.70743e-11, 0.00297016, 0.00106472, 0, 0, 1.4496e-18, 0, 0, 0.00403488, 9.45002e-11, 0, 24.0181, 0.97034, 2.55164, 291.781
3034, 5.88078e-11, 0.00275927, 0.00123995, 0, 0, 2.26994e-18, 0, 0, 0.00399922, 1.49522e-10, 0, 23.5567, 0.97032, 2.54523, 291.555
3035, 5.93902e-11, 0.00276565, 0.00124879, 0, 0, 2.28513e-18, 0, 0, 0.00401444, 1.50942e-10, 0, 23.5469, 0.9703, 2.53639, 291.557
3036, 2.69857e-11, 0.00306786, 0.00103178, 0, 0, 1.03187e-18, 0, 0, 0.00409964, 6.85626e-11, 0, 24.3357, 0.97028, 2.52152, 291.868
3037, 5.75239e-12, 0.00332322, 0.000851928, 0, 0, 2.15177e-19, 0, 0, 0.00417515, 1.45258e-11, 0, 25.8814, 0.97026, 2.48983, 292.129
3038, 2.72838e-12, 0.00326236, 0.000911078, 0, 0, 8.76846e-20, 0, 0, 0.00417344, 6.44408e-12, 0, 26.6273, 0.97024, 2.42958, 292.056
3039, 6.51185e-12, 0.00303359, 0.00109852, 0, 0, 2.09403e-19, 0, 0, 0.00413211, 1.5344e-11, 0, 25.7574, 0.97022, 2.37867, 291.81
3040, 1.56131e-11, 0.00298469, 0.00115168, 0, 0, 5.63829e-19, 0, 0, 0.00413637, 3.81066e-11, 0, 24.8829, 0.9702, 2.40009, 291.762
3041, 4.90849e-11, 0.00295145, 0.00119516, 0, 0, 1.93386e-18, 0, 0, 0.00414661, 1.22501e-10, 0, 23.7375, 0.97018, 2.45774, 291.74
3042, 1.07087e-10, 0.00270216, 0.00140406, 0, 0, 4.33654e-18, 0, 0, 0.00410622, 2.68294e-10, 0, 22.9574, 0.97016, 2.49276, 291.498
3043, 1.27971e-10, 0.00255904, 0.00152858, 0, 0, 5.2625e-18, 0, 0, 0.00408762, 3.20956e-10, 0, 22.7792, 0.97014, 2.50625, 291.35
3044, 8.92042e-11, 0.00270499, 0.00142722, 0, 0, 3.70208e-18, 0, 0, 0.00413221, 2.23897e-10, 0, 23.1401, 0.97012, 2.51099, 291.479
3045, 4.24779e-11, 0.00295854, 0.00124307, 0, 0, 1.73728e-18, 0, 0, 0.00420162, 1.06663e-10, 0, 23.882, 0.9701, 2.51194, 291.712
3046, 3.63977e-11, 0.00297788, 0.00124424, 0, 0, 1.38721e-18, 0, 0, 0.00422212, 9.13731e-11, 0, 24.0365, 0.97008, 2.51101, 291.734
3047, 5.16987e-11, 0.00283349, 0.00137228, 0, 0, 1.92565e-18, 0, 0, 0.00420577, 1.29759e-10, 0, 23.6856, 0.97006, 2.50887, 291.598
3048, 3.95226e-11, 0.00291589, 0.00131945, 0, 0, 1.46264e-18, 0, 0, 0.00423535, 9.91896e-11, 0, 23.9541, 0.97004, 2.50592, 291.658
3049, 1.41408e-11, 0.00307392, 0.00120648, 0, 0, 5.16132e-19, 0, 0, 0.00428041, 3.54811e-11, 0, 24.982, 0.97002, 2.50391, 291.782
3050, 3.99968e-12, 0.00306247, 0.001229, 0, 0, 1.36893e-19, 0, 0, 0.00429147, 1.0021e-11, 0, 26.2448, 0.97, 2.50274, 291.763
3051, 2.37405e-12, 0.00316691, 0.00116715, 0, 0, 7.67384e-20, 0, 0, 0.00433406, 5.93969e-12, 0, 26.7664, 0.96998, 2.50077, 291.875
3052, 1.0595e-12, 0.00342206, 0.000987611, 0, 0, 3.40637e-20, 0, 0, 0.00440967, 2.65035e-12, 0, 27.5732, 0.96996, 2.49786, 292.122
3053, 2.09463e-13, 0.00351387, 0.000928928, 0, 0, 6.72447e-21, 0, 0, 0.0044428, 5.23951e-13, 0, 29.1942, 0.96994, 2.49462, 292.191
3054, 2.71448e-14, 0.00356821, 0.000902607, 0, 0, 8.82729e-22, 0, 0, 0.00447082, 6.77123e-14, 0, 31.2376, 0.96992, 2.49175, 292.239
3055, 2.2955e-13, 0.0035388, 0.000940988, 0, 0, 8.77094e-21, 0, 0, 0.00447979, 5.69117e-13, 0, 29.1027, 0.9699, 2.48903, 292.21
3056, 3.63371e-12, 0.00332027, 0.00112031, 0, 0, 1.46046e-19, 0, 0, 0.00444057, 9.00521e-12, 0, 26.3408, 0.96988, 2.48497, 291.984
3057, 2.93021e-11, 0.00310008, 0.00130709, 0, 0, 1.21354e-18, 0, 0, 0.00440717, 7.25987e-11, 0, 24.2534, 0.96986, 2.48007, 291.782
3058, 1.17091e-10, 0.00282623, 0.00154643, 0, 0, 4.95359e-18, 0, 0, 0.00437266, 2.90025e-10, 0, 22.8681, 0.96984, 2.47766, 291.574
3059, 2.37439e-10, 0.00255438, 0.00178629, 0, 0, 1.01569e-17, 0, 0, 0.00434067, 5.87938e-10, 0, 22.1611, 0.96982, 2.47685, 291.375
3060, 2.5084e-10, 0.00251264, 0.00183631, 0, 0, 1.07089e-17, 0, 0, 0.00434895, 6.20928e-10, 0, 22.1062, 0.9698, 2.47483, 291.344
3061, 1.39976e-10, 0.00272711, 0.00167463, 0, 0, 5.87928e-18, 0, 0, 0.00440174, 3.46389e-10, 0, 22.6895, 0.96978, 2.4715, 291.496
3062, 4.20985e-11, 0.00298935, 0.00147506, 0, 0, 1.71102e-18, 0, 0, 0.00446441, 1.04134e-10, 0, 23.891, 0.96976, 2.4668, 291.686
3063, 1.06006e-11, 0.0030578, 0.00143435, 0, 0, 3.96633e-19, 0, 0, 0.00449215, 2.61567e-11, 0, 25.2701, 0.96974, 2.46212, 291.733
3064, 1.51465e-11, 0.00295226, 0.00153506, 0, 0, 5.4876e-19, 0, 0, 0.00448732, 3.72192e-11, 0, 24.9133, 0.96972, 2.45988, 291.648
3065, 3.35505e-11, 0.00283655, 0.00164636, 0, 0, 1.23418e-18, 0, 0, 0.0044829, 8.23927e-11, 0, 24.118, 0.9697, 2.4586, 291.564
3066, 3.98343e-11, 0.00287119, 0.00163712, 0, 0, 1.46179e-18, 0, 0, 0.00450831, 9.7811e-11, 0, 23.9463, 0.96968, 2.45657, 291.601
3067, 2.83747e-11, 0.00299227, 0.00155638, 0, 0, 1.01564e-18, 0, 0, 0.00454866, 6.96275e-11, 0, 24.2855, 0.96966, 2.45406, 291.697
3068, 2.39257e-11, 0.00296929, 0.00158987, 0, 0, 8.2486e-19, 0, 0, 0.00455917, 5.86299e-11, 0, 24.4561, 0.96964, 2.45109, 291.673
3069, 1.91545e-11, 0.00305806, 0.00153247, 0, 0, 6.54059e-19, 0, 0, 0.00459053, 4.69138e-11, 0, 24.6785, 0.96962, 2.44776, 291.732
3070, 8.08012e-12, 0.00326022, 0.00138438, 0, 0, 2.7411e-19, 0, 0, 0.0046446, 1.97849e-11, 0, 25.5416, 0.9696, 2.44455, 291.88
3071, 2.31118e-12, 0.00327417, 0.00138855, 0, 0, 7.46396e-20, 0, 0, 0.00466272, 5.65085e-12, 0, 26.7933, 0.96958, 2.44185, 291.885
3072, 2.22327e-12, 0.00332363, 0.00136767, 0, 0, 7.15675e-20, 0, 0, 0.0046913, 5.41522e-12, 0, 26.832, 0.96956, 2.43912, 291.931
3073, 9.49674e-12, 0.00337615, 0.0013465, 0, 0, 3.34764e-19, 0, 0, 0.00472265, 2.30846e-11, 0, 25.3801, 0.96954, 2.43604, 291.987
3074, 3.78481e-11, 0.0030684, 0.00161319, 0, 0, 1.40337e-18, 0, 0, 0.00468159, 9.19412e-11, 0, 23.9974, 0.96952, 2.43308, 291.762
3075, 9.69542e-11, 0.00269264, 0.00193628, 0, 0, 3.76482e-18, 0, 0, 0.00462892, 2.35366e-10, 0, 23.0568, 0.9695, 2.43032, 291.491
3076, 1.62181e-10, 0.00253221, 0.0020872, 0, 0, 6.47213e-18, 0, 0, 0.0046194, 3.93449e-10, 0, 22.5423, 0.96948, 2.42739, 291.389
3077, 1.76408e-10, 0.00251042, 0.00212334, 0, 0, 7.05053e-18, 0, 0, 0.00463375, 4.27633e-10, 0, 22.4582, 0.96946, 2.42416, 291.38
3078, 1.41097e-10, 0.00256933, 0.00209065, 0, 0, 5.54477e-18, 0, 0, 0.00465998, 3.41658e-10, 0, 22.6816, 0.96944, 2.42076, 291.417
3079, 8.66391e-11, 0.0027475, 0.00195767, 0, 0, 3.33832e-18, 0, 0, 0.00470517, 2.09586e-10, 0, 23.1693, 0.96942, 2.41766, 291.527
3080, 3.29286e-11, 0.00312544, 0.00166404, 0, 0, 1.24337e-18, 0, 0, 0.00478948, 7.961e-11, 0, 24.1367, 0.9694, 2.41512, 291.786
3081, 6.73718e-12, 0.00363328, 0.00127393, 0, 0, 2.46142e-19, 0, 0, 0.00490722, 1.62812e-11, 0, 25.7234, 0.96938, 2.41258, 292.164
3082, 1.21094e-12, 0.00375654, 0.00119164, 0, 0, 3.97712e-20, 0, 0, 0.00494818, 2.91954e-12, 0, 27.4396, 0.96936, 2.40972, 292.251
3083, 1.82569e-12, 0.00337876, 0.00150519, 0, 0, 5.55432e-20, 0, 0, 0.00488395, 4.38675e-12, 0, 27.0291, 0.96934, 2.40639, 291.947
3084, 3.23681e-12, 0.00310868, 0.00173604, 0, 0, 9.86574e-20, 0, 0, 0.00484472, 7.77047e-12, 0, 26.4564, 0.96932, 2.40178, 291.734
3085, 3.8879e-12, 0.00313456, 0.00173301, 0, 0, 1.19236e-19, 0, 0, 0.00486757, 9.31714e-12, 0, 26.2732, 0.9693, 2.39559, 291.755
3086, 7.33624e-12, 0.00320096, 0.00169928, 0, 0, 2.335e-19, 0, 0, 0.00490024, 1.7555e-11, 0, 25.6382, 0.96928, 2.39071, 291.812
3087, 1.56225e-11, 0.00307663, 0.00182147, 0, 0, 5.06197e-19, 0, 0, 0.0048981, 3.73773e-11, 0, 24.8823, 0.96926, 2.39006, 291.74
3088, 1.76806e-11, 0.00301131, 0.0018923, 0, 0, 5.73661e-19, 0, 0, 0.00490362, 4.2296e-11, 0, 24.7586, 0.96924, 2.39037, 291.695
3089, 1.06832e-11, 0.00322201, 0.0017361, 0, 0, 3.41966e-19, 0, 0, 0.00495812, 2.55312e-11, 0, 25.2624, 0.96922, 2.38818, 291.832
3090, 9.06411e-12, 0.00325643, 0.00172654, 0, 0, 2.80489e-19, 0, 0, 0.00498297, 2.15861e-11, 0, 25.4267, 0.9692, 2.38406, 291.859
3091, 1.23101e-11, 0.00304773, 0.00191561, 0, 0, 3.7862e-19, 0, 0, 0.00496334, 2.92784e-11, 0, 25.1206, 0.96918, 2.38031, 291.722
3092, 9.57594e-12, 0.00313542, 0.00185856, 0, 0, 2.94293e-19, 0, 0, 0.00499398, 2.277e-11, 0, 25.3718, 0.96916, 2.37833, 291.77
3093, 3.68359e-12, 0.00344094, 0.0016214, 0, 0, 1.12192e-19, 0, 0, 0.00506234, 8.75761e-12, 0, 26.3271, 0.96914, 2.37663, 291.954
3094, 9.72871e-13, 0.00350547, 0.00158281, 0, 0, 2.8051e-20, 0, 0, 0.00508828, 2.3112e-12, 0, 27.6585, 0.96912, 2.37414, 291.983
3095, 4.6247e-13, 0.00352431, 0.00158362, 0, 0, 1.23372e-20, 0, 0, 0.00510793, 1.09687e-12, 0, 28.4022, 0.9691, 2.3714, 291.989
3096, 3.98361e-13, 0.00361101, 0.00153014, 0, 0, 1.07787e-20, 0, 0, 0.00514115, 9.43143e-13, 0, 28.5514, 0.96908, 2.36856, 292.043
3097, 5.94745e-13, 0.00355165, 0.00159706, 0, 0, 1.68777e-20, 0, 0, 0.00514871, 1.40571e-12, 0, 28.1506, 0.96906, 2.36526, 292.005
3098, 1.74957e-12, 0.00352471, 0.00163843, 0, 0, 5.79753e-20, 0, 0, 0.00516314, 4.12391e-12, 0, 27.0717, 0.96904, 2.36146, 291.992
3099, 1.02949e-11, 0.00339497, 0.00176458, 0, 0, 3.65894e-19, 0, 0, 0.00515955, 2.42374e-11, 0, 25.2994, 0.96902, 2.35842, 291.914
3100, 3.80915e-11, 0.00305057, 0.00207261, 0, 0, 1.36951e-18, 0, 0, 0.00512318, 8.96531e-11, 0, 23.991, 0.969, 2.35644, 291.72
3101, 6.99545e-11, 0.00277572, 0.00232818, 0, 0, 2.51684e-18, 0, 0, 0.0051039, 1.64607e-10, 0, 23.3832, 0.96898, 2.3542, 291.587
3102, 6.37766e-11, 0.0028042, 0.00232403, 0, 0, 2.27836e-18, 0, 0, 0.00512824, 1.50031e-10, 0, 23.4756, 0.96896, 2.35147, 291.609
3103, 2.93042e-11, 0.00313699, 0.00205751, 0, 0, 1.02826e-18, 0, 0, 0.0051945, 6.89165e-11, 0, 24.2533, 0.96894, 2.34842, 291.78
3104, 6.90595e-12, 0.0035451, 0.00172941, 0, 0, 2.34513e-19, 0, 0, 0.00527452, 1.62355e-11, 0, 25.6986, 0.96892, 2.34495, 291.997
3105, 9.23907e-13, 0.0039236, 0.00143357, 0, 0, 2.94536e-20, 0, 0, 0.00535717, 2.17009e-12, 0, 27.7102, 0.9689, 2.34138, 292.219
3106, 5.00133e-13, 0.00404056, 0.0013584, 0, 0, 1.36666e-20, 0, 0, 0.00539895, 1.16807e-12, 0, 28.3239, 0.96888, 2.33852, 292.297
3107, 1.3388e-12, 0.00367522, 0.00167989, 0, 0, 3.62762e-20, 0, 0, 0.00535511, 3.12432e-12, 0, 27.3392, 0.96886, 2.33619, 292.083
3108, 1.78782e-12, 0.00336965, 0.0019492, 0, 0, 4.85064e-20, 0, 0, 0.00531885, 4.17205e-12, 0, 27.05, 0.96884, 2.33378, 291.893
3109, 1.08725e-12, 0.00343368, 0.00191072, 0, 0, 2.93424e-20, 0, 0, 0.0053444, 2.53685e-12, 0, 27.5474, 0.96882, 2.33126, 291.917
3110, 3.98994e-13, 0.00366734, 0.00173484, 0, 0, 1.05407e-20, 0, 0, 0.00540218, 9.29888e-13, 0, 28.5498, 0.9688, 2.32861, 292.051
3111, 5.84875e-13, 0.00388702, 0.00157608, 0, 0, 1.56173e-20, 0, 0, 0.00546309, 1.35753e-12, 0, 28.1674, 0.96878, 2.32583, 292.194
3112, 2.14702e-12, 0.00363926, 0.00180442, 0, 0, 5.80516e-20, 0, 0, 0.00544368, 4.97973e-12, 0, 26.8669, 0.96876, 2.32297, 292.064
3113, 4.06939e-12, 0.00320235, 0.00218768, 0, 0, 1.10206e-19, 0, 0, 0.00539003, 9.43642e-12, 0, 26.2275, 0.96874, 2.31956, 291.817
3114, 3.65574e-12, 0.0032664, 0.00215094, 0, 0, 9.87451e-20, 0, 0, 0.00541733, 8.47339e-12, 0, 26.3347, 0.96872, 2.31293, 291.846
3115, 2.65114e-12, 0.00367692, 0.00182577, 0, 0, 7.35484e-20, 0, 0, 0.00550268, 6.12439e-12, 0, 26.656, 0.9687, 2.30066, 292.07
3116, 8.122e-12, 0.00365191, 0.00186885, 0, 0, 2.47359e-19, 0, 0, 0.00552077, 1.87046e-11, 0, 25.5364, 0.96868, 2.29082, 292.067
3117, 3.14318e-11, 0.00313959, 0.00232473, 0, 0, 1.03068e-18, 0, 0, 0.00546431, 7.23725e-11, 0, 24.1832, 0.96866, 2.29286, 291.813
3118, 8.30409e-11, 0.00274572, 0.00268584, 0, 0, 2.89356e-18, 0, 0, 0.00543156, 1.91113e-10, 0, 23.2117, 0.96864, 2.29945, 291.638
3119, 1.46206e-10, 0.0025921, 0.00284381, 0, 0, 5.31785e-18, 0, 0, 0.00543591, 3.36194e-10, 0, 22.646, 0.96862, 2.30074, 291.589
3120, 1.79024e-10, 0.00256146, 0.00289256, 0, 0, 6.67003e-18, 0, 0, 0.00545401, 4.1106e-10, 0, 22.4435, 0.9686, 2.29691, 291.586
3121, 1.64929e-10, 0.0025981, 0.00287927, 0, 0, 6.14344e-18, 0, 0, 0.00547737, 3.78013e-10, 0, 22.5255, 0.96858, 2.29215, 291.601
3122, 1.331e-10, 0.00264859, 0.00285313, 0, 0, 4.84082e-18, 0, 0, 0.00550172, 3.04694e-10, 0, 22.7399, 0.96856, 2.29055, 291.619
3123, 9.81695e-11, 0.00275578, 0.00277745, 0, 0, 3.44583e-18, 0, 0, 0.00553322, 2.24632e-10, 0, 23.0443, 0.96854, 2.29042, 291.661
3124, 5.25026e-11, 0.00307341, 0.00251693, 0, 0, 1.76196e-18, 0, 0, 0.00559034, 1.20084e-10, 0, 23.6702, 0.96852, 2.28886, 291.787
3125, 1.65111e-11, 0.00352547, 0.00214043, 0, 0, 5.28329e-19, 0, 0, 0.00566591, 3.77471e-11, 0, 24.827, 0.9685, 2.28627, 291.971
3126, 2.7112e-12, 0.00392077, 0.00182144, 0, 0, 8.31214e-20, 0, 0, 0.00574222, 6.19612e-12, 0, 26.6336, 0.96848, 2.28345, 292.155
3127, 4.33628e-13, 0.00421111, 0.00159694, 0, 0, 1.23624e-20, 0, 0, 0.00580806, 9.86041e-13, 0, 28.4666, 0.96846, 2.28015, 292.303
3128, 2.74497e-12, 0.00416416, 0.00165458, 0, 0, 7.92401e-20, 0, 0, 0.00581874, 6.2064e-12, 0, 26.6213, 0.96844, 2.27559, 292.273
3129, 1.72219e-11, 0.00373046, 0.00204811, 0, 0, 5.17785e-19, 0, 0, 0.00577857, 3.89151e-11, 0, 24.7848, 0.96842, 2.27087, 292.081
3130, 5.60394e-11, 0.00312123, 0.00260158, 0, 0, 1.749e-18, 0, 0, 0.00572281, 1.26605e-10, 0, 23.605, 0.9684, 2.26757, 291.838
3131, 1.01706e-10, 0.0027369, 0.00296093, 0, 0, 3.27965e-18, 0, 0, 0.00569783, 2.29832e-10, 0, 23.0089, 0.96838, 2.26558, 291.693
3132, 1.20012e-10, 0.00266317, 0.00304595, 0, 0, 3.97967e-18, 0, 0, 0.00570911, 2.71276e-10, 0, 22.8434, 0.96836, 2.26483, 291.666
3133, 1.27694e-10, 0.00266992, 0.00306032, 0, 0, 4.38501e-18, 0, 0, 0.00573024, 2.8852e-10, 0, 22.7814, 0.96834, 2.26356, 291.671
3134, 1.55193e-10, 0.00262508, 0.00312357, 0, 0, 5.64424e-18, 0, 0, 0.00574866, 3.50238e-10, 0, 22.5864, 0.96832, 2.2606, 291.667
3135, 1.84439e-10, 0.00257437, 0.00319249, 0, 0, 6.98262e-18, 0, 0, 0.00576685, 4.15656e-10, 0, 22.4137, 0.9683, 2.25643, 291.662
3136, 1.793e-10, 0.00257338, 0.00321496, 0, 0, 6.79136e-18, 0, 0, 0.00578834, 4.03669e-10, 0, 22.442, 0.96828, 2.253, 291.668
3137, 1.29256e-10, 0.00268654, 0.00313384, 0, 0, 4.74813e-18, 0, 0, 0.00582038, 2.90915e-10, 0, 22.7692, 0.96826, 2.25126, 291.706
3138, 6.49769e-11, 0.00309075, 0.00279771, 0, 0, 2.27619e-18, 0, 0, 0.00588846, 1.46251e-10, 0, 23.457, 0.96824, 2.24922, 291.859
3139, 2.16144e-11, 0.00373168, 0.00225963, 0, 0, 7.11667e-19, 0, 0, 0.00599132, 4.86375e-11, 0, 24.5577, 0.96822, 2.24633, 292.118
3140, 8.47461e-12, 0.00387888, 0.00215059, 0, 0, 2.28345e-19, 0, 0, 0.00602947, 1.90059e-11, 0, 25.4939, 0.9682, 2.24402, 292.172
3141, 1.30872e-11, 0.0033915, 0.00258977, 0, 0, 3.23679e-19, 0, 0, 0.00598127, 2.92652e-11, 0, 25.0594, 0.96818, 2.24203, 291.96
3142, 2.44464e-11, 0.0030044, 0.00294582, 0, 0, 6.78239e-19, 0, 0, 0.00595021, 5.46353e-11, 0, 24.4345, 0.96816, 2.23974, 291.799
3143, 3.59421e-11, 0.00287861, 0.00307926, 0, 0, 1.07304e-18, 0, 0, 0.00595787, 8.03012e-11, 0, 24.0491, 0.96814, 2.23723, 291.76
3144, 3.23044e-11, 0.00299164, 0.00300023, 0, 0, 9.76535e-19, 0, 0, 0.00599187, 7.21531e-11, 0, 24.1558, 0.96812, 2.23444, 291.803
3145, 1.54468e-11, 0.00349315, 0.00257952, 0, 0, 4.60722e-19, 0, 0, 0.00607268, 3.44906e-11, 0, 24.8936, 0.9681, 2.23125, 291.989
3146, 4.13362e-12, 0.00411658, 0.00206163, 0, 0, 1.19217e-19, 0, 0, 0.00617821, 9.22131e-12, 0, 26.2119, 0.96808, 2.22754, 292.247
3147, 3.28854e-12, 0.00408539, 0.00211249, 0, 0, 8.77375e-20, 0, 0, 0.00619788, 7.29958e-12, 0, 26.4406, 0.96806, 2.22399, 292.243
3148, 1.01927e-11, 0.00344898, 0.00268562, 0, 0, 2.81346e-19, 0, 0, 0.0061346, 2.2599e-11, 0, 25.3094, 0.96804, 2.22167, 291.989
3149, 2.58986e-11, 0.00300644, 0.00309486, 0, 0, 7.74452e-19, 0, 0, 0.0061013, 5.73775e-11, 0, 24.3768, 0.96802, 2.22008, 291.824
3150, 5.37801e-11, 0.00284883, 0.00325973, 0, 0, 1.7315e-18, 0, 0, 0.00610856, 1.19063e-10, 0, 23.6461, 0.968, 2.21814, 291.783
3151, 8.46645e-11, 0.00275558, 0.00336955, 0, 0, 2.85001e-18, 0, 0, 0.00612513, 1.87301e-10, 0, 23.1923, 0.96798, 2.21571, 291.771
3152, 1.07527e-10, 0.00270034, 0.00344435, 0, 0, 3.70769e-18, 0, 0, 0.00614469, 2.37669e-10, 0, 22.9533, 0.96796, 2.21311, 291.767
3153, 1.02985e-10, 0.00276242, 0.00341057, 0, 0, 3.55792e-18, 0, 0, 0.00617298, 2.27481e-10, 0, 22.9964, 0.96794, 2.21046, 291.79
3154, 6.32405e-11, 0.00302348, 0.00319312, 0, 0, 2.13526e-18, 0, 0, 0.0062166, 1.39615e-10, 0, 23.4841, 0.96792, 2.20779, 291.858
3155, 2.91797e-11, 0.0032652, 0.00299327, 0, 0, 9.32201e-19, 0, 0, 0.00625847, 6.4346e-11, 0, 24.2575, 0.9679, 2.20498, 291.921
3156, 1.8304e-11, 0.00328767, 0.00299509, 0, 0, 5.39686e-19, 0, 0, 0.00628276, 4.02751e-11, 0, 24.7239, 0.96788, 2.20175, 291.93
3157, 2.00185e-11, 0.00315715, 0.00313641, 0, 0, 5.29561e-19, 0, 0, 0.00629356, 4.39217e-11, 0, 24.6344, 0.96786, 2.19843, 291.9
3158, 3.56011e-11, 0.00292482, 0.00337083, 0, 0, 9.2091e-19, 0, 0, 0.00629565, 7.79891e-11, 0, 24.0586, 0.96784, 2.19593, 291.843
3159, 5.54358e-11, 0.00277372, 0.0035321, 0, 0, 1.55372e-18, 0, 0, 0.00630582, 1.21391e-10, 0, 23.6158, 0.96782, 2.19362, 291.81
3160, 7.24026e-11, 0.00275937, 0.00356749, 0, 0, 2.3907e-18, 0, 0, 0.00632687, 1.58399e-10, 0, 23.3488, 0.9678, 2.19092, 291.81
3161, 1.15136e-10, 0.00272632, 0.00362206, 0, 0, 4.50121e-18, 0, 0, 0.00634839, 2.51581e-10, 0, 22.8849, 0.96778, 2.18857, 291.811
3162, 1.81876e-10, 0.00263102, 0.00373626, 0, 0, 7.72201e-18, 0, 0, 0.00636729, 3.97054e-10, 0, 22.4277, 0.96776, 2.18637, 291.803
3163, 2.37114e-10, 0.00256267, 0.00382475, 0, 0, 1.05127e-17, 0, 0, 0.00638741, 5.17164e-10, 0, 22.1625, 0.96774, 2.18386, 291.8
3164, 2.62887e-10, 0.00253732, 0.00387217, 0, 0, 1.16835e-17, 0, 0, 0.00640949, 5.72829e-10, 0, 22.0593, 0.96772, 2.1813, 291.802
3165, 2.47722e-10, 0.00254002, 0.00389279, 0, 0, 1.03688e-17, 0, 0, 0.00643281, 5.39259e-10, 0, 22.1187, 0.9677, 2.1788, 291.807
3166, 2.06007e-10, 0.00255713, 0.00389965, 0, 0, 7.61473e-18, 0, 0, 0.00645679, 4.47901e-10, 0, 22.3031, 0.96768, 2.17627, 291.814
3167, 1.83225e-10, 0.00256815, 0.0039124, 0, 0, 6.13619e-18, 0, 0, 0.00648055, 3.97752e-10, 0, 22.4203, 0.96766, 2.17366, 291.821
3168, 1.87417e-10, 0.00257123, 0.00393273, 0, 0, 6.43695e-18, 0, 0, 0.00650396, 4.06384e-10, 0, 22.3977, 0.96764, 2.17104, 291.826
3169, 1.8653e-10, 0.00258059, 0.00394709, 0, 0, 6.85016e-18, 0, 0, 0.00652768, 4.04075e-10, 0, 22.4024, 0.96762, 2.16838, 291.831
3170, 1.77659e-10, 0.00261055, 0.00394205, 0, 0, 6.91834e-18, 0, 0, 0.0065526, 3.84456e-10, 0, 22.4512, 0.9676, 2.16553, 291.84
3171, 1.39347e-10, 0.00273689, 0.00384629, 0, 0, 5.44242e-18, 0, 0, 0.00658318, 3.01274e-10, 0, 22.6941, 0.96758, 2.16258, 291.865
3172, 7.91852e-11, 0.00297635, 0.00364624, 0, 0, 2.90744e-18, 0, 0, 0.00662259, 1.71022e-10, 0, 23.2592, 0.96756, 2.16002, 291.915
3173, 5.72825e-11, 0.00309827, 0.00355895, 0, 0, 1.87638e-18, 0, 0, 0.00665722, 1.23467e-10, 0, 23.583, 0.96754, 2.15778, 291.951
3174, 8.1719e-11, 0.0029312, 0.00373947, 0, 0, 2.55121e-18, 0, 0, 0.00667068, 1.75897e-10, 0, 23.2277, 0.96752, 2.1554, 291.926
3175, 9.99798e-11, 0.00272057, 0.00395802, 0, 0, 3.0139e-18, 0, 0, 0.00667859, 2.15001e-10, 0, 23.0261, 0.9675, 2.15282, 291.886
3176, 1.08936e-10, 0.00264159, 0.00405464, 0, 0, 3.28215e-18, 0, 0, 0.00669623, 2.33917e-10, 0, 22.9403, 0.96748, 2.15009, 291.874
3177, 1.31914e-10, 0.00261271, 0.00410586, 0, 0, 4.1515e-18, 0, 0, 0.00671857, 2.82809e-10, 0, 22.7489, 0.96746, 2.14689, 291.874
3178, 1.49737e-10, 0.0025961, 0.00414584, 0, 0, 4.84633e-18, 0, 0, 0.00674194, 3.20489e-10, 0, 22.6221, 0.96744, 2.14293, 291.877
3179, 1.48871e-10, 0.00260991, 0.00415715, 0, 0, 4.97417e-18, 0, 0, 0.00676706, 3.18275e-10, 0, 22.6279, 0.96742, 2.13974, 291.885
3180, 1.22349e-10, 0.00273759, 0.00406261, 0, 0, 4.16762e-18, 0, 0, 0.0068002, 2.61508e-10, 0, 22.8241, 0.9674, 2.13822, 291.914
3181, 7.45956e-11, 0.00305796, 0.00379039, 0, 0, 2.48633e-18, 0, 0, 0.00684835, 1.59394e-10, 0, 23.3189, 0.96738, 2.13633, 291.985
3182, 4.45048e-11, 0.00325375, 0.00363345, 0, 0, 1.35587e-18, 0, 0, 0.0068872, 9.48954e-11, 0, 23.8354, 0.96736, 2.13296, 292.03
3183, 4.71567e-11, 0.00304851, 0.00384528, 0, 0, 1.29843e-18, 0, 0, 0.0068938, 1.00297e-10, 0, 23.7775, 0.96734, 2.12956, 291.986
3184, 5.0556e-11, 0.00282933, 0.00406961, 0, 0, 1.30611e-18, 0, 0, 0.00689895, 1.07428e-10, 0, 23.7079, 0.96732, 2.1277, 291.938
3185, 5.80707e-11, 0.00275184, 0.00416546, 0, 0, 1.50645e-18, 0, 0, 0.0069173, 1.23304e-10, 0, 23.5694, 0.9673, 2.12652, 291.926
3186, 8.00542e-11, 0.00268995, 0.0042494, 0, 0, 2.1689e-18, 0, 0, 0.00693935, 1.69859e-10, 0, 23.2483, 0.96728, 2.12463, 291.924
3187, 8.46654e-11, 0.00267158, 0.00429166, 0, 0, 2.30522e-18, 0, 0, 0.00696324, 1.7952e-10, 0, 23.1923, 0.96726, 2.12207, 291.927
3188, 6.07955e-11, 0.00274025, 0.00424997, 0, 0, 1.63672e-18, 0, 0, 0.00699022, 1.28816e-10, 0, 23.5235, 0.96724, 2.11931, 291.938
3189, 3.1628e-11, 0.00295214, 0.0040741, 0, 0, 8.36232e-19, 0, 0, 0.00702624, 6.69647e-11, 0, 24.177, 0.96722, 2.1168, 291.973
3190, 1.2169e-11, 0.00351464, 0.00358182, 0, 0, 3.10327e-19, 0, 0, 0.00709646, 2.57491e-11, 0, 25.1321, 0.9672, 2.11443, 292.099
3191, 3.04581e-12, 0.00438228, 0.00282559, 0, 0, 7.37304e-20, 0, 0, 0.00720786, 6.44198e-12, 0, 26.5173, 0.96718, 2.11166, 292.332
3192, 8.77512e-13, 0.00466811, 0.00259437, 0, 0, 1.86967e-20, 0, 0, 0.00726248, 1.84995e-12, 0, 27.7617, 0.96716, 2.1086, 292.413
3193, 2.84639e-12, 0.00399447, 0.00321923, 0, 0, 6.18983e-20, 0, 0, 0.0072137, 5.98356e-12, 0, 26.585, 0.96714, 2.10618, 292.224
3194, 8.49845e-12, 0.00327391, 0.00389582, 0, 0, 1.98766e-19, 0, 0, 0.00716973, 1.78576e-11, 0, 25.4911, 0.96712, 2.10426, 292.046
3195, 1.31432e-11, 0.00304198, 0.00413449, 0, 0, 3.19872e-19, 0, 0, 0.00717646, 2.76068e-11, 0, 25.0551, 0.9671, 2.10205, 292.002
3196, 1.02718e-11, 0.00329805, 0.00392166, 0, 0, 2.51998e-19, 0, 0, 0.0072197, 2.15678e-11, 0, 25.3016, 0.96708, 2.09954, 292.054
3197, 3.94211e-12, 0.00401605, 0.00329198, 0, 0, 9.53178e-20, 0, 0, 0.00730803, 8.27487e-12, 0, 26.2593, 0.96706, 2.09685, 292.223
3198, 7.31226e-13, 0.00484139, 0.00257378, 0, 0, 1.71499e-20, 0, 0, 0.00741518, 1.53445e-12, 0, 27.9441, 0.96704, 2.09402, 292.437
3199, 1.00167e-13, 0.00498728, 0.00246297, 0, 0, 2.13131e-21, 0, 0, 0.00745025, 2.09692e-13, 0, 29.9319, 0.96702, 2.09106, 292.465
3200, 1.04366e-13, 0.00453326, 0.00289194, 0, 0, 2.00155e-21, 0, 0, 0.00742521, 2.17695e-13, 0, 29.8909, 0.967, 2.08836, 292.34
3201, 1.22483e-13, 0.00453504, 0.0029238, 0, 0, 2.34528e-21, 0, 0, 0.00745884, 2.55467e-13, 0, 29.7308, 0.96698, 2.08636, 292.364
3202, 6.75291e-14, 0.00517612, 0.00238679, 0, 0, 1.29125e-21, 0, 0, 0.00756292, 1.40816e-13, 0, 30.3262, 0.96696, 2.08443, 292.566
3203, 4.08958e-14, 0.00519566, 0.00239117, 0, 0, 7.70749e-22, 0, 0, 0.00758683, 8.50689e-14, 0, 30.8277, 0.96694, 2.08211, 292.565
3204, 6.75695e-14, 0.00451402, 0.00301525, 0, 0, 1.2724e-21, 0, 0, 0.00752926, 1.40352e-13, 0, 30.3256, 0.96692, 2.07963, 292.358
3205, 7.08496e-14, 0.00449401, 0.00305762, 0, 0, 1.34233e-21, 0, 0, 0.00755162, 1.47139e-13, 0, 30.2782, 0.9669, 2.07718, 292.353
3206, 3.31546e-14, 0.00515913, 0.00249, 0, 0, 6.31259e-22, 0, 0, 0.00764913, 6.88462e-14, 0, 31.0376, 0.96688, 2.07468, 292.536
3207, 7.70449e-15, 0.00530263, 0.00237917, 0, 0, 1.46601e-22, 0, 0, 0.0076818, 1.5989e-14, 0, 32.497, 0.96686, 2.07208, 292.556
3208, 2.20506e-15, 0.00511209, 0.00256578, 0, 0, 4.11567e-23, 0, 0, 0.00767787, 4.56564e-15, 0, 33.748, 0.96684, 2.06962, 292.485
3209, 1.04518e-15, 0.00533126, 0.0023957, 0, 0, 1.91068e-23, 0, 0, 0.00772696, 2.16196e-15, 0, 34.4946, 0.96682, 2.06734, 292.545
3210, 6.18587e-16, 0.0053719, 0.00238272, 0, 0, 8.50818e-24, 0, 0, 0.00775462, 1.27535e-15, 0, 35.0191, 0.9668, 2.06504, 292.552
3211, 3.97121e-15, 0.00495638, 0.00277443, 0, 0, 6.03556e-23, 0, 0, 0.00773081, 8.16293e-15, 0, 33.1597, 0.96678, 2.06261, 292.431
3212, 2.99644e-14, 0.0046451, 0.00308096, 0, 0, 5.48237e-22, 0, 0, 0.00772606, 6.15639e-14, 0, 31.1388, 0.96676, 2.06013, 292.358
3213, 1.20786e-13, 0.00462441, 0.00313404, 0, 0, 2.33565e-21, 0, 0, 0.00775844, 2.48123e-13, 0, 29.7448, 0.96674, 2.05765, 292.377
3214, 2.25851e-13, 0.00457176, 0.00320972, 0, 0, 4.41709e-21, 0, 0, 0.00778147, 4.63863e-13, 0, 29.1189, 0.96672, 2.05519, 292.372
3215, 2.3069e-13, 0.00461567, 0.00319014, 0, 0, 4.40956e-21, 0, 0, 0.00780581, 4.73395e-13, 0, 29.0977, 0.9667, 2.05259, 292.371
3216, 2.36528e-13, 0.00457986, 0.00324577, 0, 0, 4.31409e-21, 0, 0, 0.00782564, 4.84529e-13, 0, 29.0727, 0.96668, 2.04997, 292.358
3217, 2.79917e-13, 0.00447487, 0.00336753, 0, 0, 5.08051e-21, 0, 0, 0.00784241, 5.72654e-13, 0, 28.9043, 0.96666, 2.04771, 292.338
3218, 5.29376e-13, 0.00438209, 0.00348079, 0, 0, 9.06684e-21, 0, 0, 0.00786287, 1.08082e-12, 0, 28.2671, 0.96664, 2.04555, 292.326
3219, 1.35708e-12, 0.00393567, 0.00391866, 0, 0, 2.08709e-20, 0, 0, 0.00785433, 2.76834e-12, 0, 27.3257, 0.96662, 2.04321, 292.244
3220, 2.04946e-12, 0.003549, 0.00429903, 0, 0, 2.86321e-20, 0, 0, 0.00784803, 4.17949e-12, 0, 26.9134, 0.9666, 2.0407, 292.168
3221, 1.48364e-12, 0.00380022, 0.00409136, 0, 0, 1.91377e-20, 0, 0, 0.00789158, 3.02506e-12, 0, 27.2365, 0.96658, 2.038, 292.213
3222, 4.88535e-13, 0.00462765, 0.00335959, 0, 0, 5.8803e-21, 0, 0, 0.00798724, 9.95958e-13, 0, 28.3474, 0.96656, 2.03538, 292.382
3223, 7.22837e-14, 0.00543859, 0.00264675, 0, 0, 8.08768e-22, 0, 0, 0.00808534, 1.47339e-13, 0, 30.2582, 0.96654, 2.03313, 292.555
3224, 5.56443e-15, 0.00583487, 0.00231524, 0, 0, 6.08346e-23, 0, 0, 0.00815011, 1.13294e-14, 0, 32.8224, 0.96652, 2.03096, 292.647
3225, 9.29141e-15, 0.00587437, 0.00231012, 0, 0, 1.64862e-22, 0, 0, 0.00818449, 1.8776e-14, 0, 32.3097, 0.9665, 2.02863, 292.667
3226, 6.18083e-14, 0.00544833, 0.00272518, 0, 0, 1.11397e-21, 0, 0, 0.0081735, 1.24876e-13, 0, 30.4147, 0.96648, 2.02621, 292.58
3227, 1.82774e-13, 0.00462894, 0.00349615, 0, 0, 3.30926e-21, 0, 0, 0.00812509, 3.69253e-13, 0, 29.3305, 0.96646, 2.02343, 292.405
3228, 2.36071e-13, 0.00433819, 0.00378442, 0, 0, 4.2862e-21, 0, 0, 0.00812262, 4.76901e-13, 0, 29.0746, 0.96644, 2.01981, 292.338
3229, 1.33524e-13, 0.00506504, 0.00314813, 0, 0, 2.42632e-21, 0, 0, 0.00821318, 2.69719e-13, 0, 29.6445, 0.96642, 2.01641, 292.49
3230, 4.50537e-14, 0.00571394, 0.0025824, 0, 0, 8.29818e-22, 0, 0, 0.00829634, 9.07716e-14, 0, 30.7309, 0.9664, 2.01465, 292.623
3231, 2.04204e-13, 0.00546869, 0.00282332, 0, 0, 4.04876e-21, 0, 0, 0.00829201, 4.08703e-13, 0, 29.2197, 0.96638, 2.01302, 292.552
3232, 1.62189e-12, 0.00476382, 0.00349411, 0, 0, 3.35895e-20, 0, 0, 0.00825793, 3.24664e-12, 0, 27.1474, 0.96636, 2.01006, 292.412
3233, 6.91125e-12, 0.00389958, 0.00433029, 0, 0, 1.49265e-19, 0, 0, 0.00822987, 1.38391e-11, 0, 25.6979, 0.96634, 2.00719, 292.286
3234, 1.6973e-11, 0.00314884, 0.00506568, 0, 0, 3.76709e-19, 0, 0, 0.00821452, 3.39887e-11, 0, 24.7994, 0.96632, 2.00558, 292.19
3235, 2.69209e-11, 0.002807, 0.0054178, 0, 0, 5.88954e-19, 0, 0, 0.0082248, 5.3887e-11, 0, 24.3381, 0.9663, 2.00428, 292.153
3236, 3.07593e-11, 0.00273895, 0.00551086, 0, 0, 6.3006e-19, 0, 0, 0.00824981, 6.15212e-11, 0, 24.2048, 0.96628, 2.00228, 292.15
3237, 2.66665e-11, 0.00284364, 0.00543876, 0, 0, 5.12197e-19, 0, 0, 0.0082824, 5.32931e-11, 0, 24.3476, 0.96626, 1.99979, 292.166
3238, 1.63379e-11, 0.00321566, 0.00511343, 0, 0, 3.04859e-19, 0, 0, 0.00832909, 3.26322e-11, 0, 24.8375, 0.96624, 1.99696, 292.213
3239, 6.53393e-12, 0.00369938, 0.00468314, 0, 0, 1.14707e-19, 0, 0, 0.00838251, 1.30406e-11, 0, 25.754, 0.96622, 1.99439, 292.275
3240, 3.47038e-12, 0.00378527, 0.00462798, 0, 0, 4.21094e-20, 0, 0, 0.00841325, 6.90799e-12, 0, 26.3868, 0.9662, 1.99258, 292.285
3241, 6.09888e-12, 0.00345129, 0.00497127, 0, 0, 6.33502e-20, 0, 0, 0.00842257, 1.21223e-11, 0, 25.8229, 0.96618, 1.99074, 292.246
3242, 7.9081e-12, 0.00329983, 0.00514411, 0, 0, 8.96141e-20, 0, 0, 0.00844394, 1.57153e-11, 0, 25.5631, 0.96616, 1.98852, 292.234
3243, 4.9812e-12, 0.0038649, 0.0046428, 0, 0, 6.10957e-20, 0, 0, 0.0085077, 9.89737e-12, 0, 26.0254, 0.96614, 1.98604, 292.319
3244, 1.49951e-12, 0.00478822, 0.00380601, 0, 0, 1.95492e-20, 0, 0, 0.00859423, 2.97889e-12, 0, 27.2259, 0.96612, 1.98318, 292.453
3245, 2.17888e-13, 0.00530956, 0.00334526, 0, 0, 2.97429e-21, 0, 0, 0.00865482, 4.3276e-13, 0, 29.1548, 0.9661, 1.98028, 292.528
3246, 1.5613e-14, 0.00548638, 0.00321128, 0, 0, 2.20301e-22, 0, 0, 0.00869766, 3.1001e-14, 0, 31.7907, 0.96608, 1.97816, 292.563
3247, 2.89394e-15, 0.00562326, 0.00311801, 0, 0, 2.71304e-23, 0, 0, 0.00874127, 5.70003e-15, 0, 33.4762, 0.96606, 1.97652, 292.6
3248, 5.30791e-14, 0.00548182, 0.00327235, 0, 0, 4.81713e-22, 0, 0, 0.00875417, 1.04296e-13, 0, 30.567, 0.96604, 1.97454, 292.568
3249, 6.40718e-13, 0.00501571, 0.00372573, 0, 0, 6.83013e-21, 0, 0, 0.00874144, 1.25885e-12, 0, 28.0762, 0.96602, 1.97225, 292.479
3250, 3.85391e-12, 0.00419455, 0.00452023, 0, 0, 4.86339e-20, 0, 0, 0.00871478, 7.57053e-12, 0, 26.2819, 0.966, 1.96988, 292.36
3251, 1.24067e-11, 0.00333586, 0.00536223, 0, 0, 1.83312e-19, 0, 0, 0.00869808, 2.43604e-11, 0, 25.1128, 0.96598, 1.96754, 292.263
3252, 2.39126e-11, 0.00285326, 0.00585451, 0, 0, 3.93159e-19, 0, 0, 0.00870777, 4.69154e-11, 0, 24.4566, 0.96596, 1.96521, 292.224
3253, 3.18079e-11, 0.00269755, 0.00603429, 0, 0, 5.46737e-19, 0, 0, 0.00873184, 6.23399e-11, 0, 24.1713, 0.96594, 1.96284, 292.217
3254, 3.48674e-11, 0.00266561, 0.00609432, 0, 0, 6.30958e-19, 0, 0, 0.00875994, 6.82659e-11, 0, 24.0795, 0.96592, 1.96056, 292.219
3255, 3.51283e-11, 0.00266405, 0.00612491, 0, 0, 6.76494e-19, 0, 0, 0.00878895, 6.87206e-11, 0, 24.072, 0.9659, 1.9584, 292.223
3256, 3.10607e-11, 0.00268688, 0.00613186, 0, 0, 5.89439e-19, 0, 0, 0.00881873, 6.0712e-11, 0, 24.1951, 0.96588, 1.95618, 292.228
3257, 2.23625e-11, 0.00277033, 0.00608003, 0, 0, 3.87411e-19, 0, 0, 0.00885036, 4.36691e-11, 0, 24.5236, 0.96586, 1.95389, 292.237
3258, 1.21329e-11, 0.00306662, 0.00582539, 0, 0, 1.85894e-19, 0, 0, 0.008892, 2.36729e-11, 0, 25.1351, 0.96584, 1.95159, 292.268
3259, 4.5217e-12, 0.00392856, 0.00504255, 0, 0, 6.17963e-20, 0, 0, 0.0089711, 8.81681e-12, 0, 26.1221, 0.96582, 1.94931, 292.379
3260, 1.05736e-12, 0.00523848, 0.00384741, 0, 0, 1.32492e-20, 0, 0, 0.00908589, 2.06078e-12, 0, 27.5752, 0.9658, 1.94706, 292.566
3261, 1.41989e-13, 0.00588968, 0.00325926, 0, 0, 1.66963e-21, 0, 0, 0.00914894, 2.76639e-13, 0, 29.583, 0.96578, 1.9448, 292.64
3262, 2.3073e-14, 0.00582797, 0.0033362, 0, 0, 3.29216e-22, 0, 0, 0.00916418, 4.47405e-14, 0, 31.4001, 0.96576, 1.9425, 292.612
3263, 1.50634e-13, 0.00571301, 0.00348216, 0, 0, 2.62041e-21, 0, 0, 0.00919516, 2.91058e-13, 0, 29.5239, 0.96574, 1.94013, 292.618
3264, 8.24051e-13, 0.00492118, 0.00425665, 0, 0, 1.49548e-20, 0, 0, 0.00917783, 1.59196e-12, 0, 27.8245, 0.96572, 1.9377, 292.521
3265, 2.19692e-12, 0.00378562, 0.00534703, 0, 0, 4.1072e-20, 0, 0, 0.00913265, 4.24332e-12, 0, 26.844, 0.9657, 1.9354, 292.366
3266, 2.86617e-12, 0.0034009, 0.00573621, 0, 0, 5.41413e-20, 0, 0, 0.00913711, 5.53459e-12, 0, 26.578, 0.96568, 1.93326, 292.315
3267, 1.92009e-12, 0.00379544, 0.00539211, 0, 0, 3.49529e-20, 0, 0, 0.00918755, 3.70451e-12, 0, 26.9786, 0.96566, 1.93106, 292.362
3268, 1.00882e-12, 0.00417812, 0.005061, 0, 0, 1.37243e-20, 0, 0, 0.00923912, 1.93592e-12, 0, 27.6222, 0.96564, 1.92877, 292.411
3269, 9.44106e-13, 0.00405571, 0.00520479, 0, 0, 7.5076e-21, 0, 0, 0.00926049, 1.79945e-12, 0, 27.6885, 0.96562, 1.92643, 292.396
3270, 7.59428e-13, 0.00434324, 0.00496129, 0, 0, 5.00694e-21, 0, 0, 0.00930453, 1.44556e-12, 0, 27.9062, 0.9656, 1.92408, 292.429
3271, 3.49084e-13, 0.00537057, 0.00403125, 0, 0, 2.22954e-21, 0, 0, 0.00940181, 6.61903e-13, 0, 28.6835, 0.96558, 1.92187, 292.571
3272, 6.23981e-13, 0.0057751, 0.00369032, 0, 0, 4.79812e-21, 0, 0, 0.00946542, 1.16231e-12, 0, 28.1027, 0.96556, 1.91973, 292.643
3273, 2.8378e-12, 0.00475891, 0.00467529, 0, 0, 2.30177e-20, 0, 0, 0.0094342, 5.27658e-12, 0, 26.588, 0.96554, 1.9175, 292.519
3274, 7.60474e-12, 0.00347421, 0.00591689, 0, 0, 6.55893e-20, 0, 0, 0.00939111, 1.41452e-11, 0, 25.6022, 0.96552, 1.91518, 292.37
3275, 1.20278e-11, 0.00289399, 0.00649922, 0, 0, 1.14452e-19, 0, 0, 0.0093932, 2.24007e-11, 0, 25.1438, 0.9655, 1.9128, 292.315
3276, 1.2664e-11, 0.00281426, 0.00660548, 0, 0, 1.33222e-19, 0, 0, 0.00941973, 2.36224e-11, 0, 25.0923, 0.96548, 1.91037, 292.31
3277, 1.00995e-11, 0.00295845, 0.00649658, 0, 0, 1.10931e-19, 0, 0, 0.00945503, 1.88402e-11, 0, 25.3185, 0.96546, 1.90804, 292.324
3278, 5.78465e-12, 0.00350598, 0.00600755, 0, 0, 6.27793e-20, 0, 0, 0.00951353, 1.07804e-11, 0, 25.8758, 0.96544, 1.90592, 292.384
3279, 2.15829e-12, 0.00464268, 0.00497158, 0, 0, 2.30353e-20, 0, 0, 0.00961426, 4.0227e-12, 0, 26.8617, 0.96542, 1.90365, 292.53
3280, 1.61694e-12, 0.00529576, 0.004392, 0, 0, 2.07028e-20, 0, 0, 0.00968776, 3.03262e-12, 0, 27.1505, 0.9654, 1.90076, 292.619
3281, 5.57845e-12, 0.00442561, 0.00523842, 0, 0, 8.52887e-20, 0, 0, 0.00966403, 1.04838e-11, 0, 25.9121, 0.96538, 1.89733, 292.512
3282, 1.43296e-11, 0.00324113, 0.00638642, 0, 0, 2.42997e-19, 0, 0, 0.00962755, 2.69158e-11, 0, 24.9687, 0.96536, 1.89464, 292.379
3283, 2.38768e-11, 0.0027269, 0.00690702, 0, 0, 4.32931e-19, 0, 0, 0.00963392, 4.47885e-11, 0, 24.4581, 0.96534, 1.89306, 292.332
3284, 2.89213e-11, 0.00261356, 0.00704695, 0, 0, 5.31508e-19, 0, 0, 0.00966051, 5.41407e-11, 0, 24.2664, 0.96532, 1.89093, 292.327
3285, 2.92179e-11, 0.00260214, 0.00708912, 0, 0, 5.25317e-19, 0, 0, 0.00969126, 5.45689e-11, 0, 24.2562, 0.9653, 1.88799, 292.329
3286, 2.92799e-11, 0.0025996, 0.0071227, 0, 0, 5.29842e-19, 0, 0, 0.0097223, 5.4587e-11, 0, 24.2541, 0.96528, 1.88533, 292.332
3287, 3.10329e-11, 0.00258676, 0.00716613, 0, 0, 5.81601e-19, 0, 0, 0.0097529, 5.77948e-11, 0, 24.196, 0.96526, 1.88307, 292.335
3288, 3.30087e-11, 0.00256917, 0.00721423, 0, 0, 6.1833e-19, 0, 0, 0.0097834, 6.14098e-11, 0, 24.1342, 0.96524, 1.88109, 292.336
3289, 3.18765e-11, 0.00257339, 0.00724157, 0, 0, 5.50434e-19, 0, 0, 0.00981497, 5.92222e-11, 0, 24.1692, 0.96522, 1.87895, 292.34
3290, 2.51795e-11, 0.00263425, 0.00721453, 0, 0, 3.71938e-19, 0, 0, 0.00984878, 4.6725e-11, 0, 24.405, 0.9652, 1.87572, 292.348
3291, 1.56648e-11, 0.00275887, 0.00712597, 0, 0, 1.87304e-19, 0, 0, 0.00988484, 2.90451e-11, 0, 24.8796, 0.96518, 1.8712, 292.36
3292, 8.6043e-12, 0.00303263, 0.00689417, 0, 0, 8.99426e-20, 0, 0, 0.00992681, 1.59412e-11, 0, 25.4788, 0.96516, 1.86562, 292.384
3293, 4.06077e-12, 0.00373277, 0.00625486, 0, 0, 4.48939e-20, 0, 0, 0.00998763, 7.51513e-12, 0, 26.2296, 0.96514, 1.85869, 292.444
3294, 1.26562e-12, 0.00474702, 0.00531842, 0, 0, 1.53148e-20, 0, 0, 0.0100654, 2.33849e-12, 0, 27.3955, 0.96512, 1.84776, 292.537
3295, 2.22383e-13, 0.00548809, 0.00464821, 0, 0, 2.8075e-21, 0, 0, 0.0101363, 4.0969e-13, 0, 29.1344, 0.9651, 1.82288, 292.616
3296, 2.54781e-14, 0.00556925, 0.00460361, 0, 0, 3.03915e-22, 0, 0, 0.0101729, 4.5663e-14, 0, 31.301, 0.96508, 1.7791, 292.627
3297, 8.55302e-15, 0.00560854, 0.00460188, 0, 0, 8.23056e-23, 0, 0, 0.0102104, 1.39904e-14, 0, 32.3925, 0.96506, 1.75261, 292.641
3298, 7.85609e-15, 0.00649701, 0.00381159, 0, 0, 6.63294e-23, 0, 0, 0.0103086, 1.33545e-14, 0, 32.4775, 0.96504, 1.77755, 292.77
3299, 4.27645e-14, 0.00695692, 0.00341323, 0, 0, 3.12678e-22, 0, 0, 0.0103702, 7.79049e-14, 0, 30.7831, 0.96502, 1.81679, 292.828
3300, 2.85347e-13, 0.00589933, 0.00442928, 0, 0, 2.27749e-21, 0, 0, 0.0103286, 5.2176e-13, 0, 28.8851, 0.965, 1.83721, 292.69
3301, 1.16935e-12, 0.00427286, 0.00599353, 0, 0, 1.08836e-20, 0, 0, 0.0102664, 2.13911e-12, 0, 27.4746, 0.96498, 1.8442, 292.512
3302, 2.74332e-12, 0.00331403, 0.00694102, 0, 0, 2.91869e-20, 0, 0, 0.0102551, 5.0192e-12, 0, 26.6219, 0.96496, 1.84631, 292.432
3303, 3.37392e-12, 0.00329169, 0.00699806, 0, 0, 3.91925e-20, 0, 0, 0.0102897, 6.17249e-12, 0, 26.4149, 0.96494, 1.84631, 292.439
3304, 2.17792e-12, 0.00404542, 0.00631154, 0, 0, 2.66992e-20, 0, 0, 0.010357, 3.983e-12, 0, 26.8527, 0.96492, 1.84479, 292.508
3305, 1.39407e-12, 0.00456356, 0.00585003, 0, 0, 1.79189e-20, 0, 0, 0.0104136, 2.54523e-12, 0, 27.2988, 0.9649, 1.84305, 292.557
3306, 2.43025e-12, 0.00400407, 0.00641582, 0, 0, 3.19715e-20, 0, 0, 0.0104199, 4.42947e-12, 0, 26.743, 0.96488, 1.84238, 292.51
3307, 3.42341e-12, 0.00351619, 0.00691163, 0, 0, 4.44553e-20, 0, 0, 0.0104278, 6.23458e-12, 0, 26.4004, 0.96486, 1.84166, 292.466
3308, 2.68537e-12, 0.0037861, 0.00668284, 0, 0, 3.16746e-20, 0, 0, 0.0104689, 4.88724e-12, 0, 26.6432, 0.96484, 1.84012, 292.485
3309, 2.25686e-12, 0.00379531, 0.00670884, 0, 0, 1.63443e-20, 0, 0, 0.0105042, 4.10342e-12, 0, 26.817, 0.96482, 1.83815, 292.492
3310, 3.81575e-12, 0.0032134, 0.00730416, 0, 0, 1.91402e-20, 0, 0, 0.0105176, 6.93388e-12, 0, 26.2919, 0.9648, 1.83618, 292.458
3311, 5.16433e-12, 0.00291472, 0.0076233, 0, 0, 2.67089e-20, 0, 0, 0.010538, 9.38649e-12, 0, 25.9892, 0.96478, 1.83422, 292.438
3312, 3.76721e-12, 0.00326797, 0.00730744, 0, 0, 1.99934e-20, 0, 0, 0.0105754, 6.84791e-12, 0, 26.3047, 0.96476, 1.83169, 292.449
3313, 1.38297e-12, 0.00398442, 0.00663656, 0, 0, 7.14078e-21, 0, 0, 0.010621, 2.51314e-12, 0, 27.3068, 0.96474, 1.82878, 292.475
3314, 2.48471e-13, 0.00459973, 0.00607042, 0, 0, 1.19685e-21, 0, 0, 0.0106702, 4.51203e-13, 0, 29.0235, 0.96472, 1.82675, 292.508
3315, 2.13572e-14, 0.00513443, 0.00559809, 0, 0, 9.35323e-23, 0, 0, 0.0107325, 3.87462e-14, 0, 31.4774, 0.9647, 1.82541, 292.564
3316, 1.50182e-15, 0.0054402, 0.00534961, 0, 0, 5.09625e-24, 0, 0, 0.0107898, 2.72612e-15, 0, 34.1321, 0.96468, 1.82346, 292.611
3317, 1.43906e-15, 0.00528374, 0.00553429, 0, 0, 3.84668e-24, 0, 0, 0.010818, 2.61711e-15, 0, 34.1748, 0.96466, 1.82083, 292.604
3318, 1.27772e-15, 0.00558509, 0.00528564, 0, 0, 3.40357e-24, 0, 0, 0.0108707, 2.32298e-15, 0, 34.2937, 0.96464, 1.81876, 292.641
3319, 5.91968e-16, 0.00631497, 0.00463578, 0, 0, 1.71122e-24, 0, 0, 0.0109507, 1.07212e-15, 0, 35.0631, 0.96462, 1.81736, 292.728
3320, 1.5261e-15, 0.00627002, 0.00471005, 0, 0, 5.85321e-24, 0, 0, 0.0109801, 2.73404e-15, 0, 34.1161, 0.9646, 1.81544, 292.722
3321, 2.17099e-14, 0.00582516, 0.00515666, 0, 0, 8.50469e-23, 0, 0, 0.0109818, 3.8873e-14, 0, 31.461, 0.96458, 1.81333, 292.667
3322, 1.96171e-13, 0.00548871, 0.00551379, 0, 0, 8.15716e-22, 0, 0, 0.0110025, 3.51162e-13, 0, 29.2598, 0.96456, 1.81167, 292.646
3323, 9.35456e-13, 0.00445251, 0.00654547, 0, 0, 4.21998e-21, 0, 0, 0.010998, 1.67451e-12, 0, 27.6977, 0.96454, 1.81017, 292.579
3324, 2.47169e-12, 0.00327392, 0.00771452, 0, 0, 1.22327e-20, 0, 0, 0.0109884, 4.42458e-12, 0, 26.7261, 0.96452, 1.8084, 292.504
3325, 3.97786e-12, 0.00282541, 0.00818219, 0, 0, 2.22533e-20, 0, 0, 0.0110076, 7.11995e-12, 0, 26.2503, 0.9645, 1.8064, 292.48
3326, 4.07787e-12, 0.00314534, 0.00790838, 0, 0, 2.62849e-20, 0, 0, 0.0110537, 7.29813e-12, 0, 26.2254, 0.96448, 1.80431, 292.505
3327, 2.48229e-12, 0.00418796, 0.00693931, 0, 0, 1.79825e-20, 0, 0, 0.0111273, 4.4424e-12, 0, 26.7218, 0.96446, 1.80224, 292.578
3328, 1.03668e-12, 0.00528175, 0.0059219, 0, 0, 1.03682e-20, 0, 0, 0.0112036, 1.85398e-12, 0, 27.595, 0.96444, 1.80006, 292.655
3329, 1.87287e-12, 0.00531123, 0.00592647, 0, 0, 3.22319e-20, 0, 0, 0.0112377, 3.34338e-12, 0, 27.0035, 0.96442, 1.79766, 292.657
3330, 6.01863e-12, 0.00415815, 0.00706815, 0, 0, 1.10845e-19, 0, 0, 0.0112263, 1.07431e-11, 0, 25.8362, 0.9644, 1.7956, 292.579
3331, 1.19231e-11, 0.00300136, 0.00821401, 0, 0, 2.26925e-19, 0, 0, 0.0112154, 2.12787e-11, 0, 25.1525, 0.96438, 1.79386, 292.501
3332, 1.6539e-11, 0.00254009, 0.00869033, 0, 0, 3.16864e-19, 0, 0, 0.0112304, 2.9501e-11, 0, 24.8253, 0.96436, 1.79173, 292.47
3333, 1.76259e-11, 0.00248358, 0.00877771, 0, 0, 3.15292e-19, 0, 0, 0.0112613, 3.14148e-11, 0, 24.7617, 0.96434, 1.78927, 292.466
3334, 1.53053e-11, 0.00254133, 0.0087568, 0, 0, 2.36608e-19, 0, 0, 0.0112981, 2.72426e-11, 0, 24.9028, 0.96432, 1.78683, 292.473
3335, 1.49993e-11, 0.00253346, 0.00879899, 0, 0, 2.32311e-19, 0, 0, 0.0113325, 2.66401e-11, 0, 24.923, 0.9643, 1.78405, 292.475
3336, 1.67202e-11, 0.00252016, 0.00884608, 0, 0, 3.12899e-19, 0, 0, 0.0113662, 2.96612e-11, 0, 24.8144, 0.96428, 1.78125, 292.476
3337, 1.43207e-11, 0.00283934, 0.00857464, 0, 0, 3.00525e-19, 0, 0, 0.011414, 2.54003e-11, 0, 24.9693, 0.96426, 1.77882, 292.501
3338, 7.70395e-12, 0.00369547, 0.00778719, 0, 0, 1.66968e-19, 0, 0, 0.0114827, 1.36661e-11, 0, 25.5893, 0.96424, 1.77659, 292.562
3339, 2.42886e-12, 0.00465622, 0.00689775, 0, 0, 5.23231e-20, 0, 0, 0.011554, 4.30836e-12, 0, 26.7436, 0.96422, 1.7747, 292.628
3340, 6.99255e-13, 0.00496408, 0.006635, 0, 0, 1.36965e-20, 0, 0, 0.0115991, 1.23754e-12, 0, 27.9888, 0.9642, 1.7731, 292.647
3341, 8.26368e-13, 0.00466191, 0.00695958, 0, 0, 1.53112e-20, 0, 0, 0.0116215, 1.45767e-12, 0, 27.8217, 0.96418, 1.77163, 292.628
3342, 2.33238e-12, 0.00423913, 0.00740186, 0, 0, 4.54538e-20, 0, 0, 0.011641, 4.11226e-12, 0, 26.7841, 0.96416, 1.77014, 292.603
3343, 5.58547e-12, 0.00355384, 0.00809799, 0, 0, 1.06004e-19, 0, 0, 0.0116518, 9.84622e-12, 0, 25.9109, 0.96414, 1.76814, 292.564
3344, 7.12217e-12, 0.00314539, 0.00852577, 0, 0, 1.26018e-19, 0, 0, 0.0116712, 1.25509e-11, 0, 25.6678, 0.96412, 1.76581, 292.539
3345, 4.47818e-12, 0.00366856, 0.00805352, 0, 0, 7.14999e-20, 0, 0, 0.0117221, 7.88806e-12, 0, 26.1318, 0.9641, 1.76364, 292.568
3346, 1.60604e-12, 0.00457421, 0.00721478, 0, 0, 2.41031e-20, 0, 0, 0.011789, 2.82684e-12, 0, 27.1572, 0.96408, 1.76154, 292.624
3347, 1.78907e-12, 0.00476209, 0.00707376, 0, 0, 3.76847e-20, 0, 0, 0.0118358, 3.1417e-12, 0, 27.0493, 0.96406, 1.76013, 292.645
3348, 5.20904e-12, 0.00389665, 0.00794691, 0, 0, 1.2044e-19, 0, 0, 0.0118436, 9.14012e-12, 0, 25.9806, 0.96404, 1.75924, 292.6
3349, 8.8995e-12, 0.00302328, 0.00882358, 0, 0, 2.12216e-19, 0, 0, 0.0118469, 1.56092e-11, 0, 25.445, 0.96402, 1.75779, 292.548
3350, 8.57961e-12, 0.00299122, 0.00889071, 0, 0, 2.06446e-19, 0, 0, 0.0118819, 1.50428e-11, 0, 25.4816, 0.964, 1.75592, 292.549
3351, 6.35216e-12, 0.00321199, 0.00871508, 0, 0, 1.49328e-19, 0, 0, 0.0119271, 1.11271e-11, 0, 25.7822, 0.96398, 1.75396, 292.568
3352, 6.18645e-12, 0.00307205, 0.00888473, 0, 0, 1.40817e-19, 0, 0, 0.0119568, 1.08207e-11, 0, 25.8087, 0.96396, 1.75195, 292.56
3353, 6.12833e-12, 0.00305388, 0.00893657, 0, 0, 1.35349e-19, 0, 0, 0.0119905, 1.07087e-11, 0, 25.8181, 0.96394, 1.74991, 292.558
3354, 4.2628e-12, 0.00353313, 0.00851078, 0, 0, 8.82881e-20, 0, 0, 0.0120439, 7.44359e-12, 0, 26.1811, 0.96392, 1.74791, 292.589
3355, 2.13224e-12, 0.00403219, 0.0080662, 0, 0, 3.55602e-20, 0, 0, 0.0120984, 3.72026e-12, 0, 26.8738, 0.9639, 1.74592, 292.622
3356, 1.25303e-12, 0.0040234, 0.00810974, 0, 0, 1.2422e-20, 0, 0, 0.0121331, 2.18376e-12, 0, 27.4055, 0.96388, 1.74378, 292.622
3357, 1.08192e-12, 0.00404937, 0.00811928, 0, 0, 1.14679e-20, 0, 0, 0.0121687, 1.8823e-12, 0, 27.5523, 0.96386, 1.74167, 292.623
3358, 2.16534e-12, 0.0040442, 0.00816125, 0, 0, 3.56699e-20, 0, 0, 0.0122055, 3.75846e-12, 0, 26.8584, 0.96384, 1.73982, 292.626
3359, 4.73251e-12, 0.00347009, 0.00875217, 0, 0, 8.37723e-20, 0, 0, 0.0122223, 8.2092e-12, 0, 26.0766, 0.96382, 1.73797, 292.596
3360, 5.69188e-12, 0.00326526, 0.00898557, 0, 0, 1.02381e-19, 0, 0, 0.0122508, 9.87007e-12, 0, 25.892, 0.9638, 1.73597, 292.585
3361, 3.6151e-12, 0.00386949, 0.00843874, 0, 0, 6.63181e-20, 0, 0, 0.0123082, 6.26659e-12, 0, 26.3459, 0.96378, 1.73404, 292.621
3362, 1.53677e-12, 0.00439718, 0.00796732, 0, 0, 2.91106e-20, 0, 0, 0.0123645, 2.66123e-12, 0, 27.2013, 0.96376, 1.73218, 292.655
3363, 1.55176e-12, 0.00447144, 0.00793427, 0, 0, 3.00643e-20, 0, 0, 0.0124057, 2.67776e-12, 0, 27.1916, 0.96374, 1.73024, 292.665
3364, 4.07462e-12, 0.00382137, 0.00859658, 0, 0, 7.74888e-20, 0, 0, 0.0124179, 7.01984e-12, 0, 26.2262, 0.96372, 1.72813, 292.627
3365, 7.87578e-12, 0.00287031, 0.00954534, 0, 0, 1.45375e-19, 0, 0, 0.0124157, 1.35597e-11, 0, 25.5672, 0.9637, 1.72583, 292.566
3366, 9.39661e-12, 0.00250737, 0.00992887, 0, 0, 1.68215e-19, 0, 0, 0.0124362, 1.61688e-11, 0, 25.3907, 0.96368, 1.72361, 292.542
3367, 7.00785e-12, 0.0026984, 0.00978396, 0, 0, 1.18521e-19, 0, 0, 0.0124823, 1.20516e-11, 0, 25.684, 0.96366, 1.7217, 292.559
3368, 3.48136e-12, 0.00302755, 0.00950772, 0, 0, 5.15746e-20, 0, 0, 0.0125353, 5.98265e-12, 0, 26.3836, 0.96364, 1.72006, 292.587
3369, 2.0839e-12, 0.00318332, 0.00939662, 0, 0, 2.81791e-20, 0, 0, 0.0125799, 3.57599e-12, 0, 26.8968, 0.96362, 1.71836, 292.601
3370, 2.37034e-12, 0.00329224, 0.00933008, 0, 0, 3.52976e-20, 0, 0, 0.0126223, 4.06251e-12, 0, 26.768, 0.9636, 1.71644, 292.611
3371, 2.78519e-12, 0.00357845, 0.00909145, 0, 0, 4.51315e-20, 0, 0, 0.0126699, 4.76106e-12, 0, 26.6067, 0.96358, 1.71388, 292.63
3372, 4.60676e-12, 0.00341557, 0.0092818, 0, 0, 8.44387e-20, 0, 0, 0.0126974, 7.84208e-12, 0, 26.1035, 0.96356, 1.70966, 292.616
3373, 8.17931e-12, 0.00275565, 0.00994809, 0, 0, 1.71495e-19, 0, 0, 0.0127037, 1.3898e-11, 0, 25.5294, 0.96354, 1.70478, 292.569
3374, 1.09588e-11, 0.00240394, 0.0103179, 0, 0, 2.52958e-19, 0, 0, 0.0127218, 1.86259e-11, 0, 25.2369, 0.96352, 1.70291, 292.541
3375, 1.03804e-11, 0.00260832, 0.0101574, 0, 0, 2.46962e-19, 0, 0, 0.0127657, 1.7666e-11, 0, 25.2911, 0.9635, 1.70401, 292.553
3376, 7.17826e-12, 0.00314788, 0.00967773, 0, 0, 1.61764e-19, 0, 0, 0.0128256, 1.22206e-11, 0, 25.66, 0.96348, 1.70392, 292.59
3377, 6.31155e-12, 0.00321246, 0.00965223, 0, 0, 1.17126e-19, 0, 0, 0.0128647, 1.07141e-11, 0, 25.7886, 0.96346, 1.7012, 292.594
3378, 8.34457e-12, 0.00273759, 0.010144, 0, 0, 1.32154e-19, 0, 0, 0.0128816, 1.41322e-11, 0, 25.5094, 0.96344, 1.69756, 292.564
3379, 7.84682e-12, 0.00264203, 0.0102748, 0, 0, 1.08097e-19, 0, 0, 0.0129168, 1.32851e-11, 0, 25.5709, 0.96342, 1.69591, 292.562
3380, 4.55938e-12, 0.00296028, 0.0100123, 0, 0, 5.09143e-20, 0, 0, 0.0129726, 7.72182e-12, 0, 26.1138, 0.9634, 1.6951, 292.592
3381, 2.63741e-12, 0.00312704, 0.00989532, 0, 0, 2.41739e-20, 0, 0, 0.0130224, 4.46409e-12, 0, 26.6612, 0.96338, 1.69212, 292.612
3382, 2.25567e-12, 0.00321556, 0.0098519, 0, 0, 2.48232e-20, 0, 0, 0.0130675, 3.81392e-12, 0, 26.8176, 0.96336, 1.689, 292.625
3383, 2.39607e-12, 0.00335381, 0.00975833, 0, 0, 3.48522e-20, 0, 0, 0.0131121, 4.04713e-12, 0, 26.7572, 0.96334, 1.68856, 292.637
3384, 3.01912e-12, 0.00337968, 0.00976796, 0, 0, 4.98824e-20, 0, 0, 0.0131476, 5.09436e-12, 0, 26.5261, 0.96332, 1.68876, 292.634
3385, 4.17917e-12, 0.00322384, 0.00994977, 0, 0, 7.96915e-20, 0, 0, 0.0131736, 7.04277e-12, 0, 26.2009, 0.9633, 1.68765, 292.617
3386, 7.45705e-12, 0.00275703, 0.0104272, 0, 0, 1.75083e-19, 0, 0, 0.0131843, 1.25507e-11, 0, 25.6219, 0.96328, 1.68581, 292.577
3387, 1.20415e-11, 0.00228205, 0.0109073, 0, 0, 3.18546e-19, 0, 0, 0.0131893, 2.02466e-11, 0, 25.1427, 0.96326, 1.68356, 292.528
3388, 1.45442e-11, 0.00208737, 0.0111227, 0, 0, 3.96222e-19, 0, 0, 0.0132101, 2.44268e-11, 0, 24.9538, 0.96324, 1.68103, 292.503
3389, 1.42507e-11, 0.00206661, 0.0111807, 0, 0, 3.59542e-19, 0, 0, 0.0132473, 2.39114e-11, 0, 24.9742, 0.96322, 1.67911, 292.503
3390, 1.14963e-11, 0.00216368, 0.0111362, 0, 0, 2.45513e-19, 0, 0, 0.0132999, 1.92799e-11, 0, 25.189, 0.9632, 1.67773, 292.526
3391, 7.00157e-12, 0.00241053, 0.0109571, 0, 0, 1.19452e-19, 0, 0, 0.0133676, 1.17346e-11, 0, 25.6849, 0.96318, 1.67575, 292.572
3392, 4.28324e-12, 0.00260188, 0.0108237, 0, 0, 5.61169e-20, 0, 0, 0.0134256, 7.16472e-12, 0, 26.1763, 0.96316, 1.67325, 292.603
3393, 5.0889e-12, 0.00254881, 0.0109077, 0, 0, 7.10817e-20, 0, 0, 0.0134565, 8.49613e-12, 0, 26.004, 0.96314, 1.671, 292.593
3394, 6.56948e-12, 0.00246692, 0.0110163, 0, 0, 1.16265e-19, 0, 0, 0.0134832, 1.09541e-11, 0, 25.7486, 0.96312, 1.66873, 292.577
3395, 8.13598e-12, 0.00235109, 0.011158, 0, 0, 1.75642e-19, 0, 0, 0.0135091, 1.35395e-11, 0, 25.5347, 0.9631, 1.66604, 292.559
3396, 1.02731e-11, 0.00216572, 0.0113626, 0, 0, 2.28478e-19, 0, 0, 0.0135283, 1.707e-11, 0, 25.3015, 0.96308, 1.66344, 292.531
3397, 1.16301e-11, 0.00205993, 0.0114931, 0, 0, 2.58539e-19, 0, 0, 0.013553, 1.93095e-11, 0, 25.1774, 0.96306, 1.66151, 292.512
3398, 1.22844e-11, 0.00203522, 0.0115505, 0, 0, 3.09308e-19, 0, 0, 0.0135857, 2.03858e-11, 0, 25.1227, 0.96304, 1.66031, 292.504
3399, 1.2761e-11, 0.0020366, 0.0115849, 0, 0, 3.61684e-19, 0, 0, 0.0136215, 2.11648e-11, 0, 25.0846, 0.96302, 1.65936, 292.501
3400, 1.25621e-11, 0.00205426, 0.0116065, 0, 0, 3.53491e-19, 0, 0, 0.0136607, 2.08227e-11, 0, 25.1003, 0.963, 1.65847, 292.503
3401, 1.15044e-11, 0.00209674, 0.0116082, 0, 0, 2.89248e-19, 0, 0, 0.0137049, 1.90576e-11, 0, 25.1883, 0.96298, 1.65739, 292.512
3402, 9.45365e-12, 0.00220488, 0.0115524, 0, 0, 1.99001e-19, 0, 0, 0.0137573, 1.56495e-11, 0, 25.3846, 0.96296, 1.65581, 292.533
3403, 5.8667e-12, 0.00248664, 0.0113398, 0, 0, 1.00826e-19, 0, 0, 0.0138264, 9.7059e-12, 0, 25.8617, 0.96294, 1.65399, 292.578
3404, 2.59726e-12, 0.00285619, 0.0110408, 0, 0, 3.54251e-20, 0, 0, 0.013897, 4.29253e-12, 0, 26.6766, 0.96292, 1.65209, 292.625
3405, 1.79525e-12, 0.00304957, 0.010896, 0, 0, 2.05343e-20, 0, 0, 0.0139455, 2.9598e-12, 0, 27.0459, 0.9629, 1.6499, 292.639
3406, 1.99992e-12, 0.00323599, 0.0107536, 0, 0, 2.40507e-20, 0, 0, 0.0139896, 3.29209e-12, 0, 26.9379, 0.96288, 1.64683, 292.647
3407, 1.82786e-12, 0.0035887, 0.0104533, 0, 0, 2.59708e-20, 0, 0, 0.014042, 3.00338e-12, 0, 27.0279, 0.96286, 1.64338, 292.667
3408, 1.73751e-12, 0.00385996, 0.0102269, 0, 0, 2.8142e-20, 0, 0, 0.0140869, 2.85083e-12, 0, 27.0786, 0.96284, 1.64189, 292.675
3409, 2.50631e-12, 0.00377225, 0.0103397, 0, 0, 4.06289e-20, 0, 0, 0.014112, 4.10808e-12, 0, 26.7122, 0.96282, 1.64176, 292.655
3410, 4.84765e-12, 0.00306518, 0.0110452, 0, 0, 8.33041e-20, 0, 0, 0.0141104, 7.94001e-12, 0, 26.0525, 0.9628, 1.64081, 292.597
3411, 6.89617e-12, 0.00248918, 0.0116292, 0, 0, 1.38748e-19, 0, 0, 0.0141184, 1.12914e-11, 0, 25.7001, 0.96278, 1.63914, 292.552
3412, 6.78818e-12, 0.00248166, 0.011678, 0, 0, 1.57915e-19, 0, 0, 0.0141597, 1.11069e-11, 0, 25.7158, 0.96276, 1.63721, 292.556
3413, 6.95305e-12, 0.00251337, 0.0116844, 0, 0, 1.60643e-19, 0, 0, 0.0141978, 1.13588e-11, 0, 25.6918, 0.96274, 1.63514, 292.554
3414, 7.92229e-12, 0.0023412, 0.0118818, 0, 0, 1.60404e-19, 0, 0, 0.014223, 1.29284e-11, 0, 25.5613, 0.96272, 1.63319, 292.534
3415, 6.4784e-12, 0.00230667, 0.0119647, 0, 0, 1.10786e-19, 0, 0, 0.0142714, 1.05658e-11, 0, 25.7625, 0.9627, 1.6315, 292.547
3416, 4.59365e-12, 0.00240473, 0.0119239, 0, 0, 7.04063e-20, 0, 0, 0.0143286, 7.48156e-12, 0, 26.1063, 0.96268, 1.62974, 292.573
3417, 6.48778e-12, 0.00234374, 0.0120074, 0, 0, 1.26615e-19, 0, 0, 0.0143511, 1.05489e-11, 0, 25.7611, 0.96266, 1.62787, 292.549
3418, 1.04066e-11, 0.00215793, 0.0121952, 0, 0, 2.47161e-19, 0, 0, 0.0143532, 1.69068e-11, 0, 25.2886, 0.96264, 1.62612, 292.496
3419, 1.27428e-11, 0.00204842, 0.0123216, 0, 0, 3.36403e-19, 0, 0, 0.01437, 2.06828e-11, 0, 25.0861, 0.96262, 1.62439, 292.464
3420, 1.35739e-11, 0.00201425, 0.0123863, 0, 0, 3.72089e-19, 0, 0, 0.0144005, 2.20081e-11, 0, 25.0229, 0.9626, 1.62264, 292.451
3421, 1.35091e-11, 0.00201127, 0.0124275, 0, 0, 3.70571e-19, 0, 0, 0.0144388, 2.18805e-11, 0, 25.0277, 0.96258, 1.62088, 292.449
3422, 1.28866e-11, 0.00202238, 0.0124592, 0, 0, 3.40886e-19, 0, 0, 0.0144816, 2.08496e-11, 0, 25.0748, 0.96256, 1.61911, 292.454
3423, 1.25477e-11, 0.002025, 0.0124964, 0, 0, 3.10943e-19, 0, 0, 0.0145214, 2.02768e-11, 0, 25.1015, 0.96254, 1.61735, 292.454
3424, 1.23079e-11, 0.00202821, 0.0125322, 0, 0, 2.80918e-19, 0, 0, 0.0145604, 1.98675e-11, 0, 25.1208, 0.96252, 1.61558, 292.453
3425, 1.09502e-11, 0.00206606, 0.0125437, 0, 0, 2.22204e-19, 0, 0, 0.0146098, 1.76598e-11, 0, 25.2377, 0.9625, 1.61381, 292.466
3426, 8.67759e-12, 0.00213722, 0.0125307, 0, 0, 1.4349e-19, 0, 0, 0.0146679, 1.39815e-11, 0, 25.4703, 0.96248, 1.61202, 292.491
3427, 6.35972e-12, 0.00222982, 0.0124999, 0, 0, 8.29889e-20, 0, 0, 0.0147297, 1.02368e-11, 0, 25.781, 0.96246, 1.61023, 292.521
3428, 4.68399e-12, 0.00229835, 0.0124889, 0, 0, 6.03376e-20, 0, 0, 0.0147872, 7.52824e-12, 0, 26.0869, 0.96244, 1.60843, 292.545
3429, 6.21707e-12, 0.00224245, 0.0125698, 0, 0, 1.18751e-19, 0, 0, 0.0148123, 9.97405e-12, 0, 25.8037, 0.96242, 1.60664, 292.524
3430, 1.03758e-11, 0.00210457, 0.0127073, 0, 0, 2.48691e-19, 0, 0, 0.0148118, 1.66324e-11, 0, 25.2915, 0.9624, 1.60486, 292.468
3431, 1.30588e-11, 0.0020262, 0.0128004, 0, 0, 3.51089e-19, 0, 0, 0.0148266, 2.09178e-11, 0, 25.0616, 0.96238, 1.60307, 292.433
3432, 1.30288e-11, 0.00205212, 0.0128161, 0, 0, 3.81149e-19, 0, 0, 0.0148683, 2.08518e-11, 0, 25.0639, 0.96236, 1.60127, 292.434
3433, 1.12787e-11, 0.00218073, 0.0127471, 0, 0, 3.48364e-19, 0, 0, 0.0149278, 1.80341e-11, 0, 25.2081, 0.96234, 1.59947, 292.46
3434, 9.68423e-12, 0.00229693, 0.0126868, 0, 0, 2.82685e-19, 0, 0, 0.0149838, 1.54648e-11, 0, 25.3605, 0.96232, 1.5977, 292.481
3435, 1.00161e-11, 0.0022299, 0.0127852, 0, 0, 2.51019e-19, 0, 0, 0.0150151, 1.59711e-11, 0, 25.3268, 0.9623, 1.59595, 292.469
3436, 1.10156e-11, 0.00210375, 0.0129357, 0, 0, 2.57141e-19, 0, 0, 0.0150395, 1.75447e-11, 0, 25.2317, 0.96228, 1.59418, 292.446
3437, 1.14519e-11, 0.00205654, 0.0130167, 0, 0, 2.72903e-19, 0, 0, 0.0150733, 1.8221e-11, 0, 25.1929, 0.96226, 1.59241, 292.437
3438, 1.10882e-11, 0.00206725, 0.0130498, 0, 0, 2.63141e-19, 0, 0, 0.015117, 1.7627e-11, 0, 25.2251, 0.96224, 1.59061, 292.441
3439, 9.04278e-12, 0.00214798, 0.0130313, 0, 0, 1.91622e-19, 0, 0, 0.0151793, 1.43643e-11, 0, 25.4291, 0.96222, 1.5888, 292.469
3440, 6.39153e-12, 0.00225295, 0.012995, 0, 0, 1.08393e-19, 0, 0, 0.015248, 1.01413e-11, 0, 25.776, 0.9622, 1.58705, 292.506
3441, 6.03208e-12, 0.00225859, 0.0130325, 0, 0, 1.03578e-19, 0, 0, 0.0152911, 9.55436e-12, 0, 25.8339, 0.96218, 1.58532, 292.509
3442, 8.07472e-12, 0.00219886, 0.0131118, 0, 0, 1.83133e-19, 0, 0, 0.0153107, 1.27751e-11, 0, 25.5423, 0.96216, 1.58354, 292.48
3443, 1.01566e-11, 0.00215449, 0.0131767, 0, 0, 2.73536e-19, 0, 0, 0.0153311, 1.60534e-11, 0, 25.3129, 0.96214, 1.58171, 292.452
3444, 1.13518e-11, 0.0021082, 0.0132501, 0, 0, 3.28786e-19, 0, 0, 0.0153583, 1.7925e-11, 0, 25.2016, 0.96212, 1.57991, 292.433
3445, 1.08912e-11, 0.00211353, 0.0132891, 0, 0, 3.06017e-19, 0, 0, 0.0154026, 1.71823e-11, 0, 25.2431, 0.9621, 1.57818, 292.437
3446, 9.94858e-12, 0.0021441, 0.0133075, 0, 0, 2.5136e-19, 0, 0, 0.0154516, 1.56761e-11, 0, 25.3336, 0.96208, 1.57647, 292.447
3447, 1.06254e-11, 0.00209907, 0.013381, 0, 0, 2.52543e-19, 0, 0, 0.0154801, 1.67179e-11, 0, 25.2678, 0.96206, 1.5745, 292.429
3448, 1.16618e-11, 0.00203496, 0.013469, 0, 0, 2.6723e-19, 0, 0, 0.0155039, 1.83208e-11, 0, 25.1747, 0.96204, 1.57216, 292.406
3449, 1.22872e-11, 0.00200953, 0.0135267, 0, 0, 2.9081e-19, 0, 0, 0.0155363, 1.92765e-11, 0, 25.1225, 0.96202, 1.57005, 292.393
3450, 1.25951e-11, 0.00200781, 0.0135669, 0, 0, 3.15261e-19, 0, 0, 0.0155747, 1.97435e-11, 0, 25.0977, 0.962, 1.56864, 292.389
3451, 1.15481e-11, 0.00203425, 0.0135921, 0, 0, 2.61759e-19, 0, 0, 0.0156264, 1.80876e-11, 0, 25.1845, 0.96198, 1.56713, 292.402
3452, 9.43061e-12, 0.00208146, 0.0136074, 0, 0, 1.65732e-19, 0, 0, 0.0156888, 1.47513e-11, 0, 25.3871, 0.96196, 1.56505, 292.429
3453, 7.56019e-12, 0.00214225, 0.0136085, 0, 0, 1.06227e-19, 0, 0, 0.0157507, 1.18082e-11, 0, 25.6081, 0.96194, 1.56312, 292.454
3454, 6.37144e-12, 0.00228838, 0.0135235, 0, 0, 9.0971e-20, 0, 0, 0.0158119, 9.94163e-12, 0, 25.7792, 0.96192, 1.5616, 292.479
3455, 5.78451e-12, 0.00253348, 0.0133383, 0, 0, 1.06923e-19, 0, 0, 0.0158718, 9.01802e-12, 0, 25.8758, 0.9619, 1.55986, 292.502
3456, 6.70356e-12, 0.00256912, 0.0133381, 0, 0, 1.73071e-19, 0, 0, 0.0159072, 1.04332e-11, 0, 25.7284, 0.96188, 1.55759, 292.493
3457, 9.64413e-12, 0.0022993, 0.0136083, 0, 0, 3.0073e-19, 0, 0, 0.0159076, 1.49866e-11, 0, 25.3647, 0.96186, 1.55528, 292.438
3458, 1.19685e-11, 0.00210016, 0.0138153, 0, 0, 4.03662e-19, 0, 0, 0.0159154, 1.85794e-11, 0, 25.1487, 0.96184, 1.55323, 292.393
3459, 1.21679e-11, 0.00209088, 0.0138622, 0, 0, 4.14221e-19, 0, 0, 0.0159531, 1.88738e-11, 0, 25.1322, 0.96182, 1.55172, 292.387
3460, 1.17987e-11, 0.00211837, 0.0138791, 0, 0, 3.72809e-19, 0, 0, 0.0159974, 1.82861e-11, 0, 25.163, 0.9618, 1.55053, 292.389
3461, 1.22059e-11, 0.00207279, 0.0139564, 0, 0, 3.38709e-19, 0, 0, 0.0160292, 1.89037e-11, 0, 25.1291, 0.96178, 1.54961, 292.375
3462, 1.28621e-11, 0.00201254, 0.0140451, 0, 0, 3.25298e-19, 0, 0, 0.0160576, 1.99064e-11, 0, 25.0767, 0.96176, 1.54864, 292.357
3463, 1.26478e-11, 0.00199873, 0.0140998, 0, 0, 3.01532e-19, 0, 0, 0.0160985, 1.95565e-11, 0, 25.0935, 0.96174, 1.54712, 292.355
3464, 1.10533e-11, 0.00202143, 0.0141338, 0, 0, 2.30001e-19, 0, 0, 0.0161553, 1.70696e-11, 0, 25.2283, 0.96172, 1.54521, 292.372
3465, 8.85464e-12, 0.00205564, 0.0141628, 0, 0, 1.39401e-19, 0, 0, 0.0162185, 1.36522e-11, 0, 25.4501, 0.9617, 1.54331, 292.398
3466, 7.91765e-12, 0.00207053, 0.0141987, 0, 0, 1.06418e-19, 0, 0, 0.0162693, 1.21876e-11, 0, 25.5619, 0.96168, 1.54162, 292.408
3467, 9.22465e-12, 0.00205032, 0.0142472, 0, 0, 1.62676e-19, 0, 0, 0.0162975, 1.41822e-11, 0, 25.4091, 0.96166, 1.53964, 292.389
3468, 1.14952e-11, 0.00201563, 0.0143005, 0, 0, 2.71636e-19, 0, 0, 0.0163161, 1.76537e-11, 0, 25.1891, 0.96164, 1.5371, 292.358
3469, 1.3161e-11, 0.00199207, 0.0143493, 0, 0, 3.78624e-19, 0, 0, 0.0163413, 2.0198e-11, 0, 25.0538, 0.96162, 1.53537, 292.335
3470, 1.35609e-11, 0.00199385, 0.0143867, 0, 0, 4.19704e-19, 0, 0, 0.0163806, 2.08045e-11, 0, 25.0238, 0.9616, 1.53469, 292.33
3471, 1.24818e-11, 0.00204359, 0.0143952, 0, 0, 3.61766e-19, 0, 0, 0.0164388, 1.91366e-11, 0, 25.1067, 0.96158, 1.53362, 292.348
3472, 1.02689e-11, 0.00213886, 0.0143743, 0, 0, 2.51826e-19, 0, 0, 0.0165132, 1.57272e-11, 0, 25.3019, 0.96156, 1.53203, 292.387
3473, 8.99091e-12, 0.00216638, 0.0144031, 0, 0, 1.73191e-19, 0, 0, 0.0165695, 1.37496e-11, 0, 25.4348, 0.96154, 1.53031, 292.403
3474, 9.83246e-12, 0.0020893, 0.0145017, 0, 0, 1.66183e-19, 0, 0, 0.016591, 1.50167e-11, 0, 25.3453, 0.96152, 1.52862, 292.375
3475, 1.08835e-11, 0.00202778, 0.0145855, 0, 0, 1.896e-19, 0, 0, 0.0166133, 1.66053e-11, 0, 25.2438, 0.9615, 1.52695, 292.349
3476, 1.08241e-11, 0.00201964, 0.014635, 0, 0, 1.91252e-19, 0, 0, 0.0166546, 1.64968e-11, 0, 25.2493, 0.96148, 1.52529, 292.345
3477, 1.00936e-11, 0.00202925, 0.0146749, 0, 0, 1.63234e-19, 0, 0, 0.0167041, 1.53621e-11, 0, 25.3191, 0.96146, 1.52367, 292.352
3478, 9.77256e-12, 0.00202917, 0.0147187, 0, 0, 1.45988e-19, 0, 0, 0.0167478, 1.48501e-11, 0, 25.3514, 0.96144, 1.52202, 292.352
3479, 1.03313e-11, 0.00201785, 0.0147651, 0, 0, 1.70664e-19, 0, 0, 0.0167829, 1.56799e-11, 0, 25.2958, 0.96142, 1.52022, 292.341
3480, 1.12117e-11, 0.00200697, 0.0148093, 0, 0, 2.17117e-19, 0, 0, 0.0168163, 1.69923e-11, 0, 25.2141, 0.9614, 1.51732, 292.328
3481, 1.17235e-11, 0.00200693, 0.0148484, 0, 0, 2.59592e-19, 0, 0, 0.0168553, 1.76925e-11, 0, 25.1694, 0.96138, 1.50827, 292.321
3482, 1.14364e-11, 0.00202503, 0.0148802, 0, 0, 2.71151e-19, 0, 0, 0.0169052, 1.70789e-11, 0, 25.1942, 0.96136, 1.48756, 292.328
3483, 1.13583e-11, 0.00203081, 0.0149191, 0, 0, 2.89253e-19, 0, 0, 0.0169499, 1.68332e-11, 0, 25.2011, 0.96134, 1.47412, 292.328
3484, 1.24124e-11, 0.0020017, 0.014974, 0, 0, 3.65325e-19, 0, 0, 0.0169757, 1.85296e-11, 0, 25.1123, 0.96132, 1.48724, 292.306
3485, 1.2848e-11, 0.0019855, 0.0150231, 0, 0, 3.77403e-19, 0, 0, 0.0170086, 1.93267e-11, 0, 25.0778, 0.9613, 1.50334, 292.292
3486, 1.19194e-11, 0.00200759, 0.015055, 0, 0, 2.8757e-19, 0, 0, 0.0170626, 1.79609e-11, 0, 25.1529, 0.96128, 1.50765, 292.303
3487, 1.08191e-11, 0.00203495, 0.0150868, 0, 0, 2.14334e-19, 0, 0, 0.0171217, 1.6292e-11, 0, 25.2497, 0.96126, 1.50686, 292.32
3488, 1.00377e-11, 0.00204218, 0.0151317, 0, 0, 1.76685e-19, 0, 0, 0.0171739, 1.50988e-11, 0, 25.3247, 0.96124, 1.50531, 292.329
3489, 9.4779e-12, 0.00204598, 0.0151761, 0, 0, 1.49418e-19, 0, 0, 0.0172221, 1.42386e-11, 0, 25.3821, 0.96122, 1.50373, 292.333
3490, 9.04574e-12, 0.00207381, 0.0152007, 0, 0, 1.40746e-19, 0, 0, 0.0172745, 1.35715e-11, 0, 25.4287, 0.9612, 1.50212, 292.342
3491, 9.1371e-12, 0.00209937, 0.0152229, 0, 0, 1.65259e-19, 0, 0, 0.0173222, 1.36922e-11, 0, 25.4187, 0.96118, 1.50048, 292.345
3492, 9.99438e-12, 0.00206959, 0.015282, 0, 0, 2.04418e-19, 0, 0, 0.0173516, 1.49618e-11, 0, 25.329, 0.96116, 1.49883, 292.326
3493, 1.08412e-11, 0.00202019, 0.0153558, 0, 0, 2.19917e-19, 0, 0, 0.0173759, 1.62141e-11, 0, 25.2477, 0.96114, 1.49716, 292.301
3494, 1.16156e-11, 0.00199034, 0.015414, 0, 0, 2.47951e-19, 0, 0, 0.0174043, 1.73561e-11, 0, 25.1787, 0.96112, 1.4955, 292.281
3495, 1.26139e-11, 0.00197087, 0.0154628, 0, 0, 3.28043e-19, 0, 0, 0.0174336, 1.8831e-11, 0, 25.0962, 0.9611, 1.49383, 292.262
3496, 1.32874e-11, 0.00196091, 0.0155076, 0, 0, 3.97493e-19, 0, 0, 0.0174685, 1.98176e-11, 0, 25.0442, 0.96108, 1.49212, 292.25
3497, 1.29426e-11, 0.00196959, 0.0155475, 0, 0, 3.75779e-19, 0, 0, 0.0175171, 1.9281e-11, 0, 25.0705, 0.96106, 1.49026, 292.254
3498, 1.19738e-11, 0.0019871, 0.0155862, 0, 0, 2.9839e-19, 0, 0, 0.0175733, 1.7801e-11, 0, 25.1483, 0.96104, 1.48747, 292.266
3499, 1.1629e-11, 0.00198761, 0.0156311, 0, 0, 2.62412e-19, 0, 0, 0.0176187, 1.71816e-11, 0, 25.1775, 0.961023, 1.47939, 292.266
3500, 1.18198e-11, 0.00198449, 0.0156754, 0, 0, 2.85733e-19, 0, 0, 0.0176599, 1.71992e-11, 0, 25.1612, 0.961014, 1.45865, 292.261
3501, 1.14238e-11, 0.00200589, 0.0157095, 0, 0, 2.9847e-19, 0, 0, 0.0177154, 1.63786e-11, 0, 25.1953, 0.961015, 1.43952, 292.272
3502, 1.04312e-11, 0.0020353, 0.0157429, 0, 0, 2.63724e-19, 0, 0, 0.0177782, 1.50447e-11, 0, 25.2862, 0.961024, 1.44911, 292.292
3503, 9.99771e-12, 0.00203196, 0.0157917, 0, 0, 2.21825e-19, 0, 0, 0.0178236, 1.46556e-11, 0, 25.3287, 0.961036, 1.46908, 292.291
3504, 1.09246e-11, 0.00199453, 0.0158508, 0, 0, 2.48095e-19, 0, 0, 0.0178453, 1.61166e-11, 0, 25.24, 0.961048, 1.47677, 292.263
3505, 1.24296e-11, 0.00195985, 0.0159045, 0, 0, 3.4211e-19, 0, 0, 0.0178643, 1.83433e-11, 0, 25.1109, 0.96106, 1.47695, 292.231
3506, 1.28526e-11, 0.00195782, 0.0159472, 0, 0, 3.91316e-19, 0, 0, 0.0179051, 1.89548e-11, 0, 25.0775, 0.961072, 1.47547, 292.225
3507, 1.22022e-11, 0.00197956, 0.0159839, 0, 0, 3.69729e-19, 0, 0, 0.0179635, 1.79759e-11, 0, 25.1294, 0.961084, 1.4735, 292.239
3508, 1.17461e-11, 0.00199282, 0.0160232, 0, 0, 3.52743e-19, 0, 0, 0.0180161, 1.72799e-11, 0, 25.1675, 0.961096, 1.47152, 292.246
3509, 1.18211e-11, 0.00198779, 0.016069, 0, 0, 3.51463e-19, 0, 0, 0.0180568, 1.73708e-11, 0, 25.1611, 0.961108, 1.47001, 292.24
3510, 1.15266e-11, 0.0019892, 0.0161146, 0, 0, 3.1365e-19, 0, 0, 0.0181038, 1.6922e-11, 0, 25.1864, 0.96112, 1.46861, 292.24
3511, 1.14446e-11, 0.00198248, 0.0161634, 0, 0, 2.89617e-19, 0, 0, 0.0181458, 1.67812e-11, 0, 25.1935, 0.961132, 1.46687, 292.235
3512, 1.18198e-11, 0.00197261, 0.0162098, 0, 0, 3.1098e-19, 0, 0, 0.0181824, 1.73109e-11, 0, 25.1612, 0.961144, 1.46503, 292.223
3513, 1.13129e-11, 0.00200582, 0.0162376, 0, 0, 3.1244e-19, 0, 0, 0.0182434, 1.65529e-11, 0, 25.2051, 0.961156, 1.46342, 292.24
3514, 9.8826e-12, 0.00206961, 0.016254, 0, 0, 2.67944e-19, 0, 0, 0.0183236, 1.44477e-11, 0, 25.3402, 0.961168, 1.46222, 292.278
3515, 9.4766e-12, 0.00208811, 0.01629, 0, 0, 2.58155e-19, 0, 0, 0.0183781, 1.38406e-11, 0, 25.3822, 0.96118, 1.46109, 292.286
3516, 1.02209e-11, 0.00205611, 0.0163487, 0, 0, 2.86305e-19, 0, 0, 0.0184048, 1.49119e-11, 0, 25.3066, 0.961192, 1.45968, 292.263
3517, 1.09217e-11, 0.00201924, 0.0164117, 0, 0, 3.03605e-19, 0, 0, 0.0184309, 1.5915e-11, 0, 25.2403, 0.961204, 1.45792, 292.239
3518, 1.11253e-11, 0.00200137, 0.016467, 0, 0, 3.0611e-19, 0, 0, 0.0184684, 1.61861e-11, 0, 25.2218, 0.961216, 1.4556, 292.228
3519, 1.10456e-11, 0.00199597, 0.016516, 0, 0, 2.8577e-19, 0, 0, 0.018512, 1.60204e-11, 0, 25.229, 0.961228, 1.45151, 292.224
3520, 1.13686e-11, 0.00197777, 0.0165679, 0, 0, 2.65168e-19, 0, 0, 0.0185457, 1.63421e-11, 0, 25.2002, 0.96124, 1.44035, 292.209
3521, 1.18366e-11, 0.00196279, 0.0166163, 0, 0, 2.78722e-19, 0, 0, 0.0185791, 1.66939e-11, 0, 25.1598, 0.961252, 1.41609, 292.193
3522, 1.13958e-11, 0.0019905, 0.0166481, 0, 0, 2.96866e-19, 0, 0, 0.0186386, 1.58308e-11, 0, 25.1978, 0.961264, 1.39902, 292.207
3523, 1.03241e-11, 0.00203641, 0.016676, 0, 0, 2.86823e-19, 0, 0, 0.0187124, 1.44898e-11, 0, 25.2965, 0.961276, 1.41355, 292.236
3524, 1.0747e-11, 0.00201687, 0.0167287, 0, 0, 3.13639e-19, 0, 0, 0.0187455, 1.53892e-11, 0, 25.2564, 0.961288, 1.4346, 292.22
3525, 1.20243e-11, 0.00196309, 0.0167924, 0, 0, 3.45616e-19, 0, 0, 0.0187555, 1.73356e-11, 0, 25.1441, 0.9613, 1.44232, 292.177
3526, 1.16931e-11, 0.00196912, 0.0168364, 0, 0, 2.96246e-19, 0, 0, 0.0188055, 1.68684e-11, 0, 25.172, 0.961312, 1.44313, 292.18
3527, 1.01038e-11, 0.00202644, 0.0168633, 0, 0, 2.22459e-19, 0, 0, 0.0188897, 1.4566e-11, 0, 25.3181, 0.961324, 1.4422, 292.22
3528, 9.43909e-12, 0.00205043, 0.0169021, 0, 0, 2.12316e-19, 0, 0, 0.0189525, 1.35928e-11, 0, 25.3862, 0.961336, 1.44082, 292.237
3529, 1.02827e-11, 0.00201699, 0.01696, 0, 0, 2.6566e-19, 0, 0, 0.0189769, 1.47928e-11, 0, 25.3006, 0.961348, 1.43934, 292.21
3530, 1.099e-11, 0.00198854, 0.0170148, 0, 0, 2.96152e-19, 0, 0, 0.0190033, 1.57957e-11, 0, 25.234, 0.96136, 1.43782, 292.186
3531, 1.07724e-11, 0.00199479, 0.0170572, 0, 0, 2.66503e-19, 0, 0, 0.0190519, 1.54659e-11, 0, 25.254, 0.961372, 1.43627, 292.187
3532, 1.05083e-11, 0.00200933, 0.0170934, 0, 0, 2.32757e-19, 0, 0, 0.0191027, 1.50685e-11, 0, 25.2789, 0.961384, 1.43473, 292.19
3533, 1.00567e-11, 0.00203999, 0.0171213, 0, 0, 2.1647e-19, 0, 0, 0.0191613, 1.44056e-11, 0, 25.3228, 0.961396, 1.43318, 292.201
3534, 9.62391e-12, 0.00204441, 0.0171697, 0, 0, 2.10038e-19, 0, 0, 0.0192141, 1.37713e-11, 0, 25.3668, 0.961408, 1.43163, 292.205
3535, 8.74711e-12, 0.00203716, 0.017235, 0, 0, 1.74318e-19, 0, 0, 0.0192722, 1.25048e-11, 0, 25.4623, 0.96142, 1.43006, 292.216
3536, 7.47768e-12, 0.00208296, 0.01727, 0, 0, 1.35401e-19, 0, 0, 0.019353, 1.06774e-11, 0, 25.6191, 0.961432, 1.42848, 292.25
3537, 8.13947e-12, 0.00208325, 0.0173066, 0, 0, 1.77042e-19, 0, 0, 0.0193899, 1.16061e-11, 0, 25.5343, 0.961444, 1.42684, 292.238
3538, 9.58288e-12, 0.0020149, 0.0173757, 0, 0, 2.20325e-19, 0, 0, 0.0193906, 1.36505e-11, 0, 25.371, 0.961456, 1.42518, 292.185
3539, 8.70077e-12, 0.00203092, 0.0174222, 0, 0, 1.67539e-19, 0, 0, 0.0194531, 1.23827e-11, 0, 25.4676, 0.961468, 1.42357, 292.2
3540, 6.65737e-12, 0.00213752, 0.0174277, 0, 0, 9.86528e-20, 0, 0, 0.0195652, 9.46262e-12, 0, 25.7353, 0.96148, 1.42195, 292.268
3541, 6.37872e-12, 0.00216232, 0.0174629, 0, 0, 8.92787e-20, 0, 0, 0.0196253, 9.05105e-12, 0, 25.7781, 0.961492, 1.42013, 292.279
3542, 7.47822e-12, 0.00208989, 0.0175437, 0, 0, 1.10125e-19, 0, 0, 0.0196336, 1.05954e-11, 0, 25.619, 0.961504, 1.41792, 292.236
3543, 7.85283e-12, 0.00206218, 0.0176056, 0, 0, 1.21059e-19, 0, 0, 0.0196678, 1.1096e-11, 0, 25.5701, 0.961516, 1.41416, 292.219
3544, 8.11443e-12, 0.00205451, 0.0176532, 0, 0, 1.33241e-19, 0, 0, 0.0197077, 1.13582e-11, 0, 25.5374, 0.961528, 1.40336, 292.209
3545, 8.73977e-12, 0.00202496, 0.017706, 0, 0, 1.37011e-19, 0, 0, 0.0197309, 1.19877e-11, 0, 25.4631, 0.96154, 1.37867, 292.181
3546, 8.77437e-12, 0.00204393, 0.0177335, 0, 0, 1.28097e-19, 0, 0, 0.0197774, 1.18439e-11, 0, 25.4592, 0.961552, 1.35902, 292.178
3547, 8.8956e-12, 0.00205285, 0.0177693, 0, 0, 1.45382e-19, 0, 0, 0.0198221, 1.21609e-11, 0, 25.4455, 0.961564, 1.37183, 292.173
3548, 9.95022e-12, 0.00199062, 0.0178428, 0, 0, 1.99228e-19, 0, 0, 0.0198334, 1.38788e-11, 0, 25.3334, 0.961576, 1.3948, 292.132
3549, 1.04147e-11, 0.0019719, 0.017899, 0, 0, 2.33748e-19, 0, 0, 0.0198709, 1.46231e-11, 0, 25.2878, 0.961588, 1.40435, 292.119
3550, 9.93883e-12, 0.00199923, 0.0179385, 0, 0, 2.22962e-19, 0, 0, 0.0199377, 1.39642e-11, 0, 25.3346, 0.9616, 1.40558, 292.137
3551, 9.64716e-12, 0.00201267, 0.0179823, 0, 0, 2.13016e-19, 0, 0, 0.0199949, 1.35474e-11, 0, 25.3644, 0.961612, 1.4048, 292.145
3552, 8.76386e-12, 0.0020677, 0.0180076, 0, 0, 1.88928e-19, 0, 0, 0.0200753, 1.22982e-11, 0, 25.4604, 0.961624, 1.40358, 292.177
3553, 7.49499e-12, 0.00214257, 0.0180258, 0, 0, 1.45509e-19, 0, 0, 0.0201683, 1.05075e-11, 0, 25.6168, 0.961636, 1.40222, 292.222
3554, 6.61189e-12, 0.00219875, 0.0180481, 0, 0, 1.12861e-19, 0, 0, 0.0202468, 9.25863e-12, 0, 25.7422, 0.961648, 1.4008, 292.251
3555, 6.68217e-12, 0.00219923, 0.0180924, 0, 0, 1.14338e-19, 0, 0, 0.0202916, 9.34434e-12, 0, 25.7316, 0.96166, 1.39933, 292.245
3556, 7.86414e-12, 0.00211175, 0.0181817, 0, 0, 1.48573e-19, 0, 0, 0.0202934, 1.09851e-11, 0, 25.5687, 0.961672, 1.3978, 292.194
3557, 8.83248e-12, 0.00203086, 0.0182704, 0, 0, 1.70974e-19, 0, 0, 0.0203012, 1.23265e-11, 0, 25.4526, 0.961684, 1.3963, 292.15
3558, 9.13615e-12, 0.00200702, 0.0183278, 0, 0, 1.7588e-19, 0, 0, 0.0203349, 1.27378e-11, 0, 25.4188, 0.961696, 1.39486, 292.133
3559, 8.97375e-12, 0.00201827, 0.0183681, 0, 0, 1.77698e-19, 0, 0, 0.0203864, 1.24983e-11, 0, 25.4367, 0.961708, 1.39339, 292.134
3560, 9.38842e-12, 0.00199473, 0.0184199, 0, 0, 2.02711e-19, 0, 0, 0.0204146, 1.30597e-11, 0, 25.3915, 0.96172, 1.39189, 292.11
3561, 1.10997e-11, 0.00191081, 0.0184867, 0, 0, 2.72751e-19, 0, 0, 0.0203976, 1.54241e-11, 0, 25.2241, 0.961732, 1.39037, 292.04
3562, 1.24786e-11, 0.00184928, 0.0185454, 0, 0, 3.29496e-19, 0, 0, 0.0203947, 1.73241e-11, 0, 25.107, 0.961744, 1.38885, 291.985
3563, 1.27144e-11, 0.00183058, 0.018597, 0, 0, 3.23809e-19, 0, 0, 0.0204276, 1.76313e-11, 0, 25.0883, 0.961756, 1.38727, 291.967
3564, 1.20481e-11, 0.00183348, 0.018651, 0, 0, 2.46774e-19, 0, 0, 0.0204845, 1.66805e-11, 0, 25.1421, 0.961768, 1.38558, 291.973
3565, 1.11307e-11, 0.00185072, 0.0187026, 0, 0, 1.70359e-19, 0, 0, 0.0205534, 1.53794e-11, 0, 25.2213, 0.96178, 1.3839, 291.992
3566, 9.98064e-12, 0.00191065, 0.0187355, 0, 0, 1.35827e-19, 0, 0, 0.0206461, 1.3765e-11, 0, 25.3304, 0.961792, 1.3824, 292.035
3567, 8.25897e-12, 0.00204686, 0.0187296, 0, 0, 1.16118e-19, 0, 0, 0.0207764, 1.13701e-11, 0, 25.5197, 0.961804, 1.38088, 292.115
3568, 6.87725e-12, 0.0022262, 0.0186766, 0, 0, 1.08346e-19, 0, 0, 0.0209028, 9.44727e-12, 0, 25.7028, 0.961816, 1.37919, 292.192
3569, 6.30857e-12, 0.00238313, 0.0186089, 0, 0, 1.06118e-19, 0, 0, 0.020992, 8.64111e-12, 0, 25.7891, 0.961828, 1.37705, 292.229
3570, 7.08401e-12, 0.00231445, 0.0186856, 0, 0, 1.13201e-19, 0, 0, 0.021, 9.66775e-12, 0, 25.6732, 0.96184, 1.37416, 292.185
3571, 8.59988e-12, 0.00206028, 0.0188937, 0, 0, 1.18243e-19, 0, 0, 0.020954, 1.1696e-11, 0, 25.4793, 0.961852, 1.3696, 292.087
3572, 9.05723e-12, 0.00192471, 0.019034, 0, 0, 1.00231e-19, 0, 0, 0.0209587, 1.22452e-11, 0, 25.4275, 0.961864, 1.35806, 292.039
3573, 8.22844e-12, 0.00194571, 0.0190912, 0, 0, 7.5062e-20, 0, 0, 0.0210369, 1.09993e-11, 0, 25.5234, 0.961876, 1.33282, 292.066
3574, 6.77732e-12, 0.00203341, 0.0191203, 0, 0, 5.08473e-20, 0, 0, 0.0211538, 8.95688e-12, 0, 25.7174, 0.961888, 1.31296, 292.131
3575, 6.11138e-12, 0.00209699, 0.0191454, 0, 0, 4.24074e-20, 0, 0, 0.0212424, 8.11419e-12, 0, 25.8209, 0.9619, 1.32592, 292.168
3576, 6.85016e-12, 0.00208546, 0.019182, 0, 0, 6.24592e-20, 0, 0, 0.0212675, 9.21683e-12, 0, 25.7067, 0.961912, 1.34982, 292.141
3577, 8.94073e-12, 0.00196999, 0.0192496, 0, 0, 1.08534e-19, 0, 0, 0.0212196, 1.21008e-11, 0, 25.4404, 0.961924, 1.36054, 292.041
3578, 1.09864e-11, 0.00184571, 0.0193222, 0, 0, 1.61916e-19, 0, 0, 0.0211679, 1.48896e-11, 0, 25.2344, 0.961936, 1.36272, 291.938
3579, 1.1746e-11, 0.00180034, 0.0193773, 0, 0, 1.93739e-19, 0, 0, 0.0211777, 1.59254e-11, 0, 25.1675, 0.961948, 1.36256, 291.895
3580, 1.11538e-11, 0.00183442, 0.0194176, 0, 0, 1.87568e-19, 0, 0, 0.021252, 1.51233e-11, 0, 25.2192, 0.96196, 1.36158, 291.918
3581, 9.38614e-12, 0.00195453, 0.0194328, 0, 0, 1.49274e-19, 0, 0, 0.0213874, 1.27241e-11, 0, 25.3918, 0.961972, 1.36033, 292
3582, 8.21229e-12, 0.00204658, 0.0194524, 0, 0, 1.23793e-19, 0, 0, 0.021499, 1.1124e-11, 0, 25.5254, 0.961984, 1.35895, 292.059
3583, 8.68447e-12, 0.00201539, 0.019512, 0, 0, 1.34189e-19, 0, 0, 0.0215274, 1.17516e-11, 0, 25.4695, 0.961996, 1.35739, 292.035
3584, 8.35498e-12, 0.00203732, 0.019556, 0, 0, 1.2371e-19, 0, 0, 0.0215933, 1.12975e-11, 0, 25.5082, 0.962008, 1.35591, 292.048
3585, 7.34269e-12, 0.00208943, 0.0195988, 0, 0, 9.74508e-20, 0, 0, 0.0216882, 9.92214e-12, 0, 25.6373, 0.96202, 1.35467, 292.09
3586, 7.46126e-12, 0.00204915, 0.0196735, 0, 0, 9.74171e-20, 0, 0, 0.0217227, 1.00775e-11, 0, 25.6213, 0.962032, 1.35319, 292.072
3587, 7.7026e-12, 0.00204571, 0.0197189, 0, 0, 1.10536e-19, 0, 0, 0.0217646, 1.03975e-11, 0, 25.5895, 0.962044, 1.35126, 292.061
3588, 7.87752e-12, 0.00205291, 0.0197606, 0, 0, 1.24795e-19, 0, 0, 0.0218135, 1.06191e-11, 0, 25.567, 0.962056, 1.34925, 292.057
3589, 8.25059e-12, 0.00201275, 0.0198303, 0, 0, 1.317e-19, 0, 0, 0.0218431, 1.10928e-11, 0, 25.5207, 0.962068, 1.34738, 292.034
3590, 8.53291e-12, 0.00196983, 0.0198981, 0, 0, 1.18281e-19, 0, 0, 0.021868, 1.14252e-11, 0, 25.4871, 0.96208, 1.34612, 292.006
3591, 8.91394e-12, 0.00192008, 0.0199632, 0, 0, 1.02973e-19, 0, 0, 0.0218833, 1.19e-11, 0, 25.4434, 0.962092, 1.34507, 291.97
3592, 8.07166e-12, 0.0019721, 0.020007, 0, 0, 8.97287e-20, 0, 0, 0.0219791, 1.0774e-11, 0, 25.5427, 0.962104, 1.3439, 292.011
3593, 7.04771e-12, 0.00206447, 0.0200335, 0, 0, 9.8291e-20, 0, 0, 0.0220979, 9.42082e-12, 0, 25.6783, 0.962116, 1.34301, 292.074
3594, 8.35999e-12, 0.00199596, 0.0200836, 0, 0, 1.55592e-19, 0, 0, 0.0220796, 1.11827e-11, 0, 25.5076, 0.962128, 1.34194, 292.005
3595, 1.03003e-11, 0.00187091, 0.0201458, 0, 0, 2.07003e-19, 0, 0, 0.0220167, 1.37722e-11, 0, 25.2988, 0.96214, 1.34054, 291.892
3596, 1.0122e-11, 0.00190292, 0.0201752, 0, 0, 1.98462e-19, 0, 0, 0.0220781, 1.35248e-11, 0, 25.3163, 0.962152, 1.33901, 291.9
3597, 9.07604e-12, 0.00199885, 0.0201932, 0, 0, 1.76208e-19, 0, 0, 0.022192, 1.21142e-11, 0, 25.4254, 0.962164, 1.33748, 291.958
3598, 9.60956e-12, 0.00194478, 0.0202601, 0, 0, 1.94615e-19, 0, 0, 0.0222049, 1.28073e-11, 0, 25.3683, 0.962176, 1.33598, 291.919
3599, 1.01803e-11, 0.00188012, 0.0203341, 0, 0, 2.04146e-19, 0, 0, 0.0222142, 1.35514e-11, 0, 25.3106, 0.962188, 1.33433, 291.876
3600, 9.28107e-12, 0.0019565, 0.0203633, 0, 0, 1.77198e-19, 0, 0, 0.0223198, 1.23394e-11, 0, 25.403, 0.9622, 1.33252, 291.926
3601, 9.26842e-12, 0.00196891, 0.0204027, 0, 0, 1.88014e-19, 0, 0, 0.0223716, 1.23026e-11, 0, 25.4044, 0.962212, 1.33079, 291.924
3602, 1.10241e-11, 0.00183033, 0.0204792, 0, 0, 2.50235e-19, 0, 0, 0.0223095, 1.46066e-11, 0, 25.2309, 0.962224, 1.329, 291.813
3603, 1.23201e-11, 0.00172478, 0.0205474, 0, 0, 2.8671e-19, 0, 0, 0.0222722, 1.62925e-11, 0, 25.1198, 0.962236, 1.32645, 291.726
3604, 1.22771e-11, 0.00170281, 0.0206061, 0, 0, 2.61055e-19, 0, 0, 0.0223089, 1.61823e-11, 0, 25.1233, 0.962248, 1.32127, 291.71
3605, 1.12921e-11, 0.00173562, 0.0206645, 0, 0, 2.02199e-19, 0, 0, 0.0224001, 1.47699e-11, 0, 25.2069, 0.96226, 1.30729, 291.746
3606, 9.51019e-12, 0.00184436, 0.0207104, 0, 0, 1.43621e-19, 0, 0, 0.0225547, 1.22693e-11, 0, 25.3787, 0.962272, 1.28039, 291.841
3607, 7.86711e-12, 0.00195648, 0.0207524, 0, 0, 1.05743e-19, 0, 0, 0.0227089, 1.00526e-11, 0, 25.5683, 0.962284, 1.26422, 291.935
3608, 8.23757e-12, 0.0019178, 0.0208164, 0, 0, 1.21734e-19, 0, 0, 0.0227342, 1.06294e-11, 0, 25.5223, 0.962296, 1.28088, 291.908
3609, 9.34293e-12, 0.00184154, 0.0208812, 0, 0, 1.65432e-19, 0, 0, 0.0227228, 1.21865e-11, 0, 25.3964, 0.962308, 1.30393, 291.846
3610, 9.17599e-12, 0.00186021, 0.0209346, 0, 0, 1.74513e-19, 0, 0, 0.0227948, 1.20189e-11, 0, 25.4144, 0.96232, 1.31354, 291.862
3611, 8.53711e-12, 0.00189812, 0.0209869, 0, 0, 1.53157e-19, 0, 0, 0.022885, 1.1193e-11, 0, 25.4866, 0.962332, 1.31543, 291.895
3612, 7.99901e-12, 0.00194024, 0.0210266, 0, 0, 1.31147e-19, 0, 0, 0.0229668, 1.04862e-11, 0, 25.5517, 0.962344, 1.31517, 291.92
3613, 7.63938e-12, 0.00200732, 0.0210417, 0, 0, 1.2977e-19, 0, 0, 0.023049, 1.00082e-11, 0, 25.5977, 0.962356, 1.31432, 291.946
3614, 8.2489e-12, 0.00198631, 0.0210779, 0, 0, 1.64982e-19, 0, 0, 0.0230642, 1.0795e-11, 0, 25.5209, 0.962368, 1.31323, 291.908
3615, 9.74467e-12, 0.00185657, 0.0211509, 0, 0, 2.21672e-19, 0, 0, 0.0230075, 1.27425e-11, 0, 25.3543, 0.96238, 1.312, 291.805
3616, 9.9032e-12, 0.00183938, 0.0212068, 0, 0, 2.2924e-19, 0, 0, 0.0230462, 1.294e-11, 0, 25.3382, 0.962392, 1.31066, 291.789
3617, 9.10755e-12, 0.00191185, 0.0212421, 0, 0, 2.02239e-19, 0, 0, 0.023154, 1.18857e-11, 0, 25.4219, 0.962404, 1.30933, 291.838
3618, 9.92594e-12, 0.00184784, 0.0212915, 0, 0, 2.26392e-19, 0, 0, 0.0231394, 1.29407e-11, 0, 25.3359, 0.962416, 1.30806, 291.774
3619, 1.14294e-11, 0.00171554, 0.0213539, 0, 0, 2.67097e-19, 0, 0, 0.0230694, 1.48907e-11, 0, 25.1948, 0.962428, 1.30678, 291.658
3620, 1.20301e-11, 0.00165623, 0.0214096, 0, 0, 2.83256e-19, 0, 0, 0.0230658, 1.56585e-11, 0, 25.1436, 0.96244, 1.30543, 291.603
3621, 1.23348e-11, 0.00163621, 0.0214534, 0, 0, 3.09724e-19, 0, 0, 0.0230897, 1.60407e-11, 0, 25.1186, 0.962452, 1.30406, 291.575
3622, 1.26029e-11, 0.00162427, 0.0214957, 0, 0, 3.36031e-19, 0, 0, 0.02312, 1.63749e-11, 0, 25.0971, 0.962464, 1.30257, 291.552
3623, 1.24426e-11, 0.00162647, 0.0215513, 0, 0, 3.19676e-19, 0, 0, 0.0231777, 1.61436e-11, 0, 25.1099, 0.962476, 1.30068, 291.554
3624, 1.17276e-11, 0.00164492, 0.0216232, 0, 0, 2.67456e-19, 0, 0, 0.0232681, 1.51905e-11, 0, 25.1691, 0.962488, 1.29856, 291.587
3625, 1.06715e-11, 0.0016743, 0.0217012, 0, 0, 2.05798e-19, 0, 0, 0.0233755, 1.38104e-11, 0, 25.2634, 0.9625, 1.29734, 291.634
3626, 9.47126e-12, 0.00173108, 0.0217686, 0, 0, 1.50897e-19, 0, 0, 0.0234997, 1.22524e-11, 0, 25.3828, 0.962512, 1.29674, 291.697
3627, 8.40997e-12, 0.00182518, 0.0218147, 0, 0, 1.35054e-19, 0, 0, 0.0236399, 1.08717e-11, 0, 25.5016, 0.962524, 1.29575, 291.774
3628, 8.81204e-12, 0.0018351, 0.0218445, 0, 0, 1.91392e-19, 0, 0, 0.0236796, 1.13817e-11, 0, 25.4549, 0.962536, 1.29445, 291.759
3629, 1.06056e-11, 0.0017286, 0.0218726, 0, 0, 2.86061e-19, 0, 0, 0.0236012, 1.36874e-11, 0, 25.2696, 0.962548, 1.29307, 291.637
3630, 1.10806e-11, 0.00170468, 0.0219143, 0, 0, 3.12382e-19, 0, 0, 0.023619, 1.42876e-11, 0, 25.2258, 0.96256, 1.29162, 291.602
3631, 9.48872e-12, 0.00182424, 0.0219758, 0, 0, 2.46087e-19, 0, 0, 0.0238, 1.22232e-11, 0, 25.3809, 0.962572, 1.29004, 291.715
3632, 8.33928e-12, 0.00188704, 0.0220505, 0, 0, 1.86313e-19, 0, 0, 0.0239376, 1.07295e-11, 0, 25.51, 0.962584, 1.2885, 291.788
3633, 8.64529e-12, 0.00183114, 0.0221224, 0, 0, 1.83327e-19, 0, 0, 0.0239535, 1.11103e-11, 0, 25.474, 0.962596, 1.28717, 291.752
3634, 8.65362e-12, 0.00182481, 0.0221767, 0, 0, 1.79693e-19, 0, 0, 0.0240015, 1.11074e-11, 0, 25.473, 0.962608, 1.28575, 291.744
3635, 9.05066e-12, 0.00179402, 0.0222157, 0, 0, 1.79307e-19, 0, 0, 0.0240097, 1.15971e-11, 0, 25.4282, 0.96262, 1.28387, 291.701
3636, 1.04831e-11, 0.00167776, 0.0222444, 0, 0, 2.15005e-19, 0, 0, 0.0239221, 1.34134e-11, 0, 25.2813, 0.962632, 1.28186, 291.572
3637, 1.16971e-11, 0.0015936, 0.0222696, 0, 0, 2.78128e-19, 0, 0, 0.0238632, 1.49504e-11, 0, 25.1717, 0.962644, 1.28012, 291.468
3638, 1.2094e-11, 0.00157172, 0.0223106, 0, 0, 3.2382e-19, 0, 0, 0.0238823, 1.54444e-11, 0, 25.1383, 0.962656, 1.27878, 291.435
3639, 1.17413e-11, 0.00158251, 0.0223767, 0, 0, 3.09243e-19, 0, 0, 0.0239592, 1.49806e-11, 0, 25.1679, 0.962668, 1.27754, 291.453
3640, 1.15833e-11, 0.00158275, 0.0224321, 0, 0, 2.88071e-19, 0, 0, 0.0240148, 1.47599e-11, 0, 25.1815, 0.96268, 1.27594, 291.452
3641, 1.20349e-11, 0.00155951, 0.0224622, 0, 0, 3.0505e-19, 0, 0, 0.0240217, 1.53138e-11, 0, 25.1432, 0.962692, 1.27413, 291.408
3642, 1.22529e-11, 0.0015469, 0.0225042, 0, 0, 3.22821e-19, 0, 0, 0.0240511, 1.55627e-11, 0, 25.1253, 0.962704, 1.27157, 291.384
3643, 1.1974e-11, 0.00155388, 0.0225685, 0, 0, 3.19327e-19, 0, 0, 0.0241224, 1.5147e-11, 0, 25.1483, 0.962716, 1.26598, 291.397
3644, 1.15416e-11, 0.00156222, 0.0226369, 0, 0, 2.91289e-19, 0, 0, 0.0241991, 1.44391e-11, 0, 25.1851, 0.962728, 1.25123, 291.415
3645, 1.11059e-11, 0.00155884, 0.0226991, 0, 0, 2.43135e-19, 0, 0, 0.0242579, 1.36127e-11, 0, 25.2235, 0.96274, 1.22443, 291.417
3646, 1.04057e-11, 0.001554, 0.022768, 0, 0, 1.78318e-19, 0, 0, 0.024322, 1.25968e-11, 0, 25.2887, 0.962752, 1.20997, 291.423
3647, 9.90002e-12, 0.00155157, 0.022833, 0, 0, 1.46559e-19, 0, 0, 0.0243845, 1.21408e-11, 0, 25.3385, 0.962764, 1.22733, 291.428
3648, 1.0455e-11, 0.00154075, 0.0228634, 0, 0, 1.9927e-19, 0, 0, 0.0244042, 1.30604e-11, 0, 25.2839, 0.962777, 1.24971, 291.395
3649, 1.1107e-11, 0.00154918, 0.0228938, 0, 0, 2.66461e-19, 0, 0, 0.024443, 1.39751e-11, 0, 25.2234, 0.962788, 1.2592, 291.379
3650, 1.02437e-11, 0.00162371, 0.0229808, 0, 0, 2.51001e-19, 0, 0, 0.0246045, 1.29096e-11, 0, 25.3044, 0.9628, 1.26143, 291.47
3651, 8.86175e-12, 0.00170527, 0.023087, 0, 0, 1.96979e-19, 0, 0, 0.0247923, 1.11674e-11, 0, 25.4493, 0.962812, 1.2615, 291.584
3652, 8.82229e-12, 0.0016895, 0.0231488, 0, 0, 1.9216e-19, 0, 0, 0.0248383, 1.11072e-11, 0, 25.4537, 0.962824, 1.26087, 291.573
3653, 9.56375e-12, 0.00162719, 0.0231795, 0, 0, 2.19222e-19, 0, 0, 0.0248067, 1.20268e-11, 0, 25.373, 0.962836, 1.25992, 291.496
3654, 1.01765e-11, 0.00158347, 0.023207, 0, 0, 2.43102e-19, 0, 0, 0.0247904, 1.27863e-11, 0, 25.3109, 0.962848, 1.25879, 291.431
3655, 1.08471e-11, 0.00154498, 0.0232241, 0, 0, 2.74015e-19, 0, 0, 0.0247691, 1.36204e-11, 0, 25.2471, 0.96286, 1.25758, 291.363
3656, 1.17264e-11, 0.00150099, 0.0232256, 0, 0, 3.21474e-19, 0, 0, 0.0247266, 1.47146e-11, 0, 25.1692, 0.962872, 1.25635, 291.275
3657, 1.23526e-11, 0.00146912, 0.0232386, 0, 0, 3.54158e-19, 0, 0, 0.0247077, 1.54854e-11, 0, 25.1172, 0.962884, 1.25491, 291.209
3658, 1.2344e-11, 0.00146514, 0.0232875, 0, 0, 3.48786e-19, 0, 0, 0.0247526, 1.54558e-11, 0, 25.1179, 0.962896, 1.25321, 291.198
3659, 1.18449e-11, 0.00148527, 0.0233659, 0, 0, 3.25719e-19, 0, 0, 0.0248512, 1.48116e-11, 0, 25.1591, 0.962908, 1.25149, 291.233
3660, 1.12176e-11, 0.00151508, 0.0234515, 0, 0, 3.07593e-19, 0, 0, 0.0249666, 1.40097e-11, 0, 25.2135, 0.96292, 1.24988, 291.283
3661, 1.03681e-11, 0.00155905, 0.0235474, 0, 0, 2.75483e-19, 0, 0, 0.0251064, 1.29368e-11, 0, 25.2923, 0.962932, 1.24869, 291.354
3662, 9.58142e-12, 0.00159322, 0.0236421, 0, 0, 2.33584e-19, 0, 0, 0.0252353, 1.19431e-11, 0, 25.3712, 0.962944, 1.2475, 291.414
3663, 9.61907e-12, 0.00157551, 0.0236935, 0, 0, 2.22415e-19, 0, 0, 0.025269, 1.19803e-11, 0, 25.3673, 0.962956, 1.24656, 291.393
3664, 1.04338e-11, 0.00152146, 0.0236975, 0, 0, 2.51624e-19, 0, 0, 0.025219, 1.299e-11, 0, 25.286, 0.962968, 1.24596, 291.3
3665, 1.1108e-11, 0.00147824, 0.0237073, 0, 0, 2.79674e-19, 0, 0, 0.0251856, 1.38212e-11, 0, 25.2234, 0.96298, 1.24502, 291.221
3666, 1.04694e-11, 0.00150041, 0.0237862, 0, 0, 2.48093e-19, 0, 0, 0.0252866, 1.30151e-11, 0, 25.2826, 0.962992, 1.24375, 291.258
3667, 8.34566e-12, 0.00162247, 0.0239345, 0, 0, 1.63271e-19, 0, 0, 0.025557, 1.03635e-11, 0, 25.5093, 0.963004, 1.24242, 291.438
3668, 6.59059e-12, 0.00175885, 0.0240669, 0, 0, 1.07637e-19, 0, 0, 0.0258258, 8.17306e-12, 0, 25.7454, 0.963016, 1.24113, 291.615
3669, 7.10311e-12, 0.00174355, 0.024102, 0, 0, 1.30319e-19, 0, 0, 0.0258455, 8.79931e-12, 0, 25.6705, 0.963028, 1.23988, 291.581
3670, 7.68083e-12, 0.00174059, 0.0241113, 0, 0, 1.52869e-19, 0, 0, 0.0258519, 9.50923e-12, 0, 25.5923, 0.96304, 1.23861, 291.537
3671, 5.91178e-12, 0.00200244, 0.0241629, 0, 0, 1.13167e-19, 0, 0, 0.0261653, 7.31481e-12, 0, 25.8541, 0.963052, 1.23732, 291.748
3672, 3.63502e-12, 0.00235193, 0.0241962, 0, 0, 6.19728e-20, 0, 0, 0.0265481, 4.49325e-12, 0, 26.3404, 0.963064, 1.23602, 292.014
3673, 2.80759e-12, 0.00255547, 0.0241723, 0, 0, 4.34149e-20, 0, 0, 0.0267278, 3.46541e-12, 0, 26.5987, 0.963076, 1.23472, 292.111
3674, 2.78e-12, 0.0026494, 0.0241472, 0, 0, 4.26746e-20, 0, 0, 0.0267966, 3.42753e-12, 0, 26.6086, 0.963088, 1.2334, 292.117
3675, 2.56403e-12, 0.00274509, 0.0241543, 0, 0, 4.04927e-20, 0, 0, 0.0268994, 3.15818e-12, 0, 26.6894, 0.9631, 1.23207, 292.151
3676, 2.85648e-12, 0.00270392, 0.0242098, 0, 0, 5.04133e-20, 0, 0, 0.0269137, 3.51279e-12, 0, 26.5814, 0.963112, 1.23075, 292.113
3677, 4.44749e-12, 0.00233285, 0.0243761, 0, 0, 8.56671e-20, 0, 0, 0.026709, 5.46345e-12, 0, 26.1387, 0.963124, 1.22944, 291.897
3678, 5.72707e-12, 0.00202044, 0.0245329, 0, 0, 1.11034e-19, 0, 0, 0.0265533, 7.0299e-12, 0, 25.8858, 0.963136, 1.22813, 291.72
3679, 6.21355e-12, 0.00189529, 0.0246254, 0, 0, 1.15207e-19, 0, 0, 0.0265207, 7.61898e-12, 0, 25.8043, 0.963148, 1.22682, 291.643
3680, 6.36854e-12, 0.00180932, 0.0247234, 0, 0, 1.12934e-19, 0, 0, 0.0265327, 7.80047e-12, 0, 25.7797, 0.96316, 1.2255, 291.603
3681, 6.1062e-12, 0.0017815, 0.0248327, 0, 0, 1.08911e-19, 0, 0, 0.0266142, 7.47144e-12, 0, 25.8217, 0.963172, 1.22415, 291.62
3682, 5.8948e-12, 0.00178501, 0.0249105, 0, 0, 1.07104e-19, 0, 0, 0.0266955, 7.20434e-12, 0, 25.857, 0.963184, 1.22276, 291.637
3683, 6.35913e-12, 0.00174278, 0.0249308, 0, 0, 1.19161e-19, 0, 0, 0.0266736, 7.7611e-12, 0, 25.7811, 0.963196, 1.22134, 291.57
3684, 7.78061e-12, 0.00162028, 0.0248862, 0, 0, 1.62494e-19, 0, 0, 0.0265065, 9.48356e-12, 0, 25.5794, 0.963208, 1.21987, 291.383
3685, 9.33449e-12, 0.00148351, 0.0248301, 0, 0, 2.14246e-19, 0, 0, 0.0263136, 1.13649e-11, 0, 25.3973, 0.96322, 1.21833, 291.175
3686, 9.76479e-12, 0.00141874, 0.0248424, 0, 0, 2.1523e-19, 0, 0, 0.0262612, 1.18734e-11, 0, 25.3522, 0.963232, 1.21666, 291.082
3687, 9.03938e-12, 0.00142192, 0.024938, 0, 0, 1.61212e-19, 0, 0, 0.0263599, 1.0972e-11, 0, 25.4294, 0.963244, 1.21477, 291.114
3688, 8.41483e-12, 0.00144394, 0.0250425, 0, 0, 1.30178e-19, 0, 0, 0.0264864, 1.01909e-11, 0, 25.501, 0.963256, 1.21241, 291.169
3689, 8.77623e-12, 0.00143839, 0.0250811, 0, 0, 1.61569e-19, 0, 0, 0.0265195, 1.05984e-11, 0, 25.459, 0.963268, 1.20884, 291.146
3690, 9.30976e-12, 0.00142426, 0.0250978, 0, 0, 1.96505e-19, 0, 0, 0.0265221, 1.11851e-11, 0, 25.4, 0.96328, 1.20117, 291.099
3691, 9.11426e-12, 0.00144801, 0.0251634, 0, 0, 1.89235e-19, 0, 0, 0.0266115, 1.08292e-11, 0, 25.4212, 0.963292, 1.18259, 291.123
3692, 8.54379e-12, 0.00149794, 0.025257, 0, 0, 1.70728e-19, 0, 0, 0.026755, 9.99171e-12, 0, 25.4858, 0.963304, 1.15633, 291.19
3693, 8.60003e-12, 0.00149041, 0.0253033, 0, 0, 1.80128e-19, 0, 0, 0.0267937, 1.00221e-11, 0, 25.4793, 0.963316, 1.15155, 291.172
3694, 9.24135e-12, 0.00142559, 0.025303, 0, 0, 2.07043e-19, 0, 0, 0.0267286, 1.0905e-11, 0, 25.4073, 0.963328, 1.17346, 291.07
3695, 9.88065e-12, 0.00137131, 0.0252915, 0, 0, 2.36617e-19, 0, 0, 0.0266628, 1.17893e-11, 0, 25.3404, 0.96334, 1.19203, 290.967
3696, 1.06902e-11, 0.00131613, 0.0252501, 0, 0, 2.69051e-19, 0, 0, 0.0265662, 1.28119e-11, 0, 25.2617, 0.963352, 1.19869, 290.839
3697, 1.12926e-11, 0.00127108, 0.0252267, 0, 0, 2.82509e-19, 0, 0, 0.0264978, 1.35484e-11, 0, 25.2069, 0.963364, 1.20029, 290.734
3698, 1.15366e-11, 0.00125119, 0.0252469, 0, 0, 2.92153e-19, 0, 0, 0.0264981, 1.38411e-11, 0, 25.1855, 0.963376, 1.20033, 290.685
3699, 1.15418e-11, 0.00124734, 0.0252972, 0, 0, 2.9654e-19, 0, 0, 0.0265446, 1.3841e-11, 0, 25.1851, 0.963388, 1.19971, 290.673
3700, 1.13471e-11, 0.00125143, 0.0253671, 0, 0, 2.86354e-19, 0, 0, 0.0266185, 1.35986e-11, 0, 25.2021, 0.9634, 1.19889, 290.685
3701, 1.14357e-11, 0.00124228, 0.0254025, 0, 0, 3.03753e-19, 0, 0, 0.0266448, 1.36949e-11, 0, 25.1943, 0.963412, 1.19804, 290.657
3702, 1.18457e-11, 0.00121804, 0.0254, 0, 0, 3.44356e-19, 0, 0, 0.026618, 1.41759e-11, 0, 25.1591, 0.963424, 1.19714, 290.586
3703, 1.19363e-11, 0.00120782, 0.0254352, 0, 0, 3.55159e-19, 0, 0, 0.0266431, 1.42722e-11, 0, 25.1514, 0.963436, 1.19601, 290.557
3704, 1.15294e-11, 0.00121982, 0.0255305, 0, 0, 3.24865e-19, 0, 0, 0.0267503, 1.37701e-11, 0, 25.1861, 0.963448, 1.19459, 290.595
3705, 1.10799e-11, 0.00123017, 0.0256267, 0, 0, 2.83003e-19, 0, 0, 0.0268569, 1.32156e-11, 0, 25.2259, 0.96346, 1.1931, 290.633
3706, 1.08511e-11, 0.00122366, 0.0256854, 0, 0, 2.44137e-19, 0, 0, 0.0269091, 1.29217e-11, 0, 25.2468, 0.963472, 1.19148, 290.626
3707, 1.07519e-11, 0.00121204, 0.0257262, 0, 0, 2.16186e-19, 0, 0, 0.0269383, 1.27795e-11, 0, 25.2559, 0.963484, 1.18957, 290.6
3708, 1.03275e-11, 0.00123309, 0.0258172, 0, 0, 1.98473e-19, 0, 0, 0.0270503, 1.22571e-11, 0, 25.2962, 0.963496, 1.18791, 290.642
3709, 9.04232e-12, 0.00133182, 0.026013, 0, 0, 1.6399e-19, 0, 0, 0.0273448, 1.07263e-11, 0, 25.4291, 0.963508, 1.18731, 290.829
3710, 7.82308e-12, 0.00144578, 0.0262071, 0, 0, 1.35566e-19, 0, 0, 0.0276528, 9.28018e-12, 0, 25.5739, 0.96352, 1.18719, 291.024
3711, 8.11969e-12, 0.00142538, 0.0262361, 0, 0, 1.47142e-19, 0, 0, 0.0276615, 9.62841e-12, 0, 25.5367, 0.963532, 1.18656, 290.982
3712, 8.63692e-12, 0.00138579, 0.0262275, 0, 0, 1.59448e-19, 0, 0, 0.0276133, 1.02342e-11, 0, 25.475, 0.963544, 1.18543, 290.895
3713, 8.02676e-12, 0.00147726, 0.0263246, 0, 0, 1.49676e-19, 0, 0, 0.0278019, 9.50184e-12, 0, 25.5482, 0.963556, 1.18416, 290.995
3714, 8.17896e-12, 0.00147897, 0.0263312, 0, 0, 1.60458e-19, 0, 0, 0.0278102, 9.66933e-12, 0, 25.5295, 0.963568, 1.18294, 290.952
3715, 9.65681e-12, 0.00130849, 0.0262029, 0, 0, 1.98617e-19, 0, 0, 0.0275114, 1.14045e-11, 0, 25.3634, 0.96358, 1.18178, 290.667
3716, 1.03347e-11, 0.00122522, 0.0261813, 0, 0, 2.26858e-19, 0, 0, 0.0274065, 1.21957e-11, 0, 25.2955, 0.963592, 1.18061, 290.535
3717, 9.53241e-12, 0.00130441, 0.0263433, 0, 0, 2.20426e-19, 0, 0, 0.0276477, 1.12397e-11, 0, 25.3763, 0.963604, 1.1794, 290.677
3718, 9.06713e-12, 0.00134589, 0.0264533, 0, 0, 2.11769e-19, 0, 0, 0.0277992, 1.06786e-11, 0, 25.4264, 0.963616, 1.17817, 290.748
3719, 1.00465e-11, 0.00124165, 0.0263736, 0, 0, 2.44395e-19, 0, 0, 0.0276152, 1.18183e-11, 0, 25.3238, 0.963628, 1.17691, 290.554
3720, 1.09915e-11, 0.00114353, 0.0262952, 0, 0, 2.81289e-19, 0, 0, 0.0274388, 1.29158e-11, 0, 25.2339, 0.96364, 1.17546, 290.366
3721, 1.12432e-11, 0.0011123, 0.0263057, 0, 0, 2.93912e-19, 0, 0, 0.027418, 1.31898e-11, 0, 25.2113, 0.963652, 1.17332, 290.3
3722, 1.11652e-11, 0.00110776, 0.0263611, 0, 0, 2.88481e-19, 0, 0, 0.0274688, 1.30716e-11, 0, 25.2182, 0.963664, 1.17078, 290.292
3723, 1.11544e-11, 0.0010993, 0.0263994, 0, 0, 2.7981e-19, 0, 0, 0.0274987, 1.30434e-11, 0, 25.2192, 0.963676, 1.16948, 290.267
3724, 1.13055e-11, 0.00108017, 0.0264043, 0, 0, 2.71532e-19, 0, 0, 0.0274845, 1.32106e-11, 0, 25.2057, 0.963688, 1.16887, 290.207
3725, 1.13777e-11, 0.00106377, 0.0264204, 0, 0, 2.59793e-19, 0, 0, 0.0274841, 1.32812e-11, 0, 25.1994, 0.9637, 1.16781, 290.158
3726, 1.12838e-11, 0.00105495, 0.0264637, 0, 0, 2.41057e-19, 0, 0, 0.0275187, 1.31629e-11, 0, 25.2077, 0.963712, 1.16715, 290.137
3727, 1.10562e-11, 0.00105711, 0.0265354, 0, 0, 2.20195e-19, 0, 0, 0.0275925, 1.28898e-11, 0, 25.228, 0.963724, 1.16654, 290.147
3728, 1.05677e-11, 0.00109885, 0.0266592, 0, 0, 2.07818e-19, 0, 0, 0.0277581, 1.23097e-11, 0, 25.2732, 0.963736, 1.16543, 290.229
3729, 9.34028e-12, 0.00124907, 0.0268898, 0, 0, 1.89389e-19, 0, 0, 0.0281388, 1.08699e-11, 0, 25.3967, 0.963748, 1.16407, 290.478
3730, 7.98444e-12, 0.00142363, 0.0271208, 0, 0, 1.61801e-19, 0, 0, 0.0285445, 9.27959e-12, 0, 25.5535, 0.96376, 1.16263, 290.742
3731, 8.47439e-12, 0.00135622, 0.0270931, 0, 0, 1.80693e-19, 0, 0, 0.0284493, 9.83181e-12, 0, 25.494, 0.963772, 1.16101, 290.621
3732, 9.75475e-12, 0.00117949, 0.0269627, 0, 0, 2.20045e-19, 0, 0, 0.0281422, 1.13006e-11, 0, 25.3533, 0.963784, 1.159, 290.335
3733, 9.28935e-12, 0.0012162, 0.0270772, 0, 0, 1.95184e-19, 0, 0, 0.0282934, 1.07444e-11, 0, 25.4022, 0.963796, 1.15645, 290.403
3734, 7.56269e-12, 0.00143012, 0.0273767, 0, 0, 1.3792e-19, 0, 0, 0.0288068, 8.72427e-12, 0, 25.6078, 0.963808, 1.15302, 290.749
3735, 6.74109e-12, 0.00150868, 0.027577, 0, 0, 1.17356e-19, 0, 0, 0.0290857, 7.74528e-12, 0, 25.7228, 0.96382, 1.14941, 290.912
3736, 7.08817e-12, 0.00140118, 0.0276173, 0, 0, 1.23255e-19, 0, 0, 0.0290185, 8.12262e-12, 0, 25.6726, 0.963832, 1.14715, 290.813
3737, 7.6528e-12, 0.00129901, 0.0275909, 0, 0, 1.34389e-19, 0, 0, 0.0288899, 8.74824e-12, 0, 25.5959, 0.963844, 1.14444, 290.667
3738, 8.25149e-12, 0.00123337, 0.0275293, 0, 0, 1.54869e-19, 0, 0, 0.0287627, 9.35531e-12, 0, 25.5206, 0.963856, 1.13639, 290.522
3739, 9.2645e-12, 0.00113743, 0.0273759, 0, 0, 1.86466e-19, 0, 0, 0.0285133, 1.03103e-11, 0, 25.4048, 0.963868, 1.11718, 290.282
3740, 9.60929e-12, 0.00111863, 0.0273409, 0, 0, 1.94532e-19, 0, 0, 0.0284595, 1.04647e-11, 0, 25.3683, 0.96388, 1.09322, 290.193
3741, 8.51789e-12, 0.00126028, 0.0275702, 0, 0, 1.64663e-19, 0, 0, 0.0288305, 9.23419e-12, 0, 25.4889, 0.963892, 1.09109, 290.428
3742, 8.14304e-12, 0.00130258, 0.0276727, 0, 0, 1.57261e-19, 0, 0, 0.0289752, 9.03819e-12, 0, 25.5339, 0.963904, 1.11206, 290.49
3743, 9.45905e-12, 0.00112738, 0.0274722, 0, 0, 1.9513e-19, 0, 0, 0.0285995, 1.0695e-11, 0, 25.384, 0.963916, 1.12958, 290.155
3744, 1.06347e-11, 0.00097844, 0.0272879, 0, 0, 2.2924e-19, 0, 0, 0.0282663, 1.20838e-11, 0, 25.2669, 0.963928, 1.13621, 289.851
3745, 1.10503e-11, 0.000928916, 0.0272386, 0, 0, 2.4051e-19, 0, 0, 0.0281676, 1.25623e-11, 0, 25.2286, 0.96394, 1.13724, 289.726
3746, 1.12017e-11, 0.000912929, 0.0272434, 0, 0, 2.46577e-19, 0, 0, 0.0281563, 1.27074e-11, 0, 25.215, 0.963952, 1.13491, 289.669
3747, 1.13034e-11, 0.000905134, 0.0272652, 0, 0, 2.54221e-19, 0, 0, 0.0281703, 1.27303e-11, 0, 25.2059, 0.963964, 1.12655, 289.632
3748, 1.11009e-11, 0.000927662, 0.0273559, 0, 0, 2.42629e-19, 0, 0, 0.0282836, 1.22826e-11, 0, 25.224, 0.963976, 1.10619, 289.671
3749, 1.00581e-11, 0.00105555, 0.0276146, 0, 0, 2.01442e-19, 0, 0, 0.0286702, 1.08744e-11, 0, 25.3226, 0.963988, 1.08347, 289.92
3750, 8.44442e-12, 0.00127371, 0.0279783, 0, 0, 1.5795e-19, 0, 0, 0.029252, 9.11021e-12, 0, 25.4975, 0.964, 1.08668, 290.313
3751, 8.18648e-12, 0.00129557, 0.0280844, 0, 0, 1.52316e-19, 0, 0, 0.02938, 9.06176e-12, 0, 25.5285, 0.964012, 1.10934, 290.361
3752, 9.26939e-12, 0.00111362, 0.027944, 0, 0, 1.71116e-19, 0, 0, 0.0290576, 1.04269e-11, 0, 25.4043, 0.964024, 1.12461, 290.07
3753, 9.50969e-12, 0.00108461, 0.0279696, 0, 0, 1.78611e-19, 0, 0, 0.0290542, 1.07422e-11, 0, 25.3787, 0.964036, 1.12992, 290.02
3754, 8.4644e-12, 0.00128038, 0.0282342, 0, 0, 1.66667e-19, 0, 0, 0.0295146, 9.57234e-12, 0, 25.4952, 0.964048, 1.13129, 290.317
3755, 8.11273e-12, 0.00136843, 0.0283735, 0, 0, 1.67885e-19, 0, 0, 0.0297419, 9.17562e-12, 0, 25.5376, 0.96406, 1.13138, 290.438
3756, 9.46695e-12, 0.00118474, 0.0282116, 0, 0, 2.08691e-19, 0, 0, 0.0293963, 1.07036e-11, 0, 25.3832, 0.964072, 1.13098, 290.133
3757, 1.01579e-11, 0.00108021, 0.0281778, 0, 0, 2.302e-19, 0, 0, 0.0292581, 1.14798e-11, 0, 25.3128, 0.964084, 1.13033, 289.981
3758, 9.00263e-12, 0.00120166, 0.0285019, 0, 0, 1.93833e-19, 0, 0, 0.0297036, 1.01681e-11, 0, 25.4335, 0.964096, 1.12953, 290.265
3759, 7.72747e-12, 0.00132721, 0.028852, 0, 0, 1.48419e-19, 0, 0, 0.0301792, 8.72017e-12, 0, 25.5862, 0.964108, 1.12863, 290.567
3760, 7.81054e-12, 0.00131028, 0.0289234, 0, 0, 1.46684e-19, 0, 0, 0.0302337, 8.80458e-12, 0, 25.5755, 0.96412, 1.12767, 290.559
3761, 8.9406e-12, 0.00120953, 0.0287653, 0, 0, 1.75438e-19, 0, 0, 0.0299748, 1.00683e-11, 0, 25.4404, 0.964132, 1.12659, 290.322
3762, 9.42924e-12, 0.00118563, 0.0287253, 0, 0, 1.80625e-19, 0, 0, 0.0299109, 1.06086e-11, 0, 25.3872, 0.964144, 1.1254, 290.227
3763, 8.94649e-12, 0.00125764, 0.0288823, 0, 0, 1.59334e-19, 0, 0, 0.03014, 1.00541e-11, 0, 25.4398, 0.964156, 1.12423, 290.347
3764, 8.97694e-12, 0.00127179, 0.0289363, 0, 0, 1.50927e-19, 0, 0, 0.0302081, 1.00778e-11, 0, 25.4364, 0.964168, 1.12319, 290.349
3765, 8.77394e-12, 0.0013375, 0.0290226, 0, 0, 1.44837e-19, 0, 0, 0.0303601, 9.84228e-12, 0, 25.4592, 0.96418, 1.12216, 290.412
3766, 8.81033e-12, 0.00137668, 0.0290851, 0, 0, 1.55842e-19, 0, 0, 0.0304618, 9.87275e-12, 0, 25.4551, 0.964192, 1.12104, 290.438
3767, 1.04098e-11, 0.00120495, 0.0288857, 0, 0, 2.08402e-19, 0, 0, 0.0300907, 1.16516e-11, 0, 25.2883, 0.964204, 1.11983, 290.12
3768, 1.18801e-11, 0.00105081, 0.0287063, 0, 0, 2.60869e-19, 0, 0, 0.0297571, 1.32822e-11, 0, 25.1562, 0.964216, 1.11843, 289.826
3769, 1.17769e-11, 0.0010794, 0.0288032, 0, 0, 2.59821e-19, 0, 0, 0.0298826, 1.31535e-11, 0, 25.1649, 0.964228, 1.11715, 289.871
3770, 1.02223e-11, 0.00128063, 0.0291438, 0, 0, 2.06248e-19, 0, 0, 0.0304244, 1.14094e-11, 0, 25.3065, 0.96424, 1.11637, 290.22
3771, 9.23611e-12, 0.00142477, 0.0293803, 0, 0, 1.73482e-19, 0, 0, 0.0308051, 1.03006e-11, 0, 25.4079, 0.964252, 1.11567, 290.447
3772, 1.02882e-11, 0.00130825, 0.0292854, 0, 0, 2.01507e-19, 0, 0, 0.0305937, 1.14628e-11, 0, 25.3, 0.964264, 1.11469, 290.247
3773, 1.08308e-11, 0.00125381, 0.029271, 0, 0, 2.1804e-19, 0, 0, 0.0305248, 1.20577e-11, 0, 25.2486, 0.964276, 1.11354, 290.149
3774, 9.68208e-12, 0.0014173, 0.0295259, 0, 0, 1.88555e-19, 0, 0, 0.0309432, 1.07682e-11, 0, 25.3607, 0.964288, 1.11235, 290.403
3775, 9.78108e-12, 0.00142196, 0.0295939, 0, 0, 1.94149e-19, 0, 0, 0.0310158, 1.08631e-11, 0, 25.3506, 0.9643, 1.11112, 290.407
3776, 1.16494e-11, 0.00120549, 0.0293801, 0, 0, 2.45273e-19, 0, 0, 0.0305855, 1.29206e-11, 0, 25.1758, 0.964312, 1.10967, 290.05
3777, 1.30079e-11, 0.00106505, 0.0292309, 0, 0, 2.79753e-19, 0, 0, 0.030296, 1.44092e-11, 0, 25.0655, 0.964324, 1.10814, 289.793
3778, 1.34834e-11, 0.00103521, 0.0292253, 0, 0, 2.93391e-19, 0, 0, 0.0302605, 1.49201e-11, 0, 25.0296, 0.964336, 1.1069, 289.72
3779, 1.34044e-11, 0.00105558, 0.0293183, 0, 0, 2.87316e-19, 0, 0, 0.0303738, 1.48194e-11, 0, 25.0354, 0.964348, 1.10589, 289.754
3780, 1.25164e-11, 0.00115195, 0.0295535, 0, 0, 2.57211e-19, 0, 0, 0.0307055, 1.38287e-11, 0, 25.104, 0.96436, 1.10508, 289.947
3781, 1.11107e-11, 0.00130457, 0.02988, 0, 0, 2.19153e-19, 0, 0, 0.0311846, 1.22668e-11, 0, 25.2231, 0.964372, 1.10417, 290.242
3782, 1.08747e-11, 0.00133518, 0.0300118, 0, 0, 2.11435e-19, 0, 0, 0.0313469, 1.1994e-11, 0, 25.2446, 0.964384, 1.10315, 290.309
3783, 1.09886e-11, 0.0013111, 0.0300868, 0, 0, 2.10752e-19, 0, 0, 0.0313979, 1.21102e-11, 0, 25.2342, 0.964396, 1.10228, 290.298
3784, 9.64704e-12, 0.00141944, 0.0304001, 0, 0, 1.72105e-19, 0, 0, 0.0318196, 1.06225e-11, 0, 25.3644, 0.964408, 1.10134, 290.546
3785, 9.51248e-12, 0.0014427, 0.0304986, 0, 0, 1.65164e-19, 0, 0, 0.0319413, 1.04599e-11, 0, 25.3784, 0.96442, 1.10027, 290.583
3786, 1.18452e-11, 0.00127126, 0.0301795, 0, 0, 2.30829e-19, 0, 0, 0.0314508, 1.30111e-11, 0, 25.1591, 0.964432, 1.09916, 290.193
3787, 1.35193e-11, 0.00115724, 0.0299733, 0, 0, 2.78623e-19, 0, 0, 0.0311305, 1.48383e-11, 0, 25.0269, 0.964444, 1.09805, 289.919
3788, 1.27614e-11, 0.00126972, 0.0301446, 0, 0, 2.45746e-19, 0, 0, 0.0314143, 1.39949e-11, 0, 25.0846, 0.964456, 1.09693, 290.072
3789, 1.00881e-11, 0.00162054, 0.0305671, 0, 0, 1.67635e-19, 0, 0, 0.0321877, 1.1053e-11, 0, 25.3197, 0.964468, 1.0958, 290.565
3790, 7.96916e-12, 0.00189134, 0.0309303, 0, 0, 1.15412e-19, 0, 0, 0.0328217, 8.72041e-12, 0, 25.5554, 0.96448, 1.09468, 290.952
3791, 8.13939e-12, 0.00183246, 0.0310306, 0, 0, 1.1987e-19, 0, 0, 0.032863, 8.89513e-12, 0, 25.5343, 0.964492, 1.09357, 290.932
3792, 9.68007e-12, 0.0016435, 0.0309273, 0, 0, 1.64614e-19, 0, 0, 0.0325708, 1.05677e-11, 0, 25.361, 0.964504, 1.09245, 290.686
3793, 1.0947e-11, 0.00152479, 0.0308309, 0, 0, 2.03814e-19, 0, 0, 0.0323557, 1.19401e-11, 0, 25.238, 0.964516, 1.09132, 290.491
3794, 1.11031e-11, 0.00153995, 0.0308725, 0, 0, 2.09036e-19, 0, 0, 0.0324125, 1.20965e-11, 0, 25.2238, 0.964528, 1.09012, 290.483
3795, 1.24262e-11, 0.00142702, 0.0307556, 0, 0, 2.3979e-19, 0, 0, 0.0321826, 1.35206e-11, 0, 25.1112, 0.96454, 1.08892, 290.277
3796, 1.44964e-11, 0.00122725, 0.0305342, 0, 0, 2.83099e-19, 0, 0, 0.0317615, 1.57589e-11, 0, 24.9571, 0.964552, 1.08785, 289.938
3797, 1.53667e-11, 0.00114207, 0.0304728, 0, 0, 2.87372e-19, 0, 0, 0.0316149, 1.66899e-11, 0, 24.8988, 0.964564, 1.08683, 289.788
3798, 1.55828e-11, 0.00113093, 0.0305123, 0, 0, 2.8802e-19, 0, 0, 0.0316433, 1.69072e-11, 0, 24.8849, 0.964576, 1.08576, 289.761
3799, 1.59326e-11, 0.00113069, 0.0305509, 0, 0, 3.08851e-19, 0, 0, 0.0316816, 1.72693e-11, 0, 24.8627, 0.964588, 1.08466, 289.741
3800, 1.62245e-11, 0.00113272, 0.0305978, 0, 0, 3.15309e-19, 0, 0, 0.0317305, 1.75681e-11, 0, 24.8445, 0.9646, 1.08356, 289.728
3801, 1.6293e-11, 0.00114282, 0.030678, 0, 0, 3.13771e-19, 0, 0, 0.0318209, 1.76243e-11, 0, 24.8403, 0.964612, 1.08245, 289.744
3802, 1.60047e-11, 0.00117509, 0.0308174, 0, 0, 3.10582e-19, 0, 0, 0.0319925, 1.72955e-11, 0, 24.8581, 0.964624, 1.08132, 289.816
3803, 1.49435e-11, 0.00126645, 0.031062, 0, 0, 2.82284e-19, 0, 0, 0.0323284, 1.6133e-11, 0, 24.9267, 0.964636, 1.08019, 290.001
3804, 1.34566e-11, 0.00139924, 0.0313554, 0, 0, 2.38145e-19, 0, 0, 0.0327547, 1.45111e-11, 0, 25.0315, 0.964648, 1.07905, 290.245
3805, 1.37224e-11, 0.0014016, 0.0314011, 0, 0, 2.50586e-19, 0, 0, 0.0328027, 1.47787e-11, 0, 25.012, 0.96466, 1.0779, 290.231
3806, 1.55857e-11, 0.00127796, 0.0312213, 0, 0, 3.14413e-19, 0, 0, 0.0324993, 1.67683e-11, 0, 24.8847, 0.964672, 1.07673, 289.977
3807, 1.61536e-11, 0.00124044, 0.031224, 0, 0, 3.30781e-19, 0, 0, 0.0324645, 1.73633e-11, 0, 24.8489, 0.964684, 1.07553, 289.906
3808, 1.43736e-11, 0.00135835, 0.0315691, 0, 0, 2.68952e-19, 0, 0, 0.0329274, 1.54346e-11, 0, 24.9656, 0.964696, 1.0743, 290.175
3809, 1.18816e-11, 0.001525, 0.0320273, 0, 0, 1.94986e-19, 0, 0, 0.0335523, 1.27426e-11, 0, 25.156, 0.964708, 1.07297, 290.547
3810, 1.10809e-11, 0.0015871, 0.0322377, 0, 0, 1.73415e-19, 0, 0, 0.0338248, 1.18654e-11, 0, 25.2258, 0.96472, 1.0714, 290.681
3811, 1.13173e-11, 0.00160972, 0.0322676, 0, 0, 1.79881e-19, 0, 0, 0.0338773, 1.2102e-11, 0, 25.2047, 0.964732, 1.06968, 290.669
3812, 1.04199e-11, 0.00175847, 0.0324111, 0, 0, 1.60485e-19, 0, 0, 0.0341695, 1.11281e-11, 0, 25.2873, 0.964744, 1.06795, 290.814
3813, 8.57208e-12, 0.00199274, 0.0326714, 0, 0, 1.2298e-19, 0, 0, 0.0346642, 9.13731e-12, 0, 25.4825, 0.964756, 1.06626, 291.09
3814, 8.93059e-12, 0.00200959, 0.0326871, 0, 0, 1.41437e-19, 0, 0, 0.0346967, 9.49414e-12, 0, 25.4415, 0.964768, 1.06461, 291.064
3815, 1.22117e-11, 0.00172336, 0.0323813, 0, 0, 2.23039e-19, 0, 0, 0.0341046, 1.29528e-11, 0, 25.1286, 0.96478, 1.06223, 290.631
3816, 1.43289e-11, 0.00152066, 0.0322229, 0, 0, 2.67307e-19, 0, 0, 0.0337435, 1.51523e-11, 0, 24.9687, 0.964792, 1.05826, 290.346
3817, 1.44147e-11, 0.00151138, 0.0322937, 0, 0, 2.56681e-19, 0, 0, 0.033805, 1.51034e-11, 0, 24.9628, 0.964804, 1.04956, 290.34
3818, 1.56249e-11, 0.00143102, 0.0322042, 0, 0, 2.71015e-19, 0, 0, 0.0336352, 1.60419e-11, 0, 24.8822, 0.964816, 1.03008, 290.181
3819, 1.74218e-11, 0.00130922, 0.0320385, 0, 0, 3.05264e-19, 0, 0, 0.0333478, 1.75454e-11, 0, 24.7733, 0.964828, 1.00768, 289.942
3820, 1.85034e-11, 0.00125973, 0.0319859, 0, 0, 3.5233e-19, 0, 0, 0.0332456, 1.87023e-11, 0, 24.7131, 0.96484, 1.00913, 289.827
3821, 1.9208e-11, 0.00124939, 0.0319946, 0, 0, 4.09498e-19, 0, 0, 0.033244, 1.98161e-11, 0, 24.6757, 0.964852, 1.03072, 289.78
3822, 1.96067e-11, 0.0012491, 0.032035, 0, 0, 4.41681e-19, 0, 0, 0.0332841, 2.05129e-11, 0, 24.6552, 0.964864, 1.04623, 289.76
3823, 1.97192e-11, 0.00125442, 0.0321033, 0, 0, 4.38803e-19, 0, 0, 0.0333577, 2.07359e-11, 0, 24.6494, 0.964876, 1.05182, 289.762
3824, 1.965e-11, 0.00126393, 0.0321902, 0, 0, 4.1274e-19, 0, 0, 0.0334541, 2.06934e-11, 0, 24.6529, 0.964888, 1.05341, 289.78
3825, 1.9473e-11, 0.00128375, 0.0322987, 0, 0, 3.94488e-19, 0, 0, 0.0335825, 2.05127e-11, 0, 24.662, 0.9649, 1.0537, 289.819
3826, 1.87192e-11, 0.00134706, 0.0324921, 0, 0, 3.81531e-19, 0, 0, 0.0338391, 1.9715e-11, 0, 24.7015, 0.964912, 1.05343, 289.943
3827, 1.71121e-11, 0.00146471, 0.0327908, 0, 0, 3.44284e-19, 0, 0, 0.0342555, 1.80139e-11, 0, 24.7912, 0.964924, 1.05292, 290.17
3828, 1.67205e-11, 0.0015036, 0.0329304, 0, 0, 3.32029e-19, 0, 0, 0.034434, 1.75883e-11, 0, 24.8144, 0.964936, 1.05226, 290.24
3829, 1.84138e-11, 0.00141218, 0.0328056, 0, 0, 3.76947e-19, 0, 0, 0.0342177, 1.93538e-11, 0, 24.7179, 0.964948, 1.05148, 290.052
3830, 1.98082e-11, 0.00133963, 0.0327136, 0, 0, 4.06692e-19, 0, 0, 0.0340532, 2.08027e-11, 0, 24.6449, 0.96496, 1.05062, 289.898
3831, 2.00198e-11, 0.00133653, 0.0327667, 0, 0, 3.9205e-19, 0, 0, 0.0341032, 2.10062e-11, 0, 24.6343, 0.964972, 1.0497, 289.884
3832, 1.90667e-11, 0.00141153, 0.0329564, 0, 0, 3.48136e-19, 0, 0, 0.0343679, 1.99874e-11, 0, 24.6831, 0.964984, 1.04867, 290.011
3833, 1.60985e-11, 0.00164565, 0.0333678, 0, 0, 2.7438e-19, 0, 0, 0.0350135, 1.68604e-11, 0, 24.8523, 0.964996, 1.04753, 290.382
3834, 1.20182e-11, 0.00195905, 0.0339027, 0, 0, 1.86122e-19, 0, 0, 0.0358617, 1.25741e-11, 0, 25.1446, 0.965008, 1.0464, 290.874
3835, 1.03894e-11, 0.0020549, 0.0341878, 0, 0, 1.4352e-19, 0, 0, 0.0362427, 1.08553e-11, 0, 25.2902, 0.96502, 1.04537, 291.066
3836, 1.18149e-11, 0.00192802, 0.0341398, 0, 0, 1.64477e-19, 0, 0, 0.0360678, 1.23308e-11, 0, 25.1617, 0.965032, 1.04443, 290.91
3837, 1.40422e-11, 0.00177614, 0.0339824, 0, 0, 2.06216e-19, 0, 0, 0.0357585, 1.46428e-11, 0, 24.989, 0.965044, 1.0435, 290.67
3838, 1.61112e-11, 0.00164216, 0.0338338, 0, 0, 2.42363e-19, 0, 0, 0.0354759, 1.67851e-11, 0, 24.8515, 0.965056, 1.04248, 290.445
3839, 1.80772e-11, 0.0015276, 0.033683, 0, 0, 2.70896e-19, 0, 0, 0.0352105, 1.88144e-11, 0, 24.7364, 0.965068, 1.04148, 290.229
3840, 1.99426e-11, 0.00143605, 0.033532, 0, 0, 2.94999e-19, 0, 0, 0.034968, 2.07362e-11, 0, 24.6382, 0.96508, 1.04057, 290.028
3841, 2.10392e-11, 0.00139417, 0.0334797, 0, 0, 3.105e-19, 0, 0, 0.0348738, 2.18564e-11, 0, 24.5846, 0.965092, 1.03963, 289.921
3842, 2.12843e-11, 0.00139566, 0.0335346, 0, 0, 3.08124e-19, 0, 0, 0.0349302, 2.209e-11, 0, 24.573, 0.965104, 1.03862, 289.911
3843, 2.06074e-11, 0.00144151, 0.0336946, 0, 0, 2.8152e-19, 0, 0, 0.0351361, 2.13675e-11, 0, 24.6054, 0.965116, 1.03761, 289.997
3844, 1.8949e-11, 0.00154563, 0.0339698, 0, 0, 2.44058e-19, 0, 0, 0.0355155, 1.96315e-11, 0, 24.6893, 0.965128, 1.03667, 290.192
3845, 1.79685e-11, 0.00160789, 0.0341622, 0, 0, 2.13696e-19, 0, 0, 0.0357702, 1.85969e-11, 0, 24.7424, 0.96514, 1.03572, 290.307
3846, 1.8976e-11, 0.00154306, 0.0341135, 0, 0, 1.96005e-19, 0, 0, 0.0356566, 1.96158e-11, 0, 24.6878, 0.965152, 1.03472, 290.189
3847, 2.02985e-11, 0.00146842, 0.0340344, 0, 0, 1.91443e-19, 0, 0, 0.0355028, 2.09605e-11, 0, 24.6205, 0.965164, 1.0337, 290.045
3848, 2.10477e-11, 0.00145008, 0.0340467, 0, 0, 2.10051e-19, 0, 0, 0.0354968, 2.17144e-11, 0, 24.5842, 0.965176, 1.03267, 289.995
3849, 2.12111e-11, 0.00147374, 0.0341384, 0, 0, 2.41032e-19, 0, 0, 0.0356121, 2.18657e-11, 0, 24.5765, 0.965188, 1.03166, 290.022
3850, 2.02966e-11, 0.00154688, 0.034341, 0, 0, 2.46633e-19, 0, 0, 0.0358878, 2.09052e-11, 0, 24.6206, 0.9652, 1.03064, 290.15
3851, 1.95686e-11, 0.00160256, 0.0345134, 0, 0, 2.41463e-19, 0, 0, 0.036116, 2.01337e-11, 0, 24.6571, 0.965212, 1.02958, 290.246
3852, 2.06838e-11, 0.00155903, 0.0344805, 0, 0, 2.61741e-19, 0, 0, 0.0360396, 2.12561e-11, 0, 24.6017, 0.965224, 1.02839, 290.153
3853, 2.18895e-11, 0.00150956, 0.0344348, 0, 0, 2.81293e-19, 0, 0, 0.0359444, 2.24698e-11, 0, 24.545, 0.965236, 1.0271, 290.047
3854, 2.12131e-11, 0.00155936, 0.0345882, 0, 0, 2.70557e-19, 0, 0, 0.0361476, 2.17537e-11, 0, 24.5764, 0.965248, 1.02585, 290.128
3855, 1.86191e-11, 0.00171443, 0.0349373, 0, 0, 2.2455e-19, 0, 0, 0.0366517, 1.90738e-11, 0, 24.7068, 0.96526, 1.02465, 290.395
3856, 1.7121e-11, 0.0018076, 0.0351728, 0, 0, 1.92492e-19, 0, 0, 0.0369804, 1.75207e-11, 0, 24.7907, 0.965272, 1.02376, 290.55
3857, 1.85873e-11, 0.00172888, 0.0351096, 0, 0, 2.11958e-19, 0, 0, 0.0368385, 1.90044e-11, 0, 24.7085, 0.965284, 1.02299, 290.417
3858, 1.91449e-11, 0.00169698, 0.0351395, 0, 0, 2.2121e-19, 0, 0, 0.0368365, 1.95579e-11, 0, 24.679, 0.965296, 1.022, 290.37
3859, 1.76384e-11, 0.00177934, 0.0353777, 0, 0, 1.93017e-19, 0, 0, 0.0371571, 1.80037e-11, 0, 24.7609, 0.965308, 1.02112, 290.52
3860, 1.75308e-11, 0.00178314, 0.0354714, 0, 0, 1.79439e-19, 0, 0, 0.0372546, 1.78786e-11, 0, 24.7671, 0.96532, 1.02032, 290.534
3861, 1.83538e-11, 0.00173195, 0.0354706, 0, 0, 1.83615e-19, 0, 0, 0.0372025, 1.87025e-11, 0, 24.7212, 0.965332, 1.01941, 290.456
3862, 1.84385e-11, 0.00172029, 0.0355377, 0, 0, 1.76606e-19, 0, 0, 0.037258, 1.87704e-11, 0, 24.7166, 0.965344, 1.01842, 290.444
3863, 1.93525e-11, 0.00167703, 0.035505, 0, 0, 1.73622e-19, 0, 0, 0.037182, 1.96792e-11, 0, 24.6682, 0.965356, 1.01741, 290.352
3864, 2.08463e-11, 0.00161458, 0.0354151, 0, 0, 1.84902e-19, 0, 0, 0.0370297, 2.11779e-11, 0, 24.5938, 0.965368, 1.01638, 290.213
3865, 2.15051e-11, 0.00159294, 0.0354222, 0, 0, 1.96709e-19, 0, 0, 0.0370151, 2.18252e-11, 0, 24.5627, 0.96538, 1.01526, 290.158
3866, 2.11532e-11, 0.00161576, 0.0355381, 0, 0, 1.98069e-19, 0, 0, 0.0371538, 2.14367e-11, 0, 24.5792, 0.965392, 1.01374, 290.197
3867, 2.00615e-11, 0.00167193, 0.0357301, 0, 0, 1.81933e-19, 0, 0, 0.037402, 2.02914e-11, 0, 24.6322, 0.965404, 1.01179, 290.302
3868, 1.93703e-11, 0.00170542, 0.0358743, 0, 0, 1.6065e-19, 0, 0, 0.0375797, 1.95637e-11, 0, 24.6673, 0.965416, 1.01013, 290.364
3869, 1.98838e-11, 0.00167992, 0.0358908, 0, 0, 1.54318e-19, 0, 0, 0.0375707, 2.00684e-11, 0, 24.6411, 0.965428, 1.00907, 290.313
3870, 2.03558e-11, 0.00166267, 0.0359192, 0, 0, 1.57001e-19, 0, 0, 0.0375819, 2.05338e-11, 0, 24.6177, 0.96544, 1.00853, 290.274
3871, 1.95848e-11, 0.00170824, 0.0360766, 0, 0, 1.51495e-19, 0, 0, 0.0377849, 1.97447e-11, 0, 24.6563, 0.965452, 1.00813, 290.35
3872, 1.79039e-11, 0.00179601, 0.0363213, 0, 0, 1.33759e-19, 0, 0, 0.0381173, 1.80406e-11, 0, 24.746, 0.965464, 1.00778, 290.503
3873, 1.71255e-11, 0.00183852, 0.036478, 0, 0, 1.21736e-19, 0, 0, 0.0383165, 1.72435e-11, 0, 24.7905, 0.965476, 1.00716, 290.576
3874, 1.75283e-11, 0.00182654, 0.0365239, 0, 0, 1.20735e-19, 0, 0, 0.0383505, 1.76332e-11, 0, 24.7672, 0.965488, 1.00628, 290.55
3875, 1.8498e-11, 0.0017928, 0.0365162, 0, 0, 1.26717e-19, 0, 0, 0.038309, 1.8591e-11, 0, 24.7134, 0.9655, 1.00532, 290.48
3876, 1.90948e-11, 0.00178394, 0.0365417, 0, 0, 1.3101e-19, 0, 0, 0.0383256, 1.91732e-11, 0, 24.6816, 0.965512, 1.00433, 290.444
3877, 1.81568e-11, 0.00186345, 0.0367141, 0, 0, 1.21578e-19, 0, 0, 0.0385776, 1.82137e-11, 0, 24.732, 0.965524, 1.00332, 290.548
3878, 1.75271e-11, 0.00192259, 0.0368612, 0, 0, 1.15911e-19, 0, 0, 0.0387838, 1.75625e-11, 0, 24.7673, 0.965536, 1.00232, 290.623
3879, 1.85025e-11, 0.00186908, 0.0368524, 0, 0, 1.22811e-19, 0, 0, 0.0387215, 1.8521e-11, 0, 24.7131, 0.965548, 1.00132, 290.541
3880, 1.89766e-11, 0.00183886, 0.0368888, 0, 0, 1.24981e-19, 0, 0, 0.0387277, 1.89774e-11, 0, 24.6878, 0.96556, 1.00027, 290.499
3881, 1.89092e-11, 0.00185293, 0.0369794, 0, 0, 1.24598e-19, 0, 0, 0.0388323, 1.8887e-11, 0, 24.6914, 0.965572, 0.999108, 290.515
3882, 1.97701e-11, 0.00181955, 0.0369795, 0, 0, 1.30438e-19, 0, 0, 0.0387991, 1.97234e-11, 0, 24.6469, 0.965584, 0.997979, 290.45
3883, 2.07382e-11, 0.00177945, 0.03697, 0, 0, 1.36631e-19, 0, 0, 0.0387495, 2.06725e-11, 0, 24.599, 0.965596, 0.997098, 290.376
3884, 2.09474e-11, 0.00178299, 0.0370382, 0, 0, 1.39378e-19, 0, 0, 0.0388212, 2.08652e-11, 0, 24.589, 0.965608, 0.996265, 290.372
3885, 2.06231e-11, 0.00181685, 0.0371608, 0, 0, 1.39103e-19, 0, 0, 0.0389776, 2.05228e-11, 0, 24.6046, 0.96562, 0.995322, 290.418
3886, 2.06143e-11, 0.00183316, 0.0372504, 0, 0, 1.39776e-19, 0, 0, 0.0390836, 2.04923e-11, 0, 24.605, 0.965632, 0.994327, 290.435
3887, 2.11589e-11, 0.00182084, 0.0372854, 0, 0, 1.43581e-19, 0, 0, 0.0391062, 2.10127e-11, 0, 24.579, 0.965644, 0.993324, 290.402
3888, 2.12182e-11, 0.00183378, 0.0373714, 0, 0, 1.424e-19, 0, 0, 0.0392052, 2.10515e-11, 0, 24.5762, 0.965656, 0.992319, 290.415
3889, 2.07642e-11, 0.00186687, 0.0375031, 0, 0, 1.31958e-19, 0, 0, 0.03937, 2.05797e-11, 0, 24.5978, 0.965668, 0.991309, 290.465
3890, 2.07903e-11, 0.00187187, 0.0375785, 0, 0, 1.22363e-19, 0, 0, 0.0394504, 2.05824e-11, 0, 24.5965, 0.96568, 0.990293, 290.466
3891, 2.15334e-11, 0.0018514, 0.0375897, 0, 0, 1.24174e-19, 0, 0, 0.0394411, 2.12937e-11, 0, 24.5614, 0.965692, 0.989233, 290.415
3892, 2.26899e-11, 0.0018251, 0.0375756, 0, 0, 1.35335e-19, 0, 0, 0.0394007, 2.24092e-11, 0, 24.5091, 0.965704, 0.988033, 290.347
3893, 2.37421e-11, 0.00180872, 0.0375797, 0, 0, 1.474e-19, 0, 0, 0.0393884, 2.34162e-11, 0, 24.4638, 0.965716, 0.986708, 290.294
3894, 2.45778e-11, 0.00180525, 0.0376113, 0, 0, 1.63514e-19, 0, 0, 0.0394165, 2.42095e-11, 0, 24.4292, 0.965728, 0.985426, 290.265
3895, 2.53634e-11, 0.00180829, 0.0376556, 0, 0, 1.8617e-19, 0, 0, 0.0394639, 2.49546e-11, 0, 24.3977, 0.96574, 0.984237, 290.247
3896, 2.59334e-11, 0.0018214, 0.0377215, 0, 0, 2.06004e-19, 0, 0, 0.0395429, 2.54917e-11, 0, 24.3755, 0.965752, 0.98325, 290.248
3897, 2.55161e-11, 0.00186991, 0.0378708, 0, 0, 2.08443e-19, 0, 0, 0.0397407, 2.50607e-11, 0, 24.3917, 0.965764, 0.982308, 290.316
3898, 2.43868e-11, 0.00194472, 0.0380804, 0, 0, 2.00822e-19, 0, 0, 0.0400251, 2.39274e-11, 0, 24.437, 0.965776, 0.98128, 290.434
3899, 2.38951e-11, 0.00200225, 0.0382349, 0, 0, 2.07959e-19, 0, 0, 0.0402372, 2.34205e-11, 0, 24.4573, 0.965788, 0.980306, 290.51
3900, 2.44067e-11, 0.00202534, 0.0383029, 0, 0, 2.31044e-19, 0, 0, 0.0403283, 2.38915e-11, 0, 24.4362, 0.9658, 0.979182, 290.516
3901, 2.63276e-11, 0.00197847, 0.0382479, 0, 0, 2.57134e-19, 0, 0, 0.0402264, 2.57319e-11, 0, 24.3604, 0.965812, 0.977759, 290.413
3902, 2.78361e-11, 0.0019199, 0.0382048, 0, 0, 2.53775e-19, 0, 0, 0.0401248, 2.71594e-11, 0, 24.3047, 0.965824, 0.975998, 290.31
3903, 2.80505e-11, 0.0018988, 0.0382473, 0, 0, 2.27743e-19, 0, 0, 0.0401461, 2.73029e-11, 0, 24.297, 0.965836, 0.973676, 290.277
3904, 2.84797e-11, 0.00187662, 0.0382739, 0, 0, 2.1626e-19, 0, 0, 0.0401505, 2.76171e-11, 0, 24.2818, 0.965848, 0.970092, 290.235
3905, 2.88487e-11, 0.00186432, 0.0383166, 0, 0, 2.19448e-19, 0, 0, 0.0401809, 2.77651e-11, 0, 24.269, 0.96586, 0.962662, 290.207
3906, 2.87528e-11, 0.00187066, 0.0384021, 0, 0, 2.22023e-19, 0, 0, 0.0402728, 2.72107e-11, 0, 24.2723, 0.965872, 0.946081, 290.214
3907, 2.86039e-11, 0.00188197, 0.0384966, 0, 0, 2.21416e-19, 0, 0, 0.0403786, 2.65036e-11, 0, 24.2775, 0.965884, 0.925154, 290.229
3908, 2.83793e-11, 0.00189476, 0.0385954, 0, 0, 2.17161e-19, 0, 0, 0.0404902, 2.62603e-11, 0, 24.2854, 0.965896, 0.923647, 290.247
3909, 2.77184e-11, 0.00191282, 0.038715, 0, 0, 2.03264e-19, 0, 0, 0.0406278, 2.61224e-11, 0, 24.3089, 0.965908, 0.94223, 290.28
3910, 2.67481e-11, 0.00193794, 0.0388532, 0, 0, 1.82463e-19, 0, 0, 0.0407911, 2.55866e-11, 0, 24.3446, 0.96592, 0.957148, 290.327
3911, 2.629e-11, 0.00196581, 0.038979, 0, 0, 1.73471e-19, 0, 0, 0.0409448, 2.5305e-11, 0, 24.3618, 0.965932, 0.962948, 290.368
3912, 2.66724e-11, 0.00197984, 0.0390603, 0, 0, 1.8031e-19, 0, 0, 0.0410402, 2.57271e-11, 0, 24.3474, 0.965944, 0.964734, 290.377
3913, 2.74275e-11, 0.00197255, 0.0391009, 0, 0, 1.87289e-19, 0, 0, 0.0410735, 2.64694e-11, 0, 24.3195, 0.965956, 0.965138, 290.35
3914, 2.79053e-11, 0.00196784, 0.0391527, 0, 0, 1.87037e-19, 0, 0, 0.0411206, 2.69277e-11, 0, 24.3022, 0.965968, 0.965068, 290.332
3915, 2.78337e-11, 0.00198035, 0.0392451, 0, 0, 1.79996e-19, 0, 0, 0.0412254, 2.68474e-11, 0, 24.3048, 0.96598, 0.964732, 290.345
3916, 2.72838e-11, 0.00200993, 0.039376, 0, 0, 1.71431e-19, 0, 0, 0.0413859, 2.63008e-11, 0, 24.3247, 0.965992, 0.964171, 290.389
3917, 2.68511e-11, 0.00203933, 0.0395026, 0, 0, 1.72054e-19, 0, 0, 0.041542, 2.58648e-11, 0, 24.3407, 0.966004, 0.96348, 290.431
3918, 2.72743e-11, 0.0020413, 0.0395643, 0, 0, 1.83248e-19, 0, 0, 0.0416056, 2.62513e-11, 0, 24.3251, 0.966016, 0.962714, 290.421
3919, 2.80319e-11, 0.00203212, 0.0395998, 0, 0, 1.93848e-19, 0, 0, 0.0416319, 2.69581e-11, 0, 24.2977, 0.966028, 0.961903, 290.391
3920, 2.80814e-11, 0.00204634, 0.0396889, 0, 0, 1.94195e-19, 0, 0, 0.0417353, 2.69832e-11, 0, 24.2959, 0.96604, 0.961074, 290.403
3921, 2.77019e-11, 0.00207653, 0.0398108, 0, 0, 1.9018e-19, 0, 0, 0.0418873, 2.65947e-11, 0, 24.3095, 0.966052, 0.960212, 290.442
3922, 2.75641e-11, 0.00209937, 0.0399129, 0, 0, 1.90159e-19, 0, 0, 0.0420122, 2.64372e-11, 0, 24.3145, 0.966064, 0.95929, 290.466
3923, 2.72692e-11, 0.00212404, 0.0400219, 0, 0, 1.87624e-19, 0, 0, 0.042146, 2.61293e-11, 0, 24.3253, 0.966076, 0.958349, 290.494
3924, 2.69703e-11, 0.00214413, 0.0401296, 0, 0, 1.80048e-19, 0, 0, 0.0422738, 2.58175e-11, 0, 24.3363, 0.966088, 0.957464, 290.519
3925, 2.71247e-11, 0.00214683, 0.0402046, 0, 0, 1.72995e-19, 0, 0, 0.0423515, 2.59402e-11, 0, 24.3306, 0.9661, 0.956623, 290.517
3926, 2.77745e-11, 0.00213951, 0.0402501, 0, 0, 1.75793e-19, 0, 0, 0.0423896, 2.65362e-11, 0, 24.3069, 0.966112, 0.955764, 290.493
3927, 2.89999e-11, 0.00211763, 0.0402582, 0, 0, 1.87907e-19, 0, 0, 0.0423758, 2.76806e-11, 0, 24.2637, 0.966124, 0.95487, 290.441
3928, 2.99644e-11, 0.00210352, 0.0402846, 0, 0, 1.99175e-19, 0, 0, 0.0423881, 2.85748e-11, 0, 24.231, 0.966136, 0.953961, 290.403
3929, 3.01545e-11, 0.00211605, 0.0403695, 0, 0, 2.06564e-19, 0, 0, 0.0424856, 2.87303e-11, 0, 24.2247, 0.966148, 0.953046, 290.411
3930, 3.05749e-11, 0.00212667, 0.0404446, 0, 0, 2.15755e-19, 0, 0, 0.0425712, 2.91034e-11, 0, 24.2108, 0.96616, 0.95211, 290.413
3931, 3.16426e-11, 0.00211686, 0.0404728, 0, 0, 2.26676e-19, 0, 0, 0.0425897, 3.00898e-11, 0, 24.1765, 0.966172, 0.951159, 290.378
3932, 3.25593e-11, 0.00210847, 0.0405082, 0, 0, 2.35968e-19, 0, 0, 0.0426167, 3.09295e-11, 0, 24.148, 0.966184, 0.950161, 290.348
3933, 3.31895e-11, 0.00210974, 0.040565, 0, 0, 2.47622e-19, 0, 0, 0.0426747, 3.14935e-11, 0, 24.1288, 0.966196, 0.949086, 290.335
3934, 3.36844e-11, 0.00211596, 0.0406316, 0, 0, 2.58985e-19, 0, 0, 0.0427476, 3.19273e-11, 0, 24.114, 0.966208, 0.948025, 290.33
3935, 3.4055e-11, 0.00212448, 0.0407049, 0, 0, 2.65177e-19, 0, 0, 0.0428294, 3.22398e-11, 0, 24.103, 0.96622, 0.946938, 290.329
3936, 3.44281e-11, 0.00213198, 0.0407775, 0, 0, 2.69718e-19, 0, 0, 0.0429094, 3.25599e-11, 0, 24.0921, 0.966232, 0.945998, 290.328
3937, 3.46476e-11, 0.0021442, 0.0408605, 0, 0, 2.73051e-19, 0, 0, 0.0430047, 3.27442e-11, 0, 24.0858, 0.966244, 0.945301, 290.335
3938, 3.47638e-11, 0.00215952, 0.0409507, 0, 0, 2.75017e-19, 0, 0, 0.0431102, 3.28247e-11, 0, 24.0824, 0.966256, 0.944461, 290.347
3939, 3.52019e-11, 0.00216394, 0.0410186, 0, 0, 2.79204e-19, 0, 0, 0.0431826, 3.32087e-11, 0, 24.0699, 0.966268, 0.943617, 290.341
3940, 3.57232e-11, 0.00216231, 0.0410757, 0, 0, 2.79269e-19, 0, 0, 0.043238, 3.36741e-11, 0, 24.0552, 0.96628, 0.942882, 290.326
3941, 3.58773e-11, 0.0021659, 0.0411482, 0, 0, 2.64422e-19, 0, 0, 0.0433141, 3.3788e-11, 0, 24.0509, 0.966292, 0.942063, 290.322
3942, 3.59384e-11, 0.00217469, 0.0412308, 0, 0, 2.5209e-19, 0, 0, 0.0434055, 3.3811e-11, 0, 24.0492, 0.966304, 0.941167, 290.327
3943, 3.6424e-11, 0.00218361, 0.0413048, 0, 0, 2.66669e-19, 0, 0, 0.0434884, 3.42357e-11, 0, 24.0358, 0.966316, 0.940255, 290.326
3944, 3.7014e-11, 0.00219527, 0.0413802, 0, 0, 2.89335e-19, 0, 0, 0.0435754, 3.47596e-11, 0, 24.0197, 0.966328, 0.93934, 290.328
3945, 3.69747e-11, 0.00221982, 0.0414876, 0, 0, 2.95384e-19, 0, 0, 0.0437074, 3.46897e-11, 0, 24.0208, 0.96634, 0.938398, 290.354
3946, 3.65778e-11, 0.00225116, 0.0416115, 0, 0, 2.91812e-19, 0, 0, 0.0438626, 3.4279e-11, 0, 24.0316, 0.966352, 0.937332, 290.391
3947, 3.66149e-11, 0.00227036, 0.0417074, 0, 0, 2.92118e-19, 0, 0, 0.0439778, 3.42709e-11, 0, 24.0306, 0.966364, 0.936156, 290.408
3948, 3.76936e-11, 0.0022595, 0.0417397, 0, 0, 3.02873e-19, 0, 0, 0.0439992, 3.52455e-11, 0, 24.0015, 0.966376, 0.935246, 290.375
3949, 3.92013e-11, 0.00223574, 0.0417465, 0, 0, 3.16926e-19, 0, 0, 0.0439822, 3.66292e-11, 0, 23.9623, 0.966388, 0.9346, 290.322
3950, 3.99059e-11, 0.0022332, 0.041801, 0, 0, 3.20509e-19, 0, 0, 0.0440342, 3.72572e-11, 0, 23.9445, 0.9664, 0.933844, 290.305
3951, 3.97103e-11, 0.00225323, 0.0419068, 0, 0, 3.12491e-19, 0, 0, 0.04416, 3.70392e-11, 0, 23.9494, 0.966412, 0.932961, 290.327
3952, 3.95042e-11, 0.00227212, 0.0420106, 0, 0, 3.01829e-19, 0, 0, 0.0442828, 3.68091e-11, 0, 23.9546, 0.966424, 0.932048, 290.347
3953, 4.00113e-11, 0.00227217, 0.042072, 0, 0, 2.99625e-19, 0, 0, 0.0443442, 3.72428e-11, 0, 23.9419, 0.966436, 0.931133, 290.335
3954, 4.08357e-11, 0.00226583, 0.042118, 0, 0, 3.05608e-19, 0, 0, 0.0443838, 3.79716e-11, 0, 23.9215, 0.966448, 0.930211, 290.311
3955, 4.16834e-11, 0.0022647, 0.0421714, 0, 0, 3.17888e-19, 0, 0, 0.0444361, 3.87223e-11, 0, 23.9009, 0.96646, 0.929291, 290.294
3956, 4.24148e-11, 0.00226874, 0.0422349, 0, 0, 3.3023e-19, 0, 0, 0.0445037, 3.93645e-11, 0, 23.8835, 0.966472, 0.928375, 290.285
3957, 4.27298e-11, 0.00227678, 0.0423131, 0, 0, 3.29838e-19, 0, 0, 0.0445899, 3.96177e-11, 0, 23.8761, 0.966484, 0.92746, 290.286
3958, 4.26271e-11, 0.00228755, 0.0424039, 0, 0, 3.14382e-19, 0, 0, 0.0446915, 3.94825e-11, 0, 23.8785, 0.966496, 0.926583, 290.295
3959, 4.27058e-11, 0.00229857, 0.0424913, 0, 0, 3.06989e-19, 0, 0, 0.0447898, 3.95168e-11, 0, 23.8767, 0.966508, 0.925724, 290.302
3960, 4.32172e-11, 0.00231073, 0.0425711, 0, 0, 3.22759e-19, 0, 0, 0.0448818, 3.99542e-11, 0, 23.8648, 0.96652, 0.924842, 290.305
3961, 4.3645e-11, 0.00232443, 0.0426551, 0, 0, 3.38401e-19, 0, 0, 0.0449796, 4.03131e-11, 0, 23.8549, 0.966532, 0.923946, 290.312
3962, 4.41618e-11, 0.00233035, 0.0427266, 0, 0, 3.45196e-19, 0, 0, 0.0450569, 4.07509e-11, 0, 23.8432, 0.966544, 0.92305, 290.308
3963, 4.47017e-11, 0.00233359, 0.0427936, 0, 0, 3.4837e-19, 0, 0, 0.0451272, 4.12089e-11, 0, 23.831, 0.966556, 0.922154, 290.3
3964, 4.49845e-11, 0.00234292, 0.0428749, 0, 0, 3.49508e-19, 0, 0, 0.0452178, 4.14293e-11, 0, 23.8247, 0.966568, 0.92126, 290.303
3965, 4.53374e-11, 0.0023503, 0.0429525, 0, 0, 3.50043e-19, 0, 0, 0.0453028, 4.17133e-11, 0, 23.8169, 0.96658, 0.920366, 290.302
3966, 4.57662e-11, 0.00235564, 0.0430257, 0, 0, 3.49876e-19, 0, 0, 0.0453813, 4.20664e-11, 0, 23.8075, 0.966592, 0.919473, 290.298
3967, 4.5941e-11, 0.00236699, 0.0431121, 0, 0, 3.47591e-19, 0, 0, 0.0454791, 4.21857e-11, 0, 23.8037, 0.966604, 0.918579, 290.305
3968, 4.60038e-11, 0.00238032, 0.0432037, 0, 0, 3.43803e-19, 0, 0, 0.0455841, 4.22016e-11, 0, 23.8023, 0.966616, 0.917685, 290.314
3969, 4.61242e-11, 0.00239241, 0.0432925, 0, 0, 3.4138e-19, 0, 0, 0.0456849, 4.22705e-11, 0, 23.7997, 0.966628, 0.916791, 290.322
3970, 4.61026e-11, 0.00240896, 0.0433893, 0, 0, 3.39241e-19, 0, 0, 0.0457983, 4.22097e-11, 0, 23.8002, 0.96664, 0.915902, 290.336
3971, 4.60811e-11, 0.00242561, 0.0434858, 0, 0, 3.36492e-19, 0, 0, 0.0459114, 4.21482e-11, 0, 23.8006, 0.966652, 0.915012, 290.349
3972, 4.65285e-11, 0.00242967, 0.0435575, 0, 0, 3.35812e-19, 0, 0, 0.0459871, 4.25129e-11, 0, 23.791, 0.966664, 0.914085, 290.344
3973, 4.70946e-11, 0.00242851, 0.0436213, 0, 0, 3.33176e-19, 0, 0, 0.0460498, 4.29818e-11, 0, 23.7789, 0.966676, 0.913067, 290.332
3974, 4.69706e-11, 0.00243793, 0.0437123, 0, 0, 3.16639e-19, 0, 0, 0.0461502, 4.28207e-11, 0, 23.7815, 0.966688, 0.912074, 290.339
3975, 4.6265e-11, 0.00245659, 0.0438259, 0, 0, 2.87994e-19, 0, 0, 0.0462825, 4.21359e-11, 0, 23.7966, 0.9667, 0.911258, 290.361
3976, 4.59707e-11, 0.00247492, 0.0439315, 0, 0, 2.74195e-19, 0, 0, 0.0464064, 4.18283e-11, 0, 23.803, 0.966712, 0.910449, 290.38
3977, 4.67858e-11, 0.00247997, 0.0439982, 0, 0, 2.89597e-19, 0, 0, 0.0464782, 4.25299e-11, 0, 23.7854, 0.966724, 0.909559, 290.372
3978, 4.78818e-11, 0.00247734, 0.044049, 0, 0, 3.08244e-19, 0, 0, 0.0465263, 4.34819e-11, 0, 23.7623, 0.966736, 0.908568, 290.353
3979, 4.82149e-11, 0.00248108, 0.0441227, 0, 0, 3.0332e-19, 0, 0, 0.0466038, 4.3721e-11, 0, 23.7554, 0.966748, 0.907235, 290.348
3980, 4.79838e-11, 0.00249176, 0.0442166, 0, 0, 2.86511e-19, 0, 0, 0.0467084, 4.34371e-11, 0, 23.7602, 0.96676, 0.905708, 290.356
3981, 4.78676e-11, 0.00250449, 0.0443115, 0, 0, 2.80487e-19, 0, 0, 0.046816, 4.32855e-11, 0, 23.7626, 0.966772, 0.90478, 290.366
3982, 4.82749e-11, 0.0025163, 0.0443954, 0, 0, 2.90168e-19, 0, 0, 0.0469117, 4.36324e-11, 0, 23.7541, 0.966784, 0.904332, 290.37
3983, 4.90795e-11, 0.00252497, 0.044468, 0, 0, 3.05686e-19, 0, 0, 0.0469929, 4.43347e-11, 0, 23.7376, 0.966796, 0.903766, 290.367
3984, 4.97632e-11, 0.00253107, 0.0445396, 0, 0, 3.14158e-19, 0, 0, 0.0470707, 4.49103e-11, 0, 23.7237, 0.966808, 0.902883, 290.362
3985, 5.01489e-11, 0.00253915, 0.0446195, 0, 0, 3.15979e-19, 0, 0, 0.0471586, 4.52064e-11, 0, 23.716, 0.96682, 0.90183, 290.362
3986, 5.04144e-11, 0.0025491, 0.0447038, 0, 0, 3.16238e-19, 0, 0, 0.0472529, 4.5407e-11, 0, 23.7107, 0.966832, 0.901057, 290.365
3987, 5.07578e-11, 0.00255737, 0.0447845, 0, 0, 3.17249e-19, 0, 0, 0.0473419, 4.5685e-11, 0, 23.704, 0.966844, 0.900437, 290.366
3988, 5.10956e-11, 0.00256581, 0.0448658, 0, 0, 3.1825e-19, 0, 0, 0.0474316, 4.5949e-11, 0, 23.6973, 0.966856, 0.899638, 290.366
3989, 5.13321e-11, 0.00257649, 0.0449519, 0, 0, 3.18427e-19, 0, 0, 0.0475284, 4.61193e-11, 0, 23.6927, 0.966868, 0.898794, 290.371
3990, 5.14764e-11, 0.00258908, 0.0450418, 0, 0, 3.17413e-19, 0, 0, 0.0476309, 4.62033e-11, 0, 23.6899, 0.96688, 0.897885, 290.377
3991, 5.1491e-11, 0.0026035, 0.0451366, 0, 0, 3.13335e-19, 0, 0, 0.0477401, 4.61492e-11, 0, 23.6896, 0.966892, 0.896551, 290.388
3992, 5.13844e-11, 0.00261842, 0.0452344, 0, 0, 3.046e-19, 0, 0, 0.0478528, 4.5983e-11, 0, 23.6917, 0.966904, 0.895166, 290.399
3993, 5.14951e-11, 0.00262886, 0.0453228, 0, 0, 2.98186e-19, 0, 0, 0.0479517, 4.60548e-11, 0, 23.6895, 0.966916, 0.894648, 290.404
3994, 5.18098e-11, 0.00263711, 0.0454046, 0, 0, 2.97298e-19, 0, 0, 0.0480417, 4.63272e-11, 0, 23.6834, 0.966928, 0.894473, 290.405
3995, 5.196e-11, 0.00264922, 0.0454939, 0, 0, 2.95493e-19, 0, 0, 0.0481431, 4.64314e-11, 0, 23.6805, 0.96694, 0.893881, 290.411
3996, 5.21124e-11, 0.0026615, 0.0455835, 0, 0, 2.94461e-19, 0, 0, 0.048245, 4.65245e-11, 0, 23.6776, 0.966952, 0.893035, 290.417
3997, 5.25144e-11, 0.00266879, 0.0456634, 0, 0, 2.9657e-19, 0, 0, 0.0483322, 4.68383e-11, 0, 23.6699, 0.966964, 0.89214, 290.416
3998, 5.29033e-11, 0.00267546, 0.0457431, 0, 0, 2.96812e-19, 0, 0, 0.0484185, 4.71401e-11, 0, 23.6626, 0.966975, 0.891257, 290.414
3999, 5.30135e-11, 0.00268683, 0.0458329, 0, 0, 2.92182e-19, 0, 0, 0.0485197, 4.71931e-11, 0, 23.6605, 0.966979, 0.890397, 290.42
4000, 5.29843e-11, 0.00270057, 0.045928, 0, 0, 2.85548e-19, 0, 0, 0.0486286, 4.71211e-11, 0, 23.661, 0.96696, 0.889545, 290.429
4001, 5.30639e-11, 0.00271218, 0.0460187, 0, 0, 2.80634e-19, 0, 0, 0.0487309, 4.71449e-11, 0, 23.6595, 0.966909, 0.888679, 290.435
4002, 5.30831e-11, 0.00272542, 0.0461121, 0, 0, 2.76303e-19, 0, 0, 0.0488375, 4.71146e-11, 0, 23.6592, 0.966835, 0.887802, 290.443
4003, 5.29289e-11, 0.00274273, 0.0462128, 0, 0, 2.7118e-19, 0, 0, 0.0489555, 4.69303e-11, 0, 23.6621, 0.966754, 0.886918, 290.456
4004, 5.29205e-11, 0.00275664, 0.046307, 0, 0, 2.66449e-19, 0, 0, 0.0490636, 4.68748e-11, 0, 23.6622, 0.966672, 0.88603, 290.465
4005, 5.31762e-11, 0.00276361, 0.0463892, 0, 0, 2.6244e-19, 0, 0, 0.0491528, 4.70524e-11, 0, 23.6574, 0.96659, 0.885135, 290.464
4006, 5.3264e-11, 0.00277055, 0.0464743, 0, 0, 2.55043e-19, 0, 0, 0.0492448, 4.70798e-11, 0, 23.6558, 0.966508, 0.884223, 290.465
4007, 5.27466e-11, 0.002783, 0.0465754, 0, 0, 2.39209e-19, 0, 0, 0.0493584, 4.65681e-11, 0, 23.6655, 0.966426, 0.88326, 290.476
4008, 5.1876e-11, 0.00279904, 0.0466861, 0, 0, 2.19392e-19, 0, 0, 0.0494852, 4.57367e-11, 0, 23.6822, 0.966344, 0.882162, 290.493
4009, 5.15315e-11, 0.00281312, 0.0467862, 0, 0, 2.09722e-19, 0, 0, 0.0495993, 4.53683e-11, 0, 23.6888, 0.966262, 0.880992, 290.504
4010, 5.22445e-11, 0.00282142, 0.046863, 0, 0, 2.17282e-19, 0, 0, 0.0496844, 4.59484e-11, 0, 23.6751, 0.96618, 0.880051, 290.501
4011, 5.3442e-11, 0.00282642, 0.0469283, 0, 0, 2.31339e-19, 0, 0, 0.0497547, 4.6966e-11, 0, 23.6524, 0.966098, 0.879289, 290.492
4012, 5.419e-11, 0.00283395, 0.0470035, 0, 0, 2.38245e-19, 0, 0, 0.0498375, 4.75789e-11, 0, 23.6385, 0.966016, 0.878407, 290.488
4013, 5.44059e-11, 0.00284519, 0.0470913, 0, 0, 2.37494e-19, 0, 0, 0.0499365, 4.77108e-11, 0, 23.6345, 0.965934, 0.87734, 290.491
4014, 5.44518e-11, 0.00285772, 0.0471834, 0, 0, 2.34072e-19, 0, 0, 0.0500411, 4.76842e-11, 0, 23.6337, 0.965852, 0.876118, 290.497
4015, 5.44793e-11, 0.00287035, 0.0472761, 0, 0, 2.30246e-19, 0, 0, 0.0501464, 4.763e-11, 0, 23.6332, 0.96577, 0.874686, 290.504
4016, 5.45386e-11, 0.00288332, 0.0473687, 0, 0, 2.27953e-19, 0, 0, 0.050252, 4.75815e-11, 0, 23.6321, 0.965688, 0.872844, 290.51
4017, 5.46645e-11, 0.00289538, 0.0474591, 0, 0, 2.26576e-19, 0, 0, 0.0503545, 4.75407e-11, 0, 23.6298, 0.965606, 0.87009, 290.515
4018, 5.48046e-11, 0.00290607, 0.0475477, 0, 0, 2.23699e-19, 0, 0, 0.0504538, 4.73832e-11, 0, 23.6272, 0.965524, 0.864972, 290.519
4019, 5.4854e-11, 0.00291834, 0.0476392, 0, 0, 2.1855e-19, 0, 0, 0.0505576, 4.6802e-11, 0, 23.6263, 0.965442, 0.85342, 290.524
4020, 5.47677e-11, 0.002934, 0.0477365, 0, 0, 2.11598e-19, 0, 0, 0.0506705, 4.57259e-11, 0, 23.6279, 0.96536, 0.834714, 290.534
4021, 5.46481e-11, 0.00295023, 0.047835, 0, 0, 2.07137e-19, 0, 0, 0.0507852, 4.51745e-11, 0, 23.6301, 0.965278, 0.826321, 290.544
4022, 5.45967e-11, 0.00296445, 0.0479306, 0, 0, 2.08036e-19, 0, 0, 0.050895, 4.58143e-11, 0, 23.631, 0.965196, 0.839159, 290.553
4023, 5.46664e-11, 0.00297533, 0.0480209, 0, 0, 2.10033e-19, 0, 0, 0.0509963, 4.67071e-11, 0, 23.6298, 0.965114, 0.854673, 290.557
4024, 5.48341e-11, 0.00298364, 0.0481071, 0, 0, 2.09912e-19, 0, 0, 0.0510908, 4.72393e-11, 0, 23.6267, 0.965032, 0.861826, 290.557
4025, 5.492e-11, 0.00299351, 0.0481965, 0, 0, 2.07646e-19, 0, 0, 0.05119, 4.74384e-11, 0, 23.6251, 0.96495, 0.864129, 290.56
4026, 5.47645e-11, 0.003008, 0.0482941, 0, 0, 2.0331e-19, 0, 0, 0.0513021, 4.73372e-11, 0, 23.628, 0.964868, 0.864747, 290.569
4027, 5.44521e-11, 0.00302633, 0.0483971, 0, 0, 1.98076e-19, 0, 0, 0.0514235, 4.70648e-11, 0, 23.6337, 0.964786, 0.86472, 290.582
4028, 5.43237e-11, 0.00304151, 0.0484945, 0, 0, 1.94128e-19, 0, 0, 0.051536, 4.69353e-11, 0, 23.6361, 0.964704, 0.864383, 290.591
4029, 5.44798e-11, 0.00305051, 0.0485821, 0, 0, 1.91933e-19, 0, 0, 0.0516326, 4.70431e-11, 0, 23.6332, 0.964622, 0.863875, 290.593
4030, 5.46128e-11, 0.00305984, 0.0486704, 0, 0, 1.90038e-19, 0, 0, 0.0517303, 4.71249e-11, 0, 23.6308, 0.96454, 0.863255, 290.594
4031, 5.45689e-11, 0.00307251, 0.0487645, 0, 0, 1.8722e-19, 0, 0, 0.051837, 4.70496e-11, 0, 23.6316, 0.964458, 0.862562, 290.6
4032, 5.44274e-11, 0.00308679, 0.0488615, 0, 0, 1.83653e-19, 0, 0, 0.0519483, 4.68879e-11, 0, 23.6342, 0.964376, 0.861834, 290.608
4033, 5.42891e-11, 0.00310141, 0.0489586, 0, 0, 1.80403e-19, 0, 0, 0.05206, 4.67285e-11, 0, 23.6367, 0.964294, 0.861086, 290.617
4034, 5.39687e-11, 0.00311773, 0.0490598, 0, 0, 1.75605e-19, 0, 0, 0.0521776, 4.64113e-11, 0, 23.6426, 0.964212, 0.86032, 290.627
4035, 5.32134e-11, 0.00313677, 0.0491699, 0, 0, 1.66154e-19, 0, 0, 0.0523066, 4.57164e-11, 0, 23.6567, 0.96413, 0.859531, 290.643
4036, 5.27193e-11, 0.00315241, 0.049273, 0, 0, 1.58681e-19, 0, 0, 0.0524254, 4.52451e-11, 0, 23.666, 0.964048, 0.858715, 290.654
4037, 5.32767e-11, 0.00316033, 0.0493539, 0, 0, 1.6199e-19, 0, 0, 0.0525142, 4.56811e-11, 0, 23.6555, 0.963966, 0.857873, 290.652
4038, 5.41519e-11, 0.00316676, 0.0494291, 0, 0, 1.69018e-19, 0, 0, 0.0525959, 4.63897e-11, 0, 23.6392, 0.963884, 0.857005, 290.646
4039, 5.45747e-11, 0.00317678, 0.0495141, 0, 0, 1.71355e-19, 0, 0, 0.0526909, 4.67058e-11, 0, 23.6315, 0.963802, 0.856118, 290.646
4040, 5.45979e-11, 0.00318979, 0.0496074, 0, 0, 1.69409e-19, 0, 0, 0.0527972, 4.66761e-11, 0, 23.631, 0.96372, 0.855206, 290.651
4041, 5.42451e-11, 0.00320537, 0.049708, 0, 0, 1.63577e-19, 0, 0, 0.0529134, 4.63215e-11, 0, 23.6375, 0.963638, 0.854257, 290.661
4042, 5.37442e-11, 0.00322202, 0.0498117, 0, 0, 1.56232e-19, 0, 0, 0.0530337, 4.58374e-11, 0, 23.6468, 0.963556, 0.853255, 290.672
4043, 5.36578e-11, 0.00323618, 0.0499072, 0, 0, 1.52594e-19, 0, 0, 0.0531434, 4.5705e-11, 0, 23.6484, 0.963474, 0.852183, 290.679
4044, 5.3958e-11, 0.00324799, 0.0499953, 0, 0, 1.52402e-19, 0, 0, 0.0532433, 4.58986e-11, 0, 23.6428, 0.963392, 0.851017, 290.681
4045, 5.44035e-11, 0.00326018, 0.0500819, 0, 0, 1.54403e-19, 0, 0, 0.0533421, 4.62077e-11, 0, 23.6346, 0.96331, 0.849705, 290.682
4046, 5.48113e-11, 0.00327425, 0.0501708, 0, 0, 1.56938e-19, 0, 0, 0.053445, 4.64709e-11, 0, 23.6271, 0.963228, 0.848151, 290.686
4047, 5.5079e-11, 0.00328719, 0.0502605, 0, 0, 1.57401e-19, 0, 0, 0.0535477, 4.65902e-11, 0, 23.6223, 0.963146, 0.846173, 290.689
4048, 5.53755e-11, 0.00329775, 0.0503479, 0, 0, 1.56966e-19, 0, 0, 0.0536456, 4.66861e-11, 0, 23.6169, 0.963064, 0.843357, 290.69
4049, 5.5573e-11, 0.00331123, 0.0504393, 0, 0, 1.55814e-19, 0, 0, 0.0537505, 4.65835e-11, 0, 23.6133, 0.962982, 0.838502, 290.694
4050, 5.57563e-11, 0.00332486, 0.0505313, 0, 0, 1.53437e-19, 0, 0, 0.0538562, 4.61597e-11, 0, 23.61, 0.9629, 0.828138, 290.698
4051, 5.61131e-11, 0.00333437, 0.0506181, 0, 0, 1.49844e-19, 0, 0, 0.0539525, 4.53697e-11, 0, 23.6037, 0.962818, 0.808556, 290.698
4052, 5.65048e-11, 0.00334395, 0.0507044, 0, 0, 1.46904e-19, 0, 0, 0.0540484, 4.47301e-11, 0, 23.5967, 0.962736, 0.791227, 290.698
4053, 5.68165e-11, 0.00335561, 0.0507933, 0, 0, 1.47806e-19, 0, 0, 0.054149, 4.53053e-11, 0, 23.5912, 0.962654, 0.797124, 290.7
4054, 5.70564e-11, 0.00336816, 0.0508841, 0, 0, 1.50904e-19, 0, 0, 0.0542522, 4.66012e-11, 0, 23.587, 0.962572, 0.816818, 290.703
4055, 5.73384e-11, 0.00338057, 0.0509743, 0, 0, 1.53296e-19, 0, 0, 0.0543549, 4.75757e-11, 0, 23.5821, 0.96249, 0.829922, 290.706
4056, 5.77459e-11, 0.00339207, 0.0510622, 0, 0, 1.55165e-19, 0, 0, 0.0544543, 4.82141e-11, 0, 23.575, 0.962408, 0.835164, 290.707
4057, 5.82385e-11, 0.00340392, 0.0511492, 0, 0, 1.57537e-19, 0, 0, 0.0545531, 4.87379e-11, 0, 23.5665, 0.962326, 0.837113, 290.708
4058, 5.87532e-11, 0.00341676, 0.0512368, 0, 0, 1.60513e-19, 0, 0, 0.0546535, 4.92114e-11, 0, 23.5577, 0.962244, 0.83784, 290.709
4059, 5.92899e-11, 0.00342869, 0.0513237, 0, 0, 1.63613e-19, 0, 0, 0.0547523, 4.96702e-11, 0, 23.5486, 0.962162, 0.837984, 290.71
4060, 5.99118e-11, 0.00343817, 0.051408, 0, 0, 1.67129e-19, 0, 0, 0.0548462, 5.0183e-11, 0, 23.5381, 0.96208, 0.837834, 290.709
4061, 6.05698e-11, 0.00344612, 0.0514908, 0, 0, 1.70807e-19, 0, 0, 0.0549369, 5.07148e-11, 0, 23.5272, 0.961998, 0.837505, 290.706
4062, 6.09353e-11, 0.00345626, 0.0515787, 0, 0, 1.71706e-19, 0, 0, 0.055035, 5.09918e-11, 0, 23.5212, 0.961916, 0.837024, 290.706
4063, 6.08641e-11, 0.00346987, 0.0516744, 0, 0, 1.68475e-19, 0, 0, 0.0551443, 5.08977e-11, 0, 23.5224, 0.961834, 0.83646, 290.711
4064, 6.04573e-11, 0.0034859, 0.0517761, 0, 0, 1.62759e-19, 0, 0, 0.0552619, 5.05203e-11, 0, 23.5291, 0.961752, 0.83587, 290.72
4065, 5.98394e-11, 0.00350337, 0.0518815, 0, 0, 1.56025e-19, 0, 0, 0.0553849, 4.99636e-11, 0, 23.5394, 0.96167, 0.835251, 290.731
4066, 5.95252e-11, 0.00351921, 0.0519819, 0, 0, 1.52416e-19, 0, 0, 0.0555011, 4.96597e-11, 0, 23.5446, 0.961588, 0.83458, 290.739
4067, 5.96173e-11, 0.00353298, 0.052076, 0, 0, 1.52544e-19, 0, 0, 0.055609, 4.96943e-11, 0, 23.5431, 0.961506, 0.833847, 290.743
4068, 5.95497e-11, 0.00354789, 0.0521731, 0, 0, 1.51491e-19, 0, 0, 0.055721, 4.95914e-11, 0, 23.5442, 0.961424, 0.833041, 290.749
4069, 5.92663e-11, 0.00356378, 0.0522735, 0, 0, 1.4859e-19, 0, 0, 0.0558373, 4.93055e-11, 0, 23.549, 0.961342, 0.832204, 290.757
4070, 5.90747e-11, 0.00357897, 0.0523722, 0, 0, 1.46362e-19, 0, 0, 0.0559512, 4.90915e-11, 0, 23.5522, 0.96126, 0.831296, 290.764
4071, 5.89478e-11, 0.00359364, 0.0524698, 0, 0, 1.4459e-19, 0, 0, 0.0560635, 4.89273e-11, 0, 23.5544, 0.961178, 0.830313, 290.769
4072, 5.87448e-11, 0.00360894, 0.052569, 0, 0, 1.42333e-19, 0, 0, 0.0561779, 4.87117e-11, 0, 23.5578, 0.961096, 0.829531, 290.776
4073, 5.8556e-11, 0.00362474, 0.0526686, 0, 0, 1.4028e-19, 0, 0, 0.0562933, 4.85163e-11, 0, 23.561, 0.961014, 0.828893, 290.783
4074, 5.833e-11, 0.00364118, 0.0527689, 0, 0, 1.38107e-19, 0, 0, 0.0564101, 4.8288e-11, 0, 23.5649, 0.960932, 0.828199, 290.791
4075, 5.79861e-11, 0.00365899, 0.0528715, 0, 0, 1.35394e-19, 0, 0, 0.0565305, 4.79652e-11, 0, 23.5708, 0.96085, 0.827545, 290.8
4076, 5.75132e-11, 0.00367848, 0.0529767, 0, 0, 1.31828e-19, 0, 0, 0.0566552, 4.75362e-11, 0, 23.579, 0.960768, 0.82692, 290.811
4077, 5.69849e-11, 0.00369836, 0.0530825, 0, 0, 1.2773e-19, 0, 0, 0.0567809, 4.70599e-11, 0, 23.5882, 0.960686, 0.826302, 290.822
4078, 5.67126e-11, 0.00371612, 0.0531839, 0, 0, 1.25458e-19, 0, 0, 0.0569, 4.67942e-11, 0, 23.593, 0.960604, 0.82564, 290.83
4079, 5.66389e-11, 0.00373147, 0.0532817, 0, 0, 1.24499e-19, 0, 0, 0.0570132, 4.66902e-11, 0, 23.5943, 0.960522, 0.824908, 290.836
4080, 5.65462e-11, 0.00374647, 0.0533795, 0, 0, 1.23239e-19, 0, 0, 0.0571259, 4.65692e-11, 0, 23.596, 0.96044, 0.824152, 290.841
4081, 5.6712e-11, 0.00376069, 0.0534735, 0, 0, 1.23479e-19, 0, 0, 0.0572342, 4.66627e-11, 0, 23.593, 0.960358, 0.823398, 290.845
4082, 5.70553e-11, 0.00377337, 0.0535646, 0, 0, 1.24505e-19, 0, 0, 0.057338, 4.69028e-11, 0, 23.587, 0.960276, 0.822645, 290.847
4083, 5.72045e-11, 0.00378675, 0.0536585, 0, 0, 1.24263e-19, 0, 0, 0.0574452, 4.69807e-11, 0, 23.5844, 0.960194, 0.821884, 290.85
4084, 5.72247e-11, 0.00380132, 0.0537544, 0, 0, 1.23352e-19, 0, 0, 0.0575557, 4.69519e-11, 0, 23.584, 0.960112, 0.82111, 290.854
4085, 5.7233e-11, 0.00381682, 0.0538512, 0, 0, 1.22555e-19, 0, 0, 0.057668, 4.69113e-11, 0, 23.5839, 0.96003, 0.820291, 290.859
4086, 5.72996e-11, 0.00383346, 0.0539479, 0, 0, 1.22346e-19, 0, 0, 0.0577813, 4.69195e-11, 0, 23.5827, 0.959948, 0.819424, 290.864
4087, 5.73424e-11, 0.00385054, 0.0540452, 0, 0, 1.22105e-19, 0, 0, 0.0578957, 4.69129e-11, 0, 23.582, 0.959866, 0.818638, 290.87
4088, 5.73978e-11, 0.00386478, 0.0541408, 0, 0, 1.213e-19, 0, 0, 0.0580056, 4.69167e-11, 0, 23.581, 0.959784, 0.817959, 290.874
4089, 5.74682e-11, 0.0038776, 0.0542355, 0, 0, 1.20201e-19, 0, 0, 0.0581131, 4.69279e-11, 0, 23.5798, 0.959702, 0.817265, 290.877
4090, 5.76588e-11, 0.00389084, 0.0543288, 0, 0, 1.19854e-19, 0, 0, 0.0582197, 4.7039e-11, 0, 23.5765, 0.95962, 0.816525, 290.879
4091, 5.7854e-11, 0.00390521, 0.0544227, 0, 0, 1.19769e-19, 0, 0, 0.0583279, 4.71519e-11, 0, 23.5731, 0.959538, 0.815766, 290.882
4092, 5.80072e-11, 0.00392, 0.0545173, 0, 0, 1.19534e-19, 0, 0, 0.0584373, 4.72305e-11, 0, 23.5705, 0.959456, 0.814999, 290.885
4093, 5.81216e-11, 0.00393508, 0.0546126, 0, 0, 1.19116e-19, 0, 0, 0.0585477, 4.72781e-11, 0, 23.5685, 0.959374, 0.814228, 290.889
4094, 5.81333e-11, 0.00395107, 0.0547095, 0, 0, 1.18172e-19, 0, 0, 0.0586606, 4.72434e-11, 0, 23.5683, 0.959292, 0.813453, 290.894
4095, 5.79056e-11, 0.00396905, 0.0548102, 0, 0, 1.16024e-19, 0, 0, 0.0587793, 4.70125e-11, 0, 23.5722, 0.95921, 0.812681, 290.901
4096, 5.78633e-11, 0.00398608, 0.0549082, 0, 0, 1.14925e-19, 0, 0, 0.0588943, 4.69336e-11, 0, 23.5729, 0.959128, 0.811919, 290.906
4097, 5.83402e-11, 0.004, 0.0549984, 0, 0, 1.16539e-19, 0, 0, 0.0589984, 4.72793e-11, 0, 23.5647, 0.959046, 0.811172, 290.907
4098, 5.88798e-11, 0.00401218, 0.0550874, 0, 0, 1.18186e-19, 0, 0, 0.0590996, 4.76708e-11, 0, 23.5555, 0.958964, 0.810418, 290.907
4099, 5.937e-11, 0.00402238, 0.0551762, 0, 0, 1.19164e-19, 0, 0, 0.0591986, 4.80237e-11, 0, 23.5472, 0.958882, 0.809655, 290.906
4100, 5.96279e-11, 0.00403554, 0.0552694, 0, 0, 1.19275e-19, 0, 0, 0.059305, 4.81872e-11, 0, 23.5429, 0.9588, 0.808899, 290.907
4101, 5.96899e-11, 0.00405421, 0.0553671, 0, 0, 1.19121e-19, 0, 0, 0.0594213, 4.81963e-11, 0, 23.5419, 0.958718, 0.808152, 290.913
4102, 5.94586e-11, 0.00407927, 0.0554708, 0, 0, 1.18268e-19, 0, 0, 0.05955, 4.79654e-11, 0, 23.5457, 0.958636, 0.807401, 290.924
4103, 5.95586e-11, 0.0040969, 0.0555677, 0, 0, 1.18193e-19, 0, 0, 0.0596646, 4.80035e-11, 0, 23.5441, 0.958554, 0.806646, 290.929
4104, 6.0293e-11, 0.00410004, 0.0556514, 0, 0, 1.19595e-19, 0, 0, 0.0597515, 4.85552e-11, 0, 23.5318, 0.958472, 0.805889, 290.922
4105, 6.09016e-11, 0.00410463, 0.0557373, 0, 0, 1.20399e-19, 0, 0, 0.059842, 4.89976e-11, 0, 23.5218, 0.95839, 0.805109, 290.918
4106, 6.12623e-11, 0.00411574, 0.0558284, 0, 0, 1.20514e-19, 0, 0, 0.0599442, 4.92368e-11, 0, 23.5159, 0.958308, 0.804261, 290.917
4107, 6.14173e-11, 0.00413057, 0.0559236, 0, 0, 1.20077e-19, 0, 0, 0.0600542, 4.93051e-11, 0, 23.5133, 0.958226, 0.803371, 290.92
4108, 6.16082e-11, 0.00414513, 0.0560185, 0, 0, 1.1996e-19, 0, 0, 0.0601636, 4.94082e-11, 0, 23.5102, 0.958144, 0.802521, 290.923
4109, 6.18038e-11, 0.0041594, 0.0561131, 0, 0, 1.19862e-19, 0, 0, 0.0602725, 4.95167e-11, 0, 23.5071, 0.958062, 0.801685, 290.925
4110, 6.18796e-11, 0.00417455, 0.0562097, 0, 0, 1.19239e-19, 0, 0, 0.0603842, 4.95337e-11, 0, 23.5058, 0.95798, 0.80098, 290.928
4111, 6.19023e-11, 0.00418975, 0.0563069, 0, 0, 1.18323e-19, 0, 0, 0.0604966, 4.9517e-11, 0, 23.5055, 0.957898, 0.800359, 290.932
4112, 6.17216e-11, 0.00420678, 0.0564071, 0, 0, 1.16523e-19, 0, 0, 0.0606139, 4.93279e-11, 0, 23.5084, 0.957816, 0.799629, 290.938
4113, 6.16262e-11, 0.00422476, 0.0565068, 0, 0, 1.15423e-19, 0, 0, 0.0607316, 4.92097e-11, 0, 23.5099, 0.957734, 0.798935, 290.943
4114, 6.16666e-11, 0.00424587, 0.0566058, 0, 0, 1.15694e-19, 0, 0, 0.0608517, 4.92081e-11, 0, 23.5093, 0.957652, 0.798311, 290.95
4115, 6.14547e-11, 0.00427015, 0.0567088, 0, 0, 1.14986e-19, 0, 0, 0.0609789, 4.8999e-11, 0, 23.5127, 0.95757, 0.797626, 290.959
4116, 6.1351e-11, 0.00428505, 0.0568075, 0, 0, 1.13383e-19, 0, 0, 0.0610926, 4.88706e-11, 0, 23.5144, 0.957488, 0.796888, 290.963
4117, 6.17105e-11, 0.00429123, 0.0568984, 0, 0, 1.13223e-19, 0, 0, 0.0611896, 4.911e-11, 0, 23.5086, 0.957406, 0.796139, 290.96
4118, 6.22811e-11, 0.00429968, 0.0569877, 0, 0, 1.14619e-19, 0, 0, 0.0612874, 4.95164e-11, 0, 23.4994, 0.957324, 0.795392, 290.957
4119, 6.26816e-11, 0.00431237, 0.0570804, 0, 0, 1.15574e-19, 0, 0, 0.0613928, 4.97872e-11, 0, 23.493, 0.957242, 0.794642, 290.958
4120, 6.28119e-11, 0.00432764, 0.057177, 0, 0, 1.15399e-19, 0, 0, 0.0615047, 4.9843e-11, 0, 23.4909, 0.95716, 0.793884, 290.961
4121, 6.27496e-11, 0.00434453, 0.0572765, 0, 0, 1.14466e-19, 0, 0, 0.061621, 4.97423e-11, 0, 23.4919, 0.957078, 0.793132, 290.965
4122, 6.27098e-11, 0.00436121, 0.0573757, 0, 0, 1.13643e-19, 0, 0, 0.0617369, 4.96635e-11, 0, 23.4925, 0.956996, 0.792402, 290.97
4123, 6.26978e-11, 0.00437773, 0.0574745, 0, 0, 1.12942e-19, 0, 0, 0.0618522, 4.96093e-11, 0, 23.4927, 0.956914, 0.791674, 290.974
4124, 6.25525e-11, 0.00439565, 0.0575752, 0, 0, 1.11732e-19, 0, 0, 0.0619708, 4.94423e-11, 0, 23.495, 0.956832, 0.790938, 290.979
4125, 6.24035e-11, 0.00441461, 0.0576758, 0, 0, 1.10564e-19, 0, 0, 0.0620904, 4.92766e-11, 0, 23.4974, 0.95675, 0.790198, 290.985
4126, 6.19998e-11, 0.00443894, 0.0577807, 0, 0, 1.08835e-19, 0, 0, 0.0622196, 4.89118e-11, 0, 23.5039, 0.956668, 0.789458, 290.994
4127, 6.14631e-11, 0.00446674, 0.0578882, 0, 0, 1.07018e-19, 0, 0, 0.0623549, 4.84373e-11, 0, 23.5126, 0.956585, 0.788715, 291.006
4128, 6.16721e-11, 0.00448211, 0.0579841, 0, 0, 1.07268e-19, 0, 0, 0.0624662, 4.85584e-11, 0, 23.5092, 0.956504, 0.787959, 291.008
4129, 6.21809e-11, 0.00448858, 0.0580745, 0, 0, 1.07845e-19, 0, 0, 0.0625631, 4.89125e-11, 0, 23.501, 0.956422, 0.787193, 291.005
4130, 6.23383e-11, 0.00449998, 0.0581703, 0, 0, 1.07373e-19, 0, 0, 0.0626703, 4.89844e-11, 0, 23.4984, 0.95634, 0.786449, 291.005
4131, 6.24992e-11, 0.00451414, 0.0582664, 0, 0, 1.07193e-19, 0, 0, 0.0627805, 4.907e-11, 0, 23.4959, 0.956258, 0.785727, 291.007
4132, 6.2444e-11, 0.00453105, 0.058366, 0, 0, 1.06424e-19, 0, 0, 0.062897, 4.89813e-11, 0, 23.4968, 0.956176, 0.784993, 291.011
4133, 6.21305e-11, 0.00455057, 0.0584696, 0, 0, 1.0485e-19, 0, 0, 0.0630202, 4.86832e-11, 0, 23.5018, 0.956094, 0.78424, 291.018
4134, 6.19475e-11, 0.00456942, 0.0585712, 0, 0, 1.03726e-19, 0, 0, 0.0631407, 4.84977e-11, 0, 23.5047, 0.956012, 0.783479, 291.023
4135, 6.15378e-11, 0.00459129, 0.058676, 0, 0, 1.02027e-19, 0, 0, 0.0632673, 4.81297e-11, 0, 23.5114, 0.95593, 0.782722, 291.031
4136, 6.10146e-11, 0.00461421, 0.0587826, 0, 0, 1.0002e-19, 0, 0, 0.0633968, 4.76675e-11, 0, 23.5199, 0.955848, 0.781931, 291.04
4137, 6.08476e-11, 0.00463253, 0.0588838, 0, 0, 9.90254e-20, 0, 0, 0.0635164, 4.74959e-11, 0, 23.5226, 0.955766, 0.781135, 291.045
4138, 6.05198e-11, 0.00465249, 0.0589874, 0, 0, 9.76024e-20, 0, 0, 0.0636399, 4.71966e-11, 0, 23.5281, 0.955684, 0.780417, 291.051
4139, 6.00469e-11, 0.00467433, 0.0590932, 0, 0, 9.57929e-20, 0, 0, 0.0637675, 4.67813e-11, 0, 23.5359, 0.955602, 0.779741, 291.059
4140, 5.99135e-11, 0.00469226, 0.0591939, 0, 0, 9.49063e-20, 0, 0, 0.0638862, 4.66415e-11, 0, 23.5381, 0.95552, 0.779038, 291.063
4141, 5.96593e-11, 0.00471143, 0.0592963, 0, 0, 9.37006e-20, 0, 0, 0.0640078, 4.64015e-11, 0, 23.5424, 0.955438, 0.778321, 291.069
4142, 5.92707e-11, 0.00473256, 0.0594008, 0, 0, 9.2146e-20, 0, 0, 0.0641333, 4.60496e-11, 0, 23.5489, 0.955356, 0.7776, 291.076
4143, 5.92225e-11, 0.00475058, 0.0595003, 0, 0, 9.15713e-20, 0, 0, 0.0642509, 4.59757e-11, 0, 23.5497, 0.955274, 0.776888, 291.08
4144, 5.90954e-11, 0.00476955, 0.0596011, 0, 0, 9.08648e-20, 0, 0, 0.0643707, 4.58387e-11, 0, 23.5519, 0.955192, 0.776193, 291.084
4145, 5.87524e-11, 0.00479075, 0.0597051, 0, 0, 8.95603e-20, 0, 0, 0.0644958, 4.55248e-11, 0, 23.5577, 0.95511, 0.775489, 291.091
4146, 5.8636e-11, 0.00480978, 0.0598056, 0, 0, 8.8816e-20, 0, 0, 0.0646154, 4.5397e-11, 0, 23.5597, 0.955028, 0.774775, 291.095
4147, 5.83988e-11, 0.00483038, 0.0599078, 0, 0, 8.77533e-20, 0, 0, 0.0647382, 4.51745e-11, 0, 23.5637, 0.954946, 0.774049, 291.101
4148, 5.78852e-11, 0.00485336, 0.0600139, 0, 0, 8.59187e-20, 0, 0, 0.0648672, 4.47283e-11, 0, 23.5726, 0.954864, 0.773319, 291.109
4149, 5.76628e-11, 0.00487276, 0.0601161, 0, 0, 8.49104e-20, 0, 0, 0.0649889, 4.45171e-11, 0, 23.5764, 0.954782, 0.772585, 291.114
4150, 5.73577e-11, 0.00489348, 0.0602193, 0, 0, 8.38443e-20, 0, 0, 0.0651128, 4.42443e-11, 0, 23.5817, 0.9547, 0.77183, 291.12
4151, 5.64054e-11, 0.00492164, 0.060331, 0, 0, 8.11295e-20, 0, 0, 0.0652526, 4.34601e-11, 0, 23.5985, 0.954618, 0.771062, 291.132
4152, 5.53367e-11, 0.00495244, 0.0604438, 0, 0, 7.81837e-20, 0, 0, 0.0653963, 4.25937e-11, 0, 23.6176, 0.954536, 0.77032, 291.145
4153, 5.43216e-11, 0.00498693, 0.0605558, 0, 0, 7.5774e-20, 0, 0, 0.0655427, 4.17808e-11, 0, 23.6361, 0.954454, 0.769615, 291.159
4154, 5.31607e-11, 0.00502473, 0.0606698, 0, 0, 7.32744e-20, 0, 0, 0.0656945, 4.08478e-11, 0, 23.6577, 0.954372, 0.76889, 291.175
4155, 5.24919e-11, 0.00505023, 0.0607778, 0, 0, 7.16426e-20, 0, 0, 0.065828, 4.029e-11, 0, 23.6704, 0.95429, 0.768098, 291.184
4156, 5.21812e-11, 0.00506863, 0.0608811, 0, 0, 7.06933e-20, 0, 0, 0.0659498, 4.00156e-11, 0, 23.6763, 0.954208, 0.767279, 291.189
4157, 5.14908e-11, 0.00509316, 0.0609892, 0, 0, 6.89204e-20, 0, 0, 0.0660823, 3.94455e-11, 0, 23.6896, 0.954126, 0.766474, 291.197
4158, 5.06748e-11, 0.00511795, 0.0610987, 0, 0, 6.67547e-20, 0, 0, 0.0662167, 3.87724e-11, 0, 23.7056, 0.954044, 0.765627, 291.206
4159, 5.01749e-11, 0.00513972, 0.0612041, 0, 0, 6.53723e-20, 0, 0, 0.0663438, 3.83536e-11, 0, 23.7155, 0.953962, 0.764849, 291.213
4160, 4.97052e-11, 0.00516349, 0.0613091, 0, 0, 6.42502e-20, 0, 0, 0.0664725, 3.79628e-11, 0, 23.7249, 0.95388, 0.764138, 291.22
4161, 4.90054e-11, 0.00519073, 0.0614169, 0, 0, 6.26616e-20, 0, 0, 0.0666076, 3.73845e-11, 0, 23.7391, 0.953798, 0.763311, 291.229
4162, 4.83206e-11, 0.00521795, 0.0615244, 0, 0, 6.10994e-20, 0, 0, 0.0667424, 3.68203e-11, 0, 23.7532, 0.953716, 0.762431, 291.238
4163, 4.76721e-11, 0.00524537, 0.0616313, 0, 0, 5.9666e-20, 0, 0, 0.0668767, 3.62882e-11, 0, 23.7667, 0.953634, 0.761548, 291.247
4164, 4.68527e-11, 0.00527606, 0.0617401, 0, 0, 5.7958e-20, 0, 0, 0.0670161, 3.56164e-11, 0, 23.784, 0.953552, 0.760554, 291.258
4165, 4.59642e-11, 0.00530854, 0.0618496, 0, 0, 5.6152e-20, 0, 0, 0.0671581, 3.48832e-11, 0, 23.8032, 0.95347, 0.759342, 291.269
4166, 4.51207e-11, 0.00534039, 0.0619584, 0, 0, 5.445e-20, 0, 0, 0.0672988, 3.41736e-11, 0, 23.8217, 0.953388, 0.757717, 291.28
4167, 4.40961e-11, 0.0053743, 0.0620694, 0, 0, 5.24152e-20, 0, 0, 0.0674437, 3.32943e-11, 0, 23.8447, 0.953306, 0.755296, 291.293
4168, 4.27836e-11, 0.00541311, 0.0621835, 0, 0, 4.98041e-20, 0, 0, 0.0675966, 3.21134e-11, 0, 23.8749, 0.953224, 0.750777, 291.308
4169, 4.13897e-11, 0.00545469, 0.0622981, 0, 0, 4.68169e-20, 0, 0, 0.0677528, 3.06585e-11, 0, 23.908, 0.953142, 0.740594, 291.324
4170, 3.99491e-11, 0.00549893, 0.0624128, 0, 0, 4.35764e-20, 0, 0, 0.0679117, 2.89727e-11, 0, 23.9434, 0.95306, 0.725021, 291.341
4171, 3.83618e-11, 0.00554781, 0.0625284, 0, 0, 4.07887e-20, 0, 0, 0.0680763, 2.75706e-11, 0, 23.984, 0.952978, 0.719338, 291.361
4172, 3.67226e-11, 0.00559902, 0.0626442, 0, 0, 3.89642e-20, 0, 0, 0.0682432, 2.67929e-11, 0, 24.0276, 0.952896, 0.7308, 291.38
4173, 3.51118e-11, 0.0056508, 0.0627591, 0, 0, 3.72997e-20, 0, 0, 0.0684099, 2.60715e-11, 0, 24.0725, 0.952814, 0.743405, 291.4
4174, 3.33724e-11, 0.00570856, 0.0628743, 0, 0, 3.51566e-20, 0, 0, 0.0685829, 2.49749e-11, 0, 24.1233, 0.952732, 0.74902, 291.422
4175, 3.13677e-11, 0.00577847, 0.0629899, 0, 0, 3.25626e-20, 0, 0, 0.0687684, 2.3525e-11, 0, 24.1852, 0.95265, 0.750771, 291.448
4176, 2.89942e-11, 0.00586898, 0.0631044, 0, 0, 2.95815e-20, 0, 0, 0.0689733, 2.1747e-11, 0, 24.2639, 0.952568, 0.751217, 291.481
4177, 2.60285e-11, 0.00599608, 0.0632143, 0, 0, 2.60583e-20, 0, 0, 0.0692104, 1.95073e-11, 0, 24.3718, 0.952486, 0.751171, 291.526
4178, 2.24412e-11, 0.0061716, 0.0633125, 0, 0, 2.19965e-20, 0, 0, 0.0694841, 1.67991e-11, 0, 24.5201, 0.952404, 0.750891, 291.583
4179, 1.84467e-11, 0.00641958, 0.0633738, 0, 0, 1.76815e-20, 0, 0, 0.0697934, 1.37977e-11, 0, 24.7161, 0.952322, 0.750474, 291.652
4180, 1.42367e-11, 0.00680015, 0.0633428, 0, 0, 1.33556e-20, 0, 0, 0.0701429, 1.06492e-11, 0, 24.9752, 0.95224, 0.749972, 291.736
4181, 1.01565e-11, 0.00739238, 0.0631281, 0, 0, 9.32788e-21, 0, 0, 0.0705205, 7.60046e-12, 0, 25.3129, 0.952158, 0.749437, 291.828
4182, 6.55018e-12, 0.00829847, 0.0626013, 0, 0, 5.87709e-21, 0, 0, 0.0708997, 4.90226e-12, 0, 25.7515, 0.952076, 0.748878, 291.921
4183, 3.72477e-12, 0.00958935, 0.0616536, 0, 0, 3.25009e-21, 0, 0, 0.071243, 2.78654e-12, 0, 26.316, 0.951994, 0.748285, 292
4184, 1.87524e-12, 0.0113221, 0.0601966, 0, 0, 1.58227e-21, 0, 0, 0.0715187, 1.40198e-12, 0, 27.0023, 0.951912, 0.747666, 292.056
4185, 8.20548e-13, 0.0136737, 0.0580618, 0, 0, 6.67429e-22, 0, 0, 0.0717355, 6.13064e-13, 0, 27.8288, 0.95183, 0.747033, 292.091
4186, 2.88265e-13, 0.0167796, 0.0551497, 0, 0, 2.26003e-22, 0, 0, 0.0719292, 2.15242e-13, 0, 28.8749, 0.951748, 0.746389, 292.118
4187, 7.64475e-14, 0.0205781, 0.0515551, 0, 0, 5.76006e-23, 0, 0, 0.0721332, 5.70459e-14, 0, 30.2022, 0.951666, 0.745733, 292.148
4188, 1.55284e-14, 0.0246948, 0.0476299, 0, 0, 1.1162e-23, 0, 0, 0.0723247, 1.15795e-14, 0, 31.7961, 0.951584, 0.745065, 292.174
4189, 2.42343e-15, 0.0287132, 0.0437687, 0, 0, 1.65591e-24, 0, 0, 0.0724818, 1.80592e-15, 0, 33.6536, 0.951502, 0.744396, 292.188
4190, 2.71996e-16, 0.0326236, 0.0400194, 0, 0, 1.7647e-25, 0, 0, 0.072643, 2.02559e-16, 0, 35.8407, 0.95142, 0.74373, 292.203
4191, 2.08139e-17, 0.0364758, 0.036363, 0, 0, 1.27783e-26, 0, 0, 0.0728388, 1.54904e-17, 0, 38.4109, 0.951338, 0.743061, 292.23
4192, 1.05277e-18, 0.0403551, 0.0327296, 0, 0, 6.09677e-28, 0, 0, 0.0730847, 7.83015e-19, 0, 41.3951, 0.951256, 0.742404, 292.273
4193, 3.46085e-20, 0.0444122, 0.0289756, 0, 0, 1.88027e-29, 0, 0, 0.0733878, 2.5724e-20, 0, 44.8102, 0.951174, 0.741752, 292.336
4194, 7.28651e-22, 0.0484542, 0.0252877, 0, 0, 3.71236e-31, 0, 0, 0.0737419, 5.41262e-22, 0, 48.6708, 0.951092, 0.74109, 292.416
4195, 9.50006e-24, 0.052223, 0.0219128, 0, 0, 4.53713e-33, 0, 0, 0.0741359, 7.05256e-24, 0, 53.0107, 0.95101, 0.740416, 292.509
4196, 7.78179e-26, 0.0556056, 0.018946, 0, 0, 3.45284e-35, 0, 0, 0.0745516, 5.77297e-26, 0, 57.8154, 0.950928, 0.739738, 292.609
4197, 4.08808e-28, 0.0584259, 0.0165277, 0, 0, 1.68091e-37, 0, 0, 0.0749535, 3.03063e-28, 0, 63.0643, 0.950846, 0.739065, 292.703
4198, 1.36825e-30, 0.0608399, 0.0145047, 0, 0, 5.19523e-40, 0, 0, 0.0753445, 1.0136e-30, 0, 68.764, 0.950764, 0.738396, 292.793
4199, 2.91464e-33, 0.0632342, 0.0125258, 0, 0, 1.02435e-42, 0, 0, 0.07576, 2.1577e-33, 0, 74.9156, 0.950682, 0.737705, 292.891
4200, 3.56601e-36, 0.0653534, 0.0108039, 0, 0, 0, 0, 0, 0.0761573, 2.63882e-36, 0, 81.6216, 0.9506, 0.736948, 292.982
4201, 2.13584e-39, 0.0670923, 0.00942608, 0, 0, 0, 0, 0, 0.0765184, 1.58021e-39, 0, 89.042, 0.950518, 0.736153, 293.061
4202, 5.74532e-43, 0.0687466, 0.00813614, 0, 0, 0, 0, 0, 0.0768827, 4.23192e-43, 0, 97.2628, 0.950436, 0.735408, 293.14
4203, 0, 0.0702403, 0.00699047, 0, 0, 0, 0, 0, 0.0772308, 0, 0, 99.99, 0.950354, 0.734709, 293.213
4204, 0, 0.071447, 0.00609186, 0, 0, 0, 0, 0, 0.0775389, 0, 0, 99.99, 0.950272, 0.734088, 293.274
4205, 0, 0.0724541, 0.00536461, 0, 0, 0, 0, 0, 0.0778187, 0, 0, 99.99, 0.95019, 0.733506, 293.324
4206, 0, 0.0733561, 0.0047279, 0, 0, 0, 0, 0, 0.0780839, 0, 0, 99.99, 0.950108, 0.732848, 293.37
4207, 0, 0.0741832, 0.00415607, 0, 0, 0, 0, 0, 0.0783392, 0, 0, 99.99, 0.950026, 0.732212, 293.412
4208, 0, 0.0749015, 0.00367482, 0, 0, 0, 0, 0, 0.0785763, 0, 0, 99.99, 0.949944, 0.731641, 293.449
4209, 0, 0.0754562, 0.00332774, 0, 0, 0, 0, 0, 0.0787839, 0, 0, 99.99, 0.949862, 0.731026, 293.475
4210, 0, 0.0759031, 0.00306865, 0, 0, 0, 0, 0, 0.0789717, 0, 0, 99.99, 0.94978, 0.730367, 293.495
4211, 0, 0.0764131, 0.00276002, 0, 0, 0, 0, 0, 0.0791731, 0, 0, 99.99, 0.949698, 0.7297, 293.52
4212, 0, 0.0768708, 0.00249393, 0, 0, 0, 0, 0, 0.0793647, 0, 0, 99.99, 0.949616, 0.729031, 293.541
4213, 0, 0.0772906, 0.00225897, 0, 0, 0, 0, 0, 0.0795496, 0, 0, 99.99, 0.949534, 0.728358, 293.56
4214, 0, 0.0776382, 0.00208205, 0, 0, 0, 0, 0, 0.0797203, 0, 0, 99.99, 0.949452, 0.727692, 293.574
4215, 0, 0.0779832, 0.00190779, 0, 0, 0, 0, 0, 0.0798909, 0, 0, 99.99, 0.94937, 0.727031, 293.589
4216, 0, 0.0782727, 0.00177784, 0, 0, 0, 0, 0, 0.0800506, 0, 0, 99.99, 0.949288, 0.726359, 293.599
4217, 0, 0.0785708, 0.00164145, 0, 0, 0, 0, 0, 0.0802123, 0, 0, 99.99, 0.949206, 0.725677, 293.611
4218, 0, 0.078814, 0.00154882, 0, 0, 0, 0, 0, 0.0803628, 0, 0, 99.99, 0.949124, 0.724995, 293.618
4219, 0, 0.0790765, 0.00144113, 0, 0, 0, 0, 0, 0.0805177, 0, 0, 99.99, 0.949042, 0.724311, 293.627
4220, 0, 0.0792892, 0.00137297, 0, 0, 0, 0, 0, 0.0806622, 0, 0, 99.99, 0.94896, 0.723639, 293.633
4221, 0, 0.0795491, 0.00126778, 0, 0, 0, 0, 0, 0.0808169, 0, 0, 99.99, 0.948878, 0.72297, 293.642
4222, 0, 0.0797557, 0.00120476, 0, 0, 0, 0, 0, 0.0809604, 0, 0, 99.99, 0.948796, 0.722277, 293.647
4223, 0, 0.0799767, 0.00113061, 0, 0, 0, 0, 0, 0.0811073, 0, 0, 99.99, 0.948714, 0.721614, 293.654
4224, 0, 0.0801405, 0.00110158, 0, 0, 0, 0, 0, 0.0812421, 0, 0, 99.99, 0.948632, 0.720991, 293.656
4225, 0, 0.0803294, 0.00105308, 0, 0, 0, 0, 0, 0.0813824, 0, 0, 99.99, 0.94855, 0.720347, 293.66
4226, 0, 0.0804922, 0.00102505, 0, 0, 0, 0, 0, 0.0815173, 0, 0, 99.99, 0.948468, 0.719701, 293.663
4227, 0, 0.0806754, 0.000981167, 0, 0, 0, 0, 0, 0.0816566, 0, 0, 99.99, 0.948386, 0.719072, 293.666
4228, 0, 0.080885, 0.000916683, 0, 0, 0, 0, 0, 0.0818017, 0, 0, 99.99, 0.948304, 0.718426, 293.672
4229, 0, 0.0810328, 0.000900875, 0, 0, 0, 0, 0, 0.0819337, 0, 0, 99.99, 0.948222, 0.717778, 293.673
4230, 0, 0.0811755, 0.000889261, 0, 0, 0, 0, 0, 0.0820647, 0, 0, 99.99, 0.94814, 0.717142, 293.674
4231, 0, 0.0812579, 0.000924983, 0, 0, 0, 0, 0, 0.0821829, 0, 0, 99.99, 0.948058, 0.716499, 293.671
4232, 0, 0.0814578, 0.000868605, 0, 0, 0, 0, 0, 0.0823264, 0, 0, 99.99, 0.947976, 0.715849, 293.676
4233, 0, 0.0816142, 0.000846436, 0, 0, 0, 0, 0, 0.0824606, 0, 0, 99.99, 0.947894, 0.715195, 293.678
4234, 0, 0.0817603, 0.000832483, 0, 0, 0, 0, 0, 0.0825928, 0, 0, 99.99, 0.947812, 0.714542, 293.679
4235, 0, 0.081911, 0.000815016, 0, 0, 0, 0, 0, 0.082726, 0, 0, 99.99, 0.94773, 0.713893, 293.681
4236, 0, 0.0820243, 0.000826915, 0, 0, 0, 0, 0, 0.0828512, 0, 0, 99.99, 0.947648, 0.713245, 293.68
4237, 0, 0.0821905, 0.000797509, 0, 0, 0, 0, 0, 0.082988, 0, 0, 99.99, 0.947566, 0.712597, 293.682
4238, 0, 0.0822505, 0.00085148, 0, 0, 0, 0, 0, 0.083102, 0, 0, 99.99, 0.947484, 0.711948, 293.678
4239, 0, 0.0823927, 0.000841177, 0, 0, 0, 0, 0, 0.0832339, 0, 0, 99.99, 0.947402, 0.7113, 293.679
4240, 0, 0.0825361, 0.00082993, 0, 0, 0, 0, 0, 0.083366, 0, 0, 99.99, 0.94732, 0.710652, 293.68
4241, 0, 0.0826234, 0.000862731, 0, 0, 0, 0, 0, 0.0834861, 0, 0, 99.99, 0.947238, 0.710005, 293.677
4242, 0, 0.082777, 0.000843599, 0, 0, 0, 0, 0, 0.0836206, 0, 0, 99.99, 0.947156, 0.709356, 293.679
4243, 0, 0.0828002, 0.000926939, 0, 0, 0, 0, 0, 0.0837271, 0, 0, 99.99, 0.947074, 0.708706, 293.672
4244, 0, 0.0829064, 0.000945316, 0, 0, 0, 0, 0, 0.0838517, 0, 0, 99.99, 0.946992, 0.708058, 293.671
4245, 0, 0.08302, 0.000958167, 0, 0, 0, 0, 0, 0.0839782, 0, 0, 99.99, 0.94691, 0.707415, 293.67
4246, 0, 0.0830159, 0.00106347, 0, 0, 0, 0, 0, 0.0840793, 0, 0, 99.99, 0.946828, 0.706764, 293.661
4247, 0, 0.08316, 0.00105244, 0, 0, 0, 0, 0, 0.0842124, 0, 0, 99.99, 0.946746, 0.706079, 293.662
4248, 0, 0.0831726, 0.00114457, 0, 0, 0, 0, 0, 0.0843172, 0, 0, 99.99, 0.946664, 0.705383, 293.655
4249, 0, 0.0831995, 0.00122549, 0, 0, 0, 0, 0, 0.084425, 0, 0, 99.99, 0.946582, 0.70471, 293.648
4250, 0, 0.0833069, 0.00124347, 0, 0, 0, 0, 0, 0.0845504, 0, 0, 99.99, 0.9465, 0.704008, 293.647
4251, 0, 0.0831781, 0.00144755, 0, 0, 0, 0, 0, 0.0846257, 0, 0, 99.99, 0.946418, 0.703362, 293.63
4252, 0, 0.083172, 0.00155581, 0, 0, 0, 0, 0, 0.0847278, 0, 0, 99.99, 0.946336, 0.702804, 293.622
4253, 0, 0.083082, 0.00173144, 0, 0, 0, 0, 0, 0.0848134, 0, 0, 99.99, 0.946254, 0.702179, 293.609
4254, 0, 0.0827167, 0.00212393, 0, 0, 0, 0, 0, 0.0848407, 0, 0, 99.99, 0.946172, 0.701535, 293.578
4255, 0, 0.0826673, 0.00226666, 0, 0, 0, 0, 0, 0.084934, 0, 0, 99.99, 0.94609, 0.700956, 293.567
4256, 0, 0.082402, 0.00258124, 0, 0, 0, 0, 0, 0.0849832, 0, 0, 99.99, 0.946008, 0.700367, 293.542
4257, 0, 0.0819251, 0.00306265, 0, 0, 0, 0, 0, 0.0849878, 0, 0, 99.99, 0.945926, 0.699741, 293.505
4258, 0, 0.0821487, 0.002988, 0, 0, 0, 0, 0, 0.0851367, 0, 0, 99.99, 0.945844, 0.699106, 293.51
4259, 0, 0.0829944, 0.00242088, 0, 0, 0, 0, 0, 0.0854153, 0, 0, 99.99, 0.945762, 0.698466, 293.555
4260, 0, 0.0836004, 0.00204428, 0, 0, 0, 0, 0, 0.0856447, 0, 0, 99.99, 0.94568, 0.697821, 293.584
4261, 0, 0.083832, 0.00196487, 0, 0, 0, 0, 0, 0.0857969, 0, 0, 99.99, 0.945598, 0.697192, 293.591
4262, 0, 0.0843542, 0.00165726, 0, 0, 0, 0, 0, 0.0860115, 0, 0, 99.99, 0.945516, 0.696577, 293.615
4263, 0, 0.0847489, 0.00144959, 0, 0, 0, 0, 0, 0.0861985, 0, 0, 99.99, 0.945434, 0.695957, 293.632
4264, 0, 0.084825, 0.001493, 0, 0, 0, 0, 0, 0.0863179, 0, 0, 99.99, 0.945352, 0.69533, 293.628
4265, 0, 0.0851876, 0.00131135, 0, 0, 0, 0, 0, 0.0864989, 0, 0, 99.99, 0.94527, 0.6947, 293.643
4266, 0, 0.0853747, 0.00126749, 0, 0, 0, 0, 0, 0.0866422, 0, 0, 99.99, 0.945188, 0.69406, 293.646
4267, 0, 0.0853889, 0.00135973, 0, 0, 0, 0, 0, 0.0867486, 0, 0, 99.99, 0.945106, 0.693378, 293.639
4268, 0, 0.0857266, 0.00119829, 0, 0, 0, 0, 0, 0.0869249, 0, 0, 99.99, 0.945024, 0.692635, 293.652
4269, 0, 0.085869, 0.00119032, 0, 0, 0, 0, 0, 0.0870593, 0, 0, 99.99, 0.944942, 0.691929, 293.653
4270, 0, 0.0858293, 0.00132526, 0, 0, 0, 0, 0, 0.0871545, 0, 0, 99.99, 0.94486, 0.69133, 293.642
4271, 0, 0.0861184, 0.00120266, 0, 0, 0, 0, 0, 0.087321, 0, 0, 99.99, 0.944778, 0.690748, 293.652
4272, 0, 0.08625, 0.00120366, 0, 0, 0, 0, 0, 0.0874536, 0, 0, 99.99, 0.944696, 0.690118, 293.652
4273, 0, 0.0861362, 0.00139732, 0, 0, 0, 0, 0, 0.0875335, 0, 0, 99.99, 0.944614, 0.689492, 293.637
4274, 0, 0.0864216, 0.00127784, 0, 0, 0, 0, 0, 0.0876995, 0, 0, 99.99, 0.944532, 0.688887, 293.646
4275, 0, 0.0865975, 0.00124425, 0, 0, 0, 0, 0, 0.0878417, 0, 0, 99.99, 0.94445, 0.688343, 293.649
4276, 0, 0.0864326, 0.00147777, 0, 0, 0, 0, 0, 0.0879104, 0, 0, 99.99, 0.944368, 0.687794, 293.631
4277, 0, 0.0867052, 0.00136839, 0, 0, 0, 0, 0, 0.0880736, 0, 0, 99.99, 0.944286, 0.687196, 293.639
4278, 0, 0.0869929, 0.0012474, 0, 0, 0, 0, 0, 0.0882403, 0, 0, 99.99, 0.944204, 0.686579, 293.649
4279, 0, 0.0869039, 0.00142176, 0, 0, 0, 0, 0, 0.0883256, 0, 0, 99.99, 0.944122, 0.68596, 293.635
4280, 0, 0.0871554, 0.00132921, 0, 0, 0, 0, 0, 0.0884846, 0, 0, 99.99, 0.94404, 0.685341, 293.643
4281, 0, 0.0874106, 0.00123412, 0, 0, 0, 0, 0, 0.0886448, 0, 0, 99.99, 0.943958, 0.684723, 293.65
4282, 0, 0.0871365, 0.00155419, 0, 0, 0, 0, 0, 0.0886907, 0, 0, 99.99, 0.943876, 0.684105, 293.625
4283, 0, 0.0871868, 0.00161983, 0, 0, 0, 0, 0, 0.0888066, 0, 0, 99.99, 0.943794, 0.683488, 293.62
4284, 0, 0.0876715, 0.00134489, 0, 0, 0, 0, 0, 0.0890164, 0, 0, 99.99, 0.943712, 0.682871, 293.642
4285, 0, 0.0876374, 0.00147693, 0, 0, 0, 0, 0, 0.0891144, 0, 0, 99.99, 0.94363, 0.682252, 293.632
4286, 0, 0.0875211, 0.00167378, 0, 0, 0, 0, 0, 0.0891949, 0, 0, 99.99, 0.943548, 0.681634, 293.616
4287, 0, 0.087983, 0.00141716, 0, 0, 0, 0, 0, 0.0894002, 0, 0, 99.99, 0.943466, 0.681016, 293.637
4288, 0, 0.0881079, 0.00142502, 0, 0, 0, 0, 0, 0.0895329, 0, 0, 99.99, 0.943384, 0.680398, 293.636
4289, 0, 0.0878499, 0.00173339, 0, 0, 0, 0, 0, 0.0895832, 0, 0, 99.99, 0.943302, 0.679777, 293.612
4290, 0, 0.0882131, 0.00155419, 0, 0, 0, 0, 0, 0.0897672, 0, 0, 99.99, 0.94322, 0.679153, 293.627
4291, 0, 0.0885102, 0.00142695, 0, 0, 0, 0, 0, 0.0899371, 0, 0, 99.99, 0.943138, 0.678502, 293.637
4292, 0, 0.0881862, 0.00178708, 0, 0, 0, 0, 0, 0.0899733, 0, 0, 99.99, 0.943056, 0.677462, 293.609
4293, 0, 0.0883501, 0.00176408, 0, 0, 0, 0, 0, 0.0901142, 0, 0, 99.99, 0.942974, 0.673272, 293.61
4294, 0, 0.0888458, 0.00148104, 0, 0, 0, 0, 0, 0.0903268, 0, 0, 99.99, 0.942892, 0.659344, 293.633
4295, 0, 0.0886597, 0.00173321, 0, 0, 0, 0, 0, 0.0903929, 0, 0, 99.99, 0.94281, 0.639449, 293.613
4296, 0, 0.0884613, 0.0019949, 0, 0, 0, 0, 0, 0.0904562, 0, 0, 99.99, 0.942728, 0.632112, 293.593
4297, 0, 0.0889024, 0.00175511, 0, 0, 0, 0, 0, 0.0906575, 0, 0, 99.99, 0.942646, 0.637631, 293.612
4298, 0, 0.0890642, 0.00173494, 0, 0, 0, 0, 0, 0.0907992, 0, 0, 99.99, 0.942564, 0.64357, 293.613
4299, 0, 0.0886211, 0.00219036, 0, 0, 0, 0, 0, 0.0908115, 0, 0, 99.99, 0.942482, 0.646755, 293.579
4300, 0, 0.0887121, 0.00222636, 0, 0, 0, 0, 0, 0.0909385, 0, 0, 99.99, 0.9424, 0.648495, 293.576
4301, 0, 0.0893349, 0.00184388, 0, 0, 0, 0, 0, 0.0911788, 0, 0, 99.99, 0.942318, 0.649611, 293.606
4302, 0, 0.0891939, 0.00206215, 0, 0, 0, 0, 0, 0.0912561, 0, 0, 99.99, 0.942236, 0.650405, 293.589
4303, 0, 0.0888234, 0.00246183, 0, 0, 0, 0, 0, 0.0912852, 0, 0, 99.99, 0.942154, 0.650893, 293.559
4304, 0, 0.0893852, 0.00212758, 0, 0, 0, 0, 0, 0.0915128, 0, 0, 99.99, 0.942072, 0.65111, 293.585
4305, 0, 0.0896436, 0.00203229, 0, 0, 0, 0, 0, 0.0916759, 0, 0, 99.99, 0.94199, 0.651242, 293.593
4306, 0, 0.0889366, 0.0026975, 0, 0, 0, 0, 0, 0.0916341, 0, 0, 99.99, 0.941908, 0.65118, 293.543
4307, 0, 0.0890649, 0.00270403, 0, 0, 0, 0, 0, 0.091769, 0, 0, 99.99, 0.941826, 0.651049, 293.543
4308, 0, 0.0898595, 0.00218576, 0, 0, 0, 0, 0, 0.0920453, 0, 0, 99.99, 0.941744, 0.651006, 293.582
4309, 0, 0.0894334, 0.00263115, 0, 0, 0, 0, 0, 0.0920645, 0, 0, 99.99, 0.941662, 0.650868, 293.549
4310, 0, 0.0888181, 0.00322457, 0, 0, 0, 0, 0, 0.0920426, 0, 0, 99.99, 0.94158, 0.65056, 293.505
4311, 0, 0.0895084, 0.00278692, 0, 0, 0, 0, 0, 0.0922953, 0, 0, 99.99, 0.941498, 0.650225, 293.538
4312, 0, 0.0898088, 0.00265998, 0, 0, 0, 0, 0, 0.0924688, 0, 0, 99.99, 0.941416, 0.649891, 293.548
4313, 0, 0.0888666, 0.0035149, 0, 0, 0, 0, 0, 0.0923815, 0, 0, 99.99, 0.941334, 0.649632, 293.485
4314, 0, 0.0886716, 0.00377606, 0, 0, 0, 0, 0, 0.0924477, 0, 0, 99.99, 0.941252, 0.649215, 293.466
4315, 0, 0.0894445, 0.00327297, 0, 0, 0, 0, 0, 0.0927174, 0, 0, 99.99, 0.94117, 0.64884, 293.503
4316, 0, 0.0892785, 0.00351685, 0, 0, 0, 0, 0, 0.0927953, 0, 0, 99.99, 0.941088, 0.648379, 293.487
4317, 0, 0.0883422, 0.00437014, 0, 0, 0, 0, 0, 0.0927124, 0, 0, 99.99, 0.941006, 0.647997, 293.425
4318, 0, 0.0884053, 0.00442984, 0, 0, 0, 0, 0, 0.0928351, 0, 0, 99.99, 0.940924, 0.64762, 293.422
4319, 0, 0.0892524, 0.00386742, 0, 0, 0, 0, 0, 0.0931198, 0, 0, 99.99, 0.940842, 0.647266, 293.463
4320, 0, 0.0890107, 0.00417209, 0, 0, 0, 0, 0, 0.0931828, 0, 0, 99.99, 0.94076, 0.646598, 293.442
4321, 0, 0.0878754, 0.00519311, 0, 0, 0, 0, 0, 0.0930685, 0, 0, 99.99, 0.940678, 0.64632, 293.372
4322, 0, 0.0882138, 0.0050378, 0, 0, 0, 0, 0, 0.0932516, 0, 0, 99.99, 0.940596, 0.645766, 293.385
4323, 0, 0.0894393, 0.00416793, 0, 0, 0, 0, 0, 0.0936072, 0, 0, 99.99, 0.940514, 0.645881, 293.446
4324, 0, 0.0887291, 0.00484555, 0, 0, 0, 0, 0, 0.0935746, 0, 0, 99.99, 0.940432, 0.64485, 293.399
4325, 0, 0.0875418, 0.00590906, 0, 0, 0, 0, 0, 0.0934509, 0, 0, 99.99, 0.94035, 0.644909, 293.327
4326, 0, 0.0886478, 0.0051346, 0, 0, 0, 0, 0, 0.0937824, 0, 0, 99.99, 0.940268, 0.64381, 293.38
4327, 0, 0.089827, 0.00429911, 0, 0, 0, 0, 0, 0.0941261, 0, 0, 99.99, 0.940186, 0.643848, 293.437
4328, 0, 0.0885034, 0.00547348, 0, 0, 0, 0, 0, 0.0939769, 0, 0, 99.99, 0.940104, 0.643177, 293.358
4329, 0, 0.0872761, 0.00657407, 0, 0, 0, 0, 0, 0.0938502, 0, 0, 99.99, 0.940022, 0.642084, 293.285
4330, 0, 0.08862, 0.00560529, 0, 0, 0, 0, 0, 0.0942253, 0, 0, 99.99, 0.93994, 0.642471, 293.351
4331, 0, 0.0895834, 0.00494096, 0, 0, 0, 0, 0, 0.0945244, 0, 0, 99.99, 0.939858, 0.640749, 293.395
4332, 0, 0.0880135, 0.00631804, 0, 0, 0, 0, 0, 0.0943316, 0, 0, 99.99, 0.939776, 0.641334, 293.304
4333, 0, 0.0868267, 0.00738866, 0, 0, 0, 0, 0, 0.0942154, 0, 0, 99.99, 0.939694, 0.640519, 293.235
4334, 0, 0.0877538, 0.00675832, 0, 0, 0, 0, 0, 0.0945121, 0, 0, 99.99, 0.939612, 0.639306, 293.278
4335, 0, 0.0877428, 0.00690077, 0, 0, 0, 0, 0, 0.0946436, 0, 0, 99.99, 0.93953, 0.64031, 293.276
4336, 0, 0.0855448, 0.00881147, 0, 0, 0, 0, 0, 0.0943563, 0, 0, 99.99, 0.939448, 0.638152, 293.16
4337, 0, 0.0844368, 0.00982158, 0, 0, 0, 0, 0, 0.0942583, 0, 0, 99.99, 0.939366, 0.638394, 293.095
4338, 0, 0.0849887, 0.00949174, 0, 0, 0, 0, 0, 0.0944805, 0, 0, 99.99, 0.939284, 0.638618, 293.119
4339, 0, 0.0845588, 0.00999557, 0, 0, 0, 0, 0, 0.0945544, 0, 0, 99.99, 0.939202, 0.636086, 293.101
4340, 0, 0.0825121, 0.0118198, 0, 0, 0, 0, 0, 0.0943319, 0, 0, 99.99, 0.93912, 0.637549, 293.002
4341, 0, 0.0821634, 0.0122168, 0, 0, 0, 0, 0, 0.0943802, 0, 0, 99.99, 0.939038, 0.63668, 292.978
4342, 0, 0.0837135, 0.0110432, 0, 0, 0, 0, 0, 0.0947567, 0, 0, 99.99, 0.938956, 0.634384, 293.043
4343, 0, 0.0849282, 0.0101493, 0, 0, 0, 0, 0, 0.0950776, 0, 0, 99.99, 0.938874, 0.636367, 293.093
4344, 0, 0.083743, 0.0112325, 0, 0, 0, 0, 0, 0.0949755, 0, 0, 99.99, 0.938792, 0.634534, 293.028
4345, 0, 0.0827753, 0.0121389, 0, 0, 0, 0, 0, 0.0949142, 0, 0, 99.99, 0.93871, 0.632747, 292.974
4346, 0, 0.0840349, 0.0112103, 0, 0, 0, 0, 0, 0.0952452, 0, 0, 99.99, 0.938628, 0.635216, 293.026
4347, 0, 0.0846729, 0.0108153, 0, 0, 0, 0, 0, 0.0954882, 0, 0, 99.99, 0.938546, 0.632667, 293.055
4348, 0, 0.0819324, 0.013275, 0, 0, 0, 0, 0, 0.0952074, 0, 0, 99.99, 0.938464, 0.62962, 292.941
4349, 0, 0.0778668, 0.016864, 0, 0, 0, 0, 0, 0.0947308, 0, 0, 99.99, 0.938382, 0.626469, 292.773
4350, 0, 0.078277, 0.0166449, 0, 0, 0, 0, 0, 0.094922, 0, 0, 99.99, 0.9383, 0.610214, 292.788
4351, 0, 0.0809691, 0.014465, 0, 0, 0, 0, 0, 0.0954341, 0, 0, 99.99, 0.938218, 0.595452, 292.89
4352, 0, 0.0802478, 0.0151575, 0, 0, 0, 0, 0, 0.0954053, 0, 0, 99.99, 0.938136, 0.597202, 292.845
4353, 0, 0.0783857, 0.0168538, 0, 0, 0, 0, 0, 0.0952396, 0, 0, 99.99, 0.938054, 0.600481, 292.762
4354, 0, 0.0782379, 0.0171173, 0, 0, 0, 0, 0, 0.0953552, 0, 0, 99.99, 0.937972, 0.601955, 292.756
4355, 0, 0.0805124, 0.0153157, 0, 0, 0, 0, 0, 0.0958281, 0, 0, 99.99, 0.93789, 0.607835, 292.847
4356, 0, 0.0789547, 0.0167999, 0, 0, 0, 0, 0, 0.0957545, 0, 0, 99.99, 0.937808, 0.609664, 292.79
4357, 0, 0.0740797, 0.0211233, 0, 0, 0, 0, 0, 0.095203, 0, 0, 99.99, 0.937726, 0.606998, 292.602
4358, 0, 0.0749321, 0.0204913, 0, 0, 0, 0, 0, 0.0954234, 0, 0, 99.99, 0.937644, 0.609834, 292.625
4359, 0, 0.0787722, 0.017252, 0, 0, 0, 0, 0, 0.0960242, 0, 0, 99.99, 0.937562, 0.612074, 292.75
4360, 8.79689e-39, 0.0789572, 0.0172116, 0, 0, 0, 0, 0, 0.0961688, 4.98836e-39, 0, 87.6264, 0.93748, 0.608157, 292.752
4361, 5.31493e-37, 0.0747246, 0.0210563, 0, 0, 0, 0, 0, 0.0957809, 3.01613e-37, 0, 83.5251, 0.937398, 0.608383, 292.61
4362, 1.34168e-35, 0.0709867, 0.0244392, 0, 0, 0, 0, 0, 0.0954259, 7.61854e-36, 0, 80.2966, 0.937316, 0.61178, 292.476
4363, 1.4053e-34, 0.0728636, 0.02294, 0, 0, 0, 0, 0, 0.0958036, 7.98353e-35, 0, 77.9476, 0.937234, 0.608206, 292.541
4364, 6.1031e-34, 0.0728102, 0.023221, 0, 0, 0, 0, 0, 0.0960312, 3.46818e-34, 0, 76.4791, 0.937152, 0.604826, 292.566
4365, 1.09928e-33, 0.0678736, 0.0277632, 0, 0, 0, 0, 0, 0.0956367, 6.24706e-34, 0, 75.8907, 0.93707, 0.608991, 292.422
4366, 8.24924e-34, 0.0667271, 0.0288936, 0, 0, 0, 0, 0, 0.0956207, 4.68517e-34, 0, 76.1778, 0.936988, 0.609385, 292.38
4367, 2.66485e-34, 0.0676822, 0.0281486, 0, 0, 0, 0, 0, 0.0958308, 1.50822e-34, 0, 77.3077, 0.936906, 0.603795, 292.4
4368, 6.46103e-31, 0.0694274, 0.0266902, 0, 0, 9.70063e-41, 0, 0, 0.0961176, 3.99462e-31, 0, 69.5144, 0.936824, 0.604928, 292.44
4369, 5.95179e-29, 0.0695201, 0.0267411, 0, 0, 8.9879e-39, 0, 0, 0.0962612, 3.67697e-29, 0, 64.9913, 0.936742, 0.609498, 292.442
4370, 2.09962e-27, 0.0650253, 0.0309029, 0, 0, 3.17982e-37, 0, 0, 0.0959281, 1.29662e-27, 0, 61.428, 0.93666, 0.605774, 292.314
4371, 3.0794e-26, 0.0641, 0.0318641, 0, 0, 4.67537e-36, 0, 0, 0.0959641, 1.90048e-26, 0, 58.7425, 0.936578, 0.601333, 292.287
4372, 1.94099e-25, 0.0651095, 0.0311477, 0, 0, 2.95221e-35, 0, 0, 0.0962572, 1.19494e-25, 0, 56.9014, 0.936496, 0.604797, 292.329
4373, 6.72857e-25, 0.059951, 0.0360467, 0, 0, 1.02346e-34, 0, 0, 0.0959976, 4.07719e-25, 0, 55.6583, 0.936414, 0.605664, 292.222
4374, 3.68628e-24, 0.0555432, 0.0401969, 0, 0, 5.66502e-34, 0, 0, 0.0957401, 2.1147e-24, 0, 53.9574, 0.936332, 0.596611, 292.115
4375, 6.75891e-23, 0.0549845, 0.0408558, 0, 0, 1.08038e-32, 0, 0, 0.0958403, 3.77698e-23, 0, 51.0486, 0.93625, 0.588054, 292.105
4376, 1.09397e-21, 0.0532828, 0.042567, 0, 0, 1.80918e-31, 0, 0, 0.0958498, 6.17612e-22, 0, 48.2645, 0.936168, 0.584993, 292.07
4377, 8.95721e-21, 0.0531427, 0.0428219, 0, 0, 1.56167e-30, 0, 0, 0.0959646, 5.16467e-21, 0, 46.1618, 0.936086, 0.585485, 292.064
4378, 3.84474e-20, 0.0498317, 0.0462067, 0, 0, 7.25584e-30, 0, 0, 0.0960385, 2.27995e-20, 0, 44.705, 0.936004, 0.588289, 292.047
4379, 9.36831e-20, 0.0433081, 0.0526326, 0, 0, 1.90782e-29, 0, 0, 0.0959407, 5.69478e-20, 0, 43.8144, 0.935922, 0.596197, 291.984
4380, 1.2228e-19, 0.0414505, 0.0544879, 0, 0, 2.6053e-29, 0, 0, 0.0959384, 7.53267e-20, 0, 43.548, 0.93584, 0.603877, 291.946
4381, 7.5587e-20, 0.0465583, 0.049664, 0, 0, 1.64414e-29, 0, 0, 0.0962223, 4.67989e-20, 0, 44.029, 0.935758, 0.601406, 291.986
4382, 2.07929e-20, 0.0511847, 0.0453588, 0, 0, 4.55201e-30, 0, 0, 0.0965435, 1.28938e-20, 0, 45.3197, 0.935676, 0.596489, 292.035
4383, 3.75525e-21, 0.0484832, 0.0480164, 0, 0, 7.69556e-31, 0, 0, 0.0964995, 2.32585e-21, 0, 47.0311, 0.935594, 0.598889, 291.986
4384, 2.25294e-21, 0.0475488, 0.0490181, 0, 0, 4.06629e-31, 0, 0, 0.096567, 1.39172e-21, 0, 47.542, 0.935512, 0.604997, 291.967
4385, 1.36706e-21, 0.0523849, 0.0445754, 0, 0, 2.41979e-31, 0, 0, 0.0969603, 8.44292e-22, 0, 48.0416, 0.93543, 0.600926, 292.036
4386, 4.78907e-22, 0.0524612, 0.0446232, 0, 0, 8.00721e-32, 0, 0, 0.0970844, 2.95697e-22, 0, 49.0905, 0.935348, 0.594766, 292.032
4387, 2.38992e-22, 0.0502796, 0.0468672, 0, 0, 3.51705e-32, 0, 0, 0.0971469, 1.47457e-22, 0, 49.7856, 0.935266, 0.599342, 292.012
4388, 1.37473e-22, 0.0531967, 0.0443382, 0, 0, 1.93884e-32, 0, 0, 0.0975349, 8.46325e-23, 0, 50.3386, 0.935184, 0.602842, 292.079
4389, 7.06644e-23, 0.0521754, 0.0454291, 0, 0, 9.5872e-33, 0, 0, 0.0976044, 4.3103e-23, 0, 51.0041, 0.935102, 0.599884, 292.061
4390, 4.77321e-23, 0.0500477, 0.0474831, 0, 0, 6.31188e-33, 0, 0, 0.0975308, 2.89063e-23, 0, 51.3964, 0.93502, 0.593686, 292.004
4391, 2.54881e-23, 0.0546395, 0.0433091, 0, 0, 3.26869e-33, 0, 0, 0.0979486, 1.51375e-23, 0, 52.0238, 0.934938, 0.596116, 292.078
4392, 3.35648e-23, 0.0545585, 0.0435913, 0, 0, 3.82671e-33, 0, 0, 0.0981498, 1.85224e-23, 0, 51.7486, 0.934856, 0.603159, 292.095
4393, 7.01031e-23, 0.0491614, 0.0488596, 0, 0, 7.79425e-33, 0, 0, 0.098021, 3.79958e-23, 0, 51.0121, 0.934774, 0.597792, 292.024
4394, 6.9287e-23, 0.0520916, 0.046303, 0, 0, 7.66961e-33, 0, 0, 0.0983946, 3.73111e-23, 0, 51.0238, 0.934692, 0.590853, 292.086
4395, 3.52503e-23, 0.0555579, 0.0431292, 0, 0, 3.93585e-33, 0, 0, 0.0986871, 1.89128e-23, 0, 51.6996, 0.93461, 0.595278, 292.127
4396, 2.49485e-23, 0.0509655, 0.0474796, 0, 0, 2.9416e-33, 0, 0, 0.0984451, 1.3657e-23, 0, 52.0452, 0.934528, 0.599062, 292.026
4397, 7.11712e-23, 0.0515148, 0.0471325, 0, 0, 9.11955e-33, 0, 0, 0.0986473, 4.15288e-23, 0, 50.997, 0.934446, 0.597705, 292.043
4398, 4.26071e-22, 0.0554425, 0.0436792, 0, 0, 5.56485e-32, 0, 0, 0.0991217, 2.53072e-22, 0, 49.2074, 0.934364, 0.591427, 292.131
4399, 1.34553e-21, 0.0503419, 0.0486577, 0, 0, 1.75418e-31, 0, 0, 0.0989996, 7.99575e-22, 0, 48.0575, 0.934282, 0.589347, 292.062
4400, 1.81503e-21, 0.0480728, 0.0509476, 0, 0, 2.3569e-31, 0, 0, 0.0990205, 1.07748e-21, 0, 47.7582, 0.9342, 0.598023, 292.031
4401, 1.20583e-21, 0.054353, 0.0452005, 0, 0, 1.54914e-31, 0, 0, 0.0995535, 7.11832e-22, 0, 48.1671, 0.934118, 0.599291, 292.134
4402, 9.76802e-22, 0.0523489, 0.0472403, 0, 0, 1.22821e-31, 0, 0, 0.0995891, 5.67845e-22, 0, 48.3778, 0.934036, 0.58861, 292.107
4403, 1.11678e-21, 0.0460589, 0.0533128, 0, 0, 1.40485e-31, 0, 0, 0.0993717, 6.48075e-22, 0, 48.2438, 0.933954, 0.587863, 292.013
4404, 6.81557e-22, 0.0505709, 0.0492205, 0, 0, 8.62078e-32, 0, 0, 0.0997914, 3.96665e-22, 0, 48.7377, 0.933872, 0.595567, 292.086
4405, 2.58989e-22, 0.0536601, 0.0464527, 0, 0, 3.19169e-32, 0, 0, 0.100113, 1.49422e-22, 0, 49.7053, 0.93379, 0.59341, 292.134
4406, 2.83223e-22, 0.0471256, 0.0527305, 0, 0, 3.26272e-32, 0, 0, 0.0998561, 1.58488e-22, 0, 49.6158, 0.933708, 0.581908, 292.03
4407, 3.52487e-22, 0.0476304, 0.0523961, 0, 0, 4.03348e-32, 0, 0, 0.100027, 1.95392e-22, 0, 49.397, 0.933626, 0.564742, 292.038
4408, 3.45976e-22, 0.0537581, 0.0467557, 0, 0, 4.19954e-32, 0, 0, 0.100514, 1.94751e-22, 0, 49.4157, 0.933544, 0.557241, 292.128
4409, 8.68484e-22, 0.0496414, 0.0507358, 0, 0, 1.15639e-31, 0, 0, 0.100377, 5.00867e-22, 0, 48.4953, 0.933462, 0.565127, 292.056
4410, 4.87891e-21, 0.045495, 0.0547704, 0, 0, 7.44337e-31, 0, 0, 0.100265, 2.83574e-21, 0, 46.7694, 0.93338, 0.570343, 291.99
4411, 4.54897e-20, 0.051888, 0.0488889, 0, 0, 7.29827e-30, 0, 0, 0.100777, 2.65469e-20, 0, 44.5368, 0.933298, 0.5644, 292.087
4412, 2.30799e-19, 0.0530664, 0.0479095, 0, 0, 3.71824e-29, 0, 0, 0.100976, 1.34905e-19, 0, 42.9127, 0.933216, 0.565202, 292.102
4413, 5.03475e-19, 0.0456815, 0.0550346, 0, 0, 8.10757e-29, 0, 0, 0.100716, 2.94475e-19, 0, 42.1328, 0.933134, 0.575796, 291.998
4414, 5.38671e-19, 0.0476923, 0.0532748, 0, 0, 8.71188e-29, 0, 0, 0.100967, 3.13651e-19, 0, 42.0652, 0.933052, 0.576253, 292.027
4415, 8.49526e-19, 0.0542712, 0.0471723, 0, 0, 1.42362e-28, 0, 0, 0.101443, 4.86513e-19, 0, 41.6096, 0.93297, 0.567491, 292.113
4416, 2.25355e-18, 0.0489388, 0.0523737, 0, 0, 3.86332e-28, 0, 0, 0.101312, 1.29158e-18, 0, 40.634, 0.932888, 0.566234, 292.043
4417, 3.08768e-18, 0.0438084, 0.0573726, 0, 0, 5.35493e-28, 0, 0, 0.101181, 1.77952e-18, 0, 40.3191, 0.932806, 0.572416, 291.972
4418, 2.04695e-18, 0.0503056, 0.0513324, 0, 0, 3.55751e-28, 0, 0, 0.101638, 1.18567e-18, 0, 40.7302, 0.932724, 0.573614, 292.054
4419, 1.6992e-18, 0.0519683, 0.0499419, 0, 0, 2.85192e-28, 0, 0, 0.10191, 9.84514e-19, 0, 40.9164, 0.932642, 0.572655, 292.088
4420, 2.4106e-18, 0.043789, 0.0578707, 0, 0, 3.97431e-28, 0, 0, 0.10166, 1.39473e-18, 0, 40.5667, 0.93256, 0.569848, 291.987
4421, 1.88428e-18, 0.0437209, 0.0580398, 0, 0, 3.10756e-28, 0, 0, 0.101761, 1.09065e-18, 0, 40.813, 0.932478, 0.565475, 291.976
4422, 9.65462e-19, 0.0504581, 0.0517987, 0, 0, 1.67542e-28, 0, 0, 0.102257, 5.64469e-19, 0, 41.4817, 0.932396, 0.569072, 292.067
4423, 1.17577e-18, 0.0473923, 0.0548844, 0, 0, 2.19978e-28, 0, 0, 0.102277, 6.97802e-19, 0, 41.2846, 0.932314, 0.577527, 292.036
4424, 1.36962e-18, 0.0411242, 0.0609499, 0, 0, 2.57753e-28, 0, 0, 0.102074, 8.13069e-19, 0, 41.132, 0.932232, 0.576236, 291.948
4425, 1.18284e-18, 0.0451245, 0.0572674, 0, 0, 2.28249e-28, 0, 0, 0.102392, 6.91575e-19, 0, 41.2786, 0.93215, 0.565434, 291.993
4426, 5.06053e-18, 0.0491051, 0.05364, 0, 0, 1.03563e-27, 0, 0, 0.102745, 2.89668e-18, 0, 39.8251, 0.932068, 0.5661, 292.047
4427, 2.23984e-17, 0.0428034, 0.0597935, 0, 0, 4.634e-27, 0, 0, 0.102597, 1.28168e-17, 0, 38.3375, 0.931986, 0.576977, 291.972
4428, 4.56447e-17, 0.0391328, 0.0634751, 0, 0, 9.56744e-27, 0, 0, 0.102608, 2.61751e-17, 0, 37.6256, 0.931904, 0.576835, 291.939
4429, 6.91753e-17, 0.0453036, 0.0577499, 0, 0, 1.61218e-26, 0, 0, 0.103054, 3.98333e-17, 0, 37.2099, 0.931822, 0.566912, 292.016
4430, 2.64523e-16, 0.0470565, 0.056173, 0, 0, 6.86122e-26, 0, 0, 0.10323, 1.52309e-16, 0, 35.8686, 0.93174, 0.563796, 292.025
4431, 8.1792e-16, 0.0397707, 0.0632624, 0, 0, 2.14819e-25, 0, 0, 0.103033, 4.69528e-16, 0, 34.7398, 0.931658, 0.571108, 291.939
4432, 1.13368e-15, 0.039043, 0.0640948, 0, 0, 2.99081e-25, 0, 0, 0.103138, 6.48509e-16, 0, 34.4133, 0.931576, 0.572679, 291.929
4433, 8.92505e-16, 0.0470473, 0.056481, 0, 0, 2.46049e-25, 0, 0, 0.103528, 5.09456e-16, 0, 34.6525, 0.931494, 0.568732, 291.992
4434, 1.52803e-15, 0.047017, 0.0566069, 0, 0, 4.64553e-25, 0, 0, 0.103624, 8.77413e-16, 0, 34.1148, 0.931412, 0.566134, 291.98
4435, 3.17022e-15, 0.0387741, 0.0647244, 0, 0, 9.77414e-25, 0, 0, 0.103499, 1.82643e-15, 0, 33.385, 0.93133, 0.564078, 291.912
4436, 3.18296e-15, 0.0389431, 0.064711, 0, 0, 9.77336e-25, 0, 0, 0.103654, 1.83419e-15, 0, 33.381, 0.931248, 0.56376, 291.915
4437, 2.49805e-15, 0.0449428, 0.0590339, 0, 0, 7.43705e-25, 0, 0, 0.103977, 1.41779e-15, 0, 33.6233, 0.931166, 0.567261, 291.961
4438, 4.34918e-15, 0.0415371, 0.0625129, 0, 0, 1.25395e-24, 0, 0, 0.10405, 2.42517e-15, 0, 33.0688, 0.931084, 0.572951, 291.943
4439, 5.75996e-15, 0.0345055, 0.0695145, 0, 0, 1.65159e-24, 0, 0, 0.10402, 3.20506e-15, 0, 32.7878, 0.931002, 0.567941, 291.899
4440, 4.97568e-15, 0.0373877, 0.0668295, 0, 0, 1.57315e-24, 0, 0, 0.104217, 2.81998e-15, 0, 32.9342, 0.93092, 0.556773, 291.913
4441, 1.37367e-14, 0.0431868, 0.0613322, 0, 0, 5.16321e-24, 0, 0, 0.104519, 8.04896e-15, 0, 31.9187, 0.930838, 0.557229, 291.953
4442, 4.20234e-14, 0.0387425, 0.065846, 0, 0, 1.5937e-23, 0, 0, 0.104588, 2.46804e-14, 0, 30.8005, 0.930756, 0.570474, 291.934
4443, 5.75068e-14, 0.0321346, 0.0724548, 0, 0, 2.16199e-23, 0, 0, 0.104589, 3.37285e-14, 0, 30.4869, 0.930674, 0.574534, 291.898
4444, 3.84692e-14, 0.0350737, 0.0697343, 0, 0, 1.42301e-23, 0, 0, 0.104808, 2.22791e-14, 0, 30.8889, 0.930592, 0.561688, 291.917
4445, 4.00383e-14, 0.0399596, 0.0651268, 0, 0, 1.44071e-23, 0, 0, 0.105086, 2.18643e-14, 0, 30.8489, 0.93051, 0.552768, 291.951
4446, 7.76413e-14, 0.0356757, 0.0694549, 0, 0, 2.76393e-23, 0, 0, 0.105131, 4.15714e-14, 0, 30.1867, 0.930428, 0.560659, 291.926
4447, 8.58936e-14, 0.0302116, 0.0749261, 0, 0, 3.01586e-23, 0, 0, 0.105138, 4.62268e-14, 0, 30.0857, 0.930346, 0.571139, 291.892
4448, 5.47317e-14, 0.0328305, 0.0725299, 0, 0, 1.90119e-23, 0, 0, 0.10536, 3.00995e-14, 0, 30.5363, 0.930264, 0.568848, 291.912
4449, 4.00495e-14, 0.0370205, 0.0685985, 0, 0, 1.5011e-23, 0, 0, 0.105619, 2.26555e-14, 0, 30.8487, 0.930182, 0.556794, 291.94
4450, 6.28925e-14, 0.0338963, 0.0717586, 0, 0, 2.64498e-23, 0, 0, 0.105655, 3.60712e-14, 0, 30.3974, 0.9301, 0.554456, 291.913
4451, 8.89165e-14, 0.0299559, 0.0757116, 0, 0, 3.96823e-23, 0, 0, 0.105667, 5.15061e-14, 0, 30.0511, 0.930018, 0.561603, 291.88
4452, 7.0158e-14, 0.0324972, 0.0733728, 0, 0, 3.20004e-23, 0, 0, 0.10587, 4.08145e-14, 0, 30.288, 0.929936, 0.563441, 291.895
4453, 3.27057e-14, 0.0360983, 0.0700013, 0, 0, 1.43364e-23, 0, 0, 0.1061, 1.86254e-14, 0, 31.0512, 0.929854, 0.561489, 291.916
4454, 3.16785e-14, 0.032758, 0.0734087, 0, 0, 1.20896e-23, 0, 0, 0.106167, 1.67158e-14, 0, 31.0831, 0.929772, 0.560408, 291.897
4455, 5.00788e-14, 0.0283552, 0.0778696, 0, 0, 1.85844e-23, 0, 0, 0.106225, 2.63225e-14, 0, 30.6252, 0.92969, 0.556582, 291.875
4456, 4.48581e-14, 0.0306446, 0.0757525, 0, 0, 1.65355e-23, 0, 0, 0.106397, 2.41609e-14, 0, 30.7353, 0.929608, 0.556141, 291.882
4457, 2.58688e-14, 0.0356941, 0.0708862, 0, 0, 9.91171e-24, 0, 0, 0.10658, 1.44696e-14, 0, 31.2857, 0.929526, 0.556259, 291.892
4458, 4.93404e-14, 0.034243, 0.0724125, 0, 0, 2.22186e-23, 0, 0, 0.106655, 2.85516e-14, 0, 30.64, 0.929444, 0.558369, 291.874
4459, 1.61881e-13, 0.0297191, 0.0770026, 0, 0, 7.52514e-23, 0, 0, 0.106722, 9.39147e-14, 0, 29.4519, 0.929362, 0.566608, 291.855
4460, 2.52689e-13, 0.0303082, 0.0765795, 0, 0, 1.18505e-22, 0, 0, 0.106888, 1.46623e-13, 0, 29.0066, 0.92928, 0.562967, 291.86
4461, 1.9403e-13, 0.0338534, 0.0732282, 0, 0, 9.03925e-23, 0, 0, 0.107082, 1.123e-13, 0, 29.2708, 0.929198, 0.550694, 291.872
4462, 1.77725e-13, 0.0319203, 0.0752809, 0, 0, 7.74026e-23, 0, 0, 0.107201, 1.00742e-13, 0, 29.3585, 0.929116, 0.552255, 291.866
4463, 3.06639e-13, 0.0271351, 0.0801496, 0, 0, 1.26791e-22, 0, 0, 0.107285, 1.69081e-13, 0, 28.8131, 0.929034, 0.561253, 291.85
4464, 3.68005e-13, 0.0269761, 0.0803887, 0, 0, 1.49157e-22, 0, 0, 0.107365, 1.98761e-13, 0, 28.6307, 0.928952, 0.558034, 291.834
4465, 2.32846e-13, 0.030408, 0.0770372, 0, 0, 9.33333e-23, 0, 0, 0.107445, 1.24182e-13, 0, 29.0884, 0.92887, 0.543123, 291.818
4466, 1.23643e-13, 0.0306082, 0.0769902, 0, 0, 4.87808e-23, 0, 0, 0.107598, 6.68506e-14, 0, 29.7214, 0.928788, 0.528167, 291.82
4467, 1.36794e-13, 0.0273414, 0.0804652, 0, 0, 5.36209e-23, 0, 0, 0.107807, 7.53031e-14, 0, 29.6203, 0.928706, 0.528396, 291.836
4468, 1.41897e-13, 0.026623, 0.0813378, 0, 0, 5.611e-23, 0, 0, 0.107961, 7.73602e-14, 0, 29.5837, 0.928624, 0.542409, 291.838
4469, 1.84361e-13, 0.0288317, 0.0792199, 0, 0, 7.4996e-23, 0, 0, 0.108052, 9.45571e-14, 0, 29.3219, 0.928542, 0.550984, 291.824
4470, 5.02423e-13, 0.0292112, 0.0789508, 0, 0, 2.09567e-22, 0, 0, 0.108162, 2.50984e-13, 0, 28.3193, 0.92846, 0.542356, 291.816
4471, 8.43716e-13, 0.0266073, 0.0817295, 0, 0, 3.56721e-22, 0, 0, 0.108337, 4.25276e-13, 0, 27.801, 0.928378, 0.529664, 291.823
4472, 6.22372e-13, 0.025391, 0.0831409, 0, 0, 2.65121e-22, 0, 0, 0.108532, 3.17502e-13, 0, 28.1052, 0.928296, 0.533805, 291.835
4473, 2.63035e-13, 0.0267902, 0.0818819, 0, 0, 1.08137e-22, 0, 0, 0.108672, 1.35185e-13, 0, 28.9665, 0.928214, 0.545109, 291.833
4474, 4.21116e-13, 0.0276622, 0.0811046, 0, 0, 1.5634e-22, 0, 0, 0.108767, 2.13454e-13, 0, 28.4959, 0.928132, 0.546003, 291.821
4475, 1.07524e-12, 0.0256711, 0.0832174, 0, 0, 4.0504e-22, 0, 0, 0.108888, 5.48633e-13, 0, 27.5585, 0.92805, 0.541629, 291.815
4476, 1.60511e-12, 0.023693, 0.085344, 0, 0, 6.47922e-22, 0, 0, 0.109037, 8.42581e-13, 0, 27.1578, 0.927968, 0.538536, 291.815
4477, 1.53225e-12, 0.0240829, 0.0851068, 0, 0, 6.69742e-22, 0, 0, 0.10919, 8.33114e-13, 0, 27.2043, 0.927886, 0.5346, 291.816
4478, 9.49764e-13, 0.0253167, 0.0840413, 0, 0, 4.25774e-22, 0, 0, 0.109358, 5.23359e-13, 0, 27.6826, 0.927804, 0.536489, 291.822
4479, 6.84565e-13, 0.0245219, 0.0850102, 0, 0, 2.8633e-22, 0, 0, 0.109532, 3.63856e-13, 0, 28.01, 0.927722, 0.544171, 291.828
4480, 1.05015e-12, 0.022763, 0.0869119, 0, 0, 4.25678e-22, 0, 0, 0.109675, 5.38284e-13, 0, 27.5821, 0.92764, 0.541756, 291.827
4481, 1.5656e-12, 0.022979, 0.0867987, 0, 0, 6.42271e-22, 0, 0, 0.109778, 7.89975e-13, 0, 27.1828, 0.927558, 0.537964, 291.817
4482, 1.77878e-12, 0.024273, 0.0856094, 0, 0, 7.31273e-22, 0, 0, 0.109882, 8.93942e-13, 0, 27.0551, 0.927476, 0.541903, 291.806
4483, 2.0699e-12, 0.0236401, 0.0863898, 0, 0, 8.61831e-22, 0, 0, 0.11003, 1.06969e-12, 0, 26.9035, 0.927394, 0.544174, 291.806
4484, 2.93021e-12, 0.0213079, 0.0888817, 0, 0, 1.2672e-21, 0, 0, 0.11019, 1.58576e-12, 0, 26.5559, 0.927312, 0.541649, 291.809
4485, 3.53989e-12, 0.0197885, 0.090552, 0, 0, 1.55613e-21, 0, 0, 0.11034, 1.95737e-12, 0, 26.3669, 0.92723, 0.538518, 291.81
4486, 3.53166e-12, 0.0195742, 0.0909107, 0, 0, 1.56249e-21, 0, 0, 0.110485, 1.95999e-12, 0, 26.3693, 0.927148, 0.544278, 291.81
4487, 3.26759e-12, 0.0197703, 0.0908674, 0, 0, 1.48003e-21, 0, 0, 0.110638, 1.81276e-12, 0, 26.447, 0.927066, 0.550229, 291.811
4488, 3.42373e-12, 0.0193718, 0.0914285, 0, 0, 1.62743e-21, 0, 0, 0.1108, 1.89437e-12, 0, 26.4003, 0.926984, 0.542267, 291.814
4489, 4.56056e-12, 0.0187931, 0.0921555, 0, 0, 2.38613e-21, 0, 0, 0.110949, 2.51094e-12, 0, 26.1136, 0.926902, 0.529388, 291.814
4490, 8.44374e-12, 0.0181985, 0.0928106, 0, 0, 4.86571e-21, 0, 0, 0.111009, 4.62262e-12, 0, 25.4976, 0.92682, 0.530063, 291.794
4491, 1.46664e-11, 0.0176421, 0.0933692, 0, 0, 8.87487e-21, 0, 0, 0.111011, 7.93239e-12, 0, 24.9455, 0.926738, 0.539678, 291.759
4492, 2.10987e-11, 0.0172009, 0.0938503, 0, 0, 1.32319e-20, 0, 0, 0.111051, 1.12591e-11, 0, 24.5818, 0.926656, 0.543619, 291.733
4493, 2.96211e-11, 0.0162515, 0.0948184, 0, 0, 1.92269e-20, 0, 0, 0.11107, 1.58558e-11, 0, 24.2425, 0.926574, 0.540498, 291.702
4494, 3.97307e-11, 0.015094, 0.0959365, 0, 0, 2.65853e-20, 0, 0, 0.111031, 2.13805e-11, 0, 23.9489, 0.926492, 0.533363, 291.657
4495, 5.09248e-11, 0.0144007, 0.0966201, 0, 0, 3.72318e-20, 0, 0, 0.111021, 2.70069e-11, 0, 23.7007, 0.92641, 0.524337, 291.62
4496, 7.63563e-11, 0.0140522, 0.0969103, 0, 0, 6.48725e-20, 0, 0, 0.110962, 4.00442e-11, 0, 23.2956, 0.926328, 0.525887, 291.57
4497, 1.01314e-10, 0.013664, 0.0972119, 0, 0, 9.03039e-20, 0, 0, 0.110876, 5.36369e-11, 0, 23.0128, 0.926246, 0.537528, 291.514
4498, 9.4654e-11, 0.0135536, 0.0974639, 0, 0, 8.00594e-20, 0, 0, 0.111017, 5.10442e-11, 0, 23.0808, 0.926165, 0.546246, 291.513
4499, 7.52342e-11, 0.0139684, 0.0973632, 0, 0, 5.79583e-20, 0, 0, 0.111332, 4.11495e-11, 0, 23.3104, 0.92609, 0.544053, 291.553
4500, 5.79358e-11, 0.0147359, 0.0969577, 0, 0, 4.10942e-20, 0, 0, 0.111694, 3.15546e-11, 0, 23.5717, 0.926036, 0.530917, 291.604
4501, 4.61535e-11, 0.0153402, 0.0966482, 0, 0, 3.00358e-20, 0, 0, 0.111988, 2.48878e-11, 0, 23.799, 0.926013, 0.526785, 291.639
4502, 4.46613e-11, 0.0156088, 0.096551, 0, 0, 2.84008e-20, 0, 0, 0.11216, 2.439e-11, 0, 23.8319, 0.926009, 0.540501, 291.644
4503, 4.15535e-11, 0.0158653, 0.0964944, 0, 0, 2.68485e-20, 0, 0, 0.11236, 2.29752e-11, 0, 23.904, 0.926012, 0.547251, 291.656
4504, 3.01018e-11, 0.0163655, 0.0962861, 0, 0, 1.91675e-20, 0, 0, 0.112652, 1.6611e-11, 0, 24.2264, 0.926016, 0.539462, 291.69
4505, 1.85644e-11, 0.0172008, 0.0957479, 0, 0, 1.1131e-20, 0, 0, 0.112949, 1.01112e-11, 0, 24.7098, 0.92602, 0.526089, 291.725
4506, 1.09152e-11, 0.0183992, 0.0948226, 0, 0, 5.98444e-21, 0, 0, 0.113222, 5.85112e-12, 0, 25.2409, 0.926024, 0.520172, 291.754
4507, 8.22075e-12, 0.0195177, 0.0939106, 0, 0, 4.33069e-21, 0, 0, 0.113428, 4.42522e-12, 0, 25.5244, 0.926028, 0.527209, 291.768
4508, 1.02793e-11, 0.0195962, 0.093956, 0, 0, 5.65983e-21, 0, 0, 0.113552, 5.64058e-12, 0, 25.3009, 0.926032, 0.53489, 291.762
4509, 1.57427e-11, 0.0188838, 0.0947237, 0, 0, 8.89875e-21, 0, 0, 0.113607, 8.68881e-12, 0, 24.8746, 0.926036, 0.53371, 291.74
4510, 2.13371e-11, 0.01849, 0.0951561, 0, 0, 1.20384e-20, 0, 0, 0.113646, 1.17228e-11, 0, 24.5706, 0.92604, 0.531726, 291.714
4511, 2.39105e-11, 0.0185748, 0.0951557, 0, 0, 1.31078e-20, 0, 0, 0.113731, 1.28955e-11, 0, 24.4567, 0.926044, 0.530197, 291.698
4512, 2.39521e-11, 0.0187846, 0.0950835, 0, 0, 1.26475e-20, 0, 0, 0.113868, 1.25027e-11, 0, 24.455, 0.926048, 0.527095, 291.695
4513, 2.21649e-11, 0.0190565, 0.0949969, 0, 0, 1.14461e-20, 0, 0, 0.114053, 1.11519e-11, 0, 24.5325, 0.926052, 0.522978, 291.704
4514, 1.95597e-11, 0.019348, 0.0949068, 0, 0, 1.01242e-20, 0, 0, 0.114255, 9.79956e-12, 0, 24.6575, 0.926056, 0.525131, 291.716
4515, 1.57808e-11, 0.0198887, 0.0945863, 0, 0, 8.33381e-21, 0, 0, 0.114475, 8.20661e-12, 0, 24.8722, 0.92606, 0.53101, 291.732
4516, 1.31346e-11, 0.0203546, 0.0943089, 0, 0, 7.06695e-21, 0, 0, 0.114664, 7.08687e-12, 0, 25.0558, 0.926064, 0.531732, 291.741
4517, 1.1731e-11, 0.0203214, 0.0944903, 0, 0, 6.23414e-21, 0, 0, 0.114812, 6.40965e-12, 0, 25.1688, 0.926068, 0.530508, 291.74
4518, 9.83283e-12, 0.0203293, 0.0946467, 0, 0, 4.90457e-21, 0, 0, 0.114976, 5.34754e-12, 0, 25.3453, 0.926072, 0.529171, 291.744
4519, 8.60428e-12, 0.0206498, 0.0944958, 0, 0, 3.94959e-21, 0, 0, 0.115146, 4.59526e-12, 0, 25.4788, 0.926076, 0.529085, 291.748
4520, 9.61508e-12, 0.0215135, 0.0937747, 0, 0, 4.44345e-21, 0, 0, 0.115288, 5.04631e-12, 0, 25.3677, 0.92608, 0.529702, 291.746
4521, 1.28267e-11, 0.0226638, 0.0927192, 0, 0, 6.27752e-21, 0, 0, 0.115383, 6.68739e-12, 0, 25.0795, 0.926084, 0.52398, 291.733
4522, 1.76561e-11, 0.0227573, 0.0926901, 0, 0, 9.10623e-21, 0, 0, 0.115447, 9.26524e-12, 0, 24.7599, 0.926088, 0.517979, 291.713
4523, 2.19084e-11, 0.0214315, 0.0940947, 0, 0, 1.15086e-20, 0, 0, 0.115526, 1.1543e-11, 0, 24.5442, 0.926092, 0.522652, 291.697
4524, 2.15007e-11, 0.0206691, 0.0950217, 0, 0, 1.10707e-20, 0, 0, 0.115691, 1.11247e-11, 0, 24.5629, 0.926096, 0.522752, 291.7
4525, 1.98721e-11, 0.0205548, 0.0953285, 0, 0, 1.00385e-20, 0, 0, 0.115883, 1.01091e-11, 0, 24.6417, 0.9261, 0.512219, 291.709
4526, 1.8255e-11, 0.0211185, 0.0949653, 0, 0, 9.38589e-21, 0, 0, 0.116084, 9.41329e-12, 0, 24.7266, 0.926104, 0.503074, 291.721
4527, 1.96564e-11, 0.0217475, 0.0944869, 0, 0, 1.05432e-20, 0, 0, 0.116234, 1.03271e-11, 0, 24.6526, 0.926108, 0.49828, 291.721
4528, 2.77351e-11, 0.0212453, 0.0950139, 0, 0, 1.53923e-20, 0, 0, 0.116259, 1.47056e-11, 0, 24.3083, 0.926112, 0.506194, 291.691
4529, 3.42524e-11, 0.0200593, 0.0962368, 0, 0, 1.93087e-20, 0, 0, 0.116296, 1.82472e-11, 0, 24.0973, 0.926116, 0.523085, 291.665
4530, 3.229e-11, 0.0199238, 0.096543, 0, 0, 1.84073e-20, 0, 0, 0.116467, 1.72411e-11, 0, 24.1563, 0.92612, 0.52751, 291.669
4531, 2.56524e-11, 0.0207629, 0.0959517, 0, 0, 1.44641e-20, 0, 0, 0.116715, 1.36283e-11, 0, 24.3864, 0.926124, 0.514216, 291.692
4532, 1.73134e-11, 0.021599, 0.0953986, 0, 0, 9.18689e-21, 0, 0, 0.116998, 8.92022e-12, 0, 24.7795, 0.926128, 0.499306, 291.722
4533, 1.32883e-11, 0.0222182, 0.0950106, 0, 0, 6.6002e-21, 0, 0, 0.117229, 6.57039e-12, 0, 25.0441, 0.926132, 0.501331, 291.74
4534, 1.11427e-11, 0.0241482, 0.0933025, 0, 0, 5.51656e-21, 0, 0, 0.117451, 5.51584e-12, 0, 25.2202, 0.926136, 0.513413, 291.756
4535, 1.38917e-11, 0.0243192, 0.0932445, 0, 0, 7.14834e-21, 0, 0, 0.117564, 6.94023e-12, 0, 24.9997, 0.92614, 0.520962, 291.747
4536, 2.62484e-11, 0.021388, 0.0961039, 0, 0, 1.40702e-20, 0, 0, 0.117492, 1.30184e-11, 0, 24.3634, 0.926144, 0.522893, 291.696
4537, 3.76928e-11, 0.0191537, 0.098307, 0, 0, 2.07104e-20, 0, 0, 0.117461, 1.86166e-11, 0, 24.0016, 0.926148, 0.519797, 291.654
4538, 3.94778e-11, 0.0187442, 0.0988528, 0, 0, 2.21782e-20, 0, 0, 0.117597, 1.93909e-11, 0, 23.9553, 0.926152, 0.511346, 291.65
4539, 4.48057e-11, 0.0186095, 0.0990968, 0, 0, 2.7178e-20, 0, 0, 0.117706, 2.25611e-11, 0, 23.8287, 0.926156, 0.507771, 291.64
4540, 6.43693e-11, 0.018397, 0.0992879, 0, 0, 4.37162e-20, 0, 0, 0.117685, 3.39835e-11, 0, 23.4664, 0.92616, 0.516003, 291.601
4541, 8.54851e-11, 0.0180502, 0.0996007, 0, 0, 6.15596e-20, 0, 0, 0.117651, 4.58758e-11, 0, 23.1827, 0.926164, 0.517755, 291.558
4542, 9.43046e-11, 0.0181123, 0.099641, 0, 0, 7.0124e-20, 0, 0, 0.117753, 5.05901e-11, 0, 23.0845, 0.926168, 0.514534, 291.547
4543, 8.78321e-11, 0.0189218, 0.0990917, 0, 0, 6.65373e-20, 0, 0, 0.118014, 4.70811e-11, 0, 23.1556, 0.926172, 0.518382, 291.572
4544, 5.53845e-11, 0.0211913, 0.0973402, 0, 0, 4.18314e-20, 0, 0, 0.118532, 2.9553e-11, 0, 23.6167, 0.926176, 0.515732, 291.655
4545, 3.81489e-11, 0.0221109, 0.0967741, 0, 0, 2.79386e-20, 0, 0, 0.118885, 1.96609e-11, 0, 23.9895, 0.92618, 0.502775, 291.7
4546, 5.95799e-11, 0.02028, 0.0985415, 0, 0, 4.28444e-20, 0, 0, 0.118821, 2.99132e-11, 0, 23.5437, 0.926184, 0.497684, 291.651
4547, 8.08601e-11, 0.0183732, 0.100361, 0, 0, 5.8315e-20, 0, 0, 0.118734, 4.09785e-11, 0, 23.2383, 0.926188, 0.508679, 291.597
4548, 7.684e-11, 0.0179726, 0.100927, 0, 0, 5.57641e-20, 0, 0, 0.118899, 3.99175e-11, 0, 23.2893, 0.926192, 0.522239, 291.6
4549, 7.33542e-11, 0.0175248, 0.101512, 0, 0, 5.27268e-20, 0, 0, 0.119037, 3.83568e-11, 0, 23.3357, 0.926196, 0.521788, 291.596
4550, 7.18797e-11, 0.0171381, 0.102014, 0, 0, 4.89149e-20, 0, 0, 0.119152, 3.61494e-11, 0, 23.356, 0.9262, 0.508437, 291.588
4551, 7.36449e-11, 0.016992, 0.102267, 0, 0, 4.73433e-20, 0, 0, 0.119259, 3.55907e-11, 0, 23.3318, 0.926204, 0.497106, 291.577
4552, 7.77832e-11, 0.0170547, 0.102324, 0, 0, 5.16092e-20, 0, 0, 0.119379, 3.81816e-11, 0, 23.2771, 0.926208, 0.496857, 291.57
4553, 9.24512e-11, 0.0167667, 0.102664, 0, 0, 6.74325e-20, 0, 0, 0.119431, 4.71528e-11, 0, 23.1043, 0.926212, 0.506546, 291.547
4554, 1.05774e-10, 0.016381, 0.103114, 0, 0, 7.97086e-20, 0, 0, 0.119495, 5.47747e-11, 0, 22.9697, 0.926216, 0.514905, 291.527
4555, 1.14753e-10, 0.0163509, 0.103247, 0, 0, 8.61827e-20, 0, 0, 0.119598, 6.02738e-11, 0, 22.8882, 0.92622, 0.519972, 291.515
4556, 1.29741e-10, 0.0169022, 0.1028, 0, 0, 1.01027e-19, 0, 0, 0.119702, 6.84647e-11, 0, 22.7655, 0.926224, 0.516412, 291.504
4557, 1.46927e-10, 0.0175942, 0.102241, 0, 0, 1.22634e-19, 0, 0, 0.119836, 7.60269e-11, 0, 22.6411, 0.926228, 0.506686, 291.5
4558, 1.61504e-10, 0.0173235, 0.102614, 0, 0, 1.41111e-19, 0, 0, 0.119938, 8.20308e-11, 0, 22.5465, 0.926232, 0.504159, 291.488
4559, 1.54736e-10, 0.0170102, 0.103158, 0, 0, 1.413e-19, 0, 0, 0.120168, 7.9226e-11, 0, 22.5893, 0.926236, 0.508088, 291.506
4560, 1.73599e-10, 0.0164911, 0.10371, 0, 0, 1.68456e-19, 0, 0, 0.120201, 8.98489e-11, 0, 22.4743, 0.92624, 0.51598, 291.479
4561, 2.24937e-10, 0.0158665, 0.104159, 0, 0, 2.26286e-19, 0, 0, 0.120026, 1.1288e-10, 0, 22.2152, 0.926244, 0.515179, 291.405
4562, 2.73728e-10, 0.0153508, 0.104537, 0, 0, 2.81284e-19, 0, 0, 0.119888, 1.33249e-10, 0, 22.0189, 0.926248, 0.502414, 291.34
4563, 2.86004e-10, 0.0152069, 0.104759, 0, 0, 2.97058e-19, 0, 0, 0.119966, 1.41529e-10, 0, 21.975, 0.926252, 0.500264, 291.323
4564, 2.85558e-10, 0.0150919, 0.105019, 0, 0, 2.97665e-19, 0, 0, 0.120111, 1.45684e-10, 0, 21.9766, 0.926256, 0.51007, 291.321
4565, 2.33576e-10, 0.0154274, 0.105158, 0, 0, 2.38389e-19, 0, 0, 0.120585, 1.19136e-10, 0, 22.1775, 0.92626, 0.511849, 291.393
4566, 1.7337e-10, 0.0158751, 0.10523, 0, 0, 1.68622e-19, 0, 0, 0.121105, 8.66056e-11, 0, 22.4756, 0.926264, 0.502456, 291.475
4567, 1.85439e-10, 0.0157776, 0.105413, 0, 0, 1.83332e-19, 0, 0, 0.12119, 9.34351e-11, 0, 22.4083, 0.926268, 0.496344, 291.459
4568, 2.4377e-10, 0.0151728, 0.105786, 0, 0, 2.48634e-19, 0, 0, 0.120959, 1.26048e-10, 0, 22.1348, 0.926272, 0.500669, 291.373
4569, 2.62128e-10, 0.014626, 0.10628, 0, 0, 2.58451e-19, 0, 0, 0.120906, 1.35746e-10, 0, 22.0622, 0.926276, 0.50447, 291.327
4570, 2.24428e-10, 0.015117, 0.106146, 0, 0, 2.07416e-19, 0, 0, 0.121263, 1.13971e-10, 0, 22.2175, 0.92628, 0.504095, 291.372
4571, 1.83622e-10, 0.0176659, 0.104088, 0, 0, 1.68509e-19, 0, 0, 0.121754, 9.19223e-11, 0, 22.4181, 0.926284, 0.506264, 291.447
4572, 1.26765e-10, 0.0224739, 0.0999269, 0, 0, 1.19544e-19, 0, 0, 0.122401, 6.40435e-11, 0, 22.7887, 0.926288, 0.506523, 291.556
4573, 1.11029e-10, 0.023492, 0.0992021, 0, 0, 1.0426e-19, 0, 0, 0.122694, 5.73809e-11, 0, 22.9212, 0.926292, 0.501389, 291.587
4574, 1.64395e-10, 0.0191886, 0.103234, 0, 0, 1.52484e-19, 0, 0, 0.122423, 8.51711e-11, 0, 22.5287, 0.926296, 0.501768, 291.492
4575, 1.97064e-10, 0.0165761, 0.105744, 0, 0, 1.80782e-19, 0, 0, 0.12232, 1.00826e-10, 0, 22.3475, 0.9263, 0.500381, 291.436
4576, 1.8525e-10, 0.0166242, 0.105956, 0, 0, 1.77344e-19, 0, 0, 0.12258, 9.35883e-11, 0, 22.4093, 0.926304, 0.499086, 291.459
4577, 2.30579e-10, 0.0159336, 0.106542, 0, 0, 2.4998e-19, 0, 0, 0.122476, 1.16501e-10, 0, 22.1904, 0.926308, 0.506839, 291.402
4578, 3.27102e-10, 0.014499, 0.107518, 0, 0, 3.62915e-19, 0, 0, 0.122017, 1.63661e-10, 0, 21.8407, 0.926312, 0.507293, 291.266
4579, 3.30854e-10, 0.0141037, 0.107988, 0, 0, 3.51324e-19, 0, 0, 0.122091, 1.63261e-10, 0, 21.8293, 0.926316, 0.496818, 291.248
4580, 2.83912e-10, 0.0144055, 0.108097, 0, 0, 3.04955e-19, 0, 0, 0.122503, 1.40911e-10, 0, 21.9824, 0.92632, 0.491109, 291.305
4581, 3.19563e-10, 0.0143146, 0.108201, 0, 0, 3.80203e-19, 0, 0, 0.122516, 1.60525e-10, 0, 21.8641, 0.926324, 0.49611, 291.274
4582, 4.14145e-10, 0.0143993, 0.107891, 0, 0, 5.44471e-19, 0, 0, 0.12229, 2.06615e-10, 0, 21.6048, 0.926328, 0.499169, 291.19
4583, 4.41138e-10, 0.0165357, 0.105974, 0, 0, 6.31151e-19, 0, 0, 0.122509, 2.19786e-10, 0, 21.5417, 0.926332, 0.497568, 291.204
4584, 3.72145e-10, 0.0196197, 0.103545, 0, 0, 5.58109e-19, 0, 0, 0.123164, 1.8608e-10, 0, 21.7117, 0.926336, 0.49303, 291.314
4585, 3.88679e-10, 0.0187693, 0.104448, 0, 0, 5.82212e-19, 0, 0, 0.123218, 1.94002e-10, 0, 21.6683, 0.92634, 0.489404, 291.292
4586, 4.37269e-10, 0.0156561, 0.10732, 0, 0, 6.16228e-19, 0, 0, 0.122976, 2.1836e-10, 0, 21.5505, 0.926344, 0.490468, 291.205
4587, 4.17948e-10, 0.0144259, 0.108688, 0, 0, 5.39349e-19, 0, 0, 0.123114, 2.09135e-10, 0, 21.5957, 0.926348, 0.489839, 291.201
4588, 4.23926e-10, 0.0142673, 0.108998, 0, 0, 5.66756e-19, 0, 0, 0.123265, 2.0918e-10, 0, 21.5815, 0.926352, 0.48452, 291.2
4589, 5.38371e-10, 0.0138205, 0.109176, 0, 0, 8.3192e-19, 0, 0, 0.122996, 2.57431e-10, 0, 21.3425, 0.926356, 0.477732, 291.107
4590, 6.8577e-10, 0.0132081, 0.109328, 0, 0, 1.14523e-18, 0, 0, 0.122536, 3.26366e-10, 0, 21.1005, 0.92636, 0.480573, 290.972
4591, 7.85128e-10, 0.0127744, 0.109462, 0, 0, 1.38223e-18, 0, 0, 0.122237, 3.8549e-10, 0, 20.9652, 0.926364, 0.495511, 290.872
4592, 8.45477e-10, 0.0125429, 0.109569, 0, 0, 1.54138e-18, 0, 0, 0.122112, 4.25026e-10, 0, 20.8911, 0.926368, 0.504029, 290.811
4593, 7.79337e-10, 0.0127249, 0.109748, 0, 0, 1.32617e-18, 0, 0, 0.122473, 3.89185e-10, 0, 20.9726, 0.926372, 0.497867, 290.856
4594, 6.49216e-10, 0.0133435, 0.10983, 0, 0, 9.77221e-19, 0, 0, 0.123173, 3.16309e-10, 0, 21.1553, 0.926376, 0.483886, 290.976
4595, 5.78119e-10, 0.0138237, 0.109859, 0, 0, 8.35075e-19, 0, 0, 0.123683, 2.77556e-10, 0, 21.2712, 0.92638, 0.473088, 291.054
4596, 6.57011e-10, 0.0135791, 0.109987, 0, 0, 1.00922e-18, 0, 0, 0.123566, 3.18331e-10, 0, 21.1433, 0.926384, 0.476537, 290.995
4597, 7.5942e-10, 0.0132961, 0.110083, 0, 0, 1.21622e-18, 0, 0, 0.123379, 3.73243e-10, 0, 20.9985, 0.926388, 0.490227, 290.92
4598, 8.0846e-10, 0.0131338, 0.110212, 0, 0, 1.29569e-18, 0, 0, 0.123346, 4.01221e-10, 0, 20.9359, 0.926392, 0.499051, 290.879
4599, 9.01003e-10, 0.0127114, 0.110374, 0, 0, 1.44892e-18, 0, 0, 0.123086, 4.46018e-10, 0, 20.8275, 0.926396, 0.497405, 290.788
4600, 9.44572e-10, 0.0125308, 0.110514, 0, 0, 1.54143e-18, 0, 0, 0.123044, 4.64933e-10, 0, 20.7803, 0.9264, 0.491992, 290.745
4601, 8.3853e-10, 0.0130664, 0.11059, 0, 0, 1.35957e-18, 0, 0, 0.123657, 4.0956e-10, 0, 20.8994, 0.926404, 0.483051, 290.845
4602, 6.28214e-10, 0.0142103, 0.110558, 0, 0, 9.9183e-19, 0, 0, 0.124769, 3.03785e-10, 0, 21.1881, 0.926408, 0.475093, 291.054
4603, 5.25455e-10, 0.014917, 0.110536, 0, 0, 8.69131e-19, 0, 0, 0.125453, 2.55088e-10, 0, 21.3668, 0.926412, 0.479648, 291.168
4604, 5.7023e-10, 0.0153619, 0.110139, 0, 0, 9.99751e-19, 0, 0, 0.125501, 2.78103e-10, 0, 21.285, 0.926416, 0.486307, 291.145
4605, 5.64304e-10, 0.0167342, 0.109034, 0, 0, 1.00098e-18, 0, 0, 0.125768, 2.77259e-10, 0, 21.2954, 0.92642, 0.492652, 291.169
4606, 6.38562e-10, 0.0167641, 0.108892, 0, 0, 1.19002e-18, 0, 0, 0.125656, 3.17563e-10, 0, 21.1718, 0.926424, 0.499992, 291.111
4607, 8.90314e-10, 0.0145015, 0.110224, 0, 0, 1.70402e-18, 0, 0, 0.124725, 4.35195e-10, 0, 20.8394, 0.926428, 0.494556, 290.876
4608, 1.0221e-09, 0.0130166, 0.111231, 0, 0, 1.86634e-18, 0, 0, 0.124247, 4.84714e-10, 0, 20.7014, 0.926432, 0.477462, 290.738
4609, 9.00117e-10, 0.0132062, 0.111584, 0, 0, 1.46279e-18, 0, 0, 0.12479, 4.20306e-10, 0, 20.8285, 0.926436, 0.468172, 290.822
4610, 7.8632e-10, 0.0136537, 0.111721, 0, 0, 1.20192e-18, 0, 0, 0.125375, 3.77156e-10, 0, 20.9637, 0.92644, 0.47765, 290.915
4611, 9.25831e-10, 0.0132384, 0.111817, 0, 0, 1.57363e-18, 0, 0, 0.125055, 4.5846e-10, 0, 20.8003, 0.926444, 0.492446, 290.812
4612, 1.12822e-09, 0.0127511, 0.111823, 0, 0, 2.15752e-18, 0, 0, 0.124574, 5.58512e-10, 0, 20.6026, 0.926448, 0.49582, 290.674
4613, 1.1549e-09, 0.0130115, 0.111761, 0, 0, 2.41343e-18, 0, 0, 0.124772, 5.66502e-10, 0, 20.5793, 0.926452, 0.491099, 290.684
4614, 1.14523e-09, 0.0132861, 0.111767, 0, 0, 2.5615e-18, 0, 0, 0.125053, 5.54124e-10, 0, 20.5877, 0.926456, 0.483543, 290.711
4615, 1.21973e-09, 0.0129566, 0.111977, 0, 0, 2.83471e-18, 0, 0, 0.124934, 5.84189e-10, 0, 20.5246, 0.92646, 0.478438, 290.652
4616, 1.13854e-09, 0.0129668, 0.112324, 0, 0, 2.48012e-18, 0, 0, 0.125291, 5.4313e-10, 0, 20.5935, 0.926464, 0.477459, 290.695
4617, 8.99302e-10, 0.0136508, 0.112602, 0, 0, 1.67873e-18, 0, 0, 0.126253, 4.31554e-10, 0, 20.8294, 0.926468, 0.48133, 290.869
4618, 8.52658e-10, 0.013851, 0.11276, 0, 0, 1.59534e-18, 0, 0, 0.126611, 4.16113e-10, 0, 20.8827, 0.926472, 0.488256, 290.912
4619, 1.09281e-09, 0.0132483, 0.112756, 0, 0, 2.38255e-18, 0, 0, 0.126005, 5.29095e-10, 0, 20.6345, 0.926476, 0.486799, 290.748
4620, 1.24262e-09, 0.0134454, 0.1123, 0, 0, 2.84964e-18, 0, 0, 0.125745, 5.88742e-10, 0, 20.506, 0.92648, 0.477102, 290.659
4621, 1.04243e-09, 0.0163402, 0.110418, 0, 0, 2.37501e-18, 0, 0, 0.126758, 4.88949e-10, 0, 20.6817, 0.926484, 0.476384, 290.843
4622, 6.80612e-10, 0.0206516, 0.107736, 0, 0, 1.56864e-18, 0, 0, 0.128387, 3.21204e-10, 0, 21.108, 0.926488, 0.484179, 291.157
4623, 4.99512e-10, 0.0216457, 0.107622, 0, 0, 1.11618e-18, 0, 0, 0.129268, 2.38577e-10, 0, 21.4174, 0.926492, 0.487393, 291.31
4624, 4.79729e-10, 0.0219988, 0.107532, 0, 0, 9.68217e-19, 0, 0, 0.129531, 2.32328e-10, 0, 21.4578, 0.926496, 0.48425, 291.332
4625, 3.94059e-10, 0.0282066, 0.102042, 0, 0, 7.87038e-19, 0, 0, 0.130248, 1.91425e-10, 0, 21.6545, 0.9265, 0.475607, 291.449
4626, 3.82733e-10, 0.0322019, 0.0984412, 0, 0, 9.32354e-19, 0, 0, 0.130643, 1.83702e-10, 0, 21.6837, 0.926504, 0.472233, 291.498
4627, 6.18091e-10, 0.0251236, 0.104639, 0, 0, 1.71684e-18, 0, 0, 0.129762, 2.993e-10, 0, 21.2044, 0.926508, 0.48027, 291.28
4628, 8.97427e-10, 0.0172608, 0.11142, 0, 0, 2.56485e-18, 0, 0, 0.128681, 4.39489e-10, 0, 20.8315, 0.926512, 0.49003, 291.018
4629, 1.14248e-09, 0.0142254, 0.113645, 0, 0, 3.22219e-18, 0, 0, 0.12787, 5.52381e-10, 0, 20.5901, 0.926516, 0.487254, 290.813
4630, 1.37754e-09, 0.0131211, 0.114037, 0, 0, 3.76833e-18, 0, 0, 0.127158, 6.53911e-10, 0, 20.403, 0.92652, 0.477408, 290.628
4631, 1.50013e-09, 0.0127054, 0.11415, 0, 0, 4.04691e-18, 0, 0, 0.126856, 7.16656e-10, 0, 20.3177, 0.926524, 0.477796, 290.529
4632, 1.3661e-09, 0.0130382, 0.114369, 0, 0, 3.5011e-18, 0, 0, 0.127407, 6.64573e-10, 0, 20.4113, 0.926528, 0.482132, 290.614
4633, 1.10987e-09, 0.0137573, 0.114642, 0, 0, 2.55765e-18, 0, 0, 0.128399, 5.42771e-10, 0, 20.619, 0.926532, 0.479583, 290.792
4634, 1.12672e-09, 0.0138375, 0.114726, 0, 0, 2.74039e-18, 0, 0, 0.128563, 5.48941e-10, 0, 20.604, 0.926536, 0.480403, 290.793
4635, 1.27599e-09, 0.0139672, 0.114392, 0, 0, 3.66576e-18, 0, 0, 0.12836, 6.24416e-10, 0, 20.4795, 0.92654, 0.485218, 290.716
4636, 1.13831e-09, 0.0157766, 0.113385, 0, 0, 3.62086e-18, 0, 0, 0.129162, 5.56161e-10, 0, 20.5937, 0.926544, 0.481234, 290.853
4637, 9.77068e-10, 0.0172743, 0.112694, 0, 0, 3.21933e-18, 0, 0, 0.129969, 4.71849e-10, 0, 20.7465, 0.926548, 0.474311, 290.989
4638, 1.18192e-09, 0.0157753, 0.113621, 0, 0, 3.84116e-18, 0, 0, 0.129396, 5.64236e-10, 0, 20.5561, 0.926552, 0.473427, 290.836
4639, 1.38167e-09, 0.0139695, 0.114839, 0, 0, 4.29766e-18, 0, 0, 0.128809, 6.51134e-10, 0, 20.4, 0.926556, 0.472463, 290.678
4640, 1.21058e-09, 0.0141505, 0.115365, 0, 0, 3.55457e-18, 0, 0, 0.129515, 5.68864e-10, 0, 20.5322, 0.92656, 0.474821, 290.794
4641, 1.00186e-09, 0.0147833, 0.11557, 0, 0, 2.72154e-18, 0, 0, 0.130354, 4.75286e-10, 0, 20.7214, 0.926564, 0.479126, 290.937
4642, 1.17672e-09, 0.0142557, 0.115671, 0, 0, 3.22597e-18, 0, 0, 0.129927, 5.55368e-10, 0, 20.5605, 0.926568, 0.476382, 290.814
4643, 1.41051e-09, 0.0141048, 0.115277, 0, 0, 4.21666e-18, 0, 0, 0.129381, 6.62955e-10, 0, 20.3793, 0.926572, 0.473021, 290.666
4644, 1.24739e-09, 0.0177167, 0.112555, 0, 0, 4.0745e-18, 0, 0, 0.130272, 5.88705e-10, 0, 20.5022, 0.926576, 0.474239, 290.82
4645, 8.33611e-10, 0.0250328, 0.10704, 0, 0, 2.84418e-18, 0, 0, 0.132073, 3.93405e-10, 0, 20.9053, 0.92658, 0.47454, 291.162
4646, 7.21293e-10, 0.0266216, 0.106047, 0, 0, 2.43179e-18, 0, 0, 0.132668, 3.40933e-10, 0, 21.05, 0.926584, 0.472672, 291.252
4647, 9.43173e-10, 0.0203202, 0.111557, 0, 0, 3.08475e-18, 0, 0, 0.131877, 4.4828e-10, 0, 20.7818, 0.926588, 0.470673, 291.055
4648, 9.85865e-10, 0.0160867, 0.115596, 0, 0, 3.00323e-18, 0, 0, 0.131682, 4.65903e-10, 0, 20.7375, 0.926592, 0.465842, 290.981
4649, 9.81313e-10, 0.015044, 0.116687, 0, 0, 2.8245e-18, 0, 0, 0.131731, 4.63777e-10, 0, 20.7421, 0.926596, 0.464391, 290.958
4650, 1.33122e-09, 0.0139537, 0.11683, 0, 0, 4.36452e-18, 0, 0, 0.130783, 6.36458e-10, 0, 20.4372, 0.9266, 0.471399, 290.728
4651, 1.71923e-09, 0.0130746, 0.116766, 0, 0, 6.3736e-18, 0, 0, 0.12984, 8.18479e-10, 0, 20.1814, 0.926604, 0.474187, 290.497
4652, 1.7774e-09, 0.0130624, 0.11685, 0, 0, 6.81994e-18, 0, 0, 0.129912, 8.25047e-10, 0, 20.1481, 0.926608, 0.463162, 290.479
4653, 1.57079e-09, 0.0138003, 0.116979, 0, 0, 5.9336e-18, 0, 0, 0.13078, 7.04927e-10, 0, 20.2717, 0.926612, 0.449162, 290.628
4654, 1.21741e-09, 0.0154309, 0.116694, 0, 0, 4.45106e-18, 0, 0, 0.132125, 5.39047e-10, 0, 20.5265, 0.926616, 0.450225, 290.874
4655, 8.42674e-10, 0.0184057, 0.115138, 0, 0, 3.02114e-18, 0, 0, 0.133544, 3.82192e-10, 0, 20.8944, 0.92662, 0.464746, 291.134
4656, 5.98832e-10, 0.0225593, 0.11194, 0, 0, 2.0913e-18, 0, 0, 0.134499, 2.81552e-10, 0, 21.236, 0.926624, 0.474419, 291.296
4657, 6.11223e-10, 0.0234575, 0.111091, 0, 0, 1.9419e-18, 0, 0, 0.134549, 2.88824e-10, 0, 21.2156, 0.926628, 0.473708, 291.274
4658, 9.28847e-10, 0.0194247, 0.114211, 0, 0, 3.03916e-18, 0, 0, 0.133636, 4.35242e-10, 0, 20.7971, 0.926632, 0.469031, 291.054
4659, 1.07036e-09, 0.0189333, 0.114531, 0, 0, 3.77302e-18, 0, 0, 0.133464, 4.98267e-10, 0, 20.6553, 0.926636, 0.460618, 290.985
4660, 7.40563e-10, 0.0267149, 0.108264, 0, 0, 2.69671e-18, 0, 0, 0.134979, 3.40159e-10, 0, 21.0236, 0.92664, 0.453517, 291.262
4661, 4.07391e-10, 0.0331368, 0.103298, 0, 0, 1.51021e-18, 0, 0, 0.136435, 1.86697e-10, 0, 21.6212, 0.926644, 0.462188, 291.524
4662, 5.3954e-10, 0.0278572, 0.108212, 0, 0, 2.14549e-18, 0, 0, 0.13607, 2.52492e-10, 0, 21.3403, 0.926648, 0.474475, 291.417
4663, 1.09248e-09, 0.0190768, 0.115188, 0, 0, 4.58435e-18, 0, 0, 0.134265, 5.1145e-10, 0, 20.6348, 0.926652, 0.474693, 291.017
4664, 1.6776e-09, 0.0145636, 0.117946, 0, 0, 7.57659e-18, 0, 0, 0.132509, 7.87689e-10, 0, 20.2059, 0.926656, 0.471807, 290.624
4665, 2.0029e-09, 0.0132173, 0.11847, 0, 0, 9.69686e-18, 0, 0, 0.131687, 9.4057e-10, 0, 20.0287, 0.92666, 0.470416, 290.42
4666, 2.06456e-09, 0.0130771, 0.11862, 0, 0, 1.02307e-17, 0, 0, 0.131698, 9.52503e-10, 0, 19.9983, 0.926664, 0.462451, 290.39
4667, 1.9176e-09, 0.0134649, 0.118854, 0, 0, 9.40703e-18, 0, 0, 0.132319, 8.63145e-10, 0, 20.0722, 0.926668, 0.453186, 290.486
4668, 1.75455e-09, 0.0138651, 0.119114, 0, 0, 8.56781e-18, 0, 0, 0.132979, 7.89333e-10, 0, 20.1611, 0.926672, 0.454838, 290.589
4669, 1.77241e-09, 0.0138206, 0.11928, 0, 0, 8.76446e-18, 0, 0, 0.133101, 8.17943e-10, 0, 20.1509, 0.926676, 0.464667, 290.581
4670, 1.86618e-09, 0.0136283, 0.119363, 0, 0, 9.06143e-18, 0, 0, 0.132991, 8.7888e-10, 0, 20.0994, 0.92668, 0.472334, 290.526
4671, 1.83542e-09, 0.0141179, 0.119152, 0, 0, 8.56176e-18, 0, 0, 0.13327, 8.60454e-10, 0, 20.116, 0.926684, 0.468023, 290.55
4672, 1.47195e-09, 0.0178584, 0.11677, 0, 0, 6.61351e-18, 0, 0, 0.134628, 6.74107e-10, 0, 20.3367, 0.926688, 0.454603, 290.795
4673, 8.32782e-10, 0.0285111, 0.10848, 0, 0, 3.55252e-18, 0, 0, 0.136991, 3.70585e-10, 0, 20.9062, 0.926692, 0.446171, 291.241
4674, 3.92478e-10, 0.0392586, 0.0995035, 0, 0, 1.56364e-18, 0, 0, 0.138762, 1.73684e-10, 0, 21.6585, 0.926696, 0.4495, 291.562
4675, 4.00653e-10, 0.0360169, 0.10279, 0, 0, 1.63156e-18, 0, 0, 0.138807, 1.84549e-10, 0, 21.6379, 0.9267, 0.4581, 291.539
4676, 4.9625e-10, 0.027567, 0.11086, 0, 0, 2.0795e-18, 0, 0, 0.138427, 2.33186e-10, 0, 21.4239, 0.926704, 0.465818, 291.43
4677, 4.14111e-10, 0.0268981, 0.111916, 0, 0, 1.68923e-18, 0, 0, 0.138814, 1.96084e-10, 0, 21.6049, 0.926708, 0.469357, 291.474
4678, 2.6884e-10, 0.0323291, 0.10729, 0, 0, 1.02353e-18, 0, 0, 0.13962, 1.27175e-10, 0, 22.0369, 0.926712, 0.466514, 291.601
4679, 1.34523e-10, 0.0382883, 0.102134, 0, 0, 4.80419e-19, 0, 0, 0.140423, 6.35103e-11, 0, 22.7293, 0.926716, 0.4597, 291.727
4680, 6.40682e-11, 0.04206, 0.0989103, 0, 0, 2.10241e-19, 0, 0, 0.14097, 3.02355e-11, 0, 23.4711, 0.92672, 0.456767, 291.802
4681, 8.69745e-11, 0.0460159, 0.0952033, 0, 0, 2.50858e-19, 0, 0, 0.141219, 4.03344e-11, 0, 23.1654, 0.926724, 0.457626, 291.818
4682, 3.2207e-10, 0.0393019, 0.101133, 0, 0, 1.05159e-18, 0, 0, 0.140435, 1.48694e-10, 0, 21.8563, 0.926728, 0.45965, 291.631
4683, 9.01639e-10, 0.0247096, 0.113688, 0, 0, 3.36517e-18, 0, 0, 0.138397, 4.16997e-10, 0, 20.8268, 0.926732, 0.460888, 291.195
4684, 1.59723e-09, 0.0162597, 0.120035, 0, 0, 6.3221e-18, 0, 0, 0.136294, 7.31262e-10, 0, 20.255, 0.926736, 0.459814, 290.74
4685, 2.05955e-09, 0.0138367, 0.121256, 0, 0, 8.28547e-18, 0, 0, 0.135093, 9.30957e-10, 0, 20.0008, 0.92674, 0.456219, 290.464
4686, 2.2888e-09, 0.013281, 0.121345, 0, 0, 9.46204e-18, 0, 0, 0.134627, 1.04387e-09, 0, 19.8952, 0.926744, 0.461458, 290.336
4687, 2.38787e-09, 0.0131161, 0.121391, 0, 0, 9.56098e-18, 0, 0, 0.134507, 1.10189e-09, 0, 19.8529, 0.926748, 0.469664, 290.279
4688, 2.38858e-09, 0.0130875, 0.121514, 0, 0, 8.26716e-18, 0, 0, 0.134601, 1.09102e-09, 0, 19.8526, 0.926752, 0.467804, 290.266
4689, 2.26985e-09, 0.0132521, 0.121728, 0, 0, 6.3534e-18, 0, 0, 0.13498, 1.01894e-09, 0, 19.9036, 0.926756, 0.461487, 290.31
4690, 1.93577e-09, 0.0138657, 0.122069, 0, 0, 4.16874e-18, 0, 0, 0.135935, 8.55766e-10, 0, 20.0628, 0.92676, 0.453832, 290.471
4691, 1.564e-09, 0.0145826, 0.122413, 0, 0, 2.37751e-18, 0, 0, 0.136995, 6.83758e-10, 0, 20.276, 0.926764, 0.448895, 290.653
4692, 1.61478e-09, 0.0143592, 0.122524, 0, 0, 1.95297e-18, 0, 0, 0.136883, 7.11649e-10, 0, 20.2441, 0.926768, 0.454928, 290.598
4693, 1.89662e-09, 0.0136598, 0.122509, 0, 0, 2.47633e-18, 0, 0, 0.136169, 8.47866e-10, 0, 20.0832, 0.926772, 0.46438, 290.421
4694, 1.84659e-09, 0.0136326, 0.122739, 0, 0, 2.51041e-18, 0, 0, 0.136372, 8.26378e-10, 0, 20.1099, 0.926776, 0.464705, 290.429
4695, 1.41049e-09, 0.0142305, 0.123313, 0, 0, 1.56884e-18, 0, 0, 0.137543, 6.25687e-10, 0, 20.3793, 0.92678, 0.45889, 290.633
4696, 1.10011e-09, 0.0145664, 0.123789, 0, 0, 7.3777e-19, 0, 0, 0.138356, 4.84297e-10, 0, 20.6279, 0.926784, 0.455471, 290.762
4697, 1.21276e-09, 0.0143389, 0.123817, 0, 0, 6.26272e-19, 0, 0, 0.138156, 5.34206e-10, 0, 20.5304, 0.926788, 0.457175, 290.69
4698, 1.42159e-09, 0.0141112, 0.123695, 0, 0, 7.97942e-19, 0, 0, 0.137806, 6.20936e-10, 0, 20.3715, 0.926792, 0.454391, 290.588
4699, 1.38531e-09, 0.0143228, 0.123809, 0, 0, 8.36522e-19, 0, 0, 0.138131, 5.99706e-10, 0, 20.3973, 0.926796, 0.448543, 290.62
4700, 1.262e-09, 0.0146095, 0.124031, 0, 0, 8.87147e-19, 0, 0, 0.13864, 5.54777e-10, 0, 20.4906, 0.9268, 0.451593, 290.689
4701, 1.43426e-09, 0.014252, 0.124009, 0, 0, 1.36119e-18, 0, 0, 0.138261, 6.42324e-10, 0, 20.3626, 0.926804, 0.457702, 290.581
4702, 1.6987e-09, 0.0137748, 0.1239, 0, 0, 1.9819e-18, 0, 0, 0.137675, 7.61027e-10, 0, 20.1934, 0.926808, 0.457249, 290.431
4703, 1.70863e-09, 0.0139245, 0.123918, 0, 0, 2.06071e-18, 0, 0, 0.137842, 7.62337e-10, 0, 20.1876, 0.926812, 0.453028, 290.432
4704, 1.4637e-09, 0.0156083, 0.123259, 0, 0, 1.6377e-18, 0, 0, 0.138868, 6.53002e-10, 0, 20.3423, 0.926816, 0.452808, 290.604
4705, 9.82472e-10, 0.0207484, 0.120077, 0, 0, 9.75163e-19, 0, 0, 0.140825, 4.40428e-10, 0, 20.7409, 0.92682, 0.456814, 290.959
4706, 4.7158e-10, 0.0271118, 0.115829, 0, 0, 3.66443e-19, 0, 0, 0.142941, 2.11663e-10, 0, 21.4749, 0.926824, 0.458764, 291.34
4707, 2.84253e-10, 0.0279652, 0.115852, 0, 0, 1.34385e-19, 0, 0, 0.143817, 1.27119e-10, 0, 21.9812, 0.926828, 0.45387, 291.477
4708, 3.98443e-10, 0.0235813, 0.119835, 0, 0, 1.49557e-19, 0, 0, 0.143416, 1.79307e-10, 0, 21.6435, 0.926832, 0.448063, 291.367
4709, 5.92605e-10, 0.019174, 0.123464, 0, 0, 2.06523e-19, 0, 0, 0.142638, 2.69598e-10, 0, 21.2465, 0.926836, 0.451403, 291.184
4710, 6.95636e-10, 0.017447, 0.124873, 0, 0, 2.31893e-19, 0, 0, 0.14232, 3.15623e-10, 0, 21.0862, 0.92684, 0.45532, 291.09
4711, 7.37198e-10, 0.0174517, 0.124985, 0, 0, 2.55146e-19, 0, 0, 0.142436, 3.27061e-10, 0, 21.0282, 0.926844, 0.451573, 291.08
4712, 8.03117e-10, 0.0177126, 0.124744, 0, 0, 2.88435e-19, 0, 0, 0.142457, 3.49736e-10, 0, 20.9425, 0.926848, 0.447164, 291.052
4713, 7.15334e-10, 0.0192026, 0.123774, 0, 0, 2.4466e-19, 0, 0, 0.142977, 3.11853e-10, 0, 21.0583, 0.926852, 0.444755, 291.12
4714, 6.49486e-10, 0.0206027, 0.122793, 0, 0, 2.02181e-19, 0, 0, 0.143396, 2.8806e-10, 0, 21.1548, 0.926856, 0.445325, 291.169
4715, 9.03086e-10, 0.0185968, 0.123779, 0, 0, 2.36431e-19, 0, 0, 0.142376, 4.05784e-10, 0, 20.8252, 0.92686, 0.452005, 290.939
4716, 1.1546e-09, 0.0158695, 0.125452, 0, 0, 2.68567e-19, 0, 0, 0.141322, 5.2001e-10, 0, 20.5795, 0.926864, 0.456443, 290.701
4717, 1.08726e-09, 0.0154583, 0.126272, 0, 0, 2.64942e-19, 0, 0, 0.14173, 4.85599e-10, 0, 20.6396, 0.926868, 0.449934, 290.748
4718, 1.01872e-09, 0.0157092, 0.126558, 0, 0, 3.00428e-19, 0, 0, 0.142267, 4.42056e-10, 0, 20.7047, 0.926872, 0.436949, 290.821
4719, 1.30748e-09, 0.0150271, 0.126565, 0, 0, 5.29808e-19, 0, 0, 0.141592, 5.61248e-10, 0, 20.4552, 0.926876, 0.433362, 290.657
4720, 1.65878e-09, 0.0142315, 0.126505, 0, 0, 8.29469e-19, 0, 0, 0.140736, 7.23474e-10, 0, 20.2172, 0.92688, 0.442792, 290.457
4721, 1.74605e-09, 0.0139892, 0.126596, 0, 0, 8.95187e-19, 0, 0, 0.140585, 7.74079e-10, 0, 20.1659, 0.926884, 0.453123, 290.395
4722, 1.71986e-09, 0.0141214, 0.126749, 0, 0, 9.4693e-19, 0, 0, 0.14087, 7.68174e-10, 0, 20.181, 0.926888, 0.457009, 290.419
4723, 1.64419e-09, 0.0148206, 0.126755, 0, 0, 1.09294e-18, 0, 0, 0.141576, 7.34983e-10, 0, 20.226, 0.926892, 0.456519, 290.525
4724, 1.28595e-09, 0.0170591, 0.126122, 0, 0, 8.91877e-19, 0, 0, 0.143181, 5.72655e-10, 0, 20.4718, 0.926896, 0.453961, 290.805
4725, 7.17555e-10, 0.0212443, 0.124197, 0, 0, 4.36364e-19, 0, 0, 0.145442, 3.16957e-10, 0, 21.0552, 0.9269, 0.447581, 291.209
4726, 3.07779e-10, 0.0288506, 0.118471, 0, 0, 1.62228e-19, 0, 0, 0.147321, 1.32769e-10, 0, 21.9016, 0.926904, 0.438534, 291.535
4727, 1.15419e-10, 0.0459691, 0.102825, 0, 0, 6.02305e-20, 0, 0, 0.148794, 4.80832e-11, 0, 22.8824, 0.926908, 0.440982, 291.78
4728, 4.37642e-11, 0.064625, 0.0851968, 0, 0, 3.79437e-20, 0, 0, 0.149822, 1.85337e-11, 0, 23.8522, 0.926912, 0.449602, 291.941
4729, 1.07855e-10, 0.0627779, 0.0868105, 0, 0, 1.78442e-19, 0, 0, 0.149588, 4.86858e-11, 0, 22.9502, 0.926916, 0.450869, 291.865
4730, 4.15292e-10, 0.0430671, 0.105099, 0, 0, 7.4607e-19, 0, 0, 0.148166, 1.8705e-10, 0, 21.602, 0.92692, 0.452035, 291.566
4731, 1.00346e-09, 0.0251173, 0.12104, 0, 0, 1.94786e-18, 0, 0, 0.146157, 4.45868e-10, 0, 20.7198, 0.926924, 0.453719, 291.153
4732, 1.68097e-09, 0.0171488, 0.127172, 0, 0, 3.78128e-18, 0, 0, 0.144321, 7.31231e-10, 0, 20.2039, 0.926928, 0.44685, 290.769
4733, 2.17258e-09, 0.0150357, 0.128262, 0, 0, 5.6714e-18, 0, 0, 0.143298, 9.26511e-10, 0, 19.9473, 0.926932, 0.435231, 290.539
4734, 2.22429e-09, 0.0149662, 0.12843, 0, 0, 6.06097e-18, 0, 0, 0.143396, 9.44047e-10, 0, 19.9238, 0.926936, 0.43106, 290.526
4735, 1.86836e-09, 0.015854, 0.12857, 0, 0, 4.76448e-18, 0, 0, 0.144424, 8.09222e-10, 0, 20.0982, 0.92694, 0.437421, 290.693
4736, 1.71247e-09, 0.0162416, 0.128682, 0, 0, 3.81936e-18, 0, 0, 0.144924, 7.65732e-10, 0, 20.1853, 0.926944, 0.446056, 290.756
4737, 1.98263e-09, 0.0153788, 0.128833, 0, 0, 3.83053e-18, 0, 0, 0.144212, 8.90301e-10, 0, 20.0388, 0.926948, 0.450681, 290.588
4738, 2.0665e-09, 0.0146496, 0.129057, 0, 0, 2.92039e-18, 0, 0, 0.143707, 9.11425e-10, 0, 19.9974, 0.926952, 0.447602, 290.458
4739, 1.96747e-09, 0.0144346, 0.129211, 0, 0, 1.53336e-18, 0, 0, 0.143646, 8.47848e-10, 0, 20.0465, 0.926956, 0.440863, 290.414
4740, 1.95955e-09, 0.0143146, 0.129267, 0, 0, 9.06898e-19, 0, 0, 0.143582, 8.33109e-10, 0, 20.0506, 0.92696, 0.435852, 290.37
4741, 1.89517e-09, 0.0143957, 0.129442, 0, 0, 7.3159e-19, 0, 0, 0.143837, 8.04755e-10, 0, 20.084, 0.926964, 0.435078, 290.387
4742, 1.76954e-09, 0.0148399, 0.129559, 0, 0, 7.29901e-19, 0, 0, 0.144399, 7.57654e-10, 0, 20.1525, 0.926968, 0.438656, 290.464
4743, 1.5709e-09, 0.0166569, 0.128685, 0, 0, 7.1581e-19, 0, 0, 0.145341, 6.81167e-10, 0, 20.2716, 0.926972, 0.444674, 290.613
4744, 1.12006e-09, 0.0210974, 0.126037, 0, 0, 4.68274e-19, 0, 0, 0.147134, 4.89539e-10, 0, 20.6099, 0.926976, 0.445514, 290.923
4745, 6.98146e-10, 0.0244277, 0.12431, 0, 0, 2.3232e-19, 0, 0, 0.148738, 3.01818e-10, 0, 21.0826, 0.92698, 0.438804, 291.194
4746, 5.89901e-10, 0.024448, 0.124821, 0, 0, 1.75324e-19, 0, 0, 0.149269, 2.50639e-10, 0, 21.2511, 0.926984, 0.437591, 291.261
4747, 4.95941e-10, 0.0262945, 0.123614, 0, 0, 1.6168e-19, 0, 0, 0.149908, 2.09904e-10, 0, 21.4246, 0.926988, 0.44108, 291.349
4748, 4.50897e-10, 0.0269218, 0.123443, 0, 0, 1.72777e-19, 0, 0, 0.150365, 1.89843e-10, 0, 21.5198, 0.926992, 0.442498, 291.402
4749, 8.38084e-10, 0.0225336, 0.126747, 0, 0, 3.81907e-19, 0, 0, 0.149281, 3.49433e-10, 0, 20.8999, 0.926996, 0.442146, 291.168
4750, 1.55729e-09, 0.0175962, 0.129617, 0, 0, 8.14343e-19, 0, 0, 0.147213, 6.44476e-10, 0, 20.2803, 0.927, 0.436777, 290.746
4751, 2.07813e-09, 0.0151936, 0.130674, 0, 0, 1.16974e-18, 0, 0, 0.145868, 8.6054e-10, 0, 19.9918, 0.927004, 0.432315, 290.458
4752, 2.18479e-09, 0.0147331, 0.130991, 0, 0, 1.24608e-18, 0, 0, 0.145724, 9.16201e-10, 0, 19.9417, 0.927008, 0.435956, 290.399
4753, 1.93702e-09, 0.0153523, 0.131214, 0, 0, 1.08974e-18, 0, 0, 0.146567, 8.27755e-10, 0, 20.0621, 0.927012, 0.441164, 290.528
4754, 1.52496e-09, 0.0164662, 0.131428, 0, 0, 8.7171e-19, 0, 0, 0.147894, 6.56084e-10, 0, 20.3013, 0.927016, 0.438515, 290.748
4755, 1.52349e-09, 0.0165336, 0.131595, 0, 0, 1.03127e-18, 0, 0, 0.148129, 6.46562e-10, 0, 20.3023, 0.92702, 0.433393, 290.76
4756, 1.97676e-09, 0.0154785, 0.131663, 0, 0, 1.53234e-18, 0, 0, 0.147141, 8.3419e-10, 0, 20.0418, 0.927024, 0.43363, 290.542
4757, 2.27066e-09, 0.0148595, 0.131685, 0, 0, 1.74556e-18, 0, 0, 0.146545, 9.62248e-10, 0, 19.9032, 0.927028, 0.436341, 290.397
4758, 2.13214e-09, 0.0155666, 0.131459, 0, 0, 1.4626e-18, 0, 0, 0.147025, 9.04306e-10, 0, 19.9661, 0.927032, 0.435931, 290.456
4759, 1.62169e-09, 0.0199194, 0.128789, 0, 0, 9.6583e-19, 0, 0, 0.148708, 6.85295e-10, 0, 20.2398, 0.927036, 0.435133, 290.743
4760, 9.48077e-10, 0.0301259, 0.121107, 0, 0, 5.40939e-19, 0, 0, 0.151233, 4.01859e-10, 0, 20.7766, 0.92704, 0.438689, 291.182
4761, 5.8571e-10, 0.0363001, 0.116413, 0, 0, 3.39101e-19, 0, 0, 0.152713, 2.49863e-10, 0, 21.2582, 0.927044, 0.442143, 291.424
4762, 7.84264e-10, 0.0291206, 0.122847, 0, 0, 3.95979e-19, 0, 0, 0.151968, 3.30117e-10, 0, 20.9663, 0.927048, 0.438561, 291.255
4763, 1.10942e-09, 0.0203127, 0.130428, 0, 0, 5.37021e-19, 0, 0, 0.150741, 4.63513e-10, 0, 20.6194, 0.927052, 0.429726, 290.996
4764, 1.31478e-09, 0.0173076, 0.132951, 0, 0, 7.80167e-19, 0, 0, 0.150259, 5.54041e-10, 0, 20.4496, 0.927056, 0.427711, 290.875
4765, 1.54755e-09, 0.0170321, 0.132937, 0, 0, 1.10069e-18, 0, 0, 0.149969, 6.53348e-10, 0, 20.2866, 0.92706, 0.429973, 290.789
4766, 1.51467e-09, 0.0201549, 0.130307, 0, 0, 1.0989e-18, 0, 0, 0.150462, 6.36651e-10, 0, 20.3081, 0.927064, 0.430761, 290.849
4767, 1.06751e-09, 0.0288821, 0.123331, 0, 0, 7.82059e-19, 0, 0, 0.152213, 4.49898e-10, 0, 20.6579, 0.927068, 0.432303, 291.142
4768, 8.38812e-10, 0.0338121, 0.119427, 0, 0, 7.44519e-19, 0, 0, 0.153239, 3.56248e-10, 0, 20.899, 0.927072, 0.433401, 291.299
4769, 1.23723e-09, 0.0267731, 0.125343, 0, 0, 1.22903e-18, 0, 0, 0.152116, 5.24931e-10, 0, 20.5104, 0.927076, 0.433203, 291.061
4770, 1.72242e-09, 0.0189276, 0.131761, 0, 0, 1.6339e-18, 0, 0, 0.150688, 7.27508e-10, 0, 20.1795, 0.92708, 0.431935, 290.765
4771, 1.75101e-09, 0.0170454, 0.133669, 0, 0, 1.54888e-18, 0, 0, 0.150714, 7.42318e-10, 0, 20.1631, 0.927084, 0.432984, 290.738
4772, 1.31178e-09, 0.0182592, 0.133838, 0, 0, 1.06884e-18, 0, 0, 0.152097, 5.61629e-10, 0, 20.4519, 0.927088, 0.433422, 290.963
4773, 9.53273e-10, 0.0191554, 0.134019, 0, 0, 6.33528e-19, 0, 0, 0.153175, 4.08424e-10, 0, 20.7711, 0.927092, 0.429164, 291.129
4774, 1.03422e-09, 0.0184935, 0.134479, 0, 0, 5.59992e-19, 0, 0, 0.152972, 4.37951e-10, 0, 20.6896, 0.927096, 0.42693, 291.061
4775, 1.04893e-09, 0.0182198, 0.13476, 0, 0, 5.11806e-19, 0, 0, 0.15298, 4.38806e-10, 0, 20.6755, 0.9271, 0.427433, 291.031
4776, 7.74878e-10, 0.019472, 0.134459, 0, 0, 3.54407e-19, 0, 0, 0.153931, 3.23188e-10, 0, 20.9783, 0.927104, 0.428097, 291.173
4777, 7.33939e-10, 0.0203032, 0.134077, 0, 0, 4.87987e-19, 0, 0, 0.15438, 3.09414e-10, 0, 21.0326, 0.927108, 0.42824, 291.224
4778, 1.06299e-09, 0.0194181, 0.1344, 0, 0, 1.09787e-18, 0, 0, 0.153818, 4.47472e-10, 0, 20.6622, 0.927112, 0.428636, 291.09
4779, 1.29021e-09, 0.0186062, 0.134905, 0, 0, 1.57106e-18, 0, 0, 0.153511, 5.37789e-10, 0, 20.4685, 0.927116, 0.426793, 291.002
4780, 1.24023e-09, 0.0187751, 0.135044, 0, 0, 1.37744e-18, 0, 0, 0.15382, 5.11959e-10, 0, 20.508, 0.92712, 0.423403, 291.027
4781, 9.83787e-10, 0.0209771, 0.133735, 0, 0, 9.05266e-19, 0, 0, 0.154712, 4.05825e-10, 0, 20.7396, 0.927124, 0.424595, 291.159
4782, 5.74718e-10, 0.0300018, 0.12634, 0, 0, 4.98657e-19, 0, 0, 0.156342, 2.39512e-10, 0, 21.2771, 0.927128, 0.4292, 291.423
4783, 2.12704e-10, 0.0534359, 0.104979, 0, 0, 1.88667e-19, 0, 0, 0.158415, 8.98757e-11, 0, 22.2711, 0.927132, 0.429765, 291.764
4784, 4.96485e-11, 0.0835104, 0.0768526, 0, 0, 4.3956e-20, 0, 0, 0.160363, 2.10427e-11, 0, 23.7261, 0.927136, 0.428533, 292.078
4785, 4.73679e-11, 0.0872999, 0.073398, 0, 0, 4.47877e-20, 0, 0, 0.160698, 1.90225e-11, 0, 23.7731, 0.92714, 0.423697, 292.106
4786, 1.70824e-10, 0.0595765, 0.0997059, 0, 0, 1.46921e-19, 0, 0, 0.159282, 6.88619e-11, 0, 22.4904, 0.927144, 0.414999, 291.824
4787, 3.76421e-10, 0.0336882, 0.124166, 0, 0, 2.77952e-19, 0, 0, 0.157854, 1.54363e-10, 0, 21.7003, 0.927148, 0.415233, 291.538
4788, 5.09935e-10, 0.025797, 0.131549, 0, 0, 3.38306e-19, 0, 0, 0.157346, 2.13006e-10, 0, 21.3967, 0.927152, 0.425403, 291.415
4789, 4.36022e-10, 0.0340295, 0.123992, 0, 0, 2.97204e-19, 0, 0, 0.158021, 1.8448e-10, 0, 21.5533, 0.927156, 0.433979, 291.505
4790, 2.50232e-10, 0.050836, 0.108457, 0, 0, 1.89732e-19, 0, 0, 0.159293, 1.0626e-10, 0, 22.1086, 0.92716, 0.435481, 291.7
4791, 2.63966e-10, 0.0527693, 0.106732, 0, 0, 2.25454e-19, 0, 0, 0.159501, 1.10029e-10, 0, 22.0552, 0.927164, 0.431484, 291.706
4792, 5.86853e-10, 0.0360029, 0.122246, 0, 0, 4.98401e-19, 0, 0, 0.158248, 2.40293e-10, 0, 21.2562, 0.927168, 0.423685, 291.452
4793, 1.0502e-09, 0.0227854, 0.13393, 0, 0, 8.5959e-19, 0, 0, 0.156715, 4.23158e-10, 0, 20.6743, 0.927172, 0.413744, 291.145
4794, 1.4646e-09, 0.0184327, 0.137231, 0, 0, 1.27992e-18, 0, 0, 0.155664, 5.85814e-10, 0, 20.3417, 0.927176, 0.409396, 290.924
4795, 1.76179e-09, 0.0173806, 0.137781, 0, 0, 1.9027e-18, 0, 0, 0.155161, 7.14482e-10, 0, 20.1569, 0.92718, 0.413291, 290.801
4796, 2.14055e-09, 0.0167392, 0.13783, 0, 0, 2.72651e-18, 0, 0, 0.154569, 8.87108e-10, 0, 19.9622, 0.927184, 0.420078, 290.662
4797, 2.47947e-09, 0.0161534, 0.137838, 0, 0, 3.23659e-18, 0, 0, 0.153991, 1.0423e-09, 0, 19.8152, 0.927188, 0.427423, 290.526
4798, 2.40688e-09, 0.0160361, 0.138079, 0, 0, 2.78904e-18, 0, 0, 0.154115, 1.0203e-09, 0, 19.8449, 0.927192, 0.433453, 290.517
4799, 2.21381e-09, 0.0161641, 0.138343, 0, 0, 2.01582e-18, 0, 0, 0.154507, 9.32776e-10, 0, 19.9286, 0.927196, 0.432844, 290.557
4800, 2.28568e-09, 0.0164082, 0.138273, 0, 0, 2.07987e-18, 0, 0, 0.154681, 9.40607e-10, 0, 19.8966, 0.9272, 0.42391, 290.558
4801, 2.11907e-09, 0.0184883, 0.137061, 0, 0, 2.23227e-18, 0, 0, 0.155549, 8.54346e-10, 0, 19.9723, 0.927204, 0.41305, 290.684
4802, 1.38023e-09, 0.025981, 0.131738, 0, 0, 1.48373e-18, 0, 0, 0.157719, 5.51041e-10, 0, 20.401, 0.927208, 0.408294, 291.044
4803, 7.65685e-10, 0.0353794, 0.124318, 0, 0, 7.6607e-19, 0, 0, 0.159697, 3.06882e-10, 0, 20.9902, 0.927212, 0.411584, 291.366
4804, 9.00077e-10, 0.0334577, 0.126038, 0, 0, 8.26789e-19, 0, 0, 0.159496, 3.63637e-10, 0, 20.8285, 0.927216, 0.417113, 291.299
4805, 1.35186e-09, 0.0236118, 0.134397, 0, 0, 1.02903e-18, 0, 0, 0.158009, 5.47944e-10, 0, 20.4218, 0.92722, 0.420175, 291.003
4806, 1.59552e-09, 0.0184407, 0.138829, 0, 0, 1.10262e-18, 0, 0, 0.157269, 6.51047e-10, 0, 20.2561, 0.927224, 0.422342, 290.839
4807, 1.58752e-09, 0.0180243, 0.139582, 0, 0, 1.16922e-18, 0, 0, 0.157606, 6.48912e-10, 0, 20.2611, 0.927228, 0.421597, 290.868
4808, 1.33678e-09, 0.019352, 0.139167, 0, 0, 1.01624e-18, 0, 0, 0.158519, 5.45705e-10, 0, 20.433, 0.927232, 0.420489, 291.001
4809, 9.15167e-10, 0.0242755, 0.135526, 0, 0, 6.42417e-19, 0, 0, 0.159802, 3.72443e-10, 0, 20.8119, 0.927236, 0.419051, 291.198
4810, 4.35695e-10, 0.037023, 0.124573, 0, 0, 2.59377e-19, 0, 0, 0.161596, 1.76301e-10, 0, 21.5541, 0.92724, 0.418679, 291.484
4811, 1.25808e-10, 0.0476753, 0.115408, 0, 0, 6.11714e-20, 0, 0, 0.163083, 5.06871e-11, 0, 22.7963, 0.927244, 0.421435, 291.713
4812, 2.33622e-11, 0.0430748, 0.120528, 0, 0, 9.22459e-21, 0, 0, 0.163603, 9.46174e-12, 0, 24.4799, 0.927248, 0.418787, 291.772
4813, 1.65302e-11, 0.0355962, 0.128075, 0, 0, 6.73777e-21, 0, 0, 0.163671, 6.92575e-12, 0, 24.8258, 0.927252, 0.408468, 291.753
4814, 1.08293e-10, 0.0336976, 0.129739, 0, 0, 5.26808e-20, 0, 0, 0.163437, 4.52723e-11, 0, 22.9462, 0.927256, 0.406372, 291.681
4815, 4.51189e-10, 0.0296584, 0.132724, 0, 0, 2.43503e-19, 0, 0, 0.162383, 1.8709e-10, 0, 21.5191, 0.92726, 0.415737, 291.466
4816, 1.02216e-09, 0.0229037, 0.137904, 0, 0, 6.21477e-19, 0, 0, 0.160807, 4.20817e-10, 0, 20.7013, 0.927264, 0.422656, 291.158
4817, 1.44974e-09, 0.0192896, 0.140626, 0, 0, 1.03118e-18, 0, 0, 0.159916, 5.95519e-10, 0, 20.3519, 0.927268, 0.423619, 290.97
4818, 1.47016e-09, 0.0200469, 0.140175, 0, 0, 1.20724e-18, 0, 0, 0.160222, 6.02027e-10, 0, 20.3379, 0.927272, 0.420161, 290.993
4819, 1.06324e-09, 0.0277623, 0.133932, 0, 0, 9.18992e-19, 0, 0, 0.161694, 4.29577e-10, 0, 20.6619, 0.927276, 0.41489, 291.222
4820, 4.99263e-10, 0.0464937, 0.117338, 0, 0, 4.18615e-19, 0, 0, 0.163832, 1.98364e-10, 0, 21.4179, 0.92728, 0.415587, 291.564
4821, 1.79265e-10, 0.0608466, 0.104371, 0, 0, 1.38966e-19, 0, 0, 0.165217, 7.11151e-11, 0, 22.4422, 0.927284, 0.420105, 291.773
4822, 2.13522e-10, 0.0506522, 0.114326, 0, 0, 1.6571e-19, 0, 0, 0.164979, 8.41651e-11, 0, 22.2673, 0.927288, 0.419159, 291.701
4823, 4.3213e-10, 0.0332005, 0.130904, 0, 0, 3.68349e-19, 0, 0, 0.164104, 1.65885e-10, 0, 21.5623, 0.927292, 0.408091, 291.519
4824, 5.50282e-10, 0.0277315, 0.13607, 0, 0, 5.0064e-19, 0, 0, 0.163801, 2.09333e-10, 0, 21.3206, 0.927296, 0.40151, 291.435
4825, 6.02713e-10, 0.0279469, 0.135848, 0, 0, 5.54356e-19, 0, 0, 0.163795, 2.37244e-10, 0, 21.2296, 0.9273, 0.409681, 291.403
4826, 1.05526e-09, 0.0244446, 0.138403, 0, 0, 9.95831e-19, 0, 0, 0.162847, 4.25223e-10, 0, 20.6695, 0.927304, 0.418036, 291.207
4827, 1.81998e-09, 0.019779, 0.141462, 0, 0, 1.71253e-18, 0, 0, 0.161241, 7.23458e-10, 0, 20.1244, 0.927308, 0.415664, 290.895
4828, 2.21033e-09, 0.017791, 0.142642, 0, 0, 1.85224e-18, 0, 0, 0.160433, 8.68617e-10, 0, 19.9301, 0.927312, 0.411991, 290.721
4829, 2.07921e-09, 0.0176292, 0.143086, 0, 0, 1.49539e-18, 0, 0, 0.160715, 8.23764e-10, 0, 19.9913, 0.927316, 0.416591, 290.74
4830, 2.0669e-09, 0.0176611, 0.14328, 0, 0, 1.59997e-18, 0, 0, 0.160941, 8.30798e-10, 0, 19.9972, 0.92732, 0.420253, 290.749
4831, 2.25952e-09, 0.0176119, 0.14329, 0, 0, 2.01337e-18, 0, 0, 0.160902, 9.05914e-10, 0, 19.9081, 0.927324, 0.41684, 290.712
4832, 2.04488e-09, 0.018153, 0.143439, 0, 0, 1.80876e-18, 0, 0, 0.161592, 8.1398e-10, 0, 20.0079, 0.927328, 0.411458, 290.802
4833, 1.55252e-09, 0.0190323, 0.14371, 0, 0, 1.26374e-18, 0, 0, 0.162742, 6.1197e-10, 0, 20.2834, 0.927332, 0.404604, 290.973
4834, 1.46156e-09, 0.0194455, 0.143758, 0, 0, 1.37342e-18, 0, 0, 0.163203, 5.74637e-10, 0, 20.3438, 0.927336, 0.402412, 291.023
4835, 1.47941e-09, 0.0202011, 0.1434, 0, 0, 1.73796e-18, 0, 0, 0.163601, 5.92068e-10, 0, 20.3316, 0.92734, 0.410742, 291.061
4836, 1.05581e-09, 0.0221747, 0.142678, 0, 0, 1.3076e-18, 0, 0, 0.164852, 4.28407e-10, 0, 20.669, 0.927344, 0.416552, 291.248
4837, 5.77056e-10, 0.0249273, 0.141212, 0, 0, 6.09771e-19, 0, 0, 0.166139, 2.32513e-10, 0, 21.2731, 0.927348, 0.414087, 291.439
4838, 3.38105e-10, 0.0315844, 0.135458, 0, 0, 3.18936e-19, 0, 0, 0.167042, 1.34286e-10, 0, 21.8077, 0.927352, 0.412582, 291.563
4839, 1.68484e-10, 0.0509753, 0.117244, 0, 0, 1.76608e-19, 0, 0, 0.168219, 6.70409e-11, 0, 22.5042, 0.927356, 0.414701, 291.733
4840, 4.8904e-11, 0.0825803, 0.08723, 0, 0, 5.72941e-20, 0, 0, 0.16981, 1.96044e-11, 0, 23.7412, 0.92736, 0.41536, 291.972
4841, 7.28146e-12, 0.106501, 0.0645458, 0, 0, 9.11135e-21, 0, 0, 0.171047, 2.93807e-12, 0, 25.6457, 0.927364, 0.413966, 292.149
4842, 8.92444e-13, 0.118282, 0.0538633, 0, 0, 1.20159e-21, 0, 0, 0.172145, 3.62936e-13, 0, 27.7448, 0.927368, 0.410646, 292.303
4843, 5.36947e-12, 0.115685, 0.056882, 0, 0, 8.10182e-21, 0, 0, 0.172567, 2.19548e-12, 0, 25.9503, 0.927372, 0.40238, 292.342
4844, 3.94242e-11, 0.0859952, 0.0850169, 0, 0, 6.04145e-20, 0, 0, 0.171012, 1.60869e-11, 0, 23.9566, 0.927376, 0.397363, 292.052
4845, 1.48372e-10, 0.0511197, 0.118224, 0, 0, 2.21047e-19, 0, 0, 0.169343, 6.01024e-11, 0, 22.6313, 0.92738, 0.40378, 291.74
4846, 3.01651e-10, 0.0326784, 0.135975, 0, 0, 4.11243e-19, 0, 0, 0.168653, 1.20673e-10, 0, 21.9217, 0.927384, 0.406599, 291.592
4847, 4.23426e-10, 0.0268513, 0.141577, 0, 0, 4.86694e-19, 0, 0, 0.168429, 1.66735e-10, 0, 21.5826, 0.927388, 0.400486, 291.523
4848, 6.4374e-10, 0.0247708, 0.143291, 0, 0, 6.83668e-19, 0, 0, 0.168062, 2.51582e-10, 0, 21.1637, 0.927392, 0.396904, 291.43
4849, 9.17181e-10, 0.0235137, 0.144115, 0, 0, 1.0324e-18, 0, 0, 0.167629, 3.60155e-10, 0, 20.8097, 0.927396, 0.400714, 291.326
4850, 8.43755e-10, 0.0255234, 0.142504, 0, 0, 9.59972e-19, 0, 0, 0.168027, 3.34186e-10, 0, 20.8932, 0.9274, 0.408107, 291.363
4851, 4.4745e-10, 0.0356195, 0.133711, 0, 0, 4.74783e-19, 0, 0, 0.16933, 1.78687e-10, 0, 21.5275, 0.927404, 0.413933, 291.554
4852, 1.32511e-10, 0.0584091, 0.112493, 0, 0, 1.2393e-19, 0, 0, 0.170902, 5.32978e-11, 0, 22.7444, 0.927408, 0.412604, 291.788
4853, 3.36435e-11, 0.0796755, 0.0923785, 0, 0, 3.05083e-20, 0, 0, 0.172054, 1.3499e-11, 0, 24.1152, 0.927412, 0.403427, 291.951
4854, 1.03086e-10, 0.0715456, 0.100234, 0, 0, 1.2603e-19, 0, 0, 0.17178, 4.02015e-11, 0, 22.9955, 0.927416, 0.395714, 291.874
4855, 4.27111e-10, 0.0453239, 0.125071, 0, 0, 5.89532e-19, 0, 0, 0.170395, 1.65115e-10, 0, 21.574, 0.92742, 0.395378, 291.611
4856, 9.83177e-10, 0.0281556, 0.140794, 0, 0, 1.4692e-18, 0, 0, 0.168949, 3.81996e-10, 0, 20.7402, 0.927424, 0.396926, 291.337
4857, 1.35612e-09, 0.0224901, 0.145696, 0, 0, 2.04127e-18, 0, 0, 0.168186, 5.36595e-10, 0, 20.4186, 0.927428, 0.402595, 291.177
4858, 1.4588e-09, 0.0214693, 0.146591, 0, 0, 2.10264e-18, 0, 0, 0.16806, 5.88836e-10, 0, 20.3457, 0.927432, 0.41121, 291.125
4859, 1.93847e-09, 0.0204511, 0.146896, 0, 0, 3.08761e-18, 0, 0, 0.167348, 7.86456e-10, 0, 20.0614, 0.927436, 0.413757, 290.973
4860, 2.6345e-09, 0.0190606, 0.147243, 0, 0, 4.63604e-18, 0, 0, 0.166304, 1.06676e-09, 0, 19.7546, 0.92744, 0.412066, 290.763
4861, 2.65387e-09, 0.0189537, 0.147458, 0, 0, 4.4836e-18, 0, 0, 0.166411, 1.07068e-09, 0, 19.7472, 0.927444, 0.410555, 290.751
4862, 2.43012e-09, 0.0193865, 0.147572, 0, 0, 3.90268e-18, 0, 0, 0.166959, 9.63757e-10, 0, 19.8353, 0.927448, 0.406152, 290.815
4863, 2.88905e-09, 0.01875, 0.147677, 0, 0, 5.29121e-18, 0, 0, 0.166427, 1.11835e-09, 0, 19.6623, 0.927452, 0.396787, 290.693
4864, 3.25219e-09, 0.0181798, 0.147843, 0, 0, 6.37655e-18, 0, 0, 0.166022, 1.25055e-09, 0, 19.5439, 0.927456, 0.388885, 290.593
4865, 2.72242e-09, 0.0189302, 0.148095, 0, 0, 4.9581e-18, 0, 0, 0.167025, 1.05566e-09, 0, 19.7217, 0.92746, 0.387121, 290.735
4866, 2.20153e-09, 0.0197969, 0.148293, 0, 0, 3.66781e-18, 0, 0, 0.16809, 8.75912e-10, 0, 19.9341, 0.927464, 0.394572, 290.886
4867, 2.24148e-09, 0.0199893, 0.148352, 0, 0, 4.00531e-18, 0, 0, 0.168342, 9.11239e-10, 0, 19.9161, 0.927468, 0.406605, 290.899
4868, 2.13974e-09, 0.0205894, 0.148237, 0, 0, 3.91517e-18, 0, 0, 0.168827, 8.71207e-10, 0, 19.9626, 0.927472, 0.411377, 290.951
4869, 1.83211e-09, 0.0215612, 0.148018, 0, 0, 3.15825e-18, 0, 0, 0.16958, 7.37809e-10, 0, 20.1178, 0.927476, 0.408227, 291.048
4870, 2.03784e-09, 0.0216508, 0.147788, 0, 0, 3.74282e-18, 0, 0, 0.169438, 8.06703e-10, 0, 20.0114, 0.92748, 0.402507, 290.994
4871, 2.60648e-09, 0.0209159, 0.147769, 0, 0, 5.34798e-18, 0, 0, 0.168685, 1.02271e-09, 0, 19.7653, 0.927484, 0.398663, 290.836
4872, 2.76251e-09, 0.0200868, 0.148417, 0, 0, 5.51459e-18, 0, 0, 0.168504, 1.08366e-09, 0, 19.7071, 0.927488, 0.398227, 290.775
4873, 2.40625e-09, 0.0200372, 0.149133, 0, 0, 4.23377e-18, 0, 0, 0.16917, 9.38395e-10, 0, 19.8452, 0.927492, 0.397315, 290.857
4874, 2.31851e-09, 0.0201813, 0.149385, 0, 0, 4.38003e-18, 0, 0, 0.169567, 8.94006e-10, 0, 19.8823, 0.927496, 0.393902, 290.894
4875, 2.49882e-09, 0.0199756, 0.149543, 0, 0, 5.27863e-18, 0, 0, 0.169519, 9.59698e-10, 0, 19.8074, 0.9275, 0.389748, 290.856
4876, 2.44181e-09, 0.0199434, 0.149774, 0, 0, 4.58423e-18, 0, 0, 0.169718, 9.39188e-10, 0, 19.8305, 0.927504, 0.387394, 290.859
4877, 2.5689e-09, 0.0196776, 0.149951, 0, 0, 4.03916e-18, 0, 0, 0.169628, 1.00892e-09, 0, 19.7798, 0.927508, 0.392873, 290.814
4878, 2.98622e-09, 0.0190063, 0.150121, 0, 0, 4.46553e-18, 0, 0, 0.169127, 1.1876e-09, 0, 19.6293, 0.927512, 0.399655, 290.699
4879, 2.92966e-09, 0.0190431, 0.150345, 0, 0, 4.10154e-18, 0, 0, 0.169388, 1.16286e-09, 0, 19.6484, 0.927516, 0.401534, 290.713
4880, 2.46095e-09, 0.0198287, 0.150538, 0, 0, 3.5886e-18, 0, 0, 0.170367, 9.74463e-10, 0, 19.8227, 0.92752, 0.40121, 290.848
4881, 2.40896e-09, 0.0201968, 0.150593, 0, 0, 4.81136e-18, 0, 0, 0.17079, 9.50654e-10, 0, 19.8441, 0.927524, 0.399063, 290.889
4882, 2.77815e-09, 0.0199223, 0.150605, 0, 0, 6.86421e-18, 0, 0, 0.170527, 1.08558e-09, 0, 19.7015, 0.927528, 0.393885, 290.814
4883, 2.56935e-09, 0.02072, 0.150365, 0, 0, 6.36465e-18, 0, 0, 0.171085, 9.85911e-10, 0, 19.7796, 0.927532, 0.385361, 290.878
4884, 1.74465e-09, 0.0253741, 0.147344, 0, 0, 3.77489e-18, 0, 0, 0.172718, 6.5918e-10, 0, 20.1667, 0.927536, 0.381843, 291.121
4885, 9.76067e-10, 0.0385436, 0.136087, 0, 0, 1.88519e-18, 0, 0, 0.174631, 3.6911e-10, 0, 20.7475, 0.92754, 0.386155, 291.408
4886, 4.63081e-10, 0.0536526, 0.122554, 0, 0, 8.92528e-19, 0, 0, 0.176207, 1.77268e-10, 0, 21.4931, 0.927544, 0.390536, 291.637
4887, 4.13425e-10, 0.0500687, 0.126314, 0, 0, 7.971e-19, 0, 0, 0.176383, 1.62156e-10, 0, 21.6065, 0.927548, 0.392434, 291.636
4888, 7.8904e-10, 0.0344881, 0.140981, 0, 0, 1.71659e-18, 0, 0, 0.175469, 3.11303e-10, 0, 20.9602, 0.927552, 0.395039, 291.456
4889, 1.03083e-09, 0.0274735, 0.147587, 0, 0, 2.50386e-18, 0, 0, 0.175061, 4.05491e-10, 0, 20.6929, 0.927556, 0.395316, 291.358
4890, 7.72811e-10, 0.0335888, 0.142289, 0, 0, 1.98354e-18, 0, 0, 0.175878, 3.02265e-10, 0, 20.981, 0.92756, 0.394704, 291.463
4891, 3.31508e-10, 0.0553385, 0.122166, 0, 0, 8.47535e-19, 0, 0, 0.177504, 1.28773e-10, 0, 21.8274, 0.927564, 0.398597, 291.699
4892, 8.11118e-11, 0.0825079, 0.0966029, 0, 0, 1.97053e-19, 0, 0, 0.179111, 3.13614e-11, 0, 23.2352, 0.927568, 0.402484, 291.929
4893, 2.32393e-11, 0.0831459, 0.0962622, 0, 0, 4.66817e-20, 0, 0, 0.179408, 8.95202e-12, 0, 24.4852, 0.927572, 0.399896, 291.947
4894, 3.85694e-11, 0.0589217, 0.119752, 0, 0, 6.62109e-20, 0, 0, 0.178674, 1.46386e-11, 0, 23.9786, 0.927576, 0.391267, 291.798
4895, 5.75827e-11, 0.0435022, 0.13482, 0, 0, 9.86072e-20, 0, 0, 0.178323, 2.17878e-11, 0, 23.5778, 0.92758, 0.385409, 291.711
4896, 4.71996e-11, 0.049472, 0.129147, 0, 0, 8.48929e-20, 0, 0, 0.178619, 1.80327e-11, 0, 23.7766, 0.927584, 0.389293, 291.729
4897, 2.0117e-11, 0.0778279, 0.10221, 0, 0, 3.85238e-20, 0, 0, 0.180038, 7.80195e-12, 0, 24.6295, 0.927588, 0.390223, 291.929
4898, 4.37364e-12, 0.116699, 0.0660051, 0, 0, 8.85059e-21, 0, 0, 0.182704, 1.71864e-12, 0, 26.1554, 0.927592, 0.386307, 292.326
4899, 2.12765e-12, 0.127814, 0.0558694, 0, 0, 4.44355e-21, 0, 0, 0.183683, 8.32843e-13, 0, 26.876, 0.927596, 0.388875, 292.451
4900, 1.4973e-11, 0.0973821, 0.0843006, 0, 0, 3.24111e-20, 0, 0, 0.181683, 5.82905e-12, 0, 24.9248, 0.9276, 0.394839, 292.103
4901, 8.77187e-11, 0.0601854, 0.119615, 0, 0, 2.06351e-19, 0, 0, 0.1798, 3.40701e-11, 0, 23.1569, 0.927604, 0.3976, 291.771
4902, 3.36826e-10, 0.0392776, 0.139697, 0, 0, 8.63138e-19, 0, 0, 0.178974, 1.30895e-10, 0, 21.8115, 0.927608, 0.396602, 291.607
4903, 8.19103e-10, 0.0298465, 0.148322, 0, 0, 2.22956e-18, 0, 0, 0.178169, 3.18305e-10, 0, 20.9228, 0.927612, 0.393991, 291.447
4904, 1.30251e-09, 0.0255705, 0.151847, 0, 0, 3.60141e-18, 0, 0, 0.177418, 5.00896e-10, 0, 20.459, 0.927616, 0.389662, 291.295
4905, 1.40334e-09, 0.0253966, 0.151983, 0, 0, 3.66249e-18, 0, 0, 0.177379, 5.29681e-10, 0, 20.3844, 0.92762, 0.384437, 291.258
4906, 1.02669e-09, 0.032377, 0.145971, 0, 0, 2.36138e-18, 0, 0, 0.178348, 3.85405e-10, 0, 20.6969, 0.927624, 0.386668, 291.386
4907, 5.26186e-10, 0.0485354, 0.131285, 0, 0, 1.06504e-18, 0, 0, 0.179821, 2.00281e-10, 0, 21.3654, 0.927628, 0.390272, 291.594
4908, 4.06025e-10, 0.0571925, 0.123243, 0, 0, 9.16718e-19, 0, 0, 0.180436, 1.55982e-10, 0, 21.6246, 0.927632, 0.385717, 291.664
4909, 1.00839e-09, 0.0442186, 0.135075, 0, 0, 3.01038e-18, 0, 0, 0.179294, 3.91975e-10, 0, 20.7149, 0.927636, 0.382197, 291.45
4910, 2.17522e-09, 0.0281747, 0.149106, 0, 0, 7.54979e-18, 0, 0, 0.177281, 8.5081e-10, 0, 19.9461, 0.92764, 0.387146, 291.093
4911, 3.18473e-09, 0.0216314, 0.15418, 0, 0, 1.17954e-17, 0, 0, 0.175812, 1.24521e-09, 0, 19.5649, 0.927644, 0.391828, 290.823
4912, 3.44377e-09, 0.0204205, 0.155122, 0, 0, 1.24115e-17, 0, 0, 0.175543, 1.34167e-09, 0, 19.4867, 0.927648, 0.392284, 290.749
4913, 3.1527e-09, 0.0209124, 0.155203, 0, 0, 1.0494e-17, 0, 0, 0.176115, 1.22016e-09, 0, 19.575, 0.927652, 0.390423, 290.813
4914, 2.79157e-09, 0.0231806, 0.153745, 0, 0, 9.16911e-18, 0, 0, 0.176925, 1.07278e-09, 0, 19.6967, 0.927656, 0.385871, 290.916
4915, 2.10865e-09, 0.030272, 0.148041, 0, 0, 7.14313e-18, 0, 0, 0.178313, 8.07161e-10, 0, 19.9772, 0.92766, 0.379755, 291.112
4916, 1.43341e-09, 0.0381998, 0.141443, 0, 0, 4.98136e-18, 0, 0, 0.179643, 5.51054e-10, 0, 20.3632, 0.927664, 0.378962, 291.297
4917, 1.91282e-09, 0.0350619, 0.144038, 0, 0, 6.95333e-18, 0, 0, 0.179099, 7.38818e-10, 0, 20.0747, 0.927668, 0.384822, 291.18
4918, 3.24412e-09, 0.0255164, 0.151704, 0, 0, 1.2133e-17, 0, 0, 0.177221, 1.23815e-09, 0, 19.5464, 0.927672, 0.38545, 290.845
4919, 4.12238e-09, 0.0205722, 0.155462, 0, 0, 1.51034e-17, 0, 0, 0.176034, 1.55246e-09, 0, 19.3068, 0.927676, 0.379424, 290.621
4920, 4.27992e-09, 0.0196463, 0.156289, 0, 0, 1.49944e-17, 0, 0, 0.175935, 1.60581e-09, 0, 19.2693, 0.92768, 0.375935, 290.575
4921, 4.46422e-09, 0.0194509, 0.15645, 0, 0, 1.63935e-17, 0, 0, 0.175901, 1.69981e-09, 0, 19.2272, 0.927684, 0.380597, 290.54
4922, 4.84367e-09, 0.0191167, 0.156507, 0, 0, 1.88096e-17, 0, 0, 0.175623, 1.86395e-09, 0, 19.1456, 0.927688, 0.385993, 290.464
4923, 4.9421e-09, 0.0190291, 0.156639, 0, 0, 1.83935e-17, 0, 0, 0.175668, 1.88505e-09, 0, 19.1255, 0.927692, 0.383587, 290.442
4924, 4.58815e-09, 0.0195417, 0.15679, 0, 0, 1.58122e-17, 0, 0, 0.176332, 1.73152e-09, 0, 19.1998, 0.927696, 0.379511, 290.521
4925, 3.85317e-09, 0.0208145, 0.156784, 0, 0, 1.29307e-17, 0, 0, 0.177598, 1.44402e-09, 0, 19.3744, 0.9277, 0.376857, 290.698
4926, 3.35446e-09, 0.0217703, 0.156761, 0, 0, 1.09041e-17, 0, 0, 0.178531, 1.23652e-09, 0, 19.513, 0.927704, 0.373004, 290.82
4927, 3.62298e-09, 0.0212259, 0.157083, 0, 0, 1.11981e-17, 0, 0, 0.178309, 1.32294e-09, 0, 19.436, 0.927708, 0.370471, 290.755
4928, 3.94767e-09, 0.0204911, 0.15752, 0, 0, 1.25953e-17, 0, 0, 0.178011, 1.46606e-09, 0, 19.3501, 0.927712, 0.375321, 290.677
4929, 3.71649e-09, 0.0208239, 0.15773, 0, 0, 1.28992e-17, 0, 0, 0.178554, 1.41795e-09, 0, 19.4105, 0.927716, 0.384614, 290.735
4930, 3.00219e-09, 0.0224563, 0.157339, 0, 0, 1.05919e-17, 0, 0, 0.179795, 1.16039e-09, 0, 19.6239, 0.92772, 0.387352, 290.906
4931, 2.01754e-09, 0.0280169, 0.153519, 0, 0, 6.51259e-18, 0, 0, 0.181536, 7.74489e-10, 0, 20.0214, 0.927724, 0.382978, 291.156
4932, 1.00739e-09, 0.0455013, 0.138212, 0, 0, 2.80115e-18, 0, 0, 0.183713, 3.80374e-10, 0, 20.7159, 0.927728, 0.381542, 291.474
4933, 3.22609e-10, 0.0756752, 0.110164, 0, 0, 7.74782e-19, 0, 0, 0.185839, 1.1992e-10, 0, 21.8546, 0.927732, 0.384693, 291.779
4934, 9.18087e-11, 0.0923552, 0.09454, 0, 0, 2.22089e-19, 0, 0, 0.186895, 3.38878e-11, 0, 23.1113, 0.927736, 0.383392, 291.915
4935, 2.17853e-10, 0.0749282, 0.111415, 0, 0, 6.41716e-19, 0, 0, 0.186343, 8.1336e-11, 0, 22.2472, 0.92774, 0.37785, 291.799
4936, 6.92578e-10, 0.0459511, 0.139009, 0, 0, 2.11588e-18, 0, 0, 0.18496, 2.59759e-10, 0, 21.0906, 0.927744, 0.374231, 291.553
4937, 1.34333e-09, 0.0300127, 0.153731, 0, 0, 4.11178e-18, 0, 0, 0.183743, 5.01551e-10, 0, 20.4281, 0.927748, 0.373724, 291.331
4938, 1.79235e-09, 0.025379, 0.157755, 0, 0, 5.35813e-18, 0, 0, 0.183134, 6.69227e-10, 0, 20.1397, 0.927752, 0.375353, 291.204
4939, 1.8039e-09, 0.0252673, 0.158028, 0, 0, 5.25623e-18, 0, 0, 0.183296, 6.83293e-10, 0, 20.1333, 0.927756, 0.381523, 291.201
4940, 1.37585e-09, 0.0290134, 0.155215, 0, 0, 4.03129e-18, 0, 0, 0.184228, 5.27994e-10, 0, 20.4042, 0.92776, 0.385705, 291.319
4941, 7.52487e-10, 0.0423868, 0.143341, 0, 0, 2.27387e-18, 0, 0, 0.185728, 2.89499e-10, 0, 21.0076, 0.927764, 0.384317, 291.526
4942, 2.66619e-10, 0.0701136, 0.117436, 0, 0, 8.20875e-19, 0, 0, 0.187549, 1.02328e-10, 0, 22.0452, 0.927768, 0.378967, 291.781
4943, 7.6957e-11, 0.0902427, 0.0985106, 0, 0, 2.34847e-19, 0, 0, 0.188753, 2.9446e-11, 0, 23.2878, 0.927772, 0.372772, 291.939
4944, 1.3152e-10, 0.0756141, 0.112685, 0, 0, 3.97757e-19, 0, 0, 0.188299, 5.02265e-11, 0, 22.7519, 0.927776, 0.374034, 291.839
4945, 3.74976e-10, 0.04783, 0.139377, 0, 0, 1.1213e-18, 0, 0, 0.187207, 1.42299e-10, 0, 21.7042, 0.92778, 0.379378, 291.64
4946, 6.83841e-10, 0.0332382, 0.153303, 0, 0, 1.96942e-18, 0, 0, 0.186541, 2.56671e-10, 0, 21.1033, 0.927784, 0.378908, 291.506
4947, 8.22752e-10, 0.0298057, 0.156631, 0, 0, 2.27552e-18, 0, 0, 0.186436, 3.05697e-10, 0, 20.9184, 0.927788, 0.373711, 291.46
4948, 6.78426e-10, 0.0314201, 0.155477, 0, 0, 1.8568e-18, 0, 0, 0.186897, 2.50061e-10, 0, 21.1112, 0.927792, 0.368917, 291.503
4949, 3.81579e-10, 0.0361981, 0.151445, 0, 0, 1.04688e-18, 0, 0, 0.187643, 1.39988e-10, 0, 21.6867, 0.927796, 0.36976, 291.59
4950, 1.51414e-10, 0.0458004, 0.142512, 0, 0, 4.1137e-19, 0, 0, 0.188313, 5.59465e-11, 0, 22.611, 0.9278, 0.376735, 291.665
4951, 4.52574e-11, 0.0682648, 0.120987, 0, 0, 1.20337e-19, 0, 0, 0.189252, 1.7021e-11, 0, 23.8187, 0.927804, 0.382335, 291.781
4952, 9.20345e-12, 0.105402, 0.085768, 0, 0, 2.3659e-20, 0, 0, 0.19117, 3.5067e-12, 0, 25.4114, 0.927808, 0.383491, 292.048
4953, 1.0495e-12, 0.136891, 0.0563185, 0, 0, 2.56339e-21, 0, 0, 0.19321, 4.01482e-13, 0, 27.5827, 0.927812, 0.379451, 292.33
4954, 6.04742e-14, 0.147337, 0.0467527, 0, 0, 1.37951e-22, 0, 0, 0.19409, 2.30935e-14, 0, 30.4366, 0.927816, 0.372455, 292.435
4955, 1.70785e-15, 0.138546, 0.054794, 0, 0, 3.60712e-24, 0, 0, 0.19334, 6.49226e-16, 0, 34.0035, 0.92782, 0.369473, 292.292
4956, 2.58314e-17, 0.126902, 0.0653514, 0, 0, 5.18561e-26, 0, 0, 0.192253, 9.78628e-18, 0, 38.1949, 0.927824, 0.372159, 292.096
4957, 2.38843e-16, 0.138037, 0.0557473, 0, 0, 5.52312e-25, 0, 0, 0.193784, 9.10564e-17, 0, 35.9707, 0.927828, 0.371563, 292.3
4958, 9.96752e-15, 0.15688, 0.0394879, 0, 0, 2.24566e-23, 0, 0, 0.196368, 3.78036e-15, 0, 32.2394, 0.927832, 0.368998, 292.661
4959, 2.1225e-13, 0.146065, 0.049575, 0, 0, 4.6391e-22, 0, 0, 0.19564, 7.9654e-14, 0, 29.181, 0.927836, 0.368688, 292.523
4960, 2.41251e-12, 0.107984, 0.0846113, 0, 0, 5.24517e-21, 0, 0, 0.192595, 8.96171e-13, 0, 26.7504, 0.92784, 0.369068, 292.032
4961, 1.54753e-11, 0.0721779, 0.118682, 0, 0, 3.55521e-20, 0, 0, 0.19086, 5.73134e-12, 0, 24.8918, 0.927844, 0.372792, 291.736
4962, 6.22723e-11, 0.0511272, 0.139492, 0, 0, 1.60997e-19, 0, 0, 0.190619, 2.32459e-11, 0, 23.4995, 0.927848, 0.37592, 291.67
4963, 1.87118e-10, 0.0407327, 0.149899, 0, 0, 5.48498e-19, 0, 0, 0.190631, 7.07142e-11, 0, 22.3993, 0.927852, 0.376844, 291.643
4964, 4.66689e-10, 0.0349724, 0.155381, 0, 0, 1.45924e-18, 0, 0, 0.190354, 1.77237e-10, 0, 21.4854, 0.927856, 0.379148, 291.571
4965, 9.25759e-10, 0.0307834, 0.158979, 0, 0, 2.88322e-18, 0, 0, 0.189762, 3.48387e-10, 0, 20.8004, 0.92786, 0.37936, 291.451
4966, 1.42372e-09, 0.0278865, 0.161253, 0, 0, 4.32485e-18, 0, 0, 0.18914, 5.24003e-10, 0, 20.37, 0.927864, 0.372746, 291.325
4967, 1.76286e-09, 0.0264605, 0.162349, 0, 0, 5.42424e-18, 0, 0, 0.18881, 6.36942e-10, 0, 20.1563, 0.927868, 0.362899, 291.245
4968, 1.93089e-09, 0.0259685, 0.162797, 0, 0, 6.19546e-18, 0, 0, 0.188766, 6.98507e-10, 0, 20.0653, 0.927872, 0.359642, 291.209
4969, 2.09289e-09, 0.0256259, 0.163111, 0, 0, 6.80999e-18, 0, 0, 0.188737, 7.62878e-10, 0, 19.9847, 0.927876, 0.362803, 291.175
4970, 2.2891e-09, 0.0252368, 0.163423, 0, 0, 7.30912e-18, 0, 0, 0.188659, 8.25859e-10, 0, 19.8951, 0.92788, 0.362214, 291.134
4971, 2.35811e-09, 0.0252117, 0.163561, 0, 0, 7.57138e-18, 0, 0, 0.188773, 8.37306e-10, 0, 19.8654, 0.927884, 0.358131, 291.123
4972, 2.09174e-09, 0.0260367, 0.163317, 0, 0, 6.84076e-18, 0, 0, 0.189353, 7.45967e-10, 0, 19.9853, 0.927888, 0.360811, 291.183
4973, 1.75919e-09, 0.0272108, 0.162806, 0, 0, 5.70854e-18, 0, 0, 0.190017, 6.43315e-10, 0, 20.1584, 0.927892, 0.369045, 291.257
4974, 1.44261e-09, 0.0306828, 0.160034, 0, 0, 4.51552e-18, 0, 0, 0.190717, 5.37754e-10, 0, 20.3568, 0.927896, 0.374517, 291.335
4975, 8.80223e-10, 0.0445441, 0.147514, 0, 0, 2.65607e-18, 0, 0, 0.192058, 3.29812e-10, 0, 20.8508, 0.9279, 0.376037, 291.512
4976, 3.27704e-10, 0.0698561, 0.123912, 0, 0, 9.65579e-19, 0, 0, 0.193768, 1.22599e-10, 0, 21.8389, 0.927904, 0.376321, 291.744
4977, 8.91675e-11, 0.0805902, 0.114006, 0, 0, 2.43389e-19, 0, 0, 0.194596, 3.26821e-11, 0, 23.1405, 0.927908, 0.372547, 291.84
4978, 6.50167e-11, 0.0669105, 0.127421, 0, 0, 1.49925e-19, 0, 0, 0.194332, 2.23406e-11, 0, 23.4564, 0.927912, 0.362522, 291.771
4979, 6.4429e-11, 0.0651487, 0.129308, 0, 0, 1.47604e-19, 0, 0, 0.194457, 2.15397e-11, 0, 23.4655, 0.927916, 0.356899, 291.761
4980, 3.9943e-11, 0.0873677, 0.10816, 0, 0, 9.81484e-20, 0, 0, 0.195528, 1.33858e-11, 0, 23.9436, 0.92792, 0.363473, 291.894
4981, 8.28141e-11, 0.0947925, 0.101205, 0, 0, 2.50938e-19, 0, 0, 0.195997, 2.92296e-11, 0, 23.2144, 0.927924, 0.369658, 291.936
4982, 3.718e-10, 0.0689063, 0.12596, 0, 0, 1.21566e-18, 0, 0, 0.194867, 1.33215e-10, 0, 21.7127, 0.927928, 0.36673, 291.736
4983, 1.03474e-09, 0.0415082, 0.151812, 0, 0, 3.56722e-18, 0, 0, 0.19332, 3.75974e-10, 0, 20.6891, 0.927932, 0.362923, 291.473
4984, 1.74388e-09, 0.0303251, 0.16196, 0, 0, 6.206e-18, 0, 0, 0.192285, 6.41255e-10, 0, 20.1672, 0.927936, 0.36568, 291.286
4985, 1.98578e-09, 0.029409, 0.162717, 0, 0, 7.13408e-18, 0, 0, 0.192126, 7.3476e-10, 0, 20.0373, 0.92794, 0.369518, 291.233
4986, 2.1541e-09, 0.0300021, 0.162125, 0, 0, 7.93034e-18, 0, 0, 0.192127, 8.01148e-10, 0, 19.9559, 0.927944, 0.371298, 291.204
4987, 2.84707e-09, 0.0273425, 0.164071, 0, 0, 1.08911e-17, 0, 0, 0.191414, 1.0625e-09, 0, 19.677, 0.927948, 0.372812, 291.066
4988, 3.54504e-09, 0.0244737, 0.166216, 0, 0, 1.3613e-17, 0, 0, 0.19069, 1.31011e-09, 0, 19.4577, 0.927952, 0.370434, 290.925
4989, 3.7581e-09, 0.0236325, 0.166971, 0, 0, 1.38734e-17, 0, 0, 0.190603, 1.35377e-09, 0, 19.3994, 0.927956, 0.361405, 290.883
4990, 3.52253e-09, 0.0240213, 0.167065, 0, 0, 1.23027e-17, 0, 0, 0.191087, 1.23749e-09, 0, 19.4641, 0.92796, 0.352973, 290.929
4991, 2.98011e-09, 0.0250319, 0.166927, 0, 0, 1.01018e-17, 0, 0, 0.191959, 1.04238e-09, 0, 19.6313, 0.927964, 0.352552, 291.033
4992, 2.6266e-09, 0.0256898, 0.166903, 0, 0, 8.90297e-18, 0, 0, 0.192593, 9.34547e-10, 0, 19.7576, 0.927968, 0.357382, 291.102
4993, 2.89675e-09, 0.0251801, 0.167264, 0, 0, 9.97999e-18, 0, 0, 0.192444, 1.04685e-09, 0, 19.6597, 0.927972, 0.361545, 291.05
4994, 3.34081e-09, 0.0243973, 0.167693, 0, 0, 1.17613e-17, 0, 0, 0.19209, 1.20817e-09, 0, 19.5171, 0.927976, 0.362532, 290.967
4995, 3.3747e-09, 0.0244629, 0.167796, 0, 0, 1.21861e-17, 0, 0, 0.192259, 1.22388e-09, 0, 19.507, 0.92798, 0.364293, 290.964
4996, 2.93258e-09, 0.0258097, 0.167227, 0, 0, 1.07358e-17, 0, 0, 0.193037, 1.07779e-09, 0, 19.6474, 0.927984, 0.369205, 291.054
4997, 2.16853e-09, 0.0283982, 0.165851, 0, 0, 7.78499e-18, 0, 0, 0.194249, 8.0371e-10, 0, 19.9492, 0.927988, 0.371517, 291.209
4998, 1.46497e-09, 0.0309505, 0.164432, 0, 0, 4.95768e-18, 0, 0, 0.195382, 5.41979e-10, 0, 20.3414, 0.927992, 0.369329, 291.352
4999, 9.51677e-10, 0.0349225, 0.161383, 0, 0, 3.03757e-18, 0, 0, 0.196305, 3.49875e-10, 0, 20.7728, 0.927998, 0.362915, 291.462
5000, 4.55373e-10, 0.045945, 0.151417, 0, 0, 1.39679e-18, 0, 0, 0.197362, 1.66196e-10, 0, 21.5099, 0.92801, 0.355536, 291.592
5001, 1.27866e-10, 0.070874, 0.127859, 0, 0, 3.75041e-19, 0, 0, 0.198733, 4.62749e-11, 0, 22.78, 0.92803, 0.351815, 291.768
5002, 2.1641e-11, 0.104651, 0.0958654, 0, 0, 5.91961e-20, 0, 0, 0.200516, 7.77162e-12, 0, 24.5564, 0.928056, 0.352051, 292.004
5003, 1.57812e-11, 0.11251, 0.0885867, 0, 0, 4.11395e-20, 0, 0, 0.201096, 5.79209e-12, 0, 24.8722, 0.928084, 0.355955, 292.061
5004, 8.07996e-11, 0.0829771, 0.116882, 0, 0, 2.1607e-19, 0, 0, 0.199859, 2.94661e-11, 0, 23.239, 0.928112, 0.363238, 291.849
5005, 2.67455e-10, 0.0518172, 0.146927, 0, 0, 7.30473e-19, 0, 0, 0.198744, 9.61066e-11, 0, 22.0421, 0.92814, 0.366009, 291.655
5006, 5.46707e-10, 0.0374486, 0.160816, 0, 0, 1.53291e-18, 0, 0, 0.198264, 1.94581e-10, 0, 21.3271, 0.928168, 0.361389, 291.554
5007, 7.52699e-10, 0.0333009, 0.164815, 0, 0, 2.17222e-18, 0, 0, 0.198116, 2.68572e-10, 0, 21.0074, 0.928196, 0.358547, 291.504
5008, 7.79063e-10, 0.0328445, 0.165425, 0, 0, 2.28192e-18, 0, 0, 0.19827, 2.8005e-10, 0, 20.9729, 0.928224, 0.360119, 291.498
5009, 6.85193e-10, 0.0336401, 0.164971, 0, 0, 1.99586e-18, 0, 0, 0.198611, 2.47135e-10, 0, 21.1013, 0.928252, 0.361065, 291.52
5010, 5.27781e-10, 0.0353149, 0.163742, 0, 0, 1.51294e-18, 0, 0, 0.199057, 1.89938e-10, 0, 21.3623, 0.92828, 0.360135, 291.558
5011, 3.41863e-10, 0.0379731, 0.161578, 0, 0, 9.56317e-19, 0, 0, 0.199552, 1.22361e-10, 0, 21.7966, 0.928308, 0.358063, 291.602
5012, 1.87575e-10, 0.0416447, 0.15834, 0, 0, 5.05796e-19, 0, 0, 0.199985, 6.66192e-11, 0, 22.3968, 0.928336, 0.355204, 291.638
5013, 8.68188e-11, 0.0472783, 0.153014, 0, 0, 2.2373e-19, 0, 0, 0.200292, 3.04916e-11, 0, 23.1672, 0.928364, 0.356005, 291.655
5014, 3.09672e-11, 0.0577647, 0.142759, 0, 0, 7.71363e-20, 0, 0, 0.200524, 1.08757e-11, 0, 24.1981, 0.928392, 0.357869, 291.661
5015, 7.58548e-12, 0.0790789, 0.122108, 0, 0, 1.85697e-20, 0, 0, 0.201186, 2.70417e-12, 0, 25.6048, 0.92842, 0.355767, 291.73
5016, 1.16161e-12, 0.115093, 0.0881792, 0, 0, 2.80027e-21, 0, 0, 0.203272, 4.1996e-13, 0, 27.4812, 0.928448, 0.355986, 292.007
5017, 1.02839e-13, 0.154442, 0.0522172, 0, 0, 2.42555e-22, 0, 0, 0.206659, 3.73388e-14, 0, 29.9056, 0.928476, 0.356589, 292.471
5018, 4.9449e-15, 0.182592, 0.0275072, 0, 0, 1.13575e-23, 0, 0, 0.210099, 1.78979e-15, 0, 32.9404, 0.928504, 0.354579, 292.936
5019, 1.23253e-16, 0.197865, 0.0147179, 0, 0, 2.75281e-25, 0, 0, 0.212583, 4.43176e-17, 0, 36.6323, 0.928532, 0.35688, 293.259
5020, 3.92799e-18, 0.19901, 0.0140165, 0, 0, 7.97021e-27, 0, 0, 0.213026, 1.37442e-18, 0, 40.0784, 0.92856, 0.359256, 293.293
5021, 7.41898e-17, 0.181064, 0.0295719, 0, 0, 1.45607e-25, 0, 0, 0.210636, 2.58711e-17, 0, 37.1399, 0.928588, 0.355094, 292.926
5022, 1.10291e-15, 0.14631, 0.0601983, 0, 0, 2.18605e-24, 0, 0, 0.206509, 3.87605e-16, 0, 34.4408, 0.928616, 0.351786, 292.307
5023, 7.99829e-15, 0.110772, 0.0926672, 0, 0, 1.59383e-23, 0, 0, 0.203439, 2.82321e-15, 0, 32.4595, 0.928644, 0.351793, 291.832
5024, 2.89745e-14, 0.0870143, 0.115327, 0, 0, 5.77865e-23, 0, 0, 0.202341, 1.02199e-14, 0, 31.1724, 0.928672, 0.351181, 291.643
5025, 5.36817e-14, 0.0770111, 0.125272, 0, 0, 1.06787e-22, 0, 0, 0.202283, 1.88161e-14, 0, 30.5557, 0.9287, 0.350141, 291.606
5026, 5.1184e-14, 0.0808297, 0.121821, 0, 0, 1.01401e-22, 0, 0, 0.202651, 1.77633e-14, 0, 30.6033, 0.928728, 0.34786, 291.631
5027, 2.46461e-14, 0.102076, 0.101923, 0, 0, 4.86561e-23, 0, 0, 0.203999, 8.4702e-15, 0, 31.3342, 0.928756, 0.345601, 291.8
5028, 5.90048e-15, 0.138698, 0.0684775, 0, 0, 1.16546e-23, 0, 0, 0.207176, 2.01525e-15, 0, 32.7637, 0.928784, 0.347006, 292.232
5029, 5.62032e-15, 0.165634, 0.0444488, 0, 0, 1.25808e-23, 0, 0, 0.210082, 1.93563e-15, 0, 32.8124, 0.928812, 0.351208, 292.62
5030, 1.26055e-13, 0.15458, 0.0545275, 0, 0, 2.97356e-22, 0, 0, 0.209108, 4.39099e-14, 0, 29.7021, 0.92884, 0.352206, 292.452
5031, 1.65062e-12, 0.117462, 0.0884877, 0, 0, 4.07499e-21, 0, 0, 0.20595, 5.82003e-13, 0, 27.1299, 0.928868, 0.351712, 291.97
5032, 1.20928e-11, 0.0834234, 0.120829, 0, 0, 3.12793e-20, 0, 0, 0.204253, 4.30848e-12, 0, 25.1384, 0.928896, 0.350019, 291.695
5033, 5.37595e-11, 0.0610493, 0.14302, 0, 0, 1.44632e-19, 0, 0, 0.204069, 1.9206e-11, 0, 23.6465, 0.928924, 0.350242, 291.64
5034, 1.6506e-10, 0.0484459, 0.155743, 0, 0, 4.60767e-19, 0, 0, 0.204189, 5.85517e-11, 0, 22.5247, 0.928952, 0.353736, 291.629
5035, 4.13522e-10, 0.0418535, 0.162246, 0, 0, 1.20687e-18, 0, 0, 0.2041, 1.45854e-10, 0, 21.6063, 0.92898, 0.353437, 291.587
5036, 8.3383e-10, 0.0372098, 0.166552, 0, 0, 2.5315e-18, 0, 0, 0.203762, 2.95111e-10, 0, 20.905, 0.929008, 0.352418, 291.51
5037, 1.19565e-09, 0.0344762, 0.16903, 0, 0, 3.71776e-18, 0, 0, 0.203506, 4.2548e-10, 0, 20.5446, 0.929036, 0.355266, 291.444
5038, 1.23061e-09, 0.0351814, 0.168488, 0, 0, 3.86574e-18, 0, 0, 0.20367, 4.38869e-10, 0, 20.5158, 0.929064, 0.358531, 291.44
5039, 1.32519e-09, 0.036122, 0.167672, 0, 0, 4.19552e-18, 0, 0, 0.203794, 4.66468e-10, 0, 20.4417, 0.929092, 0.357736, 291.429
5040, 1.99714e-09, 0.0333697, 0.169906, 0, 0, 6.46763e-18, 0, 0, 0.203275, 6.93045e-10, 0, 20.0315, 0.92912, 0.352238, 291.325
5041, 2.63677e-09, 0.0303219, 0.172466, 0, 0, 8.67489e-18, 0, 0, 0.202788, 9.16435e-10, 0, 19.7537, 0.929148, 0.347966, 291.226
5042, 2.55436e-09, 0.0302189, 0.172853, 0, 0, 8.3335e-18, 0, 0, 0.203072, 8.8819e-10, 0, 19.7855, 0.929176, 0.344492, 291.239
5043, 2.32931e-09, 0.0309025, 0.172614, 0, 0, 7.52587e-18, 0, 0, 0.203516, 8.08268e-10, 0, 19.8777, 0.929204, 0.342424, 291.276
5044, 2.52556e-09, 0.0305976, 0.172938, 0, 0, 8.39873e-18, 0, 0, 0.203536, 8.87859e-10, 0, 19.7968, 0.929232, 0.347956, 291.25
5045, 2.598e-09, 0.0308147, 0.172861, 0, 0, 8.83246e-18, 0, 0, 0.203676, 9.26274e-10, 0, 19.7685, 0.92926, 0.354965, 291.242
5046, 2.33737e-09, 0.0327129, 0.171438, 0, 0, 7.94926e-18, 0, 0, 0.20415, 8.35073e-10, 0, 19.8742, 0.929288, 0.353912, 291.283
5047, 1.92064e-09, 0.0368552, 0.16794, 0, 0, 6.47136e-18, 0, 0, 0.204795, 6.80993e-10, 0, 20.0706, 0.929316, 0.348648, 291.349
5048, 1.80922e-09, 0.041005, 0.164145, 0, 0, 6.1075e-18, 0, 0, 0.20515, 6.41048e-10, 0, 20.1304, 0.929344, 0.350087, 291.372
5049, 2.72618e-09, 0.0388082, 0.165694, 0, 0, 9.53316e-18, 0, 0, 0.204502, 9.72659e-10, 0, 19.7204, 0.929372, 0.355501, 291.25
5050, 4.30788e-09, 0.0314173, 0.171802, 0, 0, 1.55224e-17, 0, 0, 0.20322, 1.53806e-09, 0, 19.2628, 0.9294, 0.357422, 291.035
5051, 5.30293e-09, 0.0269966, 0.175515, 0, 0, 1.94253e-17, 0, 0, 0.202511, 1.88595e-09, 0, 19.055, 0.929428, 0.356043, 290.903
5052, 5.41973e-09, 0.0262318, 0.176379, 0, 0, 1.96716e-17, 0, 0, 0.202611, 1.90141e-09, 0, 19.0332, 0.929456, 0.350957, 290.889
5053, 5.28918e-09, 0.0263925, 0.176541, 0, 0, 1.84376e-17, 0, 0, 0.202933, 1.80153e-09, 0, 19.0576, 0.929484, 0.341134, 290.908
5054, 5.20438e-09, 0.0266769, 0.176548, 0, 0, 1.73958e-17, 0, 0, 0.203225, 1.72474e-09, 0, 19.0738, 0.929512, 0.332958, 290.923
5055, 4.60333e-09, 0.0280884, 0.175888, 0, 0, 1.51293e-17, 0, 0, 0.203976, 1.52646e-09, 0, 19.1965, 0.92954, 0.336035, 291.004
5056, 3.4383e-09, 0.030748, 0.174482, 0, 0, 1.12815e-17, 0, 0, 0.20523, 1.17076e-09, 0, 19.4883, 0.929568, 0.346476, 291.158
5057, 2.6181e-09, 0.0327595, 0.173403, 0, 0, 8.42809e-18, 0, 0, 0.206162, 9.11965e-10, 0, 19.7608, 0.929596, 0.350678, 291.265
5058, 2.07711e-09, 0.0378768, 0.169056, 0, 0, 6.4515e-18, 0, 0, 0.206933, 7.25373e-10, 0, 19.9923, 0.929624, 0.347235, 291.349
5059, 1.18402e-09, 0.0554298, 0.152938, 0, 0, 3.51435e-18, 0, 0, 0.208368, 4.11404e-10, 0, 20.5544, 0.929652, 0.343982, 291.527
5060, 4.87113e-10, 0.0750825, 0.13466, 0, 0, 1.36745e-18, 0, 0, 0.209743, 1.68871e-10, 0, 21.4425, 0.92968, 0.347238, 291.695
5061, 5.88803e-10, 0.0692799, 0.140427, 0, 0, 1.69578e-18, 0, 0, 0.209707, 2.08596e-10, 0, 21.2529, 0.929708, 0.352879, 291.662
5062, 1.47356e-09, 0.047454, 0.161082, 0, 0, 4.46718e-18, 0, 0, 0.208536, 5.23339e-10, 0, 20.3356, 0.929736, 0.355454, 291.467
5063, 2.70617e-09, 0.0342189, 0.173125, 0, 0, 8.54771e-18, 0, 0, 0.207344, 9.54879e-10, 0, 19.7277, 0.929764, 0.354351, 291.267
5064, 3.65285e-09, 0.0299758, 0.176689, 0, 0, 1.18009e-17, 0, 0, 0.206665, 1.26855e-09, 0, 19.4278, 0.929792, 0.348907, 291.142
5065, 4.13384e-09, 0.0288559, 0.177606, 0, 0, 1.32656e-17, 0, 0, 0.206462, 1.40075e-09, 0, 19.3041, 0.92982, 0.339926, 291.084
5066, 4.25816e-09, 0.0286595, 0.177905, 0, 0, 1.3297e-17, 0, 0, 0.206565, 1.41333e-09, 0, 19.2744, 0.929848, 0.332404, 291.071
5067, 4.06327e-09, 0.0289992, 0.17793, 0, 0, 1.23834e-17, 0, 0, 0.206929, 1.34374e-09, 0, 19.3213, 0.929876, 0.331641, 291.096
5068, 3.65589e-09, 0.0297185, 0.177756, 0, 0, 1.12557e-17, 0, 0, 0.207475, 1.2334e-09, 0, 19.4269, 0.929904, 0.339294, 291.146
5069, 3.20928e-09, 0.0305636, 0.177495, 0, 0, 1.01366e-17, 0, 0, 0.208058, 1.11199e-09, 0, 19.5572, 0.929932, 0.347735, 291.202
5070, 2.83619e-09, 0.0313435, 0.177235, 0, 0, 8.83384e-18, 0, 0, 0.208578, 9.8683e-10, 0, 19.6808, 0.92996, 0.347951, 291.249
5071, 2.46296e-09, 0.0322502, 0.176852, 0, 0, 7.31435e-18, 0, 0, 0.209102, 8.48148e-10, 0, 19.8219, 0.929988, 0.344903, 291.296
5072, 2.00228e-09, 0.0336077, 0.176109, 0, 0, 5.80237e-18, 0, 0, 0.209717, 6.91493e-10, 0, 20.029, 0.930016, 0.347105, 291.356
5073, 1.48927e-09, 0.0356757, 0.174726, 0, 0, 4.337e-18, 0, 0, 0.210402, 5.20585e-10, 0, 20.325, 0.930044, 0.350307, 291.425
5074, 9.69648e-10, 0.0391016, 0.172012, 0, 0, 2.79658e-18, 0, 0, 0.211113, 3.40176e-10, 0, 20.7541, 0.930072, 0.34881, 291.498
5075, 5.07591e-10, 0.0442914, 0.167487, 0, 0, 1.41563e-18, 0, 0, 0.211779, 1.77046e-10, 0, 21.4013, 0.9301, 0.344205, 291.565
5076, 2.0212e-10, 0.0504247, 0.161842, 0, 0, 5.36018e-19, 0, 0, 0.212267, 6.98021e-11, 0, 22.3222, 0.930128, 0.340363, 291.606
5077, 6.3785e-11, 0.0577756, 0.154748, 0, 0, 1.5943e-19, 0, 0, 0.212524, 2.18348e-11, 0, 23.4755, 0.930156, 0.336877, 291.614
5078, 1.60386e-11, 0.0682201, 0.144439, 0, 0, 3.80994e-20, 0, 0, 0.212659, 5.45874e-12, 0, 24.856, 0.930184, 0.332974, 291.606
5079, 2.89536e-12, 0.0850289, 0.12799, 0, 0, 6.57325e-21, 0, 0, 0.213019, 9.77289e-13, 0, 26.5679, 0.930212, 0.330918, 291.629
5080, 3.5221e-13, 0.113057, 0.10139, 0, 0, 7.63341e-22, 0, 0, 0.214448, 1.17816e-13, 0, 28.6745, 0.93024, 0.33459, 291.801
5081, 2.85274e-14, 0.151708, 0.0661693, 0, 0, 5.94875e-23, 0, 0, 0.217878, 9.53493e-15, 0, 31.1879, 0.930268, 0.341597, 292.251
5082, 1.46105e-15, 0.187352, 0.0348808, 0, 0, 2.96537e-24, 0, 0, 0.222233, 4.90198e-16, 0, 34.1596, 0.930296, 0.34218, 292.822
5083, 4.22918e-17, 0.200993, 0.0231372, 0, 0, 8.3873e-26, 0, 0, 0.22413, 1.41679e-17, 0, 37.7019, 0.930324, 0.338681, 293.052
5084, 8.12357e-18, 0.195487, 0.0277514, 0, 0, 1.53e-26, 0, 0, 0.223239, 2.66021e-18, 0, 39.3518, 0.930352, 0.340233, 292.903
5085, 4.93846e-16, 0.191186, 0.0316197, 0, 0, 9.76914e-25, 0, 0, 0.222805, 1.62224e-16, 0, 35.2443, 0.93038, 0.344285, 292.816
5086, 1.59727e-14, 0.180516, 0.0414906, 0, 0, 3.29263e-23, 0, 0, 0.222007, 5.28459e-15, 0, 31.7679, 0.930408, 0.343849, 292.68
5087, 2.73919e-13, 0.146532, 0.0722999, 0, 0, 5.86795e-22, 0, 0, 0.218832, 9.14478e-14, 0, 28.9259, 0.930436, 0.340708, 292.216
5088, 2.62282e-12, 0.105452, 0.110451, 0, 0, 5.78314e-21, 0, 0, 0.215904, 8.78396e-13, 0, 26.6668, 0.930464, 0.337329, 291.783
5089, 1.49818e-11, 0.0766106, 0.138367, 0, 0, 3.342e-20, 0, 0, 0.214978, 4.97292e-12, 0, 24.9242, 0.930492, 0.333986, 291.625
5090, 5.54289e-11, 0.0605421, 0.154519, 0, 0, 1.22558e-19, 0, 0, 0.215061, 1.80573e-11, 0, 23.6159, 0.93052, 0.332098, 291.609
5091, 1.43748e-10, 0.0517836, 0.163468, 0, 0, 3.12889e-19, 0, 0, 0.215252, 4.61517e-11, 0, 22.663, 0.930548, 0.327299, 291.608
5092, 2.76149e-10, 0.0467867, 0.168564, 0, 0, 6.12515e-19, 0, 0, 0.215351, 8.92838e-11, 0, 22.0101, 0.930576, 0.323011, 291.595
5093, 4.07376e-10, 0.0441062, 0.171317, 0, 0, 9.62923e-19, 0, 0, 0.215423, 1.34986e-10, 0, 21.6213, 0.930604, 0.328009, 291.577
5094, 4.66882e-10, 0.043429, 0.172132, 0, 0, 1.16119e-18, 0, 0, 0.215561, 1.57207e-10, 0, 21.4849, 0.930632, 0.334991, 291.568
5095, 4.01579e-10, 0.0457443, 0.170071, 0, 0, 1.00468e-18, 0, 0, 0.215815, 1.34921e-10, 0, 21.6356, 0.93066, 0.335717, 291.576
5096, 2.38978e-10, 0.0550597, 0.161154, 0, 0, 5.8488e-19, 0, 0, 0.216214, 7.96521e-11, 0, 22.1547, 0.930688, 0.336132, 291.604
5097, 8.8938e-11, 0.0792285, 0.137936, 0, 0, 2.11218e-19, 0, 0, 0.217164, 2.96015e-11, 0, 23.1431, 0.930716, 0.337573, 291.709
5098, 1.90379e-11, 0.118022, 0.101262, 0, 0, 4.36502e-20, 0, 0, 0.219284, 6.37267e-12, 0, 24.6846, 0.930744, 0.337043, 291.974
5099, 5.79931e-12, 0.139747, 0.0810673, 0, 0, 1.30059e-20, 0, 0, 0.220815, 1.96066e-12, 0, 25.8733, 0.930772, 0.336989, 292.157
5100, 2.77043e-11, 0.116701, 0.102927, 0, 0, 6.53779e-20, 0, 0, 0.219628, 9.44201e-12, 0, 24.3094, 0.9308, 0.336739, 291.966
5101, 1.07682e-10, 0.0775146, 0.140411, 0, 0, 2.62413e-19, 0, 0, 0.217926, 3.6803e-11, 0, 22.9518, 0.930828, 0.336501, 291.704
5102, 2.73707e-10, 0.0546671, 0.16271, 0, 0, 6.88132e-19, 0, 0, 0.217377, 9.3252e-11, 0, 22.019, 0.930856, 0.339174, 291.6
5103, 5.99833e-10, 0.0461081, 0.171121, 0, 0, 1.53277e-18, 0, 0, 0.217229, 2.02177e-10, 0, 21.2344, 0.930884, 0.34028, 291.552
5104, 1.08136e-09, 0.0414617, 0.17554, 0, 0, 2.70137e-18, 0, 0, 0.217001, 3.58488e-10, 0, 20.645, 0.930912, 0.335405, 291.493
5105, 1.3753e-09, 0.0395363, 0.17741, 0, 0, 3.32112e-18, 0, 0, 0.216946, 4.47849e-10, 0, 20.4046, 0.93094, 0.327897, 291.457
5106, 1.20343e-09, 0.0444543, 0.172921, 0, 0, 2.93004e-18, 0, 0, 0.217375, 3.90247e-10, 0, 20.5381, 0.930968, 0.32683, 291.489
5107, 6.94088e-10, 0.0609412, 0.157375, 0, 0, 1.76705e-18, 0, 0, 0.218316, 2.28274e-10, 0, 21.0884, 0.930996, 0.329961, 291.592
5108, 2.4545e-10, 0.0787439, 0.140453, 0, 0, 6.4278e-19, 0, 0, 0.219197, 8.20186e-11, 0, 22.1279, 0.931024, 0.329951, 291.686
5109, 6.13178e-11, 0.0799732, 0.139367, 0, 0, 1.52561e-19, 0, 0, 0.21934, 2.04535e-11, 0, 23.5149, 0.931052, 0.32946, 291.678
5110, 2.00448e-11, 0.0787028, 0.140653, 0, 0, 4.30981e-20, 0, 0, 0.219356, 6.57729e-12, 0, 24.6331, 0.93108, 0.332735, 291.653
5111, 7.83023e-12, 0.0921982, 0.127753, 0, 0, 1.60132e-20, 0, 0, 0.219951, 2.59196e-12, 0, 25.573, 0.931108, 0.336896, 291.707
5112, 2.08965e-12, 0.106474, 0.11402, 0, 0, 4.30804e-21, 0, 0, 0.220494, 7.03182e-13, 0, 26.894, 0.931136, 0.33553, 291.754
5113, 3.10535e-13, 0.114756, 0.106244, 0, 0, 6.42091e-22, 0, 0, 0.221001, 1.05213e-13, 0, 28.8005, 0.931164, 0.333358, 291.796
5114, 5.38145e-14, 0.138241, 0.0849326, 0, 0, 1.0265e-22, 0, 0, 0.223174, 1.7676e-14, 0, 30.5532, 0.931192, 0.335754, 292.065
5115, 6.34029e-13, 0.159973, 0.065466, 0, 0, 1.21018e-21, 0, 0, 0.225439, 2.02683e-13, 0, 28.0867, 0.93122, 0.339048, 292.344
5116, 7.6336e-12, 0.141108, 0.083197, 0, 0, 1.54104e-20, 0, 0, 0.224305, 2.41465e-12, 0, 25.5985, 0.931248, 0.339524, 292.164
5117, 5.03322e-11, 0.0973929, 0.124366, 0, 0, 1.08185e-19, 0, 0, 0.221759, 1.58443e-11, 0, 23.7124, 0.931276, 0.33507, 291.79
5118, 1.95313e-10, 0.0649633, 0.155704, 0, 0, 4.42831e-19, 0, 0, 0.220667, 6.14018e-11, 0, 22.3564, 0.931304, 0.325718, 291.613
5119, 4.90865e-10, 0.0497711, 0.170698, 0, 0, 1.15117e-18, 0, 0, 0.220469, 1.54128e-10, 0, 21.4349, 0.931332, 0.317883, 291.559
5120, 8.75467e-10, 0.0435161, 0.176843, 0, 0, 2.08453e-18, 0, 0, 0.220359, 2.76766e-10, 0, 20.8563, 0.93136, 0.316251, 291.516
5121, 1.18446e-09, 0.0409582, 0.17935, 0, 0, 2.82673e-18, 0, 0, 0.220308, 3.83509e-10, 0, 20.554, 0.931388, 0.322577, 291.482
5122, 1.30062e-09, 0.040358, 0.180054, 0, 0, 3.11788e-18, 0, 0, 0.220412, 4.32014e-10, 0, 20.4604, 0.931416, 0.331732, 291.469
5123, 1.21613e-09, 0.0419245, 0.178751, 0, 0, 2.99242e-18, 0, 0, 0.220675, 4.08205e-10, 0, 20.5276, 0.931444, 0.334446, 291.477
5124, 8.96508e-10, 0.0475722, 0.173537, 0, 0, 2.24474e-18, 0, 0, 0.221109, 3.0077e-10, 0, 20.8325, 0.931472, 0.331219, 291.51
5125, 5.20875e-10, 0.0541379, 0.167441, 0, 0, 1.25602e-18, 0, 0, 0.221579, 1.74028e-10, 0, 21.3755, 0.9315, 0.329131, 291.546
5126, 3.82102e-10, 0.0542157, 0.167678, 0, 0, 8.42553e-19, 0, 0, 0.221894, 1.27457e-10, 0, 21.6853, 0.931528, 0.331058, 291.562
5127, 3.31241e-10, 0.0527883, 0.169375, 0, 0, 7.12491e-19, 0, 0, 0.222163, 1.10243e-10, 0, 21.8282, 0.931556, 0.330575, 291.571
5128, 2.11154e-10, 0.0577889, 0.164762, 0, 0, 4.58305e-19, 0, 0, 0.222551, 6.94325e-11, 0, 22.2784, 0.931584, 0.326203, 291.597
5129, 1.0684e-10, 0.0722252, 0.150936, 0, 0, 2.32351e-19, 0, 0, 0.223161, 3.44042e-11, 0, 22.9597, 0.931612, 0.32437, 291.653
5130, 4.87353e-11, 0.086236, 0.137518, 0, 0, 1.04143e-19, 0, 0, 0.223754, 1.54357e-11, 0, 23.7446, 0.93164, 0.32499, 291.706
5131, 3.60423e-11, 0.0800792, 0.143676, 0, 0, 7.28303e-20, 0, 0, 0.223755, 1.11829e-11, 0, 24.0463, 0.931668, 0.320137, 291.679
5132, 4.04361e-11, 0.0663766, 0.157147, 0, 0, 7.91016e-20, 0, 0, 0.223524, 1.23952e-11, 0, 23.9313, 0.931696, 0.312586, 291.62
5133, 2.99507e-11, 0.0644627, 0.159053, 0, 0, 5.74274e-20, 0, 0, 0.223515, 9.13072e-12, 0, 24.2315, 0.931724, 0.314144, 291.592
5134, 1.27372e-11, 0.0740564, 0.149602, 0, 0, 2.40266e-20, 0, 0, 0.223659, 3.89739e-12, 0, 25.0865, 0.931752, 0.323445, 291.584
5135, 3.16236e-12, 0.0948186, 0.129491, 0, 0, 5.93013e-21, 0, 0, 0.22431, 9.86031e-13, 0, 26.4797, 0.93178, 0.328869, 291.645
5136, 4.57031e-13, 0.13029, 0.0963245, 0, 0, 8.57149e-22, 0, 0, 0.226615, 1.46345e-13, 0, 28.414, 0.931808, 0.328667, 291.928
5137, 3.72916e-14, 0.172172, 0.0584433, 0, 0, 6.95012e-23, 0, 0, 0.230616, 1.21888e-14, 0, 30.92, 0.931836, 0.327864, 292.434
5138, 1.64632e-15, 0.195882, 0.0373471, 0, 0, 3.01238e-24, 0, 0, 0.233229, 5.42955e-16, 0, 34.0402, 0.931864, 0.330884, 292.752
5139, 3.77362e-17, 0.199075, 0.0344894, 0, 0, 6.71898e-26, 0, 0, 0.233565, 1.24536e-17, 0, 37.8159, 0.931892, 0.334428, 292.768
5140, 4.34238e-19, 0.200033, 0.0339298, 0, 0, 7.50368e-28, 0, 0, 0.233963, 1.42961e-19, 0, 42.2807, 0.93192, 0.33516, 292.793
5141, 2.45489e-21, 0.189452, 0.0434026, 0, 0, 4.12406e-30, 0, 0, 0.232854, 8.06582e-22, 0, 47.4562, 0.931948, 0.333297, 292.621
5142, 3.94806e-23, 0.163897, 0.0658136, 0, 0, 5.32697e-32, 0, 0, 0.22971, 1.28833e-23, 0, 51.5862, 0.931976, 0.329322, 292.178
5143, 4.89938e-23, 0.147493, 0.0802967, 0, 0, 6.33854e-32, 0, 0, 0.22779, 1.60444e-23, 0, 51.3703, 0.932004, 0.323735, 291.895
5144, 3.15285e-23, 0.15247, 0.0759495, 0, 0, 4.08853e-32, 0, 0, 0.228419, 1.03679e-23, 0, 51.8111, 0.932032, 0.315946, 291.952
5145, 8.7593e-24, 0.173729, 0.0574738, 0, 0, 1.13792e-32, 0, 0, 0.231203, 2.89003e-24, 0, 53.0919, 0.93206, 0.309973, 292.295
5146, 1.0499e-24, 0.20177, 0.0336824, 0, 0, 1.36566e-33, 0, 0, 0.235452, 3.47254e-25, 0, 55.2133, 0.932088, 0.311727, 292.825
5147, 2.26087e-25, 0.224284, 0.0150573, 0, 0, 3.33026e-34, 0, 0, 0.239342, 7.45177e-26, 0, 56.7489, 0.932116, 0.319894, 293.301
5148, 1.80227e-22, 0.23165, 0.00912731, 0, 0, 2.89306e-31, 0, 0, 0.240777, 5.93443e-23, 0, 50.0678, 0.932144, 0.326183, 293.458
5149, 3.41612e-20, 0.225175, 0.0145623, 0, 0, 5.94778e-29, 0, 0, 0.239738, 1.13159e-20, 0, 44.8232, 0.932172, 0.326391, 293.298
5150, 3.10241e-18, 0.209255, 0.0281167, 0, 0, 5.45576e-27, 0, 0, 0.237372, 1.02346e-18, 0, 40.3144, 0.9322, 0.326845, 292.966
5151, 1.4412e-16, 0.180793, 0.0529575, 0, 0, 2.54625e-25, 0, 0, 0.23375, 4.7447e-17, 0, 36.4759, 0.932228, 0.328959, 292.467
5152, 3.42595e-15, 0.146429, 0.0836721, 0, 0, 5.91051e-24, 0, 0, 0.230101, 1.11887e-15, 0, 33.3074, 0.932256, 0.328937, 291.959
5153, 4.08976e-14, 0.120935, 0.107286, 0, 0, 6.82017e-23, 0, 0, 0.228221, 1.32151e-14, 0, 30.8277, 0.932284, 0.327173, 291.682
5154, 2.49118e-13, 0.10399, 0.123783, 0, 0, 4.04126e-22, 0, 0, 0.227773, 7.9683e-14, 0, 29.0209, 0.932312, 0.325672, 291.595
5155, 8.43735e-13, 0.0897094, 0.138053, 0, 0, 1.38376e-21, 0, 0, 0.227763, 2.68185e-13, 0, 27.8009, 0.93234, 0.324738, 291.567
5156, 2.32761e-12, 0.0816541, 0.146235, 0, 0, 4.141e-21, 0, 0, 0.227889, 7.34038e-13, 0, 26.7862, 0.932368, 0.32356, 291.556
5157, 8.22472e-12, 0.0779043, 0.150206, 0, 0, 1.57466e-20, 0, 0, 0.228111, 2.56685e-12, 0, 25.5239, 0.932396, 0.321022, 291.559
5158, 2.53431e-11, 0.0720624, 0.156321, 0, 0, 5.01141e-20, 0, 0, 0.228383, 7.94079e-12, 0, 24.3985, 0.932424, 0.315105, 291.569
5159, 5.06543e-11, 0.0683372, 0.160338, 0, 0, 1.02484e-19, 0, 0, 0.228675, 1.604e-11, 0, 23.706, 0.932452, 0.313008, 291.58
5160, 7.36648e-11, 0.068585, 0.160335, 0, 0, 1.51944e-19, 0, 0, 0.22892, 2.35186e-11, 0, 23.3315, 0.93248, 0.315154, 291.586
5161, 9.02576e-11, 0.0678778, 0.161187, 0, 0, 1.88844e-19, 0, 0, 0.229065, 2.90907e-11, 0, 23.1284, 0.932508, 0.316625, 291.578
5162, 1.32846e-10, 0.0658482, 0.163321, 0, 0, 2.74267e-19, 0, 0, 0.229169, 4.34136e-11, 0, 22.7418, 0.932536, 0.31947, 291.565
5163, 2.87577e-10, 0.0597322, 0.169548, 0, 0, 5.6694e-19, 0, 0, 0.22928, 9.42033e-11, 0, 21.9695, 0.932564, 0.324201, 291.553
5164, 5.16071e-10, 0.0521831, 0.177193, 0, 0, 9.93349e-19, 0, 0, 0.229376, 1.67867e-10, 0, 21.3848, 0.932592, 0.326108, 291.539
5165, 6.56169e-10, 0.0491653, 0.180337, 0, 0, 1.27737e-18, 0, 0, 0.229502, 2.11265e-10, 0, 21.1446, 0.93262, 0.323662, 291.529
5166, 6.36789e-10, 0.0506653, 0.179043, 0, 0, 1.23672e-18, 0, 0, 0.229709, 2.02986e-10, 0, 21.1746, 0.932648, 0.320536, 291.529
5167, 5.52993e-10, 0.0528218, 0.177129, 0, 0, 9.83254e-19, 0, 0, 0.229951, 1.74087e-10, 0, 21.3157, 0.932676, 0.317532, 291.535
5168, 4.93486e-10, 0.0524975, 0.177692, 0, 0, 7.45355e-19, 0, 0, 0.230189, 1.53403e-10, 0, 21.4295, 0.932704, 0.313994, 291.539
5169, 3.82495e-10, 0.0537911, 0.176678, 0, 0, 5.0815e-19, 0, 0, 0.230469, 1.18102e-10, 0, 21.6843, 0.932732, 0.312567, 291.55
5170, 2.09461e-10, 0.0635781, 0.167306, 0, 0, 2.59804e-19, 0, 0, 0.230884, 6.4632e-11, 0, 22.2865, 0.93276, 0.314604, 291.578
5171, 7.39997e-11, 0.0902283, 0.141768, 0, 0, 8.76345e-20, 0, 0, 0.231996, 2.29926e-11, 0, 23.327, 0.932788, 0.314681, 291.698
5172, 1.56034e-11, 0.131375, 0.102959, 0, 0, 1.7565e-20, 0, 0, 0.234334, 4.90577e-12, 0, 24.8835, 0.932816, 0.313654, 291.978
5173, 2.07084e-12, 0.151866, 0.083815, 0, 0, 2.42673e-21, 0, 0, 0.235681, 6.57664e-13, 0, 26.9031, 0.932844, 0.315661, 292.127
5174, 4.57588e-12, 0.131468, 0.102717, 0, 0, 8.99503e-21, 0, 0, 0.234184, 1.4423e-12, 0, 26.1102, 0.932872, 0.315754, 291.905
5175, 3.71228e-11, 0.102058, 0.13043, 0, 0, 7.54024e-20, 0, 0, 0.232488, 1.16824e-11, 0, 24.0168, 0.9329, 0.316534, 291.655
5176, 1.60091e-10, 0.0799899, 0.152068, 0, 0, 3.31552e-19, 0, 0, 0.232057, 5.05133e-11, 0, 22.5553, 0.932928, 0.318689, 291.572
5177, 3.90083e-10, 0.061809, 0.170268, 0, 0, 8.15042e-19, 0, 0, 0.232077, 1.23878e-10, 0, 21.6647, 0.932956, 0.318723, 291.548
5178, 6.01231e-10, 0.0521677, 0.179988, 0, 0, 1.24668e-18, 0, 0, 0.232156, 1.92123e-10, 0, 21.232, 0.932984, 0.319652, 291.531
5179, 7.05516e-10, 0.0496065, 0.18269, 0, 0, 1.46842e-18, 0, 0, 0.232296, 2.25281e-10, 0, 21.0721, 0.933012, 0.320138, 291.523
5180, 7.84302e-10, 0.048936, 0.183515, 0, 0, 1.7e-18, 0, 0, 0.232451, 2.49801e-10, 0, 20.9662, 0.93304, 0.319387, 291.517
5181, 8.28763e-10, 0.0486537, 0.183971, 0, 0, 1.83603e-18, 0, 0, 0.232625, 2.65449e-10, 0, 20.9111, 0.933068, 0.320756, 291.513
5182, 7.7463e-10, 0.049042, 0.183813, 0, 0, 1.64778e-18, 0, 0, 0.232855, 2.49267e-10, 0, 20.9786, 0.933096, 0.32217, 291.516
5183, 6.77116e-10, 0.0498443, 0.183266, 0, 0, 1.34608e-18, 0, 0, 0.233111, 2.17499e-10, 0, 21.1132, 0.933124, 0.321363, 291.523
5184, 5.71465e-10, 0.0512279, 0.182148, 0, 0, 1.13173e-18, 0, 0, 0.233376, 1.81463e-10, 0, 21.2828, 0.933152, 0.316394, 291.531
5185, 4.32105e-10, 0.0547816, 0.178878, 0, 0, 8.77613e-19, 0, 0, 0.23366, 1.34107e-10, 0, 21.5624, 0.93318, 0.309288, 291.542
5186, 2.60884e-10, 0.0627697, 0.171187, 0, 0, 5.30431e-19, 0, 0, 0.233956, 7.97442e-11, 0, 22.0669, 0.933208, 0.307886, 291.554
5187, 1.22077e-10, 0.0705461, 0.163681, 0, 0, 2.44008e-19, 0, 0, 0.234228, 3.74726e-11, 0, 22.8264, 0.933236, 0.308444, 291.563
5188, 6.4182e-11, 0.070506, 0.163927, 0, 0, 1.22312e-19, 0, 0, 0.234433, 1.96291e-11, 0, 23.4693, 0.933264, 0.306642, 291.563
5189, 4.42811e-11, 0.0695034, 0.165081, 0, 0, 8.1634e-20, 0, 0, 0.234585, 1.33601e-11, 0, 23.8405, 0.933292, 0.309067, 291.556
5190, 2.30306e-11, 0.0728936, 0.161829, 0, 0, 4.18314e-20, 0, 0, 0.234722, 6.99691e-12, 0, 24.4942, 0.93332, 0.316049, 291.547
5191, 8.61044e-12, 0.0762196, 0.158657, 0, 0, 1.45509e-20, 0, 0, 0.234877, 2.68434e-12, 0, 25.478, 0.933348, 0.318593, 291.541
5192, 3.35824e-12, 0.0803111, 0.154725, 0, 0, 4.90478e-21, 0, 0, 0.235036, 1.06509e-12, 0, 26.4196, 0.933376, 0.31625, 291.535
5193, 1.25963e-12, 0.0889531, 0.146264, 0, 0, 1.7682e-21, 0, 0, 0.235217, 3.97277e-13, 0, 27.4002, 0.933404, 0.316416, 291.532
5194, 3.23337e-13, 0.102587, 0.132952, 0, 0, 4.79845e-22, 0, 0, 0.235538, 1.01106e-13, 0, 28.7601, 0.933432, 0.319602, 291.547
5195, 5.0225e-14, 0.119238, 0.116943, 0, 0, 7.92833e-23, 0, 0, 0.236181, 1.56883e-14, 0, 30.6223, 0.93346, 0.321332, 291.604
5196, 4.50791e-15, 0.139436, 0.0981134, 0, 0, 7.37325e-24, 0, 0, 0.237549, 1.4172e-15, 0, 33.0329, 0.933488, 0.321013, 291.755
5197, 2.23353e-16, 0.166604, 0.0736924, 0, 0, 3.69677e-25, 0, 0, 0.240297, 7.08406e-17, 0, 36.0378, 0.933516, 0.31758, 292.083
5198, 5.81932e-18, 0.199064, 0.04554, 0, 0, 9.6035e-27, 0, 0, 0.244604, 1.85914e-18, 0, 39.6853, 0.933544, 0.309326, 292.605
5199, 7.71137e-20, 0.227099, 0.0219776, 0, 0, 1.25184e-28, 0, 0, 0.249076, 2.47523e-20, 0, 44.009, 0.933572, 0.300764, 293.14
5200, 5.25727e-22, 0.240867, 0.0106978, 0, 0, 8.17247e-31, 0, 0, 0.251565, 1.69175e-22, 0, 48.9973, 0.9336, 0.300208, 293.422
5201, 2.00638e-24, 0.242158, 0.0097825, 0, 0, 2.83042e-33, 0, 0, 0.251941, 6.46089e-25, 0, 54.5657, 0.933628, 0.307851, 293.442
5202, 3.24373e-26, 0.234667, 0.0161661, 0, 0, 3.96614e-35, 0, 0, 0.250833, 1.03007e-26, 0, 58.6905, 0.933656, 0.312011, 293.278
5203, 8.48495e-25, 0.213925, 0.0337313, 0, 0, 1.04005e-33, 0, 0, 0.247657, 2.6896e-25, 0, 55.4263, 0.933684, 0.309704, 292.856
5204, 1.24746e-23, 0.185534, 0.0581208, 0, 0, 1.53069e-32, 0, 0, 0.243655, 3.95656e-24, 0, 52.7383, 0.933712, 0.309024, 292.325
5205, 8.35303e-23, 0.16351, 0.0775231, 0, 0, 1.02373e-31, 0, 0, 0.241034, 2.65076e-23, 0, 50.8368, 0.93374, 0.311869, 291.965
5206, 2.50475e-22, 0.15176, 0.0882397, 0, 0, 3.05515e-31, 0, 0, 0.239999, 7.95199e-23, 0, 49.7387, 0.933768, 0.315611, 291.806
5207, 3.36082e-22, 0.148314, 0.0915858, 0, 0, 4.06022e-31, 0, 0, 0.2399, 1.0673e-22, 0, 49.4447, 0.933796, 0.31773, 291.767
5208, 2.02668e-22, 0.155361, 0.0854113, 0, 0, 2.41033e-31, 0, 0, 0.240772, 6.43733e-23, 0, 49.9505, 0.933824, 0.318532, 291.852
5209, 5.51826e-23, 0.171635, 0.0709976, 0, 0, 6.4131e-32, 0, 0, 0.242632, 1.75287e-23, 0, 51.2514, 0.933852, 0.318345, 292.063
5210, 6.80382e-24, 0.190318, 0.0547327, 0, 0, 7.65981e-33, 0, 0, 0.245051, 2.16106e-24, 0, 53.3446, 0.93388, 0.315076, 292.343
5211, 3.80263e-25, 0.209824, 0.0382817, 0, 0, 4.10577e-34, 0, 0, 0.248105, 1.20755e-25, 0, 56.2289, 0.933908, 0.307036, 292.701
5212, 9.63653e-27, 0.230031, 0.0216777, 0, 0, 9.86576e-36, 0, 0, 0.251709, 3.05924e-27, 0, 59.9042, 0.933936, 0.29841, 293.122
5213, 1.14649e-28, 0.24463, 0.00993044, 0, 0, 1.10712e-37, 0, 0, 0.254561, 3.63843e-29, 0, 64.3357, 0.933964, 0.296087, 293.447
5214, 4.90526e-26, 0.247166, 0.00805258, 0, 0, 5.28496e-35, 0, 0, 0.255219, 1.54067e-26, 0, 58.2769, 0.933992, 0.302071, 293.501
5215, 6.30157e-24, 0.236288, 0.0170972, 0, 0, 5.61553e-33, 0, 0, 0.253385, 1.98726e-24, 0, 53.4212, 0.93402, 0.310093, 293.25
5216, 5.20778e-22, 0.215823, 0.0342541, 0, 0, 4.91365e-31, 0, 0, 0.250077, 1.64281e-22, 0, 49.0067, 0.934048, 0.311222, 292.815
5217, 2.37919e-20, 0.191434, 0.0552476, 0, 0, 2.52999e-29, 0, 0, 0.246681, 7.47787e-21, 0, 45.1849, 0.934076, 0.306325, 292.364
5218, 6.93407e-19, 0.167335, 0.0766855, 0, 0, 8.48661e-28, 0, 0, 0.24402, 2.16948e-19, 0, 41.8127, 0.934104, 0.306017, 292.002
5219, 1.22144e-17, 0.146924, 0.0954253, 0, 0, 1.62433e-26, 0, 0, 0.24235, 3.80368e-18, 0, 38.9439, 0.934132, 0.311681, 291.763
5220, 1.15397e-16, 0.133623, 0.108039, 0, 0, 1.58167e-25, 0, 0, 0.241662, 3.57895e-17, 0, 36.6982, 0.93416, 0.31497, 291.649
5221, 6.11426e-16, 0.128084, 0.113647, 0, 0, 8.33083e-25, 0, 0, 0.241731, 1.88743e-16, 0, 35.0307, 0.934188, 0.314228, 291.632
5222, 2.47147e-15, 0.126874, 0.115297, 0, 0, 3.24643e-24, 0, 0, 0.242171, 7.54295e-16, 0, 33.634, 0.934216, 0.311587, 291.662
5223, 1.06913e-14, 0.124991, 0.117526, 0, 0, 1.4136e-23, 0, 0, 0.242517, 3.18616e-15, 0, 32.1693, 0.934244, 0.308928, 291.679
5224, 5.13279e-14, 0.116621, 0.125678, 0, 0, 7.2517e-23, 0, 0, 0.242299, 1.50701e-14, 0, 30.6005, 0.934272, 0.305456, 291.625
5225, 1.90387e-13, 0.105015, 0.136928, 0, 0, 2.80687e-22, 0, 0, 0.241944, 5.60338e-14, 0, 29.2897, 0.9343, 0.30044, 291.554
5226, 4.12677e-13, 0.0953249, 0.146566, 0, 0, 6.18559e-22, 0, 0, 0.24189, 1.22259e-13, 0, 28.5161, 0.934328, 0.297471, 291.521
5227, 4.95085e-13, 0.092278, 0.149761, 0, 0, 7.40973e-22, 0, 0, 0.242039, 1.47271e-13, 0, 28.334, 0.934356, 0.299174, 291.514
5228, 3.31037e-13, 0.0966622, 0.145608, 0, 0, 4.85635e-22, 0, 0, 0.24227, 9.85079e-14, 0, 28.7365, 0.934384, 0.303801, 291.517
5229, 1.30609e-13, 0.10255, 0.139948, 0, 0, 1.84315e-22, 0, 0, 0.242498, 3.8977e-14, 0, 29.6666, 0.934412, 0.306974, 291.52
5230, 3.78116e-14, 0.108615, 0.134142, 0, 0, 5.0999e-23, 0, 0, 0.242757, 1.14305e-14, 0, 30.9062, 0.93444, 0.306771, 291.526
5231, 9.35277e-15, 0.118699, 0.124549, 0, 0, 1.2388e-23, 0, 0, 0.243248, 2.85098e-15, 0, 32.3031, 0.934468, 0.305864, 291.563
5232, 1.5241e-15, 0.13624, 0.108194, 0, 0, 2.02365e-24, 0, 0, 0.244434, 4.62586e-16, 0, 34.1174, 0.934496, 0.304496, 291.687
5233, 1.33898e-16, 0.164397, 0.0827025, 0, 0, 1.78988e-25, 0, 0, 0.2471, 4.03946e-17, 0, 36.5495, 0.934524, 0.305182, 291.996
5234, 6.67192e-18, 0.199992, 0.0515647, 0, 0, 9.01468e-27, 0, 0, 0.251557, 2.01762e-18, 0, 39.5486, 0.934552, 0.307239, 292.526
5235, 2.12863e-19, 0.229708, 0.0263493, 0, 0, 2.90393e-28, 0, 0, 0.256058, 6.50768e-20, 0, 42.9936, 0.93458, 0.307488, 293.053
5236, 4.13687e-21, 0.236735, 0.0205672, 0, 0, 5.63629e-30, 0, 0, 0.257302, 1.27474e-21, 0, 46.9343, 0.934608, 0.306075, 293.178
5237, 4.17984e-23, 0.219363, 0.0352467, 0, 0, 5.63012e-32, 0, 0, 0.25461, 1.28975e-23, 0, 51.5292, 0.934636, 0.306203, 292.823
5238, 2.06347e-25, 0.197188, 0.0541281, 0, 0, 2.73107e-34, 0, 0, 0.251316, 6.35471e-26, 0, 56.8402, 0.934664, 0.305593, 292.391
5239, 2.92708e-22, 0.192881, 0.0580003, 0, 0, 3.30682e-31, 0, 0, 0.250881, 9.05577e-23, 0, 49.5829, 0.934692, 0.300484, 292.311
5240, 4.67865e-20, 0.210472, 0.0433336, 0, 0, 4.91816e-29, 0, 0, 0.253805, 1.44131e-20, 0, 44.5087, 0.93472, 0.297897, 292.646
5241, 3.00264e-18, 0.226551, 0.0300548, 0, 0, 3.24811e-27, 0, 0, 0.256606, 9.13507e-19, 0, 40.347, 0.934748, 0.299376, 292.963
5242, 9.62655e-17, 0.213473, 0.0416612, 0, 0, 1.09449e-25, 0, 0, 0.255134, 2.9034e-17, 0, 36.8794, 0.934776, 0.298813, 292.757
5243, 1.58753e-15, 0.175593, 0.0751021, 0, 0, 1.92363e-24, 0, 0, 0.250695, 4.74307e-16, 0, 34.0766, 0.934804, 0.300825, 292.184
5244, 1.43443e-14, 0.137828, 0.109501, 0, 0, 1.86413e-23, 0, 0, 0.24733, 4.24256e-15, 0, 31.8754, 0.934832, 0.305427, 291.738
5245, 7.75999e-14, 0.112945, 0.133122, 0, 0, 1.07405e-22, 0, 0, 0.246067, 2.27452e-14, 0, 30.1872, 0.93486, 0.305788, 291.553
5246, 2.56339e-13, 0.0996165, 0.146281, 0, 0, 3.69698e-22, 0, 0, 0.245897, 7.49069e-14, 0, 28.9923, 0.934888, 0.302073, 291.506
5247, 4.80329e-13, 0.0942898, 0.151778, 0, 0, 7.07147e-22, 0, 0, 0.246068, 1.41173e-13, 0, 28.3643, 0.934916, 0.299298, 291.501
5248, 4.74175e-13, 0.0990376, 0.147463, 0, 0, 7.03353e-22, 0, 0, 0.2465, 1.41011e-13, 0, 28.3772, 0.934944, 0.300334, 291.53
5249, 2.37885e-13, 0.12176, 0.126178, 0, 0, 3.51462e-22, 0, 0, 0.247938, 7.15976e-14, 0, 29.067, 0.934972, 0.303355, 291.684
5250, 6.10506e-14, 0.161027, 0.0900832, 0, 0, 8.83619e-23, 0, 0, 0.25111, 1.84989e-14, 0, 30.4271, 0.935, 0.306419, 292.053
5251, 4.19915e-14, 0.185527, 0.0680462, 0, 0, 5.61062e-23, 0, 0, 0.253574, 1.25656e-14, 0, 30.8013, 0.935028, 0.306836, 292.331
5252, 3.79735e-13, 0.16519, 0.086888, 0, 0, 5.29535e-22, 0, 0, 0.252078, 1.14553e-13, 0, 28.5993, 0.935056, 0.302457, 292.121
5253, 2.02916e-12, 0.122644, 0.126485, 0, 0, 2.97183e-21, 0, 0, 0.249129, 6.16724e-13, 0, 26.9234, 0.935084, 0.296443, 291.729
5254, 5.39277e-12, 0.0943062, 0.153562, 0, 0, 8.21188e-21, 0, 0, 0.247868, 1.64402e-12, 0, 25.946, 0.935112, 0.296224, 291.545
5255, 7.54984e-12, 0.0865472, 0.161274, 0, 0, 1.16856e-20, 0, 0, 0.247821, 2.29023e-12, 0, 25.6095, 0.93514, 0.297336, 291.514
5256, 6.76645e-12, 0.0914399, 0.156782, 0, 0, 1.01794e-20, 0, 0, 0.248222, 2.01737e-12, 0, 25.719, 0.935168, 0.294328, 291.538
5257, 5.22222e-12, 0.107876, 0.141453, 0, 0, 7.63696e-21, 0, 0, 0.249329, 1.54017e-12, 0, 25.9781, 0.935196, 0.294227, 291.65
5258, 7.92241e-12, 0.125845, 0.124822, 0, 0, 1.32823e-20, 0, 0, 0.250667, 2.39527e-12, 0, 25.5613, 0.935224, 0.298115, 291.791
5259, 2.91204e-11, 0.115454, 0.13506, 0, 0, 4.98413e-20, 0, 0, 0.250514, 8.83401e-12, 0, 24.2596, 0.935252, 0.302231, 291.746
5260, 7.69718e-11, 0.0871738, 0.162347, 0, 0, 1.23359e-19, 0, 0, 0.249521, 2.30481e-11, 0, 23.2876, 0.93528, 0.302569, 291.596
5261, 1.30284e-10, 0.0707683, 0.178417, 0, 0, 1.94252e-19, 0, 0, 0.249185, 3.82376e-11, 0, 22.7613, 0.935308, 0.297258, 291.529
5262, 1.66277e-10, 0.0663106, 0.182995, 0, 0, 2.47304e-19, 0, 0, 0.249305, 4.79727e-11, 0, 22.5174, 0.935336, 0.291103, 291.518
5263, 1.76849e-10, 0.065849, 0.183654, 0, 0, 2.79007e-19, 0, 0, 0.249503, 5.07882e-11, 0, 22.4557, 0.935364, 0.289291, 291.517
5264, 1.55277e-10, 0.0669014, 0.182807, 0, 0, 2.53461e-19, 0, 0, 0.249708, 4.4978e-11, 0, 22.5858, 0.935392, 0.292551, 291.516
5265, 1.11271e-10, 0.0694767, 0.180431, 0, 0, 1.76409e-19, 0, 0, 0.249907, 3.28057e-11, 0, 22.9191, 0.93542, 0.297191, 291.515
5266, 6.64124e-11, 0.0738638, 0.176223, 0, 0, 9.91633e-20, 0, 0, 0.250087, 1.98365e-11, 0, 23.4351, 0.935448, 0.296434, 291.512
5267, 3.45591e-11, 0.0790221, 0.17125, 0, 0, 5.13031e-20, 0, 0, 0.250272, 1.02802e-11, 0, 24.0884, 0.935476, 0.291685, 291.509
5268, 1.70213e-11, 0.0870186, 0.163573, 0, 0, 2.63701e-20, 0, 0, 0.250592, 4.98586e-12, 0, 24.7966, 0.935504, 0.29, 291.523
5269, 6.9227e-12, 0.10368, 0.147585, 0, 0, 1.09911e-20, 0, 0, 0.251265, 2.01835e-12, 0, 25.6962, 0.935532, 0.290712, 291.58
5270, 1.71954e-12, 0.119902, 0.132029, 0, 0, 2.73796e-21, 0, 0, 0.25193, 5.04263e-13, 0, 27.089, 0.93556, 0.291879, 291.637
5271, 2.41569e-13, 0.121729, 0.130154, 0, 0, 3.7376e-22, 0, 0, 0.251883, 7.09994e-14, 0, 29.0516, 0.935588, 0.294174, 291.605
5272, 3.23933e-14, 0.123216, 0.128627, 0, 0, 4.46057e-23, 0, 0, 0.251843, 9.31595e-15, 0, 31.0608, 0.935616, 0.297533, 291.575
5273, 6.68602e-15, 0.140875, 0.112138, 0, 0, 8.53804e-24, 0, 0, 0.253013, 1.90019e-15, 0, 32.6388, 0.935644, 0.298695, 291.693
5274, 9.57402e-16, 0.173534, 0.0825827, 0, 0, 1.21566e-24, 0, 0, 0.256117, 2.74502e-16, 0, 34.5823, 0.935672, 0.298281, 292.048
5275, 6.71549e-17, 0.212433, 0.0486136, 0, 0, 8.56128e-26, 0, 0, 0.261047, 1.95088e-17, 0, 37.2395, 0.9357, 0.299934, 292.62
5276, 2.23992e-18, 0.241627, 0.0238818, 0, 0, 2.86881e-27, 0, 0, 0.265508, 6.5932e-19, 0, 40.6401, 0.935728, 0.300028, 293.127
5277, 3.62846e-20, 0.245818, 0.0205108, 0, 0, 4.64946e-29, 0, 0, 0.266329, 1.07876e-20, 0, 44.7629, 0.935756, 0.297316, 293.199
5278, 2.49084e-20, 0.224814, 0.0384018, 0, 0, 2.57574e-29, 0, 0, 0.263216, 6.75815e-21, 0, 45.1391, 0.935784, 0.297274, 292.803
5279, 5.80408e-19, 0.196573, 0.0627683, 0, 0, 6.16247e-28, 0, 0, 0.259341, 1.57721e-19, 0, 41.9906, 0.935812, 0.298404, 292.311
5280, 6.22386e-18, 0.178379, 0.0790255, 0, 0, 6.88492e-27, 0, 0, 0.257405, 1.70647e-18, 0, 39.6181, 0.93584, 0.294103, 292.051
5281, 3.0466e-17, 0.162044, 0.0942193, 0, 0, 3.52494e-26, 0, 0, 0.256264, 8.46734e-18, 0, 38.0299, 0.935868, 0.286951, 291.886
5282, 6.81385e-17, 0.145049, 0.110029, 0, 0, 8.21915e-26, 0, 0, 0.255078, 1.92392e-17, 0, 37.225, 0.935896, 0.285674, 291.716
5283, 6.99917e-17, 0.143145, 0.111986, 0, 0, 8.73834e-26, 0, 0, 0.255132, 2.00796e-17, 0, 37.1982, 0.935924, 0.292028, 291.697
5284, 3.45867e-17, 0.147536, 0.10808, 0, 0, 4.42907e-26, 0, 0, 0.255615, 1.00725e-17, 0, 37.9031, 0.935952, 0.296685, 291.73
5285, 1.03408e-17, 0.145897, 0.109543, 0, 0, 1.33867e-26, 0, 0, 0.255441, 3.05154e-18, 0, 39.1104, 0.93598, 0.294211, 291.683
5286, 2.80354e-18, 0.14942, 0.106228, 0, 0, 3.59757e-27, 0, 0, 0.255648, 8.3257e-19, 0, 40.4156, 0.936008, 0.290257, 291.683
5287, 5.94215e-19, 0.163014, 0.0938433, 0, 0, 7.52229e-28, 0, 0, 0.256857, 1.76425e-19, 0, 41.967, 0.936036, 0.292138, 291.805
5288, 6.74067e-20, 0.182864, 0.0761688, 0, 0, 8.39221e-29, 0, 0, 0.259033, 1.99459e-20, 0, 44.1435, 0.936064, 0.297356, 292.043
5289, 3.64347e-21, 0.207123, 0.0551619, 0, 0, 4.4207e-30, 0, 0, 0.262285, 1.07067e-21, 0, 47.0613, 0.936092, 0.300182, 292.409
5290, 9.29881e-23, 0.232677, 0.0336641, 0, 0, 1.08676e-31, 0, 0, 0.266341, 2.70308e-23, 0, 50.7296, 0.93612, 0.300343, 292.867
5291, 1.12735e-24, 0.253748, 0.0164085, 0, 0, 1.25776e-33, 0, 0, 0.270156, 3.23372e-25, 0, 55.1422, 0.936148, 0.298274, 293.291
5292, 6.95053e-27, 0.264106, 0.00814811, 0, 0, 7.37392e-36, 0, 0, 0.272255, 1.97307e-27, 0, 60.231, 0.936176, 0.293392, 293.51
5293, 2.91019e-25, 0.260447, 0.0112945, 0, 0, 3.33474e-34, 0, 0, 0.271741, 8.67335e-26, 0, 56.4964, 0.936204, 0.288625, 293.425
5294, 6.93796e-23, 0.24424, 0.0247725, 0, 0, 8.24157e-32, 0, 0, 0.269013, 2.02843e-23, 0, 51.0224, 0.936232, 0.285507, 293.08
5295, 4.50628e-21, 0.220162, 0.0451588, 0, 0, 5.48496e-30, 0, 0, 0.265321, 1.31617e-21, 0, 46.8488, 0.93626, 0.282994, 292.618
5296, 1.54692e-19, 0.194034, 0.067905, 0, 0, 1.90176e-28, 0, 0, 0.261939, 4.48124e-20, 0, 43.3128, 0.936288, 0.283926, 292.189
5297, 2.86386e-18, 0.170562, 0.0890014, 0, 0, 3.55743e-27, 0, 0, 0.259564, 8.24573e-19, 0, 40.3944, 0.936316, 0.289708, 291.878
5298, 2.89601e-17, 0.151622, 0.106569, 0, 0, 3.62671e-26, 0, 0, 0.258191, 8.29488e-18, 0, 38.0806, 0.936344, 0.294627, 291.686
5299, 1.60402e-16, 0.137385, 0.120141, 0, 0, 2.01831e-25, 0, 0, 0.257527, 4.57405e-17, 0, 36.3689, 0.936372, 0.293516, 291.58
5300, 4.81993e-16, 0.128123, 0.129189, 0, 0, 6.09006e-25, 0, 0, 0.257312, 1.37339e-16, 0, 35.2686, 0.9364, 0.289671, 291.528
5301, 7.69036e-16, 0.125806, 0.131671, 0, 0, 9.78146e-25, 0, 0, 0.257478, 2.20323e-16, 0, 34.8014, 0.936428, 0.289261, 291.523
5302, 6.32142e-16, 0.135646, 0.122737, 0, 0, 8.10026e-25, 0, 0, 0.258382, 1.82926e-16, 0, 34.9974, 0.936456, 0.292842, 291.607
5303, 2.58867e-16, 0.16142, 0.099297, 0, 0, 3.32944e-25, 0, 0, 0.260717, 7.56961e-17, 0, 35.8902, 0.936484, 0.295166, 291.864
5304, 5.11598e-17, 0.193923, 0.0701783, 0, 0, 6.56234e-26, 0, 0, 0.264101, 1.50792e-17, 0, 37.5116, 0.936512, 0.29469, 292.244
5305, 6.87636e-18, 0.219258, 0.0480472, 0, 0, 8.85081e-27, 0, 0, 0.267305, 2.01025e-18, 0, 39.5184, 0.93654, 0.293458, 292.599
5306, 9.92202e-17, 0.229903, 0.0392391, 0, 0, 1.34555e-25, 0, 0, 0.269142, 2.84342e-17, 0, 36.8492, 0.936568, 0.291468, 292.79
5307, 2.35296e-15, 0.211116, 0.056094, 0, 0, 3.24543e-24, 0, 0, 0.26721, 6.7686e-16, 0, 33.6831, 0.936596, 0.287668, 292.537
5308, 3.01989e-14, 0.168911, 0.0939501, 0, 0, 4.19397e-23, 0, 0, 0.262861, 8.66544e-15, 0, 31.131, 0.936624, 0.282361, 291.994
5309, 2.23339e-13, 0.130889, 0.1291, 0, 0, 3.12059e-22, 0, 0, 0.259989, 6.3853e-14, 0, 29.1301, 0.936652, 0.280115, 291.624
5310, 1.03151e-12, 0.108203, 0.150952, 0, 0, 1.4684e-21, 0, 0, 0.259155, 2.95241e-13, 0, 27.6, 0.93668, 0.283012, 291.498
5311, 3.23858e-12, 0.0963597, 0.162812, 0, 0, 4.74987e-21, 0, 0, 0.259172, 9.30261e-13, 0, 26.4559, 0.936708, 0.285673, 291.474
5312, 7.47285e-12, 0.0898965, 0.169486, 0, 0, 1.12673e-20, 0, 0, 0.259383, 2.1544e-12, 0, 25.6197, 0.936736, 0.287376, 291.474
5313, 1.35502e-11, 0.0860381, 0.173578, 0, 0, 2.08675e-20, 0, 0, 0.259616, 3.93713e-12, 0, 25.0246, 0.936764, 0.289386, 291.477
5314, 1.98462e-11, 0.0837536, 0.176089, 0, 0, 3.08401e-20, 0, 0, 0.259843, 5.8051e-12, 0, 24.643, 0.936792, 0.291393, 291.479
5315, 2.30189e-11, 0.0829141, 0.177143, 0, 0, 3.52619e-20, 0, 0, 0.260057, 6.7111e-12, 0, 24.4947, 0.93682, 0.289911, 291.48
5316, 2.25269e-11, 0.0831963, 0.177068, 0, 0, 3.34723e-20, 0, 0, 0.260264, 6.50961e-12, 0, 24.5163, 0.936848, 0.286424, 291.48
5317, 2.0996e-11, 0.0849541, 0.175554, 0, 0, 3.04905e-20, 0, 0, 0.260508, 6.06697e-12, 0, 24.5867, 0.936876, 0.287048, 291.484
5318, 1.6019e-11, 0.0946948, 0.166374, 0, 0, 2.23325e-20, 0, 0, 0.261069, 4.65254e-12, 0, 24.8572, 0.936904, 0.289109, 291.526
5319, 7.72208e-12, 0.122411, 0.140192, 0, 0, 9.82726e-21, 0, 0, 0.262603, 2.24656e-12, 0, 25.5869, 0.936932, 0.289541, 291.685
5320, 2.17216e-12, 0.157171, 0.107607, 0, 0, 2.45581e-21, 0, 0, 0.264778, 6.3018e-13, 0, 26.8553, 0.93696, 0.290792, 291.919
5321, 1.31014e-12, 0.165504, 0.100024, 0, 0, 1.77357e-21, 0, 0, 0.265528, 3.66452e-13, 0, 27.3609, 0.936988, 0.29126, 291.983
5322, 4.14293e-12, 0.138381, 0.125755, 0, 0, 5.96577e-21, 0, 0, 0.264136, 1.13716e-12, 0, 26.2096, 0.937016, 0.287136, 291.792
5323, 8.79443e-12, 0.105696, 0.156834, 0, 0, 1.25947e-20, 0, 0, 0.26253, 2.4129e-12, 0, 25.4569, 0.937044, 0.280782, 291.575
5324, 1.07399e-11, 0.0914319, 0.17057, 0, 0, 1.54271e-20, 0, 0, 0.262002, 2.9743e-12, 0, 25.2571, 0.937072, 0.279474, 291.487
5325, 8.23567e-12, 0.0908225, 0.171254, 0, 0, 1.18967e-20, 0, 0, 0.262077, 2.30442e-12, 0, 25.5225, 0.9371, 0.280781, 291.47
5326, 4.78901e-12, 0.0958515, 0.166512, 0, 0, 6.88252e-21, 0, 0, 0.262364, 1.3398e-12, 0, 26.0647, 0.937128, 0.281568, 291.479
5327, 2.42908e-12, 0.110659, 0.152514, 0, 0, 3.47761e-21, 0, 0, 0.263174, 6.80058e-13, 0, 26.7435, 0.937156, 0.285533, 291.551
5328, 8.87645e-13, 0.135224, 0.129407, 0, 0, 1.27972e-21, 0, 0, 0.264631, 2.5146e-13, 0, 27.7502, 0.937184, 0.288428, 291.7
5329, 2.78825e-13, 0.142868, 0.122296, 0, 0, 3.94713e-22, 0, 0, 0.265164, 7.98538e-14, 0, 28.9082, 0.937212, 0.288161, 291.738
5330, 3.39263e-13, 0.124348, 0.139858, 0, 0, 4.57346e-22, 0, 0, 0.264207, 9.59737e-14, 0, 28.712, 0.93724, 0.286391, 291.599
5331, 5.29708e-13, 0.107629, 0.155865, 0, 0, 7.06028e-22, 0, 0, 0.263494, 1.48101e-13, 0, 28.2664, 0.937268, 0.28299, 291.489
5332, 5.25141e-13, 0.103487, 0.159982, 0, 0, 6.97532e-22, 0, 0, 0.263469, 1.46716e-13, 0, 28.2751, 0.937296, 0.282643, 291.461
5333, 3.6216e-13, 0.105082, 0.158575, 0, 0, 4.83157e-22, 0, 0, 0.263657, 1.02558e-13, 0, 28.6467, 0.937324, 0.286731, 291.458
5334, 1.9371e-13, 0.108419, 0.15546, 0, 0, 2.6075e-22, 0, 0, 0.263879, 5.57152e-14, 0, 29.2724, 0.937352, 0.289386, 291.459
5335, 8.38516e-14, 0.112758, 0.151365, 0, 0, 1.12991e-22, 0, 0, 0.264123, 2.42729e-14, 0, 30.1097, 0.93738, 0.288829, 291.463
5336, 2.95394e-14, 0.118076, 0.146329, 0, 0, 3.92426e-23, 0, 0, 0.264404, 8.54817e-15, 0, 31.1531, 0.937408, 0.285116, 291.472
5337, 8.30602e-15, 0.12443, 0.140313, 0, 0, 1.07758e-23, 0, 0, 0.264743, 2.39337e-15, 0, 32.4218, 0.937436, 0.280192, 291.487
5338, 1.80986e-15, 0.131919, 0.13325, 0, 0, 2.26942e-24, 0, 0, 0.265168, 5.15115e-16, 0, 33.9455, 0.937464, 0.278943, 291.513
5339, 2.98549e-16, 0.140793, 0.124934, 0, 0, 3.59076e-25, 0, 0, 0.265727, 8.34784e-17, 0, 35.7476, 0.937492, 0.277231, 291.554
5340, 3.63518e-17, 0.15142, 0.115071, 0, 0, 4.25426e-26, 0, 0, 0.266491, 1.00971e-17, 0, 37.8533, 0.93752, 0.27405, 291.619
5341, 3.13762e-18, 0.164345, 0.103237, 0, 0, 3.64439e-27, 0, 0, 0.267582, 8.78422e-19, 0, 40.3031, 0.937548, 0.276486, 291.723
5342, 1.82257e-19, 0.180638, 0.0886036, 0, 0, 2.09373e-28, 0, 0, 0.269242, 5.1246e-20, 0, 43.1489, 0.937576, 0.28319, 291.894
5343, 6.78625e-21, 0.20223, 0.0697139, 0, 0, 7.56651e-30, 0, 0, 0.271944, 1.88938e-21, 0, 46.4394, 0.937604, 0.286896, 292.185
5344, 1.55583e-22, 0.229157, 0.0467818, 0, 0, 1.66416e-31, 0, 0, 0.275939, 4.2631e-23, 0, 50.2149, 0.937632, 0.286024, 292.623
5345, 2.11957e-24, 0.252236, 0.0274992, 0, 0, 2.18164e-33, 0, 0, 0.279736, 5.74684e-25, 0, 54.5108, 0.93766, 0.283644, 293.033
5346, 1.65659e-26, 0.26192, 0.0195472, 0, 0, 1.65606e-35, 0, 0, 0.281467, 4.47412e-27, 0, 59.3625, 0.937688, 0.281631, 293.205
5347, 7.1699e-29, 0.266337, 0.0161026, 0, 0, 7.01411e-38, 0, 0, 0.282439, 1.93369e-29, 0, 64.8051, 0.937716, 0.281453, 293.29
5348, 1.66338e-31, 0.274053, 0.0100917, 0, 0, 1.60348e-40, 0, 0, 0.284145, 4.49091e-32, 0, 70.8713, 0.937744, 0.284358, 293.458
5349, 2.01252e-34, 0.280946, 0.00476772, 0, 0, 1.91978e-43, 0, 0, 0.285713, 5.4704e-35, 0, 77.5885, 0.937772, 0.286149, 293.609
5350, 1.24115e-37, 0.282568, 0.00364722, 0, 0, 0, 0, 0, 0.286216, 3.4169e-38, 0, 84.9796, 0.9378, 0.28376, 293.641
5351, 3.82204e-41, 0.280487, 0.00546857, 0, 0, 0, 0, 0, 0.285956, 1.06779e-41, 0, 93.0652, 0.937828, 0.27831, 293.587
5352, 5.60519e-45, 0.279387, 0.00651809, 0, 0, 0, 0, 0, 0.285905, 0, 0, 99.99, 0.937856, 0.274346, 293.556
5353, 0, 0.280727, 0.00563945, 0, 0, 0, 0, 0, 0.286366, 0, 0, 99.99, 0.937884, 0.275129, 293.583
5354, 0, 0.279145, 0.00709413, 0, 0, 0, 0, 0, 0.286239, 0, 0, 99.99, 0.937912, 0.278126, 293.544
5355, 7.58102e-43, 0.272058, 0.0129466, 0, 0, 0, 0, 0, 0.285005, 2.158e-43, 0, 96.9855, 0.93794, 0.277414, 293.38
5356, 1.65832e-33, 0.267038, 0.0171515, 0, 0, 1.5064e-42, 0, 0, 0.28419, 4.70982e-34, 0, 75.4795, 0.937968, 0.275871, 293.264
5357, 1.37865e-29, 0.269787, 0.0151366, 0, 0, 1.0667e-38, 0, 0, 0.284924, 3.57339e-30, 0, 66.4539, 0.937996, 0.278358, 293.321
5358, 2.6107e-27, 0.270591, 0.0147538, 0, 0, 2.39162e-36, 0, 0, 0.285345, 7.17528e-28, 0, 61.2102, 0.938024, 0.281286, 293.344
5359, 1.29725e-25, 0.256476, 0.0266356, 0, 0, 1.21427e-34, 0, 0, 0.283111, 3.5968e-26, 0, 57.3044, 0.938052, 0.283556, 293.068
5360, 9.018e-24, 0.230518, 0.0486038, 0, 0, 9.05076e-33, 0, 0, 0.279121, 2.42076e-24, 0, 53.0628, 0.93808, 0.284555, 292.589
5361, 7.4642e-22, 0.204463, 0.0711866, 0, 0, 7.96046e-31, 0, 0, 0.27565, 2.0076e-22, 0, 48.6468, 0.938108, 0.282874, 292.166
5362, 3.39803e-20, 0.185934, 0.087722, 0, 0, 3.69397e-29, 0, 0, 0.273656, 9.18048e-21, 0, 44.8285, 0.938136, 0.279547, 291.91
5363, 7.77229e-19, 0.179275, 0.0939871, 0, 0, 8.51466e-28, 0, 0, 0.273262, 2.10052e-19, 0, 41.6986, 0.938164, 0.278617, 291.84
5364, 8.82259e-18, 0.179654, 0.0941645, 0, 0, 9.66013e-27, 0, 0, 0.273819, 2.37713e-18, 0, 39.2692, 0.938192, 0.278407, 291.88
5365, 5.02162e-17, 0.16964, 0.10383, 0, 0, 5.4752e-26, 0, 0, 0.27347, 1.34818e-17, 0, 37.5302, 0.93822, 0.274848, 291.814
5366, 1.51398e-16, 0.150803, 0.121355, 0, 0, 1.66036e-25, 0, 0, 0.272158, 4.07643e-17, 0, 36.4266, 0.938248, 0.272181, 291.637
5367, 3.20173e-16, 0.14042, 0.131074, 0, 0, 3.66185e-25, 0, 0, 0.271494, 8.79545e-17, 0, 35.6777, 0.938276, 0.274145, 291.535
5368, 6.91251e-16, 0.137739, 0.133777, 0, 0, 8.3055e-25, 0, 0, 0.271515, 1.94089e-16, 0, 34.908, 0.938304, 0.278629, 291.512
5369, 1.11071e-15, 0.13771, 0.134096, 0, 0, 1.35547e-24, 0, 0, 0.271806, 3.13839e-16, 0, 34.4338, 0.938332, 0.28087, 291.522
5370, 9.15186e-16, 0.149301, 0.123729, 0, 0, 1.11931e-24, 0, 0, 0.27303, 2.58849e-16, 0, 34.6274, 0.93836, 0.278331, 291.639
5371, 3.53391e-16, 0.177313, 0.098516, 0, 0, 4.31645e-25, 0, 0, 0.275829, 9.99621e-17, 0, 35.579, 0.938388, 0.273338, 291.939
5372, 8.18344e-17, 0.199116, 0.0790247, 0, 0, 1.0082e-25, 0, 0, 0.278141, 2.31293e-17, 0, 37.0418, 0.938416, 0.273247, 292.18
5373, 1.58722e-16, 0.19525, 0.0826278, 0, 0, 2.02376e-25, 0, 0, 0.277878, 4.47552e-17, 0, 36.3794, 0.938444, 0.278158, 292.125
5374, 5.48468e-16, 0.175519, 0.100695, 0, 0, 6.95249e-25, 0, 0, 0.276214, 1.54623e-16, 0, 35.1394, 0.938472, 0.281306, 291.909
5375, 8.64642e-16, 0.16132, 0.113828, 0, 0, 1.08478e-24, 0, 0, 0.275148, 2.43703e-16, 0, 34.6842, 0.9385, 0.281326, 291.761
5376, 6.03293e-16, 0.174049, 0.102518, 0, 0, 7.47024e-25, 0, 0, 0.276567, 1.69978e-16, 0, 35.0441, 0.938528, 0.279362, 291.9
5377, 1.86493e-16, 0.192095, 0.0862501, 0, 0, 2.2732e-25, 0, 0, 0.278345, 5.25155e-17, 0, 36.2181, 0.938556, 0.275076, 292.08
5378, 2.57123e-17, 0.190347, 0.087698, 0, 0, 3.07546e-26, 0, 0, 0.278045, 7.22927e-18, 0, 38.1996, 0.938584, 0.268509, 292.021
5379, 1.80568e-18, 0.197798, 0.0813117, 0, 0, 2.0931e-27, 0, 0, 0.27911, 5.01418e-19, 0, 40.8556, 0.938612, 0.262995, 292.118
5380, 3.67977e-18, 0.224061, 0.0586258, 0, 0, 4.39543e-27, 0, 0, 0.282687, 1.00961e-18, 0, 40.1437, 0.93864, 0.262111, 292.5
5381, 8.75776e-17, 0.228044, 0.0554461, 0, 0, 1.0404e-25, 0, 0, 0.28349, 2.39155e-17, 0, 36.974, 0.938668, 0.265859, 292.566
5382, 1.01502e-15, 0.195429, 0.0844411, 0, 0, 1.19789e-24, 0, 0, 0.27987, 2.75891e-16, 0, 34.5239, 0.938696, 0.271459, 292.131
5383, 5.62175e-15, 0.157897, 0.118427, 0, 0, 6.6364e-24, 0, 0, 0.276324, 1.52585e-15, 0, 32.8121, 0.938724, 0.275811, 291.7
5384, 1.52751e-14, 0.136094, 0.138866, 0, 0, 1.8215e-23, 0, 0, 0.27496, 4.15821e-15, 0, 31.8126, 0.938752, 0.27651, 291.518
5385, 2.11625e-14, 0.131769, 0.143281, 0, 0, 2.56939e-23, 0, 0, 0.27505, 5.79889e-15, 0, 31.4865, 0.93878, 0.275319, 291.503
5386, 1.63989e-14, 0.144603, 0.131642, 0, 0, 2.02389e-23, 0, 0, 0.276246, 4.51815e-15, 0, 31.7416, 0.938808, 0.273353, 291.617
5387, 1.59528e-14, 0.15847, 0.119053, 0, 0, 1.95278e-23, 0, 0, 0.277523, 4.35912e-15, 0, 31.7691, 0.938836, 0.271587, 291.739
5388, 4.65436e-14, 0.148786, 0.128332, 0, 0, 5.73892e-23, 0, 0, 0.277119, 1.27486e-14, 0, 30.6984, 0.938864, 0.271351, 291.668
5389, 1.13446e-13, 0.12814, 0.147863, 0, 0, 1.42761e-22, 0, 0, 0.276003, 3.13057e-14, 0, 29.8074, 0.938892, 0.273126, 291.515
5390, 1.75868e-13, 0.1178, 0.157837, 0, 0, 2.23909e-22, 0, 0, 0.275638, 4.86163e-14, 0, 29.369, 0.93892, 0.275417, 291.448
5391, 1.81163e-13, 0.117213, 0.158581, 0, 0, 2.29577e-22, 0, 0, 0.275794, 4.9926e-14, 0, 29.3394, 0.938948, 0.275757, 291.442
5392, 1.23043e-13, 0.123514, 0.15267, 0, 0, 1.53661e-22, 0, 0, 0.276184, 3.38322e-14, 0, 29.7262, 0.938976, 0.275642, 291.462
5393, 5.3578e-14, 0.132596, 0.144065, 0, 0, 6.58604e-23, 0, 0, 0.27666, 1.47103e-14, 0, 30.5576, 0.939004, 0.273391, 291.493
5394, 2.05071e-14, 0.134346, 0.142528, 0, 0, 2.43021e-23, 0, 0, 0.276874, 5.53228e-15, 0, 31.518, 0.939032, 0.268617, 291.493
5395, 1.46099e-14, 0.131285, 0.145662, 0, 0, 1.69151e-23, 0, 0, 0.276947, 3.89901e-15, 0, 31.8571, 0.93906, 0.267996, 291.477
5396, 9.91277e-15, 0.137592, 0.140001, 0, 0, 1.15944e-23, 0, 0, 0.277594, 2.67965e-15, 0, 32.245, 0.939088, 0.269947, 291.526
5397, 3.76821e-15, 0.160752, 0.118836, 0, 0, 4.40933e-24, 0, 0, 0.279589, 1.02931e-15, 0, 33.2122, 0.939116, 0.270074, 291.73
5398, 7.70576e-16, 0.185791, 0.096117, 0, 0, 8.89434e-25, 0, 0, 0.281909, 2.11049e-16, 0, 34.7994, 0.939144, 0.271759, 291.97
5399, 1.20993e-16, 0.18248, 0.0991663, 0, 0, 1.36538e-25, 0, 0, 0.281646, 3.31282e-17, 0, 36.6508, 0.939172, 0.274886, 291.916
5400, 1.20265e-16, 0.159726, 0.119959, 0, 0, 1.34739e-25, 0, 0, 0.279684, 3.3074e-17, 0, 36.6568, 0.9392, 0.275655, 291.668
5401, 1.75174e-16, 0.146025, 0.132675, 0, 0, 1.94985e-25, 0, 0, 0.2787, 4.78154e-17, 0, 36.2808, 0.939228, 0.272696, 291.531
5402, 1.48105e-16, 0.144218, 0.134495, 0, 0, 1.6216e-25, 0, 0, 0.278713, 3.99265e-17, 0, 36.4486, 0.939256, 0.269358, 291.508
5403, 7.74776e-17, 0.14758, 0.131479, 0, 0, 8.3285e-26, 0, 0, 0.279058, 2.06723e-17, 0, 37.0965, 0.939284, 0.269232, 291.523
5404, 2.64921e-17, 0.153531, 0.126031, 0, 0, 2.82886e-26, 0, 0, 0.279561, 7.0751e-18, 0, 38.1697, 0.939312, 0.269185, 291.556
5405, 6.0082e-18, 0.16211, 0.118169, 0, 0, 6.43086e-27, 0, 0, 0.280279, 1.61868e-18, 0, 39.6534, 0.93934, 0.269551, 291.613
5406, 9.01996e-19, 0.174031, 0.107333, 0, 0, 9.59342e-28, 0, 0, 0.281364, 2.43694e-19, 0, 41.5497, 0.939368, 0.272661, 291.712
5407, 8.75639e-20, 0.190788, 0.0923987, 0, 0, 9.09718e-29, 0, 0, 0.283187, 2.34663e-20, 0, 43.8819, 0.939396, 0.273762, 291.895
5408, 5.28961e-21, 0.214119, 0.072056, 0, 0, 5.33398e-30, 0, 0, 0.286175, 1.40372e-21, 0, 46.6885, 0.939424, 0.270182, 292.207
5409, 1.89419e-22, 0.238226, 0.0513436, 0, 0, 1.87382e-31, 0, 0, 0.28957, 5.02116e-23, 0, 50.0181, 0.939452, 0.265936, 292.561
5410, 3.79132e-24, 0.257981, 0.0347664, 0, 0, 3.73911e-33, 0, 0, 0.292747, 1.01326e-24, 0, 53.9293, 0.93948, 0.264429, 292.889
5411, 4.00565e-26, 0.275846, 0.0201922, 0, 0, 3.97252e-35, 0, 0, 0.296039, 1.08273e-26, 0, 58.4795, 0.939508, 0.263774, 293.225
5412, 2.15054e-28, 0.284009, 0.0136928, 0, 0, 2.14333e-37, 0, 0, 0.297702, 5.8687e-29, 0, 63.7067, 0.939536, 0.264908, 293.382
5413, 5.85e-31, 0.275906, 0.0204498, 0, 0, 5.8238e-40, 0, 0, 0.296355, 1.60645e-31, 0, 69.6137, 0.939564, 0.268531, 293.211
5414, 8.38035e-34, 0.261231, 0.0326102, 0, 0, 8.23963e-43, 0, 0, 0.293841, 2.30883e-34, 0, 76.162, 0.939592, 0.271227, 292.912
5415, 6.63981e-37, 0.253866, 0.0388364, 0, 0, 0, 0, 0, 0.292702, 1.83124e-37, 0, 83.3026, 0.93962, 0.272486, 292.762
5416, 2.8984e-40, 0.259296, 0.0345651, 0, 0, 0, 0, 0, 0.293861, 7.99147e-41, 0, 91.0392, 0.939648, 0.272045, 292.865
5417, 6.30584e-44, 0.273364, 0.0232369, 0, 0, 0, 0, 0, 0.2966, 1.68156e-44, 0, 99.4723, 0.939676, 0.268753, 293.141
5418, 0, 0.285996, 0.0131342, 0, 0, 0, 0, 0, 0.29913, 0, 0, 99.99, 0.939704, 0.26654, 293.392
5419, 0, 0.292103, 0.00837531, 0, 0, 0, 0, 0, 0.300478, 0, 0, 99.99, 0.939732, 0.268713, 293.513
5420, 0, 0.294985, 0.00625332, 0, 0, 0, 0, 0, 0.301239, 0, 0, 99.99, 0.93976, 0.270331, 293.571
5421, 0, 0.29831, 0.00380122, 0, 0, 0, 0, 0, 0.302111, 0, 0, 99.99, 0.939788, 0.268442, 293.641
5422, 0, 0.300935, 0.0019058, 0, 0, 0, 0, 0, 0.30284, 0, 0, 99.99, 0.939816, 0.265825, 293.695
5423, 0, 0.300615, 0.00233771, 0, 0, 0, 0, 0, 0.302953, 0, 0, 99.99, 0.939844, 0.264051, 293.683
5424, 0, 0.296894, 0.00547212, 0, 0, 0, 0, 0, 0.302366, 0, 0, 99.99, 0.939872, 0.263956, 293.596
5425, 2.38221e-44, 0.289689, 0.0114124, 0, 0, 0, 0, 0, 0.301102, 5.60519e-45, 0, 99.99, 0.9399, 0.264164, 293.435
5426, 9.47736e-39, 0.280941, 0.0186293, 0, 0, 0, 0, 0, 0.299571, 2.5716e-39, 0, 87.5519, 0.939928, 0.261516, 293.246
5427, 4.98132e-35, 0.276549, 0.0223766, 0, 0, 3.64338e-44, 0, 0, 0.298925, 1.34882e-35, 0, 78.9848, 0.939956, 0.259959, 293.152
5428, 5.87766e-33, 0.27583, 0.0232316, 0, 0, 4.5332e-42, 0, 0, 0.299062, 1.59098e-33, 0, 74.2141, 0.939984, 0.263913, 293.142
5429, 3.65639e-31, 0.265828, 0.0317978, 0, 0, 2.88532e-40, 0, 0, 0.297625, 9.88939e-32, 0, 70.0837, 0.940012, 0.268553, 292.962
5430, 1.72601e-29, 0.244681, 0.0496984, 0, 0, 1.41249e-38, 0, 0, 0.294379, 4.66572e-30, 0, 66.2292, 0.94004, 0.26928, 292.583
5431, 5.65441e-28, 0.225009, 0.0666108, 0, 0, 4.71387e-37, 0, 0, 0.29162, 1.52822e-28, 0, 62.7399, 0.940068, 0.268749, 292.255
5432, 1.11473e-26, 0.212127, 0.0779889, 0, 0, 9.42593e-36, 0, 0, 0.290116, 3.01339e-27, 0, 59.7586, 0.940096, 0.268906, 292.065
5433, 1.09164e-25, 0.204729, 0.0847233, 0, 0, 9.32636e-35, 0, 0, 0.289452, 2.95153e-26, 0, 57.4769, 0.940124, 0.267444, 291.967
5434, 4.99993e-25, 0.199965, 0.0891972, 0, 0, 4.30092e-34, 0, 0, 0.289162, 1.35192e-25, 0, 55.9552, 0.940152, 0.265814, 291.91
5435, 1.05709e-24, 0.197472, 0.0916798, 0, 0, 9.12794e-34, 0, 0, 0.289151, 2.85789e-25, 0, 55.2065, 0.94018, 0.267202, 291.885
5436, 1.02997e-24, 0.202499, 0.087488, 0, 0, 8.90485e-34, 0, 0, 0.289987, 2.78318e-25, 0, 55.2325, 0.940208, 0.267964, 291.954
5437, 4.79559e-25, 0.210372, 0.0807485, 0, 0, 4.12698e-34, 0, 0, 0.291121, 1.291e-25, 0, 55.9969, 0.940236, 0.264026, 292.056
5438, 1.45914e-25, 0.210133, 0.0811022, 0, 0, 1.21234e-34, 0, 0, 0.291236, 3.82884e-26, 0, 57.1868, 0.940264, 0.257397, 292.044
5439, 5.65243e-26, 0.209965, 0.0813597, 0, 0, 4.41737e-35, 0, 0, 0.291325, 1.41745e-26, 0, 58.1351, 0.940292, 0.255663, 292.03
5440, 1.83601e-26, 0.220749, 0.0721447, 0, 0, 1.39856e-35, 0, 0, 0.292893, 4.51348e-27, 0, 59.2596, 0.94032, 0.261194, 292.179
5441, 2.88672e-27, 0.243159, 0.0532149, 0, 0, 2.17516e-36, 0, 0, 0.296374, 7.03252e-28, 0, 61.1097, 0.940348, 0.265637, 292.537
5442, 1.97609e-28, 0.270287, 0.0306757, 0, 0, 1.47884e-37, 0, 0, 0.300962, 4.7858e-29, 0, 63.7913, 0.940376, 0.263308, 293.011
5443, 6.13605e-30, 0.285034, 0.0186378, 0, 0, 4.60358e-39, 0, 0, 0.303672, 1.4891e-30, 0, 67.2634, 0.940404, 0.25868, 293.278
5444, 2.35627e-29, 0.275921, 0.0263355, 0, 0, 1.99827e-38, 0, 0, 0.302256, 6.30831e-30, 0, 65.9179, 0.940432, 0.25966, 293.102
5445, 7.69335e-28, 0.253805, 0.0448881, 0, 0, 6.55699e-37, 0, 0, 0.298693, 2.06096e-28, 0, 62.432, 0.94046, 0.264454, 292.693
5446, 1.09073e-26, 0.238436, 0.0580234, 0, 0, 9.32595e-36, 0, 0, 0.29646, 2.92249e-27, 0, 59.7804, 0.940488, 0.267439, 292.426
5447, 6.69286e-26, 0.229547, 0.0659821, 0, 0, 5.73441e-35, 0, 0, 0.295529, 1.7935e-26, 0, 57.9662, 0.940516, 0.268154, 292.3
5448, 1.77723e-25, 0.218449, 0.0759287, 0, 0, 1.52451e-34, 0, 0, 0.294378, 4.76275e-26, 0, 56.9896, 0.940544, 0.267455, 292.15
5449, 2.04425e-25, 0.217815, 0.0767375, 0, 0, 1.75426e-34, 0, 0, 0.294552, 5.47837e-26, 0, 56.8496, 0.940572, 0.264809, 292.146
5450, 1.04518e-25, 0.226194, 0.0696522, 0, 0, 8.95094e-35, 0, 0, 0.295847, 2.79967e-26, 0, 57.5204, 0.9406, 0.261644, 292.263
5451, 3.61124e-26, 0.221915, 0.0734908, 0, 0, 2.99742e-35, 0, 0, 0.295406, 9.607e-27, 0, 58.5832, 0.940628, 0.260559, 292.191
5452, 3.57811e-26, 0.211211, 0.0829324, 0, 0, 2.79826e-35, 0, 0, 0.294143, 9.42259e-27, 0, 58.5924, 0.940656, 0.259482, 292.029
5453, 3.9482e-26, 0.213417, 0.0812552, 0, 0, 3.0481e-35, 0, 0, 0.294672, 1.04048e-26, 0, 58.4939, 0.940684, 0.257624, 292.063
5454, 2.12551e-26, 0.229612, 0.0675038, 0, 0, 1.63617e-35, 0, 0, 0.297115, 5.61246e-27, 0, 59.1132, 0.940712, 0.256837, 292.306
5455, 5.09073e-27, 0.239245, 0.059294, 0, 0, 3.919e-36, 0, 0, 0.298539, 1.3462e-27, 0, 60.5424, 0.94074, 0.258245, 292.437
5456, 5.32861e-28, 0.233859, 0.0638845, 0, 0, 4.10981e-37, 0, 0, 0.297744, 1.4101e-28, 0, 62.7993, 0.940768, 0.260816, 292.327
5457, 2.42594e-29, 0.231797, 0.0656821, 0, 0, 1.87696e-38, 0, 0, 0.297479, 6.4186e-30, 0, 65.8887, 0.940796, 0.261808, 292.274
5458, 4.80279e-31, 0.239942, 0.0588388, 0, 0, 3.72883e-40, 0, 0, 0.298781, 1.26932e-31, 0, 69.8109, 0.940824, 0.259577, 292.392
5459, 4.1677e-33, 0.25277, 0.0481266, 0, 0, 3.22159e-42, 0, 0, 0.300897, 1.09918e-33, 0, 74.5579, 0.940852, 0.257275, 292.597
5460, 1.76389e-35, 0.267041, 0.0363769, 0, 0, 1.26117e-44, 0, 0, 0.303418, 4.64311e-36, 0, 80.023, 0.94088, 0.258124, 292.844
5461, 7.88368e-38, 0.281603, 0.0245774, 0, 0, 0, 0, 0, 0.30618, 2.08608e-38, 0, 85.4334, 0.940908, 0.26147, 293.116
5462, 5.91667e-40, 0.294798, 0.0140558, 0, 0, 0, 0, 0, 0.308854, 1.57285e-40, 0, 90.3256, 0.940936, 0.263738, 293.376
5463, 2.6961e-42, 0.304482, 0.00646963, 0, 0, 0, 0, 0, 0.310952, 7.16064e-43, 0, 95.7168, 0.940964, 0.263902, 293.573
5464, 5.60519e-45, 0.309122, 0.00295344, 0, 0, 0, 0, 0, 0.312075, 0, 0, 99.99, 0.940992, 0.263024, 293.667
5465, 0, 0.309593, 0.00275442, 0, 0, 0, 0, 0, 0.312347, 0, 0, 99.99, 0.94102, 0.260334, 293.672
5466, 0, 0.309034, 0.00337551, 0, 0, 0, 0, 0, 0.31241, 0, 0, 99.99, 0.941048, 0.256279, 293.655
5467, 0, 0.307654, 0.00465933, 0, 0, 0, 0, 0, 0.312313, 0, 0, 99.99, 0.941076, 0.25427, 293.621
5468, 0, 0.301663, 0.00963816, 0, 0, 0, 0, 0, 0.311301, 0, 0, 99.99, 0.941104, 0.255654, 293.491
5469, 0, 0.290333, 0.0189534, 0, 0, 0, 0, 0, 0.309286, 0, 0, 99.99, 0.941132, 0.257634, 293.255
5470, 0, 0.277277, 0.0297711, 0, 0, 0, 0, 0, 0.307048, 0, 0, 99.99, 0.94116, 0.259037, 292.994
5471, 0, 0.266189, 0.0390937, 0, 0, 0, 0, 0, 0.305283, 0, 0, 99.99, 0.941188, 0.259285, 292.782
5472, 0, 0.259315, 0.0449985, 0, 0, 0, 0, 0, 0.304313, 0, 0, 99.99, 0.941216, 0.257763, 292.655
5473, 0, 0.258, 0.0462861, 0, 0, 0, 0, 0, 0.304286, 0, 0, 99.99, 0.941244, 0.25705, 292.628
5474, 0, 0.26263, 0.0426151, 0, 0, 0, 0, 0, 0.305245, 0, 0, 99.99, 0.941272, 0.257063, 292.707
5475, 0, 0.272535, 0.0346044, 0, 0, 0, 0, 0, 0.307139, 0, 0, 99.99, 0.9413, 0.256472, 292.885
5476, 0, 0.285825, 0.0239073, 0, 0, 0, 0, 0, 0.309732, 0, 0, 99.99, 0.941328, 0.255965, 293.136
5477, 0, 0.299175, 0.0132847, 0, 0, 0, 0, 0, 0.312459, 0, 0, 99.99, 0.941356, 0.25591, 293.399
5478, 0, 0.308491, 0.00599501, 0, 0, 0, 0, 0, 0.314486, 0, 0, 99.99, 0.941384, 0.257644, 293.588
5479, 0, 0.310557, 0.00452712, 0, 0, 0, 0, 0, 0.315084, 0, 0, 99.99, 0.941412, 0.259927, 293.626
5480, 0, 0.304528, 0.00953711, 0, 0, 0, 0, 0, 0.314065, 0, 0, 99.99, 0.94144, 0.260747, 293.497
5481, 9.80909e-45, 0.292077, 0.0197761, 0, 0, 0, 0, 0, 0.311853, 0, 0, 99.99, 0.941468, 0.258189, 293.241
5482, 1.08284e-40, 0.276488, 0.0327176, 0, 0, 0, 0, 0, 0.309206, 2.80918e-41, 0, 92.0238, 0.941496, 0.253058, 292.939
5483, 1.1058e-38, 0.262101, 0.0448441, 0, 0, 0, 0, 0, 0.306946, 2.81998e-39, 0, 87.3977, 0.941524, 0.251601, 292.675
5484, 1.26385e-36, 0.255326, 0.0507468, 0, 0, 0, 0, 0, 0.306072, 3.23048e-37, 0, 82.6589, 0.941552, 0.25372, 292.559
5485, 9.06909e-35, 0.261457, 0.0459141, 0, 0, 4.76441e-44, 0, 0, 0.307371, 2.31917e-35, 0, 78.3856, 0.94158, 0.254478, 292.673
5486, 5.59618e-28, 0.269296, 0.0396672, 0, 0, 5.18951e-37, 0, 0, 0.308963, 1.44859e-28, 0, 62.7503, 0.941608, 0.256241, 292.819
5487, 1.1355e-25, 0.261004, 0.046858, 0, 0, 9.85959e-35, 0, 0, 0.307862, 2.89719e-26, 0, 57.4376, 0.941636, 0.258682, 292.678
5488, 6.04915e-24, 0.2476, 0.0583022, 0, 0, 5.22465e-33, 0, 0, 0.305902, 1.54472e-24, 0, 53.4621, 0.941664, 0.258694, 292.446
5489, 1.51242e-22, 0.242123, 0.063199, 0, 0, 1.30366e-31, 0, 0, 0.305322, 3.86787e-23, 0, 50.2432, 0.941692, 0.256017, 292.361
5490, 1.84789e-21, 0.234834, 0.0699226, 0, 0, 1.59657e-30, 0, 0, 0.304756, 4.72641e-22, 0, 47.7402, 0.94172, 0.252157, 292.277
5491, 1.35729e-20, 0.216098, 0.0867602, 0, 0, 1.18728e-29, 0, 0, 0.302858, 3.4545e-21, 0, 45.7462, 0.941748, 0.251408, 292.05
5492, 8.95288e-20, 0.194744, 0.105929, 0, 0, 8.02759e-29, 0, 0, 0.300673, 2.27068e-20, 0, 43.8597, 0.941776, 0.25405, 291.791
5493, 5.22194e-19, 0.183071, 0.116606, 0, 0, 4.77101e-28, 0, 0, 0.299677, 1.33196e-19, 0, 42.0962, 0.941804, 0.255047, 291.659
5494, 2.01826e-18, 0.176688, 0.122697, 0, 0, 1.86413e-27, 0, 0, 0.299385, 5.17605e-19, 0, 40.7443, 0.941832, 0.254478, 291.604
5495, 4.92801e-18, 0.171288, 0.127943, 0, 0, 4.59032e-27, 0, 0, 0.299231, 1.26251e-18, 0, 39.8516, 0.94186, 0.255383, 291.564
5496, 8.0402e-18, 0.168337, 0.130909, 0, 0, 7.47749e-27, 0, 0, 0.299247, 2.04051e-18, 0, 39.3621, 0.941888, 0.25504, 291.542
5497, 9.09565e-18, 0.167988, 0.131438, 0, 0, 8.27005e-27, 0, 0, 0.299426, 2.28163e-18, 0, 39.2387, 0.941916, 0.252813, 291.538
5498, 7.24848e-18, 0.170059, 0.129703, 0, 0, 6.41175e-27, 0, 0, 0.299762, 1.81504e-18, 0, 39.4657, 0.941945, 0.252251, 291.551
5499, 4.05342e-18, 0.17714, 0.1234, 0, 0, 3.5585e-27, 0, 0, 0.30054, 1.02252e-18, 0, 40.047, 0.941976, 0.251218, 291.612
5500, 1.479e-18, 0.196772, 0.106007, 0, 0, 1.30598e-27, 0, 0, 0.30278, 3.7432e-19, 0, 41.0552, 0.942015, 0.249504, 291.83
5501, 3.13581e-19, 0.232298, 0.0750244, 0, 0, 2.77461e-28, 0, 0, 0.307322, 7.891e-20, 0, 42.6062, 0.942068, 0.250781, 292.292
5502, 3.64425e-20, 0.260313, 0.0509152, 0, 0, 3.20596e-29, 0, 0, 0.311228, 9.07836e-21, 0, 44.7586, 0.942128, 0.254263, 292.681
5503, 1.16514e-20, 0.2505, 0.0595427, 0, 0, 1.0706e-29, 0, 0, 0.310043, 2.9538e-21, 0, 45.8989, 0.942192, 0.256733, 292.533
5504, 3.7673e-20, 0.217886, 0.0880107, 0, 0, 3.50409e-29, 0, 0, 0.305896, 9.58749e-21, 0, 44.7253, 0.942256, 0.256903, 292.07
5505, 6.76178e-20, 0.199628, 0.104173, 0, 0, 6.24986e-29, 0, 0, 0.303801, 1.71551e-20, 0, 44.1404, 0.94232, 0.255335, 291.822
5506, 7.40647e-20, 0.200955, 0.103204, 0, 0, 6.62836e-29, 0, 0, 0.304159, 1.87026e-20, 0, 44.0493, 0.942384, 0.252571, 291.837
5507, 1.34727e-19, 0.200071, 0.10418, 0, 0, 1.18811e-28, 0, 0, 0.304251, 3.41737e-20, 0, 43.451, 0.942448, 0.24965, 291.824
5508, 3.28676e-19, 0.191704, 0.111802, 0, 0, 2.99148e-28, 0, 0, 0.303506, 8.39332e-20, 0, 42.5592, 0.942512, 0.249934, 291.72
5509, 4.62188e-19, 0.187708, 0.115542, 0, 0, 4.29194e-28, 0, 0, 0.30325, 1.183e-19, 0, 42.2183, 0.942576, 0.25287, 291.669
5510, 3.11715e-19, 0.191048, 0.112656, 0, 0, 2.92087e-28, 0, 0, 0.303704, 7.97728e-20, 0, 42.6122, 0.94264, 0.252911, 291.695
5511, 1.0607e-19, 0.193168, 0.110877, 0, 0, 9.8368e-29, 0, 0, 0.304044, 2.69807e-20, 0, 43.6902, 0.942704, 0.249369, 291.708
5512, 2.82256e-20, 0.192702, 0.111459, 0, 0, 2.44675e-29, 0, 0, 0.304161, 7.02001e-21, 0, 45.0141, 0.942768, 0.247257, 291.697
5513, 9.42763e-21, 0.197231, 0.107525, 0, 0, 7.69479e-30, 0, 0, 0.304755, 2.31041e-21, 0, 46.1106, 0.942832, 0.248072, 291.737
5514, 2.37749e-21, 0.209031, 0.0971054, 0, 0, 1.94035e-30, 0, 0, 0.306137, 5.83786e-22, 0, 47.4882, 0.942896, 0.249596, 291.862
5515, 3.23839e-22, 0.227926, 0.0806328, 0, 0, 2.68747e-31, 0, 0, 0.308559, 7.98323e-23, 0, 49.4818, 0.94296, 0.250068, 292.096
5516, 2.28616e-23, 0.254057, 0.0583507, 0, 0, 1.92829e-32, 0, 0, 0.312408, 5.65431e-24, 0, 52.1326, 0.943024, 0.248058, 292.478
5517, 8.34906e-25, 0.282188, 0.0348754, 0, 0, 7.11509e-34, 0, 0, 0.317064, 2.07223e-25, 0, 55.4425, 0.943088, 0.247756, 292.941
5518, 1.561e-26, 0.297623, 0.0221909, 0, 0, 1.33512e-35, 0, 0, 0.319814, 3.89032e-27, 0, 59.4219, 0.943152, 0.250649, 293.202
5519, 1.46924e-28, 0.295188, 0.0242497, 0, 0, 1.25272e-37, 0, 0, 0.319438, 3.67429e-29, 0, 64.0876, 0.943216, 0.252386, 293.14
5520, 6.86736e-31, 0.291958, 0.027023, 0, 0, 5.79021e-40, 0, 0, 0.318981, 1.71946e-31, 0, 69.4534, 0.94328, 0.25315, 293.07
5521, 1.58718e-33, 0.299824, 0.0208392, 0, 0, 1.31021e-42, 0, 0, 0.320663, 3.96846e-34, 0, 75.5234, 0.943344, 0.253408, 293.22
5522, 1.81815e-36, 0.311939, 0.0112666, 0, 0, 0, 0, 0, 0.323206, 4.53386e-37, 0, 82.2952, 0.943408, 0.25189, 293.457
5523, 1.03854e-39, 0.317022, 0.00737396, 0, 0, 0, 0, 0, 0.324396, 2.58482e-40, 0, 89.763, 0.943472, 0.247955, 293.556
5524, 4.18038e-40, 0.310167, 0.0130804, 0, 0, 0, 0, 0, 0.323248, 1.01646e-40, 0, 90.673, 0.943536, 0.242935, 293.415
5525, 9.51827e-39, 0.294407, 0.0260559, 0, 0, 0, 0, 0, 0.320463, 2.30746e-39, 0, 87.5476, 0.9436, 0.239312, 293.106
5526, 9.19302e-38, 0.277325, 0.04028, 0, 0, 0, 0, 0, 0.317605, 2.21918e-38, 0, 85.2798, 0.943664, 0.239542, 292.788
5527, 3.76339e-37, 0.26484, 0.0508938, 0, 0, 0, 0, 0, 0.315734, 9.03602e-38, 0, 83.8703, 0.943728, 0.241393, 292.57
5528, 6.53447e-37, 0.260083, 0.0551303, 0, 0, 0, 0, 0, 0.315214, 1.55902e-37, 0, 83.3186, 0.943792, 0.241732, 292.493
5529, 1.08432e-34, 0.26385, 0.0521753, 0, 0, 7.9874e-44, 0, 0, 0.316025, 2.72943e-35, 0, 78.2069, 0.943856, 0.244197, 292.554
5530, 1.28914e-32, 0.274372, 0.0435939, 0, 0, 9.6045e-42, 0, 0, 0.317966, 3.24493e-33, 0, 73.4287, 0.94392, 0.248789, 292.733
5531, 1.18861e-30, 0.290051, 0.0308592, 0, 0, 9.06123e-40, 0, 0, 0.32091, 2.99135e-31, 0, 68.9048, 0.943984, 0.250174, 293.013
5532, 4.70652e-29, 0.294501, 0.0274576, 0, 0, 3.60894e-38, 0, 0, 0.321959, 1.18427e-29, 0, 65.226, 0.944048, 0.247108, 293.098
5533, 9.3576e-28, 0.275216, 0.0437573, 0, 0, 7.184e-37, 0, 0, 0.318973, 2.35423e-28, 0, 62.2362, 0.944112, 0.24386, 292.767
5534, 8.72033e-27, 0.24789, 0.0669825, 0, 0, 6.6886e-36, 0, 0, 0.314872, 2.19364e-27, 0, 60.0041, 0.944176, 0.245766, 292.318
5535, 3.67836e-26, 0.230057, 0.0824519, 0, 0, 2.81654e-35, 0, 0, 0.312509, 9.25236e-27, 0, 58.5647, 0.94424, 0.249805, 292.048
5536, 6.93136e-26, 0.224141, 0.0877931, 0, 0, 5.29862e-35, 0, 0, 0.311935, 1.74342e-26, 0, 57.9312, 0.944304, 0.251557, 291.964
5537, 5.81061e-26, 0.229487, 0.0833587, 0, 0, 4.43748e-35, 0, 0, 0.312846, 1.46155e-26, 0, 58.1075, 0.944368, 0.251619, 292.037
5538, 2.16294e-26, 0.247279, 0.0682984, 0, 0, 1.65178e-35, 0, 0, 0.315577, 5.44081e-27, 0, 59.0957, 0.944432, 0.250805, 292.299
5539, 3.56674e-27, 0.270778, 0.0485773, 0, 0, 2.72622e-36, 0, 0, 0.319355, 8.97292e-28, 0, 60.8981, 0.944496, 0.248619, 292.668
5540, 2.60702e-28, 0.27748, 0.0430965, 0, 0, 1.9939e-37, 0, 0, 0.320576, 6.55859e-29, 0, 63.5142, 0.94456, 0.245646, 292.771
5541, 1.38135e-29, 0.260385, 0.0576572, 0, 0, 9.86464e-39, 0, 0, 0.318042, 3.44242e-30, 0, 66.4519, 0.944624, 0.244177, 292.486
5542, 1.26664e-29, 0.242299, 0.0731427, 0, 0, 8.07541e-39, 0, 0, 0.315442, 3.11452e-30, 0, 66.5386, 0.944688, 0.243571, 292.193
5543, 1.2872e-29, 0.237855, 0.0770765, 0, 0, 8.09448e-39, 0, 0, 0.314932, 3.16273e-30, 0, 66.5225, 0.944752, 0.242139, 292.117
5544, 5.97218e-30, 0.245262, 0.0708712, 0, 0, 3.66726e-39, 0, 0, 0.316133, 1.46447e-30, 0, 67.2904, 0.944816, 0.242205, 292.219
5545, 1.25922e-30, 0.261134, 0.057559, 0, 0, 7.46786e-40, 0, 0, 0.318693, 3.07846e-31, 0, 68.8471, 0.94488, 0.244155, 292.461
5546, 1.21051e-31, 0.283427, 0.0391283, 0, 0, 6.85347e-41, 0, 0, 0.322555, 2.9489e-32, 0, 71.1891, 0.944944, 0.244417, 292.836
5547, 5.31587e-33, 0.305732, 0.0209825, 0, 0, 2.83343e-42, 0, 0, 0.326715, 1.29016e-33, 0, 74.3146, 0.945008, 0.244693, 293.237
5548, 1.06658e-34, 0.317353, 0.0116892, 0, 0, 5.1848e-44, 0, 0, 0.329043, 2.57828e-35, 0, 78.2234, 0.945072, 0.245349, 293.45
5549, 9.7601e-37, 0.316581, 0.0124421, 0, 0, 0, 0, 0, 0.329023, 2.34847e-37, 0, 82.9173, 0.945136, 0.244589, 293.425
5550, 4.05942e-39, 0.314389, 0.0143711, 0, 0, 0, 0, 0, 0.32876, 9.71216e-40, 0, 88.3998, 0.9452, 0.243772, 293.375
5551, 7.63848e-42, 0.315812, 0.0134284, 0, 0, 0, 0, 0, 0.32924, 1.81468e-42, 0, 94.6754, 0.945264, 0.244286, 293.401
5552, 8.40779e-45, 0.313275, 0.0156568, 0, 0, 0, 0, 0, 0.328931, 0, 0, 99.99, 0.945328, 0.246297, 293.347
5553, 0, 0.307529, 0.0204416, 0, 0, 0, 0, 0, 0.327971, 0, 0, 99.99, 0.945392, 0.247622, 293.227
5554, 0, 0.308767, 0.0196207, 0, 0, 0, 0, 0, 0.328388, 0, 0, 99.99, 0.945456, 0.247455, 293.246
5555, 0, 0.317408, 0.0128847, 0, 0, 0, 0, 0, 0.330293, 0, 0, 99.99, 0.94552, 0.246733, 293.415
5556, 0, 0.325781, 0.00639172, 0, 0, 0, 0, 0, 0.332173, 0, 0, 99.99, 0.945584, 0.244417, 293.581
5557, 0, 0.327748, 0.00500921, 0, 0, 0, 0, 0, 0.332757, 0, 0, 99.99, 0.945648, 0.241143, 293.617
5558, 0, 0.322307, 0.00952001, 0, 0, 0, 0, 0, 0.331827, 0, 0, 99.99, 0.945712, 0.241409, 293.501
5559, 0, 0.312862, 0.017265, 0, 0, 0, 0, 0, 0.330127, 0, 0, 99.99, 0.945776, 0.243209, 293.307
5560, 0, 0.302173, 0.0261033, 0, 0, 0, 0, 0, 0.328277, 0, 0, 99.99, 0.94584, 0.243063, 293.097
5561, 0, 0.290965, 0.0354579, 0, 0, 0, 0, 0, 0.326422, 0, 0, 99.99, 0.945904, 0.242119, 292.887
5562, 0, 0.282536, 0.0425885, 0, 0, 0, 0, 0, 0.325125, 0, 0, 99.99, 0.945968, 0.24183, 292.732
5563, 0, 0.282316, 0.0429813, 0, 0, 0, 0, 0, 0.325297, 0, 0, 99.99, 0.946032, 0.242022, 292.726
5564, 0, 0.292611, 0.0347404, 0, 0, 0, 0, 0, 0.327351, 0, 0, 99.99, 0.946096, 0.240968, 292.912
5565, 0, 0.306222, 0.0238012, 0, 0, 0, 0, 0, 0.330024, 0, 0, 99.99, 0.94616, 0.240437, 293.159
5566, 0, 0.315746, 0.0162529, 0, 0, 0, 0, 0, 0.331998, 0, 0, 99.99, 0.946224, 0.241623, 293.335
5567, 0, 0.323664, 0.010092, 0, 0, 0, 0, 0, 0.333756, 0, 0, 99.99, 0.946288, 0.242311, 293.488
5568, 0, 0.327571, 0.00715505, 0, 0, 0, 0, 0, 0.334726, 0, 0, 99.99, 0.946352, 0.241944, 293.562
5569, 0, 0.324204, 0.0100089, 0, 0, 0, 0, 0, 0.334213, 0, 0, 99.99, 0.946416, 0.2433, 293.488
5570, 0, 0.319274, 0.0141166, 0, 0, 0, 0, 0, 0.333391, 0, 0, 99.99, 0.94648, 0.245059, 293.383
5571, 0, 0.315086, 0.0176581, 0, 0, 0, 0, 0, 0.332744, 0, 0, 99.99, 0.946544, 0.244733, 293.296
5572, 0, 0.310307, 0.021677, 0, 0, 0, 0, 0, 0.331984, 0, 0, 99.99, 0.946608, 0.242242, 293.197
5573, 0, 0.309745, 0.0222989, 0, 0, 0, 0, 0, 0.332044, 0, 0, 99.99, 0.946672, 0.239703, 293.18
5574, 0, 0.31486, 0.018367, 0, 0, 0, 0, 0, 0.333227, 0, 0, 99.99, 0.946736, 0.238939, 293.276
5575, 0, 0.322132, 0.0127328, 0, 0, 0, 0, 0, 0.334865, 0, 0, 99.99, 0.9468, 0.239099, 293.417
5576, 0, 0.329067, 0.00740281, 0, 0, 0, 0, 0, 0.33647, 0, 0, 99.99, 0.946864, 0.240046, 293.553
5577, 0, 0.334325, 0.00342817, 0, 0, 0, 0, 0, 0.337753, 0, 0, 99.99, 0.946928, 0.242099, 293.658
5578, 0, 0.336938, 0.0015507, 0, 0, 0, 0, 0, 0.338488, 0, 0, 99.99, 0.946992, 0.243102, 293.708
5579, 0, 0.336659, 0.00194955, 0, 0, 0, 0, 0, 0.338608, 0, 0, 99.99, 0.947056, 0.242283, 293.697
5580, 0, 0.334305, 0.00398091, 0, 0, 0, 0, 0, 0.338286, 0, 0, 99.99, 0.94712, 0.24018, 293.643
5581, 0, 0.332061, 0.00592866, 0, 0, 0, 0, 0, 0.337989, 0, 0, 99.99, 0.947184, 0.237949, 293.591
5582, 0, 0.332391, 0.00584999, 0, 0, 0, 0, 0, 0.338241, 0, 0, 99.99, 0.947248, 0.237368, 293.593
5583, 0, 0.334516, 0.00436003, 0, 0, 0, 0, 0, 0.338876, 0, 0, 99.99, 0.947312, 0.23961, 293.633
5584, 0, 0.333912, 0.00502529, 0, 0, 0, 0, 0, 0.338937, 0, 0, 99.99, 0.947376, 0.241374, 293.616
5585, 0, 0.328838, 0.00922919, 0, 0, 0, 0, 0, 0.338067, 0, 0, 99.99, 0.94744, 0.240234, 293.508
5586, 0, 0.322295, 0.0146351, 0, 0, 0, 0, 0, 0.33693, 0, 0, 99.99, 0.947504, 0.238895, 293.373
5587, 0, 0.313439, 0.0219846, 0, 0, 0, 0, 0, 0.335423, 0, 0, 99.99, 0.947568, 0.238648, 293.2
5588, 4.34403e-44, 0.300535, 0.0326733, 0, 0, 0, 0, 0, 0.333209, 9.80909e-45, 0, 99.8449, 0.947632, 0.238359, 292.957
5589, 4.34557e-41, 0.290912, 0.0407321, 0, 0, 0, 0, 0, 0.331644, 1.04565e-41, 0, 92.9368, 0.947696, 0.238758, 292.777
5590, 3.06997e-39, 0.291741, 0.0402605, 0, 0, 0, 0, 0, 0.332001, 7.40131e-40, 0, 88.6792, 0.94776, 0.238099, 292.791
5591, 1.03611e-37, 0.297887, 0.0354296, 0, 0, 0, 0, 0, 0.333317, 2.49956e-38, 0, 85.1602, 0.947824, 0.23574, 292.9
5592, 1.71475e-36, 0.294592, 0.038382, 0, 0, 0, 0, 0, 0.332974, 4.13541e-37, 0, 82.3538, 0.947888, 0.235646, 292.843
5593, 1.41868e-35, 0.280087, 0.0506308, 0, 0, 0, 0, 0, 0.330718, 3.41783e-36, 0, 80.2408, 0.947952, 0.238733, 292.594
5594, 5.85808e-35, 0.266879, 0.0618731, 0, 0, 0, 0, 0, 0.328752, 1.40901e-35, 0, 78.8227, 0.948016, 0.240943, 292.373
5595, 1.18118e-34, 0.261212, 0.0668414, 0, 0, 0, 0, 0, 0.328054, 2.83524e-35, 0, 78.1214, 0.94808, 0.240974, 292.28
5596, 1.13442e-34, 0.261029, 0.0671799, 0, 0, 0, 0, 0, 0.328209, 2.71714e-35, 0, 78.1618, 0.948144, 0.240415, 292.273
5597, 5.18437e-35, 0.263444, 0.0653084, 0, 0, 0, 0, 0, 0.328752, 1.2395e-35, 0, 78.9448, 0.948208, 0.239742, 292.305
5598, 1.21457e-35, 0.268786, 0.0609723, 0, 0, 0, 0, 0, 0.329758, 2.90182e-36, 0, 80.3961, 0.948272, 0.237273, 292.385
5599, 1.78865e-36, 0.279478, 0.0521925, 0, 0, 0, 0, 0, 0.331671, 4.27498e-37, 0, 82.3116, 0.948336, 0.234208, 292.554
5600, 1.88568e-37, 0.296035, 0.0386792, 0, 0, 0, 0, 0, 0.334714, 4.49608e-38, 0, 84.5614, 0.9484, 0.234229, 292.836
5601, 1.18728e-38, 0.315451, 0.0230318, 0, 0, 0, 0, 0, 0.338482, 2.80637e-39, 0, 87.3266, 0.948464, 0.236526, 293.188
5602, 3.66326e-40, 0.329401, 0.0119538, 0, 0, 0, 0, 0, 0.341355, 8.51317e-41, 0, 90.8051, 0.948528, 0.236832, 293.449
5603, 5.13996e-42, 0.329707, 0.0118709, 0, 0, 0, 0, 0, 0.341578, 1.16028e-42, 0, 95.0715, 0.948592, 0.233845, 293.448
5604, 3.08286e-44, 0.321001, 0.0190149, 0, 0, 0, 0, 0, 0.340016, 7.00649e-45, 0, 99.99, 0.948656, 0.232172, 293.272
5605, 1.4013e-45, 0.31473, 0.0242547, 0, 0, 0, 0, 0, 0.338985, 0, 0, 99.99, 0.94872, 0.234474, 293.148
5606, 2.8026e-44, 0.308151, 0.0298414, 0, 0, 0, 0, 0, 0.337992, 0, 0, 99.99, 0.948784, 0.23751, 293.027
5607, 2.25609e-43, 0.296605, 0.0394992, 0, 0, 0, 0, 0, 0.336104, 0, 0, 98.1975, 0.948848, 0.23758, 292.818
5608, 7.58102e-43, 0.287454, 0.0472159, 0, 0, 0, 0, 0, 0.33467, 0, 0, 96.9855, 0.948912, 0.234754, 292.652
5609, 1.08741e-42, 0.284457, 0.0498761, 0, 0, 0, 0, 0, 0.334333, 0, 0, 96.6248, 0.948976, 0.23359, 292.596
5610, 6.68419e-43, 0.290749, 0.0448732, 0, 0, 0, 0, 0, 0.335623, 0, 0, 97.1114, 0.94904, 0.235806, 292.702
5611, 1.76564e-43, 0.305409, 0.0330305, 0, 0, 0, 0, 0, 0.33844, 0, 0, 98.4426, 0.949104, 0.237945, 292.96
5612, 1.96182e-44, 0.31712, 0.0236262, 0, 0, 0, 0, 0, 0.340746, 0, 0, 99.99, 0.949168, 0.23872, 293.165
5613, 0, 0.321922, 0.0198881, 0, 0, 0, 0, 0, 0.34181, 0, 0, 99.99, 0.949232, 0.23869, 293.247
5614, 0, 0.328602, 0.0147292, 0, 0, 0, 0, 0, 0.343331, 0, 0, 99.99, 0.949296, 0.238014, 293.373
5615, 0, 0.337464, 0.0078668, 0, 0, 0, 0, 0, 0.345331, 0, 0, 99.99, 0.94936, 0.236251, 293.546
5616, 0, 0.340924, 0.00530419, 0, 0, 0, 0, 0, 0.346228, 0, 0, 99.99, 0.949424, 0.234145, 293.611
5617, 0, 0.335988, 0.00940073, 0, 0, 0, 0, 0, 0.345388, 0, 0, 99.99, 0.949488, 0.232044, 293.507
5618, 0, 0.327119, 0.016639, 0, 0, 0, 0, 0, 0.343758, 0, 0, 99.99, 0.949552, 0.229407, 293.326
5619, 0, 0.322837, 0.0202427, 0, 0, 0, 0, 0, 0.34308, 0, 0, 99.99, 0.949616, 0.22882, 293.237
5620, 0, 0.326425, 0.0175696, 0, 0, 0, 0, 0, 0.343995, 0, 0, 99.99, 0.94968, 0.230075, 293.304
5621, 0, 0.329122, 0.0156077, 0, 0, 0, 0, 0, 0.34473, 0, 0, 99.99, 0.949744, 0.231207, 293.354
5622, 0, 0.324261, 0.0197091, 0, 0, 0, 0, 0, 0.34397, 0, 0, 99.99, 0.949808, 0.233052, 293.257
5623, 0, 0.314313, 0.0279537, 0, 0, 0, 0, 0, 0.342266, 0, 0, 99.99, 0.949872, 0.234806, 293.068
5624, 0, 0.30338, 0.0370311, 0, 0, 0, 0, 0, 0.340411, 0, 0, 99.99, 0.949936, 0.234038, 292.864
5625, 0, 0.297241, 0.0422136, 0, 0, 0, 0, 0, 0.339455, 0, 0, 99.99, 0.95, 0.231939, 292.747
5626, 0, 0.295919, 0.0434723, 0, 0, 0, 0, 0, 0.339392, 0, 0, 99.99, 0.950064, 0.231434, 292.719
5627, 0, 0.298363, 0.0416419, 0, 0, 0, 0, 0, 0.340005, 0, 0, 99.99, 0.950128, 0.233211, 292.757
5628, 0, 0.305082, 0.0363192, 0, 0, 0, 0, 0, 0.341401, 0, 0, 99.99, 0.950192, 0.23522, 292.872
5629, 0, 0.315452, 0.0280765, 0, 0, 0, 0, 0, 0.343528, 0, 0, 99.99, 0.950256, 0.235778, 293.058
5630, 0, 0.328078, 0.0181025, 0, 0, 0, 0, 0, 0.346181, 0, 0, 99.99, 0.95032, 0.235496, 293.295
5631, 0, 0.339084, 0.00950213, 0, 0, 0, 0, 0, 0.348586, 0, 0, 99.99, 0.950384, 0.234765, 293.506
5632, 0, 0.343015, 0.00655478, 0, 0, 0, 0, 0, 0.34957, 0, 0, 99.99, 0.950448, 0.232883, 293.579
5633, 0, 0.339183, 0.00976185, 0, 0, 0, 0, 0, 0.348945, 0, 0, 99.99, 0.950512, 0.23071, 293.496
5634, 0, 0.333479, 0.0144579, 0, 0, 0, 0, 0, 0.347937, 0, 0, 99.99, 0.950576, 0.230215, 293.376
5635, 0, 0.33133, 0.0163419, 0, 0, 0, 0, 0, 0.347672, 0, 0, 99.99, 0.95064, 0.230275, 293.329
5636, 0, 0.333433, 0.0148511, 0, 0, 0, 0, 0, 0.348284, 0, 0, 99.99, 0.950704, 0.228436, 293.366
5637, 0, 0.337955, 0.011446, 0, 0, 0, 0, 0, 0.349401, 0, 0, 99.99, 0.950768, 0.226736, 293.452
5638, 0, 0.34306, 0.0075933, 0, 0, 0, 0, 0, 0.350654, 0, 0, 99.99, 0.950832, 0.228104, 293.55
5639, 0, 0.347582, 0.0042163, 0, 0, 0, 0, 0, 0.351798, 0, 0, 99.99, 0.950896, 0.229293, 293.638
5640, 0, 0.350773, 0.00189418, 0, 0, 0, 0, 0, 0.352667, 0, 0, 99.99, 0.95096, 0.229776, 293.699
5641, 0, 0.352168, 0.000982389, 0, 0, 0, 0, 0, 0.35315, 0, 0, 99.99, 0.951024, 0.230539, 293.724
5642, 0, 0.35187, 0.00139502, 0, 0, 0, 0, 0, 0.353265, 0, 0, 99.99, 0.951088, 0.230585, 293.713
5643, 0, 0.350943, 0.00229986, 0, 0, 0, 0, 0, 0.353243, 0, 0, 99.99, 0.951152, 0.230224, 293.688
5644, 0, 0.350926, 0.00249327, 0, 0, 0, 0, 0, 0.35342, 0, 0, 99.99, 0.951216, 0.229819, 293.683
5645, 0, 0.351919, 0.00189831, 0, 0, 0, 0, 0, 0.353817, 0, 0, 99.99, 0.95128, 0.230706, 293.699
5646, 0, 0.35199, 0.00202436, 0, 0, 0, 0, 0, 0.354015, 0, 0, 99.99, 0.951344, 0.231961, 293.696
5647, 0, 0.349709, 0.00399628, 0, 0, 0, 0, 0, 0.353705, 0, 0, 99.99, 0.951408, 0.23255, 293.644
5648, 0, 0.345355, 0.00760667, 0, 0, 0, 0, 0, 0.352962, 0, 0, 99.99, 0.951472, 0.23223, 293.551
5649, 0, 0.339433, 0.0124752, 0, 0, 0, 0, 0, 0.351908, 0, 0, 99.99, 0.951536, 0.230047, 293.428
5650, 0, 0.333515, 0.017357, 0, 0, 0, 0, 0, 0.350872, 0, 0, 99.99, 0.9516, 0.227386, 293.306
5651, 0, 0.330349, 0.0200609, 0, 0, 0, 0, 0, 0.35041, 0, 0, 99.99, 0.951664, 0.227668, 293.24
5652, 0, 0.331384, 0.0194206, 0, 0, 0, 0, 0, 0.350804, 0, 0, 99.99, 0.951728, 0.228968, 293.256
5653, 0, 0.336783, 0.0153132, 0, 0, 0, 0, 0, 0.352096, 0, 0, 99.99, 0.951792, 0.229124, 293.358
5654, 0, 0.344832, 0.00912524, 0, 0, 0, 0, 0, 0.353957, 0, 0, 99.99, 0.951856, 0.229506, 293.514
5655, 0, 0.351213, 0.0042735, 0, 0, 0, 0, 0, 0.355487, 0, 0, 99.99, 0.95192, 0.228837, 293.638
5656, 0, 0.351818, 0.00397943, 0, 0, 0, 0, 0, 0.355797, 0, 0, 99.99, 0.951984, 0.226882, 293.646
5657, 0, 0.346418, 0.00842021, 0, 0, 0, 0, 0, 0.354838, 0, 0, 99.99, 0.952048, 0.225905, 293.533
5658, 0, 0.338794, 0.0146436, 0, 0, 0, 0, 0, 0.353438, 0, 0, 99.99, 0.952112, 0.225352, 293.377
5659, 0, 0.330873, 0.0211697, 0, 0, 0, 0, 0, 0.352042, 0, 0, 99.99, 0.952176, 0.226087, 293.221
5660, 0, 0.320948, 0.0293672, 0, 0, 0, 0, 0, 0.350315, 0, 0, 99.99, 0.95224, 0.227975, 293.033
5661, 0, 0.311402, 0.0373005, 0, 0, 0, 0, 0, 0.348703, 0, 0, 99.99, 0.952304, 0.228212, 292.855
5662, 0, 0.30596, 0.0419339, 0, 0, 0, 0, 0, 0.347894, 0, 0, 99.99, 0.952368, 0.227641, 292.755
5663, 0, 0.305835, 0.0422384, 0, 0, 0, 0, 0, 0.348073, 0, 0, 99.99, 0.952432, 0.228479, 292.75
5664, 0, 0.309342, 0.0395713, 0, 0, 0, 0, 0, 0.348913, 0, 0, 99.99, 0.952496, 0.229064, 292.81
5665, 0, 0.310297, 0.0389747, 0, 0, 0, 0, 0, 0.349272, 0, 0, 99.99, 0.95256, 0.227942, 292.823
5666, 0, 0.309241, 0.0400099, 0, 0, 0, 0, 0, 0.349251, 0, 0, 99.99, 0.952624, 0.226966, 292.799
5667, 0, 0.313384, 0.0368131, 0, 0, 0, 0, 0, 0.350197, 0, 0, 99.99, 0.952688, 0.226521, 292.868
5668, 0, 0.321005, 0.0307976, 0, 0, 0, 0, 0, 0.351802, 0, 0, 99.99, 0.952752, 0.225251, 293.001
5669, 0, 0.324579, 0.028062, 0, 0, 0, 0, 0, 0.352641, 0, 0, 99.99, 0.952816, 0.225012, 293.06
5670, 0, 0.325514, 0.0274715, 0, 0, 0, 0, 0, 0.352986, 0, 0, 99.99, 0.95288, 0.226498, 293.071
5671, 0, 0.32986, 0.0241561, 0, 0, 0, 0, 0, 0.354016, 0, 0, 99.99, 0.952944, 0.228094, 293.148
5672, 0, 0.337553, 0.0181852, 0, 0, 0, 0, 0, 0.355739, 0, 0, 99.99, 0.953008, 0.228819, 293.29
5673, 0, 0.345926, 0.0117133, 0, 0, 0, 0, 0, 0.35764, 0, 0, 99.99, 0.953072, 0.228298, 293.449
5674, 0, 0.352941, 0.0063558, 0, 0, 0, 0, 0, 0.359297, 0, 0, 99.99, 0.953136, 0.225526, 293.584
5675, 0, 0.357582, 0.00289151, 0, 0, 0, 0, 0, 0.360473, 0, 0, 99.99, 0.9532, 0.221061, 293.674
5676, 0, 0.359306, 0.0017219, 0, 0, 0, 0, 0, 0.361028, 0, 0, 99.99, 0.953264, 0.219276, 293.704
5677, 0, 0.358083, 0.0028594, 0, 0, 0, 0, 0, 0.360943, 0, 0, 99.99, 0.953328, 0.222069, 293.675
5678, 0, 0.354401, 0.00593333, 0, 0, 0, 0, 0, 0.360334, 0, 0, 99.99, 0.953392, 0.225637, 293.595
5679, 0, 0.348053, 0.0111288, 0, 0, 0, 0, 0, 0.359181, 0, 0, 99.99, 0.953456, 0.226166, 293.465
5680, 0, 0.339798, 0.0178647, 0, 0, 0, 0, 0, 0.357663, 0, 0, 99.99, 0.95352, 0.2243, 293.299
5681, 0, 0.332117, 0.0241838, 0, 0, 0, 0, 0, 0.356301, 0, 0, 99.99, 0.953584, 0.223293, 293.148
5682, 0, 0.32651, 0.0288767, 0, 0, 0, 0, 0, 0.355386, 0, 0, 99.99, 0.953648, 0.223973, 293.039
5683, 0, 0.323726, 0.0313112, 0, 0, 0, 0, 0, 0.355037, 0, 0, 99.99, 0.953712, 0.224815, 292.984
5684, 0, 0.325248, 0.0302803, 0, 0, 0, 0, 0, 0.355528, 0, 0, 99.99, 0.953776, 0.224805, 293.009
5685, 0, 0.332688, 0.0245061, 0, 0, 0, 0, 0, 0.357194, 0, 0, 99.99, 0.95384, 0.223512, 293.146
5686, 0, 0.342333, 0.0169803, 0, 0, 0, 0, 0, 0.359313, 0, 0, 99.99, 0.953904, 0.222458, 293.325
5687, 0, 0.345255, 0.0148133, 0, 0, 0, 0, 0, 0.360069, 0, 0, 99.99, 0.953968, 0.223901, 293.375
5688, 0, 0.342694, 0.0170135, 0, 0, 0, 0, 0, 0.359707, 0, 0, 99.99, 0.954032, 0.225511, 293.319
5689, 0, 0.344033, 0.0161288, 0, 0, 0, 0, 0, 0.360161, 0, 0, 99.99, 0.954096, 0.225817, 293.34
5690, 0, 0.350656, 0.0110721, 0, 0, 0, 0, 0, 0.361728, 0, 0, 99.99, 0.95416, 0.225982, 293.466
5691, 0, 0.357752, 0.00566287, 0, 0, 0, 0, 0, 0.363415, 0, 0, 99.99, 0.954224, 0.225982, 293.603
5692, 0, 0.361129, 0.00319156, 0, 0, 0, 0, 0, 0.364321, 0, 0, 99.99, 0.954288, 0.224901, 293.666
5693, 0, 0.358975, 0.00506626, 0, 0, 0, 0, 0, 0.364041, 0, 0, 99.99, 0.954352, 0.222226, 293.619
5694, 0, 0.352106, 0.0106629, 0, 0, 0, 0, 0, 0.362769, 0, 0, 99.99, 0.954416, 0.219072, 293.478
5695, 0, 0.342985, 0.0180805, 0, 0, 0, 0, 0, 0.361065, 0, 0, 99.99, 0.95448, 0.217564, 293.296
5696, 0, 0.33413, 0.0253412, 0, 0, 0, 0, 0, 0.359471, 0, 0, 99.99, 0.954544, 0.218823, 293.124
5697, 0, 0.327095, 0.0311901, 0, 0, 0, 0, 0, 0.358285, 0, 0, 99.99, 0.954608, 0.220314, 292.99
5698, 0, 0.322476, 0.0351172, 0, 0, 0, 0, 0, 0.357593, 0, 0, 99.99, 0.954672, 0.219894, 292.902
5699, 0, 0.320609, 0.0368221, 0, 0, 0, 0, 0, 0.357432, 0, 0, 99.99, 0.954736, 0.220462, 292.865
5700, 0, 0.322186, 0.035734, 0, 0, 0, 0, 0, 0.35792, 0, 0, 99.99, 0.9548, 0.22279, 292.89
5701, 0, 0.327045, 0.0319875, 0, 0, 0, 0, 0, 0.359032, 0, 0, 99.99, 0.954864, 0.223811, 292.974
5702, 0, 0.331865, 0.0282722, 0, 0, 0, 0, 0, 0.360137, 0, 0, 99.99, 0.954928, 0.222531, 293.057
5703, 0, 0.335908, 0.0252044, 0, 0, 0, 0, 0, 0.361112, 0, 0, 99.99, 0.954992, 0.220218, 293.128
5704, 0, 0.343142, 0.0196179, 0, 0, 0, 0, 0, 0.36276, 0, 0, 99.99, 0.955056, 0.220071, 293.261
5705, 0, 0.350773, 0.013724, 0, 0, 0, 0, 0, 0.364497, 0, 0, 99.99, 0.95512, 0.222091, 293.402
5706, 0, 0.353887, 0.0114217, 0, 0, 0, 0, 0, 0.365308, 0, 0, 99.99, 0.955184, 0.223305, 293.457
5707, 0, 0.356316, 0.00968464, 0, 0, 0, 0, 0, 0.366001, 0, 0, 99.99, 0.955248, 0.223313, 293.5
5708, 0, 0.361116, 0.00609871, 0, 0, 0, 0, 0, 0.367215, 0, 0, 99.99, 0.955312, 0.22274, 293.592
5709, 0, 0.365684, 0.00270349, 0, 0, 0, 0, 0, 0.368387, 0, 0, 99.99, 0.955376, 0.221123, 293.679
5710, 0, 0.367798, 0.0012324, 0, 0, 0, 0, 0, 0.36903, 0, 0, 99.99, 0.95544, 0.217342, 293.717
5711, 0, 0.367299, 0.00180238, 0, 0, 0, 0, 0, 0.369101, 0, 0, 99.99, 0.955504, 0.213141, 293.703
5712, 0, 0.364598, 0.00409177, 0, 0, 0, 0, 0, 0.36869, 0, 0, 99.99, 0.955568, 0.212508, 293.643
5713, 0, 0.361143, 0.00697606, 0, 0, 0, 0, 0, 0.368119, 0, 0, 99.99, 0.955632, 0.213276, 293.569
5714, 0, 0.359612, 0.00835692, 0, 0, 0, 0, 0, 0.367969, 0, 0, 99.99, 0.955696, 0.212646, 293.533
5715, 0, 0.361748, 0.00686637, 0, 0, 0, 0, 0, 0.368614, 0, 0, 99.99, 0.95576, 0.213848, 293.572
5716, 0, 0.365357, 0.0042222, 0, 0, 0, 0, 0, 0.369579, 0, 0, 99.99, 0.955824, 0.216882, 293.64
5717, 0, 0.367477, 0.0027439, 0, 0, 0, 0, 0, 0.370221, 0, 0, 99.99, 0.955888, 0.218326, 293.678
5718, 0, 0.368522, 0.00210945, 0, 0, 0, 0, 0, 0.370631, 0, 0, 99.99, 0.955952, 0.219095, 293.694
5719, 0, 0.368498, 0.00230861, 0, 0, 0, 0, 0, 0.370807, 0, 0, 99.99, 0.956016, 0.219738, 293.689
5720, 0, 0.367268, 0.0034484, 0, 0, 0, 0, 0, 0.370716, 0, 0, 99.99, 0.95608, 0.219261, 293.659
5721, 0, 0.366761, 0.00402434, 0, 0, 0, 0, 0, 0.370785, 0, 0, 99.99, 0.956144, 0.218494, 293.644
5722, 0, 0.367354, 0.00374206, 0, 0, 0, 0, 0, 0.371096, 0, 0, 99.99, 0.956208, 0.218509, 293.652
5723, 0, 0.368009, 0.00341239, 0, 0, 0, 0, 0, 0.371421, 0, 0, 99.99, 0.956272, 0.219604, 293.66
5724, 0, 0.367454, 0.00402929, 0, 0, 0, 0, 0, 0.371483, 0, 0, 99.99, 0.956336, 0.220534, 293.645
5725, 0, 0.36509, 0.00605948, 0, 0, 0, 0, 0, 0.37115, 0, 0, 99.99, 0.9564, 0.220646, 293.593
5726, 0, 0.363801, 0.00724813, 0, 0, 0, 0, 0, 0.371049, 0, 0, 99.99, 0.956464, 0.220331, 293.562
5727, 0, 0.364517, 0.00686959, 0, 0, 0, 0, 0, 0.371387, 0, 0, 99.99, 0.956528, 0.219661, 293.572
5728, 0, 0.363906, 0.00753938, 0, 0, 0, 0, 0, 0.371445, 0, 0, 99.99, 0.956592, 0.217988, 293.556
5729, 0, 0.359368, 0.0112968, 0, 0, 0, 0, 0, 0.370665, 0, 0, 99.99, 0.956656, 0.216618, 293.463
5730, 0, 0.355348, 0.0146461, 0, 0, 0, 0, 0, 0.369994, 0, 0, 99.99, 0.95672, 0.217361, 293.379
5731, 0, 0.35767, 0.0129988, 0, 0, 0, 0, 0, 0.370669, 0, 0, 99.99, 0.956784, 0.217981, 293.42
5732, 0, 0.362785, 0.0091477, 0, 0, 0, 0, 0, 0.371933, 0, 0, 99.99, 0.956848, 0.216759, 293.516
5733, 0, 0.365115, 0.00748935, 0, 0, 0, 0, 0, 0.372605, 0, 0, 99.99, 0.956912, 0.214397, 293.557
5734, 0, 0.367037, 0.00616463, 0, 0, 0, 0, 0, 0.373202, 0, 0, 99.99, 0.956976, 0.213156, 293.59
5735, 0, 0.370215, 0.00386202, 0, 0, 0, 0, 0, 0.374077, 0, 0, 99.99, 0.95704, 0.213633, 293.65
5736, 0, 0.372076, 0.00258817, 0, 0, 0, 0, 0, 0.374664, 0, 0, 99.99, 0.957104, 0.214427, 293.682
5737, 0, 0.371353, 0.00333615, 0, 0, 0, 0, 0, 0.374689, 0, 0, 99.99, 0.957168, 0.215533, 293.663
5738, 0, 0.367231, 0.00674599, 0, 0, 0, 0, 0, 0.373977, 0, 0, 99.99, 0.957232, 0.216572, 293.577
5739, 0, 0.360953, 0.0118568, 0, 0, 0, 0, 0, 0.37281, 0, 0, 99.99, 0.957296, 0.216843, 293.448
5740, 0, 0.356015, 0.015927, 0, 0, 0, 0, 0, 0.371942, 0, 0, 99.99, 0.95736, 0.216126, 293.347
5741, 0, 0.354294, 0.0174673, 0, 0, 0, 0, 0, 0.371761, 0, 0, 99.99, 0.957424, 0.21642, 293.309
5742, 0, 0.355607, 0.0166107, 0, 0, 0, 0, 0, 0.372217, 0, 0, 99.99, 0.957488, 0.21769, 293.33
5743, 0, 0.359161, 0.0139862, 0, 0, 0, 0, 0, 0.373147, 0, 0, 99.99, 0.957552, 0.218127, 293.394
5744, 0, 0.364001, 0.0103581, 0, 0, 0, 0, 0, 0.374359, 0, 0, 99.99, 0.957616, 0.217415, 293.485
5745, 0, 0.369041, 0.0065873, 0, 0, 0, 0, 0, 0.375628, 0, 0, 99.99, 0.95768, 0.215944, 293.58
5746, 0, 0.373267, 0.00346574, 0, 0, 0, 0, 0, 0.376733, 0, 0, 99.99, 0.957744, 0.214874, 293.66
5747, 0, 0.375974, 0.00153707, 0, 0, 0, 0, 0, 0.377511, 0, 0, 99.99, 0.957808, 0.214904, 293.71
5748, 0, 0.376744, 0.00111834, 0, 0, 0, 0, 0, 0.377862, 0, 0, 99.99, 0.957872, 0.215256, 293.721
5749, 0, 0.375483, 0.0022803, 0, 0, 0, 0, 0, 0.377763, 0, 0, 99.99, 0.957936, 0.215714, 293.69
5750, 0, 0.372409, 0.00485803, 0, 0, 0, 0, 0, 0.377267, 0, 0, 99.99, 0.958, 0.216461, 293.624
5751, 0, 0.368499, 0.00809463, 0, 0, 0, 0, 0, 0.376593, 0, 0, 99.99, 0.958064, 0.216322, 293.541
5752, 0, 0.365381, 0.0107187, 0, 0, 0, 0, 0, 0.3761, 0, 0, 99.99, 0.958128, 0.214429, 293.475
5753, 0, 0.364822, 0.0113407, 0, 0, 0, 0, 0, 0.376163, 0, 0, 99.99, 0.958192, 0.211646, 293.46
5754, 0, 0.367332, 0.00955705, 0, 0, 0, 0, 0, 0.376889, 0, 0, 99.99, 0.958256, 0.210106, 293.505
5755, 0, 0.369151, 0.00831394, 0, 0, 0, 0, 0, 0.377465, 0, 0, 99.99, 0.95832, 0.209854, 293.537
5756, 0, 0.366827, 0.0103182, 0, 0, 0, 0, 0, 0.377145, 0, 0, 99.99, 0.958384, 0.211803, 293.486
5757, 0, 0.363642, 0.0129972, 0, 0, 0, 0, 0, 0.376639, 0, 0, 99.99, 0.958448, 0.214258, 293.419
5758, 0, 0.363202, 0.0135218, 0, 0, 0, 0, 0, 0.376724, 0, 0, 99.99, 0.958512, 0.214333, 293.406
5759, 0, 0.365222, 0.012114, 0, 0, 0, 0, 0, 0.377336, 0, 0, 99.99, 0.958576, 0.213722, 293.441
5760, 0, 0.368421, 0.00978349, 0, 0, 0, 0, 0, 0.378204, 0, 0, 99.99, 0.95864, 0.214007, 293.499
5761, 0, 0.371996, 0.00716472, 0, 0, 0, 0, 0, 0.379161, 0, 0, 99.99, 0.958704, 0.213925, 293.565
5762, 0, 0.375461, 0.00464028, 0, 0, 0, 0, 0, 0.380102, 0, 0, 99.99, 0.958768, 0.213779, 293.63
5763, 0, 0.378411, 0.00252405, 0, 0, 0, 0, 0, 0.380935, 0, 0, 99.99, 0.958832, 0.213793, 293.684
5764, 0, 0.380481, 0.00109581, 0, 0, 0, 0, 0, 0.381577, 0, 0, 99.99, 0.958896, 0.212778, 293.721
5765, 0, 0.381488, 0.000494003, 0, 0, 0, 0, 0, 0.381982, 0, 0, 99.99, 0.95896, 0.211693, 293.737
5766, 0, 0.381596, 0.000589336, 0, 0, 0, 0, 0, 0.382186, 0, 0, 99.99, 0.959024, 0.212318, 293.734
5767, 0, 0.381444, 0.000886937, 0, 0, 0, 0, 0, 0.382331, 0, 0, 99.99, 0.959088, 0.2138, 293.727
5768, 0, 0.381695, 0.000872001, 0, 0, 0, 0, 0, 0.382567, 0, 0, 99.99, 0.959152, 0.21448, 293.727
5769, 0, 0.381945, 0.000858799, 0, 0, 0, 0, 0, 0.382803, 0, 0, 99.99, 0.959216, 0.214341, 293.727
5770, 0, 0.381162, 0.00164646, 0, 0, 0, 0, 0, 0.382808, 0, 0, 99.99, 0.95928, 0.213948, 293.707
5771, 0, 0.379434, 0.00316855, 0, 0, 0, 0, 0, 0.382603, 0, 0, 99.99, 0.959344, 0.213118, 293.667
5772, 0, 0.378077, 0.00440401, 0, 0, 0, 0, 0, 0.382481, 0, 0, 99.99, 0.959408, 0.210646, 293.636
5773, 0, 0.377148, 0.0053108, 0, 0, 0, 0, 0, 0.382459, 0, 0, 99.99, 0.959472, 0.207673, 293.613
5774, 0, 0.374495, 0.00756864, 0, 0, 0, 0, 0, 0.382063, 0, 0, 99.99, 0.959536, 0.207624, 293.556
5775, 0, 0.37049, 0.0108841, 0, 0, 0, 0, 0, 0.381374, 0, 0, 99.99, 0.9596, 0.209523, 293.473
5776, 0, 0.368417, 0.0126887, 0, 0, 0, 0, 0, 0.381105, 0, 0, 99.99, 0.959664, 0.210017, 293.427
5777, 0, 0.369859, 0.0117395, 0, 0, 0, 0, 0, 0.381599, 0, 0, 99.99, 0.959728, 0.209254, 293.451
5778, 0, 0.374372, 0.00839061, 0, 0, 0, 0, 0, 0.382763, 0, 0, 99.99, 0.959792, 0.209096, 293.536
5779, 0, 0.379736, 0.00438425, 0, 0, 0, 0, 0, 0.38412, 0, 0, 99.99, 0.959856, 0.210211, 293.637
5780, 0, 0.382795, 0.00218065, 0, 0, 0, 0, 0, 0.384976, 0, 0, 99.99, 0.95992, 0.211583, 293.694
5781, 0, 0.381882, 0.00307386, 0, 0, 0, 0, 0, 0.384956, 0, 0, 99.99, 0.959984, 0.21209, 293.671
5782, 0, 0.376808, 0.00722052, 0, 0, 0, 0, 0, 0.384029, 0, 0, 99.99, 0.960048, 0.21111, 293.567
5783, 0, 0.369059, 0.0134834, 0, 0, 0, 0, 0, 0.382543, 0, 0, 99.99, 0.960112, 0.209771, 293.412
5784, 0, 0.361386, 0.0197203, 0, 0, 0, 0, 0, 0.381106, 0, 0, 99.99, 0.960176, 0.210143, 293.261
5785, 0, 0.355476, 0.0245956, 0, 0, 0, 0, 0, 0.380071, 0, 0, 99.99, 0.96024, 0.211311, 293.146
5786, 0, 0.351792, 0.0277183, 0, 0, 0, 0, 0, 0.379511, 0, 0, 99.99, 0.960304, 0.211882, 293.074
5787, 0, 0.350783, 0.0287126, 0, 0, 0, 0, 0, 0.379495, 0, 0, 99.99, 0.960368, 0.211966, 293.052
5788, 0, 0.352569, 0.0274748, 0, 0, 0, 0, 0, 0.380044, 0, 0, 99.99, 0.960432, 0.211827, 293.081
5789, 0, 0.355217, 0.0255494, 0, 0, 0, 0, 0, 0.380766, 0, 0, 99.99, 0.960496, 0.211386, 293.126
5790, 0, 0.356683, 0.0245693, 0, 0, 0, 0, 0, 0.381252, 0, 0, 99.99, 0.96056, 0.210362, 293.149
5791, 0, 0.358647, 0.0231952, 0, 0, 0, 0, 0, 0.381842, 0, 0, 99.99, 0.960624, 0.20904, 293.182
5792, 0, 0.358963, 0.0231351, 0, 0, 0, 0, 0, 0.382099, 0, 0, 99.99, 0.960688, 0.207321, 293.184
5793, 0, 0.353882, 0.0273827, 0, 0, 0, 0, 0, 0.381265, 0, 0, 99.99, 0.960752, 0.205357, 293.088
5794, 0, 0.347263, 0.0328587, 0, 0, 0, 0, 0, 0.380121, 0, 0, 99.99, 0.960816, 0.205278, 292.963
5795, 0, 0.344337, 0.0353811, 0, 0, 0, 0, 0, 0.379718, 0, 0, 99.99, 0.96088, 0.206319, 292.906
5796, 0, 0.344754, 0.0352243, 0, 0, 0, 0, 0, 0.379979, 0, 0, 99.99, 0.960944, 0.20621, 292.909
5797, 0, 0.347106, 0.0335152, 0, 0, 0, 0, 0, 0.380621, 0, 0, 99.99, 0.961008, 0.20666, 292.947
5798, 0, 0.351809, 0.0299313, 0, 0, 0, 0, 0, 0.38174, 0, 0, 99.99, 0.961072, 0.208485, 293.027
5799, 0, 0.359315, 0.0241282, 0, 0, 0, 0, 0, 0.383444, 0, 0, 99.99, 0.961136, 0.209217, 293.161
5800, 0, 0.367834, 0.0175513, 0, 0, 0, 0, 0, 0.385385, 0, 0, 99.99, 0.9612, 0.208246, 293.315
5801, 0, 0.375969, 0.0113244, 0, 0, 0, 0, 0, 0.387293, 0, 0, 99.99, 0.961264, 0.207258, 293.466
5802, 0, 0.381236, 0.00737501, 0, 0, 0, 0, 0, 0.388611, 0, 0, 99.99, 0.961328, 0.207663, 293.563
5803, 0, 0.379502, 0.00891258, 0, 0, 0, 0, 0, 0.388415, 0, 0, 99.99, 0.961392, 0.208839, 293.525
5804, 0, 0.373148, 0.0140761, 0, 0, 0, 0, 0, 0.387224, 0, 0, 99.99, 0.961456, 0.209426, 293.398
5805, 0, 0.367375, 0.0188023, 0, 0, 0, 0, 0, 0.386178, 0, 0, 99.99, 0.96152, 0.209394, 293.283
5806, 0, 0.363871, 0.0217563, 0, 0, 0, 0, 0, 0.385627, 0, 0, 99.99, 0.961584, 0.209155, 293.213
5807, 0, 0.364692, 0.0212937, 0, 0, 0, 0, 0, 0.385986, 0, 0, 99.99, 0.961648, 0.208693, 293.225
5808, 0, 0.369768, 0.0174712, 0, 0, 0, 0, 0, 0.387239, 0, 0, 99.99, 0.961712, 0.207692, 293.316
5809, 0, 0.372886, 0.0151878, 0, 0, 0, 0, 0, 0.388074, 0, 0, 99.99, 0.961776, 0.206685, 293.371
5810, 0, 0.371177, 0.0167053, 0, 0, 0, 0, 0, 0.387883, 0, 0, 99.99, 0.96184, 0.206523, 293.333
5811, 0, 0.369811, 0.0179558, 0, 0, 0, 0, 0, 0.387767, 0, 0, 99.99, 0.961904, 0.206213, 293.302
5812, 0, 0.371436, 0.0168534, 0, 0, 0, 0, 0, 0.388289, 0, 0, 99.99, 0.961968, 0.204337, 293.328
5813, 0, 0.374797, 0.0143894, 0, 0, 0, 0, 0, 0.389187, 0, 0, 99.99, 0.962032, 0.20237, 293.388
5814, 0, 0.378819, 0.0114147, 0, 0, 0, 0, 0, 0.390234, 0, 0, 99.99, 0.962096, 0.202591, 293.461
5815, 0, 0.383066, 0.00827554, 0, 0, 0, 0, 0, 0.391342, 0, 0, 99.99, 0.96216, 0.203751, 293.539
5816, 0, 0.387224, 0.00521753, 0, 0, 0, 0, 0, 0.392441, 0, 0, 99.99, 0.962224, 0.204555, 293.616
5817, 0, 0.390766, 0.00264613, 0, 0, 0, 0, 0, 0.393413, 0, 0, 99.99, 0.962288, 0.204734, 293.682
5818, 0, 0.392952, 0.00113119, 0, 0, 0, 0, 0, 0.394084, 0, 0, 99.99, 0.962352, 0.204535, 293.721
5819, 0, 0.393575, 0.000828223, 0, 0, 0, 0, 0, 0.394403, 0, 0, 99.99, 0.962416, 0.205028, 293.728
5820, 0, 0.393518, 0.00105116, 0, 0, 0, 0, 0, 0.394569, 0, 0, 99.99, 0.96248, 0.205276, 293.723
5821, 0, 0.393851, 0.0009733, 0, 0, 0, 0, 0, 0.394824, 0, 0, 99.99, 0.962544, 0.205528, 293.725
5822, 0, 0.39454, 0.000620099, 0, 0, 0, 0, 0, 0.39516, 0, 0, 99.99, 0.962608, 0.206234, 293.734
5823, 0, 0.39477, 0.000621145, 0, 0, 0, 0, 0, 0.395392, 0, 0, 99.99, 0.962672, 0.206566, 293.734
5824, 0, 0.394074, 0.0013387, 0, 0, 0, 0, 0, 0.395413, 0, 0, 99.99, 0.962736, 0.206594, 293.715
5825, 0, 0.392694, 0.00258571, 0, 0, 0, 0, 0, 0.39528, 0, 0, 99.99, 0.9628, 0.206243, 293.683
5826, 0, 0.391456, 0.00372433, 0, 0, 0, 0, 0, 0.39518, 0, 0, 99.99, 0.962864, 0.205063, 293.654
5827, 0, 0.391374, 0.00396689, 0, 0, 0, 0, 0, 0.395341, 0, 0, 99.99, 0.962928, 0.203923, 293.648
5828, 0, 0.392606, 0.00319212, 0, 0, 0, 0, 0, 0.395798, 0, 0, 99.99, 0.962992, 0.204236, 293.668
5829, 0, 0.394289, 0.00206893, 0, 0, 0, 0, 0, 0.396358, 0, 0, 99.99, 0.963056, 0.204768, 293.696
5830, 0, 0.395502, 0.00130979, 0, 0, 0, 0, 0, 0.396812, 0, 0, 99.99, 0.96312, 0.204678, 293.716
5831, 0, 0.395438, 0.00153851, 0, 0, 0, 0, 0, 0.396977, 0, 0, 99.99, 0.963184, 0.204534, 293.71
5832, 0, 0.394586, 0.00237649, 0, 0, 0, 0, 0, 0.396963, 0, 0, 99.99, 0.963248, 0.20352, 293.689
5833, 0, 0.394518, 0.00260828, 0, 0, 0, 0, 0, 0.397127, 0, 0, 99.99, 0.963312, 0.201863, 293.683
5834, 0, 0.394748, 0.00261118, 0, 0, 0, 0, 0, 0.39736, 0, 0, 99.99, 0.963376, 0.200929, 293.683
5835, 0, 0.392956, 0.00418342, 0, 0, 0, 0, 0, 0.397139, 0, 0, 99.99, 0.96344, 0.200335, 293.643
5836, 0, 0.38972, 0.0068762, 0, 0, 0, 0, 0, 0.396597, 0, 0, 99.99, 0.963504, 0.201156, 293.575
5837, 0, 0.388055, 0.00835254, 0, 0, 0, 0, 0, 0.396407, 0, 0, 99.99, 0.963568, 0.202775, 293.538
5838, 0, 0.387145, 0.0092459, 0, 0, 0, 0, 0, 0.396391, 0, 0, 99.99, 0.963632, 0.202745, 293.516
5839, 0, 0.384244, 0.0116952, 0, 0, 0, 0, 0, 0.39594, 0, 0, 99.99, 0.963696, 0.201754, 293.456
5840, 0, 0.380835, 0.0145461, 0, 0, 0, 0, 0, 0.395381, 0, 0, 99.99, 0.96376, 0.202239, 293.386
5841, 0, 0.378134, 0.0168502, 0, 0, 0, 0, 0, 0.394984, 0, 0, 99.99, 0.963824, 0.20353, 293.331
5842, 0, 0.375665, 0.0189745, 0, 0, 0, 0, 0, 0.394639, 0, 0, 99.99, 0.963888, 0.203751, 293.28
5843, 0, 0.374895, 0.0197606, 0, 0, 0, 0, 0, 0.394656, 0, 0, 99.99, 0.963952, 0.203101, 293.261
5844, 0, 0.377384, 0.0179856, 0, 0, 0, 0, 0, 0.395369, 0, 0, 99.99, 0.964016, 0.20263, 293.304
5845, 0, 0.383098, 0.0136851, 0, 0, 0, 0, 0, 0.396783, 0, 0, 99.99, 0.96408, 0.20223, 293.408
5846, 0, 0.389969, 0.00849481, 0, 0, 0, 0, 0, 0.398464, 0, 0, 99.99, 0.964144, 0.201741, 293.536
5847, 0, 0.394614, 0.00505568, 0, 0, 0, 0, 0, 0.39967, 0, 0, 99.99, 0.964208, 0.201847, 293.621
5848, 0, 0.394198, 0.00555909, 0, 0, 0, 0, 0, 0.399757, 0, 0, 99.99, 0.964272, 0.202399, 293.609
5849, 0, 0.389331, 0.00953237, 0, 0, 0, 0, 0, 0.398863, 0, 0, 99.99, 0.964336, 0.202885, 293.51
5850, 0, 0.383271, 0.0144492, 0, 0, 0, 0, 0, 0.39772, 0, 0, 99.99, 0.9644, 0.203049, 293.389
5851, 0, 0.379295, 0.0177445, 0, 0, 0, 0, 0, 0.397039, 0, 0, 99.99, 0.964464, 0.202719, 293.309
5852, 0, 0.378658, 0.0184247, 0, 0, 0, 0, 0, 0.397082, 0, 0, 99.99, 0.964528, 0.201147, 293.293
5853, 0, 0.380604, 0.0170758, 0, 0, 0, 0, 0, 0.39768, 0, 0, 99.99, 0.964592, 0.198391, 293.325
5854, 0, 0.38347, 0.0150062, 0, 0, 0, 0, 0, 0.398476, 0, 0, 99.99, 0.964656, 0.196909, 293.375
5855, 0, 0.386493, 0.0128191, 0, 0, 0, 0, 0, 0.399312, 0, 0, 99.99, 0.96472, 0.197527, 293.428
5856, 0, 0.390944, 0.00952794, 0, 0, 0, 0, 0, 0.400472, 0, 0, 99.99, 0.964784, 0.19899, 293.51
5857, 0, 0.396046, 0.00573849, 0, 0, 0, 0, 0, 0.401785, 0, 0, 99.99, 0.964848, 0.200347, 293.604
5858, 0, 0.399294, 0.00339496, 0, 0, 0, 0, 0, 0.402689, 0, 0, 99.99, 0.964912, 0.200382, 293.663
5859, 0, 0.401022, 0.00223615, 0, 0, 0, 0, 0, 0.403259, 0, 0, 99.99, 0.964976, 0.199502, 293.692
5860, 0, 0.402349, 0.00139047, 0, 0, 0, 0, 0, 0.40374, 0, 0, 99.99, 0.96504, 0.198948, 293.714
5861, 0, 0.402418, 0.0015166, 0, 0, 0, 0, 0, 0.403934, 0, 0, 99.99, 0.965104, 0.19934, 293.711
5862, 0, 0.400821, 0.00292948, 0, 0, 0, 0, 0, 0.40375, 0, 0, 99.99, 0.965168, 0.200213, 293.675
5863, 0, 0.398924, 0.00457462, 0, 0, 0, 0, 0, 0.403499, 0, 0, 99.99, 0.965232, 0.200287, 293.633
5864, 0, 0.39855, 0.0050435, 0, 0, 0, 0, 0, 0.403593, 0, 0, 99.99, 0.965296, 0.199465, 293.621
5865, 0, 0.400243, 0.00391334, 0, 0, 0, 0, 0, 0.404156, 0, 0, 99.99, 0.96536, 0.199173, 293.65
5866, 0, 0.402655, 0.00222783, 0, 0, 0, 0, 0, 0.404883, 0, 0, 99.99, 0.965424, 0.200021, 293.693
5867, 0, 0.403765, 0.00154925, 0, 0, 0, 0, 0, 0.405314, 0, 0, 99.99, 0.965488, 0.200607, 293.71
5868, 0, 0.402693, 0.00255622, 0, 0, 0, 0, 0, 0.405249, 0, 0, 99.99, 0.965552, 0.200572, 293.684
5869, 0, 0.40034, 0.00455435, 0, 0, 0, 0, 0, 0.404895, 0, 0, 99.99, 0.965616, 0.200497, 293.634
5870, 0, 0.398351, 0.00627362, 0, 0, 0, 0, 0, 0.404624, 0, 0, 99.99, 0.96568, 0.200426, 293.59
5871, 0, 0.397759, 0.00691193, 0, 0, 0, 0, 0, 0.404671, 0, 0, 99.99, 0.965744, 0.199932, 293.574
5872, 0, 0.398805, 0.00628065, 0, 0, 0, 0, 0, 0.405086, 0, 0, 99.99, 0.965808, 0.198539, 293.59
5873, 0, 0.400082, 0.00546984, 0, 0, 0, 0, 0, 0.405552, 0, 0, 99.99, 0.965872, 0.196427, 293.61
5874, 0, 0.400397, 0.00540413, 0, 0, 0, 0, 0, 0.405801, 0, 0, 99.99, 0.965936, 0.195053, 293.612
5875, 0, 0.401033, 0.00508998, 0, 0, 0, 0, 0, 0.406123, 0, 0, 99.99, 0.966, 0.195737, 293.62
5876, 0, 0.402711, 0.00397172, 0, 0, 0, 0, 0, 0.406682, 0, 0, 99.99, 0.966064, 0.196651, 293.648
5877, 0, 0.404836, 0.00250892, 0, 0, 0, 0, 0, 0.407345, 0, 0, 99.99, 0.966128, 0.195883, 293.686
5878, 0, 0.406722, 0.00123339, 0, 0, 0, 0, 0, 0.407955, 0, 0, 99.99, 0.966192, 0.195644, 293.718
5879, 0, 0.407927, 0.000483128, 0, 0, 0, 0, 0, 0.40841, 0, 0, 99.99, 0.966256, 0.197249, 293.738
5880, 0, 0.408509, 0.000213235, 0, 0, 0, 0, 0, 0.408722, 0, 0, 99.99, 0.96632, 0.198477, 293.744
5881, 0, 0.40879, 0.000175403, 0, 0, 0, 0, 0, 0.408965, 0, 0, 99.99, 0.966384, 0.198048, 293.745
5882, 0, 0.408997, 0.0001936, 0, 0, 0, 0, 0, 0.409191, 0, 0, 99.99, 0.966448, 0.19663, 293.745
5883, 0, 0.409056, 0.00032683, 0, 0, 0, 0, 0, 0.409383, 0, 0, 99.99, 0.966512, 0.195868, 293.742
5884, 0, 0.408729, 0.000756676, 0, 0, 0, 0, 0, 0.409486, 0, 0, 99.99, 0.966576, 0.196648, 293.73
5885, 0, 0.408033, 0.00147118, 0, 0, 0, 0, 0, 0.409504, 0, 0, 99.99, 0.96664, 0.197838, 293.712
5886, 0, 0.407086, 0.00237931, 0, 0, 0, 0, 0, 0.409465, 0, 0, 99.99, 0.966704, 0.198312, 293.689
5887, 0, 0.405968, 0.00342031, 0, 0, 0, 0, 0, 0.409388, 0, 0, 99.99, 0.966768, 0.1983, 293.662
5888, 0, 0.405265, 0.00414137, 0, 0, 0, 0, 0, 0.409407, 0, 0, 99.99, 0.966832, 0.198166, 293.644
5889, 0, 0.405748, 0.00394768, 0, 0, 0, 0, 0, 0.409696, 0, 0, 99.99, 0.966896, 0.197901, 293.649
5890, 0, 0.40731, 0.00292081, 0, 0, 0, 0, 0, 0.410231, 0, 0, 99.99, 0.96696, 0.197295, 293.675
5891, 0, 0.408534, 0.00215538, 0, 0, 0, 0, 0, 0.410689, 0, 0, 99.99, 0.967024, 0.196577, 293.695
5892, 0, 0.40864, 0.00225135, 0, 0, 0, 0, 0, 0.410892, 0, 0, 99.99, 0.967088, 0.196102, 293.692
5893, 0, 0.408796, 0.00230973, 0, 0, 0, 0, 0, 0.411105, 0, 0, 99.99, 0.967152, 0.1949, 293.691
5894, 0, 0.409759, 0.00174584, 0, 0, 0, 0, 0, 0.411505, 0, 0, 99.99, 0.967216, 0.192891, 293.705
5895, 0, 0.411021, 0.000952361, 0, 0, 0, 0, 0, 0.411974, 0, 0, 99.99, 0.96728, 0.192248, 293.725
5896, 0, 0.41197, 0.000401079, 0, 0, 0, 0, 0, 0.412371, 0, 0, 99.99, 0.967344, 0.193676, 293.74
5897, 0, 0.4124, 0.000248137, 0, 0, 0, 0, 0, 0.412648, 0, 0, 99.99, 0.967408, 0.194556, 293.744
5898, 0, 0.412308, 0.000496695, 0, 0, 0, 0, 0, 0.412805, 0, 0, 99.99, 0.967472, 0.194046, 293.737
5899, 0, 0.411585, 0.00123105, 0, 0, 0, 0, 0, 0.412816, 0, 0, 99.99, 0.967536, 0.194067, 293.718
5900, 0, 0.410255, 0.00243381, 0, 0, 0, 0, 0, 0.412689, 0, 0, 99.99, 0.9676, 0.194756, 293.688
5901, 0, 0.408557, 0.00392177, 0, 0, 0, 0, 0, 0.412479, 0, 0, 99.99, 0.967664, 0.194916, 293.65
5902, 0, 0.406763, 0.00548602, 0, 0, 0, 0, 0, 0.412249, 0, 0, 99.99, 0.967728, 0.194494, 293.61
5903, 0, 0.405168, 0.00689877, 0, 0, 0, 0, 0, 0.412067, 0, 0, 99.99, 0.967792, 0.193951, 293.575
5904, 0, 0.403712, 0.0082064, 0, 0, 0, 0, 0, 0.411919, 0, 0, 99.99, 0.967856, 0.193802, 293.542
5905, 0, 0.401882, 0.00980717, 0, 0, 0, 0, 0, 0.41169, 0, 0, 99.99, 0.96792, 0.19398, 293.503
5906, 0, 0.399919, 0.0115128, 0, 0, 0, 0, 0, 0.411432, 0, 0, 99.99, 0.967984, 0.193367, 293.461
5907, 0, 0.398892, 0.0124922, 0, 0, 0, 0, 0, 0.411384, 0, 0, 99.99, 0.968048, 0.191174, 293.437
5908, 0, 0.399478, 0.0122166, 0, 0, 0, 0, 0, 0.411694, 0, 0, 99.99, 0.968112, 0.189104, 293.444
5909, 0, 0.40068, 0.011462, 0, 0, 0, 0, 0, 0.412142, 0, 0, 99.99, 0.968176, 0.189421, 293.463
5910, 0, 0.400038, 0.0121429, 0, 0, 0, 0, 0, 0.412181, 0, 0, 99.99, 0.96824, 0.191106, 293.446
5911, 0, 0.398084, 0.0138436, 0, 0, 0, 0, 0, 0.411928, 0, 0, 99.99, 0.968304, 0.192681, 293.405
5912, 0, 0.397566, 0.0144251, 0, 0, 0, 0, 0, 0.411992, 0, 0, 99.99, 0.968368, 0.193541, 293.391
5913, 0, 0.399205, 0.013328, 0, 0, 0, 0, 0, 0.412532, 0, 0, 99.99, 0.968432, 0.193301, 293.417
5914, 0, 0.402697, 0.0107918, 0, 0, 0, 0, 0, 0.413489, 0, 0, 99.99, 0.968496, 0.192066, 293.48
5915, 0, 0.407525, 0.00722821, 0, 0, 0, 0, 0, 0.414753, 0, 0, 99.99, 0.96856, 0.190778, 293.568
5916, 0, 0.411876, 0.00404154, 0, 0, 0, 0, 0, 0.415917, 0, 0, 99.99, 0.968624, 0.190609, 293.648
5917, 0, 0.413107, 0.00326793, 0, 0, 0, 0, 0, 0.416375, 0, 0, 99.99, 0.968688, 0.191062, 293.667
5918, 0, 0.411123, 0.00497605, 0, 0, 0, 0, 0, 0.4161, 0, 0, 99.99, 0.968752, 0.191801, 293.624
5919, 0, 0.409118, 0.00670237, 0, 0, 0, 0, 0, 0.41582, 0, 0, 99.99, 0.968816, 0.19207, 293.58
5920, 0, 0.409117, 0.00688078, 0, 0, 0, 0, 0, 0.415998, 0, 0, 99.99, 0.96888, 0.191681, 293.576
5921, 0, 0.410696, 0.00583968, 0, 0, 0, 0, 0, 0.416536, 0, 0, 99.99, 0.968944, 0.191596, 293.602
5922, 0, 0.413345, 0.00397414, 0, 0, 0, 0, 0, 0.417319, 0, 0, 99.99, 0.969008, 0.191952, 293.649
5923, 0, 0.415229, 0.00269941, 0, 0, 0, 0, 0, 0.417929, 0, 0, 99.99, 0.969072, 0.19258, 293.681
5924, 0, 0.414799, 0.00320874, 0, 0, 0, 0, 0, 0.418008, 0, 0, 99.99, 0.969136, 0.193054, 293.668
5925, 0, 0.412562, 0.00511309, 0, 0, 0, 0, 0, 0.417675, 0, 0, 99.99, 0.9692, 0.192783, 293.62
5926, 0, 0.410062, 0.00722096, 0, 0, 0, 0, 0, 0.417283, 0, 0, 99.99, 0.969264, 0.191952, 293.568
5927, 0, 0.409197, 0.00806708, 0, 0, 0, 0, 0, 0.417264, 0, 0, 99.99, 0.969328, 0.19142, 293.546
5928, 0, 0.410098, 0.00754741, 0, 0, 0, 0, 0, 0.417646, 0, 0, 99.99, 0.969392, 0.191385, 293.559
5929, 0, 0.411651, 0.00652529, 0, 0, 0, 0, 0, 0.418176, 0, 0, 99.99, 0.969456, 0.191525, 293.585
5930, 0, 0.413409, 0.00534586, 0, 0, 0, 0, 0, 0.418755, 0, 0, 99.99, 0.96952, 0.191685, 293.614
5931, 0, 0.415381, 0.00400414, 0, 0, 0, 0, 0, 0.419385, 0, 0, 99.99, 0.969584, 0.191734, 293.648
5932, 0, 0.417355, 0.00266204, 0, 0, 0, 0, 0, 0.420017, 0, 0, 99.99, 0.969648, 0.191959, 293.682
5933, 0, 0.419076, 0.00151665, 0, 0, 0, 0, 0, 0.420592, 0, 0, 99.99, 0.969712, 0.192049, 293.711
5934, 0, 0.42036, 0.000707953, 0, 0, 0, 0, 0, 0.421068, 0, 0, 99.99, 0.969776, 0.191353, 293.732
5935, 0, 0.42111, 0.000310063, 0, 0, 0, 0, 0, 0.42142, 0, 0, 99.99, 0.96984, 0.189791, 293.742
5936, 0, 0.421384, 0.000276607, 0, 0, 0, 0, 0, 0.421661, 0, 0, 99.99, 0.969904, 0.188608, 293.743
5937, 0, 0.421477, 0.000382368, 0, 0, 0, 0, 0, 0.42186, 0, 0, 99.99, 0.969968, 0.188084, 293.74
5938, 0, 0.421616, 0.000452985, 0, 0, 0, 0, 0, 0.422069, 0, 0, 99.99, 0.970032, 0.18813, 293.738
5939, 0, 0.421735, 0.000539391, 0, 0, 0, 0, 0, 0.422274, 0, 0, 99.99, 0.970096, 0.189566, 293.736
5940, 0, 0.421907, 0.00058491, 0, 0, 0, 0, 0, 0.422492, 0, 0, 99.99, 0.97016, 0.190498, 293.735
5941, 0, 0.422, 0.000691037, 0, 0, 0, 0, 0, 0.422691, 0, 0, 99.99, 0.970224, 0.18976, 293.732
5942, 0, 0.421401, 0.00132785, 0, 0, 0, 0, 0, 0.422729, 0, 0, 99.99, 0.970288, 0.188895, 293.716
5943, 0, 0.420119, 0.00248955, 0, 0, 0, 0, 0, 0.422609, 0, 0, 99.99, 0.970352, 0.189301, 293.686
5944, 0, 0.418744, 0.00372497, 0, 0, 0, 0, 0, 0.422469, 0, 0, 99.99, 0.970416, 0.189906, 293.655
5945, 0, 0.417103, 0.00516664, 0, 0, 0, 0, 0, 0.42227, 0, 0, 99.99, 0.97048, 0.190039, 293.619
5946, 0, 0.415286, 0.00674622, 0, 0, 0, 0, 0, 0.422032, 0, 0, 99.99, 0.970544, 0.189989, 293.579
5947, 0, 0.414662, 0.0074049, 0, 0, 0, 0, 0, 0.422067, 0, 0, 99.99, 0.970608, 0.18929, 293.563
5948, 0, 0.415998, 0.00655235, 0, 0, 0, 0, 0, 0.422551, 0, 0, 99.99, 0.970672, 0.18818, 293.584
5949, 0, 0.418645, 0.00469079, 0, 0, 0, 0, 0, 0.423336, 0, 0, 99.99, 0.970736, 0.188072, 293.631
5950, 0, 0.421239, 0.00287198, 0, 0, 0, 0, 0, 0.424111, 0, 0, 99.99, 0.9708, 0.189014, 293.677
5951, 0, 0.422599, 0.00200375, 0, 0, 0, 0, 0, 0.424602, 0, 0, 99.99, 0.970864, 0.189617, 293.699
5952, 0, 0.422807, 0.00202106, 0, 0, 0, 0, 0, 0.424828, 0, 0, 99.99, 0.970928, 0.189548, 293.698
5953, 0, 0.422218, 0.00265189, 0, 0, 0, 0, 0, 0.424869, 0, 0, 99.99, 0.970992, 0.18913, 293.683
5954, 0, 0.420009, 0.00453041, 0, 0, 0, 0, 0, 0.424539, 0, 0, 99.99, 0.971056, 0.188284, 293.635
5955, 0, 0.416463, 0.00744296, 0, 0, 0, 0, 0, 0.423906, 0, 0, 99.99, 0.97112, 0.186084, 293.563
5956, 0, 0.412809, 0.0104466, 0, 0, 0, 0, 0, 0.423256, 0, 0, 99.99, 0.971184, 0.182251, 293.489
5957, 0, 0.410131, 0.0127002, 0, 0, 0, 0, 0, 0.422831, 0, 0, 99.99, 0.971248, 0.180377, 293.434
5958, 0, 0.409392, 0.0134517, 0, 0, 0, 0, 0, 0.422844, 0, 0, 99.99, 0.971312, 0.182586, 293.415
5959, 0, 0.41093, 0.0124388, 0, 0, 0, 0, 0, 0.423369, 0, 0, 99.99, 0.971376, 0.185167, 293.44
5960, 0, 0.4135, 0.0106253, 0, 0, 0, 0, 0, 0.424125, 0, 0, 99.99, 0.97144, 0.186159, 293.485
5961, 0, 0.414612, 0.00994031, 0, 0, 0, 0, 0, 0.424552, 0, 0, 99.99, 0.971504, 0.186459, 293.501
5962, 0, 0.414707, 0.0100426, 0, 0, 0, 0, 0, 0.424749, 0, 0, 99.99, 0.971568, 0.186716, 293.498
5963, 0, 0.415702, 0.00944921, 0, 0, 0, 0, 0, 0.425152, 0, 0, 99.99, 0.971632, 0.186924, 293.513
5964, 0, 0.417842, 0.00797358, 0, 0, 0, 0, 0, 0.425816, 0, 0, 99.99, 0.971696, 0.186729, 293.549
5965, 0, 0.420685, 0.00595926, 0, 0, 0, 0, 0, 0.426644, 0, 0, 99.99, 0.97176, 0.186789, 293.6
5966, 0, 0.42369, 0.00382433, 0, 0, 0, 0, 0, 0.427514, 0, 0, 99.99, 0.971824, 0.187053, 293.653
5967, 0, 0.426316, 0.00198484, 0, 0, 0, 0, 0, 0.428301, 0, 0, 99.99, 0.971888, 0.186821, 293.7
5968, 0, 0.428085, 0.000804934, 0, 0, 0, 0, 0, 0.42889, 0, 0, 99.99, 0.971952, 0.186854, 293.729
5969, 0, 0.428831, 0.000410017, 0, 0, 0, 0, 0, 0.429241, 0, 0, 99.99, 0.972016, 0.187232, 293.74
5970, 0, 0.428625, 0.000744471, 0, 0, 0, 0, 0, 0.42937, 0, 0, 99.99, 0.97208, 0.18714, 293.731
5971, 0, 0.427481, 0.00179837, 0, 0, 0, 0, 0, 0.429279, 0, 0, 99.99, 0.972144, 0.186693, 293.704
5972, 0, 0.425587, 0.00342849, 0, 0, 0, 0, 0, 0.429015, 0, 0, 99.99, 0.972208, 0.186685, 293.663
5973, 0, 0.423356, 0.00531973, 0, 0, 0, 0, 0, 0.428676, 0, 0, 99.99, 0.972272, 0.187002, 293.615
5974, 0, 0.421205, 0.00715378, 0, 0, 0, 0, 0, 0.428358, 0, 0, 99.99, 0.972336, 0.186907, 293.57
5975, 0, 0.41953, 0.0086228, 0, 0, 0, 0, 0, 0.428152, 0, 0, 99.99, 0.9724, 0.186417, 293.533
5976, 0, 0.418709, 0.00943366, 0, 0, 0, 0, 0, 0.428143, 0, 0, 99.99, 0.972464, 0.185803, 293.513
5977, 0, 0.41919, 0.00924099, 0, 0, 0, 0, 0, 0.428431, 0, 0, 99.99, 0.972528, 0.184684, 293.518
5978, 0, 0.421306, 0.00778728, 0, 0, 0, 0, 0, 0.429093, 0, 0, 99.99, 0.972592, 0.183575, 293.554
5979, 0, 0.424116, 0.00579945, 0, 0, 0, 0, 0, 0.429916, 0, 0, 99.99, 0.972656, 0.183821, 293.604
5980, 0, 0.426233, 0.00434782, 0, 0, 0, 0, 0, 0.43058, 0, 0, 99.99, 0.97272, 0.184445, 293.64
5981, 0, 0.42821, 0.00300654, 0, 0, 0, 0, 0, 0.431217, 0, 0, 99.99, 0.972784, 0.184144, 293.674
5982, 0, 0.430171, 0.00168006, 0, 0, 0, 0, 0, 0.431851, 0, 0, 99.99, 0.972848, 0.184192, 293.707
5983, 0, 0.430743, 0.00141835, 0, 0, 0, 0, 0, 0.432161, 0, 0, 99.99, 0.972912, 0.185149, 293.714
5984, 0, 0.42961, 0.0024622, 0, 0, 0, 0, 0, 0.432073, 0, 0, 99.99, 0.972976, 0.185609, 293.687
5985, 0, 0.4281, 0.00379634, 0, 0, 0, 0, 0, 0.431896, 0, 0, 99.99, 0.97304, 0.18512, 293.654
5986, 0, 0.427633, 0.0043311, 0, 0, 0, 0, 0, 0.431964, 0, 0, 99.99, 0.973104, 0.18422, 293.64
5987, 0, 0.428578, 0.0037825, 0, 0, 0, 0, 0, 0.432361, 0, 0, 99.99, 0.973168, 0.183818, 293.654
5988, 0, 0.430393, 0.00256833, 0, 0, 0, 0, 0, 0.432961, 0, 0, 99.99, 0.973232, 0.184437, 293.685
5989, 0, 0.432235, 0.00133404, 0, 0, 0, 0, 0, 0.433569, 0, 0, 99.99, 0.973296, 0.185128, 293.716
5990, 0, 0.433421, 0.000603094, 0, 0, 0, 0, 0, 0.434024, 0, 0, 99.99, 0.97336, 0.185273, 293.735
5991, 0, 0.433673, 0.000586247, 0, 0, 0, 0, 0, 0.43426, 0, 0, 99.99, 0.973424, 0.185156, 293.735
5992, 0, 0.433301, 0.00104746, 0, 0, 0, 0, 0, 0.434349, 0, 0, 99.99, 0.973488, 0.184913, 293.723
5993, 0, 0.43302, 0.00143951, 0, 0, 0, 0, 0, 0.434459, 0, 0, 99.99, 0.973552, 0.184315, 293.713
5994, 0, 0.432669, 0.00188595, 0, 0, 0, 0, 0, 0.434555, 0, 0, 99.99, 0.973616, 0.183422, 293.702
5995, 0, 0.430942, 0.00338985, 0, 0, 0, 0, 0, 0.434332, 0, 0, 99.99, 0.97368, 0.183189, 293.665
5996, 0, 0.427753, 0.00602047, 0, 0, 0, 0, 0, 0.433774, 0, 0, 99.99, 0.973744, 0.183556, 293.6
5997, 0, 0.424403, 0.0087814, 0, 0, 0, 0, 0, 0.433185, 0, 0, 99.99, 0.973808, 0.18339, 293.532
5998, 0, 0.421693, 0.0110556, 0, 0, 0, 0, 0, 0.432749, 0, 0, 99.99, 0.973871, 0.182254, 293.477
5999, 0, 0.419757, 0.0127356, 0, 0, 0, 0, 0, 0.432493, 0, 0, 99.99, 0.97393, 0.181211, 293.436
6000, 0, 0.418419, 0.0139553, 0, 0, 0, 0, 0, 0.432374, 0, 0, 99.99, 0.973975, 0.181392, 293.408
6001, 0, 0.417433, 0.0149024, 0, 0, 0, 0, 0, 0.432336, 0, 0, 99.99, 0.974, 0.182038, 293.385
6002, 0, 0.416892, 0.0155048, 0, 0, 0, 0, 0, 0.432397, 0, 0, 99.99, 0.974011, 0.182331, 293.372
6003, 0, 0.416935, 0.0156524, 0, 0, 0, 0, 0, 0.432588, 0, 0, 99.99, 0.974018, 0.182175, 293.368
6004, 0, 0.417479, 0.0154109, 0, 0, 0, 0, 0, 0.43289, 0, 0, 99.99, 0.974024, 0.181876, 293.375
6005, 0, 0.418582, 0.0147352, 0, 0, 0, 0, 0, 0.433317, 0, 0, 99.99, 0.97403, 0.182197, 293.391
6006, 0, 0.41992, 0.013876, 0, 0, 0, 0, 0, 0.433796, 0, 0, 99.99, 0.974036, 0.182491, 293.412
6007, 0, 0.421129, 0.0131179, 0, 0, 0, 0, 0, 0.434247, 0, 0, 99.99, 0.974042, 0.182435, 293.43
6008, 0, 0.422991, 0.0118544, 0, 0, 0, 0, 0, 0.434845, 0, 0, 99.99, 0.974048, 0.182412, 293.461
6009, 0, 0.425856, 0.00981511, 0, 0, 0, 0, 0, 0.435671, 0, 0, 99.99, 0.974054, 0.182027, 293.51
6010, 0, 0.429118, 0.00747088, 0, 0, 0, 0, 0, 0.436589, 0, 0, 99.99, 0.97406, 0.181786, 293.567
6011, 0, 0.432395, 0.00511944, 0, 0, 0, 0, 0, 0.437514, 0, 0, 99.99, 0.974066, 0.182182, 293.624
6012, 0, 0.435466, 0.00293045, 0, 0, 0, 0, 0, 0.438396, 0, 0, 99.99, 0.974072, 0.182324, 293.678
6013, 0, 0.437725, 0.00136917, 0, 0, 0, 0, 0, 0.439094, 0, 0, 99.99, 0.974078, 0.181857, 293.716
6014, 0, 0.438572, 0.000895283, 0, 0, 0, 0, 0, 0.439467, 0, 0, 99.99, 0.974084, 0.181503, 293.728
6015, 0, 0.437842, 0.00163521, 0, 0, 0, 0, 0, 0.439477, 0, 0, 99.99, 0.97409, 0.181636, 293.71
6016, 0, 0.435979, 0.00324985, 0, 0, 0, 0, 0, 0.439229, 0, 0, 99.99, 0.974096, 0.181487, 293.671
6017, 0, 0.434198, 0.00480344, 0, 0, 0, 0, 0, 0.439002, 0, 0, 99.99, 0.974102, 0.180955, 293.633
6018, 0, 0.433787, 0.00530144, 0, 0, 0, 0, 0, 0.439088, 0, 0, 99.99, 0.974108, 0.180711, 293.621
6019, 0, 0.433503, 0.0057052, 0, 0, 0, 0, 0, 0.439208, 0, 0, 99.99, 0.974114, 0.180373, 293.612
6020, 0, 0.430677, 0.00808257, 0, 0, 0, 0, 0, 0.43876, 0, 0, 99.99, 0.97412, 0.179722, 293.557
6021, 0, 0.426612, 0.0114267, 0, 0, 0, 0, 0, 0.438038, 0, 0, 99.99, 0.974126, 0.179382, 293.479
6022, 0, 0.423888, 0.0137333, 0, 0, 0, 0, 0, 0.437621, 0, 0, 99.99, 0.974132, 0.179098, 293.426
6023, 0, 0.422141, 0.0152851, 0, 0, 0, 0, 0, 0.437426, 0, 0, 99.99, 0.974138, 0.179412, 293.391
6024, 0, 0.420733, 0.0165731, 0, 0, 0, 0, 0, 0.437306, 0, 0, 99.99, 0.974144, 0.180185, 293.362
6025, 0, 0.419992, 0.0173404, 0, 0, 0, 0, 0, 0.437332, 0, 0, 99.99, 0.97415, 0.180189, 293.345
6026, 0, 0.419922, 0.0175816, 0, 0, 0, 0, 0, 0.437504, 0, 0, 99.99, 0.974156, 0.179407, 293.341
6027, 0, 0.420353, 0.0174303, 0, 0, 0, 0, 0, 0.437783, 0, 0, 99.99, 0.974162, 0.179296, 293.345
6028, 0, 0.421087, 0.0170396, 0, 0, 0, 0, 0, 0.438126, 0, 0, 99.99, 0.974168, 0.180062, 293.354
6029, 0, 0.421826, 0.0166452, 0, 0, 0, 0, 0, 0.438471, 0, 0, 99.99, 0.974174, 0.180482, 293.364
6030, 0, 0.422643, 0.0161888, 0, 0, 0, 0, 0, 0.438832, 0, 0, 99.99, 0.97418, 0.180281, 293.375
6031, 0, 0.423945, 0.0153527, 0, 0, 0, 0, 0, 0.439297, 0, 0, 99.99, 0.974186, 0.179688, 293.394
6032, 0, 0.4262, 0.0137695, 0, 0, 0, 0, 0, 0.439969, 0, 0, 99.99, 0.974192, 0.178959, 293.431
6033, 0, 0.429646, 0.011256, 0, 0, 0, 0, 0, 0.440902, 0, 0, 99.99, 0.974198, 0.178604, 293.488
6034, 0, 0.433263, 0.0086106, 0, 0, 0, 0, 0, 0.441874, 0, 0, 99.99, 0.974204, 0.178855, 293.549
6035, 0, 0.43528, 0.00721732, 0, 0, 0, 0, 0, 0.442497, 0, 0, 99.99, 0.97421, 0.179231, 293.581
6036, 0, 0.435577, 0.00716604, 0, 0, 0, 0, 0, 0.442743, 0, 0, 99.99, 0.974216, 0.179488, 293.583
6037, 0, 0.436056, 0.0069734, 0, 0, 0, 0, 0, 0.443029, 0, 0, 99.99, 0.974222, 0.179591, 293.588
6038, 0, 0.43683, 0.00654966, 0, 0, 0, 0, 0, 0.44338, 0, 0, 99.99, 0.974228, 0.179543, 293.597
6039, 0, 0.437586, 0.00614062, 0, 0, 0, 0, 0, 0.443727, 0, 0, 99.99, 0.974234, 0.179255, 293.607
6040, 0, 0.439068, 0.00516579, 0, 0, 0, 0, 0, 0.444234, 0, 0, 99.99, 0.97424, 0.178257, 293.63
6041, 0, 0.441138, 0.00373393, 0, 0, 0, 0, 0, 0.444872, 0, 0, 99.99, 0.974246, 0.176713, 293.663
6042, 0, 0.443208, 0.00230265, 0, 0, 0, 0, 0, 0.44551, 0, 0, 99.99, 0.974252, 0.176107, 293.696
6043, 0, 0.444878, 0.00118263, 0, 0, 0, 0, 0, 0.446061, 0, 0, 99.99, 0.974258, 0.176519, 293.722
6044, 0, 0.445832, 0.000620184, 0, 0, 0, 0, 0, 0.446452, 0, 0, 99.99, 0.974264, 0.177027, 293.736
6045, 0, 0.446096, 0.000593881, 0, 0, 0, 0, 0, 0.44669, 0, 0, 99.99, 0.97427, 0.177665, 293.736
6046, 0, 0.446252, 0.000650836, 0, 0, 0, 0, 0, 0.446903, 0, 0, 99.99, 0.974276, 0.177997, 293.735
6047, 0, 0.446696, 0.000484018, 0, 0, 0, 0, 0, 0.447181, 0, 0, 99.99, 0.974282, 0.177662, 293.739
6048, 0, 0.447225, 0.000251964, 0, 0, 0, 0, 0, 0.447477, 0, 0, 99.99, 0.974288, 0.177106, 293.744
6049, 0, 0.447561, 0.000168898, 0, 0, 0, 0, 0, 0.44773, 0, 0, 99.99, 0.974294, 0.176813, 293.746
6050, 0, 0.447765, 0.000188805, 0, 0, 0, 0, 0, 0.447954, 0, 0, 99.99, 0.9743, 0.177201, 293.746
6051, 0, 0.447984, 0.000197014, 0, 0, 0, 0, 0, 0.448181, 0, 0, 99.99, 0.974306, 0.177638, 293.745
6052, 0, 0.448078, 0.000302877, 0, 0, 0, 0, 0, 0.448381, 0, 0, 99.99, 0.974312, 0.177531, 293.743
6053, 0, 0.447791, 0.000705559, 0, 0, 0, 0, 0, 0.448496, 0, 0, 99.99, 0.974318, 0.17708, 293.734
6054, 0, 0.44708, 0.00143961, 0, 0, 0, 0, 0, 0.44852, 0, 0, 99.99, 0.974324, 0.176788, 293.717
6055, 0, 0.446067, 0.00241042, 0, 0, 0, 0, 0, 0.448478, 0, 0, 99.99, 0.97433, 0.176635, 293.695
6056, 0, 0.444899, 0.00350449, 0, 0, 0, 0, 0, 0.448403, 0, 0, 99.99, 0.974336, 0.176559, 293.671
6057, 0, 0.4437, 0.00462407, 0, 0, 0, 0, 0, 0.448324, 0, 0, 99.99, 0.974342, 0.176849, 293.646
6058, 0, 0.442592, 0.00567487, 0, 0, 0, 0, 0, 0.448267, 0, 0, 99.99, 0.974348, 0.177123, 293.623
6059, 0, 0.441781, 0.00649296, 0, 0, 0, 0, 0, 0.448274, 0, 0, 99.99, 0.974354, 0.177154, 293.605
6060, 0, 0.44157, 0.00684102, 0, 0, 0, 0, 0, 0.448411, 0, 0, 99.99, 0.97436, 0.176976, 293.597
6061, 0, 0.442011, 0.0066772, 0, 0, 0, 0, 0, 0.448688, 0, 0, 99.99, 0.974366, 0.176456, 293.601
6062, 0, 0.442696, 0.00632136, 0, 0, 0, 0, 0, 0.449017, 0, 0, 99.99, 0.974372, 0.175496, 293.609
6063, 0, 0.443449, 0.00591148, 0, 0, 0, 0, 0, 0.44936, 0, 0, 99.99, 0.974378, 0.174426, 293.619
6064, 0, 0.444766, 0.00505815, 0, 0, 0, 0, 0, 0.449824, 0, 0, 99.99, 0.974384, 0.173996, 293.638
6065, 0, 0.446945, 0.00352915, 0, 0, 0, 0, 0, 0.450474, 0, 0, 99.99, 0.97439, 0.17441, 293.672
6066, 0, 0.44919, 0.0019477, 0, 0, 0, 0, 0, 0.451138, 0, 0, 99.99, 0.974396, 0.174612, 293.707
6067, 0, 0.45035, 0.00121816, 0, 0, 0, 0, 0, 0.451568, 0, 0, 99.99, 0.974402, 0.174448, 293.723
6068, 0, 0.450537, 0.00125175, 0, 0, 0, 0, 0, 0.451789, 0, 0, 99.99, 0.974408, 0.174809, 293.722
6069, 0, 0.450863, 0.001176, 0, 0, 0, 0, 0, 0.452039, 0, 0, 99.99, 0.974414, 0.175477, 293.724
6070, 0, 0.451286, 0.0010247, 0, 0, 0, 0, 0, 0.45231, 0, 0, 99.99, 0.97442, 0.175625, 293.727
6071, 0, 0.451064, 0.00137925, 0, 0, 0, 0, 0, 0.452443, 0, 0, 99.99, 0.974426, 0.17505, 293.72
6072, 0, 0.45067, 0.00186829, 0, 0, 0, 0, 0, 0.452539, 0, 0, 99.99, 0.974432, 0.17433, 293.709
6073, 0, 0.451042, 0.00175639, 0, 0, 0, 0, 0, 0.452799, 0, 0, 99.99, 0.974438, 0.174237, 293.711
6074, 0, 0.45209, 0.00111339, 0, 0, 0, 0, 0, 0.453204, 0, 0, 99.99, 0.974444, 0.174716, 293.726
6075, 0, 0.452988, 0.000587853, 0, 0, 0, 0, 0, 0.453576, 0, 0, 99.99, 0.97445, 0.175148, 293.737
6076, 0, 0.453088, 0.000690433, 0, 0, 0, 0, 0, 0.453778, 0, 0, 99.99, 0.974456, 0.175232, 293.735
6077, 0, 0.452211, 0.00156105, 0, 0, 0, 0, 0, 0.453772, 0, 0, 99.99, 0.974462, 0.175065, 293.716
6078, 0, 0.450517, 0.00307674, 0, 0, 0, 0, 0, 0.453594, 0, 0, 99.99, 0.974468, 0.174616, 293.683
6079, 0, 0.448307, 0.00500311, 0, 0, 0, 0, 0, 0.45331, 0, 0, 99.99, 0.974474, 0.174092, 293.642
6080, 0, 0.445849, 0.00713094, 0, 0, 0, 0, 0, 0.45298, 0, 0, 99.99, 0.97448, 0.174014, 293.597
6081, 0, 0.443303, 0.00933398, 0, 0, 0, 0, 0, 0.452637, 0, 0, 99.99, 0.974486, 0.174109, 293.551
6082, 0, 0.440827, 0.0114875, 0, 0, 0, 0, 0, 0.452314, 0, 0, 99.99, 0.974492, 0.174082, 293.507
6083, 0, 0.43861, 0.0134396, 0, 0, 0, 0, 0, 0.45205, 0, 0, 99.99, 0.974498, 0.173768, 293.468
6084, 0, 0.436804, 0.0150686, 0, 0, 0, 0, 0, 0.451872, 0, 0, 99.99, 0.974504, 0.1729, 293.435
6085, 0, 0.435547, 0.016261, 0, 0, 0, 0, 0, 0.451808, 0, 0, 99.99, 0.97451, 0.172045, 293.411
6086, 0, 0.43552, 0.0164726, 0, 0, 0, 0, 0, 0.451992, 0, 0, 99.99, 0.974516, 0.172114, 293.408
6087, 0, 0.438071, 0.0146256, 0, 0, 0, 0, 0, 0.452696, 0, 0, 99.99, 0.974522, 0.172689, 293.446
6088, 0, 0.44261, 0.0111942, 0, 0, 0, 0, 0, 0.453804, 0, 0, 99.99, 0.974528, 0.172447, 293.517
6089, 0, 0.444193, 0.0101212, 0, 0, 0, 0, 0, 0.454314, 0, 0, 99.99, 0.974534, 0.171925, 293.54
6090, 0, 0.440309, 0.0134111, 0, 0, 0, 0, 0, 0.45372, 0, 0, 99.99, 0.97454, 0.172259, 293.474
6091, 0, 0.435066, 0.0177927, 0, 0, 0, 0, 0, 0.452859, 0, 0, 99.99, 0.974546, 0.172845, 293.386
6092, 0, 0.43215, 0.0203183, 0, 0, 0, 0, 0, 0.452468, 0, 0, 99.99, 0.974552, 0.172956, 293.337
6093, 0, 0.432226, 0.0204464, 0, 0, 0, 0, 0, 0.452672, 0, 0, 99.99, 0.974558, 0.172712, 293.335
6094, 0, 0.435462, 0.0180396, 0, 0, 0, 0, 0, 0.453502, 0, 0, 99.99, 0.974564, 0.172298, 293.383
6095, 0, 0.441605, 0.0133087, 0, 0, 0, 0, 0, 0.454914, 0, 0, 99.99, 0.97457, 0.172066, 293.478
6096, 0, 0.44687, 0.00928361, 0, 0, 0, 0, 0, 0.456154, 0, 0, 99.99, 0.974576, 0.172335, 293.559
6097, 0, 0.446327, 0.00990303, 0, 0, 0, 0, 0, 0.45623, 0, 0, 99.99, 0.974582, 0.172691, 293.547
6098, 0, 0.441542, 0.0139168, 0, 0, 0, 0, 0, 0.455458, 0, 0, 99.99, 0.974588, 0.172743, 293.467
6099, 0, 0.438195, 0.0167831, 0, 0, 0, 0, 0, 0.454978, 0, 0, 99.99, 0.974594, 0.172601, 293.411
6100, 0, 0.438338, 0.0168543, 0, 0, 0, 0, 0, 0.455193, 0, 0, 99.99, 0.9746, 0.172319, 293.41
6101, 0, 0.440646, 0.0151893, 0, 0, 0, 0, 0, 0.455835, 0, 0, 99.99, 0.974606, 0.17184, 293.443
6102, 0, 0.444107, 0.0126015, 0, 0, 0, 0, 0, 0.456709, 0, 0, 99.99, 0.974612, 0.171327, 293.495
6103, 0, 0.448693, 0.00911737, 0, 0, 0, 0, 0, 0.457811, 0, 0, 99.99, 0.974618, 0.171153, 293.565
6104, 0, 0.452922, 0.00592303, 0, 0, 0, 0, 0, 0.458845, 0, 0, 99.99, 0.974624, 0.171346, 293.629
6105, 0, 0.45582, 0.00379527, 0, 0, 0, 0, 0, 0.459616, 0, 0, 99.99, 0.97463, 0.171219, 293.672
6106, 0, 0.458012, 0.00223321, 0, 0, 0, 0, 0, 0.460246, 0, 0, 99.99, 0.974636, 0.170553, 293.704
6107, 0, 0.45881, 0.00178097, 0, 0, 0, 0, 0, 0.460591, 0, 0, 99.99, 0.974642, 0.170112, 293.713
6108, 0, 0.457902, 0.00268577, 0, 0, 0, 0, 0, 0.460588, 0, 0, 99.99, 0.974648, 0.170115, 293.695
6109, 0, 0.456879, 0.00368244, 0, 0, 0, 0, 0, 0.460562, 0, 0, 99.99, 0.974654, 0.170273, 293.675
6110, 0, 0.457119, 0.00367405, 0, 0, 0, 0, 0, 0.460793, 0, 0, 99.99, 0.97466, 0.170562, 293.675
6111, 0, 0.458507, 0.00275078, 0, 0, 0, 0, 0, 0.461258, 0, 0, 99.99, 0.974666, 0.170444, 293.694
6112, 0, 0.460209, 0.00157791, 0, 0, 0, 0, 0, 0.461787, 0, 0, 99.99, 0.974672, 0.169866, 293.718
6113, 0, 0.461525, 0.000712451, 0, 0, 0, 0, 0, 0.462237, 0, 0, 99.99, 0.974678, 0.169625, 293.735
6114, 0, 0.462182, 0.000371409, 0, 0, 0, 0, 0, 0.462553, 0, 0, 99.99, 0.974684, 0.169974, 293.742
6115, 0, 0.462387, 0.000389956, 0, 0, 0, 0, 0, 0.462776, 0, 0, 99.99, 0.97469, 0.170434, 293.742
6116, 0, 0.462349, 0.000602071, 0, 0, 0, 0, 0, 0.462951, 0, 0, 99.99, 0.974696, 0.170646, 293.738
6117, 0, 0.461674, 0.00132232, 0, 0, 0, 0, 0, 0.462996, 0, 0, 99.99, 0.974702, 0.17045, 293.723
6118, 0, 0.459974, 0.00286244, 0, 0, 0, 0, 0, 0.462837, 0, 0, 99.99, 0.974708, 0.169911, 293.693
6119, 0, 0.45747, 0.00504887, 0, 0, 0, 0, 0, 0.462519, 0, 0, 99.99, 0.974714, 0.169575, 293.649
6120, 0, 0.454571, 0.00755739, 0, 0, 0, 0, 0, 0.462128, 0, 0, 99.99, 0.97472, 0.16963, 293.6
6121, 0, 0.451544, 0.0101758, 0, 0, 0, 0, 0, 0.461719, 0, 0, 99.99, 0.974726, 0.169702, 293.55
6122, 0, 0.448541, 0.0127818, 0, 0, 0, 0, 0, 0.461323, 0, 0, 99.99, 0.974732, 0.169764, 293.501
6123, 0, 0.445683, 0.0152792, 0, 0, 0, 0, 0, 0.460962, 0, 0, 99.99, 0.974738, 0.169745, 293.454
6124, 0, 0.443117, 0.0175462, 0, 0, 0, 0, 0, 0.460663, 0, 0, 99.99, 0.974744, 0.169684, 293.412
6125, 0, 0.441197, 0.019295, 0, 0, 0, 0, 0, 0.460492, 0, 0, 99.99, 0.97475, 0.169594, 293.38
6126, 0, 0.440432, 0.0201106, 0, 0, 0, 0, 0, 0.460543, 0, 0, 99.99, 0.974756, 0.169172, 293.366
6127, 0, 0.439992, 0.0206655, 0, 0, 0, 0, 0, 0.460657, 0, 0, 99.99, 0.974762, 0.168505, 293.358
6128, 0, 0.438017, 0.0224675, 0, 0, 0, 0, 0, 0.460485, 0, 0, 99.99, 0.974768, 0.16799, 293.326
6129, 0, 0.435199, 0.0249553, 0, 0, 0, 0, 0, 0.460154, 0, 0, 99.99, 0.974774, 0.167829, 293.282
6130, 0, 0.433212, 0.0267704, 0, 0, 0, 0, 0, 0.459982, 0, 0, 99.99, 0.97478, 0.167699, 293.25
6131, 0, 0.431973, 0.0279785, 0, 0, 0, 0, 0, 0.459952, 0, 0, 99.99, 0.974786, 0.167637, 293.23
6132, 0, 0.431275, 0.0287457, 0, 0, 0, 0, 0, 0.460021, 0, 0, 99.99, 0.974792, 0.168207, 293.217
6133, 0, 0.431215, 0.0289901, 0, 0, 0, 0, 0, 0.460205, 0, 0, 99.99, 0.974798, 0.16863, 293.214
6134, 0, 0.43179, 0.028713, 0, 0, 0, 0, 0, 0.460503, 0, 0, 99.99, 0.974804, 0.168303, 293.22
6135, 0, 0.433097, 0.0278354, 0, 0, 0, 0, 0, 0.460932, 0, 0, 99.99, 0.97481, 0.167683, 293.236
6136, 0, 0.435556, 0.0260155, 0, 0, 0, 0, 0, 0.461572, 0, 0, 99.99, 0.974816, 0.167516, 293.269
6137, 0, 0.43995, 0.0226193, 0, 0, 0, 0, 0, 0.46257, 0, 0, 99.99, 0.974822, 0.167628, 293.33
6138, 0, 0.445806, 0.018037, 0, 0, 0, 0, 0, 0.463843, 0, 0, 99.99, 0.974828, 0.167742, 293.413
6139, 0, 0.450507, 0.0143987, 0, 0, 0, 0, 0, 0.464906, 0, 0, 99.99, 0.974834, 0.167948, 293.479
6140, 0, 0.454194, 0.011594, 0, 0, 0, 0, 0, 0.465788, 0, 0, 99.99, 0.97484, 0.167904, 293.531
6141, 0, 0.459011, 0.0078854, 0, 0, 0, 0, 0, 0.466896, 0, 0, 99.99, 0.974846, 0.167375, 293.6
6142, 0, 0.4639, 0.00412469, 0, 0, 0, 0, 0, 0.468024, 0, 0, 99.99, 0.974852, 0.166818, 293.671
6143, 0, 0.466421, 0.00227703, 0, 0, 0, 0, 0, 0.468698, 0, 0, 99.99, 0.974858, 0.166955, 293.707
6144, 0, 0.465357, 0.00332047, 0, 0, 0, 0, 0, 0.468677, 0, 0, 99.99, 0.974864, 0.167448, 293.687
6145, 0, 0.461234, 0.00683606, 0, 0, 0, 0, 0, 0.46807, 0, 0, 99.99, 0.97487, 0.16764, 293.622
6146, 0, 0.455704, 0.0115027, 0, 0, 0, 0, 0, 0.467207, 0, 0, 99.99, 0.974876, 0.167583, 293.536
6147, 0, 0.450505, 0.0159163, 0, 0, 0, 0, 0, 0.466421, 0, 0, 99.99, 0.974882, 0.167453, 293.456
6148, 0, 0.446979, 0.0189799, 0, 0, 0, 0, 0, 0.465959, 0, 0, 99.99, 0.974888, 0.167268, 293.402
6149, 0, 0.446004, 0.0199683, 0, 0, 0, 0, 0, 0.465973, 0, 0, 99.99, 0.974894, 0.166805, 293.385
6150, 0, 0.447395, 0.0190255, 0, 0, 0, 0, 0, 0.466421, 0, 0, 99.99, 0.9749, 0.165772, 293.402
6151, 0, 0.449557, 0.0174509, 0, 0, 0, 0, 0, 0.467008, 0, 0, 99.99, 0.974906, 0.164892, 293.431
6152, 0, 0.450574, 0.0168082, 0, 0, 0, 0, 0, 0.467382, 0, 0, 99.99, 0.974912, 0.165129, 293.443
6153, 0, 0.451433, 0.0162938, 0, 0, 0, 0, 0, 0.467727, 0, 0, 99.99, 0.974918, 0.165704, 293.452
6154, 0, 0.453909, 0.0144624, 0, 0, 0, 0, 0, 0.468371, 0, 0, 99.99, 0.974924, 0.165825, 293.485
6155, 0, 0.457548, 0.0116873, 0, 0, 0, 0, 0, 0.469235, 0, 0, 99.99, 0.97493, 0.165828, 293.535
6156, 0, 0.461615, 0.00856924, 0, 0, 0, 0, 0, 0.470184, 0, 0, 99.99, 0.974936, 0.165836, 293.592
6157, 0, 0.46578, 0.00537759, 0, 0, 0, 0, 0, 0.471158, 0, 0, 99.99, 0.974942, 0.165837, 293.65
6158, 0, 0.469312, 0.00270338, 0, 0, 0, 0, 0, 0.472016, 0, 0, 99.99, 0.974948, 0.165639, 293.7
6159, 0, 0.471271, 0.00130343, 0, 0, 0, 0, 0, 0.472575, 0, 0, 99.99, 0.974954, 0.1654, 293.726
6160, 0, 0.471314, 0.0014531, 0, 0, 0, 0, 0, 0.472767, 0, 0, 99.99, 0.97496, 0.165476, 293.723
6161, 0, 0.470244, 0.00250231, 0, 0, 0, 0, 0, 0.472746, 0, 0, 99.99, 0.974966, 0.165374, 293.704
6162, 0, 0.469447, 0.00333144, 0, 0, 0, 0, 0, 0.472779, 0, 0, 99.99, 0.974972, 0.165024, 293.689
6163, 0, 0.468241, 0.00449786, 0, 0, 0, 0, 0, 0.472739, 0, 0, 99.99, 0.974978, 0.165112, 293.668
6164, 0, 0.464507, 0.00772134, 0, 0, 0, 0, 0, 0.472228, 0, 0, 99.99, 0.974984, 0.165374, 293.61
6165, 0, 0.459754, 0.0117791, 0, 0, 0, 0, 0, 0.471533, 0, 0, 99.99, 0.97499, 0.165243, 293.538
6166, 0, 0.456921, 0.0142799, 0, 0, 0, 0, 0, 0.471201, 0, 0, 99.99, 0.974996, 0.164855, 293.494
6167, 0, 0.454833, 0.0161817, 0, 0, 0, 0, 0, 0.471015, 0, 0, 99.99, 0.975002, 0.164785, 293.462
6168, 0, 0.453134, 0.0177662, 0, 0, 0, 0, 0, 0.4709, 0, 0, 99.99, 0.975008, 0.165018, 293.435
6169, 0, 0.454674, 0.0166966, 0, 0, 0, 0, 0, 0.471371, 0, 0, 99.99, 0.975014, 0.165055, 293.455
6170, 0, 0.456557, 0.0153452, 0, 0, 0, 0, 0, 0.471902, 0, 0, 99.99, 0.97502, 0.164845, 293.479
6171, 0, 0.45449, 0.0172306, 0, 0, 0, 0, 0, 0.471721, 0, 0, 99.99, 0.975026, 0.164544, 293.447
6172, 0, 0.450783, 0.0204647, 0, 0, 0, 0, 0, 0.471248, 0, 0, 99.99, 0.975032, 0.164063, 293.392
6173, 0, 0.448899, 0.0222054, 0, 0, 0, 0, 0, 0.471104, 0, 0, 99.99, 0.975038, 0.16343, 293.363
6174, 0, 0.450078, 0.0214262, 0, 0, 0, 0, 0, 0.471504, 0, 0, 99.99, 0.975044, 0.163181, 293.377
6175, 0, 0.452908, 0.0192877, 0, 0, 0, 0, 0, 0.472196, 0, 0, 99.99, 0.97505, 0.163239, 293.413
6176, 0, 0.454764, 0.0179497, 0, 0, 0, 0, 0, 0.472714, 0, 0, 99.99, 0.975056, 0.163064, 293.436
6177, 0, 0.456141, 0.0170065, 0, 0, 0, 0, 0, 0.473147, 0, 0, 99.99, 0.975062, 0.162982, 293.453
6178, 0, 0.458697, 0.0150968, 0, 0, 0, 0, 0, 0.473794, 0, 0, 99.99, 0.975068, 0.163397, 293.486
6179, 0, 0.462149, 0.0124548, 0, 0, 0, 0, 0, 0.474603, 0, 0, 99.99, 0.975074, 0.163851, 293.531
6180, 0, 0.465818, 0.00963817, 0, 0, 0, 0, 0, 0.475457, 0, 0, 99.99, 0.97508, 0.163878, 293.58
6181, 0, 0.469365, 0.00692665, 0, 0, 0, 0, 0, 0.476292, 0, 0, 99.99, 0.975086, 0.163548, 293.627
6182, 0, 0.472558, 0.00450733, 0, 0, 0, 0, 0, 0.477066, 0, 0, 99.99, 0.975092, 0.163031, 293.67
6183, 0, 0.47519, 0.0025482, 0, 0, 0, 0, 0, 0.477739, 0, 0, 99.99, 0.975098, 0.162781, 293.705
6184, 0, 0.477082, 0.00119343, 0, 0, 0, 0, 0, 0.478275, 0, 0, 99.99, 0.975104, 0.163073, 293.729
6185, 0, 0.478099, 0.000550115, 0, 0, 0, 0, 0, 0.478649, 0, 0, 99.99, 0.97511, 0.163341, 293.74
6186, 0, 0.478169, 0.000677719, 0, 0, 0, 0, 0, 0.478847, 0, 0, 99.99, 0.975116, 0.163239, 293.738
6187, 0, 0.477296, 0.00157312, 0, 0, 0, 0, 0, 0.478869, 0, 0, 99.99, 0.975122, 0.162943, 293.722
6188, 0, 0.475556, 0.00317719, 0, 0, 0, 0, 0, 0.478733, 0, 0, 99.99, 0.975128, 0.162789, 293.694
6189, 0, 0.473072, 0.00539156, 0, 0, 0, 0, 0, 0.478464, 0, 0, 99.99, 0.975134, 0.162678, 293.656
6190, 0, 0.470004, 0.00809034, 0, 0, 0, 0, 0, 0.478094, 0, 0, 99.99, 0.97514, 0.162267, 293.61
6191, 0, 0.466522, 0.0111346, 0, 0, 0, 0, 0, 0.477657, 0, 0, 99.99, 0.975146, 0.162022, 293.558
6192, 0, 0.462799, 0.0143867, 0, 0, 0, 0, 0, 0.477185, 0, 0, 99.99, 0.975152, 0.162233, 293.504
6193, 0, 0.458982, 0.0177241, 0, 0, 0, 0, 0, 0.476706, 0, 0, 99.99, 0.975158, 0.162337, 293.449
6194, 0, 0.455195, 0.0210468, 0, 0, 0, 0, 0, 0.476242, 0, 0, 99.99, 0.975164, 0.162006, 293.396
6195, 0, 0.451542, 0.0242668, 0, 0, 0, 0, 0, 0.475809, 0, 0, 99.99, 0.97517, 0.161403, 293.345
6196, 0, 0.44816, 0.0272701, 0, 0, 0, 0, 0, 0.47543, 0, 0, 99.99, 0.975176, 0.161137, 293.298
6197, 0, 0.44543, 0.0297368, 0, 0, 0, 0, 0, 0.475167, 0, 0, 99.99, 0.975182, 0.161312, 293.26
6198, 0, 0.44411, 0.0310323, 0, 0, 0, 0, 0, 0.475142, 0, 0, 99.99, 0.975188, 0.161469, 293.24
6199, 0, 0.443581, 0.0316724, 0, 0, 0, 0, 0, 0.475253, 0, 0, 99.99, 0.975194, 0.161328, 293.232
6200, 0, 0.4414, 0.0336939, 0, 0, 0, 0, 0, 0.475094, 0, 0, 99.99, 0.9752, 0.160898, 293.202
6201, 0, 0.439232, 0.0357031, 0, 0, 0, 0, 0, 0.474935, 0, 0, 99.99, 0.975206, 0.160717, 293.172
6202, 0, 0.440205, 0.0350892, 0, 0, 0, 0, 0, 0.475294, 0, 0, 99.99, 0.975212, 0.161072, 293.183
6203, 0, 0.440224, 0.0352765, 0, 0, 0, 0, 0, 0.4755, 0, 0, 99.99, 0.975218, 0.161277, 293.181
6204, 0, 0.435828, 0.0391585, 0, 0, 0, 0, 0, 0.474986, 0, 0, 99.99, 0.975224, 0.161239, 293.124
6205, 0, 0.431699, 0.0428165, 0, 0, 0, 0, 0, 0.474515, 0, 0, 99.99, 0.97523, 0.161159, 293.07
6206, 0, 0.43069, 0.0438569, 0, 0, 0, 0, 0, 0.474547, 0, 0, 99.99, 0.975236, 0.160864, 293.055
6207, 0, 0.431573, 0.0433069, 0, 0, 0, 0, 0, 0.474879, 0, 0, 99.99, 0.975242, 0.160632, 293.063
6208, 0, 0.433538, 0.0418457, 0, 0, 0, 0, 0, 0.475384, 0, 0, 99.99, 0.975248, 0.160776, 293.085
6209, 0, 0.437805, 0.0384565, 0, 0, 0, 0, 0, 0.476262, 0, 0, 99.99, 0.975254, 0.1609, 293.136
6210, 0, 0.446255, 0.031585, 0, 0, 0, 0, 0, 0.47784, 0, 0, 99.99, 0.97526, 0.160741, 293.242
6211, 0, 0.458606, 0.0214965, 0, 0, 0, 0, 0, 0.480102, 0, 0, 99.99, 0.975266, 0.16043, 293.4
6212, 0, 0.47042, 0.0118928, 0, 0, 0, 0, 0, 0.482313, 0, 0, 99.99, 0.975272, 0.160201, 293.553
6213, 0, 0.47627, 0.0072467, 0, 0, 0, 0, 0, 0.483517, 0, 0, 99.99, 0.975278, 0.160073, 293.628
6214, 0, 0.47327, 0.00991489, 0, 0, 0, 0, 0, 0.483185, 0, 0, 99.99, 0.975284, 0.159897, 293.586
6215, 0, 0.462928, 0.0186649, 0, 0, 0, 0, 0, 0.481593, 0, 0, 99.99, 0.97529, 0.159673, 293.446
6216, 0, 0.45108, 0.0287031, 0, 0, 0, 0, 0, 0.479783, 0, 0, 99.99, 0.975296, 0.159654, 293.288
6217, 0, 0.442653, 0.035932, 0, 0, 0, 0, 0, 0.478585, 0, 0, 99.99, 0.975302, 0.159527, 293.178
6218, 0, 0.439505, 0.0387632, 0, 0, 0, 0, 0, 0.478268, 0, 0, 99.99, 0.975308, 0.15924, 293.136
6219, 0, 0.442576, 0.036387, 0, 0, 0, 0, 0, 0.478963, 0, 0, 99.99, 0.975314, 0.159097, 293.173
6220, 0, 0.452573, 0.0282369, 0, 0, 0, 0, 0, 0.48081, 0, 0, 99.99, 0.97532, 0.15896, 293.299
6221, 0, 0.466372, 0.0169531, 0, 0, 0, 0, 0, 0.483325, 0, 0, 99.99, 0.975326, 0.159088, 293.475
6222, 0, 0.47566, 0.00943763, 0, 0, 0, 0, 0, 0.485097, 0, 0, 99.99, 0.975332, 0.159353, 293.595
6223, 0, 0.474965, 0.0102009, 0, 0, 0, 0, 0, 0.485166, 0, 0, 99.99, 0.975338, 0.159259, 293.582
6224, 0, 0.464824, 0.0188204, 0, 0, 0, 0, 0, 0.483644, 0, 0, 99.99, 0.975344, 0.15872, 293.448
6225, 0, 0.449111, 0.0321287, 0, 0, 0, 0, 0, 0.48124, 0, 0, 99.99, 0.97535, 0.158313, 293.246
6226, 0, 0.435186, 0.0440065, 0, 0, 0, 0, 0, 0.479193, 0, 0, 99.99, 0.975356, 0.158508, 293.07
6227, 0, 0.426812, 0.0512739, 0, 0, 0, 0, 0, 0.478086, 0, 0, 99.99, 0.975362, 0.158903, 292.967
6228, 0, 0.422446, 0.0551807, 0, 0, 0, 0, 0, 0.477627, 0, 0, 99.99, 0.975368, 0.159014, 292.914
6229, 0, 0.420122, 0.0573602, 0, 0, 0, 0, 0, 0.477483, 0, 0, 99.99, 0.975374, 0.158823, 292.885
6230, 0, 0.419238, 0.0583131, 0, 0, 0, 0, 0, 0.477552, 0, 0, 99.99, 0.97538, 0.158446, 292.874
6231, 0, 0.41967, 0.0581415, 0, 0, 0, 0, 0, 0.477812, 0, 0, 99.99, 0.975386, 0.1581, 292.877
6232, 0, 0.421524, 0.0567565, 0, 0, 0, 0, 0, 0.47828, 0, 0, 99.99, 0.975392, 0.158082, 292.896
6233, 0, 0.425751, 0.053355, 0, 0, 0, 0, 0, 0.479106, 0, 0, 99.99, 0.975398, 0.158239, 292.943
6234, 0, 0.43399, 0.0465694, 0, 0, 0, 0, 0, 0.48056, 0, 0, 99.99, 0.975404, 0.15832, 293.038
6235, 0, 0.447413, 0.0354645, 0, 0, 0, 0, 0, 0.482877, 0, 0, 99.99, 0.97541, 0.158331, 293.2
6236, 0, 0.463747, 0.0219893, 0, 0, 0, 0, 0, 0.485736, 0, 0, 99.99, 0.975416, 0.158265, 293.403
6237, 0, 0.475246, 0.0125923, 0, 0, 0, 0, 0, 0.487838, 0, 0, 99.99, 0.975422, 0.158076, 293.547
6238, 0, 0.476816, 0.0114701, 0, 0, 0, 0, 0, 0.488286, 0, 0, 99.99, 0.975428, 0.157717, 293.564
6239, 0, 0.469161, 0.0180426, 0, 0, 0, 0, 0, 0.487204, 0, 0, 99.99, 0.975434, 0.157182, 293.464
6240, 0, 0.45444, 0.0305415, 0, 0, 0, 0, 0, 0.484982, 0, 0, 99.99, 0.97544, 0.156596, 293.276
6241, 0, 0.441183, 0.0418511, 0, 0, 0, 0, 0, 0.483034, 0, 0, 99.99, 0.975446, 0.156464, 293.109
6242, 0, 0.437183, 0.045408, 0, 0, 0, 0, 0, 0.482591, 0, 0, 99.99, 0.975452, 0.156711, 293.058
6243, 0, 0.444488, 0.0394643, 0, 0, 0, 0, 0, 0.483953, 0, 0, 99.99, 0.975458, 0.156848, 293.146
6244, 0, 0.459541, 0.0270368, 0, 0, 0, 0, 0, 0.486578, 0, 0, 99.99, 0.975464, 0.156988, 293.331
6245, 0, 0.469099, 0.0192317, 0, 0, 0, 0, 0, 0.488331, 0, 0, 99.99, 0.97547, 0.157127, 293.448
6246, 0, 0.462038, 0.0253395, 0, 0, 0, 0, 0, 0.487378, 0, 0, 99.99, 0.975476, 0.15704, 293.358
6247, 0, 0.444951, 0.0398871, 0, 0, 0, 0, 0, 0.484838, 0, 0, 99.99, 0.975482, 0.156816, 293.146
6248, 0, 0.430374, 0.0523999, 0, 0, 0, 0, 0, 0.482774, 0, 0, 99.99, 0.975488, 0.156532, 292.969
6249, 0, 0.421774, 0.0599184, 0, 0, 0, 0, 0, 0.481693, 0, 0, 99.99, 0.975494, 0.156405, 292.869
6250, 0, 0.417173, 0.0640583, 0, 0, 0, 0, 0, 0.481232, 0, 0, 99.99, 0.9755, 0.156416, 292.816
6251, 0, 0.414798, 0.0662993, 0, 0, 0, 0, 0, 0.481097, 0, 0, 99.99, 0.975506, 0.156281, 292.789
6252, 0, 0.413797, 0.0673595, 0, 0, 0, 0, 0, 0.481157, 0, 0, 99.99, 0.975512, 0.156204, 292.776
6253, 0, 0.413692, 0.0676485, 0, 0, 0, 0, 0, 0.481341, 0, 0, 99.99, 0.975518, 0.156214, 292.773
6254, 0, 0.413785, 0.067767, 0, 0, 0, 0, 0, 0.481552, 0, 0, 99.99, 0.975524, 0.156159, 292.773
6255, 0, 0.41379, 0.0679608, 0, 0, 0, 0, 0, 0.481751, 0, 0, 99.99, 0.97553, 0.155964, 292.771
6256, 0, 0.414097, 0.0678943, 0, 0, 0, 0, 0, 0.481991, 0, 0, 99.99, 0.975536, 0.155855, 292.773
6257, 0, 0.414597, 0.0676612, 0, 0, 0, 0, 0, 0.482258, 0, 0, 99.99, 0.975542, 0.155988, 292.776
6258, 0, 0.415429, 0.0671418, 0, 0, 0, 0, 0, 0.482571, 0, 0, 99.99, 0.975548, 0.156072, 292.783
6259, 0, 0.417226, 0.0657915, 0, 0, 0, 0, 0, 0.483017, 0, 0, 99.99, 0.975554, 0.156034, 292.801
6260, 0, 0.420103, 0.0635128, 0, 0, 0, 0, 0, 0.483616, 0, 0, 99.99, 0.97556, 0.155927, 292.83
6261, 0, 0.424685, 0.0597828, 0, 0, 0, 0, 0, 0.484468, 0, 0, 99.99, 0.975566, 0.155717, 292.879
6262, 0, 0.433667, 0.0523308, 0, 0, 0, 0, 0, 0.485997, 0, 0, 99.99, 0.975572, 0.15533, 292.979
6263, 0, 0.44931, 0.0392931, 0, 0, 0, 0, 0, 0.488603, 0, 0, 99.99, 0.975578, 0.15476, 293.162
6264, 0, 0.466038, 0.0254047, 0, 0, 0, 0, 0, 0.491443, 0, 0, 99.99, 0.975584, 0.154235, 293.362
6265, 0, 0.470084, 0.0221907, 0, 0, 0, 0, 0, 0.492275, 0, 0, 99.99, 0.97559, 0.154195, 293.409
6266, 0, 0.459013, 0.0316635, 0, 0, 0, 0, 0, 0.490676, 0, 0, 99.99, 0.975596, 0.154491, 293.27
6267, 0, 0.446987, 0.0419603, 0, 0, 0, 0, 0, 0.488947, 0, 0, 99.99, 0.975602, 0.154503, 293.121
6268, 0, 0.44426, 0.0444431, 0, 0, 0, 0, 0, 0.488703, 0, 0, 99.99, 0.975608, 0.154445, 293.085
6269, 0, 0.451602, 0.0384447, 0, 0, 0, 0, 0, 0.490047, 0, 0, 99.99, 0.975614, 0.154661, 293.171
6270, 0, 0.465949, 0.0265897, 0, 0, 0, 0, 0, 0.492539, 0, 0, 99.99, 0.97562, 0.154846, 293.344
6271, 0, 0.479586, 0.0153753, 0, 0, 0, 0, 0, 0.494961, 0, 0, 99.99, 0.975626, 0.154764, 293.511
6272, 0, 0.481997, 0.0135526, 0, 0, 0, 0, 0, 0.495549, 0, 0, 99.99, 0.975632, 0.154422, 293.539
6273, 0, 0.470889, 0.0230298, 0, 0, 0, 0, 0, 0.493919, 0, 0, 99.99, 0.975638, 0.154067, 293.399
6274, 0, 0.454719, 0.036801, 0, 0, 0, 0, 0, 0.49152, 0, 0, 99.99, 0.975644, 0.154027, 293.199
6275, 0, 0.441448, 0.0482124, 0, 0, 0, 0, 0, 0.48966, 0, 0, 99.99, 0.97565, 0.154124, 293.04
6276, 0, 0.433152, 0.0554662, 0, 0, 0, 0, 0, 0.488618, 0, 0, 99.99, 0.975656, 0.154019, 292.944
6277, 0, 0.429025, 0.0591905, 0, 0, 0, 0, 0, 0.488215, 0, 0, 99.99, 0.975662, 0.153868, 292.896
6278, 0, 0.428575, 0.0597751, 0, 0, 0, 0, 0, 0.488351, 0, 0, 99.99, 0.975668, 0.15392, 292.889
6279, 0, 0.432678, 0.0564719, 0, 0, 0, 0, 0, 0.48915, 0, 0, 99.99, 0.975674, 0.153884, 292.934
6280, 0, 0.441129, 0.0494723, 0, 0, 0, 0, 0, 0.490602, 0, 0, 99.99, 0.97568, 0.153605, 293.028
6281, 0, 0.452251, 0.0402402, 0, 0, 0, 0, 0, 0.492491, 0, 0, 99.99, 0.975686, 0.153426, 293.155
6282, 0, 0.464061, 0.0304746, 0, 0, 0, 0, 0, 0.494535, 0, 0, 99.99, 0.975692, 0.153455, 293.294
6283, 0, 0.466024, 0.0290235, 0, 0, 0, 0, 0, 0.495048, 0, 0, 99.99, 0.975698, 0.153455, 293.316
6284, 0, 0.453468, 0.0398143, 0, 0, 0, 0, 0, 0.493282, 0, 0, 99.99, 0.975704, 0.153353, 293.165
6285, 0, 0.440273, 0.0511691, 0, 0, 0, 0, 0, 0.491442, 0, 0, 99.99, 0.97571, 0.15305, 293.008
6286, 0, 0.437288, 0.0538942, 0, 0, 0, 0, 0, 0.491183, 0, 0, 99.99, 0.975716, 0.15258, 292.971
6287, 0, 0.445839, 0.0468386, 0, 0, 0, 0, 0, 0.492678, 0, 0, 99.99, 0.975722, 0.152233, 293.069
6288, 0, 0.460841, 0.0343354, 0, 0, 0, 0, 0, 0.495177, 0, 0, 99.99, 0.975728, 0.152159, 293.242
6289, 0, 0.472633, 0.0245737, 0, 0, 0, 0, 0, 0.497207, 0, 0, 99.99, 0.975734, 0.151777, 293.379
6290, 0, 0.47562, 0.0222609, 0, 0, 0, 0, 0, 0.49788, 0, 0, 99.99, 0.97574, 0.150217, 293.413
6291, 0, 0.466347, 0.0302842, 0, 0, 0, 0, 0, 0.496631, 0, 0, 99.99, 0.975746, 0.147931, 293.302
6292, 0, 0.449016, 0.0451309, 0, 0, 0, 0, 0, 0.494147, 0, 0, 99.99, 0.975752, 0.147248, 293.097
6293, 0, 0.435274, 0.0569985, 0, 0, 0, 0, 0, 0.492273, 0, 0, 99.99, 0.975758, 0.149006, 292.937
6294, 0, 0.428513, 0.0629745, 0, 0, 0, 0, 0, 0.491488, 0, 0, 99.99, 0.975764, 0.150894, 292.861
6295, 0, 0.425803, 0.0655014, 0, 0, 0, 0, 0, 0.491304, 0, 0, 99.99, 0.97577, 0.151667, 292.83
6296, 0, 0.424711, 0.0666403, 0, 0, 0, 0, 0, 0.491351, 0, 0, 99.99, 0.975776, 0.151771, 292.817
6297, 0, 0.42444, 0.0670716, 0, 0, 0, 0, 0, 0.491511, 0, 0, 99.99, 0.975782, 0.151692, 292.812
6298, 0, 0.425067, 0.0667267, 0, 0, 0, 0, 0, 0.491794, 0, 0, 99.99, 0.975788, 0.151756, 292.817
6299, 0, 0.426454, 0.0657268, 0, 0, 0, 0, 0, 0.49218, 0, 0, 99.99, 0.975794, 0.151927, 292.83
6300, 0, 0.428046, 0.0645497, 0, 0, 0, 0, 0, 0.492595, 0, 0, 99.99, 0.9758, 0.151969, 292.845
6301, 0, 0.429181, 0.0637673, 0, 0, 0, 0, 0, 0.492949, 0, 0, 99.99, 0.975806, 0.151851, 292.855
6302, 0, 0.428789, 0.0643026, 0, 0, 0, 0, 0, 0.493091, 0, 0, 99.99, 0.975812, 0.151571, 292.849
6303, 0, 0.427683, 0.0654527, 0, 0, 0, 0, 0, 0.493135, 0, 0, 99.99, 0.975818, 0.151281, 292.836
6304, 0, 0.427569, 0.0657465, 0, 0, 0, 0, 0, 0.493315, 0, 0, 99.99, 0.975824, 0.151176, 292.833
6305, 0, 0.42823, 0.0653719, 0, 0, 0, 0, 0, 0.493602, 0, 0, 99.99, 0.97583, 0.151085, 292.838
6306, 0, 0.428803, 0.065074, 0, 0, 0, 0, 0, 0.493877, 0, 0, 99.99, 0.975836, 0.151026, 292.842
6307, 0, 0.429252, 0.0648826, 0, 0, 0, 0, 0, 0.494135, 0, 0, 99.99, 0.975842, 0.151104, 292.845
6308, 0, 0.429862, 0.0645527, 0, 0, 0, 0, 0, 0.494414, 0, 0, 99.99, 0.975848, 0.151034, 292.85
6309, 0, 0.430657, 0.0640629, 0, 0, 0, 0, 0, 0.49472, 0, 0, 99.99, 0.975854, 0.15073, 292.856
6310, 0, 0.43162, 0.0634281, 0, 0, 0, 0, 0, 0.495048, 0, 0, 99.99, 0.97586, 0.15052, 292.865
6311, 0, 0.432796, 0.0626099, 0, 0, 0, 0, 0, 0.495406, 0, 0, 99.99, 0.975866, 0.150472, 292.875
6312, 0, 0.4343, 0.0615101, 0, 0, 0, 0, 0, 0.49581, 0, 0, 99.99, 0.975872, 0.150485, 292.889
6313, 0, 0.43674, 0.05961, 0, 0, 0, 0, 0, 0.49635, 0, 0, 99.99, 0.975878, 0.150558, 292.914
6314, 0, 0.442037, 0.0552758, 0, 0, 0, 0, 0, 0.497312, 0, 0, 99.99, 0.975884, 0.150486, 292.97
6315, 0, 0.450109, 0.0485847, 0, 0, 0, 0, 0, 0.498694, 0, 0, 99.99, 0.97589, 0.15013, 293.058
6316, 0, 0.453864, 0.0455721, 0, 0, 0, 0, 0, 0.499436, 0, 0, 99.99, 0.975896, 0.149721, 293.097
6317, 0, 0.451968, 0.0473676, 0, 0, 0, 0, 0, 0.499335, 0, 0, 99.99, 0.975902, 0.149658, 293.073
6318, 0, 0.45417, 0.0456907, 0, 0, 0, 0, 0, 0.499861, 0, 0, 99.99, 0.975908, 0.149931, 293.096
6319, 0, 0.459576, 0.0412972, 0, 0, 0, 0, 0, 0.500874, 0, 0, 99.99, 0.975914, 0.150166, 293.156
6320, 0, 0.457932, 0.0428805, 0, 0, 0, 0, 0, 0.500812, 0, 0, 99.99, 0.97592, 0.150169, 293.135
6321, 0, 0.452022, 0.0480807, 0, 0, 0, 0, 0, 0.500103, 0, 0, 99.99, 0.975926, 0.149965, 293.065
6322, 0, 0.449571, 0.0503482, 0, 0, 0, 0, 0, 0.499919, 0, 0, 99.99, 0.975932, 0.149681, 293.035
6323, 0, 0.450217, 0.049986, 0, 0, 0, 0, 0, 0.500203, 0, 0, 99.99, 0.975938, 0.14957, 293.039
6324, 0, 0.451871, 0.0487644, 0, 0, 0, 0, 0, 0.500636, 0, 0, 99.99, 0.975944, 0.149593, 293.056
6325, 0, 0.453876, 0.0472457, 0, 0, 0, 0, 0, 0.501121, 0, 0, 99.99, 0.97595, 0.14959, 293.076
6326, 0, 0.456122, 0.0455212, 0, 0, 0, 0, 0, 0.501644, 0, 0, 99.99, 0.975956, 0.149556, 293.099
6327, 0, 0.458625, 0.0435808, 0, 0, 0, 0, 0, 0.502206, 0, 0, 99.99, 0.975962, 0.149449, 293.124
6328, 0, 0.461348, 0.041455, 0, 0, 0, 0, 0, 0.502803, 0, 0, 99.99, 0.975968, 0.149254, 293.153
6329, 0, 0.464306, 0.0391334, 0, 0, 0, 0, 0, 0.503439, 0, 0, 99.99, 0.975974, 0.149026, 293.184
6330, 0, 0.467634, 0.0365007, 0, 0, 0, 0, 0, 0.504135, 0, 0, 99.99, 0.97598, 0.148854, 293.22
6331, 0, 0.471409, 0.0334948, 0, 0, 0, 0, 0, 0.504904, 0, 0, 99.99, 0.975986, 0.148646, 293.261
6332, 0, 0.475268, 0.0304235, 0, 0, 0, 0, 0, 0.505691, 0, 0, 99.99, 0.975992, 0.148443, 293.304
6333, 0, 0.478902, 0.0275473, 0, 0, 0, 0, 0, 0.506449, 0, 0, 99.99, 0.975998, 0.148397, 293.344
6334, 0, 0.483033, 0.0242606, 0, 0, 0, 0, 0, 0.507294, 0, 0, 99.99, 0.976004, 0.148369, 293.39
6335, 0, 0.488143, 0.0201599, 0, 0, 0, 0, 0, 0.508303, 0, 0, 99.99, 0.97601, 0.14825, 293.449
6336, 0, 0.493045, 0.0162407, 0, 0, 0, 0, 0, 0.509285, 0, 0, 99.99, 0.976016, 0.14834, 293.506
6337, 0, 0.497351, 0.0128289, 0, 0, 0, 0, 0, 0.51018, 0, 0, 99.99, 0.976022, 0.148513, 293.556
6338, 0, 0.502127, 0.00903522, 0, 0, 0, 0, 0, 0.511163, 0, 0, 99.99, 0.976028, 0.148454, 293.613
6339, 0, 0.506062, 0.0059456, 0, 0, 0, 0, 0, 0.512008, 0, 0, 99.99, 0.976034, 0.148182, 293.659
6340, 0, 0.507922, 0.00458237, 0, 0, 0, 0, 0, 0.512505, 0, 0, 99.99, 0.97604, 0.147935, 293.68
6341, 0, 0.509223, 0.00368675, 0, 0, 0, 0, 0, 0.51291, 0, 0, 99.99, 0.976046, 0.147844, 293.693
6342, 0, 0.510948, 0.00243967, 0, 0, 0, 0, 0, 0.513388, 0, 0, 99.99, 0.976052, 0.147724, 293.713
6343, 0, 0.512617, 0.00124071, 0, 0, 0, 0, 0, 0.513858, 0, 0, 99.99, 0.976058, 0.147631, 293.731
6344, 0, 0.513658, 0.000561333, 0, 0, 0, 0, 0, 0.514219, 0, 0, 99.99, 0.976064, 0.147656, 293.741
6345, 0, 0.513852, 0.000583388, 0, 0, 0, 0, 0, 0.514436, 0, 0, 99.99, 0.97607, 0.147669, 293.741
6346, 0, 0.513176, 0.00132717, 0, 0, 0, 0, 0, 0.514503, 0, 0, 99.99, 0.976076, 0.147517, 293.73
6347, 0, 0.511696, 0.00273714, 0, 0, 0, 0, 0, 0.514433, 0, 0, 99.99, 0.976082, 0.147272, 293.708
6348, 0, 0.509535, 0.00471461, 0, 0, 0, 0, 0, 0.51425, 0, 0, 99.99, 0.976088, 0.147257, 293.678
6349, 0, 0.506855, 0.00712693, 0, 0, 0, 0, 0, 0.513982, 0, 0, 99.99, 0.976094, 0.147409, 293.642
6350, 0, 0.503845, 0.00981808, 0, 0, 0, 0, 0, 0.513663, 0, 0, 99.99, 0.9761, 0.147451, 293.602
6351, 0, 0.500693, 0.012633, 0, 0, 0, 0, 0, 0.513326, 0, 0, 99.99, 0.976106, 0.147387, 293.561
6352, 0, 0.497568, 0.0154313, 0, 0, 0, 0, 0, 0.512999, 0, 0, 99.99, 0.976112, 0.147291, 293.521
6353, 0, 0.494641, 0.0180685, 0, 0, 0, 0, 0, 0.512709, 0, 0, 99.99, 0.976118, 0.147177, 293.483
6354, 0, 0.492145, 0.0203489, 0, 0, 0, 0, 0, 0.512494, 0, 0, 99.99, 0.976124, 0.146966, 293.451
6355, 0, 0.490707, 0.021744, 0, 0, 0, 0, 0, 0.512451, 0, 0, 99.99, 0.97613, 0.146493, 293.431
6356, 0, 0.491447, 0.0213122, 0, 0, 0, 0, 0, 0.512759, 0, 0, 99.99, 0.976136, 0.145935, 293.438
6357, 0, 0.493361, 0.0198969, 0, 0, 0, 0, 0, 0.513258, 0, 0, 99.99, 0.976142, 0.145828, 293.458
6358, 0, 0.492306, 0.0209722, 0, 0, 0, 0, 0, 0.513279, 0, 0, 99.99, 0.976148, 0.14614, 293.444
6359, 0, 0.488736, 0.0241575, 0, 0, 0, 0, 0, 0.512894, 0, 0, 99.99, 0.976154, 0.146305, 293.399
6360, 0, 0.486812, 0.025961, 0, 0, 0, 0, 0, 0.512773, 0, 0, 99.99, 0.97616, 0.146236, 293.374
6361, 0, 0.487197, 0.0258224, 0, 0, 0, 0, 0, 0.513019, 0, 0, 99.99, 0.976166, 0.146183, 293.376
6362, 0, 0.488931, 0.0245489, 0, 0, 0, 0, 0, 0.51348, 0, 0, 99.99, 0.976172, 0.146169, 293.394
6363, 0, 0.491601, 0.0224884, 0, 0, 0, 0, 0, 0.51409, 0, 0, 99.99, 0.976178, 0.146135, 293.423
6364, 0, 0.495086, 0.0197462, 0, 0, 0, 0, 0, 0.514833, 0, 0, 99.99, 0.976184, 0.145984, 293.461
6365, 0, 0.499253, 0.0164373, 0, 0, 0, 0, 0, 0.51569, 0, 0, 99.99, 0.97619, 0.1458, 293.509
6366, 0, 0.503901, 0.0127315, 0, 0, 0, 0, 0, 0.516633, 0, 0, 99.99, 0.976196, 0.145772, 293.562
6367, 0, 0.508721, 0.00889053, 0, 0, 0, 0, 0, 0.517612, 0, 0, 99.99, 0.976202, 0.1457, 293.618
6368, 0, 0.513207, 0.00533596, 0, 0, 0, 0, 0, 0.518542, 0, 0, 99.99, 0.976208, 0.14545, 293.67
6369, 0, 0.516699, 0.00261331, 0, 0, 0, 0, 0, 0.519312, 0, 0, 99.99, 0.976214, 0.145337, 293.711
6370, 0, 0.518615, 0.00120418, 0, 0, 0, 0, 0, 0.519819, 0, 0, 99.99, 0.97622, 0.145392, 293.732
6371, 0, 0.518912, 0.0011392, 0, 0, 0, 0, 0, 0.520052, 0, 0, 99.99, 0.976226, 0.145309, 293.733
6372, 0, 0.518501, 0.00166349, 0, 0, 0, 0, 0, 0.520164, 0, 0, 99.99, 0.976232, 0.145117, 293.725
6373, 0, 0.518259, 0.00204751, 0, 0, 0, 0, 0, 0.520307, 0, 0, 99.99, 0.976238, 0.145041, 293.719
6374, 0, 0.51712, 0.00317886, 0, 0, 0, 0, 0, 0.520299, 0, 0, 99.99, 0.976244, 0.145129, 293.703
6375, 0, 0.51356, 0.00632998, 0, 0, 0, 0, 0, 0.51989, 0, 0, 99.99, 0.97625, 0.145175, 293.656
6376, 0, 0.508297, 0.0109077, 0, 0, 0, 0, 0, 0.519205, 0, 0, 99.99, 0.976256, 0.145095, 293.59
6377, 0, 0.502996, 0.015529, 0, 0, 0, 0, 0, 0.518526, 0, 0, 99.99, 0.976262, 0.144959, 293.524
6378, 0, 0.498518, 0.0194727, 0, 0, 0, 0, 0, 0.517991, 0, 0, 99.99, 0.976268, 0.1448, 293.468
6379, 0, 0.495055, 0.0225718, 0, 0, 0, 0, 0, 0.517627, 0, 0, 99.99, 0.976274, 0.144553, 293.426
6380, 0, 0.492589, 0.0248372, 0, 0, 0, 0, 0, 0.517426, 0, 0, 99.99, 0.97628, 0.144272, 293.395
6381, 0, 0.491116, 0.0262673, 0, 0, 0, 0, 0, 0.517383, 0, 0, 99.99, 0.976286, 0.14411, 293.375
6382, 0, 0.4908, 0.0267214, 0, 0, 0, 0, 0, 0.517521, 0, 0, 99.99, 0.976292, 0.143929, 293.37
6383, 0, 0.491997, 0.0258992, 0, 0, 0, 0, 0, 0.517896, 0, 0, 99.99, 0.976298, 0.143703, 293.381
6384, 0, 0.495217, 0.0233734, 0, 0, 0, 0, 0, 0.51859, 0, 0, 99.99, 0.976304, 0.14373, 293.416
6385, 0, 0.500011, 0.0195262, 0, 0, 0, 0, 0, 0.519537, 0, 0, 99.99, 0.97631, 0.143964, 293.47
6386, 0, 0.503777, 0.0165428, 0, 0, 0, 0, 0, 0.52032, 0, 0, 99.99, 0.976316, 0.144137, 293.511
6387, 0, 0.506644, 0.0143204, 0, 0, 0, 0, 0, 0.520965, 0, 0, 99.99, 0.976322, 0.144125, 293.543
6388, 0, 0.511364, 0.0105548, 0, 0, 0, 0, 0, 0.521919, 0, 0, 99.99, 0.976328, 0.143981, 293.597
6389, 0, 0.517031, 0.00600325, 0, 0, 0, 0, 0, 0.523035, 0, 0, 99.99, 0.976334, 0.143745, 293.662
6390, 0, 0.520515, 0.00327934, 0, 0, 0, 0, 0, 0.523794, 0, 0, 99.99, 0.97634, 0.143523, 293.702
6391, 0, 0.519832, 0.00403264, 0, 0, 0, 0, 0, 0.523865, 0, 0, 99.99, 0.976346, 0.143516, 293.691
6392, 0, 0.515591, 0.00775674, 0, 0, 0, 0, 0, 0.523348, 0, 0, 99.99, 0.976352, 0.143615, 293.637
6393, 0, 0.510321, 0.0123487, 0, 0, 0, 0, 0, 0.52267, 0, 0, 99.99, 0.976358, 0.14359, 293.572
6394, 0, 0.506541, 0.0157001, 0, 0, 0, 0, 0, 0.522241, 0, 0, 99.99, 0.976364, 0.143412, 293.524
6395, 0, 0.505143, 0.017058, 0, 0, 0, 0, 0, 0.522201, 0, 0, 99.99, 0.97637, 0.14319, 293.505
6396, 0, 0.504482, 0.0177992, 0, 0, 0, 0, 0, 0.522281, 0, 0, 99.99, 0.976376, 0.143121, 293.495
6397, 0, 0.503491, 0.0188176, 0, 0, 0, 0, 0, 0.522309, 0, 0, 99.99, 0.976382, 0.143057, 293.481
6398, 0, 0.503486, 0.0190061, 0, 0, 0, 0, 0, 0.522492, 0, 0, 99.99, 0.976388, 0.142785, 293.479
6399, 0, 0.504884, 0.0180158, 0, 0, 0, 0, 0, 0.522899, 0, 0, 99.99, 0.976394, 0.142616, 293.493
6400, 0, 0.506983, 0.0164355, 0, 0, 0, 0, 0, 0.523419, 0, 0, 99.99, 0.9764, 0.142729, 293.515
6401, 0, 0.50936, 0.0146243, 0, 0, 0, 0, 0, 0.523984, 0, 0, 99.99, 0.976406, 0.142798, 293.54
6402, 0, 0.51196, 0.012627, 0, 0, 0, 0, 0, 0.524587, 0, 0, 99.99, 0.976412, 0.142664, 293.568
6403, 0, 0.514771, 0.0104558, 0, 0, 0, 0, 0, 0.525227, 0, 0, 99.99, 0.976418, 0.142416, 293.599
6404, 0, 0.517699, 0.00818958, 0, 0, 0, 0, 0, 0.525888, 0, 0, 99.99, 0.976424, 0.142253, 293.631
6405, 0, 0.520539, 0.00599883, 0, 0, 0, 0, 0, 0.526538, 0, 0, 99.99, 0.97643, 0.142221, 293.663
6406, 0, 0.523122, 0.00402543, 0, 0, 0, 0, 0, 0.527147, 0, 0, 99.99, 0.976436, 0.142224, 293.691
6407, 0, 0.525352, 0.00234827, 0, 0, 0, 0, 0, 0.5277, 0, 0, 99.99, 0.976442, 0.142178, 293.716
6408, 0, 0.527043, 0.00112134, 0, 0, 0, 0, 0, 0.528164, 0, 0, 99.99, 0.976448, 0.141959, 293.734
6409, 0, 0.528017, 0.000491516, 0, 0, 0, 0, 0, 0.528509, 0, 0, 99.99, 0.976454, 0.141588, 293.743
6410, 0, 0.528383, 0.000368669, 0, 0, 0, 0, 0, 0.528752, 0, 0, 99.99, 0.97646, 0.141509, 293.745
6411, 0, 0.528474, 0.000474585, 0, 0, 0, 0, 0, 0.528949, 0, 0, 99.99, 0.976466, 0.141728, 293.743
6412, 0, 0.528363, 0.000749032, 0, 0, 0, 0, 0, 0.529112, 0, 0, 99.99, 0.976472, 0.141823, 293.739
6413, 0, 0.528145, 0.00111221, 0, 0, 0, 0, 0, 0.529257, 0, 0, 99.99, 0.976478, 0.14179, 293.734
6414, 0, 0.52831, 0.00115666, 0, 0, 0, 0, 0, 0.529466, 0, 0, 99.99, 0.976484, 0.141706, 293.733
6415, 0, 0.528965, 0.000792282, 0, 0, 0, 0, 0, 0.529758, 0, 0, 99.99, 0.97649, 0.141523, 293.738
6416, 0, 0.529602, 0.000443243, 0, 0, 0, 0, 0, 0.530046, 0, 0, 99.99, 0.976496, 0.141381, 293.744
6417, 0, 0.529809, 0.000452555, 0, 0, 0, 0, 0, 0.530262, 0, 0, 99.99, 0.976502, 0.141402, 293.743
6418, 0, 0.529776, 0.000662093, 0, 0, 0, 0, 0, 0.530438, 0, 0, 99.99, 0.976508, 0.141408, 293.74
6419, 0, 0.529971, 0.000680329, 0, 0, 0, 0, 0, 0.530652, 0, 0, 99.99, 0.976514, 0.141303, 293.74
6420, 0, 0.530278, 0.000606586, 0, 0, 0, 0, 0, 0.530885, 0, 0, 99.99, 0.97652, 0.141143, 293.741
6421, 0, 0.529965, 0.00104963, 0, 0, 0, 0, 0, 0.531014, 0, 0, 99.99, 0.976526, 0.140984, 293.735
6422, 0, 0.528654, 0.00232545, 0, 0, 0, 0, 0, 0.530979, 0, 0, 99.99, 0.976532, 0.14082, 293.716
6423, 0, 0.526685, 0.0041511, 0, 0, 0, 0, 0, 0.530836, 0, 0, 99.99, 0.976538, 0.140718, 293.69
6424, 0, 0.524731, 0.00596637, 0, 0, 0, 0, 0, 0.530697, 0, 0, 99.99, 0.976544, 0.140625, 293.665
6425, 0, 0.523563, 0.00712572, 0, 0, 0, 0, 0, 0.530689, 0, 0, 99.99, 0.97655, 0.140513, 293.648
6426, 0, 0.523389, 0.00745461, 0, 0, 0, 0, 0, 0.530844, 0, 0, 99.99, 0.976556, 0.140399, 293.644
6427, 0, 0.523066, 0.0079085, 0, 0, 0, 0, 0, 0.530974, 0, 0, 99.99, 0.976562, 0.140241, 293.637
6428, 0, 0.522553, 0.00852032, 0, 0, 0, 0, 0, 0.531073, 0, 0, 99.99, 0.976568, 0.140209, 293.629
6429, 0, 0.523365, 0.00802314, 0, 0, 0, 0, 0, 0.531388, 0, 0, 99.99, 0.976574, 0.140178, 293.636
6430, 0, 0.525501, 0.00641663, 0, 0, 0, 0, 0, 0.531918, 0, 0, 99.99, 0.97658, 0.140092, 293.659
6431, 0, 0.528106, 0.00442005, 0, 0, 0, 0, 0, 0.532526, 0, 0, 99.99, 0.976586, 0.140124, 293.687
6432, 0, 0.530644, 0.00248129, 0, 0, 0, 0, 0, 0.533125, 0, 0, 99.99, 0.976592, 0.140154, 293.715
6433, 0, 0.532392, 0.0012028, 0, 0, 0, 0, 0, 0.533595, 0, 0, 99.99, 0.976598, 0.140032, 293.733
6434, 0, 0.532654, 0.00116544, 0, 0, 0, 0, 0, 0.53382, 0, 0, 99.99, 0.976604, 0.139778, 293.733
6435, 0, 0.531289, 0.0024882, 0, 0, 0, 0, 0, 0.533777, 0, 0, 99.99, 0.97661, 0.139567, 293.715
6436, 0, 0.528611, 0.00490979, 0, 0, 0, 0, 0, 0.533521, 0, 0, 99.99, 0.976616, 0.139474, 293.68
6437, 0, 0.525221, 0.00793215, 0, 0, 0, 0, 0, 0.533153, 0, 0, 99.99, 0.976622, 0.139461, 293.638
6438, 0, 0.521901, 0.0109005, 0, 0, 0, 0, 0, 0.532801, 0, 0, 99.99, 0.976628, 0.139505, 293.597
6439, 0, 0.518905, 0.0136021, 0, 0, 0, 0, 0, 0.532507, 0, 0, 99.99, 0.976634, 0.139526, 293.56
6440, 0, 0.516237, 0.0160332, 0, 0, 0, 0, 0, 0.53227, 0, 0, 99.99, 0.97664, 0.139426, 293.527
6441, 0, 0.51489, 0.0173537, 0, 0, 0, 0, 0, 0.532244, 0, 0, 99.99, 0.976646, 0.139238, 293.51
6442, 0, 0.515621, 0.0169231, 0, 0, 0, 0, 0, 0.532544, 0, 0, 99.99, 0.976652, 0.139126, 293.516
6443, 0, 0.516117, 0.0166898, 0, 0, 0, 0, 0, 0.532807, 0, 0, 99.99, 0.976658, 0.139144, 293.519
6444, 0, 0.514506, 0.0182325, 0, 0, 0, 0, 0, 0.532739, 0, 0, 99.99, 0.976664, 0.139147, 293.499
6445, 0, 0.513166, 0.0195458, 0, 0, 0, 0, 0, 0.532712, 0, 0, 99.99, 0.97667, 0.139106, 293.481
6446, 0, 0.513457, 0.019484, 0, 0, 0, 0, 0, 0.532941, 0, 0, 99.99, 0.976676, 0.139044, 293.482
6447, 0, 0.515813, 0.0176808, 0, 0, 0, 0, 0, 0.533494, 0, 0, 99.99, 0.976682, 0.138951, 293.506
6448, 0, 0.520636, 0.0138017, 0, 0, 0, 0, 0, 0.534438, 0, 0, 99.99, 0.976688, 0.13879, 293.559
6449, 0, 0.5269, 0.00871966, 0, 0, 0, 0, 0, 0.535619, 0, 0, 99.99, 0.976694, 0.138544, 293.629
6450, 0, 0.532236, 0.00442369, 0, 0, 0, 0, 0, 0.536659, 0, 0, 99.99, 0.9767, 0.138282, 293.688
6451, 0, 0.534655, 0.00257697, 0, 0, 0, 0, 0, 0.537232, 0, 0, 99.99, 0.976706, 0.138074, 293.714
6452, 0, 0.534938, 0.00252098, 0, 0, 0, 0, 0, 0.537459, 0, 0, 99.99, 0.976712, 0.138046, 293.714
6453, 0, 0.533971, 0.00351347, 0, 0, 0, 0, 0, 0.537485, 0, 0, 99.99, 0.976718, 0.138115, 293.701
6454, 0, 0.530173, 0.00688531, 0, 0, 0, 0, 0, 0.537058, 0, 0, 99.99, 0.976724, 0.138071, 293.655
6455, 0, 0.523631, 0.0125695, 0, 0, 0, 0, 0, 0.5362, 0, 0, 99.99, 0.97673, 0.137996, 293.577
6456, 0, 0.517028, 0.0183183, 0, 0, 0, 0, 0, 0.535346, 0, 0, 99.99, 0.976736, 0.138026, 293.5
6457, 0, 0.512549, 0.0222867, 0, 0, 0, 0, 0, 0.534836, 0, 0, 99.99, 0.976742, 0.13802, 293.448
6458, 0, 0.511242, 0.0235785, 0, 0, 0, 0, 0, 0.534821, 0, 0, 99.99, 0.976748, 0.137925, 293.431
6459, 0, 0.511889, 0.0232183, 0, 0, 0, 0, 0, 0.535107, 0, 0, 99.99, 0.976754, 0.137781, 293.436
6460, 0, 0.510888, 0.0242534, 0, 0, 0, 0, 0, 0.535141, 0, 0, 99.99, 0.97676, 0.13765, 293.423
6461, 0, 0.50859, 0.0263849, 0, 0, 0, 0, 0, 0.534975, 0, 0, 99.99, 0.976766, 0.137607, 293.396
6462, 0, 0.507976, 0.0270893, 0, 0, 0, 0, 0, 0.535065, 0, 0, 99.99, 0.976772, 0.13751, 293.387
6463, 0, 0.509171, 0.0262591, 0, 0, 0, 0, 0, 0.53543, 0, 0, 99.99, 0.976778, 0.13735, 293.397
6464, 0, 0.511295, 0.0246404, 0, 0, 0, 0, 0, 0.535936, 0, 0, 99.99, 0.976784, 0.137241, 293.418
6465, 0, 0.514147, 0.0224073, 0, 0, 0, 0, 0, 0.536555, 0, 0, 99.99, 0.97679, 0.137153, 293.448
6466, 0, 0.517849, 0.0194584, 0, 0, 0, 0, 0, 0.537307, 0, 0, 99.99, 0.976796, 0.137121, 293.486
6467, 0, 0.522544, 0.0156759, 0, 0, 0, 0, 0, 0.53822, 0, 0, 99.99, 0.976802, 0.13707, 293.537
6468, 0, 0.52821, 0.0110835, 0, 0, 0, 0, 0, 0.539293, 0, 0, 99.99, 0.976808, 0.137016, 293.598
6469, 0, 0.533913, 0.00646895, 0, 0, 0, 0, 0, 0.540382, 0, 0, 99.99, 0.976814, 0.137034, 293.661
6470, 0, 0.538009, 0.00320998, 0, 0, 0, 0, 0, 0.541219, 0, 0, 99.99, 0.97682, 0.137025, 293.706
6471, 0, 0.540114, 0.00162574, 0, 0, 0, 0, 0, 0.54174, 0, 0, 99.99, 0.976826, 0.136964, 293.727
6472, 0, 0.540631, 0.00137366, 0, 0, 0, 0, 0, 0.542004, 0, 0, 99.99, 0.976832, 0.136877, 293.731
6473, 0, 0.53977, 0.00227577, 0, 0, 0, 0, 0, 0.542045, 0, 0, 99.99, 0.976838, 0.13676, 293.718
6474, 0, 0.538409, 0.00359694, 0, 0, 0, 0, 0, 0.542006, 0, 0, 99.99, 0.976844, 0.136597, 293.7
6475, 0, 0.536942, 0.00500902, 0, 0, 0, 0, 0, 0.541951, 0, 0, 99.99, 0.97685, 0.136373, 293.681
6476, 0, 0.535664, 0.00626301, 0, 0, 0, 0, 0, 0.541927, 0, 0, 99.99, 0.976856, 0.136083, 293.664
6477, 0, 0.536248, 0.00595425, 0, 0, 0, 0, 0, 0.542202, 0, 0, 99.99, 0.976862, 0.135873, 293.668
6478, 0, 0.538653, 0.00411709, 0, 0, 0, 0, 0, 0.54277, 0, 0, 99.99, 0.976868, 0.135911, 293.693
6479, 0, 0.540271, 0.00293942, 0, 0, 0, 0, 0, 0.543211, 0, 0, 99.99, 0.976874, 0.135983, 293.709
6480, 0, 0.539946, 0.00339242, 0, 0, 0, 0, 0, 0.543339, 0, 0, 99.99, 0.97688, 0.135939, 293.703
6481, 0, 0.539564, 0.00389322, 0, 0, 0, 0, 0, 0.543458, 0, 0, 99.99, 0.976886, 0.135932, 293.696
6482, 0, 0.540577, 0.0032245, 0, 0, 0, 0, 0, 0.543801, 0, 0, 99.99, 0.976892, 0.135944, 293.706
6483, 0, 0.542374, 0.00189778, 0, 0, 0, 0, 0, 0.544272, 0, 0, 99.99, 0.976898, 0.135862, 293.724
6484, 0, 0.543821, 0.000865327, 0, 0, 0, 0, 0, 0.544686, 0, 0, 99.99, 0.976904, 0.135742, 293.738
6485, 0, 0.544301, 0.000643095, 0, 0, 0, 0, 0, 0.544944, 0, 0, 99.99, 0.97691, 0.135605, 293.741
6486, 0, 0.543775, 0.00126473, 0, 0, 0, 0, 0, 0.545039, 0, 0, 99.99, 0.976916, 0.135487, 293.733
6487, 0, 0.542721, 0.00232811, 0, 0, 0, 0, 0, 0.545049, 0, 0, 99.99, 0.976922, 0.135469, 293.718
6488, 0, 0.541985, 0.00312582, 0, 0, 0, 0, 0, 0.545111, 0, 0, 99.99, 0.976928, 0.135467, 293.707
6489, 0, 0.54219, 0.0031347, 0, 0, 0, 0, 0, 0.545324, 0, 0, 99.99, 0.976934, 0.135364, 293.707
6490, 0, 0.5433, 0.00238319, 0, 0, 0, 0, 0, 0.545683, 0, 0, 99.99, 0.97694, 0.135206, 293.717
6491, 0, 0.544727, 0.00136701, 0, 0, 0, 0, 0, 0.546094, 0, 0, 99.99, 0.976946, 0.135149, 293.731
6492, 0, 0.545741, 0.00069634, 0, 0, 0, 0, 0, 0.546438, 0, 0, 99.99, 0.976952, 0.135101, 293.74
6493, 0, 0.545982, 0.00067423, 0, 0, 0, 0, 0, 0.546656, 0, 0, 99.99, 0.976958, 0.134904, 293.741
6494, 0, 0.545788, 0.00101654, 0, 0, 0, 0, 0, 0.546805, 0, 0, 99.99, 0.976964, 0.134731, 293.736
6495, 0, 0.54586, 0.00113616, 0, 0, 0, 0, 0, 0.546996, 0, 0, 99.99, 0.97697, 0.134751, 293.734
6496, 0, 0.546432, 0.000836637, 0, 0, 0, 0, 0, 0.547268, 0, 0, 99.99, 0.976976, 0.13478, 293.738
6497, 0, 0.547061, 0.000488656, 0, 0, 0, 0, 0, 0.54755, 0, 0, 99.99, 0.976982, 0.134712, 293.743
6498, 0, 0.547243, 0.000515717, 0, 0, 0, 0, 0, 0.547759, 0, 0, 99.99, 0.976988, 0.134466, 293.743
6499, 0, 0.546985, 0.000911975, 0, 0, 0, 0, 0, 0.547897, 0, 0, 99.99, 0.976994, 0.133645, 293.738
6500, 0, 0.546578, 0.00143382, 0, 0, 0, 0, 0, 0.548012, 0, 0, 99.99, 0.976997, 0.132011, 293.73
6501, 0, 0.545637, 0.00240387, 0, 0, 0, 0, 0, 0.548041, 0, 0, 99.99, 0.976999, 0.131097, 293.717
6502, 0, 0.543548, 0.00434028, 0, 0, 0, 0, 0, 0.547888, 0, 0, 99.99, 0.977, 0.13219, 293.691
6503, 0, 0.540714, 0.00690478, 0, 0, 0, 0, 0, 0.547619, 0, 0, 99.99, 0.977, 0.133459, 293.657
6504, 0, 0.537918, 0.00944051, 0, 0, 0, 0, 0, 0.547359, 0, 0, 99.99, 0.977, 0.133705, 293.623
6505, 0, 0.535812, 0.0113981, 0, 0, 0, 0, 0, 0.54721, 0, 0, 99.99, 0.977, 0.133606, 293.597
6506, 0, 0.534836, 0.0124037, 0, 0, 0, 0, 0, 0.547239, 0, 0, 99.99, 0.977, 0.133721, 293.584
6507, 0, 0.534361, 0.0129869, 0, 0, 0, 0, 0, 0.547348, 0, 0, 99.99, 0.977, 0.133865, 293.577
6508, 0, 0.533163, 0.014182, 0, 0, 0, 0, 0, 0.547345, 0, 0, 99.99, 0.977, 0.133865, 293.561
6509, 0, 0.531574, 0.0157081, 0, 0, 0, 0, 0, 0.547282, 0, 0, 99.99, 0.977, 0.133787, 293.542
6510, 0, 0.531676, 0.0158039, 0, 0, 0, 0, 0, 0.54748, 0, 0, 99.99, 0.977, 0.133675, 293.541
6511, 0, 0.534692, 0.0134374, 0, 0, 0, 0, 0, 0.54813, 0, 0, 99.99, 0.977, 0.133514, 293.572
6512, 0, 0.53902, 0.00996404, 0, 0, 0, 0, 0, 0.548984, 0, 0, 99.99, 0.977, 0.133367, 293.617
6513, 0, 0.540844, 0.00860438, 0, 0, 0, 0, 0, 0.549448, 0, 0, 99.99, 0.977, 0.133365, 293.635
6514, 0, 0.539771, 0.00968724, 0, 0, 0, 0, 0, 0.549459, 0, 0, 99.99, 0.977, 0.133401, 293.621
6515, 0, 0.539533, 0.0100673, 0, 0, 0, 0, 0, 0.549601, 0, 0, 99.99, 0.977, 0.133359, 293.616
6516, 0, 0.541482, 0.00860384, 0, 0, 0, 0, 0, 0.550086, 0, 0, 99.99, 0.977, 0.133244, 293.635
6517, 0, 0.544902, 0.00590315, 0, 0, 0, 0, 0, 0.550805, 0, 0, 99.99, 0.977, 0.133057, 293.671
6518, 0, 0.548424, 0.00311894, 0, 0, 0, 0, 0, 0.551543, 0, 0, 99.99, 0.977, 0.132902, 293.708
6519, 0, 0.550576, 0.00148901, 0, 0, 0, 0, 0, 0.552065, 0, 0, 99.99, 0.977, 0.132857, 293.73
6520, 0, 0.551065, 0.00125635, 0, 0, 0, 0, 0, 0.552322, 0, 0, 99.99, 0.977, 0.132772, 293.733
6521, 0, 0.551047, 0.0014511, 0, 0, 0, 0, 0, 0.552498, 0, 0, 99.99, 0.977, 0.132625, 293.73
6522, 0, 0.551141, 0.00155124, 0, 0, 0, 0, 0, 0.552692, 0, 0, 99.99, 0.977, 0.132551, 293.729
6523, 0, 0.550112, 0.00259651, 0, 0, 0, 0, 0, 0.552709, 0, 0, 99.99, 0.977, 0.132528, 293.715
6524, 0, 0.547151, 0.00526886, 0, 0, 0, 0, 0, 0.55242, 0, 0, 99.99, 0.977, 0.13245, 293.68
6525, 0, 0.543568, 0.00846809, 0, 0, 0, 0, 0, 0.552036, 0, 0, 99.99, 0.977, 0.132369, 293.637
6526, 0, 0.541506, 0.010387, 0, 0, 0, 0, 0, 0.551893, 0, 0, 99.99, 0.977, 0.132309, 293.612
6527, 0, 0.542423, 0.00979431, 0, 0, 0, 0, 0, 0.552217, 0, 0, 99.99, 0.977, 0.132251, 293.62
6528, 0, 0.54574, 0.00717807, 0, 0, 0, 0, 0, 0.552918, 0, 0, 99.99, 0.977, 0.132225, 293.655
6529, 0, 0.547275, 0.00606595, 0, 0, 0, 0, 0, 0.553341, 0, 0, 99.99, 0.977, 0.132174, 293.67
6530, 0, 0.54336, 0.00955493, 0, 0, 0, 0, 0, 0.552915, 0, 0, 99.99, 0.977, 0.132034, 293.624
6531, 0, 0.536071, 0.0159021, 0, 0, 0, 0, 0, 0.551973, 0, 0, 99.99, 0.977, 0.131818, 293.543
6532, 0, 0.529443, 0.0217042, 0, 0, 0, 0, 0, 0.551147, 0, 0, 99.99, 0.977, 0.131642, 293.469
6533, 0, 0.524952, 0.0257041, 0, 0, 0, 0, 0, 0.550656, 0, 0, 99.99, 0.977, 0.131607, 293.419
6534, 0, 0.522458, 0.0280108, 0, 0, 0, 0, 0, 0.550469, 0, 0, 99.99, 0.977, 0.131684, 293.391
6535, 0, 0.521674, 0.0288624, 0, 0, 0, 0, 0, 0.550536, 0, 0, 99.99, 0.977, 0.131732, 293.381
6536, 0, 0.522304, 0.0285076, 0, 0, 0, 0, 0, 0.550811, 0, 0, 99.99, 0.977, 0.131684, 293.385
6537, 0, 0.524516, 0.0268036, 0, 0, 0, 0, 0, 0.55132, 0, 0, 99.99, 0.977, 0.131557, 293.406
6538, 0, 0.528774, 0.0233618, 0, 0, 0, 0, 0, 0.552136, 0, 0, 99.99, 0.977, 0.131402, 293.449
6539, 0, 0.535253, 0.0180412, 0, 0, 0, 0, 0, 0.553294, 0, 0, 99.99, 0.977, 0.131318, 293.516
6540, 0, 0.543017, 0.0116448, 0, 0, 0, 0, 0, 0.554662, 0, 0, 99.99, 0.977, 0.131272, 293.598
6541, 0, 0.549617, 0.00624598, 0, 0, 0, 0, 0, 0.555863, 0, 0, 99.99, 0.977, 0.131187, 293.668
6542, 0, 0.552614, 0.00389512, 0, 0, 0, 0, 0, 0.556509, 0, 0, 99.99, 0.977, 0.131118, 293.698
6543, 0, 0.551271, 0.00520574, 0, 0, 0, 0, 0, 0.556477, 0, 0, 99.99, 0.977, 0.131075, 293.681
6544, 0, 0.548283, 0.00790428, 0, 0, 0, 0, 0, 0.556188, 0, 0, 99.99, 0.977, 0.130987, 293.646
6545, 0, 0.547788, 0.00850086, 0, 0, 0, 0, 0, 0.556289, 0, 0, 99.99, 0.977, 0.130843, 293.638
6546, 0, 0.550699, 0.00622556, 0, 0, 0, 0, 0, 0.556924, 0, 0, 99.99, 0.977, 0.130724, 293.668
6547, 0, 0.553778, 0.00380811, 0, 0, 0, 0, 0, 0.557587, 0, 0, 99.99, 0.977, 0.130629, 293.7
6548, 0, 0.553468, 0.00424912, 0, 0, 0, 0, 0, 0.557717, 0, 0, 99.99, 0.977, 0.130511, 293.694
6549, 0, 0.550012, 0.0073434, 0, 0, 0, 0, 0, 0.557355, 0, 0, 99.99, 0.977, 0.130418, 293.654
6550, 0, 0.54668, 0.0103343, 0, 0, 0, 0, 0, 0.557014, 0, 0, 99.99, 0.977, 0.130326, 293.615
6551, 0, 0.545984, 0.0111005, 0, 0, 0, 0, 0, 0.557085, 0, 0, 99.99, 0.977, 0.130207, 293.605
6552, 0, 0.548137, 0.00946159, 0, 0, 0, 0, 0, 0.557598, 0, 0, 99.99, 0.977, 0.130177, 293.626
6553, 0, 0.551923, 0.00644476, 0, 0, 0, 0, 0, 0.558368, 0, 0, 99.99, 0.977, 0.130241, 293.665
6554, 0, 0.555709, 0.00343121, 0, 0, 0, 0, 0, 0.55914, 0, 0, 99.99, 0.977, 0.130249, 293.705
6555, 0, 0.558038, 0.00164746, 0, 0, 0, 0, 0, 0.559685, 0, 0, 99.99, 0.977, 0.130162, 293.728
6556, 0, 0.55841, 0.00151222, 0, 0, 0, 0, 0, 0.559922, 0, 0, 99.99, 0.977, 0.130017, 293.73
6557, 0, 0.55767, 0.0023133, 0, 0, 0, 0, 0, 0.559983, 0, 0, 99.99, 0.977, 0.129888, 293.719
6558, 0, 0.556201, 0.00373006, 0, 0, 0, 0, 0, 0.559931, 0, 0, 99.99, 0.977, 0.129812, 293.701
6559, 0, 0.553169, 0.00646735, 0, 0, 0, 0, 0, 0.559636, 0, 0, 99.99, 0.977, 0.129699, 293.665
6560, 0, 0.549663, 0.00960613, 0, 0, 0, 0, 0, 0.559269, 0, 0, 99.99, 0.977, 0.129569, 293.625
6561, 0, 0.548231, 0.0109943, 0, 0, 0, 0, 0, 0.559225, 0, 0, 99.99, 0.977, 0.129442, 293.607
6562, 0, 0.549863, 0.0097943, 0, 0, 0, 0, 0, 0.559658, 0, 0, 99.99, 0.977, 0.129122, 293.622
6563, 0, 0.552901, 0.00740622, 0, 0, 0, 0, 0, 0.560307, 0, 0, 99.99, 0.977, 0.128142, 293.653
6564, 0, 0.554933, 0.00586805, 0, 0, 0, 0, 0, 0.560801, 0, 0, 99.99, 0.977, 0.126542, 293.673
6565, 0, 0.556565, 0.00466946, 0, 0, 0, 0, 0, 0.561235, 0, 0, 99.99, 0.977, 0.126209, 293.689
6566, 0, 0.558866, 0.00290871, 0, 0, 0, 0, 0, 0.561774, 0, 0, 99.99, 0.977, 0.127609, 293.712
6567, 0, 0.560712, 0.00153134, 0, 0, 0, 0, 0, 0.562243, 0, 0, 99.99, 0.977, 0.128745, 293.73
6568, 0, 0.561002, 0.00146459, 0, 0, 0, 0, 0, 0.562467, 0, 0, 99.99, 0.977, 0.129057, 293.731
6569, 0, 0.560228, 0.00229375, 0, 0, 0, 0, 0, 0.562522, 0, 0, 99.99, 0.977, 0.129054, 293.72
6570, 0, 0.559822, 0.00281297, 0, 0, 0, 0, 0, 0.562635, 0, 0, 99.99, 0.977, 0.128967, 293.713
6571, 0, 0.560548, 0.00237977, 0, 0, 0, 0, 0, 0.562927, 0, 0, 99.99, 0.977, 0.128866, 293.719
6572, 0, 0.561919, 0.00140225, 0, 0, 0, 0, 0, 0.563322, 0, 0, 99.99, 0.977, 0.128765, 293.732
6573, 0, 0.562975, 0.000690863, 0, 0, 0, 0, 0, 0.563666, 0, 0, 99.99, 0.977, 0.128566, 293.741
6574, 0, 0.563137, 0.000731985, 0, 0, 0, 0, 0, 0.563869, 0, 0, 99.99, 0.977, 0.128331, 293.74
6575, 0, 0.562563, 0.00139253, 0, 0, 0, 0, 0, 0.563955, 0, 0, 99.99, 0.977, 0.128277, 293.732
6576, 0, 0.562096, 0.00196343, 0, 0, 0, 0, 0, 0.564059, 0, 0, 99.99, 0.977, 0.128365, 293.724
6577, 0, 0.56246, 0.0018343, 0, 0, 0, 0, 0, 0.564294, 0, 0, 99.99, 0.977, 0.128384, 293.726
6578, 0, 0.562946, 0.00160229, 0, 0, 0, 0, 0, 0.564548, 0, 0, 99.99, 0.977, 0.128301, 293.729
6579, 0, 0.561969, 0.00260374, 0, 0, 0, 0, 0, 0.564573, 0, 0, 99.99, 0.977, 0.128191, 293.716
6580, 0, 0.559342, 0.00499786, 0, 0, 0, 0, 0, 0.56434, 0, 0, 99.99, 0.977, 0.128099, 293.685
6581, 0, 0.556269, 0.00777088, 0, 0, 0, 0, 0, 0.56404, 0, 0, 99.99, 0.977, 0.12808, 293.649
6582, 0, 0.553358, 0.0104109, 0, 0, 0, 0, 0, 0.563769, 0, 0, 99.99, 0.977, 0.128054, 293.616
6583, 0, 0.550904, 0.0126678, 0, 0, 0, 0, 0, 0.563572, 0, 0, 99.99, 0.977, 0.127957, 293.587
6584, 0, 0.54985, 0.0137393, 0, 0, 0, 0, 0, 0.563589, 0, 0, 99.99, 0.977, 0.127873, 293.574
6585, 0, 0.55075, 0.0131548, 0, 0, 0, 0, 0, 0.563905, 0, 0, 99.99, 0.977, 0.127825, 293.581
6586, 0, 0.553549, 0.0109636, 0, 0, 0, 0, 0, 0.564512, 0, 0, 99.99, 0.977, 0.127723, 293.609
6587, 0, 0.557749, 0.00758947, 0, 0, 0, 0, 0, 0.565338, 0, 0, 99.99, 0.977, 0.127588, 293.652
6588, 0, 0.562092, 0.00409808, 0, 0, 0, 0, 0, 0.56619, 0, 0, 99.99, 0.977, 0.127526, 293.697
6589, 0, 0.565013, 0.00180999, 0, 0, 0, 0, 0, 0.566823, 0, 0, 99.99, 0.977, 0.127495, 293.727
6590, 0, 0.566025, 0.00113292, 0, 0, 0, 0, 0, 0.567158, 0, 0, 99.99, 0.977, 0.127387, 293.735
6591, 0, 0.565853, 0.00145445, 0, 0, 0, 0, 0, 0.567308, 0, 0, 99.99, 0.977, 0.127259, 293.731
6592, 0, 0.565748, 0.00171967, 0, 0, 0, 0, 0, 0.567468, 0, 0, 99.99, 0.977, 0.127203, 293.728
6593, 0, 0.566041, 0.00164956, 0, 0, 0, 0, 0, 0.567691, 0, 0, 99.99, 0.977, 0.127209, 293.729
6594, 0, 0.565881, 0.00196167, 0, 0, 0, 0, 0, 0.567843, 0, 0, 99.99, 0.977, 0.127195, 293.725
6595, 0, 0.56474, 0.00310174, 0, 0, 0, 0, 0, 0.567842, 0, 0, 99.99, 0.977, 0.127129, 293.71
6596, 0, 0.562604, 0.00508274, 0, 0, 0, 0, 0, 0.567686, 0, 0, 99.99, 0.977, 0.127043, 293.685
6597, 0, 0.560647, 0.00691276, 0, 0, 0, 0, 0, 0.56756, 0, 0, 99.99, 0.977, 0.126956, 293.661
6598, 0, 0.559854, 0.00776092, 0, 0, 0, 0, 0, 0.567615, 0, 0, 99.99, 0.977, 0.126837, 293.65
6599, 0, 0.56105, 0.00692703, 0, 0, 0, 0, 0, 0.567977, 0, 0, 99.99, 0.977, 0.126681, 293.661
6600, 0, 0.563719, 0.00484941, 0, 0, 0, 0, 0, 0.568569, 0, 0, 99.99, 0.977, 0.126544, 293.688
6601, 0, 0.564205, 0.00461806, 0, 0, 0, 0, 0, 0.568823, 0, 0, 99.99, 0.977, 0.12644, 293.691
6602, 0, 0.559979, 0.00837479, 0, 0, 0, 0, 0, 0.568354, 0, 0, 99.99, 0.977, 0.126295, 293.644
6603, 0, 0.552968, 0.014497, 0, 0, 0, 0, 0, 0.567465, 0, 0, 99.99, 0.977, 0.126192, 293.567
6604, 0, 0.546798, 0.0199172, 0, 0, 0, 0, 0, 0.566715, 0, 0, 99.99, 0.977, 0.126234, 293.5
6605, 0, 0.543149, 0.0232024, 0, 0, 0, 0, 0, 0.566351, 0, 0, 99.99, 0.977, 0.126303, 293.461
6606, 0, 0.541993, 0.0243665, 0, 0, 0, 0, 0, 0.56636, 0, 0, 99.99, 0.977, 0.126297, 293.447
6607, 0, 0.543229, 0.023492, 0, 0, 0, 0, 0, 0.566721, 0, 0, 99.99, 0.977, 0.126225, 293.457
6608, 0, 0.546778, 0.0206468, 0, 0, 0, 0, 0, 0.567425, 0, 0, 99.99, 0.977, 0.126105, 293.492
6609, 0, 0.552202, 0.0162115, 0, 0, 0, 0, 0, 0.568414, 0, 0, 99.99, 0.977, 0.125937, 293.546
6610, 0, 0.558675, 0.0108953, 0, 0, 0, 0, 0, 0.569571, 0, 0, 99.99, 0.977, 0.125802, 293.612
6611, 0, 0.564792, 0.0058918, 0, 0, 0, 0, 0, 0.570684, 0, 0, 99.99, 0.977, 0.125793, 293.675
6612, 0, 0.568515, 0.00291907, 0, 0, 0, 0, 0, 0.571434, 0, 0, 99.99, 0.977, 0.125819, 293.713
6613, 0, 0.56834, 0.00324346, 0, 0, 0, 0, 0, 0.571584, 0, 0, 99.99, 0.977, 0.125783, 293.709
6614, 0, 0.564696, 0.00650245, 0, 0, 0, 0, 0, 0.571199, 0, 0, 99.99, 0.977, 0.125689, 293.667
6615, 0, 0.559809, 0.0108179, 0, 0, 0, 0, 0, 0.570627, 0, 0, 99.99, 0.977, 0.125555, 293.613
6616, 0, 0.555854, 0.0143497, 0, 0, 0, 0, 0, 0.570203, 0, 0, 99.99, 0.977, 0.125453, 293.569
6617, 0, 0.553992, 0.0161085, 0, 0, 0, 0, 0, 0.5701, 0, 0, 99.99, 0.977, 0.125412, 293.548
6618, 0, 0.555124, 0.0153261, 0, 0, 0, 0, 0, 0.57045, 0, 0, 99.99, 0.977, 0.125312, 293.558
6619, 0, 0.559358, 0.0119124, 0, 0, 0, 0, 0, 0.57127, 0, 0, 99.99, 0.977, 0.12514, 293.6
6620, 0, 0.563982, 0.00816834, 0, 0, 0, 0, 0, 0.57215, 0, 0, 99.99, 0.977, 0.125056, 293.647
6621, 0, 0.565697, 0.00688963, 0, 0, 0, 0, 0, 0.572586, 0, 0, 99.99, 0.977, 0.125079, 293.663
6622, 0, 0.566918, 0.00603203, 0, 0, 0, 0, 0, 0.57295, 0, 0, 99.99, 0.977, 0.12507, 293.673
6623, 0, 0.569684, 0.00386969, 0, 0, 0, 0, 0, 0.573554, 0, 0, 99.99, 0.977, 0.124972, 293.701
6624, 0, 0.57103, 0.00290802, 0, 0, 0, 0, 0, 0.573938, 0, 0, 99.99, 0.977, 0.124844, 293.713
6625, 0, 0.569623, 0.00427294, 0, 0, 0, 0, 0, 0.573895, 0, 0, 99.99, 0.977, 0.124761, 293.696
6626, 0, 0.568285, 0.00557894, 0, 0, 0, 0, 0, 0.573864, 0, 0, 99.99, 0.977, 0.124713, 293.679
6627, 0, 0.569412, 0.00480215, 0, 0, 0, 0, 0, 0.574214, 0, 0, 99.99, 0.977, 0.124667, 293.689
6628, 0, 0.571917, 0.00286128, 0, 0, 0, 0, 0, 0.574778, 0, 0, 99.99, 0.977, 0.124609, 293.714
6629, 0, 0.573451, 0.00174019, 0, 0, 0, 0, 0, 0.575191, 0, 0, 99.99, 0.977, 0.124496, 293.728
6630, 0, 0.573554, 0.00182833, 0, 0, 0, 0, 0, 0.575382, 0, 0, 99.99, 0.977, 0.124274, 293.727
6631, 0, 0.573579, 0.00198231, 0, 0, 0, 0, 0, 0.575562, 0, 0, 99.99, 0.977, 0.124097, 293.725
6632, 0, 0.574118, 0.00170262, 0, 0, 0, 0, 0, 0.575821, 0, 0, 99.99, 0.977, 0.124115, 293.728
6633, 0, 0.574851, 0.00125931, 0, 0, 0, 0, 0, 0.576111, 0, 0, 99.99, 0.977, 0.124184, 293.734
6634, 0, 0.575635, 0.000773124, 0, 0, 0, 0, 0, 0.576408, 0, 0, 99.99, 0.977, 0.124285, 293.74
6635, 0, 0.576249, 0.000429933, 0, 0, 0, 0, 0, 0.576679, 0, 0, 99.99, 0.977, 0.124534, 293.745
6636, 0, 0.576504, 0.000390238, 0, 0, 0, 0, 0, 0.576894, 0, 0, 99.99, 0.977, 0.12429, 293.745
6637, 0, 0.576398, 0.000654187, 0, 0, 0, 0, 0, 0.577052, 0, 0, 99.99, 0.977, 0.122656, 293.742
6638, 0, 0.576058, 0.00111614, 0, 0, 0, 0, 0, 0.577174, 0, 0, 99.99, 0.977, 0.120799, 293.736
6639, 0, 0.57594, 0.00139139, 0, 0, 0, 0, 0, 0.577331, 0, 0, 99.99, 0.977, 0.120926, 293.732
6640, 0, 0.576442, 0.00114201, 0, 0, 0, 0, 0, 0.577584, 0, 0, 99.99, 0.977, 0.122375, 293.735
6641, 0, 0.577201, 0.000676369, 0, 0, 0, 0, 0, 0.577878, 0, 0, 99.99, 0.977, 0.123256, 293.741
6642, 0, 0.577496, 0.000602568, 0, 0, 0, 0, 0, 0.578098, 0, 0, 99.99, 0.977, 0.123463, 293.742
6643, 0, 0.576927, 0.00125821, 0, 0, 0, 0, 0, 0.578185, 0, 0, 99.99, 0.977, 0.123443, 293.734
6644, 0, 0.5755, 0.00263884, 0, 0, 0, 0, 0, 0.578139, 0, 0, 99.99, 0.977, 0.123354, 293.717
6645, 0, 0.573406, 0.00458543, 0, 0, 0, 0, 0, 0.577991, 0, 0, 99.99, 0.977, 0.123282, 293.692
6646, 0, 0.570854, 0.00692116, 0, 0, 0, 0, 0, 0.577776, 0, 0, 99.99, 0.977, 0.123226, 293.663
6647, 0, 0.568089, 0.00944128, 0, 0, 0, 0, 0, 0.57753, 0, 0, 99.99, 0.977, 0.123156, 293.632
6648, 0, 0.565428, 0.011876, 0, 0, 0, 0, 0, 0.577304, 0, 0, 99.99, 0.977, 0.12308, 293.602
6649, 0, 0.562805, 0.0142832, 0, 0, 0, 0, 0, 0.577088, 0, 0, 99.99, 0.977, 0.122958, 293.573
6650, 0, 0.559786, 0.0170298, 0, 0, 0, 0, 0, 0.576815, 0, 0, 99.99, 0.977, 0.122878, 293.54
6651, 0, 0.556693, 0.0198424, 0, 0, 0, 0, 0, 0.576535, 0, 0, 99.99, 0.977, 0.122862, 293.506
6652, 0, 0.554193, 0.0221531, 0, 0, 0, 0, 0, 0.576346, 0, 0, 99.99, 0.977, 0.122804, 293.479
6653, 0, 0.552748, 0.0235663, 0, 0, 0, 0, 0, 0.576314, 0, 0, 99.99, 0.977, 0.12276, 293.463
6654, 0, 0.552512, 0.0239468, 0, 0, 0, 0, 0, 0.576459, 0, 0, 99.99, 0.977, 0.12274, 293.459
6655, 0, 0.553037, 0.0236764, 0, 0, 0, 0, 0, 0.576714, 0, 0, 99.99, 0.977, 0.122685, 293.462
6656, 0, 0.555589, 0.0216765, 0, 0, 0, 0, 0, 0.577266, 0, 0, 99.99, 0.977, 0.122577, 293.486
6657, 0, 0.56205, 0.0163507, 0, 0, 0, 0, 0, 0.578401, 0, 0, 99.99, 0.977, 0.122446, 293.55
6658, 0, 0.569211, 0.0104343, 0, 0, 0, 0, 0, 0.579646, 0, 0, 99.99, 0.977, 0.122346, 293.621
6659, 0, 0.570583, 0.00944208, 0, 0, 0, 0, 0, 0.580025, 0, 0, 99.99, 0.977, 0.122269, 293.633
6660, 0, 0.566454, 0.013126, 0, 0, 0, 0, 0, 0.57958, 0, 0, 99.99, 0.977, 0.122195, 293.589
6661, 0, 0.562615, 0.0165673, 0, 0, 0, 0, 0, 0.579182, 0, 0, 99.99, 0.977, 0.122127, 293.547
6662, 0, 0.560112, 0.0188782, 0, 0, 0, 0, 0, 0.57899, 0, 0, 99.99, 0.977, 0.122089, 293.52
6663, 0, 0.559902, 0.0192351, 0, 0, 0, 0, 0, 0.579137, 0, 0, 99.99, 0.977, 0.122054, 293.516
6664, 0, 0.562555, 0.0171491, 0, 0, 0, 0, 0, 0.579704, 0, 0, 99.99, 0.977, 0.121975, 293.541
6665, 0, 0.564377, 0.015769, 0, 0, 0, 0, 0, 0.580146, 0, 0, 99.99, 0.977, 0.121887, 293.557
6666, 0, 0.564884, 0.0155102, 0, 0, 0, 0, 0, 0.580394, 0, 0, 99.99, 0.977, 0.121846, 293.56
6667, 0, 0.565643, 0.0150372, 0, 0, 0, 0, 0, 0.580681, 0, 0, 99.99, 0.977, 0.12181, 293.565
6668, 0, 0.568243, 0.0130009, 0, 0, 0, 0, 0, 0.581244, 0, 0, 99.99, 0.977, 0.121746, 293.59
6669, 0, 0.572809, 0.00929762, 0, 0, 0, 0, 0, 0.582107, 0, 0, 99.99, 0.977, 0.121649, 293.635
6670, 0, 0.577687, 0.00533424, 0, 0, 0, 0, 0, 0.583021, 0, 0, 99.99, 0.977, 0.121555, 293.684
6671, 0, 0.581243, 0.00249553, 0, 0, 0, 0, 0, 0.583738, 0, 0, 99.99, 0.977, 0.121505, 293.719
6672, 0, 0.582462, 0.00163782, 0, 0, 0, 0, 0, 0.584099, 0, 0, 99.99, 0.977, 0.121437, 293.73
6673, 0, 0.581176, 0.00290034, 0, 0, 0, 0, 0, 0.584076, 0, 0, 99.99, 0.977, 0.121301, 293.714
6674, 0, 0.578055, 0.00571891, 0, 0, 0, 0, 0, 0.583774, 0, 0, 99.99, 0.977, 0.121145, 293.679
6675, 0, 0.574335, 0.00904931, 0, 0, 0, 0, 0, 0.583384, 0, 0, 99.99, 0.977, 0.121045, 293.638
6676, 0, 0.571457, 0.0116675, 0, 0, 0, 0, 0, 0.583125, 0, 0, 99.99, 0.977, 0.121034, 293.607
6677, 0, 0.570364, 0.0127709, 0, 0, 0, 0, 0, 0.583135, 0, 0, 99.99, 0.977, 0.121026, 293.593
6678, 0, 0.571272, 0.0121739, 0, 0, 0, 0, 0, 0.583446, 0, 0, 99.99, 0.977, 0.120948, 293.601
6679, 0, 0.57384, 0.0101664, 0, 0, 0, 0, 0, 0.584007, 0, 0, 99.99, 0.977, 0.120852, 293.625
6680, 0, 0.577351, 0.00736042, 0, 0, 0, 0, 0, 0.584712, 0, 0, 99.99, 0.977, 0.120815, 293.659
6681, 0, 0.580947, 0.00448506, 0, 0, 0, 0, 0, 0.585432, 0, 0, 99.99, 0.977, 0.120791, 293.694
6682, 0, 0.583838, 0.00221009, 0, 0, 0, 0, 0, 0.586048, 0, 0, 99.99, 0.977, 0.120736, 293.723
6683, 0, 0.585437, 0.00103014, 0, 0, 0, 0, 0, 0.586467, 0, 0, 99.99, 0.977, 0.120652, 293.737
6684, 0, 0.585449, 0.00119376, 0, 0, 0, 0, 0, 0.586642, 0, 0, 99.99, 0.977, 0.120558, 293.735
6685, 0, 0.583899, 0.00267982, 0, 0, 0, 0, 0, 0.586578, 0, 0, 99.99, 0.977, 0.120499, 293.717
6686, 0, 0.580992, 0.00531757, 0, 0, 0, 0, 0, 0.586309, 0, 0, 99.99, 0.977, 0.120443, 293.684
6687, 0, 0.576982, 0.00889607, 0, 0, 0, 0, 0, 0.585878, 0, 0, 99.99, 0.977, 0.120341, 293.641
6688, 0, 0.572298, 0.0130545, 0, 0, 0, 0, 0, 0.585352, 0, 0, 99.99, 0.977, 0.120243, 293.591
6689, 0, 0.567403, 0.0174014, 0, 0, 0, 0, 0, 0.584804, 0, 0, 99.99, 0.977, 0.120174, 293.54
6690, 0, 0.562555, 0.0217181, 0, 0, 0, 0, 0, 0.584273, 0, 0, 99.99, 0.977, 0.120094, 293.489
6691, 0, 0.557968, 0.0258202, 0, 0, 0, 0, 0, 0.583788, 0, 0, 99.99, 0.977, 0.12002, 293.442
6692, 0, 0.553895, 0.0294895, 0, 0, 0, 0, 0, 0.583384, 0, 0, 99.99, 0.977, 0.119944, 293.4
6693, 0, 0.550533, 0.0325542, 0, 0, 0, 0, 0, 0.583087, 0, 0, 99.99, 0.977, 0.119884, 293.366
6694, 0, 0.548189, 0.0347474, 0, 0, 0, 0, 0, 0.582936, 0, 0, 99.99, 0.977, 0.119871, 293.342
6695, 0, 0.547707, 0.0353409, 0, 0, 0, 0, 0, 0.583048, 0, 0, 99.99, 0.977, 0.119844, 293.336
6696, 0, 0.549556, 0.0339305, 0, 0, 0, 0, 0, 0.583486, 0, 0, 99.99, 0.977, 0.119786, 293.352
6697, 0, 0.551352, 0.0325654, 0, 0, 0, 0, 0, 0.583917, 0, 0, 99.99, 0.977, 0.119715, 293.367
6698, 0, 0.55084, 0.0331838, 0, 0, 0, 0, 0, 0.584024, 0, 0, 99.99, 0.977, 0.119631, 293.361
6699, 0, 0.549641, 0.0343884, 0, 0, 0, 0, 0, 0.584029, 0, 0, 99.99, 0.977, 0.119522, 293.347
6700, 0, 0.5504, 0.0339083, 0, 0, 0, 0, 0, 0.584308, 0, 0, 99.99, 0.977, 0.119383, 293.352
6701, 0, 0.553483, 0.0314322, 0, 0, 0, 0, 0, 0.584915, 0, 0, 99.99, 0.977, 0.119249, 293.38
6702, 0, 0.557966, 0.0277596, 0, 0, 0, 0, 0, 0.585725, 0, 0, 99.99, 0.977, 0.11915, 293.422
6703, 0, 0.563953, 0.0228073, 0, 0, 0, 0, 0, 0.586761, 0, 0, 99.99, 0.977, 0.119093, 293.479
6704, 0, 0.571532, 0.0165082, 0, 0, 0, 0, 0, 0.58804, 0, 0, 99.99, 0.977, 0.119076, 293.552
6705, 0, 0.579272, 0.010086, 0, 0, 0, 0, 0, 0.589358, 0, 0, 99.99, 0.977, 0.119043, 293.628
6706, 0, 0.585084, 0.0053165, 0, 0, 0, 0, 0, 0.5904, 0, 0, 99.99, 0.977, 0.119001, 293.685
6707, 0, 0.58844, 0.00263983, 0, 0, 0, 0, 0, 0.59108, 0, 0, 99.99, 0.977, 0.118975, 293.718
6708, 0, 0.589359, 0.00203333, 0, 0, 0, 0, 0, 0.591392, 0, 0, 99.99, 0.977, 0.118918, 293.725
6709, 0, 0.588413, 0.00300741, 0, 0, 0, 0, 0, 0.59142, 0, 0, 99.99, 0.977, 0.118814, 293.713
6710, 0, 0.587809, 0.00369186, 0, 0, 0, 0, 0, 0.591501, 0, 0, 99.99, 0.977, 0.118709, 293.705
6711, 0, 0.588894, 0.0029442, 0, 0, 0, 0, 0, 0.591839, 0, 0, 99.99, 0.977, 0.118632, 293.714
6712, 0, 0.5902, 0.00200964, 0, 0, 0, 0, 0, 0.59221, 0, 0, 99.99, 0.977, 0.118572, 293.725
6713, 0, 0.590296, 0.00210065, 0, 0, 0, 0, 0, 0.592397, 0, 0, 99.99, 0.977, 0.118536, 293.724
6714, 0, 0.590008, 0.00251727, 0, 0, 0, 0, 0, 0.592525, 0, 0, 99.99, 0.977, 0.118496, 293.719
6715, 0, 0.589419, 0.00318996, 0, 0, 0, 0, 0, 0.592609, 0, 0, 99.99, 0.977, 0.118419, 293.711
6716, 0, 0.586559, 0.00579415, 0, 0, 0, 0, 0, 0.592353, 0, 0, 99.99, 0.977, 0.118308, 293.68
6717, 0, 0.581141, 0.0105746, 0, 0, 0, 0, 0, 0.591716, 0, 0, 99.99, 0.977, 0.118226, 293.623
6718, 0, 0.576535, 0.0146677, 0, 0, 0, 0, 0, 0.591203, 0, 0, 99.99, 0.977, 0.118174, 293.574
6719, 0, 0.575707, 0.0155458, 0, 0, 0, 0, 0, 0.591253, 0, 0, 99.99, 0.977, 0.118067, 293.564
6720, 0, 0.57867, 0.0131939, 0, 0, 0, 0, 0, 0.591864, 0, 0, 99.99, 0.977, 0.117898, 293.592
6721, 0, 0.583773, 0.0090242, 0, 0, 0, 0, 0, 0.592797, 0, 0, 99.99, 0.977, 0.11773, 293.641
6722, 0, 0.58887, 0.00486398, 0, 0, 0, 0, 0, 0.593734, 0, 0, 99.99, 0.977, 0.117334, 293.691
6723, 0, 0.59191, 0.00245454, 0, 0, 0, 0, 0, 0.594365, 0, 0, 99.99, 0.977, 0.116161, 293.72
6724, 0, 0.591643, 0.00285348, 0, 0, 0, 0, 0, 0.594497, 0, 0, 99.99, 0.977, 0.114699, 293.715
6725, 0, 0.588273, 0.0058887, 0, 0, 0, 0, 0, 0.594162, 0, 0, 99.99, 0.977, 0.114824, 293.679
6726, 0, 0.583722, 0.00993121, 0, 0, 0, 0, 0, 0.593653, 0, 0, 99.99, 0.977, 0.116212, 293.631
6727, 0, 0.581324, 0.0121456, 0, 0, 0, 0, 0, 0.593469, 0, 0, 99.99, 0.977, 0.117086, 293.605
6728, 0, 0.582063, 0.0116936, 0, 0, 0, 0, 0, 0.593757, 0, 0, 99.99, 0.977, 0.117324, 293.61
6729, 0, 0.579739, 0.013864, 0, 0, 0, 0, 0, 0.593603, 0, 0, 99.99, 0.977, 0.117362, 293.586
6730, 0, 0.56961, 0.0227147, 0, 0, 0, 0, 0, 0.592324, 0, 0, 99.99, 0.977, 0.117306, 293.486
6731, 0, 0.557302, 0.0334522, 0, 0, 0, 0, 0, 0.590754, 0, 0, 99.99, 0.977, 0.117158, 293.365
6732, 0, 0.549947, 0.0399594, 0, 0, 0, 0, 0, 0.589906, 0, 0, 99.99, 0.977, 0.117025, 293.294
6733, 0, 0.548535, 0.0413611, 0, 0, 0, 0, 0, 0.589896, 0, 0, 99.99, 0.977, 0.117027, 293.279
6734, 0, 0.546766, 0.043078, 0, 0, 0, 0, 0, 0.589844, 0, 0, 99.99, 0.977, 0.117071, 293.262
6735, 0, 0.540054, 0.0490723, 0, 0, 0, 0, 0, 0.589126, 0, 0, 99.99, 0.977, 0.117052, 293.199
6736, 0, 0.533626, 0.0548222, 0, 0, 0, 0, 0, 0.588448, 0, 0, 99.99, 0.977, 0.116991, 293.139
6737, 0, 0.532036, 0.0563795, 0, 0, 0, 0, 0, 0.588416, 0, 0, 99.99, 0.977, 0.11692, 293.124
6738, 0, 0.533596, 0.055209, 0, 0, 0, 0, 0, 0.588805, 0, 0, 99.99, 0.977, 0.116839, 293.136
6739, 0, 0.532187, 0.0566257, 0, 0, 0, 0, 0, 0.588812, 0, 0, 99.99, 0.977, 0.116735, 293.123
6740, 0, 0.525903, 0.0622828, 0, 0, 0, 0, 0, 0.588185, 0, 0, 99.99, 0.977, 0.116637, 293.067
6741, 0, 0.521424, 0.0663634, 0, 0, 0, 0, 0, 0.587788, 0, 0, 99.99, 0.977, 0.116593, 293.026
6742, 0, 0.521244, 0.0666952, 0, 0, 0, 0, 0, 0.587939, 0, 0, 99.99, 0.977, 0.116575, 293.023
6743, 0, 0.523242, 0.0651279, 0, 0, 0, 0, 0, 0.588369, 0, 0, 99.99, 0.977, 0.116532, 293.038
6744, 0, 0.528443, 0.0607743, 0, 0, 0, 0, 0, 0.589217, 0, 0, 99.99, 0.977, 0.116456, 293.083
6745, 0, 0.536854, 0.0536337, 0, 0, 0, 0, 0, 0.590488, 0, 0, 99.99, 0.977, 0.116349, 293.156
6746, 0, 0.544402, 0.047252, 0, 0, 0, 0, 0, 0.591654, 0, 0, 99.99, 0.977, 0.116246, 293.222
6747, 0, 0.553545, 0.0395191, 0, 0, 0, 0, 0, 0.593064, 0, 0, 99.99, 0.977, 0.116192, 293.304
6748, 0, 0.567013, 0.0280846, 0, 0, 0, 0, 0, 0.595097, 0, 0, 99.99, 0.977, 0.116134, 293.428
6749, 0, 0.579111, 0.0178617, 0, 0, 0, 0, 0, 0.596973, 0, 0, 99.99, 0.977, 0.116045, 293.542
6750, 0, 0.587398, 0.0109453, 0, 0, 0, 0, 0, 0.598343, 0, 0, 99.99, 0.977, 0.115958, 293.621
6751, 0, 0.590729, 0.00827791, 0, 0, 0, 0, 0, 0.599007, 0, 0, 99.99, 0.977, 0.115895, 293.652
6752, 0, 0.585118, 0.0132511, 0, 0, 0, 0, 0, 0.598369, 0, 0, 99.99, 0.977, 0.115842, 293.596
6753, 0, 0.572331, 0.0243803, 0, 0, 0, 0, 0, 0.596712, 0, 0, 99.99, 0.977, 0.115786, 293.47
6754, 0, 0.55991, 0.0352288, 0, 0, 0, 0, 0, 0.595138, 0, 0, 99.99, 0.977, 0.115723, 293.35
6755, 0, 0.552125, 0.0421248, 0, 0, 0, 0, 0, 0.59425, 0, 0, 99.99, 0.977, 0.115641, 293.276
6756, 0, 0.544542, 0.0488859, 0, 0, 0, 0, 0, 0.593428, 0, 0, 99.99, 0.977, 0.115575, 293.207
6757, 0, 0.53508, 0.0572891, 0, 0, 0, 0, 0, 0.59237, 0, 0, 99.99, 0.977, 0.115536, 293.121
6758, 0, 0.528643, 0.0630708, 0, 0, 0, 0, 0, 0.591714, 0, 0, 99.99, 0.977, 0.115481, 293.063
6759, 0, 0.52648, 0.0651348, 0, 0, 0, 0, 0, 0.591614, 0, 0, 99.99, 0.977, 0.115391, 293.043
6760, 0, 0.526854, 0.0649841, 0, 0, 0, 0, 0, 0.591838, 0, 0, 99.99, 0.977, 0.115277, 293.044
6761, 0, 0.528363, 0.0638412, 0, 0, 0, 0, 0, 0.592204, 0, 0, 99.99, 0.977, 0.11516, 293.056
6762, 0, 0.530369, 0.0622637, 0, 0, 0, 0, 0, 0.592633, 0, 0, 99.99, 0.977, 0.115063, 293.071
6763, 0, 0.533791, 0.0594563, 0, 0, 0, 0, 0, 0.593248, 0, 0, 99.99, 0.977, 0.115013, 293.1
6764, 0, 0.540008, 0.0542262, 0, 0, 0, 0, 0, 0.594235, 0, 0, 99.99, 0.977, 0.115, 293.153
6765, 0, 0.547411, 0.0479708, 0, 0, 0, 0, 0, 0.595382, 0, 0, 99.99, 0.977, 0.114953, 293.218
6766, 0, 0.552087, 0.0440773, 0, 0, 0, 0, 0, 0.596165, 0, 0, 99.99, 0.977, 0.114847, 293.257
6767, 0, 0.555836, 0.0409966, 0, 0, 0, 0, 0, 0.596833, 0, 0, 99.99, 0.977, 0.114695, 293.289
6768, 0, 0.562472, 0.0354389, 0, 0, 0, 0, 0, 0.597911, 0, 0, 99.99, 0.977, 0.114506, 293.349
6769, 0, 0.571352, 0.0279644, 0, 0, 0, 0, 0, 0.599316, 0, 0, 99.99, 0.977, 0.114173, 293.43
6770, 0, 0.580314, 0.0204407, 0, 0, 0, 0, 0, 0.600754, 0, 0, 99.99, 0.977, 0.113341, 293.514
6771, 0, 0.58887, 0.01329, 0, 0, 0, 0, 0, 0.60216, 0, 0, 99.99, 0.977, 0.111892, 293.595
6772, 0, 0.596527, 0.00692648, 0, 0, 0, 0, 0, 0.603454, 0, 0, 99.99, 0.977, 0.111081, 293.669
6773, 0, 0.601515, 0.00284848, 0, 0, 0, 0, 0, 0.604363, 0, 0, 99.99, 0.977, 0.111963, 293.716
6774, 0, 0.603023, 0.00173464, 0, 0, 0, 0, 0, 0.604758, 0, 0, 99.99, 0.977, 0.113228, 293.729
6775, 0, 0.601284, 0.00338424, 0, 0, 0, 0, 0, 0.604668, 0, 0, 99.99, 0.977, 0.113815, 293.71
6776, 0, 0.596698, 0.00746003, 0, 0, 0, 0, 0, 0.604158, 0, 0, 99.99, 0.977, 0.11397, 293.662
6777, 0, 0.590824, 0.0126404, 0, 0, 0, 0, 0, 0.603464, 0, 0, 99.99, 0.977, 0.113998, 293.602
6778, 0, 0.5859, 0.0170172, 0, 0, 0, 0, 0, 0.602917, 0, 0, 99.99, 0.977, 0.113979, 293.552
6779, 0, 0.583457, 0.019277, 0, 0, 0, 0, 0, 0.602734, 0, 0, 99.99, 0.977, 0.113956, 293.526
6780, 0, 0.584051, 0.0189404, 0, 0, 0, 0, 0, 0.602991, 0, 0, 99.99, 0.977, 0.113914, 293.53
6781, 0, 0.587652, 0.0160324, 0, 0, 0, 0, 0, 0.603685, 0, 0, 99.99, 0.977, 0.113834, 293.564
6782, 0, 0.593096, 0.0115528, 0, 0, 0, 0, 0, 0.604649, 0, 0, 99.99, 0.977, 0.113786, 293.615
6783, 0, 0.59776, 0.00774292, 0, 0, 0, 0, 0, 0.605503, 0, 0, 99.99, 0.977, 0.113783, 293.659
6784, 0, 0.600935, 0.00520726, 0, 0, 0, 0, 0, 0.606142, 0, 0, 99.99, 0.977, 0.11376, 293.689
6785, 0, 0.603753, 0.00297891, 0, 0, 0, 0, 0, 0.606732, 0, 0, 99.99, 0.977, 0.113701, 293.715
6786, 0, 0.60574, 0.00145921, 0, 0, 0, 0, 0, 0.607199, 0, 0, 99.99, 0.977, 0.113622, 293.733
6787, 0, 0.605968, 0.00143455, 0, 0, 0, 0, 0, 0.607402, 0, 0, 99.99, 0.977, 0.11353, 293.733
6788, 0, 0.604711, 0.00267167, 0, 0, 0, 0, 0, 0.607383, 0, 0, 99.99, 0.977, 0.113451, 293.718
6789, 0, 0.603306, 0.00403554, 0, 0, 0, 0, 0, 0.607342, 0, 0, 99.99, 0.977, 0.113394, 293.702
6790, 0, 0.603126, 0.00435783, 0, 0, 0, 0, 0, 0.607484, 0, 0, 99.99, 0.977, 0.113328, 293.699
6791, 0, 0.604465, 0.00338843, 0, 0, 0, 0, 0, 0.607853, 0, 0, 99.99, 0.977, 0.113264, 293.71
6792, 0, 0.60639, 0.00192051, 0, 0, 0, 0, 0, 0.608311, 0, 0, 99.99, 0.977, 0.113199, 293.727
6793, 0, 0.607663, 0.00100793, 0, 0, 0, 0, 0, 0.608671, 0, 0, 99.99, 0.977, 0.113122, 293.738
6794, 0, 0.607755, 0.00109843, 0, 0, 0, 0, 0, 0.608853, 0, 0, 99.99, 0.977, 0.113051, 293.737
6795, 0, 0.606941, 0.00195973, 0, 0, 0, 0, 0, 0.6089, 0, 0, 99.99, 0.977, 0.112982, 293.727
6796, 0, 0.604867, 0.00389424, 0, 0, 0, 0, 0, 0.608761, 0, 0, 99.99, 0.977, 0.112936, 293.704
6797, 0, 0.600629, 0.0076764, 0, 0, 0, 0, 0, 0.608305, 0, 0, 99.99, 0.977, 0.112911, 293.661
6798, 0, 0.594939, 0.0127039, 0, 0, 0, 0, 0, 0.607642, 0, 0, 99.99, 0.977, 0.112873, 293.603
6799, 0, 0.589166, 0.0178127, 0, 0, 0, 0, 0, 0.606978, 0, 0, 99.99, 0.977, 0.112816, 293.545
6800, 0, 0.584084, 0.0223401, 0, 0, 0, 0, 0, 0.606424, 0, 0, 99.99, 0.977, 0.112752, 293.495
6801, 0, 0.580336, 0.0257316, 0, 0, 0, 0, 0, 0.606067, 0, 0, 99.99, 0.977, 0.112678, 293.458
6802, 0, 0.57738, 0.0284512, 0, 0, 0, 0, 0, 0.605831, 0, 0, 99.99, 0.977, 0.112587, 293.428
6803, 0, 0.572557, 0.0327856, 0, 0, 0, 0, 0, 0.605343, 0, 0, 99.99, 0.977, 0.112496, 293.382
6804, 0, 0.566441, 0.0382391, 0, 0, 0, 0, 0, 0.60468, 0, 0, 99.99, 0.977, 0.112413, 293.325
6805, 0, 0.562408, 0.0418982, 0, 0, 0, 0, 0, 0.604306, 0, 0, 99.99, 0.977, 0.112307, 293.286
6806, 0, 0.559711, 0.0444108, 0, 0, 0, 0, 0, 0.604121, 0, 0, 99.99, 0.977, 0.112215, 293.261
6807, 0, 0.556116, 0.0477072, 0, 0, 0, 0, 0, 0.603823, 0, 0, 99.99, 0.977, 0.11219, 293.227
6808, 0, 0.552648, 0.0508951, 0, 0, 0, 0, 0, 0.603544, 0, 0, 99.99, 0.977, 0.112181, 293.195
6809, 0, 0.551143, 0.0523778, 0, 0, 0, 0, 0, 0.603521, 0, 0, 99.99, 0.977, 0.11213, 293.181
6810, 0, 0.551752, 0.0520223, 0, 0, 0, 0, 0, 0.603774, 0, 0, 99.99, 0.977, 0.112061, 293.184
6811, 0, 0.554119, 0.0501401, 0, 0, 0, 0, 0, 0.604259, 0, 0, 99.99, 0.977, 0.111989, 293.204
6812, 0, 0.560071, 0.045159, 0, 0, 0, 0, 0, 0.60523, 0, 0, 99.99, 0.977, 0.111906, 293.256
6813, 0, 0.569509, 0.037168, 0, 0, 0, 0, 0, 0.606677, 0, 0, 99.99, 0.977, 0.111842, 293.34
6814, 0, 0.573826, 0.0336032, 0, 0, 0, 0, 0, 0.607429, 0, 0, 99.99, 0.977, 0.111801, 293.377
6815, 0, 0.570186, 0.0369101, 0, 0, 0, 0, 0, 0.607096, 0, 0, 99.99, 0.977, 0.11174, 293.342
6816, 0, 0.56866, 0.0383926, 0, 0, 0, 0, 0, 0.607053, 0, 0, 99.99, 0.977, 0.111669, 293.326
6817, 0, 0.573793, 0.034129, 0, 0, 0, 0, 0, 0.607922, 0, 0, 99.99, 0.977, 0.111608, 293.371
6818, 0, 0.579041, 0.0297649, 0, 0, 0, 0, 0, 0.608806, 0, 0, 99.99, 0.977, 0.111536, 293.417
6819, 0, 0.581022, 0.0282211, 0, 0, 0, 0, 0, 0.609243, 0, 0, 99.99, 0.977, 0.11144, 293.433
6820, 0, 0.584025, 0.0258049, 0, 0, 0, 0, 0, 0.60983, 0, 0, 99.99, 0.977, 0.111336, 293.459
6821, 0, 0.589672, 0.021123, 0, 0, 0, 0, 0, 0.610795, 0, 0, 99.99, 0.977, 0.111255, 293.511
6822, 0, 0.59633, 0.0155832, 0, 0, 0, 0, 0, 0.611913, 0, 0, 99.99, 0.977, 0.111144, 293.572
6823, 0, 0.60272, 0.0102841, 0, 0, 0, 0, 0, 0.613004, 0, 0, 99.99, 0.977, 0.110839, 293.632
6824, 0, 0.608111, 0.00584949, 0, 0, 0, 0, 0, 0.61396, 0, 0, 99.99, 0.977, 0.109985, 293.682
6825, 0, 0.611947, 0.00274673, 0, 0, 0, 0, 0, 0.614694, 0, 0, 99.99, 0.977, 0.108496, 293.718
6826, 0, 0.613815, 0.00132304, 0, 0, 0, 0, 0, 0.615138, 0, 0, 99.99, 0.977, 0.107844, 293.735
6827, 0, 0.613527, 0.00173618, 0, 0, 0, 0, 0, 0.615263, 0, 0, 99.99, 0.977, 0.108929, 293.73
6828, 0, 0.611167, 0.00391495, 0, 0, 0, 0, 0, 0.615082, 0, 0, 99.99, 0.977, 0.110146, 293.705
6829, 0, 0.607032, 0.00761012, 0, 0, 0, 0, 0, 0.614643, 0, 0, 99.99, 0.977, 0.110612, 293.662
6830, 0, 0.601576, 0.0124424, 0, 0, 0, 0, 0, 0.614019, 0, 0, 99.99, 0.977, 0.110691, 293.608
6831, 0, 0.595349, 0.0179466, 0, 0, 0, 0, 0, 0.613295, 0, 0, 99.99, 0.977, 0.110661, 293.547
6832, 0, 0.588909, 0.0236465, 0, 0, 0, 0, 0, 0.612555, 0, 0, 99.99, 0.977, 0.110601, 293.484
6833, 0, 0.582739, 0.0291285, 0, 0, 0, 0, 0, 0.611867, 0, 0, 99.99, 0.977, 0.110536, 293.425
6834, 0, 0.577215, 0.0340654, 0, 0, 0, 0, 0, 0.611281, 0, 0, 99.99, 0.977, 0.110464, 293.373
6835, 0, 0.572712, 0.0381301, 0, 0, 0, 0, 0, 0.610842, 0, 0, 99.99, 0.977, 0.110369, 293.331
6836, 0, 0.569506, 0.0410772, 0, 0, 0, 0, 0, 0.610584, 0, 0, 99.99, 0.977, 0.110289, 293.3
6837, 0, 0.567291, 0.0431701, 0, 0, 0, 0, 0, 0.610461, 0, 0, 99.99, 0.977, 0.110263, 293.279
6838, 0, 0.565476, 0.0449177, 0, 0, 0, 0, 0, 0.610394, 0, 0, 99.99, 0.977, 0.110261, 293.262
6839, 0, 0.564129, 0.0462596, 0, 0, 0, 0, 0, 0.610389, 0, 0, 99.99, 0.977, 0.110236, 293.248
6840, 0, 0.563606, 0.0468862, 0, 0, 0, 0, 0, 0.610492, 0, 0, 99.99, 0.977, 0.110183, 293.242
6841, 0, 0.563493, 0.047156, 0, 0, 0, 0, 0, 0.610649, 0, 0, 99.99, 0.977, 0.110116, 293.24
6842, 0, 0.564184, 0.0467273, 0, 0, 0, 0, 0, 0.610911, 0, 0, 99.99, 0.977, 0.110039, 293.244
6843, 0, 0.567253, 0.0442372, 0, 0, 0, 0, 0, 0.61149, 0, 0, 99.99, 0.977, 0.10994, 293.27
6844, 0, 0.573096, 0.0393469, 0, 0, 0, 0, 0, 0.612442, 0, 0, 99.99, 0.977, 0.109851, 293.32
6845, 0, 0.578265, 0.0350394, 0, 0, 0, 0, 0, 0.613304, 0, 0, 99.99, 0.977, 0.109818, 293.365
6846, 0, 0.580272, 0.0334677, 0, 0, 0, 0, 0, 0.61374, 0, 0, 99.99, 0.977, 0.109796, 293.381
6847, 0, 0.582677, 0.0315583, 0, 0, 0, 0, 0, 0.614235, 0, 0, 99.99, 0.977, 0.109748, 293.401
6848, 0, 0.587632, 0.0274545, 0, 0, 0, 0, 0, 0.615087, 0, 0, 99.99, 0.977, 0.109683, 293.445
6849, 0, 0.594343, 0.0218501, 0, 0, 0, 0, 0, 0.616193, 0, 0, 99.99, 0.977, 0.109604, 293.506
6850, 0, 0.602026, 0.0154235, 0, 0, 0, 0, 0, 0.61745, 0, 0, 99.99, 0.977, 0.109522, 293.576
6851, 0, 0.609545, 0.00915346, 0, 0, 0, 0, 0, 0.618698, 0, 0, 99.99, 0.977, 0.109462, 293.646
6852, 0, 0.615058, 0.00460812, 0, 0, 0, 0, 0, 0.619666, 0, 0, 99.99, 0.977, 0.109403, 293.697
6853, 0, 0.617174, 0.00296782, 0, 0, 0, 0, 0, 0.620141, 0, 0, 99.99, 0.977, 0.109308, 293.716
6854, 0, 0.616665, 0.00356719, 0, 0, 0, 0, 0, 0.620232, 0, 0, 99.99, 0.977, 0.109213, 293.709
6855, 0, 0.616363, 0.00399059, 0, 0, 0, 0, 0, 0.620354, 0, 0, 99.99, 0.977, 0.10917, 293.704
6856, 0, 0.617718, 0.00300171, 0, 0, 0, 0, 0, 0.62072, 0, 0, 99.99, 0.977, 0.109151, 293.716
6857, 0, 0.619384, 0.00174781, 0, 0, 0, 0, 0, 0.621132, 0, 0, 99.99, 0.977, 0.109101, 293.73
6858, 0, 0.61967, 0.00167029, 0, 0, 0, 0, 0, 0.62134, 0, 0, 99.99, 0.977, 0.109017, 293.731
6859, 0, 0.618759, 0.00261248, 0, 0, 0, 0, 0, 0.621371, 0, 0, 99.99, 0.977, 0.108929, 293.72
6860, 0, 0.618187, 0.00326539, 0, 0, 0, 0, 0, 0.621453, 0, 0, 99.99, 0.977, 0.108871, 293.712
6861, 0, 0.618856, 0.00286111, 0, 0, 0, 0, 0, 0.621718, 0, 0, 99.99, 0.977, 0.108834, 293.717
6862, 0, 0.620328, 0.00177221, 0, 0, 0, 0, 0, 0.622101, 0, 0, 99.99, 0.977, 0.108791, 293.73
6863, 0, 0.621673, 0.000792338, 0, 0, 0, 0, 0, 0.622465, 0, 0, 99.99, 0.977, 0.108738, 293.741
6864, 0, 0.622383, 0.000353088, 0, 0, 0, 0, 0, 0.622736, 0, 0, 99.99, 0.977, 0.108666, 293.746
6865, 0, 0.622471, 0.00044378, 0, 0, 0, 0, 0, 0.622914, 0, 0, 99.99, 0.977, 0.10856, 293.745
6866, 0, 0.621852, 0.00113656, 0, 0, 0, 0, 0, 0.622989, 0, 0, 99.99, 0.977, 0.108445, 293.737
6867, 0, 0.620348, 0.00258473, 0, 0, 0, 0, 0, 0.622932, 0, 0, 99.99, 0.977, 0.108382, 293.72
6868, 0, 0.618465, 0.00435629, 0, 0, 0, 0, 0, 0.622821, 0, 0, 99.99, 0.977, 0.108373, 293.7
6869, 0, 0.617494, 0.00535044, 0, 0, 0, 0, 0, 0.622844, 0, 0, 99.99, 0.977, 0.108358, 293.689
6870, 0, 0.618387, 0.00475456, 0, 0, 0, 0, 0, 0.623141, 0, 0, 99.99, 0.977, 0.108314, 293.696
6871, 0, 0.619621, 0.00386777, 0, 0, 0, 0, 0, 0.623489, 0, 0, 99.99, 0.977, 0.108252, 293.706
6872, 0, 0.618264, 0.00519339, 0, 0, 0, 0, 0, 0.623458, 0, 0, 99.99, 0.977, 0.108178, 293.691
6873, 0, 0.615245, 0.00793876, 0, 0, 0, 0, 0, 0.623184, 0, 0, 99.99, 0.977, 0.108104, 293.66
6874, 0, 0.613894, 0.00926088, 0, 0, 0, 0, 0, 0.623155, 0, 0, 99.99, 0.977, 0.108043, 293.646
6875, 0, 0.612035, 0.0110249, 0, 0, 0, 0, 0, 0.62306, 0, 0, 99.99, 0.977, 0.107974, 293.627
6876, 0, 0.605605, 0.0167145, 0, 0, 0, 0, 0, 0.622319, 0, 0, 99.99, 0.977, 0.107899, 293.565
6877, 0, 0.596598, 0.0246288, 0, 0, 0, 0, 0, 0.621227, 0, 0, 99.99, 0.977, 0.107849, 293.48
6878, 0, 0.588739, 0.031571, 0, 0, 0, 0, 0, 0.62031, 0, 0, 99.99, 0.977, 0.107807, 293.406
6879, 0, 0.584614, 0.0353002, 0, 0, 0, 0, 0, 0.619914, 0, 0, 99.99, 0.977, 0.107747, 293.367
6880, 0, 0.583774, 0.0361993, 0, 0, 0, 0, 0, 0.619974, 0, 0, 99.99, 0.977, 0.107667, 293.358
6881, 0, 0.581338, 0.0384855, 0, 0, 0, 0, 0, 0.619823, 0, 0, 99.99, 0.977, 0.107596, 293.336
6882, 0, 0.577284, 0.0421682, 0, 0, 0, 0, 0, 0.619452, 0, 0, 99.99, 0.977, 0.107537, 293.298
6883, 0, 0.578227, 0.041518, 0, 0, 0, 0, 0, 0.619745, 0, 0, 99.99, 0.977, 0.107429, 293.305
6884, 0, 0.586463, 0.034561, 0, 0, 0, 0, 0, 0.621024, 0, 0, 99.99, 0.977, 0.107145, 293.377
6885, 0, 0.59928, 0.0236713, 0, 0, 0, 0, 0, 0.622952, 0, 0, 99.99, 0.977, 0.106747, 293.492
6886, 0, 0.611248, 0.0135436, 0, 0, 0, 0, 0, 0.624792, 0, 0, 99.99, 0.977, 0.106715, 293.601
6887, 0, 0.614089, 0.0112733, 0, 0, 0, 0, 0, 0.625363, 0, 0, 99.99, 0.977, 0.10699, 293.626
6888, 0, 0.604058, 0.0200779, 0, 0, 0, 0, 0, 0.624136, 0, 0, 99.99, 0.977, 0.107121, 293.532
6889, 0, 0.587467, 0.0345653, 0, 0, 0, 0, 0, 0.622032, 0, 0, 99.99, 0.977, 0.107114, 293.38
6890, 0, 0.572787, 0.0474547, 0, 0, 0, 0, 0, 0.620242, 0, 0, 99.99, 0.977, 0.107075, 293.249
6891, 0, 0.563384, 0.0558087, 0, 0, 0, 0, 0, 0.619193, 0, 0, 99.99, 0.977, 0.107015, 293.167
6892, 0, 0.560068, 0.0588797, 0, 0, 0, 0, 0, 0.618948, 0, 0, 99.99, 0.977, 0.106935, 293.138
6893, 0, 0.563393, 0.056159, 0, 0, 0, 0, 0, 0.619552, 0, 0, 99.99, 0.977, 0.106857, 293.165
6894, 0, 0.566211, 0.0538772, 0, 0, 0, 0, 0, 0.620088, 0, 0, 99.99, 0.977, 0.106798, 293.188
6895, 0, 0.560891, 0.0586923, 0, 0, 0, 0, 0, 0.619583, 0, 0, 99.99, 0.977, 0.106744, 293.142
6896, 0, 0.55472, 0.0642485, 0, 0, 0, 0, 0, 0.618969, 0, 0, 99.99, 0.977, 0.106683, 293.088
6897, 0, 0.555072, 0.0641036, 0, 0, 0, 0, 0, 0.619175, 0, 0, 99.99, 0.977, 0.106619, 293.089
6898, 0, 0.560776, 0.0592763, 0, 0, 0, 0, 0, 0.620053, 0, 0, 99.99, 0.977, 0.106546, 293.135
6899, 0, 0.568042, 0.0530919, 0, 0, 0, 0, 0, 0.621134, 0, 0, 99.99, 0.977, 0.106478, 293.194
6900, 0, 0.575334, 0.0469044, 0, 0, 0, 0, 0, 0.622238, 0, 0, 99.99, 0.977, 0.10643, 293.255
6901, 0, 0.584298, 0.0392872, 0, 0, 0, 0, 0, 0.623585, 0, 0, 99.99, 0.977, 0.106383, 293.331
6902, 0, 0.595033, 0.0301597, 0, 0, 0, 0, 0, 0.625193, 0, 0, 99.99, 0.977, 0.106325, 293.425
6903, 0, 0.606039, 0.0208307, 0, 0, 0, 0, 0, 0.62687, 0, 0, 99.99, 0.977, 0.106276, 293.523
6904, 0, 0.616048, 0.012391, 0, 0, 0, 0, 0, 0.628439, 0, 0, 99.99, 0.977, 0.10623, 293.613
6905, 0, 0.623657, 0.00603177, 0, 0, 0, 0, 0, 0.629689, 0, 0, 99.99, 0.977, 0.106176, 293.683
6906, 0, 0.627491, 0.00291442, 0, 0, 0, 0, 0, 0.630406, 0, 0, 99.99, 0.977, 0.106115, 293.717
6907, 0, 0.626802, 0.0036682, 0, 0, 0, 0, 0, 0.63047, 0, 0, 99.99, 0.977, 0.10604, 293.709
6908, 0, 0.621783, 0.00813175, 0, 0, 0, 0, 0, 0.629914, 0, 0, 99.99, 0.977, 0.105963, 293.66
6909, 0, 0.613528, 0.0153815, 0, 0, 0, 0, 0, 0.628909, 0, 0, 99.99, 0.977, 0.105909, 293.581
6910, 0, 0.604118, 0.0236438, 0, 0, 0, 0, 0, 0.627761, 0, 0, 99.99, 0.977, 0.105855, 293.493
6911, 0, 0.597321, 0.0296721, 0, 0, 0, 0, 0, 0.626993, 0, 0, 99.99, 0.977, 0.105774, 293.43
6912, 0, 0.597251, 0.0299056, 0, 0, 0, 0, 0, 0.627156, 0, 0, 99.99, 0.977, 0.105684, 293.428
6913, 0, 0.599815, 0.0278786, 0, 0, 0, 0, 0, 0.627694, 0, 0, 99.99, 0.977, 0.105619, 293.451
6914, 0, 0.592126, 0.0347388, 0, 0, 0, 0, 0, 0.626865, 0, 0, 99.99, 0.977, 0.105586, 293.384
6915, 0, 0.573487, 0.0511243, 0, 0, 0, 0, 0, 0.624611, 0, 0, 99.99, 0.977, 0.10555, 293.223
6916, 0, 0.55575, 0.0667851, 0, 0, 0, 0, 0, 0.622536, 0, 0, 99.99, 0.977, 0.105492, 293.073
6917, 1.47417e-42, 0.54645, 0.0751174, 0, 0, 0, 0, 0, 0.621568, 1.5134e-43, 0, 96.3205, 0.977, 0.10542, 292.996
6918, 2.04906e-40, 0.549413, 0.0727173, 0, 0, 0, 0, 0, 0.62213, 2.13824e-41, 0, 91.386, 0.977, 0.105339, 293.021
6919, 1.09337e-38, 0.561931, 0.0619553, 0, 0, 0, 0, 0, 0.623886, 1.14592e-39, 0, 87.409, 0.977, 0.105261, 293.125
6920, 3.00425e-37, 0.563959, 0.0603894, 0, 0, 0, 0, 0, 0.624348, 3.15338e-38, 0, 84.0956, 0.977, 0.105205, 293.143
6921, 4.57357e-36, 0.545658, 0.0766483, 0, 0, 0, 0, 0, 0.622306, 4.80219e-37, 0, 81.3728, 0.977, 0.105168, 292.995
6922, 3.96164e-35, 0.525348, 0.0947191, 0, 0, 0, 0, 0, 0.620067, 4.15908e-36, 0, 79.2138, 0.977, 0.105124, 292.834
6923, 2.06446e-34, 0.514044, 0.104912, 0, 0, 0, 0, 0, 0.618956, 2.16645e-35, 0, 77.563, 0.977, 0.105073, 292.747
6924, 7.50004e-34, 0.508828, 0.109737, 0, 0, 0, 0, 0, 0.618565, 7.86526e-35, 0, 76.273, 0.977, 0.105021, 292.709
6925, 2.22889e-33, 0.506216, 0.112248, 0, 0, 0, 0, 0, 0.618464, 2.33596e-34, 0, 75.1838, 0.977, 0.104946, 292.689
6926, 5.09727e-33, 0.50457, 0.113897, 0, 0, 0, 0, 0, 0.618467, 5.34063e-34, 0, 74.3566, 0.977, 0.104861, 292.677
6927, 7.68456e-33, 0.503766, 0.114792, 0, 0, 0, 0, 0, 0.618558, 8.05054e-34, 0, 73.9461, 0.977, 0.104806, 292.671
6928, 7.04677e-33, 0.505208, 0.113681, 0, 0, 0, 0, 0, 0.618889, 7.38156e-34, 0, 74.0327, 0.977, 0.104765, 292.68
6929, 3.75799e-33, 0.512185, 0.10765, 0, 0, 0, 0, 0, 0.619835, 3.93608e-34, 0, 74.6614, 0.977, 0.104704, 292.731
6930, 1.1574e-33, 0.525151, 0.096317, 0, 0, 0, 0, 0, 0.621468, 1.21201e-34, 0, 75.8391, 0.977, 0.104636, 292.827
6931, 4.39104e-34, 0.530717, 0.091546, 0, 0, 0, 0, 0, 0.622263, 4.59052e-35, 0, 76.8083, 0.977, 0.104572, 292.867
6932, 9.65183e-34, 0.521152, 0.100191, 0, 0, 0, 0, 0, 0.621343, 1.00796e-34, 0, 76.0207, 0.977, 0.104506, 292.793
6933, 1.83509e-33, 0.510916, 0.109447, 0, 0, 0, 0, 0, 0.620363, 1.91642e-34, 0, 75.3782, 0.977, 0.104457, 292.716
6934, 1.90674e-33, 0.508559, 0.11171, 0, 0, 0, 0, 0, 0.620269, 1.9912e-34, 0, 75.3399, 0.977, 0.10442, 292.697
6935, 1.09951e-33, 0.513069, 0.107862, 0, 0, 0, 0, 0, 0.620932, 1.14808e-34, 0, 75.8904, 0.977, 0.104372, 292.729
6936, 3.56026e-34, 0.525357, 0.0971237, 0, 0, 0, 0, 0, 0.62248, 3.71695e-35, 0, 77.0181, 0.977, 0.104311, 292.819
6937, 6.40105e-35, 0.541862, 0.0826852, 0, 0, 0, 0, 0, 0.624547, 6.68146e-36, 0, 78.734, 0.977, 0.104245, 292.944
6938, 6.21192e-36, 0.547933, 0.0774869, 0, 0, 0, 0, 0, 0.62542, 6.48096e-37, 0, 81.0666, 0.977, 0.104174, 292.989
6939, 3.17208e-37, 0.539667, 0.0849327, 0, 0, 0, 0, 0, 0.624599, 3.27156e-38, 0, 84.0413, 0.977, 0.104091, 292.922
6940, 1.16218e-38, 0.534505, 0.0896252, 0, 0, 0, 0, 0, 0.624131, 8.28476e-40, 0, 87.3479, 0.977, 0.103993, 292.879
6941, 1.78798e-39, 0.538611, 0.086138, 0, 0, 0, 0, 0, 0.624749, 1.01776e-41, 0, 89.2197, 0.977, 0.103896, 292.907
6942, 3.52676e-40, 0.541602, 0.083648, 0, 0, 0, 0, 0, 0.62525, 6.02558e-44, 0, 90.843, 0.977, 0.103802, 292.928
6943, 3.33537e-41, 0.54127, 0.0841048, 0, 0, 0, 0, 0, 0.625375, 0, 0, 93.2014, 0.977, 0.103666, 292.924
6944, 1.46296e-42, 0.543803, 0.0820306, 0, 0, 0, 0, 0, 0.625834, 0, 0, 96.3281, 0.977, 0.103357, 292.942
6945, 3.50325e-44, 0.549506, 0.0771582, 0, 0, 0, 0, 0, 0.626664, 0, 0, 99.99, 0.977, 0.102471, 292.984
6946, 0, 0.5552, 0.0723002, 0, 0, 0, 0, 0, 0.627501, 0, 0, 99.99, 0.977, 0.101049, 293.027
6947, 0, 0.560623, 0.0676944, 0, 0, 0, 0, 0, 0.628317, 0, 0, 99.99, 0.977, 0.100647, 293.069
6948, 0, 0.567041, 0.062225, 0, 0, 0, 0, 0, 0.629266, 0, 0, 99.99, 0.977, 0.101799, 293.119
6949, 0, 0.574589, 0.0557796, 0, 0, 0, 0, 0, 0.630368, 0, 0, 99.99, 0.977, 0.102866, 293.179
6950, 0, 0.582675, 0.0488796, 0, 0, 0, 0, 0, 0.631555, 0, 0, 99.99, 0.977, 0.103221, 293.245
6951, 0, 0.590815, 0.0419523, 0, 0, 0, 0, 0, 0.632768, 0, 0, 99.99, 0.977, 0.103275, 293.312
6952, 0, 0.59892, 0.0350763, 0, 0, 0, 0, 0, 0.633997, 0, 0, 99.99, 0.977, 0.10327, 293.38
6953, 0, 0.606936, 0.0282971, 0, 0, 0, 0, 0, 0.635233, 0, 0, 99.99, 0.977, 0.103253, 293.449
6954, 0, 0.614641, 0.0218045, 0, 0, 0, 0, 0, 0.636446, 0, 0, 99.99, 0.977, 0.103217, 293.516
6955, 0, 0.621771, 0.0158239, 0, 0, 0, 0, 0, 0.637595, 0, 0, 99.99, 0.977, 0.103167, 293.579
6956, 0, 0.628076, 0.0105662, 0, 0, 0, 0, 0, 0.638643, 0, 0, 99.99, 0.977, 0.103112, 293.635
6957, 0, 0.633325, 0.00622525, 0, 0, 0, 0, 0, 0.63955, 0, 0, 99.99, 0.977, 0.103051, 293.682
6958, 0, 0.637255, 0.00301999, 0, 0, 0, 0, 0, 0.640275, 0, 0, 99.99, 0.977, 0.102996, 293.717
6959, 0, 0.639623, 0.00115485, 0, 0, 0, 0, 0, 0.640778, 0, 0, 99.99, 0.977, 0.10294, 293.737
6960, 0, 0.640551, 0.000522656, 0, 0, 0, 0, 0, 0.641073, 0, 0, 99.99, 0.977, 0.102873, 293.744
6961, 0, 0.640369, 0.000838758, 0, 0, 0, 0, 0, 0.641208, 0, 0, 99.99, 0.977, 0.1028, 293.741
6962, 0, 0.638946, 0.00221785, 0, 0, 0, 0, 0, 0.641164, 0, 0, 99.99, 0.977, 0.102746, 293.726
6963, 0, 0.636474, 0.00449495, 0, 0, 0, 0, 0, 0.640969, 0, 0, 99.99, 0.977, 0.102716, 293.701
6964, 0, 0.634529, 0.00632196, 0, 0, 0, 0, 0, 0.640851, 0, 0, 99.99, 0.977, 0.102675, 293.681
6965, 0, 0.633254, 0.00758001, 0, 0, 0, 0, 0, 0.640834, 0, 0, 99.99, 0.977, 0.102608, 293.667
6966, 0, 0.62883, 0.0115484, 0, 0, 0, 0, 0, 0.640378, 0, 0, 99.99, 0.977, 0.102534, 293.626
6967, 0, 0.619827, 0.019464, 0, 0, 0, 0, 0, 0.639291, 0, 0, 99.99, 0.977, 0.102476, 293.543
6968, 0, 0.609855, 0.0282348, 0, 0, 0, 0, 0, 0.63809, 0, 0, 99.99, 0.977, 0.102426, 293.452
6969, 0, 0.601455, 0.035672, 0, 0, 0, 0, 0, 0.637128, 0, 0, 99.99, 0.977, 0.102376, 293.377
6970, 0, 0.59499, 0.0414525, 0, 0, 0, 0, 0, 0.636443, 0, 0, 99.99, 0.977, 0.102329, 293.32
6971, 0, 0.590932, 0.0451551, 0, 0, 0, 0, 0, 0.636087, 0, 0, 99.99, 0.977, 0.102274, 293.284
6972, 0, 0.589275, 0.0467735, 0, 0, 0, 0, 0, 0.636048, 0, 0, 99.99, 0.977, 0.102201, 293.27
6973, 0, 0.589979, 0.0463318, 0, 0, 0, 0, 0, 0.636311, 0, 0, 99.99, 0.977, 0.102102, 293.275
6974, 0, 0.597444, 0.0400168, 0, 0, 0, 0, 0, 0.63746, 0, 0, 99.99, 0.977, 0.102022, 293.338
6975, 0, 0.611052, 0.0283793, 0, 0, 0, 0, 0, 0.639431, 0, 0, 99.99, 0.977, 0.101998, 293.454
6976, 0, 0.621982, 0.0190794, 0, 0, 0, 0, 0, 0.641061, 0, 0, 99.99, 0.977, 0.10198, 293.548
6977, 0, 0.624718, 0.0168894, 0, 0, 0, 0, 0, 0.641608, 0, 0, 99.99, 0.977, 0.101935, 293.572
6978, 0, 0.614159, 0.0262128, 0, 0, 0, 0, 0, 0.640372, 0, 0, 99.99, 0.977, 0.101879, 293.479
6979, 0, 0.594073, 0.0438156, 0, 0, 0, 0, 0, 0.637889, 0, 0, 99.99, 0.977, 0.101823, 293.305
6980, 0, 0.578806, 0.0572692, 0, 0, 0, 0, 0, 0.636075, 0, 0, 99.99, 0.977, 0.101763, 293.174
6981, 0, 0.577428, 0.0586399, 0, 0, 0, 0, 0, 0.636068, 0, 0, 99.99, 0.977, 0.101694, 293.161
6982, 0, 0.590343, 0.0475603, 0, 0, 0, 0, 0, 0.637903, 0, 0, 99.99, 0.977, 0.101624, 293.269
6983, 0, 0.605499, 0.0345397, 0, 0, 0, 0, 0, 0.640038, 0, 0, 99.99, 0.977, 0.101565, 293.397
6984, 0, 0.604682, 0.0353998, 0, 0, 0, 0, 0, 0.640082, 0, 0, 99.99, 0.977, 0.101523, 293.387
6985, 0, 0.59204, 0.0465369, 0, 0, 0, 0, 0, 0.638577, 0, 0, 99.99, 0.977, 0.10148, 293.277
6986, 0, 0.584699, 0.0530744, 0, 0, 0, 0, 0, 0.637773, 0, 0, 99.99, 0.977, 0.101426, 293.212
6987, 0, 0.58656, 0.0516067, 0, 0, 0, 0, 0, 0.638166, 0, 0, 99.99, 0.977, 0.101361, 293.226
6988, 0, 0.59467, 0.0447031, 0, 0, 0, 0, 0, 0.639374, 0, 0, 99.99, 0.977, 0.101287, 293.293
6989, 0, 0.606682, 0.0344263, 0, 0, 0, 0, 0, 0.641109, 0, 0, 99.99, 0.977, 0.10122, 293.394
6990, 0, 0.619093, 0.023833, 0, 0, 0, 0, 0, 0.642926, 0, 0, 99.99, 0.977, 0.10117, 293.5
6991, 0, 0.629985, 0.0145916, 0, 0, 0, 0, 0, 0.644576, 0, 0, 99.99, 0.977, 0.101118, 293.595
6992, 0, 0.63862, 0.00732131, 0, 0, 0, 0, 0, 0.645941, 0, 0, 99.99, 0.977, 0.101056, 293.672
6993, 0, 0.643071, 0.00365805, 0, 0, 0, 0, 0, 0.646729, 0, 0, 99.99, 0.977, 0.100987, 293.71
6994, 0, 0.641955, 0.00477633, 0, 0, 0, 0, 0, 0.646732, 0, 0, 99.99, 0.977, 0.100917, 293.699
6995, 0, 0.635467, 0.0105161, 0, 0, 0, 0, 0, 0.645983, 0, 0, 99.99, 0.977, 0.100869, 293.638
6996, 0, 0.625044, 0.019662, 0, 0, 0, 0, 0, 0.644706, 0, 0, 99.99, 0.977, 0.100834, 293.543
6997, 0, 0.613085, 0.0301655, 0, 0, 0, 0, 0, 0.64325, 0, 0, 99.99, 0.977, 0.100785, 293.437
6998, 0, 0.602807, 0.0392433, 0, 0, 0, 0, 0, 0.642051, 0, 0, 99.99, 0.977, 0.100725, 293.346
6999, 0, 0.598502, 0.0431551, 0, 0, 0, 0, 0, 0.641657, 0, 0, 99.99, 0.977, 0.100665, 293.309
7000, 0, 0.604405, 0.0382083, 0, 0, 0, 0, 0, 0.642613, 0, 0, 99.99, 0.977002, 0.100606, 293.359
7001, 9.10844e-44, 0.613984, 0.0300801, 0, 0, 0, 0, 0, 0.644064, 0, 0, 99.1045, 0.977004, 0.100557, 293.441
7002, 3.24681e-42, 0.608537, 0.0350205, 0, 0, 0, 0, 0, 0.643557, 5.74532e-44, 0, 95.5309, 0.977008, 0.100506, 293.396
7003, 7.57472e-41, 0.585465, 0.0553376, 0, 0, 0, 0, 0, 0.640802, 4.11842e-42, 0, 92.3812, 0.977012, 0.100442, 293.205
7004, 1.64332e-39, 0.561805, 0.0762509, 0, 0, 0, 0, 0, 0.638056, 1.44379e-40, 0, 89.3041, 0.977016, 0.100375, 293.013
7005, 2.26448e-38, 0.547678, 0.0888739, 0, 0, 0, 0, 0, 0.636552, 2.21152e-39, 0, 86.6809, 0.97702, 0.100316, 292.903
7006, 1.49713e-37, 0.541724, 0.0943181, 0, 0, 0, 0, 0, 0.636042, 1.49054e-38, 0, 84.7921, 0.977024, 0.100255, 292.857
7007, 4.44334e-37, 0.539695, 0.0963016, 0, 0, 0, 0, 0, 0.635997, 4.44178e-38, 0, 83.7042, 0.977028, 0.100195, 292.842
7008, 5.85903e-37, 0.543074, 0.0935108, 0, 0, 0, 0, 0, 0.636585, 5.86652e-38, 0, 83.4277, 0.977032, 0.100155, 292.869
7009, 3.4429e-37, 0.552401, 0.0854485, 0, 0, 0, 0, 0, 0.63785, 3.45145e-38, 0, 83.9593, 0.977036, 0.100118, 292.94
7010, 9.8257e-38, 0.55487, 0.0834109, 0, 0, 0, 0, 0, 0.638281, 9.83371e-39, 0, 85.2132, 0.97704, 0.100064, 292.956
7011, 2.94394e-38, 0.548635, 0.0890533, 0, 0, 0, 0, 0, 0.637688, 2.89391e-39, 0, 86.4185, 0.977044, 0.100001, 292.905
7012, 1.69783e-38, 0.547409, 0.0902798, 0, 0, 0, 0, 0, 0.637688, 1.64588e-39, 0, 86.9689, 0.977048, 0.0999445, 292.893
7013, 6.04321e-39, 0.552038, 0.086333, 0, 0, 0, 0, 0, 0.638371, 5.80167e-40, 0, 88.0019, 0.977052, 0.0998953, 292.926
7014, 9.46078e-40, 0.554562, 0.0842538, 0, 0, 0, 0, 0, 0.638816, 8.93174e-41, 0, 89.8562, 0.977056, 0.0998422, 292.943
7015, 6.37717e-41, 0.557183, 0.0820929, 0, 0, 0, 0, 0, 0.639276, 5.81959e-42, 0, 92.5533, 0.97706, 0.0997789, 292.961
7016, 1.98984e-42, 0.565932, 0.0745359, 0, 0, 0, 0, 0, 0.640468, 1.59748e-43, 0, 96.0205, 0.977064, 0.0997113, 293.027
7017, 5.04467e-44, 0.580853, 0.0615833, 0, 0, 0, 0, 0, 0.642437, 1.4013e-45, 0, 99.6954, 0.977068, 0.0996597, 293.144
7018, 1.4013e-45, 0.598274, 0.0464951, 0, 0, 0, 0, 0, 0.644769, 0, 0, 99.99, 0.977072, 0.099616, 293.284
7019, 0, 0.614012, 0.0329388, 0, 0, 0, 0, 0, 0.646951, 0, 0, 99.99, 0.977076, 0.0995584, 293.413
7020, 0, 0.628254, 0.0207536, 0, 0, 0, 0, 0, 0.649008, 0, 0, 99.99, 0.97708, 0.0994916, 293.535
7021, 0, 0.640491, 0.0103494, 0, 0, 0, 0, 0, 0.65084, 0, 0, 99.99, 0.977084, 0.09943, 293.641
7022, 0, 0.647453, 0.00451167, 0, 0, 0, 0, 0, 0.651964, 0, 0, 99.99, 0.977088, 0.0993692, 293.702
7023, 0, 0.649269, 0.00310701, 0, 0, 0, 0, 0, 0.652376, 0, 0, 99.99, 0.977092, 0.0993126, 293.717
7024, 0, 0.647208, 0.00503859, 0, 0, 0, 0, 0, 0.652247, 0, 0, 99.99, 0.977096, 0.0992613, 293.696
7025, 0, 0.640044, 0.0113683, 0, 0, 0, 0, 0, 0.651412, 0, 0, 99.99, 0.9771, 0.099203, 293.631
7026, 0, 0.628133, 0.0218123, 0, 0, 0, 0, 0, 0.649946, 0, 0, 99.99, 0.977104, 0.0991395, 293.524
7027, 0, 0.614688, 0.0336213, 0, 0, 0, 0, 0, 0.648309, 0, 0, 99.99, 0.977108, 0.0990846, 293.406
7028, 0, 0.60285, 0.0440762, 0, 0, 0, 0, 0, 0.646927, 0, 0, 99.99, 0.977112, 0.0990399, 293.305
7029, 0, 0.593845, 0.0520977, 0, 0, 0, 0, 0, 0.645943, 0, 0, 99.99, 0.977116, 0.0989943, 293.229
7030, 0, 0.587761, 0.057585, 0, 0, 0, 0, 0, 0.645346, 0, 0, 99.99, 0.97712, 0.098947, 293.178
7031, 0, 0.58506, 0.0601155, 0, 0, 0, 0, 0, 0.645175, 0, 0, 99.99, 0.977124, 0.0988939, 293.155
7032, 0, 0.585904, 0.0595371, 0, 0, 0, 0, 0, 0.645441, 0, 0, 99.99, 0.977128, 0.0988333, 293.161
7033, 0, 0.589672, 0.0563962, 0, 0, 0, 0, 0, 0.646069, 0, 0, 99.99, 0.977132, 0.0987694, 293.19
7034, 0, 0.595434, 0.0515144, 0, 0, 0, 0, 0, 0.646949, 0, 0, 99.99, 0.977136, 0.0987091, 293.235
7035, 0, 0.602367, 0.0456213, 0, 0, 0, 0, 0, 0.647988, 0, 0, 99.99, 0.97714, 0.0986549, 293.291
7036, 0, 0.609546, 0.039523, 0, 0, 0, 0, 0, 0.649069, 0, 0, 99.99, 0.977144, 0.0986037, 293.349
7037, 0, 0.615646, 0.0343712, 0, 0, 0, 0, 0, 0.650017, 0, 0, 99.99, 0.977148, 0.0985532, 293.399
7038, 0, 0.621706, 0.0292677, 0, 0, 0, 0, 0, 0.650974, 0, 0, 99.99, 0.977152, 0.0984946, 293.449
7039, 0, 0.628751, 0.0233251, 0, 0, 0, 0, 0, 0.652076, 0, 0, 99.99, 0.977156, 0.0984348, 293.508
7040, 0, 0.635994, 0.0172239, 0, 0, 0, 0, 0, 0.653218, 0, 0, 99.99, 0.97716, 0.0983772, 293.57
7041, 0, 0.642644, 0.0116476, 0, 0, 0, 0, 0, 0.654291, 0, 0, 99.99, 0.977164, 0.0983155, 293.627
7042, 0, 0.64826, 0.00697225, 0, 0, 0, 0, 0, 0.655232, 0, 0, 99.99, 0.977168, 0.0982692, 293.676
7043, 0, 0.652493, 0.00349174, 0, 0, 0, 0, 0, 0.655985, 0, 0, 99.99, 0.977172, 0.0982335, 293.713
7044, 0, 0.655109, 0.00140313, 0, 0, 0, 0, 0, 0.656512, 0, 0, 99.99, 0.977176, 0.0981881, 293.735
7045, 0, 0.656187, 0.000634528, 0, 0, 0, 0, 0, 0.656822, 0, 0, 99.99, 0.97718, 0.0981351, 293.743
7046, 0, 0.656245, 0.000741415, 0, 0, 0, 0, 0, 0.656987, 0, 0, 99.99, 0.977184, 0.0980804, 293.742
7047, 0, 0.655706, 0.00136101, 0, 0, 0, 0, 0, 0.657067, 0, 0, 99.99, 0.977188, 0.098025, 293.735
7048, 0, 0.653966, 0.00301214, 0, 0, 0, 0, 0, 0.656978, 0, 0, 99.99, 0.977192, 0.0979656, 293.718
7049, 0, 0.650199, 0.00640625, 0, 0, 0, 0, 0, 0.656606, 0, 0, 99.99, 0.977196, 0.0978974, 293.682
7050, 0, 0.644944, 0.0110856, 0, 0, 0, 0, 0, 0.65603, 0, 0, 99.99, 0.9772, 0.0978283, 293.634
7051, 0, 0.640044, 0.0154646, 0, 0, 0, 0, 0, 0.655509, 0, 0, 99.99, 0.977204, 0.0977665, 293.588
7052, 0, 0.638116, 0.0172856, 0, 0, 0, 0, 0, 0.655401, 0, 0, 99.99, 0.977208, 0.0977046, 293.57
7053, 0, 0.64126, 0.0147346, 0, 0, 0, 0, 0, 0.655995, 0, 0, 99.99, 0.977212, 0.0976546, 293.596
7054, 0, 0.647926, 0.00915159, 0, 0, 0, 0, 0, 0.657078, 0, 0, 99.99, 0.977216, 0.0976193, 293.654
7055, 0, 0.652005, 0.00579916, 0, 0, 0, 0, 0, 0.657804, 0, 0, 99.99, 0.97722, 0.0975759, 293.689
7056, 0, 0.647981, 0.00943245, 0, 0, 0, 0, 0, 0.657413, 0, 0, 99.99, 0.977224, 0.097522, 293.652
7057, 0, 0.635918, 0.0200134, 0, 0, 0, 0, 0, 0.655931, 0, 0, 99.99, 0.977228, 0.0974689, 293.545
7058, 0, 0.622475, 0.0318101, 0, 0, 0, 0, 0, 0.654285, 0, 0, 99.99, 0.977232, 0.0974138, 293.428
7059, 0, 0.616398, 0.0372411, 0, 0, 0, 0, 0, 0.653639, 0, 0, 99.99, 0.977236, 0.0973496, 293.374
7060, 0, 0.622267, 0.0323151, 0, 0, 0, 0, 0, 0.654582, 0, 0, 99.99, 0.97724, 0.0972868, 293.423
7061, 0, 0.634384, 0.0219795, 0, 0, 0, 0, 0, 0.656363, 0, 0, 99.99, 0.977244, 0.097239, 293.527
7062, 0, 0.636333, 0.0204707, 0, 0, 0, 0, 0, 0.656804, 0, 0, 99.99, 0.977248, 0.0971899, 293.543
7063, 9.24857e-44, 0.619338, 0.0354296, 0, 0, 0, 0, 0, 0.654767, 8.40779e-45, 0, 99.0893, 0.977252, 0.0971323, 293.4
7064, 3.22985e-41, 0.594254, 0.0574982, 0, 0, 0, 0, 0, 0.651752, 3.11789e-42, 0, 93.2336, 0.977256, 0.0970775, 293.194
7065, 2.1017e-39, 0.576941, 0.0728487, 0, 0, 0, 0, 0, 0.64979, 2.03282e-40, 0, 89.0581, 0.97726, 0.0970303, 293.055
7066, 1.33237e-36, 0.576437, 0.0734731, 0, 0, 0, 0, 0, 0.64991, 1.28732e-37, 0, 82.6061, 0.977264, 0.0969805, 293.051
7067, 3.58279e-33, 0.586341, 0.0649528, 0, 0, 8.15556e-43, 0, 0, 0.651294, 3.46011e-34, 0, 74.7092, 0.977268, 0.0969194, 293.129
7068, 3.14806e-31, 0.584382, 0.0668886, 0, 0, 7.18908e-41, 0, 0, 0.651271, 3.04021e-32, 0, 70.2334, 0.977272, 0.0968565, 293.116
7069, 1.29204e-29, 0.56642, 0.0829212, 0, 0, 2.95797e-39, 0, 0, 0.649341, 1.24774e-30, 0, 66.5187, 0.977276, 0.0968036, 292.98
7070, 2.43908e-28, 0.549451, 0.0980977, 0, 0, 5.59199e-38, 0, 0, 0.647549, 2.35537e-29, 0, 63.5808, 0.97728, 0.0967542, 292.852
7071, 2.3014e-27, 0.535704, 0.110534, 0, 0, 5.27692e-37, 0, 0, 0.646238, 2.22212e-28, 0, 61.3363, 0.977284, 0.0966946, 292.755
7072, 1.40245e-26, 0.520559, 0.124303, 0, 0, 3.20939e-36, 0, 0, 0.644862, 1.35359e-27, 0, 59.529, 0.977288, 0.0966382, 292.653
7073, 7.35931e-26, 0.508917, 0.134955, 0, 0, 1.67883e-35, 0, 0, 0.643872, 7.0989e-27, 0, 57.8712, 0.977292, 0.096595, 292.577
7074, 2.8623e-25, 0.502582, 0.140848, 0, 0, 6.50771e-35, 0, 0, 0.64343, 2.75995e-26, 0, 56.513, 0.977296, 0.0965458, 292.536
7075, 6.5619e-25, 0.498663, 0.144568, 0, 0, 1.48543e-34, 0, 0, 0.643231, 6.32575e-26, 0, 55.6833, 0.9773, 0.0964845, 292.512
7076, 8.3778e-25, 0.497536, 0.145757, 0, 0, 1.88615e-34, 0, 0, 0.643293, 8.07502e-26, 0, 55.439, 0.977304, 0.0964305, 292.504
7077, 5.90116e-25, 0.500978, 0.142804, 0, 0, 1.31959e-34, 0, 0, 0.643782, 5.68724e-26, 0, 55.7895, 0.977308, 0.0963856, 292.525
7078, 2.2469e-25, 0.510084, 0.134744, 0, 0, 4.98687e-35, 0, 0, 0.644828, 2.16522e-26, 0, 56.7551, 0.977312, 0.0963336, 292.581
7079, 4.54765e-26, 0.528067, 0.11877, 0, 0, 1.00464e-35, 0, 0, 0.646837, 4.38185e-27, 0, 58.3526, 0.977316, 0.096274, 292.701
7080, 4.97003e-27, 0.559263, 0.0911768, 0, 0, 1.10149e-36, 0, 0, 0.65044, 4.78823e-28, 0, 60.5664, 0.97732, 0.096214, 292.923
7081, 3.07312e-28, 0.59956, 0.0557708, 0, 0, 6.88376e-38, 0, 0, 0.655331, 2.96027e-29, 0, 63.3497, 0.977324, 0.096158, 293.228
7082, 1.09693e-29, 0.630162, 0.029059, 0, 0, 2.47855e-39, 0, 0, 0.659221, 1.05649e-30, 0, 66.6825, 0.977328, 0.0961016, 293.467
7083, 5.22902e-31, 0.639074, 0.0213885, 0, 0, 1.23145e-40, 0, 0, 0.660462, 5.01744e-32, 0, 69.7259, 0.977332, 0.0960294, 293.535
7084, 1.45201e-29, 0.635157, 0.0249677, 0, 0, 3.5231e-39, 0, 0, 0.660125, 1.38962e-30, 0, 66.402, 0.977336, 0.0959473, 293.502
7085, 3.15689e-28, 0.617098, 0.0410017, 0, 0, 7.64513e-38, 0, 0, 0.6581, 3.02087e-29, 0, 63.3228, 0.97734, 0.0958854, 293.36
7086, 3.18696e-27, 0.579198, 0.0745794, 0, 0, 7.68222e-37, 0, 0, 0.653777, 3.04924e-28, 0, 61.0107, 0.977344, 0.0958436, 293.07
7087, 1.49683e-26, 0.539971, 0.109509, 0, 0, 3.58156e-36, 0, 0, 0.64948, 1.43194e-27, 0, 59.4639, 0.977348, 0.0957881, 292.78
7088, 3.27183e-26, 0.518736, 0.128606, 0, 0, 7.7525e-36, 0, 0, 0.647342, 3.1295e-27, 0, 58.6819, 0.977352, 0.0957014, 292.629
7089, 3.32253e-26, 0.519202, 0.128351, 0, 0, 7.78563e-36, 0, 0, 0.647553, 3.17748e-27, 0, 58.6665, 0.977356, 0.0955595, 292.631
7090, 1.56201e-26, 0.541219, 0.108877, 0, 0, 3.62146e-36, 0, 0, 0.650096, 1.49358e-27, 0, 59.4212, 0.97736, 0.0952254, 292.785
7091, 3.71105e-27, 0.580061, 0.0746005, 0, 0, 8.61232e-37, 0, 0, 0.654662, 3.54653e-28, 0, 60.8585, 0.977364, 0.0943333, 293.069
7092, 1.80372e-26, 0.611738, 0.046812, 0, 0, 4.55953e-36, 0, 0, 0.65855, 1.71687e-27, 0, 59.2774, 0.977368, 0.0929932, 293.308
7093, 4.60091e-25, 0.606075, 0.0519762, 0, 0, 1.15746e-34, 0, 0, 0.658051, 4.3792e-26, 0, 56.0384, 0.977372, 0.0926842, 293.265
7094, 5.81314e-24, 0.566994, 0.0867143, 0, 0, 1.45036e-33, 0, 0, 0.653708, 5.53324e-25, 0, 53.5019, 0.977376, 0.0937918, 292.973
7095, 3.59475e-23, 0.525527, 0.123815, 0, 0, 8.90027e-33, 0, 0, 0.649343, 3.42179e-24, 0, 51.68, 0.97738, 0.0947829, 292.679
7096, 1.09158e-22, 0.500467, 0.14649, 0, 0, 2.69107e-32, 0, 0, 0.646958, 1.0391e-23, 0, 50.5692, 0.977384, 0.0951298, 292.512
7097, 1.62724e-22, 0.494225, 0.152314, 0, 0, 4.01421e-32, 0, 0, 0.646539, 1.54904e-23, 0, 50.17, 0.977388, 0.0951991, 292.473
7098, 1.18714e-22, 0.507962, 0.140145, 0, 0, 2.94253e-32, 0, 0, 0.648107, 1.13011e-23, 0, 50.4853, 0.977392, 0.0951906, 292.564
7099, 4.40591e-23, 0.53261, 0.118177, 0, 0, 1.0989e-32, 0, 0, 0.650787, 4.1939e-24, 0, 51.4765, 0.977396, 0.0951512, 292.726
7100, 2.41605e-23, 0.536911, 0.114457, 0, 0, 6.05083e-33, 0, 0, 0.651368, 2.29692e-24, 0, 52.0773, 0.9774, 0.0951125, 292.753
7101, 6.79676e-23, 0.514824, 0.134436, 0, 0, 1.70569e-32, 0, 0, 0.649259, 6.45739e-24, 0, 51.043, 0.977404, 0.0950804, 292.604
7102, 1.35517e-22, 0.495275, 0.152194, 0, 0, 3.40496e-32, 0, 0, 0.64747, 1.28729e-23, 0, 50.3529, 0.977408, 0.0950355, 292.476
7103, 1.43008e-22, 0.490114, 0.15701, 0, 0, 3.58869e-32, 0, 0, 0.647124, 1.35819e-23, 0, 50.2991, 0.977412, 0.0949754, 292.442
7104, 8.20156e-23, 0.494868, 0.152851, 0, 0, 2.04502e-32, 0, 0, 0.647718, 7.78744e-24, 0, 50.8551, 0.977416, 0.0949166, 292.47
7105, 2.63287e-23, 0.507116, 0.14192, 0, 0, 6.46584e-33, 0, 0, 0.649036, 2.49921e-24, 0, 51.9914, 0.97742, 0.0948755, 292.544
7106, 4.79759e-24, 0.5226, 0.128094, 0, 0, 1.14813e-33, 0, 0, 0.650693, 4.5525e-25, 0, 53.6939, 0.977424, 0.0948398, 292.64
7107, 4.91396e-25, 0.531482, 0.120224, 0, 0, 1.13899e-34, 0, 0, 0.651706, 4.66136e-26, 0, 55.9725, 0.977428, 0.094792, 292.694
7108, 2.74226e-26, 0.535493, 0.116748, 0, 0, 6.18238e-36, 0, 0, 0.652242, 2.60066e-27, 0, 58.8584, 0.977432, 0.0947384, 292.718
7109, 8.04504e-28, 0.544436, 0.108883, 0, 0, 1.78545e-37, 0, 0, 0.653319, 7.62877e-29, 0, 62.3873, 0.977436, 0.0946824, 292.776
7110, 1.29268e-29, 0.55914, 0.0959114, 0, 0, 2.83553e-39, 0, 0, 0.655052, 1.22569e-30, 0, 66.5182, 0.97744, 0.0946244, 292.877
7111, 1.863e-31, 0.576769, 0.0804047, 0, 0, 3.84432e-41, 0, 0, 0.657174, 1.76564e-32, 0, 70.7579, 0.977444, 0.0945776, 293.002
7112, 3.89939e-33, 0.5948, 0.0646239, 0, 0, 7.31478e-43, 0, 0, 0.659424, 3.69386e-34, 0, 74.6245, 0.977448, 0.0945378, 293.136
7113, 5.68706e-35, 0.612373, 0.0493411, 0, 0, 9.80909e-45, 0, 0, 0.661714, 5.38652e-36, 0, 78.8523, 0.977452, 0.0944925, 293.272
7114, 3.99959e-37, 0.629729, 0.0343358, 0, 0, 0, 0, 0, 0.664065, 3.78794e-38, 0, 83.8095, 0.977456, 0.0944379, 293.411
7115, 1.30344e-39, 0.645463, 0.0208129, 0, 0, 0, 0, 0, 0.666276, 1.23436e-40, 0, 89.5358, 0.97746, 0.0943762, 293.541
7116, 1.99405e-42, 0.657556, 0.0104968, 0, 0, 0, 0, 0, 0.668053, 1.89175e-43, 0, 96.0184, 0.977464, 0.0943145, 293.643
7117, 0, 0.66441, 0.00473183, 0, 0, 0, 0, 0, 0.669142, 0, 0, 99.99, 0.977468, 0.0942544, 293.701
7118, 0, 0.665046, 0.00433706, 0, 0, 0, 0, 0, 0.669383, 0, 0, 99.99, 0.977472, 0.0942008, 293.705
7119, 0, 0.659498, 0.00928015, 0, 0, 0, 0, 0, 0.668778, 0, 0, 99.99, 0.977476, 0.0941642, 293.655
7120, 0, 0.648982, 0.0185322, 0, 0, 0, 0, 0, 0.667514, 0, 0, 99.99, 0.97748, 0.0941288, 293.564
7121, 3.78351e-44, 0.635244, 0.0306172, 0, 0, 0, 0, 0, 0.665861, 4.2039e-45, 0, 99.9831, 0.977484, 0.0940823, 293.447
7122, 4.98148e-41, 0.620032, 0.0440404, 0, 0, 0, 0, 0, 0.664073, 4.66352e-42, 0, 92.8003, 0.977488, 0.094029, 293.321
7123, 3.74156e-39, 0.607378, 0.0552763, 0, 0, 0, 0, 0, 0.662654, 3.50448e-40, 0, 88.4813, 0.977492, 0.0939726, 293.219
7124, 1.28742e-37, 0.603114, 0.0591959, 0, 0, 0, 0, 0, 0.662309, 1.20593e-38, 0, 84.943, 0.977496, 0.0939198, 293.185
7125, 2.74309e-36, 0.601385, 0.0609336, 0, 0, 0, 0, 0, 0.662319, 2.56872e-37, 0, 81.884, 0.9775, 0.0938711, 293.174
7126, 6.49872e-35, 0.58665, 0.0741431, 0, 0, 0, 0, 0, 0.660794, 6.08186e-36, 0, 78.7189, 0.977504, 0.0938164, 293.065
7127, 1.54516e-33, 0.565065, 0.0934077, 0, 0, 0, 0, 0, 0.658472, 1.44571e-34, 0, 75.5502, 0.977508, 0.0937565, 292.904
7128, 2.03756e-32, 0.55181, 0.105335, 0, 0, 0, 0, 0, 0.657145, 1.90634e-33, 0, 72.971, 0.977512, 0.0937065, 292.807
7129, 1.29344e-31, 0.545674, 0.110978, 0, 0, 0, 0, 0, 0.656652, 1.21012e-32, 0, 71.1228, 0.977516, 0.0936642, 292.764
7130, 3.92064e-31, 0.541082, 0.115261, 0, 0, 0, 0, 0, 0.656343, 3.66791e-32, 0, 70.0139, 0.97752, 0.0936154, 292.733
7131, 5.7133e-31, 0.538916, 0.117368, 0, 0, 0, 0, 0, 0.656284, 5.34466e-32, 0, 69.6373, 0.977524, 0.0935567, 292.718
7132, 4.02847e-31, 0.540617, 0.116, 0, 0, 0, 0, 0, 0.656618, 3.76818e-32, 0, 69.9867, 0.977528, 0.0934958, 292.728
7133, 1.40387e-31, 0.543355, 0.113701, 0, 0, 0, 0, 0, 0.657056, 1.31296e-32, 0, 71.0409, 0.977532, 0.0934437, 292.745
7134, 2.71585e-32, 0.546519, 0.111022, 0, 0, 0, 0, 0, 0.657541, 2.53918e-33, 0, 72.6836, 0.977536, 0.093393, 292.765
7135, 4.10028e-33, 0.552338, 0.105971, 0, 0, 0, 0, 0, 0.65831, 3.83135e-34, 0, 74.5742, 0.97754, 0.093338, 292.804
7136, 5.652e-34, 0.561551, 0.0979047, 0, 0, 0, 0, 0, 0.659456, 5.2788e-35, 0, 76.5559, 0.977544, 0.0932867, 292.866
7137, 5.0835e-35, 0.574089, 0.0869069, 0, 0, 0, 0, 0, 0.660996, 4.74561e-36, 0, 78.9645, 0.977548, 0.0932378, 292.954
7138, 2.43051e-36, 0.588266, 0.0744956, 0, 0, 0, 0, 0, 0.662762, 2.26545e-37, 0, 82.005, 0.977552, 0.0931813, 293.056
7139, 6.02885e-38, 0.602253, 0.0623105, 0, 0, 0, 0, 0, 0.664564, 5.58487e-39, 0, 85.7017, 0.977556, 0.093122, 293.161
7140, 7.91107e-40, 0.615428, 0.0508863, 0, 0, 0, 0, 0, 0.666314, 7.17829e-41, 0, 90.0351, 0.97756, 0.0930772, 293.262
7141, 5.56736e-42, 0.62613, 0.0416566, 0, 0, 0, 0, 0, 0.667787, 4.79244e-43, 0, 94.9917, 0.977564, 0.0930424, 293.345
7142, 1.96182e-44, 0.636279, 0.0329511, 0, 0, 0, 0, 0, 0.66923, 0, 0, 99.99, 0.977568, 0.0930009, 293.425
7143, 0, 0.647408, 0.0234277, 0, 0, 0, 0, 0, 0.670835, 0, 0, 99.99, 0.977572, 0.0929508, 293.517
7144, 0, 0.65785, 0.0145292, 0, 0, 0, 0, 0, 0.672379, 0, 0, 99.99, 0.977576, 0.0928929, 293.604
7145, 0, 0.666059, 0.00758526, 0, 0, 0, 0, 0, 0.673644, 0, 0, 99.99, 0.97758, 0.092829, 293.673
7146, 0, 0.671136, 0.00335684, 0, 0, 0, 0, 0, 0.674493, 0, 0, 99.99, 0.977584, 0.0927752, 293.716
7147, 0, 0.672531, 0.00230662, 0, 0, 0, 0, 0, 0.674837, 0, 0, 99.99, 0.977588, 0.0927324, 293.726
7148, 0, 0.670158, 0.00450348, 0, 0, 0, 0, 0, 0.674662, 0, 0, 99.99, 0.977592, 0.0926844, 293.704
7149, 0, 0.664548, 0.00949799, 0, 0, 0, 0, 0, 0.674046, 0, 0, 99.99, 0.977596, 0.0926342, 293.654
7150, 0, 0.657002, 0.0161741, 0, 0, 0, 0, 0, 0.673176, 0, 0, 99.99, 0.9776, 0.092582, 293.587
7151, 0, 0.650206, 0.0222131, 0, 0, 0, 0, 0, 0.672419, 0, 0, 99.99, 0.977604, 0.0925279, 293.528
7152, 0, 0.648658, 0.0237116, 0, 0, 0, 0, 0, 0.672369, 0, 0, 99.99, 0.977608, 0.0924752, 293.514
7153, 0, 0.65509, 0.018299, 0, 0, 0, 0, 0, 0.673389, 0, 0, 99.99, 0.977612, 0.092423, 293.568
7154, 0, 0.66287, 0.0117218, 0, 0, 0, 0, 0, 0.674592, 0, 0, 99.99, 0.977616, 0.092375, 293.633
7155, 0, 0.660004, 0.0143715, 0, 0, 0, 0, 0, 0.674375, 0, 0, 99.99, 0.97762, 0.0923302, 293.608
7156, 0, 0.64486, 0.0276809, 0, 0, 0, 0, 0, 0.672541, 0, 0, 99.99, 0.977624, 0.0922857, 293.48
7157, 0, 0.628517, 0.0420558, 0, 0, 0, 0, 0, 0.670573, 0, 0, 99.99, 0.977628, 0.0922389, 293.344
7158, 0, 0.620401, 0.0492855, 0, 0, 0, 0, 0, 0.669686, 0, 0, 99.99, 0.977632, 0.0921899, 293.276
7159, 0, 0.621277, 0.0486689, 0, 0, 0, 0, 0, 0.669946, 0, 0, 99.99, 0.977636, 0.0921393, 293.282
7160, 0, 0.628756, 0.0422857, 0, 0, 0, 0, 0, 0.671042, 0, 0, 99.99, 0.97764, 0.0920862, 293.34
7161, 0, 0.640491, 0.0322082, 0, 0, 0, 0, 0, 0.672699, 0, 0, 99.99, 0.977644, 0.0920289, 293.435
7162, 0, 0.653817, 0.0207788, 0, 0, 0, 0, 0, 0.674595, 0, 0, 99.99, 0.977648, 0.0919741, 293.544
7163, 0, 0.665423, 0.0108725, 0, 0, 0, 0, 0, 0.676296, 0, 0, 99.99, 0.977652, 0.0919267, 293.641
7164, 0, 0.671656, 0.00563314, 0, 0, 0, 0, 0, 0.677289, 0, 0, 99.99, 0.977656, 0.0918736, 293.693
7165, 0, 0.670916, 0.00642007, 0, 0, 0, 0, 0, 0.677336, 0, 0, 99.99, 0.97766, 0.0918117, 293.685
7166, 0, 0.666317, 0.0105411, 0, 0, 0, 0, 0, 0.676859, 0, 0, 99.99, 0.977664, 0.0917576, 293.644
7167, 0, 0.663407, 0.0132047, 0, 0, 0, 0, 0, 0.676612, 0, 0, 99.99, 0.977668, 0.0917166, 293.617
7168, 0, 0.665029, 0.0119541, 0, 0, 0, 0, 0, 0.676983, 0, 0, 99.99, 0.977672, 0.091675, 293.63
7169, 0, 0.669787, 0.00799616, 0, 0, 0, 0, 0, 0.677783, 0, 0, 99.99, 0.977676, 0.0916242, 293.669
7170, 0, 0.674558, 0.00403036, 0, 0, 0, 0, 0, 0.678588, 0, 0, 99.99, 0.97768, 0.0915707, 293.709
7171, 0, 0.676926, 0.00213869, 0, 0, 0, 0, 0, 0.679064, 0, 0, 99.99, 0.977684, 0.0915155, 293.728
7172, 0, 0.675863, 0.00320582, 0, 0, 0, 0, 0, 0.679069, 0, 0, 99.99, 0.977688, 0.0914596, 293.717
7173, 0, 0.671493, 0.00712855, 0, 0, 0, 0, 0, 0.678621, 0, 0, 99.99, 0.977692, 0.0914165, 293.678
7174, 0, 0.664177, 0.0136082, 0, 0, 0, 0, 0, 0.677786, 0, 0, 99.99, 0.977696, 0.091376, 293.614
7175, 0, 0.653913, 0.0226648, 0, 0, 0, 0, 0, 0.676578, 0, 0, 99.99, 0.9777, 0.0913231, 293.527
7176, 1.68156e-44, 0.641456, 0.0336608, 0, 0, 0, 0, 0, 0.675117, 1.4013e-45, 0, 99.99, 0.977704, 0.0912675, 293.423
7177, 3.01419e-42, 0.627988, 0.045586, 0, 0, 0, 0, 0, 0.673573, 2.73253e-43, 0, 95.6052, 0.977708, 0.0912227, 293.314
7178, 1.37196e-40, 0.614214, 0.0578316, 0, 0, 0, 0, 0, 0.672045, 1.25556e-41, 0, 91.7872, 0.977712, 0.0911809, 293.205
7179, 3.03411e-37, 0.600727, 0.0698783, 0, 0, 0, 0, 0, 0.670605, 2.75538e-38, 0, 84.0857, 0.977716, 0.0911305, 293.103
7180, 3.11208e-35, 0.588177, 0.0811462, 0, 0, 0, 0, 0, 0.669323, 2.82583e-36, 0, 79.4552, 0.97772, 0.0910693, 293.01
7181, 1.44507e-33, 0.578017, 0.0903284, 0, 0, 7.56701e-44, 0, 0, 0.668345, 1.31206e-34, 0, 75.6171, 0.977724, 0.0910099, 292.936
7182, 3.2933e-32, 0.572189, 0.0956774, 0, 0, 2.67228e-42, 0, 0, 0.667866, 2.98999e-33, 0, 72.4908, 0.977728, 0.0909677, 292.894
7183, 3.73836e-31, 0.567977, 0.0996075, 0, 0, 4.14378e-41, 0, 0, 0.667584, 3.39381e-32, 0, 70.0615, 0.977732, 0.0909273, 292.865
7184, 2.07761e-30, 0.559416, 0.107439, 0, 0, 2.81753e-40, 0, 0, 0.666855, 1.88598e-31, 0, 68.3463, 0.977736, 0.0908752, 292.808
7185, 5.49863e-30, 0.550542, 0.115553, 0, 0, 8.3992e-40, 0, 0, 0.666096, 4.99104e-31, 0, 67.3731, 0.97774, 0.0908215, 292.748
7186, 6.77209e-30, 0.551703, 0.114687, 0, 0, 1.10043e-39, 0, 0, 0.66639, 6.14642e-31, 0, 67.1647, 0.977744, 0.090773, 292.756
7187, 3.83167e-30, 0.567879, 0.100437, 0, 0, 6.35978e-40, 0, 0, 0.668315, 3.47739e-31, 0, 67.7343, 0.977748, 0.0907243, 292.868
7188, 9.91262e-31, 0.595244, 0.0763219, 0, 0, 1.62574e-40, 0, 0, 0.671566, 8.99538e-32, 0, 69.0863, 0.977752, 0.0906737, 293.065
7189, 1.17128e-31, 0.619164, 0.055321, 0, 0, 1.83738e-41, 0, 0, 0.674485, 1.06283e-32, 0, 71.222, 0.977756, 0.0906282, 293.24
7190, 6.3179e-33, 0.629201, 0.046598, 0, 0, 9.15048e-43, 0, 0, 0.675799, 5.73257e-34, 0, 74.1419, 0.97776, 0.0905854, 293.313
7191, 1.61142e-34, 0.627248, 0.048477, 0, 0, 1.96182e-44, 0, 0, 0.675725, 1.4608e-35, 0, 77.8108, 0.977764, 0.0905382, 293.297
7192, 8.39982e-35, 0.610259, 0.0636322, 0, 0, 0, 0, 0, 0.673892, 7.48823e-36, 0, 78.4623, 0.977768, 0.090488, 293.17
7193, 1.26457e-33, 0.589786, 0.0818725, 0, 0, 0, 0, 0, 0.671659, 1.13671e-34, 0, 75.7506, 0.977772, 0.0904366, 293.016
7194, 1.15303e-32, 0.583382, 0.0877001, 0, 0, 0, 0, 0, 0.671082, 1.03885e-33, 0, 73.5403, 0.977776, 0.0903836, 292.969
7195, 4.88903e-32, 0.577815, 0.0928185, 0, 0, 0, 0, 0, 0.670634, 4.40662e-33, 0, 72.0957, 0.97778, 0.090328, 292.929
7196, 9.37515e-32, 0.565009, 0.104362, 0, 0, 0, 0, 0, 0.669371, 8.45033e-33, 0, 71.4447, 0.977784, 0.0902723, 292.837
7197, 8.17144e-32, 0.560358, 0.108633, 0, 0, 0, 0, 0, 0.66899, 7.36515e-33, 0, 71.5821, 0.977788, 0.0902205, 292.802
7198, 3.26476e-32, 0.568083, 0.101871, 0, 0, 0, 0, 0, 0.669954, 2.94258e-33, 0, 72.4995, 0.977792, 0.0901703, 292.853
7199, 6.02614e-33, 0.581925, 0.0896809, 0, 0, 0, 0, 0, 0.671606, 5.43159e-34, 0, 74.1892, 0.977796, 0.0901234, 292.947
7200, 5.17537e-34, 0.598358, 0.075253, 0, 0, 0, 0, 0, 0.673611, 4.66511e-35, 0, 76.644, 0.9778, 0.090081, 293.064
7201, 2.08191e-35, 0.617863, 0.0582006, 0, 0, 0, 0, 0, 0.676064, 1.87685e-36, 0, 79.8572, 0.977804, 0.0900392, 293.21
7202, 3.9451e-37, 0.637406, 0.0411869, 0, 0, 0, 0, 0, 0.678593, 3.55695e-38, 0, 83.8232, 0.977808, 0.0899953, 293.359
7203, 3.53332e-39, 0.651212, 0.0292526, 0, 0, 0, 0, 0, 0.680464, 3.18598e-40, 0, 88.5386, 0.977812, 0.0899481, 293.467
7204, 1.49547e-41, 0.661599, 0.0203594, 0, 0, 0, 0, 0, 0.681958, 1.34945e-42, 0, 94.0035, 0.977816, 0.0898989, 293.551
7205, 2.8026e-44, 0.671704, 0.011745, 0, 0, 0, 0, 0, 0.683449, 2.8026e-45, 0, 99.99, 0.97782, 0.0898463, 293.634
7206, 0, 0.67927, 0.00534519, 0, 0, 0, 0, 0, 0.684615, 0, 0, 99.99, 0.977824, 0.0897861, 293.697
7207, 0, 0.682246, 0.00292056, 0, 0, 0, 0, 0, 0.685167, 0, 0, 99.99, 0.977828, 0.0897259, 293.721
7208, 0, 0.680279, 0.00476922, 0, 0, 0, 0, 0, 0.685048, 0, 0, 99.99, 0.977832, 0.0896793, 293.702
7209, 0, 0.674819, 0.00963753, 0, 0, 0, 0, 0, 0.684457, 0, 0, 99.99, 0.977836, 0.0896401, 293.654
7210, 0, 0.669936, 0.0140114, 0, 0, 0, 0, 0, 0.683947, 0, 0, 99.99, 0.97784, 0.0895985, 293.611
7211, 1.4013e-45, 0.670136, 0.0139882, 0, 0, 0, 0, 0, 0.684124, 0, 0, 99.99, 0.977844, 0.0895497, 293.612
7212, 1.53721e-40, 0.673249, 0.0114479, 0, 0, 0, 0, 0, 0.684697, 1.36949e-41, 0, 91.6734, 0.977848, 0.0894957, 293.637
7213, 5.39401e-36, 0.669098, 0.0152211, 0, 0, 1.4013e-45, 0, 0, 0.684319, 4.79892e-37, 0, 81.2078, 0.977852, 0.089445, 293.603
7214, 1.316e-31, 0.652051, 0.0302407, 0, 0, 2.96809e-41, 0, 0, 0.682292, 1.1726e-32, 0, 71.1055, 0.977856, 0.0893995, 293.464
7215, 6.65116e-29, 0.627266, 0.0521068, 0, 0, 1.43271e-38, 0, 0, 0.679372, 5.91798e-30, 0, 64.8802, 0.97786, 0.0893557, 293.268
7216, 6.26835e-27, 0.602314, 0.0742579, 0, 0, 1.40488e-36, 0, 0, 0.676572, 5.57709e-28, 0, 60.3343, 0.977864, 0.0893047, 293.079
7217, 4.75106e-25, 0.581807, 0.0926136, 0, 0, 1.14063e-34, 0, 0, 0.674421, 4.22812e-26, 0, 56.0063, 0.977868, 0.0892447, 292.932
7218, 1.77232e-23, 0.56543, 0.107417, 0, 0, 4.3533e-33, 0, 0, 0.672847, 1.5771e-24, 0, 52.3872, 0.977872, 0.0891896, 292.82
7219, 3.64852e-22, 0.547203, 0.123991, 0, 0, 8.9582e-32, 0, 0, 0.671194, 3.24564e-23, 0, 49.3625, 0.977876, 0.0891492, 292.704
7220, 4.11577e-21, 0.52655, 0.14283, 0, 0, 9.90619e-31, 0, 0, 0.669379, 3.65935e-22, 0, 46.9395, 0.97788, 0.0891123, 292.577
7221, 2.53667e-20, 0.509031, 0.158908, 0, 0, 5.94792e-30, 0, 0, 0.66794, 2.25389e-21, 0, 45.1208, 0.977884, 0.0890686, 292.474
7222, 1.02028e-19, 0.496793, 0.170243, 0, 0, 2.41279e-29, 0, 0, 0.667036, 9.06063e-21, 0, 43.729, 0.977888, 0.0890173, 292.405
7223, 4.70258e-19, 0.490103, 0.176533, 0, 0, 1.19077e-28, 0, 0, 0.666636, 4.17591e-20, 0, 42.201, 0.977892, 0.0889601, 292.368
7224, 2.19766e-18, 0.486552, 0.179963, 0, 0, 5.73698e-28, 0, 0, 0.666515, 1.95161e-19, 0, 40.6591, 0.977896, 0.0889069, 292.35
7225, 5.8204e-18, 0.482095, 0.184238, 0, 0, 1.52369e-27, 0, 0, 0.666332, 5.16857e-19, 0, 39.6852, 0.9779, 0.0888634, 292.327
7226, 7.38509e-18, 0.483105, 0.183506, 0, 0, 1.92652e-27, 0, 0, 0.666611, 6.55761e-19, 0, 39.4471, 0.977904, 0.0888213, 292.334
7227, 4.52786e-18, 0.49967, 0.168589, 0, 0, 1.17126e-27, 0, 0, 0.66826, 4.01963e-19, 0, 39.9363, 0.977908, 0.0887764, 292.43
7228, 6.27462e-18, 0.52524, 0.145598, 0, 0, 1.6396e-27, 0, 0, 0.670838, 5.55493e-19, 0, 39.61, 0.977912, 0.0887286, 292.584
7229, 7.94202e-17, 0.53182, 0.139894, 0, 0, 2.15267e-26, 0, 0, 0.671714, 7.02659e-18, 0, 37.0718, 0.977916, 0.0886786, 292.629
7230, 5.92438e-16, 0.505619, 0.163877, 0, 0, 1.63468e-25, 0, 0, 0.669496, 5.24132e-17, 0, 35.0623, 0.97792, 0.0886223, 292.477
7231, 2.12103e-15, 0.473494, 0.193344, 0, 0, 5.92273e-25, 0, 0, 0.666838, 1.87645e-16, 0, 33.7869, 0.977924, 0.0885607, 292.295
7232, 3.67483e-15, 0.456977, 0.208673, 0, 0, 1.03484e-24, 0, 0, 0.665649, 3.25111e-16, 0, 33.2373, 0.977928, 0.0885097, 292.208
7233, 3.09825e-15, 0.466158, 0.200416, 0, 0, 8.77142e-25, 0, 0, 0.666574, 2.74108e-16, 0, 33.4079, 0.977932, 0.0884742, 292.257
7234, 1.26531e-15, 0.502328, 0.16756, 0, 0, 3.59173e-25, 0, 0, 0.669889, 1.11947e-16, 0, 34.3035, 0.977936, 0.0884371, 292.459
7235, 2.49843e-16, 0.544474, 0.129496, 0, 0, 7.06749e-26, 0, 0, 0.673969, 2.21027e-17, 0, 35.9257, 0.97794, 0.088392, 292.709
7236, 9.62064e-17, 0.551651, 0.123123, 0, 0, 2.05385e-26, 0, 0, 0.674775, 8.47083e-18, 0, 36.88, 0.977944, 0.0883449, 292.75
7237, 8.37403e-16, 0.518511, 0.153228, 0, 0, 1.6504e-25, 0, 0, 0.671738, 7.36402e-17, 0, 34.7162, 0.977948, 0.088297, 292.545
7238, 4.70731e-15, 0.479495, 0.188944, 0, 0, 9.55504e-25, 0, 0, 0.668439, 4.14037e-16, 0, 32.9897, 0.977952, 0.0882469, 292.323
7239, 1.35691e-14, 0.451356, 0.215022, 0, 0, 2.85516e-24, 0, 0, 0.666378, 1.19365e-15, 0, 31.931, 0.977956, 0.0881964, 292.18
7240, 2.11697e-14, 0.43717, 0.228329, 0, 0, 4.69436e-24, 0, 0, 0.665499, 1.86249e-15, 0, 31.4862, 0.97796, 0.0881478, 292.112
7241, 1.88986e-14, 0.437707, 0.227985, 0, 0, 4.4911e-24, 0, 0, 0.665693, 1.66295e-15, 0, 31.5997, 0.977964, 0.0880975, 292.114
7242, 9.89753e-15, 0.452529, 0.21442, 0, 0, 2.50942e-24, 0, 0, 0.666949, 8.71037e-16, 0, 32.2465, 0.977968, 0.0880478, 292.184
7243, 2.99474e-15, 0.484443, 0.18528, 0, 0, 7.87998e-25, 0, 0, 0.669723, 2.63541e-16, 0, 33.4419, 0.977972, 0.0880028, 292.352
7244, 5.0412e-16, 0.533653, 0.140707, 0, 0, 1.33097e-25, 0, 0, 0.67436, 4.4348e-17, 0, 35.2237, 0.977976, 0.0879557, 292.638
7245, 4.5185e-17, 0.579576, 0.0993534, 0, 0, 1.16622e-26, 0, 0, 0.67893, 3.97264e-18, 0, 37.6358, 0.97798, 0.0879038, 292.918
7246, 2.06446e-18, 0.602984, 0.078427, 0, 0, 5.13933e-28, 0, 0, 0.681411, 1.81384e-19, 0, 40.7217, 0.977984, 0.0878517, 293.065
7247, 4.62698e-20, 0.624576, 0.0594595, 0, 0, 1.10968e-29, 0, 0, 0.684036, 4.06294e-21, 0, 44.5198, 0.977988, 0.0878034, 293.221
7248, 4.95155e-22, 0.646076, 0.0406911, 0, 0, 1.15347e-31, 0, 0, 0.686767, 4.34638e-23, 0, 49.0572, 0.977992, 0.0877576, 293.383
7249, 5.09736e-24, 0.635539, 0.0502163, 0, 0, 1.1853e-33, 0, 0, 0.685756, 4.46896e-25, 0, 53.6333, 0.977996, 0.0877085, 293.308
7250, 1.61923e-23, 0.592188, 0.0888505, 0, 0, 3.80106e-33, 0, 0, 0.681038, 1.41797e-24, 0, 52.4775, 0.978, 0.0876608, 292.999
7251, 4.50868e-23, 0.551423, 0.125355, 0, 0, 1.05308e-32, 0, 0, 0.676779, 3.94801e-24, 0, 51.4535, 0.978004, 0.0876167, 292.718
7252, 5.60628e-23, 0.542073, 0.133879, 0, 0, 1.29929e-32, 0, 0, 0.675952, 4.90865e-24, 0, 51.2356, 0.978008, 0.0875659, 292.654
7253, 3.101e-23, 0.56848, 0.110404, 0, 0, 7.10362e-33, 0, 0, 0.678884, 2.71475e-24, 0, 51.8277, 0.978012, 0.0875084, 292.831
7254, 7.60563e-24, 0.608627, 0.0747215, 0, 0, 1.71324e-33, 0, 0, 0.683349, 6.65702e-25, 0, 53.2332, 0.978016, 0.08746, 293.103
7255, 8.26774e-25, 0.634468, 0.0518898, 0, 0, 1.81988e-34, 0, 0, 0.686358, 7.23468e-26, 0, 55.4523, 0.97802, 0.0874204, 293.283
7256, 6.47082e-26, 0.647167, 0.0408665, 0, 0, 1.40233e-35, 0, 0, 0.688034, 5.65197e-27, 0, 57.9999, 0.978024, 0.0873769, 293.378
7257, 4.45025e-25, 0.642096, 0.0456019, 0, 0, 9.81461e-35, 0, 0, 0.687698, 3.8775e-26, 0, 56.0717, 0.978028, 0.0873305, 293.346
7258, 3.60438e-24, 0.605199, 0.0785061, 0, 0, 7.89944e-34, 0, 0, 0.683705, 3.1403e-25, 0, 53.9799, 0.978032, 0.0872822, 293.083
7259, 1.33058e-23, 0.56007, 0.118855, 0, 0, 2.89211e-33, 0, 0, 0.678925, 1.1592e-24, 0, 52.6738, 0.978036, 0.0872292, 292.77
7260, 2.22984e-23, 0.535222, 0.141254, 0, 0, 4.79532e-33, 0, 0, 0.676476, 1.9425e-24, 0, 52.1575, 0.97804, 0.0871765, 292.603
7261, 1.69675e-23, 0.53078, 0.14538, 0, 0, 3.59348e-33, 0, 0, 0.67616, 1.47795e-24, 0, 52.4307, 0.978044, 0.0871272, 292.572
7262, 6.042e-24, 0.533338, 0.143204, 0, 0, 1.23893e-33, 0, 0, 0.676542, 5.26129e-25, 0, 53.4633, 0.978048, 0.087076, 292.586
7263, 1.23663e-24, 0.537681, 0.13942, 0, 0, 2.28475e-34, 0, 0, 0.677102, 1.07575e-25, 0, 55.0497, 0.978052, 0.0870213, 292.611
7264, 2.48423e-25, 0.547247, 0.130926, 0, 0, 3.80457e-35, 0, 0, 0.678173, 2.15783e-26, 0, 56.6547, 0.978056, 0.0869639, 292.669
7265, 4.6572e-26, 0.562595, 0.117246, 0, 0, 6.63771e-36, 0, 0, 0.679842, 4.04417e-27, 0, 58.3288, 0.97806, 0.0869023, 292.764
7266, 4.92831e-27, 0.581619, 0.100334, 0, 0, 7.08844e-37, 0, 0, 0.681953, 4.28077e-28, 0, 60.5748, 0.978064, 0.0868301, 292.888
7267, 2.51075e-28, 0.602756, 0.0816344, 0, 0, 3.72372e-38, 0, 0, 0.684391, 2.18157e-29, 0, 63.5518, 0.978068, 0.0867403, 293.032
7268, 6.0598e-30, 0.62496, 0.062107, 0, 0, 9.35005e-40, 0, 0, 0.687068, 5.26675e-31, 0, 67.2759, 0.978072, 0.0866036, 293.191
7269, 6.9949e-32, 0.646949, 0.0428923, 0, 0, 1.12552e-41, 0, 0, 0.689841, 6.08059e-33, 0, 71.7375, 0.978076, 0.0862772, 293.355
7270, 3.92525e-34, 0.666688, 0.0257545, 0, 0, 6.44597e-44, 0, 0, 0.692443, 3.41244e-35, 0, 76.9205, 0.97808, 0.0854225, 293.508
7271, 1.09221e-36, 0.681634, 0.012873, 0, 0, 0, 0, 0, 0.694506, 9.49507e-38, 0, 82.8049, 0.978084, 0.0842231, 293.627
7272, 1.53391e-39, 0.689389, 0.00627707, 0, 0, 0, 0, 0, 0.695666, 1.33339e-40, 0, 89.373, 0.978088, 0.0840448, 293.689
7273, 1.09441e-42, 0.68901, 0.00674868, 0, 0, 0, 0, 0, 0.695759, 9.66896e-44, 0, 96.6184, 0.978092, 0.0850837, 293.685
7274, 0, 0.682997, 0.0121095, 0, 0, 0, 0, 0, 0.695107, 0, 0, 99.99, 0.978096, 0.0859535, 293.633
7275, 0, 0.677102, 0.0173725, 0, 0, 0, 0, 0, 0.694474, 0, 0, 99.99, 0.9781, 0.0862553, 293.583
7276, 0, 0.676466, 0.0180694, 0, 0, 0, 0, 0, 0.694536, 0, 0, 99.99, 0.978104, 0.0863153, 293.577
7277, 0, 0.681677, 0.0136897, 0, 0, 0, 0, 0, 0.695367, 0, 0, 99.99, 0.978108, 0.0863112, 293.618
7278, 0, 0.68882, 0.00763744, 0, 0, 0, 0, 0, 0.696457, 0, 0, 99.99, 0.978112, 0.0862917, 293.676
7279, 0, 0.692963, 0.00419017, 0, 0, 0, 0, 0, 0.697153, 0, 0, 99.99, 0.978116, 0.0862639, 293.709
7280, 0, 0.691105, 0.00594771, 0, 0, 0, 0, 0, 0.697053, 0, 0, 99.99, 0.97812, 0.0862258, 293.693
7281, 0, 0.682843, 0.0132723, 0, 0, 0, 0, 0, 0.696116, 0, 0, 99.99, 0.978124, 0.0861821, 293.624
7282, 0, 0.669599, 0.0249587, 0, 0, 0, 0, 0, 0.694558, 0, 0, 99.99, 0.978128, 0.0861362, 293.516
7283, 3.00859e-42, 0.653883, 0.03885, 0, 0, 0, 0, 0, 0.692733, 2.57839e-43, 0, 95.6071, 0.978132, 0.0860894, 293.391
7284, 3.91271e-34, 0.639578, 0.0515532, 0, 0, 6.02558e-44, 0, 0, 0.691132, 3.34931e-35, 0, 76.9237, 0.978136, 0.0860475, 293.28
7285, 2.66837e-31, 0.633485, 0.0570719, 0, 0, 5.50822e-41, 0, 0, 0.690557, 2.28725e-32, 0, 70.3987, 0.97814, 0.086008, 293.233
7286, 2.3191e-29, 0.640491, 0.0510885, 0, 0, 4.8617e-39, 0, 0, 0.69158, 1.98784e-30, 0, 65.9338, 0.978144, 0.0859631, 293.287
7287, 1.73754e-27, 0.646676, 0.0458597, 0, 0, 3.81021e-37, 0, 0, 0.692536, 1.48897e-28, 0, 61.6173, 0.978148, 0.0859154, 293.337
7288, 6.46759e-26, 0.628597, 0.0620566, 0, 0, 1.44661e-35, 0, 0, 0.690654, 5.5416e-27, 0, 58.0004, 0.978152, 0.0858726, 293.208
7289, 1.35573e-24, 0.592201, 0.0945508, 0, 0, 3.06114e-34, 0, 0, 0.686752, 1.16154e-25, 0, 54.9577, 0.978156, 0.0858326, 292.951
7290, 1.37434e-23, 0.560548, 0.123006, 0, 0, 3.11345e-33, 0, 0, 0.683554, 1.17744e-24, 0, 52.6415, 0.97816, 0.0857878, 292.738
7291, 6.76812e-23, 0.542763, 0.139185, 0, 0, 1.52025e-32, 0, 0, 0.681948, 5.79749e-24, 0, 51.0472, 0.978164, 0.0857405, 292.626
7292, 3.58279e-22, 0.540881, 0.141106, 0, 0, 7.50444e-32, 0, 0, 0.681986, 3.06527e-23, 0, 49.3807, 0.978168, 0.0856976, 292.618
7293, 5.13243e-21, 0.555115, 0.128506, 0, 0, 1.0701e-30, 0, 0, 0.683621, 4.38772e-22, 0, 46.7187, 0.978172, 0.0856545, 292.711
7294, 5.30003e-20, 0.562386, 0.122143, 0, 0, 1.14848e-29, 0, 0, 0.684529, 4.5303e-21, 0, 44.384, 0.978176, 0.0856095, 292.759
7295, 2.79041e-19, 0.541254, 0.141412, 0, 0, 6.25106e-29, 0, 0, 0.682667, 2.38477e-20, 0, 42.7229, 0.97818, 0.0855633, 292.63
7296, 7.47664e-19, 0.512896, 0.167282, 0, 0, 1.70976e-28, 0, 0, 0.680178, 6.38849e-20, 0, 41.7373, 0.978184, 0.0855129, 292.461
7297, 1.02105e-18, 0.502824, 0.1766, 0, 0, 2.34823e-28, 0, 0, 0.679425, 8.72228e-20, 0, 41.4257, 0.978188, 0.0854637, 292.403
7298, 7.06853e-19, 0.518588, 0.162489, 0, 0, 1.6128e-28, 0, 0, 0.681076, 6.03626e-20, 0, 41.7935, 0.978192, 0.0854219, 292.498
7299, 2.46776e-19, 0.557486, 0.127515, 0, 0, 5.53302e-29, 0, 0, 0.685001, 2.10654e-20, 0, 42.8458, 0.978196, 0.0853799, 292.737
7300, 4.32218e-20, 0.591427, 0.0970324, 0, 0, 9.49582e-30, 0, 0, 0.68846, 3.68803e-21, 0, 44.5879, 0.9782, 0.0853324, 292.945
7301, 3.76235e-21, 0.600565, 0.0888535, 0, 0, 8.14256e-31, 0, 0, 0.689418, 3.20936e-22, 0, 47.0292, 0.978204, 0.0852858, 292.995
7302, 1.60301e-22, 0.606538, 0.0836123, 0, 0, 3.45558e-32, 0, 0, 0.69015, 1.36723e-23, 0, 50.185, 0.978208, 0.0852407, 293.031
7303, 3.27724e-24, 0.620457, 0.0713566, 0, 0, 7.11703e-34, 0, 0, 0.691814, 2.79536e-25, 0, 54.075, 0.978212, 0.0851915, 293.126
7304, 3.14503e-26, 0.641482, 0.0529182, 0, 0, 6.92884e-36, 0, 0, 0.6944, 2.68306e-27, 0, 58.7214, 0.978216, 0.0851451, 293.278
7305, 1.3866e-28, 0.666871, 0.0307546, 0, 0, 3.10404e-38, 0, 0, 0.697626, 1.18318e-29, 0, 64.1455, 0.97822, 0.085105, 293.47
7306, 2.80384e-31, 0.685021, 0.0150135, 0, 0, 6.34732e-41, 0, 0, 0.700034, 2.39266e-32, 0, 70.3492, 0.978224, 0.0850641, 293.61
7307, 5.6645e-28, 0.686424, 0.0139342, 0, 0, 1.28234e-37, 0, 0, 0.700359, 4.79755e-29, 0, 62.7382, 0.978228, 0.0850201, 293.62
7308, 6.95052e-25, 0.669507, 0.0288997, 0, 0, 1.59534e-34, 0, 0, 0.698406, 5.88403e-26, 0, 55.6258, 0.978232, 0.0849747, 293.488
7309, 7.7277e-23, 0.639322, 0.0556262, 0, 0, 1.82282e-32, 0, 0, 0.694948, 6.54139e-24, 0, 50.9146, 0.978236, 0.0849249, 293.261
7310, 4.11757e-21, 0.604043, 0.087076, 0, 0, 9.89807e-31, 0, 0, 0.691119, 3.48536e-22, 0, 46.939, 0.97824, 0.0848497, 293.01
7311, 1.22694e-19, 0.571228, 0.116593, 0, 0, 2.99956e-29, 0, 0, 0.687822, 1.03842e-20, 0, 43.5446, 0.978244, 0.0847302, 292.791
7312, 2.0473e-18, 0.543047, 0.142209, 0, 0, 5.05958e-28, 0, 0, 0.685256, 1.73238e-19, 0, 40.73, 0.978248, 0.0846459, 292.618
7313, 2.03335e-17, 0.517034, 0.166073, 0, 0, 5.06097e-27, 0, 0, 0.683107, 1.72018e-18, 0, 38.4343, 0.978252, 0.0846569, 292.472
7314, 1.27563e-16, 0.494413, 0.186971, 0, 0, 3.1919e-26, 0, 0, 0.681384, 1.07894e-17, 0, 36.5979, 0.978256, 0.0846685, 292.352
7315, 5.27451e-16, 0.478117, 0.202145, 0, 0, 1.32047e-25, 0, 0, 0.680262, 4.46027e-17, 0, 35.1785, 0.97826, 0.0846395, 292.27
7316, 1.45329e-15, 0.467606, 0.21203, 0, 0, 3.60039e-25, 0, 0, 0.679637, 1.22861e-16, 0, 34.1649, 0.978264, 0.0845999, 292.22
7317, 2.62931e-15, 0.461665, 0.217702, 0, 0, 6.36018e-25, 0, 0, 0.679366, 2.2221e-16, 0, 33.5721, 0.978268, 0.0845595, 292.192
7318, 3.01476e-15, 0.460842, 0.218624, 0, 0, 7.03956e-25, 0, 0, 0.679467, 2.54712e-16, 0, 33.4353, 0.978272, 0.0845155, 292.188
7319, 2.06858e-15, 0.46633, 0.213689, 0, 0, 4.61615e-25, 0, 0, 0.680019, 1.74735e-16, 0, 33.8119, 0.978276, 0.0844708, 292.213
7320, 7.96111e-16, 0.47649, 0.204428, 0, 0, 1.67785e-25, 0, 0, 0.680919, 6.72386e-17, 0, 34.7668, 0.97828, 0.0844265, 292.26
7321, 1.70026e-16, 0.485585, 0.196165, 0, 0, 3.33772e-26, 0, 0, 0.68175, 1.43571e-17, 0, 36.3106, 0.978284, 0.0843791, 292.303
7322, 3.53559e-17, 0.488945, 0.193208, 0, 0, 7.05111e-27, 0, 0, 0.682153, 2.98239e-18, 0, 37.8811, 0.978288, 0.0843279, 292.318
7323, 2.12835e-17, 0.49182, 0.190708, 0, 0, 4.75348e-27, 0, 0, 0.682528, 1.79369e-18, 0, 38.3886, 0.978292, 0.0842777, 292.332
7324, 1.09448e-17, 0.500509, 0.182859, 0, 0, 2.5004e-27, 0, 0, 0.683368, 9.22262e-19, 0, 39.0537, 0.978296, 0.0842322, 292.375
7325, 2.79592e-18, 0.51192, 0.172526, 0, 0, 6.40186e-28, 0, 0, 0.684445, 2.35577e-19, 0, 40.4184, 0.9783, 0.0841904, 292.434
7326, 3.4384e-19, 0.524354, 0.161298, 0, 0, 7.80656e-29, 0, 0, 0.685651, 2.89677e-20, 0, 42.5141, 0.978304, 0.0841502, 292.5
7327, 2.13867e-20, 0.540277, 0.146946, 0, 0, 4.66547e-30, 0, 0, 0.687222, 1.80141e-21, 0, 45.2915, 0.978308, 0.0841068, 292.589
7328, 8.74548e-22, 0.560278, 0.128968, 0, 0, 1.66314e-31, 0, 0, 0.689246, 7.36318e-23, 0, 48.4883, 0.978312, 0.0840598, 292.707
7329, 3.8755e-23, 0.583138, 0.108519, 0, 0, 6.37815e-33, 0, 0, 0.691657, 3.26128e-24, 0, 51.6048, 0.978316, 0.0840155, 292.849
7330, 1.55015e-24, 0.607772, 0.086619, 0, 0, 2.62414e-34, 0, 0, 0.694392, 1.3042e-25, 0, 54.8237, 0.97832, 0.0839728, 293.011
7331, 3.58202e-26, 0.63289, 0.0644382, 0, 0, 6.46729e-36, 0, 0, 0.697328, 3.0134e-27, 0, 58.5913, 0.978324, 0.0839273, 293.186
7332, 4.17572e-28, 0.656352, 0.0438621, 0, 0, 7.88681e-38, 0, 0, 0.700214, 3.51252e-29, 0, 63.0431, 0.978328, 0.083882, 293.356
7333, 2.40387e-30, 0.676425, 0.0263851, 0, 0, 4.65186e-40, 0, 0, 0.70281, 2.02184e-31, 0, 68.2005, 0.978332, 0.0838357, 293.508
7334, 6.85407e-33, 0.691859, 0.0130441, 0, 0, 1.33544e-42, 0, 0, 0.704903, 5.76407e-34, 0, 74.0605, 0.978336, 0.0837886, 293.629
7335, 9.72883e-36, 0.701016, 0.00521061, 0, 0, 2.8026e-45, 0, 0, 0.706227, 8.18062e-37, 0, 80.618, 0.97834, 0.0837422, 293.701
7336, 6.86066e-39, 0.703824, 0.00290959, 0, 0, 0, 0, 0, 0.706733, 5.76822e-40, 0, 87.875, 0.978344, 0.0836972, 293.722
7337, 2.3752e-42, 0.702974, 0.00378686, 0, 0, 0, 0, 0, 0.706761, 1.97583e-43, 0, 95.8435, 0.978348, 0.0836572, 293.714
7338, 0, 0.70142, 0.00527861, 0, 0, 0, 0, 0, 0.706699, 0, 0, 99.99, 0.978352, 0.0836165, 293.7
7339, 0, 0.697226, 0.00907425, 0, 0, 0, 0, 0, 0.7063, 0, 0, 99.99, 0.978356, 0.0835712, 293.665
7340, 0, 0.68602, 0.018995, 0, 0, 0, 0, 0, 0.705015, 0, 0, 99.99, 0.97836, 0.0835231, 293.575
7341, 0, 0.669963, 0.0331814, 0, 0, 0, 0, 0, 0.703144, 0, 0, 99.99, 0.978364, 0.0834771, 293.448
7342, 0, 0.657125, 0.0445772, 0, 0, 0, 0, 0, 0.701702, 0, 0, 99.99, 0.978368, 0.0834346, 293.348
7343, 0, 0.653297, 0.0480806, 0, 0, 0, 0, 0, 0.701378, 0, 0, 99.99, 0.978372, 0.0833906, 293.318
7344, 0, 0.658111, 0.0439979, 0, 0, 0, 0, 0, 0.702109, 0, 0, 99.99, 0.978376, 0.0833457, 293.353
7345, 0, 0.670899, 0.0329366, 0, 0, 0, 0, 0, 0.703835, 0, 0, 99.99, 0.97838, 0.0833024, 293.451
7346, 1.44642e-36, 0.687456, 0.0186001, 0, 0, 0, 0, 0, 0.706056, 1.2001e-37, 0, 82.524, 0.978384, 0.08326, 293.579
7347, 8.26891e-31, 0.696441, 0.010898, 0, 0, 7.80425e-41, 0, 0, 0.707339, 6.85959e-32, 0, 69.2676, 0.978388, 0.0832147, 293.649
7348, 4.38113e-27, 0.68946, 0.0171528, 0, 0, 3.69138e-37, 0, 0, 0.706612, 3.62562e-28, 0, 60.6925, 0.978392, 0.0831638, 293.594
7349, 2.06937e-24, 0.667174, 0.0368583, 0, 0, 2.71597e-34, 0, 0, 0.704032, 1.71454e-25, 0, 54.5348, 0.978396, 0.0831103, 293.423
7350, 2.0149e-22, 0.635737, 0.0647713, 0, 0, 3.16939e-32, 0, 0, 0.700508, 1.66903e-23, 0, 49.9563, 0.9784, 0.0830659, 293.193
7351, 9.42014e-21, 0.601302, 0.095587, 0, 0, 1.65494e-30, 0, 0, 0.696889, 7.80097e-22, 0, 46.1114, 0.978404, 0.0830308, 292.956
7352, 2.63722e-19, 0.568388, 0.125312, 0, 0, 5.06635e-29, 0, 0, 0.6937, 2.18321e-20, 0, 42.7794, 0.978408, 0.0829932, 292.745
7353, 4.20993e-18, 0.539447, 0.151693, 0, 0, 8.55295e-28, 0, 0, 0.69114, 3.48442e-19, 0, 40.0091, 0.978412, 0.0829506, 292.573
7354, 3.50356e-17, 0.515512, 0.173701, 0, 0, 7.35196e-27, 0, 0, 0.689213, 2.89947e-18, 0, 37.8902, 0.978416, 0.0829063, 292.441
7355, 1.42107e-16, 0.498222, 0.189739, 0, 0, 3.04047e-26, 0, 0, 0.687961, 1.17597e-17, 0, 36.4899, 0.97842, 0.0828613, 292.352
7356, 2.71379e-16, 0.494102, 0.19376, 0, 0, 5.86661e-26, 0, 0, 0.687862, 2.24549e-17, 0, 35.843, 0.978424, 0.0828161, 292.335
7357, 2.40052e-16, 0.511046, 0.178518, 0, 0, 5.19708e-26, 0, 0, 0.689564, 1.9859e-17, 0, 35.9657, 0.978428, 0.0827701, 292.433
7358, 9.80164e-17, 0.532422, 0.159168, 0, 0, 2.1061e-26, 0, 0, 0.69159, 8.10634e-18, 0, 36.8614, 0.978432, 0.0827227, 292.551
7359, 1.98192e-17, 0.536579, 0.155463, 0, 0, 4.19752e-27, 0, 0, 0.692041, 1.63842e-18, 0, 38.4599, 0.978436, 0.0826762, 292.57
7360, 4.47126e-18, 0.539854, 0.152653, 0, 0, 9.11057e-28, 0, 0, 0.692506, 3.69244e-19, 0, 39.9489, 0.97844, 0.0826321, 292.589
7361, 6.26143e-17, 0.545828, 0.147431, 0, 0, 1.30506e-26, 0, 0, 0.693259, 5.1531e-18, 0, 37.3095, 0.978444, 0.0825874, 292.627
7362, 2.63884e-15, 0.555016, 0.139343, 0, 0, 5.67885e-25, 0, 0, 0.694358, 2.17153e-16, 0, 33.5684, 0.978448, 0.0825431, 292.686
7363, 5.58296e-14, 0.577928, 0.118977, 0, 0, 1.23016e-23, 0, 0, 0.696905, 4.5943e-15, 0, 30.5165, 0.978452, 0.0825007, 292.836
7364, 5.77264e-13, 0.56669, 0.129596, 0, 0, 1.30606e-22, 0, 0, 0.696286, 4.75045e-14, 0, 28.1805, 0.978456, 0.0824584, 292.787
7365, 2.94244e-12, 0.503021, 0.187885, 0, 0, 6.8545e-22, 0, 0, 0.690906, 2.42149e-13, 0, 26.5518, 0.97846, 0.0824123, 292.438
7366, 7.3993e-12, 0.447456, 0.239003, 0, 0, 1.77165e-21, 0, 0, 0.686459, 6.08956e-13, 0, 25.6296, 0.978464, 0.0823653, 292.146
7367, 9.13586e-12, 0.438122, 0.24774, 0, 0, 2.23096e-21, 0, 0, 0.685862, 7.51889e-13, 0, 25.4188, 0.978468, 0.0823238, 292.098
7368, 5.61563e-12, 0.455929, 0.231363, 0, 0, 1.3733e-21, 0, 0, 0.687292, 4.62125e-13, 0, 25.9055, 0.978472, 0.0822833, 292.179
7369, 2.00173e-12, 0.459103, 0.22848, 0, 0, 4.62083e-22, 0, 0, 0.687583, 1.6464e-13, 0, 26.937, 0.978476, 0.0822391, 292.187
7370, 7.32475e-13, 0.445817, 0.240856, 0, 0, 1.35724e-22, 0, 0, 0.686673, 6.01665e-14, 0, 27.9423, 0.97848, 0.082192, 292.119
7371, 6.54945e-13, 0.433803, 0.25216, 0, 0, 7.26787e-23, 0, 0, 0.685963, 5.36649e-14, 0, 28.0542, 0.978484, 0.0821446, 292.064
7372, 1.16554e-12, 0.428848, 0.256953, 0, 0, 1.00456e-22, 0, 0, 0.685801, 9.53576e-14, 0, 27.4778, 0.978488, 0.0821031, 292.044
7373, 1.35151e-12, 0.438264, 0.248309, 0, 0, 1.17794e-22, 0, 0, 0.686573, 1.10545e-13, 0, 27.3298, 0.978492, 0.0820636, 292.083
7374, 7.42149e-13, 0.459385, 0.228728, 0, 0, 6.75414e-23, 0, 0, 0.688113, 6.07128e-14, 0, 27.9292, 0.978496, 0.0820219, 292.171
7375, 1.84521e-13, 0.482257, 0.207608, 0, 0, 1.75873e-23, 0, 0, 0.689865, 1.51004e-14, 0, 29.321, 0.9785, 0.0819789, 292.272
7376, 2.07099e-14, 0.509509, 0.182639, 0, 0, 2.06257e-24, 0, 0, 0.692149, 1.69557e-15, 0, 31.5082, 0.978504, 0.0819335, 292.407
7377, 1.07555e-15, 0.545715, 0.149724, 0, 0, 1.10886e-25, 0, 0, 0.695439, 8.80999e-17, 0, 34.4659, 0.978508, 0.0818869, 292.604
7378, 2.98081e-17, 0.589996, 0.109854, 0, 0, 3.10293e-27, 0, 0, 0.699851, 2.4426e-18, 0, 38.0518, 0.978512, 0.0818435, 292.872
7379, 6.57301e-19, 0.636657, 0.0682741, 0, 0, 6.69881e-29, 0, 0, 0.704931, 5.38682e-20, 0, 41.8661, 0.978516, 0.0818029, 293.18
7380, 1.46059e-20, 0.673797, 0.0354932, 0, 0, 1.69343e-30, 0, 0, 0.709291, 1.19588e-21, 0, 45.6729, 0.97852, 0.0817586, 293.442
7381, 5.10503e-19, 0.686019, 0.024859, 0, 0, 1.07743e-28, 0, 0, 0.710878, 4.15794e-20, 0, 42.1189, 0.978524, 0.0817119, 293.531
7382, 4.47345e-17, 0.665025, 0.0435834, 0, 0, 9.36105e-27, 0, 0, 0.708608, 3.64337e-18, 0, 37.6458, 0.978528, 0.0816676, 293.38
7383, 1.89176e-15, 0.618376, 0.0852716, 0, 0, 3.89562e-25, 0, 0, 0.703648, 1.54051e-16, 0, 33.9013, 0.978532, 0.0816245, 293.06
7384, 4.4887e-14, 0.56206, 0.136118, 0, 0, 8.86238e-24, 0, 0, 0.698179, 3.65417e-15, 0, 30.7346, 0.978536, 0.0815788, 292.707
7385, 5.99502e-13, 0.508821, 0.18482, 0, 0, 1.09693e-22, 0, 0, 0.693641, 4.87772e-14, 0, 28.1427, 0.97854, 0.0815308, 292.411
7386, 4.55163e-12, 0.464555, 0.225844, 0, 0, 7.4273e-22, 0, 0, 0.6904, 3.70065e-13, 0, 26.1155, 0.978544, 0.0814879, 292.196
7387, 1.94598e-11, 0.430659, 0.257618, 0, 0, 2.75904e-21, 0, 0, 0.688277, 1.58117e-12, 0, 24.6627, 0.978548, 0.0814523, 292.052
7388, 4.58514e-11, 0.407835, 0.279217, 0, 0, 5.63198e-21, 0, 0, 0.687052, 3.72464e-12, 0, 23.8056, 0.978552, 0.0814147, 291.964
7389, 6.36046e-11, 0.397832, 0.288814, 0, 0, 6.83925e-21, 0, 0, 0.686646, 5.16728e-12, 0, 23.4783, 0.978556, 0.0813725, 291.928
7390, 9.30698e-11, 0.395912, 0.290802, 0, 0, 9.58991e-21, 0, 0, 0.686715, 7.56098e-12, 0, 23.0977, 0.97856, 0.081328, 291.923
7391, 2.04606e-10, 0.390999, 0.29563, 0, 0, 2.32564e-20, 0, 0, 0.686629, 1.66183e-11, 0, 22.3099, 0.978564, 0.0812844, 291.907
7392, 3.04354e-10, 0.3919, 0.295039, 0, 0, 3.792e-20, 0, 0, 0.686939, 2.47167e-11, 0, 21.9128, 0.978568, 0.0812425, 291.917
7393, 2.34619e-10, 0.420997, 0.268181, 0, 0, 3.2009e-20, 0, 0, 0.689178, 1.90503e-11, 0, 22.1731, 0.978572, 0.0811999, 292.049
7394, 1.45958e-10, 0.464299, 0.228256, 0, 0, 2.19731e-20, 0, 0, 0.692555, 1.18387e-11, 0, 22.6477, 0.978576, 0.0811551, 292.254
7395, 2.63209e-10, 0.462412, 0.230244, 0, 0, 3.79783e-20, 0, 0, 0.692656, 2.13125e-11, 0, 22.0581, 0.97858, 0.081109, 292.25
7396, 4.72256e-10, 0.417958, 0.271596, 0, 0, 6.25639e-20, 0, 0, 0.689553, 3.82118e-11, 0, 21.4735, 0.978584, 0.0810657, 292.044
7397, 4.17383e-10, 0.400055, 0.288189, 0, 0, 5.06523e-20, 0, 0, 0.688243, 3.37507e-11, 0, 21.597, 0.978588, 0.0810256, 291.95
7398, 1.78565e-10, 0.419792, 0.269702, 0, 0, 1.93741e-20, 0, 0, 0.689494, 1.44286e-11, 0, 22.4461, 0.978592, 0.080984, 292.02
7399, 8.35429e-11, 0.430688, 0.259616, 0, 0, 6.40759e-21, 0, 0, 0.690304, 6.73538e-12, 0, 23.2057, 0.978596, 0.0809387, 292.062
7400, 1.5726e-10, 0.409996, 0.279212, 0, 0, 1.01264e-20, 0, 0, 0.689208, 1.26689e-11, 0, 22.5731, 0.9786, 0.0808898, 291.982
7401, 2.11576e-10, 0.389889, 0.298249, 0, 0, 1.39753e-20, 0, 0, 0.688137, 1.7053e-11, 0, 22.2764, 0.978604, 0.080841, 291.904
7402, 1.32222e-10, 0.391863, 0.296476, 0, 0, 9.01372e-21, 0, 0, 0.688339, 1.06626e-11, 0, 22.7465, 0.978608, 0.0807959, 291.907
7403, 4.25046e-11, 0.403851, 0.28527, 0, 0, 3.22518e-21, 0, 0, 0.689121, 3.42844e-12, 0, 23.8814, 0.978612, 0.0807549, 291.947
7404, 1.41433e-11, 0.418111, 0.27199, 0, 0, 1.52796e-21, 0, 0, 0.6901, 1.13962e-12, 0, 24.9818, 0.978616, 0.080715, 291.999
7405, 7.3105e-12, 0.443468, 0.2484, 0, 0, 9.44312e-22, 0, 0, 0.691868, 5.88398e-13, 0, 25.6417, 0.97862, 0.0806739, 292.102
7406, 2.47282e-12, 0.479198, 0.215239, 0, 0, 3.3336e-22, 0, 0, 0.694437, 1.98964e-13, 0, 26.7257, 0.978624, 0.080632, 292.255
7407, 4.04815e-13, 0.516331, 0.181091, 0, 0, 5.62876e-23, 0, 0, 0.697422, 3.25727e-14, 0, 28.5353, 0.978628, 0.0805883, 292.433
7408, 3.09131e-14, 0.562003, 0.139657, 0, 0, 4.45111e-24, 0, 0, 0.70166, 2.48804e-15, 0, 31.1076, 0.978632, 0.0805458, 292.69
7409, 1.09245e-15, 0.618308, 0.0891145, 0, 0, 1.63216e-25, 0, 0, 0.707422, 8.79618e-17, 0, 34.4504, 0.978636, 0.0805042, 293.041
7410, 1.78394e-17, 0.666131, 0.0465793, 0, 0, 2.75965e-27, 0, 0, 0.71271, 1.43699e-18, 0, 38.5651, 0.97864, 0.0804634, 293.36
7411, 1.11233e-17, 0.68187, 0.0327318, 0, 0, 1.38295e-27, 0, 0, 0.714601, 8.90679e-19, 0, 39.0375, 0.978644, 0.080424, 293.468
7412, 6.53237e-16, 0.66076, 0.0515637, 0, 0, 7.58243e-26, 0, 0, 0.712324, 5.22743e-17, 0, 34.9646, 0.978648, 0.0803828, 293.317
7413, 2.02094e-14, 0.621122, 0.0870603, 0, 0, 2.13997e-24, 0, 0, 0.708183, 1.61679e-15, 0, 31.5326, 0.978652, 0.0803389, 293.049
7414, 3.05923e-13, 0.570823, 0.132738, 0, 0, 2.96271e-23, 0, 0, 0.703561, 2.44734e-14, 0, 28.8154, 0.978656, 0.0802932, 292.751
7415, 2.25493e-12, 0.506934, 0.191388, 0, 0, 2.00405e-22, 0, 0, 0.698323, 1.80411e-13, 0, 26.8179, 0.97866, 0.0802485, 292.412
7416, 8.48066e-12, 0.449768, 0.244336, 0, 0, 6.87233e-22, 0, 0, 0.694104, 6.78582e-13, 0, 25.4932, 0.978664, 0.0802069, 292.135
7417, 2.35888e-11, 0.416309, 0.275681, 0, 0, 1.71734e-21, 0, 0, 0.691991, 1.88655e-12, 0, 24.4702, 0.978668, 0.0801659, 291.992
7418, 8.98239e-11, 0.400404, 0.290807, 0, 0, 6.40761e-21, 0, 0, 0.691211, 7.17642e-12, 0, 23.1332, 0.978672, 0.0801242, 291.933
7419, 2.80689e-10, 0.388548, 0.302196, 0, 0, 2.07592e-20, 0, 0, 0.690744, 2.24116e-11, 0, 21.9938, 0.978676, 0.080082, 291.893
7420, 4.47877e-10, 0.38283, 0.307775, 0, 0, 3.44053e-20, 0, 0, 0.690604, 3.57456e-11, 0, 21.5265, 0.97868, 0.0800385, 291.874
7421, 3.39452e-10, 0.392833, 0.298459, 0, 0, 2.72616e-20, 0, 0, 0.691292, 2.70852e-11, 0, 21.8037, 0.978684, 0.0799956, 291.908
7422, 1.29301e-10, 0.412222, 0.280299, 0, 0, 1.08631e-20, 0, 0, 0.692522, 1.03172e-11, 0, 22.7689, 0.978688, 0.0799519, 291.977
7423, 5.37562e-11, 0.42438, 0.269036, 0, 0, 3.57113e-21, 0, 0, 0.693416, 4.28927e-12, 0, 23.6466, 0.978692, 0.0799071, 292.024
7424, 9.60695e-11, 0.411777, 0.281144, 0, 0, 4.42884e-21, 0, 0, 0.692921, 7.66386e-12, 0, 23.0659, 0.978696, 0.0798663, 291.982
7425, 2.03477e-10, 0.383916, 0.307623, 0, 0, 9.03341e-21, 0, 0, 0.691539, 1.62289e-11, 0, 22.3155, 0.9787, 0.0798279, 291.885
7426, 4.0309e-10, 0.366295, 0.324442, 0, 0, 1.82231e-20, 0, 0, 0.690737, 3.21393e-11, 0, 21.6319, 0.978704, 0.0797876, 291.824
7427, 5.46542e-10, 0.36797, 0.323039, 0, 0, 2.58464e-20, 0, 0, 0.691008, 4.3563e-11, 0, 21.3274, 0.978708, 0.0797456, 291.832
7428, 4.36963e-10, 0.391828, 0.300719, 0, 0, 2.52376e-20, 0, 0, 0.692546, 3.48107e-11, 0, 21.5512, 0.978712, 0.0797032, 291.92
7429, 3.20845e-10, 0.419734, 0.274586, 0, 0, 3.47786e-20, 0, 0, 0.69432, 2.55409e-11, 0, 21.8601, 0.978716, 0.0796607, 292.023
7430, 4.3491e-10, 0.42138, 0.273138, 0, 0, 6.86955e-20, 0, 0, 0.694518, 3.45878e-11, 0, 21.5559, 0.97872, 0.0796178, 292.025
7431, 1.07572e-09, 0.413488, 0.280737, 0, 0, 1.69124e-19, 0, 0, 0.694225, 8.5406e-11, 0, 20.6503, 0.978724, 0.0795736, 291.997
7432, 3.59642e-09, 0.404816, 0.289146, 0, 0, 5.88955e-19, 0, 0, 0.693962, 2.85382e-10, 0, 19.4433, 0.978728, 0.0795284, 291.971
7433, 7.86936e-09, 0.379108, 0.313529, 0, 0, 1.38573e-18, 0, 0, 0.692636, 6.24572e-10, 0, 18.6603, 0.978732, 0.0794852, 291.877
7434, 8.94797e-09, 0.364875, 0.327013, 0, 0, 1.65799e-18, 0, 0, 0.691887, 7.10326e-10, 0, 18.5318, 0.978736, 0.0794423, 291.82
7435, 5.21387e-09, 0.378056, 0.314599, 0, 0, 9.93063e-19, 0, 0, 0.692655, 4.13931e-10, 0, 19.0719, 0.97874, 0.079397, 291.859
7436, 1.80611e-09, 0.391266, 0.302193, 0, 0, 3.51957e-19, 0, 0, 0.693459, 1.43356e-10, 0, 20.1321, 0.978744, 0.0793534, 291.9
7437, 8.38913e-10, 0.392199, 0.30145, 0, 0, 1.69684e-19, 0, 0, 0.693649, 6.65319e-11, 0, 20.8989, 0.978748, 0.0793138, 291.902
7438, 6.15512e-10, 0.401724, 0.292699, 0, 0, 1.2513e-19, 0, 0, 0.694423, 4.87959e-11, 0, 21.2086, 0.978752, 0.0792741, 291.942
7439, 3.10211e-10, 0.431568, 0.265023, 0, 0, 6.16297e-20, 0, 0, 0.696591, 2.45861e-11, 0, 21.8938, 0.978756, 0.0792309, 292.069
7440, 1.67364e-10, 0.455497, 0.242978, 0, 0, 2.97771e-20, 0, 0, 0.698475, 1.32495e-11, 0, 22.5109, 0.97876, 0.0791846, 292.179
7441, 1.95174e-10, 0.450871, 0.24742, 0, 0, 3.20636e-20, 0, 0, 0.698292, 1.54389e-11, 0, 22.3571, 0.978764, 0.0791381, 292.158
7442, 1.75284e-10, 0.441972, 0.255733, 0, 0, 2.76738e-20, 0, 0, 0.697705, 1.3861e-11, 0, 22.4646, 0.978768, 0.0790936, 292.111
7443, 1.18735e-10, 0.429601, 0.267343, 0, 0, 1.62786e-20, 0, 0, 0.696944, 9.38031e-12, 0, 22.8541, 0.978772, 0.0790498, 292.053
7444, 9.33615e-11, 0.414536, 0.281464, 0, 0, 1.05009e-20, 0, 0, 0.696, 7.36801e-12, 0, 23.0945, 0.978776, 0.0790071, 291.984
7445, 5.85573e-11, 0.417186, 0.279, 0, 0, 5.91354e-21, 0, 0, 0.696186, 4.61988e-12, 0, 23.561, 0.97878, 0.0789669, 291.986
7446, 1.99686e-11, 0.432611, 0.264603, 0, 0, 1.88271e-21, 0, 0, 0.697214, 1.57546e-12, 0, 24.6369, 0.978784, 0.0789239, 292.041
7447, 3.34841e-12, 0.447469, 0.250788, 0, 0, 2.96025e-22, 0, 0, 0.698258, 2.64203e-13, 0, 26.4225, 0.978788, 0.0788763, 292.098
7448, 2.88503e-13, 0.458107, 0.240966, 0, 0, 2.29453e-23, 0, 0, 0.699073, 2.27619e-14, 0, 28.8741, 0.978792, 0.078829, 292.139
7449, 3.68852e-14, 0.468733, 0.231188, 0, 0, 1.95236e-24, 0, 0, 0.699921, 2.90565e-15, 0, 30.931, 0.978796, 0.0787837, 292.183
7450, 1.69555e-14, 0.484189, 0.216952, 0, 0, 7.94338e-25, 0, 0, 0.701141, 1.33488e-15, 0, 31.7082, 0.9788, 0.0787357, 292.251
7451, 4.86685e-15, 0.50384, 0.198897, 0, 0, 2.36641e-25, 0, 0, 0.702736, 3.8316e-16, 0, 32.9563, 0.978804, 0.0786817, 292.342
7452, 6.54416e-16, 0.527353, 0.177388, 0, 0, 3.30621e-26, 0, 0, 0.704741, 5.1519e-17, 0, 34.9628, 0.978808, 0.0786215, 292.458
7453, 4.42032e-17, 0.553162, 0.153896, 0, 0, 2.29849e-27, 0, 0, 0.707058, 3.4792e-18, 0, 37.6577, 0.978812, 0.078555, 292.594
7454, 1.77916e-18, 0.579009, 0.130529, 0, 0, 9.19209e-29, 0, 0, 0.709538, 1.39977e-19, 0, 40.8704, 0.978816, 0.0784791, 292.739
7455, 4.79629e-20, 0.606883, 0.105524, 0, 0, 2.35355e-30, 0, 0, 0.712407, 3.772e-21, 0, 44.4839, 0.97882, 0.0783791, 292.909
7456, 7.71886e-22, 0.637481, 0.0782599, 0, 0, 3.56009e-32, 0, 0, 0.715741, 6.06946e-23, 0, 48.6132, 0.978824, 0.0782212, 293.107
7457, 6.26522e-24, 0.666567, 0.0525275, 0, 0, 2.74479e-34, 0, 0, 0.719095, 4.92644e-25, 0, 53.427, 0.978828, 0.0779295, 293.305
7458, 2.35297e-26, 0.691318, 0.0308038, 0, 0, 9.89157e-37, 0, 0, 0.722121, 1.85026e-27, 0, 59.0115, 0.978832, 0.077401, 293.483
7459, 3.95809e-29, 0.709831, 0.0146737, 0, 0, 1.60533e-39, 0, 0, 0.724504, 3.11258e-30, 0, 65.3992, 0.978836, 0.0767626, 293.62
7460, 2.96808e-32, 0.719618, 0.00623575, 0, 0, 1.15747e-42, 0, 0, 0.725854, 2.33406e-33, 0, 72.5948, 0.97884, 0.0765146, 293.694
7461, 1.04282e-35, 0.721334, 0.00486732, 0, 0, 0, 0, 0, 0.726201, 8.19939e-37, 0, 80.5486, 0.978844, 0.0768901, 293.706
7462, 2.53326e-39, 0.717263, 0.00855794, 0, 0, 0, 0, 0, 0.725821, 1.98996e-40, 0, 88.8713, 0.978848, 0.0774551, 293.673
7463, 1.05097e-42, 0.710577, 0.0145357, 0, 0, 0, 0, 0, 0.725113, 7.9874e-44, 0, 96.6589, 0.978852, 0.0778051, 293.62
7464, 0, 0.708392, 0.0165801, 0, 0, 0, 0, 0, 0.724972, 0, 0, 99.99, 0.978856, 0.0779469, 293.602
7465, 0, 0.711923, 0.0136261, 0, 0, 0, 0, 0, 0.725549, 0, 0, 99.99, 0.97886, 0.0779923, 293.628
7466, 0, 0.714227, 0.0117443, 0, 0, 0, 0, 0, 0.725971, 0, 0, 99.99, 0.978864, 0.0779982, 293.645
7467, 0, 0.71353, 0.012489, 0, 0, 0, 0, 0, 0.726019, 0, 0, 99.99, 0.978868, 0.0779858, 293.638
7468, 0, 0.710548, 0.0152342, 0, 0, 0, 0, 0, 0.725782, 0, 0, 99.99, 0.978872, 0.0779638, 293.614
7469, 0, 0.709594, 0.0162027, 0, 0, 0, 0, 0, 0.725797, 0, 0, 99.99, 0.978876, 0.0779341, 293.606
7470, 2.08084e-40, 0.714409, 0.0121267, 0, 0, 0, 0, 0, 0.726536, 1.61317e-41, 0, 91.3706, 0.97888, 0.0778995, 293.642
7471, 2.56826e-36, 0.716409, 0.010517, 0, 0, 0, 0, 0, 0.726926, 1.99174e-37, 0, 81.9498, 0.978884, 0.0778649, 293.656
7472, 2.4569e-34, 0.707584, 0.018399, 0, 0, 2.8026e-45, 0, 0, 0.725982, 1.90531e-35, 0, 77.389, 0.978888, 0.0778319, 293.589
7473, 1.11099e-32, 0.691718, 0.0324932, 0, 0, 1.42932e-43, 0, 0, 0.724211, 8.61546e-34, 0, 73.5775, 0.978892, 0.0777984, 293.47
7474, 2.14503e-31, 0.673488, 0.0487738, 0, 0, 2.88808e-42, 0, 0, 0.722262, 1.66339e-32, 0, 70.617, 0.978896, 0.0777625, 293.341
7475, 1.76459e-30, 0.646652, 0.0728014, 0, 0, 2.48787e-41, 0, 0, 0.719454, 1.36838e-31, 0, 68.5096, 0.9789, 0.0777244, 293.158
7476, 6.20306e-30, 0.61845, 0.0980808, 0, 0, 9.26609e-41, 0, 0, 0.716531, 4.81037e-31, 0, 67.2525, 0.978904, 0.0776851, 292.967
7477, 9.37225e-30, 0.608638, 0.106959, 0, 0, 1.50927e-40, 0, 0, 0.715597, 7.26831e-31, 0, 66.8398, 0.978908, 0.077645, 292.899
7478, 6.13624e-30, 0.621881, 0.0952446, 0, 0, 1.08616e-40, 0, 0, 0.717126, 4.75902e-31, 0, 67.2633, 0.978912, 0.0776038, 292.985
7479, 1.77955e-30, 0.651718, 0.0688025, 0, 0, 3.66243e-41, 0, 0, 0.720521, 1.38019e-31, 0, 68.5012, 0.978916, 0.0775598, 293.186
7480, 3.24889e-25, 0.685791, 0.0387394, 0, 0, 5.48126e-35, 0, 0, 0.72453, 2.50954e-26, 0, 56.3863, 0.97892, 0.077513, 293.425
7481, 9.53254e-23, 0.706151, 0.0208986, 0, 0, 1.52316e-32, 0, 0, 0.727049, 7.36159e-24, 0, 50.7047, 0.978924, 0.0774682, 293.57
7482, 6.10058e-21, 0.698966, 0.0273936, 0, 0, 9.64366e-31, 0, 0, 0.72636, 4.71102e-22, 0, 46.5459, 0.978928, 0.0774276, 293.519
7483, 1.69811e-19, 0.665312, 0.0573808, 0, 0, 2.64274e-29, 0, 0, 0.722693, 1.31125e-20, 0, 43.2196, 0.978932, 0.0773874, 293.283
7484, 1.40164e-17, 0.618786, 0.0990875, 0, 0, 2.10028e-27, 0, 0, 0.717873, 1.08022e-18, 0, 38.8063, 0.978936, 0.0773461, 292.975
7485, 1.0919e-15, 0.574299, 0.139344, 0, 0, 1.78938e-25, 0, 0, 0.713643, 8.41052e-17, 0, 34.4509, 0.97894, 0.0773033, 292.702
7486, 4.65957e-14, 0.544471, 0.166596, 0, 0, 8.09213e-24, 0, 0, 0.711067, 3.58817e-15, 0, 30.6973, 0.978944, 0.0772555, 292.532
7487, 1.04094e-12, 0.534145, 0.176216, 0, 0, 1.83177e-22, 0, 0, 0.710361, 8.01324e-14, 0, 27.5909, 0.978948, 0.0772042, 292.479
7488, 1.25822e-11, 0.519686, 0.189839, 0, 0, 2.12709e-21, 0, 0, 0.709525, 9.68151e-13, 0, 25.0987, 0.978952, 0.0771535, 292.417
7489, 8.57762e-11, 0.478382, 0.228404, 0, 0, 1.36067e-20, 0, 0, 0.706786, 6.59669e-12, 0, 23.1793, 0.978956, 0.0770989, 292.236
7490, 3.3761e-10, 0.431379, 0.272408, 0, 0, 5.22428e-20, 0, 0, 0.703787, 2.59507e-11, 0, 21.8091, 0.97896, 0.0770303, 292.038
7491, 7.61822e-10, 0.402828, 0.299344, 0, 0, 1.23256e-19, 0, 0, 0.702173, 5.853e-11, 0, 20.9953, 0.978964, 0.0769319, 291.927
7492, 9.74918e-10, 0.395368, 0.306531, 0, 0, 1.69346e-19, 0, 0, 0.701899, 7.48484e-11, 0, 20.7487, 0.978968, 0.0767425, 291.9
7493, 7.92898e-10, 0.405527, 0.297126, 0, 0, 1.36094e-19, 0, 0, 0.702653, 6.06754e-11, 0, 20.9553, 0.978972, 0.0762437, 291.938
7494, 9.2355e-10, 0.419047, 0.284576, 0, 0, 1.09886e-19, 0, 0, 0.703623, 6.98967e-11, 0, 20.8028, 0.978976, 0.0752647, 291.99
7495, 2.37194e-09, 0.410288, 0.293021, 0, 0, 2.35594e-19, 0, 0, 0.703309, 1.79309e-10, 0, 19.8596, 0.97898, 0.0746006, 291.961
7496, 4.4354e-09, 0.387744, 0.314443, 0, 0, 4.82889e-19, 0, 0, 0.702187, 3.36548e-10, 0, 19.2336, 0.978984, 0.0751318, 291.881
7497, 4.44768e-09, 0.388271, 0.314071, 0, 0, 5.43761e-19, 0, 0, 0.702341, 3.38504e-10, 0, 19.2309, 0.978988, 0.0760089, 291.881
7498, 2.45254e-09, 0.413533, 0.290352, 0, 0, 3.17734e-19, 0, 0, 0.703885, 1.86975e-10, 0, 19.8261, 0.978992, 0.0763885, 291.969
7499, 1.71601e-09, 0.425818, 0.278925, 0, 0, 1.5082e-19, 0, 0, 0.704743, 1.30465e-10, 0, 20.1833, 0.978994, 0.0763878, 292.014
7500, 3.64116e-09, 0.404876, 0.298887, 0, 0, 2.25046e-19, 0, 0, 0.703764, 2.75938e-10, 0, 19.431, 0.978993, 0.0761462, 291.943
7501, 5.39491e-09, 0.388869, 0.314291, 0, 0, 3.29062e-19, 0, 0, 0.70316, 4.08182e-10, 0, 19.0378, 0.978986, 0.0756298, 291.895
7502, 3.91936e-09, 0.422636, 0.283073, 0, 0, 2.40587e-19, 0, 0, 0.705709, 2.96033e-10, 0, 19.3573, 0.978976, 0.0750919, 292.046
7503, 1.36769e-09, 0.478841, 0.2308, 0, 0, 8.3555e-20, 0, 0, 0.709641, 1.03102e-10, 0, 20.4101, 0.978964, 0.0750881, 292.284
7504, 2.30042e-10, 0.484674, 0.225206, 0, 0, 1.37284e-20, 0, 0, 0.70988, 1.73012e-11, 0, 22.1928, 0.978952, 0.0755457, 292.29
7505, 8.17273e-11, 0.446122, 0.260973, 0, 0, 4.64764e-21, 0, 0, 0.707095, 6.06518e-12, 0, 23.2276, 0.97894, 0.0758813, 292.106
7506, 9.7003e-10, 0.417606, 0.287672, 0, 0, 6.26767e-20, 0, 0, 0.705278, 7.2053e-11, 0, 20.7537, 0.978928, 0.0757684, 291.982
7507, 8.14604e-09, 0.401554, 0.302966, 0, 0, 6.39287e-19, 0, 0, 0.70452, 6.09195e-10, 0, 18.6257, 0.978916, 0.0750783, 291.925
7508, 4.01499e-08, 0.371977, 0.331129, 0, 0, 4.00489e-18, 0, 0, 0.703106, 3.0233e-09, 0, 17.0306, 0.978904, 0.0744662, 291.826
7509, 1.27585e-07, 0.335293, 0.365959, 0, 0, 1.54463e-17, 0, 0, 0.701253, 9.6559e-09, 0, 15.8745, 0.978892, 0.074797, 291.7
7510, 2.74497e-07, 0.311116, 0.388865, 0, 0, 3.67875e-17, 0, 0, 0.699981, 2.08306e-08, 0, 15.1083, 0.97888, 0.0755174, 291.61
7511, 4.13018e-07, 0.30027, 0.399136, 0, 0, 5.80371e-17, 0, 0, 0.699407, 3.13807e-08, 0, 14.6998, 0.978868, 0.0759173, 291.565
7512, 4.62867e-07, 0.298071, 0.401308, 0, 0, 6.89916e-17, 0, 0, 0.699379, 3.51882e-08, 0, 14.5858, 0.978856, 0.0760447, 291.554
7513, 4.11677e-07, 0.302188, 0.397602, 0, 0, 6.71468e-17, 0, 0, 0.69979, 3.13059e-08, 0, 14.703, 0.978844, 0.0760744, 291.57
7514, 2.92631e-07, 0.313067, 0.387551, 0, 0, 5.21477e-17, 0, 0, 0.700618, 2.22556e-08, 0, 15.0444, 0.978832, 0.0760719, 291.613
7515, 1.58312e-07, 0.335003, 0.367036, 0, 0, 3.01689e-17, 0, 0, 0.702039, 1.20397e-08, 0, 15.6587, 0.97882, 0.0760563, 291.694
7516, 6.05243e-08, 0.377439, 0.327226, 0, 0, 1.19385e-17, 0, 0, 0.704665, 4.6024e-09, 0, 16.6202, 0.978808, 0.0760328, 291.85
7517, 1.50721e-08, 0.45129, 0.258391, 0, 0, 2.95799e-18, 0, 0, 0.709681, 1.14596e-09, 0, 18.0104, 0.978796, 0.0760033, 292.157
7518, 2.26388e-09, 0.54649, 0.170584, 0, 0, 4.31389e-19, 0, 0, 0.717073, 1.72103e-10, 0, 19.9062, 0.978784, 0.0759712, 292.61
7519, 1.96173e-10, 0.60697, 0.115267, 0, 0, 3.62587e-20, 0, 0, 0.722237, 1.49105e-11, 0, 22.352, 0.978772, 0.0759394, 292.921
7520, 6.03089e-11, 0.580249, 0.139784, 0, 0, 9.54661e-21, 0, 0, 0.720033, 4.57041e-12, 0, 23.5315, 0.97876, 0.0759058, 292.775
7521, 6.17334e-10, 0.499267, 0.214226, 0, 0, 8.71821e-20, 0, 0, 0.713493, 4.67352e-11, 0, 21.2056, 0.978748, 0.0758681, 292.359
7522, 5.74937e-09, 0.4317, 0.276919, 0, 0, 7.70977e-19, 0, 0, 0.70862, 4.35069e-10, 0, 18.9742, 0.978736, 0.0758273, 292.044
7523, 3.09266e-08, 0.389149, 0.316981, 0, 0, 4.11824e-18, 0, 0, 0.706131, 2.33952e-09, 0, 17.2916, 0.978724, 0.0757881, 291.878
7524, 9.85625e-08, 0.353468, 0.350854, 0, 0, 1.39579e-17, 0, 0, 0.704322, 7.45474e-09, 0, 16.1326, 0.978712, 0.0757529, 291.755
7525, 2.15891e-07, 0.327048, 0.375939, 0, 0, 3.37342e-17, 0, 0, 0.702987, 1.63289e-08, 0, 15.3485, 0.9787, 0.0757178, 291.661
7526, 3.34597e-07, 0.313265, 0.389035, 0, 0, 5.46112e-17, 0, 0, 0.7023, 2.53063e-08, 0, 14.9103, 0.978688, 0.0756802, 291.609
7527, 3.27276e-07, 0.31552, 0.387051, 0, 0, 5.17125e-17, 0, 0, 0.702571, 2.47477e-08, 0, 14.9325, 0.978676, 0.0756431, 291.616
7528, 1.84187e-07, 0.341912, 0.362336, 0, 0, 2.66556e-17, 0, 0, 0.704248, 1.3923e-08, 0, 15.5073, 0.978664, 0.0756061, 291.713
7529, 5.73863e-08, 0.391234, 0.315989, 0, 0, 7.36051e-18, 0, 0, 0.707223, 4.33612e-09, 0, 16.6735, 0.978652, 0.075567, 291.892
7530, 9.75912e-09, 0.448873, 0.261931, 0, 0, 1.11085e-18, 0, 0, 0.710804, 7.37111e-10, 0, 18.4451, 0.97864, 0.0755275, 292.107
7531, 9.05705e-10, 0.483931, 0.229216, 0, 0, 9.57198e-20, 0, 0, 0.713147, 6.83911e-11, 0, 20.8223, 0.978628, 0.0754885, 292.245
7532, 4.91801e-11, 0.475774, 0.23706, 0, 0, 4.99061e-21, 0, 0, 0.712834, 3.71307e-12, 0, 23.7355, 0.978616, 0.0754509, 292.216
7533, 4.4826e-11, 0.437413, 0.27326, 0, 0, 2.56641e-21, 0, 0, 0.710673, 3.3735e-12, 0, 23.8282, 0.978604, 0.0754151, 292.072
7534, 8.96079e-10, 0.397994, 0.310442, 0, 0, 5.91381e-20, 0, 0, 0.708435, 6.74119e-11, 0, 20.833, 0.978592, 0.0753786, 291.922
7535, 1.01355e-08, 0.374495, 0.332704, 0, 0, 7.42188e-19, 0, 0, 0.707199, 7.62395e-10, 0, 18.4072, 0.97858, 0.0753403, 291.835
7536, 5.74098e-08, 0.352683, 0.353452, 0, 0, 4.54844e-18, 0, 0, 0.706135, 4.31793e-09, 0, 16.673, 0.978568, 0.0753007, 291.759
7537, 1.59115e-07, 0.329215, 0.375712, 0, 0, 1.35163e-17, 0, 0, 0.704927, 1.19663e-08, 0, 15.6536, 0.978556, 0.0752594, 291.673
7538, 2.15614e-07, 0.325074, 0.379707, 0, 0, 1.96094e-17, 0, 0, 0.704781, 1.62139e-08, 0, 15.3498, 0.978544, 0.0752188, 291.655
7539, 1.46608e-07, 0.35054, 0.355847, 0, 0, 1.43431e-17, 0, 0, 0.706387, 1.10235e-08, 0, 15.7355, 0.978532, 0.0751813, 291.747
7540, 5.77607e-08, 0.382671, 0.325757, 0, 0, 6.08424e-18, 0, 0, 0.708428, 4.34175e-09, 0, 16.667, 0.97852, 0.075144, 291.866
7541, 3.2032e-08, 0.387733, 0.321143, 0, 0, 3.06354e-18, 0, 0, 0.708876, 2.40452e-09, 0, 17.2565, 0.978508, 0.0751052, 291.885
7542, 6.51473e-08, 0.365253, 0.34243, 0, 0, 5.84904e-18, 0, 0, 0.707683, 4.88474e-09, 0, 16.5466, 0.978496, 0.0750663, 291.801
7543, 1.84668e-07, 0.344514, 0.36202, 0, 0, 1.95509e-17, 0, 0, 0.706534, 1.38384e-08, 0, 15.5047, 0.978484, 0.0750271, 291.72
7544, 4.5328e-07, 0.325789, 0.37962, 0, 0, 5.48335e-17, 0, 0, 0.705409, 3.39571e-08, 0, 14.6068, 0.978472, 0.074988, 291.64
7545, 7.03854e-07, 0.306863, 0.397454, 0, 0, 9.31566e-17, 0, 0, 0.704317, 5.27199e-08, 0, 14.1667, 0.97846, 0.0749489, 291.561
7546, 6.49571e-07, 0.30548, 0.398961, 0, 0, 9.20981e-17, 0, 0, 0.704441, 4.86449e-08, 0, 14.247, 0.978448, 0.0749101, 291.56
7547, 3.83351e-07, 0.322841, 0.382903, 0, 0, 5.6564e-17, 0, 0, 0.705743, 2.87014e-08, 0, 14.7743, 0.978436, 0.0748722, 291.633
7548, 1.67131e-07, 0.342688, 0.364436, 0, 0, 2.51654e-17, 0, 0, 0.707123, 1.25081e-08, 0, 15.6045, 0.978424, 0.0748342, 291.711
7549, 8.67239e-08, 0.354255, 0.353691, 0, 0, 1.40076e-17, 0, 0, 0.707946, 6.48538e-09, 0, 16.2605, 0.978412, 0.0747963, 291.754
7550, 5.8317e-08, 0.373698, 0.335445, 0, 0, 1.0071e-17, 0, 0, 0.709143, 4.35909e-09, 0, 16.6574, 0.9784, 0.0747584, 291.82
7551, 2.6343e-08, 0.396396, 0.314103, 0, 0, 4.59197e-18, 0, 0, 0.710499, 1.96858e-09, 0, 17.4521, 0.978388, 0.07472, 291.896
7552, 1.01156e-08, 0.395978, 0.314622, 0, 0, 1.43805e-18, 0, 0, 0.7106, 7.54995e-10, 0, 18.4092, 0.978376, 0.0746813, 291.894
7553, 8.28505e-09, 0.391026, 0.319487, 0, 0, 8.86764e-19, 0, 0, 0.710513, 6.17648e-10, 0, 18.6088, 0.978364, 0.0746423, 291.879
7554, 5.87329e-09, 0.42225, 0.290487, 0, 0, 6.10691e-19, 0, 0, 0.712737, 4.37779e-10, 0, 18.9529, 0.978352, 0.0746026, 292.01
7555, 2.11917e-09, 0.500238, 0.218301, 0, 0, 2.22453e-19, 0, 0, 0.718539, 1.57935e-10, 0, 19.9722, 0.97834, 0.0745624, 292.363
7556, 3.78029e-10, 0.584249, 0.141141, 0, 0, 4.06661e-20, 0, 0, 0.725391, 2.81682e-11, 0, 21.6961, 0.978328, 0.0745238, 292.78
7557, 9.21442e-11, 0.600145, 0.126678, 0, 0, 1.08377e-20, 0, 0, 0.726824, 6.85632e-12, 0, 23.1077, 0.978316, 0.0744864, 292.86
7558, 3.94562e-10, 0.53381, 0.187643, 0, 0, 4.79739e-20, 0, 0, 0.721453, 2.93373e-11, 0, 21.6532, 0.978304, 0.0744477, 292.518
7559, 1.25522e-09, 0.452991, 0.262403, 0, 0, 1.51132e-19, 0, 0, 0.715395, 9.33251e-11, 0, 20.496, 0.978292, 0.0744073, 292.131
7560, 2.12275e-09, 0.40849, 0.303976, 0, 0, 2.36732e-19, 0, 0, 0.712467, 1.57798e-10, 0, 19.9706, 0.97828, 0.0743671, 291.938
7561, 2.49263e-09, 0.394231, 0.317509, 0, 0, 2.17188e-19, 0, 0, 0.71174, 1.85219e-10, 0, 19.8099, 0.978268, 0.0743287, 291.884
7562, 2.50691e-09, 0.390477, 0.321215, 0, 0, 1.58286e-19, 0, 0, 0.711692, 1.8621e-10, 0, 19.8042, 0.978256, 0.0742902, 291.872
7563, 1.66216e-09, 0.398957, 0.313339, 0, 0, 8.87501e-20, 0, 0, 0.712296, 1.23443e-10, 0, 20.2151, 0.978244, 0.0742492, 291.901
7564, 5.92769e-10, 0.41453, 0.298735, 0, 0, 2.98687e-20, 0, 0, 0.713265, 4.40136e-11, 0, 21.2462, 0.978232, 0.0742091, 291.952
7565, 2.39572e-10, 0.420292, 0.293407, 0, 0, 1.40107e-20, 0, 0, 0.713698, 1.77645e-11, 0, 22.1522, 0.97822, 0.0741722, 291.97
7566, 2.91038e-10, 0.418315, 0.295404, 0, 0, 2.03536e-20, 0, 0, 0.713718, 2.15628e-11, 0, 21.9576, 0.978208, 0.074134, 291.963
7567, 2.55215e-10, 0.427596, 0.286826, 0, 0, 1.95934e-20, 0, 0, 0.714422, 1.89066e-11, 0, 22.0889, 0.978196, 0.0740953, 291.998
7568, 1.11498e-10, 0.460401, 0.256341, 0, 0, 9.30335e-21, 0, 0, 0.716742, 8.25927e-12, 0, 22.917, 0.978184, 0.0740592, 292.134
7569, 2.43619e-11, 0.520179, 0.201253, 0, 0, 2.1967e-21, 0, 0, 0.721432, 1.80448e-12, 0, 24.438, 0.978172, 0.0740231, 292.418
7570, 2.8084e-12, 0.591538, 0.136057, 0, 0, 2.72209e-22, 0, 0, 0.727595, 2.07993e-13, 0, 26.5984, 0.97816, 0.0739842, 292.791
7571, 1.86001e-13, 0.629057, 0.101885, 0, 0, 1.92587e-23, 0, 0, 0.730942, 1.37734e-14, 0, 29.313, 0.978148, 0.0739447, 292.989
7572, 7.38931e-15, 0.625818, 0.104696, 0, 0, 8.08448e-25, 0, 0, 0.730514, 5.47103e-16, 0, 32.5387, 0.978136, 0.0739072, 292.954
7573, 1.64814e-16, 0.633561, 0.0978148, 0, 0, 1.87972e-26, 0, 0, 0.731376, 1.22018e-17, 0, 36.3417, 0.978124, 0.0738707, 292.998
7574, 1.84871e-18, 0.668965, 0.0662906, 0, 0, 2.17233e-28, 0, 0, 0.735256, 1.36861e-19, 0, 40.832, 0.978112, 0.0738333, 293.228
7575, 9.63474e-21, 0.701223, 0.0376798, 0, 0, 1.1561e-30, 0, 0, 0.738902, 7.13252e-22, 0, 46.0889, 0.9781, 0.0737941, 293.443
7576, 2.236e-23, 0.704327, 0.0350097, 0, 0, 2.72212e-33, 0, 0, 0.739336, 1.65527e-24, 0, 52.1548, 0.978088, 0.0737534, 293.461
7577, 2.27314e-26, 0.685796, 0.0515331, 0, 0, 2.79433e-36, 0, 0, 0.737329, 1.68272e-27, 0, 59.046, 0.978076, 0.0737144, 293.329
7578, 1.11755e-29, 0.673614, 0.0624473, 0, 0, 1.3734e-39, 0, 0, 0.736061, 8.27089e-31, 0, 66.6638, 0.978064, 0.0736782, 293.242
7579, 8.51739e-33, 0.682179, 0.054976, 0, 0, 1.00333e-42, 0, 0, 0.737155, 6.29523e-34, 0, 73.8432, 0.978052, 0.0736414, 293.301
7580, 1.54384e-35, 0.703947, 0.0358382, 0, 0, 1.4013e-45, 0, 0, 0.739786, 1.14049e-36, 0, 80.1562, 0.97804, 0.0736024, 293.453
7581, 1.22665e-30, 0.723761, 0.0184768, 0, 0, 1.3225e-40, 0, 0, 0.742237, 8.99426e-32, 0, 68.8733, 0.978028, 0.0735636, 293.594
7582, 4.98124e-28, 0.729968, 0.0131383, 0, 0, 4.30861e-38, 0, 0, 0.743106, 3.65068e-29, 0, 62.8667, 0.978016, 0.0735258, 293.638
7583, 4.43699e-26, 0.7178, 0.0240115, 0, 0, 3.73929e-36, 0, 0, 0.741811, 3.25154e-27, 0, 58.3772, 0.978004, 0.0734879, 293.551
7584, 1.59638e-24, 0.690093, 0.0486927, 0, 0, 1.32781e-34, 0, 0, 0.738786, 1.16982e-25, 0, 54.7943, 0.977992, 0.0734492, 293.357
7585, 2.59417e-23, 0.654802, 0.0802839, 0, 0, 2.14365e-33, 0, 0, 0.735086, 1.90093e-24, 0, 52.0062, 0.97798, 0.0734113, 293.12
7586, 1.91009e-22, 0.620818, 0.110924, 0, 0, 1.57552e-32, 0, 0, 0.731741, 1.39962e-23, 0, 50.0097, 0.977968, 0.0733749, 292.905
7587, 6.35553e-22, 0.597289, 0.132321, 0, 0, 5.24942e-32, 0, 0, 0.72961, 4.65693e-23, 0, 48.8075, 0.977956, 0.073338, 292.765
7588, 9.48792e-22, 0.595538, 0.134118, 0, 0, 7.86464e-32, 0, 0, 0.729657, 6.95203e-23, 0, 48.4069, 0.977944, 0.0733004, 292.759
7589, 6.29453e-22, 0.613728, 0.117856, 0, 0, 5.24674e-32, 0, 0, 0.731585, 4.61209e-23, 0, 48.8172, 0.977932, 0.0732624, 292.869
7590, 1.84013e-22, 0.632985, 0.10057, 0, 0, 1.54622e-32, 0, 0, 0.733555, 1.34827e-23, 0, 50.047, 0.97792, 0.0732243, 292.982
7591, 2.35987e-23, 0.657344, 0.0788431, 0, 0, 2.00596e-33, 0, 0, 0.736187, 1.72907e-24, 0, 52.1008, 0.977908, 0.0731859, 293.135
7592, 2.32235e-24, 0.692378, 0.047755, 0, 0, 2.08165e-34, 0, 0, 0.740133, 1.69836e-25, 0, 54.4195, 0.977896, 0.0731468, 293.369
7593, 4.55946e-23, 0.714258, 0.0284502, 0, 0, 4.16783e-33, 0, 0, 0.742708, 3.32587e-24, 0, 51.4423, 0.977884, 0.073107, 293.517
7594, 1.06649e-20, 0.702246, 0.0392644, 0, 0, 1.45567e-30, 0, 0, 0.74151, 7.76989e-22, 0, 45.9873, 0.977872, 0.0730678, 293.435
7595, 3.18271e-18, 0.661954, 0.0753477, 0, 0, 3.47858e-28, 0, 0, 0.737302, 2.31736e-19, 0, 40.2888, 0.97786, 0.0730302, 293.169
7596, 1.78129e-16, 0.615543, 0.117156, 0, 0, 1.87984e-26, 0, 0, 0.7327, 1.29689e-17, 0, 36.264, 0.977848, 0.0729932, 292.876
7597, 4.55142e-15, 0.584451, 0.145385, 0, 0, 4.64915e-25, 0, 0, 0.729836, 3.31351e-16, 0, 33.0233, 0.977836, 0.0729569, 292.691
7598, 5.34537e-14, 0.567796, 0.160737, 0, 0, 5.31553e-24, 0, 0, 0.728534, 3.89123e-15, 0, 30.56, 0.977824, 0.0729201, 292.601
7599, 3.10261e-13, 0.540721, 0.185848, 0, 0, 3.05421e-23, 0, 0, 0.726569, 2.25831e-14, 0, 28.8014, 0.977812, 0.0728828, 292.471
7600, 1.0614e-12, 0.502942, 0.220905, 0, 0, 1.08492e-22, 0, 0, 0.723847, 7.72403e-14, 0, 27.5714, 0.9778, 0.0728458, 292.293
7601, 2.54272e-12, 0.477731, 0.244414, 0, 0, 2.82082e-22, 0, 0, 0.722145, 1.84998e-13, 0, 26.6978, 0.977788, 0.0728087, 292.178
7602, 3.9162e-12, 0.474573, 0.247503, 0, 0, 4.65037e-22, 0, 0, 0.722076, 2.84888e-13, 0, 26.2659, 0.977776, 0.0727711, 292.165
7603, 3.19607e-12, 0.498801, 0.225257, 0, 0, 3.94546e-22, 0, 0, 0.724059, 2.32486e-13, 0, 26.4691, 0.977764, 0.0727324, 292.279
7604, 1.24941e-12, 0.554908, 0.173923, 0, 0, 1.57081e-22, 0, 0, 0.728831, 9.08792e-14, 0, 27.4083, 0.977752, 0.0726913, 292.567
7605, 2.26207e-13, 0.625728, 0.109652, 0, 0, 2.85164e-23, 0, 0, 0.735381, 1.6453e-14, 0, 29.1173, 0.97774, 0.0726494, 292.963
7606, 1.87972e-14, 0.66353, 0.0755808, 0, 0, 2.34368e-24, 0, 0, 0.739111, 1.36713e-15, 0, 31.6051, 0.977728, 0.0726115, 293.183
7607, 7.48002e-16, 0.636847, 0.0997282, 0, 0, 8.9732e-26, 0, 0, 0.736575, 5.43922e-17, 0, 34.8291, 0.977716, 0.0725767, 293.019
7608, 1.06286e-16, 0.582722, 0.148743, 0, 0, 8.67113e-27, 0, 0, 0.731465, 7.7076e-18, 0, 36.7804, 0.977704, 0.072542, 292.695
7609, 1.20605e-16, 0.556563, 0.172544, 0, 0, 9.08815e-27, 0, 0, 0.729108, 8.74254e-18, 0, 36.654, 0.977692, 0.0725062, 292.54
7610, 6.87359e-17, 0.574786, 0.15608, 0, 0, 5.04903e-27, 0, 0, 0.730866, 4.98247e-18, 0, 37.2163, 0.97768, 0.0724688, 292.64
7611, 1.73416e-17, 0.62471, 0.111052, 0, 0, 1.22934e-27, 0, 0, 0.735762, 1.257e-18, 0, 38.5934, 0.977668, 0.0724304, 292.934
7612, 1.93795e-18, 0.680616, 0.0609655, 0, 0, 1.30567e-28, 0, 0, 0.741582, 1.40466e-19, 0, 40.7849, 0.977656, 0.0723929, 293.283
7613, 9.66704e-20, 0.710545, 0.0343331, 0, 0, 6.07142e-30, 0, 0, 0.744878, 7.00642e-21, 0, 43.783, 0.977644, 0.0723564, 293.476
7614, 2.18052e-21, 0.699192, 0.0445187, 0, 0, 1.25275e-31, 0, 0, 0.743711, 1.58027e-22, 0, 47.5747, 0.977632, 0.0723201, 293.396
7615, 2.25788e-23, 0.666616, 0.0736312, 0, 0, 1.17658e-33, 0, 0, 0.740247, 1.63621e-24, 0, 52.145, 0.97762, 0.0722827, 293.175
7616, 1.52898e-25, 0.649129, 0.0893508, 0, 0, 6.58533e-36, 0, 0, 0.73848, 1.10585e-26, 0, 57.14, 0.977608, 0.0722436, 293.058
7617, 2.55663e-21, 0.664989, 0.0753479, 0, 0, 2.0977e-31, 0, 0, 0.740337, 1.84032e-22, 0, 47.4156, 0.977596, 0.0722048, 293.163
7618, 2.0047e-17, 0.699241, 0.0449957, 0, 0, 1.24512e-27, 0, 0, 0.744237, 1.44209e-18, 0, 38.4484, 0.977584, 0.0721679, 293.393
7619, 1.58075e-15, 0.71637, 0.0299379, 0, 0, 9.63728e-26, 0, 0, 0.746308, 1.13709e-16, 0, 34.0809, 0.977572, 0.0721327, 293.511
7620, 6.66012e-14, 0.691504, 0.0523569, 0, 0, 3.96705e-24, 0, 0, 0.743861, 4.7906e-15, 0, 30.3401, 0.97756, 0.0720973, 293.353
7621, 1.28756e-12, 0.629856, 0.107949, 0, 0, 7.43632e-23, 0, 0, 0.737806, 9.26086e-14, 0, 27.3783, 0.977548, 0.0720606, 292.973
7622, 1.16215e-11, 0.559018, 0.172462, 0, 0, 6.45928e-22, 0, 0, 0.73148, 8.35827e-13, 0, 25.1782, 0.977536, 0.072023, 292.574
7623, 5.66843e-11, 0.49704, 0.229714, 0, 0, 3.07154e-21, 0, 0, 0.726754, 4.07576e-12, 0, 23.5935, 0.977524, 0.0719843, 292.272
7624, 2.79759e-10, 0.449798, 0.273884, 0, 0, 1.66762e-20, 0, 0, 0.723682, 2.01007e-11, 0, 21.9971, 0.977512, 0.0719458, 292.072
7625, 1.8773e-09, 0.419118, 0.302847, 0, 0, 1.28246e-19, 0, 0, 0.721965, 1.34814e-10, 0, 20.0934, 0.9775, 0.0719091, 291.956
7626, 9.74e-09, 0.395878, 0.324948, 0, 0, 7.40514e-19, 0, 0, 0.720825, 6.99254e-10, 0, 18.447, 0.977488, 0.0718731, 291.876
7627, 3.27233e-08, 0.375894, 0.343988, 0, 0, 2.75106e-18, 0, 0, 0.719883, 2.34873e-09, 0, 17.2352, 0.977476, 0.0718369, 291.808
7628, 6.6171e-08, 0.361029, 0.358179, 0, 0, 6.01578e-18, 0, 0, 0.719209, 4.7487e-09, 0, 16.531, 0.977464, 0.0718006, 291.758
7629, 7.55124e-08, 0.357381, 0.361772, 0, 0, 7.17695e-18, 0, 0, 0.719154, 5.41826e-09, 0, 16.399, 0.977452, 0.0717637, 291.745
7630, 5.61146e-08, 0.36563, 0.354119, 0, 0, 5.59936e-18, 0, 0, 0.719749, 4.02463e-09, 0, 16.6959, 0.97744, 0.0717261, 291.774
7631, 6.01971e-08, 0.365392, 0.35448, 0, 0, 6.73426e-18, 0, 0, 0.719871, 4.3131e-09, 0, 16.6256, 0.977428, 0.0716871, 291.773
7632, 9.27635e-08, 0.351657, 0.367603, 0, 0, 1.03197e-17, 0, 0, 0.71926, 6.64321e-09, 0, 16.1932, 0.977416, 0.0716473, 291.726
7633, 1.01594e-07, 0.342733, 0.376195, 0, 0, 1.0004e-17, 0, 0, 0.718928, 7.27342e-09, 0, 16.1023, 0.977404, 0.0716104, 291.696
7634, 7.31471e-08, 0.346782, 0.372531, 0, 0, 5.97967e-18, 0, 0, 0.719313, 5.23504e-09, 0, 16.4308, 0.977392, 0.0715767, 291.712
7635, 4.61725e-08, 0.356935, 0.363069, 0, 0, 3.5659e-18, 0, 0, 0.720004, 3.30232e-09, 0, 16.8909, 0.97738, 0.071542, 291.746
7636, 5.70637e-08, 0.359105, 0.361123, 0, 0, 5.15598e-18, 0, 0, 0.720228, 4.07806e-09, 0, 16.6791, 0.977368, 0.0715057, 291.752
7637, 7.3164e-08, 0.356489, 0.363708, 0, 0, 6.92343e-18, 0, 0, 0.720198, 5.22762e-09, 0, 16.4306, 0.977356, 0.071469, 291.741
7638, 5.09215e-08, 0.363661, 0.357066, 0, 0, 4.84035e-18, 0, 0, 0.720726, 3.63804e-09, 0, 16.793, 0.977344, 0.0714322, 291.766
7639, 1.91464e-08, 0.382516, 0.339384, 0, 0, 1.73682e-18, 0, 0, 0.721899, 1.3676e-09, 0, 17.7712, 0.977332, 0.0713952, 291.83
7640, 5.39339e-09, 0.41863, 0.30552, 0, 0, 4.27047e-19, 0, 0, 0.72415, 3.85031e-10, 0, 19.0381, 0.97732, 0.0713579, 291.962
7641, 1.53635e-09, 0.481675, 0.246778, 0, 0, 1.16413e-19, 0, 0, 0.728453, 1.09627e-10, 0, 20.2939, 0.977308, 0.0713207, 292.222
7642, 3.11752e-10, 0.56442, 0.170488, 0, 0, 2.58386e-20, 0, 0, 0.734908, 2.22418e-11, 0, 21.8888, 0.977296, 0.0712837, 292.613
7643, 3.30845e-11, 0.64314, 0.0988321, 0, 0, 3.0414e-21, 0, 0, 0.741972, 2.36029e-12, 0, 24.132, 0.977284, 0.0712465, 293.04
7644, 1.92473e-12, 0.685346, 0.0608397, 0, 0, 1.85387e-22, 0, 0, 0.746186, 1.37235e-13, 0, 26.9762, 0.977272, 0.0712099, 293.289
7645, 7.62558e-12, 0.664321, 0.0799883, 0, 0, 5.43097e-22, 0, 0, 0.744309, 5.41494e-13, 0, 25.5995, 0.97726, 0.0711737, 293.166
7646, 1.31153e-10, 0.592032, 0.145782, 0, 0, 9.58969e-21, 0, 0, 0.737814, 9.3119e-12, 0, 22.7547, 0.977248, 0.0711357, 292.758
7647, 1.19519e-09, 0.507882, 0.223214, 0, 0, 8.74907e-20, 0, 0, 0.731096, 8.4846e-11, 0, 20.545, 0.977236, 0.0710967, 292.334
7648, 5.76994e-09, 0.43901, 0.287439, 0, 0, 4.15566e-19, 0, 0, 0.726449, 4.0954e-10, 0, 18.9706, 0.977224, 0.0710589, 292.037
7649, 1.44265e-08, 0.395429, 0.328519, 0, 0, 1.01679e-18, 0, 0, 0.723948, 1.02384e-09, 0, 18.0542, 0.977212, 0.0710231, 291.872
7650, 1.80937e-08, 0.380302, 0.342934, 0, 0, 1.24809e-18, 0, 0, 0.723236, 1.284e-09, 0, 17.8277, 0.9772, 0.0709884, 291.819
7651, 1.13703e-08, 0.385912, 0.33777, 0, 0, 7.57526e-19, 0, 0, 0.723682, 8.06788e-10, 0, 18.2923, 0.977188, 0.0709525, 291.838
7652, 4.77324e-09, 0.391114, 0.333, 0, 0, 2.66864e-19, 0, 0, 0.724114, 3.38464e-10, 0, 19.1602, 0.977176, 0.0709154, 291.857
7653, 3.33886e-09, 0.391999, 0.332336, 0, 0, 1.28986e-19, 0, 0, 0.724336, 2.36488e-10, 0, 19.5176, 0.977164, 0.0708798, 291.862
7654, 2.43792e-09, 0.41176, 0.313844, 0, 0, 8.42268e-20, 0, 0, 0.725604, 1.72638e-10, 0, 19.8321, 0.977152, 0.0708449, 291.933
7655, 9.13747e-10, 0.445992, 0.281685, 0, 0, 3.07566e-20, 0, 0, 0.727677, 6.47076e-11, 0, 20.8135, 0.97714, 0.0708081, 292.053
7656, 1.57224e-10, 0.463901, 0.26491, 0, 0, 5.19843e-21, 0, 0, 0.728811, 1.11346e-11, 0, 22.5733, 0.977128, 0.0707696, 292.115
7657, 1.2226e-11, 0.463892, 0.265025, 0, 0, 3.97482e-22, 0, 0, 0.728917, 8.65871e-13, 0, 25.1275, 0.977116, 0.0707329, 292.113
7658, 1.65833e-12, 0.468527, 0.260948, 0, 0, 3.42096e-23, 0, 0, 0.729474, 1.16788e-13, 0, 27.1252, 0.977104, 0.0706986, 292.139
7659, 1.59457e-11, 0.49228, 0.239336, 0, 0, 2.69376e-22, 0, 0, 0.731617, 1.12109e-12, 0, 24.8618, 0.977092, 0.0706639, 292.264
7660, 8.99971e-11, 0.499806, 0.233042, 0, 0, 1.5393e-21, 0, 0, 0.732847, 6.3297e-12, 0, 23.1312, 0.97708, 0.0706277, 292.332
7661, 2.26784e-10, 0.447999, 0.281753, 0, 0, 3.93704e-21, 0, 0, 0.729752, 1.59577e-11, 0, 22.207, 0.977068, 0.0705913, 292.131
7662, 2.63118e-10, 0.387735, 0.338101, 0, 0, 4.63179e-21, 0, 0, 0.725836, 1.85245e-11, 0, 22.0584, 0.977056, 0.070555, 291.879
7663, 1.65409e-10, 0.36259, 0.361736, 0, 0, 2.93637e-21, 0, 0, 0.724326, 1.16514e-11, 0, 22.5226, 0.977044, 0.0705181, 291.776
7664, 1.57701e-10, 0.354838, 0.369187, 0, 0, 2.90682e-21, 0, 0, 0.724025, 1.11034e-11, 0, 22.5703, 0.977032, 0.0704817, 291.748
7665, 6.17858e-10, 0.350302, 0.373622, 0, 0, 1.2397e-20, 0, 0, 0.723924, 4.34549e-11, 0, 21.2048, 0.97702, 0.0704463, 291.734
7666, 2.88246e-09, 0.344243, 0.379485, 0, 0, 6.12544e-20, 0, 0, 0.723727, 2.02604e-10, 0, 19.6646, 0.977008, 0.0704105, 291.713
7667, 8.86856e-09, 0.335652, 0.387722, 0, 0, 1.94372e-19, 0, 0, 0.723373, 6.23072e-10, 0, 18.5408, 0.976996, 0.0703742, 291.682
7668, 1.44346e-08, 0.328289, 0.394806, 0, 0, 3.20893e-19, 0, 0, 0.723095, 1.01375e-09, 0, 18.0536, 0.976984, 0.0703377, 291.656
7669, 1.13801e-08, 0.332259, 0.391205, 0, 0, 2.53585e-19, 0, 0, 0.723464, 7.9901e-10, 0, 18.2914, 0.976972, 0.0703014, 291.671
7670, 4.45077e-09, 0.346031, 0.378323, 0, 0, 9.79159e-20, 0, 0, 0.724354, 3.1244e-10, 0, 19.2302, 0.97696, 0.0702649, 291.718
7671, 2.33797e-09, 0.351297, 0.373482, 0, 0, 5.78907e-20, 0, 0, 0.724779, 1.64009e-10, 0, 19.874, 0.976948, 0.0702284, 291.736
7672, 1.16353e-08, 0.341844, 0.382557, 0, 0, 3.27182e-19, 0, 0, 0.724401, 8.15756e-10, 0, 18.2692, 0.976936, 0.0701926, 291.704
7673, 4.41534e-08, 0.326685, 0.396942, 0, 0, 1.2588e-18, 0, 0, 0.723627, 3.09536e-09, 0, 16.9356, 0.976924, 0.0701579, 291.647
7674, 7.81393e-08, 0.316637, 0.406466, 0, 0, 2.23166e-18, 0, 0, 0.723103, 5.47753e-09, 0, 16.3648, 0.976912, 0.0701228, 291.606
7675, 7.27327e-08, 0.321325, 0.402169, 0, 0, 2.06428e-18, 0, 0, 0.723495, 5.09694e-09, 0, 16.4365, 0.9769, 0.0700868, 291.622
7676, 8.42749e-08, 0.324358, 0.399403, 0, 0, 2.38623e-18, 0, 0, 0.723761, 5.8991e-09, 0, 16.2892, 0.976888, 0.0700506, 291.63
7677, 1.95674e-07, 0.309739, 0.413138, 0, 0, 5.80818e-18, 0, 0, 0.722877, 1.36845e-08, 0, 15.4468, 0.976876, 0.070015, 291.566
7678, 3.94955e-07, 0.293873, 0.427935, 0, 0, 1.23055e-17, 0, 0, 0.721807, 2.76058e-08, 0, 14.7445, 0.976864, 0.0699796, 291.49
7679, 4.74189e-07, 0.294233, 0.427605, 0, 0, 1.50973e-17, 0, 0, 0.721838, 3.31319e-08, 0, 14.5617, 0.976852, 0.069944, 291.484
7680, 2.96e-07, 0.305344, 0.417538, 0, 0, 9.32826e-18, 0, 0, 0.722882, 2.06756e-08, 0, 15.0329, 0.97684, 0.069908, 291.541
7681, 1.08079e-07, 0.308452, 0.415071, 0, 0, 3.16417e-18, 0, 0, 0.723523, 7.54579e-09, 0, 16.0404, 0.976828, 0.0698716, 291.573
7682, 3.97549e-08, 0.308671, 0.415175, 0, 0, 1.0459e-18, 0, 0, 0.723846, 2.77316e-09, 0, 17.0405, 0.976816, 0.0698348, 291.584
7683, 6.24822e-08, 0.310911, 0.413205, 0, 0, 2.07834e-18, 0, 0, 0.724117, 4.34935e-09, 0, 16.5884, 0.976804, 0.069799, 291.593
7684, 2.71483e-07, 0.303312, 0.420187, 0, 0, 1.02149e-17, 0, 0, 0.723499, 1.88977e-08, 0, 15.1194, 0.976792, 0.0697642, 291.546
7685, 7.0127e-07, 0.289654, 0.432606, 0, 0, 2.77928e-17, 0, 0, 0.72226, 4.88306e-08, 0, 14.1704, 0.97678, 0.0697288, 291.46
7686, 1.13432e-06, 0.283862, 0.437785, 0, 0, 4.80499e-17, 0, 0, 0.721647, 7.89705e-08, 0, 13.6895, 0.976768, 0.0696925, 291.413
7687, 1.94548e-06, 0.280777, 0.440308, 0, 0, 9.08506e-17, 0, 0, 0.721085, 1.35349e-07, 0, 13.15, 0.976756, 0.0696561, 291.369
7688, 3.19263e-06, 0.270336, 0.449342, 0, 0, 1.5438e-16, 0, 0, 0.719678, 2.2206e-07, 0, 12.6547, 0.976744, 0.0696189, 291.272
7689, 3.09835e-06, 0.264385, 0.454989, 0, 0, 1.46218e-16, 0, 0, 0.719373, 2.1549e-07, 0, 12.6846, 0.976732, 0.0695806, 291.244
7690, 1.65662e-06, 0.271391, 0.44952, 0, 0, 7.17471e-17, 0, 0, 0.72091, 1.15196e-07, 0, 13.3107, 0.97672, 0.0695442, 291.333
7691, 5.70047e-07, 0.286177, 0.436726, 0, 0, 2.1016e-17, 0, 0, 0.722903, 3.96243e-08, 0, 14.3775, 0.976708, 0.0695106, 291.449
7692, 1.69646e-07, 0.299163, 0.42515, 0, 0, 5.11067e-18, 0, 0, 0.724313, 1.17847e-08, 0, 15.5896, 0.976696, 0.069476, 291.529
7693, 1.12846e-07, 0.301248, 0.423387, 0, 0, 2.89037e-18, 0, 0, 0.724635, 7.82872e-09, 0, 15.9972, 0.976684, 0.0694398, 291.541
7694, 1.84647e-07, 0.294484, 0.429731, 0, 0, 5.22122e-18, 0, 0, 0.724215, 1.28007e-08, 0, 15.5048, 0.976672, 0.0694046, 291.506
7695, 4.07605e-07, 0.287704, 0.436006, 0, 0, 1.67151e-17, 0, 0, 0.72371, 2.82391e-08, 0, 14.713, 0.97666, 0.0693706, 291.466
7696, 1.35145e-06, 0.28251, 0.440407, 0, 0, 7.10148e-17, 0, 0, 0.722916, 9.35743e-08, 0, 13.5143, 0.976648, 0.0693361, 291.408
7697, 3.64714e-06, 0.272391, 0.448569, 0, 0, 1.97037e-16, 0, 0, 0.72096, 2.52447e-07, 0, 12.5216, 0.976636, 0.0693005, 291.277
7698, 5.71542e-06, 0.260083, 0.458777, 0, 0, 2.93254e-16, 0, 0, 0.718861, 3.95512e-07, 0, 12.0723, 0.976624, 0.0692652, 291.136
7699, 5.21011e-06, 0.257838, 0.46109, 0, 0, 2.44488e-16, 0, 0, 0.718928, 3.60459e-07, 0, 12.1649, 0.976612, 0.0692307, 291.132
7700, 3.08365e-06, 0.265515, 0.455316, 0, 0, 1.31686e-16, 0, 0, 0.720832, 2.13262e-07, 0, 12.6894, 0.9766, 0.0691958, 291.244
7701, 1.78188e-06, 0.272021, 0.450212, 0, 0, 7.25907e-17, 0, 0, 0.722233, 1.2311e-07, 0, 13.2378, 0.976588, 0.0691604, 291.323
7702, 1.50894e-06, 0.276411, 0.446414, 0, 0, 6.17595e-17, 0, 0, 0.722824, 1.0415e-07, 0, 13.4041, 0.976576, 0.069125, 291.352
7703, 1.10567e-06, 0.284613, 0.439173, 0, 0, 4.27699e-17, 0, 0, 0.723785, 7.62514e-08, 0, 13.7151, 0.976564, 0.0690889, 291.404
7704, 5.92394e-07, 0.297917, 0.427259, 0, 0, 1.96106e-17, 0, 0, 0.725176, 4.07972e-08, 0, 14.3391, 0.976552, 0.0690527, 291.483
7705, 2.53803e-07, 0.317371, 0.409512, 0, 0, 7.26867e-18, 0, 0, 0.726884, 1.74621e-08, 0, 15.1867, 0.97654, 0.0690178, 291.581
7706, 7.26704e-08, 0.336646, 0.391754, 0, 0, 1.98007e-18, 0, 0, 0.7284, 4.9997e-09, 0, 16.4373, 0.976528, 0.0689837, 291.668
7707, 1.5557e-08, 0.360126, 0.369802, 0, 0, 3.97415e-19, 0, 0, 0.729928, 1.07007e-09, 0, 17.9788, 0.976516, 0.0689489, 291.755
7708, 6.60483e-09, 0.407817, 0.325077, 0, 0, 1.53497e-19, 0, 0, 0.732894, 4.53727e-10, 0, 18.8355, 0.976504, 0.0689132, 291.931
7709, 3.23948e-09, 0.475684, 0.2616, 0, 0, 7.51904e-20, 0, 0, 0.737283, 2.22427e-10, 0, 19.5479, 0.976492, 0.0688779, 292.195
7710, 8.27771e-10, 0.543605, 0.198619, 0, 0, 1.94401e-20, 0, 0, 0.742223, 5.68279e-11, 0, 20.9123, 0.97648, 0.0688429, 292.492
7711, 1.01833e-10, 0.615145, 0.13311, 0, 0, 2.5547e-21, 0, 0, 0.748254, 6.99016e-12, 0, 23.0077, 0.976468, 0.0688071, 292.855
7712, 2.77822e-10, 0.661203, 0.0912125, 0, 0, 1.29548e-20, 0, 0, 0.752415, 1.90437e-11, 0, 22.004, 0.976456, 0.0687713, 293.101
7713, 5.37454e-09, 0.639076, 0.111727, 0, 0, 2.72342e-19, 0, 0, 0.750803, 3.68423e-10, 0, 19.0416, 0.976444, 0.0687372, 292.994
7714, 5.0284e-08, 0.54672, 0.196969, 0, 0, 2.71022e-18, 0, 0, 0.743689, 3.44691e-09, 0, 16.8056, 0.976432, 0.0687034, 292.549
7715, 2.2684e-07, 0.431556, 0.303812, 0, 0, 1.26653e-17, 0, 0, 0.735368, 1.55471e-08, 0, 15.299, 0.97642, 0.0686688, 292.027
7716, 5.04998e-07, 0.352218, 0.377891, 0, 0, 2.81023e-17, 0, 0, 0.730109, 3.45989e-08, 0, 14.4987, 0.976408, 0.0686338, 291.691
7717, 5.74239e-07, 0.322153, 0.406243, 0, 0, 3.04293e-17, 0, 0, 0.728396, 3.93219e-08, 0, 14.3702, 0.976396, 0.0685988, 291.576
7718, 3.5291e-07, 0.320596, 0.408091, 0, 0, 1.6994e-17, 0, 0, 0.728687, 2.41524e-08, 0, 14.8571, 0.976384, 0.0685638, 291.586
7719, 1.82241e-07, 0.319585, 0.409396, 0, 0, 7.41517e-18, 0, 0, 0.728981, 1.24645e-08, 0, 15.5179, 0.976372, 0.0685288, 291.596
7720, 3.11575e-07, 0.310287, 0.418167, 0, 0, 1.24457e-17, 0, 0, 0.728454, 2.12991e-08, 0, 14.9816, 0.97636, 0.0684934, 291.555
7721, 6.01974e-07, 0.303783, 0.424101, 0, 0, 2.6173e-17, 0, 0, 0.727884, 4.11487e-08, 0, 14.3231, 0.976348, 0.0684575, 291.511
7722, 6.2277e-07, 0.306697, 0.421434, 0, 0, 2.82863e-17, 0, 0, 0.72813, 4.25687e-08, 0, 14.2891, 0.976336, 0.0684217, 291.518
7723, 4.12465e-07, 0.308069, 0.420445, 0, 0, 1.71147e-17, 0, 0, 0.728513, 2.81816e-08, 0, 14.7011, 0.976324, 0.0683866, 291.534
7724, 4.44545e-07, 0.299096, 0.428903, 0, 0, 1.45128e-17, 0, 0, 0.727999, 3.03502e-08, 0, 14.6262, 0.976312, 0.0683513, 291.493
7725, 9.00334e-07, 0.285931, 0.440905, 0, 0, 2.99246e-17, 0, 0, 0.726836, 6.14298e-08, 0, 13.9205, 0.9763, 0.0683166, 291.412
7726, 1.67199e-06, 0.280321, 0.445688, 0, 0, 6.04634e-17, 0, 0, 0.726009, 1.14005e-07, 0, 13.3015, 0.976288, 0.0682831, 291.352
7727, 1.96933e-06, 0.290729, 0.435895, 0, 0, 7.54436e-17, 0, 0, 0.726624, 1.3421e-07, 0, 13.1378, 0.976276, 0.0682493, 291.382
7728, 1.41939e-06, 0.307566, 0.420703, 0, 0, 5.71869e-17, 0, 0, 0.728269, 9.66465e-08, 0, 13.4653, 0.976264, 0.0682146, 291.477
7729, 1.43119e-06, 0.30449, 0.423738, 0, 0, 6.3658e-17, 0, 0, 0.728229, 9.72546e-08, 0, 13.457, 0.976252, 0.06818, 291.466
7730, 2.38897e-06, 0.289562, 0.437223, 0, 0, 1.15203e-16, 0, 0, 0.726786, 1.62243e-07, 0, 12.9446, 0.97624, 0.0681452, 291.368
7731, 2.52379e-06, 0.293126, 0.433977, 0, 0, 1.26236e-16, 0, 0, 0.727102, 1.71383e-07, 0, 12.8897, 0.976228, 0.0681091, 291.379
7732, 1.35903e-06, 0.311718, 0.417502, 0, 0, 6.84564e-17, 0, 0, 0.72922, 9.22717e-08, 0, 13.5087, 0.976216, 0.0680719, 291.504
7733, 4.06804e-07, 0.324015, 0.406765, 0, 0, 1.96177e-17, 0, 0, 0.73078, 2.76184e-08, 0, 14.7149, 0.976204, 0.0680359, 291.593
7734, 1.38681e-07, 0.331385, 0.40014, 0, 0, 5.75928e-18, 0, 0, 0.731525, 9.41915e-09, 0, 15.7911, 0.976192, 0.068002, 291.631
7735, 1.84398e-07, 0.332927, 0.398752, 0, 0, 7.18129e-18, 0, 0, 0.731679, 1.25216e-08, 0, 15.5062, 0.97618, 0.0679684, 291.633
7736, 4.33148e-07, 0.324877, 0.406237, 0, 0, 1.67923e-17, 0, 0, 0.731114, 2.9404e-08, 0, 14.6522, 0.976168, 0.0679348, 291.589
7737, 7.73686e-07, 0.322219, 0.408558, 0, 0, 3.0182e-17, 0, 0, 0.730777, 5.24947e-08, 0, 14.0721, 0.976156, 0.0679014, 291.56
7738, 1.12615e-06, 0.320577, 0.409936, 0, 0, 4.61656e-17, 0, 0, 0.730513, 7.63229e-08, 0, 13.6967, 0.976144, 0.067867, 291.535
7739, 1.86755e-06, 0.30843, 0.42104, 0, 0, 9.2921e-17, 0, 0, 0.72947, 1.26465e-07, 0, 13.1909, 0.976132, 0.0678319, 291.462
7740, 3.26875e-06, 0.298393, 0.429939, 0, 0, 1.98384e-16, 0, 0, 0.728333, 2.21308e-07, 0, 12.6311, 0.97612, 0.0677975, 291.382
7741, 4.8127e-06, 0.289387, 0.437813, 0, 0, 3.11024e-16, 0, 0, 0.7272, 3.2584e-07, 0, 12.2443, 0.976108, 0.0677635, 291.303
7742, 4.45124e-06, 0.288875, 0.438594, 0, 0, 2.77842e-16, 0, 0, 0.727468, 3.01376e-07, 0, 12.3223, 0.976096, 0.0677293, 291.312
7743, 2.42764e-06, 0.305464, 0.424189, 0, 0, 1.41901e-16, 0, 0, 0.729653, 1.64337e-07, 0, 12.9286, 0.976084, 0.0676951, 291.44
7744, 1.42112e-06, 0.319898, 0.411305, 0, 0, 8.9314e-17, 0, 0, 0.731203, 9.61217e-08, 0, 13.4641, 0.976072, 0.0676603, 291.529
7745, 1.38886e-06, 0.330368, 0.401607, 0, 0, 1.0086e-16, 0, 0, 0.731975, 9.38925e-08, 0, 13.487, 0.97606, 0.0676252, 291.569
7746, 9.78969e-07, 0.372966, 0.36203, 0, 0, 7.66015e-17, 0, 0, 0.734996, 6.61759e-08, 0, 13.8368, 0.976048, 0.0675905, 291.749
7747, 3.66101e-07, 0.468564, 0.273369, 0, 0, 2.98865e-17, 0, 0, 0.741933, 2.4746e-08, 0, 14.8204, 0.976036, 0.067556, 292.172
7748, 7.14223e-08, 0.573492, 0.176419, 0, 0, 5.88157e-18, 0, 0, 0.749911, 4.82699e-09, 0, 16.4547, 0.976024, 0.0675225, 292.655
7749, 1.77201e-08, 0.594162, 0.157456, 0, 0, 1.14539e-18, 0, 0, 0.751618, 1.19451e-09, 0, 17.8486, 0.976012, 0.0674893, 292.752
7750, 5.76986e-08, 0.511242, 0.234215, 0, 0, 2.99616e-18, 0, 0, 0.745456, 3.88358e-09, 0, 16.668, 0.976, 0.0674552, 292.365
7751, 1.48872e-07, 0.410352, 0.328104, 0, 0, 7.39226e-18, 0, 0, 0.738456, 1.00212e-08, 0, 15.7202, 0.975988, 0.0674203, 291.924
7752, 2.13355e-07, 0.352361, 0.382524, 0, 0, 1.04693e-17, 0, 0, 0.734885, 1.43623e-08, 0, 15.3603, 0.975976, 0.0673851, 291.694
7753, 2.9582e-07, 0.331436, 0.402325, 0, 0, 1.70865e-17, 0, 0, 0.733761, 1.99069e-08, 0, 15.0335, 0.975964, 0.067351, 291.616
7754, 5.50532e-07, 0.326065, 0.407339, 0, 0, 3.71983e-17, 0, 0, 0.733404, 3.70321e-08, 0, 14.4124, 0.975952, 0.0673173, 291.585
7755, 7.21911e-07, 0.334509, 0.399363, 0, 0, 5.06994e-17, 0, 0, 0.733871, 4.85486e-08, 0, 14.1414, 0.97594, 0.0672831, 291.606
7756, 5.08096e-07, 0.372771, 0.363655, 0, 0, 3.53179e-17, 0, 0, 0.736426, 3.41638e-08, 0, 14.4926, 0.975928, 0.0672485, 291.757
7757, 1.88376e-07, 0.45467, 0.287465, 0, 0, 1.26408e-17, 0, 0, 0.742136, 1.26649e-08, 0, 15.4848, 0.975916, 0.0672138, 292.103
7758, 3.70626e-08, 0.554784, 0.194702, 0, 0, 2.3754e-18, 0, 0, 0.749486, 2.49169e-09, 0, 17.1107, 0.975904, 0.0671796, 292.549
7759, 3.83504e-09, 0.601945, 0.150999, 0, 0, 2.35004e-19, 0, 0, 0.752945, 2.57823e-10, 0, 19.3791, 0.975892, 0.0671456, 292.753
7760, 2.03558e-10, 0.594103, 0.157997, 0, 0, 1.19822e-20, 0, 0, 0.752099, 1.36846e-11, 0, 22.3151, 0.97588, 0.0671109, 292.693
7761, 5.39507e-12, 0.612522, 0.14133, 0, 0, 3.05022e-22, 0, 0, 0.753852, 3.62677e-13, 0, 25.9455, 0.975868, 0.0670749, 292.792
7762, 7.47642e-14, 0.659634, 0.098672, 0, 0, 3.95841e-24, 0, 0, 0.758306, 5.02468e-15, 0, 30.2244, 0.975856, 0.0670389, 293.057
7763, 1.25749e-15, 0.66674, 0.0922319, 0, 0, 5.26409e-26, 0, 0, 0.758972, 8.43856e-17, 0, 34.3097, 0.975844, 0.067005, 293.089
7764, 5.46071e-17, 0.632771, 0.122969, 0, 0, 1.95103e-27, 0, 0, 0.75574, 3.66184e-18, 0, 37.4464, 0.975832, 0.0669721, 292.884
7765, 2.56742e-16, 0.620284, 0.134353, 0, 0, 2.03642e-26, 0, 0, 0.754637, 1.71278e-17, 0, 35.8985, 0.97582, 0.0669382, 292.809
7766, 2.30077e-14, 0.654055, 0.103998, 0, 0, 1.77735e-24, 0, 0, 0.758054, 1.5346e-15, 0, 31.4029, 0.975808, 0.0669034, 293.01
7767, 9.38623e-13, 0.693, 0.0690691, 0, 0, 7.01398e-23, 0, 0, 0.762069, 6.25972e-14, 0, 27.6944, 0.975796, 0.0668681, 293.246
7768, 1.95591e-11, 0.679375, 0.081653, 0, 0, 1.4044e-21, 0, 0, 0.761028, 1.30424e-12, 0, 24.6576, 0.975784, 0.0668325, 293.175
7769, 2.20317e-10, 0.606618, 0.148064, 0, 0, 1.4798e-20, 0, 0, 0.754682, 1.46886e-11, 0, 22.236, 0.975772, 0.0667965, 292.78
7770, 1.62952e-09, 0.517873, 0.229783, 0, 0, 9.73453e-20, 0, 0, 0.747656, 1.08595e-10, 0, 20.235, 0.97576, 0.0667595, 292.34
7771, 1.05643e-08, 0.448649, 0.294285, 0, 0, 5.97358e-19, 0, 0, 0.742934, 7.03641e-10, 0, 18.3658, 0.975748, 0.0667212, 292.04
7772, 5.33759e-08, 0.403107, 0.337167, 0, 0, 3.31707e-18, 0, 0, 0.740274, 3.55418e-09, 0, 16.7459, 0.975736, 0.0666814, 291.868
7773, 1.53124e-07, 0.375455, 0.363335, 0, 0, 1.08191e-17, 0, 0, 0.73879, 1.01953e-08, 0, 15.692, 0.975724, 0.0666397, 291.767
7774, 2.21143e-07, 0.376797, 0.362195, 0, 0, 1.74146e-17, 0, 0, 0.738992, 1.47227e-08, 0, 15.3245, 0.975712, 0.0665941, 291.772
7775, 1.84344e-07, 0.409896, 0.3312, 0, 0, 1.48203e-17, 0, 0, 0.741095, 1.22618e-08, 0, 15.5065, 0.9757, 0.0665398, 291.895
7776, 3.01527e-07, 0.422369, 0.319499, 0, 0, 1.85633e-17, 0, 0, 0.741869, 1.99657e-08, 0, 15.0144, 0.975688, 0.0664683, 291.935
7777, 1.13636e-06, 0.377563, 0.361281, 0, 0, 7.00805e-17, 0, 0, 0.738843, 7.48988e-08, 0, 13.6877, 0.975676, 0.0663442, 291.739
7778, 3.18777e-06, 0.320449, 0.4141, 0, 0, 2.29605e-16, 0, 0, 0.734549, 2.08554e-07, 0, 12.6562, 0.975664, 0.0660256, 291.463
7779, 5.90408e-06, 0.289724, 0.441951, 0, 0, 5.01855e-16, 0, 0, 0.731675, 3.82131e-07, 0, 12.0399, 0.975652, 0.0653064, 291.276
7780, 7.21292e-06, 0.283232, 0.447731, 0, 0, 7.03039e-16, 0, 0, 0.730962, 4.62604e-07, 0, 11.8396, 0.97564, 0.0645831, 291.223
7781, 5.83758e-06, 0.29418, 0.438233, 0, 0, 6.42532e-16, 0, 0, 0.732413, 3.74078e-07, 0, 12.0512, 0.975628, 0.0647612, 291.306
7782, 3.2091e-06, 0.31668, 0.418397, 0, 0, 3.92574e-16, 0, 0, 0.735076, 2.07355e-07, 0, 12.6495, 0.975616, 0.0655302, 291.464
7783, 1.26921e-06, 0.342943, 0.394734, 0, 0, 1.61543e-16, 0, 0, 0.737677, 8.29338e-08, 0, 13.5771, 0.975604, 0.0660136, 291.618
7784, 4.37028e-07, 0.388234, 0.352824, 0, 0, 5.04993e-17, 0, 0, 0.741058, 2.87972e-08, 0, 14.6433, 0.975592, 0.0661586, 291.821
7785, 1.38462e-07, 0.472157, 0.274803, 0, 0, 1.33123e-17, 0, 0, 0.74696, 9.15351e-09, 0, 15.7927, 0.97558, 0.0661842, 292.178
7786, 3.7947e-08, 0.535932, 0.215601, 0, 0, 2.81061e-18, 0, 0, 0.751533, 2.50959e-09, 0, 17.0871, 0.975568, 0.0661778, 292.452
7787, 5.65814e-08, 0.501135, 0.248023, 0, 0, 2.83028e-18, 0, 0, 0.749157, 3.73902e-09, 0, 16.6876, 0.975556, 0.0661614, 292.298
7788, 1.41299e-07, 0.413986, 0.329354, 0, 0, 6.73111e-18, 0, 0, 0.743339, 9.33569e-09, 0, 15.7724, 0.975544, 0.0661392, 291.93
7789, 1.91762e-07, 0.358394, 0.381523, 0, 0, 8.63204e-18, 0, 0, 0.739917, 1.26668e-08, 0, 15.467, 0.975532, 0.0661128, 291.71
7790, 1.70028e-07, 0.340422, 0.398583, 0, 0, 6.77554e-18, 0, 0, 0.739005, 1.12258e-08, 0, 15.5873, 0.97552, 0.0660841, 291.645
7791, 1.7421e-07, 0.331584, 0.406975, 0, 0, 5.37254e-18, 0, 0, 0.738559, 1.14953e-08, 0, 15.563, 0.975508, 0.0660541, 291.61
7792, 3.16704e-07, 0.315065, 0.422341, 0, 0, 8.21896e-18, 0, 0, 0.737407, 2.08911e-08, 0, 14.9653, 0.975496, 0.066023, 291.53
7793, 5.24341e-07, 0.29896, 0.437301, 0, 0, 1.36328e-17, 0, 0, 0.736262, 3.45819e-08, 0, 14.4611, 0.975484, 0.0659912, 291.451
7794, 6.18177e-07, 0.296964, 0.439306, 0, 0, 1.72856e-17, 0, 0, 0.73627, 4.07558e-08, 0, 14.2965, 0.975472, 0.06596, 291.443
7795, 7.90891e-07, 0.297875, 0.438524, 0, 0, 2.44964e-17, 0, 0, 0.7364, 5.21095e-08, 0, 14.0501, 0.97546, 0.0659288, 291.443
7796, 1.31287e-06, 0.290096, 0.445454, 0, 0, 4.27149e-17, 0, 0, 0.735549, 8.645e-08, 0, 13.5433, 0.975448, 0.0658969, 291.382
7797, 2.47844e-06, 0.277215, 0.45666, 0, 0, 9.10702e-17, 0, 0, 0.733875, 1.6309e-07, 0, 12.9079, 0.975436, 0.0658644, 291.27
7798, 4.41981e-06, 0.267694, 0.464571, 0, 0, 1.93963e-16, 0, 0, 0.732265, 2.90642e-07, 0, 12.3294, 0.975424, 0.0658313, 291.161
7799, 5.93142e-06, 0.268194, 0.463782, 0, 0, 2.97265e-16, 0, 0, 0.731976, 3.89831e-07, 0, 12.0352, 0.975412, 0.0657984, 291.135
7800, 5.56678e-06, 0.277474, 0.455753, 0, 0, 3.0854e-16, 0, 0, 0.733227, 3.65766e-07, 0, 12.0987, 0.9754, 0.0657655, 291.206
7801, 3.7238e-06, 0.292564, 0.442853, 0, 0, 2.2155e-16, 0, 0, 0.735418, 2.44677e-07, 0, 12.5008, 0.975388, 0.0657324, 291.335
7802, 1.65866e-06, 0.312031, 0.425898, 0, 0, 9.89741e-17, 0, 0, 0.737929, 1.0899e-07, 0, 13.3095, 0.975376, 0.0656995, 291.483
7803, 5.11494e-07, 0.333835, 0.406222, 0, 0, 2.78873e-17, 0, 0, 0.740057, 3.35985e-08, 0, 14.4859, 0.975364, 0.0656675, 291.608
7804, 2.39908e-07, 0.364728, 0.377452, 0, 0, 1.23165e-17, 0, 0, 0.74218, 1.57373e-08, 0, 15.243, 0.975352, 0.0656356, 291.732
7805, 2.31228e-07, 0.400241, 0.344209, 0, 0, 1.4109e-17, 0, 0, 0.74445, 1.51529e-08, 0, 15.2799, 0.97534, 0.0656031, 291.865
7806, 2.71299e-07, 0.400532, 0.344016, 0, 0, 1.85411e-17, 0, 0, 0.744548, 1.77694e-08, 0, 15.12, 0.975328, 0.0655702, 291.863
7807, 2.88847e-07, 0.372662, 0.370241, 0, 0, 1.83293e-17, 0, 0, 0.742903, 1.89167e-08, 0, 15.0574, 0.975316, 0.0655371, 291.753
7808, 2.05578e-07, 0.364693, 0.377838, 0, 0, 1.13839e-17, 0, 0, 0.742531, 1.34621e-08, 0, 15.3974, 0.975304, 0.0655041, 291.723
7809, 9.29625e-08, 0.388058, 0.356033, 0, 0, 4.78244e-18, 0, 0, 0.744091, 6.08595e-09, 0, 16.1911, 0.975292, 0.0654714, 291.811
7810, 3.37162e-08, 0.44662, 0.301429, 0, 0, 1.90466e-18, 0, 0, 0.748049, 2.20646e-09, 0, 17.2053, 0.97528, 0.0654389, 292.049
7811, 1.09833e-08, 0.541016, 0.213951, 0, 0, 6.97333e-19, 0, 0, 0.754966, 7.18548e-10, 0, 18.3269, 0.975268, 0.0654059, 292.467
7812, 6.75139e-09, 0.609838, 0.150512, 0, 0, 4.18433e-19, 0, 0, 0.76035, 4.40399e-10, 0, 18.8135, 0.975256, 0.0653726, 292.789
7813, 5.85298e-08, 0.578099, 0.179915, 0, 0, 3.59762e-18, 0, 0, 0.758014, 3.81432e-09, 0, 16.6537, 0.975244, 0.0653395, 292.638
7814, 4.1163e-07, 0.473623, 0.276715, 0, 0, 2.60998e-17, 0, 0, 0.750339, 2.68254e-08, 0, 14.7031, 0.975232, 0.0653072, 292.159
7815, 1.76155e-06, 0.37577, 0.367525, 0, 0, 1.17686e-16, 0, 0, 0.743295, 1.14762e-07, 0, 13.2493, 0.97522, 0.0652749, 291.715
7816, 4.62039e-06, 0.31572, 0.422698, 0, 0, 3.20559e-16, 0, 0, 0.738417, 3.00899e-07, 0, 12.285, 0.975208, 0.0652421, 291.404
7817, 7.19498e-06, 0.286342, 0.449222, 0, 0, 4.94506e-16, 0, 0, 0.735564, 4.6848e-07, 0, 11.8421, 0.975196, 0.0652087, 291.218
7818, 7.34027e-06, 0.275323, 0.459429, 0, 0, 4.72943e-16, 0, 0, 0.734752, 4.77944e-07, 0, 11.8221, 0.975184, 0.0651744, 291.159
7819, 8.45934e-06, 0.269344, 0.464643, 0, 0, 5.20823e-16, 0, 0, 0.733988, 5.50675e-07, 0, 11.6802, 0.975172, 0.0651401, 291.104
7820, 1.34429e-05, 0.260384, 0.4713, 0, 0, 8.5344e-16, 0, 0, 0.731684, 8.74622e-07, 0, 11.2171, 0.97516, 0.0651071, 290.951
7821, 1.8342e-05, 0.252549, 0.476977, 0, 0, 1.19663e-15, 0, 0, 0.729526, 1.19273e-06, 0, 10.9063, 0.975148, 0.0650752, 290.808
7822, 1.94092e-05, 0.250549, 0.478644, 0, 0, 1.29332e-15, 0, 0, 0.729193, 1.26172e-06, 0, 10.8498, 0.975136, 0.065043, 290.779
7823, 1.52515e-05, 0.2544, 0.47657, 0, 0, 9.89017e-16, 0, 0, 0.730971, 9.91266e-07, 0, 11.0908, 0.975124, 0.0650104, 290.883
7824, 1.12776e-05, 0.257679, 0.474849, 0, 0, 6.49814e-16, 0, 0, 0.732528, 7.32525e-07, 0, 11.3927, 0.975112, 0.0649783, 290.973
7825, 1.27858e-05, 0.255492, 0.476349, 0, 0, 6.77312e-16, 0, 0, 0.731841, 8.29589e-07, 0, 11.2672, 0.9751, 0.0649458, 290.922
7826, 1.32912e-05, 0.256396, 0.475396, 0, 0, 6.76696e-16, 0, 0, 0.731791, 8.61663e-07, 0, 11.2284, 0.975088, 0.0649131, 290.911
7827, 8.37856e-06, 0.268292, 0.466373, 0, 0, 3.95418e-16, 0, 0, 0.734665, 5.42859e-07, 0, 11.6898, 0.975076, 0.0648808, 291.083
7828, 3.3086e-06, 0.281605, 0.456305, 0, 0, 1.3542e-16, 0, 0, 0.737909, 2.14293e-07, 0, 12.619, 0.975064, 0.0648486, 291.279
7829, 1.96359e-06, 0.282543, 0.456077, 0, 0, 6.56383e-17, 0, 0, 0.73862, 1.27014e-07, 0, 13.1407, 0.975052, 0.0648167, 291.315
7830, 2.93005e-06, 0.277491, 0.460249, 0, 0, 9.62906e-17, 0, 0, 0.737741, 1.8932e-07, 0, 12.7405, 0.97504, 0.0647847, 291.252
7831, 3.15335e-06, 0.284092, 0.454122, 0, 0, 1.05779e-16, 0, 0, 0.738214, 2.03724e-07, 0, 12.667, 0.975028, 0.0647522, 291.274
7832, 2.47196e-06, 0.302605, 0.437465, 0, 0, 9.16487e-17, 0, 0, 0.74007, 1.59766e-07, 0, 12.9105, 0.975016, 0.0647197, 291.382
7833, 2.87065e-06, 0.30911, 0.431329, 0, 0, 1.2312e-16, 0, 0, 0.740439, 1.85581e-07, 0, 12.761, 0.975004, 0.0646869, 291.398
7834, 4.38591e-06, 0.292581, 0.446168, 0, 0, 2.06493e-16, 0, 0, 0.738749, 2.83414e-07, 0, 12.3371, 0.974992, 0.0646539, 291.284
7835, 8.33905e-06, 0.271806, 0.464233, 0, 0, 4.56458e-16, 0, 0, 0.736039, 5.3847e-07, 0, 11.6946, 0.97498, 0.0646213, 291.107
7836, 1.45331e-05, 0.258579, 0.474518, 0, 0, 8.69468e-16, 0, 0, 0.733098, 9.37904e-07, 0, 11.1391, 0.974968, 0.0645893, 290.915
7837, 1.64234e-05, 0.255538, 0.476707, 0, 0, 9.78396e-16, 0, 0, 0.732245, 1.05924e-06, 0, 11.0168, 0.974956, 0.0645571, 290.854
7838, 1.21741e-05, 0.263008, 0.471241, 0, 0, 6.6091e-16, 0, 0, 0.734249, 7.84641e-07, 0, 11.3162, 0.974944, 0.0645249, 290.972
7839, 6.53229e-06, 0.27778, 0.459852, 0, 0, 3.13364e-16, 0, 0, 0.737631, 4.20798e-07, 0, 11.9388, 0.974932, 0.0644926, 291.176
7840, 2.7134e-06, 0.292538, 0.448014, 0, 0, 1.17424e-16, 0, 0, 0.740552, 1.74743e-07, 0, 12.8173, 0.97492, 0.0644599, 291.35
7841, 1.4819e-06, 0.297565, 0.443983, 0, 0, 5.34133e-17, 0, 0, 0.741548, 9.54109e-08, 0, 13.4222, 0.974908, 0.0644276, 291.405
7842, 1.55791e-06, 0.296283, 0.445137, 0, 0, 5.10489e-17, 0, 0, 0.74142, 1.00225e-07, 0, 13.3722, 0.974896, 0.0643954, 291.389
7843, 1.95583e-06, 0.294333, 0.446838, 0, 0, 6.61859e-17, 0, 0, 0.741171, 1.25598e-07, 0, 13.1447, 0.974884, 0.0643626, 291.366
7844, 2.63131e-06, 0.28923, 0.451349, 0, 0, 9.59801e-17, 0, 0, 0.740579, 1.68836e-07, 0, 12.848, 0.974872, 0.0643303, 291.321
7845, 3.24563e-06, 0.286483, 0.453829, 0, 0, 1.4545e-16, 0, 0, 0.740312, 2.0835e-07, 0, 12.6382, 0.97486, 0.0642987, 291.297
7846, 5.16256e-06, 0.283797, 0.455838, 0, 0, 3.05572e-16, 0, 0, 0.739634, 3.31495e-07, 0, 12.1741, 0.974848, 0.0642671, 291.247
7847, 7.91007e-06, 0.279728, 0.458762, 0, 0, 5.25574e-16, 0, 0, 0.73849, 5.07683e-07, 0, 11.7474, 0.974836, 0.0642351, 291.168
7848, 7.992e-06, 0.28222, 0.456507, 0, 0, 5.32039e-16, 0, 0, 0.738727, 5.12529e-07, 0, 11.7371, 0.974824, 0.0642029, 291.175
7849, 5.34477e-06, 0.295163, 0.445523, 0, 0, 3.26313e-16, 0, 0, 0.740685, 3.4251e-07, 0, 12.1394, 0.974812, 0.0641707, 291.29
7850, 2.56288e-06, 0.321313, 0.422368, 0, 0, 1.39357e-16, 0, 0, 0.743681, 1.64219e-07, 0, 12.8744, 0.9748, 0.0641386, 291.468
7851, 8.41759e-07, 0.359526, 0.387474, 0, 0, 4.27294e-17, 0, 0, 0.747, 5.39547e-08, 0, 13.9878, 0.974788, 0.0641063, 291.667
7852, 1.6589e-07, 0.394564, 0.354953, 0, 0, 8.16892e-18, 0, 0, 0.749517, 1.06356e-08, 0, 15.6119, 0.974776, 0.0640739, 291.815
7853, 2.72131e-08, 0.410153, 0.340419, 0, 0, 1.38708e-18, 0, 0, 0.750572, 1.74319e-09, 0, 17.4196, 0.974764, 0.0640412, 291.873
7854, 2.37245e-08, 0.408262, 0.342311, 0, 0, 1.23843e-18, 0, 0, 0.750573, 1.51744e-09, 0, 17.5568, 0.974752, 0.0640092, 291.865
7855, 2.94666e-08, 0.408529, 0.342183, 0, 0, 1.52617e-18, 0, 0, 0.750712, 1.88459e-09, 0, 17.34, 0.97474, 0.0639775, 291.866
7856, 1.90496e-08, 0.4322, 0.320024, 0, 0, 9.94493e-19, 0, 0, 0.752223, 1.21839e-09, 0, 17.7762, 0.974728, 0.0639451, 291.952
7857, 5.81777e-09, 0.476939, 0.278156, 0, 0, 3.03184e-19, 0, 0, 0.755095, 3.72102e-10, 0, 18.9623, 0.974716, 0.0639124, 292.122
7858, 8.2583e-10, 0.531447, 0.227544, 0, 0, 4.21939e-20, 0, 0, 0.758991, 5.28193e-11, 0, 20.9146, 0.974704, 0.0638805, 292.354
7859, 5.47767e-11, 0.592775, 0.171095, 0, 0, 2.6997e-21, 0, 0, 0.76387, 3.50333e-12, 0, 23.6278, 0.974692, 0.0638493, 292.645
7860, 1.81039e-12, 0.644846, 0.123422, 0, 0, 8.73332e-23, 0, 0, 0.768268, 1.1577e-13, 0, 27.0375, 0.97468, 0.0638178, 292.906
7861, 4.31312e-14, 0.6858, 0.0863369, 0, 0, 2.39866e-24, 0, 0, 0.772136, 2.75664e-15, 0, 30.7745, 0.974668, 0.0637857, 293.133
7862, 1.283e-15, 0.725754, 0.0505375, 0, 0, 8.84393e-26, 0, 0, 0.776292, 8.19505e-17, 0, 34.2896, 0.974656, 0.0637529, 293.378
7863, 3.5216e-17, 0.74536, 0.033097, 0, 0, 2.3474e-27, 0, 0, 0.778457, 2.24724e-18, 0, 37.885, 0.974644, 0.0637196, 293.501
7864, 3.00397e-16, 0.725701, 0.050853, 0, 0, 8.22875e-27, 0, 0, 0.776554, 1.90895e-17, 0, 35.7414, 0.974632, 0.063687, 293.379
7865, 6.99401e-15, 0.674279, 0.0973292, 0, 0, 1.91782e-25, 0, 0, 0.771608, 4.44443e-16, 0, 32.5937, 0.97462, 0.0636553, 293.071
7866, 7.36265e-14, 0.612068, 0.154006, 0, 0, 2.04129e-24, 0, 0, 0.766074, 4.67842e-15, 0, 30.2398, 0.974608, 0.0636237, 292.727
7867, 3.9956e-13, 0.557228, 0.20445, 0, 0, 1.16979e-23, 0, 0, 0.761678, 2.53842e-14, 0, 28.5484, 0.974596, 0.0635927, 292.451
7868, 1.50815e-12, 0.520232, 0.238787, 0, 0, 5.02819e-23, 0, 0, 0.759019, 9.57775e-14, 0, 27.2201, 0.974584, 0.0635621, 292.28
7869, 4.4231e-12, 0.503058, 0.254875, 0, 0, 1.66376e-22, 0, 0, 0.757933, 2.8081e-13, 0, 26.1442, 0.974572, 0.0635305, 292.206
7870, 7.72749e-12, 0.50421, 0.253948, 0, 0, 3.12034e-22, 0, 0, 0.758158, 4.90517e-13, 0, 25.5862, 0.97456, 0.063498, 292.212
7871, 6.66055e-12, 0.531462, 0.228854, 0, 0, 2.81268e-22, 0, 0, 0.760316, 4.22735e-13, 0, 25.7348, 0.974548, 0.063466, 292.337
7872, 2.67785e-12, 0.590708, 0.174491, 0, 0, 1.1625e-22, 0, 0, 0.7652, 1.6993e-13, 0, 26.646, 0.974536, 0.0634351, 292.629
7873, 4.9472e-13, 0.664278, 0.107492, 0, 0, 2.16972e-23, 0, 0, 0.77177, 3.1386e-14, 0, 28.3348, 0.974524, 0.0634042, 293.022
7874, 5.26369e-14, 0.710772, 0.0654519, 0, 0, 2.21532e-24, 0, 0, 0.776224, 3.33576e-15, 0, 30.5754, 0.974512, 0.0633726, 293.284
7875, 1.98668e-13, 0.695317, 0.0795688, 0, 0, 6.83336e-24, 0, 0, 0.774885, 1.25536e-14, 0, 29.2471, 0.9745, 0.0633404, 293.196
7876, 2.3072e-12, 0.62905, 0.139946, 0, 0, 7.38517e-23, 0, 0, 0.768995, 1.45789e-13, 0, 26.795, 0.974488, 0.063308, 292.831
7877, 1.80577e-11, 0.553911, 0.208959, 0, 0, 5.59078e-22, 0, 0, 0.76287, 1.1411e-12, 0, 24.7374, 0.974476, 0.0632763, 292.449
7878, 7.79213e-11, 0.499032, 0.25988, 0, 0, 2.39525e-21, 0, 0, 0.758911, 4.92405e-12, 0, 23.2753, 0.974464, 0.0632452, 292.198
7879, 1.61174e-10, 0.471754, 0.285437, 0, 0, 4.93772e-21, 0, 0, 0.757192, 1.01848e-11, 0, 22.5485, 0.974452, 0.0632139, 292.085
7880, 1.54274e-10, 0.473118, 0.284292, 0, 0, 4.70095e-21, 0, 0, 0.757409, 9.74829e-12, 0, 22.5923, 0.97444, 0.0631821, 292.091
7881, 7.03136e-11, 0.505165, 0.254582, 0, 0, 2.13575e-21, 0, 0, 0.759746, 4.44257e-12, 0, 23.3781, 0.974428, 0.0631507, 292.227
7882, 1.6762e-11, 0.568364, 0.196324, 0, 0, 5.16584e-22, 0, 0, 0.764689, 1.05888e-12, 0, 24.8119, 0.974416, 0.0631196, 292.523
7883, 2.41472e-12, 0.646284, 0.125073, 0, 0, 7.80646e-23, 0, 0, 0.771357, 1.52506e-13, 0, 26.7494, 0.974404, 0.0630883, 292.922
7884, 2.30272e-13, 0.692453, 0.0831111, 0, 0, 7.83774e-24, 0, 0, 0.775564, 1.45376e-14, 0, 29.0995, 0.974392, 0.0630565, 293.17
7885, 4.20254e-13, 0.673988, 0.0998938, 0, 0, 1.32361e-23, 0, 0, 0.773882, 2.64235e-14, 0, 28.4979, 0.97438, 0.0630248, 293.061
7886, 1.42161e-11, 0.61763, 0.151293, 0, 0, 6.2881e-22, 0, 0, 0.768924, 8.93301e-13, 0, 24.9766, 0.974368, 0.0629937, 292.752
7887, 4.08069e-10, 0.555938, 0.20818, 0, 0, 2.18066e-20, 0, 0, 0.764118, 2.56368e-11, 0, 21.6196, 0.974356, 0.0629628, 292.451
7888, 6.94765e-09, 0.495528, 0.264466, 0, 0, 4.20052e-19, 0, 0, 0.759994, 4.36434e-10, 0, 18.7849, 0.974344, 0.0629315, 292.19
7889, 6.0782e-08, 0.444421, 0.312407, 0, 0, 4.08748e-18, 0, 0, 0.756828, 3.81782e-09, 0, 16.616, 0.974332, 0.0629001, 291.988
7890, 2.71404e-07, 0.40212, 0.352219, 0, 0, 2.01457e-17, 0, 0, 0.75434, 1.70461e-08, 0, 15.1197, 0.97432, 0.0628686, 291.827
7891, 6.30202e-07, 0.371467, 0.381038, 0, 0, 5.1158e-17, 0, 0, 0.752505, 3.95785e-08, 0, 14.2772, 0.974308, 0.0628371, 291.706
7892, 7.72168e-07, 0.373162, 0.379554, 0, 0, 6.7655e-17, 0, 0, 0.752715, 4.8491e-08, 0, 14.0741, 0.974296, 0.0628056, 291.712
7893, 4.99946e-07, 0.428656, 0.327967, 0, 0, 4.64615e-17, 0, 0, 0.756623, 3.13931e-08, 0, 14.5088, 0.974284, 0.0627741, 291.946
7894, 1.68989e-07, 0.524583, 0.238958, 0, 0, 1.63332e-17, 0, 0, 0.763541, 1.06102e-08, 0, 15.5934, 0.974272, 0.0627424, 292.364
7895, 2.94528e-08, 0.581934, 0.185805, 0, 0, 2.89919e-18, 0, 0, 0.767738, 1.84898e-09, 0, 17.3405, 0.97426, 0.0627105, 292.613
7896, 3.24953e-09, 0.562152, 0.203996, 0, 0, 3.01232e-19, 0, 0, 0.766147, 2.03872e-10, 0, 19.5448, 0.974248, 0.0626792, 292.509
7897, 9.6114e-10, 0.553801, 0.21178, 0, 0, 7.1159e-20, 0, 0, 0.765581, 6.02045e-11, 0, 20.7629, 0.974236, 0.0626485, 292.467
7898, 4.67452e-10, 0.58965, 0.178941, 0, 0, 3.231e-20, 0, 0, 0.768591, 2.92697e-11, 0, 21.4837, 0.974224, 0.0626179, 292.643
7899, 2.2279e-10, 0.580478, 0.187587, 0, 0, 1.0713e-20, 0, 0, 0.768066, 1.39389e-11, 0, 22.2248, 0.974212, 0.0625871, 292.604
7900, 2.21661e-10, 0.521247, 0.242321, 0, 0, 6.99211e-21, 0, 0, 0.763569, 1.38598e-11, 0, 22.2299, 0.9742, 0.0625561, 292.321
7901, 3.01012e-10, 0.503436, 0.258798, 0, 0, 1.4313e-20, 0, 0, 0.762234, 1.88013e-11, 0, 21.9239, 0.974188, 0.062525, 292.232
7902, 3.00681e-09, 0.545733, 0.219822, 0, 0, 1.90944e-19, 0, 0, 0.765554, 1.8758e-10, 0, 19.6224, 0.974176, 0.0624939, 292.428
7903, 2.88474e-08, 0.564812, 0.202488, 0, 0, 1.71626e-18, 0, 0, 0.7673, 1.79936e-09, 0, 17.3612, 0.974164, 0.0624628, 292.528
7904, 1.40913e-07, 0.49895, 0.263878, 0, 0, 7.70062e-18, 0, 0, 0.762828, 8.7877e-09, 0, 15.7751, 0.974152, 0.0624316, 292.246
7905, 4.12541e-07, 0.406351, 0.350218, 0, 0, 2.16435e-17, 0, 0, 0.756569, 2.57129e-08, 0, 14.7009, 0.97414, 0.0624001, 291.854
7906, 1.1241e-06, 0.349674, 0.403097, 0, 0, 6.76197e-17, 0, 0, 0.752771, 6.99861e-08, 0, 13.6985, 0.974128, 0.0623681, 291.611
7907, 3.05298e-06, 0.322915, 0.427564, 0, 0, 2.2258e-16, 0, 0, 0.750479, 1.89959e-07, 0, 12.6994, 0.974116, 0.062336, 291.462
7908, 5.55445e-06, 0.312922, 0.436133, 0, 0, 4.62404e-16, 0, 0, 0.749056, 3.45591e-07, 0, 12.1009, 0.974104, 0.0623044, 291.366
7909, 5.73827e-06, 0.336271, 0.414411, 0, 0, 5.18384e-16, 0, 0, 0.750681, 3.5707e-07, 0, 12.0684, 0.974092, 0.0622737, 291.46
7910, 3.27818e-06, 0.409711, 0.346892, 0, 0, 3.06965e-16, 0, 0, 0.756603, 2.03996e-07, 0, 12.6282, 0.97408, 0.0622434, 291.819
7911, 1.09269e-06, 0.47916, 0.282981, 0, 0, 9.96099e-17, 0, 0, 0.762141, 6.79844e-08, 0, 13.7269, 0.974068, 0.0622133, 292.153
7912, 7.16661e-07, 0.457956, 0.302876, 0, 0, 4.7271e-17, 0, 0, 0.760832, 4.45333e-08, 0, 14.1487, 0.974056, 0.0621825, 292.065
7913, 1.80082e-06, 0.381039, 0.374285, 0, 0, 1.03824e-16, 0, 0, 0.755324, 1.11849e-07, 0, 13.2273, 0.974044, 0.0621508, 291.718
7914, 2.92521e-06, 0.330764, 0.420913, 0, 0, 1.60508e-16, 0, 0, 0.751677, 1.81645e-07, 0, 12.7421, 0.974032, 0.0621198, 291.484
7915, 2.9139e-06, 0.31776, 0.43318, 0, 0, 1.44123e-16, 0, 0, 0.75094, 1.80818e-07, 0, 12.746, 0.97402, 0.0620898, 291.431
7916, 3.06769e-06, 0.312001, 0.438555, 0, 0, 1.33117e-16, 0, 0, 0.750556, 1.90108e-07, 0, 12.6946, 0.974008, 0.0620596, 291.4
7917, 3.86867e-06, 0.302585, 0.447085, 0, 0, 1.74626e-16, 0, 0, 0.74967, 2.39621e-07, 0, 12.4626, 0.973996, 0.0620285, 291.338
7918, 5.23454e-06, 0.29692, 0.452095, 0, 0, 3.10831e-16, 0, 0, 0.749015, 3.24213e-07, 0, 12.1602, 0.973984, 0.0619968, 291.29
7919, 8.64873e-06, 0.291491, 0.456313, 0, 0, 6.46601e-16, 0, 0, 0.747803, 5.35597e-07, 0, 11.6581, 0.973972, 0.0619655, 291.207
7920, 1.13441e-05, 0.289271, 0.457739, 0, 0, 9.12091e-16, 0, 0, 0.74701, 7.02362e-07, 0, 11.3868, 0.97396, 0.061935, 291.15
7921, 9.3303e-06, 0.299776, 0.44873, 0, 0, 7.36498e-16, 0, 0, 0.748505, 5.77513e-07, 0, 11.5822, 0.973948, 0.0619052, 291.236
7922, 4.61048e-06, 0.321468, 0.430182, 0, 0, 3.34331e-16, 0, 0, 0.75165, 2.85262e-07, 0, 12.2872, 0.973936, 0.061875, 291.424
7923, 1.39725e-06, 0.34012, 0.414024, 0, 0, 8.75477e-17, 0, 0, 0.754144, 8.64078e-08, 0, 13.481, 0.973924, 0.0618444, 291.571
7924, 4.60903e-07, 0.348713, 0.406427, 0, 0, 2.29381e-17, 0, 0, 0.75514, 2.84819e-08, 0, 14.5901, 0.973912, 0.0618135, 291.626
7925, 3.91108e-07, 0.355653, 0.400011, 0, 0, 1.87822e-17, 0, 0, 0.755664, 2.41575e-08, 0, 14.7543, 0.9739, 0.0617824, 291.651
7926, 3.07507e-07, 0.368391, 0.38817, 0, 0, 1.57887e-17, 0, 0, 0.75656, 1.8989e-08, 0, 14.9948, 0.973888, 0.0617514, 291.699
7927, 1.75995e-07, 0.385546, 0.372184, 0, 0, 1.05681e-17, 0, 0, 0.75773, 1.08639e-08, 0, 15.5528, 0.973876, 0.0617206, 291.764
7928, 9.17218e-08, 0.411336, 0.348027, 0, 0, 6.55376e-18, 0, 0, 0.759364, 5.65975e-09, 0, 16.2045, 0.973864, 0.0616903, 291.858
7929, 3.56971e-08, 0.453244, 0.308755, 0, 0, 2.75814e-18, 0, 0, 0.761999, 2.20222e-09, 0, 17.1482, 0.973852, 0.0616602, 292.013
7930, 8.00012e-09, 0.510149, 0.255648, 0, 0, 6.28925e-19, 0, 0, 0.765797, 4.93461e-10, 0, 18.6438, 0.97384, 0.0616298, 292.239
7931, 9.5418e-10, 0.57734, 0.19347, 0, 0, 7.38668e-20, 0, 0, 0.77081, 5.88459e-11, 0, 20.7702, 0.973828, 0.0615993, 292.538
7932, 5.93516e-11, 0.648917, 0.127961, 0, 0, 4.41072e-21, 0, 0, 0.776877, 3.65975e-12, 0, 23.5475, 0.973816, 0.0615687, 292.901
7933, 1.8907e-12, 0.712678, 0.0702234, 0, 0, 1.31713e-22, 0, 0, 0.782902, 1.16568e-13, 0, 26.9941, 0.973804, 0.0615378, 293.259
7934, 3.05362e-14, 0.748843, 0.0377482, 0, 0, 1.9445e-24, 0, 0, 0.786591, 1.88233e-15, 0, 31.1199, 0.973792, 0.0615067, 293.474
7935, 3.44253e-14, 0.741511, 0.0444466, 0, 0, 1.68758e-24, 0, 0, 0.785958, 2.11039e-15, 0, 31, 0.97378, 0.0614757, 293.429
7936, 1.88389e-12, 0.694947, 0.0865666, 0, 0, 9.67265e-23, 0, 0, 0.781514, 1.15477e-13, 0, 26.9977, 0.973768, 0.0614452, 293.153
7937, 4.89266e-11, 0.628914, 0.146743, 0, 0, 2.5993e-21, 0, 0, 0.775657, 2.99894e-12, 0, 23.7407, 0.973756, 0.0614154, 292.791
7938, 6.07486e-10, 0.560965, 0.209333, 0, 0, 3.28389e-20, 0, 0, 0.770298, 3.72338e-11, 0, 21.2217, 0.973744, 0.0613856, 292.457
7939, 3.70467e-09, 0.500219, 0.265896, 0, 0, 1.99718e-19, 0, 0, 0.766114, 2.2704e-10, 0, 19.4137, 0.973732, 0.0613554, 292.193
7940, 1.23439e-08, 0.451432, 0.311703, 0, 0, 6.58528e-19, 0, 0, 0.763135, 7.56279e-10, 0, 18.2101, 0.97372, 0.061325, 292.003
7941, 2.81776e-08, 0.420326, 0.341076, 0, 0, 1.55584e-18, 0, 0, 0.761402, 1.72549e-09, 0, 17.3847, 0.973708, 0.0612946, 291.889
7942, 4.81614e-08, 0.412164, 0.348901, 0, 0, 2.91949e-18, 0, 0, 0.761065, 2.94804e-09, 0, 16.8487, 0.973696, 0.0612642, 291.861
7943, 5.02203e-08, 0.438201, 0.324711, 0, 0, 3.36261e-18, 0, 0, 0.762912, 3.07362e-09, 0, 16.8068, 0.973684, 0.0612336, 291.968
7944, 2.95095e-08, 0.502563, 0.264926, 0, 0, 2.11826e-18, 0, 0, 0.767488, 1.80563e-09, 0, 17.3386, 0.973672, 0.0612032, 292.242
7945, 4.38443e-08, 0.547013, 0.223791, 0, 0, 2.8281e-18, 0, 0, 0.770804, 2.67757e-09, 0, 16.9426, 0.97366, 0.0611731, 292.438
7946, 3.33533e-07, 0.501306, 0.266384, 0, 0, 2.44238e-17, 0, 0, 0.76769, 2.03554e-08, 0, 14.9135, 0.973648, 0.0611427, 292.24
7947, 1.9156e-06, 0.408445, 0.352583, 0, 0, 1.69324e-16, 0, 0, 0.761028, 1.16869e-07, 0, 13.1655, 0.973636, 0.0611121, 291.823
7948, 6.67935e-06, 0.339613, 0.415642, 0, 0, 7.22921e-16, 0, 0, 0.755255, 4.07396e-07, 0, 11.9165, 0.973624, 0.0610818, 291.459
7949, 1.45794e-05, 0.302944, 0.447964, 0, 0, 1.89526e-15, 0, 0, 0.750908, 8.89149e-07, 0, 11.1359, 0.973612, 0.0610519, 291.181
7950, 2.12362e-05, 0.286589, 0.46174, 0, 0, 3.0621e-15, 0, 0, 0.74833, 1.29507e-06, 0, 10.7598, 0.9736, 0.0610218, 291.013
7951, 2.18888e-05, 0.283652, 0.464412, 0, 0, 3.12427e-15, 0, 0, 0.748065, 1.33469e-06, 0, 10.7295, 0.973588, 0.0609914, 290.99
7952, 1.65795e-05, 0.290955, 0.458946, 0, 0, 2.11598e-15, 0, 0, 0.749901, 1.01068e-06, 0, 11.0073, 0.973576, 0.0609603, 291.097
7953, 9.82392e-06, 0.30548, 0.447172, 0, 0, 1.0436e-15, 0, 0, 0.752652, 5.98578e-07, 0, 11.5307, 0.973564, 0.0609289, 291.261
7954, 6.77725e-06, 0.32169, 0.43289, 0, 0, 6.32356e-16, 0, 0, 0.75458, 4.12575e-07, 0, 11.9019, 0.973552, 0.0608985, 291.374
7955, 8.24495e-06, 0.327655, 0.426988, 0, 0, 8.17072e-16, 0, 0, 0.754643, 5.01608e-07, 0, 11.7059, 0.97354, 0.060869, 291.37
7956, 1.13379e-05, 0.31255, 0.440299, 0, 0, 1.07997e-15, 0, 0, 0.752849, 6.89568e-07, 0, 11.3874, 0.973528, 0.0608395, 291.252
7957, 1.20282e-05, 0.293306, 0.457958, 0, 0, 9.64007e-16, 0, 0, 0.751264, 7.31255e-07, 0, 11.3283, 0.973516, 0.0608095, 291.146
7958, 1.18199e-05, 0.281693, 0.468577, 0, 0, 7.45689e-16, 0, 0, 0.75027, 7.17902e-07, 0, 11.3457, 0.973504, 0.0607795, 291.077
7959, 1.84953e-05, 0.270912, 0.476982, 0, 0, 1.29143e-15, 0, 0, 0.747894, 1.12237e-06, 0, 10.898, 0.973492, 0.0607496, 290.921
7960, 3.46456e-05, 0.261364, 0.482742, 0, 0, 2.99543e-15, 0, 0, 0.744107, 2.10163e-06, 0, 10.2703, 0.97348, 0.0607195, 290.677
7961, 4.88002e-05, 0.259534, 0.482118, 0, 0, 5.00502e-15, 0, 0, 0.741652, 2.95903e-06, 0, 9.92778, 0.973468, 0.0606895, 290.516
7962, 5.20873e-05, 0.263631, 0.478169, 0, 0, 6.37633e-15, 0, 0, 0.7418, 3.15696e-06, 0, 9.86259, 0.973456, 0.0606596, 290.518
7963, 5.26966e-05, 0.262025, 0.479738, 0, 0, 6.75868e-15, 0, 0, 0.741763, 3.19253e-06, 0, 9.85096, 0.973444, 0.0606297, 290.508
7964, 5.12453e-05, 0.256121, 0.485214, 0, 0, 5.7181e-15, 0, 0, 0.741336, 3.10368e-06, 0, 9.87889, 0.973432, 0.0605999, 290.474
7965, 4.30321e-05, 0.254115, 0.488164, 0, 0, 3.8584e-15, 0, 0, 0.742279, 2.6056e-06, 0, 10.0536, 0.97342, 0.0605702, 290.526
7966, 3.62884e-05, 0.256352, 0.487294, 0, 0, 2.70446e-15, 0, 0, 0.743646, 2.1964e-06, 0, 10.224, 0.973408, 0.0605407, 290.605
7967, 2.92619e-05, 0.26469, 0.481425, 0, 0, 2.03897e-15, 0, 0, 0.746115, 1.77052e-06, 0, 10.4392, 0.973396, 0.060511, 290.753
7968, 1.75769e-05, 0.279907, 0.470274, 0, 0, 1.15601e-15, 0, 0, 0.750181, 1.06317e-06, 0, 10.9489, 0.973384, 0.060481, 291
7969, 9.92777e-06, 0.295764, 0.457598, 0, 0, 6.31179e-16, 0, 0, 0.753362, 6.00122e-07, 0, 11.5202, 0.973372, 0.0604507, 291.191
7970, 8.22575e-06, 0.30236, 0.452076, 0, 0, 5.56182e-16, 0, 0, 0.754436, 4.96827e-07, 0, 11.7082, 0.97336, 0.0604206, 291.25
7971, 9.77729e-06, 0.296835, 0.456898, 0, 0, 7.19589e-16, 0, 0, 0.753733, 5.89946e-07, 0, 11.5354, 0.973348, 0.060391, 291.199
7972, 1.35243e-05, 0.290255, 0.462294, 0, 0, 1.15664e-15, 0, 0, 0.752549, 8.15138e-07, 0, 11.211, 0.973336, 0.0603614, 291.119
7973, 1.57441e-05, 0.290725, 0.461617, 0, 0, 1.49712e-15, 0, 0, 0.752342, 9.48444e-07, 0, 11.059, 0.973324, 0.0603316, 291.099
7974, 1.16909e-05, 0.300441, 0.453823, 0, 0, 1.14633e-15, 0, 0, 0.754264, 7.04317e-07, 0, 11.3567, 0.973312, 0.0603018, 291.211
7975, 5.2934e-06, 0.311531, 0.445329, 0, 0, 4.89832e-16, 0, 0, 0.75686, 3.18972e-07, 0, 12.149, 0.9733, 0.0602721, 291.365
7976, 1.86535e-06, 0.314902, 0.443197, 0, 0, 1.29055e-16, 0, 0, 0.758099, 1.12384e-07, 0, 13.1921, 0.973288, 0.0602422, 291.435
7977, 1.55669e-06, 0.317626, 0.440754, 0, 0, 8.03585e-17, 0, 0, 0.75838, 9.36718e-08, 0, 13.3729, 0.973276, 0.0602125, 291.445
7978, 5.17432e-06, 0.324452, 0.433636, 0, 0, 4.14007e-16, 0, 0, 0.758088, 3.11091e-07, 0, 12.1718, 0.973264, 0.0601827, 291.42
7979, 1.91803e-05, 0.313386, 0.441042, 0, 0, 1.90522e-15, 0, 0, 0.754427, 1.15283e-06, 0, 10.8616, 0.973252, 0.060153, 291.186
7980, 4.52051e-05, 0.281216, 0.465853, 0, 0, 5.22052e-15, 0, 0, 0.747069, 2.71627e-06, 0, 10.0043, 0.97324, 0.0601236, 290.719
7981, 6.6592e-05, 0.258016, 0.483496, 0, 0, 8.47995e-15, 0, 0, 0.741512, 3.99931e-06, 0, 9.61693, 0.973228, 0.060094, 290.363
7982, 6.41146e-05, 0.258366, 0.483632, 0, 0, 8.13262e-15, 0, 0, 0.741998, 3.84738e-06, 0, 9.65484, 0.973216, 0.0600645, 290.387
7983, 4.01883e-05, 0.284529, 0.463738, 0, 0, 4.54486e-15, 0, 0, 0.748266, 2.40948e-06, 0, 10.1219, 0.973204, 0.060035, 290.773
7984, 1.66762e-05, 0.33176, 0.42456, 0, 0, 1.61297e-15, 0, 0, 0.75632, 9.99199e-07, 0, 11.0015, 0.973192, 0.0600055, 291.268
7985, 1.08448e-05, 0.359351, 0.400399, 0, 0, 1.32498e-15, 0, 0, 0.75975, 6.49162e-07, 0, 11.4318, 0.97318, 0.059976, 291.474
7986, 2.55776e-05, 0.331192, 0.423995, 0, 0, 3.78602e-15, 0, 0, 0.755187, 1.5301e-06, 0, 10.5738, 0.973168, 0.0599464, 291.183
7987, 5.06538e-05, 0.284044, 0.463263, 0, 0, 7.71527e-15, 0, 0, 0.747306, 3.03041e-06, 0, 9.8905, 0.973156, 0.0599169, 290.684
7988, 6.37496e-05, 0.262109, 0.481256, 0, 0, 9.50416e-15, 0, 0, 0.743365, 3.81458e-06, 0, 9.66055, 0.973144, 0.0598871, 290.43
7989, 5.14217e-05, 0.270592, 0.475527, 0, 0, 7.10276e-15, 0, 0, 0.746119, 3.07712e-06, 0, 9.87545, 0.973132, 0.0598573, 290.596
7990, 2.66877e-05, 0.303343, 0.449789, 0, 0, 3.28157e-15, 0, 0, 0.753132, 1.59681e-06, 0, 10.5313, 0.97312, 0.0598278, 291.027
7991, 1.36181e-05, 0.334966, 0.423271, 0, 0, 1.92071e-15, 0, 0, 0.758238, 8.14138e-07, 0, 11.2041, 0.973108, 0.0597987, 291.338
7992, 2.34818e-05, 0.326303, 0.429822, 0, 0, 4.56436e-15, 0, 0, 0.756125, 1.40241e-06, 0, 10.6593, 0.973096, 0.0597692, 291.2
7993, 4.85059e-05, 0.288096, 0.460844, 0, 0, 9.66922e-15, 0, 0, 0.748939, 2.89623e-06, 0, 9.93382, 0.973084, 0.0597395, 290.744
7994, 6.69245e-05, 0.260895, 0.482578, 0, 0, 1.21801e-14, 0, 0, 0.743473, 3.99473e-06, 0, 9.61195, 0.973072, 0.05971, 290.394
7995, 7.12094e-05, 0.250511, 0.490862, 0, 0, 1.03002e-14, 0, 0, 0.741374, 4.2473e-06, 0, 9.54989, 0.97306, 0.0596806, 290.255
7996, 7.91012e-05, 0.244941, 0.494508, 0, 0, 9.44306e-15, 0, 0, 0.739449, 4.713e-06, 0, 9.44478, 0.973048, 0.0596512, 290.127
7997, 9.86613e-05, 0.240458, 0.496169, 0, 0, 1.30828e-14, 0, 0, 0.736627, 5.87634e-06, 0, 9.22382, 0.973036, 0.0596216, 289.941
7998, 0.000106445, 0.239679, 0.496239, 0, 0, 1.55759e-14, 0, 0, 0.735919, 6.34019e-06, 0, 9.14788, 0.973024, 0.0595914, 289.889
7999, 8.75819e-05, 0.243733, 0.495264, 0, 0, 1.1799e-14, 0, 0, 0.738998, 5.21516e-06, 0, 9.34294, 0.973013, 0.0595616, 290.077
8000, 6.47516e-05, 0.248364, 0.49413, 0, 0, 6.4391e-15, 0, 0, 0.742494, 3.85145e-06, 0, 9.64495, 0.973004, 0.0595327, 290.29
8001, 5.36304e-05, 0.252064, 0.492467, 0, 0, 3.94559e-15, 0, 0, 0.744531, 3.18616e-06, 0, 9.83339, 0.972997, 0.0595035, 290.411
8002, 4.56624e-05, 0.256754, 0.489804, 0, 0, 3.27011e-15, 0, 0, 0.746558, 2.71208e-06, 0, 9.99424, 0.972992, 0.059474, 290.532
8003, 4.82731e-05, 0.258718, 0.487973, 0, 0, 4.40496e-15, 0, 0, 0.746691, 2.86718e-06, 0, 9.93864, 0.972988, 0.0594454, 290.533
8004, 5.36876e-05, 0.262626, 0.48403, 0, 0, 6.31681e-15, 0, 0, 0.746656, 3.18838e-06, 0, 9.83233, 0.972984, 0.059417, 290.524
8005, 5.05527e-05, 0.269986, 0.478339, 0, 0, 7.43823e-15, 0, 0, 0.748325, 3.00114e-06, 0, 9.89249, 0.97298, 0.0593878, 290.621
8006, 5.64818e-05, 0.268302, 0.479202, 0, 0, 9.5423e-15, 0, 0, 0.747504, 3.35122e-06, 0, 9.78159, 0.972976, 0.059358, 290.563
8007, 6.58755e-05, 0.26316, 0.482291, 0, 0, 1.0679e-14, 0, 0, 0.745452, 3.90717e-06, 0, 9.62774, 0.972972, 0.0593286, 290.427
8008, 5.6094e-05, 0.278425, 0.469493, 0, 0, 7.7324e-15, 0, 0, 0.747918, 3.32608e-06, 0, 9.78848, 0.972968, 0.0592999, 290.575
8009, 3.49193e-05, 0.32211, 0.432645, 0, 0, 3.97681e-15, 0, 0, 0.754755, 2.0694e-06, 0, 10.2625, 0.972964, 0.0592713, 290.995
8010, 2.77138e-05, 0.34765, 0.41059, 0, 0, 3.1486e-15, 0, 0, 0.758241, 1.64036e-06, 0, 10.4936, 0.97296, 0.0592424, 291.205
8011, 3.9252e-05, 0.317139, 0.437099, 0, 0, 4.64674e-15, 0, 0, 0.754238, 2.32223e-06, 0, 10.1455, 0.972956, 0.059213, 290.949
8012, 4.45787e-05, 0.283551, 0.467338, 0, 0, 4.91304e-15, 0, 0, 0.750889, 2.63746e-06, 0, 10.0183, 0.972952, 0.0591832, 290.733
8013, 3.05391e-05, 0.285375, 0.468412, 0, 0, 2.93873e-15, 0, 0, 0.753787, 1.80652e-06, 0, 10.3965, 0.972948, 0.0591538, 290.907
8014, 2.15149e-05, 0.294147, 0.462288, 0, 0, 1.85834e-15, 0, 0, 0.756435, 1.27112e-06, 0, 10.7468, 0.972944, 0.0591254, 291.065
8015, 4.25701e-05, 0.279753, 0.472042, 0, 0, 4.53722e-15, 0, 0, 0.751795, 2.51293e-06, 0, 10.0644, 0.97294, 0.0590968, 290.769
8016, 8.51575e-05, 0.255533, 0.487592, 0, 0, 1.14004e-14, 0, 0, 0.743124, 5.02657e-06, 0, 9.37101, 0.972936, 0.0590678, 290.218
8017, 0.000120316, 0.242182, 0.494992, 0, 0, 1.94807e-14, 0, 0, 0.737174, 7.10066e-06, 0, 9.02539, 0.972932, 0.0590386, 289.835
8018, 0.000132351, 0.239579, 0.496035, 0, 0, 2.36824e-14, 0, 0, 0.735614, 7.80809e-06, 0, 8.93005, 0.972928, 0.0590097, 289.729
8019, 0.000119608, 0.243449, 0.494292, 0, 0, 2.04977e-14, 0, 0, 0.737741, 7.0517e-06, 0, 9.03129, 0.972924, 0.0589808, 289.856
8020, 8.62607e-05, 0.253056, 0.489979, 0, 0, 1.21647e-14, 0, 0, 0.743035, 5.08077e-06, 0, 9.35814, 0.97292, 0.0589517, 290.184
8021, 5.13857e-05, 0.264115, 0.484779, 0, 0, 5.25376e-15, 0, 0, 0.748894, 3.02399e-06, 0, 9.87615, 0.972916, 0.0589227, 290.545
8022, 3.58067e-05, 0.268976, 0.482755, 0, 0, 2.81015e-15, 0, 0, 0.751731, 2.10651e-06, 0, 10.2374, 0.972912, 0.0588939, 290.716
8023, 4.5115e-05, 0.264994, 0.485195, 0, 0, 3.98869e-15, 0, 0, 0.750189, 2.65255e-06, 0, 10.0063, 0.972908, 0.0588653, 290.613
8024, 6.80461e-05, 0.257316, 0.488989, 0, 0, 6.90259e-15, 0, 0, 0.746304, 3.99773e-06, 0, 9.59533, 0.972904, 0.0588366, 290.362
8025, 7.71161e-05, 0.255405, 0.4896, 0, 0, 8.1257e-15, 0, 0, 0.745005, 4.52906e-06, 0, 9.4702, 0.9729, 0.0588078, 290.273
8026, 6.07468e-05, 0.262779, 0.485498, 0, 0, 6.16934e-15, 0, 0, 0.748276, 3.56803e-06, 0, 9.7088, 0.972896, 0.058779, 290.472
8027, 3.90141e-05, 0.272757, 0.479837, 0, 0, 3.54163e-15, 0, 0, 0.752594, 2.29131e-06, 0, 10.1516, 0.972892, 0.0587501, 290.735
8028, 3.238e-05, 0.277761, 0.476389, 0, 0, 2.72397e-15, 0, 0, 0.754151, 1.89991e-06, 0, 10.338, 0.972888, 0.0587213, 290.826
8029, 2.97484e-05, 0.285362, 0.470076, 0, 0, 2.47296e-15, 0, 0, 0.755438, 1.74384e-06, 0, 10.4227, 0.972884, 0.0586925, 290.899
8030, 1.86636e-05, 0.3047, 0.454597, 0, 0, 1.46473e-15, 0, 0, 0.759297, 1.09347e-06, 0, 10.8889, 0.97288, 0.0586636, 291.133
8031, 7.8683e-06, 0.333714, 0.430017, 0, 0, 5.67044e-16, 0, 0, 0.763731, 4.60969e-07, 0, 11.7527, 0.972876, 0.0586345, 291.401
8032, 3.19444e-06, 0.378356, 0.389447, 0, 0, 2.34872e-16, 0, 0, 0.767803, 1.87179e-07, 0, 12.6541, 0.972872, 0.0586054, 291.646
8033, 1.28318e-06, 0.432296, 0.339522, 0, 0, 1.05929e-16, 0, 0, 0.771818, 7.51862e-08, 0, 13.5662, 0.972868, 0.0585766, 291.886
8034, 3.26409e-07, 0.47066, 0.303965, 0, 0, 2.95989e-17, 0, 0, 0.774626, 1.91224e-08, 0, 14.9351, 0.972864, 0.058548, 292.052
8035, 4.72867e-08, 0.517119, 0.260934, 0, 0, 4.59431e-18, 0, 0, 0.778052, 2.76839e-09, 0, 16.867, 0.97286, 0.0585196, 292.255
8036, 5.45608e-09, 0.599576, 0.184878, 0, 0, 5.54756e-19, 0, 0, 0.784453, 3.18852e-10, 0, 19.0265, 0.972856, 0.0584912, 292.639
8037, 6.64303e-10, 0.680861, 0.110356, 0, 0, 7.09082e-20, 0, 0, 0.791217, 3.87723e-11, 0, 21.1323, 0.972852, 0.0584626, 293.043
8038, 1.37642e-09, 0.69677, 0.0959007, 0, 0, 1.67828e-19, 0, 0, 0.79267, 8.02842e-11, 0, 20.4038, 0.972848, 0.0584341, 293.124
8039, 1.68068e-08, 0.631524, 0.155845, 0, 0, 1.9508e-18, 0, 0, 0.787369, 9.80185e-10, 0, 17.9015, 0.972844, 0.0584056, 292.796
8040, 1.06053e-07, 0.531201, 0.248586, 0, 0, 1.13328e-17, 0, 0, 0.779788, 6.18439e-09, 0, 16.0593, 0.97284, 0.058377, 292.328
8041, 3.44948e-07, 0.445593, 0.328342, 0, 0, 3.30478e-17, 0, 0, 0.773936, 2.01126e-08, 0, 14.8799, 0.972836, 0.0583485, 291.962
8042, 6.55981e-07, 0.398114, 0.372804, 0, 0, 5.76652e-17, 0, 0, 0.770919, 3.82355e-08, 0, 14.2371, 0.972832, 0.0583197, 291.77
8043, 1.11439e-06, 0.387992, 0.382268, 0, 0, 1.10446e-16, 0, 0, 0.77026, 6.49045e-08, 0, 13.7072, 0.972828, 0.0582905, 291.723
8044, 2.19825e-06, 0.390973, 0.379268, 0, 0, 2.6224e-16, 0, 0, 0.77024, 1.27955e-07, 0, 13.0278, 0.972824, 0.058261, 291.715
8045, 3.22299e-06, 0.398277, 0.372277, 0, 0, 4.10054e-16, 0, 0, 0.770554, 1.87564e-07, 0, 12.6452, 0.97282, 0.0582321, 291.727
8046, 3.9636e-06, 0.419123, 0.352785, 0, 0, 4.76694e-16, 0, 0, 0.771909, 2.30439e-07, 0, 12.4384, 0.972816, 0.0582038, 291.804
8047, 1.00785e-05, 0.405381, 0.364576, 0, 0, 1.19652e-15, 0, 0, 0.769957, 5.85077e-07, 0, 11.5051, 0.972812, 0.058176, 291.677
8048, 2.66653e-05, 0.343001, 0.419798, 0, 0, 3.57271e-15, 0, 0, 0.762799, 1.54759e-06, 0, 10.5321, 0.972808, 0.0581481, 291.228
8049, 4.59837e-05, 0.292779, 0.463272, 0, 0, 6.86944e-15, 0, 0, 0.756051, 2.66931e-06, 0, 9.98722, 0.972804, 0.0581197, 290.801
8050, 5.68173e-05, 0.273552, 0.479333, 0, 0, 8.63383e-15, 0, 0, 0.752884, 3.29874e-06, 0, 9.77567, 0.9728, 0.0580912, 290.596
8051, 5.59102e-05, 0.268222, 0.484215, 0, 0, 7.60982e-15, 0, 0, 0.752437, 3.24509e-06, 0, 9.79176, 0.972796, 0.0580628, 290.561
8052, 5.58414e-05, 0.265298, 0.486876, 0, 0, 6.83476e-15, 0, 0, 0.752175, 3.23741e-06, 0, 9.79299, 0.972792, 0.0580345, 290.538
8053, 7.9806e-05, 0.258373, 0.490229, 0, 0, 1.15785e-14, 0, 0, 0.748602, 4.62312e-06, 0, 9.43591, 0.972788, 0.0580062, 290.307
8054, 0.000111787, 0.25131, 0.492854, 0, 0, 1.93687e-14, 0, 0, 0.744164, 6.47606e-06, 0, 9.09892, 0.972784, 0.0579779, 290.02
8055, 0.000119971, 0.25022, 0.493026, 0, 0, 2.20017e-14, 0, 0, 0.743246, 6.94984e-06, 0, 9.02826, 0.97278, 0.0579497, 289.955
8056, 0.000108402, 0.25262, 0.492289, 0, 0, 1.8266e-14, 0, 0, 0.744909, 6.27753e-06, 0, 9.12966, 0.972776, 0.0579212, 290.054
8057, 8.6185e-05, 0.257018, 0.491013, 0, 0, 1.19625e-14, 0, 0, 0.748032, 4.98888e-06, 0, 9.35901, 0.972772, 0.0578926, 290.244
8058, 5.96128e-05, 0.264028, 0.488045, 0, 0, 6.25495e-15, 0, 0, 0.752074, 3.44875e-06, 0, 9.72764, 0.972768, 0.0578642, 290.491
8059, 4.86395e-05, 0.26985, 0.484316, 0, 0, 4.34578e-15, 0, 0, 0.754166, 2.81136e-06, 0, 9.93107, 0.972764, 0.0578364, 290.615
8060, 5.57728e-05, 0.272328, 0.48152, 0, 0, 6.78067e-15, 0, 0, 0.753848, 3.22157e-06, 0, 9.79422, 0.97276, 0.0578084, 290.588
8061, 7.69615e-05, 0.268261, 0.482915, 0, 0, 1.28986e-14, 0, 0, 0.751175, 4.44332e-06, 0, 9.47221, 0.972756, 0.0577802, 290.414
8062, 9.59299e-05, 0.264161, 0.484492, 0, 0, 1.84853e-14, 0, 0, 0.748654, 5.53535e-06, 0, 9.25189, 0.972752, 0.0577521, 290.249
8063, 8.483e-05, 0.277656, 0.473866, 0, 0, 1.69744e-14, 0, 0, 0.751522, 4.89217e-06, 0, 9.37486, 0.972748, 0.0577239, 290.422
8064, 5.3106e-05, 0.306649, 0.451771, 0, 0, 1.03571e-14, 0, 0, 0.75842, 3.06158e-06, 0, 9.84322, 0.972744, 0.0576955, 290.847
8065, 4.05578e-05, 0.316275, 0.4447, 0, 0, 6.85606e-15, 0, 0, 0.760975, 2.33709e-06, 0, 10.1128, 0.97274, 0.0576673, 290.999
8066, 5.55105e-05, 0.297874, 0.459495, 0, 0, 8.87502e-15, 0, 0, 0.757369, 3.19707e-06, 0, 9.79894, 0.972736, 0.0576394, 290.768
8067, 6.22572e-05, 0.29751, 0.458917, 0, 0, 1.05567e-14, 0, 0, 0.756427, 3.5844e-06, 0, 9.68424, 0.972732, 0.0576114, 290.702
8068, 4.2369e-05, 0.351364, 0.412041, 0, 0, 7.72886e-15, 0, 0, 0.763405, 2.43836e-06, 0, 10.0691, 0.972728, 0.0575833, 291.13
8069, 1.87583e-05, 0.427685, 0.344766, 0, 0, 3.47452e-15, 0, 0, 0.772452, 1.07888e-06, 0, 10.8839, 0.972724, 0.0575552, 291.684
8070, 1.56148e-05, 0.432308, 0.34092, 0, 0, 2.25871e-15, 0, 0, 0.773228, 8.97417e-07, 0, 11.0673, 0.97272, 0.0575272, 291.725
8071, 3.14008e-05, 0.358279, 0.407075, 0, 0, 3.67415e-15, 0, 0, 0.765353, 1.8043e-06, 0, 10.3687, 0.972716, 0.0574992, 291.231
8072, 5.13603e-05, 0.293097, 0.464215, 0, 0, 5.37625e-15, 0, 0, 0.757312, 2.95015e-06, 0, 9.87665, 0.972712, 0.057471, 290.724
8073, 8.07856e-05, 0.263995, 0.487082, 0, 0, 9.57789e-15, 0, 0, 0.751077, 4.63735e-06, 0, 9.42371, 0.972708, 0.0574426, 290.327
8074, 0.000127142, 0.250039, 0.494454, 0, 0, 1.93589e-14, 0, 0, 0.744493, 7.29432e-06, 0, 8.9702, 0.972704, 0.0574139, 289.905
8075, 0.000163168, 0.242904, 0.497097, 0, 0, 2.99016e-14, 0, 0, 0.740001, 9.35832e-06, 0, 8.72073, 0.9727, 0.057386, 289.614
8076, 0.00016245, 0.242463, 0.497708, 0, 0, 3.09474e-14, 0, 0, 0.740171, 9.31535e-06, 0, 8.72514, 0.972696, 0.0573586, 289.618
8077, 0.000137646, 0.245579, 0.497534, 0, 0, 2.27231e-14, 0, 0, 0.743113, 7.89024e-06, 0, 8.89082, 0.972692, 0.0573311, 289.797
8078, 0.000130019, 0.246879, 0.497204, 0, 0, 1.88193e-14, 0, 0, 0.744083, 7.44836e-06, 0, 8.94783, 0.972688, 0.0573032, 289.852
8079, 0.000138004, 0.248032, 0.495641, 0, 0, 2.19633e-14, 0, 0, 0.743673, 7.90134e-06, 0, 8.88823, 0.972684, 0.0572753, 289.819
8080, 0.000123341, 0.258232, 0.488645, 0, 0, 2.15924e-14, 0, 0, 0.746877, 7.05926e-06, 0, 9.00056, 0.97268, 0.0572474, 290.015
8081, 7.87051e-05, 0.285577, 0.469689, 0, 0, 1.37757e-14, 0, 0, 0.755266, 4.50357e-06, 0, 9.4498, 0.972676, 0.0572195, 290.536
8082, 3.33816e-05, 0.321852, 0.442824, 0, 0, 5.36862e-15, 0, 0, 0.764676, 1.90976e-06, 0, 10.3075, 0.972672, 0.0571916, 291.116
8083, 1.45001e-05, 0.33923, 0.42968, 0, 0, 1.8891e-15, 0, 0, 0.76891, 8.28774e-07, 0, 11.1414, 0.972668, 0.0571636, 291.372
8084, 2.50491e-05, 0.32353, 0.442492, 0, 0, 3.17107e-15, 0, 0, 0.766021, 1.42998e-06, 0, 10.5947, 0.972664, 0.0571357, 291.186
8085, 5.32998e-05, 0.292552, 0.46678, 0, 0, 7.40973e-15, 0, 0, 0.759332, 3.04137e-06, 0, 9.83958, 0.97266, 0.0571078, 290.763
8086, 7.87429e-05, 0.271155, 0.482841, 0, 0, 1.13041e-14, 0, 0, 0.753996, 4.49083e-06, 0, 9.44932, 0.972656, 0.0570799, 290.423
8087, 7.76984e-05, 0.26721, 0.486451, 0, 0, 1.04359e-14, 0, 0, 0.753661, 4.42887e-06, 0, 9.46268, 0.972652, 0.0570521, 290.395
8088, 5.40208e-05, 0.27551, 0.48195, 0, 0, 6.18101e-15, 0, 0, 0.757461, 3.0781e-06, 0, 9.82614, 0.972648, 0.0570245, 290.626
8089, 3.99884e-05, 0.280777, 0.479117, 0, 0, 3.96687e-15, 0, 0, 0.759893, 2.27796e-06, 0, 10.1269, 0.972644, 0.0569966, 290.772
8090, 4.71827e-05, 0.274867, 0.483596, 0, 0, 4.72616e-15, 0, 0, 0.758463, 2.68571e-06, 0, 9.96148, 0.97264, 0.0569683, 290.676
8091, 8.48446e-05, 0.261671, 0.491039, 0, 0, 1.07165e-14, 0, 0, 0.75271, 4.82489e-06, 0, 9.37469, 0.972636, 0.0569399, 290.309
8092, 0.000152397, 0.246912, 0.496898, 0, 0, 2.60102e-14, 0, 0, 0.743809, 8.66322e-06, 0, 8.78902, 0.972632, 0.056912, 289.741
8093, 0.000211732, 0.237454, 0.499435, 0, 0, 4.67123e-14, 0, 0, 0.736889, 1.2035e-05, 0, 8.46019, 0.972628, 0.0568846, 289.294
8094, 0.000239486, 0.234657, 0.499534, 0, 0, 6.39502e-14, 0, 0, 0.73419, 1.36107e-05, 0, 8.33702, 0.972624, 0.0568575, 289.115
8095, 0.000244587, 0.235282, 0.498792, 0, 0, 7.22053e-14, 0, 0, 0.734074, 1.38951e-05, 0, 8.31594, 0.97262, 0.05683, 289.101
8096, 0.000245605, 0.235376, 0.498743, 0, 0, 7.16828e-14, 0, 0, 0.734119, 1.3943e-05, 0, 8.31179, 0.972616, 0.056802, 289.097
8097, 0.000249509, 0.234098, 0.49952, 0, 0, 6.79821e-14, 0, 0, 0.733618, 1.41549e-05, 0, 8.29602, 0.972612, 0.0567742, 289.058
8098, 0.000254613, 0.232937, 0.500129, 0, 0, 6.76505e-14, 0, 0, 0.733066, 1.44395e-05, 0, 8.27577, 0.972608, 0.0567471, 289.016
8099, 0.000262403, 0.232025, 0.500363, 0, 0, 7.42318e-14, 0, 0, 0.732388, 1.48773e-05, 0, 8.24563, 0.972604, 0.0567198, 288.966
8100, 0.000270444, 0.231405, 0.500373, 0, 0, 8.38468e-14, 0, 0, 0.731779, 1.53252e-05, 0, 8.21545, 0.9726, 0.056692, 288.92
8101, 0.000273213, 0.231227, 0.500403, 0, 0, 8.4389e-14, 0, 0, 0.731629, 1.54705e-05, 0, 8.20526, 0.972596, 0.0566642, 288.904
8102, 0.000272516, 0.231308, 0.50048, 0, 0, 7.95111e-14, 0, 0, 0.731788, 1.54222e-05, 0, 8.20781, 0.972592, 0.0566367, 288.908
8103, 0.000273166, 0.231422, 0.500483, 0, 0, 8.01006e-14, 0, 0, 0.731905, 1.54553e-05, 0, 8.20543, 0.972588, 0.0566094, 288.908
8104, 0.000270775, 0.231788, 0.500508, 0, 0, 7.74714e-14, 0, 0, 0.732296, 1.53167e-05, 0, 8.21422, 0.972584, 0.0565822, 288.927
8105, 0.000255629, 0.233222, 0.500624, 0, 0, 6.41821e-14, 0, 0, 0.733846, 1.44536e-05, 0, 8.27178, 0.97258, 0.0565548, 289.019
8106, 0.000217053, 0.237536, 0.500301, 0, 0, 4.50444e-14, 0, 0, 0.737836, 1.22647e-05, 0, 8.43537, 0.972576, 0.0565273, 289.267
8107, 0.000164289, 0.246072, 0.497781, 0, 0, 2.80791e-14, 0, 0, 0.743853, 9.27714e-06, 0, 8.71389, 0.972572, 0.0564999, 289.643
8108, 0.00014358, 0.254114, 0.493137, 0, 0, 2.6076e-14, 0, 0, 0.747251, 8.10368e-06, 0, 8.84862, 0.972568, 0.0564722, 289.852
8109, 0.000174473, 0.25256, 0.492109, 0, 0, 4.01816e-14, 0, 0, 0.744669, 9.84331e-06, 0, 8.65374, 0.972564, 0.0564447, 289.682
8110, 0.000209852, 0.24524, 0.495411, 0, 0, 5.31661e-14, 0, 0, 0.740651, 1.18335e-05, 0, 8.46911, 0.97256, 0.0564174, 289.42
8111, 0.000207034, 0.243727, 0.497115, 0, 0, 5.30131e-14, 0, 0, 0.740842, 1.16679e-05, 0, 8.48263, 0.972556, 0.05639, 289.426
8112, 0.000196294, 0.245044, 0.497119, 0, 0, 5.11757e-14, 0, 0, 0.742164, 1.1057e-05, 0, 8.5359, 0.972552, 0.0563625, 289.503
8113, 0.000219125, 0.241797, 0.497993, 0, 0, 6.16736e-14, 0, 0, 0.739789, 1.23385e-05, 0, 8.42587, 0.972548, 0.0563351, 289.345
8114, 0.000255394, 0.236576, 0.499319, 0, 0, 7.56837e-14, 0, 0, 0.735896, 1.43751e-05, 0, 8.2727, 0.972544, 0.0563077, 289.09
8115, 0.000275273, 0.233761, 0.500041, 0, 0, 8.14268e-14, 0, 0, 0.733801, 1.54857e-05, 0, 8.19775, 0.97254, 0.0562803, 288.95
8116, 0.000280823, 0.233027, 0.500264, 0, 0, 8.10475e-14, 0, 0, 0.733291, 1.57874e-05, 0, 8.17778, 0.972536, 0.0562529, 288.91
8117, 0.000282792, 0.23292, 0.500324, 0, 0, 8.2677e-14, 0, 0, 0.733244, 1.58895e-05, 0, 8.1708, 0.972532, 0.0562256, 288.901
8118, 0.000284342, 0.232906, 0.500363, 0, 0, 8.5218e-14, 0, 0, 0.733269, 1.59715e-05, 0, 8.16533, 0.972528, 0.0561982, 288.896
8119, 0.00028605, 0.232891, 0.500383, 0, 0, 8.72125e-14, 0, 0, 0.733275, 1.60615e-05, 0, 8.15934, 0.972524, 0.0561711, 288.889
8120, 0.000288072, 0.232831, 0.500394, 0, 0, 8.75976e-14, 0, 0, 0.733225, 1.61658e-05, 0, 8.1523, 0.97252, 0.056144, 288.88
8121, 0.000289977, 0.232794, 0.500394, 0, 0, 8.80228e-14, 0, 0, 0.733189, 1.62622e-05, 0, 8.14571, 0.972516, 0.0561167, 288.871
8122, 0.000292635, 0.232837, 0.50033, 0, 0, 9.47453e-14, 0, 0, 0.733167, 1.64041e-05, 0, 8.13658, 0.972512, 0.0560893, 288.863
8123, 0.000293577, 0.233049, 0.500263, 0, 0, 9.99492e-14, 0, 0, 0.733312, 1.64522e-05, 0, 8.13337, 0.972508, 0.0560621, 288.865
8124, 0.000289233, 0.233576, 0.500275, 0, 0, 9.36154e-14, 0, 0, 0.733851, 1.62022e-05, 0, 8.14828, 0.972504, 0.056035, 288.893
8125, 0.000277826, 0.234636, 0.500343, 0, 0, 7.6947e-14, 0, 0, 0.734979, 1.55535e-05, 0, 8.18852, 0.9725, 0.0560078, 288.959
8126, 0.000254662, 0.23694, 0.500338, 0, 0, 5.81482e-14, 0, 0, 0.737278, 1.42478e-05, 0, 8.27557, 0.972496, 0.0559806, 289.099
8127, 0.000208742, 0.241573, 0.500271, 0, 0, 3.94507e-14, 0, 0, 0.741845, 1.16741e-05, 0, 8.47441, 0.972492, 0.0559533, 289.384
8128, 0.000151068, 0.247241, 0.500303, 0, 0, 2.16879e-14, 0, 0, 0.747544, 8.4452e-06, 0, 8.79778, 0.972488, 0.0559259, 289.739
8129, 0.000118561, 0.250594, 0.500243, 0, 0, 1.25613e-14, 0, 0, 0.750837, 6.6223e-06, 0, 9.04008, 0.972484, 0.0558984, 289.941
8130, 0.000127071, 0.250534, 0.499749, 0, 0, 1.53017e-14, 0, 0, 0.750284, 7.09032e-06, 0, 8.97077, 0.97248, 0.0558713, 289.899
8131, 0.000159669, 0.249543, 0.498155, 0, 0, 2.4574e-14, 0, 0, 0.747698, 8.90568e-06, 0, 8.74241, 0.972476, 0.0558442, 289.729
8132, 0.000163495, 0.256346, 0.492437, 0, 0, 2.7206e-14, 0, 0, 0.748784, 9.11854e-06, 0, 8.71873, 0.972472, 0.055817, 289.791
8133, 0.000115072, 0.277917, 0.478529, 0, 0, 1.85186e-14, 0, 0, 0.756445, 6.41708e-06, 0, 9.06995, 0.972468, 0.0557896, 290.268
8134, 6.76263e-05, 0.299105, 0.464731, 0, 0, 1.00817e-14, 0, 0, 0.763836, 3.76875e-06, 0, 9.60151, 0.972464, 0.0557622, 290.724
8135, 8.10115e-05, 0.293048, 0.468857, 0, 0, 1.28541e-14, 0, 0, 0.761905, 4.50974e-06, 0, 9.42092, 0.97246, 0.0557348, 290.597
8136, 0.000133979, 0.268785, 0.484947, 0, 0, 2.2269e-14, 0, 0, 0.753732, 7.45602e-06, 0, 8.91783, 0.972456, 0.0557073, 290.078
8137, 0.000156582, 0.254164, 0.495235, 0, 0, 2.4245e-14, 0, 0, 0.749398, 8.71118e-06, 0, 8.76193, 0.972452, 0.0556794, 289.798
8138, 0.000151502, 0.251259, 0.49808, 0, 0, 2.20438e-14, 0, 0, 0.74934, 8.42461e-06, 0, 8.79491, 0.972448, 0.0556515, 289.787
8139, 0.000175062, 0.248923, 0.498371, 0, 0, 3.06941e-14, 0, 0, 0.747294, 9.73123e-06, 0, 8.65037, 0.972444, 0.0556241, 289.651
8140, 0.000217956, 0.244947, 0.498464, 0, 0, 4.499e-14, 0, 0, 0.743411, 1.21096e-05, 0, 8.43122, 0.97244, 0.0555967, 289.398
8141, 0.000245269, 0.242149, 0.498745, 0, 0, 5.38843e-14, 0, 0, 0.740894, 1.36185e-05, 0, 8.31315, 0.972436, 0.0555687, 289.232
8142, 0.000256323, 0.241158, 0.498866, 0, 0, 6.03811e-14, 0, 0, 0.740025, 1.42263e-05, 0, 8.26907, 0.972432, 0.0555405, 289.17
8143, 0.000258773, 0.241431, 0.498672, 0, 0, 6.71544e-14, 0, 0, 0.740103, 1.43584e-05, 0, 8.25956, 0.972428, 0.0555124, 289.168
8144, 0.000254343, 0.242667, 0.498213, 0, 0, 7.1786e-14, 0, 0, 0.74088, 1.41076e-05, 0, 8.27683, 0.972424, 0.0554838, 289.211
8145, 0.000240945, 0.245116, 0.497429, 0, 0, 7.03194e-14, 0, 0, 0.742545, 1.33566e-05, 0, 8.33094, 0.97242, 0.0554542, 289.311
8146, 0.000221702, 0.248412, 0.49638, 0, 0, 6.36625e-14, 0, 0, 0.744792, 1.22816e-05, 0, 8.41417, 0.972416, 0.0554236, 289.447
8147, 0.0002048, 0.251702, 0.49514, 0, 0, 5.7937e-14, 0, 0, 0.746842, 1.13395e-05, 0, 8.49347, 0.972412, 0.055392, 289.571
8148, 0.000179929, 0.257483, 0.492467, 0, 0, 4.97747e-14, 0, 0, 0.74995, 9.9588e-06, 0, 8.62295, 0.972408, 0.0553581, 289.761
8149, 0.000133699, 0.269273, 0.486515, 0, 0, 3.41832e-14, 0, 0, 0.755787, 7.39682e-06, 0, 8.91992, 0.972404, 0.0553196, 290.123
8150, 8.77696e-05, 0.282352, 0.479446, 0, 0, 1.95319e-14, 0, 0, 0.761798, 4.85121e-06, 0, 9.34079, 0.9724, 0.0552722, 290.494
8151, 7.2775e-05, 0.287076, 0.476802, 0, 0, 1.51379e-14, 0, 0, 0.763877, 4.01513e-06, 0, 9.52814, 0.972396, 0.055202, 290.618
8152, 7.96175e-05, 0.285409, 0.477675, 0, 0, 1.73762e-14, 0, 0, 0.763084, 4.38175e-06, 0, 9.43828, 0.972392, 0.0550503, 290.562
8153, 8.12225e-05, 0.289413, 0.473988, 0, 0, 1.84048e-14, 0, 0, 0.763401, 4.45003e-06, 0, 9.41832, 0.972388, 0.0546581, 290.575
8154, 6.38812e-05, 0.313307, 0.454192, 0, 0, 1.4547e-14, 0, 0, 0.767499, 3.47383e-06, 0, 9.65849, 0.972384, 0.0540103, 290.825
8155, 3.39966e-05, 0.358436, 0.416286, 0, 0, 7.50231e-15, 0, 0, 0.774722, 1.8312e-06, 0, 10.2893, 0.97238, 0.0537269, 291.267
8156, 1.21533e-05, 0.392583, 0.387614, 0, 0, 2.4733e-15, 0, 0, 0.780197, 6.505e-07, 0, 11.3179, 0.972376, 0.0541825, 291.599
8157, 4.37502e-06, 0.410623, 0.372055, 0, 0, 7.81345e-16, 0, 0, 0.782678, 2.3658e-07, 0, 12.3396, 0.972372, 0.0547241, 291.745
8158, 2.00874e-06, 0.463324, 0.323501, 0, 0, 3.43263e-16, 0, 0, 0.786826, 1.09984e-07, 0, 13.118, 0.972368, 0.054953, 291.994
8159, 6.39778e-07, 0.55261, 0.240811, 0, 0, 1.10273e-16, 0, 0, 0.793421, 3.51408e-08, 0, 14.2621, 0.972364, 0.0550083, 292.391
8160, 1.0548e-07, 0.614057, 0.183794, 0, 0, 1.8286e-17, 0, 0, 0.797851, 5.79739e-09, 0, 16.0647, 0.97236, 0.0550137, 292.654
8161, 8.63515e-09, 0.646669, 0.153709, 0, 0, 1.49258e-18, 0, 0, 0.800378, 4.74714e-10, 0, 18.5674, 0.972356, 0.0550036, 292.801
8162, 5.67468e-10, 0.694486, 0.110123, 0, 0, 9.33466e-20, 0, 0, 0.80461, 3.11754e-11, 0, 21.2898, 0.972352, 0.0549869, 293.051
8163, 6.04188e-09, 0.718228, 0.0887006, 0, 0, 9.67783e-19, 0, 0, 0.806929, 3.3151e-10, 0, 18.9246, 0.972348, 0.0549671, 293.185
8164, 9.00441e-08, 0.662372, 0.140167, 0, 0, 1.51911e-17, 0, 0, 0.80254, 4.94021e-09, 0, 16.223, 0.972344, 0.0549454, 292.914
8165, 7.66249e-07, 0.552243, 0.241785, 0, 0, 1.366e-16, 0, 0, 0.794028, 4.20321e-08, 0, 14.0818, 0.97234, 0.0549222, 292.391
8166, 3.91105e-06, 0.448666, 0.337544, 0, 0, 7.27942e-16, 0, 0, 0.78621, 2.14472e-07, 0, 12.4517, 0.972336, 0.0548982, 291.906
8167, 1.25954e-05, 0.377628, 0.402466, 0, 0, 2.36688e-15, 0, 0, 0.780094, 6.90398e-07, 0, 11.2822, 0.972332, 0.0548736, 291.524
8168, 2.69658e-05, 0.334673, 0.440357, 0, 0, 4.80947e-15, 0, 0, 0.77503, 1.47713e-06, 0, 10.5209, 0.972328, 0.0548486, 291.204
8169, 4.22464e-05, 0.310121, 0.46095, 0, 0, 6.7583e-15, 0, 0, 0.771071, 2.31213e-06, 0, 10.072, 0.972324, 0.0548233, 290.952
8170, 5.92144e-05, 0.29574, 0.472123, 0, 0, 9.3612e-15, 0, 0, 0.767864, 3.23909e-06, 0, 9.73435, 0.97232, 0.0547978, 290.746
8171, 8.51355e-05, 0.285222, 0.479123, 0, 0, 1.56128e-14, 0, 0, 0.764345, 4.65783e-06, 0, 9.37127, 0.972316, 0.054772, 290.52
8172, 0.000114743, 0.276481, 0.484258, 0, 0, 2.33459e-14, 0, 0, 0.760739, 6.27753e-06, 0, 9.07281, 0.972312, 0.0547461, 290.288
8173, 0.000131786, 0.270826, 0.487691, 0, 0, 2.62375e-14, 0, 0, 0.758517, 7.2057e-06, 0, 8.93433, 0.972308, 0.0547202, 290.142
8174, 0.000134581, 0.268, 0.489772, 0, 0, 2.34607e-14, 0, 0, 0.757772, 7.35105e-06, 0, 8.91334, 0.972304, 0.0546944, 290.089
8175, 0.000141471, 0.265074, 0.491643, 0, 0, 2.26402e-14, 0, 0, 0.756717, 7.72091e-06, 0, 8.86342, 0.9723, 0.0546684, 290.016
8176, 0.000155181, 0.263028, 0.492437, 0, 0, 2.68364e-14, 0, 0, 0.755465, 8.46839e-06, 0, 8.77092, 0.972296, 0.0546424, 289.931
8177, 0.000150558, 0.267659, 0.489204, 0, 0, 2.82466e-14, 0, 0, 0.756862, 8.21729e-06, 0, 8.80116, 0.972292, 0.0546164, 290.013
8178, 0.000113025, 0.281968, 0.480358, 0, 0, 2.11273e-14, 0, 0, 0.762326, 6.168e-06, 0, 9.0879, 0.972288, 0.0545906, 290.35
8179, 8.38009e-05, 0.293035, 0.473498, 0, 0, 1.52021e-14, 0, 0, 0.766533, 4.56989e-06, 0, 9.38707, 0.972284, 0.0545646, 290.607
8180, 0.000108805, 0.285029, 0.478386, 0, 0, 2.16815e-14, 0, 0, 0.763415, 5.92829e-06, 0, 9.12596, 0.97228, 0.0545385, 290.406
8181, 0.000159243, 0.269013, 0.488005, 0, 0, 3.44078e-14, 0, 0, 0.757019, 8.67386e-06, 0, 8.74508, 0.972276, 0.0545124, 289.997
8182, 0.000175732, 0.263898, 0.49111, 0, 0, 3.81746e-14, 0, 0, 0.755008, 9.57083e-06, 0, 8.64655, 0.972272, 0.0544864, 289.864
8183, 0.000141599, 0.274151, 0.485252, 0, 0, 2.87813e-14, 0, 0, 0.759403, 7.71055e-06, 0, 8.86251, 0.972268, 0.0544602, 290.135
8184, 9.79017e-05, 0.288673, 0.476578, 0, 0, 1.82008e-14, 0, 0, 0.765251, 5.32784e-06, 0, 9.23155, 0.972264, 0.0544337, 290.496
8185, 0.000106945, 0.286846, 0.477539, 0, 0, 2.12091e-14, 0, 0, 0.764385, 5.81337e-06, 0, 9.14319, 0.97226, 0.054407, 290.435
8186, 0.000158015, 0.271743, 0.486354, 0, 0, 3.40424e-14, 0, 0, 0.758097, 8.58557e-06, 0, 8.75282, 0.972256, 0.0543807, 290.034
8187, 0.00018147, 0.266702, 0.488733, 0, 0, 3.96397e-14, 0, 0, 0.755435, 9.85869e-06, 0, 8.61442, 0.972252, 0.054355, 289.86
8188, 0.00014625, 0.285967, 0.474705, 0, 0, 3.1345e-14, 0, 0, 0.760672, 7.94408e-06, 0, 8.83019, 0.972248, 0.0543293, 290.183
8189, 8.32058e-05, 0.321814, 0.448255, 0, 0, 1.68054e-14, 0, 0, 0.770068, 4.51778e-06, 0, 9.39419, 0.972244, 0.0543033, 290.765
8190, 5.11771e-05, 0.333545, 0.440561, 0, 0, 8.18961e-15, 0, 0, 0.774106, 2.77495e-06, 0, 9.88022, 0.97224, 0.0542774, 291.01
8191, 7.28579e-05, 0.307824, 0.461691, 0, 0, 1.14829e-14, 0, 0, 0.769516, 3.94755e-06, 0, 9.527, 0.972236, 0.0542515, 290.718
8192, 0.000114295, 0.285124, 0.478525, 0, 0, 2.19338e-14, 0, 0, 0.76365, 6.19372e-06, 0, 9.07673, 0.972232, 0.0542255, 290.345
8193, 0.00012221, 0.291421, 0.472396, 0, 0, 2.61106e-14, 0, 0, 0.763817, 6.62256e-06, 0, 9.00977, 0.972228, 0.0541996, 290.35
8194, 9.31339e-05, 0.31217, 0.456356, 0, 0, 1.8923e-14, 0, 0, 0.768526, 5.04412e-06, 0, 9.28147, 0.972224, 0.0541736, 290.638
8195, 8.81404e-05, 0.308742, 0.4597, 0, 0, 1.44378e-14, 0, 0, 0.768442, 4.76701e-06, 0, 9.33658, 0.97222, 0.0541474, 290.627
8196, 0.0001308, 0.283048, 0.479018, 0, 0, 2.23349e-14, 0, 0, 0.762066, 7.07073e-06, 0, 8.94184, 0.972216, 0.0541215, 290.221
8197, 0.000170556, 0.266648, 0.490503, 0, 0, 3.18529e-14, 0, 0, 0.757152, 9.22057e-06, 0, 8.67645, 0.972212, 0.0540957, 289.906
8198, 0.00016398, 0.265494, 0.492242, 0, 0, 2.9532e-14, 0, 0, 0.757736, 8.86363e-06, 0, 8.71577, 0.972208, 0.0540697, 289.936
8199, 0.000135257, 0.27042, 0.490391, 0, 0, 2.19205e-14, 0, 0, 0.760811, 7.30685e-06, 0, 8.90833, 0.972204, 0.0540438, 290.124
8200, 0.000122788, 0.276478, 0.486322, 0, 0, 2.07083e-14, 0, 0, 0.762801, 6.62859e-06, 0, 9.00505, 0.9722, 0.0540178, 290.243
8201, 0.000106169, 0.29015, 0.475973, 0, 0, 2.0071e-14, 0, 0, 0.766123, 5.72916e-06, 0, 9.15048, 0.972196, 0.0539917, 290.445
8202, 6.77574e-05, 0.315712, 0.456852, 0, 0, 1.34807e-14, 0, 0, 0.772565, 3.65573e-06, 0, 9.59958, 0.972192, 0.0539659, 290.841
8203, 3.1897e-05, 0.349345, 0.429901, 0, 0, 6.22801e-15, 0, 0, 0.779246, 1.72064e-06, 0, 10.353, 0.972188, 0.0539403, 291.249
8204, 1.25022e-05, 0.406342, 0.37942, 0, 0, 2.29914e-15, 0, 0, 0.785761, 6.74217e-07, 0, 11.2896, 0.972184, 0.0539147, 291.646
8205, 3.77352e-06, 0.506447, 0.287729, 0, 0, 6.59054e-16, 0, 0, 0.794175, 2.03441e-07, 0, 12.4875, 0.97218, 0.0538888, 292.156
8206, 7.32173e-07, 0.609439, 0.192795, 0, 0, 1.23241e-16, 0, 0, 0.802234, 3.94585e-08, 0, 14.1272, 0.972176, 0.0538628, 292.641
8207, 5.08899e-07, 0.623909, 0.179481, 0, 0, 7.95968e-17, 0, 0, 0.80339, 2.73417e-08, 0, 14.491, 0.972172, 0.0538369, 292.705
8208, 3.05811e-06, 0.535021, 0.261537, 0, 0, 4.65729e-16, 0, 0, 0.796558, 1.64159e-07, 0, 12.6977, 0.972168, 0.0538112, 292.283
8209, 1.27667e-05, 0.424717, 0.362723, 0, 0, 1.96171e-15, 0, 0, 0.78744, 6.85071e-07, 0, 11.2687, 0.972164, 0.0537856, 291.719
8210, 3.55883e-05, 0.349333, 0.429958, 0, 0, 5.71454e-15, 0, 0, 0.779291, 1.90934e-06, 0, 10.2435, 0.97216, 0.0537599, 291.21
8211, 7.08376e-05, 0.30823, 0.463987, 0, 0, 1.14905e-14, 0, 0, 0.772217, 3.79978e-06, 0, 9.55512, 0.972156, 0.0537341, 290.764
8212, 0.000109051, 0.286237, 0.480161, 0, 0, 1.6974e-14, 0, 0, 0.766397, 5.84761e-06, 0, 9.1237, 0.972152, 0.0537084, 290.394
8213, 0.000149205, 0.273605, 0.487999, 0, 0, 2.46993e-14, 0, 0, 0.761604, 7.9982e-06, 0, 8.81019, 0.972148, 0.0536826, 290.087
8214, 0.000193136, 0.265335, 0.491994, 0, 0, 3.87152e-14, 0, 0, 0.757329, 1.03498e-05, 0, 8.55212, 0.972144, 0.0536569, 289.811
8215, 0.000231642, 0.259629, 0.494253, 0, 0, 5.5097e-14, 0, 0, 0.753882, 1.24109e-05, 0, 8.37032, 0.97214, 0.0536312, 289.587
8216, 0.000259259, 0.255837, 0.495634, 0, 0, 6.79327e-14, 0, 0, 0.751471, 1.38897e-05, 0, 8.25768, 0.972136, 0.0536052, 289.428
8217, 0.000274928, 0.253574, 0.496519, 0, 0, 7.3414e-14, 0, 0, 0.750092, 1.47245e-05, 0, 8.199, 0.972132, 0.0535792, 289.334
8218, 0.00027628, 0.252684, 0.497153, 0, 0, 6.9193e-14, 0, 0, 0.749837, 1.4785e-05, 0, 8.19409, 0.972128, 0.0535534, 289.312
8219, 0.00026769, 0.252739, 0.497625, 0, 0, 5.87264e-14, 0, 0, 0.750364, 1.43105e-05, 0, 8.22568, 0.972124, 0.0535281, 289.339
8220, 0.000257159, 0.253341, 0.497833, 0, 0, 4.99247e-14, 0, 0, 0.751174, 1.37396e-05, 0, 8.26582, 0.97212, 0.0535027, 289.384
8221, 0.000231852, 0.255578, 0.497672, 0, 0, 3.89466e-14, 0, 0, 0.75325, 1.23819e-05, 0, 8.36941, 0.972116, 0.0534772, 289.51
8222, 0.000201975, 0.258543, 0.497243, 0, 0, 2.84107e-14, 0, 0, 0.755786, 1.07782e-05, 0, 8.50737, 0.972112, 0.0534517, 289.665
8223, 0.00020971, 0.258629, 0.496867, 0, 0, 3.18861e-14, 0, 0, 0.755496, 1.11847e-05, 0, 8.46979, 0.972108, 0.0534261, 289.64
8224, 0.00023576, 0.258126, 0.495887, 0, 0, 4.35281e-14, 0, 0, 0.754013, 1.25714e-05, 0, 8.3527, 0.972104, 0.0534006, 289.54
8225, 0.000219844, 0.263974, 0.492479, 0, 0, 4.57442e-14, 0, 0, 0.756454, 1.17228e-05, 0, 8.42259, 0.9721, 0.053375, 289.689
8226, 0.000164247, 0.275519, 0.486964, 0, 0, 3.49757e-14, 0, 0, 0.762483, 8.75797e-06, 0, 8.71414, 0.972096, 0.0533495, 290.063
8227, 0.000130532, 0.2824, 0.483719, 0, 0, 2.74882e-14, 0, 0, 0.76612, 6.95676e-06, 0, 8.94389, 0.972092, 0.0533239, 290.285
8228, 0.000140476, 0.281884, 0.483499, 0, 0, 3.14726e-14, 0, 0, 0.765384, 7.48148e-06, 0, 8.87048, 0.972088, 0.0532982, 290.233
8229, 0.000138216, 0.28941, 0.477158, 0, 0, 3.22896e-14, 0, 0, 0.766568, 7.35765e-06, 0, 8.88669, 0.972084, 0.0532725, 290.301
8230, 0.000100074, 0.310436, 0.461748, 0, 0, 2.31735e-14, 0, 0, 0.772184, 5.32482e-06, 0, 9.2096, 0.97208, 0.0532471, 290.647
8231, 9.06099e-05, 0.316931, 0.456878, 0, 0, 2.09628e-14, 0, 0, 0.773808, 4.81821e-06, 0, 9.30895, 0.972076, 0.0532217, 290.742
8232, 0.00014412, 0.295439, 0.471746, 0, 0, 3.49949e-14, 0, 0, 0.767185, 7.65929e-06, 0, 8.84486, 0.972072, 0.053196, 290.322
8233, 0.000209682, 0.272488, 0.486976, 0, 0, 5.31575e-14, 0, 0, 0.759464, 1.1138e-05, 0, 8.46992, 0.972068, 0.0531703, 289.83
8234, 0.000244386, 0.263047, 0.492738, 0, 0, 6.42154e-14, 0, 0, 0.755785, 1.2975e-05, 0, 8.31676, 0.972064, 0.0531447, 289.591
8235, 0.000253923, 0.261266, 0.493716, 0, 0, 6.81674e-14, 0, 0, 0.754981, 1.34772e-05, 0, 8.27848, 0.97206, 0.0531194, 289.534
8236, 0.00025054, 0.262031, 0.493416, 0, 0, 6.67971e-14, 0, 0, 0.755447, 1.32948e-05, 0, 8.29189, 0.972056, 0.0530942, 289.558
8237, 0.000236606, 0.26451, 0.492385, 0, 0, 6.12127e-14, 0, 0, 0.756895, 1.25494e-05, 0, 8.34911, 0.972052, 0.053069, 289.643
8238, 0.000216275, 0.26828, 0.490707, 0, 0, 5.42448e-14, 0, 0, 0.758987, 1.1463e-05, 0, 8.43896, 0.972048, 0.0530435, 289.769
8239, 0.000192973, 0.273052, 0.488384, 0, 0, 4.66601e-14, 0, 0, 0.761436, 1.02218e-05, 0, 8.55296, 0.972044, 0.0530181, 289.918
8240, 0.00016532, 0.27969, 0.484768, 0, 0, 3.82266e-14, 0, 0, 0.764458, 8.75394e-06, 0, 8.70763, 0.97204, 0.052993, 290.102
8241, 0.000130989, 0.290704, 0.477832, 0, 0, 2.94721e-14, 0, 0, 0.768536, 6.93435e-06, 0, 8.94039, 0.972036, 0.0529679, 290.352
8242, 8.97429e-05, 0.311471, 0.46275, 0, 0, 1.99135e-14, 0, 0, 0.774221, 4.74914e-06, 0, 9.31856, 0.972032, 0.0529426, 290.702
8243, 4.7913e-05, 0.344478, 0.436677, 0, 0, 1.03534e-14, 0, 0, 0.781155, 2.53443e-06, 0, 9.94612, 0.972028, 0.0529171, 291.127
8244, 1.86433e-05, 0.378169, 0.408815, 0, 0, 3.83597e-15, 0, 0, 0.786984, 9.85797e-07, 0, 10.89, 0.972024, 0.0528915, 291.482
8245, 6.08307e-06, 0.410796, 0.380046, 0, 0, 1.15418e-15, 0, 0, 0.790842, 3.21522e-07, 0, 12.01, 0.97202, 0.0528663, 291.713
8246, 2.00761e-06, 0.466894, 0.328382, 0, 0, 3.52984e-16, 0, 0, 0.795276, 1.06072e-07, 0, 13.1186, 0.972016, 0.0528414, 291.98
8247, 5.12213e-07, 0.558151, 0.243891, 0, 0, 8.649e-17, 0, 0, 0.802043, 2.70562e-08, 0, 14.4845, 0.972012, 0.0528165, 292.387
8248, 7.52149e-08, 0.659906, 0.150049, 0, 0, 1.23153e-17, 0, 0, 0.809954, 3.97196e-09, 0, 16.4029, 0.972008, 0.0527913, 292.862
8249, 6.43273e-09, 0.716039, 0.0985365, 0, 0, 9.98674e-19, 0, 0, 0.814576, 3.39499e-10, 0, 18.8619, 0.972004, 0.0527661, 293.136
8250, 9.4631e-09, 0.685685, 0.12648, 0, 0, 1.25309e-18, 0, 0, 0.812165, 4.98264e-10, 0, 18.4759, 0.972, 0.0527409, 292.984
8251, 6.53761e-08, 0.596202, 0.209028, 0, 0, 8.88566e-18, 0, 0, 0.80523, 3.44218e-09, 0, 16.5431, 0.971996, 0.0527156, 292.558
8252, 2.3127e-07, 0.508421, 0.290497, 0, 0, 3.1873e-17, 0, 0, 0.798918, 1.21758e-08, 0, 15.2797, 0.971992, 0.0526904, 292.168
8253, 4.12135e-07, 0.464135, 0.331847, 0, 0, 5.70251e-17, 0, 0, 0.795981, 2.16945e-08, 0, 14.7019, 0.971988, 0.0526653, 291.982
8254, 3.73445e-07, 0.483583, 0.313917, 0, 0, 5.15718e-17, 0, 0, 0.7975, 1.96533e-08, 0, 14.8005, 0.971984, 0.0526403, 292.069
8255, 2.43328e-07, 0.550481, 0.251923, 0, 0, 3.32611e-17, 0, 0, 0.802404, 1.27946e-08, 0, 15.2289, 0.97198, 0.0526153, 292.363
8256, 8.80539e-07, 0.579701, 0.224863, 0, 0, 1.15091e-16, 0, 0, 0.804564, 4.62201e-08, 0, 13.9427, 0.971976, 0.0525902, 292.489
8257, 4.98744e-06, 0.512064, 0.287177, 0, 0, 6.08011e-16, 0, 0, 0.799241, 2.61573e-07, 0, 12.2086, 0.971972, 0.052565, 292.158
8258, 1.75882e-05, 0.410979, 0.379459, 0, 0, 2.02274e-15, 0, 0, 0.790438, 9.21504e-07, 0, 10.9483, 0.971968, 0.0525398, 291.612
8259, 4.32495e-05, 0.342988, 0.439579, 0, 0, 5.40669e-15, 0, 0, 0.782567, 2.26437e-06, 0, 10.0485, 0.971964, 0.0525147, 291.12
8260, 8.4583e-05, 0.308257, 0.467612, 0, 0, 1.32891e-14, 0, 0, 0.775869, 4.42884e-06, 0, 9.37778, 0.97196, 0.0524896, 290.698
8261, 0.00013376, 0.290044, 0.480133, 0, 0, 2.52922e-14, 0, 0, 0.770177, 7.00695e-06, 0, 8.91946, 0.971956, 0.0524646, 290.336
8262, 0.000169925, 0.280512, 0.485926, 0, 0, 3.39954e-14, 0, 0, 0.766438, 8.90226e-06, 0, 8.68015, 0.971952, 0.0524396, 290.095
8263, 0.000185771, 0.275713, 0.488899, 0, 0, 3.37633e-14, 0, 0, 0.764612, 9.72509e-06, 0, 8.591, 0.971948, 0.0524147, 289.974
8264, 0.000198448, 0.272021, 0.491082, 0, 0, 2.99123e-14, 0, 0, 0.763103, 1.03734e-05, 0, 8.52499, 0.971944, 0.0523899, 289.873
8265, 0.000219202, 0.268957, 0.492382, 0, 0, 3.25135e-14, 0, 0, 0.761339, 1.14483e-05, 0, 8.42552, 0.97194, 0.052365, 289.756
8266, 0.000242654, 0.266962, 0.492795, 0, 0, 4.34185e-14, 0, 0, 0.759758, 1.26761e-05, 0, 8.32387, 0.971936, 0.0523401, 289.65
8267, 0.000263631, 0.26533, 0.49309, 0, 0, 5.69611e-14, 0, 0, 0.75842, 1.37771e-05, 0, 8.24096, 0.971932, 0.0523151, 289.559
8268, 0.000260012, 0.267014, 0.492131, 0, 0, 6.20216e-14, 0, 0, 0.759145, 1.35866e-05, 0, 8.25478, 0.971928, 0.0522901, 289.599
8269, 0.000234621, 0.271574, 0.490088, 0, 0, 5.64564e-14, 0, 0, 0.761662, 1.22514e-05, 0, 8.35754, 0.971924, 0.0522652, 289.752
8270, 0.000234824, 0.271778, 0.490023, 0, 0, 5.64872e-14, 0, 0, 0.761801, 1.2253e-05, 0, 8.35668, 0.97192, 0.0522404, 289.755
8271, 0.000248962, 0.269621, 0.491053, 0, 0, 6.14579e-14, 0, 0, 0.760674, 1.29888e-05, 0, 8.29821, 0.971916, 0.0522156, 289.678
8272, 0.000227091, 0.27311, 0.489646, 0, 0, 5.47617e-14, 0, 0, 0.762756, 1.18454e-05, 0, 8.39016, 0.971912, 0.0521907, 289.804
8273, 0.000210726, 0.275867, 0.488486, 0, 0, 4.8368e-14, 0, 0, 0.764353, 1.0982e-05, 0, 8.46495, 0.971908, 0.0521657, 289.899
8274, 0.000256827, 0.269061, 0.491362, 0, 0, 6.15294e-14, 0, 0, 0.760423, 1.33706e-05, 0, 8.26711, 0.971904, 0.0521408, 289.644
8275, 0.00032654, 0.259323, 0.495226, 0, 0, 8.38305e-14, 0, 0, 0.754549, 1.69922e-05, 0, 8.02696, 0.9719, 0.0521161, 289.266
8276, 0.000375528, 0.253423, 0.497229, 0, 0, 1.01834e-13, 0, 0, 0.750652, 1.954e-05, 0, 7.88718, 0.971896, 0.0520914, 289.011
8277, 0.000399976, 0.250815, 0.498, 0, 0, 1.11757e-13, 0, 0, 0.748815, 2.08057e-05, 0, 7.82411, 0.971892, 0.0520666, 288.888
8278, 0.000401916, 0.250114, 0.49845, 0, 0, 1.07153e-13, 0, 0, 0.748564, 2.08902e-05, 0, 7.81927, 0.971888, 0.0520418, 288.866
8279, 0.000394257, 0.250286, 0.498729, 0, 0, 9.56242e-14, 0, 0, 0.749016, 2.04715e-05, 0, 7.83851, 0.971884, 0.0520169, 288.889
8280, 0.00039659, 0.250655, 0.498475, 0, 0, 9.90672e-14, 0, 0, 0.74913, 2.05818e-05, 0, 7.83261, 0.97188, 0.051992, 288.89
8281, 0.000391623, 0.25261, 0.497468, 0, 0, 1.07079e-13, 0, 0, 0.750078, 2.03247e-05, 0, 7.84521, 0.971876, 0.0519669, 288.945
8282, 0.000355526, 0.257609, 0.495709, 0, 0, 9.79776e-14, 0, 0, 0.753318, 1.84489e-05, 0, 7.94191, 0.971872, 0.051942, 289.146
8283, 0.000325369, 0.261567, 0.494395, 0, 0, 8.86623e-14, 0, 0, 0.755962, 1.6878e-05, 0, 8.03055, 0.971868, 0.0519175, 289.308
8284, 0.000349552, 0.259091, 0.49514, 0, 0, 1.00604e-13, 0, 0, 0.754231, 1.81178e-05, 0, 7.95886, 0.971864, 0.051893, 289.192
8285, 0.00039603, 0.253878, 0.496793, 0, 0, 1.18639e-13, 0, 0, 0.750671, 2.05047e-05, 0, 7.83402, 0.97186, 0.0518684, 288.959
8286, 0.000413574, 0.251936, 0.497465, 0, 0, 1.24011e-13, 0, 0, 0.749401, 2.14046e-05, 0, 7.79067, 0.971856, 0.0518438, 288.872
8287, 0.000386816, 0.255235, 0.496443, 0, 0, 1.12197e-13, 0, 0, 0.751678, 2.00242e-05, 0, 7.85756, 0.971852, 0.0518193, 289.012
8288, 0.000310506, 0.265363, 0.492708, 0, 0, 8.25345e-14, 0, 0, 0.758071, 1.60744e-05, 0, 8.07731, 0.971848, 0.0517946, 289.413
8289, 0.000214344, 0.28025, 0.486173, 0, 0, 4.90676e-14, 0, 0, 0.766423, 1.1089e-05, 0, 8.44793, 0.971844, 0.0517699, 289.935
8290, 0.000149317, 0.295985, 0.476866, 0, 0, 2.96335e-14, 0, 0, 0.77285, 7.71303e-06, 0, 8.80944, 0.97184, 0.0517453, 290.333
8291, 0.000119214, 0.31142, 0.46552, 0, 0, 2.33562e-14, 0, 0, 0.776939, 6.15187e-06, 0, 9.03459, 0.971836, 0.0517209, 290.583
8292, 0.000147972, 0.309506, 0.465433, 0, 0, 3.31543e-14, 0, 0, 0.774938, 7.63824e-06, 0, 8.81849, 0.971832, 0.0516965, 290.453
8293, 0.000252698, 0.28469, 0.480278, 0, 0, 6.18698e-14, 0, 0, 0.764969, 1.30425e-05, 0, 8.28332, 0.971828, 0.0516721, 289.82
8294, 0.000359771, 0.262272, 0.492876, 0, 0, 8.94218e-14, 0, 0, 0.755148, 1.85523e-05, 0, 7.93004, 0.971824, 0.0516475, 289.192
8295, 0.000416175, 0.253239, 0.497196, 0, 0, 1.05584e-13, 0, 0, 0.750435, 2.14408e-05, 0, 7.7844, 0.97182, 0.0516229, 288.885
8296, 0.0004285, 0.251902, 0.497753, 0, 0, 1.15166e-13, 0, 0, 0.749655, 2.20708e-05, 0, 7.75522, 0.971816, 0.0515983, 288.829
8297, 0.000407112, 0.25428, 0.497206, 0, 0, 1.12669e-13, 0, 0, 0.751486, 2.09733e-05, 0, 7.80642, 0.971812, 0.0515737, 288.94
8298, 0.000382358, 0.25687, 0.496637, 0, 0, 1.0413e-13, 0, 0, 0.753508, 1.9694e-05, 0, 7.86915, 0.971808, 0.0515492, 289.064
8299, 0.000399074, 0.255437, 0.496958, 0, 0, 1.08112e-13, 0, 0, 0.752396, 2.05335e-05, 0, 7.82636, 0.971804, 0.0515248, 288.987
8300, 0.000441697, 0.251459, 0.497854, 0, 0, 1.18795e-13, 0, 0, 0.749313, 2.27017e-05, 0, 7.72489, 0.9718, 0.0515005, 288.784
8301, 0.000471501, 0.248792, 0.498435, 0, 0, 1.2802e-13, 0, 0, 0.747228, 2.42247e-05, 0, 7.65959, 0.971796, 0.0514761, 288.644
8302, 0.000486999, 0.247754, 0.498579, 0, 0, 1.41283e-13, 0, 0, 0.746334, 2.50229e-05, 0, 7.62725, 0.971792, 0.0514517, 288.581
8303, 0.000493499, 0.247466, 0.498609, 0, 0, 1.48905e-13, 0, 0, 0.746075, 2.53481e-05, 0, 7.61399, 0.971788, 0.0514273, 288.558
8304, 0.000489323, 0.247663, 0.498737, 0, 0, 1.40316e-13, 0, 0, 0.7464, 2.51086e-05, 0, 7.62249, 0.971784, 0.0514029, 288.573
8305, 0.000478181, 0.248201, 0.498913, 0, 0, 1.21845e-13, 0, 0, 0.747114, 2.45181e-05, 0, 7.64552, 0.97178, 0.0513785, 288.613
8306, 0.000471237, 0.248714, 0.498941, 0, 0, 1.08347e-13, 0, 0, 0.747654, 2.41633e-05, 0, 7.66015, 0.971776, 0.0513542, 288.642
8307, 0.00046739, 0.249196, 0.498863, 0, 0, 1.00366e-13, 0, 0, 0.748059, 2.3966e-05, 0, 7.66835, 0.971772, 0.0513297, 288.662
8308, 0.000459751, 0.249833, 0.498835, 0, 0, 9.16193e-14, 0, 0, 0.748669, 2.35553e-05, 0, 7.68483, 0.971768, 0.0513053, 288.695
8309, 0.000454759, 0.25029, 0.498831, 0, 0, 8.78023e-14, 0, 0, 0.749121, 2.32759e-05, 0, 7.69574, 0.971764, 0.0512811, 288.719
8310, 0.000458052, 0.250282, 0.498811, 0, 0, 9.26409e-14, 0, 0, 0.749093, 2.34285e-05, 0, 7.68853, 0.97176, 0.0512569, 288.711
8311, 0.00046606, 0.249947, 0.498815, 0, 0, 1.00092e-13, 0, 0, 0.748762, 2.38322e-05, 0, 7.6712, 0.971756, 0.0512327, 288.684
8312, 0.000472718, 0.249585, 0.498867, 0, 0, 1.02132e-13, 0, 0, 0.748452, 2.41711e-05, 0, 7.65701, 0.971752, 0.0512083, 288.658
8313, 0.000475538, 0.249451, 0.498911, 0, 0, 1.00585e-13, 0, 0, 0.748362, 2.42981e-05, 0, 7.65106, 0.971748, 0.0511839, 288.646
8314, 0.000475106, 0.249573, 0.498943, 0, 0, 1.01103e-13, 0, 0, 0.748516, 2.42498e-05, 0, 7.65197, 0.971744, 0.0511598, 288.651
8315, 0.000472202, 0.249805, 0.499009, 0, 0, 1.02562e-13, 0, 0, 0.748813, 2.4088e-05, 0, 7.6581, 0.97174, 0.0511357, 288.664
8316, 0.000467915, 0.250037, 0.499112, 0, 0, 1.01575e-13, 0, 0, 0.749149, 2.38663e-05, 0, 7.66722, 0.971736, 0.0511115, 288.679
8317, 0.000474629, 0.249945, 0.498997, 0, 0, 1.07236e-13, 0, 0, 0.748942, 2.42046e-05, 0, 7.65298, 0.971732, 0.0510872, 288.66
8318, 0.000489654, 0.249626, 0.498689, 0, 0, 1.17224e-13, 0, 0, 0.748315, 2.49569e-05, 0, 7.62181, 0.971728, 0.0510629, 288.614
8319, 0.000495076, 0.249759, 0.498454, 0, 0, 1.19555e-13, 0, 0, 0.748213, 2.52212e-05, 0, 7.6108, 0.971724, 0.0510387, 288.602
8320, 0.000485441, 0.251003, 0.498107, 0, 0, 1.18268e-13, 0, 0, 0.74911, 2.47239e-05, 0, 7.63045, 0.97172, 0.0510147, 288.654
8321, 0.000453382, 0.254165, 0.497363, 0, 0, 1.07964e-13, 0, 0, 0.751528, 2.30785e-05, 0, 7.69877, 0.971716, 0.0509905, 288.803
8322, 0.000412629, 0.258492, 0.496152, 0, 0, 9.41589e-14, 0, 0, 0.754644, 2.09945e-05, 0, 7.79296, 0.971712, 0.0509663, 288.996
8323, 0.000398227, 0.260722, 0.495297, 0, 0, 9.25541e-14, 0, 0, 0.756019, 2.02531e-05, 0, 7.82849, 0.971708, 0.0509422, 289.078
8324, 0.000413771, 0.258706, 0.49612, 0, 0, 9.38067e-14, 0, 0, 0.754826, 2.1025e-05, 0, 7.7902, 0.971704, 0.0509181, 288.996
8325, 0.000426951, 0.255865, 0.497593, 0, 0, 8.66028e-14, 0, 0, 0.753458, 2.16774e-05, 0, 7.75884, 0.9717, 0.0508941, 288.903
8326, 0.000430425, 0.255666, 0.497709, 0, 0, 8.7683e-14, 0, 0, 0.753375, 2.1851e-05, 0, 7.75074, 0.971696, 0.0508701, 288.892
8327, 0.000432808, 0.257114, 0.49678, 0, 0, 1.00816e-13, 0, 0, 0.753894, 2.19702e-05, 0, 7.74522, 0.971692, 0.050846, 288.92
8328, 0.000443231, 0.25726, 0.496379, 0, 0, 1.13968e-13, 0, 0, 0.753639, 2.24815e-05, 0, 7.72142, 0.971688, 0.0508219, 288.897
8329, 0.000464367, 0.255627, 0.496746, 0, 0, 1.2622e-13, 0, 0, 0.752373, 2.35393e-05, 0, 7.67484, 0.971684, 0.0507977, 288.811
8330, 0.00047427, 0.254635, 0.497113, 0, 0, 1.27237e-13, 0, 0, 0.751748, 2.40406e-05, 0, 7.65373, 0.97168, 0.0507734, 288.765
8331, 0.000466851, 0.254992, 0.497224, 0, 0, 1.13453e-13, 0, 0, 0.752216, 2.3655e-05, 0, 7.6695, 0.971676, 0.0507491, 288.789
8332, 0.000455159, 0.256071, 0.497042, 0, 0, 1.03775e-13, 0, 0, 0.753114, 2.30397e-05, 0, 7.69486, 0.971672, 0.0507252, 288.841
8333, 0.000441539, 0.257742, 0.496588, 0, 0, 1.03504e-13, 0, 0, 0.754329, 2.23337e-05, 0, 7.72524, 0.971668, 0.0507014, 288.913
8334, 0.000418438, 0.260085, 0.496046, 0, 0, 9.74385e-14, 0, 0, 0.756131, 2.11604e-05, 0, 7.77898, 0.971664, 0.0506775, 289.022
8335, 0.000389319, 0.262824, 0.49543, 0, 0, 8.44494e-14, 0, 0, 0.758254, 1.96844e-05, 0, 7.85111, 0.97166, 0.0506537, 289.152
8336, 0.000362627, 0.265628, 0.494611, 0, 0, 7.20756e-14, 0, 0, 0.76024, 1.83263e-05, 0, 7.92213, 0.971656, 0.0506299, 289.273
8337, 0.00033768, 0.268773, 0.493414, 0, 0, 6.19706e-14, 0, 0, 0.762187, 1.70533e-05, 0, 7.99341, 0.971652, 0.0506059, 289.391
8338, 0.000305444, 0.273495, 0.491342, 0, 0, 5.41463e-14, 0, 0, 0.764837, 1.54169e-05, 0, 8.09374, 0.971648, 0.050582, 289.553
8339, 0.000259105, 0.281163, 0.487645, 0, 0, 4.71913e-14, 0, 0, 0.768807, 1.30747e-05, 0, 8.25828, 0.971644, 0.0505581, 289.799
8340, 0.000200712, 0.292427, 0.481529, 0, 0, 3.6134e-14, 0, 0, 0.773956, 1.01249e-05, 0, 8.51364, 0.97164, 0.0505343, 290.117
8341, 0.000139763, 0.310017, 0.469993, 0, 0, 2.39563e-14, 0, 0, 0.780009, 7.04955e-06, 0, 8.87556, 0.971636, 0.0505105, 290.491
8342, 8.10476e-05, 0.342445, 0.444968, 0, 0, 1.36292e-14, 0, 0, 0.787412, 4.08787e-06, 0, 9.42047, 0.971632, 0.0504867, 290.948
8343, 3.4294e-05, 0.401735, 0.394296, 0, 0, 5.6283e-15, 0, 0, 0.796031, 1.72865e-06, 0, 10.2805, 0.971628, 0.0504628, 291.476
8344, 9.43327e-06, 0.496189, 0.309104, 0, 0, 1.44491e-15, 0, 0, 0.805293, 4.74949e-07, 0, 11.5713, 0.971624, 0.0504389, 292.04
8345, 1.56149e-06, 0.607328, 0.206992, 0, 0, 2.14897e-16, 0, 0, 0.814319, 7.85342e-08, 0, 13.3699, 0.97162, 0.0504151, 292.585
8346, 2.86548e-07, 0.665014, 0.153888, 0, 0, 3.63962e-17, 0, 0, 0.818902, 1.44005e-08, 0, 15.0654, 0.971616, 0.0503913, 292.858
8347, 1.43663e-06, 0.613699, 0.201334, 0, 0, 1.87489e-16, 0, 0, 0.815033, 7.21932e-08, 0, 13.4532, 0.971612, 0.0503675, 292.618
8348, 8.49884e-06, 0.501645, 0.3045, 0, 0, 1.07676e-15, 0, 0, 0.806145, 4.26998e-07, 0, 11.6756, 0.971608, 0.0503437, 292.07
8349, 3.15499e-05, 0.405321, 0.391722, 0, 0, 4.01636e-15, 0, 0, 0.797044, 1.58427e-06, 0, 10.3639, 0.971604, 0.0503201, 291.505
8350, 7.91718e-05, 0.345282, 0.443238, 0, 0, 1.09267e-14, 0, 0, 0.78852, 3.97236e-06, 0, 9.44389, 0.9716, 0.0502964, 290.972
8351, 0.000146771, 0.311325, 0.46934, 0, 0, 2.30387e-14, 0, 0, 0.780665, 7.35698e-06, 0, 8.82664, 0.971596, 0.0502727, 290.477
8352, 0.000218569, 0.292356, 0.481756, 0, 0, 3.91646e-14, 0, 0, 0.774113, 1.09502e-05, 0, 8.42841, 0.971592, 0.050249, 290.06
8353, 0.000282072, 0.281321, 0.487766, 0, 0, 5.6207e-14, 0, 0, 0.769087, 1.41347e-05, 0, 8.17335, 0.971588, 0.0502253, 289.738
8354, 0.000333782, 0.274278, 0.49101, 0, 0, 6.9729e-14, 0, 0, 0.765288, 1.67268e-05, 0, 8.00502, 0.971584, 0.0502016, 289.492
8355, 0.000370439, 0.26951, 0.493059, 0, 0, 7.38637e-14, 0, 0, 0.762569, 1.85512e-05, 0, 7.90082, 0.97158, 0.0501781, 289.313
8356, 0.000390073, 0.266567, 0.494405, 0, 0, 6.86824e-14, 0, 0, 0.760971, 1.95199e-05, 0, 7.84918, 0.971576, 0.0501544, 289.206
8357, 0.000399241, 0.26534, 0.49499, 0, 0, 6.65345e-14, 0, 0, 0.760329, 1.99666e-05, 0, 7.82594, 0.971572, 0.0501308, 289.16
8358, 0.000391409, 0.266597, 0.49457, 0, 0, 6.91003e-14, 0, 0, 0.761167, 1.95626e-05, 0, 7.84576, 0.971568, 0.0501072, 289.207
8359, 0.000356232, 0.270649, 0.493247, 0, 0, 6.57367e-14, 0, 0, 0.763896, 1.78001e-05, 0, 7.93993, 0.971564, 0.0500836, 289.375
8360, 0.000335051, 0.273054, 0.492465, 0, 0, 6.13882e-14, 0, 0, 0.765519, 1.67325e-05, 0, 8.00123, 0.97156, 0.05006, 289.473
8361, 0.000372092, 0.269335, 0.493632, 0, 0, 6.64035e-14, 0, 0, 0.762968, 1.8571e-05, 0, 7.89637, 0.971556, 0.0500364, 289.305
8362, 0.000430671, 0.26344, 0.495465, 0, 0, 7.55569e-14, 0, 0, 0.758905, 2.14897e-05, 0, 7.75017, 0.971552, 0.0500128, 289.041
8363, 0.000467324, 0.260719, 0.496017, 0, 0, 9.02523e-14, 0, 0, 0.756736, 2.3306e-05, 0, 7.66849, 0.971548, 0.0499892, 288.896
8364, 0.000464469, 0.263284, 0.494367, 0, 0, 1.04505e-13, 0, 0, 0.757651, 2.31537e-05, 0, 7.67462, 0.971544, 0.0499655, 288.949
8365, 0.000422696, 0.270447, 0.490778, 0, 0, 1.03473e-13, 0, 0, 0.761225, 2.10669e-05, 0, 7.76886, 0.97154, 0.0499419, 289.172
8366, 0.000408734, 0.272988, 0.489501, 0, 0, 1.02588e-13, 0, 0, 0.762489, 2.03719e-05, 0, 7.80245, 0.971536, 0.0499184, 289.247
8367, 0.000451773, 0.266348, 0.492797, 0, 0, 1.07099e-13, 0, 0, 0.759145, 2.25087e-05, 0, 7.70233, 0.971532, 0.049895, 289.028
8368, 0.000484751, 0.260002, 0.496176, 0, 0, 9.83257e-14, 0, 0, 0.756177, 2.41181e-05, 0, 7.63188, 0.971528, 0.0498717, 288.833
8369, 0.000503483, 0.257572, 0.497282, 0, 0, 9.81179e-14, 0, 0, 0.754854, 2.50226e-05, 0, 7.59396, 0.971524, 0.0498483, 288.742
8370, 0.000536337, 0.256247, 0.497159, 0, 0, 1.24659e-13, 0, 0, 0.753406, 2.66579e-05, 0, 7.53075, 0.97152, 0.0498248, 288.644
8371, 0.000564001, 0.255293, 0.496935, 0, 0, 1.49259e-13, 0, 0, 0.752228, 2.80324e-05, 0, 7.48045, 0.971516, 0.0498014, 288.563
8372, 0.000573458, 0.254959, 0.496896, 0, 0, 1.54386e-13, 0, 0, 0.751855, 2.84845e-05, 0, 7.46383, 0.971512, 0.0497779, 288.533
8373, 0.000567091, 0.255173, 0.497012, 0, 0, 1.40665e-13, 0, 0, 0.752185, 2.81315e-05, 0, 7.47499, 0.971508, 0.0497545, 288.549
8374, 0.000546701, 0.255934, 0.497225, 0, 0, 1.14711e-13, 0, 0, 0.753159, 2.70988e-05, 0, 7.51161, 0.971504, 0.0497311, 288.606
8375, 0.000525209, 0.257465, 0.497013, 0, 0, 9.9354e-14, 0, 0, 0.754478, 2.60451e-05, 0, 7.55171, 0.9715, 0.0497077, 288.685
8376, 0.000498874, 0.262056, 0.494826, 0, 0, 1.02303e-13, 0, 0, 0.756881, 2.47433e-05, 0, 7.60316, 0.971496, 0.0496842, 288.833
8377, 0.000420796, 0.275894, 0.487441, 0, 0, 9.3415e-14, 0, 0, 0.763335, 2.08609e-05, 0, 7.77336, 0.971492, 0.0496608, 289.239
8378, 0.000311796, 0.29485, 0.477116, 0, 0, 6.7769e-14, 0, 0, 0.771966, 1.54465e-05, 0, 8.07316, 0.971488, 0.0496373, 289.781
8379, 0.0003002, 0.295615, 0.477131, 0, 0, 5.96351e-14, 0, 0, 0.772747, 1.48595e-05, 0, 8.11106, 0.971484, 0.0496138, 289.825
8380, 0.000394751, 0.277593, 0.48745, 0, 0, 7.10317e-14, 0, 0, 0.765042, 1.95357e-05, 0, 7.83725, 0.97148, 0.0495904, 289.331
8381, 0.000473044, 0.263977, 0.494808, 0, 0, 7.87582e-14, 0, 0, 0.758785, 2.34057e-05, 0, 7.65632, 0.971476, 0.0495671, 288.927
8382, 0.000492669, 0.260746, 0.496648, 0, 0, 8.20558e-14, 0, 0, 0.757393, 2.43517e-05, 0, 7.61567, 0.971472, 0.0495439, 288.833
8383, 0.00046881, 0.262609, 0.496487, 0, 0, 7.76738e-14, 0, 0, 0.759096, 2.31328e-05, 0, 7.66531, 0.971468, 0.0495208, 288.936
8384, 0.000452675, 0.264319, 0.496098, 0, 0, 7.86655e-14, 0, 0, 0.760417, 2.23198e-05, 0, 7.70034, 0.971464, 0.0494976, 289.015
8385, 0.000485391, 0.262701, 0.4961, 0, 0, 9.6841e-14, 0, 0, 0.758801, 2.39484e-05, 0, 7.63055, 0.97146, 0.0494742, 288.906
8386, 0.000521807, 0.259972, 0.496583, 0, 0, 1.03968e-13, 0, 0, 0.756556, 2.57536e-05, 0, 7.55821, 0.971456, 0.0494508, 288.757
8387, 0.000521512, 0.259089, 0.497094, 0, 0, 8.77167e-14, 0, 0, 0.756182, 2.57187e-05, 0, 7.55878, 0.971452, 0.0494278, 288.727
8388, 0.000505998, 0.260124, 0.497031, 0, 0, 7.60954e-14, 0, 0, 0.757155, 2.492e-05, 0, 7.58898, 0.971448, 0.0494048, 288.784
8389, 0.000493015, 0.262116, 0.496405, 0, 0, 8.05904e-14, 0, 0, 0.758522, 2.42549e-05, 0, 7.61497, 0.971444, 0.0493817, 288.866
8390, 0.000488782, 0.263668, 0.495721, 0, 0, 9.36817e-14, 0, 0, 0.759389, 2.40447e-05, 0, 7.62359, 0.97144, 0.0493584, 288.916
8391, 0.000475586, 0.265659, 0.494934, 0, 0, 9.939e-14, 0, 0, 0.760593, 2.34063e-05, 0, 7.65096, 0.971436, 0.0493349, 288.987
8392, 0.000406722, 0.27184, 0.493144, 0, 0, 7.84424e-14, 0, 0, 0.764984, 2.00069e-05, 0, 7.80738, 0.971432, 0.0493116, 289.262
8393, 0.000295252, 0.282971, 0.489227, 0, 0, 4.35328e-14, 0, 0, 0.772199, 1.45087e-05, 0, 8.12768, 0.971428, 0.0492887, 289.714
8394, 0.000205592, 0.295648, 0.48317, 0, 0, 2.23079e-14, 0, 0, 0.778818, 1.00989e-05, 0, 8.48962, 0.971424, 0.0492658, 290.126
8395, 0.000186921, 0.30111, 0.479791, 0, 0, 2.06212e-14, 0, 0, 0.7809, 9.17644e-06, 0, 8.58483, 0.97142, 0.0492428, 290.251
8396, 0.000262203, 0.291652, 0.484052, 0, 0, 3.25815e-14, 0, 0, 0.775704, 1.28622e-05, 0, 8.24639, 0.971416, 0.0492197, 289.919
8397, 0.000379153, 0.276512, 0.490916, 0, 0, 5.09832e-14, 0, 0, 0.767428, 1.85946e-05, 0, 7.87757, 0.971412, 0.0491966, 289.39
8398, 0.000447858, 0.268247, 0.494425, 0, 0, 6.26293e-14, 0, 0, 0.762672, 2.19643e-05, 0, 7.71103, 0.971408, 0.0491735, 289.082
8399, 0.000431096, 0.268684, 0.494769, 0, 0, 5.62103e-14, 0, 0, 0.763454, 2.11328e-05, 0, 7.74918, 0.971404, 0.0491504, 289.126
8400, 0.000379749, 0.273263, 0.493573, 0, 0, 4.61556e-14, 0, 0, 0.766836, 1.85977e-05, 0, 7.876, 0.9714, 0.0491272, 289.336
8401, 0.000382888, 0.274418, 0.492894, 0, 0, 5.55466e-14, 0, 0, 0.767312, 1.87351e-05, 0, 7.86777, 0.971396, 0.0491042, 289.361
8402, 0.00045043, 0.269918, 0.493745, 0, 0, 8.12258e-14, 0, 0, 0.763663, 2.20324e-05, 0, 7.70531, 0.971392, 0.0490813, 289.123
8403, 0.000509642, 0.265485, 0.494783, 0, 0, 1.01636e-13, 0, 0, 0.760268, 2.49363e-05, 0, 7.5818, 0.971388, 0.0490583, 288.901
8404, 0.000520392, 0.264214, 0.495297, 0, 0, 1.00582e-13, 0, 0, 0.759511, 2.54566e-05, 0, 7.56093, 0.971384, 0.0490353, 288.847
8405, 0.000499079, 0.264659, 0.495646, 0, 0, 8.14424e-14, 0, 0, 0.760305, 2.43798e-05, 0, 7.60275, 0.97138, 0.0490124, 288.892
8406, 0.000486698, 0.265162, 0.49571, 0, 0, 7.08039e-14, 0, 0, 0.760872, 2.37456e-05, 0, 7.62787, 0.971376, 0.0489894, 288.923
8407, 0.00050159, 0.26543, 0.495215, 0, 0, 8.55201e-14, 0, 0, 0.760645, 2.44695e-05, 0, 7.59773, 0.971372, 0.0489663, 288.903
8408, 0.000511286, 0.266244, 0.494566, 0, 0, 1.02387e-13, 0, 0, 0.76081, 2.49553e-05, 0, 7.57858, 0.971368, 0.0489425, 288.908
8409, 0.000496724, 0.267854, 0.4941, 0, 0, 9.95096e-14, 0, 0, 0.761953, 2.424e-05, 0, 7.60748, 0.971364, 0.0489182, 288.976
8410, 0.000468621, 0.269771, 0.493779, 0, 0, 8.25578e-14, 0, 0, 0.76355, 2.28455e-05, 0, 7.66572, 0.97136, 0.048895, 289.073
8411, 0.000433698, 0.271866, 0.493471, 0, 0, 6.31529e-14, 0, 0, 0.765337, 2.11274e-05, 0, 7.74316, 0.971356, 0.0488733, 289.181
8412, 0.000401887, 0.274269, 0.492843, 0, 0, 5.18811e-14, 0, 0, 0.767112, 1.95677e-05, 0, 7.81934, 0.971352, 0.0488515, 289.289
8413, 0.000386955, 0.277095, 0.491498, 0, 0, 5.58895e-14, 0, 0, 0.768593, 1.88363e-05, 0, 7.8572, 0.971348, 0.048829, 289.377
8414, 0.000370708, 0.28098, 0.489483, 0, 0, 6.29204e-14, 0, 0, 0.770464, 1.80492e-05, 0, 7.9001, 0.971344, 0.0488061, 289.491
8415, 0.000332007, 0.286709, 0.486767, 0, 0, 5.87225e-14, 0, 0, 0.773476, 1.61612e-05, 0, 8.01035, 0.97134, 0.0487832, 289.676
8416, 0.000276449, 0.294578, 0.482889, 0, 0, 4.60112e-14, 0, 0, 0.777467, 1.34367e-05, 0, 8.19349, 0.971336, 0.04876, 289.923
8417, 0.000212855, 0.305104, 0.477071, 0, 0, 3.08559e-14, 0, 0, 0.782175, 1.03244e-05, 0, 8.4549, 0.971332, 0.0487363, 290.214
8418, 0.000146225, 0.320196, 0.467451, 0, 0, 1.73932e-14, 0, 0, 0.787646, 7.08729e-06, 0, 8.83037, 0.971328, 0.048713, 290.552
8419, 8.72287e-05, 0.343212, 0.450487, 0, 0, 9.11018e-15, 0, 0, 0.793698, 4.23301e-06, 0, 9.34698, 0.971324, 0.0486909, 290.924
8420, 4.37417e-05, 0.379914, 0.420177, 0, 0, 4.8184e-15, 0, 0, 0.800091, 2.12533e-06, 0, 10.0372, 0.97132, 0.0486689, 291.316
8421, 1.66333e-05, 0.439316, 0.367576, 0, 0, 2.02355e-15, 0, 0, 0.806892, 8.08017e-07, 0, 11.0041, 0.971316, 0.0486464, 291.73
8422, 4.24227e-06, 0.528787, 0.285747, 0, 0, 5.34737e-16, 0, 0, 0.814534, 2.05846e-07, 0, 12.3704, 0.971312, 0.0486236, 292.194
8423, 6.66076e-07, 0.637182, 0.185821, 0, 0, 8.27121e-17, 0, 0, 0.823003, 3.22864e-08, 0, 14.2219, 0.971308, 0.0486008, 292.705
8424, 6.37716e-08, 0.715899, 0.113348, 0, 0, 7.67538e-18, 0, 0, 0.829247, 3.08981e-09, 0, 16.568, 0.971304, 0.0485781, 293.079
8425, 6.96889e-08, 0.710307, 0.118518, 0, 0, 8.01202e-18, 0, 0, 0.828825, 3.36638e-09, 0, 16.4792, 0.9713, 0.0485555, 293.048
8426, 7.4491e-07, 0.629098, 0.193406, 0, 0, 8.56418e-17, 0, 0, 0.822504, 3.59441e-08, 0, 14.11, 0.971296, 0.0485327, 292.66
8427, 4.76942e-06, 0.526097, 0.288526, 0, 0, 5.47654e-16, 0, 0, 0.814624, 2.30019e-07, 0, 12.2533, 0.971292, 0.0485094, 292.174
8428, 1.85949e-05, 0.438904, 0.36834, 0, 0, 2.08829e-15, 0, 0, 0.807243, 8.97031e-07, 0, 10.8926, 0.971288, 0.0484849, 291.716
8429, 4.77638e-05, 0.379193, 0.421268, 0, 0, 4.96961e-15, 0, 0, 0.800461, 2.30546e-06, 0, 9.94924, 0.971284, 0.0484607, 291.292
8430, 9.1157e-05, 0.342932, 0.451357, 0, 0, 8.71248e-15, 0, 0, 0.79429, 4.39837e-06, 0, 9.30293, 0.97128, 0.048439, 290.904
8431, 0.000144814, 0.321584, 0.46733, 0, 0, 1.46815e-14, 0, 0, 0.788914, 6.97748e-06, 0, 8.84006, 0.971276, 0.0484182, 290.563
8432, 0.000192634, 0.310257, 0.474895, 0, 0, 2.2814e-14, 0, 0, 0.785152, 9.27369e-06, 0, 8.55472, 0.971272, 0.0483964, 290.322
8433, 0.0002158, 0.306075, 0.477527, 0, 0, 2.83946e-14, 0, 0, 0.783601, 1.03914e-05, 0, 8.44116, 0.971268, 0.0483739, 290.22
8434, 0.000233788, 0.302761, 0.479574, 0, 0, 3.13539e-14, 0, 0, 0.782335, 1.12588e-05, 0, 8.3611, 0.971264, 0.0483513, 290.135
8435, 0.00026891, 0.296426, 0.483215, 0, 0, 3.40383e-14, 0, 0, 0.779641, 1.29436e-05, 0, 8.22113, 0.97126, 0.0483288, 289.96
8436, 0.000315677, 0.288641, 0.487307, 0, 0, 3.52422e-14, 0, 0, 0.775948, 1.51831e-05, 0, 8.06079, 0.971256, 0.0483063, 289.721
8437, 0.00037156, 0.281621, 0.490454, 0, 0, 4.07797e-14, 0, 0, 0.772075, 1.78592e-05, 0, 7.8978, 0.971252, 0.0482837, 289.471
8438, 0.00043729, 0.276724, 0.491931, 0, 0, 5.90888e-14, 0, 0, 0.768655, 2.10204e-05, 0, 7.73491, 0.971248, 0.0482611, 289.248
8439, 0.000496118, 0.273435, 0.492527, 0, 0, 8.10169e-14, 0, 0, 0.765962, 2.38388e-05, 0, 7.6087, 0.971244, 0.0482386, 289.071
8440, 0.000532587, 0.271185, 0.493013, 0, 0, 9.35021e-14, 0, 0, 0.764199, 2.55584e-05, 0, 7.53776, 0.97124, 0.0482162, 288.953
8441, 0.000540685, 0.270357, 0.493367, 0, 0, 9.35036e-14, 0, 0, 0.763724, 2.59348e-05, 0, 7.52267, 0.971236, 0.0481937, 288.918
8442, 0.000508316, 0.271884, 0.49326, 0, 0, 7.69426e-14, 0, 0, 0.765144, 2.43805e-05, 0, 7.58441, 0.971232, 0.0481713, 289.003
8443, 0.00043187, 0.278305, 0.490953, 0, 0, 5.08863e-14, 0, 0, 0.769258, 2.07009e-05, 0, 7.74739, 0.971228, 0.0481488, 289.26
8444, 0.00034371, 0.290661, 0.484793, 0, 0, 3.77236e-14, 0, 0, 0.775454, 1.64718e-05, 0, 7.97571, 0.971224, 0.0481262, 289.648
8445, 0.000318368, 0.298017, 0.480409, 0, 0, 4.71058e-14, 0, 0, 0.778426, 1.52592e-05, 0, 8.0523, 0.97122, 0.0481038, 289.831
8446, 0.000405511, 0.289377, 0.484128, 0, 0, 7.21391e-14, 0, 0, 0.773505, 1.94071e-05, 0, 7.81036, 0.971216, 0.0480814, 289.514
8447, 0.000518698, 0.275673, 0.49053, 0, 0, 8.9296e-14, 0, 0, 0.766203, 2.47801e-05, 0, 7.56419, 0.971212, 0.0480589, 289.044
8448, 0.000561782, 0.268619, 0.494109, 0, 0, 8.28045e-14, 0, 0, 0.762729, 2.6828e-05, 0, 7.4844, 0.971208, 0.0480365, 288.817
8449, 0.00056043, 0.266633, 0.49545, 0, 0, 7.12902e-14, 0, 0, 0.762083, 2.67956e-05, 0, 7.48681, 0.971204, 0.0480142, 288.77
8450, 0.000583917, 0.265844, 0.49545, 0, 0, 8.44436e-14, 0, 0, 0.761293, 2.79529e-05, 0, 7.44575, 0.9712, 0.0479918, 288.714
8451, 0.000625753, 0.265146, 0.494914, 0, 0, 1.1049e-13, 0, 0, 0.76006, 2.99243e-05, 0, 7.37655, 0.971196, 0.0479694, 288.63
8452, 0.000650428, 0.264528, 0.494693, 0, 0, 1.21155e-13, 0, 0, 0.759221, 3.10149e-05, 0, 7.33788, 0.971192, 0.047947, 288.571
8453, 0.000655475, 0.264102, 0.494858, 0, 0, 1.1626e-13, 0, 0, 0.75896, 3.12053e-05, 0, 7.33015, 0.971188, 0.0479246, 288.549
8454, 0.00063807, 0.264167, 0.495331, 0, 0, 1.01256e-13, 0, 0, 0.759498, 3.04155e-05, 0, 7.35706, 0.971184, 0.0479023, 288.578
8455, 0.000605088, 0.264561, 0.495966, 0, 0, 8.02995e-14, 0, 0, 0.760528, 2.88803e-05, 0, 7.41014, 0.97118, 0.0478799, 288.639
8456, 0.000604313, 0.26458, 0.496019, 0, 0, 7.80652e-14, 0, 0, 0.760599, 2.88153e-05, 0, 7.41142, 0.971176, 0.0478576, 288.638
8457, 0.00064272, 0.264198, 0.495381, 0, 0, 1.01783e-13, 0, 0, 0.759579, 3.0609e-05, 0, 7.3498, 0.971172, 0.0478353, 288.567
8458, 0.000669062, 0.264084, 0.494883, 0, 0, 1.21765e-13, 0, 0, 0.758968, 3.18466e-05, 0, 7.30963, 0.971168, 0.047813, 288.523
8459, 0.000670331, 0.264216, 0.494846, 0, 0, 1.20596e-13, 0, 0, 0.759061, 3.18782e-05, 0, 7.30774, 0.971164, 0.0477907, 288.524
8460, 0.000654573, 0.264437, 0.495171, 0, 0, 1.05937e-13, 0, 0, 0.759608, 3.11279e-05, 0, 7.33153, 0.97116, 0.0477684, 288.554
8461, 0.000617795, 0.264996, 0.495782, 0, 0, 8.29697e-14, 0, 0, 0.760777, 2.93868e-05, 0, 7.38935, 0.971156, 0.0477462, 288.623
8462, 0.000595931, 0.265523, 0.496053, 0, 0, 7.25206e-14, 0, 0, 0.761576, 2.834e-05, 0, 7.42538, 0.971152, 0.0477239, 288.669
8463, 0.000620616, 0.265648, 0.495491, 0, 0, 8.79647e-14, 0, 0, 0.761139, 2.95009e-05, 0, 7.3848, 0.971148, 0.0477017, 288.636
8464, 0.000645341, 0.266095, 0.49471, 0, 0, 1.02829e-13, 0, 0, 0.760806, 3.06158e-05, 0, 7.34573, 0.971144, 0.0476794, 288.61
8465, 0.000629372, 0.26825, 0.493851, 0, 0, 1.01593e-13, 0, 0, 0.762101, 2.97902e-05, 0, 7.37079, 0.97114, 0.0476572, 288.687
8466, 0.000553054, 0.275245, 0.491355, 0, 0, 8.67916e-14, 0, 0, 0.7666, 2.61902e-05, 0, 7.50005, 0.971136, 0.0476349, 288.97
8467, 0.000400875, 0.291798, 0.484013, 0, 0, 5.69487e-14, 0, 0, 0.77581, 1.90183e-05, 0, 7.82186, 0.971132, 0.0476127, 289.552
8468, 0.000247605, 0.312346, 0.473472, 0, 0, 2.95301e-14, 0, 0, 0.785818, 1.17476e-05, 0, 8.30368, 0.971128, 0.0475903, 290.178
8469, 0.000236449, 0.315437, 0.471624, 0, 0, 2.94172e-14, 0, 0, 0.787062, 1.11841e-05, 0, 8.34978, 0.971124, 0.047568, 290.252
8470, 0.000373822, 0.297518, 0.480934, 0, 0, 5.47971e-14, 0, 0, 0.778452, 1.76485e-05, 0, 7.89173, 0.97112, 0.0475458, 289.703
8471, 0.000517888, 0.279994, 0.489539, 0, 0, 8.24609e-14, 0, 0, 0.769534, 2.44546e-05, 0, 7.56575, 0.971116, 0.0475236, 289.132
8472, 0.000582262, 0.272443, 0.49305, 0, 0, 9.00312e-14, 0, 0, 0.765494, 2.75172e-05, 0, 7.44859, 0.971112, 0.0475013, 288.868
8473, 0.000587213, 0.269956, 0.494481, 0, 0, 7.60256e-14, 0, 0, 0.764437, 2.77607e-05, 0, 7.44012, 0.971108, 0.0474789, 288.796
8474, 0.000587142, 0.268473, 0.495308, 0, 0, 6.48726e-14, 0, 0, 0.763781, 2.77562e-05, 0, 7.44024, 0.971104, 0.0474564, 288.748
8475, 0.000624301, 0.267166, 0.495215, 0, 0, 7.79811e-14, 0, 0, 0.762381, 2.94902e-05, 0, 7.37888, 0.9711, 0.0474338, 288.653
8476, 0.00067517, 0.266202, 0.494633, 0, 0, 1.0426e-13, 0, 0, 0.760835, 3.18434e-05, 0, 7.30055, 0.971096, 0.0474111, 288.549
8477, 0.000703402, 0.265753, 0.494266, 0, 0, 1.23964e-13, 0, 0, 0.760019, 3.31362e-05, 0, 7.25958, 0.971092, 0.0473881, 288.491
8478, 0.000703197, 0.265871, 0.494258, 0, 0, 1.23354e-13, 0, 0, 0.76013, 3.31105e-05, 0, 7.25987, 0.971088, 0.0473646, 288.493
8479, 0.000670215, 0.266671, 0.494637, 0, 0, 9.83444e-14, 0, 0, 0.761308, 3.15609e-05, 0, 7.30791, 0.971084, 0.04734, 288.564
8480, 0.000619031, 0.26816, 0.495014, 0, 0, 7.1305e-14, 0, 0, 0.763174, 2.91773e-05, 0, 7.38735, 0.97108, 0.047313, 288.678
8481, 0.000588551, 0.270633, 0.494312, 0, 0, 6.7291e-14, 0, 0, 0.764945, 2.77457e-05, 0, 7.43785, 0.971076, 0.0472776, 288.787
8482, 0.000557584, 0.27621, 0.491642, 0, 0, 7.36832e-14, 0, 0, 0.767852, 2.62149e-05, 0, 7.4919, 0.971072, 0.0471948, 288.968
8483, 0.000467268, 0.287261, 0.486673, 0, 0, 6.42386e-14, 0, 0, 0.773934, 2.18109e-05, 0, 7.66861, 0.971068, 0.0469322, 289.35
8484, 0.000384135, 0.29639, 0.482692, 0, 0, 5.10857e-14, 0, 0, 0.779082, 1.77173e-05, 0, 7.86452, 0.971064, 0.0464374, 289.672
8485, 0.000408429, 0.292378, 0.484888, 0, 0, 5.06459e-14, 0, 0, 0.777266, 1.87858e-05, 0, 7.80319, 0.97106, 0.0461912, 289.552
8486, 0.000480307, 0.282327, 0.489898, 0, 0, 5.22804e-14, 0, 0, 0.772225, 2.23152e-05, 0, 7.64109, 0.971056, 0.0465386, 289.226
8487, 0.000552849, 0.275466, 0.492631, 0, 0, 6.01088e-14, 0, 0, 0.768096, 2.58739e-05, 0, 7.50042, 0.971052, 0.0469488, 288.958
8488, 0.000624764, 0.271552, 0.493392, 0, 0, 7.70489e-14, 0, 0, 0.764944, 2.92344e-05, 0, 7.37814, 0.971048, 0.047094, 288.751
8489, 0.000660792, 0.270048, 0.493505, 0, 0, 8.70501e-14, 0, 0, 0.763553, 3.08656e-05, 0, 7.32207, 0.971044, 0.0471085, 288.656
8490, 0.000662582, 0.270139, 0.493503, 0, 0, 8.82939e-14, 0, 0, 0.763642, 3.0977e-05, 0, 7.31937, 0.97104, 0.0470956, 288.657
8491, 0.000643076, 0.270954, 0.493571, 0, 0, 8.37872e-14, 0, 0, 0.764525, 3.01287e-05, 0, 7.34925, 0.971036, 0.0470777, 288.709
8492, 0.000600113, 0.272315, 0.49379, 0, 0, 6.78659e-14, 0, 0, 0.766104, 2.81228e-05, 0, 7.41839, 0.971032, 0.047058, 288.805
8493, 0.000565928, 0.273932, 0.493646, 0, 0, 5.5639e-14, 0, 0, 0.767578, 2.64725e-05, 0, 7.47704, 0.971028, 0.0470375, 288.894
8494, 0.000566807, 0.275581, 0.492755, 0, 0, 6.35913e-14, 0, 0, 0.768335, 2.64606e-05, 0, 7.47549, 0.971024, 0.0470165, 288.937
8495, 0.000566841, 0.277687, 0.491632, 0, 0, 7.76424e-14, 0, 0, 0.769319, 2.64639e-05, 0, 7.47543, 0.97102, 0.0469952, 288.995
8496, 0.000541679, 0.280572, 0.49056, 0, 0, 8.05499e-14, 0, 0, 0.771131, 2.53112e-05, 0, 7.52084, 0.971016, 0.0469738, 289.106
8497, 0.000486518, 0.285057, 0.489107, 0, 0, 7.05075e-14, 0, 0, 0.774164, 2.27492e-05, 0, 7.62824, 0.971012, 0.0469524, 289.294
8498, 0.000402893, 0.291287, 0.487167, 0, 0, 5.06172e-14, 0, 0, 0.778453, 1.88456e-05, 0, 7.81684, 0.971008, 0.046931, 289.562
8499, 0.000343571, 0.295922, 0.485616, 0, 0, 3.37914e-14, 0, 0, 0.781538, 1.60394e-05, 0, 7.97612, 0.971004, 0.0469095, 289.752
8500, 0.000335755, 0.297758, 0.484612, 0, 0, 3.30698e-14, 0, 0, 0.782369, 1.56376e-05, 0, 7.99913, 0.970999, 0.0468879, 289.8
8501, 0.000360015, 0.29736, 0.4843, 0, 0, 4.4875e-14, 0, 0, 0.78166, 1.67753e-05, 0, 7.92937, 0.970994, 0.0468663, 289.75
8502, 0.00039695, 0.295208, 0.484829, 0, 0, 5.73168e-14, 0, 0, 0.780038, 1.8512e-05, 0, 7.8317, 0.970988, 0.0468448, 289.642
8503, 0.000401451, 0.295211, 0.484697, 0, 0, 5.77062e-14, 0, 0, 0.779908, 1.87203e-05, 0, 7.82043, 0.970982, 0.0468231, 289.629
8504, 0.000354717, 0.29935, 0.482982, 0, 0, 4.37437e-14, 0, 0, 0.782332, 1.65334e-05, 0, 7.94419, 0.970976, 0.0468015, 289.777
8505, 0.000285675, 0.306575, 0.479569, 0, 0, 2.69561e-14, 0, 0, 0.786144, 1.33015e-05, 0, 8.16065, 0.97097, 0.0467799, 290.013
8506, 0.000227071, 0.316405, 0.473829, 0, 0, 1.91117e-14, 0, 0, 0.790234, 1.05566e-05, 0, 8.39025, 0.970964, 0.0467583, 290.266
8507, 0.000173742, 0.330365, 0.464475, 0, 0, 1.69716e-14, 0, 0, 0.794841, 8.07494e-06, 0, 8.65794, 0.970958, 0.0467368, 290.55
8508, 0.000114288, 0.351315, 0.449076, 0, 0, 1.28644e-14, 0, 0, 0.80039, 5.31482e-06, 0, 9.07679, 0.970952, 0.0467152, 290.892
8509, 5.97028e-05, 0.383131, 0.423401, 0, 0, 6.90411e-15, 0, 0, 0.806532, 2.77496e-06, 0, 9.72613, 0.970946, 0.0466935, 291.269
8510, 2.34475e-05, 0.431933, 0.380885, 0, 0, 2.5783e-15, 0, 0, 0.812818, 1.08851e-06, 0, 10.6607, 0.97094, 0.0466719, 291.653
8511, 6.50355e-06, 0.505335, 0.314149, 0, 0, 6.71017e-16, 0, 0, 0.819484, 3.0185e-07, 0, 11.9432, 0.970934, 0.0466504, 292.058
8512, 1.17606e-06, 0.603582, 0.223577, 0, 0, 1.14327e-16, 0, 0, 0.827159, 5.46385e-08, 0, 13.6533, 0.970928, 0.0466289, 292.523
8513, 1.27566e-07, 0.702451, 0.132457, 0, 0, 1.14464e-17, 0, 0, 0.834908, 5.93391e-09, 0, 15.8746, 0.970922, 0.0466073, 292.99
8514, 8.87824e-09, 0.749945, 0.0888308, 0, 0, 6.63707e-19, 0, 0, 0.838776, 4.12922e-10, 0, 18.5397, 0.970916, 0.0465857, 293.219
8515, 1.38835e-08, 0.713642, 0.122264, 0, 0, 5.90163e-19, 0, 0, 0.835906, 6.41289e-10, 0, 18.0926, 0.97091, 0.0465642, 293.041
8516, 8.33576e-08, 0.62543, 0.203691, 0, 0, 3.62163e-18, 0, 0, 0.829121, 3.84591e-09, 0, 16.3001, 0.970904, 0.0465426, 292.624
8517, 2.58036e-07, 0.54608, 0.277269, 0, 0, 1.23985e-17, 0, 0, 0.823349, 1.18969e-08, 0, 15.1702, 0.970898, 0.0465211, 292.267
8518, 4.37963e-07, 0.518235, 0.303198, 0, 0, 2.63088e-17, 0, 0, 0.821433, 2.01959e-08, 0, 14.6411, 0.970892, 0.0464995, 292.144
8519, 9.75537e-07, 0.538935, 0.283934, 0, 0, 9.70045e-17, 0, 0, 0.822869, 4.51058e-08, 0, 13.8403, 0.970886, 0.046478, 292.228
8520, 5.33924e-06, 0.542209, 0.280548, 0, 0, 5.81381e-16, 0, 0, 0.822757, 2.46884e-07, 0, 12.1404, 0.97088, 0.0464566, 292.216
8521, 2.27592e-05, 0.482484, 0.334749, 0, 0, 2.1862e-15, 0, 0, 0.817234, 1.05015e-06, 0, 10.6905, 0.970874, 0.0464352, 291.872
8522, 6.35514e-05, 0.404734, 0.40401, 0, 0, 4.94943e-15, 0, 0, 0.808744, 2.92499e-06, 0, 9.66366, 0.970868, 0.0464138, 291.343
8523, 0.000131138, 0.353221, 0.447266, 0, 0, 8.75867e-15, 0, 0, 0.800487, 6.02639e-06, 0, 8.93926, 0.970862, 0.0463923, 290.825
8524, 0.000221898, 0.325171, 0.467949, 0, 0, 1.71807e-14, 0, 0, 0.79312, 1.01986e-05, 0, 8.41329, 0.970856, 0.0463709, 290.359
8525, 0.00032319, 0.309168, 0.477749, 0, 0, 3.50877e-14, 0, 0, 0.786917, 1.4883e-05, 0, 8.03727, 0.97085, 0.0463494, 289.964
8526, 0.000413249, 0.299648, 0.482567, 0, 0, 5.78735e-14, 0, 0, 0.782215, 1.90734e-05, 0, 7.79146, 0.970844, 0.0463279, 289.661
8527, 0.000478533, 0.293609, 0.485271, 0, 0, 7.1826e-14, 0, 0, 0.778881, 2.20898e-05, 0, 7.64478, 0.970838, 0.0463065, 289.445
8528, 0.000516335, 0.289441, 0.487175, 0, 0, 6.80103e-14, 0, 0, 0.776615, 2.37738e-05, 0, 7.56875, 0.970832, 0.0462852, 289.296
8529, 0.000527848, 0.286706, 0.488648, 0, 0, 5.24209e-14, 0, 0, 0.775354, 2.42247e-05, 0, 7.5467, 0.970826, 0.0462637, 289.21
8530, 0.000534909, 0.28517, 0.489515, 0, 0, 4.52405e-14, 0, 0, 0.774685, 2.45157e-05, 0, 7.53341, 0.97082, 0.0462422, 289.163
8531, 0.000566873, 0.283912, 0.48976, 0, 0, 6.18017e-14, 0, 0, 0.773672, 2.60127e-05, 0, 7.47538, 0.970814, 0.0462207, 289.093
8532, 0.000620553, 0.282003, 0.489899, 0, 0, 9.33923e-14, 0, 0, 0.771901, 2.85454e-05, 0, 7.3849, 0.970808, 0.0461994, 288.975
8533, 0.000660765, 0.280268, 0.490139, 0, 0, 1.14227e-13, 0, 0, 0.770407, 3.04142e-05, 0, 7.32211, 0.970802, 0.0461781, 288.874
8534, 0.000650272, 0.280571, 0.490199, 0, 0, 1.0452e-13, 0, 0, 0.77077, 2.98582e-05, 0, 7.33812, 0.970796, 0.0461569, 288.893
8535, 0.000587531, 0.283506, 0.489781, 0, 0, 7.26074e-14, 0, 0, 0.773287, 2.68789e-05, 0, 7.43958, 0.97079, 0.0461357, 289.049
8536, 0.000542284, 0.286111, 0.489225, 0, 0, 5.36052e-14, 0, 0, 0.775336, 2.47852e-05, 0, 7.51972, 0.970784, 0.0461143, 289.175
8537, 0.000582345, 0.284508, 0.489426, 0, 0, 6.83786e-14, 0, 0, 0.773934, 2.66762e-05, 0, 7.44845, 0.970778, 0.046093, 289.08
8538, 0.000649819, 0.281346, 0.489997, 0, 0, 9.74884e-14, 0, 0, 0.771343, 2.98328e-05, 0, 7.33882, 0.970772, 0.0460717, 288.91
8539, 0.000675114, 0.280277, 0.490189, 0, 0, 1.1159e-13, 0, 0, 0.770466, 3.09909e-05, 0, 7.30063, 0.970766, 0.0460506, 288.849
8540, 0.000681876, 0.279553, 0.490475, 0, 0, 1.03274e-13, 0, 0, 0.770028, 3.11935e-05, 0, 7.29066, 0.97076, 0.0460294, 288.816
8541, 0.000697603, 0.277615, 0.491202, 0, 0, 8.31829e-14, 0, 0, 0.768817, 3.17757e-05, 0, 7.26786, 0.970754, 0.0460082, 288.733
8542, 0.00071877, 0.275535, 0.491935, 0, 0, 6.96249e-14, 0, 0, 0.767471, 3.27136e-05, 0, 7.23797, 0.970748, 0.0459869, 288.642
8543, 0.000742794, 0.274573, 0.492106, 0, 0, 7.89765e-14, 0, 0, 0.766678, 3.38925e-05, 0, 7.20509, 0.970742, 0.0459656, 288.586
8544, 0.000754502, 0.275231, 0.491668, 0, 0, 1.02978e-13, 0, 0, 0.766898, 3.45187e-05, 0, 7.18945, 0.970736, 0.0459444, 288.595
8545, 0.000721154, 0.278149, 0.490816, 0, 0, 1.12864e-13, 0, 0, 0.768965, 3.30125e-05, 0, 7.23466, 0.97073, 0.0459231, 288.723
8546, 0.000651324, 0.282407, 0.489893, 0, 0, 9.83084e-14, 0, 0, 0.7723, 2.97748e-05, 0, 7.3365, 0.970724, 0.045902, 288.932
8547, 0.000630919, 0.283342, 0.489805, 0, 0, 8.23049e-14, 0, 0, 0.773147, 2.88186e-05, 0, 7.36833, 0.970718, 0.045881, 288.981
8548, 0.000694124, 0.279402, 0.490741, 0, 0, 8.15358e-14, 0, 0, 0.770143, 3.16961e-05, 0, 7.27286, 0.970712, 0.0458599, 288.784
8549, 0.000764221, 0.275483, 0.491534, 0, 0, 9.20355e-14, 0, 0, 0.767017, 3.48311e-05, 0, 7.17665, 0.970706, 0.0458388, 288.578
8550, 0.00078864, 0.274966, 0.491329, 0, 0, 1.09408e-13, 0, 0, 0.766295, 3.59017e-05, 0, 7.1452, 0.9707, 0.0458176, 288.527
8551, 0.000745904, 0.279276, 0.489566, 0, 0, 1.16619e-13, 0, 0, 0.768843, 3.39706e-05, 0, 7.20091, 0.970694, 0.0457965, 288.686
8552, 0.00066116, 0.286344, 0.486909, 0, 0, 1.04998e-13, 0, 0, 0.773252, 3.01235e-05, 0, 7.32152, 0.970688, 0.0457753, 288.964
8553, 0.000661207, 0.286554, 0.486845, 0, 0, 1.03238e-13, 0, 0, 0.773399, 3.01476e-05, 0, 7.32144, 0.970682, 0.0457542, 288.968
8554, 0.000755469, 0.279316, 0.489506, 0, 0, 1.12141e-13, 0, 0, 0.768822, 3.44367e-05, 0, 7.18817, 0.970676, 0.0457332, 288.67
8555, 0.000827467, 0.273975, 0.491365, 0, 0, 1.1702e-13, 0, 0, 0.76534, 3.76649e-05, 0, 7.09714, 0.97067, 0.0457121, 288.441
8556, 0.000859454, 0.272313, 0.49178, 0, 0, 1.32573e-13, 0, 0, 0.764093, 3.91011e-05, 0, 7.05921, 0.970664, 0.0456911, 288.356
8557, 0.000876135, 0.271928, 0.491714, 0, 0, 1.52302e-13, 0, 0, 0.763641, 3.98315e-05, 0, 7.03999, 0.970658, 0.04567, 288.322
8558, 0.000880439, 0.271844, 0.491665, 0, 0, 1.53779e-13, 0, 0, 0.763509, 3.99183e-05, 0, 7.03509, 0.970652, 0.045649, 288.308
8559, 0.000882551, 0.271926, 0.491632, 0, 0, 1.52004e-13, 0, 0, 0.763559, 3.99761e-05, 0, 7.03269, 0.970646, 0.045628, 288.306
8560, 0.000887703, 0.272099, 0.491558, 0, 0, 1.60178e-13, 0, 0, 0.763657, 4.02767e-05, 0, 7.02687, 0.97064, 0.0456069, 288.308
8561, 0.000886439, 0.272311, 0.491534, 0, 0, 1.58492e-13, 0, 0, 0.763845, 4.02182e-05, 0, 7.0283, 0.970634, 0.0455859, 288.315
8562, 0.00088037, 0.272564, 0.491541, 0, 0, 1.46796e-13, 0, 0, 0.764105, 3.98767e-05, 0, 7.03517, 0.970628, 0.0455649, 288.327
8563, 0.000879539, 0.272846, 0.491444, 0, 0, 1.46501e-13, 0, 0, 0.76429, 3.98094e-05, 0, 7.03611, 0.970622, 0.0455438, 288.334
8564, 0.000877866, 0.273243, 0.491289, 0, 0, 1.5034e-13, 0, 0, 0.764532, 3.97041e-05, 0, 7.03802, 0.970616, 0.0455228, 288.345
8565, 0.000868908, 0.274007, 0.491095, 0, 0, 1.50399e-13, 0, 0, 0.765101, 3.93025e-05, 0, 7.04827, 0.97061, 0.0455019, 288.377
8566, 0.000841531, 0.275769, 0.49072, 0, 0, 1.4049e-13, 0, 0, 0.766489, 3.80994e-05, 0, 7.08029, 0.970604, 0.045481, 288.461
8567, 0.000773645, 0.27965, 0.489875, 0, 0, 1.12533e-13, 0, 0, 0.769525, 3.49901e-05, 0, 7.1644, 0.970598, 0.0454601, 288.652
8568, 0.000680814, 0.285108, 0.488594, 0, 0, 8.55722e-14, 0, 0, 0.773702, 3.07182e-05, 0, 7.29222, 0.970592, 0.0454392, 288.915
8569, 0.000635624, 0.287968, 0.487919, 0, 0, 8.02066e-14, 0, 0, 0.775887, 2.86469e-05, 0, 7.3609, 0.970586, 0.0454182, 289.05
8570, 0.000670088, 0.286148, 0.488392, 0, 0, 9.38707e-14, 0, 0, 0.77454, 3.02104e-05, 0, 7.3081, 0.97058, 0.0453973, 288.959
8571, 0.000714871, 0.283656, 0.489022, 0, 0, 1.04904e-13, 0, 0, 0.772678, 3.22541e-05, 0, 7.24341, 0.970574, 0.0453764, 288.835
8572, 0.000703683, 0.284356, 0.488845, 0, 0, 9.67718e-14, 0, 0, 0.773201, 3.17687e-05, 0, 7.25918, 0.970568, 0.0453555, 288.864
8573, 0.00062949, 0.289771, 0.486874, 0, 0, 7.3752e-14, 0, 0, 0.776645, 2.83935e-05, 0, 7.3706, 0.970562, 0.0453345, 289.08
8574, 0.000498936, 0.304441, 0.479161, 0, 0, 5.12601e-14, 0, 0, 0.783602, 2.24581e-05, 0, 7.60303, 0.970556, 0.0453136, 289.518
8575, 0.000317633, 0.337934, 0.457006, 0, 0, 3.05768e-14, 0, 0, 0.79494, 1.42681e-05, 0, 8.05462, 0.97055, 0.0452927, 290.231
8576, 0.00014651, 0.385165, 0.422233, 0, 0, 1.35027e-14, 0, 0, 0.807398, 6.57514e-06, 0, 8.82842, 0.970544, 0.0452717, 291.006
8577, 6.29172e-05, 0.408922, 0.404758, 0, 0, 5.51298e-15, 0, 0, 0.81368, 2.82642e-06, 0, 9.67369, 0.970538, 0.0452508, 291.392
8578, 5.44345e-05, 0.401033, 0.412323, 0, 0, 4.18743e-15, 0, 0, 0.813356, 2.4461e-06, 0, 9.81851, 0.970532, 0.0452299, 291.368
8579, 4.92258e-05, 0.415254, 0.399438, 0, 0, 3.32981e-15, 0, 0, 0.814691, 2.21084e-06, 0, 9.91909, 0.970526, 0.045209, 291.446
8580, 2.5325e-05, 0.474987, 0.345781, 0, 0, 1.5572e-15, 0, 0, 0.820767, 1.13746e-06, 0, 10.5837, 0.97052, 0.045188, 291.817
8581, 6.98657e-06, 0.526794, 0.299146, 0, 0, 4.15497e-16, 0, 0, 0.825941, 3.14048e-07, 0, 11.8715, 0.970514, 0.0451669, 292.131
8582, 2.63569e-06, 0.53003, 0.29661, 0, 0, 1.78618e-16, 0, 0, 0.826639, 1.18674e-07, 0, 12.8464, 0.970508, 0.0451457, 292.169
8583, 1.32485e-05, 0.504889, 0.319341, 0, 0, 9.19803e-16, 0, 0, 0.824229, 5.96451e-07, 0, 11.2316, 0.970502, 0.0451243, 292.017
8584, 6.23504e-05, 0.451875, 0.365536, 0, 0, 4.46952e-15, 0, 0, 0.817411, 2.80384e-06, 0, 9.68274, 0.970496, 0.0451029, 291.592
8585, 0.000180032, 0.380368, 0.425245, 0, 0, 1.41715e-14, 0, 0, 0.805613, 8.07785e-06, 0, 8.62238, 0.97049, 0.0450814, 290.854
8586, 0.000349473, 0.327974, 0.465264, 0, 0, 3.12494e-14, 0, 0, 0.793239, 1.56398e-05, 0, 7.95908, 0.970484, 0.0450595, 290.072
8587, 0.000513384, 0.302758, 0.481269, 0, 0, 5.40853e-14, 0, 0, 0.784027, 2.29506e-05, 0, 7.57449, 0.970478, 0.045037, 289.484
8588, 0.000631162, 0.292287, 0.486198, 0, 0, 7.64629e-14, 0, 0, 0.778484, 2.82091e-05, 0, 7.36795, 0.970472, 0.0450131, 289.126
8589, 0.000675766, 0.28923, 0.487338, 0, 0, 8.49777e-14, 0, 0, 0.776568, 3.0173e-05, 0, 7.29966, 0.970466, 0.0449861, 288.999
8590, 0.000631192, 0.292172, 0.486478, 0, 0, 7.67719e-14, 0, 0, 0.77865, 2.81942e-05, 0, 7.3679, 0.97046, 0.0449474, 289.127
8591, 0.000562328, 0.296501, 0.485249, 0, 0, 6.27402e-14, 0, 0, 0.78175, 2.5104e-05, 0, 7.48342, 0.970454, 0.0448483, 289.32
8592, 0.000585711, 0.294644, 0.486013, 0, 0, 6.03325e-14, 0, 0, 0.780658, 2.59027e-05, 0, 7.44268, 0.970448, 0.0445434, 289.246
8593, 0.000673335, 0.288706, 0.488024, 0, 0, 6.78794e-14, 0, 0, 0.776729, 2.93665e-05, 0, 7.30327, 0.970442, 0.0440424, 288.99
8594, 0.000757862, 0.283857, 0.489314, 0, 0, 8.25765e-14, 0, 0, 0.773172, 3.29585e-05, 0, 7.18501, 0.970436, 0.0439015, 288.757
8595, 0.000837501, 0.280138, 0.489928, 0, 0, 1.06395e-13, 0, 0, 0.770066, 3.68325e-05, 0, 7.08509, 0.97043, 0.0443053, 288.553
8596, 0.000878024, 0.277861, 0.490472, 0, 0, 1.16002e-13, 0, 0, 0.768333, 3.90443e-05, 0, 7.03784, 0.970424, 0.0446704, 288.437
8597, 0.000871115, 0.277133, 0.491017, 0, 0, 9.96755e-14, 0, 0, 0.76815, 3.88935e-05, 0, 7.04574, 0.970418, 0.0447855, 288.42
8598, 0.000871796, 0.277044, 0.491081, 0, 0, 8.99378e-14, 0, 0, 0.768124, 3.88666e-05, 0, 7.04496, 0.970412, 0.044796, 288.414
8599, 0.000888401, 0.277413, 0.490645, 0, 0, 9.98631e-14, 0, 0, 0.768058, 3.94945e-05, 0, 7.02609, 0.970406, 0.0447844, 288.405
8600, 0.000875569, 0.278955, 0.490144, 0, 0, 1.0746e-13, 0, 0, 0.769099, 3.88636e-05, 0, 7.04064, 0.9704, 0.044768, 288.467
8601, 0.000833035, 0.281131, 0.48984, 0, 0, 1.017e-13, 0, 0, 0.77097, 3.69644e-05, 0, 7.09044, 0.970394, 0.0447498, 288.583
8602, 0.000811192, 0.281356, 0.490131, 0, 0, 8.71362e-14, 0, 0, 0.771487, 3.60107e-05, 0, 7.11701, 0.970388, 0.0447308, 288.612
8603, 0.000833448, 0.279181, 0.490855, 0, 0, 7.70075e-14, 0, 0, 0.770036, 3.7032e-05, 0, 7.08994, 0.970382, 0.0447113, 288.513
8604, 0.000885406, 0.277034, 0.491072, 0, 0, 8.57907e-14, 0, 0, 0.768106, 3.93062e-05, 0, 7.02946, 0.970376, 0.0446916, 288.384
8605, 0.000933845, 0.276246, 0.490673, 0, 0, 1.08016e-13, 0, 0, 0.766919, 4.13501e-05, 0, 6.9762, 0.97037, 0.0446717, 288.303
8606, 0.000938642, 0.277214, 0.490175, 0, 0, 1.24144e-13, 0, 0, 0.76739, 4.15244e-05, 0, 6.97108, 0.970364, 0.0446516, 288.329
8607, 0.00089485, 0.279653, 0.489805, 0, 0, 1.22103e-13, 0, 0, 0.769458, 3.96269e-05, 0, 7.01885, 0.970358, 0.0446314, 288.457
8608, 0.00085378, 0.281038, 0.489907, 0, 0, 1.06661e-13, 0, 0, 0.770945, 3.78838e-05, 0, 7.06584, 0.970352, 0.0446112, 288.549
8609, 0.000854476, 0.279648, 0.490624, 0, 0, 8.92043e-14, 0, 0, 0.770272, 3.79718e-05, 0, 7.06502, 0.970346, 0.044591, 288.5
8610, 0.000885593, 0.277408, 0.491172, 0, 0, 8.0176e-14, 0, 0, 0.768579, 3.92685e-05, 0, 7.02925, 0.97034, 0.0445707, 288.387
8611, 0.000928339, 0.276035, 0.491092, 0, 0, 7.98683e-14, 0, 0, 0.767127, 4.09694e-05, 0, 6.98211, 0.970334, 0.0445504, 288.288
8612, 0.00094772, 0.27566, 0.490996, 0, 0, 7.30464e-14, 0, 0, 0.766657, 4.17577e-05, 0, 6.96145, 0.970328, 0.0445301, 288.253
8613, 0.000941817, 0.275859, 0.491107, 0, 0, 6.39024e-14, 0, 0, 0.766966, 4.15633e-05, 0, 6.9677, 0.970322, 0.0445099, 288.268
8614, 0.000930951, 0.27618, 0.491243, 0, 0, 6.45754e-14, 0, 0, 0.767423, 4.11596e-05, 0, 6.9793, 0.970316, 0.0444896, 288.293
8615, 0.000910098, 0.276432, 0.491523, 0, 0, 6.58816e-14, 0, 0, 0.767955, 4.02452e-05, 0, 7.00196, 0.97031, 0.0444693, 288.323
8616, 0.000903892, 0.276405, 0.491613, 0, 0, 6.70653e-14, 0, 0, 0.768017, 3.98504e-05, 0, 7.0088, 0.970304, 0.044449, 288.322
8617, 0.000944821, 0.276162, 0.491055, 0, 0, 8.55452e-14, 0, 0, 0.767217, 4.15523e-05, 0, 6.96451, 0.970298, 0.0444288, 288.266
8618, 0.000985654, 0.276415, 0.490339, 0, 0, 1.14164e-13, 0, 0, 0.766754, 4.33889e-05, 0, 6.92221, 0.970292, 0.0444085, 288.231
8619, 0.00098406, 0.277579, 0.489876, 0, 0, 1.30049e-13, 0, 0, 0.767455, 4.33877e-05, 0, 6.92382, 0.970286, 0.0443882, 288.272
8620, 0.000948266, 0.278762, 0.489913, 0, 0, 1.18093e-13, 0, 0, 0.768675, 4.17959e-05, 0, 6.96088, 0.97028, 0.0443679, 288.346
8621, 0.000909387, 0.278687, 0.490605, 0, 0, 8.98727e-14, 0, 0, 0.769292, 4.00607e-05, 0, 7.00274, 0.970274, 0.0443476, 288.381
8622, 0.000907108, 0.27767, 0.491154, 0, 0, 7.51471e-14, 0, 0, 0.768824, 3.99137e-05, 0, 7.00525, 0.970268, 0.0443274, 288.347
8623, 0.000962573, 0.276627, 0.490792, 0, 0, 9.64753e-14, 0, 0, 0.767419, 4.22904e-05, 0, 6.9459, 0.970262, 0.0443071, 288.251
8624, 0.00102613, 0.276041, 0.490137, 0, 0, 1.36851e-13, 0, 0, 0.766177, 4.51129e-05, 0, 6.88196, 0.970256, 0.0442868, 288.166
8625, 0.00104579, 0.276082, 0.489889, 0, 0, 1.52844e-13, 0, 0, 0.765971, 4.60066e-05, 0, 6.86298, 0.97025, 0.0442665, 288.148
8626, 0.00101098, 0.276792, 0.490148, 0, 0, 1.28719e-13, 0, 0, 0.766941, 4.44349e-05, 0, 6.89684, 0.970244, 0.0442463, 288.206
8627, 0.000940826, 0.277907, 0.49077, 0, 0, 8.95918e-14, 0, 0, 0.768677, 4.13312e-05, 0, 6.96875, 0.970238, 0.0442261, 288.314
8628, 0.000906715, 0.278344, 0.491107, 0, 0, 6.95705e-14, 0, 0, 0.769451, 3.97763e-05, 0, 7.00568, 0.970232, 0.0442059, 288.359
8629, 0.000954825, 0.277728, 0.490619, 0, 0, 8.74508e-14, 0, 0, 0.768347, 4.18025e-05, 0, 6.95398, 0.970226, 0.0441856, 288.283
8630, 0.00102126, 0.277209, 0.489864, 0, 0, 1.27553e-13, 0, 0, 0.767072, 4.47574e-05, 0, 6.88672, 0.97022, 0.0441654, 288.196
8631, 0.00104937, 0.27731, 0.489483, 0, 0, 1.55065e-13, 0, 0, 0.766792, 4.61103e-05, 0, 6.85957, 0.970214, 0.0441452, 288.173
8632, 0.00102508, 0.277997, 0.489633, 0, 0, 1.4413e-13, 0, 0, 0.76763, 4.50581e-05, 0, 6.88298, 0.970208, 0.044125, 288.223
8633, 0.000945272, 0.279383, 0.490286, 0, 0, 1.01245e-13, 0, 0, 0.769669, 4.14431e-05, 0, 6.96404, 0.970202, 0.0441048, 288.35
8634, 0.000878607, 0.280299, 0.490903, 0, 0, 7.00489e-14, 0, 0, 0.771202, 3.84214e-05, 0, 7.03717, 0.970196, 0.0440845, 288.445
8635, 0.00091967, 0.279499, 0.490637, 0, 0, 8.82969e-14, 0, 0, 0.770136, 4.02393e-05, 0, 6.9915, 0.97019, 0.0440642, 288.371
8636, 0.00102135, 0.278007, 0.489821, 0, 0, 1.37466e-13, 0, 0, 0.767828, 4.4799e-05, 0, 6.88663, 0.970184, 0.044044, 288.218
8637, 0.00107946, 0.277189, 0.489372, 0, 0, 1.65765e-13, 0, 0, 0.766561, 4.73834e-05, 0, 6.8313, 0.970178, 0.0440239, 288.131
8638, 0.0010748, 0.277153, 0.48949, 0, 0, 1.53414e-13, 0, 0, 0.766643, 4.70981e-05, 0, 6.83562, 0.970172, 0.0440037, 288.132
8639, 0.0010206, 0.277639, 0.49012, 0, 0, 1.14566e-13, 0, 0, 0.767759, 4.46373e-05, 0, 6.88737, 0.970166, 0.0439834, 288.199
8640, 0.000960148, 0.278164, 0.49079, 0, 0, 7.90469e-14, 0, 0, 0.768954, 4.19082e-05, 0, 6.94842, 0.97016, 0.0439633, 288.272
8641, 0.000969793, 0.278104, 0.490618, 0, 0, 7.82121e-14, 0, 0, 0.768722, 4.21949e-05, 0, 6.93843, 0.970154, 0.0439432, 288.252
8642, 0.00103468, 0.277708, 0.489829, 0, 0, 1.11121e-13, 0, 0, 0.767537, 4.49908e-05, 0, 6.87366, 0.970148, 0.0439231, 288.171
8643, 0.00108183, 0.277588, 0.489285, 0, 0, 1.44834e-13, 0, 0, 0.766873, 4.71638e-05, 0, 6.82911, 0.970142, 0.0439028, 288.124
8644, 0.00108329, 0.27785, 0.489262, 0, 0, 1.51278e-13, 0, 0, 0.767112, 4.73187e-05, 0, 6.82776, 0.970136, 0.0438824, 288.134
8645, 0.00103281, 0.278432, 0.489819, 0, 0, 1.24077e-13, 0, 0, 0.76825, 4.5092e-05, 0, 6.87548, 0.97013, 0.0438622, 288.204
8646, 0.000972837, 0.278965, 0.490489, 0, 0, 9.0726e-14, 0, 0, 0.769454, 4.2408e-05, 0, 6.93529, 0.970124, 0.043842, 288.277
8647, 0.00098735, 0.278877, 0.490302, 0, 0, 8.9248e-14, 0, 0, 0.769179, 4.29802e-05, 0, 6.92049, 0.970118, 0.0438217, 288.255
8648, 0.00104976, 0.278436, 0.489558, 0, 0, 1.06614e-13, 0, 0, 0.767993, 4.56128e-05, 0, 6.85919, 0.970112, 0.0438013, 288.173
8649, 0.00108644, 0.278272, 0.489127, 0, 0, 1.20577e-13, 0, 0, 0.767399, 4.71866e-05, 0, 6.82485, 0.970106, 0.0437808, 288.13
8650, 0.00108348, 0.278511, 0.48914, 0, 0, 1.24077e-13, 0, 0, 0.767651, 4.70874e-05, 0, 6.82758, 0.9701, 0.0437601, 288.142
8651, 0.00103444, 0.279131, 0.48964, 0, 0, 1.05869e-13, 0, 0, 0.76877, 4.49386e-05, 0, 6.87389, 0.970094, 0.0437393, 288.21
8652, 0.000969982, 0.279822, 0.490288, 0, 0, 7.96281e-14, 0, 0, 0.77011, 4.2073e-05, 0, 6.93823, 0.970088, 0.0437183, 288.292
8653, 0.000977422, 0.279934, 0.490113, 0, 0, 8.25343e-14, 0, 0, 0.770047, 4.23259e-05, 0, 6.93059, 0.970082, 0.0436972, 288.284
8654, 0.00104728, 0.279704, 0.489222, 0, 0, 1.19577e-13, 0, 0, 0.768926, 4.54098e-05, 0, 6.86156, 0.970076, 0.0436758, 288.207
8655, 0.00108621, 0.280087, 0.488562, 0, 0, 1.51277e-13, 0, 0, 0.768648, 4.72296e-05, 0, 6.82506, 0.97007, 0.0436537, 288.184
8656, 0.00105685, 0.28158, 0.488395, 0, 0, 1.48277e-13, 0, 0, 0.769975, 4.60072e-05, 0, 6.85246, 0.970064, 0.0436307, 288.265
8657, 0.000969437, 0.283827, 0.488718, 0, 0, 1.16583e-13, 0, 0, 0.772546, 4.21724e-05, 0, 6.9388, 0.970058, 0.0436065, 288.427
8658, 0.000885503, 0.285573, 0.489154, 0, 0, 8.40505e-14, 0, 0, 0.774727, 3.84676e-05, 0, 7.02936, 0.970052, 0.04358, 288.563
8659, 0.000864573, 0.287182, 0.488569, 0, 0, 7.7771e-14, 0, 0, 0.775751, 3.7506e-05, 0, 7.05328, 0.970046, 0.0435494, 288.625
8660, 0.000842694, 0.29066, 0.486968, 0, 0, 8.15127e-14, 0, 0, 0.777629, 3.64637e-05, 0, 7.07891, 0.97004, 0.0435096, 288.741
8661, 0.000826024, 0.292786, 0.486099, 0, 0, 8.31953e-14, 0, 0, 0.778885, 3.56371e-05, 0, 7.09889, 0.970034, 0.043442, 288.818
8662, 0.000893931, 0.289802, 0.48675, 0, 0, 9.86199e-14, 0, 0, 0.776552, 3.84943e-05, 0, 7.01988, 0.970028, 0.0432763, 288.663
8663, 0.000957633, 0.285656, 0.488018, 0, 0, 1.06501e-13, 0, 0, 0.773675, 4.09931e-05, 0, 6.95105, 0.970022, 0.0428936, 288.473
8664, 0.000949151, 0.283919, 0.48904, 0, 0, 9.14985e-14, 0, 0, 0.772959, 4.02507e-05, 0, 6.95994, 0.970016, 0.0424581, 288.422
8665, 0.000963369, 0.283525, 0.489046, 0, 0, 9.03269e-14, 0, 0, 0.772571, 4.08237e-05, 0, 6.94507, 0.97001, 0.0424872, 288.393
8666, 0.0010216, 0.283359, 0.488269, 0, 0, 1.11898e-13, 0, 0, 0.771628, 4.36023e-05, 0, 6.88639, 0.970004, 0.0429075, 288.327
8667, 0.00105283, 0.283702, 0.487653, 0, 0, 1.29721e-13, 0, 0, 0.771355, 4.52126e-05, 0, 6.85628, 0.969998, 0.0432115, 288.305
8668, 0.00103754, 0.28487, 0.487365, 0, 0, 1.31262e-13, 0, 0, 0.772235, 4.47465e-05, 0, 6.8709, 0.969992, 0.0433138, 288.358
8669, 0.000963194, 0.287327, 0.487244, 0, 0, 1.10912e-13, 0, 0, 0.774571, 4.16003e-05, 0, 6.94526, 0.969986, 0.0433349, 288.504
8670, 0.000830399, 0.291848, 0.486779, 0, 0, 7.55013e-14, 0, 0, 0.778627, 3.58141e-05, 0, 7.0936, 0.96998, 0.0433332, 288.761
8671, 0.000716407, 0.297837, 0.485133, 0, 0, 5.37851e-14, 0, 0, 0.78297, 3.08216e-05, 0, 7.24126, 0.969974, 0.0433234, 289.036
8672, 0.000682639, 0.302569, 0.482877, 0, 0, 5.95134e-14, 0, 0, 0.785445, 2.93408e-05, 0, 7.28954, 0.969968, 0.04331, 289.19
8673, 0.000664563, 0.307614, 0.479759, 0, 0, 6.98236e-14, 0, 0, 0.787373, 2.85891e-05, 0, 7.31638, 0.969962, 0.0432944, 289.309
8674, 0.000553059, 0.324064, 0.469278, 0, 0, 6.1866e-14, 0, 0, 0.793342, 2.38371e-05, 0, 7.50005, 0.969956, 0.0432777, 289.685
8675, 0.000345286, 0.369296, 0.436014, 0, 0, 3.75537e-14, 0, 0, 0.80531, 1.4904e-05, 0, 7.97114, 0.96995, 0.0432601, 290.437
8676, 0.000148147, 0.448159, 0.371621, 0, 0, 1.50615e-14, 0, 0, 0.81978, 6.39726e-06, 0, 8.81731, 0.969944, 0.0432421, 291.339
8677, 5.49218e-05, 0.508028, 0.320503, 0, 0, 5.18625e-15, 0, 0, 0.828531, 2.36675e-06, 0, 9.8096, 0.969938, 0.0432236, 291.877
8678, 8.41065e-05, 0.481744, 0.343486, 0, 0, 7.85144e-15, 0, 0, 0.82523, 3.60772e-06, 0, 9.38343, 0.969932, 0.043205, 291.669
8679, 0.00021233, 0.40374, 0.409839, 0, 0, 2.03197e-14, 0, 0, 0.813579, 9.11121e-06, 0, 8.45737, 0.969926, 0.0431862, 290.939
8680, 0.000359438, 0.348389, 0.454603, 0, 0, 3.46116e-14, 0, 0, 0.802992, 1.54483e-05, 0, 7.93097, 0.96992, 0.0431672, 290.27
8681, 0.000406006, 0.333977, 0.465827, 0, 0, 3.72225e-14, 0, 0, 0.799804, 1.74615e-05, 0, 7.80914, 0.969914, 0.0431481, 290.064
8682, 0.000307103, 0.354773, 0.450653, 0, 0, 2.48731e-14, 0, 0, 0.805426, 1.3191e-05, 0, 8.08833, 0.969908, 0.043129, 290.415
8683, 0.000158032, 0.399634, 0.415909, 0, 0, 1.06114e-14, 0, 0, 0.815543, 6.7702e-06, 0, 8.75271, 0.969902, 0.0431098, 291.045
8684, 0.000106922, 0.424437, 0.395773, 0, 0, 7.91683e-15, 0, 0, 0.82021, 4.57393e-06, 0, 9.14341, 0.969896, 0.0430905, 291.332
8685, 0.000221671, 0.394592, 0.418657, 0, 0, 2.01991e-14, 0, 0, 0.813249, 9.49422e-06, 0, 8.41432, 0.96989, 0.0430712, 290.893
8686, 0.000439533, 0.344673, 0.455652, 0, 0, 3.94263e-14, 0, 0, 0.800325, 1.8832e-05, 0, 7.7298, 0.969884, 0.0430518, 290.076
8687, 0.000618549, 0.314249, 0.476176, 0, 0, 4.81505e-14, 0, 0, 0.790424, 2.64653e-05, 0, 7.38813, 0.969878, 0.0430323, 289.443
8688, 0.000714958, 0.302309, 0.483017, 0, 0, 4.94836e-14, 0, 0, 0.785326, 3.05369e-05, 0, 7.24329, 0.969872, 0.0430128, 289.112
8689, 0.000806254, 0.297261, 0.484838, 0, 0, 6.87464e-14, 0, 0, 0.782098, 3.44421e-05, 0, 7.12311, 0.969866, 0.0429935, 288.901
8690, 0.00090119, 0.294809, 0.484922, 0, 0, 1.0297e-13, 0, 0, 0.779731, 3.85323e-05, 0, 7.01179, 0.96986, 0.0429742, 288.744
8691, 0.000944934, 0.294129, 0.484665, 0, 0, 1.19653e-13, 0, 0, 0.778794, 4.03816e-05, 0, 6.9644, 0.969854, 0.0429549, 288.68
8692, 0.000927125, 0.294677, 0.484565, 0, 0, 1.04241e-13, 0, 0, 0.779242, 3.95007e-05, 0, 6.98342, 0.969848, 0.0429355, 288.704
8693, 0.000854113, 0.296867, 0.484338, 0, 0, 7.13847e-14, 0, 0, 0.781205, 3.62457e-05, 0, 7.06545, 0.969842, 0.042916, 288.826
8694, 0.000745196, 0.301417, 0.483265, 0, 0, 4.36062e-14, 0, 0, 0.784682, 3.1558e-05, 0, 7.20186, 0.969836, 0.0428966, 289.045
8695, 0.000632879, 0.309706, 0.479693, 0, 0, 3.12948e-14, 0, 0, 0.789399, 2.67695e-05, 0, 7.36523, 0.96983, 0.0428772, 289.343
8696, 0.000503211, 0.327332, 0.469056, 0, 0, 2.90163e-14, 0, 0, 0.796388, 2.12571e-05, 0, 7.5945, 0.969824, 0.0428579, 289.784
8697, 0.000325061, 0.369017, 0.43838, 0, 0, 2.40342e-14, 0, 0, 0.807397, 1.37504e-05, 0, 8.0315, 0.969818, 0.0428385, 290.476
8698, 0.000147228, 0.45287, 0.368762, 0, 0, 1.29573e-14, 0, 0, 0.821632, 6.24886e-06, 0, 8.82353, 0.969812, 0.042819, 291.363
8699, 4.44132e-05, 0.553977, 0.280037, 0, 0, 4.15268e-15, 0, 0, 0.834014, 1.88909e-06, 0, 10.022, 0.969806, 0.0427995, 292.126
8700, 2.90324e-05, 0.577771, 0.25885, 0, 0, 2.55624e-15, 0, 0, 0.836621, 1.23166e-06, 0, 10.4471, 0.9698, 0.0427801, 292.282
8701, 0.000100029, 0.494258, 0.332924, 0, 0, 9.90131e-15, 0, 0, 0.827182, 4.24274e-06, 0, 9.21005, 0.969794, 0.0427607, 291.695
8702, 0.000271454, 0.395238, 0.41727, 0, 0, 2.96319e-14, 0, 0, 0.812508, 1.15175e-05, 0, 8.21172, 0.969788, 0.0427413, 290.776
8703, 0.000501286, 0.33842, 0.460824, 0, 0, 5.62849e-14, 0, 0, 0.799244, 2.1251e-05, 0, 7.59833, 0.969782, 0.0427218, 289.935
8704, 0.000699084, 0.313544, 0.476415, 0, 0, 7.18828e-14, 0, 0, 0.789959, 2.95542e-05, 0, 7.26574, 0.969776, 0.0427024, 289.34
8705, 0.000810421, 0.302712, 0.48192, 0, 0, 6.57941e-14, 0, 0, 0.784632, 3.41391e-05, 0, 7.11796, 0.96977, 0.0426829, 288.995
8706, 0.000854746, 0.297467, 0.484424, 0, 0, 5.27432e-14, 0, 0, 0.781891, 3.59314e-05, 0, 7.06471, 0.969764, 0.0426634, 288.814
8707, 0.000911532, 0.294205, 0.485484, 0, 0, 6.23489e-14, 0, 0, 0.779689, 3.83092e-05, 0, 7.00038, 0.969758, 0.0426438, 288.668
8708, 0.00101863, 0.291578, 0.485485, 0, 0, 1.03997e-13, 0, 0, 0.777063, 4.29121e-05, 0, 6.88929, 0.969752, 0.0426242, 288.495
8709, 0.00111337, 0.289706, 0.485254, 0, 0, 1.43249e-13, 0, 0, 0.774961, 4.70446e-05, 0, 6.80037, 0.969746, 0.0426044, 288.354
8710, 0.00114495, 0.288911, 0.485302, 0, 0, 1.49444e-13, 0, 0, 0.774213, 4.84485e-05, 0, 6.7724, 0.96974, 0.0425845, 288.302
8711, 0.00110423, 0.289634, 0.485532, 0, 0, 1.23147e-13, 0, 0, 0.775167, 4.67144e-05, 0, 6.80861, 0.969734, 0.0425645, 288.359
8712, 0.00101337, 0.291786, 0.485697, 0, 0, 8.56215e-14, 0, 0, 0.777483, 4.27584e-05, 0, 6.89448, 0.969728, 0.0425441, 288.504
8713, 0.000991379, 0.292506, 0.485668, 0, 0, 8.03175e-14, 0, 0, 0.778173, 4.17337e-05, 0, 6.91641, 0.969722, 0.0425233, 288.545
8714, 0.00109447, 0.29017, 0.485506, 0, 0, 1.23327e-13, 0, 0, 0.775676, 4.61178e-05, 0, 6.81748, 0.969716, 0.0425016, 288.379
8715, 0.00120037, 0.287785, 0.485328, 0, 0, 1.7206e-13, 0, 0, 0.773112, 5.06841e-05, 0, 6.72512, 0.96971, 0.0424781, 288.209
8716, 0.00121937, 0.287334, 0.485317, 0, 0, 1.77091e-13, 0, 0, 0.772651, 5.14757e-05, 0, 6.70942, 0.969704, 0.0424504, 288.174
8717, 0.0011557, 0.288508, 0.485591, 0, 0, 1.34774e-13, 0, 0, 0.774099, 4.86088e-05, 0, 6.76305, 0.969698, 0.0424052, 288.264
8718, 0.00107456, 0.289879, 0.486048, 0, 0, 8.79735e-14, 0, 0, 0.775927, 4.49414e-05, 0, 6.83584, 0.969692, 0.0422749, 288.378
8719, 0.00107359, 0.289577, 0.486254, 0, 0, 7.64062e-14, 0, 0, 0.775832, 4.44413e-05, 0, 6.83675, 0.969686, 0.0419138, 288.368
8720, 0.00115221, 0.287929, 0.485961, 0, 0, 9.91232e-14, 0, 0, 0.773889, 4.71456e-05, 0, 6.76607, 0.96968, 0.0414566, 288.238
8721, 0.00122693, 0.286655, 0.485548, 0, 0, 1.34393e-13, 0, 0, 0.772203, 5.03329e-05, 0, 6.70324, 0.969674, 0.0414646, 288.124
8722, 0.00125872, 0.286283, 0.485363, 0, 0, 1.55529e-13, 0, 0, 0.771646, 5.23003e-05, 0, 6.67766, 0.969668, 0.0418897, 288.083
8723, 0.00124208, 0.286574, 0.485522, 0, 0, 1.4365e-13, 0, 0, 0.772097, 5.20146e-05, 0, 6.69097, 0.969662, 0.0421888, 288.108
8724, 0.00118714, 0.28742, 0.485937, 0, 0, 1.11908e-13, 0, 0, 0.773358, 4.97906e-05, 0, 6.73621, 0.969656, 0.0422723, 288.186
8725, 0.00115158, 0.28833, 0.486079, 0, 0, 9.75815e-14, 0, 0, 0.774409, 4.8277e-05, 0, 6.76662, 0.96965, 0.0422779, 288.25
8726, 0.00118836, 0.288324, 0.485632, 0, 0, 1.23305e-13, 0, 0, 0.773956, 4.97884e-05, 0, 6.73518, 0.969644, 0.042267, 288.216
8727, 0.00125922, 0.287491, 0.485097, 0, 0, 1.68489e-13, 0, 0, 0.772588, 5.27972e-05, 0, 6.67727, 0.969638, 0.042252, 288.123
8728, 0.00129504, 0.286889, 0.484924, 0, 0, 1.87932e-13, 0, 0, 0.771813, 5.43623e-05, 0, 6.64921, 0.969632, 0.0422353, 288.069
8729, 0.00127202, 0.286922, 0.485182, 0, 0, 1.58936e-13, 0, 0, 0.772103, 5.33267e-05, 0, 6.66715, 0.969626, 0.0422177, 288.083
8730, 0.00121869, 0.287426, 0.485666, 0, 0, 1.142e-13, 0, 0, 0.773092, 5.09783e-05, 0, 6.70998, 0.96962, 0.0421997, 288.143
8731, 0.00119145, 0.28807, 0.48583, 0, 0, 9.87649e-14, 0, 0, 0.7739, 4.98023e-05, 0, 6.73259, 0.969614, 0.0421813, 288.191
8732, 0.00121612, 0.288368, 0.485383, 0, 0, 1.16071e-13, 0, 0, 0.773751, 5.07838e-05, 0, 6.71209, 0.969608, 0.0421627, 288.178
8733, 0.00125685, 0.288232, 0.484832, 0, 0, 1.39916e-13, 0, 0, 0.773064, 5.24407e-05, 0, 6.67915, 0.969602, 0.042144, 288.129
8734, 0.00128513, 0.287926, 0.484591, 0, 0, 1.56671e-13, 0, 0, 0.772517, 5.36489e-05, 0, 6.6569, 0.969596, 0.0421252, 288.089
8735, 0.00128979, 0.287672, 0.484728, 0, 0, 1.56931e-13, 0, 0, 0.7724, 5.38633e-05, 0, 6.65328, 0.96959, 0.0421063, 288.077
8736, 0.00125446, 0.287748, 0.485214, 0, 0, 1.3007e-13, 0, 0, 0.772962, 5.23301e-05, 0, 6.68105, 0.969584, 0.0420873, 288.109
8737, 0.00122936, 0.287958, 0.485507, 0, 0, 1.12042e-13, 0, 0, 0.773466, 5.12438e-05, 0, 6.70126, 0.969578, 0.0420683, 288.138
8738, 0.00126927, 0.287833, 0.48511, 0, 0, 1.34221e-13, 0, 0, 0.772942, 5.29066e-05, 0, 6.66931, 0.969572, 0.0420492, 288.1
8739, 0.00132283, 0.287586, 0.484529, 0, 0, 1.67781e-13, 0, 0, 0.772115, 5.51183e-05, 0, 6.62798, 0.969566, 0.0420301, 288.042
8740, 0.00134034, 0.287686, 0.484246, 0, 0, 1.82713e-13, 0, 0, 0.771932, 5.58392e-05, 0, 6.61483, 0.96956, 0.0420109, 288.026
8741, 0.00131418, 0.288387, 0.484249, 0, 0, 1.66743e-13, 0, 0, 0.772636, 5.47026e-05, 0, 6.63454, 0.969554, 0.0419916, 288.067
8742, 0.00124431, 0.289836, 0.484439, 0, 0, 1.26352e-13, 0, 0, 0.774275, 5.16632e-05, 0, 6.68917, 0.969548, 0.0419723, 288.169
8743, 0.00118038, 0.291366, 0.484532, 0, 0, 9.2922e-14, 0, 0, 0.775898, 4.88285e-05, 0, 6.74192, 0.969542, 0.041953, 288.271
8744, 0.00119477, 0.291554, 0.484282, 0, 0, 9.54464e-14, 0, 0, 0.775836, 4.93239e-05, 0, 6.7298, 0.969536, 0.0419335, 288.262
8745, 0.00125166, 0.290398, 0.484062, 0, 0, 1.10905e-13, 0, 0, 0.774459, 5.16116e-05, 0, 6.68328, 0.96953, 0.0419139, 288.169
8746, 0.00128773, 0.289243, 0.484093, 0, 0, 1.17024e-13, 0, 0, 0.773336, 5.312e-05, 0, 6.65488, 0.969524, 0.0418942, 288.092
8747, 0.001303, 0.28883, 0.484167, 0, 0, 1.24243e-13, 0, 0, 0.772997, 5.38955e-05, 0, 6.64309, 0.969518, 0.0418742, 288.065
8748, 0.0012978, 0.28903, 0.484302, 0, 0, 1.24603e-13, 0, 0, 0.773332, 5.37952e-05, 0, 6.64709, 0.969512, 0.041854, 288.083
8749, 0.0012902, 0.289378, 0.484391, 0, 0, 1.23239e-13, 0, 0, 0.773769, 5.3566e-05, 0, 6.65296, 0.969506, 0.0418334, 288.107
8750, 0.00131678, 0.289457, 0.48411, 0, 0, 1.46005e-13, 0, 0, 0.773567, 5.46977e-05, 0, 6.63257, 0.9695, 0.0418122, 288.09
8751, 0.0013538, 0.28934, 0.48369, 0, 0, 1.75133e-13, 0, 0, 0.77303, 5.61043e-05, 0, 6.60484, 0.969494, 0.0417901, 288.051
8752, 0.00137612, 0.289328, 0.483419, 0, 0, 1.9612e-13, 0, 0, 0.772747, 5.69719e-05, 0, 6.58849, 0.969488, 0.0417667, 288.028
8753, 0.00137904, 0.289595, 0.483323, 0, 0, 2.03085e-13, 0, 0, 0.772918, 5.71782e-05, 0, 6.58637, 0.969482, 0.0417413, 288.035
8754, 0.00134501, 0.290229, 0.48348, 0, 0, 1.76945e-13, 0, 0, 0.773709, 5.57612e-05, 0, 6.61135, 0.969476, 0.0417124, 288.082
8755, 0.00129223, 0.29104, 0.483702, 0, 0, 1.3652e-13, 0, 0, 0.774742, 5.34171e-05, 0, 6.65138, 0.96947, 0.0416767, 288.145
8756, 0.00127445, 0.291752, 0.483501, 0, 0, 1.2513e-13, 0, 0, 0.775253, 5.25386e-05, 0, 6.66524, 0.969464, 0.041625, 288.175
8757, 0.00127156, 0.293333, 0.48264, 0, 0, 1.42453e-13, 0, 0, 0.775974, 5.23063e-05, 0, 6.66751, 0.969458, 0.0415279, 288.217
8758, 0.00118932, 0.298821, 0.480539, 0, 0, 1.50999e-13, 0, 0, 0.77936, 4.87779e-05, 0, 6.73437, 0.969452, 0.0413157, 288.433
8759, 0.00098845, 0.309727, 0.476641, 0, 0, 1.22642e-13, 0, 0, 0.786369, 4.03333e-05, 0, 6.91937, 0.969446, 0.0409764, 288.881
8760, 0.000834405, 0.317313, 0.474076, 0, 0, 8.44542e-14, 0, 0, 0.791389, 3.3873e-05, 0, 7.08879, 0.96944, 0.0407746, 289.2
8761, 0.000913573, 0.311831, 0.476447, 0, 0, 8.18838e-14, 0, 0, 0.788277, 3.71734e-05, 0, 6.99815, 0.969434, 0.0409463, 288.996
8762, 0.0011284, 0.301011, 0.480259, 0, 0, 1.2002e-13, 0, 0, 0.78127, 4.62022e-05, 0, 6.78696, 0.969428, 0.041247, 288.54
8763, 0.00129565, 0.294654, 0.481928, 0, 0, 1.67013e-13, 0, 0, 0.776582, 5.32479e-05, 0, 6.64874, 0.969422, 0.0414178, 288.232
8764, 0.0013696, 0.292519, 0.482249, 0, 0, 1.95409e-13, 0, 0, 0.774767, 5.63741e-05, 0, 6.59323, 0.969416, 0.0414755, 288.11
8765, 0.00138799, 0.292095, 0.482329, 0, 0, 2.05165e-13, 0, 0, 0.774424, 5.72761e-05, 0, 6.5799, 0.96941, 0.0414891, 288.083
8766, 0.00136393, 0.292307, 0.482567, 0, 0, 1.80543e-13, 0, 0, 0.774874, 5.63352e-05, 0, 6.59738, 0.969404, 0.0414873, 288.109
8767, 0.00131868, 0.292657, 0.482865, 0, 0, 1.33349e-13, 0, 0, 0.775522, 5.42414e-05, 0, 6.63112, 0.969398, 0.0414787, 288.147
8768, 0.00130665, 0.292987, 0.482775, 0, 0, 1.18739e-13, 0, 0, 0.775763, 5.34536e-05, 0, 6.64029, 0.969392, 0.0414666, 288.158
8769, 0.00131666, 0.293958, 0.482246, 0, 0, 1.42685e-13, 0, 0, 0.776204, 5.38302e-05, 0, 6.63265, 0.969386, 0.0414525, 288.183
8770, 0.00128884, 0.296071, 0.48164, 0, 0, 1.59165e-13, 0, 0, 0.777711, 5.28223e-05, 0, 6.65401, 0.96938, 0.0414371, 288.276
8771, 0.00125382, 0.297495, 0.481398, 0, 0, 1.53161e-13, 0, 0, 0.778893, 5.14977e-05, 0, 6.68156, 0.969374, 0.0414209, 288.349
8772, 0.00126456, 0.296586, 0.481709, 0, 0, 1.35959e-13, 0, 0, 0.778295, 5.19403e-05, 0, 6.67303, 0.969368, 0.0414042, 288.306
8773, 0.00130315, 0.29511, 0.482019, 0, 0, 1.30525e-13, 0, 0, 0.777129, 5.35356e-05, 0, 6.64297, 0.969362, 0.041387, 288.226
8774, 0.00133742, 0.294491, 0.481957, 0, 0, 1.42401e-13, 0, 0, 0.776448, 5.4915e-05, 0, 6.61701, 0.969356, 0.0413697, 288.178
8775, 0.00135468, 0.294472, 0.481747, 0, 0, 1.5586e-13, 0, 0, 0.776219, 5.54674e-05, 0, 6.60419, 0.96935, 0.041352, 288.159
8776, 0.00136616, 0.294742, 0.481509, 0, 0, 1.75277e-13, 0, 0, 0.776251, 5.59021e-05, 0, 6.59575, 0.969344, 0.0413342, 288.157
8777, 0.00137079, 0.295245, 0.481294, 0, 0, 1.93364e-13, 0, 0, 0.776538, 5.62555e-05, 0, 6.59236, 0.969338, 0.0413163, 288.172
8778, 0.00134475, 0.296005, 0.48127, 0, 0, 1.79941e-13, 0, 0, 0.777275, 5.5284e-05, 0, 6.61155, 0.969332, 0.0412983, 288.216
8779, 0.00129176, 0.29692, 0.481378, 0, 0, 1.39408e-13, 0, 0, 0.778299, 5.29828e-05, 0, 6.65175, 0.969326, 0.0412802, 288.278
8780, 0.0012503, 0.297788, 0.481318, 0, 0, 1.11684e-13, 0, 0, 0.779106, 5.10057e-05, 0, 6.68438, 0.96932, 0.041262, 288.326
8781, 0.00123923, 0.29864, 0.480982, 0, 0, 1.13908e-13, 0, 0, 0.779622, 5.03802e-05, 0, 6.69326, 0.969314, 0.0412439, 288.356
8782, 0.0012434, 0.299733, 0.480464, 0, 0, 1.32357e-13, 0, 0, 0.780197, 5.06155e-05, 0, 6.68991, 0.969308, 0.0412257, 288.389
8783, 0.00122287, 0.301324, 0.479951, 0, 0, 1.37447e-13, 0, 0, 0.781275, 4.98352e-05, 0, 6.70655, 0.969302, 0.0412074, 288.455
8784, 0.0011591, 0.303652, 0.47946, 0, 0, 1.16346e-13, 0, 0, 0.783111, 4.71635e-05, 0, 6.76011, 0.969296, 0.0411891, 288.57
8785, 0.00107767, 0.306954, 0.478625, 0, 0, 9.51201e-14, 0, 0, 0.785578, 4.38258e-05, 0, 6.83295, 0.96929, 0.0411708, 288.725
8786, 0.000994608, 0.311814, 0.476876, 0, 0, 9.31431e-14, 0, 0, 0.78869, 4.05393e-05, 0, 6.91316, 0.969284, 0.0411525, 288.922
8787, 0.000871351, 0.320129, 0.473219, 0, 0, 8.94128e-14, 0, 0, 0.793348, 3.55823e-05, 0, 7.04547, 0.969278, 0.0411343, 289.217
8788, 0.000673303, 0.336934, 0.463952, 0, 0, 7.04399e-14, 0, 0, 0.800887, 2.751e-05, 0, 7.30331, 0.969272, 0.041116, 289.696
8789, 0.000418613, 0.3739, 0.438161, 0, 0, 4.14824e-14, 0, 0, 0.812061, 1.70823e-05, 0, 7.77856, 0.969266, 0.0410977, 290.401
8790, 0.000188294, 0.445266, 0.380397, 0, 0, 1.64574e-14, 0, 0, 0.825663, 7.66276e-06, 0, 8.57751, 0.96926, 0.0410793, 291.253
8791, 5.7786e-05, 0.531449, 0.305775, 0, 0, 4.35765e-15, 0, 0, 0.837224, 2.34731e-06, 0, 9.75877, 0.969254, 0.041061, 291.969
8792, 2.87797e-05, 0.558608, 0.281854, 0, 0, 1.65085e-15, 0, 0, 0.840462, 1.16306e-06, 0, 10.4558, 0.969248, 0.0410427, 292.166
8793, 8.32244e-05, 0.497682, 0.335996, 0, 0, 4.8426e-15, 0, 0, 0.833678, 3.35923e-06, 0, 9.39397, 0.969242, 0.0410243, 291.741
8794, 0.000214589, 0.415595, 0.406731, 0, 0, 1.36472e-14, 0, 0, 0.822326, 8.67127e-06, 0, 8.44679, 0.969236, 0.0410059, 291.029
8795, 0.000375626, 0.36573, 0.446823, 0, 0, 2.4531e-14, 0, 0, 0.812553, 1.51787e-05, 0, 7.88692, 0.96923, 0.0409876, 290.409
8796, 0.000494598, 0.34553, 0.461282, 0, 0, 3.14804e-14, 0, 0, 0.806812, 1.99786e-05, 0, 7.61176, 0.969224, 0.0409693, 290.042
8797, 0.000536473, 0.340372, 0.464627, 0, 0, 3.31217e-14, 0, 0, 0.804999, 2.16739e-05, 0, 7.53049, 0.969218, 0.0409511, 289.923
8798, 0.00051145, 0.343617, 0.462708, 0, 0, 3.55019e-14, 0, 0, 0.806325, 2.07159e-05, 0, 7.57826, 0.969212, 0.0409328, 290.003
8799, 0.000428435, 0.35439, 0.455904, 0, 0, 3.53462e-14, 0, 0, 0.810293, 1.74086e-05, 0, 7.75537, 0.969206, 0.0409144, 290.251
8800, 0.000296097, 0.375619, 0.441046, 0, 0, 2.49731e-14, 0, 0, 0.816665, 1.20301e-05, 0, 8.12482, 0.9692, 0.040896, 290.65
8801, 0.000157873, 0.41462, 0.410209, 0, 0, 1.17652e-14, 0, 0, 0.82483, 6.39415e-06, 0, 8.75372, 0.969194, 0.0408775, 291.159
8802, 6.07516e-05, 0.482889, 0.351129, 0, 0, 3.86392e-15, 0, 0, 0.834019, 2.45177e-06, 0, 9.70872, 0.969188, 0.0408592, 291.729
8803, 1.56156e-05, 0.584873, 0.258873, 0, 0, 8.91021e-16, 0, 0, 0.843746, 6.28796e-07, 0, 11.0672, 0.969182, 0.0408412, 292.328
8804, 2.49518e-06, 0.688753, 0.163506, 0, 0, 1.36418e-16, 0, 0, 0.852259, 1.00458e-07, 0, 12.9011, 0.969176, 0.0408231, 292.849
8805, 5.67357e-07, 0.725271, 0.129883, 0, 0, 2.89436e-17, 0, 0, 0.855154, 2.29063e-08, 0, 14.3823, 0.96917, 0.0408049, 293.022
8806, 3.56293e-06, 0.667367, 0.183257, 0, 0, 1.9081e-16, 0, 0, 0.850625, 1.44124e-07, 0, 12.5449, 0.969164, 0.0407867, 292.741
8807, 2.08934e-05, 0.564168, 0.277959, 0, 0, 1.1878e-15, 0, 0, 0.842127, 8.45258e-07, 0, 10.7761, 0.969158, 0.0407685, 292.214
8808, 7.60958e-05, 0.469987, 0.362747, 0, 0, 4.55158e-15, 0, 0, 0.832734, 3.07524e-06, 0, 9.48352, 0.969152, 0.0407503, 291.627
8809, 0.000192163, 0.406183, 0.417202, 0, 0, 1.33653e-14, 0, 0, 0.823385, 7.76158e-06, 0, 8.55717, 0.969146, 0.0407321, 291.039
8810, 0.000370314, 0.368498, 0.445918, 0, 0, 3.30742e-14, 0, 0, 0.814416, 1.49803e-05, 0, 7.90116, 0.96914, 0.0407139, 290.47
8811, 0.000576034, 0.346174, 0.460281, 0, 0, 6.2785e-14, 0, 0, 0.806455, 2.33525e-05, 0, 7.45934, 0.969134, 0.0406957, 289.962
8812, 0.000755982, 0.332574, 0.467625, 0, 0, 8.69085e-14, 0, 0, 0.800199, 3.06535e-05, 0, 7.18749, 0.969128, 0.0406774, 289.559
8813, 0.000877558, 0.324083, 0.471654, 0, 0, 8.91891e-14, 0, 0, 0.795737, 3.54803e-05, 0, 7.03837, 0.969122, 0.0406593, 289.269
8814, 0.000952159, 0.318676, 0.474034, 0, 0, 7.74867e-14, 0, 0, 0.79271, 3.83559e-05, 0, 6.95678, 0.969116, 0.0406412, 289.071
8815, 0.00101335, 0.315603, 0.475243, 0, 0, 7.86159e-14, 0, 0, 0.790845, 4.08075e-05, 0, 6.89449, 0.96911, 0.040623, 288.947
8816, 0.00105732, 0.314362, 0.47566, 0, 0, 9.21682e-14, 0, 0, 0.790022, 4.26133e-05, 0, 6.85202, 0.969104, 0.0406048, 288.89
8817, 0.00109761, 0.313215, 0.475943, 0, 0, 1.04714e-13, 0, 0, 0.789158, 4.41858e-05, 0, 6.81462, 0.969098, 0.0405867, 288.83
8818, 0.00116678, 0.310911, 0.476419, 0, 0, 1.18281e-13, 0, 0, 0.78733, 4.68909e-05, 0, 6.75351, 0.969092, 0.0405686, 288.708
8819, 0.00122138, 0.308934, 0.476851, 0, 0, 1.26971e-13, 0, 0, 0.785785, 4.90702e-05, 0, 6.70778, 0.969086, 0.0405504, 288.605
8820, 0.00122177, 0.308004, 0.477253, 0, 0, 1.12935e-13, 0, 0, 0.785257, 4.90253e-05, 0, 6.70745, 0.96908, 0.0405323, 288.567
8821, 0.0012309, 0.306919, 0.477663, 0, 0, 9.7456e-14, 0, 0, 0.784582, 4.92869e-05, 0, 6.70001, 0.969074, 0.0405142, 288.519
8822, 0.00128773, 0.305868, 0.477714, 0, 0, 1.15656e-13, 0, 0, 0.783583, 5.16168e-05, 0, 6.65488, 0.969068, 0.0404961, 288.45
8823, 0.00133369, 0.305882, 0.477427, 0, 0, 1.5289e-13, 0, 0, 0.783309, 5.36078e-05, 0, 6.61981, 0.969062, 0.040478, 288.429
8824, 0.00134775, 0.306325, 0.477259, 0, 0, 1.78707e-13, 0, 0, 0.783583, 5.42726e-05, 0, 6.60932, 0.969056, 0.04046, 288.443
8825, 0.00135426, 0.306196, 0.477401, 0, 0, 1.83522e-13, 0, 0, 0.783597, 5.45837e-05, 0, 6.6045, 0.96905, 0.0404419, 288.44
8826, 0.0013722, 0.305042, 0.477743, 0, 0, 1.70058e-13, 0, 0, 0.782785, 5.52649e-05, 0, 6.59134, 0.969044, 0.0404239, 288.383
8827, 0.00138388, 0.303334, 0.478205, 0, 0, 1.36703e-13, 0, 0, 0.781539, 5.55406e-05, 0, 6.58287, 0.969038, 0.0404058, 288.298
8828, 0.00137947, 0.302253, 0.478554, 0, 0, 1.05885e-13, 0, 0, 0.780807, 5.51309e-05, 0, 6.58606, 0.969032, 0.0403878, 288.247
8829, 0.00141155, 0.301728, 0.478496, 0, 0, 1.20046e-13, 0, 0, 0.780225, 5.63631e-05, 0, 6.56306, 0.969026, 0.0403697, 288.205
8830, 0.00149542, 0.301138, 0.478124, 0, 0, 1.8098e-13, 0, 0, 0.779261, 5.9903e-05, 0, 6.50535, 0.96902, 0.0403517, 288.138
8831, 0.00156218, 0.300745, 0.47782, 0, 0, 2.32741e-13, 0, 0, 0.778564, 6.27657e-05, 0, 6.46167, 0.969014, 0.0403337, 288.089
8832, 0.00155686, 0.301089, 0.477774, 0, 0, 2.31438e-13, 0, 0, 0.778863, 6.25901e-05, 0, 6.46509, 0.969008, 0.0403157, 288.104
8833, 0.00149387, 0.302118, 0.477896, 0, 0, 1.8987e-13, 0, 0, 0.780014, 5.99842e-05, 0, 6.50639, 0.969002, 0.0402977, 288.176
8834, 0.00144024, 0.30295, 0.478006, 0, 0, 1.47635e-13, 0, 0, 0.780956, 5.76678e-05, 0, 6.54295, 0.968996, 0.0402797, 288.233
8835, 0.00144055, 0.302684, 0.478063, 0, 0, 1.28258e-13, 0, 0, 0.780747, 5.74383e-05, 0, 6.54273, 0.96899, 0.0402617, 288.216
8836, 0.00149626, 0.301546, 0.477999, 0, 0, 1.44045e-13, 0, 0, 0.779545, 5.95206e-05, 0, 6.50478, 0.968984, 0.0402437, 288.134
8837, 0.00156954, 0.300514, 0.477825, 0, 0, 1.84324e-13, 0, 0, 0.778339, 6.25356e-05, 0, 6.45697, 0.968978, 0.0402257, 288.051
8838, 0.00158585, 0.300064, 0.477871, 0, 0, 1.85108e-13, 0, 0, 0.777935, 6.3192e-05, 0, 6.44664, 0.968972, 0.0402078, 288.021
8839, 0.00154453, 0.299986, 0.478158, 0, 0, 1.35673e-13, 0, 0, 0.778145, 6.12815e-05, 0, 6.47304, 0.968966, 0.0401898, 288.031
8840, 0.00152058, 0.299964, 0.478292, 0, 0, 1.0392e-13, 0, 0, 0.778256, 6.01634e-05, 0, 6.48867, 0.96896, 0.0401719, 288.034
8841, 0.00155341, 0.299875, 0.478083, 0, 0, 1.19753e-13, 0, 0, 0.777958, 6.15509e-05, 0, 6.4673, 0.968954, 0.0401539, 288.011
8842, 0.00160596, 0.299801, 0.477762, 0, 0, 1.51673e-13, 0, 0, 0.777563, 6.37214e-05, 0, 6.43404, 0.968948, 0.040136, 287.981
8843, 0.00162647, 0.299846, 0.477623, 0, 0, 1.65616e-13, 0, 0, 0.777469, 6.45299e-05, 0, 6.42134, 0.968942, 0.0401181, 287.971
8844, 0.00161655, 0.300033, 0.477637, 0, 0, 1.59528e-13, 0, 0, 0.77767, 6.40891e-05, 0, 6.42746, 0.968936, 0.0401001, 287.98
8845, 0.00159445, 0.300321, 0.477692, 0, 0, 1.45569e-13, 0, 0, 0.778013, 6.31387e-05, 0, 6.44123, 0.96893, 0.0400822, 287.999
8846, 0.00157336, 0.300617, 0.477721, 0, 0, 1.3619e-13, 0, 0, 0.778338, 6.22959e-05, 0, 6.45454, 0.968924, 0.0400643, 288.016
8847, 0.00156668, 0.300854, 0.477652, 0, 0, 1.38733e-13, 0, 0, 0.778506, 6.20895e-05, 0, 6.4588, 0.968918, 0.0400463, 288.023
8848, 0.00156388, 0.301407, 0.47745, 0, 0, 1.44516e-13, 0, 0, 0.778857, 6.19936e-05, 0, 6.46058, 0.968912, 0.0400283, 288.043
8849, 0.00153063, 0.303114, 0.477096, 0, 0, 1.46567e-13, 0, 0, 0.78021, 6.06773e-05, 0, 6.48208, 0.968906, 0.0400104, 288.127
8850, 0.0014816, 0.305535, 0.47664, 0, 0, 1.54983e-13, 0, 0, 0.782175, 5.88142e-05, 0, 6.51463, 0.9689, 0.0399925, 288.251
8851, 0.00150496, 0.306006, 0.476354, 0, 0, 1.85772e-13, 0, 0, 0.78236, 5.9877e-05, 0, 6.49899, 0.968894, 0.0399746, 288.259
8852, 0.0015962, 0.303914, 0.476441, 0, 0, 2.19499e-13, 0, 0, 0.780354, 6.35571e-05, 0, 6.44013, 0.968888, 0.0399567, 288.125
8853, 0.00164285, 0.301863, 0.476769, 0, 0, 2.14427e-13, 0, 0, 0.778632, 6.53358e-05, 0, 6.41132, 0.968882, 0.0399387, 288.009
8854, 0.00163887, 0.301, 0.477037, 0, 0, 1.81318e-13, 0, 0, 0.778037, 6.49858e-05, 0, 6.41375, 0.968876, 0.0399208, 287.966
8855, 0.00164176, 0.30079, 0.477084, 0, 0, 1.61218e-13, 0, 0, 0.777875, 6.48665e-05, 0, 6.41199, 0.96887, 0.0399027, 287.952
8856, 0.00164957, 0.300818, 0.477037, 0, 0, 1.58569e-13, 0, 0, 0.777855, 6.51086e-05, 0, 6.40724, 0.968864, 0.0398845, 287.947
8857, 0.00165061, 0.300934, 0.476998, 0, 0, 1.56913e-13, 0, 0, 0.777932, 6.52157e-05, 0, 6.40661, 0.968858, 0.0398663, 287.948
8858, 0.00165706, 0.301041, 0.476916, 0, 0, 1.64207e-13, 0, 0, 0.777957, 6.55533e-05, 0, 6.40271, 0.968852, 0.0398481, 287.946
8859, 0.00166963, 0.301204, 0.476757, 0, 0, 1.88514e-13, 0, 0, 0.777962, 6.61672e-05, 0, 6.39516, 0.968846, 0.0398299, 287.942
8860, 0.00169721, 0.301605, 0.476441, 0, 0, 2.2655e-13, 0, 0, 0.778046, 6.73249e-05, 0, 6.37877, 0.96884, 0.0398113, 287.944
8861, 0.0017347, 0.301936, 0.47611, 0, 0, 2.59212e-13, 0, 0, 0.778046, 6.87727e-05, 0, 6.35692, 0.968834, 0.0397924, 287.94
8862, 0.00176636, 0.301766, 0.475981, 0, 0, 2.75211e-13, 0, 0, 0.777747, 6.99716e-05, 0, 6.33884, 0.968828, 0.0397729, 287.917
8863, 0.00178521, 0.301487, 0.475968, 0, 0, 2.82284e-13, 0, 0, 0.777455, 7.07391e-05, 0, 6.32822, 0.968822, 0.0397526, 287.894
8864, 0.00176641, 0.301452, 0.476086, 0, 0, 2.61504e-13, 0, 0, 0.777538, 6.99782e-05, 0, 6.33881, 0.968816, 0.0397304, 287.896
8865, 0.00170336, 0.301541, 0.476393, 0, 0, 2.07801e-13, 0, 0, 0.777934, 6.7314e-05, 0, 6.37515, 0.96881, 0.0397041, 287.918
8866, 0.00165189, 0.301636, 0.476623, 0, 0, 1.64358e-13, 0, 0, 0.77826, 6.50904e-05, 0, 6.40584, 0.968804, 0.0396625, 287.935
8867, 0.00165843, 0.301723, 0.476538, 0, 0, 1.63496e-13, 0, 0, 0.778262, 6.51679e-05, 0, 6.40188, 0.968798, 0.0395503, 287.932
8868, 0.00171566, 0.301818, 0.476178, 0, 0, 1.96556e-13, 0, 0, 0.777996, 6.69044e-05, 0, 6.36796, 0.968792, 0.0392327, 287.91
8869, 0.00176435, 0.301962, 0.475857, 0, 0, 2.20207e-13, 0, 0, 0.777819, 6.79672e-05, 0, 6.33997, 0.968786, 0.0387766, 287.895
8870, 0.00175521, 0.302242, 0.475814, 0, 0, 2.06675e-13, 0, 0, 0.778056, 6.74239e-05, 0, 6.34516, 0.96878, 0.0387142, 287.907
8871, 0.00169252, 0.302706, 0.476, 0, 0, 1.68404e-13, 0, 0, 0.778706, 6.56483e-05, 0, 6.38154, 0.968774, 0.0391141, 287.946
8872, 0.00163926, 0.303142, 0.476139, 0, 0, 1.41839e-13, 0, 0, 0.779281, 6.41592e-05, 0, 6.41351, 0.968768, 0.0394335, 287.979
8873, 0.00168009, 0.303224, 0.475883, 0, 0, 1.73565e-13, 0, 0, 0.779107, 6.60608e-05, 0, 6.38891, 0.968762, 0.0395316, 287.964
8874, 0.00176656, 0.303047, 0.475457, 0, 0, 2.34236e-13, 0, 0, 0.778504, 6.95699e-05, 0, 6.33872, 0.968756, 0.039543, 287.921
8875, 0.00180919, 0.302918, 0.475254, 0, 0, 2.60782e-13, 0, 0, 0.778172, 7.11588e-05, 0, 6.31488, 0.96875, 0.0395353, 287.896
8876, 0.00181691, 0.303003, 0.475176, 0, 0, 2.64239e-13, 0, 0, 0.778179, 7.13825e-05, 0, 6.31062, 0.968744, 0.0395227, 287.892
8877, 0.00182013, 0.303303, 0.475044, 0, 0, 2.72605e-13, 0, 0, 0.778346, 7.15741e-05, 0, 6.30885, 0.968738, 0.039508, 287.9
8878, 0.00180344, 0.303706, 0.474974, 0, 0, 2.59704e-13, 0, 0, 0.77868, 7.09113e-05, 0, 6.31806, 0.968732, 0.0394924, 287.918
8879, 0.00174335, 0.304111, 0.475137, 0, 0, 2.10881e-13, 0, 0, 0.779249, 6.84265e-05, 0, 6.35195, 0.968726, 0.0394761, 287.951
8880, 0.00164569, 0.304542, 0.475519, 0, 0, 1.51009e-13, 0, 0, 0.780062, 6.44833e-05, 0, 6.4096, 0.96872, 0.0394596, 288.001
8881, 0.00159388, 0.305232, 0.475619, 0, 0, 1.2579e-13, 0, 0, 0.780852, 6.2412e-05, 0, 6.44158, 0.968714, 0.0394427, 288.049
8882, 0.00164304, 0.305967, 0.475163, 0, 0, 1.60347e-13, 0, 0, 0.78113, 6.44171e-05, 0, 6.41121, 0.968708, 0.0394258, 288.063
8883, 0.00171016, 0.305732, 0.474838, 0, 0, 2.01624e-13, 0, 0, 0.78057, 6.71265e-05, 0, 6.37117, 0.968702, 0.0394087, 288.023
8884, 0.00172469, 0.304807, 0.474977, 0, 0, 1.98785e-13, 0, 0, 0.779784, 6.76788e-05, 0, 6.36271, 0.968696, 0.0393915, 287.968
8885, 0.00174032, 0.304244, 0.475033, 0, 0, 1.8904e-13, 0, 0, 0.779277, 6.82337e-05, 0, 6.35369, 0.96869, 0.0393743, 287.931
8886, 0.00177564, 0.304151, 0.474863, 0, 0, 1.94365e-13, 0, 0, 0.779014, 6.9521e-05, 0, 6.3336, 0.968684, 0.039357, 287.91
8887, 0.00178299, 0.304281, 0.474777, 0, 0, 1.81619e-13, 0, 0, 0.779058, 6.95889e-05, 0, 6.32947, 0.968678, 0.0393397, 287.909
8888, 0.00177614, 0.304517, 0.474742, 0, 0, 1.53502e-13, 0, 0, 0.779259, 6.89405e-05, 0, 6.33331, 0.968672, 0.0393224, 287.919
8889, 0.00176857, 0.304772, 0.474705, 0, 0, 1.30981e-13, 0, 0, 0.779477, 6.82831e-05, 0, 6.33758, 0.968666, 0.0393051, 287.929
8890, 0.00176468, 0.304943, 0.47466, 0, 0, 1.24369e-13, 0, 0, 0.779603, 6.79475e-05, 0, 6.33979, 0.96866, 0.0392878, 287.934
8891, 0.00177418, 0.305022, 0.474561, 0, 0, 1.37237e-13, 0, 0, 0.779583, 6.83382e-05, 0, 6.33441, 0.968654, 0.0392705, 287.929
8892, 0.00179869, 0.305109, 0.474379, 0, 0, 1.7151e-13, 0, 0, 0.779488, 6.95938e-05, 0, 6.3207, 0.968648, 0.0392532, 287.919
8893, 0.00178575, 0.305312, 0.474363, 0, 0, 1.82898e-13, 0, 0, 0.779675, 6.94026e-05, 0, 6.32792, 0.968642, 0.0392359, 287.927
8894, 0.00172147, 0.305693, 0.474563, 0, 0, 1.52369e-13, 0, 0, 0.780257, 6.69973e-05, 0, 6.36457, 0.968636, 0.0392185, 287.962
8895, 0.00168358, 0.306445, 0.474504, 0, 0, 1.35474e-13, 0, 0, 0.780949, 6.54907e-05, 0, 6.38683, 0.96863, 0.0392012, 288.003
8896, 0.00163945, 0.308298, 0.474104, 0, 0, 1.28568e-13, 0, 0, 0.782403, 6.36411e-05, 0, 6.41339, 0.968624, 0.0391839, 288.095
8897, 0.00151839, 0.311777, 0.473536, 0, 0, 1.0335e-13, 0, 0, 0.785313, 5.88615e-05, 0, 6.4901, 0.968618, 0.0391666, 288.281
8898, 0.00144971, 0.314408, 0.472976, 0, 0, 9.76073e-14, 0, 0, 0.787384, 5.62095e-05, 0, 6.53639, 0.968612, 0.0391492, 288.412
8899, 0.00154867, 0.313025, 0.472926, 0, 0, 1.32233e-13, 0, 0, 0.785951, 6.00455e-05, 0, 6.47036, 0.968606, 0.0391319, 288.316
8900, 0.00169971, 0.30982, 0.473224, 0, 0, 1.71569e-13, 0, 0, 0.783044, 6.59117e-05, 0, 6.37729, 0.9686, 0.0391146, 288.122
8901, 0.00178033, 0.308039, 0.47339, 0, 0, 1.92422e-13, 0, 0, 0.781429, 6.90853e-05, 0, 6.33095, 0.968594, 0.0390973, 288.013
8902, 0.00182403, 0.307666, 0.47327, 0, 0, 2.19482e-13, 0, 0, 0.780936, 7.08665e-05, 0, 6.30671, 0.968588, 0.03908, 287.977
8903, 0.00185103, 0.307827, 0.473062, 0, 0, 2.44108e-13, 0, 0, 0.780889, 7.19418e-05, 0, 6.29201, 0.968582, 0.0390627, 287.97
8904, 0.0018512, 0.308175, 0.472929, 0, 0, 2.44716e-13, 0, 0, 0.781104, 7.18706e-05, 0, 6.29192, 0.968576, 0.0390454, 287.981
8905, 0.00184157, 0.308659, 0.472799, 0, 0, 2.40842e-13, 0, 0, 0.781458, 7.14455e-05, 0, 6.29714, 0.96857, 0.0390281, 288
8906, 0.00181914, 0.309322, 0.47268, 0, 0, 2.37952e-13, 0, 0, 0.782002, 7.06185e-05, 0, 6.30939, 0.968564, 0.0390109, 288.032
8907, 0.00174028, 0.310193, 0.472783, 0, 0, 2.04503e-13, 0, 0, 0.782976, 6.75892e-05, 0, 6.35371, 0.968558, 0.0389936, 288.092
8908, 0.00160021, 0.311215, 0.473137, 0, 0, 1.36865e-13, 0, 0, 0.784352, 6.20745e-05, 0, 6.43762, 0.968552, 0.0389764, 288.179
8909, 0.00151665, 0.312375, 0.473142, 0, 0, 9.19135e-14, 0, 0, 0.785517, 5.86769e-05, 0, 6.49125, 0.968546, 0.0389592, 288.251
8910, 0.00154415, 0.313873, 0.472445, 0, 0, 1.01076e-13, 0, 0, 0.786317, 5.95952e-05, 0, 6.47328, 0.96854, 0.0389419, 288.3
8911, 0.00156907, 0.31601, 0.471483, 0, 0, 1.32643e-13, 0, 0, 0.787493, 6.05052e-05, 0, 6.45727, 0.968534, 0.0389247, 288.373
8912, 0.00152771, 0.319148, 0.470375, 0, 0, 1.58679e-13, 0, 0, 0.789524, 5.89871e-05, 0, 6.48399, 0.968528, 0.0389075, 288.502
8913, 0.00141713, 0.324121, 0.468665, 0, 0, 1.63524e-13, 0, 0, 0.792787, 5.48119e-05, 0, 6.55912, 0.968522, 0.0388904, 288.71
8914, 0.00121772, 0.333006, 0.465101, 0, 0, 1.37823e-13, 0, 0, 0.798106, 4.70965e-05, 0, 6.71078, 0.968516, 0.0388732, 289.051
8915, 0.000916643, 0.351214, 0.45536, 0, 0, 9.17493e-14, 0, 0, 0.806574, 3.54025e-05, 0, 6.99479, 0.96851, 0.038856, 289.593
8916, 0.000553337, 0.392473, 0.426457, 0, 0, 4.59741e-14, 0, 0, 0.81893, 2.13458e-05, 0, 7.49954, 0.968504, 0.0388388, 290.379
8917, 0.000240543, 0.475955, 0.358205, 0, 0, 1.59164e-14, 0, 0, 0.834159, 9.26917e-06, 0, 8.33261, 0.968498, 0.0388216, 291.337
8918, 6.88564e-05, 0.580586, 0.267033, 0, 0, 3.61711e-15, 0, 0, 0.847619, 2.65015e-06, 0, 9.58349, 0.968492, 0.0388044, 292.175
8919, 1.6012e-05, 0.617098, 0.235174, 0, 0, 8.05254e-16, 0, 0, 0.852272, 6.16677e-07, 0, 11.0422, 0.968486, 0.0387873, 292.461
8920, 1.41033e-05, 0.563361, 0.284957, 0, 0, 8.79366e-16, 0, 0, 0.848318, 5.4492e-07, 0, 11.1691, 0.96848, 0.0387702, 292.212
8921, 3.31453e-05, 0.50688, 0.336598, 0, 0, 2.25352e-15, 0, 0, 0.843478, 1.27974e-06, 0, 10.3146, 0.968474, 0.0387531, 291.908
8922, 0.000118949, 0.472037, 0.366234, 0, 0, 9.5404e-15, 0, 0, 0.838272, 4.58726e-06, 0, 9.03681, 0.968468, 0.038736, 291.579
8923, 0.000363923, 0.423797, 0.403811, 0, 0, 3.23585e-14, 0, 0, 0.827609, 1.40198e-05, 0, 7.91857, 0.968462, 0.0387189, 290.905
8924, 0.000746989, 0.372848, 0.440663, 0, 0, 7.0151e-14, 0, 0, 0.813511, 2.87461e-05, 0, 7.19946, 0.968456, 0.0387018, 290.006
8925, 0.00111355, 0.342025, 0.460003, 0, 0, 1.06383e-13, 0, 0, 0.802028, 4.27973e-05, 0, 6.8002, 0.96845, 0.0386847, 289.266
8926, 0.00137701, 0.328217, 0.466707, 0, 0, 1.37191e-13, 0, 0, 0.794924, 5.28813e-05, 0, 6.58784, 0.968444, 0.0386676, 288.803
8927, 0.00155803, 0.321828, 0.468877, 0, 0, 1.69675e-13, 0, 0, 0.790705, 5.98409e-05, 0, 6.46433, 0.968438, 0.0386505, 288.526
8928, 0.00168203, 0.31825, 0.469772, 0, 0, 1.97204e-13, 0, 0, 0.788022, 6.46024e-05, 0, 6.38775, 0.968432, 0.0386334, 288.347
8929, 0.00176894, 0.31602, 0.470216, 0, 0, 2.19378e-13, 0, 0, 0.786236, 6.79419e-05, 0, 6.33738, 0.968426, 0.0386164, 288.227
8930, 0.0018254, 0.314575, 0.470482, 0, 0, 2.28146e-13, 0, 0, 0.785057, 7.00716e-05, 0, 6.30596, 0.96842, 0.0385994, 288.147
8931, 0.00184345, 0.313616, 0.470744, 0, 0, 2.15606e-13, 0, 0, 0.78436, 7.06901e-05, 0, 6.29612, 0.968414, 0.0385823, 288.097
8932, 0.00181211, 0.31298, 0.471114, 0, 0, 1.79492e-13, 0, 0, 0.784095, 6.9438e-05, 0, 6.31326, 0.968408, 0.0385653, 288.077
8933, 0.0017712, 0.312581, 0.471446, 0, 0, 1.38722e-13, 0, 0, 0.784027, 6.7818e-05, 0, 6.3361, 0.968402, 0.0385483, 288.069
8934, 0.0017715, 0.312456, 0.471492, 0, 0, 1.22392e-13, 0, 0, 0.783948, 6.7721e-05, 0, 6.33593, 0.968396, 0.0385313, 288.06
8935, 0.00177711, 0.312705, 0.471387, 0, 0, 1.2093e-13, 0, 0, 0.784093, 6.7791e-05, 0, 6.33277, 0.96839, 0.0385143, 288.066
8936, 0.0017458, 0.312998, 0.471447, 0, 0, 1.10153e-13, 0, 0, 0.784445, 6.64347e-05, 0, 6.35054, 0.968384, 0.0384973, 288.085
8937, 0.00171947, 0.312842, 0.471624, 0, 0, 9.45749e-14, 0, 0, 0.784466, 6.51865e-05, 0, 6.36574, 0.968378, 0.0384802, 288.083
8938, 0.00178276, 0.312568, 0.471392, 0, 0, 1.14885e-13, 0, 0, 0.78396, 6.7517e-05, 0, 6.32959, 0.968372, 0.0384633, 288.047
8939, 0.00187041, 0.312886, 0.470839, 0, 0, 1.63231e-13, 0, 0, 0.783725, 7.10649e-05, 0, 6.2816, 0.968366, 0.0384463, 288.028
8940, 0.00188774, 0.313963, 0.47039, 0, 0, 1.95647e-13, 0, 0, 0.784352, 7.19246e-05, 0, 6.27238, 0.96836, 0.0384294, 288.065
8941, 0.00188374, 0.314641, 0.470167, 0, 0, 2.09437e-13, 0, 0, 0.784809, 7.18636e-05, 0, 6.2745, 0.968354, 0.0384125, 288.092
8942, 0.00190811, 0.3141, 0.470171, 0, 0, 2.16727e-13, 0, 0, 0.78427, 7.28367e-05, 0, 6.26164, 0.968348, 0.0383955, 288.053
8943, 0.00188997, 0.313689, 0.470316, 0, 0, 1.97431e-13, 0, 0, 0.784005, 7.21037e-05, 0, 6.27119, 0.968342, 0.0383786, 288.032
8944, 0.00180149, 0.31495, 0.470181, 0, 0, 1.52549e-13, 0, 0, 0.78513, 6.85385e-05, 0, 6.31914, 0.968336, 0.0383617, 288.102
8945, 0.00168034, 0.319774, 0.468604, 0, 0, 1.30108e-13, 0, 0, 0.788379, 6.37548e-05, 0, 6.38876, 0.96833, 0.0383448, 288.311
8946, 0.00144482, 0.331051, 0.464301, 0, 0, 1.262e-13, 0, 0, 0.795353, 5.48427e-05, 0, 6.53977, 0.968324, 0.0383279, 288.762
8947, 0.00115411, 0.344248, 0.459091, 0, 0, 1.14224e-13, 0, 0, 0.803339, 4.392e-05, 0, 6.76442, 0.968318, 0.038311, 289.276
8948, 0.00115399, 0.344868, 0.458819, 0, 0, 1.26548e-13, 0, 0, 0.803688, 4.39791e-05, 0, 6.76453, 0.968312, 0.0382941, 289.295
8949, 0.00148474, 0.332197, 0.463573, 0, 0, 1.7597e-13, 0, 0, 0.79577, 5.65633e-05, 0, 6.51251, 0.968306, 0.0382772, 288.779
8950, 0.00179114, 0.320532, 0.467678, 0, 0, 2.09292e-13, 0, 0, 0.78821, 6.81886e-05, 0, 6.3249, 0.9683, 0.0382603, 288.283
8951, 0.00188474, 0.315349, 0.46953, 0, 0, 1.87985e-13, 0, 0, 0.78488, 7.16847e-05, 0, 6.27397, 0.968294, 0.0382435, 288.062
8952, 0.00185487, 0.313764, 0.47032, 0, 0, 1.42734e-13, 0, 0, 0.784084, 7.04486e-05, 0, 6.28994, 0.968288, 0.0382266, 288.006
8953, 0.00185283, 0.313538, 0.470444, 0, 0, 1.32706e-13, 0, 0, 0.783982, 7.03295e-05, 0, 6.29104, 0.968282, 0.0382098, 287.996
8954, 0.00187774, 0.314011, 0.470204, 0, 0, 1.48988e-13, 0, 0, 0.784216, 7.13141e-05, 0, 6.27768, 0.968276, 0.038193, 288.008
8955, 0.0019107, 0.314482, 0.469913, 0, 0, 1.69399e-13, 0, 0, 0.784395, 7.25687e-05, 0, 6.26029, 0.96827, 0.0381762, 288.016
8956, 0.00197349, 0.314258, 0.469667, 0, 0, 1.93247e-13, 0, 0, 0.783925, 7.47989e-05, 0, 6.22795, 0.968264, 0.0381594, 287.982
8957, 0.00202148, 0.31374, 0.469575, 0, 0, 2.05497e-13, 0, 0, 0.783316, 7.63936e-05, 0, 6.20393, 0.968258, 0.0381426, 287.938
8958, 0.00204105, 0.31337, 0.469589, 0, 0, 2.05725e-13, 0, 0, 0.782959, 7.69937e-05, 0, 6.19429, 0.968252, 0.0381257, 287.912
8959, 0.00205293, 0.313059, 0.46962, 0, 0, 2.03034e-13, 0, 0, 0.782679, 7.73763e-05, 0, 6.18849, 0.968246, 0.0381089, 287.89
8960, 0.00208428, 0.312872, 0.469507, 0, 0, 2.24321e-13, 0, 0, 0.782379, 7.8675e-05, 0, 6.17333, 0.96824, 0.0380921, 287.867
8961, 0.00212521, 0.312851, 0.46929, 0, 0, 2.61341e-13, 0, 0, 0.782141, 8.041e-05, 0, 6.15389, 0.968234, 0.0380754, 287.847
8962, 0.00214567, 0.312945, 0.469135, 0, 0, 2.80317e-13, 0, 0, 0.78208, 8.12419e-05, 0, 6.1443, 0.968228, 0.0380586, 287.84
8963, 0.00214232, 0.313201, 0.469045, 0, 0, 2.76886e-13, 0, 0, 0.782246, 8.1102e-05, 0, 6.14586, 0.968222, 0.0380419, 287.848
8964, 0.00210104, 0.313901, 0.468996, 0, 0, 2.50096e-13, 0, 0, 0.782896, 7.9524e-05, 0, 6.16532, 0.968216, 0.0380251, 287.887
8965, 0.00200386, 0.315191, 0.469024, 0, 0, 1.98083e-13, 0, 0, 0.784215, 7.57726e-05, 0, 6.21268, 0.96821, 0.0380084, 287.97
8966, 0.00191576, 0.316041, 0.469142, 0, 0, 1.4895e-13, 0, 0, 0.785183, 7.22777e-05, 0, 6.25764, 0.968204, 0.0379916, 288.03
8967, 0.00191815, 0.315536, 0.469259, 0, 0, 1.36765e-13, 0, 0, 0.784794, 7.22156e-05, 0, 6.2564, 0.968198, 0.0379748, 288.001
8968, 0.00199608, 0.314769, 0.469124, 0, 0, 1.66055e-13, 0, 0, 0.783893, 7.50952e-05, 0, 6.21657, 0.968192, 0.0379582, 287.939
8969, 0.00206242, 0.314964, 0.468742, 0, 0, 2.07401e-13, 0, 0, 0.783706, 7.76557e-05, 0, 6.18387, 0.968186, 0.0379416, 287.923
8970, 0.00203419, 0.316369, 0.468419, 0, 0, 2.19731e-13, 0, 0, 0.784787, 7.66983e-05, 0, 6.19766, 0.96818, 0.0379249, 287.991
8971, 0.00194766, 0.318163, 0.468267, 0, 0, 1.9858e-13, 0, 0, 0.78643, 7.34342e-05, 0, 6.24113, 0.968174, 0.0379083, 288.095
8972, 0.00194255, 0.31848, 0.468183, 0, 0, 1.92568e-13, 0, 0, 0.786662, 7.31652e-05, 0, 6.24375, 0.968168, 0.0378916, 288.107
8973, 0.00202662, 0.317238, 0.468143, 0, 0, 2.14108e-13, 0, 0, 0.78538, 7.62633e-05, 0, 6.20138, 0.968162, 0.037875, 288.019
8974, 0.0020722, 0.316093, 0.468262, 0, 0, 2.13963e-13, 0, 0, 0.784354, 7.78814e-05, 0, 6.17914, 0.968156, 0.0378584, 287.949
8975, 0.0020651, 0.31555, 0.468453, 0, 0, 1.93291e-13, 0, 0, 0.784002, 7.75553e-05, 0, 6.18258, 0.96815, 0.0378417, 287.922
8976, 0.00208634, 0.315383, 0.468399, 0, 0, 2.00673e-13, 0, 0, 0.783782, 7.84146e-05, 0, 6.17235, 0.968144, 0.0378251, 287.904
8977, 0.00213434, 0.31544, 0.468151, 0, 0, 2.29174e-13, 0, 0, 0.783592, 8.02525e-05, 0, 6.1496, 0.968138, 0.0378084, 287.888
8978, 0.0021453, 0.315645, 0.468028, 0, 0, 2.30241e-13, 0, 0, 0.783673, 8.05021e-05, 0, 6.14447, 0.968132, 0.0377917, 287.89
8979, 0.00211549, 0.315902, 0.468075, 0, 0, 2.01055e-13, 0, 0, 0.783978, 7.9097e-05, 0, 6.15847, 0.968126, 0.037775, 287.907
8980, 0.00208477, 0.316133, 0.468124, 0, 0, 1.7888e-13, 0, 0, 0.784257, 7.77632e-05, 0, 6.1731, 0.96812, 0.0377585, 287.922
8981, 0.00207487, 0.316381, 0.468053, 0, 0, 1.79435e-13, 0, 0, 0.784434, 7.74647e-05, 0, 6.17786, 0.968114, 0.0377421, 287.93
8982, 0.00205337, 0.31672, 0.467994, 0, 0, 1.76908e-13, 0, 0, 0.784714, 7.68357e-05, 0, 6.18827, 0.968108, 0.0377255, 287.945
8983, 0.00204931, 0.317143, 0.467837, 0, 0, 1.85545e-13, 0, 0, 0.78498, 7.68564e-05, 0, 6.19025, 0.968102, 0.037709, 287.959
8984, 0.00208187, 0.317643, 0.467507, 0, 0, 2.12943e-13, 0, 0, 0.785151, 7.81541e-05, 0, 6.17449, 0.968096, 0.0376924, 287.967
8985, 0.00207366, 0.318276, 0.467325, 0, 0, 2.08681e-13, 0, 0, 0.785601, 7.76795e-05, 0, 6.17844, 0.96809, 0.0376759, 287.993
8986, 0.00203252, 0.31911, 0.467215, 0, 0, 1.81709e-13, 0, 0, 0.786325, 7.5879e-05, 0, 6.19848, 0.968084, 0.0376593, 288.038
8987, 0.00201003, 0.320277, 0.466881, 0, 0, 1.79429e-13, 0, 0, 0.787158, 7.49557e-05, 0, 6.20961, 0.968078, 0.0376428, 288.089
8988, 0.00198056, 0.321946, 0.466372, 0, 0, 1.93168e-13, 0, 0, 0.788318, 7.39597e-05, 0, 6.22438, 0.968072, 0.0376263, 288.162
8989, 0.00191035, 0.324056, 0.465871, 0, 0, 1.88297e-13, 0, 0, 0.789927, 7.14243e-05, 0, 6.26047, 0.968066, 0.0376097, 288.264
8990, 0.00179746, 0.326686, 0.465333, 0, 0, 1.60619e-13, 0, 0, 0.792019, 6.71824e-05, 0, 6.32138, 0.96806, 0.0375929, 288.397
8991, 0.00165379, 0.33091, 0.464155, 0, 0, 1.38234e-13, 0, 0, 0.795065, 6.17885e-05, 0, 6.40469, 0.968054, 0.0375764, 288.593
8992, 0.00145431, 0.338995, 0.461052, 0, 0, 1.24442e-13, 0, 0, 0.800047, 5.4347e-05, 0, 6.53322, 0.968048, 0.0375601, 288.914
8993, 0.00113431, 0.356114, 0.452232, 0, 0, 9.61684e-14, 0, 0, 0.808346, 4.2369e-05, 0, 6.78173, 0.968042, 0.0375437, 289.448
8994, 0.000711257, 0.394045, 0.426757, 0, 0, 5.54884e-14, 0, 0, 0.820802, 2.65226e-05, 0, 7.24848, 0.968036, 0.0375273, 290.245
8995, 0.000322591, 0.463963, 0.371734, 0, 0, 2.22435e-14, 0, 0, 0.835697, 1.2005e-05, 0, 8.03913, 0.96803, 0.0375109, 291.188
8996, 0.000102892, 0.538921, 0.308384, 0, 0, 6.16757e-15, 0, 0, 0.847305, 3.82447e-06, 0, 9.18183, 0.968024, 0.0374945, 291.915
8997, 7.33173e-05, 0.549904, 0.29902, 0, 0, 3.18156e-15, 0, 0, 0.848923, 2.7203e-06, 0, 9.52071, 0.968018, 0.037478, 292.013
8998, 0.000223439, 0.485331, 0.3544, 0, 0, 1.0142e-14, 0, 0, 0.839731, 8.2862e-06, 0, 8.40637, 0.968012, 0.0374616, 291.433
8999, 0.000543312, 0.410666, 0.41503, 0, 0, 2.72222e-14, 0, 0, 0.825697, 2.01208e-05, 0, 7.51783, 0.968006, 0.0374451, 290.541
9000, 0.000931877, 0.366218, 0.446885, 0, 0, 4.83031e-14, 0, 0, 0.813103, 3.44001e-05, 0, 6.97831, 0.968002, 0.0374287, 289.732
9001, 0.00128308, 0.345574, 0.458472, 0, 0, 7.10876e-14, 0, 0, 0.804046, 4.72579e-05, 0, 6.65849, 0.967998, 0.0374123, 289.144
9002, 0.00156397, 0.335435, 0.462462, 0, 0, 9.81668e-14, 0, 0, 0.797897, 5.76335e-05, 0, 6.46053, 0.967996, 0.0373959, 288.742
9003, 0.00174806, 0.330195, 0.463989, 0, 0, 1.20426e-13, 0, 0, 0.794184, 6.4462e-05, 0, 6.34925, 0.967994, 0.0373795, 288.496
9004, 0.00182705, 0.328312, 0.464459, 0, 0, 1.36748e-13, 0, 0, 0.792771, 6.7411e-05, 0, 6.30505, 0.967992, 0.0373632, 288.401
9005, 0.00183324, 0.328762, 0.464331, 0, 0, 1.57937e-13, 0, 0, 0.793093, 6.78333e-05, 0, 6.30167, 0.96799, 0.0373468, 288.419
9006, 0.00185095, 0.328905, 0.464221, 0, 0, 1.78898e-13, 0, 0, 0.793126, 6.86593e-05, 0, 6.29206, 0.967988, 0.0373304, 288.418
9007, 0.00194693, 0.326665, 0.464566, 0, 0, 1.90934e-13, 0, 0, 0.791231, 7.21903e-05, 0, 6.2415, 0.967986, 0.0373141, 288.29
9008, 0.00204794, 0.323852, 0.46509, 0, 0, 1.87815e-13, 0, 0, 0.788942, 7.58163e-05, 0, 6.19092, 0.967984, 0.0372977, 288.137
9009, 0.00209881, 0.322325, 0.465397, 0, 0, 1.86043e-13, 0, 0, 0.787722, 7.76319e-05, 0, 6.16639, 0.967982, 0.0372814, 288.054
9010, 0.0021498, 0.321717, 0.465371, 0, 0, 2.1163e-13, 0, 0, 0.787088, 7.95754e-05, 0, 6.14238, 0.96798, 0.0372651, 288.009
9011, 0.00221277, 0.321378, 0.465184, 0, 0, 2.50001e-13, 0, 0, 0.786562, 8.20246e-05, 0, 6.11351, 0.967978, 0.0372487, 287.971
9012, 0.00225045, 0.321153, 0.465065, 0, 0, 2.68045e-13, 0, 0, 0.786217, 8.34554e-05, 0, 6.09662, 0.967976, 0.0372324, 287.945
9013, 0.00225184, 0.321064, 0.465058, 0, 0, 2.55686e-13, 0, 0, 0.786122, 8.34275e-05, 0, 6.09601, 0.967974, 0.0372161, 287.935
9014, 0.00222409, 0.321087, 0.465137, 0, 0, 2.23185e-13, 0, 0, 0.786224, 8.22505e-05, 0, 6.10841, 0.967972, 0.0371998, 287.939
9015, 0.00221038, 0.321168, 0.465135, 0, 0, 2.11764e-13, 0, 0, 0.786304, 8.16656e-05, 0, 6.11459, 0.96797, 0.0371834, 287.941
9016, 0.00224211, 0.321309, 0.464922, 0, 0, 2.39195e-13, 0, 0, 0.78623, 8.28546e-05, 0, 6.10034, 0.967968, 0.0371671, 287.933
9017, 0.00227305, 0.321608, 0.464662, 0, 0, 2.66658e-13, 0, 0, 0.78627, 8.40236e-05, 0, 6.08663, 0.967966, 0.0371508, 287.932
9018, 0.0022592, 0.322237, 0.464497, 0, 0, 2.6296e-13, 0, 0, 0.786733, 8.34759e-05, 0, 6.09274, 0.967964, 0.0371345, 287.96
9019, 0.00218807, 0.323381, 0.464411, 0, 0, 2.21375e-13, 0, 0, 0.787791, 8.06174e-05, 0, 6.12473, 0.967962, 0.0371183, 288.026
9020, 0.00206985, 0.325238, 0.46423, 0, 0, 1.66122e-13, 0, 0, 0.789469, 7.59279e-05, 0, 6.18028, 0.96796, 0.037102, 288.133
9021, 0.00196924, 0.327595, 0.463736, 0, 0, 1.44148e-13, 0, 0, 0.79133, 7.21253e-05, 0, 6.23011, 0.967958, 0.0370857, 288.252
9022, 0.0019739, 0.328686, 0.46326, 0, 0, 1.68257e-13, 0, 0, 0.791946, 7.24647e-05, 0, 6.22774, 0.967956, 0.0370695, 288.289
9023, 0.00205967, 0.327561, 0.463285, 0, 0, 1.93629e-13, 0, 0, 0.790846, 7.56179e-05, 0, 6.18521, 0.967954, 0.0370532, 288.214
9024, 0.00212264, 0.326218, 0.463493, 0, 0, 1.92756e-13, 0, 0, 0.789711, 7.76898e-05, 0, 6.1551, 0.967952, 0.037037, 288.136
9025, 0.00212784, 0.326182, 0.463456, 0, 0, 1.84613e-13, 0, 0, 0.789639, 7.77449e-05, 0, 6.15265, 0.96795, 0.0370207, 288.128
9026, 0.00208386, 0.3273, 0.463193, 0, 0, 1.75217e-13, 0, 0, 0.790493, 7.61402e-05, 0, 6.17353, 0.967948, 0.0370044, 288.181
9027, 0.00199356, 0.329148, 0.462837, 0, 0, 1.50044e-13, 0, 0, 0.791984, 7.27449e-05, 0, 6.21783, 0.967946, 0.0369881, 288.276
9028, 0.00189272, 0.33159, 0.462246, 0, 0, 1.25798e-13, 0, 0, 0.793837, 6.89529e-05, 0, 6.26974, 0.967944, 0.0369718, 288.394
9029, 0.00179694, 0.335123, 0.461078, 0, 0, 1.22682e-13, 0, 0, 0.7962, 6.5512e-05, 0, 6.32167, 0.967942, 0.0369556, 288.545
9030, 0.00164168, 0.341082, 0.458845, 0, 0, 1.19806e-13, 0, 0, 0.799926, 5.9964e-05, 0, 6.41203, 0.96794, 0.0369393, 288.785
9031, 0.00136745, 0.35235, 0.453772, 0, 0, 9.68028e-14, 0, 0, 0.806122, 4.99829e-05, 0, 6.5948, 0.967938, 0.0369229, 289.185
9032, 0.000982622, 0.376236, 0.439585, 0, 0, 6.35557e-14, 0, 0, 0.815821, 3.58897e-05, 0, 6.92529, 0.967936, 0.0369065, 289.809
9033, 0.000560748, 0.42881, 0.400535, 0, 0, 3.51818e-14, 0, 0, 0.829345, 2.04821e-05, 0, 7.48624, 0.967934, 0.0368901, 290.672
9034, 0.000226666, 0.523348, 0.321415, 0, 0, 1.47794e-14, 0, 0, 0.844762, 8.29341e-06, 0, 8.39203, 0.967932, 0.0368736, 291.645
9035, 6.52604e-05, 0.617757, 0.23846, 0, 0, 4.38657e-15, 0, 0, 0.856217, 2.3923e-06, 0, 9.63713, 0.96793, 0.036857, 292.36
9036, 6.37215e-05, 0.61849, 0.237866, 0, 0, 4.16209e-15, 0, 0, 0.856356, 2.33367e-06, 0, 9.66099, 0.967928, 0.0368402, 292.366
9037, 0.000222414, 0.525305, 0.319877, 0, 0, 1.43895e-14, 0, 0, 0.845182, 8.13114e-06, 0, 8.41097, 0.967926, 0.0368233, 291.663
9038, 0.000553888, 0.430967, 0.398987, 0, 0, 3.4288e-14, 0, 0, 0.829954, 2.01973e-05, 0, 7.49855, 0.967924, 0.036806, 290.696
9039, 0.000972926, 0.37803, 0.438492, 0, 0, 6.04121e-14, 0, 0, 0.816522, 3.54029e-05, 0, 6.9352, 0.967922, 0.0367882, 289.833
9040, 0.00136841, 0.354028, 0.452825, 0, 0, 9.72834e-14, 0, 0, 0.806853, 4.97992e-05, 0, 6.5941, 0.96792, 0.0367696, 289.205
9041, 0.00168184, 0.342851, 0.4577, 0, 0, 1.43575e-13, 0, 0, 0.800551, 6.12899e-05, 0, 6.38787, 0.967918, 0.0367494, 288.792
9042, 0.0018995, 0.336862, 0.459643, 0, 0, 1.83476e-13, 0, 0, 0.796504, 6.92731e-05, 0, 6.26617, 0.967916, 0.0367259, 288.525
9043, 0.00203779, 0.333139, 0.460681, 0, 0, 1.98775e-13, 0, 0, 0.79382, 7.41656e-05, 0, 6.19589, 0.967914, 0.0366922, 288.346
9044, 0.00212812, 0.330704, 0.461307, 0, 0, 1.99333e-13, 0, 0, 0.792011, 7.72021e-05, 0, 6.15252, 0.967912, 0.0366141, 288.224
9045, 0.00218023, 0.329124, 0.461709, 0, 0, 1.91007e-13, 0, 0, 0.790833, 7.8574e-05, 0, 6.12832, 0.96791, 0.0363826, 288.143
9046, 0.00218937, 0.328091, 0.462059, 0, 0, 1.60366e-13, 0, 0, 0.79015, 7.76904e-05, 0, 6.12414, 0.967908, 0.035955, 288.095
9047, 0.00220475, 0.327434, 0.462232, 0, 0, 1.41623e-13, 0, 0, 0.789666, 7.74874e-05, 0, 6.11714, 0.967906, 0.0357347, 288.06
9048, 0.0022485, 0.327176, 0.462142, 0, 0, 1.63398e-13, 0, 0, 0.789318, 7.98412e-05, 0, 6.09749, 0.967904, 0.0360264, 288.034
9049, 0.00227465, 0.327492, 0.461946, 0, 0, 1.96512e-13, 0, 0, 0.789438, 8.19169e-05, 0, 6.08593, 0.967902, 0.0363935, 288.039
9050, 0.00225958, 0.328143, 0.461832, 0, 0, 2.05328e-13, 0, 0, 0.789976, 8.18438e-05, 0, 6.09258, 0.9679, 0.0365421, 288.072
9051, 0.00226382, 0.32823, 0.461795, 0, 0, 2.08957e-13, 0, 0, 0.790024, 8.21191e-05, 0, 6.0907, 0.967898, 0.0365703, 288.072
9052, 0.00231927, 0.327485, 0.46176, 0, 0, 2.24684e-13, 0, 0, 0.789245, 8.42053e-05, 0, 6.0665, 0.967896, 0.0365681, 288.017
9053, 0.00237255, 0.326603, 0.461774, 0, 0, 2.30481e-13, 0, 0, 0.788377, 8.60959e-05, 0, 6.04379, 0.967894, 0.0365585, 287.957
9054, 0.00241074, 0.326031, 0.461775, 0, 0, 2.3288e-13, 0, 0, 0.787806, 8.74527e-05, 0, 6.02782, 0.967892, 0.0365463, 287.916
9055, 0.00242891, 0.325783, 0.46177, 0, 0, 2.29017e-13, 0, 0, 0.787553, 8.80469e-05, 0, 6.02031, 0.96789, 0.0365327, 287.896
9056, 0.00240166, 0.325744, 0.461885, 0, 0, 1.99246e-13, 0, 0, 0.787629, 8.67763e-05, 0, 6.03159, 0.967888, 0.0365183, 287.898
9057, 0.00234974, 0.325805, 0.462063, 0, 0, 1.57625e-13, 0, 0, 0.787868, 8.45272e-05, 0, 6.05345, 0.967886, 0.0365036, 287.911
9058, 0.00233817, 0.325898, 0.462057, 0, 0, 1.43883e-13, 0, 0, 0.787955, 8.39773e-05, 0, 6.05839, 0.967884, 0.0364885, 287.914
9059, 0.00238607, 0.325998, 0.461802, 0, 0, 1.70254e-13, 0, 0, 0.7878, 8.58485e-05, 0, 6.03811, 0.967882, 0.0364733, 287.9
9060, 0.00244544, 0.326138, 0.461491, 0, 0, 2.12232e-13, 0, 0, 0.78763, 8.82922e-05, 0, 6.01353, 0.96788, 0.0364579, 287.886
9061, 0.0024667, 0.326362, 0.461326, 0, 0, 2.34696e-13, 0, 0, 0.787688, 8.92802e-05, 0, 6.00487, 0.967878, 0.0364424, 287.887
9062, 0.00243275, 0.326645, 0.461375, 0, 0, 2.13587e-13, 0, 0, 0.78802, 8.79071e-05, 0, 6.01873, 0.967876, 0.0364269, 287.906
9063, 0.00238334, 0.326906, 0.461466, 0, 0, 1.73837e-13, 0, 0, 0.788372, 8.58149e-05, 0, 6.03925, 0.967874, 0.0364113, 287.926
9064, 0.00238054, 0.327176, 0.461333, 0, 0, 1.67744e-13, 0, 0, 0.788509, 8.56883e-05, 0, 6.04043, 0.967872, 0.0363956, 287.932
9065, 0.00240603, 0.327705, 0.460998, 0, 0, 1.96607e-13, 0, 0, 0.788703, 8.6827e-05, 0, 6.02978, 0.96787, 0.03638, 287.941
9066, 0.00240093, 0.32891, 0.460579, 0, 0, 2.26497e-13, 0, 0, 0.789488, 8.68767e-05, 0, 6.0319, 0.967868, 0.0363643, 287.99
9067, 0.00233854, 0.330853, 0.460164, 0, 0, 2.31594e-13, 0, 0, 0.791017, 8.47099e-05, 0, 6.05823, 0.967866, 0.0363486, 288.088
9068, 0.00226415, 0.332575, 0.45987, 0, 0, 2.15319e-13, 0, 0, 0.792444, 8.1901e-05, 0, 6.09056, 0.967864, 0.0363329, 288.179
9069, 0.0022408, 0.332988, 0.459786, 0, 0, 1.95203e-13, 0, 0, 0.792774, 8.08156e-05, 0, 6.10092, 0.967862, 0.0363172, 288.197
9070, 0.00225645, 0.332267, 0.45991, 0, 0, 1.72498e-13, 0, 0, 0.792177, 8.10799e-05, 0, 6.09396, 0.96786, 0.0363015, 288.155
9071, 0.00223693, 0.331827, 0.460083, 0, 0, 1.38599e-13, 0, 0, 0.79191, 7.99689e-05, 0, 6.10265, 0.967858, 0.0362858, 288.134
9072, 0.00216599, 0.332601, 0.460042, 0, 0, 1.05977e-13, 0, 0, 0.792643, 7.70536e-05, 0, 6.13488, 0.967856, 0.03627, 288.18
9073, 0.00208035, 0.334694, 0.459541, 0, 0, 9.29361e-14, 0, 0, 0.794236, 7.39065e-05, 0, 6.17522, 0.967854, 0.0362543, 288.281
9074, 0.00196146, 0.338715, 0.45827, 0, 0, 9.45102e-14, 0, 0, 0.796986, 6.98793e-05, 0, 6.23407, 0.967852, 0.0362386, 288.459
9075, 0.00172646, 0.347248, 0.454868, 0, 0, 8.80035e-14, 0, 0, 0.802116, 6.16835e-05, 0, 6.36168, 0.96785, 0.0362229, 288.792
9076, 0.00131256, 0.367995, 0.44351, 0, 0, 6.34191e-14, 0, 0, 0.811504, 4.68879e-05, 0, 6.63578, 0.967848, 0.0362072, 289.4
9077, 0.000785373, 0.414585, 0.411304, 0, 0, 3.59496e-14, 0, 0, 0.825889, 2.80376e-05, 0, 7.14935, 0.967846, 0.0361915, 290.324
9078, 0.00034341, 0.482079, 0.358903, 0, 0, 1.66714e-14, 0, 0, 0.840981, 1.22798e-05, 0, 7.97659, 0.967844, 0.0361758, 291.283
9079, 0.000187833, 0.51504, 0.332179, 0, 0, 1.01725e-14, 0, 0, 0.847219, 6.72594e-06, 0, 8.57996, 0.967842, 0.0361601, 291.675
9080, 0.000393543, 0.474496, 0.365064, 0, 0, 2.32925e-14, 0, 0, 0.839561, 1.40754e-05, 0, 7.84032, 0.96784, 0.0361444, 291.188
9081, 0.000868102, 0.408318, 0.416085, 0, 0, 5.27691e-14, 0, 0, 0.824403, 3.1002e-05, 0, 7.0492, 0.967838, 0.0361288, 290.217
9082, 0.00137637, 0.366479, 0.444619, 0, 0, 8.37595e-14, 0, 0, 0.811098, 4.90794e-05, 0, 6.5883, 0.967836, 0.0361132, 289.356
9083, 0.0017616, 0.348737, 0.454064, 0, 0, 1.17971e-13, 0, 0, 0.802801, 6.28715e-05, 0, 6.34153, 0.967834, 0.0360975, 288.813
9084, 0.00201499, 0.341561, 0.456643, 0, 0, 1.52026e-13, 0, 0, 0.798204, 7.1992e-05, 0, 6.20714, 0.967832, 0.0360819, 288.509
9085, 0.00215815, 0.338463, 0.457401, 0, 0, 1.71491e-13, 0, 0, 0.795863, 7.70765e-05, 0, 6.1385, 0.96783, 0.0360664, 288.352
9086, 0.00221782, 0.337436, 0.457559, 0, 0, 1.7898e-13, 0, 0, 0.794995, 7.91469e-05, 0, 6.11123, 0.967828, 0.036051, 288.292
9087, 0.00219715, 0.337853, 0.457431, 0, 0, 1.67557e-13, 0, 0, 0.795283, 7.82508e-05, 0, 6.12059, 0.967826, 0.0360353, 288.308
9088, 0.00210372, 0.339732, 0.456944, 0, 0, 1.41023e-13, 0, 0, 0.796677, 7.4776e-05, 0, 6.16405, 0.967824, 0.0360194, 288.397
9089, 0.00194841, 0.34407, 0.455458, 0, 0, 1.19208e-13, 0, 0, 0.799527, 6.92614e-05, 0, 6.24074, 0.967822, 0.0360037, 288.581
9090, 0.00167671, 0.354601, 0.450627, 0, 0, 9.96101e-14, 0, 0, 0.805229, 5.96458e-05, 0, 6.39092, 0.96782, 0.0359877, 288.951
9091, 0.00122932, 0.381083, 0.434694, 0, 0, 7.12939e-14, 0, 0, 0.815778, 4.37427e-05, 0, 6.70129, 0.967818, 0.0359692, 289.633
9092, 0.000688868, 0.434536, 0.396365, 0, 0, 4.01307e-14, 0, 0, 0.830901, 2.45379e-05, 0, 7.28046, 0.967816, 0.0359451, 290.603
9093, 0.000292325, 0.494657, 0.349394, 0, 0, 1.67868e-14, 0, 0, 0.844051, 1.04179e-05, 0, 8.13764, 0.967814, 0.0359227, 291.437
9094, 0.000251785, 0.50246, 0.343075, 0, 0, 1.28214e-14, 0, 0, 0.845535, 8.92582e-06, 0, 8.28693, 0.967812, 0.0359124, 291.529
9095, 0.000601322, 0.448092, 0.385901, 0, 0, 3.41414e-14, 0, 0, 0.833994, 2.13154e-05, 0, 7.41638, 0.96781, 0.0359057, 290.793
9096, 0.00116998, 0.389583, 0.428753, 0, 0, 7.44796e-14, 0, 0, 0.818336, 4.15363e-05, 0, 6.75077, 0.967808, 0.0358939, 289.785
9097, 0.00168107, 0.358247, 0.448303, 0, 0, 1.11968e-13, 0, 0, 0.806551, 5.96762e-05, 0, 6.38832, 0.967806, 0.035879, 289.017
9098, 0.00201556, 0.345426, 0.454349, 0, 0, 1.37029e-13, 0, 0, 0.799776, 7.14992e-05, 0, 6.20686, 0.967804, 0.0358635, 288.571
9099, 0.00221963, 0.339823, 0.456205, 0, 0, 1.53944e-13, 0, 0, 0.796028, 7.86785e-05, 0, 6.11041, 0.967802, 0.035848, 288.322
9100, 0.00233611, 0.337035, 0.456935, 0, 0, 1.61514e-13, 0, 0, 0.79397, 8.26813e-05, 0, 6.05927, 0.9678, 0.0358324, 288.184
9101, 0.00239255, 0.335562, 0.457317, 0, 0, 1.61359e-13, 0, 0, 0.792879, 8.45809e-05, 0, 6.0354, 0.967798, 0.0358169, 288.109
9102, 0.00243457, 0.334466, 0.457557, 0, 0, 1.62555e-13, 0, 0, 0.792024, 8.60634e-05, 0, 6.01799, 0.967796, 0.0358014, 288.049
9103, 0.00250051, 0.333467, 0.457623, 0, 0, 1.7796e-13, 0, 0, 0.79109, 8.85003e-05, 0, 5.99126, 0.967794, 0.0357859, 287.985
9104, 0.00255391, 0.332762, 0.457626, 0, 0, 1.89345e-13, 0, 0, 0.790388, 9.04493e-05, 0, 5.97013, 0.967792, 0.0357704, 287.936
9105, 0.00256839, 0.332391, 0.457682, 0, 0, 1.84728e-13, 0, 0, 0.790073, 9.08764e-05, 0, 5.96448, 0.96779, 0.0357549, 287.912
9106, 0.00259764, 0.332201, 0.45763, 0, 0, 1.96984e-13, 0, 0, 0.78983, 9.19172e-05, 0, 5.95315, 0.967788, 0.0357394, 287.893
9107, 0.00264754, 0.332085, 0.457462, 0, 0, 2.25351e-13, 0, 0, 0.789547, 9.37365e-05, 0, 5.93413, 0.967786, 0.0357239, 287.871
9108, 0.00265866, 0.332106, 0.457391, 0, 0, 2.27592e-13, 0, 0, 0.789497, 9.39314e-05, 0, 5.92993, 0.967784, 0.0357085, 287.865
9109, 0.00263974, 0.332278, 0.457393, 0, 0, 2.11618e-13, 0, 0, 0.789671, 9.30529e-05, 0, 5.93707, 0.967782, 0.035693, 287.874
9110, 0.00262636, 0.332366, 0.45741, 0, 0, 1.95358e-13, 0, 0, 0.789776, 9.24874e-05, 0, 5.94216, 0.96778, 0.0356775, 287.878
9111, 0.00263908, 0.332244, 0.457388, 0, 0, 1.91445e-13, 0, 0, 0.789633, 9.29105e-05, 0, 5.93732, 0.967778, 0.0356621, 287.865
9112, 0.00269705, 0.332098, 0.457192, 0, 0, 2.25854e-13, 0, 0, 0.78929, 9.52091e-05, 0, 5.9156, 0.967776, 0.0356467, 287.84
9113, 0.00275237, 0.332036, 0.45697, 0, 0, 2.65194e-13, 0, 0, 0.789006, 9.74071e-05, 0, 5.89529, 0.967774, 0.0356312, 287.818
9114, 0.00275811, 0.332017, 0.456912, 0, 0, 2.66459e-13, 0, 0, 0.788929, 9.75462e-05, 0, 5.89321, 0.967772, 0.0356157, 287.81
9115, 0.00273122, 0.332043, 0.456966, 0, 0, 2.4273e-13, 0, 0, 0.789009, 9.63671e-05, 0, 5.90301, 0.96777, 0.0356004, 287.812
9116, 0.00272561, 0.332131, 0.456931, 0, 0, 2.34105e-13, 0, 0, 0.789062, 9.6093e-05, 0, 5.90506, 0.967768, 0.035585, 287.813
9117, 0.00273428, 0.332315, 0.456823, 0, 0, 2.32496e-13, 0, 0, 0.789138, 9.6409e-05, 0, 5.90189, 0.967766, 0.0355697, 287.815
9118, 0.00271697, 0.332676, 0.45678, 0, 0, 2.1489e-13, 0, 0, 0.789456, 9.56483e-05, 0, 5.90824, 0.967764, 0.0355543, 287.833
9119, 0.00267554, 0.333199, 0.456787, 0, 0, 1.91091e-13, 0, 0, 0.789986, 9.39719e-05, 0, 5.9236, 0.967762, 0.035539, 287.865
9120, 0.0026636, 0.333588, 0.456689, 0, 0, 1.92745e-13, 0, 0, 0.790277, 9.35259e-05, 0, 5.92808, 0.96776, 0.0355236, 287.882
9121, 0.00271646, 0.33352, 0.456446, 0, 0, 2.28337e-13, 0, 0, 0.789967, 9.55325e-05, 0, 5.90843, 0.967758, 0.0355082, 287.858
9122, 0.00277528, 0.333177, 0.456261, 0, 0, 2.52789e-13, 0, 0, 0.789438, 9.76267e-05, 0, 5.887, 0.967756, 0.0354929, 287.82
9123, 0.00278904, 0.332966, 0.456225, 0, 0, 2.4148e-13, 0, 0, 0.789191, 9.79222e-05, 0, 5.88206, 0.967754, 0.0354775, 287.801
9124, 0.00278275, 0.332993, 0.456213, 0, 0, 2.27963e-13, 0, 0, 0.789206, 9.75807e-05, 0, 5.88432, 0.967752, 0.0354622, 287.799
9125, 0.00277315, 0.333204, 0.456185, 0, 0, 2.27721e-13, 0, 0, 0.789389, 9.72115e-05, 0, 5.88777, 0.96775, 0.0354469, 287.808
9126, 0.00277732, 0.333528, 0.456095, 0, 0, 2.42617e-13, 0, 0, 0.789623, 9.7405e-05, 0, 5.88627, 0.967748, 0.0354316, 287.821
9127, 0.00277733, 0.333786, 0.456027, 0, 0, 2.49628e-13, 0, 0, 0.789812, 9.74214e-05, 0, 5.88627, 0.967746, 0.0354162, 287.831
9128, 0.00275175, 0.333829, 0.456059, 0, 0, 2.32138e-13, 0, 0, 0.789889, 9.63739e-05, 0, 5.89552, 0.967744, 0.0354009, 287.833
9129, 0.00276177, 0.333748, 0.455965, 0, 0, 2.31724e-13, 0, 0, 0.789713, 9.67152e-05, 0, 5.89188, 0.967742, 0.0353855, 287.818
9130, 0.0028096, 0.333711, 0.455732, 0, 0, 2.51893e-13, 0, 0, 0.789443, 9.85595e-05, 0, 5.87471, 0.96774, 0.0353693, 287.798
9131, 0.00280534, 0.333807, 0.455679, 0, 0, 2.34834e-13, 0, 0, 0.789486, 9.82437e-05, 0, 5.87623, 0.967738, 0.0353509, 287.798
9132, 0.00274465, 0.334055, 0.455803, 0, 0, 1.85059e-13, 0, 0, 0.789858, 9.56219e-05, 0, 5.8981, 0.967736, 0.0353301, 287.819
9133, 0.00267383, 0.33446, 0.455944, 0, 0, 1.41756e-13, 0, 0, 0.790404, 9.26972e-05, 0, 5.92424, 0.967734, 0.0353111, 287.853
9134, 0.00264365, 0.334864, 0.455952, 0, 0, 1.28559e-13, 0, 0, 0.790815, 9.15233e-05, 0, 5.93559, 0.967732, 0.0352984, 287.877
9135, 0.00267658, 0.33501, 0.455764, 0, 0, 1.45063e-13, 0, 0, 0.790775, 9.28446e-05, 0, 5.92322, 0.96773, 0.0352887, 287.872
9136, 0.00273447, 0.334967, 0.455502, 0, 0, 1.70572e-13, 0, 0, 0.790469, 9.50554e-05, 0, 5.90182, 0.967728, 0.0352729, 287.849
9137, 0.00276875, 0.334957, 0.455316, 0, 0, 1.86072e-13, 0, 0, 0.790273, 9.63062e-05, 0, 5.88936, 0.967726, 0.0352468, 287.833
9138, 0.00277376, 0.335017, 0.455222, 0, 0, 1.83946e-13, 0, 0, 0.790239, 9.63673e-05, 0, 5.88755, 0.967724, 0.0352176, 287.828
9139, 0.00277107, 0.335116, 0.455154, 0, 0, 1.71296e-13, 0, 0, 0.79027, 9.60174e-05, 0, 5.88852, 0.967722, 0.0351988, 287.827
9140, 0.00278563, 0.335349, 0.455028, 0, 0, 1.7431e-13, 0, 0, 0.790377, 9.64501e-05, 0, 5.88328, 0.96772, 0.0351928, 287.831
9141, 0.00277875, 0.335783, 0.454961, 0, 0, 1.78505e-13, 0, 0, 0.790743, 9.62861e-05, 0, 5.88575, 0.967718, 0.0351912, 287.853
9142, 0.00275068, 0.336186, 0.454934, 0, 0, 1.76692e-13, 0, 0, 0.79112, 9.53556e-05, 0, 5.89591, 0.967716, 0.0351845, 287.875
9143, 0.00276793, 0.33638, 0.454724, 0, 0, 2.01329e-13, 0, 0, 0.791103, 9.6155e-05, 0, 5.88966, 0.967714, 0.0351719, 287.871
9144, 0.00280367, 0.336537, 0.454461, 0, 0, 2.27723e-13, 0, 0, 0.790998, 9.75756e-05, 0, 5.87682, 0.967712, 0.0351572, 287.861
9145, 0.0027963, 0.336678, 0.454404, 0, 0, 2.11273e-13, 0, 0, 0.791082, 9.70857e-05, 0, 5.87946, 0.96771, 0.035142, 287.864
9146, 0.00279438, 0.336749, 0.454362, 0, 0, 1.93232e-13, 0, 0, 0.791111, 9.67293e-05, 0, 5.88014, 0.967708, 0.0351269, 287.863
9147, 0.00280317, 0.336943, 0.454253, 0, 0, 1.95171e-13, 0, 0, 0.791196, 9.69751e-05, 0, 5.87701, 0.967706, 0.0351117, 287.866
9148, 0.00276663, 0.337395, 0.454258, 0, 0, 1.83674e-13, 0, 0, 0.791653, 9.56325e-05, 0, 5.89013, 0.967704, 0.0350966, 287.893
9149, 0.00272843, 0.337911, 0.454265, 0, 0, 1.78455e-13, 0, 0, 0.792176, 9.42712e-05, 0, 5.90403, 0.967702, 0.0350814, 287.925
9150, 0.00277191, 0.338071, 0.454001, 0, 0, 2.16413e-13, 0, 0, 0.792072, 9.60761e-05, 0, 5.88822, 0.9677, 0.0350661, 287.916
9151, 0.00282575, 0.337962, 0.453688, 0, 0, 2.39779e-13, 0, 0, 0.791651, 9.8073e-05, 0, 5.86898, 0.967698, 0.0350494, 287.885
9152, 0.00280266, 0.338074, 0.453617, 0, 0, 2.07011e-13, 0, 0, 0.791691, 9.68508e-05, 0, 5.87719, 0.967696, 0.0350277, 287.885
9153, 0.0027776, 0.33854, 0.453509, 0, 0, 1.914e-13, 0, 0, 0.792049, 9.57335e-05, 0, 5.88617, 0.967694, 0.0349995, 287.906
9154, 0.00278559, 0.339289, 0.453217, 0, 0, 2.18812e-13, 0, 0, 0.792505, 9.62469e-05, 0, 5.8833, 0.967692, 0.0349769, 287.933
9155, 0.00273782, 0.340344, 0.453029, 0, 0, 2.23729e-13, 0, 0, 0.793373, 9.46799e-05, 0, 5.90059, 0.96769, 0.0349699, 287.988
9156, 0.00260873, 0.341894, 0.45301, 0, 0, 1.82537e-13, 0, 0, 0.794904, 8.98874e-05, 0, 5.94889, 0.967688, 0.034966, 288.087
9157, 0.00251557, 0.34384, 0.452683, 0, 0, 1.61893e-13, 0, 0, 0.796523, 8.66345e-05, 0, 5.98526, 0.967686, 0.0349552, 288.191
9158, 0.00248599, 0.346004, 0.451781, 0, 0, 1.83111e-13, 0, 0, 0.797785, 8.5958e-05, 0, 5.99709, 0.967684, 0.0349421, 288.271
9159, 0.00237826, 0.349599, 0.450306, 0, 0, 1.81704e-13, 0, 0, 0.799906, 8.22534e-05, 0, 6.04138, 0.967682, 0.0349292, 288.409
9160, 0.00210365, 0.35791, 0.446789, 0, 0, 1.45084e-13, 0, 0, 0.804699, 7.25288e-05, 0, 6.16408, 0.96768, 0.0349153, 288.721
9161, 0.0016398, 0.379011, 0.434938, 0, 0, 1.069e-13, 0, 0, 0.813949, 5.6506e-05, 0, 6.41318, 0.967678, 0.0349005, 289.324
9162, 0.00101247, 0.428313, 0.400395, 0, 0, 6.67436e-14, 0, 0, 0.828708, 3.49573e-05, 0, 6.89537, 0.967676, 0.0348855, 290.278
9163, 0.000444526, 0.503738, 0.341249, 0, 0, 2.86093e-14, 0, 0, 0.844987, 1.53597e-05, 0, 7.7185, 0.967674, 0.0348705, 291.318
9164, 0.000209534, 0.545514, 0.307191, 0, 0, 1.08504e-14, 0, 0, 0.852705, 7.2013e-06, 0, 8.47062, 0.967672, 0.0348555, 291.806
9165, 0.000396789, 0.505137, 0.340716, 0, 0, 1.71967e-14, 0, 0, 0.845853, 1.35809e-05, 0, 7.83211, 0.96767, 0.0348405, 291.369
9166, 0.000921406, 0.43124, 0.399047, 0, 0, 4.37722e-14, 0, 0, 0.830288, 3.15682e-05, 0, 6.98961, 0.967668, 0.0348255, 290.37
9167, 0.00154894, 0.382143, 0.433591, 0, 0, 9.00986e-14, 0, 0, 0.815734, 5.31869e-05, 0, 6.47018, 0.967666, 0.0348105, 289.425
9168, 0.00206012, 0.360984, 0.445383, 0, 0, 1.53335e-13, 0, 0, 0.806367, 7.10147e-05, 0, 6.18499, 0.967664, 0.0347956, 288.809
9169, 0.00238652, 0.3524, 0.448712, 0, 0, 1.99032e-13, 0, 0, 0.801112, 8.23874e-05, 0, 6.03792, 0.967662, 0.0347806, 288.461
9170, 0.00256885, 0.347823, 0.4501, 0, 0, 1.99086e-13, 0, 0, 0.797923, 8.83658e-05, 0, 5.9643, 0.96766, 0.0347656, 288.248
9171, 0.00268819, 0.345075, 0.45085, 0, 0, 1.92135e-13, 0, 0, 0.795925, 9.2168e-05, 0, 5.91889, 0.967658, 0.0347507, 288.113
9172, 0.0027466, 0.343917, 0.451259, 0, 0, 1.98158e-13, 0, 0, 0.795176, 9.41713e-05, 0, 5.89739, 0.967656, 0.0347357, 288.061
9173, 0.00268523, 0.343984, 0.451774, 0, 0, 1.79903e-13, 0, 0, 0.795757, 9.19437e-05, 0, 5.91999, 0.967654, 0.0347208, 288.097
9174, 0.00260914, 0.344102, 0.452208, 0, 0, 1.47082e-13, 0, 0, 0.796311, 8.89916e-05, 0, 5.94874, 0.967652, 0.0347058, 288.131
9175, 0.00268314, 0.343272, 0.452069, 0, 0, 1.53427e-13, 0, 0, 0.795342, 9.148e-05, 0, 5.92077, 0.96765, 0.0346909, 288.064
9176, 0.00280595, 0.342178, 0.451738, 0, 0, 1.76499e-13, 0, 0, 0.793916, 9.57924e-05, 0, 5.87601, 0.967648, 0.0346756, 287.967
9177, 0.00285303, 0.341583, 0.451635, 0, 0, 1.76696e-13, 0, 0, 0.793218, 9.72215e-05, 0, 5.85937, 0.967646, 0.0346586, 287.918
9178, 0.00290479, 0.341288, 0.451477, 0, 0, 1.89087e-13, 0, 0, 0.792765, 9.89278e-05, 0, 5.8414, 0.967644, 0.0346367, 287.885
9179, 0.00295873, 0.34116, 0.451272, 0, 0, 2.07659e-13, 0, 0, 0.792432, 0.0001009, 0, 5.82299, 0.967642, 0.0346108, 287.86
9180, 0.0029369, 0.34143, 0.451287, 0, 0, 1.96107e-13, 0, 0, 0.792718, 0.000100128, 0, 5.8304, 0.96764, 0.0345893, 287.876
9181, 0.00284224, 0.342364, 0.451524, 0, 0, 1.7003e-13, 0, 0, 0.793889, 9.67334e-05, 0, 5.86316, 0.967638, 0.0345771, 287.951
9182, 0.00273406, 0.343569, 0.451799, 0, 0, 1.49413e-13, 0, 0, 0.795368, 9.2943e-05, 0, 5.90197, 0.967636, 0.0345718, 288.047
9183, 0.00272825, 0.343809, 0.451737, 0, 0, 1.46941e-13, 0, 0, 0.795546, 9.28317e-05, 0, 5.90409, 0.967634, 0.0345656, 288.056
9184, 0.00283555, 0.34295, 0.451328, 0, 0, 1.62387e-13, 0, 0, 0.794279, 9.65351e-05, 0, 5.86552, 0.967632, 0.0345548, 287.969
9185, 0.00294573, 0.342109, 0.450931, 0, 0, 1.80041e-13, 0, 0, 0.793039, 0.000100177, 0, 5.8274, 0.96763, 0.034541, 287.884
9186, 0.00298492, 0.341874, 0.450738, 0, 0, 1.85345e-13, 0, 0, 0.792613, 0.000101358, 0, 5.81418, 0.967628, 0.0345258, 287.853
9187, 0.00296198, 0.342126, 0.450696, 0, 0, 1.75404e-13, 0, 0, 0.792821, 0.000100404, 0, 5.8219, 0.967626, 0.034511, 287.865
9188, 0.00294057, 0.342688, 0.450547, 0, 0, 1.7492e-13, 0, 0, 0.793235, 9.96607e-05, 0, 5.82915, 0.967624, 0.0344969, 287.889
9189, 0.0028909, 0.344256, 0.450138, 0, 0, 1.90136e-13, 0, 0, 0.794394, 9.82292e-05, 0, 5.84619, 0.967622, 0.0344826, 287.964
9190, 0.00266169, 0.348271, 0.449563, 0, 0, 1.75155e-13, 0, 0, 0.797834, 9.04811e-05, 0, 5.9288, 0.96762, 0.034468, 288.189
9191, 0.00233618, 0.353253, 0.449052, 0, 0, 1.29297e-13, 0, 0, 0.802304, 7.91324e-05, 0, 6.05924, 0.967618, 0.0344532, 288.482
9192, 0.00230846, 0.353732, 0.449013, 0, 0, 1.1612e-13, 0, 0, 0.802745, 7.80983e-05, 0, 6.07117, 0.967616, 0.0344385, 288.508
9193, 0.00257825, 0.349462, 0.449468, 0, 0, 1.31721e-13, 0, 0, 0.79893, 8.72743e-05, 0, 5.96065, 0.967614, 0.0344237, 288.254
9194, 0.00278042, 0.345685, 0.449944, 0, 0, 1.28817e-13, 0, 0, 0.79563, 9.38439e-05, 0, 5.88515, 0.967612, 0.0344089, 288.033
9195, 0.00284719, 0.344059, 0.450155, 0, 0, 1.1268e-13, 0, 0, 0.794214, 9.56605e-05, 0, 5.86142, 0.96761, 0.0343942, 287.936
9196, 0.00290186, 0.343549, 0.450061, 0, 0, 1.18397e-13, 0, 0, 0.79361, 9.74177e-05, 0, 5.8424, 0.967608, 0.0343794, 287.893
9197, 0.00294325, 0.343565, 0.449925, 0, 0, 1.39353e-13, 0, 0, 0.79349, 9.9024e-05, 0, 5.82824, 0.967606, 0.0343647, 287.883
9198, 0.00291028, 0.34409, 0.449978, 0, 0, 1.4233e-13, 0, 0, 0.794068, 9.79554e-05, 0, 5.83951, 0.967604, 0.0343499, 287.918
9199, 0.00282279, 0.34531, 0.450132, 0, 0, 1.37333e-13, 0, 0, 0.795442, 9.51052e-05, 0, 5.87003, 0.967602, 0.0343352, 288.007
9200, 0.00269483, 0.347008, 0.450396, 0, 0, 1.32407e-13, 0, 0, 0.797405, 9.09689e-05, 0, 5.91642, 0.9676, 0.0343204, 288.135
9201, 0.00265005, 0.347569, 0.450444, 0, 0, 1.35861e-13, 0, 0, 0.798013, 8.94047e-05, 0, 5.93318, 0.967598, 0.0343057, 288.172
9202, 0.00283101, 0.34626, 0.449812, 0, 0, 1.86625e-13, 0, 0, 0.796072, 9.56774e-05, 0, 5.86712, 0.967596, 0.034291, 288.041
9203, 0.00304607, 0.344907, 0.449081, 0, 0, 2.46278e-13, 0, 0, 0.793988, 0.00010326, 0, 5.7939, 0.967594, 0.0342763, 287.9
9204, 0.00309237, 0.344586, 0.448868, 0, 0, 2.41649e-13, 0, 0, 0.793454, 0.000104649, 0, 5.77882, 0.967592, 0.0342616, 287.862
9205, 0.00306486, 0.344747, 0.448865, 0, 0, 2.13621e-13, 0, 0, 0.793612, 0.000103385, 0, 5.78775, 0.96759, 0.0342469, 287.87
9206, 0.00307931, 0.344952, 0.448686, 0, 0, 2.14952e-13, 0, 0, 0.793638, 0.000103893, 0, 5.78305, 0.967588, 0.0342322, 287.869
9207, 0.00304153, 0.345551, 0.448589, 0, 0, 1.98619e-13, 0, 0, 0.79414, 0.000102489, 0, 5.7954, 0.967586, 0.0342176, 287.9
9208, 0.00286365, 0.347337, 0.448769, 0, 0, 1.49217e-13, 0, 0, 0.796106, 9.61115e-05, 0, 5.85566, 0.967584, 0.0342029, 288.028
9209, 0.00257848, 0.35083, 0.448967, 0, 0, 1.08766e-13, 0, 0, 0.799797, 8.63335e-05, 0, 5.96055, 0.967582, 0.0341883, 288.27
9210, 0.00230461, 0.355589, 0.448337, 0, 0, 9.4503e-14, 0, 0, 0.803925, 7.72085e-05, 0, 6.07284, 0.96758, 0.0341736, 288.54
9211, 0.00207812, 0.36266, 0.445475, 0, 0, 9.40303e-14, 0, 0, 0.808136, 6.97738e-05, 0, 6.17629, 0.967578, 0.0341589, 288.815
9212, 0.00178427, 0.373023, 0.440743, 0, 0, 9.13796e-14, 0, 0, 0.813766, 6.00536e-05, 0, 6.32875, 0.967576, 0.0341441, 289.182
9213, 0.00170749, 0.377464, 0.438437, 0, 0, 1.13531e-13, 0, 0, 0.815901, 5.77551e-05, 0, 6.37273, 0.967574, 0.0341281, 289.32
9214, 0.00210462, 0.369029, 0.441083, 0, 0, 1.62105e-13, 0, 0, 0.810113, 7.1275e-05, 0, 6.16362, 0.967572, 0.0341075, 288.938
9215, 0.00258239, 0.357722, 0.444802, 0, 0, 1.8537e-13, 0, 0, 0.802523, 8.70567e-05, 0, 5.95904, 0.96757, 0.0340817, 288.435
9216, 0.0028443, 0.351763, 0.446615, 0, 0, 1.88755e-13, 0, 0, 0.798378, 9.55567e-05, 0, 5.86244, 0.967568, 0.0340602, 288.158
9217, 0.0029342, 0.349937, 0.447184, 0, 0, 2.0281e-13, 0, 0, 0.797121, 9.86588e-05, 0, 5.83132, 0.967566, 0.0340452, 288.072
9218, 0.00280787, 0.350679, 0.447782, 0, 0, 1.8756e-13, 0, 0, 0.79846, 9.43748e-05, 0, 5.87533, 0.967564, 0.0340307, 288.158
9219, 0.00252063, 0.352903, 0.448649, 0, 0, 1.30425e-13, 0, 0, 0.801552, 8.43334e-05, 0, 5.98325, 0.967562, 0.0340228, 288.361
9220, 0.00244539, 0.353489, 0.448854, 0, 0, 1.00553e-13, 0, 0, 0.802343, 8.15499e-05, 0, 6.01355, 0.96756, 0.0340195, 288.411
9221, 0.00269957, 0.35128, 0.44813, 0, 0, 1.22604e-13, 0, 0, 0.79941, 9.00462e-05, 0, 5.91466, 0.967558, 0.0340112, 288.214
9222, 0.0029821, 0.348951, 0.447299, 0, 0, 1.62935e-13, 0, 0, 0.796249, 9.95768e-05, 0, 5.81513, 0.967556, 0.0339981, 288.002
9223, 0.00313501, 0.348132, 0.446726, 0, 0, 2.0366e-13, 0, 0, 0.794858, 0.000104916, 0, 5.76512, 0.967554, 0.0339837, 287.906
9224, 0.0031915, 0.348148, 0.446406, 0, 0, 2.27906e-13, 0, 0, 0.794554, 0.000106953, 0, 5.74726, 0.967552, 0.0339692, 287.884
9225, 0.00318832, 0.34823, 0.446353, 0, 0, 2.20677e-13, 0, 0, 0.794583, 0.000106679, 0, 5.74826, 0.96755, 0.0339547, 287.883
9226, 0.0031497, 0.348516, 0.446431, 0, 0, 2.03949e-13, 0, 0, 0.794947, 0.000105216, 0, 5.76045, 0.967548, 0.0339401, 287.905
9227, 0.00307382, 0.349461, 0.446548, 0, 0, 2.0023e-13, 0, 0, 0.796009, 0.000102761, 0, 5.78483, 0.967546, 0.0339256, 287.973
9228, 0.00286807, 0.351666, 0.446937, 0, 0, 1.87435e-13, 0, 0, 0.798603, 9.60335e-05, 0, 5.85412, 0.967544, 0.0339111, 288.143
9229, 0.00256956, 0.354496, 0.447555, 0, 0, 1.51264e-13, 0, 0, 0.80205, 8.59828e-05, 0, 5.96402, 0.967542, 0.0338966, 288.369
9230, 0.00254786, 0.354965, 0.447484, 0, 0, 1.48444e-13, 0, 0, 0.802449, 8.5231e-05, 0, 5.9725, 0.96754, 0.0338821, 288.393
9231, 0.00284039, 0.352576, 0.446662, 0, 0, 1.77176e-13, 0, 0, 0.799238, 9.49309e-05, 0, 5.86382, 0.967538, 0.0338675, 288.177
9232, 0.00307924, 0.350308, 0.446033, 0, 0, 1.91281e-13, 0, 0, 0.796342, 0.000102593, 0, 5.78307, 0.967536, 0.033853, 287.983
9233, 0.00320802, 0.349273, 0.44565, 0, 0, 2.18473e-13, 0, 0, 0.794922, 0.00010691, 0, 5.7421, 0.967534, 0.0338385, 287.885
9234, 0.00329813, 0.348925, 0.445308, 0, 0, 2.56264e-13, 0, 0, 0.794233, 0.000110148, 0, 5.7144, 0.967532, 0.033824, 287.837
9235, 0.00332457, 0.348966, 0.445123, 0, 0, 2.61063e-13, 0, 0, 0.794088, 0.000110959, 0, 5.70642, 0.96753, 0.0338095, 287.825
9236, 0.00329818, 0.349377, 0.445067, 0, 0, 2.48438e-13, 0, 0, 0.794444, 0.000109985, 0, 5.71439, 0.967528, 0.033795, 287.846
9237, 0.00320865, 0.35054, 0.445132, 0, 0, 2.37614e-13, 0, 0, 0.795672, 0.000107099, 0, 5.74191, 0.967526, 0.0337805, 287.925
9238, 0.00295439, 0.353141, 0.445573, 0, 0, 2.00022e-13, 0, 0, 0.798714, 9.8531e-05, 0, 5.82446, 0.967524, 0.033766, 288.125
9239, 0.00256684, 0.356636, 0.446356, 0, 0, 1.39363e-13, 0, 0, 0.802993, 8.52853e-05, 0, 5.96508, 0.967522, 0.0337515, 288.407
9240, 0.00244775, 0.357898, 0.446505, 0, 0, 1.28019e-13, 0, 0, 0.804403, 8.13305e-05, 0, 6.01259, 0.96752, 0.033737, 288.498
9241, 0.00276765, 0.35552, 0.445604, 0, 0, 1.75043e-13, 0, 0, 0.801123, 9.21966e-05, 0, 5.88976, 0.967518, 0.0337224, 288.278
9242, 0.00308916, 0.352744, 0.444744, 0, 0, 1.9972e-13, 0, 0, 0.797488, 0.000102655, 0, 5.77986, 0.967516, 0.0337079, 288.034
9243, 0.00317208, 0.351775, 0.444449, 0, 0, 1.81659e-13, 0, 0, 0.796224, 0.000104935, 0, 5.75337, 0.967514, 0.0336933, 287.947
9244, 0.0031686, 0.35208, 0.444207, 0, 0, 1.75492e-13, 0, 0, 0.796286, 0.000104686, 0, 5.75447, 0.967512, 0.0336787, 287.949
9245, 0.00312858, 0.353523, 0.443697, 0, 0, 1.85577e-13, 0, 0, 0.79722, 0.000103458, 0, 5.76718, 0.96751, 0.0336641, 288.009
9246, 0.00292023, 0.357073, 0.442977, 0, 0, 1.64309e-13, 0, 0, 0.800051, 9.64386e-05, 0, 5.83609, 0.967508, 0.0336494, 288.194
9247, 0.00252275, 0.362253, 0.442366, 0, 0, 1.11215e-13, 0, 0, 0.804619, 8.28413e-05, 0, 5.98241, 0.967506, 0.0336346, 288.495
9248, 0.00212989, 0.365521, 0.442788, 0, 0, 5.87696e-14, 0, 0, 0.808309, 6.91351e-05, 0, 6.15169, 0.967504, 0.0336198, 288.736
9249, 0.00192278, 0.365748, 0.444243, 0, 0, 3.43693e-14, 0, 0, 0.809991, 6.20413e-05, 0, 6.25398, 0.967502, 0.0336048, 288.845
9250, 0.00200996, 0.364354, 0.445129, 0, 0, 5.70147e-14, 0, 0, 0.809484, 6.55679e-05, 0, 6.20964, 0.9675, 0.0335897, 288.809
9251, 0.00247557, 0.360569, 0.444546, 0, 0, 1.25089e-13, 0, 0, 0.805115, 8.17416e-05, 0, 6.00128, 0.967498, 0.0335743, 288.518
9252, 0.00299206, 0.356295, 0.443467, 0, 0, 1.90254e-13, 0, 0, 0.799763, 9.9059e-05, 0, 5.81179, 0.967496, 0.0335585, 288.161
9253, 0.00324212, 0.354178, 0.442858, 0, 0, 2.14837e-13, 0, 0, 0.797035, 0.000107163, 0, 5.73153, 0.967494, 0.033542, 287.977
9254, 0.00331692, 0.353618, 0.442648, 0, 0, 2.1972e-13, 0, 0, 0.796265, 0.000109546, 0, 5.70872, 0.967492, 0.0335243, 287.923
9255, 0.00333216, 0.353478, 0.442636, 0, 0, 2.16862e-13, 0, 0, 0.796114, 0.000109931, 0, 5.70414, 0.96749, 0.0335045, 287.911
9256, 0.00331103, 0.353462, 0.442686, 0, 0, 2.0418e-13, 0, 0, 0.796148, 0.000108958, 0, 5.7105, 0.967488, 0.0334794, 287.91
9257, 0.00328046, 0.353752, 0.442652, 0, 0, 2.02056e-13, 0, 0, 0.796404, 0.000107834, 0, 5.71977, 0.967486, 0.0334355, 287.925
9258, 0.00320922, 0.355107, 0.442589, 0, 0, 2.14136e-13, 0, 0, 0.797696, 0.00010561, 0, 5.74173, 0.967484, 0.0333144, 288.009
9259, 0.00290164, 0.358542, 0.442992, 0, 0, 1.83664e-13, 0, 0, 0.801535, 9.51078e-05, 0, 5.84248, 0.967482, 0.0330079, 288.262
9260, 0.00244395, 0.362762, 0.44375, 0, 0, 1.20831e-13, 0, 0, 0.806513, 7.92787e-05, 0, 6.01414, 0.96748, 0.0326303, 288.589
9261, 0.00237979, 0.363385, 0.443744, 0, 0, 1.04235e-13, 0, 0, 0.807128, 7.6989e-05, 0, 6.04074, 0.967478, 0.0326298, 288.628
9262, 0.00279241, 0.360049, 0.442759, 0, 0, 1.51605e-13, 0, 0, 0.802808, 9.10197e-05, 0, 5.88085, 0.967476, 0.0329805, 288.339
9263, 0.00319231, 0.356846, 0.441816, 0, 0, 2.14267e-13, 0, 0, 0.798662, 0.000104632, 0, 5.74701, 0.967474, 0.0332365, 288.061
9264, 0.0034113, 0.355242, 0.441297, 0, 0, 2.79241e-13, 0, 0, 0.796539, 0.000112333, 0, 5.68066, 0.967472, 0.0333194, 287.917
9265, 0.00352855, 0.354643, 0.441005, 0, 0, 3.35188e-13, 0, 0, 0.795649, 0.000116596, 0, 5.64687, 0.96747, 0.0333288, 287.855
9266, 0.00354483, 0.354678, 0.440913, 0, 0, 3.35728e-13, 0, 0, 0.79559, 0.000117069, 0, 5.64226, 0.967468, 0.0333193, 287.849
9267, 0.00347459, 0.355113, 0.440993, 0, 0, 2.83016e-13, 0, 0, 0.796106, 0.000114389, 0, 5.66228, 0.967466, 0.0333179, 287.881
9268, 0.00338096, 0.355835, 0.441082, 0, 0, 2.29758e-13, 0, 0, 0.796917, 0.000111014, 0, 5.6896, 0.967464, 0.0333202, 287.933
9269, 0.00322722, 0.357493, 0.441213, 0, 0, 1.98853e-13, 0, 0, 0.798706, 0.000105902, 0, 5.73613, 0.967462, 0.0333146, 288.05
9270, 0.0028622, 0.361172, 0.441727, 0, 0, 1.60531e-13, 0, 0, 0.802898, 9.395e-05, 0, 5.85616, 0.96746, 0.0333032, 288.326
9271, 0.00242543, 0.365333, 0.442427, 0, 0, 1.18851e-13, 0, 0, 0.80776, 7.96843e-05, 0, 6.02175, 0.967458, 0.0332903, 288.646
9272, 0.00243427, 0.36553, 0.442307, 0, 0, 1.28095e-13, 0, 0, 0.807837, 8.01131e-05, 0, 6.01811, 0.967456, 0.0332769, 288.649
9273, 0.00288686, 0.36173, 0.44136, 0, 0, 1.82631e-13, 0, 0, 0.80309, 9.50205e-05, 0, 5.84759, 0.967454, 0.0332634, 288.332
9274, 0.00327105, 0.358372, 0.440557, 0, 0, 2.35334e-13, 0, 0, 0.798929, 0.000107488, 0, 5.72264, 0.967452, 0.0332497, 288.053
9275, 0.00346878, 0.356925, 0.440052, 0, 0, 2.81924e-13, 0, 0, 0.796977, 0.000113956, 0, 5.66395, 0.96745, 0.033236, 287.92
9276, 0.00354842, 0.356516, 0.439759, 0, 0, 2.91724e-13, 0, 0, 0.796275, 0.000116416, 0, 5.64125, 0.967448, 0.0332222, 287.871
9277, 0.00353586, 0.356581, 0.439681, 0, 0, 2.57044e-13, 0, 0, 0.796262, 0.000115562, 0, 5.6448, 0.967446, 0.0332083, 287.868
9278, 0.00348762, 0.356997, 0.43967, 0, 0, 2.23641e-13, 0, 0, 0.796667, 0.000113701, 0, 5.65854, 0.967444, 0.0331944, 287.892
9279, 0.00340615, 0.358016, 0.439686, 0, 0, 2.09498e-13, 0, 0, 0.797702, 0.000111041, 0, 5.68217, 0.967442, 0.0331805, 287.959
9280, 0.00317419, 0.360465, 0.439935, 0, 0, 1.88541e-13, 0, 0, 0.8004, 0.000103559, 0, 5.7527, 0.96744, 0.0331665, 288.137
9281, 0.00269359, 0.364974, 0.440598, 0, 0, 1.36581e-13, 0, 0, 0.805572, 8.78575e-05, 0, 5.91688, 0.967438, 0.0331526, 288.478
9282, 0.0023128, 0.368748, 0.441054, 0, 0, 9.84784e-14, 0, 0, 0.809802, 7.54977e-05, 0, 6.0693, 0.967436, 0.0331386, 288.756
9283, 0.0025122, 0.367565, 0.440477, 0, 0, 1.28784e-13, 0, 0, 0.808042, 8.2178e-05, 0, 5.98659, 0.967434, 0.0331246, 288.637
9284, 0.00301424, 0.363636, 0.439344, 0, 0, 1.96022e-13, 0, 0, 0.80298, 9.85598e-05, 0, 5.80441, 0.967432, 0.0331106, 288.299
9285, 0.00329052, 0.361681, 0.438493, 0, 0, 2.29484e-13, 0, 0, 0.800174, 0.000107345, 0, 5.71671, 0.96743, 0.0330966, 288.11
9286, 0.00333719, 0.361724, 0.438044, 0, 0, 2.27853e-13, 0, 0, 0.799768, 0.000108666, 0, 5.70263, 0.967428, 0.0330826, 288.081
9287, 0.00336983, 0.361453, 0.437918, 0, 0, 2.29515e-13, 0, 0, 0.799371, 0.000109621, 0, 5.69289, 0.967426, 0.0330686, 288.052
9288, 0.00344775, 0.360692, 0.437866, 0, 0, 2.59722e-13, 0, 0, 0.798558, 0.000112227, 0, 5.67003, 0.967424, 0.0330546, 287.995
9289, 0.00351155, 0.360838, 0.437542, 0, 0, 3.12015e-13, 0, 0, 0.79838, 0.000114757, 0, 5.6517, 0.967422, 0.0330406, 287.981
9290, 0.00340579, 0.3633, 0.436841, 0, 0, 3.1424e-13, 0, 0, 0.800141, 0.00011152, 0, 5.68228, 0.96742, 0.0330266, 288.096
9291, 0.00299111, 0.369921, 0.435389, 0, 0, 2.47757e-13, 0, 0, 0.80531, 9.7805e-05, 0, 5.81211, 0.967418, 0.0330127, 288.438
9292, 0.00233613, 0.379311, 0.433783, 0, 0, 1.55318e-13, 0, 0, 0.813094, 7.62453e-05, 0, 6.05926, 0.967416, 0.0329987, 288.951
9293, 0.00183877, 0.384101, 0.434215, 0, 0, 8.53454e-14, 0, 0, 0.818316, 5.98907e-05, 0, 6.29866, 0.967414, 0.0329847, 289.293
9294, 0.00189676, 0.380496, 0.436269, 0, 0, 7.56378e-14, 0, 0, 0.816765, 6.16168e-05, 0, 6.26761, 0.967412, 0.0329707, 289.189
9295, 0.00248574, 0.372669, 0.437262, 0, 0, 1.32347e-13, 0, 0, 0.809931, 8.07577e-05, 0, 5.99718, 0.96741, 0.0329568, 288.735
9296, 0.00309795, 0.366524, 0.436987, 0, 0, 2.08954e-13, 0, 0, 0.80351, 0.00010074, 0, 5.77701, 0.967408, 0.0329428, 288.307
9297, 0.00337787, 0.364183, 0.436555, 0, 0, 2.52844e-13, 0, 0, 0.800737, 0.000109756, 0, 5.69051, 0.967406, 0.0329289, 288.12
9298, 0.00341684, 0.364297, 0.436236, 0, 0, 2.66909e-13, 0, 0, 0.800533, 0.000110986, 0, 5.67904, 0.967404, 0.0329149, 288.104
9299, 0.00335856, 0.365187, 0.436004, 0, 0, 2.47059e-13, 0, 0, 0.801191, 0.000108893, 0, 5.69624, 0.967402, 0.0329009, 288.146
9300, 0.00325629, 0.366064, 0.435849, 0, 0, 2.03056e-13, 0, 0, 0.801912, 0.000105007, 0, 5.72717, 0.9674, 0.032887, 288.191
9301, 0.00303991, 0.367504, 0.435763, 0, 0, 1.49578e-13, 0, 0, 0.803267, 9.70757e-05, 0, 5.79593, 0.967398, 0.0328731, 288.279
9302, 0.00264797, 0.370881, 0.435416, 0, 0, 8.19781e-14, 0, 0, 0.806298, 8.3242e-05, 0, 5.93396, 0.967396, 0.0328591, 288.479
9303, 0.00222643, 0.378267, 0.433236, 0, 0, 3.9526e-14, 0, 0, 0.811503, 6.94315e-05, 0, 6.10736, 0.967394, 0.0328452, 288.822
9304, 0.0017445, 0.394815, 0.425396, 0, 0, 2.95936e-14, 0, 0, 0.820211, 5.48387e-05, 0, 6.35129, 0.967392, 0.0328313, 289.394
9305, 0.00107711, 0.431301, 0.40207, 0, 0, 2.09354e-14, 0, 0, 0.833371, 3.42061e-05, 0, 6.83348, 0.96739, 0.0328174, 290.252
9306, 0.000479916, 0.49313, 0.354758, 0, 0, 1.01212e-14, 0, 0, 0.847888, 1.53369e-05, 0, 7.6419, 0.967388, 0.0328034, 291.189
9307, 0.000231799, 0.543575, 0.313029, 0, 0, 7.62321e-15, 0, 0, 0.856605, 7.44558e-06, 0, 8.36964, 0.967386, 0.0327896, 291.747
9308, 0.000400608, 0.526851, 0.326244, 0, 0, 1.99728e-14, 0, 0, 0.853095, 1.2897e-05, 0, 7.82253, 0.967384, 0.0327757, 291.52
9309, 0.00095113, 0.464281, 0.375764, 0, 0, 5.31031e-14, 0, 0, 0.840044, 3.06444e-05, 0, 6.95786, 0.967382, 0.0327618, 290.677
9310, 0.0017145, 0.413876, 0.411901, 0, 0, 1.08243e-13, 0, 0, 0.825777, 5.53454e-05, 0, 6.36863, 0.96738, 0.0327479, 289.746
9311, 0.00243538, 0.388402, 0.426518, 0, 0, 1.68806e-13, 0, 0, 0.814919, 7.86554e-05, 0, 6.01765, 0.967378, 0.032734, 289.03
9312, 0.00293581, 0.376872, 0.431316, 0, 0, 2.09766e-13, 0, 0, 0.808187, 9.45533e-05, 0, 5.83077, 0.967376, 0.0327202, 288.582
9313, 0.00321062, 0.371698, 0.43295, 0, 0, 2.26133e-13, 0, 0, 0.804647, 0.000103042, 0, 5.74129, 0.967374, 0.0327063, 288.345
9314, 0.00331593, 0.369877, 0.43353, 0, 0, 2.38433e-13, 0, 0, 0.803407, 0.000106587, 0, 5.70902, 0.967372, 0.0326924, 288.26
9315, 0.00317866, 0.370969, 0.433865, 0, 0, 2.24591e-13, 0, 0, 0.804834, 0.000102522, 0, 5.7513, 0.96737, 0.0326786, 288.353
9316, 0.00270452, 0.375193, 0.434324, 0, 0, 1.57369e-13, 0, 0, 0.809517, 8.71254e-05, 0, 5.91283, 0.967368, 0.0326647, 288.662
9317, 0.00224647, 0.379366, 0.434658, 0, 0, 9.51743e-14, 0, 0, 0.814024, 7.2039e-05, 0, 6.0984, 0.967366, 0.0326504, 288.958
9318, 0.00237079, 0.378379, 0.434416, 0, 0, 9.9452e-14, 0, 0, 0.812794, 7.578e-05, 0, 6.04453, 0.967364, 0.0326334, 288.874
9319, 0.00287841, 0.374443, 0.433537, 0, 0, 1.58417e-13, 0, 0, 0.80798, 9.1964e-05, 0, 5.85052, 0.967362, 0.0326083, 288.553
9320, 0.00312187, 0.374725, 0.431692, 0, 0, 2.1972e-13, 0, 0, 0.806417, 0.000100013, 0, 5.76932, 0.96736, 0.0325788, 288.447
9321, 0.00282345, 0.384011, 0.427209, 0, 0, 2.23854e-13, 0, 0, 0.811221, 9.07952e-05, 0, 5.86979, 0.967358, 0.0325625, 288.764
9322, 0.00215703, 0.400625, 0.419811, 0, 0, 1.64095e-13, 0, 0, 0.820436, 6.9421e-05, 0, 6.13902, 0.967356, 0.0325595, 289.37
9323, 0.00181997, 0.408603, 0.416289, 0, 0, 1.1737e-13, 0, 0, 0.824893, 5.82635e-05, 0, 6.30894, 0.967354, 0.0325487, 289.661
9324, 0.00224963, 0.39745, 0.421304, 0, 0, 1.3339e-13, 0, 0, 0.818754, 7.15431e-05, 0, 6.09699, 0.967352, 0.0325239, 289.255
9325, 0.00292784, 0.381378, 0.42812, 0, 0, 1.78843e-13, 0, 0, 0.809497, 9.30428e-05, 0, 5.83349, 0.96735, 0.0325055, 288.641
9326, 0.0033184, 0.373017, 0.431467, 0, 0, 2.15081e-13, 0, 0, 0.804483, 0.000105709, 0, 5.70827, 0.967348, 0.0325051, 288.305
9327, 0.00334726, 0.371336, 0.432639, 0, 0, 2.23509e-13, 0, 0, 0.803974, 0.000106874, 0, 5.69961, 0.967346, 0.0325062, 288.269
9328, 0.0030083, 0.373413, 0.433632, 0, 0, 1.83735e-13, 0, 0, 0.807045, 9.6109e-05, 0, 5.80638, 0.967344, 0.0324981, 288.472
9329, 0.00257114, 0.376416, 0.434583, 0, 0, 1.24253e-13, 0, 0, 0.810999, 8.20757e-05, 0, 5.96341, 0.967342, 0.0324853, 288.732
9330, 0.00262357, 0.376011, 0.434502, 0, 0, 1.18595e-13, 0, 0, 0.810513, 8.37581e-05, 0, 5.94322, 0.96734, 0.0324717, 288.698
9331, 0.00310459, 0.372263, 0.433611, 0, 0, 1.52844e-13, 0, 0, 0.805874, 9.85644e-05, 0, 5.77487, 0.967338, 0.032458, 288.387
9332, 0.00345929, 0.369127, 0.433016, 0, 0, 1.6713e-13, 0, 0, 0.802143, 0.000108619, 0, 5.66669, 0.967336, 0.0324443, 288.136
9333, 0.00361593, 0.367755, 0.432745, 0, 0, 1.81596e-13, 0, 0, 0.8005, 0.000112941, 0, 5.62241, 0.967334, 0.0324306, 288.024
9334, 0.00374848, 0.367242, 0.432401, 0, 0, 2.33257e-13, 0, 0, 0.799643, 0.000117718, 0, 5.58641, 0.967332, 0.0324169, 287.965
9335, 0.00383453, 0.367093, 0.432116, 0, 0, 2.76391e-13, 0, 0, 0.799209, 0.000121311, 0, 5.56371, 0.96733, 0.0324032, 287.933
9336, 0.00383253, 0.367163, 0.432035, 0, 0, 2.75932e-13, 0, 0, 0.799198, 0.000121645, 0, 5.56423, 0.967328, 0.0323895, 287.93
9337, 0.00379664, 0.367402, 0.432006, 0, 0, 2.5962e-13, 0, 0, 0.799408, 0.000120405, 0, 5.57364, 0.967326, 0.0323758, 287.942
9338, 0.00371101, 0.367937, 0.432061, 0, 0, 2.16677e-13, 0, 0, 0.799998, 0.000116983, 0, 5.59645, 0.967324, 0.0323621, 287.98
9339, 0.00353029, 0.369186, 0.432292, 0, 0, 1.54151e-13, 0, 0, 0.801478, 0.000110415, 0, 5.64637, 0.967322, 0.0323485, 288.077
9340, 0.00317906, 0.371876, 0.432847, 0, 0, 1.03006e-13, 0, 0, 0.804724, 9.90067e-05, 0, 5.75117, 0.96732, 0.0323348, 288.291
9341, 0.00273423, 0.375485, 0.433601, 0, 0, 7.40796e-14, 0, 0, 0.809086, 8.53301e-05, 0, 5.90191, 0.967318, 0.0323211, 288.58
9342, 0.00265421, 0.376717, 0.433606, 0, 0, 8.88667e-14, 0, 0, 0.810323, 8.34524e-05, 0, 5.93161, 0.967316, 0.0323075, 288.66
9343, 0.00306896, 0.374192, 0.432611, 0, 0, 1.36732e-13, 0, 0, 0.806802, 9.69678e-05, 0, 5.78642, 0.967314, 0.0322938, 288.424
9344, 0.00345953, 0.37119, 0.431731, 0, 0, 1.6393e-13, 0, 0, 0.80292, 0.000109336, 0, 5.66662, 0.967312, 0.0322802, 288.162
9345, 0.00359321, 0.369796, 0.431405, 0, 0, 1.56508e-13, 0, 0, 0.8012, 0.000113214, 0, 5.62871, 0.96731, 0.0322665, 288.045
9346, 0.00361798, 0.3694, 0.431301, 0, 0, 1.41803e-13, 0, 0, 0.800701, 0.00011351, 0, 5.62184, 0.967308, 0.0322529, 288.01
9347, 0.0036525, 0.3693, 0.431165, 0, 0, 1.40422e-13, 0, 0, 0.800465, 0.000113959, 0, 5.61234, 0.967306, 0.0322393, 287.992
9348, 0.00373232, 0.369315, 0.430896, 0, 0, 1.70351e-13, 0, 0, 0.800211, 0.000116223, 0, 5.59073, 0.967304, 0.0322257, 287.973
9349, 0.00381411, 0.369452, 0.430582, 0, 0, 2.19334e-13, 0, 0, 0.800034, 0.000119533, 0, 5.56905, 0.967302, 0.032212, 287.959
9350, 0.00380889, 0.369806, 0.430434, 0, 0, 2.43273e-13, 0, 0, 0.80024, 0.000120241, 0, 5.57042, 0.9673, 0.0321984, 287.97
9351, 0.00364047, 0.370621, 0.430646, 0, 0, 2.04402e-13, 0, 0, 0.801267, 0.000114908, 0, 5.61564, 0.967298, 0.0321848, 288.037
9352, 0.00330715, 0.372443, 0.431192, 0, 0, 1.23242e-13, 0, 0, 0.803635, 0.000103546, 0, 5.71167, 0.967296, 0.0321712, 288.193
9353, 0.00283794, 0.375651, 0.431957, 0, 0, 6.04279e-14, 0, 0, 0.807608, 8.81144e-05, 0, 5.86468, 0.967294, 0.0321576, 288.456
9354, 0.00244906, 0.37846, 0.432561, 0, 0, 2.94861e-14, 0, 0, 0.811021, 7.52134e-05, 0, 6.01205, 0.967292, 0.032144, 288.682
9355, 0.00245084, 0.377959, 0.432464, 0, 0, 1.78969e-14, 0, 0, 0.810423, 7.39731e-05, 0, 6.01133, 0.96729, 0.0321305, 288.64
9356, 0.00270519, 0.375174, 0.431949, 0, 0, 1.53781e-14, 0, 0, 0.807123, 8.08679e-05, 0, 5.91258, 0.967288, 0.0321169, 288.418
9357, 0.00293835, 0.373143, 0.431466, 0, 0, 2.135e-14, 0, 0, 0.804609, 8.84591e-05, 0, 5.82991, 0.967286, 0.0321033, 288.248
9358, 0.00310938, 0.372491, 0.431017, 0, 0, 3.99106e-14, 0, 0, 0.803508, 9.5156e-05, 0, 5.77333, 0.967284, 0.0320897, 288.172
9359, 0.00328169, 0.372465, 0.430476, 0, 0, 6.40115e-14, 0, 0, 0.802942, 0.000101354, 0, 5.7194, 0.967282, 0.0320762, 288.132
9360, 0.0033462, 0.372672, 0.430174, 0, 0, 6.67041e-14, 0, 0, 0.802846, 0.000103065, 0, 5.69993, 0.96728, 0.0320626, 288.124
9361, 0.00325395, 0.373007, 0.430234, 0, 0, 5.21009e-14, 0, 0, 0.803242, 0.000100026, 0, 5.72789, 0.967278, 0.0320491, 288.148
9362, 0.00320968, 0.373384, 0.430115, 0, 0, 5.49716e-14, 0, 0, 0.803498, 9.93331e-05, 0, 5.74158, 0.967276, 0.0320355, 288.163
9363, 0.00330972, 0.373814, 0.429598, 0, 0, 8.31691e-14, 0, 0, 0.803412, 0.000103168, 0, 5.71089, 0.967274, 0.0320219, 288.156
9364, 0.00337937, 0.374561, 0.429139, 0, 0, 1.02124e-13, 0, 0, 0.8037, 0.000105357, 0, 5.69006, 0.967272, 0.0320084, 288.173
9365, 0.00310532, 0.376213, 0.429462, 0, 0, 7.8958e-14, 0, 0, 0.805675, 9.6697e-05, 0, 5.77464, 0.96727, 0.0319948, 288.303
9366, 0.00258576, 0.379005, 0.430329, 0, 0, 4.09268e-14, 0, 0, 0.809334, 8.03856e-05, 0, 5.95773, 0.967268, 0.0319812, 288.545
9367, 0.00228215, 0.381542, 0.430671, 0, 0, 2.50036e-14, 0, 0, 0.812213, 7.04811e-05, 0, 6.08264, 0.967266, 0.0319677, 288.735
9368, 0.00242098, 0.381821, 0.429946, 0, 0, 3.06704e-14, 0, 0, 0.811767, 7.46267e-05, 0, 6.02358, 0.967264, 0.0319541, 288.703
9369, 0.00274459, 0.380674, 0.428776, 0, 0, 4.52032e-14, 0, 0, 0.80945, 8.48861e-05, 0, 5.89812, 0.967262, 0.0319406, 288.547
9370, 0.00301735, 0.380347, 0.427617, 0, 0, 6.78581e-14, 0, 0, 0.807964, 9.34778e-05, 0, 5.80338, 0.96726, 0.031927, 288.446
9371, 0.00303096, 0.381611, 0.426803, 0, 0, 7.90717e-14, 0, 0, 0.808414, 9.39584e-05, 0, 5.79888, 0.967258, 0.0319134, 288.474
9372, 0.00264296, 0.38443, 0.426531, 0, 0, 5.72843e-14, 0, 0, 0.810961, 8.21674e-05, 0, 5.93586, 0.967256, 0.0318998, 288.641
9373, 0.00212123, 0.388959, 0.425816, 0, 0, 2.545e-14, 0, 0, 0.814775, 6.6201e-05, 0, 6.15576, 0.967254, 0.0318862, 288.893
9374, 0.00174762, 0.396328, 0.423001, 0, 0, 1.14478e-14, 0, 0, 0.819328, 5.45873e-05, 0, 6.3495, 0.967252, 0.0318725, 289.193
9375, 0.00148531, 0.41003, 0.415525, 0, 0, 1.09377e-14, 0, 0, 0.825555, 4.62654e-05, 0, 6.51213, 0.96725, 0.0318588, 289.602
9376, 0.00111754, 0.437644, 0.397476, 0, 0, 1.04687e-14, 0, 0, 0.83512, 3.46541e-05, 0, 6.79663, 0.967248, 0.0318451, 290.228
9377, 0.000612848, 0.491348, 0.356619, 0, 0, 6.13831e-15, 0, 0, 0.847966, 1.8935e-05, 0, 7.39739, 0.967246, 0.0318313, 291.062
9378, 0.000220627, 0.578041, 0.283366, 0, 0, 2.06088e-15, 0, 0, 0.861407, 6.81333e-06, 0, 8.41904, 0.967244, 0.0318174, 291.927
9379, 5.77683e-05, 0.660198, 0.210599, 0, 0, 4.24682e-16, 0, 0, 0.870797, 1.78664e-06, 0, 9.75907, 0.967242, 0.0318034, 292.526
9380, 5.87882e-05, 0.65793, 0.212394, 0, 0, 2.07693e-16, 0, 0, 0.870325, 1.81187e-06, 0, 9.74157, 0.96724, 0.0317893, 292.494
9381, 0.00018385, 0.570683, 0.289246, 0, 0, 4.37613e-16, 0, 0, 0.85993, 5.69389e-06, 0, 8.60139, 0.967238, 0.0317749, 291.827
9382, 0.000445698, 0.48196, 0.364245, 0, 0, 1.00073e-15, 0, 0, 0.846205, 1.38532e-05, 0, 7.71587, 0.967236, 0.0317603, 290.939
9383, 0.000866149, 0.431443, 0.402694, 0, 0, 3.42693e-15, 0, 0, 0.834138, 2.68831e-05, 0, 7.05145, 0.967234, 0.0317452, 290.151
9384, 0.00146698, 0.407919, 0.416942, 0, 0, 1.08001e-14, 0, 0, 0.824861, 4.53213e-05, 0, 6.52455, 0.967232, 0.0317293, 289.539
9385, 0.00208305, 0.396494, 0.421714, 0, 0, 2.04715e-14, 0, 0, 0.818208, 6.41359e-05, 0, 6.17392, 0.96723, 0.0317122, 289.098
9386, 0.00236148, 0.390409, 0.423954, 0, 0, 2.23256e-14, 0, 0, 0.814363, 7.28211e-05, 0, 6.04847, 0.967228, 0.0316926, 288.84
9387, 0.00231989, 0.387081, 0.425642, 0, 0, 1.63976e-14, 0, 0, 0.812723, 7.18322e-05, 0, 6.06623, 0.967226, 0.0316663, 288.729
9388, 0.00222645, 0.385214, 0.426835, 0, 0, 1.07512e-14, 0, 0, 0.81205, 6.87968e-05, 0, 6.10735, 0.967224, 0.0316209, 288.683
9389, 0.00223018, 0.383992, 0.427425, 0, 0, 7.99415e-15, 0, 0, 0.811417, 6.84136e-05, 0, 6.10567, 0.967222, 0.0315335, 288.638
9390, 0.00226652, 0.383064, 0.427712, 0, 0, 7.22128e-15, 0, 0, 0.810776, 6.9094e-05, 0, 6.08951, 0.96722, 0.0313558, 288.594
9391, 0.00216784, 0.382575, 0.42824, 0, 0, 6.37513e-15, 0, 0, 0.810815, 6.56236e-05, 0, 6.13402, 0.967218, 0.0310716, 288.594
9392, 0.00192682, 0.382623, 0.429042, 0, 0, 5.00122e-15, 0, 0, 0.811666, 5.81996e-05, 0, 6.25188, 0.967216, 0.0309174, 288.649
9393, 0.00188838, 0.382793, 0.429219, 0, 0, 5.17412e-15, 0, 0, 0.812012, 5.75795e-05, 0, 6.27204, 0.967214, 0.0310863, 288.67
9394, 0.00196115, 0.382809, 0.429037, 0, 0, 5.62589e-15, 0, 0, 0.811845, 6.03919e-05, 0, 6.23423, 0.967212, 0.0313336, 288.657
9395, 0.00182259, 0.382741, 0.429395, 0, 0, 5.128e-15, 0, 0, 0.812137, 5.6427e-05, 0, 6.30749, 0.96721, 0.031469, 288.675
9396, 0.00188553, 0.382354, 0.42922, 0, 0, 7.99368e-15, 0, 0, 0.811574, 5.84661e-05, 0, 6.27354, 0.967208, 0.031522, 288.635
9397, 0.00231839, 0.381595, 0.428016, 0, 0, 1.35604e-14, 0, 0, 0.80961, 7.19205e-05, 0, 6.06688, 0.967206, 0.0315362, 288.502
9398, 0.0025683, 0.381098, 0.427232, 0, 0, 1.50721e-14, 0, 0, 0.80833, 7.97923e-05, 0, 5.96451, 0.967204, 0.0315341, 288.415
9399, 0.00243791, 0.381287, 0.427419, 0, 0, 1.22627e-14, 0, 0, 0.808706, 7.58621e-05, 0, 6.01662, 0.967202, 0.0315264, 288.438
9400, 0.00213367, 0.382026, 0.428031, 0, 0, 7.59856e-15, 0, 0, 0.810057, 6.6449e-05, 0, 6.14991, 0.9672, 0.0315167, 288.527
9401, 0.00181174, 0.383202, 0.428666, 0, 0, 3.89328e-15, 0, 0, 0.811868, 5.64477e-05, 0, 6.31347, 0.967198, 0.0315059, 288.646
9402, 0.00142973, 0.384751, 0.429501, 0, 0, 2.02978e-15, 0, 0, 0.814251, 4.45215e-05, 0, 6.55027, 0.967196, 0.0314943, 288.803
9403, 0.001241, 0.385624, 0.429974, 0, 0, 1.73568e-15, 0, 0, 0.815598, 3.86141e-05, 0, 6.69184, 0.967194, 0.0314824, 288.89
9404, 0.00150491, 0.38517, 0.429192, 0, 0, 2.71727e-15, 0, 0, 0.814362, 4.68583e-05, 0, 6.49902, 0.967192, 0.0314701, 288.806
9405, 0.00177859, 0.38469, 0.428108, 0, 0, 3.33728e-15, 0, 0, 0.812797, 5.53907e-05, 0, 6.33194, 0.96719, 0.0314577, 288.7
9406, 0.00178501, 0.38539, 0.427417, 0, 0, 3.30922e-15, 0, 0, 0.812807, 5.55199e-05, 0, 6.32833, 0.967188, 0.0314451, 288.699
9407, 0.00183499, 0.388109, 0.425726, 0, 0, 4.65666e-15, 0, 0, 0.813835, 5.69592e-05, 0, 6.30072, 0.967186, 0.0314324, 288.765
9408, 0.0019321, 0.396389, 0.420812, 0, 0, 7.25811e-15, 0, 0, 0.817201, 5.9717e-05, 0, 6.24915, 0.967184, 0.0314196, 288.988
9409, 0.00166559, 0.416142, 0.409719, 0, 0, 7.33332e-15, 0, 0, 0.825861, 5.10823e-05, 0, 6.39758, 0.967182, 0.0314067, 289.56
9410, 0.000984901, 0.441057, 0.396144, 0, 0, 4.03163e-15, 0, 0, 0.837201, 2.99555e-05, 0, 6.92297, 0.96718, 0.0313938, 290.304
9411, 0.000488225, 0.44591, 0.395111, 0, 0, 1.23734e-15, 0, 0, 0.841021, 1.48614e-05, 0, 7.62473, 0.967178, 0.0313809, 290.552
9412, 0.000538531, 0.425686, 0.408452, 0, 0, 5.13508e-16, 0, 0, 0.834138, 1.66239e-05, 0, 7.52667, 0.967176, 0.0313679, 290.1
9413, 0.000884561, 0.404259, 0.420713, 0, 0, 8.08957e-16, 0, 0, 0.824971, 2.74337e-05, 0, 7.03042, 0.967174, 0.031355, 289.494
9414, 0.0011869, 0.39382, 0.425735, 0, 0, 1.23701e-15, 0, 0, 0.819555, 3.68085e-05, 0, 6.73641, 0.967172, 0.031342, 289.133
9415, 0.00141668, 0.38992, 0.426888, 0, 0, 1.66433e-15, 0, 0, 0.816809, 4.38658e-05, 0, 6.55944, 0.96717, 0.031329, 288.949
9416, 0.0015802, 0.38803, 0.427015, 0, 0, 2.06248e-15, 0, 0, 0.815045, 4.89186e-05, 0, 6.4502, 0.967168, 0.031316, 288.829
9417, 0.00147659, 0.387622, 0.427447, 0, 0, 1.84563e-15, 0, 0, 0.815068, 4.57309e-05, 0, 6.51802, 0.967166, 0.0313029, 288.829
9418, 0.00118231, 0.388585, 0.428076, 0, 0, 1.14572e-15, 0, 0, 0.816661, 3.65937e-05, 0, 6.74028, 0.967164, 0.0312899, 288.933
9419, 0.000960453, 0.389514, 0.428501, 0, 0, 7.02227e-16, 0, 0, 0.818015, 2.96796e-05, 0, 6.9481, 0.967162, 0.0312769, 289.022
9420, 0.000960442, 0.389067, 0.428674, 0, 0, 7.78247e-16, 0, 0, 0.817741, 2.95818e-05, 0, 6.94812, 0.96716, 0.0312638, 289.002
9421, 0.00124039, 0.387799, 0.42821, 0, 0, 1.3699e-15, 0, 0, 0.816008, 3.79928e-05, 0, 6.69233, 0.967158, 0.0312508, 288.885
9422, 0.00146592, 0.387158, 0.427717, 0, 0, 1.77411e-15, 0, 0, 0.814875, 4.47843e-05, 0, 6.52527, 0.967156, 0.0312378, 288.807
9423, 0.00126128, 0.38763, 0.428272, 0, 0, 1.3076e-15, 0, 0, 0.815903, 3.8614e-05, 0, 6.67563, 0.967154, 0.0312248, 288.874
9424, 0.000941215, 0.388587, 0.42906, 0, 0, 7.13613e-16, 0, 0, 0.817647, 2.89408e-05, 0, 6.96834, 0.967152, 0.0312117, 288.988
9425, 0.000872387, 0.389343, 0.428983, 0, 0, 6.60582e-16, 0, 0, 0.818326, 2.68729e-05, 0, 7.04428, 0.96715, 0.0311987, 289.032
9426, 0.00109503, 0.38984, 0.427863, 0, 0, 1.13957e-15, 0, 0, 0.817702, 3.36782e-05, 0, 6.81697, 0.967148, 0.0311857, 288.988
9427, 0.00133339, 0.390986, 0.42651, 0, 0, 1.62239e-15, 0, 0, 0.817495, 4.09451e-05, 0, 6.62003, 0.967146, 0.0311726, 288.973
9428, 0.00117276, 0.393763, 0.426066, 0, 0, 1.33376e-15, 0, 0, 0.819829, 3.60127e-05, 0, 6.74839, 0.967144, 0.0311596, 289.126
9429, 0.000816807, 0.397726, 0.425498, 0, 0, 6.90035e-16, 0, 0, 0.823224, 2.51128e-05, 0, 7.11011, 0.967142, 0.0311466, 289.35
9430, 0.000607441, 0.405285, 0.421348, 0, 0, 3.62875e-16, 0, 0, 0.826633, 1.86873e-05, 0, 7.40626, 0.96714, 0.0311336, 289.574
9431, 0.000454543, 0.426005, 0.407285, 0, 0, 2.32207e-16, 0, 0, 0.83329, 1.39762e-05, 0, 7.69622, 0.967138, 0.0311206, 290.012
9432, 0.000299225, 0.459025, 0.383798, 0, 0, 1.60326e-16, 0, 0, 0.842823, 9.19742e-06, 0, 8.11432, 0.967136, 0.0311076, 290.635
9433, 0.000314786, 0.471758, 0.374278, 0, 0, 2.38184e-16, 0, 0, 0.846035, 9.68843e-06, 0, 8.06362, 0.967134, 0.0310946, 290.843
9434, 0.000560809, 0.447082, 0.391165, 0, 0, 4.5403e-16, 0, 0, 0.838247, 1.72618e-05, 0, 7.48613, 0.967132, 0.0310816, 290.332
9435, 0.00080484, 0.415743, 0.412177, 0, 0, 5.88256e-16, 0, 0, 0.82792, 2.47492e-05, 0, 7.12487, 0.96713, 0.0310687, 289.651
9436, 0.000872851, 0.399893, 0.422532, 0, 0, 5.87335e-16, 0, 0, 0.822425, 2.67948e-05, 0, 7.04375, 0.967128, 0.0310557, 289.285
9437, 0.000877664, 0.395115, 0.425745, 0, 0, 6.2577e-16, 0, 0, 0.82086, 2.68515e-05, 0, 7.03825, 0.967126, 0.0310427, 289.179
9438, 0.000834361, 0.394268, 0.42681, 0, 0, 6.4132e-16, 0, 0, 0.821077, 2.54539e-05, 0, 7.08884, 0.967124, 0.0310297, 289.192
9439, 0.000687245, 0.39432, 0.427523, 0, 0, 5.12286e-16, 0, 0, 0.821843, 2.09804e-05, 0, 7.28282, 0.967122, 0.0310168, 289.241
9440, 0.000714966, 0.394075, 0.42725, 0, 0, 5.40197e-16, 0, 0, 0.821326, 2.1912e-05, 0, 7.24328, 0.96712, 0.0310038, 289.205
9441, 0.000857447, 0.394492, 0.426346, 0, 0, 6.83772e-16, 0, 0, 0.820839, 2.62995e-05, 0, 7.06155, 0.967118, 0.0309909, 289.171
9442, 0.000787365, 0.396848, 0.425924, 0, 0, 5.99775e-16, 0, 0, 0.822772, 2.40379e-05, 0, 7.14682, 0.967116, 0.0309779, 289.298
9443, 0.00064002, 0.400234, 0.425326, 0, 0, 4.53825e-16, 0, 0, 0.82556, 1.93381e-05, 0, 7.35401, 0.967114, 0.030965, 289.481
9444, 0.000690371, 0.404109, 0.422758, 0, 0, 5.62546e-16, 0, 0, 0.826867, 2.07878e-05, 0, 7.27828, 0.967112, 0.0309521, 289.566
9445, 0.000816395, 0.410921, 0.417476, 0, 0, 7.45821e-16, 0, 0, 0.828397, 2.46826e-05, 0, 7.11061, 0.96711, 0.0309391, 289.665
9446, 0.000722871, 0.416515, 0.414007, 0, 0, 6.14994e-16, 0, 0, 0.830522, 2.19543e-05, 0, 7.23228, 0.967108, 0.0309262, 289.804
9447, 0.000526348, 0.412309, 0.417318, 0, 0, 3.45127e-16, 0, 0, 0.829627, 1.60526e-05, 0, 7.54955, 0.967106, 0.0309133, 289.743
9448, 0.000388185, 0.403522, 0.423463, 0, 0, 1.88049e-16, 0, 0, 0.826985, 1.18392e-05, 0, 7.85403, 0.967104, 0.0309004, 289.567
9449, 0.000376349, 0.398268, 0.426882, 0, 0, 2.19397e-16, 0, 0, 0.82515, 1.13934e-05, 0, 7.88499, 0.967102, 0.0308875, 289.444
9450, 0.000713888, 0.395638, 0.426755, 0, 0, 7.00584e-16, 0, 0, 0.822393, 2.14075e-05, 0, 7.24478, 0.9671, 0.0308746, 289.259
9451, 0.00135709, 0.393443, 0.424754, 0, 0, 1.64369e-15, 0, 0, 0.818197, 4.06679e-05, 0, 6.60241, 0.967098, 0.0308617, 288.978
9452, 0.00162074, 0.39257, 0.423825, 0, 0, 2.07846e-15, 0, 0, 0.816395, 4.88032e-05, 0, 6.42487, 0.967096, 0.0308489, 288.856
9453, 0.00118618, 0.393689, 0.425156, 0, 0, 1.4125e-15, 0, 0, 0.818845, 3.59403e-05, 0, 6.73701, 0.967094, 0.030836, 289.018
9454, 0.000752607, 0.395128, 0.426382, 0, 0, 6.84704e-16, 0, 0, 0.821509, 2.29137e-05, 0, 7.19197, 0.967092, 0.0308231, 289.193
9455, 0.000818997, 0.395793, 0.425619, 0, 0, 6.68e-16, 0, 0, 0.821412, 2.49814e-05, 0, 7.10743, 0.96709, 0.0308102, 289.185
9456, 0.000973706, 0.397605, 0.424293, 0, 0, 8.70709e-16, 0, 0, 0.821898, 2.97063e-05, 0, 6.9344, 0.967088, 0.0307974, 289.216
9457, 0.000759149, 0.401503, 0.424226, 0, 0, 6.93568e-16, 0, 0, 0.82573, 2.31473e-05, 0, 7.18331, 0.967086, 0.0307845, 289.469
9458, 0.000407464, 0.403915, 0.42519, 0, 0, 3.12271e-16, 0, 0, 0.829105, 1.23993e-05, 0, 7.80556, 0.967084, 0.0307717, 289.691
9459, 0.000253004, 0.402517, 0.426308, 0, 0, 1.23757e-16, 0, 0, 0.828825, 7.67719e-06, 0, 8.28211, 0.967082, 0.0307588, 289.671
9460, 0.000346831, 0.399526, 0.426672, 0, 0, 1.98754e-16, 0, 0, 0.826199, 1.05269e-05, 0, 7.96667, 0.96708, 0.030746, 289.495
9461, 0.00073736, 0.396717, 0.425486, 0, 0, 5.67791e-16, 0, 0, 0.822203, 2.23707e-05, 0, 7.21243, 0.967078, 0.0307332, 289.228
9462, 0.00127516, 0.394608, 0.423463, 0, 0, 1.11067e-15, 0, 0, 0.818071, 3.85646e-05, 0, 6.66468, 0.967076, 0.0307203, 288.951
9463, 0.00152988, 0.393969, 0.422392, 0, 0, 1.36871e-15, 0, 0, 0.816361, 4.59756e-05, 0, 6.48256, 0.967074, 0.0307075, 288.835
9464, 0.00126015, 0.395046, 0.423165, 0, 0, 1.04935e-15, 0, 0, 0.818211, 3.76028e-05, 0, 6.67653, 0.967072, 0.0306947, 288.957
9465, 0.000720331, 0.397089, 0.424927, 0, 0, 4.7965e-16, 0, 0, 0.822017, 2.14465e-05, 0, 7.2358, 0.96707, 0.0306818, 289.209
9466, 0.000354095, 0.39893, 0.426172, 0, 0, 1.44662e-16, 0, 0, 0.825102, 1.0598e-05, 0, 7.94594, 0.967068, 0.0306685, 289.413
9467, 0.000249447, 0.399876, 0.426429, 0, 0, 6.68064e-17, 0, 0, 0.826305, 7.51171e-06, 0, 8.29627, 0.967066, 0.0306518, 289.491
9468, 0.000251656, 0.400372, 0.426099, 0, 0, 7.1184e-17, 0, 0, 0.826471, 7.59359e-06, 0, 8.28745, 0.967064, 0.0306247, 289.5
9469, 0.000251634, 0.401318, 0.425467, 0, 0, 8.06506e-17, 0, 0, 0.826785, 7.5959e-06, 0, 8.28753, 0.967062, 0.0305902, 289.519
9470, 0.000281021, 0.403393, 0.423925, 0, 0, 1.07224e-16, 0, 0, 0.827319, 8.4811e-06, 0, 8.17708, 0.96706, 0.0305698, 289.553
9471, 0.000347168, 0.409072, 0.42003, 0, 0, 1.60151e-16, 0, 0, 0.829102, 1.04728e-05, 0, 7.9657, 0.967058, 0.0305691, 289.67
9472, 0.000365399, 0.423074, 0.411229, 0, 0, 2.36765e-16, 0, 0, 0.834303, 1.10129e-05, 0, 7.91452, 0.967056, 0.0305734, 290.012
9473, 0.000343809, 0.443107, 0.398239, 0, 0, 3.56024e-16, 0, 0, 0.841347, 1.03308e-05, 0, 7.97543, 0.967054, 0.0305625, 290.475
9474, 0.000334695, 0.451383, 0.392605, 0, 0, 4.18974e-16, 0, 0, 0.843988, 9.99262e-06, 0, 8.00229, 0.967052, 0.0305287, 290.646
9475, 0.000333013, 0.438098, 0.401463, 0, 0, 3.33052e-16, 0, 0, 0.83956, 9.92247e-06, 0, 8.00733, 0.96705, 0.0304984, 290.354
9476, 0.000384996, 0.418857, 0.413634, 0, 0, 2.49276e-16, 0, 0, 0.83249, 1.15532e-05, 0, 7.86228, 0.967048, 0.0304992, 289.886
9477, 0.000450137, 0.407752, 0.420254, 0, 0, 2.45014e-16, 0, 0, 0.828006, 1.35743e-05, 0, 7.70596, 0.967046, 0.0305122, 289.588
9478, 0.000377548, 0.404383, 0.423247, 0, 0, 1.93869e-16, 0, 0, 0.827629, 1.13728e-05, 0, 7.88181, 0.967044, 0.0305126, 289.561
9479, 0.000321771, 0.403501, 0.424437, 0, 0, 1.46046e-16, 0, 0, 0.827938, 9.60487e-06, 0, 8.04167, 0.967042, 0.0305028, 289.58
9480, 0.000459176, 0.402053, 0.424002, 0, 0, 2.2426e-16, 0, 0, 0.826054, 1.36309e-05, 0, 7.68608, 0.96704, 0.0304905, 289.453
9481, 0.000729194, 0.40033, 0.422846, 0, 0, 4.35093e-16, 0, 0, 0.823176, 2.16544e-05, 0, 7.22357, 0.967038, 0.0304779, 289.26
9482, 0.00100738, 0.399118, 0.42171, 0, 0, 6.92041e-16, 0, 0, 0.820828, 2.98795e-05, 0, 6.9004, 0.967036, 0.0304652, 289.102
9483, 0.00115179, 0.398649, 0.421139, 0, 0, 8.58048e-16, 0, 0, 0.819788, 3.40331e-05, 0, 6.76644, 0.967034, 0.0304526, 289.031
9484, 0.00102356, 0.399153, 0.421553, 0, 0, 7.48336e-16, 0, 0, 0.820706, 3.0203e-05, 0, 6.88447, 0.967032, 0.0304399, 289.091
9485, 0.000668701, 0.400636, 0.422528, 0, 0, 4.00347e-16, 0, 0, 0.823164, 1.98238e-05, 0, 7.31017, 0.96703, 0.0304272, 289.253
9486, 0.000439721, 0.402987, 0.422581, 0, 0, 1.91145e-16, 0, 0, 0.825568, 1.31255e-05, 0, 7.72937, 0.967028, 0.0304145, 289.412
9487, 0.000427129, 0.406676, 0.421341, 0, 0, 2.10494e-16, 0, 0, 0.828016, 1.27696e-05, 0, 7.75842, 0.967026, 0.0304019, 289.573
9488, 0.000540154, 0.409995, 0.419864, 0, 0, 3.81808e-16, 0, 0, 0.829859, 1.61338e-05, 0, 7.52366, 0.967024, 0.0303892, 289.694
9489, 0.000681701, 0.409598, 0.419563, 0, 0, 5.64093e-16, 0, 0, 0.829161, 2.03422e-05, 0, 7.29092, 0.967022, 0.0303765, 289.646
9490, 0.000598011, 0.407112, 0.421079, 0, 0, 4.85947e-16, 0, 0, 0.828191, 1.78338e-05, 0, 7.4219, 0.96702, 0.0303638, 289.58
9491, 0.000371061, 0.405468, 0.422811, 0, 0, 2.56629e-16, 0, 0, 0.828279, 1.10766e-05, 0, 7.89914, 0.967018, 0.0303511, 289.584
9492, 0.000375765, 0.404043, 0.422764, 0, 0, 2.0859e-16, 0, 0, 0.826807, 1.12643e-05, 0, 7.88655, 0.967016, 0.0303384, 289.485
9493, 0.000593249, 0.402454, 0.421539, 0, 0, 3.25441e-16, 0, 0, 0.823993, 1.7809e-05, 0, 7.4299, 0.967014, 0.0303258, 289.296
9494, 0.000707166, 0.40146, 0.42098, 0, 0, 3.69017e-16, 0, 0, 0.822441, 2.12171e-05, 0, 7.25425, 0.967012, 0.0303132, 289.191
9495, 0.000685017, 0.401185, 0.421152, 0, 0, 3.37392e-16, 0, 0, 0.822337, 2.05306e-05, 0, 7.28607, 0.96701, 0.0303006, 289.182
9496, 0.000641234, 0.401437, 0.421337, 0, 0, 3.25128e-16, 0, 0, 0.822774, 1.92054e-05, 0, 7.35212, 0.967008, 0.030288, 289.21
9497, 0.000533424, 0.402163, 0.421738, 0, 0, 2.82558e-16, 0, 0, 0.823902, 1.59562e-05, 0, 7.53619, 0.967006, 0.0302753, 289.284
9498, 0.000584564, 0.402509, 0.421469, 0, 0, 3.93223e-16, 0, 0, 0.823978, 1.74194e-05, 0, 7.44464, 0.967004, 0.0302627, 289.287
9499, 0.000944292, 0.40191, 0.419911, 0, 0, 7.8449e-16, 0, 0, 0.821821, 2.8049e-05, 0, 6.96508, 0.967003, 0.03025, 289.142
9500, 0.00116354, 0.401595, 0.418789, 0, 0, 9.74012e-16, 0, 0, 0.820384, 3.45389e-05, 0, 6.75629, 0.967004, 0.0302374, 289.044
9501, 0.000946623, 0.403016, 0.419055, 0, 0, 6.71292e-16, 0, 0, 0.822071, 2.81407e-05, 0, 6.96261, 0.967007, 0.0302247, 289.155
9502, 0.000557305, 0.406824, 0.419617, 0, 0, 3.00736e-16, 0, 0, 0.826441, 1.65976e-05, 0, 7.4924, 0.967012, 0.030212, 289.445
9503, 0.000264931, 0.412196, 0.419308, 0, 0, 1.10724e-16, 0, 0, 0.831503, 7.89393e-06, 0, 8.23604, 0.967018, 0.0301993, 289.78
9504, 0.000178731, 0.415527, 0.418439, 0, 0, 6.55256e-17, 0, 0, 0.833966, 5.32474e-06, 0, 8.62963, 0.967024, 0.0301866, 289.942
9505, 0.000250533, 0.413925, 0.418416, 0, 0, 1.15518e-16, 0, 0, 0.83234, 7.46074e-06, 0, 8.29192, 0.96703, 0.0301737, 289.833
9506, 0.000496753, 0.409741, 0.418534, 0, 0, 3.28871e-16, 0, 0, 0.828275, 1.47563e-05, 0, 7.60742, 0.967036, 0.0301608, 289.561
9507, 0.000880489, 0.406868, 0.417616, 0, 0, 7.23217e-16, 0, 0, 0.824484, 2.60735e-05, 0, 7.03503, 0.967042, 0.0301481, 289.307
9508, 0.000965009, 0.407201, 0.416933, 0, 0, 8.67127e-16, 0, 0, 0.824134, 2.85052e-05, 0, 6.94337, 0.967048, 0.0301353, 289.283
9509, 0.000643734, 0.411206, 0.416077, 0, 0, 5.51893e-16, 0, 0, 0.827284, 1.89947e-05, 0, 7.34823, 0.967054, 0.0301224, 289.491
9510, 0.000452085, 0.420585, 0.410814, 0, 0, 3.33187e-16, 0, 0, 0.8314, 1.33313e-05, 0, 7.70164, 0.96706, 0.0301093, 289.763
9511, 0.000494729, 0.438195, 0.398856, 0, 0, 4.05027e-16, 0, 0, 0.837051, 1.45342e-05, 0, 7.6115, 0.967066, 0.0300961, 290.136
9512, 0.000505963, 0.454973, 0.38749, 0, 0, 4.38402e-16, 0, 0, 0.842463, 1.48483e-05, 0, 7.58905, 0.967072, 0.0300826, 290.492
9513, 0.000479032, 0.45218, 0.389428, 0, 0, 3.55062e-16, 0, 0, 0.841608, 1.41226e-05, 0, 7.64374, 0.967078, 0.0300687, 290.434
9514, 0.000423325, 0.433758, 0.402112, 0, 0, 2.4845e-16, 0, 0, 0.83587, 1.25333e-05, 0, 7.76737, 0.967084, 0.0300542, 290.054
9515, 0.000294504, 0.41937, 0.412564, 0, 0, 1.34922e-16, 0, 0, 0.831934, 8.73116e-06, 0, 8.13022, 0.96709, 0.0300387, 289.792
9516, 0.000220734, 0.413598, 0.416962, 0, 0, 8.16553e-17, 0, 0, 0.83056, 6.53619e-06, 0, 8.41855, 0.967096, 0.0300213, 289.699
9517, 0.000299329, 0.411863, 0.417533, 0, 0, 1.19907e-16, 0, 0, 0.829397, 8.85287e-06, 0, 8.11397, 0.967102, 0.0299997, 289.62
9518, 0.000382886, 0.412911, 0.416513, 0, 0, 1.62265e-16, 0, 0, 0.829424, 1.12904e-05, 0, 7.86777, 0.967108, 0.0299649, 289.62
9519, 0.000340605, 0.416472, 0.415209, 0, 0, 1.39819e-16, 0, 0, 0.831681, 9.95163e-06, 0, 7.98479, 0.967114, 0.0298748, 289.769
9520, 0.000290716, 0.418919, 0.414189, 0, 0, 1.09554e-16, 0, 0, 0.833108, 8.39412e-06, 0, 8.14316, 0.96712, 0.0296295, 289.862
9521, 0.000310352, 0.418705, 0.413443, 0, 0, 1.19352e-16, 0, 0, 0.832148, 8.9342e-06, 0, 8.0778, 0.967126, 0.0292752, 289.797
9522, 0.000466236, 0.417511, 0.412453, 0, 0, 2.67541e-16, 0, 0, 0.829964, 1.35336e-05, 0, 7.67082, 0.967132, 0.0292083, 289.651
9523, 0.000871079, 0.414208, 0.411933, 0, 0, 7.26798e-16, 0, 0, 0.826141, 2.54661e-05, 0, 7.04578, 0.967138, 0.0295047, 289.394
9524, 0.00136097, 0.409736, 0.412099, 0, 0, 1.29356e-15, 0, 0, 0.821835, 3.98045e-05, 0, 6.59956, 0.967144, 0.0297684, 289.105
9525, 0.00148773, 0.407911, 0.412467, 0, 0, 1.34547e-15, 0, 0, 0.820378, 4.33328e-05, 0, 6.51051, 0.96715, 0.0298645, 289.006
9526, 0.00118781, 0.409923, 0.412681, 0, 0, 9.19662e-16, 0, 0, 0.822604, 3.43437e-05, 0, 6.73564, 0.967156, 0.0298834, 289.154
9527, 0.000701139, 0.416448, 0.411227, 0, 0, 4.46472e-16, 0, 0, 0.827675, 2.02107e-05, 0, 7.2628, 0.967162, 0.0298823, 289.491
9528, 0.000328455, 0.429972, 0.404884, 0, 0, 1.64407e-16, 0, 0, 0.834856, 9.53286e-06, 0, 8.02111, 0.967168, 0.0298757, 289.967
9529, 0.000215078, 0.448236, 0.393972, 0, 0, 1.24218e-16, 0, 0, 0.842208, 6.27263e-06, 0, 8.44451, 0.967174, 0.0298668, 290.452
9530, 0.000321145, 0.456194, 0.388226, 0, 0, 2.36774e-16, 0, 0, 0.84442, 9.34412e-06, 0, 8.04362, 0.96718, 0.0298567, 290.597
9531, 0.000443522, 0.445008, 0.394672, 0, 0, 2.98795e-16, 0, 0, 0.83968, 1.29386e-05, 0, 7.72076, 0.967186, 0.0298459, 290.283
9532, 0.000431599, 0.428062, 0.405376, 0, 0, 2.28241e-16, 0, 0, 0.833438, 1.26485e-05, 0, 7.74801, 0.967192, 0.0298347, 289.868
9533, 0.000435837, 0.417974, 0.41142, 0, 0, 1.93088e-16, 0, 0, 0.829394, 1.28162e-05, 0, 7.73824, 0.967198, 0.0298232, 289.597
9534, 0.000521612, 0.415213, 0.412736, 0, 0, 2.61609e-16, 0, 0, 0.827949, 1.53462e-05, 0, 7.55859, 0.967204, 0.0298115, 289.499
9535, 0.000663918, 0.416651, 0.412069, 0, 0, 5.23489e-16, 0, 0, 0.82872, 1.9417e-05, 0, 7.31735, 0.96721, 0.0297997, 289.549
9536, 0.00105497, 0.41723, 0.410858, 0, 0, 1.2436e-15, 0, 0, 0.828088, 3.05585e-05, 0, 6.85424, 0.967216, 0.0297877, 289.506
9537, 0.00155519, 0.413672, 0.410337, 0, 0, 1.94507e-15, 0, 0, 0.82401, 4.5003e-05, 0, 6.46616, 0.967222, 0.0297757, 289.232
9538, 0.00158126, 0.409466, 0.411276, 0, 0, 1.6992e-15, 0, 0, 0.820742, 4.60173e-05, 0, 6.44953, 0.967228, 0.0297637, 289.012
9539, 0.00114804, 0.407885, 0.413009, 0, 0, 9.03519e-16, 0, 0, 0.820894, 3.36261e-05, 0, 6.7697, 0.967234, 0.0297516, 289.02
9540, 0.000713695, 0.408027, 0.41456, 0, 0, 3.65066e-16, 0, 0, 0.822587, 2.09649e-05, 0, 7.24506, 0.96724, 0.0297394, 289.132
9541, 0.000506171, 0.408265, 0.415361, 0, 0, 1.82594e-16, 0, 0, 0.823626, 1.48661e-05, 0, 7.58864, 0.967246, 0.0297273, 289.201
9542, 0.000530511, 0.408052, 0.415203, 0, 0, 1.99495e-16, 0, 0, 0.823255, 1.55654e-05, 0, 7.54167, 0.967252, 0.0297151, 289.174
9543, 0.000699942, 0.407603, 0.41443, 0, 0, 3.14795e-16, 0, 0, 0.822032, 2.04904e-05, 0, 7.26451, 0.967258, 0.0297029, 289.091
9544, 0.000813019, 0.407311, 0.413912, 0, 0, 3.92091e-16, 0, 0, 0.821223, 2.37425e-05, 0, 7.11476, 0.967264, 0.0296908, 289.035
9545, 0.000737611, 0.407373, 0.414069, 0, 0, 3.47246e-16, 0, 0, 0.821442, 2.15362e-05, 0, 7.21209, 0.96727, 0.0296786, 289.049
9546, 0.000701228, 0.407451, 0.414043, 0, 0, 3.40466e-16, 0, 0, 0.821494, 2.05062e-05, 0, 7.26268, 0.967276, 0.0296664, 289.051
9547, 0.000900711, 0.407215, 0.413235, 0, 0, 5.19924e-16, 0, 0, 0.82045, 2.63191e-05, 0, 7.01233, 0.967282, 0.0296542, 288.979
9548, 0.00118193, 0.406936, 0.41217, 0, 0, 8.79797e-16, 0, 0, 0.819107, 3.44348e-05, 0, 6.74061, 0.967288, 0.029642, 288.888
9549, 0.00152013, 0.407106, 0.411037, 0, 0, 1.83668e-15, 0, 0, 0.818143, 4.39454e-05, 0, 6.48896, 0.967294, 0.0296298, 288.821
9550, 0.00206105, 0.40841, 0.40934, 0, 0, 3.64644e-15, 0, 0, 0.81775, 5.88804e-05, 0, 6.18454, 0.9673, 0.0296176, 288.793
9551, 0.00222773, 0.411973, 0.408101, 0, 0, 4.34648e-15, 0, 0, 0.820073, 6.29952e-05, 0, 6.10677, 0.967306, 0.0296054, 288.948
9552, 0.00165082, 0.416265, 0.408514, 0, 0, 2.80916e-15, 0, 0, 0.824778, 4.65005e-05, 0, 6.40648, 0.967312, 0.0295932, 289.263
9553, 0.00105463, 0.416708, 0.409945, 0, 0, 1.16499e-15, 0, 0, 0.826653, 3.00369e-05, 0, 6.85457, 0.967318, 0.029581, 289.387
9554, 0.000960156, 0.413293, 0.411045, 0, 0, 7.12829e-16, 0, 0, 0.824338, 2.77751e-05, 0, 6.94841, 0.967324, 0.0295688, 289.23
9555, 0.00123159, 0.41007, 0.410948, 0, 0, 9.97621e-16, 0, 0, 0.821018, 3.56515e-05, 0, 6.69945, 0.96733, 0.0295566, 289.006
9556, 0.00158326, 0.408488, 0.410128, 0, 0, 1.53393e-15, 0, 0, 0.818617, 4.54379e-05, 0, 6.44827, 0.967336, 0.0295444, 288.843
9557, 0.0018026, 0.407866, 0.409476, 0, 0, 1.93239e-15, 0, 0, 0.817342, 5.15042e-05, 0, 6.31853, 0.967342, 0.0295321, 288.756
9558, 0.00160832, 0.407758, 0.40979, 0, 0, 1.5901e-15, 0, 0, 0.817548, 4.62496e-05, 0, 6.43256, 0.967348, 0.0295192, 288.769
9559, 0.00123723, 0.407908, 0.410576, 0, 0, 9.31979e-16, 0, 0, 0.818485, 3.58587e-05, 0, 6.69488, 0.967354, 0.0295026, 288.83
9560, 0.0012375, 0.407834, 0.410488, 0, 0, 8.80497e-16, 0, 0, 0.818322, 3.56751e-05, 0, 6.69466, 0.96736, 0.029475, 288.818
9561, 0.00174513, 0.407372, 0.409154, 0, 0, 1.71324e-15, 0, 0, 0.816526, 4.99322e-05, 0, 6.35093, 0.967366, 0.0294364, 288.696
9562, 0.00230289, 0.40691, 0.407665, 0, 0, 3.19809e-15, 0, 0, 0.814575, 6.60103e-05, 0, 6.07359, 0.967372, 0.0294086, 288.562
9563, 0.00270426, 0.406666, 0.40664, 0, 0, 6.85172e-15, 0, 0, 0.813306, 7.76598e-05, 0, 5.91293, 0.967378, 0.0294119, 288.475
9564, 0.00330736, 0.406464, 0.405391, 0, 0, 1.46113e-14, 0, 0, 0.811855, 9.45808e-05, 0, 5.7116, 0.967384, 0.029427, 288.376
9565, 0.00372297, 0.406561, 0.404461, 0, 0, 1.98505e-14, 0, 0, 0.811022, 0.000106232, 0, 5.59323, 0.96739, 0.0294248, 288.318
9566, 0.00342742, 0.407596, 0.404737, 0, 0, 1.5439e-14, 0, 0, 0.812333, 9.7925e-05, 0, 5.67595, 0.967396, 0.0293996, 288.405
9567, 0.00270331, 0.410319, 0.405649, 0, 0, 8.11118e-15, 0, 0, 0.815968, 7.72202e-05, 0, 5.91328, 0.967402, 0.0293641, 288.65
9568, 0.00198253, 0.414738, 0.406247, 0, 0, 4.25101e-15, 0, 0, 0.820985, 5.64209e-05, 0, 6.22338, 0.967408, 0.029341, 288.986
9569, 0.00186485, 0.417595, 0.405771, 0, 0, 4.00226e-15, 0, 0, 0.823366, 5.27833e-05, 0, 6.28457, 0.967414, 0.0293393, 289.145
9570, 0.00245628, 0.415648, 0.40474, 0, 0, 6.53304e-15, 0, 0, 0.820388, 6.90189e-05, 0, 6.00911, 0.96742, 0.0293512, 288.943
9571, 0.00302711, 0.411591, 0.404269, 0, 0, 8.43869e-15, 0, 0, 0.81586, 8.40987e-05, 0, 5.80015, 0.967426, 0.0293563, 288.637
9572, 0.00287284, 0.409316, 0.404974, 0, 0, 6.5568e-15, 0, 0, 0.81429, 7.86747e-05, 0, 5.85245, 0.967432, 0.0293493, 288.529
9573, 0.00241814, 0.408907, 0.405905, 0, 0, 3.95661e-15, 0, 0, 0.814812, 6.5901e-05, 0, 6.02476, 0.967438, 0.029338, 288.563
9574, 0.00255931, 0.408965, 0.405437, 0, 0, 5.70124e-15, 0, 0, 0.814402, 7.09313e-05, 0, 5.96802, 0.967444, 0.029326, 288.534
9575, 0.00323335, 0.408897, 0.403832, 0, 0, 1.60763e-14, 0, 0, 0.812729, 9.08004e-05, 0, 5.73424, 0.96745, 0.0293139, 288.42
9576, 0.00404987, 0.408532, 0.402157, 0, 0, 3.83852e-14, 0, 0, 0.810689, 0.000113652, 0, 5.50907, 0.967456, 0.0293019, 288.28
9577, 0.00471453, 0.407912, 0.401015, 0, 0, 6.33567e-14, 0, 0, 0.808928, 0.000131337, 0, 5.35711, 0.967462, 0.0292898, 288.159
9578, 0.00495875, 0.407492, 0.400636, 0, 0, 7.4706e-14, 0, 0, 0.808128, 0.000137485, 0, 5.3066, 0.967468, 0.0292777, 288.103
9579, 0.00486698, 0.407489, 0.400722, 0, 0, 6.88161e-14, 0, 0, 0.808211, 0.000135108, 0, 5.32528, 0.967474, 0.0292657, 288.107
9580, 0.00462096, 0.407763, 0.400988, 0, 0, 5.57607e-14, 0, 0, 0.808751, 0.00012907, 0, 5.37715, 0.96748, 0.0292537, 288.143
9581, 0.00433023, 0.408178, 0.401284, 0, 0, 4.4081e-14, 0, 0, 0.809462, 0.000121817, 0, 5.44213, 0.967486, 0.0292416, 288.19
9582, 0.00424266, 0.408646, 0.401237, 0, 0, 3.97268e-14, 0, 0, 0.809884, 0.000119352, 0, 5.46256, 0.967492, 0.0292296, 288.217
9583, 0.00448502, 0.409381, 0.40062, 0, 0, 5.20338e-14, 0, 0, 0.810001, 0.000125055, 0, 5.40701, 0.967498, 0.0292176, 288.223
9584, 0.00456053, 0.41131, 0.40008, 0, 0, 6.9916e-14, 0, 0, 0.81139, 0.000126629, 0, 5.39032, 0.967504, 0.0292055, 288.316
9585, 0.00408947, 0.41512, 0.400162, 0, 0, 6.70939e-14, 0, 0, 0.815282, 0.000114073, 0, 5.49934, 0.96751, 0.0291935, 288.579
9586, 0.0034165, 0.418574, 0.400633, 0, 0, 4.36186e-14, 0, 0, 0.819207, 9.59295e-05, 0, 5.67914, 0.967516, 0.0291815, 288.843
9587, 0.00322874, 0.418104, 0.400798, 0, 0, 2.58395e-14, 0, 0, 0.818902, 9.0891e-05, 0, 5.73566, 0.967522, 0.0291695, 288.821
9588, 0.00353781, 0.415356, 0.400338, 0, 0, 2.64634e-14, 0, 0, 0.815695, 9.93815e-05, 0, 5.64425, 0.967528, 0.0291575, 288.603
9589, 0.00393807, 0.415199, 0.39886, 0, 0, 4.56256e-14, 0, 0, 0.814059, 0.000110255, 0, 5.53706, 0.967534, 0.0291455, 288.491
9590, 0.00389577, 0.421727, 0.395232, 0, 0, 6.18336e-14, 0, 0, 0.816958, 0.000109436, 0, 5.54786, 0.96754, 0.0291335, 288.686
9591, 0.00316679, 0.435908, 0.388843, 0, 0, 5.02527e-14, 0, 0, 0.824751, 8.95165e-05, 0, 5.75504, 0.967546, 0.0291215, 289.21
9592, 0.00258792, 0.445637, 0.384642, 0, 0, 3.13292e-14, 0, 0, 0.83028, 7.29336e-05, 0, 5.9569, 0.967552, 0.0291095, 289.58
9593, 0.00288347, 0.438432, 0.388092, 0, 0, 2.39456e-14, 0, 0, 0.826524, 8.05687e-05, 0, 5.84876, 0.967558, 0.0290976, 289.327
9594, 0.00350112, 0.424331, 0.394441, 0, 0, 2.2321e-14, 0, 0, 0.818772, 9.81137e-05, 0, 5.65467, 0.967564, 0.0290856, 288.803
9595, 0.00371896, 0.416099, 0.398206, 0, 0, 1.96175e-14, 0, 0, 0.814304, 0.00010498, 0, 5.59431, 0.96757, 0.0290736, 288.5
9596, 0.003451, 0.413564, 0.399986, 0, 0, 1.40263e-14, 0, 0, 0.81355, 9.76508e-05, 0, 5.66909, 0.967576, 0.0290617, 288.447
9597, 0.00283744, 0.413322, 0.401604, 0, 0, 7.70924e-15, 0, 0, 0.814926, 8.00907e-05, 0, 5.86485, 0.967582, 0.0290497, 288.539
9598, 0.0019384, 0.413989, 0.403613, 0, 0, 3.45939e-15, 0, 0, 0.817602, 5.46136e-05, 0, 6.24589, 0.967588, 0.0290378, 288.719
9599, 0.00114725, 0.414907, 0.405211, 0, 0, 1.18511e-15, 0, 0, 0.820118, 3.24828e-05, 0, 6.77039, 0.967594, 0.0290259, 288.888
9600, 0.000780284, 0.41588, 0.405885, 0, 0, 3.65446e-16, 0, 0, 0.821765, 2.22499e-05, 0, 7.15585, 0.9676, 0.0290139, 288.998
9601, 0.00066263, 0.417354, 0.405879, 0, 0, 2.33666e-16, 0, 0, 0.823232, 1.89631e-05, 0, 7.31929, 0.967606, 0.029002, 289.095
9602, 0.000659025, 0.420043, 0.405167, 0, 0, 2.66286e-16, 0, 0, 0.825209, 1.88937e-05, 0, 7.32475, 0.967612, 0.0289901, 289.227
9603, 0.000637056, 0.423447, 0.404409, 0, 0, 2.74073e-16, 0, 0, 0.827856, 1.8263e-05, 0, 7.35865, 0.967618, 0.0289782, 289.404
9604, 0.000560188, 0.424541, 0.404456, 0, 0, 2.29041e-16, 0, 0, 0.828997, 1.60402e-05, 0, 7.48724, 0.967624, 0.0289662, 289.479
9605, 0.000559677, 0.422291, 0.404898, 0, 0, 2.25229e-16, 0, 0, 0.827189, 1.60125e-05, 0, 7.48815, 0.96763, 0.0289543, 289.357
9606, 0.00070171, 0.419726, 0.404829, 0, 0, 3.24144e-16, 0, 0, 0.824555, 2.00814e-05, 0, 7.26199, 0.967636, 0.0289424, 289.178
9607, 0.000859929, 0.418707, 0.404509, 0, 0, 4.34904e-16, 0, 0, 0.823216, 2.46033e-05, 0, 7.05866, 0.967642, 0.0289306, 289.087
9608, 0.000805611, 0.418804, 0.404828, 0, 0, 3.84055e-16, 0, 0, 0.823632, 2.30231e-05, 0, 7.12391, 0.967648, 0.0289187, 289.114
9609, 0.000640553, 0.419017, 0.405425, 0, 0, 2.41826e-16, 0, 0, 0.824442, 1.82745e-05, 0, 7.35318, 0.967654, 0.0289068, 289.167
9610, 0.000584092, 0.418904, 0.405489, 0, 0, 1.77068e-16, 0, 0, 0.824394, 1.66382e-05, 0, 7.44545, 0.96766, 0.0288949, 289.163
9611, 0.00059577, 0.418765, 0.40519, 0, 0, 1.82075e-16, 0, 0, 0.823954, 1.69601e-05, 0, 7.42566, 0.967666, 0.0288831, 289.132
9612, 0.000636144, 0.418811, 0.404832, 0, 0, 2.2539e-16, 0, 0, 0.823643, 1.81322e-05, 0, 7.36009, 0.967672, 0.0288712, 289.11
9613, 0.000636575, 0.419226, 0.404684, 0, 0, 2.38948e-16, 0, 0, 0.82391, 1.81585e-05, 0, 7.35941, 0.967678, 0.0288594, 289.126
9614, 0.000571804, 0.420043, 0.40472, 0, 0, 1.96894e-16, 0, 0, 0.824763, 1.62878e-05, 0, 7.46671, 0.967684, 0.0288475, 289.183
9615, 0.000586987, 0.420987, 0.404241, 0, 0, 1.86972e-16, 0, 0, 0.825228, 1.66868e-05, 0, 7.44051, 0.96769, 0.0288356, 289.213
9616, 0.000695497, 0.422539, 0.402841, 0, 0, 2.23435e-16, 0, 0, 0.825381, 1.97482e-05, 0, 7.27088, 0.967696, 0.0288238, 289.222
9617, 0.00073414, 0.427149, 0.399833, 0, 0, 2.34063e-16, 0, 0, 0.826982, 2.08262e-05, 0, 7.21681, 0.967702, 0.0288119, 289.329
9618, 0.000634941, 0.440028, 0.392224, 0, 0, 1.97067e-16, 0, 0, 0.832252, 1.79966e-05, 0, 7.36198, 0.967708, 0.0288001, 289.681
9619, 0.000446632, 0.463142, 0.378183, 0, 0, 1.37768e-16, 0, 0, 0.841326, 1.26555e-05, 0, 7.71377, 0.967714, 0.0287883, 290.286
9620, 0.000274464, 0.480914, 0.367342, 0, 0, 8.55693e-17, 0, 0, 0.848256, 7.77803e-06, 0, 8.20069, 0.96772, 0.0287765, 290.745
9621, 0.000276031, 0.473101, 0.372944, 0, 0, 9.16425e-17, 0, 0, 0.846045, 7.79834e-06, 0, 8.195, 0.967726, 0.0287647, 290.598
9622, 0.000489388, 0.449316, 0.387792, 0, 0, 1.83565e-16, 0, 0, 0.837108, 1.37093e-05, 0, 7.62235, 0.967732, 0.0287529, 290.002
9623, 0.000840003, 0.431733, 0.397129, 0, 0, 3.71178e-16, 0, 0, 0.828862, 2.32698e-05, 0, 7.08211, 0.967738, 0.0287411, 289.448
9624, 0.00116826, 0.424294, 0.399945, 0, 0, 5.57836e-16, 0, 0, 0.824239, 3.22185e-05, 0, 6.75224, 0.967744, 0.0287293, 289.136
9625, 0.00123822, 0.4219, 0.400681, 0, 0, 5.45683e-16, 0, 0, 0.82258, 3.43557e-05, 0, 6.69408, 0.96775, 0.0287176, 289.023
9626, 0.00112065, 0.421492, 0.401172, 0, 0, 4.40946e-16, 0, 0, 0.822664, 3.13653e-05, 0, 6.79385, 0.967756, 0.0287058, 289.027
9627, 0.000893335, 0.422175, 0.401877, 0, 0, 3.47021e-16, 0, 0, 0.824052, 2.50848e-05, 0, 7.02055, 0.967762, 0.028694, 289.12
9628, 0.000581312, 0.423125, 0.402795, 0, 0, 2.12082e-16, 0, 0, 0.82592, 1.63374e-05, 0, 7.45022, 0.967768, 0.0286823, 289.244
9629, 0.000477221, 0.423285, 0.403058, 0, 0, 1.5553e-16, 0, 0, 0.826343, 1.34315e-05, 0, 7.64753, 0.967774, 0.0286705, 289.272
9630, 0.000677724, 0.422754, 0.402289, 0, 0, 2.42659e-16, 0, 0, 0.825043, 1.90842e-05, 0, 7.29677, 0.96778, 0.0286588, 289.183
9631, 0.000934726, 0.422744, 0.400995, 0, 0, 3.74512e-16, 0, 0, 0.823738, 2.63207e-05, 0, 6.97526, 0.967786, 0.028647, 289.094
9632, 0.00111064, 0.424285, 0.399465, 0, 0, 5.28268e-16, 0, 0, 0.82375, 3.12194e-05, 0, 6.80282, 0.967792, 0.0286353, 289.094
9633, 0.00127222, 0.426338, 0.398033, 0, 0, 7.10413e-16, 0, 0, 0.824371, 3.56616e-05, 0, 6.66699, 0.967798, 0.0286235, 289.134
9634, 0.00126912, 0.426322, 0.398046, 0, 0, 7.0363e-16, 0, 0, 0.824369, 3.55892e-05, 0, 6.66944, 0.967804, 0.0286118, 289.133
9635, 0.00106117, 0.424576, 0.39943, 0, 0, 4.99728e-16, 0, 0, 0.824006, 2.9849e-05, 0, 6.84838, 0.96781, 0.0286001, 289.107
9636, 0.000906953, 0.423588, 0.400421, 0, 0, 3.66987e-16, 0, 0, 0.824008, 2.55604e-05, 0, 7.00542, 0.967816, 0.0285884, 289.106
9637, 0.000864568, 0.424302, 0.400433, 0, 0, 3.41441e-16, 0, 0, 0.824736, 2.43639e-05, 0, 7.05328, 0.967822, 0.0285767, 289.154
9638, 0.000815732, 0.426461, 0.399978, 0, 0, 3.15203e-16, 0, 0, 0.826439, 2.29548e-05, 0, 7.11142, 0.967828, 0.028565, 289.268
9639, 0.000813444, 0.428026, 0.399479, 0, 0, 3.2812e-16, 0, 0, 0.827505, 2.28462e-05, 0, 7.11423, 0.967834, 0.0285533, 289.339
9640, 0.00103025, 0.426723, 0.399023, 0, 0, 4.85907e-16, 0, 0, 0.825746, 2.88799e-05, 0, 6.87796, 0.96784, 0.0285416, 289.219
9641, 0.00137506, 0.424016, 0.398592, 0, 0, 6.71812e-16, 0, 0, 0.822608, 3.84636e-05, 0, 6.58926, 0.967846, 0.0285299, 289.006
9642, 0.00149812, 0.422458, 0.39853, 0, 0, 6.69478e-16, 0, 0, 0.820988, 4.18671e-05, 0, 6.50355, 0.967852, 0.0285182, 288.895
9643, 0.00135042, 0.42239, 0.398932, 0, 0, 5.56261e-16, 0, 0, 0.821322, 3.77912e-05, 0, 6.60734, 0.967858, 0.0285065, 288.917
9644, 0.0011045, 0.423085, 0.399572, 0, 0, 4.47783e-16, 0, 0, 0.822656, 3.09792e-05, 0, 6.80836, 0.967864, 0.0284949, 289.006
9645, 0.000839188, 0.423836, 0.400269, 0, 0, 3.24484e-16, 0, 0, 0.824105, 2.35565e-05, 0, 7.08308, 0.96787, 0.0284832, 289.103
9646, 0.000731978, 0.42404, 0.40047, 0, 0, 2.59781e-16, 0, 0, 0.82451, 2.05247e-05, 0, 7.21976, 0.967876, 0.0284715, 289.129
9647, 0.000877321, 0.423633, 0.39989, 0, 0, 3.30463e-16, 0, 0, 0.823523, 2.45915e-05, 0, 7.03864, 0.967882, 0.0284599, 289.061
9648, 0.00112668, 0.423108, 0.399017, 0, 0, 5.12858e-16, 0, 0, 0.822126, 3.15814e-05, 0, 6.78848, 0.967888, 0.0284482, 288.966
9649, 0.00139352, 0.422751, 0.398201, 0, 0, 8.3847e-16, 0, 0, 0.820952, 3.90581e-05, 0, 6.57592, 0.967894, 0.0284366, 288.885
9650, 0.00158227, 0.422678, 0.397712, 0, 0, 1.13727e-15, 0, 0, 0.82039, 4.43758e-05, 0, 6.4489, 0.9679, 0.028425, 288.846
9651, 0.00150374, 0.422985, 0.397904, 0, 0, 1.05261e-15, 0, 0, 0.820889, 4.21506e-05, 0, 6.4998, 0.967906, 0.0284133, 288.879
9652, 0.00150064, 0.423249, 0.397885, 0, 0, 1.00501e-15, 0, 0, 0.821134, 4.19533e-05, 0, 6.50186, 0.967912, 0.0284017, 288.894
9653, 0.00172824, 0.423272, 0.397207, 0, 0, 1.17217e-15, 0, 0, 0.820479, 4.82326e-05, 0, 6.36065, 0.967918, 0.0283901, 288.849
9654, 0.00170339, 0.423664, 0.396939, 0, 0, 1.0388e-15, 0, 0, 0.820603, 4.75146e-05, 0, 6.37513, 0.967924, 0.0283785, 288.856
9655, 0.00147853, 0.424897, 0.396959, 0, 0, 7.8934e-16, 0, 0, 0.821856, 4.12258e-05, 0, 6.51671, 0.96793, 0.0283669, 288.94
9656, 0.00130606, 0.427201, 0.39666, 0, 0, 7.0042e-16, 0, 0, 0.823862, 3.63274e-05, 0, 6.64074, 0.967936, 0.0283552, 289.075
9657, 0.0012725, 0.429469, 0.396072, 0, 0, 7.53612e-16, 0, 0, 0.825541, 3.52355e-05, 0, 6.66677, 0.967942, 0.0283436, 289.187
9658, 0.00145509, 0.429268, 0.395501, 0, 0, 9.66906e-16, 0, 0, 0.824769, 4.03557e-05, 0, 6.53269, 0.967948, 0.028332, 289.134
9659, 0.00157426, 0.427143, 0.3956, 0, 0, 1.07717e-15, 0, 0, 0.822742, 4.38674e-05, 0, 6.45397, 0.967954, 0.0283204, 288.996
9660, 0.00145394, 0.425866, 0.396267, 0, 0, 9.18301e-16, 0, 0, 0.822133, 4.04914e-05, 0, 6.53348, 0.96796, 0.0283088, 288.953
9661, 0.00131945, 0.425985, 0.396777, 0, 0, 7.66786e-16, 0, 0, 0.822763, 3.64473e-05, 0, 6.63054, 0.967966, 0.0282972, 288.995
9662, 0.00123464, 0.426753, 0.397128, 0, 0, 7.57569e-16, 0, 0, 0.823882, 3.37924e-05, 0, 6.69698, 0.967972, 0.028285, 289.07
9663, 0.000925655, 0.427687, 0.397972, 0, 0, 5.62117e-16, 0, 0, 0.825659, 2.52334e-05, 0, 6.98501, 0.967978, 0.028269, 289.189
9664, 0.000687629, 0.427969, 0.398403, 0, 0, 3.44412e-16, 0, 0, 0.826371, 1.8742e-05, 0, 7.28226, 0.967984, 0.0282416, 289.236
9665, 0.00102782, 0.427188, 0.397367, 0, 0, 6.40694e-16, 0, 0, 0.824555, 2.78023e-05, 0, 6.88032, 0.96799, 0.028204, 289.112
9666, 0.00178601, 0.426009, 0.395528, 0, 0, 1.45214e-15, 0, 0, 0.821537, 4.76813e-05, 0, 6.32777, 0.967996, 0.0281729, 288.907
9667, 0.00214702, 0.425526, 0.394675, 0, 0, 1.86577e-15, 0, 0, 0.8202, 5.68672e-05, 0, 6.14368, 0.968002, 0.0281629, 288.815
9668, 0.00182555, 0.425979, 0.395325, 0, 0, 1.48147e-15, 0, 0, 0.821304, 4.85557e-05, 0, 6.30587, 0.968008, 0.0281737, 288.889
9669, 0.00174669, 0.426262, 0.395404, 0, 0, 1.41791e-15, 0, 0, 0.821666, 4.70501e-05, 0, 6.35003, 0.968014, 0.0281819, 288.912
9670, 0.00202062, 0.425989, 0.39453, 0, 0, 1.63794e-15, 0, 0, 0.820519, 5.48324e-05, 0, 6.20435, 0.96802, 0.0281746, 288.833
9671, 0.00190414, 0.426, 0.39445, 0, 0, 1.32622e-15, 0, 0, 0.820451, 5.20454e-05, 0, 6.26372, 0.968026, 0.0281521, 288.828
9672, 0.00165088, 0.426353, 0.394736, 0, 0, 9.50295e-16, 0, 0, 0.821089, 4.53988e-05, 0, 6.40644, 0.968032, 0.0281107, 288.87
9673, 0.00169136, 0.426751, 0.39436, 0, 0, 9.85391e-16, 0, 0, 0.821111, 4.64741e-05, 0, 6.38222, 0.968038, 0.0280781, 288.87
9674, 0.00191543, 0.427585, 0.393534, 0, 0, 1.5243e-15, 0, 0, 0.821119, 5.25793e-05, 0, 6.25781, 0.968044, 0.0280865, 288.87
9675, 0.00217868, 0.429171, 0.392584, 0, 0, 2.39494e-15, 0, 0, 0.821755, 5.97401e-05, 0, 6.12903, 0.96805, 0.0281109, 288.912
9676, 0.00209368, 0.430724, 0.392463, 0, 0, 2.45381e-15, 0, 0, 0.823187, 5.71883e-05, 0, 6.16883, 0.968056, 0.0281184, 289.008
9677, 0.00156785, 0.430971, 0.39359, 0, 0, 1.50123e-15, 0, 0, 0.824561, 4.27756e-05, 0, 6.45805, 0.968062, 0.028111, 289.1
9678, 0.00127701, 0.430222, 0.394382, 0, 0, 8.46582e-16, 0, 0, 0.824604, 3.49764e-05, 0, 6.66324, 0.968068, 0.028099, 289.102
9679, 0.00139553, 0.429827, 0.394133, 0, 0, 8.15624e-16, 0, 0, 0.82396, 3.81998e-05, 0, 6.57448, 0.968074, 0.0280873, 289.058
9680, 0.0013174, 0.430765, 0.394118, 0, 0, 7.34649e-16, 0, 0, 0.824883, 3.59226e-05, 0, 6.63209, 0.96808, 0.0280764, 289.119
9681, 0.00102571, 0.433275, 0.393834, 0, 0, 5.19746e-16, 0, 0, 0.827109, 2.78608e-05, 0, 6.88237, 0.968086, 0.0280644, 289.269
9682, 0.000978341, 0.437571, 0.391366, 0, 0, 4.96035e-16, 0, 0, 0.828937, 2.65194e-05, 0, 6.92965, 0.968092, 0.0280509, 289.392
9683, 0.00119022, 0.442416, 0.387756, 0, 0, 7.26657e-16, 0, 0, 0.830172, 3.21343e-05, 0, 6.73362, 0.968098, 0.0280358, 289.474
9684, 0.0014766, 0.442999, 0.386467, 0, 0, 1.03081e-15, 0, 0, 0.829466, 3.95779e-05, 0, 6.51801, 0.968104, 0.0280208, 289.425
9685, 0.00146878, 0.438979, 0.388634, 0, 0, 1.02098e-15, 0, 0, 0.827613, 3.9253e-05, 0, 6.52332, 0.96811, 0.028011, 289.299
9686, 0.00132093, 0.436279, 0.390657, 0, 0, 9.72988e-16, 0, 0, 0.826936, 3.5287e-05, 0, 6.62942, 0.968116, 0.0280052, 289.252
9687, 0.00160359, 0.437101, 0.389712, 0, 0, 1.47105e-15, 0, 0, 0.826814, 4.25133e-05, 0, 6.43551, 0.968122, 0.0279974, 289.243
9688, 0.00189026, 0.438921, 0.388061, 0, 0, 1.85997e-15, 0, 0, 0.826982, 4.99921e-05, 0, 6.27104, 0.968128, 0.0279871, 289.254
9689, 0.00168687, 0.438286, 0.388654, 0, 0, 1.47647e-15, 0, 0, 0.82694, 4.49828e-05, 0, 6.38488, 0.968134, 0.0279758, 289.25
9690, 0.00154594, 0.435109, 0.390211, 0, 0, 1.12212e-15, 0, 0, 0.82532, 4.16104e-05, 0, 6.47212, 0.96814, 0.0279644, 289.139
9691, 0.00172795, 0.432357, 0.390877, 0, 0, 1.29676e-15, 0, 0, 0.823234, 4.64218e-05, 0, 6.36082, 0.968146, 0.0279531, 288.997
9692, 0.00190923, 0.431355, 0.390885, 0, 0, 1.53295e-15, 0, 0, 0.82224, 5.11858e-05, 0, 6.26106, 0.968152, 0.0279417, 288.928
9693, 0.00205731, 0.431825, 0.390466, 0, 0, 1.66857e-15, 0, 0, 0.822291, 5.51034e-05, 0, 6.18636, 0.968158, 0.0279303, 288.931
9694, 0.00185976, 0.433571, 0.390555, 0, 0, 1.40629e-15, 0, 0, 0.824126, 4.97223e-05, 0, 6.28731, 0.968164, 0.0279189, 289.054
9695, 0.00138029, 0.435033, 0.391413, 0, 0, 9.17245e-16, 0, 0, 0.826445, 3.6945e-05, 0, 6.58546, 0.96817, 0.0279076, 289.211
9696, 0.00143162, 0.434391, 0.391419, 0, 0, 1.01808e-15, 0, 0, 0.82581, 3.82837e-05, 0, 6.54895, 0.968176, 0.0278962, 289.167
9697, 0.00187528, 0.433067, 0.39059, 0, 0, 1.53042e-15, 0, 0, 0.823657, 4.99581e-05, 0, 6.279, 0.968182, 0.0278849, 289.02
9698, 0.00173425, 0.433321, 0.390905, 0, 0, 1.46083e-15, 0, 0, 0.824226, 4.62298e-05, 0, 6.35718, 0.968188, 0.0278735, 289.057
9699, 0.00111501, 0.434741, 0.391943, 0, 0, 8.33815e-16, 0, 0, 0.826684, 2.98763e-05, 0, 6.79889, 0.968194, 0.0278622, 289.223
9700, 0.000944968, 0.436244, 0.391311, 0, 0, 6.18465e-16, 0, 0, 0.827555, 2.52067e-05, 0, 6.96436, 0.9682, 0.0278508, 289.281
9701, 0.00140687, 0.439607, 0.387832, 0, 0, 1.24174e-15, 0, 0, 0.827439, 3.69094e-05, 0, 6.56639, 0.968206, 0.0278394, 289.272
9702, 0.00184914, 0.44873, 0.381282, 0, 0, 2.14063e-15, 0, 0, 0.830012, 4.83586e-05, 0, 6.29303, 0.968212, 0.0278276, 289.446
9703, 0.00163002, 0.46121, 0.374628, 0, 0, 2.14028e-15, 0, 0, 0.835838, 4.28498e-05, 0, 6.41917, 0.968218, 0.0278154, 289.838
9704, 0.00126908, 0.463741, 0.374297, 0, 0, 1.48852e-15, 0, 0, 0.838038, 3.32526e-05, 0, 6.66946, 0.968224, 0.0278035, 289.986
9705, 0.00161137, 0.453147, 0.379623, 0, 0, 1.56637e-15, 0, 0, 0.83277, 4.18503e-05, 0, 6.43067, 0.96823, 0.0277927, 289.63
9706, 0.00207924, 0.442535, 0.384273, 0, 0, 2.02668e-15, 0, 0, 0.826808, 5.44327e-05, 0, 6.17575, 0.968236, 0.027782, 289.225
9707, 0.00184338, 0.438716, 0.38683, 0, 0, 1.70461e-15, 0, 0, 0.825546, 4.89153e-05, 0, 6.29615, 0.968242, 0.0277702, 289.139
9708, 0.00148814, 0.439394, 0.387267, 0, 0, 1.17991e-15, 0, 0, 0.826661, 3.97817e-05, 0, 6.51023, 0.968248, 0.0277574, 289.213
9709, 0.00146027, 0.443632, 0.384931, 0, 0, 1.13444e-15, 0, 0, 0.828563, 3.8855e-05, 0, 6.52914, 0.968254, 0.0277434, 289.341
9710, 0.00132251, 0.454339, 0.379024, 0, 0, 1.11479e-15, 0, 0, 0.833362, 3.49696e-05, 0, 6.62822, 0.96826, 0.027727, 289.665
9711, 0.00106787, 0.472468, 0.368524, 0, 0, 1.08351e-15, 0, 0, 0.840991, 2.80989e-05, 0, 6.84209, 0.968266, 0.027712, 290.178
9712, 0.000772337, 0.492714, 0.356069, 0, 0, 9.46546e-16, 0, 0, 0.848783, 2.03615e-05, 0, 7.16609, 0.968272, 0.0277036, 290.699
9713, 0.000523755, 0.506167, 0.347244, 0, 0, 6.37941e-16, 0, 0, 0.853411, 1.38945e-05, 0, 7.55449, 0.968278, 0.0276984, 291.007
9714, 0.000733459, 0.501359, 0.349436, 0, 0, 8.19525e-16, 0, 0, 0.850795, 1.94059e-05, 0, 7.21774, 0.968284, 0.0276911, 290.832
9715, 0.00138819, 0.478024, 0.363271, 0, 0, 1.67568e-15, 0, 0, 0.841295, 3.6706e-05, 0, 6.57976, 0.96829, 0.0276811, 290.196
9716, 0.00169274, 0.456115, 0.376999, 0, 0, 2.03139e-15, 0, 0, 0.833113, 4.49695e-05, 0, 6.38141, 0.968296, 0.0276701, 289.643
9717, 0.001279, 0.44661, 0.384327, 0, 0, 1.29198e-15, 0, 0, 0.830937, 3.42811e-05, 0, 6.66168, 0.968302, 0.0276589, 289.495
9718, 0.000887558, 0.444992, 0.386292, 0, 0, 6.38364e-16, 0, 0, 0.831284, 2.40134e-05, 0, 7.02704, 0.968308, 0.0276477, 289.518
9719, 0.000963275, 0.448406, 0.38367, 0, 0, 7.62427e-16, 0, 0, 0.832076, 2.60229e-05, 0, 6.94517, 0.968314, 0.0276365, 289.571
9720, 0.00121002, 0.457911, 0.377173, 0, 0, 1.30289e-15, 0, 0, 0.835084, 3.24382e-05, 0, 6.71712, 0.96832, 0.0276252, 289.773
9721, 0.00118919, 0.468356, 0.371046, 0, 0, 1.44016e-15, 0, 0, 0.839402, 3.17494e-05, 0, 6.73448, 0.968326, 0.027614, 290.064
9722, 0.000836959, 0.472036, 0.369807, 0, 0, 9.31481e-16, 0, 0, 0.841843, 2.24126e-05, 0, 7.08574, 0.968332, 0.0276028, 290.227
9723, 0.000546322, 0.477606, 0.366557, 0, 0, 4.81956e-16, 0, 0, 0.844163, 1.47696e-05, 0, 7.5123, 0.968338, 0.0275916, 290.382
9724, 0.000447639, 0.494412, 0.354861, 0, 0, 3.96719e-16, 0, 0, 0.849273, 1.21731e-05, 0, 7.71152, 0.968344, 0.0275804, 290.723
9725, 0.00042773, 0.503844, 0.347949, 0, 0, 4.1083e-16, 0, 0, 0.851793, 1.16352e-05, 0, 7.75702, 0.96835, 0.0275692, 290.891
9726, 0.00056939, 0.487963, 0.358045, 0, 0, 4.40621e-16, 0, 0, 0.846007, 1.54945e-05, 0, 7.47094, 0.968356, 0.027558, 290.504
9727, 0.000960763, 0.462632, 0.373514, 0, 0, 6.66424e-16, 0, 0, 0.836146, 2.61282e-05, 0, 6.94778, 0.968362, 0.0275468, 289.839
9728, 0.00146432, 0.446998, 0.381786, 0, 0, 1.19716e-15, 0, 0, 0.828784, 3.9482e-05, 0, 6.52637, 0.968368, 0.0275357, 289.34
9729, 0.00212544, 0.440618, 0.383864, 0, 0, 2.2817e-15, 0, 0, 0.824481, 5.61816e-05, 0, 6.15378, 0.968374, 0.0275245, 289.047
9730, 0.0027873, 0.438203, 0.383754, 0, 0, 3.47548e-15, 0, 0, 0.821958, 7.2516e-05, 0, 5.88268, 0.96838, 0.0275133, 288.874
9731, 0.00257225, 0.438078, 0.384539, 0, 0, 3.19457e-15, 0, 0, 0.822617, 6.66493e-05, 0, 5.96297, 0.968386, 0.0275021, 288.918
9732, 0.00173163, 0.439297, 0.38614, 0, 0, 1.85485e-15, 0, 0, 0.825437, 4.54033e-05, 0, 6.35869, 0.968392, 0.027491, 289.109
9733, 0.00153871, 0.439994, 0.386257, 0, 0, 1.39046e-15, 0, 0, 0.82625, 4.1374e-05, 0, 6.47681, 0.968398, 0.0274798, 289.164
9734, 0.0018662, 0.439487, 0.385397, 0, 0, 1.66048e-15, 0, 0, 0.824884, 5.06364e-05, 0, 6.28385, 0.968404, 0.0274687, 289.07
9735, 0.0017272, 0.439012, 0.385782, 0, 0, 1.42467e-15, 0, 0, 0.824794, 4.69318e-05, 0, 6.36125, 0.96841, 0.0274575, 289.063
9736, 0.00118508, 0.439261, 0.387125, 0, 0, 7.88877e-16, 0, 0, 0.826386, 3.21787e-05, 0, 6.73794, 0.968416, 0.0274464, 289.171
9737, 0.000933886, 0.439372, 0.387727, 0, 0, 5.16221e-16, 0, 0, 0.8271, 2.51633e-05, 0, 6.97616, 0.968422, 0.0274353, 289.218
9738, 0.00130789, 0.438715, 0.386926, 0, 0, 9.96337e-16, 0, 0, 0.825641, 3.45372e-05, 0, 6.63934, 0.968428, 0.0274242, 289.118
9739, 0.00216957, 0.43767, 0.385174, 0, 0, 2.24742e-15, 0, 0, 0.822844, 5.64202e-05, 0, 6.13323, 0.968434, 0.027413, 288.927
9740, 0.00263651, 0.437325, 0.384264, 0, 0, 3.17886e-15, 0, 0, 0.821589, 6.83892e-05, 0, 5.9383, 0.96844, 0.0274019, 288.84
9741, 0.00212387, 0.438071, 0.385237, 0, 0, 2.55715e-15, 0, 0, 0.823307, 5.55353e-05, 0, 6.15452, 0.968446, 0.0273907, 288.957
9742, 0.00167985, 0.438544, 0.385896, 0, 0, 1.62846e-15, 0, 0, 0.82444, 4.47772e-05, 0, 6.38905, 0.968452, 0.0273791, 289.033
9743, 0.00201733, 0.437991, 0.384881, 0, 0, 1.70005e-15, 0, 0, 0.822871, 5.44038e-05, 0, 6.20598, 0.968458, 0.0273673, 288.925
9744, 0.00220949, 0.437692, 0.384244, 0, 0, 1.77145e-15, 0, 0, 0.821935, 5.97102e-05, 0, 6.11499, 0.968464, 0.0273561, 288.861
9745, 0.00184172, 0.438272, 0.384814, 0, 0, 1.34218e-15, 0, 0, 0.823086, 4.9806e-05, 0, 6.29705, 0.96847, 0.0273456, 288.938
9746, 0.00162867, 0.438786, 0.384965, 0, 0, 1.16821e-15, 0, 0, 0.823751, 4.40253e-05, 0, 6.41999, 0.968476, 0.0273348, 288.983
9747, 0.00186118, 0.438711, 0.384279, 0, 0, 1.55906e-15, 0, 0, 0.82299, 4.99035e-05, 0, 6.28655, 0.968482, 0.0273224, 288.93
9748, 0.00242171, 0.438226, 0.383274, 0, 0, 2.61856e-15, 0, 0, 0.8215, 6.36223e-05, 0, 6.02328, 0.968488, 0.0273068, 288.828
9749, 0.00311412, 0.437763, 0.382132, 0, 0, 4.18578e-15, 0, 0, 0.819895, 8.06456e-05, 0, 5.77181, 0.968494, 0.0272895, 288.717
9750, 0.00304673, 0.438233, 0.382255, 0, 0, 4.38844e-15, 0, 0, 0.820488, 7.90043e-05, 0, 5.79369, 0.9685, 0.0272755, 288.757
9751, 0.00209935, 0.439765, 0.383869, 0, 0, 2.61539e-15, 0, 0, 0.823634, 5.5044e-05, 0, 6.16613, 0.968506, 0.0272655, 288.971
9752, 0.00154691, 0.441013, 0.384557, 0, 0, 1.26277e-15, 0, 0, 0.82557, 4.10437e-05, 0, 6.47149, 0.968512, 0.027259, 289.102
9753, 0.00181207, 0.441238, 0.3836, 0, 0, 1.24651e-15, 0, 0, 0.824838, 4.79745e-05, 0, 6.31328, 0.968518, 0.0272536, 289.052
9754, 0.00202616, 0.441154, 0.383064, 0, 0, 1.43061e-15, 0, 0, 0.824218, 5.30385e-05, 0, 6.20161, 0.968524, 0.0272458, 289.009
9755, 0.00164742, 0.441418, 0.383986, 0, 0, 1.10409e-15, 0, 0, 0.825404, 4.26875e-05, 0, 6.40855, 0.96853, 0.0272357, 289.089
9756, 0.00121577, 0.441684, 0.384877, 0, 0, 6.95949e-16, 0, 0, 0.82656, 3.15595e-05, 0, 6.71237, 0.968536, 0.0272248, 289.167
9757, 0.00137001, 0.441318, 0.384369, 0, 0, 8.01584e-16, 0, 0, 0.825687, 3.56683e-05, 0, 6.59293, 0.968542, 0.0272138, 289.106
9758, 0.00192346, 0.440551, 0.383092, 0, 0, 1.39569e-15, 0, 0, 0.823643, 4.9879e-05, 0, 6.25363, 0.968548, 0.0272028, 288.966
9759, 0.00240488, 0.44008, 0.382075, 0, 0, 2.00346e-15, 0, 0, 0.822155, 6.20845e-05, 0, 6.03026, 0.968554, 0.0271918, 288.864
9760, 0.00224704, 0.440546, 0.382347, 0, 0, 1.8424e-15, 0, 0, 0.822893, 5.81953e-05, 0, 6.09814, 0.96856, 0.0271808, 288.913
9761, 0.00173713, 0.441433, 0.383312, 0, 0, 1.42996e-15, 0, 0, 0.824745, 4.55464e-05, 0, 6.35552, 0.968566, 0.0271698, 289.039
9762, 0.00197949, 0.441295, 0.382729, 0, 0, 2.28992e-15, 0, 0, 0.824023, 5.21942e-05, 0, 6.22491, 0.968572, 0.0271589, 288.989
9763, 0.00267554, 0.440491, 0.381224, 0, 0, 3.62007e-15, 0, 0, 0.821715, 7.04786e-05, 0, 5.9236, 0.968578, 0.0271479, 288.83
9764, 0.00258584, 0.440545, 0.381242, 0, 0, 3.09368e-15, 0, 0, 0.821787, 6.79757e-05, 0, 5.9577, 0.968584, 0.0271369, 288.835
9765, 0.00205993, 0.441189, 0.3821, 0, 0, 1.67768e-15, 0, 0, 0.82329, 5.33753e-05, 0, 6.18508, 0.96859, 0.0271259, 288.937
9766, 0.00204294, 0.441275, 0.381918, 0, 0, 1.23879e-15, 0, 0, 0.823193, 5.21997e-05, 0, 6.19336, 0.968596, 0.0271149, 288.929
9767, 0.00228548, 0.440949, 0.38126, 0, 0, 1.57839e-15, 0, 0, 0.822209, 5.889e-05, 0, 6.08118, 0.968602, 0.027104, 288.861
9768, 0.00271424, 0.440627, 0.380446, 0, 0, 2.67627e-15, 0, 0, 0.821074, 6.98529e-05, 0, 5.90924, 0.968608, 0.027093, 288.783
9769, 0.00319199, 0.440573, 0.37958, 0, 0, 3.9e-15, 0, 0, 0.820153, 8.12313e-05, 0, 5.74711, 0.968614, 0.0270821, 288.719
9770, 0.00279164, 0.44146, 0.380197, 0, 0, 3.46215e-15, 0, 0, 0.821657, 7.09157e-05, 0, 5.88113, 0.96862, 0.0270711, 288.821
9771, 0.00187024, 0.442884, 0.381695, 0, 0, 1.92275e-15, 0, 0, 0.824579, 4.80508e-05, 0, 6.28169, 0.968626, 0.0270602, 289.02
9772, 0.00170853, 0.443576, 0.381699, 0, 0, 1.30426e-15, 0, 0, 0.825275, 4.45929e-05, 0, 6.37212, 0.968632, 0.0270492, 289.067
9773, 0.00206004, 0.443603, 0.380671, 0, 0, 1.46021e-15, 0, 0, 0.824275, 5.4158e-05, 0, 6.18503, 0.968638, 0.0270383, 288.998
9774, 0.00194182, 0.443791, 0.380678, 0, 0, 1.26995e-15, 0, 0, 0.824469, 5.13944e-05, 0, 6.24413, 0.968644, 0.0270273, 289.011
9775, 0.00147078, 0.444122, 0.381522, 0, 0, 8.11255e-16, 0, 0, 0.825644, 3.90537e-05, 0, 6.52196, 0.96865, 0.0270164, 289.09
9776, 0.00129352, 0.444192, 0.381849, 0, 0, 6.73525e-16, 0, 0, 0.82604, 3.40064e-05, 0, 6.65039, 0.968656, 0.0270055, 289.117
9777, 0.00165335, 0.443761, 0.381105, 0, 0, 1.08343e-15, 0, 0, 0.824866, 4.28051e-05, 0, 6.40495, 0.968662, 0.0269945, 289.036
9778, 0.00230109, 0.443029, 0.379773, 0, 0, 2.02457e-15, 0, 0, 0.822802, 5.92036e-05, 0, 6.07437, 0.968668, 0.0269835, 288.894
9779, 0.00282444, 0.4426, 0.378737, 0, 0, 3.05932e-15, 0, 0, 0.821337, 7.24869e-05, 0, 5.86944, 0.968674, 0.0269723, 288.793
9780, 0.00263664, 0.443094, 0.378963, 0, 0, 2.83837e-15, 0, 0, 0.822057, 6.79191e-05, 0, 5.93825, 0.96868, 0.0269588, 288.841
9781, 0.00187608, 0.444263, 0.380121, 0, 0, 1.55719e-15, 0, 0, 0.824383, 4.89414e-05, 0, 6.27857, 0.968686, 0.0269361, 289
9782, 0.00159672, 0.445044, 0.38026, 0, 0, 1.00684e-15, 0, 0, 0.825304, 4.19468e-05, 0, 6.4398, 0.968692, 0.0269007, 289.062
9783, 0.00202944, 0.445659, 0.378791, 0, 0, 1.4642e-15, 0, 0, 0.82445, 5.26995e-05, 0, 6.19999, 0.968698, 0.0268681, 289.003
9784, 0.00230578, 0.447707, 0.377158, 0, 0, 1.8866e-15, 0, 0, 0.824864, 5.90901e-05, 0, 6.07234, 0.968704, 0.0268511, 289.031
9785, 0.00206359, 0.450251, 0.376494, 0, 0, 1.82464e-15, 0, 0, 0.826745, 5.28378e-05, 0, 6.18331, 0.96871, 0.0268466, 289.159
9786, 0.00218093, 0.449794, 0.376303, 0, 0, 2.21829e-15, 0, 0, 0.826097, 5.62295e-05, 0, 6.12801, 0.968716, 0.026859, 289.114
9787, 0.0027657, 0.446904, 0.376237, 0, 0, 3.18115e-15, 0, 0, 0.823141, 7.11044e-05, 0, 5.89046, 0.968722, 0.0268729, 288.911
9788, 0.00323834, 0.444654, 0.376226, 0, 0, 4.07808e-15, 0, 0, 0.82088, 8.25662e-05, 0, 5.7327, 0.968728, 0.0268698, 288.755
9789, 0.00355329, 0.443779, 0.376, 0, 0, 4.53288e-15, 0, 0, 0.819779, 8.94271e-05, 0, 5.63988, 0.968734, 0.0268479, 288.678
9790, 0.00317568, 0.444206, 0.376632, 0, 0, 3.50928e-15, 0, 0, 0.820839, 7.93834e-05, 0, 5.75223, 0.96874, 0.0268027, 288.751
9791, 0.00219837, 0.445516, 0.378211, 0, 0, 1.84649e-15, 0, 0, 0.823727, 5.5522e-05, 0, 6.12004, 0.968746, 0.0267536, 288.948
9792, 0.00178351, 0.446394, 0.378772, 0, 0, 1.26991e-15, 0, 0, 0.825166, 4.60083e-05, 0, 6.32917, 0.968752, 0.0267472, 289.046
9793, 0.00221315, 0.446313, 0.37773, 0, 0, 1.83731e-15, 0, 0, 0.824044, 5.75171e-05, 0, 6.11334, 0.968758, 0.0267782, 288.968
9794, 0.0025966, 0.44614, 0.376888, 0, 0, 2.4974e-15, 0, 0, 0.823028, 6.73618e-05, 0, 5.95355, 0.968764, 0.0267986, 288.898
9795, 0.00228953, 0.44649, 0.377477, 0, 0, 2.2783e-15, 0, 0, 0.823967, 5.91828e-05, 0, 6.07941, 0.96877, 0.0267973, 288.962
9796, 0.00178317, 0.44689, 0.378378, 0, 0, 1.59474e-15, 0, 0, 0.825268, 4.61315e-05, 0, 6.32936, 0.968776, 0.0267879, 289.05
9797, 0.00195661, 0.44659, 0.377928, 0, 0, 1.6638e-15, 0, 0, 0.824518, 5.06096e-05, 0, 6.23654, 0.968782, 0.0267768, 288.998
9798, 0.0024817, 0.445915, 0.376802, 0, 0, 2.18264e-15, 0, 0, 0.822716, 6.3932e-05, 0, 5.99881, 0.968788, 0.0267636, 288.874
9799, 0.00280289, 0.445511, 0.376021, 0, 0, 2.56771e-15, 0, 0, 0.821532, 7.18878e-05, 0, 5.87711, 0.968794, 0.0267474, 288.792
9800, 0.0027444, 0.4457, 0.375876, 0, 0, 2.62277e-15, 0, 0, 0.821576, 7.05952e-05, 0, 5.89819, 0.9688, 0.0267322, 288.794
9801, 0.00220718, 0.446549, 0.376616, 0, 0, 1.97174e-15, 0, 0, 0.823164, 5.74169e-05, 0, 6.11604, 0.968806, 0.0267211, 288.903
9802, 0.00184096, 0.447311, 0.377145, 0, 0, 1.38831e-15, 0, 0, 0.824456, 4.82045e-05, 0, 6.29747, 0.968812, 0.0267104, 288.991
9803, 0.00219361, 0.447315, 0.376344, 0, 0, 1.79944e-15, 0, 0, 0.823658, 5.72812e-05, 0, 6.12221, 0.968818, 0.0266998, 288.935
9804, 0.00276678, 0.447321, 0.374954, 0, 0, 2.69572e-15, 0, 0, 0.822274, 7.18969e-05, 0, 5.89007, 0.968824, 0.026692, 288.84
9805, 0.00278133, 0.448863, 0.374143, 0, 0, 2.90692e-15, 0, 0, 0.823005, 7.17634e-05, 0, 5.88483, 0.96883, 0.0266858, 288.889
9806, 0.00231257, 0.452086, 0.373569, 0, 0, 2.33157e-15, 0, 0, 0.825656, 5.95163e-05, 0, 6.0694, 0.968836, 0.0266786, 289.07
9807, 0.00226495, 0.454252, 0.372496, 0, 0, 2.42384e-15, 0, 0, 0.826749, 5.8526e-05, 0, 6.0902, 0.968842, 0.0266693, 289.145
9808, 0.00280676, 0.452804, 0.371926, 0, 0, 3.69929e-15, 0, 0, 0.82473, 7.24618e-05, 0, 5.87572, 0.968848, 0.026659, 289.006
9809, 0.00330912, 0.449728, 0.372307, 0, 0, 5.14095e-15, 0, 0, 0.822035, 8.5124e-05, 0, 5.71107, 0.968854, 0.0266483, 288.82
9810, 0.00345923, 0.448048, 0.372808, 0, 0, 5.75763e-15, 0, 0, 0.820856, 8.87537e-05, 0, 5.66671, 0.96886, 0.0266376, 288.738
9811, 0.00288756, 0.448311, 0.373805, 0, 0, 4.27738e-15, 0, 0, 0.822116, 7.44328e-05, 0, 5.84734, 0.968866, 0.0266268, 288.824
9812, 0.00204902, 0.449587, 0.37489, 0, 0, 2.14295e-15, 0, 0, 0.824476, 5.33877e-05, 0, 6.19039, 0.968872, 0.0266161, 288.986
9813, 0.00185227, 0.450766, 0.374754, 0, 0, 1.5684e-15, 0, 0, 0.82552, 4.84751e-05, 0, 6.29134, 0.968878, 0.0266054, 289.057
9814, 0.00224429, 0.451197, 0.373749, 0, 0, 2.26222e-15, 0, 0, 0.824947, 5.8489e-05, 0, 6.09937, 0.968884, 0.0265947, 289.017
9815, 0.00245868, 0.451043, 0.373418, 0, 0, 2.67871e-15, 0, 0, 0.824462, 6.37304e-05, 0, 6.00813, 0.96889, 0.026584, 288.983
9816, 0.00219359, 0.451044, 0.373939, 0, 0, 2.08007e-15, 0, 0, 0.824983, 5.64268e-05, 0, 6.12222, 0.968896, 0.0265732, 289.018
9817, 0.00207324, 0.451243, 0.373962, 0, 0, 1.72453e-15, 0, 0, 0.825205, 5.29692e-05, 0, 6.17864, 0.968902, 0.0265625, 289.033
9818, 0.00242557, 0.451442, 0.373009, 0, 0, 2.42931e-15, 0, 0, 0.824452, 6.20068e-05, 0, 6.02169, 0.968908, 0.0265518, 288.981
9819, 0.00292656, 0.452017, 0.371566, 0, 0, 3.4253e-15, 0, 0, 0.823583, 7.48077e-05, 0, 5.83393, 0.968914, 0.0265411, 288.92
9820, 0.00314168, 0.453976, 0.369999, 0, 0, 4.00401e-15, 0, 0, 0.823975, 7.99726e-05, 0, 5.763, 0.96892, 0.0265304, 288.947
9821, 0.00287945, 0.45951, 0.367405, 0, 0, 3.74244e-15, 0, 0, 0.826915, 7.31948e-05, 0, 5.85016, 0.968926, 0.0265197, 289.148
9822, 0.00201482, 0.473646, 0.360461, 0, 0, 2.31074e-15, 0, 0, 0.834107, 5.16116e-05, 0, 6.20723, 0.968932, 0.0265089, 289.639
9823, 0.00113273, 0.500409, 0.344451, 0, 0, 1.08581e-15, 0, 0, 0.84486, 2.92932e-05, 0, 6.78312, 0.968938, 0.0264982, 290.37
9824, 0.000742085, 0.527277, 0.326444, 0, 0, 7.64486e-16, 0, 0, 0.853721, 1.9132e-05, 0, 7.20605, 0.968944, 0.0264875, 290.967
9825, 0.000846622, 0.527925, 0.325812, 0, 0, 9.52119e-16, 0, 0, 0.853737, 2.16702e-05, 0, 7.07426, 0.96895, 0.0264768, 290.968
9826, 0.00110859, 0.505424, 0.341563, 0, 0, 1.20774e-15, 0, 0, 0.846987, 2.85173e-05, 0, 6.80466, 0.968956, 0.0264661, 290.512
9827, 0.00124008, 0.489575, 0.352692, 0, 0, 1.62181e-15, 0, 0, 0.842267, 3.20703e-05, 0, 6.69258, 0.968962, 0.0264553, 290.192
9828, 0.0015656, 0.486763, 0.353948, 0, 0, 2.9426e-15, 0, 0, 0.840711, 4.01924e-05, 0, 6.45949, 0.968968, 0.0264446, 290.086
9829, 0.00226132, 0.480511, 0.355984, 0, 0, 4.6119e-15, 0, 0, 0.836494, 5.76252e-05, 0, 6.09181, 0.968974, 0.0264338, 289.799
9830, 0.00293969, 0.467303, 0.362143, 0, 0, 5.48765e-15, 0, 0, 0.829446, 7.51746e-05, 0, 5.82945, 0.96898, 0.026423, 289.316
9831, 0.00334862, 0.457535, 0.366825, 0, 0, 5.89391e-15, 0, 0, 0.82436, 8.62249e-05, 0, 5.69921, 0.968986, 0.0264122, 288.967
9832, 0.00320049, 0.453928, 0.369061, 0, 0, 5.10417e-15, 0, 0, 0.822989, 8.26614e-05, 0, 5.74445, 0.968992, 0.0264014, 288.872
9833, 0.00277473, 0.453248, 0.370267, 0, 0, 3.47778e-15, 0, 0, 0.823515, 7.11331e-05, 0, 5.8872, 0.968998, 0.0263905, 288.908
9834, 0.00271962, 0.453283, 0.370502, 0, 0, 2.96749e-15, 0, 0, 0.823785, 6.86867e-05, 0, 5.90726, 0.969004, 0.0263795, 288.926
9835, 0.00282448, 0.453408, 0.370368, 0, 0, 3.37628e-15, 0, 0, 0.823776, 7.12551e-05, 0, 5.86943, 0.96901, 0.0263684, 288.924
9836, 0.00286129, 0.453286, 0.370343, 0, 0, 3.79744e-15, 0, 0, 0.823629, 7.2803e-05, 0, 5.85648, 0.969016, 0.0263573, 288.914
9837, 0.0025509, 0.453197, 0.370795, 0, 0, 3.14601e-15, 0, 0, 0.823992, 6.54545e-05, 0, 5.97131, 0.969022, 0.0263459, 288.938
9838, 0.00228236, 0.453194, 0.371064, 0, 0, 2.32004e-15, 0, 0, 0.824258, 5.88809e-05, 0, 6.08255, 0.969028, 0.0263342, 288.956
9839, 0.00262538, 0.452881, 0.370386, 0, 0, 2.85036e-15, 0, 0, 0.823267, 6.72868e-05, 0, 5.94253, 0.969034, 0.0263221, 288.887
9840, 0.00328117, 0.452325, 0.369317, 0, 0, 4.87245e-15, 0, 0, 0.821642, 8.35894e-05, 0, 5.71955, 0.96904, 0.0263093, 288.775
9841, 0.00385691, 0.451835, 0.368459, 0, 0, 8.64368e-15, 0, 0, 0.820295, 9.87005e-05, 0, 5.55789, 0.969046, 0.0262951, 288.681
9842, 0.00406722, 0.451745, 0.368115, 0, 0, 1.11053e-14, 0, 0, 0.819861, 0.000104662, 0, 5.5048, 0.969052, 0.0262782, 288.651
9843, 0.00356473, 0.452268, 0.368676, 0, 0, 8.30572e-15, 0, 0, 0.820944, 9.18004e-05, 0, 5.63667, 0.969058, 0.0262536, 288.725
9844, 0.003164, 0.452863, 0.369059, 0, 0, 5.21141e-15, 0, 0, 0.821922, 8.10038e-05, 0, 5.75592, 0.969064, 0.0261981, 288.792
9845, 0.00324736, 0.453195, 0.36877, 0, 0, 4.76731e-15, 0, 0, 0.821965, 8.2357e-05, 0, 5.72991, 0.96907, 0.0260398, 288.794
9846, 0.00328298, 0.453506, 0.368492, 0, 0, 4.64519e-15, 0, 0, 0.821998, 8.2218e-05, 0, 5.719, 0.969076, 0.0257469, 288.796
9847, 0.00339864, 0.453844, 0.368051, 0, 0, 4.98217e-15, 0, 0, 0.821894, 8.42691e-05, 0, 5.68438, 0.969082, 0.0255838, 288.788
9848, 0.00327141, 0.454508, 0.367945, 0, 0, 5.25445e-15, 0, 0, 0.822453, 8.15879e-05, 0, 5.72253, 0.969088, 0.0257685, 288.826
9849, 0.00312084, 0.455295, 0.367749, 0, 0, 6.55668e-15, 0, 0, 0.823044, 7.93543e-05, 0, 5.76965, 0.969094, 0.0260258, 288.866
9850, 0.00364406, 0.455827, 0.366431, 0, 0, 1.08409e-14, 0, 0, 0.822258, 9.37123e-05, 0, 5.61466, 0.9691, 0.0261432, 288.812
9851, 0.00404866, 0.456908, 0.365085, 0, 0, 1.26217e-14, 0, 0, 0.821993, 0.000103719, 0, 5.50937, 0.969106, 0.0261714, 288.793
9852, 0.00382389, 0.459463, 0.364065, 0, 0, 9.05258e-15, 0, 0, 0.823528, 9.67122e-05, 0, 5.56649, 0.969112, 0.0261736, 288.898
9853, 0.00326788, 0.464839, 0.362011, 0, 0, 5.22835e-15, 0, 0, 0.82685, 8.19884e-05, 0, 5.72361, 0.969118, 0.0261691, 289.127
9854, 0.00239144, 0.477558, 0.355637, 0, 0, 2.94347e-15, 0, 0, 0.833194, 6.03978e-05, 0, 6.03586, 0.969124, 0.026162, 289.562
9855, 0.00156562, 0.508115, 0.335393, 0, 0, 1.9747e-15, 0, 0, 0.843508, 3.98674e-05, 0, 6.45948, 0.96913, 0.0261537, 290.265
9856, 0.000924634, 0.563035, 0.293885, 0, 0, 1.42148e-15, 0, 0, 0.85692, 2.35274e-05, 0, 6.98611, 0.969136, 0.0261447, 291.172
9857, 0.000462403, 0.611209, 0.255562, 0, 0, 7.10366e-16, 0, 0, 0.866771, 1.16727e-05, 0, 7.67907, 0.969142, 0.0261353, 291.832
9858, 0.000413988, 0.600262, 0.264539, 0, 0, 4.29734e-16, 0, 0, 0.864801, 1.03608e-05, 0, 7.78967, 0.969148, 0.0261256, 291.7
9859, 0.000734263, 0.543127, 0.310069, 0, 0, 6.66686e-16, 0, 0, 0.853195, 1.85361e-05, 0, 7.21664, 0.969154, 0.0261157, 290.92
9860, 0.00138656, 0.495707, 0.345021, 0, 0, 1.47899e-15, 0, 0, 0.840728, 3.50046e-05, 0, 6.58093, 0.96916, 0.0261055, 290.074
9861, 0.00235169, 0.473232, 0.358461, 0, 0, 3.11763e-15, 0, 0, 0.831693, 5.90723e-05, 0, 6.05262, 0.969166, 0.0260945, 289.456
9862, 0.00327638, 0.464083, 0.362032, 0, 0, 5.77727e-15, 0, 0, 0.826115, 8.23661e-05, 0, 5.72101, 0.969172, 0.0260803, 289.072
9863, 0.00395696, 0.459971, 0.362904, 0, 0, 8.97624e-15, 0, 0, 0.822874, 9.98642e-05, 0, 5.53228, 0.969178, 0.0260627, 288.848
9864, 0.00411338, 0.458021, 0.363482, 0, 0, 9.42153e-15, 0, 0, 0.821503, 0.000104436, 0, 5.49351, 0.969184, 0.026049, 288.753
9865, 0.00381332, 0.457188, 0.364276, 0, 0, 7.39405e-15, 0, 0, 0.821463, 9.73562e-05, 0, 5.56925, 0.96919, 0.0260427, 288.749
9866, 0.00376988, 0.456683, 0.364569, 0, 0, 7.8403e-15, 0, 0, 0.821251, 9.59517e-05, 0, 5.58071, 0.969196, 0.0260348, 288.734
9867, 0.00405517, 0.456297, 0.364287, 0, 0, 1.01869e-14, 0, 0, 0.820585, 0.000102486, 0, 5.50776, 0.969202, 0.0260202, 288.688
9868, 0.00388173, 0.456339, 0.364477, 0, 0, 8.9426e-15, 0, 0, 0.820816, 9.81823e-05, 0, 5.55147, 0.969208, 0.0260081, 288.703
9869, 0.00336947, 0.456607, 0.365112, 0, 0, 5.81043e-15, 0, 0, 0.82172, 8.60092e-05, 0, 5.693, 0.969214, 0.0260038, 288.765
9870, 0.00309159, 0.456745, 0.365528, 0, 0, 4.61343e-15, 0, 0, 0.822273, 7.92743e-05, 0, 5.77907, 0.96922, 0.0260001, 288.803
9871, 0.00327574, 0.456586, 0.365361, 0, 0, 5.90629e-15, 0, 0, 0.821947, 8.32533e-05, 0, 5.72121, 0.969226, 0.0259923, 288.78
9872, 0.00409348, 0.455983, 0.364266, 0, 0, 1.01561e-14, 0, 0, 0.82025, 0.000102944, 0, 5.49836, 0.969232, 0.0259824, 288.662
9873, 0.00477284, 0.455429, 0.363245, 0, 0, 1.41287e-14, 0, 0, 0.818674, 0.000119846, 0, 5.34481, 0.969238, 0.0259721, 288.552
9874, 0.00485672, 0.45532, 0.362984, 0, 0, 1.50838e-14, 0, 0, 0.818304, 0.000122194, 0, 5.32739, 0.969244, 0.0259618, 288.526
9875, 0.00466136, 0.455555, 0.363117, 0, 0, 1.35452e-14, 0, 0, 0.818672, 0.000117328, 0, 5.36845, 0.96925, 0.0259514, 288.551
9876, 0.00413591, 0.456076, 0.363659, 0, 0, 9.58809e-15, 0, 0, 0.819735, 0.000104251, 0, 5.48805, 0.969256, 0.0259411, 288.625
9877, 0.00388109, 0.45646, 0.363851, 0, 0, 7.46166e-15, 0, 0, 0.820311, 9.74758e-05, 0, 5.55164, 0.969262, 0.0259308, 288.664
9878, 0.0042204, 0.456507, 0.363271, 0, 0, 8.86082e-15, 0, 0, 0.819778, 0.000105658, 0, 5.46782, 0.969268, 0.0259205, 288.627
9879, 0.004221, 0.45676, 0.36309, 0, 0, 8.89952e-15, 0, 0, 0.819849, 0.000106268, 0, 5.46768, 0.969274, 0.0259102, 288.631
9880, 0.00370747, 0.457413, 0.363596, 0, 0, 6.23103e-15, 0, 0, 0.82101, 9.33187e-05, 0, 5.59741, 0.96928, 0.0258998, 288.711
9881, 0.00311834, 0.45824, 0.364235, 0, 0, 3.71815e-15, 0, 0, 0.822474, 7.79067e-05, 0, 5.77045, 0.969286, 0.0258895, 288.812
9882, 0.0027705, 0.458991, 0.364474, 0, 0, 3.43161e-15, 0, 0, 0.823465, 6.94031e-05, 0, 5.88873, 0.969292, 0.0258792, 288.88
9883, 0.00322632, 0.459746, 0.363286, 0, 0, 6.77466e-15, 0, 0, 0.823032, 8.12307e-05, 0, 5.73641, 0.969298, 0.0258689, 288.85
9884, 0.00411273, 0.461189, 0.360977, 0, 0, 1.35813e-14, 0, 0, 0.822165, 0.000103523, 0, 5.49367, 0.969304, 0.0258586, 288.789
9885, 0.00473061, 0.46208, 0.359368, 0, 0, 2.23618e-14, 0, 0, 0.821448, 0.000118919, 0, 5.3537, 0.96931, 0.0258482, 288.739
9886, 0.00490211, 0.460952, 0.359481, 0, 0, 2.50344e-14, 0, 0, 0.820432, 0.000123257, 0, 5.31809, 0.969316, 0.0258379, 288.668
9887, 0.00442334, 0.459891, 0.360588, 0, 0, 1.70511e-14, 0, 0, 0.820479, 0.000111764, 0, 5.42086, 0.969322, 0.0258276, 288.671
9888, 0.00398918, 0.460269, 0.360985, 0, 0, 1.18026e-14, 0, 0, 0.821254, 0.000101427, 0, 5.52417, 0.969328, 0.0258173, 288.725
9889, 0.00403666, 0.462147, 0.359868, 0, 0, 1.37559e-14, 0, 0, 0.822015, 0.000102734, 0, 5.51234, 0.969334, 0.025807, 288.777
9890, 0.00389691, 0.468565, 0.356274, 0, 0, 1.33787e-14, 0, 0, 0.824839, 9.85262e-05, 0, 5.54757, 0.96934, 0.0257967, 288.972
9891, 0.00306874, 0.487429, 0.345381, 0, 0, 8.34485e-15, 0, 0, 0.83281, 7.71066e-05, 0, 5.78649, 0.969346, 0.0257864, 289.521
9892, 0.00195861, 0.518236, 0.326244, 0, 0, 4.20301e-15, 0, 0, 0.84448, 4.93828e-05, 0, 6.23552, 0.969352, 0.0257762, 290.32
9893, 0.00146295, 0.532244, 0.317648, 0, 0, 3.10521e-15, 0, 0, 0.849892, 3.71265e-05, 0, 6.5273, 0.969358, 0.0257659, 290.687
9894, 0.00213651, 0.512132, 0.330768, 0, 0, 5.95511e-15, 0, 0, 0.8429, 5.3952e-05, 0, 6.14858, 0.969364, 0.0257556, 290.211
9895, 0.0034486, 0.48431, 0.347337, 0, 0, 1.19557e-14, 0, 0, 0.831648, 8.65604e-05, 0, 5.66979, 0.96937, 0.0257453, 289.44
9896, 0.00430356, 0.47017, 0.354892, 0, 0, 1.56164e-14, 0, 0, 0.825062, 0.000107683, 0, 5.44831, 0.969376, 0.0257351, 288.985
9897, 0.00438645, 0.467952, 0.356057, 0, 0, 1.47304e-14, 0, 0, 0.824009, 0.000109418, 0, 5.42924, 0.969382, 0.0257248, 288.912
9898, 0.00377333, 0.475544, 0.352301, 0, 0, 1.086e-14, 0, 0, 0.827846, 9.40966e-05, 0, 5.5798, 0.969388, 0.0257145, 289.177
9899, 0.0025841, 0.498349, 0.339002, 0, 0, 5.95882e-15, 0, 0, 0.837351, 6.48799e-05, 0, 5.95838, 0.969394, 0.0257043, 289.83
9900, 0.00160463, 0.529586, 0.318883, 0, 0, 4.08858e-15, 0, 0, 0.848469, 4.06044e-05, 0, 6.43486, 0.9694, 0.025694, 290.589
9901, 0.00163587, 0.536393, 0.314252, 0, 0, 6.60518e-15, 0, 0, 0.850645, 4.13262e-05, 0, 6.41558, 0.969406, 0.0256838, 290.737
9902, 0.00255084, 0.510286, 0.331104, 0, 0, 1.05727e-14, 0, 0, 0.84139, 6.42465e-05, 0, 5.97133, 0.969412, 0.0256735, 290.106
9903, 0.00320076, 0.482552, 0.348616, 0, 0, 1.04302e-14, 0, 0, 0.831167, 8.07477e-05, 0, 5.74437, 0.969418, 0.0256633, 289.404
9904, 0.00311739, 0.469636, 0.356854, 0, 0, 6.78606e-15, 0, 0, 0.82649, 7.87714e-05, 0, 5.77076, 0.969424, 0.0256531, 289.081
9905, 0.00314057, 0.465512, 0.35918, 0, 0, 6.40674e-15, 0, 0, 0.824692, 7.90478e-05, 0, 5.76335, 0.96943, 0.0256428, 288.956
9906, 0.00395409, 0.463361, 0.358927, 0, 0, 1.50678e-14, 0, 0, 0.822287, 9.91385e-05, 0, 5.53301, 0.969436, 0.0256326, 288.789
9907, 0.00502932, 0.461521, 0.357978, 0, 0, 4.03926e-14, 0, 0, 0.819499, 0.000126515, 0, 5.29247, 0.969442, 0.0256223, 288.595
9908, 0.00572484, 0.460369, 0.357284, 0, 0, 7.09449e-14, 0, 0, 0.817652, 0.000144735, 0, 5.16294, 0.969448, 0.0256121, 288.466
9909, 0.00556873, 0.460112, 0.357424, 0, 0, 6.4492e-14, 0, 0, 0.817536, 0.000140886, 0, 5.19059, 0.969454, 0.0256018, 288.458
9910, 0.00498186, 0.460318, 0.358017, 0, 0, 3.75759e-14, 0, 0, 0.818335, 0.00012573, 0, 5.30195, 0.96946, 0.0255913, 288.513
9911, 0.00516465, 0.460229, 0.357754, 0, 0, 4.08018e-14, 0, 0, 0.817982, 0.000130046, 0, 5.26592, 0.969466, 0.0255788, 288.488
9912, 0.00589957, 0.459871, 0.356873, 0, 0, 6.08899e-14, 0, 0, 0.816744, 0.000148022, 0, 5.13287, 0.969472, 0.0255577, 288.402
9913, 0.00615272, 0.459821, 0.356497, 0, 0, 6.02973e-14, 0, 0, 0.816318, 0.000153554, 0, 5.09086, 0.969478, 0.0255203, 288.371
9914, 0.00582903, 0.460227, 0.356742, 0, 0, 4.50338e-14, 0, 0, 0.816969, 0.000144971, 0, 5.1449, 0.969484, 0.0254815, 288.416
9915, 0.00500868, 0.460911, 0.357572, 0, 0, 2.787e-14, 0, 0, 0.818483, 0.000124912, 0, 5.29658, 0.96949, 0.0254615, 288.522
9916, 0.00427286, 0.46142, 0.358325, 0, 0, 1.58018e-14, 0, 0, 0.819745, 0.000107009, 0, 5.45547, 0.969496, 0.0254547, 288.609
9917, 0.00461372, 0.461267, 0.357856, 0, 0, 1.91473e-14, 0, 0, 0.819123, 0.000114894, 0, 5.37872, 0.969502, 0.0254702, 288.565
9918, 0.00563071, 0.460746, 0.356627, 0, 0, 3.07731e-14, 0, 0, 0.817373, 0.000138797, 0, 5.17952, 0.969508, 0.0254927, 288.443
9919, 0.00601521, 0.460576, 0.356072, 0, 0, 3.35868e-14, 0, 0, 0.816649, 0.000147986, 0, 5.11346, 0.969514, 0.0254956, 288.392
9920, 0.00558321, 0.460885, 0.356366, 0, 0, 2.55595e-14, 0, 0, 0.817251, 0.000138602, 0, 5.18799, 0.96952, 0.0254806, 288.434
9921, 0.00514801, 0.461319, 0.356649, 0, 0, 1.83792e-14, 0, 0, 0.817968, 0.000128999, 0, 5.26915, 0.969526, 0.0254457, 288.484
9922, 0.00499824, 0.461688, 0.356624, 0, 0, 1.60961e-14, 0, 0, 0.818312, 0.00012538, 0, 5.29867, 0.969532, 0.025401, 288.507
9923, 0.00515001, 0.461893, 0.356259, 0, 0, 1.95019e-14, 0, 0, 0.818152, 0.000128791, 0, 5.26876, 0.969538, 0.0253717, 288.496
9924, 0.00561836, 0.461999, 0.355536, 0, 0, 3.05953e-14, 0, 0, 0.817535, 0.000139824, 0, 5.18172, 0.969544, 0.0253672, 288.452
9925, 0.00607682, 0.462588, 0.354657, 0, 0, 4.59514e-14, 0, 0, 0.817245, 0.000150565, 0, 5.10327, 0.96955, 0.0253909, 288.432
9926, 0.00583805, 0.4649, 0.353938, 0, 0, 4.86514e-14, 0, 0, 0.818838, 0.000144567, 0, 5.14336, 0.969556, 0.0254142, 288.543
9927, 0.00460999, 0.469543, 0.353485, 0, 0, 2.9915e-14, 0, 0, 0.823028, 0.000114641, 0, 5.37953, 0.969562, 0.0254165, 288.834
9928, 0.00338997, 0.473106, 0.353509, 0, 0, 1.15549e-14, 0, 0, 0.826615, 8.47575e-05, 0, 5.68693, 0.969568, 0.0254085, 289.082
9929, 0.00339718, 0.471439, 0.354176, 0, 0, 1.05209e-14, 0, 0, 0.825615, 8.46352e-05, 0, 5.68481, 0.969574, 0.0253987, 289.013
9930, 0.0046651, 0.466912, 0.354388, 0, 0, 3.31744e-14, 0, 0, 0.8213, 0.00011478, 0, 5.36765, 0.96958, 0.0253887, 288.713
9931, 0.00611021, 0.463696, 0.353805, 0, 0, 7.99956e-14, 0, 0, 0.817501, 0.000149527, 0, 5.09779, 0.969586, 0.0253787, 288.448
9932, 0.00644772, 0.462629, 0.353712, 0, 0, 1.03502e-13, 0, 0, 0.816341, 0.00015873, 0, 5.04403, 0.969592, 0.0253686, 288.366
9933, 0.00575224, 0.462713, 0.354423, 0, 0, 6.93618e-14, 0, 0, 0.817137, 0.000142634, 0, 5.15817, 0.969598, 0.0253585, 288.422
9934, 0.00547176, 0.462792, 0.354632, 0, 0, 3.67464e-14, 0, 0, 0.817424, 0.000135647, 0, 5.20815, 0.969604, 0.0253484, 288.441
9935, 0.00593605, 0.462626, 0.354044, 0, 0, 3.67977e-14, 0, 0, 0.81667, 0.000146672, 0, 5.12671, 0.96961, 0.0253383, 288.388
9936, 0.00639111, 0.462564, 0.353448, 0, 0, 4.50613e-14, 0, 0, 0.816011, 0.000157276, 0, 5.05285, 0.969616, 0.025328, 288.342
9937, 0.00652448, 0.462672, 0.353184, 0, 0, 4.58342e-14, 0, 0, 0.815857, 0.000159283, 0, 5.03219, 0.969622, 0.0253159, 288.331
9938, 0.00618732, 0.462992, 0.353424, 0, 0, 3.65765e-14, 0, 0, 0.816416, 0.000150653, 0, 5.08525, 0.969628, 0.0253005, 288.37
9939, 0.00546442, 0.463558, 0.354067, 0, 0, 2.28369e-14, 0, 0, 0.817625, 0.000133615, 0, 5.2095, 0.969634, 0.0252847, 288.454
9940, 0.00511529, 0.463977, 0.354323, 0, 0, 1.56542e-14, 0, 0, 0.8183, 0.000124379, 0, 5.27552, 0.96964, 0.0252724, 288.501
9941, 0.00546386, 0.464031, 0.353785, 0, 0, 2.18101e-14, 0, 0, 0.817817, 0.000132249, 0, 5.2096, 0.969646, 0.0252642, 288.467
9942, 0.00600734, 0.464041, 0.352963, 0, 0, 3.80652e-14, 0, 0, 0.817004, 0.000146781, 0, 5.11477, 0.969652, 0.025258, 288.41
9943, 0.00618329, 0.464226, 0.352565, 0, 0, 4.58463e-14, 0, 0, 0.816791, 0.000152383, 0, 5.0859, 0.969658, 0.0252459, 288.394
9944, 0.00582544, 0.46445, 0.352846, 0, 0, 3.49512e-14, 0, 0, 0.817296, 0.000144183, 0, 5.14552, 0.969664, 0.0252306, 288.429
9945, 0.00561567, 0.46447, 0.353035, 0, 0, 2.59544e-14, 0, 0, 0.817504, 0.000139207, 0, 5.18219, 0.96967, 0.0252217, 288.444
9946, 0.00579969, 0.464342, 0.352755, 0, 0, 3.07658e-14, 0, 0, 0.817097, 0.000143814, 0, 5.14995, 0.969676, 0.0252182, 288.415
9947, 0.00604336, 0.464238, 0.352381, 0, 0, 4.01446e-14, 0, 0, 0.816619, 0.000148978, 0, 5.1088, 0.969682, 0.0252143, 288.381
9948, 0.00646331, 0.464142, 0.351861, 0, 0, 6.1667e-14, 0, 0, 0.816002, 0.000156857, 0, 5.04161, 0.969688, 0.0252071, 288.338
9949, 0.00703783, 0.464098, 0.351161, 0, 0, 1.05298e-13, 0, 0, 0.815259, 0.000169701, 0, 4.95646, 0.969694, 0.0251978, 288.285
9950, 0.00696966, 0.46445, 0.351067, 0, 0, 1.16851e-13, 0, 0, 0.815518, 0.000169746, 0, 4.96619, 0.9697, 0.0251879, 288.303
9951, 0.00597832, 0.465352, 0.351922, 0, 0, 6.85572e-14, 0, 0, 0.817275, 0.000147202, 0, 5.11962, 0.969706, 0.0251779, 288.426
9952, 0.00484761, 0.466509, 0.352875, 0, 0, 2.50528e-14, 0, 0, 0.819383, 0.000119803, 0, 5.32927, 0.969712, 0.0251679, 288.573
9953, 0.00443766, 0.467659, 0.352874, 0, 0, 2.02521e-14, 0, 0, 0.820533, 0.000109199, 0, 5.41763, 0.969718, 0.025158, 288.653
9954, 0.00510047, 0.469074, 0.35141, 0, 0, 4.41822e-14, 0, 0, 0.820483, 0.000124014, 0, 5.27842, 0.969724, 0.025148, 288.649
9955, 0.00586006, 0.471119, 0.349607, 0, 0, 6.6376e-14, 0, 0, 0.820726, 0.000141642, 0, 5.13959, 0.96973, 0.025138, 288.666
9956, 0.00570277, 0.472475, 0.349177, 0, 0, 5.81147e-14, 0, 0, 0.821652, 0.000138463, 0, 5.1668, 0.969736, 0.025128, 288.73
9957, 0.00537885, 0.47152, 0.349801, 0, 0, 4.09524e-14, 0, 0, 0.821321, 0.000131134, 0, 5.22528, 0.969742, 0.0251181, 288.707
9958, 0.00578179, 0.469342, 0.350015, 0, 0, 4.79479e-14, 0, 0, 0.819357, 0.000140116, 0, 5.15304, 0.969748, 0.0251081, 288.57
9959, 0.00643083, 0.468041, 0.349593, 0, 0, 7.2394e-14, 0, 0, 0.817634, 0.000155018, 0, 5.04665, 0.969754, 0.0250982, 288.449
9960, 0.0068432, 0.468504, 0.348778, 0, 0, 1.03233e-13, 0, 0, 0.817281, 0.000164797, 0, 4.9845, 0.96976, 0.0250882, 288.424
9961, 0.00678684, 0.471682, 0.347407, 0, 0, 1.12578e-13, 0, 0, 0.819088, 0.000163038, 0, 4.99277, 0.969766, 0.0250783, 288.55
9962, 0.00582479, 0.478746, 0.345379, 0, 0, 8.01283e-14, 0, 0, 0.824126, 0.000140251, 0, 5.14563, 0.969772, 0.0250683, 288.902
9963, 0.0046334, 0.486549, 0.343236, 0, 0, 4.6694e-14, 0, 0, 0.829785, 0.000113048, 0, 5.37446, 0.969778, 0.0250584, 289.295
9964, 0.00435247, 0.487771, 0.342961, 0, 0, 3.67163e-14, 0, 0, 0.830732, 0.000107108, 0, 5.43701, 0.969784, 0.0250485, 289.36
9965, 0.00507324, 0.481313, 0.344954, 0, 0, 3.96115e-14, 0, 0, 0.826267, 0.000124455, 0, 5.28377, 0.96979, 0.0250385, 289.05
9966, 0.00578167, 0.474012, 0.347263, 0, 0, 4.06138e-14, 0, 0, 0.821274, 0.000141741, 0, 5.15306, 0.969796, 0.0250286, 288.702
9967, 0.00591932, 0.470091, 0.34871, 0, 0, 3.56839e-14, 0, 0, 0.818801, 0.000145559, 0, 5.12953, 0.969802, 0.0250187, 288.529
9968, 0.00591118, 0.468669, 0.349279, 0, 0, 3.15243e-14, 0, 0, 0.817948, 0.000145327, 0, 5.13091, 0.969808, 0.0250088, 288.469
9969, 0.00609086, 0.468102, 0.349261, 0, 0, 3.40899e-14, 0, 0, 0.817363, 0.000149238, 0, 5.10097, 0.969814, 0.0249989, 288.428
9970, 0.00634141, 0.46777, 0.34901, 0, 0, 4.23436e-14, 0, 0, 0.81678, 0.000154912, 0, 5.06065, 0.96982, 0.024989, 288.387
9971, 0.00659542, 0.467556, 0.34869, 0, 0, 6.10397e-14, 0, 0, 0.816246, 0.000159914, 0, 5.02138, 0.969826, 0.0249791, 288.349
9972, 0.00718074, 0.46731, 0.348034, 0, 0, 1.2111e-13, 0, 0, 0.815345, 0.000172307, 0, 4.93635, 0.969832, 0.0249692, 288.286
9973, 0.00787522, 0.467098, 0.347254, 0, 0, 2.12957e-13, 0, 0, 0.814352, 0.000189463, 0, 4.84403, 0.969838, 0.0249593, 288.216
9974, 0.00791349, 0.467209, 0.34709, 0, 0, 2.30767e-13, 0, 0, 0.814299, 0.000192576, 0, 4.83919, 0.969844, 0.0249494, 288.212
9975, 0.00743557, 0.46763, 0.347436, 0, 0, 1.59734e-13, 0, 0, 0.815066, 0.000181734, 0, 4.90148, 0.96985, 0.0249395, 288.265
9976, 0.00688325, 0.468185, 0.347873, 0, 0, 9.92459e-14, 0, 0, 0.816058, 0.000167414, 0, 4.97866, 0.969856, 0.0249297, 288.335
9977, 0.00605058, 0.468839, 0.348591, 0, 0, 6.49486e-14, 0, 0, 0.81743, 0.000146628, 0, 5.1076, 0.969862, 0.0249198, 288.431
9978, 0.0056786, 0.469157, 0.348836, 0, 0, 4.69516e-14, 0, 0, 0.817994, 0.000137293, 0, 5.17105, 0.969868, 0.0249099, 288.47
9979, 0.00626971, 0.468933, 0.348116, 0, 0, 5.31056e-14, 0, 0, 0.81705, 0.000150447, 0, 5.07203, 0.969874, 0.0249001, 288.404
9980, 0.00663346, 0.468771, 0.347609, 0, 0, 5.70194e-14, 0, 0, 0.816381, 0.000158838, 0, 5.01563, 0.96988, 0.0248902, 288.357
9981, 0.00660787, 0.46881, 0.347488, 0, 0, 6.02703e-14, 0, 0, 0.816298, 0.00015875, 0, 5.01949, 0.969886, 0.0248804, 288.351
9982, 0.00696536, 0.468719, 0.347013, 0, 0, 8.91851e-14, 0, 0, 0.815732, 0.000166747, 0, 4.96681, 0.969892, 0.0248705, 288.311
9983, 0.00751306, 0.468575, 0.346347, 0, 0, 1.47917e-13, 0, 0, 0.814923, 0.000179448, 0, 4.89111, 0.969898, 0.0248607, 288.254
9984, 0.00810524, 0.468502, 0.34561, 0, 0, 2.61622e-13, 0, 0, 0.814111, 0.000194764, 0, 4.81524, 0.969904, 0.0248508, 288.196
9985, 0.0085234, 0.468637, 0.34499, 0, 0, 3.69163e-13, 0, 0, 0.813626, 0.000206183, 0, 4.76494, 0.96991, 0.024841, 288.162
9986, 0.00816338, 0.469473, 0.34495, 0, 0, 3.28077e-13, 0, 0, 0.814422, 0.000198188, 0, 4.8081, 0.969916, 0.0248312, 288.218
9987, 0.0074958, 0.471511, 0.344759, 0, 0, 2.13374e-13, 0, 0, 0.81627, 0.00018192, 0, 4.89341, 0.969922, 0.0248214, 288.348
9988, 0.00733123, 0.474067, 0.343806, 0, 0, 1.85639e-13, 0, 0, 0.817873, 0.000176993, 0, 4.91561, 0.969928, 0.0248116, 288.46
9989, 0.00743899, 0.474643, 0.343392, 0, 0, 1.89889e-13, 0, 0, 0.818035, 0.000178482, 0, 4.90102, 0.969934, 0.0248017, 288.471
9990, 0.00716788, 0.473117, 0.344295, 0, 0, 1.39768e-13, 0, 0, 0.817412, 0.000172332, 0, 4.93815, 0.96994, 0.0247919, 288.427
9991, 0.00663484, 0.472001, 0.345339, 0, 0, 7.65039e-14, 0, 0, 0.81734, 0.000160952, 0, 5.01542, 0.969946, 0.0247821, 288.422
9992, 0.00629499, 0.47205, 0.345682, 0, 0, 4.67791e-14, 0, 0, 0.817732, 0.000153171, 0, 5.068, 0.969952, 0.0247722, 288.449
9993, 0.00630056, 0.472879, 0.345274, 0, 0, 4.95005e-14, 0, 0, 0.818154, 0.000152377, 0, 5.06712, 0.969958, 0.0247623, 288.479
9994, 0.00649367, 0.475064, 0.34399, 0, 0, 6.95894e-14, 0, 0, 0.819054, 0.000155822, 0, 5.03693, 0.969964, 0.0247525, 288.542
9995, 0.00618689, 0.480952, 0.341426, 0, 0, 8.07095e-14, 0, 0, 0.822378, 0.00014837, 0, 5.08532, 0.96997, 0.0247429, 288.775
9996, 0.00526143, 0.491716, 0.337065, 0, 0, 8.52848e-14, 0, 0, 0.82878, 0.000126666, 0, 5.24735, 0.969976, 0.0247332, 289.221
9997, 0.00468688, 0.500537, 0.333188, 0, 0, 1.05531e-13, 0, 0, 0.833725, 0.000112599, 0, 5.36299, 0.969982, 0.0247234, 289.565
9998, 0.00517483, 0.497509, 0.334073, 0, 0, 1.27757e-13, 0, 0, 0.831581, 0.00012367, 0, 5.26395, 0.969988, 0.0247137, 289.416
9999, 0.00611001, 0.486378, 0.338519, 0, 0, 1.21685e-13, 0, 0, 0.824897, 0.00014619, 0, 5.09783, 0.969994, 0.0247039, 288.95
10000, 0.00672445, 0.477979, 0.341862, 0, 0, 1.06008e-13, 0, 0, 0.819841, 0.000161762, 0, 5.00201, 0.97, 0.0246942, 288.596
}
